42,16,10,3,12,5,7,0,19,17,13,
28,14,9,2,11,4,6,0,17,16,12,
28,14,9,2,11,4,6,0,17,15,12,
28,13,7,1,10,3,5,0,16,14,11,
31,15,9,2,11,5,7,0,18,16,12,
28,15,9,3,11,5,7,0,18,16,13,
27,15,9,3,11,5,7,0,18,16,13,
27,15,9,3,11,5,7,0,18,16,13,
27,15,9,4,12,5,7,0,18,16,13,
30,15,10,2,11,5,6,0,18,16,12,
28,14,9,2,11,4,6,0,17,16,12,
28,14,9,2,11,4,6,0,17,17,12,
28,14,9,2,11,4,6,0,17,16,12,
31,17,12,3,14,5,9,0,20,19,15,
27,14,9,2,11,4,6,0,17,16,12,
28,14,9,2,11,4,6,0,17,16,12,
28,14,9,2,11,4,6,0,17,16,12,
28,15,9,2,11,4,6,0,18,16,12,
31,14,10,2,11,4,6,0,17,16,12,
30,17,12,2,14,5,6,0,20,18,15,
29,15,9,2,11,4,6,0,18,16,12,
31,15,9,3,11,5,7,0,21,16,13,
28,15,9,2,11,5,6,0,18,16,12,
30,15,9,2,11,5,6,0,20,16,12,
28,15,9,2,11,5,6,0,18,16,12,
28,15,9,3,12,5,7,0,18,16,13,
28,15,9,2,11,5,7,0,18,16,13,
28,15,9,2,11,5,7,0,18,16,13,
28,15,9,2,11,5,6,0,18,16,12,
28,15,9,2,11,5,7,0,18,16,13,
30,16,9,2,11,5,7,0,19,18,13,
27,15,10,3,12,5,7,0,18,16,13,
27,15,9,3,12,5,7,0,18,16,13,
27,15,9,3,12,5,7,0,18,16,13,
28,16,10,3,12,6,7,0,19,17,14,
31,15,9,3,11,5,7,0,21,19,13,
27,14,9,2,11,4,6,0,17,15,12,
27,15,9,3,12,5,7,0,18,16,13,
32,18,11,2,14,7,9,0,21,19,16,
27,14,9,2,11,4,6,0,17,15,12,
28,15,9,2,11,4,6,0,18,16,12,
27,14,9,2,11,4,6,0,17,16,12,
28,15,9,2,11,4,6,0,18,16,13,
28,15,9,2,11,4,6,0,18,16,12,
28,14,9,2,11,5,6,0,17,16,13,
29,14,9,2,11,4,6,0,17,16,12,
28,15,9,2,11,5,7,0,18,16,13,
28,14,9,2,11,5,6,0,17,16,12,
28,15,9,2,11,5,7,0,18,16,13,
28,15,9,2,11,5,6,0,18,16,13,
28,15,9,3,11,5,7,0,18,16,13,
31,14,9,2,11,4,6,0,17,16,12,
28,15,9,3,11,5,7,0,18,16,13,
28,15,9,3,12,5,7,0,18,16,13,
28,14,8,2,10,4,6,0,17,15,12,
30,15,9,3,12,5,7,0,18,16,13,
27,15,9,3,12,5,7,0,18,17,13,
27,15,9,3,12,5,7,0,18,16,13,
27,15,9,3,12,5,7,0,18,17,13,
30,17,11,3,13,5,7,0,20,18,14,
30,15,10,3,12,5,7,0,18,16,13,
27,14,9,2,11,4,6,0,17,15,12,
27,14,9,2,11,4,6,0,17,16,12,
28,14,9,2,11,4,6,0,17,16,12,
31,15,9,4,11,4,6,0,17,16,12,
28,14,9,2,11,4,6,0,18,16,12,
28,14,9,2,11,4,6,0,17,16,12,
28,14,9,2,11,4,6,0,17,16,12,
28,14,9,2,11,4,6,0,17,16,12,
31,17,12,2,14,5,9,0,20,18,15,
28,14,9,2,11,4,6,0,17,16,12,
28,15,9,2,11,5,6,0,18,16,12,
30,17,11,4,13,7,8,0,20,18,14,
28,15,9,2,11,5,6,0,18,16,12,
28,16,9,2,11,5,6,0,18,16,12,
31,17,9,3,14,5,7,0,20,19,15,
28,15,9,2,11,5,7,0,18,16,12,
34,17,12,5,14,7,9,0,23,19,15,
30,17,11,2,14,5,7,0,20,18,15,
28,15,9,2,11,5,7,0,18,16,12,
29,15,9,2,11,5,7,0,18,16,12,
30,15,9,3,11,5,7,0,18,16,13,
27,15,9,3,12,5,7,0,18,16,13,
27,15,9,3,11,5,7,0,18,16,13,
27,15,9,3,11,5,7,0,18,16,13,
27,15,10,3,12,5,7,0,18,16,13,
27,14,9,2,11,4,6,0,17,16,12,
27,15,10,3,12,5,7,0,18,16,13,
27,15,10,3,12,5,7,0,18,16,13,
28,15,10,3,12,5,7,0,18,16,13,
27,14,9,2,11,4,6,0,17,16,12,
31,15,9,2,11,5,6,0,20,19,12,
27,14,9,2,11,4,6,0,17,15,12,
27,14,9,2,11,4,6,0,17,16,12,
32,19,12,2,15,7,9,0,22,20,16,
28,14,9,2,11,4,6,0,17,16,12,
27,14,9,2,11,4,6,0,17,16,12,
28,14,9,2,11,4,6,0,17,16,12,
30,17,9,2,11,4,6,0,20,18,13,
28,15,9,2,11,5,6,0,17,16,12,
28,15,9,2,11,5,6,0,18,16,12,
28,15,9,2,11,5,6,0,18,16,12,
28,15,9,2,11,5,6,0,18,16,12,
28,15,9,2,11,5,7,0,18,16,13,
28,15,9,2,11,5,7,0,18,16,13,
28,15,9,3,11,5,7,0,18,16,13,
28,15,9,3,12,5,7,0,18,16,13,
28,14,9,2,11,4,6,0,17,15,12,
28,16,9,3,12,5,7,0,19,17,14,
27,15,9,3,12,5,7,0,18,16,13,
27,14,9,2,11,4,6,0,17,15,12,
28,15,9,3,12,5,7,0,18,16,13,
27,14,9,2,11,4,6,0,17,16,12,
27,14,9,2,11,4,6,0,17,15,12,
27,14,9,2,11,4,6,0,17,16,12,
28,15,9,3,11,4,6,0,18,16,12,
31,14,9,2,11,4,6,0,17,16,12,
30,14,9,2,11,4,6,0,19,18,12,
28,14,9,2,11,4,6,0,17,16,12,
28,14,9,2,11,4,6,0,17,16,12,
32,17,11,2,14,4,9,0,20,18,15,
28,15,9,2,11,5,6,0,18,16,12,
28,15,9,2,11,5,6,0,18,16,12,
29,15,9,2,11,5,6,0,19,16,12,
28,15,9,2,11,5,7,0,18,16,13,
31,18,15,5,15,8,10,0,21,19,16,
31,18,12,3,14,5,7,0,21,19,15,
30,17,9,2,14,5,7,0,20,18,15,
32,16,11,4,13,6,8,0,22,18,14,
28,15,9,3,11,5,7,0,18,16,13,
30,15,9,3,12,5,7,0,20,16,13,
28,15,9,3,12,5,7,0,18,16,13,
28,15,9,3,11,5,7,0,18,16,13,
30,18,12,3,14,8,10,0,21,19,16,
28,14,9,2,11,4,6,0,17,16,12,
27,15,10,3,12,5,7,0,18,16,13,
27,14,9,2,11,4,6,0,17,16,12,
27,14,9,2,11,4,6,0,17,16,12,
27,14,9,2,11,4,6,0,17,16,12,
27,14,9,2,11,4,6,0,17,16,12,
28,14,9,2,11,4,6,0,17,16,12,
27,14,9,2,11,4,6,0,17,16,12,
30,17,9,2,11,4,6,0,20,19,12,
27,14,9,2,11,4,6,0,17,16,12,
28,14,9,2,11,4,6,0,17,16,12,
33,19,12,2,16,7,9,0,22,21,17,
28,14,9,2,11,5,6,0,17,16,12,
28,15,9,2,11,5,6,0,18,16,12,
28,15,9,2,11,5,6,0,18,16,12,
28,15,9,2,11,5,7,0,18,16,13,
28,15,9,2,11,5,7,0,18,16,12,
28,15,9,2,11,5,7,0,18,16,13,
28,15,9,3,11,5,7,0,18,16,13,
28,15,9,3,11,5,7,0,18,16,13,
28,15,9,3,11,5,7,0,18,16,13,
28,15,9,3,11,5,7,0,18,16,13,
28,15,9,3,12,5,7,0,18,16,13,
28,15,9,3,12,5,7,0,18,16,13,
27,15,10,3,12,5,7,0,18,16,13,
27,15,10,3,12,5,7,0,18,17,13,
27,15,10,3,12,5,7,0,18,17,13,
27,14,9,2,11,4,6,0,17,15,12,
27,14,9,2,11,4,6,0,17,15,12,
27,14,9,2,11,4,6,0,17,16,12,
27,14,9,2,11,4,6,0,17,16,12,
28,14,9,2,11,4,6,0,17,16,12,
28,14,9,3,11,4,6,0,17,16,12,
30,15,9,3,11,5,7,0,18,16,13,
28,14,9,2,11,4,6,0,17,16,12,
28,14,9,2,11,4,6,0,17,16,12,
28,14,9,2,11,4,6,0,17,16,12,
32,17,11,2,13,4,9,0,20,18,15,
28,15,9,2,11,4,6,0,18,16,12,
28,15,9,2,11,5,6,0,18,16,12,
29,15,9,2,11,5,6,0,19,16,12,
28,15,9,2,11,5,7,0,18,16,13,
31,17,15,5,15,7,9,0,20,19,15,
30,17,12,3,14,5,7,0,20,19,15,
28,15,9,3,11,5,7,0,18,16,13,
32,16,11,4,13,6,8,0,22,17,14,
28,15,9,3,12,5,7,0,18,16,13,
30,15,9,3,11,5,7,0,20,16,13,
28,15,10,3,12,5,7,0,18,16,13,
28,15,10,3,12,5,7,0,18,16,13,
30,18,12,3,15,8,10,0,21,19,16,
27,15,10,3,12,5,7,0,18,17,13,
27,14,9,2,11,4,6,0,17,15,12,
27,14,9,2,11,4,6,0,17,16,12,
27,14,9,2,11,4,6,0,17,16,12,
27,14,9,2,11,4,6,0,17,15,12,
27,14,9,2,11,4,6,0,17,16,12,
29,14,9,2,11,4,6,0,17,16,12,
28,14,9,2,11,4,6,0,17,16,12,
27,14,9,2,11,4,6,0,17,16,12,
28,14,9,2,11,4,6,0,17,16,12,
28,14,9,2,11,5,6,0,17,16,12,
35,20,12,2,16,8,9,0,23,21,18,
29,16,11,2,13,5,6,0,19,18,14,
28,14,9,2,11,4,6,0,17,16,12,
28,15,9,2,11,5,6,0,18,16,12,
28,15,9,2,11,5,7,0,18,16,13,
28,15,9,2,11,5,7,0,18,16,13,
28,15,9,3,11,5,7,0,18,16,13,
28,15,9,2,11,5,7,0,18,16,13,
28,15,9,3,11,5,7,0,18,16,13,
28,15,9,3,11,5,7,0,18,16,13,
28,15,9,3,12,5,7,0,18,16,13,
28,15,9,3,11,5,7,0,18,16,13,
28,15,9,3,12,5,7,0,18,16,13,
28,15,9,3,12,5,7,0,18,17,13,
27,15,10,3,12,5,7,0,18,16,13,
27,15,10,3,12,5,7,0,18,17,13,
27,14,9,2,11,4,6,0,17,15,12,
29,15,9,2,11,5,7,0,18,16,13,
34,14,9,24,11,4,6,0,17,16,12,
27,14,9,2,11,4,6,0,17,16,12,
27,15,9,2,11,4,6,0,17,16,12,
30,17,11,2,13,4,9,0,20,18,15,
40,14,30,2,11,4,6,0,17,15,12,
28,15,9,2,11,4,6,0,18,16,12,
28,14,9,2,11,4,6,0,17,15,12,
37,14,9,2,11,26,6,0,17,15,12,
33,17,11,2,13,4,6,0,20,18,15,
30,16,11,2,13,5,6,0,19,18,14,
28,14,9,2,11,4,6,0,17,16,12,
31,14,9,2,11,5,6,0,18,16,12,
30,15,9,3,11,5,7,0,18,16,13,
28,15,9,2,11,5,6,0,18,18,12,
28,15,9,2,11,5,7,0,18,16,12,
28,15,9,2,11,5,7,0,18,16,13,
31,18,12,5,14,8,10,0,21,19,16,
28,15,9,2,11,5,7,0,18,16,13,
28,15,9,3,11,5,7,0,18,16,13,
28,15,9,3,12,5,7,0,18,16,13,
43,15,9,3,34,5,7,0,18,16,13,
29,15,9,3,11,5,7,0,20,18,13,
29,17,11,3,14,7,9,0,20,18,15,
27,15,9,3,11,5,7,0,18,16,13,
27,15,9,3,12,5,7,0,18,16,13,
30,17,9,2,11,5,6,0,20,19,12,
39,14,9,2,11,4,29,0,17,15,12,
46,36,9,2,11,4,6,0,17,15,12,
34,19,11,2,16,7,9,0,22,20,17,
27,14,9,2,11,4,6,0,17,15,12,
27,14,9,2,11,4,6,0,17,15,12,
29,15,10,3,12,5,7,0,19,17,13,
27,14,9,2,11,4,6,0,17,16,12,
27,14,9,2,11,4,6,0,17,15,12,
28,14,9,2,11,5,6,0,17,16,12,
28,14,9,2,11,5,6,0,17,16,12,
30,14,9,2,11,5,7,0,17,16,12,
28,14,9,2,11,5,6,0,17,16,12,
28,14,9,2,11,5,6,0,17,16,12,
30,15,9,2,11,5,6,0,19,16,12,
28,15,9,2,11,5,7,0,18,16,12,
28,15,9,3,11,5,7,0,18,16,13,
28,15,9,3,11,5,7,0,18,16,13,
28,15,9,3,11,5,7,0,18,16,13,
28,15,9,3,11,5,7,0,18,16,13,
27,15,9,3,11,5,7,0,18,16,13,
27,15,9,3,11,5,7,0,18,16,13,
27,15,9,3,11,5,7,0,18,16,13,
27,15,9,3,11,5,7,0,18,16,13,
28,15,9,3,11,5,7,0,18,16,13,
30,15,9,3,11,5,7,0,18,16,13,
27,14,9,2,11,4,6,0,17,15,12,
27,14,9,2,11,4,6,0,17,15,12,
27,14,9,2,11,4,6,0,17,15,12,
30,17,12,2,14,5,9,0,20,18,15,
27,14,9,2,11,4,6,0,17,16,12,
27,14,9,2,11,4,6,0,17,15,12,
29,14,9,2,11,5,6,0,18,16,12,
27,14,9,2,11,5,6,0,17,16,12,
34,17,12,2,14,5,6,0,20,19,15,
54,17,12,2,14,5,6,0,42,18,15,
28,14,9,2,11,5,6,0,17,16,12,
28,15,9,2,11,5,7,0,18,16,13,
28,14,9,2,11,5,6,0,17,16,12,
29,15,9,3,11,5,7,0,19,19,13,
28,15,9,2,11,5,7,0,18,16,12,
28,15,9,2,11,5,7,0,18,16,12,
30,17,12,2,14,7,9,0,20,18,15,
28,15,9,3,11,5,7,0,18,16,13,
28,15,9,3,11,5,7,0,18,16,13,
28,15,9,3,11,5,7,0,18,16,13,
27,15,9,3,11,5,7,0,18,17,13,
27,15,9,3,11,5,7,0,18,16,13,
27,15,9,3,11,5,7,0,18,16,13,
29,16,11,2,13,4,6,0,19,17,14,
27,14,8,2,11,4,6,0,17,15,12,
27,14,9,2,11,4,6,0,17,15,12,
27,14,9,2,11,4,6,0,17,15,12,
27,14,9,2,11,4,6,0,17,15,12,
34,20,12,2,16,7,9,0,23,21,18,
27,14,9,2,11,4,6,0,17,15,12,
27,14,9,2,11,4,6,0,17,15,12,
27,14,9,2,11,4,6,0,17,16,12,
27,14,9,2,11,4,6,0,17,16,12,
28,14,9,2,11,5,6,0,17,16,12,
28,14,9,2,11,5,6,0,17,16,12,
30,17,9,2,13,5,7,0,20,18,14,
27,14,9,2,11,4,6,0,17,16,12,
28,15,9,2,11,5,7,0,18,16,13,
28,14,9,2,11,5,6,0,17,16,12,
28,15,9,2,11,5,7,0,18,16,12,
28,15,9,2,11,5,7,0,18,16,13,
29,14,9,2,11,5,6,0,17,16,12,
28,15,9,2,11,5,7,0,18,16,13,
30,17,9,2,11,5,7,0,20,18,13,
28,13,7,0,9,3,5,0,16,14,11,
31,15,9,2,11,5,6,0,18,16,12,
27,15,9,3,11,5,7,0,18,16,13,
27,15,9,3,11,5,7,0,18,16,13,
27,15,9,3,11,5,7,0,18,16,13,
30,17,12,2,14,5,9,0,20,18,15,
27,15,9,3,12,5,7,0,18,16,13,
27,14,9,2,11,4,6,0,17,15,12,
29,14,9,2,11,4,6,0,18,15,12,
27,14,9,2,11,4,6,0,17,15,12,
32,16,11,2,11,4,6,0,19,17,12,
30,17,11,2,13,4,6,0,20,18,15,
28,14,9,2,11,4,6,0,17,16,12,
28,14,9,2,11,5,6,0,17,16,12,
28,14,9,2,11,4,6,0,17,16,12,
28,15,9,2,11,5,7,0,18,18,12,
28,15,9,2,11,5,6,0,18,16,12,
28,15,9,2,11,5,7,0,18,16,13,
32,17,12,2,14,7,9,0,22,18,15,
28,15,9,2,11,5,7,0,18,16,12,
28,15,9,2,11,5,6,0,18,16,12,
28,15,9,2,11,5,7,0,18,16,13,
28,15,9,3,11,5,7,0,18,16,13,
28,15,9,2,11,5,7,0,18,16,13,
28,15,9,2,11,5,7,0,18,16,13,
30,16,9,2,12,5,7,0,19,17,14,
28,15,9,3,11,5,7,0,18,16,13,
27,15,9,3,11,5,7,0,18,16,13,
27,15,9,3,11,5,7,0,18,16,13,
27,15,9,3,12,5,7,0,18,16,13,
35,19,11,2,16,4,9,0,22,21,17,
27,14,9,2,11,4,6,0,17,15,12,
27,14,9,2,11,4,6,0,17,15,12,
48,14,9,2,11,4,6,0,17,37,12,
44,14,9,2,11,4,6,0,17,16,34,
27,14,9,2,11,4,6,0,17,16,12,
27,14,9,2,11,4,6,0,17,15,12,
27,14,9,2,11,4,6,0,17,16,12,
27,14,9,2,11,4,6,0,17,15,12,
27,14,9,2,11,4,6,0,17,15,12,
28,14,9,2,11,5,6,0,17,16,12,
28,14,9,2,11,5,6,0,17,16,12,
28,14,9,4,11,4,6,0,17,16,12,
30,14,9,2,11,4,6,0,17,15,12,
28,15,9,2,11,5,6,0,18,16,12,
28,15,9,2,11,5,7,0,18,16,12,
28,12,7,0,9,3,4,0,15,14,10,
31,14,9,2,11,5,6,0,17,16,12,
28,15,9,2,11,5,7,0,18,16,12,
40,14,9,2,11,4,6,0,17,15,12,
32,12,6,0,8,2,4,19,15,13,10,
29,14,9,2,11,5,6,0,17,16,12,
29,14,9,2,11,4,6,0,17,15,12,
27,15,9,3,11,5,7,0,18,16,13,
27,15,9,3,11,5,7,0,18,16,13,
27,15,9,3,11,5,7,0,18,16,13,
27,13,7,1,10,3,5,0,16,14,11,
30,15,9,3,11,5,7,0,18,16,13,
27,14,9,2,11,4,6,0,17,15,12,
27,14,9,2,11,4,6,0,17,15,12,
27,14,9,2,11,4,6,0,17,15,12,
30,15,9,4,12,5,7,0,18,16,13,
30,14,9,2,11,4,6,0,17,16,12,
27,14,9,2,11,4,6,0,17,15,12,
27,14,9,2,11,4,6,0,17,16,12,
27,14,9,2,11,5,6,0,17,16,12,
30,17,12,2,14,5,9,0,20,18,15,
28,14,9,2,11,5,7,0,17,16,12,
28,14,9,2,11,5,6,0,17,16,13,
29,14,9,2,11,5,6,0,19,16,12,
28,15,9,2,11,5,7,0,18,16,12,
28,16,9,2,11,5,7,0,18,16,13,
28,14,9,2,11,5,6,0,17,16,12,
28,15,9,2,11,5,7,0,18,16,12,
30,17,12,2,14,7,9,0,20,18,15,
28,15,9,2,11,5,7,0,18,16,13,
41,15,11,3,11,5,7,0,18,16,13,
28,15,9,3,11,5,7,0,18,16,13,
27,15,9,3,11,5,7,0,18,16,13,
27,15,9,3,11,5,7,0,18,16,13,
27,13,7,1,9,3,5,0,16,14,11,
27,15,9,3,12,5,7,0,18,16,13,
27,14,9,2,11,4,6,0,17,15,12,
30,17,8,2,11,4,6,0,20,18,12,
27,15,9,3,11,5,7,0,18,16,13,
27,15,9,3,12,5,7,0,18,16,13,
30,16,9,2,12,5,6,0,19,17,13,
27,14,9,2,11,4,6,0,17,15,12,
27,14,9,2,11,4,6,0,17,16,12,
27,14,9,2,11,4,6,0,17,15,12,
27,14,9,2,11,4,6,0,17,15,12,
35,20,11,2,16,4,9,0,23,21,17,
27,14,9,2,11,4,6,0,17,15,12,
27,14,9,2,11,4,6,0,17,16,12,
27,14,9,2,11,4,6,0,17,16,12,
28,14,9,2,11,5,6,0,17,16,12,
28,14,9,2,11,5,6,0,17,16,12,
28,15,9,2,11,5,7,0,18,16,13,
27,14,9,2,11,4,6,0,17,16,12,
31,16,11,2,13,4,8,0,19,17,14,
28,14,9,2,11,5,7,0,17,16,12,
28,15,9,2,11,5,7,0,18,16,13,
28,15,9,3,11,5,7,0,18,16,13,
30,14,9,2,11,5,6,0,17,16,13,
27,15,9,3,11,5,7,0,18,16,13,
27,15,9,3,11,5,7,0,18,16,13,
27,14,8,2,11,4,6,0,17,15,12,
27,12,7,0,9,2,4,0,15,13,10,
30,15,9,3,11,5,7,0,18,16,13,
27,14,9,2,11,4,7,0,17,15,12,
27,14,9,2,11,4,6,0,17,15,12,
27,14,9,2,11,4,6,0,17,15,12,
30,17,11,2,13,4,9,0,20,18,15,
27,14,9,2,11,4,6,0,17,15,12,
27,14,9,2,11,4,6,0,17,15,12,
28,14,9,2,11,4,6,0,18,16,12,
27,14,9,2,11,4,6,0,17,16,12,
30,14,11,2,11,4,6,0,17,16,12,
30,17,9,2,14,4,6,0,20,18,15,
28,14,9,2,11,5,6,0,17,16,12,
30,17,12,5,14,7,9,0,20,18,15,
27,14,9,2,11,5,6,0,17,16,12,
27,14,9,2,11,4,6,0,17,16,12,
28,15,9,2,11,5,6,0,18,16,12,
28,15,9,2,11,5,6,0,18,16,12,
30,14,9,2,11,5,6,0,17,16,12,
28,15,9,2,11,5,7,0,18,16,13,
28,15,9,3,11,5,7,0,18,16,13,
27,15,9,3,11,5,7,0,18,16,13,
30,18,9,3,12,5,7,0,21,19,13,
27,15,9,3,12,5,7,0,18,16,13,
27,15,9,3,11,5,7,0,18,16,13,
30,16,10,3,13,5,7,0,19,18,14,
27,14,8,2,11,4,6,0,17,15,12,
27,15,9,3,11,5,7,0,18,16,13,
27,14,9,2,11,4,6,0,17,15,12,
27,14,9,2,11,4,6,0,17,15,12,
35,20,12,2,19,7,9,0,23,21,19,
27,14,9,2,11,4,6,0,17,15,12,
27,14,9,2,11,4,6,0,17,15,12,
27,14,9,2,11,4,6,0,17,15,12,
27,14,9,2,11,4,6,0,17,15,12,
27,14,9,2,11,4,6,0,17,16,12,
27,14,9,2,11,4,6,0,17,15,12,
27,14,9,2,11,4,6,0,17,15,12,
30,15,9,3,11,5,7,0,18,16,13,
27,14,9,2,11,4,6,0,17,16,12,
27,14,9,2,11,4,6,0,17,16,12,
27,12,7,0,9,2,4,0,15,14,10,
30,14,9,2,11,4,6,0,17,16,12,
27,14,9,2,11,4,6,0,17,16,12,
28,14,9,2,11,5,6,0,17,16,12,
28,15,9,2,11,5,7,0,18,16,12,
31,14,9,4,11,5,6,0,17,16,12,
27,15,9,3,11,5,7,0,18,16,13,
27,15,9,3,11,5,7,0,18,16,13,
27,15,9,3,12,5,7,0,18,16,13,
27,15,9,3,11,5,7,0,18,16,13,
30,18,12,3,14,5,10,0,21,19,16,
27,15,9,3,11,5,7,0,18,16,13,
27,15,9,3,11,5,7,0,18,16,13,
28,15,9,3,12,5,7,0,19,16,13,
27,14,9,2,11,4,6,0,17,15,12,
33,18,12,3,14,5,7,0,21,19,16,
30,17,11,2,13,4,6,0,20,18,15,
27,14,9,2,11,4,6,0,17,16,12,
30,17,11,5,13,7,9,0,20,18,15,
27,14,9,2,11,4,6,0,17,15,12,
27,14,9,2,11,4,6,0,17,16,12,
27,14,9,2,11,4,6,0,17,16,12,
28,15,9,2,11,4,6,0,18,16,12,
27,14,9,2,11,4,6,0,17,16,12,
27,14,9,2,11,5,6,0,17,16,12,
28,14,9,2,11,5,6,0,17,16,12,
28,14,9,2,11,5,6,0,17,16,12,
30,14,9,2,11,5,6,0,20,16,12,
28,14,9,2,11,5,6,0,17,16,12,
28,15,9,2,11,5,6,0,17,16,12,
33,18,12,2,15,7,9,0,21,19,16,
27,15,9,2,11,5,7,0,18,16,13,
27,15,9,3,11,5,7,0,18,16,13,
27,15,9,3,11,5,7,0,18,16,13,
27,15,10,3,12,5,7,0,18,16,13,
37,22,14,5,19,7,12,0,25,23,20,
27,15,9,3,11,5,7,0,18,16,13,
27,15,9,3,12,5,7,0,18,16,13,
27,15,9,3,12,5,7,0,18,16,13,
27,14,9,2,11,4,6,0,17,15,12,
27,15,9,3,12,5,7,0,18,16,13,
29,16,9,2,13,4,6,0,19,17,14,
27,14,9,2,11,4,6,0,17,15,12,
30,14,9,2,11,5,6,0,17,16,12,
27,14,9,2,11,4,6,0,17,15,12,
27,14,9,2,11,4,6,0,17,15,12,
27,12,6,0,8,2,4,0,15,13,10,
30,14,9,2,11,4,6,0,17,15,12,
27,14,9,2,11,4,6,0,17,15,12,
27,14,9,2,11,4,6,0,17,15,12,
27,14,9,2,11,4,6,0,17,16,12,
31,18,12,3,14,5,10,0,21,19,16,
28,14,9,2,11,5,6,0,17,16,12,
28,15,9,2,11,5,6,0,17,16,12,
29,15,9,2,11,5,7,0,18,16,12,
28,15,9,3,11,5,7,0,18,16,13,
30,14,11,2,11,5,6,0,17,16,12,
30,17,12,2,14,5,7,0,20,19,16,
27,15,9,3,11,5,7,0,18,16,13,
27,15,9,3,11,5,7,0,18,16,13,
27,15,9,3,11,5,7,0,18,16,13,
28,15,9,3,11,5,7,0,19,19,13,
29,17,9,3,11,5,7,0,20,18,13,
27,15,9,3,12,5,7,0,18,16,13,
30,17,12,3,14,8,9,0,20,19,15,
27,14,9,2,11,4,6,0,17,16,12,
27,14,8,2,11,4,6,0,17,15,12,
27,14,9,2,11,4,6,0,17,15,12,
30,17,9,2,11,4,6,0,20,18,12,
27,14,9,2,11,4,6,0,17,15,12,
27,14,9,2,11,4,6,0,17,15,12,
33,18,11,2,14,7,9,0,21,19,16,
27,14,9,2,11,4,6,0,17,16,12,
27,14,9,2,11,4,6,0,17,15,12,
27,14,9,2,11,4,6,0,17,16,12,
27,14,9,2,11,4,6,0,17,16,12,
27,14,9,2,11,5,6,0,17,16,12,
27,14,9,2,11,5,6,0,17,16,12,
28,15,9,2,11,5,7,0,18,16,12,
28,15,9,2,11,5,7,0,18,16,12,
28,15,9,2,11,5,7,0,18,16,13,
27,15,9,2,11,5,7,0,18,16,13,
27,15,9,2,11,5,7,0,18,16,13,
27,15,9,3,11,5,7,0,18,16,13,
27,15,9,3,11,5,7,0,18,16,13,
27,15,9,4,11,5,7,0,18,16,13,
27,15,9,3,12,5,7,0,18,16,13,
27,14,9,2,11,4,6,0,17,15,12,
28,14,9,2,11,4,6,0,17,16,12,
27,15,9,3,12,5,7,0,18,16,13,
27,14,9,2,11,4,6,0,17,15,12,
27,14,9,2,11,4,6,0,17,15,12,
30,17,11,2,13,4,9,0,20,18,15,
27,14,9,2,11,4,6,0,17,15,12,
27,14,9,2,11,4,6,0,17,15,12,
31,14,9,2,11,4,6,0,18,15,12,
27,14,9,2,11,4,6,0,17,16,12,
30,17,11,5,16,7,9,0,20,18,16,
30,17,9,2,13,4,6,0,20,18,15,
27,14,9,2,11,5,6,0,17,16,12,
30,17,11,5,13,7,9,0,20,18,15,
28,14,9,2,11,5,6,0,17,16,12,
27,14,9,2,11,5,6,0,17,16,12,
28,14,9,2,11,5,6,0,17,16,12,
30,15,9,2,11,5,6,0,18,16,12,
28,14,9,2,11,5,7,0,18,16,13,
28,15,9,2,11,5,7,0,18,16,12,
28,15,9,2,11,5,7,0,18,16,12,
27,15,9,3,11,5,7,0,18,16,13,
28,16,9,3,11,5,7,0,19,17,13,
29,14,9,2,11,4,6,0,17,15,12,
29,15,9,3,11,5,7,0,18,16,13,
28,16,9,3,12,5,7,0,19,17,14,
27,15,9,3,12,5,7,0,18,16,13,
27,15,9,3,11,5,7,0,18,16,13,
27,14,9,2,11,4,6,0,17,15,12,
50,15,9,2,11,5,6,0,18,16,12,
27,15,9,3,12,5,7,0,18,16,13,
29,15,9,3,11,5,7,0,18,16,13,
27,15,9,3,11,5,7,0,18,16,13,
27,15,9,3,11,5,7,0,18,16,13,
28,14,9,2,11,4,6,0,18,15,12,
27,14,9,2,11,4,6,0,17,15,12,
27,14,9,2,11,4,6,0,17,15,12,
27,14,9,2,11,4,6,0,17,15,12,
29,14,9,2,11,4,6,0,17,16,12,
27,14,9,2,11,4,6,0,17,16,12,
27,14,9,2,11,4,6,0,17,15,12,
28,14,9,2,11,4,6,0,17,16,12,
30,15,9,3,11,5,7,0,18,16,13,
27,14,9,2,11,5,6,0,17,16,12,
28,14,9,2,11,5,6,0,17,16,12,
28,15,9,2,11,5,7,0,18,16,12,
27,11,6,0,8,1,3,0,14,12,9,
29,14,9,2,11,4,6,0,17,15,12,
27,14,9,2,11,5,7,0,18,16,12,
27,15,9,2,11,5,7,0,18,16,13,
27,15,9,3,11,5,7,0,18,16,13,
32,17,12,2,14,5,9,0,20,19,15,
29,17,11,3,13,5,7,0,20,18,15,
27,15,9,3,11,5,7,0,18,16,13,
28,16,10,4,12,6,8,0,19,17,14,
27,15,9,3,11,5,7,0,18,16,13,
27,15,9,3,12,5,7,0,18,16,13,
27,14,8,2,11,4,6,0,17,15,12,
29,14,9,2,11,4,6,0,17,15,12,
27,14,9,2,11,4,6,0,17,15,12,
27,14,9,2,11,4,6,0,17,15,12,
27,14,9,2,11,4,6,0,17,15,12,
27,14,9,2,11,4,6,0,17,16,12,
29,16,11,4,13,6,8,0,19,17,14,
27,14,9,2,11,4,6,0,17,16,12,
27,14,9,2,11,4,6,0,17,16,12,
27,14,9,2,11,4,6,0,17,16,12,
28,14,9,2,11,4,6,0,17,16,12,
31,14,9,2,11,5,6,0,21,19,12,
29,16,11,2,13,5,6,0,19,18,14,
28,14,9,2,11,5,6,0,18,16,12,
33,20,12,2,16,8,9,0,23,21,18,
27,14,9,2,11,5,6,0,17,16,12,
27,15,9,2,11,5,6,0,18,16,12,
27,14,9,2,11,5,6,0,17,16,12,
27,15,9,2,11,5,7,0,18,16,13,
27,15,9,2,11,5,7,0,18,16,13,
27,15,9,3,11,5,7,0,18,16,13,
27,15,9,3,11,5,7,0,18,16,13,
29,14,9,2,11,4,6,0,17,15,12,
27,15,9,3,11,5,7,0,18,16,13,
27,14,8,2,11,4,6,0,17,15,12,
27,13,8,1,10,3,5,0,16,14,11,
29,14,9,2,11,4,6,0,17,16,12,
27,14,9,2,11,4,6,0,17,15,12,
27,14,9,2,11,4,6,0,17,16,12,
27,14,9,2,11,4,6,0,17,15,12,
27,11,6,0,8,1,3,0,14,12,9,
30,15,9,3,11,5,7,0,18,16,13,
27,14,9,2,11,4,6,0,17,16,12,
29,16,9,2,11,4,6,0,19,17,12,
28,14,9,2,11,4,6,0,17,16,12,
30,17,12,2,14,8,9,0,20,18,15,
28,14,9,2,11,5,6,0,17,16,12,
28,14,9,2,11,5,6,0,17,16,12,
28,15,9,2,11,5,6,0,18,16,12,
28,14,9,2,11,5,6,0,17,16,12,
30,17,12,5,16,7,9,0,20,18,16,
29,17,9,2,14,5,6,0,20,19,15,
27,15,9,2,11,5,7,0,18,16,13,
29,17,12,6,14,7,9,0,20,19,15,
27,14,9,2,11,4,6,0,17,15,12,
27,15,9,3,11,5,7,0,18,16,13,
27,15,9,3,11,5,7,0,18,16,13,
28,16,9,3,11,5,7,0,19,18,13,
27,15,9,3,11,5,7,0,18,16,13,
27,15,9,3,11,5,7,0,18,16,13,
27,14,9,2,11,4,6,0,17,15,12,
27,14,9,2,11,4,6,0,17,15,12,
30,14,9,2,11,4,6,0,20,19,12,
27,14,9,2,11,4,6,0,17,15,12,
27,14,9,2,11,4,6,0,17,16,12,
32,19,11,2,15,6,8,0,22,20,17,
27,14,9,3,11,4,6,0,17,16,12,
27,14,9,2,11,4,6,0,17,16,12,
27,14,9,2,11,4,6,0,17,16,12,
27,14,9,2,11,4,6,0,17,16,12,
27,14,9,2,11,5,6,0,17,16,12,
27,14,9,2,11,5,6,0,17,16,12,
28,14,9,2,11,5,6,0,17,16,12,
28,14,9,2,11,5,6,0,17,16,12,
28,14,9,2,11,5,7,0,17,16,12,
27,14,9,2,11,5,6,0,17,16,12,
27,14,9,2,11,4,6,0,17,15,12,
27,15,9,2,11,5,7,0,18,16,12,
27,15,9,2,11,5,7,0,18,16,12,
27,15,9,2,11,5,7,0,18,16,13,
27,15,9,3,11,5,7,0,18,16,13,
27,15,9,3,11,5,7,0,18,16,12,
27,15,9,3,11,5,7,0,18,16,13,
27,14,9,2,11,4,6,0,17,15,12,
27,15,9,3,12,5,7,0,18,16,13,
27,14,9,2,12,4,6,0,17,15,12,
30,17,12,2,14,4,9,0,20,18,15,
27,14,9,2,11,4,6,0,17,15,12,
27,14,9,2,11,4,6,0,17,16,12,
28,14,9,2,11,4,6,0,18,16,12,
27,14,9,2,11,4,6,0,17,15,12,
30,14,10,2,11,4,6,0,17,15,12,
30,17,11,2,13,4,6,0,20,18,15,
27,14,9,2,11,4,6,0,17,16,12,
27,14,9,2,11,4,6,0,17,16,12,
29,16,11,4,13,6,8,0,19,17,14,
30,14,9,2,11,5,6,0,20,16,12,
28,14,9,2,11,4,6,0,18,16,12,
27,14,9,2,11,4,6,0,17,16,12,
27,14,9,2,11,5,6,0,17,16,12,
28,14,9,2,11,5,6,0,17,16,12,
28,15,9,2,11,5,6,0,18,16,12,
27,15,9,2,11,5,7,0,18,16,13,
27,15,9,2,11,5,7,0,18,16,13,
27,15,9,2,11,5,7,0,18,16,12,
27,15,9,3,11,5,7,0,18,16,13,
34,20,12,3,17,8,9,0,23,22,18,
27,15,9,3,11,5,7,0,18,16,13,
27,15,9,3,11,5,7,0,18,16,13,
27,15,10,3,12,5,7,0,18,16,13,
27,14,9,2,11,4,6,0,17,15,12,
27,14,9,2,11,4,6,0,17,15,12,
27,14,9,2,11,4,6,0,17,16,12,
27,14,9,2,11,4,6,0,17,15,12,
27,14,9,2,11,4,6,0,17,15,12,
27,14,9,2,11,4,6,0,17,15,12,
27,14,9,2,11,4,6,0,17,15,12,
27,14,9,2,11,4,6,0,17,15,12,
29,14,8,2,11,4,6,0,17,15,12,
28,15,9,3,12,5,7,0,18,16,13,
27,14,9,2,11,4,6,0,17,16,12,
29,14,9,2,11,4,6,0,17,16,12,
27,12,7,0,9,3,4,0,15,14,10,
30,14,9,2,11,4,6,0,17,15,12,
27,14,9,2,11,4,6,0,17,16,12,
27,14,9,2,11,4,6,0,17,16,12,
28,14,9,2,11,5,6,0,17,16,12,
32,17,11,2,13,4,9,0,20,18,15,
29,17,12,2,14,5,7,0,20,19,15,
27,14,9,2,11,5,7,0,17,16,12,
30,15,9,3,12,5,7,0,21,16,13,
29,17,11,5,13,7,9,0,20,18,15,
27,15,9,3,11,5,7,0,18,18,13,
27,15,9,3,11,5,7,0,18,16,13,
27,15,9,3,11,5,7,0,18,16,13,
30,18,12,6,14,8,10,0,21,19,16,
27,15,9,3,12,5,7,0,18,16,13,
29,16,11,2,13,4,6,0,19,17,14,
27,14,8,2,11,4,6,0,17,15,12,
27,14,9,2,11,4,6,0,17,15,12,
27,14,9,2,11,4,6,0,17,15,12,
27,14,9,2,11,4,6,0,17,15,12,
27,14,9,2,11,4,6,0,17,16,12,
27,14,9,2,11,4,6,0,17,16,12,
30,17,9,2,11,4,6,0,20,18,12,
27,14,9,2,11,4,6,0,17,15,12,
27,14,9,2,11,4,6,0,17,15,12,
33,19,11,2,16,7,9,0,22,20,17,
27,14,9,2,11,4,6,0,17,16,12,
33,20,9,2,15,4,6,0,23,22,18,
28,14,9,2,11,5,6,0,18,16,12,
28,15,9,2,11,5,7,0,18,16,12,
27,15,9,2,11,5,7,0,18,16,12,
27,15,9,2,11,5,7,0,17,16,12,
27,15,9,2,11,5,7,0,18,16,13,
27,14,8,2,10,4,6,0,17,15,12,
27,15,9,3,11,5,7,0,18,16,13,
27,15,9,3,11,5,7,0,18,16,13,
29,15,9,3,11,5,7,0,20,18,13,
27,15,9,3,12,5,7,0,18,16,13,
29,14,9,2,11,4,6,0,17,16,12,
27,15,9,3,12,5,7,0,18,16,13,
27,14,9,2,11,4,6,0,17,15,12,
27,13,8,1,10,3,5,0,16,14,11,
30,15,9,3,11,5,7,0,18,16,13,
27,14,9,2,11,4,6,0,17,15,12,
27,14,9,2,11,4,6,0,17,15,12,
27,14,9,2,11,4,6,0,17,15,12,
30,17,11,2,14,4,9,0,20,18,15,
27,14,9,2,11,4,6,0,17,16,12,
27,14,9,2,11,4,6,0,17,16,12,
30,14,9,2,11,4,6,0,20,16,12,
27,14,9,2,11,5,6,0,17,16,12,
27,16,9,2,11,4,6,0,17,16,12,
30,17,9,2,14,5,6,0,20,18,15,
28,15,9,2,11,5,6,0,18,16,12,
30,17,12,5,14,7,9,0,20,18,15,
27,15,9,2,11,5,7,0,17,16,12,
27,15,9,2,11,5,7,0,18,16,13,
27,15,9,3,11,5,7,0,18,16,13,
29,15,9,3,11,5,7,0,18,16,13,
27,15,9,3,11,5,7,0,18,16,13,
27,15,9,3,11,5,7,0,18,16,13,
27,15,9,3,11,5,7,0,18,16,13,
27,14,9,2,11,4,6,0,17,15,12,
28,16,9,3,11,5,7,0,19,17,13,
27,15,9,3,12,5,7,0,18,16,13,
27,14,9,2,11,4,6,0,17,16,12,
27,14,9,2,11,4,6,0,17,15,12,
27,14,9,2,11,4,6,0,17,15,12,
30,14,9,2,11,4,6,0,20,18,12,
27,14,9,2,11,4,6,0,17,15,12,
27,14,9,2,11,4,6,0,17,16,12,
35,20,12,2,17,7,9,0,23,21,18,
27,14,9,2,11,4,6,0,17,16,12,
27,14,9,2,11,4,6,0,17,16,12,
27,14,9,2,11,4,6,0,17,16,12,
27,14,9,2,11,4,6,0,17,16,12,
27,14,9,2,11,4,6,0,17,16,12,
27,14,9,2,11,5,6,0,17,16,12,
27,14,9,2,11,5,6,0,17,16,14,
30,14,9,2,11,5,7,0,18,16,12,
27,14,9,2,11,5,6,0,18,16,12,
27,15,9,2,11,5,7,0,18,16,12,
27,14,8,2,10,4,6,0,17,15,12,
33,15,9,3,11,5,7,0,18,16,13,
27,15,9,3,11,5,7,0,18,16,13,
27,15,9,3,11,5,7,0,18,16,13,
27,15,9,3,11,5,7,0,18,16,13,
27,15,9,3,11,5,7,0,18,16,13,
28,14,9,2,11,4,6,0,17,15,12,
27,15,9,3,12,5,7,0,18,16,13,
27,15,9,3,12,5,7,0,18,16,13,
27,14,9,2,11,4,6,0,17,15,12,
27,14,9,3,11,4,6,0,17,16,12,
27,14,9,2,11,4,6,0,17,15,12,
27,14,9,2,11,4,6,0,17,15,12,
27,14,9,2,11,4,6,0,17,16,12,
27,14,9,2,11,4,6,0,17,16,12,
35,19,13,2,15,4,11,0,22,20,17,
30,17,11,2,13,4,6,0,20,18,15,
27,14,9,2,11,4,6,0,17,16,12,
30,14,9,2,11,5,6,0,17,16,12,
29,15,9,2,11,4,6,0,18,16,12,
28,14,9,2,11,5,7,0,18,18,12,
29,14,8,2,11,4,6,0,17,15,12,
28,14,9,2,11,5,6,0,17,16,12,
29,17,12,5,14,8,9,0,20,19,15,
27,15,9,3,11,5,7,0,18,16,13,
29,17,11,5,13,7,9,0,20,18,15,
27,15,9,3,11,5,7,0,18,16,13,
27,15,9,3,11,5,7,0,18,16,13,
27,15,9,3,11,5,7,0,18,16,13,
27,15,10,3,12,5,7,0,18,16,13,
27,14,8,2,11,4,6,0,17,15,12,
27,14,9,2,11,4,6,0,17,15,12,
30,17,9,2,11,4,6,0,20,18,12,
27,14,9,2,11,4,6,0,17,15,12,
27,14,9,2,11,4,6,0,17,17,12,
30,17,9,2,14,5,6,0,20,18,15,
27,14,9,2,11,4,6,0,17,15,12,
27,14,9,2,11,4,6,0,17,15,12,
27,14,9,2,11,4,6,0,17,15,12,
27,14,9,2,11,4,6,0,17,15,12,
27,14,9,2,11,4,6,0,17,15,12,
27,14,9,2,11,4,6,0,17,16,12,
27,14,9,2,11,4,6,0,17,16,12,
28,15,9,3,11,5,7,0,18,16,13,
27,14,9,2,11,5,6,0,17,16,12,
28,15,9,2,11,5,6,0,18,16,12,
27,14,9,2,11,4,6,0,17,16,12,
28,15,9,3,12,5,7,0,18,16,13,
29,15,9,2,11,5,6,0,18,16,12,
27,15,9,2,11,5,7,0,18,16,12,
27,15,9,2,11,5,7,0,18,16,13,
29,12,6,0,8,2,4,0,17,13,10,
29,14,9,2,11,4,6,0,17,16,12,
27,15,9,3,11,5,7,0,18,16,13,
27,15,9,3,11,5,7,0,18,16,13,
27,15,9,3,11,5,7,0,18,16,13,
30,15,9,5,12,5,7,0,18,16,13,
27,15,9,3,11,5,7,0,18,16,13,
27,15,9,3,12,5,7,0,18,16,13,
27,15,9,3,12,5,7,0,18,16,13,
27,14,9,2,11,4,6,0,17,15,12,
33,17,11,2,13,4,6,0,20,18,15,
30,17,12,2,13,4,6,0,20,18,15,
27,14,9,2,11,4,6,0,17,15,12,
30,17,11,5,13,7,9,0,20,18,15,
27,14,9,2,11,4,6,0,17,15,12,
27,14,9,2,11,4,6,0,17,16,12,
28,15,9,2,11,4,6,0,18,16,12,
30,14,9,2,11,4,6,0,18,16,12,
28,15,9,2,11,5,7,0,18,16,13,
28,15,9,2,11,5,7,0,18,16,13,
28,15,9,2,11,5,7,0,18,16,13,
28,15,9,2,11,5,7,0,18,16,13,
29,17,9,2,11,5,7,0,20,18,13,
27,15,9,2,12,5,7,0,18,16,13,
27,15,10,3,12,5,7,0,18,16,13,
27,15,9,2,12,5,7,0,18,16,13,
27,15,10,3,12,5,7,0,18,17,13,
30,15,10,3,12,5,7,0,21,16,13,
27,15,10,3,12,5,7,0,18,17,13,
29,16,11,4,13,6,8,0,19,18,14,
32,19,11,2,15,6,8,0,22,20,17,
27,14,9,2,11,4,6,0,17,15,12,
27,14,9,2,11,4,6,0,17,16,12,
27,14,9,2,11,4,6,0,17,16,12,
27,14,9,2,11,4,6,0,17,16,12,
27,14,9,2,11,4,6,0,17,16,12,
28,14,9,2,11,5,6,0,17,16,12,
28,15,9,2,11,4,6,0,18,16,12,
30,15,9,2,11,5,6,0,18,16,12,
27,14,9,2,11,5,6,0,17,16,12,
28,15,9,2,11,5,6,0,18,16,12,
28,14,8,1,10,4,5,0,17,15,12,
31,15,9,2,11,5,6,0,18,16,12,
28,15,9,2,11,5,7,0,18,16,13,
28,15,9,2,11,5,7,0,18,16,13,
28,15,9,2,11,5,7,0,18,16,13,
27,12,7,0,9,2,4,0,15,14,10,
27,15,10,2,12,5,7,0,18,16,13,
29,15,10,2,12,5,7,0,18,16,13,
27,15,10,3,12,5,7,0,18,17,13,
27,15,10,3,12,5,7,0,18,16,13,
28,15,10,3,12,5,7,0,18,17,13,
27,15,10,3,12,5,7,0,18,17,13,
27,14,9,2,11,4,6,0,17,16,12,
27,15,10,3,12,5,7,0,18,16,13,
27,15,10,3,12,5,7,0,18,17,13,
33,18,12,2,14,5,9,0,21,19,15,
30,17,12,2,14,4,6,0,20,18,15,
27,14,9,2,11,4,6,0,17,16,12,
28,15,9,2,12,5,7,0,18,16,13,
28,14,9,2,11,4,6,0,17,16,12,
31,15,9,2,11,4,6,0,21,16,12,
28,15,9,2,11,4,6,0,18,16,13,
31,15,9,2,11,5,7,0,18,16,13,
28,15,9,2,11,4,7,0,18,16,13,
28,15,9,2,11,5,7,0,18,16,13,
28,15,9,2,11,5,7,0,18,16,13,
28,15,9,2,11,5,7,0,18,16,13,
29,16,10,2,12,5,7,0,19,18,13,
28,15,10,2,12,5,7,0,18,16,13,
28,15,10,2,12,5,7,0,18,16,13,
28,15,10,2,12,5,7,0,18,16,13,
28,15,10,3,12,5,7,0,18,16,13,
30,15,10,3,12,5,7,0,21,19,13,
27,15,10,3,12,5,7,0,18,16,13,
27,15,10,3,12,5,7,0,18,17,13,
32,20,12,3,16,7,9,0,23,21,18,
27,15,10,3,12,5,7,0,18,16,13,
27,15,10,3,12,5,7,0,18,17,13,
27,14,9,2,11,4,6,0,17,16,12,
27,15,10,3,12,5,7,0,18,17,13,
27,15,10,3,12,5,7,0,18,17,13,
28,15,9,2,11,5,7,0,18,16,13,
27,14,9,2,11,4,6,0,17,16,12,
29,15,9,2,11,5,7,0,18,16,13,
28,15,9,2,11,4,6,0,18,16,12,
28,15,9,2,11,5,6,0,18,16,12,
28,13,7,0,9,3,5,0,16,14,11,
30,15,10,3,12,5,7,0,18,16,13,
28,15,9,2,11,5,7,0,18,16,13,
28,15,9,2,11,5,7,0,18,16,13,
28,15,9,2,11,5,7,0,18,16,13,
28,15,9,3,11,5,7,0,18,16,13,
28,15,9,2,11,5,7,0,18,16,13,
28,15,10,2,12,5,7,0,18,16,13,
28,15,10,3,12,5,7,0,18,16,13,
28,15,10,3,12,5,7,0,18,16,13,
31,18,12,2,15,5,10,0,21,19,16,
29,17,11,3,13,7,9,0,20,18,15,
27,15,10,3,12,5,7,0,18,17,13,
27,15,10,3,12,5,7,0,18,16,13,
28,15,10,3,12,5,7,0,18,17,13,
30,17,14,5,14,7,9,0,20,18,15,
110,18,10,101,15,5,7,0,21,19,16,
76,62,56,49,58,51,53,0,65,63,60,
38,15,9,2,11,5,7,0,18,16,13,
117,14,107,2,11,4,6,0,17,16,12,
75,62,57,2,59,4,6,0,65,63,60,
29,16,11,4,13,6,8,0,19,18,14,
29,16,9,2,11,4,6,0,19,17,12,
110,14,9,2,11,100,6,0,17,15,12,
71,58,53,2,55,48,50,0,61,59,56,
29,15,9,2,12,4,6,0,18,17,14,
27,14,9,2,11,4,6,0,17,16,12,
27,14,9,2,11,4,6,0,17,16,12,
28,14,9,2,11,4,6,0,17,16,12,
28,14,9,2,11,4,6,0,17,16,12,
34,20,12,2,18,8,9,0,23,22,18,
28,15,9,2,11,5,7,0,18,16,13,
28,15,9,2,11,4,6,0,18,16,13,
28,15,9,2,11,5,7,0,18,16,13,
28,15,9,2,11,5,7,0,18,16,13,
27,15,9,3,11,5,7,0,18,16,13,
28,15,9,2,11,5,7,0,18,16,13,
27,15,9,2,11,5,7,0,18,16,13,
27,15,9,3,11,5,7,0,18,16,13,
27,15,9,3,12,5,7,0,18,16,13,
123,114,10,3,114,5,7,0,18,17,13,
81,68,10,3,63,5,7,0,71,70,64,
122,16,9,2,12,5,108,0,19,17,13,
78,65,60,2,62,4,57,0,68,66,63,
29,16,10,2,12,5,6,0,19,17,13,
27,14,9,2,11,4,6,0,17,15,12,
30,18,12,3,14,5,10,0,21,19,15,
27,15,10,3,12,5,7,0,18,16,13,
27,14,9,2,11,4,6,0,17,15,12,
28,14,9,2,11,4,6,0,18,15,12,
27,14,9,2,11,4,6,0,17,15,12,
30,14,10,2,11,4,6,0,17,15,12,
30,17,12,2,14,4,6,0,20,18,15,
27,14,9,2,11,4,6,0,17,16,12,
27,14,9,2,11,4,6,0,17,16,12,
27,14,9,2,11,4,6,0,17,16,13,
29,14,9,2,11,5,6,0,18,18,12,
28,15,9,2,11,5,6,0,18,16,13,
28,14,9,2,11,5,6,0,18,16,13,
30,17,12,5,14,8,9,0,20,19,15,
28,15,9,2,11,5,7,0,18,16,12,
28,15,9,2,11,5,7,0,18,16,13,
28,15,9,3,11,5,7,0,18,16,13,
27,15,10,2,12,5,7,0,18,16,13,
27,15,9,3,11,5,7,0,18,16,13,
27,15,9,3,11,5,7,0,18,16,13,
29,16,9,3,13,5,7,0,19,17,14,
27,15,9,3,11,5,7,0,18,16,13,
27,15,9,3,11,5,7,0,18,16,13,
27,14,9,2,11,4,6,0,17,15,12,
27,14,9,2,11,4,6,0,17,16,12,
27,15,9,3,12,5,7,0,18,16,13,
27,14,9,2,11,4,6,0,17,15,12,
27,14,9,2,11,4,6,0,17,15,12,
27,14,9,2,11,4,6,0,17,16,12,
27,14,9,2,11,4,6,0,17,16,12,
27,14,9,2,11,4,6,0,17,16,12,
27,14,9,2,11,4,6,0,17,16,12,
27,14,9,2,11,5,6,0,17,16,12,
131,14,9,2,11,4,6,0,120,16,12,
82,14,9,2,11,5,6,0,72,16,12,
29,15,9,2,11,5,7,0,19,16,13,
28,14,9,2,11,5,6,0,17,16,12,
29,14,9,2,11,5,6,0,17,16,12,
30,17,9,2,11,5,7,0,20,18,13,
28,15,9,3,11,5,7,0,18,16,13,
28,15,9,3,11,5,7,0,18,16,13,
28,15,9,3,11,5,7,0,18,16,12,
28,15,9,3,11,5,7,0,18,16,13,
27,15,9,3,12,5,7,0,18,16,13,
27,15,9,3,11,5,7,0,18,16,13,
27,15,9,3,11,5,7,0,18,16,13,
33,17,11,2,13,4,6,0,20,18,15,
30,18,12,3,15,5,7,0,21,19,16,
27,15,9,3,12,5,7,0,18,16,13,
32,16,11,4,13,7,8,0,20,18,14,
27,14,9,2,11,4,6,0,17,15,12,
30,14,9,2,11,4,6,0,17,16,12,
27,14,9,2,11,4,6,0,17,15,12,
29,14,9,2,11,4,6,0,17,16,12,
27,14,9,2,11,4,6,0,17,15,12,
27,14,9,2,11,4,6,0,17,16,12,
27,14,9,2,11,4,6,0,17,16,12,
27,14,9,2,11,4,6,0,17,16,12,
28,15,9,2,11,5,6,0,18,16,12,
28,14,9,2,11,5,6,0,17,16,12,
28,15,9,2,11,5,6,0,18,16,12,
28,13,7,0,9,3,5,0,16,14,11,
28,15,9,2,11,5,7,0,18,16,12,
31,15,9,2,11,5,7,0,21,19,13,
28,15,9,3,11,5,7,0,18,16,13,
28,15,9,3,11,5,7,0,18,16,13,
34,20,12,3,17,8,9,0,23,21,18,
28,15,9,3,11,5,7,0,18,16,13,
28,15,9,3,11,5,7,0,18,16,13,
27,15,9,3,11,5,7,0,18,16,13,
27,15,9,3,12,5,7,0,18,16,13,
28,14,9,2,11,5,7,0,17,16,12,
27,15,9,3,12,5,7,0,18,16,13,
27,14,9,2,11,4,6,0,17,15,12,
29,14,9,2,11,4,6,0,17,15,12,
27,14,9,2,11,4,6,0,17,15,12,
27,14,9,2,11,4,6,0,17,16,12,
27,14,9,2,11,4,6,0,17,16,12,
30,15,9,3,12,5,7,0,18,16,13,
27,14,9,2,11,4,6,0,17,16,12,
27,14,9,2,12,4,6,0,17,16,12,
27,14,9,2,11,5,6,0,17,16,12,
28,12,6,0,8,2,4,0,15,13,10,
27,14,9,2,11,5,6,0,17,16,12,
27,14,9,2,11,5,6,0,17,16,12,
27,14,9,2,11,5,6,0,17,16,12,
28,15,9,2,11,5,6,0,18,16,12,
31,17,11,2,13,4,9,0,20,18,15,
28,15,10,2,12,5,7,0,18,17,13,
28,15,9,2,11,5,7,0,18,16,12,
31,15,9,3,11,5,7,0,20,16,13,
28,15,9,3,11,5,7,0,18,16,13,
29,15,9,2,11,5,7,0,19,16,13,
28,15,9,3,11,5,7,0,18,16,13,
29,15,9,3,12,5,7,0,18,16,13,
27,15,9,3,12,5,7,0,18,16,13,
27,15,10,3,12,5,7,0,18,16,13,
27,14,9,2,11,4,6,0,17,16,12,
27,14,9,2,11,4,6,0,17,15,12,
30,17,11,2,13,4,8,0,20,18,14,
27,14,9,2,11,4,6,0,17,16,12,
27,14,9,2,11,4,6,0,17,16,12,
96,15,9,2,12,4,6,0,86,84,13,
46,14,9,2,11,4,6,0,36,32,12,
30,14,9,2,11,5,6,0,20,16,12,
27,14,9,2,11,4,6,0,17,16,12,
27,14,9,2,11,5,6,0,17,16,12,
33,20,12,2,17,7,9,0,23,21,18,
28,15,9,2,11,5,6,0,18,16,12,
121,15,9,2,11,5,7,0,18,16,111,
74,61,9,2,11,5,6,0,64,62,59,
28,15,9,2,11,5,7,0,18,16,13,
28,15,9,2,11,5,7,0,18,16,12,
28,15,9,3,11,5,7,0,18,16,13,
28,15,9,2,11,5,7,0,18,16,13,
28,14,9,2,11,4,6,0,17,16,12,
28,15,9,2,11,5,7,0,18,16,13,
28,15,9,3,11,5,7,0,18,16,13,
28,13,7,1,9,3,5,0,16,14,11,
30,15,9,2,11,5,7,0,18,16,13,
27,15,10,3,12,5,7,0,18,16,13,
27,15,10,3,12,5,7,0,18,16,13,
27,14,9,2,11,4,6,0,17,16,12,
30,15,10,5,12,5,7,0,18,17,13,
27,14,9,2,11,4,6,0,17,16,12,
27,14,9,2,11,4,6,0,17,16,12,
28,14,9,2,11,5,6,0,18,16,12,
28,14,9,2,11,5,6,0,18,16,12,
31,17,11,2,13,4,9,0,20,18,15,
28,14,9,2,11,5,6,0,18,16,12,
28,14,9,2,11,5,6,0,18,16,12,
110,12,7,0,9,3,4,97,16,14,10,
77,15,9,2,11,5,7,0,20,16,13,
31,14,11,2,11,5,7,0,18,16,12,
31,17,9,2,14,5,7,0,20,19,15,
28,14,9,2,11,5,6,0,18,16,12,
31,17,12,5,14,7,9,0,20,19,15,
28,14,9,2,11,5,6,0,18,16,12,
28,15,9,2,11,5,7,0,18,16,13,
28,15,9,2,11,5,7,0,18,16,12,
29,15,9,2,11,5,7,0,19,17,13,
28,15,9,2,11,5,7,0,18,16,13,
28,15,9,2,11,5,7,0,18,16,13,
28,16,9,3,13,5,7,0,19,18,14,
27,15,9,3,11,5,7,0,18,16,13,
30,14,9,2,11,4,6,0,20,19,12,
27,15,10,3,12,5,7,0,18,16,13,
27,15,10,3,12,5,7,0,18,16,13,
31,19,11,3,16,6,8,0,22,21,17,
27,14,9,2,11,4,6,0,17,16,12,
27,14,9,2,11,4,6,0,17,16,12,
27,14,9,2,11,4,6,0,17,16,12,
27,14,9,2,11,4,6,0,17,16,12,
36,20,12,2,14,4,9,0,23,21,18,
27,14,9,2,11,4,6,0,17,16,12,
28,14,9,2,11,4,6,0,18,16,12,
28,14,9,2,11,5,6,0,18,16,12,
28,14,9,2,11,4,6,0,18,16,12,
28,14,9,2,11,4,6,0,18,16,12,
28,14,9,2,11,5,6,0,18,16,12,
28,14,9,2,11,5,6,0,18,16,13,
31,14,9,2,11,4,6,0,18,16,12,
28,15,9,2,11,5,7,0,18,16,13,
28,15,9,2,11,5,7,0,18,16,12,
28,12,6,0,8,2,4,0,15,13,9,
28,15,9,2,11,5,7,0,18,16,13,
28,15,9,2,11,5,7,0,18,16,13,
28,15,10,3,12,5,7,0,18,17,13,
27,15,10,3,12,5,7,0,18,16,13,
31,18,12,2,14,5,10,0,21,19,16,
27,15,9,3,12,5,7,0,18,16,13,
27,15,10,3,12,5,7,0,18,16,13,
28,15,10,3,12,5,7,0,19,17,13,
27,15,10,3,12,5,7,0,18,17,13,
30,15,12,3,12,5,7,0,18,17,13,
31,17,12,2,14,4,6,0,21,19,15,
27,14,9,2,11,4,6,0,17,16,12,
31,15,10,3,12,5,7,0,18,16,13,
28,15,9,2,11,5,7,0,18,16,13,
29,14,9,2,11,5,6,0,19,19,12,
27,14,9,2,11,4,6,0,17,16,12,
29,14,9,2,11,5,6,0,18,16,12,
28,15,9,2,11,5,7,0,18,16,13,
28,15,9,2,11,5,7,0,18,16,12,
28,14,9,2,11,5,6,0,18,16,12,
28,14,9,2,11,4,6,0,18,16,12,
31,17,9,2,11,5,6,0,21,19,12,
28,15,9,2,11,5,7,0,18,16,13,
28,15,9,2,11,5,7,0,18,16,13,
34,20,12,2,17,7,9,0,23,21,18,
28,15,9,2,11,5,7,0,18,16,12,
28,15,9,2,11,5,7,0,18,16,13,
29,15,10,3,12,5,7,0,18,17,13,
28,15,10,3,12,5,7,0,18,16,13,
27,15,9,3,11,5,7,0,18,16,13,
28,16,9,3,12,5,7,0,19,18,13,
27,15,9,3,12,5,7,0,18,16,13,
27,15,10,3,12,5,7,0,18,16,13,
27,15,10,3,12,5,7,0,18,16,13,
27,15,10,3,12,5,7,0,18,16,13,
27,14,9,2,11,4,6,0,17,16,12,
28,14,9,2,11,4,6,0,18,16,12,
31,15,9,3,11,5,7,0,18,16,13,
28,14,9,2,11,5,6,0,18,16,12,
27,14,9,2,11,4,6,0,17,16,12,
30,14,9,2,11,5,6,0,18,16,12,
30,15,9,3,12,5,7,0,18,17,13,
27,14,9,2,11,5,6,0,17,16,12,
28,14,9,2,11,4,6,0,18,16,12,
28,14,9,2,11,5,6,0,18,16,12,
33,18,12,3,14,5,9,0,21,19,16,
30,17,11,2,13,5,6,0,20,18,15,
28,14,9,2,11,5,6,0,18,16,12,
32,16,10,4,12,6,8,0,22,17,14,
30,16,11,2,13,5,8,0,20,18,14,
29,15,9,2,11,5,7,0,19,19,13,
28,15,9,2,11,5,7,0,18,16,13,
28,15,9,2,11,5,7,0,18,16,13,
31,17,12,3,14,8,9,0,21,19,15,
27,15,9,3,11,5,7,0,18,16,13,
27,15,10,3,12,5,7,0,18,17,13,
27,15,10,3,12,5,7,0,18,17,13,
27,15,10,3,12,5,7,0,18,17,13,
27,15,10,3,12,5,7,0,18,16,13,
27,14,9,2,11,4,6,0,17,16,12,
27,14,9,2,11,4,6,0,17,16,12,
27,14,9,2,11,4,6,0,17,16,12,
30,17,9,2,11,4,6,0,20,18,12,
30,14,9,2,11,4,6,0,18,16,12,
27,14,9,2,11,4,6,0,17,16,12,
31,17,9,2,14,5,7,0,21,19,15,
29,14,9,2,11,4,6,0,19,16,12,
27,14,9,2,11,4,6,0,17,16,12,
27,14,9,2,11,4,6,0,17,16,12,
28,14,9,2,11,5,6,0,18,16,12,
28,14,9,2,11,5,6,0,18,16,12,
28,14,9,2,11,5,6,0,18,16,12,
28,15,9,2,11,5,7,0,18,16,12,
28,15,9,3,11,5,7,0,18,16,13,
28,15,9,2,11,5,7,0,18,16,13,
28,15,9,2,11,5,7,0,18,16,13,
30,16,11,4,13,7,8,0,20,18,14,
30,15,9,3,11,5,7,0,19,16,13,
28,15,9,3,11,5,7,0,18,16,13,
27,15,9,3,11,5,7,0,18,16,13,
27,15,9,3,12,5,7,0,18,16,13,
27,11,6,0,8,1,3,0,14,13,9,
30,15,9,2,11,5,7,0,18,16,13,
27,15,10,3,12,5,7,0,18,16,13,
27,15,10,3,12,5,7,0,18,17,13,
27,15,10,3,12,5,7,0,18,17,13,
30,17,11,2,13,4,9,0,20,18,15,
27,14,9,2,11,4,6,0,17,16,12,
27,14,9,2,11,4,6,0,17,16,12,
29,14,9,2,11,4,6,0,19,16,12,
27,14,9,2,11,5,6,0,17,16,12,
28,17,9,2,11,5,6,0,18,17,12,
27,14,9,2,11,4,6,0,17,16,12,
28,14,9,2,11,5,6,0,18,16,12,
28,14,9,2,11,5,6,0,18,16,12,
28,14,9,2,11,5,6,0,18,16,12,
28,15,9,2,11,5,7,0,18,16,13,
28,15,9,2,11,5,7,0,18,16,12,
29,16,9,2,11,5,7,0,19,17,12,
28,15,9,2,11,5,7,0,18,16,13,
28,15,9,2,11,5,7,0,18,16,13,
28,15,9,3,11,5,7,0,18,16,13,
28,15,9,3,11,5,7,0,18,16,13,
33,15,9,3,11,5,7,0,23,21,13,
27,15,9,3,12,5,7,0,18,16,13,
27,15,9,3,12,5,7,0,18,16,13,
32,19,11,3,16,7,9,0,22,21,17,
27,15,10,3,12,5,7,0,18,17,13,
27,15,10,3,12,5,7,0,18,16,13,
27,14,9,2,11,4,6,0,17,16,12,
27,15,10,3,12,5,7,0,18,16,13,
27,15,10,3,12,5,7,0,18,16,13,
27,14,9,2,11,4,6,0,17,16,12,
35,15,10,3,12,5,7,0,18,17,13,
27,14,9,2,11,4,6,0,17,16,12,
27,14,9,2,11,4,6,0,17,16,12,
28,14,9,2,11,4,6,0,18,16,12,
28,14,9,2,11,4,6,0,18,16,12,
27,14,9,2,11,4,6,0,17,16,12,
28,15,9,2,11,5,7,0,18,16,13,
28,14,9,2,11,5,6,0,18,16,12,
28,14,9,2,11,5,6,0,18,16,12,
28,14,9,2,11,5,6,0,18,16,12,
30,15,9,2,11,5,7,0,18,16,13,
28,15,9,2,11,5,7,0,18,16,13,
28,15,9,2,11,5,7,0,18,16,13,
28,15,9,2,11,5,7,0,18,16,13,
28,12,7,0,9,2,4,0,15,13,10,
30,15,9,3,11,5,7,0,18,16,13,
27,15,10,3,12,5,7,0,18,16,13,
27,15,9,3,12,5,7,0,18,16,13,
27,14,9,2,11,4,6,0,17,16,12,
27,14,9,3,11,4,6,0,17,15,12,
27,14,9,2,11,4,6,0,17,16,12,
27,14,9,2,11,4,6,0,17,16,12,
27,15,10,3,12,5,7,0,18,17,13,
27,14,9,2,11,4,6,0,17,16,12,
32,17,12,2,14,5,9,0,20,19,15,
30,17,11,2,13,4,6,0,20,18,15,
27,14,9,2,11,4,6,0,17,16,12,
33,17,11,4,13,7,9,0,23,18,15,
27,14,9,2,11,4,6,0,17,16,12,
27,14,9,2,11,4,6,0,17,16,12,
28,14,9,2,11,5,6,0,18,16,12,
28,14,9,2,11,5,6,0,18,16,13,
29,16,11,2,13,6,8,0,19,17,14,
28,15,9,2,11,5,7,0,18,16,12,
28,15,9,2,11,5,7,0,18,16,12,
28,15,9,2,11,5,7,0,18,16,13,
31,18,9,2,11,5,7,0,21,19,13,
28,15,9,2,11,5,7,0,18,16,12,
28,15,9,2,11,5,7,0,18,16,13,
29,16,9,2,13,5,7,0,19,18,14,
28,15,9,2,11,5,7,0,18,16,13,
27,15,9,3,11,5,7,0,18,16,13,
27,15,9,3,12,5,7,0,18,16,13,
27,15,10,3,12,5,7,0,18,16,13,
33,21,12,3,17,8,10,0,24,22,18,
27,15,9,3,12,5,7,0,18,16,13,
27,15,10,3,12,5,7,0,18,16,13,
27,14,9,2,11,4,6,0,17,16,12,
27,14,9,2,11,4,6,0,17,16,12,
27,14,9,2,11,4,6,0,17,15,12,
27,14,9,2,11,4,6,0,17,16,12,
27,15,9,2,11,4,6,0,17,16,12,
27,14,9,2,11,4,6,0,17,16,12,
28,14,9,2,11,4,6,0,18,16,12,
28,15,9,2,11,5,6,0,18,16,12,
28,12,6,0,9,2,4,0,15,13,10,
28,15,9,2,11,5,6,0,18,16,12,
28,14,9,2,11,5,6,0,18,16,12,
28,15,9,2,11,5,7,0,18,16,12,
28,15,9,2,11,5,7,0,18,16,13,
30,17,12,2,14,5,9,0,20,19,15,
28,15,9,2,11,5,7,0,18,16,13,
28,15,9,2,11,5,7,0,18,16,13,
28,15,9,2,11,5,7,0,18,16,13,
28,15,9,3,11,5,7,0,18,16,13,
33,17,12,2,14,5,7,0,20,19,15,
30,17,12,3,14,5,7,0,21,19,15,
27,15,9,3,12,5,7,0,18,16,13,
32,17,11,4,13,7,9,0,23,18,14,
27,14,9,2,11,4,6,0,17,15,12,
32,17,11,3,13,7,9,0,23,18,15,
27,15,10,3,12,5,7,0,18,16,13,
27,15,10,3,12,5,7,0,18,16,13,
27,14,9,2,11,4,6,0,17,15,12,
27,14,9,2,11,4,6,0,17,15,12,
27,14,9,2,11,4,6,0,17,16,12,
27,14,9,2,11,4,6,0,17,16,12,
27,14,9,2,11,4,6,0,17,16,12,
27,14,9,2,11,4,6,0,17,16,12,
28,14,9,2,11,4,6,0,18,16,12,
33,20,12,2,17,8,9,0,23,21,18,
52,18,9,2,14,5,7,0,21,19,16,
28,14,9,2,11,5,6,0,18,16,12,
28,14,9,2,11,4,6,0,18,16,12,
28,14,9,2,11,4,6,0,18,16,12,
28,14,9,2,11,4,6,0,18,16,13,
28,15,9,2,11,5,7,0,18,16,13,
28,14,9,2,11,5,6,0,18,16,12,
28,14,9,2,11,5,6,0,18,16,12,
28,15,9,2,11,5,7,0,18,16,13,
28,15,9,2,11,5,7,0,18,16,12,
28,15,9,2,11,5,7,0,18,16,13,
27,15,9,2,11,5,7,0,18,16,13,
29,15,10,3,12,5,7,0,18,17,13,
27,15,9,3,11,5,7,0,18,16,13,
27,15,9,3,11,5,7,0,18,16,13,
29,13,6,0,9,2,4,0,16,14,10,
29,17,11,3,13,7,9,0,20,18,15,
27,15,10,3,12,5,7,0,18,16,13,
27,15,10,3,12,5,7,0,18,16,13,
27,15,10,3,12,5,7,0,18,17,13,
33,17,11,2,13,4,6,0,20,18,15,
30,17,11,2,13,4,6,0,20,18,15,
27,14,9,2,11,4,6,0,17,16,12,
30,14,9,2,11,5,6,0,20,16,13,
28,14,9,2,11,4,6,0,18,16,12,
27,17,9,2,11,4,6,0,17,17,12,
28,14,9,2,11,5,6,0,18,16,12,
28,14,9,2,11,5,6,0,18,16,12,
30,17,12,5,14,7,9,0,20,18,15,
28,14,9,2,11,5,6,0,18,16,12,
28,15,9,2,11,5,6,0,18,16,12,
28,14,9,2,11,5,6,0,18,16,12,
28,15,9,2,11,5,7,0,18,16,13,
28,15,9,2,11,5,7,0,18,16,13,
28,15,9,2,11,5,7,0,18,16,13,
28,15,9,2,11,5,7,0,18,16,13,
28,15,9,2,11,5,7,0,18,16,13,
30,15,9,2,11,5,7,0,21,19,13,
27,15,9,3,11,5,7,0,18,16,13,
27,15,9,3,11,5,7,0,18,16,13,
33,20,12,3,17,8,10,0,23,22,18,
27,15,9,3,12,5,7,0,18,16,13,
27,15,10,3,12,5,7,0,18,16,13,
27,14,9,2,11,4,6,0,17,16,12,
27,14,9,2,11,4,6,0,17,15,12,
27,14,9,2,11,4,6,0,17,16,12,
29,15,10,3,12,5,7,0,19,17,13,
27,12,7,0,9,2,4,0,15,14,10,
27,14,9,2,11,4,6,0,17,16,12,
27,14,9,2,11,4,6,0,18,16,12,
28,14,9,2,11,4,6,0,18,16,12,
27,14,9,2,11,4,6,0,17,16,12,
28,15,9,2,11,5,7,0,18,16,13,
28,14,9,2,11,4,6,0,18,16,12,
28,14,9,2,11,4,6,0,18,16,12,
28,14,9,2,11,5,6,0,18,16,12,
27,14,9,3,11,4,6,0,17,16,12,
31,14,9,2,11,4,6,0,18,16,12,
28,15,9,2,11,5,7,0,18,16,12,
28,15,9,2,11,5,7,0,18,16,13,
28,15,9,2,11,5,7,0,18,16,13,
33,17,11,2,14,4,9,0,20,18,15,
29,17,11,2,13,5,7,0,20,18,15,
27,15,9,2,11,5,7,0,18,16,13,
31,16,11,4,13,6,8,0,22,17,14,
27,15,9,3,11,5,7,0,18,16,13,
30,15,9,3,13,5,7,0,21,16,13,
27,15,10,3,12,5,7,0,18,16,13,
30,15,10,3,12,5,7,0,18,16,13,
27,15,10,3,12,5,7,0,18,16,13,
27,14,9,2,11,4,6,0,17,15,12,
27,14,9,2,11,4,6,0,17,16,12,
27,14,9,2,11,4,6,0,17,16,12,
30,17,9,2,11,4,6,0,20,18,12,
27,14,9,2,11,5,6,0,17,16,12,
27,14,9,2,11,5,6,0,17,16,12,
29,16,11,4,13,6,8,0,19,18,14,
27,14,9,2,11,5,6,0,17,16,12,
30,14,9,2,11,4,6,0,20,16,12,
28,14,9,2,11,5,6,0,18,16,12,
28,14,9,2,11,5,6,0,18,16,12,
32,19,10,2,15,6,8,0,22,20,16,
28,14,9,2,11,5,6,0,18,16,12,
28,15,9,2,11,5,7,0,18,16,13,
28,15,9,2,11,5,7,0,18,16,13,
30,16,10,2,13,6,8,0,20,17,14,
28,15,9,2,11,5,7,0,18,16,13,
27,15,9,2,11,5,7,0,18,16,13,
27,15,9,3,11,5,7,0,18,16,13,
29,15,9,3,11,5,7,0,18,16,13,
27,15,9,3,12,5,7,0,18,16,13,
27,15,9,3,12,5,7,0,18,16,13,
27,13,8,1,10,3,5,0,16,14,11,
30,15,9,3,12,5,7,0,18,16,13,
27,15,10,3,12,5,7,0,18,16,13,
27,14,9,2,11,4,6,0,17,16,12,
27,14,9,2,11,4,6,0,17,16,12,
27,15,10,4,12,5,7,0,18,17,13,
30,15,9,3,11,5,7,0,18,16,13,
28,14,9,2,11,4,6,0,17,16,12,
28,14,9,2,11,4,6,0,18,16,12,
27,14,9,2,11,4,6,0,17,16,12,
30,17,12,2,14,5,9,0,20,18,15,
29,14,9,2,11,5,6,0,19,16,12,
28,14,9,2,11,5,6,0,18,16,13,
28,14,9,2,11,5,6,0,18,16,12,
28,14,9,2,11,5,6,0,18,16,12,
30,17,12,5,16,7,9,0,20,19,16,
28,15,9,2,11,5,7,0,18,16,12,
28,15,9,2,11,5,6,0,18,16,12,
28,15,9,2,11,5,7,0,18,16,13,
28,15,9,2,11,5,7,0,18,16,13,
27,15,9,2,11,5,7,0,18,16,13,
27,15,9,2,11,5,7,0,18,16,13,
30,17,9,3,11,5,7,0,21,19,13,
27,15,9,3,12,5,7,0,18,16,13,
27,15,9,3,12,5,7,0,18,16,13,
28,16,10,3,12,5,7,0,19,17,13,
29,17,11,3,13,5,7,0,20,18,15,
27,14,9,2,11,4,6,0,17,16,12,
27,14,9,2,11,4,6,0,17,15,12,
27,14,9,2,11,4,6,0,17,16,12,
33,19,11,2,16,7,9,0,23,21,17,
27,14,9,2,11,4,6,0,17,16,12,
28,14,9,2,11,4,6,0,18,16,12,
27,14,9,2,11,4,6,0,17,16,12,
27,14,9,2,11,4,6,0,18,16,12,
27,14,9,2,11,5,6,0,17,16,12,
28,14,9,2,11,5,6,0,18,16,12,
28,14,9,2,11,5,6,0,18,16,12,
32,17,9,2,13,5,6,0,20,18,15,
28,14,9,2,11,5,6,0,18,16,12,
28,15,9,2,11,5,7,0,18,16,13,
28,15,9,2,11,5,7,0,18,16,13,
29,14,9,2,11,5,6,0,18,16,12,
28,15,9,2,11,5,7,0,18,16,12,
28,15,9,2,11,5,7,0,18,16,13,
27,15,9,2,11,5,7,0,18,16,13,
28,15,9,4,11,5,7,0,18,16,13,
28,16,9,3,12,5,7,0,19,17,13,
27,15,10,3,12,5,7,0,18,16,13,
27,15,10,3,12,5,7,0,18,16,13,
27,14,9,2,11,4,6,0,17,16,12,
31,18,12,3,14,5,10,0,21,19,16,
27,14,9,2,11,4,6,0,17,16,12,
27,14,9,2,11,4,6,0,17,16,12,
28,14,9,2,11,4,6,0,18,16,12,
27,14,9,2,11,4,6,0,17,16,12,
30,14,11,2,11,4,6,0,17,15,12,
32,19,12,2,14,4,6,0,22,21,15,
28,14,9,2,11,4,6,0,18,16,12,
33,17,12,5,14,7,9,0,23,18,15,
28,14,9,2,11,5,6,0,18,16,12,
28,14,9,2,11,4,6,0,18,16,12,
28,14,9,2,11,5,6,0,18,16,12,
28,14,9,2,11,5,6,0,18,16,12,
28,14,9,2,11,5,6,0,18,16,12,
28,15,9,2,11,5,6,0,18,16,13,
28,15,9,2,11,5,7,0,18,16,13,
28,15,9,2,11,5,7,0,18,16,13,
28,15,9,2,11,5,7,0,18,16,13,
28,15,9,2,11,5,7,0,18,16,13,
27,15,9,4,11,5,7,0,18,16,13,
34,20,12,3,17,8,10,0,23,22,18,
27,15,9,3,11,5,7,0,18,16,13,
27,15,9,3,12,5,7,0,18,16,13,
27,15,9,3,12,5,7,0,18,16,13,
27,14,9,2,11,4,6,0,17,15,12,
27,14,9,2,11,4,6,0,17,15,12,
27,14,9,2,11,4,6,0,17,16,12,
27,14,9,2,11,4,6,0,17,16,12,
27,14,9,2,11,4,6,0,17,16,12,
27,14,9,2,11,4,6,0,17,15,12,
27,14,9,2,11,4,6,0,17,16,12,
27,14,9,2,11,4,6,0,17,16,12,
27,14,9,2,11,4,6,0,17,16,12,
30,14,9,2,11,5,6,0,18,16,12,
38,15,9,2,11,5,7,0,18,16,13,
28,14,9,2,11,4,6,0,18,16,12,
27,15,9,4,11,5,7,0,18,16,13,
27,14,9,2,11,4,6,0,17,16,12,
27,14,11,2,11,5,6,0,18,16,12,
27,14,9,2,11,5,6,0,18,16,12,
27,14,9,2,11,5,6,0,18,16,12,
33,17,11,2,13,4,6,0,20,18,15,
30,17,12,2,14,5,6,0,20,19,15,
28,15,9,2,11,5,6,0,18,16,12,
32,17,11,5,13,7,9,0,22,18,15,
29,15,9,2,11,5,7,0,18,16,13,
29,15,9,2,11,5,7,0,20,16,13,
27,15,9,3,11,5,7,0,18,16,13,
28,15,9,2,11,5,7,0,18,16,13,
27,15,9,3,11,5,7,0,18,16,13,
27,15,9,3,11,5,7,0,18,16,13,
27,15,9,3,11,5,7,0,18,16,13,
27,15,10,3,12,5,7,0,18,17,13,
27,15,10,3,12,5,7,0,18,16,13,
27,15,10,3,12,5,7,0,18,17,13,
28,14,9,2,11,4,6,0,17,16,12,
27,15,10,3,12,5,7,0,18,17,13,
28,14,9,2,11,4,6,0,18,18,12,
30,17,9,2,11,4,6,0,20,18,12,
27,14,9,2,11,4,6,0,17,16,12,
27,14,9,2,11,4,6,0,17,16,12,
29,16,9,2,13,5,6,0,20,18,14,
27,14,9,2,11,4,6,0,17,16,12,
27,14,9,2,11,4,6,0,17,16,12,
27,14,9,2,11,4,6,0,17,16,12,
28,14,9,2,11,4,6,0,18,16,12,
27,14,9,2,11,4,6,0,18,16,12,
27,14,9,2,11,4,6,0,17,16,12,
28,14,9,2,11,5,6,0,18,16,12,
28,14,9,2,11,5,6,0,18,16,12,
28,14,9,2,11,5,6,0,18,16,12,
28,14,9,2,11,5,6,0,18,16,12,
28,13,7,0,9,3,4,0,16,14,10,
30,14,9,2,11,4,6,0,17,16,12,
28,15,9,2,11,5,7,0,18,16,12,
28,15,9,2,11,5,7,0,18,16,13,
28,15,9,2,11,5,7,0,18,16,13,
31,17,12,2,14,5,9,0,21,19,15,
28,15,9,2,11,5,7,0,18,16,13,
28,15,9,2,11,5,7,0,18,16,13,
27,15,9,2,11,5,7,0,18,16,13,
27,15,9,3,11,5,7,0,18,16,13,
32,17,12,2,14,5,7,0,20,19,15,
30,18,12,3,14,5,7,0,21,19,15,
28,16,11,4,13,6,8,0,19,17,14,
31,16,10,3,12,6,8,0,22,17,14,
27,15,10,3,12,5,7,0,18,16,13,
28,15,10,3,12,5,7,0,19,19,13,
27,15,10,3,12,5,7,0,18,16,13,
27,14,9,2,11,4,6,0,17,15,12,
30,17,11,2,13,7,9,0,20,18,15,
27,14,9,2,11,4,6,0,17,16,12,
27,14,9,2,11,4,6,0,17,16,12,
27,14,9,2,11,4,6,0,17,16,12,
27,14,9,2,11,4,6,0,17,16,12,
27,14,9,2,11,4,6,0,17,16,12,
27,14,9,2,11,4,6,0,17,16,12,
27,14,9,2,11,4,6,0,17,16,12,
27,14,9,2,11,4,6,0,17,16,12,
27,14,9,2,11,4,6,0,17,16,12,
27,14,9,2,11,4,6,0,17,15,12,
27,14,9,2,11,4,6,0,17,16,12,
27,14,9,2,11,4,6,0,18,16,12,
27,14,9,2,11,5,6,0,17,16,12,
28,14,9,2,11,5,6,0,18,16,12,
28,14,9,2,11,5,6,0,18,16,12,
28,14,9,2,11,5,6,0,18,16,12,
28,15,9,2,11,5,6,0,18,16,12,
28,15,9,2,11,5,6,0,18,16,12,
28,15,9,2,11,5,7,0,18,16,13,
28,15,9,2,11,5,7,0,18,16,12,
28,15,9,2,11,5,7,0,18,16,13,
28,15,9,2,11,5,7,0,18,16,13,
28,13,7,0,9,3,5,0,16,14,11,
30,14,9,2,11,5,6,0,18,16,12,
27,15,9,3,11,5,7,0,18,16,13,
27,15,9,3,11,5,7,0,18,16,13,
27,15,9,3,11,5,7,0,18,16,13,
28,15,9,4,11,5,7,0,18,16,13,
27,15,9,3,12,5,7,0,18,16,13,
27,15,10,3,12,5,7,0,18,17,13,
27,15,10,3,12,5,7,0,18,16,13,
27,15,10,3,12,5,7,0,18,16,13,
30,17,12,2,14,5,9,0,20,19,15,
27,15,10,3,12,5,7,0,18,16,13,
27,14,9,2,11,4,6,0,17,16,12,
29,14,9,2,11,4,6,0,19,16,12,
27,14,9,2,11,4,6,0,17,16,12,
27,14,9,2,11,4,6,0,17,17,12,
27,14,9,2,11,4,6,0,17,16,12,
28,14,9,2,11,4,6,0,17,16,12,
28,14,9,2,11,4,6,0,17,16,12,
27,14,9,2,11,4,6,0,17,16,12,
27,14,9,2,11,4,6,0,17,16,12,
30,16,11,2,13,5,8,0,20,18,14,
31,14,9,2,11,5,6,0,21,19,12,
27,14,9,2,11,5,6,0,17,16,12,
28,15,9,2,11,5,6,0,18,16,12,
31,18,11,2,15,6,8,0,21,20,16,
28,14,9,2,11,4,6,0,18,16,12,
28,15,9,2,11,5,6,0,18,16,12,
28,15,9,2,11,5,7,0,18,16,13,
28,15,9,2,11,5,7,0,18,16,13,
28,15,9,2,11,5,7,0,18,16,12,
30,15,9,2,11,5,6,0,18,16,12,
28,15,9,2,11,5,7,0,18,16,13,
28,15,9,2,11,5,7,0,18,16,13,
27,15,9,2,11,5,7,0,18,16,13,
27,15,9,2,11,5,7,0,18,16,13,
27,15,10,3,12,5,7,0,18,16,13,
27,15,9,3,11,5,7,0,18,16,13,
27,15,9,3,11,5,7,0,18,16,13,
27,15,9,3,11,5,7,0,18,16,13,
27,15,9,3,12,5,7,0,18,16,13,
27,15,10,3,12,5,7,0,18,17,13,
27,14,9,2,11,4,6,0,17,16,12,
27,14,9,2,11,4,6,0,17,16,12,
27,14,9,2,11,4,6,0,17,16,12,
27,14,9,2,11,4,6,0,17,16,12,
27,12,7,0,9,2,4,0,16,14,10,
27,14,9,2,11,4,6,0,17,16,12,
27,14,9,2,11,4,6,0,17,16,12,
28,14,9,2,11,4,6,0,17,16,12,
28,14,9,2,11,5,6,0,18,16,12,
33,18,12,3,14,5,7,0,21,19,16,
30,17,12,2,14,5,6,0,20,19,15,
28,14,9,2,11,4,6,0,18,16,12,
33,17,12,5,14,7,9,0,23,19,15,
28,15,9,2,11,5,6,0,18,16,12,
28,14,9,2,11,5,6,0,18,16,12,
28,14,9,2,11,4,6,0,18,16,12,
30,14,9,2,11,5,6,0,20,16,12,
28,15,9,2,11,5,7,0,18,16,12,
28,15,9,2,11,5,7,0,18,16,13,
28,15,9,2,11,5,7,0,18,16,13,
28,15,9,2,11,5,7,0,18,16,13,
30,17,9,2,11,5,7,0,20,18,13,
28,15,9,2,11,5,7,0,18,16,13,
28,15,9,2,11,5,7,0,18,16,13,
28,15,9,3,11,5,7,0,18,16,13,
28,15,9,3,11,5,7,0,18,16,13,
31,15,9,3,11,5,7,0,21,16,13,
27,15,9,3,11,5,7,0,18,16,13,
27,15,10,3,12,5,7,0,18,17,13,
31,19,12,3,15,7,9,0,22,20,17,
27,15,10,3,12,5,7,0,18,16,13,
27,15,10,3,12,5,7,0,18,17,13,
27,15,10,3,12,5,7,0,18,17,13,
27,15,10,3,12,5,7,0,18,17,13,
27,14,9,2,11,4,6,0,17,16,12,
27,14,9,2,11,4,6,0,17,16,12,
27,15,10,3,12,5,7,0,18,16,13,
27,15,10,3,12,5,7,0,18,17,13,
27,14,9,2,11,4,6,0,17,16,12,
27,14,9,2,11,4,6,0,17,16,12,
27,14,9,2,11,4,6,0,17,16,12,
30,14,9,2,11,4,6,0,17,15,12,
27,14,9,2,11,4,6,0,17,16,12,
31,16,9,2,13,4,6,0,19,17,14,
28,14,9,2,11,5,6,0,18,16,12,
31,17,12,2,14,4,9,0,20,18,15,
28,14,9,2,11,5,6,0,18,16,12,
28,14,9,2,11,5,6,0,18,16,12,
28,15,9,17,11,5,6,0,18,16,12,
28,15,9,2,11,5,6,0,18,16,12,
31,14,11,2,11,4,6,0,18,16,12,
39,18,29,2,14,5,6,0,21,19,16,
28,15,9,2,11,5,7,0,18,16,13,
32,16,11,4,13,6,8,0,22,18,14,
28,15,9,2,11,5,7,0,18,16,12,
29,15,9,2,11,19,7,0,19,19,13,
28,15,9,2,11,5,7,0,18,16,13,
28,15,9,2,11,5,7,0,18,16,12,
28,15,9,2,11,5,7,0,18,16,12,
28,15,9,2,11,5,7,0,18,16,13,
28,15,9,3,11,5,7,0,18,16,13,
27,15,9,3,11,5,7,0,18,16,13,
34,17,9,3,11,5,7,0,20,18,13,
27,15,9,3,11,5,7,0,18,16,13,
27,15,10,3,12,5,7,0,18,17,13,
27,15,9,3,11,5,7,0,18,16,13,
27,15,9,3,11,5,7,0,18,16,13,
38,15,9,3,26,5,7,0,21,19,13,
39,30,9,3,12,5,7,0,20,22,13,
27,15,9,3,11,5,7,0,18,16,13,
33,20,12,3,17,8,10,0,23,22,18,
29,14,8,2,11,4,6,0,19,15,12,
27,14,8,2,11,4,6,0,17,15,12,
27,14,8,2,11,4,6,0,17,15,12,
31,14,9,2,11,4,21,0,17,16,12,
27,14,9,2,11,4,6,0,17,15,12,
27,14,9,2,11,4,6,0,17,16,12,
27,14,9,2,11,4,6,0,17,16,12,
30,15,9,3,12,5,7,0,18,16,13,
27,14,9,2,11,4,6,0,17,16,12,
27,14,9,2,11,4,6,0,17,16,12,
28,13,8,1,10,3,5,0,17,15,12,
30,14,9,2,11,4,6,0,17,16,12,
27,14,9,2,11,4,6,0,17,16,12,
27,14,9,2,11,5,6,0,17,16,12,
27,14,9,2,11,4,6,0,17,16,12,
27,14,9,3,11,4,6,0,18,16,12,
30,14,9,2,11,4,6,0,17,16,12,
28,14,9,2,11,5,6,0,18,16,12,
28,15,9,2,11,5,7,0,18,16,13,
28,14,9,2,11,5,7,0,18,16,12,
37,15,9,3,11,5,7,0,18,16,13,
28,15,9,3,11,5,7,0,18,16,13,
28,15,9,2,11,5,7,0,18,16,13,
28,15,9,3,11,5,7,0,18,16,13,
28,15,9,3,11,5,7,0,18,16,13,
28,12,6,0,8,2,4,0,15,13,10,
28,15,9,3,11,5,7,0,18,16,13,
27,15,9,3,11,5,7,0,18,16,13,
27,15,9,3,11,5,7,0,18,16,13,
27,15,9,3,11,5,7,0,18,16,13,
32,17,12,2,14,5,7,0,20,19,15,
30,18,12,3,14,5,7,0,21,19,16,
27,15,9,3,11,5,7,0,18,16,13,
33,18,12,5,14,8,10,0,24,19,16,
27,14,8,2,11,4,6,0,17,15,12,
27,14,8,2,11,4,6,0,17,15,12,
27,14,9,2,11,4,6,0,17,16,12,
28,15,9,2,11,4,6,0,18,16,12,
27,14,9,2,11,4,6,0,17,15,12,
27,14,9,2,11,4,6,0,17,16,12,
42,14,9,2,11,4,6,0,32,16,12,
27,14,9,2,11,4,6,0,17,16,12,
32,19,10,2,13,7,8,0,22,20,14,
27,14,9,2,11,4,6,0,17,16,12,
27,14,9,2,11,4,6,0,17,16,12,
31,18,10,2,14,5,7,0,21,19,16,
28,14,9,2,11,5,6,0,18,16,12,
28,14,9,2,11,5,6,0,18,16,12,
28,14,9,2,11,5,6,0,18,16,12,
28,14,9,2,11,5,6,0,18,16,12,
36,20,12,2,14,5,9,0,23,22,18,
28,14,9,2,11,5,6,0,18,16,12,
28,15,9,2,11,5,7,0,18,16,12,
28,15,9,3,11,5,7,0,18,16,13,
28,15,9,2,11,5,7,0,18,16,13,
28,15,9,2,11,5,7,0,18,16,13,
28,15,9,3,11,5,7,0,18,16,13,
28,15,9,3,11,5,7,0,18,16,13,
28,15,9,3,11,5,7,0,18,16,13,
28,15,9,3,11,5,7,0,18,16,13,
28,15,9,3,11,5,7,0,18,16,13,
28,13,7,1,9,3,5,0,16,14,12,
30,14,9,2,11,4,6,0,17,16,12,
28,15,9,3,11,5,7,0,18,16,13,
27,15,9,3,11,5,7,0,18,16,13,
27,15,9,3,11,5,7,0,18,16,13,
32,17,12,2,14,5,9,0,20,19,15,
29,17,12,3,14,5,7,0,20,19,15,
27,15,9,3,12,5,7,0,18,16,13,
32,17,11,5,13,7,9,0,23,18,15,
27,14,9,2,11,4,6,0,17,15,12,
29,14,8,2,11,4,6,0,19,15,12,
27,14,9,2,11,4,6,0,17,16,12,
28,14,9,2,11,4,6,0,17,15,12,
27,14,9,2,11,4,6,0,17,16,12,
27,14,9,2,11,4,6,0,17,15,12,
27,14,9,2,11,5,6,0,18,16,12,
27,14,9,2,11,4,6,0,17,16,12,
28,15,9,2,11,4,6,0,18,17,12,
29,14,9,2,11,5,6,0,19,16,12,
27,14,9,2,11,4,6,0,17,16,12,
28,14,9,2,11,5,6,0,18,16,12,
27,14,9,2,11,5,6,0,17,16,12,
31,14,9,2,11,5,6,0,21,19,12,
28,14,9,2,11,5,6,0,18,16,12,
28,14,9,2,11,5,6,0,18,16,12,
30,16,9,2,13,5,7,0,20,18,14,
28,15,9,2,11,5,7,0,18,16,12,
28,15,9,2,11,5,7,0,18,16,12,
28,15,9,2,11,5,7,0,18,16,12,
28,15,9,2,11,5,7,0,18,16,12,
28,15,9,2,11,5,7,0,18,16,13,
28,15,9,3,11,5,7,0,18,16,13,
28,15,9,3,11,5,7,0,18,16,13,
28,15,9,3,11,5,7,0,18,16,13,
30,17,11,2,13,5,7,0,20,18,15,
28,15,9,2,11,5,7,0,18,16,13,
28,15,9,3,11,5,7,0,18,16,13,
29,14,9,2,11,4,6,0,17,16,12,
27,15,9,3,12,5,7,0,18,16,13,
27,15,9,3,12,5,7,0,18,16,13,
27,15,9,3,11,5,7,0,18,16,13,
30,17,12,2,14,5,9,0,21,19,15,
27,14,9,2,11,4,6,0,17,15,12,
27,14,9,2,11,4,6,0,17,15,12,
28,14,9,2,11,4,6,0,18,16,12,
29,16,9,2,11,4,6,0,19,17,12,
33,18,12,3,14,5,10,0,21,19,16,
29,16,11,2,13,4,6,0,19,18,14,
27,14,9,2,11,4,6,0,17,16,12,
30,14,9,2,11,4,6,0,20,16,12,
27,14,9,2,11,4,6,0,17,16,12,
27,17,9,2,11,4,6,0,18,17,12,
27,14,9,2,11,4,6,0,17,16,12,
27,14,9,2,11,4,6,0,17,16,12,
30,17,12,5,14,7,9,0,21,19,15,
27,14,9,2,11,5,6,0,18,16,12,
28,14,9,2,11,4,6,0,18,16,12,
27,14,9,2,11,4,6,0,18,16,12,
31,14,9,2,11,5,6,0,18,16,12,
28,14,9,2,11,5,6,0,18,16,12,
28,14,9,2,11,5,6,0,18,16,12,
28,14,9,2,11,5,6,0,18,16,12,
27,14,9,2,11,5,6,0,18,16,13,
44,15,9,2,11,5,7,0,18,34,27,
28,15,9,2,11,5,6,0,18,16,13,
27,14,9,2,11,5,6,0,17,16,12,
34,20,12,2,17,8,9,0,23,21,18,
27,14,9,2,11,5,7,0,17,16,12,
27,15,9,2,11,5,7,0,18,16,12,
28,15,9,3,11,5,7,0,18,16,13,
28,15,9,2,11,5,7,0,18,16,13,
28,15,9,3,11,5,7,0,18,16,13,
27,15,9,3,11,5,7,0,18,16,13,
27,15,9,3,11,5,7,0,18,16,13,
27,15,9,3,11,5,7,0,18,16,13,
27,15,9,3,11,5,7,0,18,16,13,
27,15,9,3,12,5,7,0,18,16,13,
29,16,11,4,13,6,8,0,19,17,14,
27,14,9,2,11,4,6,0,17,15,12,
27,14,9,2,11,4,6,0,17,15,12,
27,14,9,2,11,4,6,0,17,15,12,
27,14,9,2,11,4,6,0,17,15,12,
30,17,12,2,14,5,9,0,20,19,15,
27,14,9,2,11,4,6,0,17,15,12,
27,14,9,2,11,4,6,0,17,15,12,
27,14,9,2,11,4,6,0,17,16,12,
27,14,9,2,11,4,6,0,17,16,12,
30,14,11,2,11,4,6,0,17,15,12,
30,17,11,2,13,4,6,0,20,18,15,
27,14,9,2,11,4,6,0,17,16,12,
31,16,10,3,12,6,7,0,21,17,13,
27,14,9,2,11,4,6,0,17,16,12,
29,15,9,2,11,5,6,0,19,19,12,
27,13,7,0,9,3,4,12,16,14,10,
29,15,9,3,11,5,7,0,18,16,13,
27,14,9,2,11,4,6,0,17,16,12,
27,15,9,2,13,5,6,0,18,16,13,
27,15,9,2,11,5,6,0,18,16,12,
27,15,9,2,11,5,6,0,18,16,12,
27,15,9,2,11,5,6,0,18,16,12,
28,15,9,2,11,5,6,0,18,16,13,
28,15,9,2,11,5,7,0,18,16,12,
34,20,12,2,17,8,10,0,23,22,18,
27,15,9,2,11,5,7,0,18,16,12,
28,15,9,3,11,5,7,0,18,16,13,
28,15,9,2,11,5,7,0,18,16,12,
28,15,9,3,11,5,7,0,18,16,13,
28,15,9,3,11,5,7,0,18,16,13,
27,15,9,3,11,5,7,0,18,16,13,
27,15,9,3,11,5,7,0,18,16,13,
28,15,9,2,11,5,6,0,18,16,12,
27,15,9,3,12,5,7,0,18,16,13,
27,14,8,2,11,4,6,0,17,15,12,
27,14,8,2,11,4,6,0,17,15,12,
30,15,9,3,11,5,7,0,20,16,13,
27,14,8,2,11,4,6,0,17,15,12,
27,14,9,2,11,4,6,0,17,15,12,
27,14,9,2,11,4,6,0,17,15,12,
27,11,6,0,8,1,3,0,14,13,9,
30,15,9,3,11,5,7,0,18,16,13,
27,14,9,2,11,4,6,0,17,16,12,
27,14,9,2,11,4,6,0,17,16,12,
27,14,9,2,11,4,6,0,17,16,12,
28,15,9,5,11,5,7,0,18,16,12,
27,15,9,2,11,5,6,0,18,16,12,
27,14,9,2,11,4,6,0,17,16,12,
27,14,9,2,11,4,6,0,17,16,12,
27,14,9,2,11,4,6,0,17,16,12,
30,14,11,2,11,5,6,0,17,16,12,
30,17,12,2,14,4,6,0,20,19,15,
28,15,9,2,11,5,6,0,18,16,12,
33,17,12,5,14,7,9,0,20,19,15,
27,15,9,2,11,5,6,0,18,16,12,
27,15,9,2,11,5,6,0,18,16,12,
27,15,9,2,11,5,6,0,18,16,12,
30,17,9,2,11,5,7,0,20,18,12,
28,15,9,2,11,5,7,0,18,16,13,
28,15,9,3,11,5,7,0,18,16,13,
29,16,9,3,13,5,7,0,19,17,14,
28,15,9,2,11,5,7,0,18,16,12,
28,15,9,3,11,5,7,0,18,16,13,
31,17,9,3,13,5,7,0,20,18,14,
28,15,9,3,11,5,7,0,18,16,13,
33,20,12,3,17,7,9,0,23,21,18,
27,15,10,3,12,5,7,0,18,16,13,
27,15,9,3,12,5,7,0,18,16,13,
27,14,8,2,11,4,6,0,17,15,12,
27,15,9,3,12,5,7,0,18,16,13,
27,14,9,2,11,4,6,0,17,15,12,
27,14,9,2,11,4,6,0,17,16,12,
27,14,9,2,11,4,6,0,17,15,12,
27,14,9,2,11,4,6,0,17,15,12,
27,14,9,2,11,4,6,0,17,15,12,
27,14,9,2,11,4,6,0,17,15,12,
27,14,9,2,11,5,6,0,18,16,12,
27,14,9,2,11,4,6,0,17,16,12,
29,15,9,2,11,5,7,0,18,16,12,
27,14,9,2,11,4,6,0,17,15,12,
27,14,9,2,11,4,6,0,17,16,12,
27,12,7,0,9,2,4,0,15,14,10,
32,17,9,3,12,5,7,0,20,18,13,
27,14,9,2,11,4,6,0,17,16,12,
27,14,9,2,11,5,6,0,17,16,12,
27,15,9,2,11,5,6,0,18,16,12,
32,18,12,3,14,5,10,0,21,19,15,
30,17,11,2,13,4,6,0,20,18,15,
27,14,9,2,11,5,6,0,17,16,12,
32,16,11,4,13,6,8,0,22,18,14,
27,14,9,2,11,5,6,0,17,16,12,
28,15,9,2,11,5,7,0,18,16,13,
28,15,9,2,11,5,7,0,18,16,12,
28,15,9,2,11,5,7,0,18,16,13,
28,15,9,2,11,5,7,0,18,16,13,
28,15,9,3,11,5,7,0,18,16,13,
28,15,9,3,11,5,7,0,18,16,13,
28,15,9,3,11,5,7,0,18,16,13,
31,18,9,3,11,5,7,0,21,19,13,
28,15,9,3,11,5,7,0,18,16,13,
27,15,9,3,11,5,7,0,18,16,13,
27,15,9,3,12,5,7,0,18,16,13,
27,14,8,2,11,4,6,0,17,15,12,
27,14,8,2,11,4,6,0,17,15,12,
27,14,9,2,11,4,6,0,17,15,12,
27,14,9,2,11,4,6,0,17,15,12,
32,19,11,2,15,7,8,0,22,20,17,
27,14,9,2,11,4,6,0,17,15,12,
29,15,10,3,12,5,7,0,19,17,13,
27,14,9,2,11,4,6,0,17,15,12,
27,14,9,2,11,4,6,0,17,15,12,
27,14,9,2,11,4,6,0,17,16,12,
27,14,9,2,11,4,6,0,17,16,12,
27,14,9,2,11,4,6,0,17,15,12,
29,16,11,2,13,4,8,0,19,18,14,
27,14,9,2,11,4,6,0,17,16,12,
27,14,9,2,11,4,6,0,17,16,12,
27,14,9,2,11,4,6,0,17,16,12,
29,15,9,2,11,5,6,0,18,16,12,
27,14,9,2,11,4,6,0,17,16,12,
27,14,9,2,11,4,6,0,17,16,12,
29,14,9,2,11,5,6,0,17,16,12,
31,17,12,2,14,4,9,0,20,18,15,
28,15,9,2,11,5,6,0,18,16,12,
27,15,9,2,11,5,6,0,18,16,12,
30,15,9,2,11,5,7,0,20,16,12,
28,15,9,2,11,5,7,0,18,16,13,
30,17,12,5,16,7,9,0,20,19,16,
30,17,9,2,14,5,7,0,20,19,15,
29,14,9,2,11,5,6,0,17,16,12,
33,18,12,5,14,8,9,0,23,19,15,
28,15,9,3,11,5,7,0,18,16,13,
29,15,9,3,11,5,7,0,18,16,13,
28,15,9,3,11,5,7,0,18,16,13,
30,15,9,3,12,5,7,0,18,16,13,
27,15,9,3,12,5,7,0,18,16,13,
27,15,9,3,12,5,7,0,18,16,13,
27,14,9,2,11,4,6,0,17,15,12,
27,15,9,3,12,5,7,0,18,16,13,
30,17,9,2,11,4,6,0,20,18,12,
27,15,9,3,12,5,7,0,18,16,13,
27,14,9,2,11,4,6,0,17,15,12,
27,14,9,2,11,4,6,0,17,15,12,
27,14,9,2,11,4,6,0,17,15,12,
27,14,9,2,11,4,6,0,17,15,12,
27,14,9,2,11,4,6,0,17,15,12,
27,14,9,2,11,4,6,0,17,15,12,
28,14,9,2,11,4,6,0,17,15,12,
27,14,9,2,11,4,6,0,17,16,12,
27,14,9,2,11,4,6,0,17,16,12,
27,15,9,2,11,5,6,0,18,16,12,
27,14,9,2,11,4,6,0,17,16,12,
27,14,9,2,11,4,6,0,17,16,12,
27,14,9,2,11,4,6,0,17,16,12,
