153,11,24,10,1,10,23,19,0,9,12,
156,13,30,9,1,10,30,19,0,9,13,
134,13,31,10,1,10,30,19,0,9,13,
113,12,30,9,0,9,29,18,0,8,13,
89,11,30,8,0,8,29,17,0,7,12,
65,1,2,2,1,2,2,2,2,0,2,
44,0,1,1,0,0,1,1,0,0,1,
22,1,2,1,1,1,2,0,1,0,2,
8,1,3,0,0,1,2,0,1,0,2,
7,1,1,1,0,1,2,1,1,1,1,
7,1,1,0,0,0,1,0,1,0,1,
11,0,2,1,0,1,3,0,3,0,3,
7,0,2,1,0,1,2,0,2,0,2,
9,3,3,0,1,0,3,0,2,0,3,
7,1,1,0,0,1,1,1,0,0,1,
6,1,2,1,1,1,2,1,0,1,1,
6,1,1,1,0,1,1,1,0,0,1,
6,0,0,0,0,0,0,0,0,0,0,
10,0,5,0,0,0,2,0,1,0,1,
7,0,2,2,0,0,2,2,0,0,2,
6,0,1,0,0,0,1,0,0,0,1,
6,0,0,0,0,0,1,0,0,0,1,
5,1,1,1,0,1,1,1,0,1,1,
6,0,0,0,0,0,0,0,1,0,0,
6,1,1,1,1,1,1,1,1,0,0,
6,2,2,1,0,2,2,2,0,2,2,
6,0,0,0,0,0,0,0,0,0,0,
6,1,1,1,0,1,1,0,0,0,1,
5,2,1,1,0,2,1,1,0,2,1,
5,1,1,1,0,1,1,1,0,1,1,
6,2,1,1,0,2,2,2,0,1,2,
6,2,1,1,1,1,1,2,0,1,1,
6,0,0,0,0,1,1,0,0,1,0,
5,1,1,1,1,1,1,1,0,1,1,
5,1,1,1,0,1,1,1,0,1,1,
7,1,1,2,0,1,2,3,0,2,1,
8,4,3,1,0,3,1,1,0,4,4,
7,2,1,0,0,1,1,0,0,0,0,
6,2,2,2,1,2,2,2,0,1,2,
5,0,0,0,0,0,0,0,0,0,0,
4,1,1,1,0,1,1,1,0,1,1,
6,1,1,0,0,1,1,1,0,1,1,
5,0,1,0,0,0,1,0,0,0,1,
5,2,1,1,1,1,2,2,0,1,2,
5,2,1,0,0,2,1,1,0,2,1,
4,1,1,1,0,1,1,1,0,1,1,
4,1,1,1,0,1,1,1,0,1,1,
4,0,0,0,0,0,0,0,0,0,0,
4,1,1,1,0,1,1,1,0,1,1,
4,1,1,0,0,1,1,1,0,0,1,
4,1,1,0,0,1,1,1,0,0,1,
4,1,1,1,1,1,1,1,0,1,1,
4,0,0,0,0,0,0,0,0,0,0,
4,1,1,1,0,1,1,0,0,0,1,
4,1,1,1,0,1,1,1,0,1,1,
6,1,1,1,0,1,1,1,0,1,1,
4,1,1,1,0,1,1,1,0,1,1,
4,1,1,1,0,1,1,1,0,1,1,
4,1,1,1,0,1,1,1,0,1,1,
4,1,1,1,1,1,1,1,0,1,1,
4,0,0,0,0,0,0,0,0,0,0,
4,1,1,1,0,1,1,1,0,1,1,
5,0,1,0,0,0,1,1,0,0,1,
7,2,1,1,1,2,3,1,0,1,1,
5,1,1,1,0,1,1,1,0,1,1,
4,0,0,0,0,0,0,0,0,0,0,
4,2,1,1,0,1,1,1,1,1,1,
4,1,1,1,0,1,1,1,0,1,1,
4,1,1,1,0,1,1,1,0,1,1,
4,1,1,1,0,1,1,1,0,1,1,
4,1,1,1,0,1,1,1,0,1,1,
4,0,0,0,0,0,0,0,0,0,0,
5,1,1,1,0,1,1,1,0,0,1,
6,3,0,0,0,3,0,1,0,3,0,
4,1,0,0,0,1,0,0,0,1,0,
4,0,0,0,0,0,0,0,0,0,0,
4,1,1,1,1,1,1,1,0,1,1,
4,0,0,0,0,0,0,0,0,0,0,
6,1,1,0,0,1,1,1,0,1,1,
5,0,0,0,0,0,0,0,0,0,0,
6,1,1,1,0,1,1,1,0,1,1,
5,1,1,1,0,1,1,1,0,1,1,
4,0,0,0,0,0,0,0,0,0,0,
7,0,0,0,0,0,0,0,0,0,0,
4,0,1,0,0,1,1,0,0,0,1,
6,1,1,1,0,1,1,1,0,1,1,
7,1,1,1,0,1,1,1,0,1,1,
4,0,1,0,0,1,1,0,0,0,0,
5,0,1,0,0,1,1,1,0,0,1,
5,0,1,0,0,0,0,1,0,0,0,
9,1,1,1,0,1,1,1,0,1,1,
4,1,0,0,0,1,1,0,0,0,1,
4,0,0,0,0,0,0,0,0,0,0,
4,0,0,0,0,0,0,0,0,0,0,
4,0,0,0,0,0,0,0,0,0,0,
6,1,1,0,0,0,1,0,2,1,1,
5,0,0,0,0,0,0,0,0,0,0,
5,0,0,0,0,0,0,0,0,0,0,
3,0,1,0,0,0,1,0,0,0,0,
4,0,0,0,0,1,1,1,0,0,1,
3,0,0,0,0,1,1,0,0,0,0,
3,0,1,0,0,1,1,0,0,0,0,
3,0,1,0,0,1,1,1,0,0,1,
3,1,1,0,0,1,1,0,0,0,1,
3,1,0,0,0,1,1,0,0,0,0,
3,1,1,0,0,1,1,0,0,0,1,
3,1,1,0,0,1,1,0,0,0,1,
3,1,0,0,0,1,1,0,0,0,1,
4,0,1,1,0,0,1,1,0,0,1,
6,0,1,1,0,1,1,1,0,0,1,
4,1,1,1,0,1,1,1,0,1,1,
3,1,1,1,0,1,1,1,0,0,1,
3,0,0,0,0,1,1,1,0,0,1,
4,1,1,0,0,1,1,1,0,1,1,
6,1,1,1,0,2,2,1,0,1,1,
4,1,1,1,0,1,1,1,0,1,1,
5,1,0,0,0,0,1,1,0,0,0,
5,1,1,1,0,1,1,1,0,0,1,
4,0,0,0,0,0,1,0,0,0,0,
7,0,0,0,0,0,0,0,0,0,0,
5,1,0,0,0,1,1,0,0,1,1,
4,1,0,0,0,1,1,0,0,0,0,
6,2,0,1,0,2,0,0,0,2,0,
4,0,0,0,0,1,0,0,0,0,0,
4,0,0,0,0,0,0,0,0,0,0,
6,2,1,0,1,1,1,1,1,1,1,
5,1,1,1,0,1,1,1,0,1,1,
15,3,1,0,1,2,3,2,1,1,2,
6,0,0,0,0,0,0,0,0,0,0,
5,1,1,0,0,1,1,0,0,1,1,
5,0,0,0,0,1,0,0,0,0,0,
4,1,1,1,0,1,1,1,0,1,1,
4,1,1,1,0,1,1,1,0,1,1,
6,2,0,0,0,2,0,0,0,2,0,
4,1,1,1,1,1,1,1,0,1,1,
4,1,1,1,1,1,1,1,0,1,1,
4,1,1,1,0,1,1,1,0,1,1,
3,0,0,0,0,0,0,0,0,0,0,
5,0,0,0,0,0,0,0,0,0,0,
4,1,1,1,0,1,1,1,0,1,1,
4,1,1,1,1,1,1,1,0,1,1,
4,0,0,0,0,0,0,1,0,0,0,
4,0,0,0,0,0,0,0,0,0,0,
4,0,0,0,0,0,0,0,0,0,0,
5,0,0,0,0,0,0,0,0,0,0,
4,0,0,0,0,0,0,0,0,0,0,
4,0,0,0,0,0,0,0,0,0,0,
4,0,0,0,0,0,0,0,0,0,0,
4,0,0,0,0,0,0,0,0,0,0,
3,0,1,0,0,0,0,0,0,0,0,
3,0,0,0,0,0,0,0,0,0,0,
3,0,0,0,0,0,0,0,0,0,0,
3,0,0,0,0,0,0,0,0,0,0,
3,0,0,0,0,0,0,0,0,0,0,
3,0,1,0,0,1,1,0,0,1,1,
3,0,1,0,0,0,1,0,0,0,1,
3,0,0,0,0,0,0,0,0,0,0,
5,2,0,0,0,2,0,0,0,2,0,
5,1,2,1,1,1,2,1,0,1,2,
4,1,1,1,0,1,1,1,0,0,1,
3,0,0,0,0,1,1,0,0,0,0,
3,1,0,0,0,1,1,1,0,0,0,
5,1,1,1,0,1,1,1,0,1,1,
3,0,0,0,0,0,1,0,0,0,0,
3,0,0,0,0,0,0,0,0,0,0,
4,1,1,0,0,1,1,0,0,0,0,
3,1,0,0,0,1,1,0,0,0,0,
5,0,0,0,0,0,0,0,0,0,0,
3,0,0,0,0,1,1,0,0,0,0,
3,0,0,0,0,1,1,0,0,0,0,
3,1,1,0,0,1,1,1,1,1,1,
5,1,1,1,0,1,2,1,0,1,1,
4,0,1,0,0,0,1,0,0,0,1,
5,0,1,0,0,0,1,0,0,0,0,
3,1,1,1,0,1,1,1,0,1,1,
3,1,1,0,0,1,1,0,0,0,1,
4,1,1,0,0,1,1,0,0,0,1,
3,1,1,0,0,1,1,0,0,1,1,
3,1,1,0,0,1,1,0,0,1,1,
4,1,1,1,1,1,1,1,0,1,1,
4,1,1,1,0,1,1,1,0,1,1,
3,1,1,1,0,1,1,1,0,1,1,
4,0,0,0,0,0,0,0,0,0,0,
4,0,0,0,0,0,0,0,0,0,0,
4,0,0,0,0,0,0,0,0,0,0,
4,0,0,0,0,0,0,0,0,0,0,
4,0,0,0,0,0,0,0,0,0,0,
4,1,0,0,0,0,0,0,0,0,0,
4,0,0,0,0,0,0,0,0,0,0,
4,0,0,0,0,0,0,0,0,0,0,
5,1,1,0,0,0,1,0,0,0,0,
7,1,1,0,0,1,1,1,1,2,1,
7,0,1,0,0,1,1,1,0,0,1,
4,1,0,0,0,1,1,0,0,0,0,
4,0,0,0,0,0,0,0,0,0,0,
4,0,0,0,0,0,1,0,0,0,0,
8,0,0,0,0,0,0,0,0,0,0,
7,1,1,1,0,1,1,1,0,0,0,
4,0,0,0,0,0,0,0,0,0,1,
4,1,1,1,1,1,1,1,0,1,1,
4,1,1,1,0,1,1,1,0,1,1,
3,1,1,1,0,1,1,1,0,1,1,
4,0,0,0,0,0,0,0,0,0,0,
5,0,0,0,0,0,0,0,1,0,0,
4,1,1,0,0,1,1,1,0,1,1,
4,0,0,0,0,0,1,0,0,0,0,
3,1,0,0,0,0,0,0,0,0,0,
3,0,0,0,0,0,1,0,0,0,1,
4,0,1,0,0,0,1,0,0,0,1,
3,0,0,0,0,0,0,0,0,0,0,
3,0,0,0,0,0,0,0,0,0,0,
3,0,0,0,0,0,0,0,0,0,0,
3,0,1,1,0,0,1,0,0,0,0,
3,1,1,1,0,1,1,1,0,1,1,
3,0,0,0,0,0,0,0,0,0,0,
3,0,0,0,0,0,0,0,0,0,0,
3,0,0,0,0,0,0,0,0,0,0,
3,0,0,0,0,0,0,0,0,0,0,
3,0,0,0,0,0,0,0,0,0,0,
3,0,0,0,0,0,0,0,0,0,0,
4,0,1,1,1,0,1,1,1,0,1,
3,0,0,0,0,0,0,1,0,0,0,
3,0,1,0,0,0,0,0,0,0,0,
3,0,0,0,0,0,0,0,0,0,0,
3,0,0,0,0,0,0,0,0,0,0,
4,1,1,1,0,1,1,1,0,1,1,
3,0,1,0,1,0,1,0,1,0,0,
3,0,0,0,0,0,0,0,0,0,1,
4,1,1,1,1,1,1,1,0,1,1,
5,1,1,0,0,1,1,1,0,1,1,
6,4,1,1,0,3,1,1,0,4,1,
3,1,1,0,0,1,1,1,0,1,1,
3,1,1,1,0,1,1,1,0,1,1,
4,0,0,0,0,0,0,0,0,0,0,
4,1,1,0,0,1,1,0,0,0,0,
6,1,0,0,0,1,0,0,0,1,0,
6,3,3,1,0,3,3,1,0,3,1,
3,1,1,0,0,0,1,0,0,0,1,
5,2,1,0,0,0,0,0,0,0,0,
4,0,0,0,0,0,0,0,0,1,0,
5,0,0,0,0,0,0,0,0,0,0,
4,1,1,1,0,1,1,1,0,1,1,
7,3,1,1,0,3,0,1,0,3,0,
4,0,0,0,0,0,0,0,0,0,0,
4,0,1,0,0,0,1,1,0,0,1,
4,0,0,0,0,0,0,0,0,0,0,
4,0,0,0,0,0,0,0,0,0,0,
4,1,1,1,0,1,1,1,0,1,1,
5,1,1,1,1,2,1,1,0,1,1,
4,0,0,0,0,0,0,0,0,0,0,
5,2,2,2,0,2,2,2,0,2,2,
4,1,1,1,0,1,1,1,0,1,1,
4,0,0,0,0,0,0,0,0,0,0,
4,0,0,0,0,0,0,0,0,0,0,
10,0,1,3,0,6,1,3,0,0,1,
12,4,2,2,0,4,2,4,2,2,1,
9,2,2,2,1,2,2,2,0,1,1,
4,1,1,0,0,1,1,1,0,0,1,
3,1,1,1,1,1,1,1,0,1,1,
4,0,0,0,0,0,0,0,0,0,0,
3,1,1,1,0,1,1,1,0,1,1,
2,1,1,1,0,1,1,1,0,1,1,
3,2,1,1,0,1,1,1,0,1,1,
2,1,1,1,0,1,1,1,0,1,1,
4,1,1,1,0,1,1,1,0,1,1,
2,1,1,1,0,1,1,1,0,1,1,
3,0,0,0,0,0,0,0,0,0,0,
4,0,0,0,0,0,0,0,0,0,0,
3,0,0,0,0,0,0,0,0,0,0,
3,0,0,0,0,0,0,0,0,0,0,
4,0,0,0,0,0,0,0,0,0,0,
2,0,0,0,0,0,0,0,0,0,0,
3,0,0,0,0,0,0,0,0,0,0,
3,0,0,0,0,0,0,0,0,0,0,
3,0,0,0,0,0,0,0,0,0,0,
3,0,0,0,0,0,0,0,0,0,0,
6,0,0,0,0,0,0,0,0,0,0,
3,0,0,0,0,0,0,0,0,0,0,
3,0,0,0,0,0,0,0,0,0,0,
3,0,0,0,0,0,0,0,0,0,0,
3,0,0,0,0,0,0,0,0,0,0,
5,1,1,1,1,1,1,1,0,1,1,
5,0,0,0,0,0,0,1,0,0,0,
6,1,1,1,0,1,3,1,0,1,1,
3,1,1,0,0,1,1,1,0,1,1,
3,0,0,0,0,0,0,0,0,0,0,
3,0,0,0,0,0,1,0,0,0,0,
3,0,0,0,0,0,0,0,0,0,0,
3,0,0,0,0,0,0,0,0,0,0,
4,0,1,0,0,0,0,0,0,0,0,
3,0,0,0,0,0,1,0,0,0,0,
4,0,0,0,0,0,0,1,0,1,0,
3,0,0,0,0,1,1,0,0,0,0,
3,0,0,0,0,1,0,0,0,0,0,
3,1,1,0,0,1,1,0,0,0,0,
3,1,1,0,0,1,1,0,0,0,1,
3,1,1,0,0,1,1,1,0,1,1,
8,1,5,1,0,1,1,1,0,1,1,
3,1,1,1,0,1,1,1,0,1,1,
3,1,1,1,0,1,1,1,0,1,1,
4,1,1,1,1,1,1,1,0,1,1,
3,1,1,1,0,1,1,1,0,1,1,
3,1,1,1,0,1,1,1,0,1,1,
4,1,1,1,0,1,1,1,0,1,1,
4,1,1,1,0,1,1,1,0,1,1,
3,1,1,1,0,1,1,1,0,1,1,
3,1,1,1,0,1,1,1,0,1,1,
3,1,1,1,0,1,1,1,0,1,1,
3,1,1,1,0,1,1,1,0,1,1,
4,0,0,0,0,0,0,0,0,0,0,
4,1,1,1,1,1,1,1,0,1,1,
2,1,1,1,0,1,1,1,0,1,1,
2,1,1,1,0,1,1,1,0,1,1,
2,1,1,1,0,1,1,1,0,1,1,
2,1,1,1,0,1,1,1,0,1,1,
3,1,1,1,0,1,1,1,0,1,1,
2,0,0,0,0,0,0,0,0,0,0,
3,0,1,1,0,1,1,1,0,0,1,
4,0,1,0,0,0,0,0,0,0,0,
3,0,0,0,0,0,0,0,0,0,0,
3,1,1,1,0,1,1,1,0,1,1,
3,1,1,1,1,1,1,1,0,1,1,
3,0,0,0,0,0,0,0,0,0,0,
2,0,0,0,0,0,0,0,0,0,0,
3,0,0,0,0,0,0,0,0,0,0,
3,1,0,0,0,1,1,1,0,1,0,
5,0,0,0,0,0,0,0,0,1,1,
4,0,0,2,0,0,0,2,0,0,0,
3,0,0,0,0,0,0,0,0,0,0,
4,1,1,1,0,2,1,1,0,1,1,
3,1,1,0,0,1,1,0,0,0,0,
3,1,1,0,0,1,1,0,0,1,1,
6,0,0,0,1,0,0,0,0,0,0,
3,0,0,0,0,1,1,0,0,0,0,
3,0,1,0,0,1,1,0,0,0,0,
3,0,0,0,0,0,0,0,0,0,0,
5,0,0,0,0,1,2,0,0,0,0,
6,1,1,1,0,1,1,1,0,1,1,
3,0,0,0,0,0,0,0,0,0,0,
3,1,0,0,0,1,1,0,0,1,1,
3,0,0,0,0,1,0,0,0,0,0,
4,0,0,0,0,0,0,0,0,0,0,
5,0,0,0,0,0,0,0,0,0,0,
6,1,1,0,0,1,1,0,0,0,1,
3,1,1,0,0,1,1,1,0,1,0,
3,1,1,0,0,1,1,0,0,1,1,
3,0,0,0,0,1,0,0,0,0,0,
3,0,0,0,0,1,0,0,0,1,0,
4,1,1,1,0,1,2,2,0,0,1,
4,1,1,1,0,1,1,1,0,1,1,
3,1,1,1,0,1,1,1,0,1,1,
6,0,1,0,0,1,1,0,0,0,1,
3,1,1,0,0,1,1,1,0,1,1,
3,1,0,0,0,1,1,0,0,0,0,
3,0,0,0,0,1,0,0,0,0,0,
3,1,0,0,0,1,1,0,0,0,0,
4,1,1,1,0,1,1,1,0,1,1,
3,1,1,0,0,1,1,0,0,0,1,
3,1,1,1,0,1,1,1,0,0,1,
3,1,1,1,0,1,1,1,0,1,1,
3,1,1,1,0,1,1,1,0,0,1,
5,1,1,1,0,1,1,1,0,1,1,
3,1,1,0,0,1,1,1,0,1,1,
3,1,1,0,0,1,1,0,0,1,1,
3,1,1,0,0,1,1,1,0,1,1,
5,2,2,2,0,2,2,2,1,2,2,
4,0,0,0,0,0,0,0,0,0,0,
5,1,1,1,0,1,1,1,0,1,1,
2,1,1,1,0,1,1,1,0,1,1,
2,1,1,1,0,1,1,1,0,1,1,
3,1,1,1,1,1,1,1,0,1,1,
3,0,0,0,0,0,0,0,0,0,0,
5,3,3,1,1,3,3,3,0,3,3,
3,1,1,1,0,1,1,1,0,1,2,
3,1,1,1,0,1,1,1,0,1,1,
3,0,0,0,0,0,0,0,0,0,0,
2,0,0,0,0,0,0,0,0,0,0,
3,0,0,0,0,0,0,0,0,0,0,
3,0,0,0,0,0,0,0,0,0,0,
4,0,0,0,0,0,0,0,0,0,0,
3,0,0,0,0,0,0,0,0,0,0,
3,0,0,0,0,0,0,0,0,0,0,
4,1,1,1,0,1,1,1,0,1,1,
11,0,0,1,0,3,0,1,0,0,5,
8,1,1,0,0,1,1,0,0,0,0,
3,1,1,0,0,1,1,0,0,0,0,
3,0,0,0,0,0,0,0,0,0,0,
3,0,0,0,0,0,0,0,0,0,0,
3,0,0,0,0,0,0,0,0,0,0,
3,0,0,0,0,0,0,0,0,0,0,
3,0,0,0,0,0,0,0,0,0,0,
3,0,0,0,0,0,0,0,0,0,0,
2,0,0,0,0,0,0,0,0,0,0,
3,0,0,0,0,0,0,0,0,0,0,
3,0,0,0,0,0,0,0,0,0,0,
3,0,0,0,0,0,0,0,0,0,0,
3,0,0,0,0,0,0,0,0,0,0,
3,0,0,0,0,0,0,0,0,0,0,
3,0,0,0,0,0,0,0,0,0,0,
3,0,0,0,0,0,0,0,0,0,0,
3,0,0,0,0,0,0,0,0,0,0,
3,0,0,0,0,0,0,0,0,0,0,
3,0,0,0,0,0,0,0,0,0,0,
3,0,0,0,0,0,0,0,0,0,0,
3,0,0,0,0,0,0,0,0,0,0,
3,1,0,1,0,1,1,0,0,1,1,
4,1,1,1,0,1,1,0,0,1,0,
4,0,2,1,1,0,2,2,0,0,2,
3,1,1,1,0,1,1,1,0,1,1,
3,0,0,1,0,0,1,0,0,0,0,
3,0,0,0,0,0,0,0,0,0,0,
3,0,0,0,0,0,0,0,0,0,0,
3,0,0,0,0,0,0,0,0,0,0,
4,1,1,0,0,1,1,0,0,0,0,
3,1,1,1,0,1,1,1,0,0,1,
3,0,1,0,0,1,1,1,0,0,0,
3,0,0,0,0,0,1,0,0,0,0,
3,0,1,0,0,0,1,1,0,0,1,
3,0,1,0,0,0,1,1,0,0,0,
3,1,1,0,1,1,1,1,0,0,1,
3,1,1,1,0,1,1,1,0,0,1,
3,1,1,0,0,1,1,0,0,0,1,
3,1,1,0,1,1,1,0,0,1,2,
3,0,0,0,0,0,0,0,0,0,0,
5,1,1,1,0,1,1,1,0,1,1,
3,1,1,2,0,1,1,2,0,1,1,
2,1,1,1,0,1,1,1,0,1,1,
2,1,1,1,0,1,1,1,0,1,1,
2,1,1,1,0,1,1,1,0,1,1,
3,0,0,0,0,0,0,0,0,0,0,
2,1,1,1,0,1,1,1,0,1,1,
2,1,1,1,0,1,1,1,0,1,1,
3,0,0,0,0,0,0,0,0,0,0,
2,1,1,1,1,1,1,1,0,1,1,
4,0,1,0,0,0,1,0,0,0,0,
2,1,1,1,0,1,1,1,0,1,1,
2,1,1,1,1,1,1,1,0,1,1,
2,1,1,1,0,1,1,1,0,1,1,
2,1,1,1,1,1,1,1,0,1,1,
2,0,0,0,0,0,0,0,0,0,0,
4,0,0,0,0,0,0,0,0,0,0,
2,0,0,0,0,0,0,0,0,0,0,
2,0,0,0,0,0,0,0,0,0,0,
2,0,0,0,0,0,0,0,0,0,0,
2,0,0,0,0,0,0,0,0,0,0,
2,0,0,0,0,0,0,0,0,0,0,
2,0,0,0,0,0,0,0,0,0,0,
3,0,0,0,0,0,0,0,0,0,0,
3,0,0,0,0,0,0,0,0,0,0,
3,0,0,0,0,0,0,0,0,0,0,
2,0,0,0,0,0,0,0,0,0,0,
2,0,0,0,0,0,0,0,0,0,0,
5,0,0,0,0,0,0,0,0,0,0,
2,0,0,0,0,0,0,0,0,0,0,
3,0,0,0,0,0,0,0,0,0,0,
5,0,2,0,0,0,2,0,0,0,2,
3,0,0,0,0,0,0,0,0,0,0,
3,0,0,0,0,0,0,0,0,0,0,
6,0,0,0,0,0,0,0,0,0,0,
3,0,0,0,0,0,0,0,0,0,0,
4,0,1,1,1,0,1,1,1,0,1,
3,0,0,0,0,0,0,0,0,0,0,
4,0,0,0,0,0,0,0,0,0,0,
3,0,0,0,0,0,0,0,0,0,0,
4,1,1,1,0,1,1,1,0,1,1,
3,0,0,0,0,0,0,0,0,0,0,
3,0,0,0,0,0,0,0,0,0,0,
3,0,0,0,0,0,0,0,0,0,0,
3,0,0,0,0,0,0,0,0,0,0,
3,0,0,0,0,0,1,0,0,0,0,
3,0,0,0,0,0,1,0,0,0,0,
3,0,0,0,0,0,1,0,0,0,0,
3,0,1,0,0,0,1,0,0,0,0,
3,1,1,1,0,1,1,1,0,0,1,
3,1,1,1,0,1,1,1,0,1,1,
4,1,1,2,0,1,1,1,0,1,1,
5,1,2,1,0,1,2,1,0,1,2,
2,1,1,0,0,1,1,1,0,1,1,
3,1,1,1,1,1,1,1,0,1,1,
2,1,1,0,0,1,1,0,0,1,1,
2,1,1,1,0,1,1,1,0,1,1,
2,1,1,1,0,1,1,1,0,1,1,
2,1,1,0,0,1,1,1,0,1,1,
2,1,1,0,0,1,1,1,0,1,1,
2,0,0,0,0,0,0,0,0,0,0,
2,1,1,1,0,1,1,1,0,1,1,
2,1,1,1,0,1,1,1,0,1,1,
3,1,1,1,0,1,1,1,0,1,1,
3,1,2,1,0,1,1,1,0,1,1,
5,1,2,2,2,0,2,2,2,0,2,
3,0,0,0,0,0,0,0,0,0,0,
5,1,1,1,0,1,1,4,0,1,1,
2,1,1,1,0,1,1,1,0,1,1,
3,1,1,1,0,1,1,1,0,1,1,
2,1,1,1,1,1,1,1,0,1,1,
2,0,0,0,0,0,0,0,0,0,0,
2,1,1,1,1,1,1,1,0,1,1,
4,0,0,1,0,0,0,2,0,0,0,
2,1,1,1,1,1,1,1,0,1,1,
2,1,1,1,1,1,1,1,0,1,1,
2,1,1,1,1,1,1,1,0,1,1,
2,1,1,1,1,1,1,1,0,1,1,
2,0,0,0,0,0,0,0,0,0,0,
2,0,0,0,0,0,0,0,0,0,0,
2,0,0,0,0,0,0,0,0,0,0,
4,1,1,0,0,1,1,0,0,0,0,
3,0,0,0,0,0,0,0,0,0,0,
2,0,0,0,0,0,0,0,0,0,0,
2,0,0,0,0,0,0,0,0,0,0,
4,1,1,0,0,1,1,0,0,0,0,
4,1,1,0,0,0,0,0,0,0,1,
22,6,3,2,0,6,1,3,1,9,4,
7,1,1,1,0,1,1,0,0,1,1,
3,1,1,0,0,1,1,0,0,0,0,
3,0,0,0,0,0,0,0,0,0,0,
5,0,0,0,0,0,0,0,0,0,0,
3,0,0,0,0,0,0,0,0,0,0,
3,0,0,0,0,0,0,0,0,0,0,
4,0,0,0,0,0,2,0,0,0,0,
3,0,0,0,0,0,0,0,0,0,0,
3,0,0,0,0,0,0,0,0,0,0,
3,0,0,0,0,0,0,0,0,0,0,
3,0,1,0,0,1,0,0,0,0,0,
3,1,1,0,0,1,0,0,0,1,0,
3,0,0,0,0,0,0,0,0,0,0,
2,0,0,0,0,0,0,0,0,0,0,
5,0,0,0,0,0,0,0,0,0,0,
4,0,0,0,0,0,0,0,0,0,0,
3,0,0,1,0,0,1,1,0,0,0,
3,1,0,0,0,1,0,0,0,0,0,
3,1,0,0,0,1,1,0,0,0,0,
6,0,0,0,0,0,0,0,0,0,0,
3,1,1,0,0,1,1,0,0,1,0,
3,1,1,1,0,1,1,1,0,1,1,
3,1,1,0,0,1,1,0,0,1,1,
2,1,1,0,0,1,1,1,0,1,1,
2,1,1,0,0,1,1,0,0,0,1,
5,2,2,2,0,2,2,2,0,2,2,
4,0,1,1,1,1,1,1,0,0,1,
3,0,0,0,0,0,0,0,0,0,0,
3,0,0,0,0,0,0,0,0,0,0,
2,1,1,1,1,1,1,1,0,1,1,
3,0,0,0,0,0,0,0,0,0,0,
2,1,1,1,1,1,1,1,0,1,1,
3,2,1,2,1,2,2,1,0,1,2,
4,1,0,0,0,1,0,0,0,1,0,
2,1,1,1,1,1,1,1,0,1,1,
3,0,0,0,0,0,0,0,0,0,0,
2,1,1,1,1,1,1,1,0,1,1,
2,0,0,0,0,0,0,0,0,0,0,
2,1,1,1,1,1,1,1,0,1,1,
2,1,1,1,0,1,1,1,0,1,1,
2,1,1,1,0,1,1,1,0,1,1,
3,1,1,1,0,1,1,1,0,1,1,
4,1,2,1,0,1,2,1,0,1,1,
3,1,1,1,0,1,1,1,0,1,1,
2,1,1,1,0,1,1,1,0,1,1,
2,1,1,1,0,1,1,1,0,1,1,
2,1,1,1,1,1,1,1,0,1,1,
3,1,1,1,0,1,1,1,0,1,2,
2,1,1,1,1,1,1,1,0,1,1,
2,0,0,0,0,0,0,0,0,0,0,
3,1,1,1,1,1,1,1,0,1,1,
2,1,1,1,1,1,1,1,0,1,1,
2,0,0,0,0,0,0,0,0,0,0,
3,0,1,0,1,0,1,0,0,0,1,
3,1,0,0,0,1,1,0,0,0,1,
3,0,0,0,0,0,0,0,0,0,0,
3,0,0,0,0,0,0,0,0,0,0,
3,1,0,0,0,1,0,0,0,1,0,
3,0,0,0,0,0,0,0,0,0,0,
4,1,0,0,0,2,0,0,0,1,0,
3,1,0,0,0,1,0,0,0,1,0,
3,0,0,0,0,0,0,0,0,0,0,
4,0,1,0,0,0,1,0,0,0,0,
4,0,0,0,0,0,1,0,0,0,1,
3,0,0,0,0,0,0,0,0,0,0,
3,0,0,0,0,0,0,0,0,0,0,
3,0,0,0,0,0,0,0,0,0,0,
3,0,0,0,0,0,0,0,0,0,0,
3,0,0,0,0,0,0,0,0,0,0,
3,0,0,0,0,0,0,0,0,0,0,
3,0,0,0,0,0,0,0,0,0,0,
3,0,0,0,0,0,0,0,0,0,0,
3,0,0,0,0,0,0,0,0,0,0,
3,0,0,0,0,0,0,0,0,0,0,
3,0,0,0,0,0,0,0,0,0,0,
3,0,0,0,0,0,0,0,0,0,0,
3,0,0,0,0,0,0,0,0,0,0,
3,0,0,0,0,0,0,0,0,0,0,
2,1,1,0,0,0,1,0,0,0,0,
2,1,0,0,0,0,1,0,0,1,1,
2,0,1,0,0,0,1,0,0,1,0,
2,1,1,0,0,0,1,0,0,1,0,
4,1,1,2,0,1,1,2,0,1,1,
2,1,1,0,0,1,1,0,0,1,0,
2,1,1,1,0,1,1,1,0,1,1,
2,1,1,0,0,1,1,0,0,1,1,
3,0,0,0,0,0,0,0,0,0,0,
4,0,0,0,0,0,0,0,0,1,0,
2,1,1,1,0,1,1,1,0,1,1,
3,0,0,0,0,0,0,0,0,0,0,
2,1,1,1,0,1,1,1,0,1,1,
2,1,1,1,0,1,1,1,0,1,1,
6,0,2,0,0,0,1,0,0,0,0,
2,1,1,0,0,1,1,1,0,1,1,
2,1,1,1,0,1,1,1,0,1,1,
3,1,1,1,0,1,1,1,0,1,1,
2,1,1,1,0,1,1,1,0,1,1,
2,1,1,1,0,1,1,1,0,1,1,
4,1,1,1,0,1,1,1,0,1,1,
2,1,1,1,0,1,1,1,0,1,1,
2,0,0,0,0,0,0,0,0,0,0,
2,1,1,1,1,1,1,1,0,1,1,
2,1,1,1,0,1,1,1,0,1,1,
2,1,1,1,0,1,1,1,0,1,1,
3,0,0,0,0,0,0,0,0,0,0,
2,1,1,1,0,1,1,1,0,1,1,
2,1,1,1,0,1,1,1,0,1,1,
3,1,1,1,0,1,1,1,0,1,1,
2,0,0,0,0,0,0,0,0,0,0,
3,1,1,1,1,1,1,1,0,1,1,
2,1,1,1,0,1,1,1,0,1,1,
4,0,0,0,0,0,0,0,0,0,0,
2,1,1,1,1,1,1,1,0,1,1,
2,0,0,0,0,0,0,0,0,0,0,
2,0,0,0,0,0,0,0,0,0,0,
2,0,0,0,0,0,0,0,0,0,0,
5,1,1,1,0,1,1,1,0,1,1,
2,0,0,0,0,0,0,0,0,0,0,
2,0,0,0,0,0,0,0,0,0,0,
4,2,2,2,2,2,2,2,0,2,2,
3,0,0,0,0,0,0,0,0,0,0,
2,0,0,0,0,0,0,0,0,0,0,
3,0,0,0,0,0,0,0,0,0,0,
3,0,0,0,0,1,0,0,0,0,0,
3,0,0,0,0,1,1,0,0,0,0,
5,2,2,0,0,2,2,0,0,2,2,
4,2,1,1,0,1,1,1,0,1,1,
9,3,2,0,0,3,1,2,1,5,0,
10,3,2,2,2,2,4,2,0,2,2,
5,1,1,1,1,1,1,1,0,1,1,
3,1,1,1,1,1,1,1,0,1,1,
3,1,1,1,0,1,1,1,0,1,1,
3,1,1,1,0,1,1,1,0,1,1,
3,1,1,1,0,1,1,1,0,1,1,
3,1,1,1,0,1,1,1,0,1,1,
3,1,1,1,0,1,1,1,0,1,1,
2,1,1,1,0,1,1,1,0,1,1,
3,1,1,1,0,1,1,1,0,1,1,
2,1,1,1,0,1,1,1,0,1,1,
2,1,1,1,0,1,1,1,0,1,1,
2,1,1,1,0,1,1,1,0,1,1,
3,0,0,0,0,0,0,0,0,0,0,
3,0,0,0,0,0,0,0,0,0,0,
6,2,1,0,0,2,1,1,0,2,1,
6,2,0,0,0,2,0,0,0,2,0,
4,0,0,0,0,0,0,0,0,0,0,
5,0,0,1,0,0,0,2,0,0,0,
3,0,0,0,0,0,0,1,0,0,0,
2,0,0,0,0,0,0,0,0,0,0,
2,0,0,0,0,0,0,0,0,0,0,
2,1,1,1,0,1,1,1,0,1,1,
4,1,1,1,2,1,1,1,0,1,1,
3,0,0,0,0,0,0,0,0,0,0,
3,1,1,1,0,1,1,1,0,1,1,
3,1,2,1,1,1,1,1,0,1,1,
3,0,0,0,0,0,0,0,0,0,0,
3,0,0,0,0,0,0,0,0,0,0,
4,0,0,0,0,1,0,0,0,1,0,
3,0,0,0,0,0,0,0,0,0,0,
3,0,0,0,0,0,0,0,0,0,0,
3,1,1,1,0,1,1,1,0,1,1,
5,0,0,1,0,0,0,1,0,0,0,
3,0,0,0,0,0,0,0,0,0,0,
3,1,1,1,0,1,1,1,0,0,1,
2,1,1,1,1,1,1,1,0,1,1,
2,1,1,1,0,1,1,1,0,1,1,
2,1,1,1,0,1,1,1,0,1,1,
2,1,1,1,0,1,1,1,0,1,1,
2,1,1,1,0,1,1,1,0,1,1,
2,1,1,1,0,1,1,1,0,1,1,
2,0,0,0,0,0,0,0,0,0,0,
3,0,0,0,0,0,0,0,0,0,0,
2,0,0,0,0,0,0,0,0,0,0,
3,1,1,0,0,0,1,0,0,0,0,
2,0,0,0,0,0,0,0,0,0,0,
3,1,0,1,0,1,1,0,0,1,1,
3,0,0,0,0,0,0,0,0,0,0,
4,0,0,0,0,0,0,0,0,0,0,
2,0,0,0,0,0,0,0,0,0,0,
8,1,1,1,0,1,1,1,0,1,1,
3,0,1,0,0,0,0,0,0,0,0,
3,0,0,0,0,0,0,0,0,0,0,
2,0,0,0,0,0,0,0,0,0,0,
4,0,0,0,1,0,0,0,0,0,0,
4,0,0,0,0,0,0,0,0,0,0,
3,0,0,0,0,0,0,0,0,0,0,
3,0,0,0,0,0,0,0,0,0,0,
3,0,0,0,0,0,0,0,0,0,0,
3,0,0,0,0,0,0,0,0,0,0,
5,1,0,0,0,1,0,0,0,1,0,
2,0,1,0,0,1,1,0,0,1,0,
3,1,2,0,0,1,2,0,0,0,2,
2,0,1,1,0,1,1,1,0,0,1,
2,0,1,0,0,0,1,0,0,0,0,
2,0,0,0,0,0,0,0,0,0,0,
2,0,0,0,0,0,0,0,0,0,0,
2,0,0,0,0,0,0,0,0,0,0,
2,0,0,0,0,0,0,0,0,0,0,
2,0,0,0,0,0,0,0,0,0,0,
2,0,1,0,0,0,1,0,0,0,1,
2,0,0,0,0,0,1,0,0,0,0,
2,1,1,0,0,1,1,1,0,0,1,
2,0,1,0,0,1,1,1,0,0,1,
2,1,1,0,0,1,1,0,0,0,1,
2,1,1,1,0,1,1,1,0,0,1,
2,0,1,0,0,1,1,1,0,0,1,
2,1,1,1,0,1,1,1,0,0,1,
3,0,1,0,0,1,1,1,0,0,1,
2,1,1,1,0,1,1,1,0,0,1,
3,0,0,0,0,0,0,0,0,0,0,
5,1,4,1,0,1,4,1,0,1,4,
2,0,1,1,0,1,1,1,0,0,1,
2,1,1,1,0,1,1,1,0,0,1,
2,1,1,1,0,1,1,1,0,1,1,
2,1,1,1,0,1,1,1,0,1,1,
2,1,1,1,0,1,1,1,0,0,1,
3,1,1,1,0,1,1,1,0,1,1,
2,1,1,1,0,1,1,1,0,1,1,
2,1,1,1,0,1,1,1,0,1,1,
2,1,1,1,0,1,1,1,0,1,1,
2,0,0,0,0,0,0,0,0,0,0,
2,0,0,0,0,0,0,0,0,0,0,
2,1,1,1,1,1,1,1,0,1,1,
2,1,1,1,0,1,1,1,0,1,1,
2,0,0,0,0,0,0,0,0,0,0,
3,0,0,0,0,0,0,0,0,0,0,
2,0,0,0,0,0,0,0,0,0,0,
3,0,0,0,0,0,0,0,0,0,0,
4,1,0,0,0,1,0,0,0,1,0,
3,0,0,0,0,0,0,0,0,0,0,
3,0,0,0,0,0,0,0,0,0,0,
2,0,0,0,0,0,0,0,0,0,0,
2,0,0,0,0,0,0,0,0,0,0,
2,0,0,0,0,0,0,0,0,0,0,
3,1,0,0,0,1,0,0,0,1,0,
3,0,0,0,0,0,0,0,0,0,0,
3,0,0,0,0,0,0,0,0,0,0,
2,0,0,0,0,0,0,0,0,0,0,
3,0,0,0,0,0,0,0,0,0,0,
3,0,0,0,0,0,0,0,0,0,0,
5,3,0,0,0,3,0,0,0,3,0,
6,0,0,0,0,0,0,0,0,1,0,
3,1,1,1,0,1,1,1,0,1,1,
3,0,0,0,0,0,0,0,0,0,0,
3,0,0,0,0,0,0,0,0,0,0,
4,0,1,1,1,0,1,1,1,0,1,
2,1,1,0,0,1,1,1,0,1,1,
2,0,0,0,0,0,1,0,0,0,0,
2,0,0,0,0,0,0,0,0,0,0,
3,0,0,0,0,1,0,0,0,0,0,
4,1,1,1,0,1,1,1,0,1,2,
3,0,1,1,1,0,1,1,1,0,1,
2,0,0,0,0,0,1,0,0,0,0,
2,0,0,1,0,0,1,0,0,0,0,
2,0,0,0,0,0,1,0,0,0,0,
3,1,1,1,0,1,1,1,0,1,1,
3,1,0,0,0,0,0,0,0,0,0,
3,0,0,0,0,0,0,0,0,0,0,
2,0,0,1,0,0,1,1,0,0,0,
2,0,0,0,0,0,0,0,0,0,0,
2,0,0,0,0,0,1,0,0,0,0,
2,0,0,0,0,0,1,0,0,0,0,
2,1,0,0,0,0,1,0,0,0,1,
2,0,1,0,0,0,1,0,0,0,1,
4,0,0,3,0,0,1,3,0,0,1,
2,0,1,0,0,0,1,0,0,0,1,
2,1,1,1,0,0,1,1,0,0,1,
2,0,1,0,0,0,1,1,0,0,1,
3,0,0,0,0,0,0,0,0,0,0,
4,0,0,0,0,0,0,0,0,0,0,
2,1,1,1,0,1,1,1,0,0,1,
2,1,1,1,0,1,1,1,0,1,1,
2,1,1,1,0,1,1,1,0,1,1,
2,1,1,1,0,1,1,1,0,1,1,
5,1,1,1,0,1,1,1,0,1,1,
2,1,1,1,0,1,1,1,0,1,1,
2,1,1,1,0,1,1,1,0,1,1,
3,1,1,1,0,1,1,2,0,1,1,
2,1,1,1,0,1,1,1,0,1,1,
2,1,1,1,0,1,1,1,0,1,1,
2,0,0,0,0,0,0,0,0,0,0,
2,0,0,0,0,0,0,0,0,0,0,
3,0,0,0,0,0,1,0,0,0,0,
3,1,1,0,0,0,1,0,0,0,1,
3,0,0,0,0,0,0,0,0,0,0,
3,0,1,0,0,0,1,0,0,0,1,
2,0,0,0,0,0,0,0,0,0,0,
3,0,0,1,0,0,0,1,0,0,0,
3,0,0,0,0,0,0,0,0,0,0,
4,1,0,0,0,1,0,0,0,1,0,
3,0,0,1,0,0,0,1,0,0,0,
3,1,1,1,0,1,1,1,0,1,1,
3,0,0,0,0,0,0,0,0,0,0,
3,0,0,0,0,0,0,0,0,0,0,
3,0,0,0,0,0,0,0,0,0,0,
3,0,0,0,0,0,0,0,0,0,0,
3,0,0,0,0,0,0,0,0,0,0,
3,0,0,0,0,0,0,0,0,0,0,
3,0,0,0,0,0,0,0,0,0,0,
3,0,0,0,0,0,0,0,0,0,0,
3,0,0,0,0,0,0,0,0,0,0,
3,0,0,0,0,0,0,1,0,0,0,
3,0,0,0,0,0,0,0,0,0,0,
2,0,0,0,0,0,0,0,0,0,0,
2,0,0,0,0,0,0,0,0,0,0,
2,0,0,0,0,0,0,0,0,0,0,
2,0,0,0,0,0,1,0,0,0,0,
2,0,0,0,0,0,0,0,0,0,0,
2,0,0,0,0,0,0,0,0,0,0,
2,0,0,0,0,0,0,0,0,0,0,
2,0,1,0,0,0,1,0,0,0,1,
3,1,0,0,0,0,1,0,0,0,1,
2,1,1,1,0,1,1,1,0,1,1,
2,1,1,1,0,1,1,1,0,1,1,
2,0,1,1,0,1,1,1,0,1,1,
4,1,1,1,0,1,1,1,0,1,1,
2,1,1,1,0,1,1,1,0,1,1,
2,0,1,1,0,1,1,1,0,0,1,
2,0,1,1,0,0,1,1,0,0,1,
2,0,1,1,0,1,1,1,0,0,1,
2,0,1,0,0,0,1,1,0,0,1,
2,0,1,1,0,1,1,1,0,0,1,
2,0,1,1,0,0,1,1,0,0,1,
2,0,1,0,0,1,1,1,0,0,1,
2,0,1,1,0,1,1,1,0,0,1,
3,0,0,1,0,0,0,1,0,0,0,
2,1,1,1,0,1,1,1,0,1,1,
2,1,1,1,0,1,1,1,0,1,1,
2,1,1,1,0,1,1,1,0,1,1,
2,1,1,1,0,1,1,1,0,1,1,
4,0,0,0,0,0,0,0,0,0,0,
2,1,1,1,0,1,1,1,0,1,1,
2,0,0,0,0,0,0,0,0,0,0,
2,0,0,0,0,0,0,0,0,0,0,
2,0,0,0,0,0,0,0,0,0,0,
5,0,1,1,0,1,1,1,0,0,0,
2,0,0,0,0,0,0,0,0,0,0,
2,0,0,0,0,0,0,0,0,0,0,
2,0,0,0,0,0,0,0,0,0,0,
2,0,0,0,0,0,0,0,0,0,0,
2,0,0,0,0,0,0,0,0,0,0,
2,0,0,0,0,0,0,0,0,0,0,
2,0,0,0,0,0,0,0,0,0,0,
2,0,0,0,0,0,0,0,0,0,0,
2,0,0,0,0,0,0,0,0,0,0,
2,0,0,0,0,0,0,0,0,0,0,
2,0,0,0,0,0,0,0,0,0,0,
2,0,0,0,0,0,0,0,0,0,0,
2,0,0,0,0,0,0,0,0,0,0,
2,0,0,0,0,0,0,0,0,0,0,
3,0,0,0,0,0,0,0,0,0,0,
3,0,0,0,0,0,0,0,0,0,0,
3,0,0,0,0,0,0,0,0,0,0,
3,0,0,0,0,0,0,0,0,0,0,
3,0,0,0,0,0,0,0,0,0,0,
3,0,0,0,0,0,0,0,0,0,0,
3,0,0,0,0,0,0,0,0,0,0,
3,0,0,0,0,0,0,0,0,0,0,
3,0,0,0,0,0,0,0,0,0,0,
3,0,0,0,0,0,0,0,0,0,0,
2,0,0,0,0,0,0,0,0,0,1,
2,0,0,0,0,0,0,0,0,0,0,
2,0,0,0,0,0,0,0,0,0,0,
2,0,0,0,0,0,0,0,0,0,0,
2,0,1,0,0,0,1,0,0,0,0,
2,0,1,0,0,0,1,0,0,0,0,
2,0,0,0,0,0,0,0,0,0,0,
2,0,0,0,0,0,0,0,0,0,0,
2,0,0,0,0,0,0,0,0,0,0,
2,0,0,0,0,0,0,0,0,0,0,
2,1,1,1,1,1,1,1,0,0,1,
2,0,1,0,0,0,1,0,0,0,0,
2,0,0,0,0,0,1,0,0,0,0,
4,0,2,0,0,0,2,0,0,0,2,
2,0,1,0,0,0,1,0,0,0,1,
2,0,0,0,0,0,1,0,0,0,1,
2,0,1,0,0,0,1,0,0,0,1,
2,0,1,0,0,0,1,0,0,0,1,
2,1,1,1,0,1,1,1,0,1,1,
2,1,1,1,0,1,1,1,0,1,1,
2,1,1,1,0,1,1,1,0,1,1,
2,0,1,1,0,1,1,1,0,0,1,
2,0,1,1,0,1,1,1,0,0,1,
3,1,1,1,0,1,1,1,0,1,1,
4,0,1,0,0,0,1,0,2,0,1,
3,0,0,0,0,0,1,0,0,0,0,
5,3,0,0,0,3,0,0,0,3,0,
2,1,1,1,0,1,1,1,0,1,1,
2,1,1,1,1,1,1,1,0,1,1,
2,0,0,0,0,0,0,0,0,0,0,
2,1,1,1,1,1,1,1,0,1,1,
3,1,1,1,0,1,1,1,0,1,1,
2,0,0,0,0,0,0,0,0,0,0,
2,0,0,0,0,0,0,0,0,0,0,
2,0,0,0,0,0,0,0,0,0,0,
2,0,0,0,0,0,0,0,0,0,0,
4,0,1,0,0,0,1,0,0,0,0,
4,0,0,0,0,0,0,2,0,0,0,
2,0,0,0,0,0,0,0,0,0,0,
2,0,0,0,0,0,0,0,0,0,0,
2,0,0,0,0,0,0,0,0,0,0,
2,0,0,0,0,0,0,0,0,0,0,
4,0,0,0,0,0,0,0,0,0,0,
3,0,0,0,0,0,0,0,0,0,0,
2,0,0,0,0,0,0,0,0,0,0,
2,0,0,0,0,0,0,0,0,0,0,
3,0,0,0,0,0,0,0,0,0,0,
3,0,0,0,0,0,0,0,0,0,0,
3,0,0,0,0,0,0,0,0,0,0,
3,0,0,0,0,0,0,0,0,0,0,
3,0,0,0,0,0,0,0,0,0,0,
3,0,0,0,0,0,0,0,0,0,0,
3,0,0,0,0,0,0,0,0,0,0,
3,0,0,0,0,0,0,0,0,0,0,
3,0,0,0,0,0,0,0,0,0,0,
3,0,0,0,0,0,0,0,0,0,0,
2,0,0,0,0,0,0,0,0,0,0,
2,0,0,0,0,0,0,0,0,1,0,
2,1,1,1,0,1,1,1,0,0,1,
2,0,0,0,0,0,1,0,0,0,0,
2,0,0,0,0,0,0,0,0,0,0,
2,0,0,0,0,0,0,0,0,0,0,
2,0,1,1,0,0,1,0,0,0,0,
2,1,1,1,0,1,1,1,0,0,1,
2,0,0,0,0,0,0,0,0,0,0,
2,0,0,0,0,0,0,0,0,0,0,
2,0,0,0,0,0,1,0,0,0,0,
2,0,0,0,0,0,1,0,0,0,0,
2,1,1,1,0,1,1,1,0,0,1,
3,0,1,1,0,0,1,1,0,0,1,
2,0,1,1,0,0,1,1,0,0,0,
2,0,1,0,0,0,1,0,0,0,1,
2,0,1,1,0,0,1,0,0,0,1,
2,1,1,1,0,1,1,1,0,1,1,
2,0,1,1,0,0,1,1,0,0,1,
2,1,1,1,0,1,1,1,0,0,1,
2,0,1,1,0,1,1,1,0,0,1,
2,1,1,1,0,1,1,1,0,1,1,
2,1,1,1,0,1,1,1,0,1,1,
2,1,1,1,0,1,1,1,0,0,1,
2,1,1,1,1,1,1,1,0,1,1,
3,0,0,0,0,0,0,0,0,0,0,
3,0,0,0,0,0,0,0,0,0,0,
2,0,0,0,0,0,0,0,0,0,0,
2,0,0,0,0,0,0,0,0,0,0,
2,0,0,0,0,0,0,0,0,0,0,
2,0,0,0,0,0,0,0,0,0,0,
2,0,0,0,0,0,0,0,0,0,0,
2,0,0,0,0,0,0,0,0,0,0,
2,0,0,0,0,0,0,0,0,0,0,
2,0,0,0,0,0,0,0,0,0,0,
2,0,0,0,0,0,0,0,0,0,0,
2,0,0,0,0,0,0,0,0,0,0,
2,0,0,0,0,0,0,0,0,0,0,
2,0,0,0,0,0,0,0,0,0,0,
2,0,0,0,0,0,0,0,0,0,0,
3,0,0,0,0,0,1,0,0,0,1,
2,0,0,0,0,0,0,0,0,0,0,
3,0,0,1,0,0,0,1,0,0,0,
4,0,1,2,0,0,1,2,0,0,1,
3,0,0,0,0,0,0,0,0,0,0,
4,0,0,0,0,0,0,0,0,0,0,
3,1,1,1,0,1,1,1,0,1,1,
2,1,0,0,0,1,1,0,0,0,1,
4,1,1,1,0,1,1,1,0,1,1,
3,0,0,0,0,0,0,0,0,0,0,
3,0,0,0,0,0,0,0,0,0,0,
3,0,0,0,0,0,0,0,0,0,0,
3,0,0,0,0,0,0,0,0,0,0,
2,0,0,0,0,0,0,0,0,0,0,
2,0,0,0,0,0,0,0,0,0,0,
4,3,0,0,0,3,0,0,0,3,0,
2,0,0,0,0,0,0,0,0,0,0,
2,0,1,0,0,0,1,0,0,0,1,
2,0,0,0,0,0,0,0,0,0,0,
2,0,0,0,0,0,0,0,0,0,0,
2,0,0,0,0,0,0,0,0,0,0,
2,0,0,0,0,0,0,0,0,0,0,
4,2,0,0,0,2,0,0,0,2,0,
2,1,1,1,0,1,1,1,0,1,1,
2,0,1,0,0,0,0,0,0,0,0,
4,0,1,1,0,1,1,1,0,0,1,
2,0,0,0,0,1,1,0,0,0,0,
3,1,1,1,0,1,1,1,0,1,1,
3,0,0,0,0,0,0,0,0,0,0,
3,0,0,0,0,1,0,0,0,0,0,
3,0,0,0,0,1,0,0,0,0,0,
3,1,1,1,0,1,1,1,0,1,1,
2,1,1,1,0,1,1,1,0,0,1,
2,1,1,1,0,1,1,1,0,0,1,
2,1,1,1,0,1,1,1,0,1,1,
2,1,1,1,0,1,1,1,0,1,1,
2,1,1,1,0,1,1,1,0,1,1,
2,1,1,1,0,1,1,1,1,1,1,
2,1,1,1,0,1,1,1,0,1,1,
2,1,1,1,0,1,1,1,0,1,1,
2,1,1,1,0,1,1,1,0,1,1,
3,0,1,0,0,0,1,0,0,0,0,
3,1,1,1,0,1,1,1,0,1,1,
2,1,1,1,0,1,1,1,0,1,1,
2,1,1,1,0,1,1,1,0,1,1,
2,0,0,0,0,0,0,0,0,0,0,
2,0,0,0,0,0,0,0,0,0,0,
3,0,0,0,0,0,0,0,0,0,0,
4,0,1,1,1,0,1,1,1,0,1,
3,0,1,1,1,1,1,1,1,0,1,
3,0,0,0,0,1,0,0,0,0,0,
4,0,1,1,0,1,1,1,0,0,1,
5,1,1,1,0,1,1,1,0,1,1,
4,1,1,1,0,2,1,1,0,1,1,
7,4,0,0,0,2,0,0,0,2,0,
4,1,0,0,0,1,0,0,0,1,0,
3,0,0,0,0,0,0,0,0,0,0,
3,0,0,0,0,0,0,0,0,0,0,
3,0,0,0,0,0,0,0,0,0,0,
2,0,0,0,0,0,0,0,0,0,0,
3,0,0,0,0,0,0,0,0,0,0,
3,0,0,0,0,0,0,0,0,1,0,
3,0,0,0,0,0,0,0,0,0,0,
3,0,0,0,0,0,0,0,0,0,0,
3,0,0,0,0,0,0,0,0,0,0,
3,0,1,0,0,0,1,0,0,0,1,
3,0,1,0,0,0,1,0,0,0,1,
3,0,0,0,0,0,0,0,0,0,0,
2,0,0,0,0,0,0,0,0,0,0,
2,0,0,0,0,0,0,0,0,0,0,
2,0,0,0,0,0,0,0,0,0,0,
2,0,0,0,0,0,0,0,0,0,0,
2,0,0,0,0,0,0,0,0,0,0,
3,0,0,0,0,0,0,0,0,0,0,
2,0,1,0,0,1,1,0,0,0,1,
2,0,1,0,0,0,1,0,0,0,1,
2,1,1,1,0,1,1,1,0,1,1,
2,1,1,0,0,1,1,0,0,0,1,
2,1,1,0,0,1,1,0,0,1,0,
5,1,3,1,0,2,1,1,0,3,1,
2,1,1,1,0,1,1,1,0,1,1,
3,2,1,2,0,2,2,1,0,1,1,
2,1,1,1,0,1,1,1,0,1,1,
2,1,1,0,0,1,1,0,0,0,1,
2,1,1,1,0,1,1,1,0,1,1,
2,0,0,0,0,0,0,0,0,0,0,
5,0,1,1,0,1,1,0,0,0,1,
3,1,2,1,0,1,2,1,0,1,1,
4,1,1,3,0,1,1,3,0,1,1,
3,0,1,0,0,0,0,0,0,0,1,
3,1,2,1,1,1,1,1,0,1,1,
3,1,1,1,0,1,1,1,0,1,1,
3,0,0,0,0,0,0,1,0,0,0,
5,0,0,0,0,0,1,0,0,0,0,
3,0,1,0,0,0,1,0,0,0,1,
3,0,0,0,0,0,0,0,0,0,0,
2,0,0,0,0,0,0,0,0,0,0,
4,0,1,0,1,0,1,0,1,0,0,
6,0,0,0,0,0,0,0,0,0,0,
2,0,0,0,0,0,0,0,0,0,0,
3,1,0,1,0,1,1,1,0,0,1,
3,1,1,0,0,1,1,0,0,1,1,
3,1,1,0,0,1,0,1,0,0,0,
4,1,1,1,0,1,1,1,0,1,1,
5,2,1,1,0,2,1,1,0,2,1,
3,1,0,0,0,1,0,0,0,0,0,
2,0,0,0,0,0,0,0,0,0,0,
3,0,0,0,0,0,1,0,0,0,0,
3,0,1,1,0,1,1,1,0,0,1,
2,0,0,0,0,0,0,0,0,0,0,
3,0,0,0,0,0,0,0,0,0,0,
3,0,1,0,0,0,0,0,0,0,0,
3,0,1,0,0,0,1,0,0,0,0,
3,0,0,0,0,0,0,0,0,0,0,
4,2,0,0,2,2,1,0,2,2,0,
4,0,0,1,0,0,0,0,0,0,0,
3,0,1,1,0,0,1,0,0,0,0,
3,0,0,0,0,0,0,0,0,0,0,
3,0,0,0,0,0,0,0,0,0,0,
3,0,0,0,0,0,0,0,0,0,0,
3,0,0,0,0,0,0,0,0,0,0,
3,0,0,0,0,0,0,0,0,0,0,
3,0,0,0,0,0,0,0,0,0,0,
3,0,0,0,0,0,0,0,0,0,0,
2,0,0,0,0,0,1,0,0,0,0,
2,0,0,0,0,0,0,0,0,0,0,
2,0,0,0,0,0,0,0,0,0,0,
2,0,1,0,0,0,0,0,0,0,0,
2,0,0,0,0,0,0,0,0,0,0,
3,0,0,1,0,0,0,1,0,0,0,
3,0,1,1,0,0,0,1,0,0,0,
2,0,0,1,0,0,0,1,0,0,0,
2,0,1,1,0,0,0,1,0,0,0,
2,0,1,0,0,0,1,0,0,0,1,
3,0,1,1,0,0,1,1,0,0,1,
3,0,2,1,0,0,1,1,0,0,1,
3,1,2,1,0,1,1,1,0,1,1,
2,0,1,1,0,1,1,1,0,0,1,
2,0,1,1,0,0,1,1,0,0,1,
2,0,1,1,0,0,1,1,0,0,1,
2,1,1,1,0,1,1,1,0,1,1,
2,0,0,0,0,0,0,0,0,0,0,
2,1,1,1,0,1,1,1,0,1,1,
2,1,1,1,0,1,1,1,0,1,1,
2,1,1,1,0,1,1,1,0,1,1,
2,1,1,1,0,1,1,1,0,1,1,
2,1,1,1,0,1,1,1,0,1,1,
2,0,0,0,0,0,0,0,0,0,0,
2,1,1,1,0,1,1,1,0,1,1,
4,1,1,2,0,1,1,3,0,1,1,
2,1,1,1,0,1,1,1,0,1,1,
2,1,1,1,0,1,1,1,0,1,1,
2,0,0,0,0,0,0,0,0,0,0,
2,1,1,1,1,1,1,1,0,1,1,
4,0,0,1,0,0,0,1,0,0,0,
3,0,0,0,0,0,0,1,0,0,0,
3,0,0,0,0,0,0,0,0,0,0,
2,0,0,0,0,0,0,0,0,0,0,
2,0,0,0,0,0,0,0,0,0,0,
4,0,0,0,0,0,0,0,0,0,0,
2,0,0,0,0,0,0,0,0,0,0,
2,0,0,0,0,0,0,0,0,0,0,
3,0,0,0,0,0,0,0,0,0,0,
3,0,0,0,0,0,0,0,0,0,0,
2,0,0,0,0,0,0,0,0,0,0,
5,0,0,0,0,0,0,0,0,0,0,
3,0,0,0,0,0,0,0,0,0,0,
3,0,1,0,0,0,1,0,0,0,1,
5,1,2,1,0,1,2,1,0,1,2,
3,0,0,0,1,0,0,0,0,0,0,
2,0,0,0,0,0,0,0,0,0,0,
3,0,0,0,0,0,0,0,0,0,0,
3,0,0,0,0,0,0,0,0,0,0,
2,0,0,0,0,0,0,0,0,0,0,
3,0,0,0,0,0,0,0,0,0,0,
3,0,0,0,0,0,0,0,0,0,0,
3,0,0,0,0,0,0,0,0,0,0,
4,0,0,0,0,0,0,0,0,0,0,
3,0,0,0,0,0,0,0,0,0,0,
10,0,1,6,0,0,1,1,0,0,0,
4,0,0,1,0,0,0,2,0,0,0,
2,0,0,1,0,0,0,0,0,0,0,
2,0,0,0,0,0,0,0,0,0,0,
2,0,0,1,0,0,0,1,0,0,0,
2,0,0,1,0,0,0,1,0,0,0,
2,0,1,0,0,0,1,1,0,0,1,
2,0,0,0,0,0,0,0,0,0,0,
2,0,1,1,0,0,1,1,0,0,1,
2,0,1,0,0,0,0,0,0,0,0,
2,0,0,0,0,0,0,0,0,0,0,
2,0,0,1,0,1,1,0,0,0,0,
2,1,1,1,0,1,1,0,0,1,0,
2,0,1,1,0,1,1,0,0,0,1,
2,0,1,1,0,1,1,0,0,0,1,
2,0,1,1,0,1,1,1,0,0,1,
2,0,1,1,0,1,1,1,0,1,1,
2,0,1,1,0,1,1,1,0,0,1,
2,0,1,1,0,1,1,1,0,0,1,
2,1,1,1,0,1,1,1,0,1,1,
2,0,1,1,0,1,1,1,0,0,1,
2,1,1,1,0,1,1,1,0,1,1,
2,1,1,1,0,1,1,1,0,1,1,
2,1,1,1,0,1,1,1,0,1,1,
2,1,1,1,0,1,1,1,0,1,1,
2,1,1,1,1,1,1,1,0,1,1,
2,1,1,1,0,1,1,1,0,1,1,
2,1,1,1,0,1,1,1,0,1,1,
2,1,1,1,0,1,1,1,0,1,1,
2,1,1,1,0,1,1,1,0,1,1,
2,1,1,1,0,1,1,1,0,1,1,
3,1,1,2,0,1,1,2,0,1,1,
2,0,0,0,0,0,0,0,0,0,0,
2,0,0,0,0,0,0,0,0,0,0,
2,1,1,1,1,1,1,1,0,1,1,
2,0,0,0,0,0,0,0,0,0,0,
4,0,1,1,0,0,0,0,0,0,0,
3,0,0,0,0,0,0,0,0,0,0,
2,0,0,0,0,0,0,0,0,0,0,
2,0,0,0,0,0,0,0,0,0,0,
2,0,0,0,0,0,0,0,0,0,0,
5,1,0,0,0,1,0,0,0,1,0,
3,0,0,0,0,0,0,0,0,0,0,
7,0,1,3,0,1,1,3,0,0,1,
2,0,0,0,0,0,0,0,0,0,0,
2,0,0,0,0,0,0,0,0,0,0,
2,0,0,0,0,0,0,0,0,0,0,
2,0,0,0,0,0,0,0,0,0,0,
2,0,0,0,0,0,0,0,0,0,0,
2,0,0,0,0,0,0,0,0,0,0,
2,0,0,0,0,0,0,0,0,0,0,
3,0,0,0,0,0,0,0,0,0,0,
3,0,0,0,0,0,0,0,0,0,0,
3,0,0,0,0,0,0,0,0,0,0,
3,0,0,0,0,0,0,1,0,0,0,
3,0,0,0,0,0,0,0,0,0,0,
3,0,0,0,0,0,0,0,0,0,0,
3,0,0,0,0,0,0,0,0,0,0,
3,0,0,0,0,0,0,0,0,0,0,
2,0,0,0,0,0,0,0,0,0,0,
4,0,1,1,0,0,0,0,0,0,0,
2,0,0,0,0,0,0,0,0,0,0,
2,0,0,0,0,0,0,0,0,0,0,
2,0,0,0,0,0,0,0,0,0,0,
2,0,0,0,0,0,0,0,0,0,0,
5,0,0,0,0,0,0,0,0,0,0,
3,1,1,1,0,1,1,1,0,1,1,
2,0,1,1,0,1,1,1,0,0,1,
2,0,1,1,0,1,1,1,0,0,1,
2,0,1,1,0,0,1,1,0,0,0,
2,0,1,1,0,0,1,1,0,0,1,
2,0,1,1,0,1,1,1,0,0,0,
2,0,1,1,0,1,1,1,0,0,1,
2,0,1,1,0,1,1,1,0,0,1,
2,0,1,1,0,1,1,1,0,0,1,
2,0,1,1,0,1,1,1,0,0,1,
2,1,1,1,0,1,1,1,0,0,1,
2,1,1,1,0,1,1,1,0,1,1,
2,1,1,1,0,1,1,1,0,1,1,
2,1,1,1,0,1,1,1,0,1,1,
2,1,1,1,0,1,1,1,0,1,1,
2,1,1,1,0,1,1,1,0,1,1,
2,1,1,1,0,1,1,1,0,1,1,
2,1,1,1,0,1,1,1,0,1,1,
2,1,1,1,0,1,1,1,0,1,1,
2,1,1,1,0,1,1,1,0,1,1,
2,1,1,1,0,1,1,1,0,1,1,
2,1,1,1,0,1,1,1,0,1,1,
2,1,1,1,0,1,1,1,0,1,1,
2,1,1,1,0,1,1,1,0,1,1,
2,1,1,1,0,1,1,1,0,1,1,
2,1,1,1,1,1,1,1,0,1,1,
2,1,1,1,0,1,1,1,0,1,1,
2,0,0,0,0,0,0,0,0,0,0,
2,0,0,0,0,0,0,0,0,0,0,
2,0,0,0,0,0,0,0,0,0,0,
2,0,0,0,0,0,0,0,0,0,0,
2,0,0,0,0,0,0,0,0,0,0,
2,0,0,0,0,0,0,0,0,0,0,
3,0,0,0,0,0,0,0,0,0,0,
2,0,0,0,0,0,0,0,0,0,0,
3,0,0,0,0,0,0,0,0,0,0,
3,0,0,0,0,1,1,0,0,0,0,
3,0,0,0,0,0,0,0,0,0,0,
3,0,0,0,0,0,0,0,0,0,0,
2,0,0,0,0,0,0,0,0,0,0,
3,0,0,0,0,0,0,0,0,0,0,
3,0,0,0,0,0,0,0,0,0,0,
3,0,0,0,0,0,0,0,0,0,0,
3,0,0,0,0,0,0,0,0,0,0,
3,0,0,0,0,0,0,0,0,0,0,
3,0,0,0,0,0,0,0,0,0,0,
3,0,0,0,0,0,0,0,0,0,0,
3,0,0,0,0,0,0,0,0,0,0,
3,0,0,0,0,0,0,0,0,0,0,
2,0,0,0,0,0,0,0,0,0,0,
3,0,0,1,0,0,0,1,0,0,0,
2,0,0,0,0,0,0,0,0,0,0,
2,0,0,0,0,0,0,0,0,0,0,
2,0,0,0,0,0,0,0,0,0,0,
2,0,0,0,0,0,0,0,0,0,0,
4,0,0,0,0,0,0,0,0,0,0,
2,0,0,0,0,0,0,0,0,0,0,
2,0,1,1,0,0,1,1,0,0,1,
2,0,1,1,0,0,1,1,0,0,1,
2,0,1,0,0,0,1,1,0,0,0,
4,0,0,0,0,0,0,0,0,0,0,
2,0,1,1,0,1,1,1,0,0,1,
2,1,1,1,0,1,1,1,0,1,1,
2,1,1,1,0,1,1,1,0,1,1,
2,0,1,1,0,1,1,1,0,0,1,
5,1,1,1,1,1,1,4,0,1,1,
3,0,0,0,0,1,0,0,0,0,0,
2,0,0,0,0,0,0,0,0,0,0,
2,1,1,1,0,1,1,1,0,1,1,
5,1,4,1,0,1,4,1,0,1,4,
2,1,1,1,0,1,1,1,0,1,1,
2,1,1,1,0,1,1,1,0,1,1,
2,1,1,1,0,1,1,1,0,1,1,
2,1,1,1,1,1,1,1,0,1,1,
2,0,0,0,0,0,0,0,0,0,0,
2,1,1,1,1,1,1,1,0,1,1,
3,0,1,1,0,1,1,1,0,0,1,
3,0,0,0,0,0,0,0,0,0,0,
2,0,0,0,0,0,0,0,0,0,0,
2,0,0,0,0,0,0,0,0,0,0,
2,0,0,0,0,0,0,0,0,0,0,
2,0,0,0,0,0,0,0,0,0,0,
2,0,0,0,0,0,0,0,0,0,0,
2,0,0,0,0,0,0,0,0,0,0,
5,0,0,0,0,0,0,0,0,0,0,
2,0,0,0,0,0,0,0,0,0,0,
2,0,0,0,0,0,0,0,0,0,0,
2,0,0,0,0,0,0,0,0,0,0,
2,0,0,0,0,0,0,0,0,0,0,
2,0,0,0,0,0,0,0,0,0,0,
2,0,0,0,0,0,0,0,0,0,0,
3,0,1,0,0,0,0,0,0,0,0,
3,0,0,0,0,0,0,0,0,0,0,
3,0,0,0,0,0,0,0,0,0,0,
3,0,0,0,0,0,0,0,0,0,0,
3,0,0,0,0,0,0,0,0,0,0,
2,0,0,0,0,0,0,0,0,0,0,
2,0,0,0,0,0,0,0,0,0,0,
2,0,0,0,0,0,0,0,0,0,0,
3,0,0,0,0,0,0,0,0,0,0,
3,0,1,0,0,0,0,0,0,0,0,
3,0,0,0,0,0,0,0,0,0,0,
2,0,0,0,0,0,0,0,0,0,0,
2,0,0,0,0,0,0,0,0,0,0,
2,0,0,0,0,0,0,0,0,0,0,
2,0,0,0,0,0,0,0,0,0,0,
2,0,0,0,0,0,0,0,0,0,0,
2,0,0,0,0,0,0,0,0,0,0,
2,0,1,0,0,1,1,0,0,0,0,
2,1,1,1,1,1,1,1,1,0,1,
2,1,1,1,0,1,1,1,0,0,1,
2,1,1,1,0,1,1,0,0,0,1,
2,1,1,1,0,1,1,1,0,0,1,
2,1,1,0,0,1,1,1,0,0,1,
3,0,1,1,0,1,1,1,0,0,1,
2,0,1,1,0,1,1,1,0,0,1,
3,0,1,0,0,1,1,1,0,0,1,
2,0,1,1,0,1,1,1,0,0,1,
2,0,1,1,0,1,1,1,0,0,1,
2,0,1,1,0,1,1,1,0,0,1,
2,0,0,0,0,0,0,0,0,0,0,
2,0,0,0,0,0,0,0,0,0,0,
2,1,1,1,0,1,1,1,0,1,1,
4,0,0,1,0,0,0,1,0,0,0,
2,1,1,1,0,1,1,1,0,1,1,
2,1,1,1,0,1,1,1,0,1,1,
2,1,1,1,0,1,1,1,0,1,1,
2,1,1,1,0,1,1,1,0,1,1,
4,0,0,0,0,0,0,0,0,0,0,
4,0,0,0,1,0,0,1,1,0,1,
4,0,1,0,0,0,1,1,0,0,1,
5,0,1,1,0,0,1,1,0,1,1,
3,0,0,0,0,0,0,0,0,0,0,
2,0,0,0,0,0,0,0,0,0,0,
2,1,1,1,0,1,1,1,1,1,1,
5,1,1,1,0,1,1,1,0,1,1,
8,0,1,0,0,0,0,0,0,0,1,
6,1,1,1,0,1,1,1,0,1,1,
17,0,4,0,2,0,4,1,8,0,4,
15,10,0,3,2,6,0,0,0,4,0,
12,3,10,3,0,3,9,7,0,3,8,
3,0,0,0,0,0,0,0,0,0,0,
8,0,0,0,0,0,0,0,0,0,0,
3,0,0,0,0,0,0,0,0,0,0,
3,0,0,0,0,0,0,0,0,0,0,
3,0,0,0,0,0,0,0,0,0,0,
3,0,0,0,0,0,0,0,0,0,0,
3,0,0,0,0,0,0,0,0,0,0,
3,0,0,0,0,0,0,0,0,0,0,
4,1,0,0,0,0,0,0,0,0,0,
3,0,0,0,0,0,0,0,0,0,0,
4,0,0,0,0,0,0,0,0,0,0,
3,0,0,0,0,0,0,0,0,0,0,
3,0,1,1,0,1,1,1,0,1,1,
6,0,3,0,0,0,3,0,0,0,3,
3,0,0,0,0,0,0,0,0,0,0,
3,0,0,0,0,0,0,0,0,0,0,
2,0,0,0,0,0,0,0,0,0,0,
2,0,0,0,0,0,0,0,0,0,0,
2,0,0,0,0,0,0,0,0,0,0,
2,0,0,0,0,0,0,0,0,0,0,
2,0,0,0,0,0,0,0,0,0,0,
3,0,1,0,0,0,1,0,0,0,1,
3,0,0,0,0,0,0,0,0,0,0,
2,0,1,0,0,1,1,0,0,0,1,
2,0,1,0,0,0,1,0,0,0,0,
2,0,1,1,0,0,1,0,0,0,1,
2,0,1,0,0,0,1,0,0,0,0,
2,0,1,1,0,0,1,1,0,0,1,
2,0,1,0,0,1,1,1,0,0,1,
2,0,1,1,0,0,1,0,0,0,1,
2,0,1,1,0,1,1,1,0,0,1,
2,1,1,1,0,1,1,1,0,1,1,
2,1,1,1,0,1,1,1,0,1,1,
2,0,1,1,0,1,1,1,0,0,1,
2,1,1,1,0,1,1,1,0,1,1,
2,1,1,1,0,1,1,1,0,1,1,
3,1,2,1,0,1,1,1,0,1,1,
4,1,1,1,0,1,1,1,0,1,2,
4,1,3,1,0,1,3,1,0,1,3,
2,1,1,1,0,1,1,1,0,1,1,
4,1,1,2,0,1,1,2,0,1,1,
2,1,1,1,0,1,1,1,0,1,1,
2,1,1,1,0,1,1,1,0,1,1,
3,1,1,1,0,1,1,1,0,1,1,
2,0,0,0,0,0,0,0,0,0,0,
2,1,1,1,0,1,1,1,0,1,1,
2,1,1,1,1,1,1,1,0,1,1,
2,1,1,1,0,1,1,1,0,1,1,
2,0,0,0,0,0,0,0,0,0,0,
2,0,0,0,0,0,0,0,0,0,0,
2,0,0,0,0,0,0,0,0,0,0,
2,0,0,0,0,0,0,0,0,0,0,
2,0,0,0,0,0,0,0,0,0,0,
3,1,1,1,1,1,1,1,0,1,1,
3,0,1,0,0,0,1,1,0,0,0,
3,0,0,0,0,0,0,0,0,0,0,
2,0,0,0,0,0,0,0,0,0,0,
2,0,0,0,0,0,0,0,0,0,0,
2,0,0,0,0,0,0,0,0,0,0,
2,0,0,0,0,0,0,0,0,0,0,
2,0,0,0,0,0,0,0,0,0,0,
2,0,0,0,0,0,0,0,0,0,0,
2,0,0,0,0,0,0,0,0,0,0,
2,0,0,0,0,0,0,0,0,0,0,
2,0,0,0,0,0,0,0,0,0,0,
2,0,0,0,0,0,0,0,0,0,0,
4,1,1,1,0,1,1,1,0,1,1,
5,0,0,2,0,0,0,2,0,0,0,
3,0,0,0,0,0,0,0,0,0,0,
4,0,1,1,0,0,1,1,0,0,1,
4,2,1,1,0,2,1,1,1,2,1,
2,0,0,0,0,0,0,0,0,0,0,
4,0,0,0,0,0,0,0,0,0,0,
2,0,0,0,0,0,0,0,0,0,0,
2,0,0,0,0,0,0,0,0,0,0,
2,0,1,0,0,0,1,0,0,0,0,
2,0,0,0,0,0,0,0,0,0,0,
4,1,1,1,0,1,1,1,0,1,1,
2,0,0,1,0,0,1,0,0,0,0,
2,0,1,0,0,0,1,0,0,0,0,
2,0,1,1,0,0,1,0,0,0,1,
2,0,1,1,0,0,1,0,0,0,0,
2,0,1,1,0,1,1,1,0,0,1,
5,0,1,1,0,0,1,1,0,0,1,
2,0,1,1,0,1,1,1,0,0,1,
2,1,1,1,0,1,1,1,1,1,1,
2,0,1,1,0,0,1,1,0,0,1,
2,0,1,1,0,1,1,1,0,0,1,
2,1,1,1,0,1,1,1,0,0,1,
2,1,1,1,0,1,1,1,0,0,1,
2,1,1,1,0,1,1,1,0,0,1,
2,1,1,1,0,1,1,1,0,0,1,
2,1,1,1,0,1,1,1,0,1,1,
2,1,1,1,0,1,1,1,0,0,1,
2,1,1,1,0,1,1,1,0,1,1,
2,1,1,1,0,1,1,1,0,1,1,
2,1,1,1,0,1,1,1,0,1,1,
2,1,1,1,0,1,1,1,0,1,1,
2,1,1,1,0,1,1,1,0,1,1,
2,1,1,1,0,1,1,1,0,1,1,
2,0,0,0,0,0,0,0,0,0,0,
2,1,1,1,0,1,1,1,0,1,1,
2,1,1,1,1,1,1,1,0,1,1,
2,0,0,0,0,0,0,0,0,0,0,
2,0,0,0,0,0,0,0,0,0,0,
2,0,0,0,0,0,0,0,0,0,0,
2,0,0,0,0,0,0,0,0,0,0,
2,0,0,0,0,0,0,0,0,0,0,
2,0,0,0,0,0,0,0,0,0,0,
2,0,0,0,0,0,0,0,0,0,0,
2,0,0,0,0,0,0,0,0,0,0,
2,0,0,0,0,0,0,0,0,0,0,
3,0,0,0,0,0,0,0,0,0,0,
3,0,1,0,0,0,1,0,0,0,1,
2,0,0,0,0,0,0,0,0,0,0,
3,0,1,1,0,0,1,1,0,0,1,
3,1,0,0,0,1,0,0,0,1,0,
3,0,0,0,0,0,0,0,0,0,0,
3,1,0,0,0,1,0,0,0,1,0,
3,0,0,0,0,0,0,0,0,0,0,
3,0,0,0,0,0,0,0,0,0,0,
3,0,0,0,0,0,0,0,0,0,0,
3,0,0,0,0,0,0,0,0,0,0,
3,0,0,0,0,0,0,0,0,0,0,
3,0,0,0,0,0,0,0,0,0,0,
3,0,0,0,0,0,0,0,0,0,0,
3,0,0,0,0,0,0,0,0,0,0,
3,0,0,0,0,0,0,0,0,0,0,
4,3,0,0,0,3,0,0,0,3,0,
2,0,0,0,0,0,0,0,0,0,0,
2,0,0,0,0,0,0,0,0,0,0,
2,0,0,0,0,0,0,0,0,0,0,
2,0,0,0,0,0,0,0,0,0,0,
2,0,0,0,0,0,0,0,0,0,0,
2,0,1,1,0,0,1,1,0,0,0,
2,0,1,1,0,0,1,1,0,0,1,
2,0,1,0,0,0,1,0,0,0,0,
2,0,1,0,0,0,1,0,0,0,0,
3,0,0,0,0,0,0,0,0,0,0,
2,1,1,1,0,0,1,1,0,0,1,
2,0,1,1,0,0,1,1,0,0,1,
2,0,1,1,0,1,1,1,0,0,1,
2,1,1,1,0,0,1,1,0,0,1,
2,1,1,1,0,0,1,0,0,1,1,
4,1,1,1,0,0,1,1,0,1,1,
2,1,1,1,0,0,1,1,0,0,1,
2,1,1,1,0,1,1,1,0,1,1,
2,1,1,1,0,1,1,1,0,1,1,
2,1,1,1,0,1,1,1,0,1,1,
2,1,1,1,0,1,1,1,0,1,1,
2,1,1,1,0,1,1,1,0,1,1,
2,1,1,1,0,1,1,1,0,1,1,
3,1,1,1,0,1,1,1,0,1,1,
2,1,1,1,0,1,1,1,0,1,1,
2,1,1,1,0,1,1,1,0,1,1,
2,1,1,1,0,1,1,1,0,1,1,
2,0,0,0,0,0,0,0,0,0,0,
5,1,1,1,0,1,1,1,0,1,1,
2,1,1,1,0,1,1,1,0,1,1,
3,1,1,1,1,1,1,1,0,1,1,
2,0,0,0,0,0,0,0,0,0,0,
2,0,0,0,0,0,0,0,0,0,0,
4,0,0,0,0,0,0,0,0,0,0,
2,0,0,0,0,0,0,0,0,0,0,
2,0,0,0,0,0,0,0,0,0,0,
3,0,0,0,0,0,0,0,0,0,0,
2,0,0,0,0,0,0,0,0,0,0,
2,0,0,0,0,0,0,0,0,0,0,
2,0,0,0,0,0,0,0,0,0,0,
2,0,0,0,0,0,0,0,0,0,0,
2,0,0,0,0,0,0,0,0,0,0,
2,0,0,0,0,0,0,0,0,0,0,
4,0,0,0,0,0,0,0,0,2,0,
3,0,0,0,0,0,0,0,0,0,0,
2,0,0,0,0,0,0,0,0,0,0,
2,0,0,0,0,0,0,0,0,0,0,
3,0,0,0,0,0,0,0,0,0,0,
3,0,0,0,0,0,0,0,0,0,0,
3,0,0,0,0,0,0,0,0,0,0,
3,0,0,0,0,0,0,0,0,0,0,
3,0,0,0,0,0,0,0,0,0,0,
4,1,1,1,0,1,1,1,1,0,1,
2,1,1,1,0,1,1,1,0,1,1,
2,0,0,0,0,0,0,0,0,0,0,
2,0,0,0,0,0,0,0,0,0,0,
2,0,1,0,0,0,1,0,0,0,0,
2,0,1,0,0,0,1,0,0,0,1,
2,1,1,0,0,1,1,0,0,0,1,
2,0,1,0,0,0,1,0,0,0,0,
2,0,1,0,0,0,1,0,0,0,0,
2,0,1,0,0,0,1,0,0,0,0,
2,0,1,0,0,0,1,0,0,0,0,
2,1,1,1,0,1,1,1,0,0,1,
2,0,1,0,0,0,1,0,0,0,1,
3,1,1,1,0,0,1,1,0,0,1,
2,0,1,1,0,0,1,1,0,0,1,
2,0,1,1,0,0,1,1,0,0,1,
2,0,1,0,0,0,1,1,0,0,1,
2,0,1,1,0,0,1,1,0,0,1,
2,1,1,1,0,1,1,1,0,1,1,
2,1,1,1,0,1,1,1,0,1,1,
3,1,1,2,0,1,1,2,0,1,1,
3,1,1,1,2,1,1,1,0,1,1,
2,1,1,1,0,1,1,1,0,1,1,
2,1,1,1,0,1,1,1,0,1,1,
2,0,0,0,0,0,0,0,0,0,0,
2,1,1,1,0,1,1,1,0,1,1,
2,0,0,0,0,0,0,0,0,0,0,
4,0,0,0,0,2,0,0,0,0,0,
3,0,0,0,0,0,0,0,0,0,0,
2,1,1,1,0,1,1,1,0,1,1,
3,1,1,0,0,1,1,1,0,1,1,
2,0,0,0,0,0,0,0,0,0,0,
5,4,1,1,0,4,1,1,0,4,1,
3,2,2,2,0,1,2,2,0,1,2,
2,0,0,0,0,0,0,0,0,0,0,
3,0,0,0,0,0,0,0,0,0,0,
2,1,1,1,0,1,1,1,0,1,1,
3,0,0,0,0,0,0,0,0,0,0,
3,0,1,0,0,0,0,0,0,0,0,
2,0,0,0,0,0,0,0,0,0,0,
2,0,0,0,0,0,0,0,0,0,0,
2,0,0,0,0,0,0,0,0,0,0,
4,1,1,1,1,1,1,1,0,1,1,
2,0,0,0,0,0,0,0,0,0,0,
3,0,0,0,0,0,0,0,0,0,0,
3,0,0,0,0,0,0,0,0,0,0,
2,0,0,0,0,0,0,0,0,0,0,
2,0,0,0,0,0,0,0,0,0,0,
4,0,0,0,0,0,0,0,0,0,0,
3,0,1,1,0,0,1,1,0,0,1,
3,1,0,0,0,0,1,1,0,0,0,
6,1,4,0,0,2,1,1,0,1,1,
3,1,1,0,0,0,1,0,0,0,0,
3,0,0,0,0,0,0,0,0,0,0,
4,0,1,0,2,0,0,0,0,0,0,
3,0,1,1,0,0,1,1,0,0,0,
3,1,1,1,0,1,1,1,0,1,1,
2,0,0,0,0,0,0,0,0,0,0,
2,0,1,0,0,0,1,0,0,0,1,
2,0,0,0,0,0,0,0,0,0,0,
2,0,0,0,0,0,0,1,0,0,0,
2,0,0,0,0,0,0,0,0,0,0,
2,0,0,0,0,0,0,0,0,0,0,
2,0,1,0,0,0,1,0,0,0,0,
4,0,1,1,0,0,2,1,0,0,1,
3,1,1,1,0,1,1,1,0,1,1,
3,0,1,1,0,0,1,1,0,0,1,
4,0,1,1,0,0,1,1,0,0,1,
2,0,1,0,0,0,1,0,0,0,0,
2,0,1,0,0,0,1,1,0,0,1,
2,0,1,0,0,0,1,1,0,0,0,
2,0,1,0,0,0,1,1,0,0,0,
3,0,2,0,0,0,1,1,0,0,1,
2,0,1,0,0,0,1,1,0,0,1,
2,0,1,0,0,0,1,1,0,0,1,
2,0,1,1,0,1,1,1,0,0,1,
2,0,1,0,0,0,1,1,0,0,1,
2,0,1,1,0,0,1,1,0,0,1,
3,0,0,0,0,0,0,0,0,0,0,
2,0,1,1,0,0,1,1,0,0,1,
2,0,1,1,0,1,1,1,0,0,1,
2,1,1,1,0,1,1,1,0,0,1,
2,1,1,1,0,1,1,1,0,0,1,
2,1,1,1,0,1,1,1,0,0,1,
2,1,1,1,0,1,1,1,0,0,1,
2,1,1,1,0,1,1,1,0,1,1,
2,1,1,1,0,1,1,1,0,1,1,
3,0,0,0,0,0,0,0,0,0,0,
2,0,0,0,0,0,0,0,0,0,0,
2,0,0,0,0,0,0,0,0,0,0,
2,1,1,1,0,1,1,1,0,1,1,
2,1,1,1,1,1,1,1,0,1,1,
2,0,0,0,0,0,0,0,0,0,0,
3,0,1,0,0,0,1,1,0,0,0,
2,0,0,0,0,0,0,0,0,0,0,
2,0,0,0,0,0,0,0,0,0,0,
4,0,0,0,0,0,0,0,0,0,0,
4,0,0,0,0,0,0,0,0,0,0,
2,0,0,0,0,0,0,0,0,0,0,
2,0,0,0,0,0,0,0,0,0,0,
2,0,0,0,0,0,0,0,0,0,0,
2,0,0,0,0,0,0,0,0,0,0,
2,0,0,0,0,0,0,0,0,0,0,
2,0,0,0,0,0,0,0,0,0,0,
2,0,0,0,0,0,0,0,0,0,0,
5,0,0,3,1,0,0,3,1,0,0,
3,0,0,0,0,0,0,1,0,0,0,
3,0,0,0,0,0,1,1,0,0,1,
3,0,1,0,0,0,0,0,0,0,0,
3,0,0,0,0,0,0,0,0,0,0,
4,1,1,1,0,1,1,1,0,0,1,
3,0,0,0,0,0,0,0,0,0,0,
2,0,0,0,0,0,0,0,0,0,0,
2,0,0,0,0,0,0,0,0,0,0,
2,1,1,1,0,1,1,1,0,0,1,
4,0,0,0,0,0,0,0,0,0,0,
2,0,1,0,0,0,1,1,0,0,1,
2,0,1,0,0,0,1,1,0,0,1,
2,0,0,0,0,0,0,1,0,0,0,
2,0,1,0,0,0,1,0,0,0,0,
2,1,1,1,0,1,1,1,0,1,1,
4,1,1,1,0,1,1,1,0,0,1,
2,0,1,0,0,0,1,1,0,0,1,
2,0,1,0,0,0,1,1,0,0,1,
2,0,1,0,0,0,1,0,0,0,1,
2,0,1,0,0,1,1,1,0,0,1,
2,0,1,0,0,0,1,0,0,0,1,
2,0,1,0,0,0,1,1,0,0,1,
3,1,1,0,0,1,1,1,0,1,1,
6,1,0,0,0,0,0,0,0,0,0,
3,0,1,0,0,1,1,1,0,0,1,
2,1,1,1,1,1,1,1,0,1,1,
468,0,0,0,0,0,0,0,0,0,0,
452,2,2,2,2,2,2,2,0,2,2,
430,0,0,1,0,0,0,0,0,0,0,
408,0,0,1,0,0,1,0,0,0,1,
386,1,1,1,0,1,1,0,0,1,1,
364,2,1,1,1,1,1,1,0,1,1,
343,2,1,1,1,1,2,1,0,1,1,
321,1,0,0,0,0,1,0,0,0,1,
305,1,0,0,0,1,2,0,0,0,1,
283,1,1,0,0,1,2,0,0,0,1,
261,1,1,1,0,1,2,1,0,1,1,
239,1,1,1,0,1,2,1,0,1,1,
217,1,1,1,0,1,2,1,0,2,1,
195,1,1,1,0,2,2,2,0,2,1,
173,0,0,1,0,1,1,1,0,1,0,
151,0,0,1,0,1,2,1,0,1,1,
129,2,1,1,0,1,2,1,0,1,1,
107,2,1,1,0,1,2,1,0,1,1,
85,2,1,1,0,1,2,1,0,1,1,
64,1,1,3,0,1,1,3,0,1,1,
42,1,1,3,0,1,1,3,0,1,1,
20,0,0,2,0,0,0,2,0,0,0,
4,0,0,1,0,0,0,0,0,0,0,
3,0,0,0,0,0,0,0,0,0,0,
2,0,0,0,0,0,0,0,0,0,0,
2,0,0,0,0,0,0,0,0,0,0,
3,0,0,0,0,0,0,0,0,0,0,
3,0,0,0,0,0,0,0,0,0,0,
2,0,0,0,0,0,0,0,0,0,0,
3,0,0,0,0,0,0,0,0,0,0,
2,0,0,0,0,0,0,0,0,0,0,
4,0,0,0,0,1,0,0,0,0,0,
3,0,0,0,0,0,0,0,0,0,0,
3,0,0,0,0,0,0,0,0,0,0,
5,0,0,1,0,0,0,2,0,0,0,
2,0,0,0,0,0,0,0,0,0,0,
3,0,0,0,0,0,0,0,0,0,0,
2,0,0,0,0,0,0,0,0,0,0,
2,0,0,0,0,0,0,0,0,0,0,
4,1,1,1,0,1,1,1,0,1,1,
2,1,1,1,0,1,1,1,0,0,0,
2,1,0,0,0,0,0,0,0,0,0,
2,0,0,0,0,0,0,0,0,0,0,
2,0,0,0,0,0,0,0,0,0,0,
4,0,0,0,0,0,0,0,0,0,0,
2,0,0,0,0,0,0,0,0,0,0,
2,0,0,0,0,0,0,0,0,0,0,
2,0,0,0,0,0,0,0,0,0,0,
2,0,0,0,0,0,0,0,0,0,0,
2,0,0,0,0,0,0,0,0,0,0,
2,1,1,1,0,1,1,1,0,1,1,
6,1,1,1,0,1,1,1,0,1,1,
2,0,0,1,0,0,1,0,0,0,0,
2,0,1,0,0,0,1,1,0,0,0,
2,0,1,1,0,0,1,1,0,0,0,
2,0,1,0,0,1,1,0,0,0,0,
5,0,0,0,0,0,1,0,0,0,0,
2,0,0,0,0,0,1,1,0,0,0,
2,0,1,0,0,0,1,1,0,0,1,
2,0,1,1,0,0,1,1,0,0,1,
2,1,1,1,0,1,1,1,0,0,1,
2,0,1,1,1,1,1,1,0,0,1,
2,1,1,1,0,1,1,1,0,1,1,
2,1,1,1,0,1,1,1,0,0,1,
2,1,1,1,0,1,1,1,0,0,1,
5,1,4,1,0,1,4,1,0,0,4,
2,1,1,1,0,1,1,1,0,1,1,
2,1,1,1,0,1,1,1,0,1,1,
2,1,1,1,0,1,1,1,0,1,1,
3,0,0,0,0,0,0,0,0,0,0,
3,0,0,0,0,0,0,0,0,0,0,
2,0,0,0,0,0,0,0,0,0,0,
2,0,0,0,0,0,0,0,0,0,0,
3,0,0,0,0,0,0,0,0,0,0,
2,0,0,0,0,0,0,0,0,0,0,
2,0,0,0,0,0,0,0,0,0,0,
2,0,0,0,0,0,0,0,0,0,0,
2,0,0,0,0,0,0,0,0,0,0,
2,0,0,0,0,0,0,0,0,0,0,
2,0,0,0,0,0,0,0,0,0,0,
3,0,0,0,0,0,0,0,0,0,0,
2,0,0,0,0,0,0,0,0,0,0,
3,0,0,0,0,0,0,0,0,0,0,
2,0,0,0,0,0,0,0,0,0,0,
3,0,0,0,0,0,0,0,0,0,0,
3,0,1,0,0,0,1,0,0,0,1,
3,0,0,0,0,0,0,0,0,0,0,
2,0,0,0,0,0,0,0,0,0,0,
3,0,0,0,0,0,0,0,0,0,0,
2,0,0,0,0,0,0,0,0,0,0,
2,0,0,0,0,0,0,0,0,0,0,
2,0,0,0,0,0,0,0,0,0,0,
2,0,0,0,0,0,0,0,0,0,0,
2,0,0,0,0,0,0,0,0,0,0,
2,0,0,0,0,0,0,0,0,0,0,
2,0,0,1,0,0,0,1,0,0,0,
2,0,0,0,0,0,0,0,0,0,0,
2,0,0,0,0,0,0,0,0,0,0,
2,0,0,0,0,0,0,0,0,0,0,
2,0,1,1,1,0,1,1,1,0,1,
2,0,0,0,0,0,0,0,0,0,0,
2,0,0,0,0,0,0,0,0,0,0,
2,0,0,0,0,0,0,0,0,0,0,
2,0,0,0,0,0,0,0,0,0,0,
2,0,1,0,0,0,1,0,0,0,1,
2,0,0,0,0,0,0,0,0,0,0,
2,0,0,0,0,0,0,0,0,0,0,
5,3,0,1,0,3,0,0,0,3,0,
2,0,0,0,0,0,0,0,0,0,0,
2,0,0,0,0,0,0,0,0,0,0,
2,0,1,0,0,0,1,0,0,0,1,
2,0,1,0,0,0,1,0,0,0,0,
2,0,0,0,0,0,0,0,0,0,0,
2,0,1,0,0,0,1,0,0,0,0,
2,0,1,0,0,0,1,0,0,0,0,
2,0,1,1,0,0,1,1,0,0,0,
2,1,1,1,0,1,1,1,0,0,1,
4,0,0,0,0,0,0,0,0,0,0,
2,1,1,1,0,1,1,1,0,1,1,
2,1,1,1,0,1,1,1,0,0,1,
2,1,1,1,0,1,1,1,0,1,1,
2,1,1,1,0,1,1,1,0,1,1,
3,1,1,1,1,1,1,1,0,1,1,
3,0,0,0,0,0,0,0,0,0,0,
4,1,1,1,0,1,1,1,0,0,0,
5,1,2,1,2,0,1,2,1,0,1,
5,1,0,0,0,1,0,1,0,0,0,
3,0,0,0,0,0,0,0,0,0,0,
2,0,0,0,0,0,0,0,0,0,0,
5,0,0,0,0,0,0,0,0,0,0,
2,0,0,0,0,0,0,0,0,0,0,
4,0,1,0,0,0,1,0,0,0,1,
2,0,0,0,0,0,0,0,0,0,0,
2,0,0,0,0,0,0,0,0,0,0,
2,0,0,0,0,0,0,0,0,0,0,
5,0,0,0,0,0,0,0,0,0,0,
3,0,0,0,0,0,0,0,0,0,0,
2,0,0,0,0,0,0,0,0,0,0,
2,0,0,0,0,0,0,0,0,0,0,
3,0,0,0,0,0,0,0,0,0,0,
2,0,0,0,0,0,0,0,0,0,0,
3,0,0,0,0,0,0,0,0,0,0,
3,0,0,0,0,0,0,0,0,0,0,
2,0,0,0,0,0,0,0,0,0,0,
3,0,0,1,0,0,0,0,0,0,0,
3,0,0,0,0,0,0,0,0,0,0,
2,0,0,0,0,0,0,0,0,0,0,
3,0,0,0,0,0,0,0,0,0,0,
3,0,0,0,0,0,0,0,0,0,0,
2,0,0,0,0,0,0,0,0,0,0,
2,0,0,0,0,0,0,0,0,0,0,
2,0,0,0,0,0,0,0,0,0,0,
3,0,0,0,0,0,0,0,2,2,0,
2,1,0,0,0,1,0,0,0,0,0,
4,0,2,0,0,0,3,0,0,0,2,
3,0,2,0,0,0,0,0,0,0,0,
2,0,0,0,0,1,0,0,0,0,0,
2,0,0,0,0,0,0,0,0,0,0,
2,0,0,0,0,0,0,0,0,0,0,
2,0,0,0,0,0,0,0,0,0,0,
2,0,0,0,0,0,0,0,0,0,0,
2,0,0,0,0,0,0,0,0,0,0,
2,1,0,0,0,1,0,0,0,0,0,
2,1,1,0,0,1,1,1,0,0,0,
2,0,0,0,0,1,0,1,0,0,0,
2,1,1,0,0,1,1,1,0,0,1,
2,1,1,0,0,1,1,1,0,0,0,
3,1,1,1,0,1,1,1,1,1,1,
4,2,0,1,0,0,1,1,0,0,1,
2,1,1,1,0,1,1,1,0,1,1,
2,1,1,1,0,0,1,1,0,0,1,
2,1,1,1,0,0,1,1,0,0,1,
2,1,1,1,0,1,1,1,0,0,1,
2,1,1,1,0,1,1,1,0,0,1,
2,1,1,1,0,1,1,1,0,1,1,
2,1,1,1,0,1,1,1,0,1,1,
2,1,1,1,0,1,1,1,0,1,1,
2,0,0,0,0,0,0,0,0,0,0,
2,0,0,0,0,0,0,0,0,0,0,
3,0,0,0,0,0,0,0,0,1,0,
4,0,0,1,0,0,0,2,0,0,0,
2,0,0,0,0,0,0,0,0,0,0,
2,0,0,0,0,0,0,0,0,0,0,
2,0,0,0,0,0,0,0,0,0,0,
2,0,0,0,0,0,0,0,0,0,0,
5,0,0,0,0,0,0,0,0,0,0,
2,0,0,0,0,0,0,0,0,0,0,
2,0,0,0,0,0,0,0,0,0,0,
2,0,0,0,0,0,0,0,0,0,0,
2,0,0,0,0,0,0,0,0,0,0,
4,0,0,0,0,0,0,0,0,0,0,
2,0,0,0,0,0,0,0,0,0,0,
2,0,0,0,0,0,0,0,0,0,0,
2,0,0,0,0,0,0,0,0,0,0,
2,0,0,0,0,0,0,0,0,0,0,
2,0,0,0,0,0,0,0,0,0,0,
2,0,0,0,0,0,0,0,0,0,0,
3,0,0,0,0,0,0,0,0,0,0,
2,0,0,0,0,0,0,0,0,0,0,
2,0,0,0,0,0,0,0,0,0,0,
2,0,0,0,0,0,0,0,0,0,0,
3,0,0,0,0,0,0,0,0,0,0,
3,0,0,0,0,0,0,0,0,0,0,
1,0,0,0,0,0,0,0,0,0,0,
1,0,0,0,0,0,0,0,0,0,0,
2,0,0,0,0,0,0,0,0,0,0,
2,0,0,0,0,0,0,0,0,0,0,
2,1,1,1,0,1,1,1,0,1,1,
2,1,0,0,0,1,1,0,0,0,0,
2,0,0,0,0,0,0,0,0,0,0,
2,0,0,0,0,0,0,0,0,0,0,
2,0,0,0,0,0,0,0,0,0,0,
2,0,0,0,0,0,0,0,0,0,0,
2,0,0,0,0,0,0,0,0,0,0,
2,0,0,0,0,0,0,0,0,0,0,
2,0,1,0,0,0,0,0,0,0,0,
4,0,0,3,0,0,0,3,0,0,0,
2,0,0,0,0,0,0,0,0,0,0,
2,0,0,0,0,0,0,0,0,0,0,
2,0,0,0,0,0,0,0,0,0,0,
2,1,0,0,0,1,1,0,0,0,0,
2,0,1,0,0,0,1,0,0,0,1,
2,0,1,0,0,0,1,0,0,0,0,
2,0,0,0,0,0,1,1,0,0,0,
2,0,0,0,0,0,1,0,0,0,0,
2,1,1,0,0,1,1,1,0,0,1,
2,0,1,0,0,0,1,1,0,0,1,
2,1,1,0,0,1,1,1,0,0,1,
2,1,1,0,0,1,1,1,0,0,1,
2,1,1,1,0,1,1,1,0,1,1,
2,1,1,1,0,1,1,1,0,1,1,
2,1,1,1,0,1,1,1,0,1,1,
2,1,1,1,0,1,1,1,0,1,1,
2,1,1,1,0,1,1,1,0,1,1,
2,1,1,1,0,1,1,1,0,1,1,
2,1,1,1,0,1,1,1,0,1,1,
2,1,1,1,0,1,1,1,0,1,1,
2,1,1,1,1,1,1,1,0,1,1,
2,0,0,0,0,0,0,0,0,0,0,
2,0,0,0,0,0,0,0,0,0,0,
2,1,1,1,1,1,1,1,0,1,1,
5,0,0,2,0,0,0,2,0,0,0,
2,0,0,0,0,0,0,0,0,0,0,
3,0,0,0,0,0,0,0,0,0,0,
3,0,0,0,0,0,0,0,0,0,0,
2,0,0,0,0,0,0,0,0,0,0,
5,0,0,0,0,0,0,0,0,0,0,
2,0,0,0,0,0,0,0,0,0,0,
2,0,0,0,0,0,0,0,0,0,0,
2,0,0,0,0,0,0,0,0,0,0,
3,1,1,1,1,1,1,1,0,1,1,
6,0,0,0,0,0,0,0,0,0,0,
2,0,0,0,0,0,0,0,0,0,0,
3,0,0,0,0,0,0,0,0,0,0,
5,1,0,0,0,2,1,0,0,1,0,
3,0,0,0,0,0,0,0,0,0,0,
4,1,0,0,0,1,0,0,0,1,0,
2,1,1,1,0,1,1,1,0,1,1,
5,0,0,0,0,0,0,0,0,0,0,
2,1,0,0,0,1,0,0,0,1,0,
2,0,0,0,0,0,0,0,0,0,0,
2,0,0,0,0,0,0,0,0,0,0,
2,0,0,0,0,0,0,0,0,0,0,
4,0,0,0,0,0,0,0,0,0,0,
2,0,0,0,0,0,0,0,0,0,0,
2,0,0,0,0,0,0,0,0,0,0,
2,0,0,0,0,0,0,0,0,0,0,
2,0,0,0,0,0,0,0,0,0,0,
2,0,0,0,0,0,0,0,0,0,0,
2,0,0,0,0,0,0,0,0,0,0,
2,0,0,0,0,0,0,0,0,0,0,
2,0,0,0,0,0,0,0,0,0,0,
2,0,0,0,0,0,0,0,0,0,0,
2,0,0,0,0,0,1,0,0,0,0,
2,0,0,0,0,0,0,0,0,0,0,
2,1,1,0,0,1,1,1,0,1,1,
2,1,1,0,0,1,1,1,0,1,0,
2,1,1,1,0,1,1,1,0,0,1,
2,1,0,0,0,1,1,0,0,0,0,
2,1,1,1,0,1,1,1,0,1,1,
2,1,1,0,0,1,1,1,0,0,0,
2,1,1,1,0,1,1,1,0,0,1,
2,1,1,0,0,1,1,1,0,0,1,
2,1,1,1,0,1,1,1,0,0,1,
2,1,1,1,0,1,1,1,0,1,1,
2,1,1,1,0,1,1,1,0,1,1,
2,1,1,1,0,1,1,1,0,1,1,
2,1,1,1,0,1,1,1,0,1,1,
3,1,1,1,0,1,1,1,0,1,1,
3,1,1,1,0,1,1,1,0,1,1,
3,0,0,0,0,0,0,0,0,0,0,
2,1,1,1,0,1,1,1,0,1,1,
2,1,1,1,0,1,1,1,0,1,1,
2,1,1,1,1,1,1,1,0,1,1,
2,1,1,1,0,1,1,1,0,1,1,
2,1,1,1,1,1,1,1,0,1,1,
2,1,1,1,1,1,1,1,0,1,1,
2,0,0,0,0,0,0,0,0,0,0,
2,0,0,0,0,0,0,0,0,0,0,
2,0,0,0,0,0,0,0,0,0,0,
2,0,0,0,0,0,0,0,0,0,0,
2,0,0,0,0,0,0,0,0,0,0,
4,0,0,1,0,0,0,1,0,0,0,
2,0,0,0,0,0,0,0,0,0,0,
2,0,0,0,0,0,0,0,0,0,0,
2,0,0,0,0,0,0,0,0,0,0,
3,0,0,0,0,0,0,0,0,0,0,
4,0,0,0,0,0,0,0,0,0,0,
2,0,0,0,0,0,0,0,0,0,0,
2,0,0,0,0,0,0,0,0,0,0,
2,0,0,0,0,0,0,0,0,0,0,
2,0,0,0,0,0,0,0,0,0,0,
2,0,0,0,0,0,0,0,0,0,0,
2,0,0,0,0,0,0,0,0,0,0,
2,0,0,1,0,0,0,1,0,0,0,
2,0,0,0,0,0,1,0,0,0,0,
2,0,0,0,0,0,0,0,0,0,0,
2,0,0,0,0,0,0,0,0,0,0,
2,0,0,0,0,0,0,0,0,0,0,
4,0,0,0,0,0,0,0,0,0,0,
2,0,0,0,0,0,0,0,0,0,0,
2,0,0,0,0,0,0,0,0,0,0,
2,0,0,0,0,0,0,0,0,0,0,
2,0,0,0,0,0,1,0,0,0,0,
5,0,0,0,0,0,0,0,0,0,0,
3,0,0,0,0,0,0,1,0,0,1,
2,0,0,0,0,0,0,1,0,0,0,
2,0,0,0,0,1,1,0,0,0,0,
2,1,1,0,0,1,1,1,0,0,1,
2,1,1,1,0,1,1,1,0,1,1,
5,1,1,0,0,1,1,0,0,0,0,
2,1,1,0,0,1,1,1,0,0,1,
3,1,1,1,0,1,1,1,0,1,1,
2,1,1,1,0,1,1,1,0,0,1,
2,1,1,1,0,1,1,1,0,0,1,
2,1,1,1,0,1,1,1,0,0,1,
2,1,1,1,0,1,1,1,0,0,1,
3,1,1,1,1,1,1,1,0,1,1,
2,1,1,1,0,1,1,1,0,1,1,
2,1,1,1,0,1,1,1,0,1,1,
2,1,1,1,0,1,1,1,0,1,1,
2,1,1,1,0,1,1,1,0,1,1,
2,1,1,1,0,1,1,1,0,1,1,
2,1,1,1,1,1,1,1,0,1,1,
2,1,1,1,1,1,1,1,0,1,1,
4,1,1,1,0,1,1,1,0,1,1,
2,1,1,1,1,1,1,1,0,1,1,
2,1,1,1,1,1,1,1,0,1,1,
2,0,0,0,0,0,0,0,0,0,0,
3,1,1,1,1,1,1,1,0,1,1,
2,0,0,0,0,0,0,0,0,0,0,
2,0,0,0,0,0,0,0,0,0,0,
3,1,0,0,0,0,0,0,0,0,0,
3,0,0,0,0,0,0,0,0,0,0,
2,0,0,0,0,0,0,0,0,0,0,
2,0,0,0,0,0,0,0,0,0,0,
2,0,0,0,0,0,0,0,0,0,0,
2,0,0,0,0,0,0,0,0,0,0,
2,0,0,0,0,0,0,0,0,0,0,
2,0,0,0,0,0,0,0,0,0,0,
3,1,0,0,0,1,1,0,0,1,0,
2,0,0,0,0,0,0,0,0,0,0,
2,0,0,0,0,0,0,0,0,0,0,
2,0,0,0,0,0,0,0,0,0,0,
2,0,0,0,0,0,0,0,0,0,0,
2,0,0,0,0,0,0,0,0,0,0,
2,0,0,0,0,0,0,0,0,0,0,
2,0,0,0,0,0,0,0,0,0,0,
5,2,1,2,0,2,2,1,0,1,1,
3,0,0,0,0,0,0,0,0,0,0,
4,0,0,0,0,1,1,0,0,1,0,
2,0,0,0,0,0,0,0,0,0,0,
2,0,0,0,0,0,0,0,0,0,0,
2,0,0,0,0,0,0,0,0,0,0,
1,0,0,0,0,0,0,0,0,0,0,
3,0,0,1,0,0,1,1,0,0,0,
2,0,0,0,0,0,0,0,0,0,0,
2,0,1,0,0,0,1,0,0,0,1,
2,0,1,0,0,0,1,0,0,0,0,
2,0,0,0,0,0,0,0,0,0,0,
4,0,0,0,0,0,0,0,0,0,0,
3,0,0,0,0,0,0,0,0,0,0,
3,0,0,0,0,0,0,0,0,0,0,
2,1,1,1,0,1,1,1,0,1,1,
2,1,1,1,0,1,1,1,0,1,1,
4,0,0,0,0,0,0,0,0,0,0,
2,0,1,1,0,1,1,1,0,0,1,
2,1,1,1,0,1,1,1,0,1,1,
2,1,1,1,0,1,1,1,0,0,1,
2,0,1,1,0,1,1,1,0,0,1,
3,1,1,1,0,1,1,1,0,1,1,
4,1,1,1,0,1,1,1,0,1,1,
2,0,1,1,0,1,1,1,0,0,1,
2,1,1,1,0,1,1,1,0,0,1,
2,1,1,1,0,1,1,1,0,0,1,
2,1,1,1,0,1,1,1,0,1,1,
2,1,1,1,0,1,1,1,0,1,1,
2,1,1,1,0,1,1,1,0,1,1,
2,1,1,1,0,1,1,1,0,1,1,
2,1,1,1,0,1,1,1,0,1,1,
2,1,1,1,0,1,1,1,0,1,1,
2,1,1,1,0,1,1,1,0,1,1,
2,1,1,1,0,1,1,1,0,1,1,
2,1,1,1,0,1,1,1,0,1,1,
2,1,1,1,1,1,1,1,0,1,1,
2,1,1,1,0,1,1,1,0,1,1,
2,1,1,1,0,1,1,1,0,1,1,
2,0,0,0,0,0,0,0,0,0,0,
3,0,0,0,0,0,0,0,0,0,0,
2,0,0,0,0,0,0,0,0,0,0,
2,0,0,0,0,0,0,0,0,0,0,
2,0,0,0,0,0,0,0,0,0,0,
2,0,0,0,0,0,0,0,0,0,0,
3,0,0,0,0,0,0,0,0,0,0,
3,0,0,0,0,0,0,0,0,0,0,
2,0,0,0,0,0,0,0,0,0,0,
2,0,0,0,0,0,0,0,0,0,0,
2,0,0,0,0,0,0,0,0,0,0,
2,0,0,0,0,0,0,0,0,0,0,
2,0,0,0,0,0,0,0,0,0,0,
2,0,0,0,0,0,0,0,0,0,0,
2,0,0,0,0,0,0,0,0,0,0,
2,0,0,0,0,0,0,0,0,0,0,
3,0,0,0,0,0,0,0,0,0,0,
3,0,0,0,0,0,0,0,0,0,0,
2,0,0,0,0,0,0,0,0,0,0,
2,0,0,0,0,0,0,0,0,0,0,
2,0,0,0,0,0,0,0,0,0,0,
2,0,0,0,0,0,0,0,0,0,0,
2,0,0,0,0,0,0,0,0,0,0,
2,0,0,0,0,0,0,0,0,0,0,
2,0,0,0,0,0,0,0,0,0,0,
2,0,0,0,0,0,0,0,0,0,0,
2,0,0,0,0,0,0,0,0,0,0,
2,0,0,0,0,0,0,0,0,0,0,
2,0,0,0,0,0,0,0,0,0,0,
2,0,1,1,0,1,1,1,0,0,0,
2,0,0,0,0,0,0,0,0,0,0,
2,0,0,0,0,0,0,0,0,0,0,
2,0,1,0,0,0,1,1,0,0,1,
2,1,1,1,0,1,1,1,0,1,1,
4,0,0,0,0,0,0,0,0,0,0,
2,0,1,1,0,0,1,1,0,0,0,
2,0,1,0,0,0,1,0,0,0,1,
2,0,1,0,0,0,1,1,0,0,1,
2,0,1,0,0,0,1,0,0,0,1,
4,0,0,0,0,0,0,0,0,0,0,
2,0,1,1,0,0,1,1,0,0,1,
2,0,1,1,0,1,1,1,0,0,1,
2,1,1,1,0,1,1,1,0,0,1,
2,1,1,1,0,1,1,1,0,0,1,
2,1,1,1,0,1,1,1,0,1,1,
5,0,0,0,0,0,0,0,0,0,0,
2,1,1,1,0,1,1,1,0,1,1,
2,1,1,1,0,1,1,1,0,1,1,
2,1,1,1,0,1,1,1,0,1,1,
2,1,1,1,0,1,1,1,0,1,1,
2,1,1,1,0,1,1,1,0,1,1,
2,1,1,1,0,1,1,1,0,1,1,
2,1,1,1,0,1,1,1,0,1,1,
2,1,1,1,0,1,1,1,0,1,1,
2,1,1,1,1,1,1,1,0,1,1,
2,1,1,1,0,1,1,1,0,1,1,
2,1,1,1,1,1,1,1,0,1,1,
3,0,0,0,0,0,0,0,0,0,0,
2,1,1,1,1,1,1,1,0,1,1,
6,1,1,0,1,1,2,1,2,1,1,
8,1,3,0,0,1,3,1,0,0,3,
3,0,1,1,0,1,1,1,0,1,1,
2,0,0,0,0,0,0,0,0,0,0,
2,0,0,0,0,0,0,0,0,0,0,
2,0,0,0,0,0,0,0,0,0,0,
2,0,0,0,0,0,0,0,0,0,0,
2,0,0,0,0,0,0,0,0,0,0,
2,0,0,0,0,0,0,0,0,0,0,
2,0,0,0,0,0,0,0,0,0,0,
2,0,0,0,0,0,0,0,0,0,0,
2,0,0,0,0,0,0,0,0,0,0,
3,0,0,0,0,0,0,0,0,0,0,
2,0,0,0,0,0,0,0,0,0,0,
5,2,2,2,0,2,2,2,0,2,2,
1,0,0,0,0,0,0,0,0,0,0,
2,0,0,0,0,0,0,0,0,0,0,
2,0,0,0,0,0,0,0,0,0,0,
2,0,0,0,0,0,0,0,0,0,0,
2,0,0,0,0,0,0,0,0,0,0,
2,0,0,0,0,0,0,0,0,0,0,
2,0,0,0,0,0,0,0,0,0,0,
2,0,0,0,0,0,0,0,0,0,0,
2,0,0,0,0,0,0,0,0,0,0,
2,0,0,0,0,0,0,0,0,0,0,
2,0,0,0,0,0,0,0,0,0,0,
2,0,1,0,0,0,0,1,0,0,0,
2,0,0,0,0,0,0,0,0,0,0,
3,0,1,0,0,0,0,1,0,0,0,
2,0,1,0,0,0,0,1,0,0,0,
2,0,1,0,0,0,0,1,0,0,0,
3,0,1,2,0,0,0,2,0,0,0,
2,0,1,0,0,0,1,1,0,0,1,
2,1,1,1,0,1,1,1,0,0,1,
2,0,1,0,0,0,1,1,0,0,1,
1,0,0,0,0,0,0,0,0,0,0,
5,0,0,0,0,0,0,0,0,0,0,
3,0,0,0,0,0,0,0,0,0,0,
2,1,1,1,0,1,1,1,0,0,1,
2,0,1,1,0,1,1,1,0,0,1,
2,1,1,1,0,1,1,1,0,1,1,
3,1,1,1,0,1,1,1,0,1,1,
2,1,1,1,0,1,1,1,1,1,1,
3,0,0,0,0,0,0,0,0,0,0,
2,0,0,0,0,0,0,0,0,0,0,
2,1,1,1,1,1,1,1,0,1,1,
2,1,1,1,0,1,1,1,0,1,1,
2,1,1,1,0,1,1,1,0,1,1,
2,1,1,1,0,1,1,1,0,1,1,
2,1,1,1,0,1,1,1,0,1,1,
2,1,1,1,0,1,1,1,0,1,1,
2,1,1,1,1,1,1,1,0,1,1,
2,0,0,0,0,0,0,0,0,0,0,
5,1,1,1,0,1,1,1,0,1,1,
2,0,0,0,0,0,0,0,0,0,0,
2,0,0,0,0,0,0,0,0,0,0,
2,0,0,0,0,0,0,0,0,0,0,
2,0,0,0,0,0,0,0,0,0,0,
2,0,0,0,0,0,0,0,0,0,0,
2,0,0,0,0,0,0,0,0,0,0,
3,0,0,0,1,0,0,0,0,0,0,
2,0,0,0,0,0,0,0,0,0,0,
3,0,0,0,0,0,0,0,0,0,0,
3,0,0,0,0,0,0,0,0,0,0,
2,0,0,0,0,0,0,0,0,0,0,
2,0,0,0,0,0,0,0,0,0,0,
2,0,0,0,0,0,0,0,0,0,0,
2,0,0,0,0,0,0,0,0,0,0,
2,0,0,0,0,0,0,0,0,0,0,
1,0,0,0,0,0,0,0,0,0,0,
1,0,0,0,0,0,0,0,0,0,0,
1,0,0,0,0,0,0,0,0,0,0,
2,0,0,0,0,0,0,0,0,0,0,
1,0,0,0,0,0,0,0,0,0,0,
2,0,0,0,0,0,0,0,0,0,0,
2,0,0,0,0,0,0,0,0,0,0,
2,0,0,0,0,0,0,0,0,0,0,
2,0,0,0,0,0,0,0,0,0,0,
2,0,0,0,0,0,0,0,0,0,0,
2,0,0,0,0,0,0,0,0,0,0,
3,1,1,1,0,1,1,1,0,1,1,
2,0,0,0,0,0,0,0,0,0,0,
2,0,0,0,0,0,1,0,0,0,0,
2,0,0,0,0,0,1,1,0,0,1,
2,0,0,0,0,0,1,1,0,0,1,
2,1,0,1,0,1,1,1,0,0,1,
2,0,0,1,0,0,1,1,0,0,0,
2,0,1,0,0,0,1,1,0,0,0,
2,0,1,1,0,0,1,1,0,0,0,
2,0,1,1,0,0,1,1,0,0,1,
2,0,1,0,0,0,1,1,0,0,1,
2,0,1,1,0,0,1,1,0,0,1,
4,1,1,3,0,1,1,3,0,0,1,
2,1,1,1,0,1,1,1,0,1,1,
2,1,1,1,0,1,1,1,0,0,1,
2,1,1,1,0,1,1,1,0,1,1,
2,0,0,0,0,0,0,0,0,0,0,
4,1,1,1,0,1,1,1,0,1,1,
2,1,1,1,0,1,1,1,0,1,1,
2,1,1,1,0,1,1,1,0,1,1,
2,1,1,1,0,1,1,1,0,1,1,
2,1,1,1,0,1,1,1,0,1,1,
2,1,1,1,0,1,1,1,0,1,1,
2,1,1,1,1,1,1,1,0,1,1,
3,1,1,2,0,1,1,2,0,1,1,
2,1,1,1,1,1,1,1,0,1,1,
2,0,0,0,0,0,0,0,0,0,0,
3,0,0,0,0,0,0,0,0,0,0,
2,0,0,0,0,0,0,0,0,0,0,
4,1,1,1,0,1,1,1,0,1,1,
2,0,0,0,0,0,0,0,0,0,0,
2,0,0,0,0,0,0,0,0,0,0,
2,0,0,0,0,0,0,0,0,0,0,
2,0,0,0,0,0,0,0,0,0,0,
5,1,1,1,0,1,1,1,0,1,1,
2,0,0,0,0,0,0,0,0,0,0,
2,0,0,0,0,0,0,0,0,0,0,
2,0,0,0,0,0,0,0,0,0,0,
2,0,0,0,0,0,0,0,0,0,0,
2,0,0,0,0,0,0,0,0,0,0,
2,0,0,0,0,0,0,0,0,0,0,
4,0,2,0,0,0,2,0,0,0,2,
2,0,1,0,0,0,0,0,0,0,0,
1,0,0,0,0,0,0,0,0,0,0,
1,0,0,0,0,0,0,0,0,0,0,
1,0,0,0,0,0,0,0,0,0,0,
2,0,0,0,0,0,0,0,0,0,0,
2,0,0,0,0,0,0,0,0,0,0,
2,0,0,0,0,0,0,0,0,1,0,
4,3,1,1,0,1,1,1,0,1,1,
3,2,1,1,0,1,1,1,0,1,1,
2,1,1,0,0,0,1,0,0,0,1,
2,0,0,0,0,0,0,0,0,0,0,
2,0,0,0,0,0,0,1,0,0,0,
2,0,0,0,0,0,0,1,0,0,0,
2,0,1,0,0,0,0,1,0,0,0,
2,0,1,0,0,0,1,0,0,0,0,
2,1,1,1,0,0,1,1,0,1,1,
2,0,1,0,0,0,0,1,0,0,0,
2,1,1,0,0,0,1,1,0,0,0,
2,0,1,1,0,0,1,0,0,0,1,
3,0,0,0,0,0,0,0,0,0,0,
2,0,1,1,0,1,1,1,0,0,1,
2,1,1,1,0,0,1,1,0,0,1,
2,1,1,1,0,0,1,1,0,1,1,
2,1,1,1,0,1,1,1,0,0,1,
2,1,1,1,0,0,1,1,0,1,1,
2,1,1,1,0,1,1,1,0,1,1,
2,1,1,1,0,1,1,1,0,1,1,
2,1,1,1,0,1,1,1,0,1,1,
2,1,1,1,0,1,1,1,0,1,1,
4,0,0,0,0,0,0,0,0,0,0,
2,1,1,1,0,1,1,1,0,1,1,
3,1,1,2,0,1,1,2,0,1,1,
2,1,1,1,0,1,1,1,0,1,1,
2,1,1,1,0,1,1,1,0,1,1,
2,1,1,1,0,1,1,1,0,1,1,
2,1,1,1,0,1,1,1,0,1,1,
2,1,1,1,0,1,1,1,0,1,1,
2,1,1,1,0,1,1,1,0,1,1,
2,1,1,1,0,1,1,1,0,1,1,
2,0,0,0,0,0,0,0,0,0,0,
2,1,1,1,1,1,1,1,0,1,1,
2,0,0,0,0,0,0,0,0,0,0,
2,0,0,0,0,0,0,0,0,0,0,
5,0,0,3,0,0,0,3,0,0,0,
2,0,0,0,0,0,0,0,0,0,0,
2,0,0,0,0,0,0,0,0,0,0,
2,0,0,0,0,0,0,0,0,0,0,
3,0,0,0,0,0,0,0,0,0,0,
6,0,0,0,0,0,0,0,0,0,0,
3,0,0,0,0,0,0,0,0,0,0,
3,0,0,0,0,0,0,0,0,0,0,
2,0,0,0,0,0,0,0,0,0,0,
3,0,0,0,0,0,0,0,0,0,0,
4,0,0,0,0,0,0,0,0,0,0,
1,0,0,0,0,0,0,0,0,0,0,
2,0,0,0,0,0,0,0,0,0,0,
1,0,0,0,0,0,0,0,0,0,0,
2,0,0,0,0,0,0,0,0,0,0,
2,0,0,0,0,0,0,0,0,0,0,
5,1,1,1,0,1,1,1,0,1,1,
2,0,1,0,0,0,1,1,0,0,0,
2,0,0,0,0,0,0,0,0,0,0,
2,0,0,0,0,0,0,0,0,0,0,
2,0,0,0,0,0,0,0,0,0,0,
2,0,0,0,0,0,0,0,0,0,0,
2,0,0,0,0,0,0,0,0,0,0,
2,0,0,0,0,0,0,0,0,0,0,
2,0,0,0,0,0,0,0,0,0,0,
2,0,0,0,0,0,0,0,0,0,0,
2,0,0,0,0,0,0,0,0,0,0,
2,0,0,0,0,0,0,0,0,0,0,
2,1,1,1,0,1,1,1,0,1,1,
2,1,1,1,0,0,1,1,0,0,1,
2,0,1,1,0,0,1,1,0,0,0,
2,1,1,1,0,1,1,1,0,1,0,
2,1,1,1,0,1,1,1,0,0,1,
2,1,1,1,0,1,1,1,0,0,1,
2,1,1,1,0,1,1,1,0,0,1,
2,1,1,1,0,0,1,1,0,1,1,
2,1,1,1,0,1,1,1,0,1,1,
2,0,0,0,0,0,0,0,0,0,0,
2,1,1,1,0,1,1,1,0,1,1,
2,1,1,1,0,1,1,1,0,1,1,
2,1,1,1,0,1,1,1,0,1,1,
4,1,1,2,0,1,1,3,0,1,1,
2,1,1,1,0,1,1,1,0,1,1,
2,1,1,1,0,1,1,1,0,1,1,
2,1,1,1,0,1,1,1,0,1,1,
2,1,1,1,0,1,1,1,0,1,1,
2,1,1,1,0,1,1,1,0,1,1,
2,1,1,1,0,1,1,1,0,1,1,
2,1,1,1,0,1,1,1,0,1,1,
3,0,0,0,0,0,1,0,0,0,0,
2,0,0,0,0,0,0,0,0,0,0,
2,0,0,0,0,0,0,0,0,0,0,
2,1,1,1,1,1,1,1,0,1,1,
2,0,0,0,0,0,0,0,0,0,0,
3,0,0,0,0,0,0,0,0,0,0,
2,0,0,0,0,0,0,0,0,0,0,
2,0,0,0,0,0,0,0,0,0,0,
2,0,0,0,0,0,0,0,0,0,0,
2,0,0,0,0,0,0,0,0,0,0,
2,0,0,0,0,0,0,0,0,0,0,
2,0,0,0,0,0,0,0,0,0,0,
4,0,0,2,0,0,0,2,0,0,1,
2,0,0,0,0,0,0,0,0,0,0,
2,0,0,0,0,0,0,0,0,0,0,
3,0,0,0,0,0,0,0,0,0,0,
2,1,1,1,0,1,1,1,0,1,1,
4,1,1,1,0,1,1,1,0,1,1,
1,0,0,0,0,0,0,0,0,0,0,
1,0,0,0,0,0,0,0,0,0,0,
2,0,0,0,0,0,0,0,0,0,0,
2,0,0,0,0,0,0,0,0,0,0,
3,1,1,1,0,1,1,1,0,1,1,
2,0,0,0,0,0,0,0,0,0,0,
2,0,0,0,0,0,0,0,0,0,0,
3,1,1,1,1,1,1,1,0,1,1,
2,1,1,1,0,1,1,1,0,1,0,
2,1,1,1,0,1,1,1,0,1,1,
2,1,1,1,0,1,1,1,0,1,1,
2,0,0,0,0,0,0,1,0,0,0,
3,0,0,0,0,0,0,0,0,0,0,
2,1,1,0,0,1,0,1,0,1,0,
2,0,0,0,0,0,0,0,0,0,0,
2,0,0,0,0,0,1,0,0,0,0,
2,1,0,0,0,0,0,0,0,0,0,
2,0,0,0,0,0,0,0,0,0,0,
2,0,1,0,0,0,0,0,0,0,0,
2,0,1,0,0,0,1,1,0,0,0,
2,0,1,1,0,0,1,0,0,0,1,
2,0,1,0,0,0,1,0,0,0,0,
2,0,1,0,0,0,1,1,0,0,1,
2,1,1,1,0,1,1,1,0,0,0,
2,1,1,1,0,1,1,1,0,0,1,
2,1,1,1,0,1,1,1,0,0,1,
2,0,1,1,0,1,1,1,0,0,1,
2,1,1,1,0,1,1,1,0,1,1,
2,1,1,1,0,1,1,1,0,1,1,
2,1,1,1,1,1,1,1,0,1,1,
2,1,1,1,0,1,1,1,0,1,1,
2,1,1,1,0,1,1,1,0,1,1,
2,1,1,1,0,1,1,1,0,1,1,
3,1,1,1,0,1,1,1,0,1,2,
3,1,1,1,0,1,1,1,0,1,1,
2,1,1,1,0,1,1,1,0,1,1,
3,1,1,1,0,1,1,1,0,1,2,
2,1,1,1,0,1,1,1,0,1,1,
2,1,1,1,0,1,1,1,0,1,1,
3,1,1,1,1,2,1,1,0,1,1,
3,0,0,0,0,0,0,0,0,0,0,
3,0,0,0,0,0,0,0,0,0,0,
2,0,0,0,0,0,0,0,0,0,0,
3,0,0,0,0,0,0,0,0,0,0,
2,0,0,0,0,0,0,0,0,0,0,
2,0,0,0,0,0,0,0,0,0,0,
2,0,0,0,0,0,0,0,0,0,0,
2,0,0,0,0,0,0,0,0,0,0,
2,0,0,0,0,0,0,0,0,0,0,
2,0,0,0,0,0,0,0,0,0,0,
2,0,0,0,0,0,0,0,0,0,0,
2,0,0,0,0,0,0,0,0,0,0,
4,0,0,0,0,0,0,0,0,0,0,
3,0,0,0,0,0,0,0,0,0,0,
2,0,0,0,0,0,0,0,0,0,0,
3,0,0,2,0,0,0,2,0,0,0,
1,0,0,0,0,0,0,0,0,0,0,
2,0,0,0,0,0,0,0,0,0,0,
2,0,0,0,0,0,0,0,0,0,0,
2,0,0,0,0,0,0,0,0,0,0,
4,0,1,1,0,0,1,1,0,0,1,
2,0,0,0,0,0,0,0,0,0,0,
2,1,1,1,0,1,1,1,0,0,1,
2,0,0,0,0,0,0,0,0,0,0,
2,0,0,0,0,0,0,0,0,0,0,
3,0,0,0,0,0,0,0,0,0,0,
2,0,0,0,0,0,0,0,0,0,0,
2,0,0,0,0,0,0,0,0,0,0,
2,0,0,0,0,0,0,1,0,0,0,
2,0,0,0,0,0,0,0,0,0,0,
2,0,0,0,0,0,0,0,0,0,0,
5,0,0,0,0,0,0,0,0,0,0,
2,0,0,0,0,0,1,1,0,0,0,
4,0,1,0,0,0,1,1,0,0,1,
2,0,1,0,0,0,1,1,0,0,0,
2,0,1,0,0,0,1,1,0,0,0,
3,0,1,0,0,0,1,1,0,0,1,
2,1,1,0,0,1,1,1,0,0,1,
2,0,1,0,0,0,1,1,0,0,1,
2,1,1,1,0,1,1,1,0,0,1,
3,1,1,1,1,1,1,1,0,0,1,
2,1,1,1,0,1,1,1,0,0,1,
2,0,0,0,0,0,0,0,0,0,0,
4,1,1,1,0,1,1,1,0,0,1,
2,0,0,0,0,0,0,0,0,0,0,
3,1,1,1,0,1,1,1,0,1,1,
3,0,0,0,0,0,0,1,0,0,0,
2,1,1,1,0,1,1,1,0,1,1,
2,1,1,1,0,1,1,1,0,1,1,
2,1,1,1,0,1,1,1,0,1,1,
3,1,1,1,0,1,1,1,0,1,1,
2,0,0,0,0,0,0,0,0,0,0,
2,0,0,0,0,0,0,0,0,0,0,
2,0,0,0,0,0,0,0,0,0,0,
2,0,0,0,0,0,0,0,0,0,0,
2,0,0,0,0,0,0,0,0,0,0,
2,0,0,0,0,0,0,0,0,0,0,
2,0,0,0,0,0,0,0,0,0,0,
2,0,0,0,0,0,0,0,0,0,0,
2,0,0,0,0,0,0,0,0,0,0,
2,0,0,0,0,0,0,0,0,0,0,
2,0,0,0,0,0,0,0,0,0,0,
2,0,0,0,0,0,0,0,0,0,0,
4,0,0,0,0,0,0,0,0,0,0,
2,0,0,0,0,0,0,0,0,0,0,
2,0,0,0,0,0,0,0,0,0,0,
2,0,0,0,0,0,0,0,0,0,0,
2,0,0,0,0,0,0,0,0,0,0,
1,0,0,0,0,0,0,0,0,0,0,
1,0,0,0,0,0,0,0,0,0,0,
2,0,0,0,0,0,0,0,0,0,0,
3,0,0,1,0,0,0,1,0,0,0,
2,0,0,0,0,0,0,0,0,0,0,
1,0,0,0,0,0,0,0,0,0,0,
2,0,0,0,0,0,0,0,0,0,0,
2,0,0,0,0,0,0,0,0,0,0,
3,0,0,1,0,0,0,1,0,0,0,
2,0,0,0,0,0,0,0,0,0,0,
2,0,0,0,0,0,0,0,0,0,0,
2,0,0,0,0,0,0,0,0,0,0,
4,0,0,0,0,0,0,0,0,0,0,
4,0,0,0,0,0,0,0,0,0,0,
2,1,1,1,1,1,1,1,0,1,1,
2,0,1,0,0,0,0,1,0,0,0,
2,1,1,1,0,1,1,1,0,1,1,
2,0,0,0,0,0,0,0,0,0,0,
5,0,0,0,0,0,0,0,0,0,0,
2,0,1,0,0,0,0,0,0,0,0,
2,0,0,0,0,0,0,0,0,0,0,
2,0,1,0,0,0,0,1,0,0,0,
2,0,1,0,0,0,1,1,0,0,0,
2,0,1,0,0,0,1,0,0,0,1,
2,0,1,1,0,1,1,1,0,0,1,
3,0,1,0,0,0,0,1,0,0,0,
2,0,1,0,0,0,1,1,0,0,1,
