16,4,1,6,3,5,2,5,4,5,0,6,4,5,2,4,3,5,1,6,3,5,2,5,2,5,1,5,4,6,2,
15,3,0,5,2,4,0,4,2,4,0,5,2,4,0,3,2,4,0,5,2,4,0,3,1,4,0,4,2,5,1,
11,3,0,5,2,4,0,4,3,4,0,5,3,4,1,3,2,4,0,5,2,4,1,4,2,4,1,4,3,5,1,
12,3,0,5,2,3,0,4,2,4,0,5,2,3,0,3,2,4,0,5,2,4,1,4,2,4,0,4,2,5,1,
12,3,0,4,2,4,0,4,2,4,0,4,2,3,0,3,2,4,0,5,2,4,0,4,2,4,0,4,2,5,1,
11,3,0,5,2,4,0,4,3,4,0,4,3,4,0,4,2,4,0,5,2,4,1,4,2,4,1,5,2,5,1,
11,3,0,5,2,4,0,4,2,4,0,5,3,4,0,4,2,4,0,5,2,4,1,4,2,4,1,5,3,5,1,
11,3,1,5,3,4,1,4,3,4,0,5,3,4,1,4,2,4,1,5,2,4,1,4,2,4,1,5,3,5,1,
11,3,1,5,3,4,1,4,3,4,0,5,3,4,1,4,2,4,1,5,2,4,1,4,2,5,1,5,3,5,2,
11,3,1,5,3,4,1,4,2,4,0,5,3,4,1,4,2,4,1,5,2,4,1,4,2,5,1,5,3,5,1,
11,3,1,5,3,4,1,4,3,4,0,5,3,4,1,4,2,4,1,5,2,4,1,4,2,5,1,5,3,5,2,
11,3,1,5,3,4,1,4,3,4,0,5,3,4,1,4,2,4,1,5,2,4,1,4,2,5,1,5,3,5,2,
11,3,0,4,2,3,0,4,2,3,0,4,2,3,0,3,2,3,0,4,2,3,0,4,1,4,0,4,2,4,1,
11,3,1,5,3,4,1,4,3,4,0,5,3,4,1,4,2,4,1,5,2,4,1,4,2,5,1,5,3,5,2,
11,3,0,4,2,3,0,4,2,3,0,4,2,3,0,3,2,3,0,4,2,3,0,3,1,4,0,4,2,4,1,
12,3,0,4,2,3,0,4,2,3,0,4,2,3,0,3,2,4,0,5,2,3,0,4,1,4,0,4,2,5,1,
11,3,0,4,2,3,0,4,2,4,0,4,2,3,0,3,2,4,0,5,2,4,0,4,2,4,0,4,2,5,1,
11,3,0,4,2,3,0,4,2,4,0,4,2,4,0,3,2,4,0,5,2,4,0,4,2,4,0,4,2,5,1,
14,3,0,5,3,4,0,4,2,4,0,5,3,4,0,4,2,4,0,5,2,4,0,4,2,4,0,5,2,5,1,
12,3,1,5,2,4,0,4,2,4,0,4,2,4,1,4,2,4,0,5,2,4,1,4,2,4,1,4,2,5,1,
12,3,0,5,2,4,0,4,2,4,0,4,2,4,0,3,2,4,0,5,2,4,1,4,2,4,1,4,2,5,1,
11,3,0,5,3,4,0,4,3,4,0,5,3,4,0,4,2,4,0,5,2,4,1,4,2,4,1,5,3,5,1,
11,3,1,5,3,4,1,4,2,4,0,5,3,4,1,4,2,4,0,5,2,4,1,4,2,4,1,6,2,5,1,
11,3,0,5,3,4,1,4,2,4,0,5,3,4,1,4,2,4,0,5,2,4,1,4,2,4,1,5,3,5,1,
30,3,0,5,3,4,25,4,2,4,0,5,3,4,1,4,2,4,0,5,2,4,1,4,2,4,1,5,2,5,1,
12,3,0,4,2,3,1,4,2,4,0,4,2,3,1,3,2,4,1,5,2,4,1,4,2,4,1,4,2,5,1,
11,3,1,5,3,4,1,4,2,4,0,5,3,4,1,4,2,4,1,5,2,4,1,4,2,5,1,5,3,5,1,
11,3,1,5,3,4,1,5,3,4,0,5,3,4,1,4,2,4,1,5,2,4,1,4,2,5,1,5,3,5,2,
11,3,1,5,3,4,1,5,3,4,0,5,3,4,1,4,2,4,1,5,2,4,1,4,2,5,1,5,3,5,2,
11,3,1,5,3,4,1,4,3,4,0,5,3,4,1,4,2,4,1,5,2,4,1,4,2,5,1,5,3,5,2,
11,3,0,4,2,3,0,4,2,3,0,4,2,3,0,3,2,3,0,4,2,3,0,4,1,4,0,4,2,4,1,
11,4,1,5,3,4,1,5,3,4,0,5,3,4,1,4,3,4,1,5,3,4,1,5,2,5,1,5,3,5,2,
11,4,4,5,3,4,4,5,3,4,0,5,3,4,4,4,3,4,4,6,3,4,4,5,2,5,4,5,3,5,2,
11,3,0,4,2,3,0,4,2,4,0,4,2,3,0,3,2,4,0,5,2,3,0,4,1,4,0,4,2,5,1,
11,4,1,5,3,4,1,5,3,4,0,5,3,4,1,4,3,4,1,6,3,4,1,5,2,5,1,5,3,5,2,
11,3,0,4,2,3,0,4,2,4,0,4,2,3,0,3,2,4,0,5,2,4,0,4,2,4,0,4,2,5,1,
12,6,0,6,5,5,0,6,2,5,0,5,6,6,1,6,2,6,0,6,2,6,1,6,2,6,1,6,5,6,1,
11,3,1,4,2,4,1,4,2,4,0,4,2,3,1,3,2,4,1,5,2,4,1,4,2,4,1,4,2,5,1,
11,3,1,5,3,4,1,4,2,4,0,5,3,4,1,4,2,4,1,5,2,4,1,4,2,5,1,5,3,5,2,
12,3,0,4,2,4,0,4,2,4,0,4,2,4,0,3,2,4,0,5,2,4,0,4,2,4,0,4,2,5,1,
11,3,0,5,2,4,0,4,2,4,0,5,3,4,0,4,2,4,0,5,2,4,1,4,2,4,1,5,2,5,1,
11,3,0,5,2,4,0,4,2,4,0,5,3,4,0,4,2,4,0,5,2,4,1,4,2,4,1,5,2,5,1,
11,3,1,5,3,4,0,5,3,4,0,5,3,4,0,4,3,4,0,5,3,4,1,4,2,4,1,5,3,5,2,
11,3,1,5,2,4,0,4,2,4,0,5,3,4,1,4,2,4,0,5,2,4,1,4,2,4,1,5,2,5,1,
11,3,1,5,2,4,0,4,2,4,0,5,3,4,1,4,2,4,0,5,2,4,1,4,2,4,1,5,2,5,1,
11,4,1,5,3,4,1,5,3,4,0,5,3,4,1,4,3,4,1,5,3,4,1,5,2,5,1,5,3,5,2,
11,4,1,5,3,4,1,5,3,4,0,5,3,4,1,4,3,4,1,5,3,4,1,5,2,5,1,5,3,5,2,
11,4,1,5,3,4,1,5,3,4,0,5,3,4,1,4,3,4,1,5,3,4,1,5,2,5,1,5,3,5,2,
13,3,0,6,2,3,0,4,2,4,0,4,2,3,0,3,2,4,0,6,2,4,0,4,2,4,0,4,2,4,1,
11,4,1,5,3,4,1,5,3,5,0,5,3,4,1,4,3,5,1,6,3,5,1,5,3,5,1,5,3,5,2,
11,3,0,4,2,3,0,4,2,4,0,4,2,3,0,3,2,4,0,5,2,4,0,4,2,4,0,4,2,4,1,
11,3,0,5,2,4,0,5,2,4,0,5,2,4,0,4,2,4,0,6,2,4,0,5,2,4,2,5,2,5,1,
11,3,0,5,2,4,0,4,2,4,0,4,2,3,0,3,2,4,0,5,2,4,0,4,2,4,1,5,2,5,1,
11,3,0,5,2,4,0,4,2,4,0,4,2,4,0,4,2,4,0,5,2,4,1,4,2,4,1,5,2,5,1,
11,3,1,5,3,4,0,4,2,4,0,5,3,4,1,4,2,4,0,5,2,4,1,4,2,4,1,5,2,5,1,
14,3,0,5,3,4,0,4,2,4,0,4,2,4,0,4,3,4,0,5,3,4,1,4,3,4,1,5,2,5,1,
11,3,1,5,3,4,1,4,3,4,0,5,3,4,1,4,2,4,1,5,2,4,1,4,2,4,1,5,2,5,1,
11,3,1,5,3,4,1,4,3,4,0,5,3,4,1,4,2,4,1,5,3,4,1,5,2,5,1,5,3,5,2,
11,4,1,5,3,4,1,5,3,5,0,5,3,4,1,4,3,5,1,5,3,5,1,5,2,5,1,5,3,5,2,
12,4,1,5,3,4,1,5,3,5,0,5,3,4,1,4,2,5,1,6,2,5,1,5,2,5,1,5,3,5,2,
11,3,0,4,2,3,0,4,2,4,0,4,2,3,0,3,2,4,0,5,2,4,0,4,1,4,0,4,2,4,1,
13,3,0,4,2,3,0,4,2,4,0,4,2,3,0,3,2,4,0,5,2,4,0,4,2,4,0,4,2,5,1,
11,3,0,4,2,3,0,4,2,4,0,4,2,3,0,3,2,4,0,5,2,4,0,4,2,4,0,4,2,4,1,
11,3,0,4,2,3,0,4,2,4,0,4,2,3,0,3,2,4,0,5,2,4,0,4,2,4,0,4,2,4,1,
11,3,0,4,2,3,0,4,2,4,0,4,2,3,0,3,2,4,0,5,2,4,0,4,2,4,0,4,2,5,1,
11,3,0,4,2,3,0,4,2,4,0,4,2,3,0,3,2,4,0,5,2,4,0,4,2,4,0,4,2,5,1,
11,4,0,5,2,4,0,4,2,4,0,4,2,4,0,4,2,4,0,5,2,4,0,4,2,4,0,4,2,5,1,
11,4,0,5,2,4,0,4,2,4,0,4,2,3,0,4,2,4,0,5,2,4,0,4,2,4,1,4,2,5,1,
13,3,0,4,2,3,0,4,2,4,0,4,2,3,0,3,2,4,0,5,2,4,0,4,2,4,0,4,2,4,1,
14,4,0,8,2,4,0,7,2,4,0,8,3,4,0,7,2,4,0,8,2,4,1,7,2,4,1,8,2,8,1,
11,4,1,5,2,4,0,4,2,4,0,5,3,4,0,4,2,4,0,5,2,4,1,4,2,4,1,5,2,5,1,
11,4,1,5,3,4,0,4,2,4,0,5,3,4,1,4,2,4,0,5,2,4,1,4,2,4,1,5,2,5,1,
12,5,1,5,6,5,1,5,6,5,0,5,6,5,1,5,6,5,1,5,6,5,1,5,5,5,1,5,6,5,2,
14,3,1,5,3,4,1,5,3,4,0,5,3,4,1,4,3,4,1,5,3,4,1,5,2,5,1,5,3,5,2,
11,4,1,5,3,4,1,5,3,4,0,5,3,4,1,4,3,5,1,5,3,4,1,4,2,5,1,5,3,5,2,
11,3,0,4,2,3,0,4,2,4,0,4,2,3,0,3,2,4,0,4,2,4,0,4,2,4,0,4,2,4,1,
11,4,1,5,3,4,1,5,3,5,0,5,3,4,1,4,3,5,1,5,3,5,1,5,3,5,1,5,3,5,2,
11,3,0,4,2,3,0,4,2,4,0,4,2,3,0,3,2,4,0,5,2,4,0,4,2,4,0,4,2,5,1,
12,3,0,5,2,4,0,5,2,5,0,5,2,3,0,3,2,5,0,5,2,5,0,5,2,5,0,5,2,5,1,
12,3,0,5,2,4,0,4,2,4,0,4,2,3,0,3,2,4,0,5,2,4,0,4,2,4,0,4,2,5,1,
11,3,0,5,2,3,0,4,2,4,0,4,2,3,0,3,2,4,0,5,2,4,0,4,2,4,0,4,2,5,1,
13,3,0,5,2,7,1,4,2,7,0,5,3,7,0,4,2,7,0,5,2,7,1,4,2,7,1,5,2,5,1,
11,3,0,5,2,4,0,4,2,4,0,5,3,4,0,4,2,4,0,5,2,4,0,4,2,4,1,5,2,5,1,
11,3,0,5,2,4,1,4,2,4,0,4,3,3,0,4,2,4,0,5,2,4,1,4,2,4,1,5,2,5,1,
11,4,0,5,3,4,0,4,3,4,0,5,3,4,0,4,2,4,0,5,2,4,1,4,2,4,1,5,3,5,1,
11,3,0,5,2,4,1,4,2,4,0,5,3,4,0,4,2,4,0,5,2,4,1,4,2,4,1,5,2,5,1,
13,3,1,5,2,4,1,4,2,4,0,5,3,4,0,4,2,4,0,5,2,4,1,4,2,4,1,5,2,5,1,
11,3,1,5,3,4,1,4,3,4,0,5,3,4,1,4,2,4,1,5,2,4,1,4,2,4,1,5,3,5,1,
11,3,1,5,3,4,1,4,3,4,0,5,3,4,1,4,2,4,1,5,2,4,1,4,3,4,1,5,3,5,1,
11,3,1,5,3,4,1,5,3,4,0,5,3,4,1,4,3,4,1,5,3,4,1,4,3,5,1,5,3,5,2,
11,3,0,4,2,3,0,4,2,4,0,4,2,3,0,3,2,4,0,5,2,4,0,4,2,4,0,4,2,5,1,
11,4,1,5,3,4,1,5,3,5,0,5,3,4,1,4,3,4,1,5,3,5,1,5,3,5,1,5,3,5,2,
12,3,1,5,3,4,1,4,2,4,0,5,3,4,2,4,2,4,1,5,3,4,2,4,2,4,2,5,3,5,2,
12,3,0,5,3,4,2,5,2,4,0,5,3,4,1,4,2,4,0,5,2,4,2,4,2,4,2,5,2,5,2,
12,4,1,6,3,4,1,5,3,5,0,5,3,4,1,5,3,5,1,6,3,5,1,5,3,5,1,6,3,6,2,
11,3,0,4,2,4,0,4,2,4,0,4,3,3,0,3,2,4,0,5,2,4,1,4,2,4,1,4,2,4,1,
11,3,0,4,2,4,1,4,2,4,0,4,2,3,0,4,2,4,0,5,2,4,1,4,2,4,1,4,2,4,1,
11,3,0,4,2,3,0,3,2,4,0,4,2,3,1,3,2,3,0,4,1,3,1,3,1,4,2,4,2,4,0,
11,2,0,4,2,3,0,4,1,3,0,4,2,3,0,3,1,3,0,5,1,3,0,4,1,3,0,4,2,4,0,
15,3,1,5,3,4,1,5,3,4,0,5,3,4,1,4,3,4,1,6,3,4,1,5,3,4,1,5,3,6,1,
14,3,1,8,3,4,1,8,3,4,0,7,3,4,1,4,3,4,1,8,2,4,1,4,2,4,1,7,3,8,1,
10,3,1,5,2,4,1,4,2,4,0,4,2,3,1,4,2,4,1,5,2,4,1,4,2,4,1,4,2,5,1,
12,2,0,3,1,2,0,3,1,3,0,3,1,2,0,2,1,3,0,4,1,3,1,3,1,3,0,3,1,3,0,
13,4,0,6,5,4,0,6,5,4,0,6,5,4,0,6,5,4,0,7,4,4,1,6,4,4,0,6,5,6,1,
13,3,0,6,3,4,0,6,3,4,0,5,3,4,1,4,3,4,0,6,3,4,1,5,2,4,1,5,3,6,2,
12,4,0,6,3,4,1,5,3,4,0,5,3,4,1,5,3,4,0,6,3,4,1,5,3,5,1,5,3,6,2,
11,3,0,5,3,4,1,4,3,4,0,5,3,4,1,4,2,4,0,5,2,4,1,5,3,5,1,5,3,5,2,
11,3,0,4,2,3,0,4,2,3,0,4,2,3,0,3,2,3,0,4,2,3,0,4,2,4,0,4,2,4,1,
11,3,0,4,2,3,0,4,2,4,0,4,2,3,0,3,2,3,0,4,2,3,0,4,2,4,0,4,2,4,1,
11,3,0,4,2,3,0,4,2,3,0,4,2,3,0,3,2,3,0,4,2,3,0,4,2,4,0,4,2,4,1,
11,3,0,4,2,3,0,4,2,4,0,4,2,3,0,3,2,3,0,4,2,3,0,4,2,4,0,4,2,4,1,
11,3,0,4,2,3,0,4,2,4,0,4,2,3,0,3,2,4,0,4,2,4,0,4,2,4,0,4,2,4,1,
15,3,0,4,2,4,0,4,2,7,0,4,2,4,0,3,2,8,0,5,2,7,0,4,2,8,0,4,2,5,1,
11,3,0,4,2,3,0,4,2,4,0,4,2,3,0,3,2,4,0,5,2,4,0,4,2,4,0,4,2,5,1,
12,3,0,5,2,3,0,4,2,4,0,5,2,3,0,3,2,4,0,5,2,4,0,4,2,4,0,4,2,5,1,
11,3,0,5,2,4,1,4,2,4,0,5,3,4,1,4,2,4,1,5,2,4,1,5,2,4,1,5,2,5,1,
12,3,0,5,2,3,0,5,2,5,0,5,2,3,1,3,2,4,0,5,1,5,1,5,2,5,0,5,2,5,1,
15,3,1,5,2,4,1,4,2,4,0,5,2,4,1,3,2,4,1,6,2,4,1,4,2,4,1,4,2,6,1,
13,3,0,5,3,3,0,4,2,4,0,5,3,3,0,3,3,4,0,6,2,4,0,4,2,4,0,4,2,6,1,
12,3,0,6,3,4,1,4,3,4,0,5,3,4,1,4,3,4,0,6,3,4,1,4,2,4,1,5,2,6,1,
11,3,0,5,3,4,1,4,3,4,0,5,3,4,1,4,3,4,0,5,2,4,1,4,2,4,1,5,2,5,1,
11,4,0,5,3,4,1,5,3,5,1,5,3,4,1,4,3,4,1,5,3,5,1,4,3,5,1,5,3,5,2,
16,6,0,4,2,6,0,4,2,7,0,4,2,8,0,3,2,9,0,4,2,7,0,3,2,7,0,4,2,4,1,
11,3,0,4,2,3,0,4,2,4,0,4,2,3,0,3,2,3,0,4,2,4,0,3,1,4,0,4,2,4,1,
11,2,0,4,2,3,0,3,2,3,0,4,2,3,0,3,2,3,0,4,2,3,0,3,2,3,0,4,2,4,1,
11,2,0,4,2,3,0,3,2,3,0,4,2,3,0,3,2,3,0,4,2,3,0,3,2,3,0,4,2,4,1,
11,3,0,4,2,3,0,4,2,3,0,4,2,3,0,3,2,3,0,4,2,3,0,4,1,3,0,4,2,4,1,
12,3,0,5,2,3,0,4,2,4,0,4,2,3,1,3,2,4,0,5,2,4,1,4,2,4,0,4,2,5,1,
11,5,0,5,4,5,0,5,4,5,0,5,4,5,0,5,4,5,0,5,4,5,0,5,1,5,0,5,4,5,1,
11,3,0,5,2,3,0,4,2,3,0,4,2,3,0,3,2,3,0,5,2,4,1,4,1,4,0,4,2,4,1,
11,3,0,5,2,3,0,4,2,4,0,4,2,3,0,3,2,3,0,5,2,4,1,4,2,4,0,4,2,4,1,
11,3,0,5,2,3,0,4,2,4,0,4,2,3,0,3,2,3,0,5,2,4,1,4,2,4,0,4,2,4,1,
12,3,0,5,2,3,0,4,2,4,0,4,2,3,1,3,2,4,0,5,2,4,1,4,2,4,0,4,2,5,1,
11,3,0,5,2,3,0,4,2,4,0,4,2,3,1,3,2,4,0,5,2,4,1,4,2,4,0,4,2,5,1,
11,3,0,5,3,4,1,4,2,4,0,5,2,4,1,4,2,4,0,5,2,4,1,4,2,4,0,4,2,5,1,
11,3,0,5,2,4,1,4,2,5,0,5,2,4,1,4,2,4,0,5,2,5,1,4,2,5,0,4,2,5,1,
11,3,0,5,3,4,1,4,2,4,0,5,3,4,1,4,2,4,0,5,2,4,1,4,2,5,0,4,2,5,1,
11,3,0,5,3,4,1,4,2,4,0,5,3,3,1,4,3,4,0,5,2,4,1,4,2,4,0,4,3,5,1,
11,3,0,5,3,4,1,4,2,4,0,5,3,3,1,4,2,4,0,5,2,4,1,4,2,4,0,4,2,5,1,
11,3,0,5,3,4,1,4,2,4,0,5,3,4,1,4,2,4,0,5,3,4,1,4,2,4,0,5,3,5,1,
11,4,0,5,3,4,1,4,2,4,0,5,3,4,1,4,2,4,0,5,2,4,1,4,2,4,0,5,3,5,1,
11,3,0,4,2,3,0,4,2,3,0,4,2,3,0,3,2,3,0,4,2,3,0,3,1,3,0,4,2,4,1,
11,3,0,4,2,3,0,3,2,3,0,4,2,3,0,3,2,3,0,4,2,3,0,3,1,3,0,4,2,4,1,
11,3,0,4,2,3,0,4,2,3,0,4,2,3,0,3,2,3,0,4,2,3,0,4,1,3,0,4,2,4,1,
11,3,0,5,2,3,0,4,2,3,0,4,2,3,0,3,2,3,0,4,2,3,0,4,1,4,0,4,2,4,1,
11,5,1,6,3,4,1,5,3,4,0,5,3,4,1,4,3,4,1,6,3,4,1,5,3,5,1,5,3,5,2,
11,4,0,5,2,3,0,4,2,4,0,4,2,3,0,3,2,3,0,5,2,4,1,4,1,4,0,4,2,5,1,
11,4,0,5,2,3,0,4,2,4,0,4,2,3,1,3,2,3,0,5,2,4,1,4,2,4,0,4,2,5,1,
11,4,0,5,2,3,0,4,2,4,0,4,2,3,0,3,2,3,0,5,2,3,0,4,2,4,0,4,2,5,1,
11,4,0,5,2,3,0,4,2,4,0,4,2,3,0,3,2,3,0,5,2,3,1,4,2,4,0,4,2,5,1,
12,3,0,5,2,3,1,4,2,4,0,4,2,3,1,3,2,4,0,5,2,4,1,4,2,4,0,4,2,5,1,
11,4,0,5,2,3,1,4,2,4,0,4,2,3,1,3,2,4,0,5,2,4,1,4,2,4,0,4,2,5,1,
13,4,0,5,3,4,0,4,3,4,0,5,3,4,0,4,3,4,0,5,3,4,0,4,2,4,0,4,3,5,1,
11,4,0,5,3,4,1,4,3,4,0,5,3,4,1,4,3,4,0,5,3,4,1,4,2,4,1,5,3,5,1,
11,4,0,5,3,4,1,4,3,4,0,5,3,4,1,4,3,4,0,5,3,4,1,4,2,4,1,4,3,5,1,
11,4,0,5,3,4,1,4,2,4,0,5,3,3,1,4,3,4,0,5,3,4,1,4,2,4,1,5,3,5,1,
11,4,0,5,3,4,1,4,3,4,0,5,3,4,1,4,3,4,0,5,3,4,1,4,2,4,1,5,3,5,1,
11,4,0,5,3,4,1,4,3,4,0,5,3,4,1,4,2,4,0,5,2,4,1,4,2,4,1,5,3,5,1,
11,3,0,4,2,3,0,4,2,3,0,4,2,3,0,3,2,3,0,4,2,3,0,3,1,3,0,4,2,4,1,
11,3,0,4,2,3,0,4,2,3,0,4,2,3,0,3,2,3,0,4,2,3,0,3,1,3,0,4,2,4,1,
11,3,0,4,2,3,0,4,2,3,0,4,2,3,0,3,2,3,0,4,2,3,0,4,1,4,0,4,2,4,1,
11,4,0,5,2,3,0,4,2,4,0,4,3,3,0,3,2,3,0,5,2,4,0,4,1,4,0,4,2,4,1,
11,3,0,5,2,3,0,4,2,3,0,4,3,3,0,3,2,3,0,5,2,3,0,4,1,4,0,4,2,4,1,
11,3,0,5,2,3,0,4,2,4,0,4,2,3,0,3,2,3,0,5,2,3,0,4,1,4,0,4,2,4,1,
11,3,0,5,2,3,0,4,2,3,0,4,2,3,0,3,2,3,0,5,2,3,0,4,1,4,0,4,2,4,1,
12,3,0,5,2,3,0,4,2,4,0,4,2,3,0,3,2,3,0,5,2,4,0,4,2,4,0,4,2,4,1,
12,3,0,5,2,3,0,4,2,4,0,5,2,3,0,4,2,4,0,5,2,4,0,4,2,4,0,4,2,5,1,
12,3,0,5,2,3,0,4,2,4,0,4,2,3,0,3,2,4,0,5,2,4,0,4,2,4,0,4,2,5,1,
11,3,0,5,2,3,0,4,2,4,0,4,2,3,0,3,2,4,0,5,2,4,0,4,2,4,0,4,2,5,1,
11,3,0,5,2,3,0,4,2,4,0,5,2,3,0,4,2,4,0,5,2,4,0,4,2,4,0,4,2,5,1,
11,3,0,5,2,3,0,4,2,4,0,5,2,3,0,4,2,4,0,5,2,4,1,4,2,4,0,4,2,5,1,
11,3,0,5,3,4,0,4,2,4,0,5,3,4,1,4,2,4,0,5,2,4,1,4,2,4,0,5,3,5,1,
11,3,0,5,3,4,1,4,2,4,0,5,3,4,1,4,2,4,0,5,2,4,1,4,2,4,1,5,2,5,1,
11,3,0,5,2,3,0,4,2,4,0,4,2,3,0,3,2,3,0,5,2,3,0,4,1,4,0,4,2,4,1,
12,4,0,6,3,4,1,4,3,4,0,5,3,4,1,4,3,4,0,6,3,4,1,4,2,5,1,5,3,6,1,
11,3,0,6,3,4,1,4,3,4,0,5,3,4,1,4,3,4,0,6,3,4,1,4,2,4,1,5,3,5,1,
11,3,0,5,2,3,0,3,2,3,0,4,2,3,0,3,2,3,0,5,2,3,0,3,1,3,0,4,2,4,1,
12,4,1,6,3,4,1,5,3,4,0,5,3,4,1,4,3,4,1,6,3,4,1,4,2,5,1,5,3,6,2,
12,3,0,5,2,3,0,4,2,3,0,4,2,3,0,3,2,3,0,5,2,3,0,3,1,4,0,4,2,5,1,
12,3,0,5,2,3,0,4,2,3,0,4,2,3,0,3,2,3,0,5,2,3,0,3,1,4,0,4,2,5,1,
12,3,0,5,2,3,0,4,2,4,0,5,2,3,0,3,2,3,0,5,2,4,0,4,2,4,0,4,2,5,1,
12,3,0,5,2,3,0,4,2,4,0,4,2,3,0,3,2,3,0,5,2,4,0,4,2,4,0,4,2,5,1,
12,4,1,6,3,4,1,5,3,5,0,6,3,4,1,4,3,4,1,6,3,4,1,5,2,5,1,5,3,6,2,
14,3,0,5,3,4,0,4,2,4,0,5,2,4,0,4,2,4,0,5,2,4,0,4,2,4,0,4,2,5,1,
12,3,0,5,2,3,0,4,2,4,0,5,2,3,0,3,2,3,0,5,2,4,0,4,2,4,0,4,2,5,1,
11,3,0,5,2,3,0,4,2,4,0,5,2,3,0,3,2,4,0,5,2,4,0,4,2,4,0,4,2,5,1,
12,3,0,6,3,3,0,6,2,6,0,6,2,3,0,4,2,6,0,6,2,6,0,6,2,6,0,6,2,6,1,
11,3,0,5,3,3,0,4,2,4,0,5,2,3,0,4,2,4,0,5,2,4,0,4,2,4,0,4,2,5,1,
11,3,0,6,3,4,1,4,2,4,0,5,3,4,1,4,2,4,0,6,3,4,1,4,2,4,1,5,3,5,1,
11,3,0,6,3,4,1,4,2,4,0,5,3,4,1,4,2,4,0,6,2,4,1,4,2,4,1,5,3,6,1,
13,4,0,7,3,4,1,5,3,4,0,6,3,4,1,5,3,4,0,7,3,4,1,5,2,4,1,6,3,7,1,
12,3,0,5,2,3,0,4,2,3,0,4,2,3,0,3,2,3,0,5,2,3,0,3,1,4,0,4,2,5,1,
13,5,0,5,2,6,0,4,2,6,0,4,2,5,0,3,2,6,0,5,2,6,0,3,1,6,0,4,2,5,1,
11,4,0,6,3,4,1,4,3,4,0,5,3,4,1,4,3,4,1,6,3,4,1,4,2,4,1,5,3,6,1,
12,3,0,5,2,3,0,3,2,3,0,4,2,3,0,3,2,3,0,5,2,3,0,3,2,3,0,4,2,5,1,
12,3,0,5,2,3,0,3,2,3,0,4,2,3,0,3,2,3,0,5,2,3,0,3,1,3,0,4,2,5,1,
12,3,0,5,2,3,0,3,2,3,0,4,2,3,0,3,2,3,0,5,2,3,0,4,2,4,0,4,2,5,1,
12,3,0,5,2,3,0,4,2,4,0,4,2,3,0,3,2,3,0,5,2,3,0,4,1,4,0,4,2,5,1,
12,3,0,5,2,3,0,4,2,4,0,5,2,3,0,3,2,3,0,5,2,4,0,4,2,4,0,4,2,5,1,
12,3,0,5,2,3,0,4,2,4,0,5,2,3,0,3,2,3,0,5,2,4,0,4,2,4,0,4,2,5,1,
12,3,0,5,2,3,0,4,2,4,0,5,2,3,0,3,2,4,0,5,2,4,0,4,2,4,0,4,2,5,1,
12,3,0,5,2,3,0,4,2,4,0,5,2,3,0,3,2,4,0,5,2,4,0,4,2,4,0,4,2,5,1,
11,3,0,5,3,3,0,4,2,4,0,5,2,3,0,3,2,4,0,5,2,4,1,4,2,4,0,4,2,5,1,
11,3,0,5,2,3,0,4,2,4,0,5,2,3,0,4,2,4,0,5,2,4,1,4,2,4,0,4,2,5,1,
11,3,0,5,3,4,1,4,2,4,0,5,3,4,1,4,2,4,0,5,2,4,1,4,2,4,0,4,3,5,1,
11,3,0,5,2,4,1,4,2,4,0,5,3,4,1,4,2,4,0,5,2,4,1,4,2,4,0,4,2,5,1,
11,3,0,5,2,4,1,4,2,4,0,5,3,4,1,4,2,4,0,5,2,4,1,4,2,4,0,4,3,5,1,
11,4,0,5,3,4,1,4,2,4,0,5,3,4,1,4,2,4,0,6,2,4,1,4,2,4,1,5,3,5,1,
11,4,0,6,3,4,1,4,3,4,0,5,3,4,1,4,2,4,0,6,2,4,1,4,2,5,1,5,3,5,1,
11,4,1,6,3,4,1,4,3,4,0,5,3,4,1,4,3,4,0,6,3,4,1,4,2,4,1,5,3,6,1,
13,3,1,6,3,4,1,4,2,4,0,5,3,4,1,4,2,4,0,6,2,4,1,4,2,4,1,5,3,5,1,
14,3,0,7,2,3,0,6,2,3,0,7,2,3,0,5,2,3,0,7,2,3,0,6,1,4,0,6,2,7,1,
33,2,0,5,2,3,0,3,1,3,0,4,2,3,0,3,1,3,0,5,1,3,0,3,1,3,0,4,1,5,0,
12,3,0,5,2,3,0,4,2,4,0,4,2,3,0,3,2,3,0,5,2,4,0,4,1,4,0,4,2,5,1,
12,5,0,5,5,4,0,5,5,4,0,4,5,5,0,5,5,5,0,5,5,5,0,4,5,4,0,5,5,5,1,
14,3,0,4,2,3,0,4,2,4,0,4,2,3,0,3,2,3,0,4,2,3,0,4,1,4,0,4,2,4,1,
12,3,0,5,2,3,0,5,2,4,0,4,2,3,0,3,2,4,0,5,2,4,0,4,2,4,0,4,2,5,1,
12,3,0,5,2,3,0,5,2,4,0,4,2,3,0,3,2,4,0,5,2,4,0,4,2,4,0,4,2,4,1,
11,3,0,5,2,3,0,5,2,4,0,4,2,3,0,3,2,4,0,5,2,4,1,4,2,4,0,4,2,4,1,
13,3,0,7,2,3,0,6,2,4,0,7,2,3,1,6,2,4,0,7,2,4,1,6,2,4,0,6,2,7,1,
11,3,0,5,2,3,0,5,2,4,0,4,2,3,1,4,2,4,0,5,2,4,1,4,2,4,0,4,2,4,1,
11,3,0,5,3,4,1,5,2,4,0,4,2,4,1,4,2,4,0,5,2,4,1,4,2,4,0,5,2,5,1,
11,3,0,5,3,4,1,4,2,4,0,4,3,4,1,4,2,4,0,5,2,4,1,4,2,4,1,4,2,5,1,
11,3,0,5,3,4,1,4,2,4,0,4,2,4,1,4,2,4,0,5,2,4,1,4,2,4,1,4,2,5,1,
11,3,0,5,3,4,1,4,2,4,0,5,3,4,1,4,2,4,0,5,2,4,1,4,2,4,0,5,2,5,1,
11,3,1,5,3,4,1,4,2,4,0,4,3,4,1,4,2,4,0,5,2,4,1,4,2,4,1,5,2,5,1,
457,4,1,5,3,4,2,5,2,5,0,5,3,4,2,4,2,5,1,5,2,5,3,5,2,5,2,5,2,5,1,
354,3,2,5,2,3,1,4,2,4,0,4,2,4,1,3,3,3,0,5,2,4,1,4,2,4,1,4,2,4,1,
253,4,1,6,3,5,1,5,3,5,0,5,3,5,1,4,3,5,0,6,4,5,1,5,3,5,1,5,3,5,2,
12,3,0,5,2,4,0,4,2,4,0,4,2,4,1,3,2,4,0,5,2,4,1,4,2,4,0,4,2,5,1,
12,3,0,5,2,3,0,4,2,4,0,4,2,3,0,3,2,4,0,5,2,4,1,4,2,4,0,4,2,4,1,
11,3,0,4,2,3,3,4,2,4,0,4,2,3,3,3,2,4,0,5,2,4,3,4,2,4,3,4,2,4,1,
11,3,0,4,2,3,0,4,2,4,0,4,2,3,0,3,2,3,0,5,2,4,1,4,2,4,0,4,2,4,1,
12,3,0,5,2,3,1,4,2,4,0,4,2,3,1,3,2,4,0,5,2,4,1,4,2,4,0,4,2,4,1,
11,3,0,5,2,3,0,4,2,4,0,4,2,3,1,3,2,4,0,5,2,4,1,4,2,4,0,4,2,4,1,
11,3,0,5,2,3,1,4,2,4,0,4,2,3,1,3,2,4,0,5,2,4,1,4,2,4,0,4,2,4,1,
11,3,0,5,2,4,1,4,2,4,0,4,2,4,1,4,2,4,0,5,2,4,1,4,2,4,0,4,2,5,1,
12,3,0,5,2,4,1,4,2,4,0,4,3,4,1,4,2,4,1,5,2,4,1,4,2,4,0,4,2,5,1,
11,3,0,5,3,4,1,4,2,4,0,4,3,4,1,4,2,4,0,5,2,4,1,4,2,4,0,4,2,5,1,
11,3,0,5,3,4,1,4,2,4,0,4,3,4,1,4,2,4,0,5,2,4,1,4,2,4,1,5,3,5,1,
11,3,0,5,3,4,1,5,2,4,0,5,3,4,1,4,2,4,0,5,2,4,1,4,2,4,1,5,3,5,1,
11,2,0,4,2,3,0,3,1,3,0,3,2,3,0,3,1,3,0,4,1,3,0,3,1,3,0,4,2,4,0,
11,3,0,4,2,3,0,4,2,3,0,4,2,3,0,3,2,3,0,4,2,3,0,3,1,3,0,4,2,4,1,
11,3,0,4,2,3,0,4,2,3,0,4,2,3,0,3,2,3,0,4,2,3,0,3,1,3,0,4,2,4,1,
11,3,0,4,2,3,0,4,2,3,0,4,2,3,0,3,2,3,0,4,2,3,0,3,1,4,0,4,2,4,1,
11,3,0,4,2,3,0,4,2,4,0,4,2,3,0,3,2,3,0,4,2,4,0,4,1,4,0,4,2,4,1,
11,3,0,4,2,3,0,4,2,4,0,4,2,3,0,3,2,3,1,5,2,4,1,4,1,4,0,4,2,4,1,
11,3,0,5,2,4,1,4,2,4,0,4,2,3,1,3,2,4,0,5,2,4,1,4,2,4,0,4,2,4,1,
11,3,0,5,2,4,1,4,2,4,0,4,2,4,1,4,2,4,0,5,2,4,1,4,2,4,0,5,2,5,1,
13,3,0,5,3,4,1,4,2,4,0,4,3,4,1,4,2,4,0,5,2,4,1,4,2,4,1,5,2,5,1,
11,3,0,5,2,3,0,4,2,4,0,4,2,3,0,3,2,4,0,5,2,4,1,4,2,4,0,4,2,4,1,
11,3,0,5,3,4,1,4,2,4,0,4,3,4,1,4,2,4,0,5,2,4,1,4,2,4,1,5,2,5,1,
11,3,0,5,2,4,1,4,2,4,0,4,3,4,1,4,2,4,0,5,2,4,1,4,2,4,1,4,2,4,1,
11,3,0,5,3,4,1,4,2,4,0,4,3,4,1,4,2,4,0,5,2,4,1,4,2,4,1,4,2,5,1,
11,3,1,5,3,4,1,4,2,4,0,4,3,4,1,4,2,4,0,5,2,4,1,4,2,4,1,5,3,5,1,
11,3,1,5,3,4,1,5,3,4,0,5,3,4,1,4,3,4,0,5,2,4,1,4,2,4,1,5,3,5,1,
11,3,0,4,2,3,0,4,2,3,0,4,2,3,0,3,2,3,0,4,2,3,0,3,1,3,0,4,2,4,1,
11,3,0,4,2,3,0,4,2,4,0,4,2,3,0,3,2,3,0,4,2,3,0,4,1,4,0,4,2,4,1,
11,3,0,4,2,3,0,4,2,4,0,4,2,3,0,3,2,3,0,4,2,3,0,4,1,4,0,4,2,4,1,
11,3,0,4,2,3,1,4,2,4,0,4,2,3,0,3,2,3,0,5,2,4,1,4,2,4,0,4,2,4,1,
12,3,0,5,2,3,0,4,2,4,0,4,2,3,0,3,2,4,0,5,2,4,1,4,2,4,0,4,2,4,1,
11,3,0,5,2,3,1,4,2,4,0,4,2,3,1,4,2,4,0,5,2,4,1,4,2,4,1,4,2,4,1,
15,3,0,5,2,3,0,4,2,4,0,4,2,3,0,3,2,4,0,5,2,4,1,4,2,4,0,4,2,4,1,
13,3,0,7,3,4,1,7,3,4,0,7,3,4,1,6,3,4,0,7,3,4,1,6,2,4,1,7,3,7,1,
11,3,0,5,2,4,1,4,2,4,0,4,3,4,1,4,2,4,0,5,2,4,1,4,2,4,1,4,2,5,1,
11,3,0,5,3,4,1,4,2,4,0,5,3,4,1,4,2,4,0,5,2,4,1,4,2,4,0,5,3,5,1,
11,5,0,5,5,5,1,5,5,5,0,5,6,5,1,5,5,5,0,5,5,5,1,5,5,5,1,5,5,5,1,
13,4,0,5,3,4,1,5,2,4,0,5,3,4,1,4,2,4,0,5,2,4,1,4,2,4,1,5,3,6,1,
11,3,1,5,3,4,1,5,2,4,0,5,3,4,1,4,2,4,0,5,2,4,1,4,2,4,1,5,3,5,1,
11,3,0,4,2,3,0,4,2,3,0,4,2,3,0,3,2,3,0,4,2,3,0,3,2,4,0,4,2,4,1,
11,3,0,4,2,3,0,4,2,3,0,4,2,3,0,3,2,3,0,4,2,3,0,4,2,4,0,4,2,4,1,
11,3,0,5,3,4,1,4,2,4,0,4,3,4,1,4,2,4,0,5,2,4,1,4,2,4,1,5,3,5,1,
11,3,0,4,2,3,0,4,2,4,0,4,2,3,0,3,2,3,0,4,2,4,0,4,2,4,0,4,2,4,1,
11,3,0,4,2,3,0,4,2,4,0,4,2,3,0,3,2,3,0,5,2,4,1,4,1,4,0,4,2,4,1,
11,3,0,4,2,3,0,4,2,4,0,4,2,3,0,3,2,4,0,5,2,4,1,4,2,4,0,4,2,4,1,
11,3,0,4,2,3,0,4,2,4,0,4,2,3,0,3,2,4,0,5,2,4,1,4,2,4,0,4,2,4,1,
10,3,0,5,2,3,0,4,2,4,0,4,2,3,0,3,2,4,0,5,2,4,1,4,2,4,0,4,2,5,1,
11,3,0,5,2,4,0,4,2,4,0,4,3,4,0,4,2,4,0,5,2,4,1,4,2,4,0,4,2,5,1,
11,3,0,5,3,4,1,4,2,4,0,4,3,4,1,4,2,4,0,5,2,4,1,4,2,4,1,5,2,5,1,
11,3,0,5,3,4,1,4,2,4,0,4,3,4,1,4,3,4,0,5,3,4,1,4,2,4,1,5,2,5,1,
11,3,2,4,2,3,3,4,2,3,0,4,2,3,3,3,2,3,0,4,2,3,3,3,1,3,3,4,2,4,1,
11,3,0,4,2,3,1,4,2,3,0,4,2,3,0,3,2,3,0,4,2,3,0,4,2,4,0,4,2,4,1,
11,3,0,4,2,3,0,4,2,4,0,4,2,3,0,3,2,3,0,5,2,4,1,4,2,4,0,4,2,4,1,
12,3,0,5,2,3,0,4,2,4,0,4,2,3,0,3,2,3,0,5,2,3,0,4,2,4,0,4,2,5,1,
13,6,0,6,2,6,1,6,2,6,0,6,2,6,0,6,2,6,2,6,2,6,1,6,2,6,0,6,2,6,1,
14,3,0,4,2,3,1,4,2,4,0,4,2,3,0,3,2,4,1,5,2,4,1,4,2,4,0,4,2,4,1,
10,3,0,4,2,3,1,4,2,4,0,4,2,3,0,3,2,4,0,5,2,4,1,4,2,4,0,4,2,4,1,
11,3,0,5,2,3,1,4,2,4,0,4,3,3,0,4,2,4,0,5,2,4,1,4,2,4,0,4,2,5,1,
11,3,0,5,3,4,1,4,2,4,0,4,3,4,0,4,2,4,0,5,2,4,1,4,2,4,0,4,2,5,1,
11,3,0,5,3,4,1,4,2,4,0,4,4,4,0,4,3,4,0,5,2,4,1,4,2,4,0,5,3,5,1,
11,5,0,5,5,5,1,5,4,5,0,5,5,5,1,5,5,5,0,5,5,5,1,5,2,5,0,5,5,5,2,
11,3,0,5,3,4,1,4,2,4,0,4,3,4,1,4,2,4,0,5,2,4,1,4,2,4,1,5,2,5,1,
11,3,0,5,3,4,1,4,2,4,0,4,3,4,1,4,2,4,0,5,2,4,1,4,2,4,0,4,2,5,1,
13,3,0,5,3,4,1,4,2,4,0,5,3,4,1,4,2,4,0,5,2,4,1,4,2,4,1,5,2,5,2,
11,4,0,5,3,4,1,5,2,4,0,5,3,4,1,4,2,4,0,5,2,4,1,4,2,4,1,5,2,5,2,
11,3,0,4,2,3,0,4,1,3,0,4,2,3,0,3,2,3,0,4,2,3,0,3,1,3,0,4,2,4,1,
11,3,0,4,2,3,0,4,2,4,0,4,2,3,0,3,2,4,0,5,2,3,0,4,2,4,0,4,2,4,1,
11,3,0,5,2,3,0,4,2,4,0,4,2,3,0,3,2,4,0,5,2,4,1,4,2,4,0,4,2,4,1,
10,3,0,5,2,3,0,4,2,4,0,4,2,3,0,3,2,4,0,5,2,4,1,4,2,4,0,4,2,4,1,
11,3,0,5,2,4,1,4,2,4,0,4,2,3,0,4,2,4,0,5,2,4,1,4,2,4,0,4,2,5,1,
11,3,0,5,3,4,1,4,2,4,0,4,3,4,0,4,2,4,0,5,2,4,1,4,2,4,0,4,2,5,1,
11,3,0,5,3,4,1,4,2,4,0,4,3,4,1,4,2,4,0,5,2,4,1,4,2,4,0,4,2,5,1,
11,3,0,5,3,4,1,4,2,4,0,4,3,4,1,4,2,4,0,5,2,4,1,4,2,4,0,5,2,5,1,
11,3,0,5,3,4,0,4,2,4,0,4,3,4,1,4,2,4,0,5,2,4,1,4,2,4,1,5,2,5,1,
11,2,0,4,2,3,0,4,1,3,0,4,2,3,0,3,2,3,0,4,2,3,0,3,1,3,0,4,2,4,1,
11,3,0,4,2,3,0,4,1,3,0,4,2,3,0,3,2,3,0,4,2,3,0,3,1,4,0,4,2,4,1,
11,3,0,4,2,3,0,4,2,4,0,4,2,3,0,3,2,3,0,5,2,4,1,4,2,4,0,4,2,4,1,
11,3,0,4,2,3,0,4,2,4,0,4,2,3,0,3,2,4,0,4,2,3,0,4,2,4,0,4,2,4,1,
11,3,0,4,2,3,0,4,2,3,0,4,2,3,0,3,2,3,0,4,2,3,0,4,2,4,0,4,2,4,1,
11,3,0,4,2,3,1,4,2,4,0,4,2,3,0,3,2,3,0,5,2,3,0,4,2,4,0,4,2,4,1,
12,3,0,4,2,3,1,4,2,4,0,4,2,3,0,3,2,3,0,5,2,3,0,4,2,4,0,4,2,5,1,
13,3,0,4,2,3,1,4,2,4,0,4,2,3,0,3,2,3,0,4,2,3,0,4,2,4,0,4,2,5,1,
14,3,0,7,3,3,1,7,2,4,0,7,2,3,0,6,2,4,0,8,2,4,1,7,2,4,1,7,2,8,1,
11,3,0,5,2,3,1,4,2,4,0,4,2,3,0,4,2,4,0,5,2,4,1,4,2,4,1,4,2,5,1,
11,3,0,5,3,4,1,4,2,4,0,4,3,4,1,4,3,4,0,5,2,4,1,4,2,4,1,4,2,5,1,
13,5,0,7,5,5,1,6,5,5,0,6,5,5,1,6,5,5,0,7,5,5,1,6,5,5,1,7,5,7,1,
13,3,0,5,3,4,1,4,2,4,0,4,3,4,1,4,3,4,0,5,3,4,1,4,2,4,1,5,2,5,1,
11,2,0,4,2,3,0,3,1,3,0,4,2,3,0,3,2,3,0,4,2,3,0,3,1,3,0,4,2,4,0,
11,3,0,4,2,3,0,4,1,3,0,4,2,3,0,3,2,3,0,4,2,3,0,3,1,3,0,4,2,4,1,
12,5,0,5,2,5,0,5,2,5,0,5,2,5,0,5,2,5,0,5,2,5,0,5,1,5,0,5,2,5,1,
11,3,0,5,2,3,0,4,2,4,0,4,2,3,0,3,2,3,0,5,2,4,0,4,2,4,0,4,2,5,1,
11,3,0,4,2,3,0,4,2,3,0,4,2,3,0,3,2,3,0,4,2,3,0,4,2,4,0,4,2,4,1,
11,3,0,5,2,3,0,4,2,4,0,4,2,3,0,3,2,3,0,5,2,3,0,4,2,4,0,4,2,5,1,
12,3,0,5,2,3,1,4,2,4,0,4,3,3,0,3,2,4,0,5,2,4,1,4,2,4,0,4,2,5,1,
13,6,0,5,2,7,1,4,2,7,0,5,3,7,0,4,2,7,0,5,2,7,1,4,2,7,1,4,2,5,1,
11,3,0,5,2,4,1,4,2,4,0,4,3,4,0,4,2,4,0,5,2,4,1,4,2,4,0,4,2,5,1,
11,3,0,5,3,4,1,4,2,4,0,4,3,4,1,4,2,4,0,5,2,4,1,4,2,4,1,5,2,5,1,
11,3,0,5,3,4,1,4,2,4,0,4,3,4,1,4,2,4,0,5,2,4,1,4,2,4,1,5,2,5,1,
11,3,0,5,3,4,1,4,2,4,0,4,3,4,1,4,2,4,0,5,2,4,1,4,2,4,1,5,2,5,1,
14,3,0,5,3,4,1,4,2,4,0,4,3,4,1,4,2,4,0,5,2,4,1,4,2,4,1,5,3,5,1,
11,3,0,4,2,3,0,4,2,3,0,4,2,3,0,3,2,3,0,4,2,3,0,3,1,4,0,4,2,4,1,
11,3,0,4,2,3,0,4,2,3,0,4,2,3,0,3,2,3,0,4,2,3,0,3,1,3,0,4,2,4,1,
11,3,0,4,2,3,0,4,2,3,0,4,2,3,0,3,2,3,0,4,2,3,0,3,1,3,0,4,2,4,1,
11,3,0,4,2,3,0,4,2,3,0,4,2,3,0,3,2,3,0,4,2,3,0,4,1,4,0,4,2,4,1,
11,3,0,4,2,3,0,4,2,4,0,4,2,3,0,3,2,3,0,4,2,3,0,4,1,4,0,4,2,4,1,
12,3,0,5,2,3,0,4,2,4,0,4,2,3,0,3,2,4,0,5,2,4,0,4,2,4,0,4,2,5,1,
11,3,0,5,2,3,0,4,2,4,0,4,2,3,0,3,2,4,0,5,2,4,0,4,2,4,0,4,2,5,1,
11,3,0,5,2,3,0,4,2,4,0,4,2,3,0,4,2,4,0,5,2,4,1,4,2,4,0,4,2,5,1,
11,3,0,5,2,4,1,5,2,4,0,4,2,3,1,4,2,4,0,5,2,4,1,4,2,4,1,5,2,5,1,
11,3,0,5,2,3,1,4,2,4,0,4,2,3,1,4,2,4,0,5,2,4,1,4,2,4,0,4,2,5,1,
11,3,0,5,2,4,1,4,2,4,0,4,3,4,1,4,2,4,0,5,2,4,1,4,2,4,0,5,2,5,1,
11,3,0,5,3,4,1,4,2,4,0,4,3,4,1,4,2,4,0,5,3,4,1,4,2,4,1,5,3,5,1,
11,3,3,5,3,4,4,4,3,4,0,4,3,4,4,4,2,4,4,5,2,4,4,4,2,4,4,5,3,5,1,
11,3,0,4,2,3,0,4,2,3,0,4,2,3,0,3,2,3,0,4,2,3,0,3,1,4,0,4,2,4,1,
11,4,0,5,3,4,1,5,3,4,0,5,3,4,1,4,2,4,1,5,3,4,1,4,2,4,1,5,3,5,2,
11,3,0,4,2,3,0,4,2,3,0,4,2,3,0,3,2,3,0,4,2,3,0,3,1,3,0,4,2,4,1,
12,5,0,5,5,5,0,5,5,5,0,5,5,5,0,5,5,5,0,5,5,5,0,5,5,5,0,5,5,5,1,
14,3,0,4,2,3,0,4,2,4,0,4,2,3,0,3,2,3,0,5,2,3,0,4,2,4,0,4,2,4,1,
13,3,0,6,4,3,0,5,4,4,0,5,4,3,0,5,4,3,1,6,4,3,1,5,4,4,0,5,4,6,1,
10,3,0,4,2,3,0,4,2,4,0,4,2,3,0,3,2,3,1,5,2,4,1,4,2,4,0,5,2,4,1,
11,3,0,5,2,4,1,4,2,4,0,4,3,4,1,4,2,4,0,5,2,4,1,4,2,4,1,4,2,5,1,
11,3,0,5,2,4,1,4,2,4,0,4,3,4,1,4,2,4,0,5,2,4,1,4,2,4,1,4,2,5,1,
11,3,0,5,2,4,1,4,2,4,0,4,3,4,1,4,2,4,0,5,2,4,1,4,2,4,1,5,2,5,1,
11,3,0,5,3,4,1,4,2,4,0,5,3,4,1,4,3,4,1,5,3,4,1,4,2,4,1,5,3,5,1,
11,3,0,5,3,4,1,4,2,4,0,5,3,4,1,4,2,4,1,5,3,4,1,4,2,4,1,5,3,5,1,
11,3,0,4,2,3,0,4,2,3,0,4,2,3,0,3,2,3,0,4,2,3,0,3,1,3,0,4,2,4,1,
11,4,1,5,3,4,1,5,3,4,0,5,3,4,1,4,3,4,1,5,3,4,1,4,2,4,1,5,3,5,2,
11,3,0,4,2,3,0,4,2,3,0,4,2,3,0,3,2,3,0,4,2,3,0,4,1,4,0,4,2,4,1,
11,3,0,4,2,3,0,4,2,3,0,4,2,3,0,3,2,3,0,4,2,3,0,4,1,4,0,4,2,4,1,
11,3,0,4,2,3,0,4,2,4,0,4,2,3,0,3,2,3,0,5,2,3,0,4,1,4,0,4,2,4,1,
11,3,0,4,2,3,0,4,2,4,0,4,2,3,0,3,2,3,0,5,2,4,1,4,2,4,0,4,2,4,1,
11,3,0,4,2,3,0,4,2,4,0,4,2,3,0,3,2,4,0,5,2,4,1,4,2,4,0,4,2,4,1,
11,3,0,5,2,4,1,4,2,4,0,4,2,4,1,4,2,4,0,5,2,4,1,4,2,4,1,4,2,5,1,
11,3,0,5,3,4,1,4,2,4,0,4,3,4,1,4,2,4,1,5,2,4,1,4,2,4,0,5,2,5,1,
11,3,0,5,3,4,1,4,2,4,0,4,3,4,1,4,2,4,1,5,2,4,1,4,2,4,1,5,3,5,1,
11,3,0,5,3,4,1,5,3,4,0,5,3,4,1,4,3,4,1,5,3,4,1,4,2,4,1,5,3,5,2,
11,3,0,5,3,4,1,5,3,4,0,5,3,4,1,4,3,4,1,5,3,4,1,4,2,4,1,5,3,5,2,
11,3,0,5,3,4,1,5,3,4,0,5,3,4,1,4,3,4,1,5,3,4,1,4,2,4,1,5,3,5,1,
11,4,1,5,3,4,1,5,3,4,0,5,3,4,1,4,3,4,1,5,3,4,1,4,2,4,1,5,3,5,2,
11,3,0,4,2,3,0,4,2,3,0,4,2,3,0,3,2,3,0,4,2,3,0,3,1,3,0,4,2,4,1,
11,3,0,4,2,3,0,4,2,4,0,4,2,3,0,3,2,3,0,5,2,3,0,4,2,4,0,4,2,4,1,
11,3,0,4,2,3,0,4,2,4,0,4,2,3,0,3,2,4,0,4,2,3,0,4,1,4,0,4,2,4,1,
11,3,0,4,2,3,0,4,2,4,0,4,2,3,0,3,2,4,0,5,2,3,0,4,1,4,0,4,2,4,1,
13,3,0,4,2,3,0,4,2,4,0,4,2,3,0,3,2,4,0,5,2,3,0,4,2,4,0,4,2,4,1,
12,3,0,4,2,3,0,4,2,4,0,4,2,3,0,3,2,4,0,5,2,4,0,4,2,4,0,4,2,4,1,
10,3,0,5,2,3,0,4,2,4,0,4,2,3,0,3,2,4,0,5,2,4,1,4,2,4,0,4,2,4,1,
10,3,0,5,2,3,0,4,2,4,0,4,2,4,0,4,2,4,0,5,2,4,1,4,2,4,0,4,2,4,1,
16,3,0,5,3,4,0,4,2,4,0,4,3,4,0,4,2,4,0,5,2,4,0,4,2,4,0,5,2,5,1,
14,3,0,5,2,4,1,4,2,4,0,4,3,4,1,4,2,4,1,5,2,4,1,4,2,4,1,5,2,5,1,
11,3,0,5,3,4,1,5,2,4,0,5,3,4,1,4,2,4,0,5,2,4,1,4,2,4,1,5,2,5,1,
11,3,0,5,3,4,1,4,2,4,0,4,3,4,1,4,2,4,1,5,2,4,1,4,2,4,1,5,2,5,1,
11,3,0,5,3,4,1,4,2,4,0,5,3,4,1,4,2,4,0,5,3,4,1,4,2,4,1,5,2,5,1,
11,4,0,5,3,4,1,5,3,4,0,5,3,4,1,4,3,4,0,5,3,4,1,4,2,4,1,5,3,5,1,
11,2,0,4,2,3,0,4,2,3,0,4,2,3,0,3,1,3,0,4,2,3,0,3,1,3,0,4,2,4,1,
11,3,0,4,2,3,0,4,2,3,0,4,2,3,0,3,2,3,0,4,2,3,0,3,1,3,0,4,2,4,1,
11,3,0,4,2,3,0,4,2,3,0,4,2,3,0,3,2,3,0,4,2,3,0,4,1,4,0,4,2,4,1,
37,3,0,30,2,3,0,30,2,4,0,30,2,3,0,3,2,4,0,30,2,3,0,29,2,4,0,30,2,30,1,
11,3,0,4,2,3,0,4,2,4,0,4,2,3,0,3,2,4,0,5,2,4,0,4,2,4,0,4,2,5,1,
11,3,0,4,2,3,0,4,2,4,0,4,2,3,0,3,2,4,0,5,2,3,0,4,1,4,0,4,2,4,1,
11,3,0,5,2,4,1,4,2,4,0,4,2,4,1,3,2,4,0,5,2,4,1,4,2,4,0,4,2,5,1,
11,4,1,5,3,4,1,5,3,4,0,5,3,4,1,4,3,4,0,5,3,4,1,5,2,5,1,5,3,5,2,
11,3,0,5,2,4,1,4,2,4,0,4,2,4,1,4,2,4,0,5,2,4,1,4,2,4,1,5,2,4,1,
11,3,0,5,2,4,1,4,2,4,0,4,2,4,1,4,2,4,0,5,2,4,1,4,2,4,1,4,2,5,1,
11,3,0,5,3,4,1,4,2,4,0,5,3,4,1,4,2,4,1,5,2,4,1,4,2,4,1,5,2,5,1,
11,3,0,5,3,4,1,4,2,4,0,4,3,4,1,4,2,4,0,5,2,4,1,4,2,4,1,5,2,5,1,
11,3,0,5,3,4,1,5,2,4,0,5,3,4,1,4,2,4,1,5,2,4,1,4,2,4,1,5,2,5,1,
11,3,0,4,2,3,0,4,1,3,0,4,2,3,0,3,1,3,0,4,1,3,0,3,1,3,0,4,2,4,0,
11,3,0,4,2,3,0,4,2,4,0,4,2,3,0,3,2,4,0,4,2,4,0,3,1,4,0,4,2,4,1,
11,3,0,4,2,3,0,4,2,3,0,4,2,3,0,3,2,3,0,4,2,3,0,4,1,4,0,4,2,4,1,
11,3,0,4,2,4,0,4,2,4,0,4,2,4,0,3,2,4,0,5,2,4,0,4,1,4,0,4,2,4,1,
11,3,0,5,2,3,1,4,2,4,0,4,2,4,1,3,2,4,0,5,2,4,1,4,1,4,1,5,2,4,1,
10,3,0,5,2,3,0,4,2,4,0,4,2,4,0,3,2,4,0,5,2,4,0,4,1,4,0,4,2,4,1,
11,3,1,5,2,3,1,4,2,4,0,4,3,4,1,4,2,4,0,5,2,4,1,4,2,4,0,4,2,5,1,
11,3,1,5,2,4,1,4,2,4,0,4,2,4,1,4,2,4,0,5,2,4,1,4,2,4,1,4,2,5,1,
11,3,0,5,2,3,1,4,2,4,0,4,2,4,1,4,2,4,0,5,2,4,1,4,2,4,0,4,2,5,1,
11,3,1,5,3,4,1,5,2,4,0,5,3,4,1,4,2,4,0,5,2,4,1,4,2,4,1,5,2,5,1,
11,3,1,5,2,4,1,4,2,4,0,4,2,4,1,4,2,4,0,5,2,4,1,4,2,4,1,5,2,5,1,
11,3,0,5,3,4,1,5,2,4,0,4,3,4,1,4,2,4,0,5,2,4,1,4,2,4,1,5,2,5,1,
11,3,0,5,3,4,1,4,2,4,0,5,3,4,1,4,2,4,0,5,2,4,1,4,2,4,1,5,2,5,1,
11,3,0,5,3,4,1,5,2,4,0,5,3,4,1,4,2,4,0,5,2,4,1,5,2,4,1,5,2,5,1,
13,3,0,6,2,3,0,5,2,3,0,5,2,3,0,5,2,3,0,6,2,3,0,5,1,4,0,6,2,6,1,
11,3,0,4,2,3,0,4,2,4,0,4,2,3,0,3,2,3,0,4,2,3,0,4,1,4,0,4,2,4,1,
11,3,0,4,2,3,1,4,2,4,0,4,2,3,0,3,2,4,0,5,2,3,0,4,1,4,0,4,2,4,1,
10,3,0,5,2,3,1,4,2,4,0,4,2,4,0,3,2,4,0,5,2,4,0,4,1,4,0,4,2,4,1,
10,3,0,5,2,3,1,4,2,4,0,4,2,3,0,3,2,4,0,5,2,3,1,4,1,4,0,4,2,4,1,
11,3,0,5,2,3,0,4,2,4,0,4,2,4,0,4,2,4,0,5,2,4,1,4,1,4,1,4,2,4,1,
11,3,0,5,2,4,1,4,2,4,0,4,2,4,1,4,2,4,0,5,2,4,1,4,2,4,0,5,2,5,1,
14,3,0,5,2,4,1,4,2,4,0,4,2,4,1,4,2,4,0,5,2,4,1,4,2,4,1,5,2,5,1,
14,3,0,8,2,4,1,7,2,4,0,7,2,4,1,7,2,4,0,8,2,4,1,7,2,4,0,8,2,8,1,
11,3,0,5,3,4,1,4,2,4,0,4,3,4,1,4,2,4,1,5,2,4,1,4,2,4,1,5,2,5,1,
11,3,0,5,3,4,1,4,2,4,0,5,3,4,1,4,2,4,0,5,2,4,1,4,2,4,1,5,2,5,1,
12,4,0,4,5,4,0,4,5,4,0,4,5,4,0,4,4,4,0,4,4,4,0,4,4,4,0,4,4,4,0,
13,3,0,4,2,3,0,4,2,3,0,4,2,3,0,3,2,3,0,4,2,3,0,4,1,4,0,4,2,4,1,
11,3,0,4,2,3,0,4,2,4,0,4,2,4,0,3,2,4,0,4,2,4,0,4,1,4,0,4,2,4,1,
11,3,0,4,2,3,0,4,2,3,0,4,2,3,0,3,2,3,0,5,2,3,0,4,1,3,0,4,2,4,1,
10,3,0,4,2,3,0,4,2,3,0,4,2,3,0,3,2,4,0,5,2,3,0,4,1,4,0,4,2,4,1,
10,3,0,4,2,3,0,4,2,3,0,4,2,3,0,3,2,4,0,5,2,3,0,4,1,4,0,4,2,4,1,
10,3,0,5,2,3,1,4,2,4,0,4,2,3,0,3,2,4,0,5,2,3,1,4,1,4,0,4,2,4,1,
11,3,0,5,2,3,1,4,2,4,0,4,2,4,1,4,2,4,0,5,2,4,1,4,2,4,0,4,2,5,1,
11,3,0,5,2,4,1,4,2,4,0,4,2,4,1,4,2,4,0,5,2,4,1,4,2,4,1,5,2,5,1,
11,3,0,5,3,4,1,4,2,4,0,4,2,4,1,4,2,4,1,5,2,4,1,4,2,4,1,5,2,5,1,
11,3,0,5,2,4,1,4,2,4,0,4,2,4,1,4,2,4,0,5,2,4,1,4,2,4,1,5,2,5,1,
11,3,0,5,3,4,1,5,2,4,0,5,3,4,1,4,2,4,1,5,2,4,1,5,2,4,1,5,2,5,1,
11,3,0,4,2,3,0,4,1,3,0,4,2,3,0,3,1,3,0,4,2,3,0,4,1,3,0,4,2,4,1,
12,4,1,5,3,4,0,5,3,4,0,5,3,4,0,4,3,4,0,5,3,4,0,5,2,4,0,5,3,5,2,
11,3,0,4,2,3,0,4,2,3,0,4,2,3,0,3,2,3,0,4,2,3,0,4,1,3,0,4,2,4,1,
13,3,0,5,2,3,0,4,2,4,0,4,2,3,0,3,2,4,0,5,2,3,1,4,1,4,0,4,2,4,1,
11,3,0,5,2,3,0,4,2,3,0,4,2,3,0,3,2,4,0,5,2,3,0,4,1,4,0,4,2,4,1,
10,3,0,5,2,3,0,4,2,4,0,4,2,4,0,4,2,4,0,5,2,3,1,4,1,4,0,4,2,4,1,
11,3,0,5,2,4,0,4,2,4,0,4,2,4,0,4,2,4,0,5,2,4,1,4,1,4,0,4,2,4,1,
11,3,0,5,2,4,0,4,2,4,0,4,2,4,0,4,2,4,0,5,2,4,1,4,2,4,0,5,2,5,1,
11,3,0,5,2,4,1,4,2,4,0,4,2,4,0,4,2,4,0,5,2,4,1,4,2,4,0,5,2,5,1,
11,3,0,5,2,4,1,4,2,4,0,4,2,4,0,4,2,4,0,5,2,4,1,4,2,4,0,5,2,5,1,
13,6,0,5,3,6,1,4,2,7,0,4,3,7,1,4,2,7,0,5,2,6,1,4,2,7,1,5,2,5,1,
11,3,0,5,3,4,1,5,2,4,0,5,3,4,1,4,2,4,0,5,2,4,1,5,2,4,1,5,2,5,1,
11,3,1,5,3,4,1,5,2,4,0,5,3,4,1,4,2,4,1,5,2,4,1,5,2,4,1,5,3,5,2,
11,2,0,4,2,3,0,4,1,3,0,4,2,3,0,3,1,3,0,4,1,3,0,4,1,3,0,4,2,4,1,
11,3,0,4,2,3,0,4,2,3,0,4,2,3,0,3,2,3,0,4,2,3,0,4,1,3,0,4,2,4,1,
14,2,0,4,2,3,0,4,1,3,0,4,2,3,0,3,1,3,0,4,1,3,0,4,1,3,0,4,2,4,0,
11,3,0,5,2,3,0,4,2,3,0,4,2,3,0,3,2,4,0,5,2,3,0,4,1,4,0,4,2,4,1,
11,3,0,5,2,3,1,4,2,3,0,4,2,3,0,3,2,4,0,5,2,3,1,4,1,4,0,4,2,4,1,
11,3,0,5,2,4,1,4,2,4,0,4,2,4,0,4,2,4,0,5,2,4,0,4,1,4,0,4,2,4,1,
11,3,0,5,2,4,1,4,2,4,0,4,2,4,0,4,2,4,0,5,2,3,0,4,2,4,0,4,2,5,1,
11,3,0,5,2,4,1,4,2,4,0,4,2,4,0,4,2,4,0,5,2,4,1,4,2,4,0,4,2,5,1,
11,3,0,5,2,4,1,4,2,4,0,4,2,4,0,4,2,4,0,5,2,4,1,4,2,4,0,4,2,5,1,
13,2,0,4,2,3,0,4,1,3,0,4,2,3,0,3,1,3,0,4,1,3,0,4,1,3,0,4,1,4,0,
11,3,0,5,3,4,1,4,2,4,0,4,3,4,1,4,2,4,0,5,2,4,1,4,2,4,1,5,2,5,1,
11,3,0,5,3,4,1,4,2,4,0,4,3,4,1,4,2,4,1,5,2,4,1,5,2,4,1,5,2,5,1,
11,3,0,4,2,3,1,4,2,4,0,4,2,3,0,3,2,4,0,4,2,4,0,4,1,4,0,4,2,4,1,
11,3,0,4,2,3,0,4,2,3,0,4,2,3,0,3,2,3,0,4,2,3,0,4,1,3,0,4,2,4,1,
11,3,0,4,2,3,0,4,3,3,0,4,2,3,0,3,2,3,0,4,2,3,0,4,1,3,0,4,2,4,1,
11,3,0,4,2,3,0,4,2,3,0,4,2,3,0,3,2,4,0,5,2,3,0,4,1,4,0,4,2,4,1,
11,3,0,4,2,3,0,4,2,3,0,4,2,3,0,3,2,3,0,4,2,3,0,4,1,4,0,4,2,4,1,
10,3,0,4,2,3,1,4,2,3,0,4,2,3,0,3,2,4,0,5,2,3,0,4,1,4,0,4,2,4,1,
10,3,0,5,2,3,1,4,2,4,0,4,2,3,0,3,2,4,0,5,2,3,0,4,1,4,0,4,2,4,1,
13,3,0,7,2,4,1,7,2,7,0,7,2,4,0,4,2,7,0,7,2,4,1,7,2,7,0,7,2,7,1,
11,3,0,5,2,4,1,4,2,4,0,4,2,4,1,4,2,4,0,5,2,4,1,4,2,4,0,4,2,4,1,
11,3,0,5,3,4,1,4,2,4,0,4,2,4,1,4,2,4,0,5,2,4,1,4,2,4,0,5,2,5,1,
11,3,0,5,3,4,1,4,2,4,0,5,3,4,1,4,2,4,0,5,2,4,1,5,2,4,1,5,2,5,1,
11,3,0,5,3,4,1,5,3,4,0,5,3,4,1,4,2,4,1,5,2,4,1,4,2,4,1,5,3,5,1,
11,3,0,5,3,4,1,5,3,4,0,5,3,4,1,4,2,4,1,5,2,4,1,5,2,4,1,5,2,5,1,
11,3,0,4,2,3,0,4,2,3,0,4,2,3,0,3,1,3,0,4,2,3,0,4,1,3,0,4,2,4,1,
11,3,0,4,2,3,0,4,2,3,0,4,2,3,0,3,1,3,0,4,1,3,0,4,1,3,0,4,2,4,1,
11,3,0,5,2,4,1,4,2,4,0,4,2,4,1,4,2,4,0,5,2,3,1,4,1,4,0,4,2,4,1,
12,3,0,5,2,4,1,4,2,4,0,4,2,4,1,4,2,4,0,5,2,4,1,4,2,4,1,5,2,5,1,
12,3,0,5,2,4,0,4,2,4,0,4,2,4,0,4,2,4,0,5,2,4,0,4,1,4,0,5,2,5,1,
10,3,0,4,2,3,0,4,2,4,0,4,2,3,0,3,2,4,0,5,2,3,0,4,1,4,0,4,2,5,1,
11,3,0,5,2,4,1,4,2,4,0,4,2,4,1,4,2,4,0,5,2,4,1,4,2,4,0,4,2,5,1,
14,3,0,5,2,3,0,4,2,4,0,4,2,3,0,3,2,4,0,5,2,3,0,4,1,4,0,4,2,4,1,
11,3,0,5,2,4,1,4,2,4,0,4,2,4,0,4,2,4,0,5,2,4,1,4,2,4,0,5,2,5,1,
11,3,0,5,3,4,1,4,2,4,0,4,2,4,1,4,2,4,0,5,2,4,1,4,2,4,1,5,2,5,1,
11,3,0,5,3,4,1,4,2,4,0,4,3,4,1,4,2,4,0,5,2,4,1,4,2,4,1,5,2,5,1,
11,2,0,4,2,3,0,4,2,3,0,4,2,3,0,3,1,3,0,4,1,3,0,3,1,4,0,4,2,4,0,
11,3,0,5,3,4,1,4,3,4,0,5,3,4,1,4,2,4,1,5,2,4,1,4,2,4,1,5,3,5,1,
11,2,0,4,2,3,0,4,1,3,0,4,2,3,0,3,1,3,0,4,1,3,0,3,1,3,0,4,2,4,1,
11,3,0,4,2,3,0,4,2,3,0,4,2,3,0,3,2,3,0,4,2,3,0,4,1,4,0,4,2,4,1,
11,3,0,4,2,3,0,4,2,3,0,4,2,3,0,3,2,3,0,4,2,3,0,4,1,4,0,4,2,4,1,
13,3,0,4,2,3,0,4,2,3,0,4,3,3,0,3,2,3,0,5,2,3,0,4,1,7,0,4,2,4,1,
11,3,0,4,2,3,0,4,2,3,0,4,2,3,0,3,2,3,0,5,2,3,0,4,1,4,0,4,2,4,1,
10,3,0,4,2,3,0,4,2,4,0,4,2,3,0,3,2,4,0,5,2,3,0,4,1,4,0,4,2,4,1,
11,3,0,5,2,4,0,4,2,4,0,4,2,4,0,4,2,4,0,5,2,4,1,4,2,4,0,4,2,4,1,
11,3,0,5,2,4,0,4,2,4,0,4,2,4,0,4,2,4,0,5,2,4,1,4,2,4,0,4,2,5,1,
11,3,0,5,3,4,0,4,2,4,0,4,2,4,1,4,2,4,0,5,2,4,1,4,2,4,1,5,2,5,1,
11,3,0,5,2,4,0,4,2,4,0,4,2,4,0,4,2,4,0,5,2,4,0,4,2,4,0,4,2,4,1,
11,3,0,5,3,4,1,4,2,4,0,4,3,4,1,4,2,4,1,5,2,4,1,4,2,4,1,5,2,5,1,
11,3,0,4,2,3,1,4,2,3,0,4,2,3,0,3,2,3,0,4,2,3,0,3,1,4,0,4,2,4,1,
11,2,0,4,2,3,0,3,2,3,0,4,2,3,0,3,2,3,0,4,2,3,0,3,1,3,0,4,2,4,1,
11,3,0,4,2,3,0,4,2,3,0,4,2,3,0,3,2,3,0,4,2,3,0,4,1,4,0,4,2,4,1,
11,3,0,4,2,3,0,4,2,3,0,4,2,3,0,3,2,3,0,5,2,3,0,4,1,4,0,4,2,4,1,
11,3,0,4,2,3,0,4,2,3,0,4,2,3,0,3,2,3,0,5,2,3,0,4,1,4,0,4,2,4,1,
11,3,0,4,2,3,0,4,2,3,0,4,2,3,0,3,2,3,0,5,2,3,0,4,2,4,0,4,2,4,1,
11,3,0,4,2,3,0,4,2,3,0,4,2,3,0,3,2,3,0,5,2,3,0,4,2,4,0,4,2,4,1,
11,3,0,5,2,3,0,4,2,4,0,4,2,3,0,4,2,4,0,5,2,3,0,4,2,4,0,4,2,5,1,
10,3,0,5,2,3,0,4,2,4,0,4,2,3,0,3,2,4,0,5,2,3,0,4,2,4,0,4,2,4,1,
10,3,0,5,2,3,0,4,2,4,0,4,2,3,0,3,2,3,0,5,2,3,0,4,2,4,0,4,2,4,1,
13,3,0,5,2,3,0,4,2,4,0,4,2,3,0,3,2,4,0,5,2,3,0,4,2,4,0,4,2,5,1,
10,4,0,4,2,4,0,4,2,4,0,4,3,4,0,3,2,4,0,5,2,4,1,3,2,5,0,4,2,4,1,
11,3,0,5,2,4,1,4,2,4,0,4,3,4,1,4,2,4,0,5,2,4,1,4,2,4,0,5,2,5,1,
11,3,0,5,2,4,1,4,2,4,0,4,3,3,0,4,2,4,0,5,2,4,1,4,2,4,0,4,2,5,1,
12,6,0,6,6,6,1,6,6,6,0,6,6,6,1,6,6,6,0,6,6,6,1,6,6,6,1,6,6,6,2,
14,3,0,5,3,4,1,4,2,4,0,4,3,4,1,4,2,4,0,5,2,4,1,4,2,4,1,5,3,5,1,
11,3,0,5,3,4,1,4,3,4,0,5,3,4,1,4,2,4,0,5,2,4,1,4,2,4,1,5,3,5,2,
11,3,0,4,2,3,0,4,2,3,0,4,2,3,0,3,2,3,0,4,2,3,0,3,2,3,0,4,2,4,1,
11,3,0,4,2,3,0,4,2,3,0,4,2,3,0,3,2,3,0,4,2,3,0,3,2,3,0,4,2,4,1,
11,3,0,4,2,3,0,4,2,3,0,4,2,3,0,3,2,3,0,4,2,3,0,3,1,3,0,4,2,4,1,
11,3,0,4,2,3,0,4,2,3,0,4,2,3,0,3,2,3,0,4,2,3,0,3,2,4,0,4,2,4,1,
11,3,0,4,2,3,0,4,2,4,0,4,2,3,0,3,2,4,0,4,2,3,0,3,2,4,0,4,2,4,1,
11,3,0,4,2,3,0,4,2,4,0,4,2,3,0,3,2,3,0,5,2,3,0,4,2,4,0,4,2,4,1,
14,3,0,4,2,3,0,4,2,3,0,4,2,3,0,3,2,3,0,5,2,3,0,4,1,4,0,4,2,4,1,
11,3,0,4,2,3,0,4,2,3,0,4,2,3,0,3,2,3,0,5,2,3,0,4,1,4,0,4,2,4,1,
10,3,0,5,2,3,0,4,2,4,0,4,2,3,0,3,2,4,0,5,2,3,0,4,1,4,0,4,2,5,1,
10,3,0,5,2,3,0,4,2,4,0,4,2,3,0,3,2,4,0,5,2,3,0,4,1,4,0,4,2,5,1,
11,3,0,5,2,3,1,4,2,4,0,4,2,3,0,4,2,4,0,5,2,4,0,4,2,4,0,4,2,5,1,
11,3,0,5,2,3,0,4,2,4,0,4,2,3,0,4,2,4,0,5,2,4,0,4,2,4,0,4,2,5,1,
11,3,0,5,2,3,0,4,2,4,0,4,2,3,0,4,2,4,0,5,2,4,1,4,2,4,0,4,2,5,1,
11,2,0,4,1,3,0,3,2,3,0,3,2,3,0,3,1,3,0,4,1,3,0,3,1,3,0,3,1,4,0,
11,3,0,5,2,4,1,4,2,4,0,4,3,4,1,4,2,4,0,5,2,4,1,4,2,4,0,5,2,5,1,
11,3,0,5,2,4,1,4,2,4,0,4,3,4,1,4,2,4,0,5,3,4,1,4,2,4,1,5,2,5,1,
11,3,0,5,2,4,1,4,2,4,0,5,3,4,1,4,2,4,0,5,3,4,1,4,2,4,1,5,2,5,1,
11,3,1,5,2,4,1,4,2,4,0,5,3,4,1,4,2,4,1,5,3,4,1,4,2,4,1,5,2,5,2,
11,4,1,5,3,4,1,5,3,4,0,5,3,4,1,4,3,4,1,5,3,4,1,4,2,4,1,5,3,5,2,
11,3,0,4,2,3,0,4,2,3,0,4,2,3,0,3,2,3,0,4,2,3,0,4,1,4,0,4,2,4,1,
11,3,0,4,2,3,0,4,2,3,0,4,2,3,0,3,2,3,0,4,2,3,0,4,1,3,0,4,2,4,1,
11,3,0,4,2,3,0,4,2,3,0,4,2,3,0,3,2,3,0,4,2,3,0,4,1,4,0,4,2,4,1,
11,3,0,4,2,3,0,4,2,3,0,4,2,3,0,3,2,3,0,4,2,4,0,4,1,4,0,4,2,4,1,
12,3,0,5,2,3,0,4,2,4,0,4,2,3,0,3,2,3,0,5,2,4,0,4,1,4,0,4,2,4,1,
15,3,0,5,2,3,0,4,2,4,0,4,2,3,0,3,2,4,0,5,2,3,0,4,1,4,0,4,2,5,1,
14,3,0,8,2,3,0,4,2,4,0,4,2,3,0,4,2,4,0,8,2,4,0,4,2,4,0,7,2,8,1,
10,3,0,5,2,3,0,4,2,4,0,4,2,3,0,3,2,3,0,5,2,4,0,4,1,4,0,4,2,4,1,
11,3,0,5,2,3,0,4,2,4,0,4,2,3,0,4,2,4,0,5,2,4,0,4,2,4,0,4,2,5,1,
12,5,0,5,2,5,0,6,2,5,0,5,5,5,0,6,2,6,0,5,2,6,0,5,2,5,0,5,2,5,1,
13,3,0,5,2,4,1,4,2,4,0,4,3,4,1,4,2,4,0,5,2,4,1,4,2,4,0,4,2,5,1,
11,3,0,5,3,4,1,4,2,4,0,4,3,4,1,4,2,4,0,5,2,4,1,4,2,4,1,5,2,5,1,
11,3,0,5,2,4,1,4,2,4,0,4,3,4,1,4,2,4,0,5,2,4,1,4,2,4,1,5,2,5,1,
11,3,0,5,2,4,1,4,2,4,0,4,3,4,1,4,2,4,0,5,2,4,1,4,2,4,1,5,2,5,1,
11,3,0,5,3,4,1,4,2,4,0,5,3,4,1,4,3,4,0,5,2,4,1,4,2,4,1,5,2,5,1,
11,3,1,5,3,4,1,5,3,4,0,5,3,4,1,4,3,4,1,5,3,4,1,4,2,4,1,5,3,5,2,
11,3,0,5,2,4,1,4,2,4,0,5,3,4,1,4,3,4,0,5,2,4,1,4,2,4,1,5,2,5,1,
11,3,1,5,3,4,1,5,3,4,0,5,3,4,1,4,3,4,1,5,3,4,1,4,2,4,1,5,2,5,2,
11,3,0,4,2,3,0,4,2,3,0,4,2,3,0,3,2,3,0,4,2,3,0,3,1,3,0,4,2,4,1,
11,3,0,4,2,3,0,4,2,3,0,4,2,3,0,3,2,3,0,4,2,3,0,3,1,4,0,4,2,4,1,
11,3,0,4,2,3,0,4,2,3,0,4,2,3,0,3,2,3,0,4,2,3,0,4,1,4,0,4,2,4,1,
12,3,0,5,2,4,0,4,2,4,0,4,3,3,0,4,2,4,0,5,2,4,0,4,2,4,0,4,2,5,1,
12,4,1,5,3,4,0,5,3,4,0,5,3,4,0,4,3,4,0,6,3,5,0,5,3,5,0,5,3,5,2,
11,3,0,5,2,3,1,4,2,4,0,4,2,3,0,3,2,4,0,5,2,4,1,4,2,4,0,4,2,5,1,
11,3,0,5,2,3,0,4,2,4,0,4,2,3,0,3,2,4,0,5,2,4,1,4,2,4,1,4,2,5,1,
11,3,0,5,2,3,0,4,2,4,0,4,2,3,0,3,2,4,0,5,2,4,1,4,2,4,0,4,2,5,1,
11,3,0,5,2,3,1,4,2,4,0,4,3,4,1,4,2,4,0,5,2,4,1,4,2,4,1,4,2,5,1,
11,3,0,5,2,3,1,4,2,4,0,4,3,3,1,4,2,4,0,5,2,4,1,4,2,4,1,4,2,5,1,
11,3,0,5,2,3,1,4,2,4,0,4,3,3,1,4,2,4,0,5,2,4,1,4,2,4,1,4,2,5,1,
11,3,0,5,2,4,1,4,2,4,0,4,3,4,1,4,2,4,0,5,2,4,1,4,2,4,1,5,2,5,1,
11,3,1,5,3,4,1,4,3,4,0,4,3,4,1,4,3,4,1,5,3,4,1,4,2,4,1,5,2,5,1,
13,6,0,5,2,6,1,4,2,7,0,4,3,6,1,4,2,7,0,5,2,7,1,4,2,7,1,5,2,5,1,
11,3,0,5,3,4,1,4,2,4,0,5,3,4,1,4,3,4,0,5,2,4,1,4,2,4,1,5,2,5,1,
12,3,1,5,3,4,1,4,3,4,0,5,3,4,1,4,3,4,1,5,3,4,1,4,2,4,1,5,2,5,2,
11,3,1,5,3,4,1,5,3,4,0,5,3,4,1,4,3,4,1,5,3,4,1,4,2,4,1,5,2,5,2,
11,4,1,5,3,4,1,5,3,4,0,5,3,4,1,4,3,4,1,5,3,4,1,4,2,4,1,5,3,5,2,
11,4,1,5,3,4,1,5,3,4,0,5,3,4,1,4,3,4,1,5,3,4,1,4,2,5,1,5,3,5,2,
11,3,1,5,3,4,1,4,3,4,0,5,3,4,1,4,3,4,1,5,3,4,1,4,2,4,1,5,3,5,2,
12,3,0,5,2,4,1,4,2,4,0,4,3,4,1,4,2,4,0,5,2,4,1,4,2,4,1,4,2,5,1,
11,3,0,5,2,3,0,4,2,4,0,4,3,3,0,4,2,4,0,5,2,3,0,4,2,4,0,4,2,5,1,
11,3,0,5,2,3,0,4,2,4,0,4,3,3,0,4,2,4,0,5,2,4,0,4,2,4,0,4,2,5,1,
11,3,0,5,2,3,0,4,2,4,0,4,2,3,0,4,2,4,0,5,2,4,0,4,2,4,0,4,2,5,1,
11,3,0,5,2,4,0,4,2,4,0,4,2,4,0,4,2,4,0,5,2,4,1,4,2,4,1,4,2,5,1,
11,3,0,5,2,4,0,4,2,4,0,4,3,4,0,4,2,4,0,5,2,4,1,4,2,4,1,4,2,5,1,
11,3,1,5,3,4,1,4,2,4,0,4,3,4,1,4,3,4,1,5,2,4,1,4,2,4,1,4,2,5,1,
11,3,1,5,3,4,1,4,2,4,0,5,3,4,1,4,3,4,0,5,3,4,1,4,2,4,1,5,2,5,2,
11,3,0,5,2,4,1,4,2,4,0,4,3,4,0,4,3,4,0,5,2,4,1,4,2,4,1,4,2,5,1,
11,3,0,5,3,4,1,4,2,4,0,4,3,4,1,4,3,4,0,5,2,4,1,4,2,4,1,5,2,5,1,
11,3,0,5,3,4,1,4,3,4,0,4,3,4,1,4,3,4,0,5,3,4,1,4,2,4,1,5,2,5,1,
11,3,0,5,3,4,1,4,2,4,0,4,3,4,1,4,3,4,0,5,3,4,1,4,2,4,1,5,2,5,1,
11,3,1,5,3,4,1,5,3,4,0,5,3,4,1,4,3,4,1,5,3,4,1,4,3,4,1,5,3,5,2,
11,4,1,5,3,4,1,5,3,4,0,5,3,4,1,4,3,4,1,5,3,4,1,4,3,4,1,5,3,5,2,
11,3,0,4,2,3,0,4,2,3,0,4,2,3,0,3,2,3,0,4,2,3,0,3,2,4,0,4,2,4,1,
11,4,1,5,3,4,1,5,3,4,0,5,3,4,1,4,3,4,1,5,3,4,1,4,3,5,1,5,3,5,2,
11,4,1,5,3,4,1,5,3,4,0,5,3,4,1,4,3,4,1,5,3,4,1,5,3,5,1,5,3,5,2,
11,3,0,4,2,3,0,4,2,3,0,4,2,3,0,3,2,3,0,4,2,3,0,4,2,4,0,4,2,4,1,
10,3,0,4,2,3,0,4,2,4,0,4,2,3,0,3,2,4,0,5,2,4,0,4,2,4,0,4,2,4,1,
11,3,0,4,2,3,0,4,2,4,0,4,2,3,0,3,2,4,0,5,2,3,0,4,1,4,0,4,2,4,1,
10,3,0,4,2,4,0,4,2,4,0,4,2,4,0,3,2,4,0,5,2,4,0,4,2,4,0,4,2,4,1,
10,3,0,5,2,4,0,4,2,4,0,4,2,3,0,4,2,4,0,5,2,4,1,4,2,4,1,5,2,5,1,
11,3,0,5,2,4,1,4,2,4,0,4,3,4,1,4,2,4,0,5,2,4,1,4,2,4,1,5,2,5,1,
11,3,0,5,3,4,1,4,2,4,0,4,3,4,1,4,3,4,0,5,2,4,1,4,2,4,1,5,2,5,1,
13,3,0,5,2,4,1,4,2,4,0,4,3,4,0,4,2,4,0,5,2,4,1,4,2,4,1,5,2,5,1,
13,4,1,7,3,4,1,7,3,4,0,7,3,4,1,6,3,4,1,8,3,4,1,7,2,4,1,7,3,7,2,
11,3,0,5,3,4,1,4,2,4,0,5,3,4,1,4,3,4,0,5,2,4,1,4,2,4,1,5,2,5,1,
11,3,0,5,3,4,1,5,2,4,0,5,3,4,1,4,3,4,0,5,3,4,1,4,2,4,1,5,2,5,1,
12,9,0,9,3,9,1,9,2,9,0,9,9,9,1,9,3,9,0,9,2,9,1,9,2,9,1,9,2,9,1,
11,3,1,5,3,4,1,5,2,4,0,5,3,4,1,4,3,4,1,5,3,4,1,4,2,4,1,5,3,5,2,
28,2,20,3,1,2,20,3,1,2,19,3,1,2,20,2,1,2,20,3,1,2,20,2,0,2,20,3,1,3,0,
11,3,0,4,2,3,0,4,2,4,0,4,2,3,0,3,2,4,0,5,2,3,0,4,2,4,0,4,2,4,1,
11,3,0,4,2,3,0,4,2,3,0,4,2,3,0,3,2,3,0,4,2,3,0,3,1,4,0,4,2,4,1,
11,3,0,4,2,3,0,4,2,3,0,4,2,3,0,3,2,3,0,4,2,3,0,4,1,4,0,4,2,4,1,
10,3,0,4,2,3,0,4,2,3,0,4,2,3,0,3,2,3,0,4,2,3,0,4,2,4,0,4,2,4,1,
10,3,0,4,2,3,0,4,2,3,0,4,2,3,0,3,2,4,0,4,2,3,0,4,1,4,0,4,2,4,1,
11,3,0,5,2,3,0,4,2,4,0,4,3,3,0,3,2,4,0,5,2,4,0,4,2,4,0,5,2,4,1,
10,3,0,4,2,3,0,4,2,4,0,4,2,3,0,3,2,4,0,5,2,4,0,4,2,4,0,5,2,4,1,
11,3,0,5,2,4,0,4,2,4,0,4,2,3,0,4,2,4,0,5,2,4,1,4,2,4,0,5,2,4,1,
11,3,0,5,2,4,0,4,2,4,0,4,3,4,0,4,2,4,0,5,2,4,1,4,2,4,1,5,2,5,1,
11,3,0,5,3,4,0,4,2,4,0,4,3,4,0,4,3,4,0,5,2,4,1,4,2,4,1,5,2,5,1,
11,3,0,5,3,4,0,4,2,4,0,4,3,4,0,4,2,4,0,5,2,4,1,4,2,4,0,5,2,5,1,
11,3,0,5,3,4,0,4,2,4,0,4,3,4,1,4,2,4,0,5,2,4,1,4,2,4,1,5,2,5,1,
11,3,0,5,2,4,0,4,2,4,0,4,2,4,0,3,2,4,0,5,2,4,1,4,2,4,0,4,2,5,1,
11,3,1,5,3,4,1,4,3,4,0,5,3,4,1,4,3,4,0,5,3,4,1,4,2,4,1,5,2,5,1,
11,3,1,5,3,4,1,5,3,4,0,5,3,4,1,4,3,4,1,5,3,4,1,4,2,4,1,5,3,5,2,
11,3,1,5,3,4,1,5,2,4,0,5,3,4,1,4,3,4,1,5,3,4,1,4,2,4,1,5,3,5,2,
11,4,1,5,3,4,1,5,3,4,0,5,3,4,1,4,3,4,1,5,3,4,1,4,2,4,1,5,3,5,2,
11,4,1,5,3,4,1,5,3,4,0,5,3,4,1,4,3,4,1,5,3,4,1,4,2,4,1,5,3,5,2,
11,3,0,4,2,3,0,4,2,3,0,4,2,3,0,3,2,3,0,4,2,3,0,4,1,4,0,4,2,4,1,
11,3,0,4,2,3,0,4,2,3,0,4,2,3,0,3,2,3,0,5,2,3,0,4,1,4,0,4,2,4,1,
10,3,0,4,2,3,0,4,2,4,0,4,2,3,0,3,2,4,0,5,2,3,0,4,2,4,0,4,2,4,1,
10,3,0,4,2,3,0,4,2,4,0,4,2,3,0,3,2,4,0,5,2,3,0,4,2,4,0,4,2,4,1,
10,3,0,4,2,3,0,4,2,4,0,4,2,3,0,3,2,4,0,5,2,3,0,4,2,4,0,4,2,5,1,
11,3,0,5,2,3,0,5,2,4,0,5,2,3,0,4,2,4,0,6,2,4,0,5,2,4,0,5,2,5,1,
12,3,0,6,2,3,0,4,2,4,0,4,2,3,0,4,2,4,0,6,2,4,0,4,2,4,0,4,2,4,1,
34,3,0,5,3,4,0,28,2,4,0,5,2,4,0,4,2,4,0,6,2,4,1,27,2,4,1,28,2,5,1,
11,3,0,5,2,4,0,4,2,4,0,5,3,3,0,4,2,4,0,5,2,4,1,4,2,4,0,5,2,5,1,
11,3,0,5,3,4,0,4,2,4,0,5,3,4,1,4,2,4,0,5,2,4,1,4,2,4,2,5,2,5,1,
11,3,1,5,3,4,1,5,2,4,0,5,3,4,1,4,3,4,1,5,2,4,1,4,2,4,1,5,2,5,1,
11,2,0,4,3,3,0,4,1,3,0,4,1,3,0,3,3,3,0,4,3,3,0,3,2,3,0,4,1,4,0,
11,3,0,4,2,3,0,4,2,3,0,4,2,3,1,3,2,3,0,4,1,3,1,3,1,4,1,4,2,4,1,
11,3,0,4,2,3,0,4,2,3,0,4,2,3,0,3,2,3,0,4,2,3,0,4,1,4,0,4,2,4,1,
12,3,0,4,2,3,0,4,2,4,0,4,2,3,0,3,2,3,0,5,2,3,0,4,2,4,0,4,2,5,1,
10,3,0,4,2,3,0,4,2,4,0,4,2,3,0,3,2,3,0,5,2,3,0,4,2,4,0,4,2,5,1,
10,3,0,4,2,4,0,4,2,4,0,4,2,4,0,3,2,4,0,5,2,4,0,4,1,4,0,4,2,4,1,
11,3,0,4,2,3,0,4,2,4,0,4,2,3,0,4,2,4,0,5,2,4,1,4,2,4,0,4,2,5,1,
11,3,0,5,3,4,1,4,2,4,0,5,2,4,1,4,2,4,0,5,2,4,1,4,2,4,1,4,2,5,1,
11,3,1,5,3,4,1,4,2,4,0,5,3,4,1,4,3,4,0,5,2,4,1,4,2,4,1,4,2,5,1,
11,3,0,5,2,4,1,4,2,4,0,5,3,4,1,4,2,4,0,5,2,4,1,4,2,4,1,5,2,5,1,
11,3,0,5,3,4,0,4,2,4,0,4,2,4,0,4,2,4,0,5,2,4,1,4,2,4,1,4,2,5,1,
11,3,1,5,3,4,1,4,2,4,0,5,3,4,1,4,3,4,1,5,2,4,1,5,2,4,1,5,2,5,2,
12,3,0,5,3,4,0,4,3,4,0,5,3,4,0,4,3,4,0,5,3,4,0,4,3,4,0,4,3,5,1,
35,4,1,5,3,4,1,5,3,29,0,5,3,4,1,4,3,6,1,5,3,29,1,5,2,29,1,5,3,5,2,
11,3,0,4,2,4,0,4,1,4,0,4,2,3,0,3,2,4,0,4,2,3,0,4,1,4,0,4,2,4,1,
32,3,0,25,2,3,0,4,2,4,0,4,2,3,0,3,2,4,0,25,2,4,0,4,1,4,0,4,2,4,1,
11,3,0,5,2,3,1,4,2,4,0,5,2,3,0,4,2,4,0,5,2,4,1,4,2,4,0,4,2,5,1,
11,3,0,5,2,4,0,4,2,4,0,4,2,3,0,4,2,4,0,5,2,4,1,4,2,4,0,4,2,4,1,
11,3,0,5,2,4,0,4,2,4,0,4,2,3,0,4,2,4,0,5,2,4,1,4,2,4,1,4,2,5,1,
11,3,0,5,2,4,1,4,2,4,0,4,2,3,1,4,2,4,0,5,2,4,1,4,2,4,1,4,2,4,1,
11,3,0,5,3,4,1,4,2,4,0,5,2,4,1,4,2,4,0,5,2,4,1,4,2,4,1,4,2,5,1,
13,6,1,5,3,7,1,4,2,7,0,5,2,7,1,4,2,7,1,5,2,7,1,4,2,8,1,4,2,5,1,
11,3,0,5,3,4,1,4,2,4,0,5,3,4,0,4,2,4,0,5,2,4,1,4,2,4,1,4,2,5,1,
32,3,1,5,3,4,1,4,2,4,0,5,3,4,1,4,3,4,1,5,2,4,1,4,2,5,1,5,2,5,1,
11,2,0,4,2,3,0,3,1,3,0,4,2,3,0,3,1,3,0,4,1,3,0,3,1,4,0,4,1,4,1,
11,3,1,5,3,4,1,4,2,4,0,5,3,4,1,4,3,4,1,5,2,4,1,4,2,5,1,5,3,5,2,
31,3,0,5,2,4,24,4,2,4,0,5,2,3,23,4,2,4,0,5,2,4,24,4,2,4,0,4,2,5,1,
31,3,0,5,3,24,1,4,2,4,1,5,3,24,1,4,2,24,0,5,2,4,1,4,2,4,1,4,2,5,1,
11,3,0,4,2,3,0,4,2,4,0,4,2,3,0,3,2,4,0,4,2,4,0,4,1,4,0,4,2,4,1,
10,3,0,4,2,3,0,4,2,4,0,4,2,3,0,3,2,4,0,4,2,3,0,4,1,4,0,4,2,4,1,
31,3,0,25,2,3,0,4,2,4,0,25,2,3,0,3,2,4,0,26,2,3,0,4,1,4,1,4,2,25,1,
10,3,0,4,2,3,0,4,2,4,0,4,2,3,0,4,2,4,0,5,2,4,1,4,1,4,1,4,2,5,1,
10,3,0,4,2,4,0,4,2,4,0,4,3,4,0,4,2,4,0,5,2,4,1,4,2,4,0,4,2,5,1,
11,3,0,5,2,4,1,4,2,4,0,5,2,4,1,4,2,4,0,5,2,4,1,4,2,4,1,4,2,5,1,
11,3,0,5,2,4,1,4,2,4,0,5,2,4,1,4,2,4,0,5,2,4,1,4,2,4,1,4,2,5,1,
11,3,0,4,2,3,1,4,2,4,0,4,2,3,1,3,2,4,0,4,2,3,1,4,1,4,1,4,2,4,1,
11,3,0,5,2,3,0,4,2,4,0,4,2,3,0,3,2,4,0,5,2,3,1,4,1,4,0,4,2,4,1,
13,4,1,6,4,4,0,5,4,5,0,5,4,4,0,4,4,4,1,6,4,4,1,5,2,5,0,5,4,5,2,
11,4,1,5,3,4,1,5,3,5,0,5,3,4,1,4,3,5,1,6,3,4,1,5,2,5,1,5,3,5,2,
11,4,1,5,3,4,1,4,2,5,0,5,3,4,1,4,3,5,1,5,3,4,1,5,2,5,1,5,3,5,2,
12,3,0,5,2,4,2,4,2,4,0,4,3,4,2,4,2,4,0,5,2,4,2,4,2,5,1,4,2,5,1,
11,3,0,5,2,4,1,4,2,4,0,5,3,4,1,4,2,4,0,5,2,4,1,4,2,4,1,4,2,5,1,
12,3,0,5,3,4,0,4,3,4,0,5,3,3,0,4,2,4,0,5,2,4,1,4,2,4,0,5,3,6,1,
11,3,0,5,2,4,0,4,2,4,0,4,3,3,0,4,2,4,0,5,2,4,1,4,2,4,0,4,2,5,1,
10,3,0,4,2,3,0,4,2,4,0,4,2,3,1,3,2,4,0,4,2,4,1,4,1,4,0,4,2,4,1,
15,3,0,4,2,3,0,3,2,3,0,4,2,3,0,3,2,3,0,4,2,3,0,3,1,4,0,4,2,4,1,
11,3,0,4,2,3,1,4,2,4,0,4,2,3,1,3,2,4,0,4,2,3,1,4,1,4,1,4,2,4,1,
12,4,1,6,4,5,1,5,3,5,0,6,4,5,1,5,4,5,0,7,3,5,1,6,3,5,1,6,4,6,2,
30,3,0,5,2,3,0,5,3,4,0,5,2,3,0,3,2,3,0,5,1,3,0,5,1,5,0,5,23,5,1,
11,3,1,5,3,4,1,4,3,4,0,5,3,4,1,4,3,4,1,5,3,4,1,4,2,5,1,5,3,5,1,
11,3,0,4,2,3,0,3,1,3,0,4,2,3,0,3,1,3,0,4,1,3,0,3,1,4,0,4,2,4,1,
11,3,0,4,2,3,0,3,1,4,0,4,2,3,0,3,2,3,0,4,2,3,0,3,1,4,0,4,2,4,1,
14,3,0,4,2,3,0,3,1,4,0,4,2,3,0,3,2,3,0,4,2,3,0,4,1,4,0,4,2,4,1,
14,3,0,7,2,3,0,4,2,4,0,4,2,3,0,3,2,4,0,8,2,4,1,4,1,4,0,4,2,8,1,
28,3,0,4,22,4,0,4,3,4,0,4,3,4,0,3,22,4,0,5,2,4,1,4,1,4,0,4,2,4,1,
11,3,0,5,2,4,0,4,2,4,0,4,3,4,0,4,2,4,0,5,3,4,1,4,2,5,0,4,3,5,1,
31,5,0,5,25,5,1,5,2,5,0,5,5,6,1,5,25,6,0,5,25,6,1,5,25,5,0,5,2,5,1,
14,3,0,5,2,4,1,4,3,4,0,5,3,4,1,4,2,4,0,5,2,4,1,4,2,4,0,5,3,5,2,
11,3,0,5,2,4,1,4,2,4,0,5,3,4,1,4,2,4,0,5,2,4,1,4,2,4,1,5,2,5,1,
11,4,1,5,2,4,1,4,2,4,0,5,3,4,1,4,2,4,1,5,2,4,1,4,2,5,1,5,2,5,1,
12,3,0,4,2,4,0,4,2,4,0,4,2,5,0,3,2,4,0,5,2,4,0,4,1,4,0,4,2,4,1,
11,3,0,4,2,4,0,4,2,4,0,4,2,4,0,3,2,4,0,5,2,4,0,4,1,4,0,4,2,4,1,
11,3,0,4,2,3,0,3,2,4,0,4,2,3,0,3,2,3,0,5,2,3,0,4,1,4,0,4,2,4,1,
11,3,0,4,2,3,0,4,2,4,0,4,2,3,0,3,2,3,0,5,2,3,0,4,1,4,0,4,2,4,1,
11,3,0,5,2,3,0,4,2,4,0,4,2,4,0,3,2,3,0,5,2,3,0,4,1,4,0,4,2,5,1,
11,3,0,4,2,3,0,4,2,4,0,4,2,4,0,3,2,4,0,5,2,4,0,4,1,4,0,4,2,4,1,
12,4,0,5,2,4,0,4,2,4,0,5,2,5,0,3,2,4,0,5,2,4,0,4,2,4,0,5,2,5,1,
11,3,0,5,2,3,0,4,2,4,0,4,2,4,0,3,2,4,0,5,2,3,0,4,1,4,0,4,2,5,1,
12,4,0,7,2,3,0,4,2,4,0,7,2,3,0,3,2,4,0,7,2,4,1,4,2,4,0,4,2,7,1,
13,5,1,6,3,4,0,5,3,5,0,5,3,4,0,4,3,5,0,6,3,5,0,5,3,5,0,5,3,6,2,
11,4,0,5,2,4,1,4,2,4,0,5,3,4,1,4,2,4,0,5,2,4,1,4,2,4,1,5,2,5,1,
124,0,62,58,56,27,41,31,45,40,4,47,61,23,47,2,46,38,58,68,46,35,59,27,34,49,74,43,49,58,0,
20,3,1,5,2,4,1,5,2,4,0,5,2,4,1,4,2,4,1,5,2,4,1,4,2,4,6,5,2,5,1,
11,3,1,5,3,4,1,4,2,4,0,5,3,4,1,4,3,4,1,5,3,4,1,4,2,5,1,5,3,5,2,
11,3,1,5,3,4,1,4,2,4,0,5,3,4,1,4,3,4,1,5,3,4,1,5,2,5,1,5,3,5,1,
13,5,3,7,5,6,1,7,5,7,0,7,5,6,1,6,5,6,3,7,5,6,1,7,4,7,2,7,5,7,4,
30,3,1,4,2,3,23,4,2,4,0,4,2,3,0,3,2,4,1,5,2,4,0,4,1,4,1,4,2,4,1,
31,3,0,5,2,4,1,4,2,4,0,5,23,4,1,4,2,4,0,5,2,4,1,4,2,4,1,5,2,5,1,
15,6,0,4,2,6,0,4,2,7,0,4,2,6,0,3,2,8,0,5,2,7,0,4,2,7,1,4,2,5,1,
11,3,1,5,2,4,0,4,2,4,0,4,2,4,0,3,2,4,0,5,2,4,1,4,2,4,1,5,2,5,1,
11,3,1,5,2,3,0,4,2,4,0,4,2,4,0,3,2,4,1,5,2,4,1,4,2,4,1,4,2,5,1,
11,3,1,5,2,4,1,4,2,4,0,5,3,4,0,4,2,4,1,5,2,4,1,4,2,4,1,5,2,5,1,
31,3,1,5,2,4,1,4,2,4,0,5,3,4,1,4,2,4,1,5,2,4,1,25,2,4,1,5,2,5,1,
11,3,1,6,2,4,1,5,2,4,0,5,3,4,1,4,2,4,1,6,2,4,1,4,2,4,1,5,3,5,1,
11,3,1,5,3,4,1,4,3,4,0,5,3,4,1,4,2,4,1,5,2,4,1,4,2,4,1,5,3,5,1,
11,3,1,5,3,4,1,4,3,4,0,5,3,4,1,4,2,4,1,5,2,4,1,4,2,5,1,5,3,5,1,
33,3,1,5,3,4,1,4,3,4,0,5,3,4,1,4,2,4,1,27,2,4,1,4,2,5,1,5,3,6,2,
12,4,1,6,3,4,1,5,3,5,0,5,3,4,1,4,3,5,1,6,3,4,1,5,2,5,1,6,3,6,2,
11,3,0,4,2,3,0,4,2,4,0,4,2,3,0,3,2,4,0,5,2,3,0,3,1,4,0,4,2,4,1,
11,4,1,5,3,4,1,5,3,5,0,5,3,4,1,4,3,5,1,6,3,4,1,5,2,5,2,5,3,5,2,
28,5,0,5,2,6,0,4,2,6,0,4,2,6,0,3,2,6,21,5,2,6,0,4,2,6,0,4,2,4,1,
12,3,0,5,3,4,1,4,3,4,0,5,3,4,1,4,2,4,0,5,2,4,1,4,2,5,1,5,3,5,1,
11,3,0,5,2,3,0,4,2,4,0,4,2,4,0,3,2,4,0,5,2,4,1,4,2,4,0,4,2,4,1,
11,3,0,5,2,4,0,4,2,4,0,5,3,4,0,4,2,4,0,5,2,4,1,4,2,4,0,4,2,5,1,
11,3,0,5,2,4,1,4,2,4,0,5,3,4,1,4,2,4,0,5,2,4,1,4,2,4,1,5,2,5,1,
30,3,0,5,3,4,1,4,3,4,0,5,3,24,1,4,2,4,0,5,2,4,1,4,2,8,1,5,3,5,1,
11,4,0,5,3,4,1,4,3,5,0,5,3,4,1,4,2,4,0,5,2,5,1,4,2,5,1,5,3,5,1,
13,2,0,4,2,3,0,4,2,4,0,4,2,3,0,3,2,3,0,4,2,4,0,4,1,4,0,4,2,4,1,
11,3,0,5,3,4,1,5,3,5,0,5,3,4,1,4,3,4,0,5,2,5,1,4,2,5,1,5,3,5,2,
11,2,0,4,2,3,0,4,2,4,0,4,2,3,0,3,2,3,0,5,2,4,0,4,1,4,0,4,2,4,1,
32,2,0,4,25,4,0,4,2,4,0,4,2,4,0,4,2,4,0,5,2,4,0,4,1,4,0,4,2,4,1,
11,3,0,5,2,3,0,4,2,4,0,4,3,3,0,3,2,3,0,5,2,4,0,4,2,4,0,4,2,4,1,
14,4,1,5,3,4,1,5,3,5,0,5,3,4,1,4,3,4,1,6,3,5,1,5,2,5,1,5,3,5,2,
28,3,0,5,2,3,0,4,2,4,0,4,2,3,0,3,2,4,0,5,2,4,0,4,2,4,21,4,2,4,1,
11,3,0,5,3,4,1,4,3,4,0,5,3,4,1,4,2,4,1,5,2,4,1,4,2,5,1,5,3,5,1,
11,3,0,5,2,3,0,4,2,4,0,5,2,3,0,3,2,4,0,5,2,4,1,4,2,4,0,4,2,5,1,
11,3,0,5,2,3,0,4,2,4,0,4,2,3,0,3,2,4,0,5,2,4,1,4,2,4,0,4,2,5,1,
11,3,0,5,2,4,0,4,2,4,0,5,3,3,1,4,2,4,0,5,2,4,1,4,2,5,0,4,2,5,1,
11,3,0,5,3,4,1,4,3,4,0,5,3,4,1,4,2,4,0,5,2,4,1,4,2,5,1,5,3,5,1,
14,3,0,5,2,4,1,4,2,4,0,5,3,3,1,4,2,4,0,5,2,4,1,4,2,5,0,4,3,5,1,
14,3,0,8,3,4,1,7,3,4,0,8,3,4,1,7,2,4,0,8,2,4,1,7,2,5,1,8,3,8,1,
11,2,0,4,2,3,0,4,2,3,0,4,2,3,0,3,2,3,0,4,2,4,0,3,1,4,0,4,2,4,1,
32,2,0,4,2,3,0,3,2,3,0,4,2,3,0,3,2,3,0,4,2,3,0,3,1,25,0,4,2,4,0,
12,5,0,5,2,5,0,5,2,5,0,5,5,5,0,5,2,5,0,5,2,5,0,5,1,5,0,5,2,5,1,
15,3,0,5,2,3,0,4,2,4,0,4,2,3,0,3,2,4,0,5,2,3,0,4,1,4,0,4,2,4,1,
14,3,0,4,2,3,0,4,2,4,0,4,2,3,0,3,2,4,0,5,2,4,0,4,1,4,0,4,2,4,1,
30,3,0,5,2,3,0,4,23,4,0,4,2,3,0,3,2,4,0,5,2,4,1,4,2,4,0,4,2,5,1,
11,3,0,5,3,4,0,4,3,4,0,5,3,4,1,4,3,4,0,5,3,4,1,4,2,4,0,5,3,5,1,
11,3,0,5,2,4,1,4,2,4,0,5,3,4,1,4,2,4,0,5,2,4,1,4,2,4,0,4,2,5,1,
34,3,0,5,3,4,1,5,3,4,0,6,3,4,1,28,3,4,0,5,3,27,1,4,2,4,0,5,3,5,1,
12,4,0,6,3,4,1,5,3,5,0,5,3,4,1,4,3,5,0,6,3,5,1,5,2,5,1,5,3,5,1,
32,3,0,5,3,4,1,4,3,4,0,5,3,4,1,4,2,25,0,5,2,4,1,4,2,4,1,4,3,5,1,
11,4,0,5,3,5,1,4,3,5,0,5,3,5,1,4,3,5,0,5,3,4,1,4,2,5,1,5,3,5,1,
11,3,1,5,3,4,1,4,3,4,0,5,3,4,1,4,3,5,1,5,3,4,1,4,3,4,1,5,3,5,2,
31,2,0,4,2,3,0,3,2,3,0,4,2,3,0,3,2,4,0,5,2,3,0,3,2,3,0,24,2,4,1,
12,2,0,5,2,3,0,4,2,3,0,4,2,3,0,3,2,4,0,5,2,3,0,4,2,3,0,4,2,5,1,
14,3,0,5,3,4,0,4,3,4,0,5,3,4,0,4,3,4,0,5,2,4,0,4,2,4,0,5,3,5,1,
11,3,0,4,2,4,0,4,2,3,0,4,2,4,0,3,2,4,0,4,2,3,0,4,2,4,0,4,2,4,1,
11,3,0,4,2,4,0,4,2,3,0,4,2,4,0,3,2,4,0,5,2,3,0,4,2,4,0,4,2,4,1,
31,3,0,5,2,4,0,4,2,4,0,4,2,4,0,3,2,4,0,5,2,4,0,4,2,4,1,4,2,25,1,
11,3,0,5,2,4,0,4,2,4,0,5,3,4,0,4,2,4,0,5,2,4,1,4,2,4,1,5,2,5,1,
28,3,0,5,2,4,1,4,2,4,0,4,3,4,1,4,2,4,0,5,2,4,22,4,2,4,0,4,3,5,1,
11,2,0,4,2,3,0,3,2,3,0,4,2,3,0,3,2,4,0,4,2,3,0,3,2,3,0,4,2,4,1,
11,3,0,5,3,4,1,5,3,4,0,5,3,4,1,4,3,4,1,5,3,4,1,4,2,4,1,6,3,5,1,
11,3,0,5,3,4,1,4,3,4,0,5,3,4,1,4,2,4,0,5,3,4,1,4,2,4,1,5,3,5,1,
13,5,0,4,2,6,0,4,2,6,0,4,2,6,0,3,2,7,0,4,2,6,0,3,2,6,0,4,2,4,1,
11,3,0,5,3,4,1,4,3,4,0,5,3,4,1,4,3,5,1,5,3,4,1,4,2,5,1,5,3,5,1,
11,3,1,5,3,4,1,5,3,4,0,5,3,4,1,4,3,5,1,5,3,4,1,4,3,4,1,5,3,5,2,
11,4,1,5,3,5,1,5,3,4,0,5,3,4,1,4,3,5,1,5,3,4,1,5,3,5,1,5,3,5,2,
11,4,1,5,3,5,1,5,3,4,0,5,3,4,1,4,3,5,1,5,3,4,1,5,3,5,1,5,3,5,2,
11,4,1,5,3,5,1,4,3,4,0,5,3,4,1,4,3,5,1,5,3,4,1,5,3,5,1,5,3,5,2,
10,3,1,5,2,4,1,4,3,4,0,4,3,4,0,4,2,4,1,5,2,4,1,4,2,4,1,5,3,5,1,
10,3,1,5,2,4,0,4,2,4,0,4,2,4,0,3,2,4,1,5,2,4,0,4,2,4,1,4,2,4,1,
10,3,1,5,2,4,0,4,2,4,0,4,2,4,0,4,2,4,1,5,2,4,1,4,2,4,1,4,2,4,1,
11,3,1,5,2,4,0,4,2,4,0,4,3,4,0,4,2,4,1,5,2,4,1,4,2,4,1,4,2,4,1,
11,3,1,5,2,4,0,4,3,4,0,5,3,4,0,4,2,4,1,5,2,4,1,4,2,4,1,4,3,5,1,
11,3,1,5,3,4,1,4,3,4,0,5,3,4,0,4,3,4,1,5,3,4,1,4,2,4,1,5,3,5,1,
11,3,1,5,3,4,1,4,3,4,0,5,3,4,1,4,3,5,1,5,3,4,1,4,2,4,1,5,3,5,1,
11,3,0,5,3,4,1,4,3,4,0,5,3,4,1,4,3,5,0,5,3,4,1,4,3,4,1,5,3,5,1,
13,3,0,7,3,4,1,7,3,4,0,7,3,4,1,6,3,5,1,7,3,4,1,7,2,4,1,7,3,7,1,
11,3,1,5,3,4,1,5,3,4,0,5,3,4,1,4,3,5,1,5,3,4,1,4,3,4,1,5,3,5,2,
11,4,1,5,3,5,1,5,3,5,0,5,3,5,1,4,3,5,1,5,3,4,1,5,3,5,1,5,3,5,2,
11,3,0,4,2,4,0,4,2,4,0,4,2,4,0,3,2,4,0,4,2,4,0,4,2,4,0,4,2,4,1,
10,3,0,4,2,4,0,4,2,4,0,4,2,4,0,3,2,4,0,5,2,4,4,4,2,4,0,4,2,4,1,
11,3,0,5,3,4,0,4,2,4,0,4,3,4,1,4,2,4,0,5,2,4,1,4,2,4,1,4,2,4,1,
28,3,0,5,2,4,1,4,2,4,0,4,3,4,1,4,2,4,0,5,23,4,1,4,2,4,0,4,2,4,1,
12,3,0,5,3,4,0,4,3,4,0,4,3,4,0,4,3,4,0,5,2,4,0,4,2,4,1,4,2,5,1,
13,3,0,7,2,7,1,7,2,7,0,7,3,7,1,4,2,7,0,7,2,7,1,7,2,7,1,7,2,7,1,
11,3,0,5,2,4,1,4,3,4,0,5,3,4,1,4,3,4,0,5,2,4,1,4,2,4,0,4,2,5,1,
11,3,0,5,2,4,1,4,3,4,0,5,3,4,1,4,2,4,0,5,2,4,1,4,2,4,0,4,2,5,1,
11,3,0,5,3,4,1,4,3,4,0,5,3,4,1,4,3,4,0,5,2,4,1,4,2,4,1,5,3,5,1,
11,3,0,5,3,4,1,4,3,4,0,5,3,4,1,4,3,4,0,5,2,4,1,4,2,4,1,5,3,5,1,
11,2,0,4,2,3,0,4,2,3,0,4,2,3,0,3,2,4,0,4,2,3,0,4,2,4,0,4,2,4,1,
11,2,0,4,2,3,0,3,2,3,0,4,2,3,0,3,2,4,0,4,2,3,0,3,1,4,0,4,2,4,1,
11,2,0,4,2,4,0,4,2,3,0,4,2,3,0,3,2,4,0,4,2,3,0,3,1,4,0,4,2,4,1,
10,3,0,4,2,4,0,4,2,3,0,4,2,4,0,3,2,4,0,4,2,3,0,4,2,4,0,4,2,4,1,
10,3,0,4,2,4,0,4,2,4,0,4,2,4,0,3,2,4,0,5,2,4,0,4,2,4,0,4,2,4,1,
10,3,0,4,2,4,0,4,2,4,0,4,2,4,0,3,2,4,0,5,2,4,0,4,2,4,0,4,2,4,1,
10,3,0,5,2,4,0,4,2,4,0,4,2,4,0,3,2,4,0,5,2,4,1,4,2,4,0,4,2,4,1,
10,3,0,5,2,4,0,4,2,4,0,4,2,4,1,3,2,4,0,5,2,4,1,4,2,4,0,4,2,4,1,
12,3,0,5,3,4,0,4,3,4,0,5,3,4,0,4,3,4,0,5,3,4,0,4,2,4,0,5,3,5,1,
11,3,0,5,3,4,1,4,3,4,0,5,3,4,1,4,3,4,0,5,3,4,1,4,2,4,1,5,3,5,1,
11,3,0,5,3,4,1,4,3,4,0,5,3,4,1,4,2,4,0,5,2,4,1,4,2,4,1,5,3,5,1,
11,3,0,5,3,4,1,4,3,4,0,5,3,4,1,4,3,5,0,5,3,4,1,4,2,4,1,5,3,5,1,
521,4,1,6,4,5,1,5,4,5,0,6,4,5,1,5,4,5,1,6,4,5,1,5,3,6,1,6,4,6,2,
434,6,0,5,3,8,2,5,3,8,0,5,3,8,1,4,2,8,0,6,3,8,1,5,2,8,1,5,3,5,1,
330,6,1,5,3,7,1,4,3,6,0,5,4,7,1,4,3,7,1,5,3,6,1,4,3,7,1,4,3,5,2,
226,4,0,5,3,6,0,4,3,5,0,4,3,5,1,4,3,6,0,5,3,5,1,4,2,6,1,5,3,5,1,
122,5,2,7,5,6,2,6,5,6,0,6,5,6,2,5,5,7,1,7,5,6,2,6,4,6,2,6,5,6,3,
11,3,0,5,2,4,1,4,3,4,0,4,3,4,1,4,2,4,0,5,2,4,1,4,2,4,1,4,2,5,1,
10,3,0,5,2,4,0,4,2,4,0,4,2,4,1,3,2,4,0,5,2,4,1,4,2,4,0,4,2,4,1,
13,3,0,5,2,4,0,4,2,4,0,4,2,4,0,3,2,4,0,5,2,4,1,4,2,4,0,4,2,4,1,
13,3,0,7,2,4,0,7,2,4,0,7,3,4,1,6,2,4,0,8,2,4,1,7,2,4,0,7,2,7,1,
11,3,0,5,3,4,1,4,3,4,0,5,3,4,1,4,2,4,0,5,2,4,1,4,2,4,1,4,2,5,1,
11,3,0,5,3,4,1,4,2,4,0,5,3,4,1,4,2,4,0,5,2,4,1,4,2,4,1,4,2,5,1,
12,6,0,6,6,6,1,6,2,6,0,6,6,6,1,6,5,6,1,6,5,6,1,6,2,6,1,6,6,6,1,
14,3,0,5,3,4,1,4,2,4,0,5,3,4,1,4,3,4,1,5,3,4,1,4,2,4,1,5,3,5,1,
11,4,1,5,3,5,1,5,3,4,0,5,3,4,1,4,3,5,1,5,3,4,1,4,2,5,1,5,3,5,2,
11,4,1,5,3,5,1,5,3,4,0,5,3,4,1,4,3,5,1,5,3,4,1,4,2,5,1,5,3,5,2,
10,3,0,4,2,4,0,4,2,3,0,4,2,4,0,3,2,4,0,4,2,3,0,4,2,4,0,4,2,4,1,
10,3,0,4,2,4,0,4,2,4,0,4,2,4,0,3,2,4,0,5,2,4,0,4,2,4,0,4,2,4,1,
10,3,0,4,2,4,0,4,2,4,0,4,2,4,0,3,2,4,0,5,2,3,0,4,2,4,0,4,2,4,1,
11,3,0,5,2,4,0,4,2,4,0,4,2,4,1,4,2,4,0,5,2,4,1,4,2,4,1,4,2,4,1,
11,3,0,5,2,4,1,4,2,4,0,4,3,4,1,4,2,4,0,5,2,4,1,4,2,4,0,4,2,5,1,
14,3,0,5,2,4,1,4,2,4,0,5,3,4,1,4,2,4,0,5,2,4,1,4,2,4,0,4,2,5,1,
11,3,0,5,3,4,1,4,2,4,0,5,3,4,1,4,2,4,0,5,2,4,1,4,2,4,0,4,3,5,1,
11,3,0,5,3,4,1,4,2,4,0,5,3,4,1,4,2,4,0,5,2,4,1,4,2,4,1,4,3,5,1,
11,3,0,5,3,4,1,4,3,4,0,5,3,4,1,4,2,5,0,5,2,4,1,4,2,4,1,4,3,5,1,
12,3,0,5,3,4,0,4,2,4,0,4,3,4,0,4,2,4,0,5,2,4,0,4,2,4,0,4,2,5,1,
11,2,0,4,2,3,0,4,2,3,0,4,2,3,0,3,2,4,0,4,2,3,0,3,1,4,0,4,2,4,1,
14,2,0,4,2,3,0,3,2,3,0,4,2,3,0,3,2,4,0,4,2,3,0,3,1,4,0,4,2,4,1,
11,3,0,4,2,4,0,4,2,4,0,4,2,3,0,3,2,4,0,4,2,3,0,4,2,4,0,4,2,4,1,
10,3,0,4,2,4,0,4,2,4,0,4,2,4,0,3,2,4,0,4,2,3,0,4,2,4,0,4,2,4,1,
10,3,0,4,2,4,0,4,2,4,0,4,2,4,0,3,2,4,0,4,2,3,0,4,2,4,0,4,2,4,1,
11,3,0,5,2,4,0,4,2,4,0,4,2,4,1,3,2,4,0,5,2,4,1,4,2,4,0,4,2,4,1,
10,3,0,5,2,4,0,4,2,4,0,4,2,4,1,3,2,4,0,5,2,4,1,4,2,4,0,4,2,4,1,
11,3,0,5,2,4,0,4,2,4,0,5,2,4,1,4,2,4,0,5,2,4,1,4,2,4,0,5,2,5,1,
11,3,0,5,2,4,1,4,2,4,0,4,2,4,1,4,2,4,0,5,2,4,1,4,2,4,1,4,2,5,1,
11,3,1,5,3,4,1,4,2,4,0,5,3,4,1,4,2,4,1,5,2,4,1,4,2,4,1,5,2,5,1,
11,3,1,5,3,4,1,4,2,4,0,5,3,4,1,4,3,4,1,5,3,4,1,4,2,4,1,5,3,5,1,
11,3,1,5,3,4,1,4,2,4,0,5,3,4,1,4,3,5,1,5,3,4,1,4,2,4,1,5,3,5,1,
11,2,0,4,2,3,0,4,2,3,0,4,2,3,0,3,2,4,0,4,2,3,0,3,1,4,0,4,2,4,1,
11,3,0,4,2,4,0,4,2,3,0,4,2,3,0,3,2,4,0,4,2,3,0,4,1,4,0,4,2,4,1,
11,3,0,4,2,4,0,4,2,4,0,4,2,4,0,4,2,4,0,4,2,4,0,4,2,4,0,4,2,4,1,
11,3,0,4,2,4,0,4,2,4,0,4,2,4,0,4,2,4,0,4,2,4,0,4,2,4,0,4,2,4,1,
10,3,0,4,2,4,0,4,2,4,0,4,2,4,0,4,2,4,0,4,2,3,0,4,2,4,0,4,2,4,1,
10,3,0,4,3,4,1,4,2,4,0,4,2,4,0,4,3,4,0,5,2,4,0,4,2,4,0,4,2,4,1,
10,3,0,5,3,4,1,4,2,4,0,4,2,4,0,4,3,4,0,5,2,4,1,4,2,4,0,4,2,4,1,
11,3,0,4,3,4,1,4,2,4,0,4,2,4,0,4,3,4,0,5,2,4,1,4,2,4,0,4,2,4,1,
11,3,0,5,3,4,1,4,2,4,0,4,3,4,1,4,3,4,0,5,2,4,1,4,2,4,0,4,2,5,1,
11,3,0,5,3,4,1,4,2,4,0,5,3,4,1,4,3,4,0,5,2,4,1,4,2,4,1,5,2,5,1,
11,3,0,5,3,4,1,4,3,4,0,5,3,4,1,5,3,4,0,5,3,4,1,4,3,4,1,5,3,5,1,
11,3,1,5,3,4,1,4,3,4,0,5,3,4,1,4,3,4,1,5,3,4,1,4,3,4,1,5,3,5,1,
11,3,0,4,2,3,0,4,2,3,0,4,2,3,0,3,2,4,0,4,2,3,0,4,2,4,0,4,2,4,1,
11,2,0,4,2,3,0,4,2,3,0,4,2,3,0,3,2,4,0,4,2,3,0,4,2,3,0,4,2,4,1,
14,3,0,4,2,4,0,4,2,4,0,4,2,4,0,3,2,4,0,5,2,3,0,4,2,4,0,4,2,4,1,
15,3,0,8,2,4,0,7,2,3,0,8,2,3,0,7,2,4,0,8,2,3,0,7,2,4,0,7,2,8,1,
11,3,0,5,2,4,1,4,2,4,0,4,2,4,1,4,2,4,0,5,2,4,1,4,2,4,1,4,2,4,1,
10,3,0,4,2,4,1,4,2,4,0,4,2,4,0,3,2,4,0,5,2,4,1,4,2,4,0,4,2,4,1,
12,3,0,7,3,7,1,7,2,7,0,7,2,7,1,7,3,7,0,7,2,7,1,7,2,7,0,7,2,7,1,
10,3,0,5,2,4,0,4,2,4,0,4,2,4,1,3,2,4,0,5,2,4,1,4,2,4,0,4,2,4,1,
10,3,0,5,2,4,1,4,2,4,0,4,2,4,1,4,2,4,0,5,2,4,1,4,2,4,1,4,2,4,1,
11,3,1,5,3,4,1,4,3,4,0,5,3,4,1,4,3,4,1,5,2,4,1,4,2,4,1,4,2,5,1,
11,3,0,5,3,4,1,4,2,4,0,5,2,4,1,4,2,4,0,5,2,4,1,4,2,4,1,5,2,5,1,
11,3,0,5,3,4,1,4,2,4,0,5,3,4,1,4,3,4,0,5,2,4,1,4,2,4,1,5,2,5,1,
11,3,1,5,3,4,1,4,3,4,0,5,3,4,1,4,3,4,1,5,3,4,1,4,3,4,1,5,3,5,1,
11,3,1,5,3,4,1,4,3,4,0,5,3,4,1,4,3,4,1,5,3,4,1,4,3,4,1,5,3,5,2,
11,2,0,4,2,3,0,4,2,3,0,4,2,3,0,3,2,4,0,4,2,3,0,3,2,4,0,4,2,4,1,
11,3,0,4,2,3,0,4,2,3,0,4,2,3,0,3,2,4,0,4,2,3,0,3,2,4,0,4,2,4,1,
11,2,0,4,2,3,0,4,2,3,0,4,2,3,0,3,2,4,0,4,2,3,0,4,2,4,0,4,2,4,1,
11,3,0,4,2,4,0,4,2,3,0,4,2,3,0,3,2,4,0,4,2,3,0,4,2,4,0,4,2,4,1,
11,3,0,4,2,4,0,4,2,3,0,4,2,3,0,3,2,4,0,4,2,3,0,4,2,4,0,4,2,4,1,
10,3,0,4,2,4,1,4,2,4,0,4,2,4,0,3,2,4,0,5,2,3,1,4,2,4,0,4,2,4,1,
15,3,1,5,2,4,1,4,2,4,0,4,2,4,3,4,2,5,0,5,2,9,1,4,2,4,0,4,2,4,1,
12,3,0,5,2,4,1,5,2,4,0,5,2,4,1,4,2,5,1,5,2,4,1,5,2,5,1,5,2,5,1,
11,3,0,4,2,4,0,4,2,4,0,4,2,4,0,3,2,4,0,5,2,4,0,4,2,4,0,4,2,4,1,
10,3,0,5,2,4,1,4,2,4,0,4,2,4,0,3,2,5,0,5,2,4,0,4,2,4,0,4,2,5,1,
11,3,0,5,2,4,1,4,2,4,0,4,2,4,0,4,2,5,0,5,2,4,1,4,2,4,0,4,2,5,1,
11,3,0,5,3,4,1,4,2,4,0,4,2,4,1,4,2,4,0,5,2,4,1,4,2,4,0,4,2,5,1,
11,3,1,5,3,4,1,4,3,4,0,5,3,4,1,4,3,5,1,5,3,4,1,4,2,4,1,4,3,5,1,
11,3,1,5,3,5,1,4,3,4,0,5,3,4,1,4,3,5,1,5,3,4,1,5,2,5,1,5,3,5,2,
12,4,1,6,3,5,1,4,2,5,0,5,3,5,1,4,3,5,1,5,3,5,1,4,2,5,1,5,3,5,1,
11,4,1,5,3,5,1,5,3,4,0,5,3,4,1,4,3,5,1,6,3,4,1,5,2,5,1,5,3,5,2,
12,4,1,5,3,5,1,5,3,5,0,5,3,5,1,4,3,5,1,6,3,5,1,5,3,5,1,5,3,5,2,
11,4,1,5,3,5,1,5,3,4,0,5,3,4,1,4,3,5,1,6,3,5,1,5,2,4,1,5,3,5,2,
13,4,1,8,3,5,1,7,3,4,0,7,3,5,1,6,3,5,1,8,3,5,1,7,2,4,1,7,3,8,2,
11,3,0,5,3,4,1,4,2,4,0,5,3,4,1,4,2,4,0,5,2,4,1,4,2,4,1,4,2,5,1,
11,3,0,5,2,4,0,4,2,4,0,4,2,4,0,4,2,4,0,5,2,4,0,4,2,4,0,4,2,5,1,
11,3,0,5,2,4,1,4,2,4,0,4,2,4,0,3,2,4,0,5,2,4,0,4,2,4,0,4,2,5,1,
11,3,0,5,2,4,1,4,2,4,0,4,2,4,0,4,2,4,0,5,2,4,0,4,2,4,0,4,2,5,1,
11,3,0,5,2,4,1,4,2,4,0,5,2,4,0,4,2,4,0,5,2,4,1,4,2,4,0,4,2,5,1,
11,3,1,5,3,4,1,4,2,4,0,5,3,4,1,4,2,4,1,5,2,4,1,4,2,4,1,4,2,5,1,
11,3,1,5,3,4,1,4,3,4,0,5,3,4,1,4,3,5,1,5,3,4,1,4,2,5,1,5,3,5,2,
11,3,1,5,3,4,1,4,3,4,0,5,3,4,1,4,3,5,1,5,3,4,1,4,2,5,1,5,3,5,2,
11,3,1,5,3,4,1,5,3,4,0,5,3,4,1,4,3,5,1,5,3,4,1,5,2,5,1,5,3,5,2,
11,3,1,5,3,4,1,5,3,4,0,5,3,4,1,4,3,5,1,5,3,4,1,5,2,5,1,5,3,5,2,
11,3,1,5,3,4,1,5,3,4,0,5,3,4,1,4,3,5,1,5,3,4,1,5,2,5,1,5,3,5,2,
10,3,0,4,2,4,0,4,2,4,0,4,2,4,0,3,2,4,0,5,2,4,0,4,1,4,0,4,2,4,1,
10,3,0,4,2,4,0,4,2,4,0,4,2,4,0,3,2,4,0,5,2,4,0,4,1,4,0,4,2,4,1,
13,3,0,4,2,4,1,4,2,4,0,4,2,4,0,3,2,4,0,5,2,4,0,4,2,4,0,4,2,4,1,
14,3,0,8,2,4,1,7,2,4,0,7,2,4,0,6,2,4,0,8,2,4,0,7,2,4,0,7,2,8,1,
11,3,0,5,2,4,1,4,2,4,0,5,3,4,0,4,2,5,0,5,2,4,0,4,2,4,0,4,2,5,1,
11,3,0,5,2,4,1,4,2,4,0,4,3,4,0,4,2,4,0,5,2,4,0,4,2,4,0,4,2,5,1,
12,6,0,6,3,6,1,7,3,6,0,6,3,7,0,7,2,7,0,6,2,7,1,6,2,6,0,6,3,6,1,
11,3,0,5,3,4,1,4,2,4,0,5,3,4,1,4,2,5,0,5,2,4,1,4,2,4,1,4,2,5,1,
11,3,1,5,3,4,1,4,2,4,0,5,3,4,1,4,2,5,0,5,2,4,1,4,2,4,1,4,3,5,1,
11,3,1,5,3,4,1,4,3,4,0,5,3,4,1,4,3,5,1,5,3,4,1,4,2,4,1,4,3,5,1,
11,4,1,5,3,5,1,5,3,5,0,5,3,4,1,4,3,5,1,6,3,4,1,5,2,5,1,5,3,5,2,
11,3,1,5,3,4,1,4,3,4,0,5,3,4,1,4,3,5,1,5,3,4,1,4,2,4,1,4,3,5,2,
11,3,1,5,3,4,1,4,3,4,0,5,3,4,1,4,3,5,1,5,3,4,1,4,2,4,1,4,3,5,1,
11,2,0,4,2,4,0,4,2,3,0,4,2,3,0,3,2,4,0,4,2,3,0,4,1,4,0,4,2,4,1,
11,4,1,5,3,5,1,5,3,5,0,5,3,4,1,4,3,5,1,5,3,4,1,5,2,5,1,5,3,5,2,
11,4,1,5,3,5,1,5,3,5,0,5,3,4,1,4,3,5,1,6,3,4,1,5,2,5,1,5,3,5,2,
10,4,1,5,3,4,1,5,3,4,0,5,3,4,1,4,3,5,1,6,3,4,1,5,2,5,1,5,3,5,2,
10,4,1,5,3,5,1,5,3,5,0,5,3,4,1,4,3,5,1,6,3,4,1,5,2,5,1,5,3,5,2,
11,3,0,4,2,4,0,4,2,4,0,4,2,4,0,3,2,4,0,5,2,4,1,4,2,4,0,4,2,4,1,
12,2,0,4,2,3,0,3,2,3,0,4,2,3,0,3,2,4,0,4,2,3,0,4,1,4,0,4,2,4,1,
11,3,0,4,2,4,0,4,2,4,0,4,2,4,0,3,2,4,0,5,2,4,0,4,2,4,0,4,2,4,1,
11,3,0,5,2,4,0,4,2,4,0,4,2,4,1,3,2,4,0,5,2,4,1,4,2,4,0,4,2,5,1,
11,3,0,5,3,4,1,4,2,4,0,4,3,4,1,4,2,5,1,5,2,4,1,4,2,4,0,4,3,5,1,
11,3,0,5,3,4,0,4,2,4,0,5,3,4,1,4,2,4,0,5,2,4,1,4,2,4,1,4,2,5,1,
11,3,0,5,3,4,0,4,3,4,0,5,3,4,1,4,2,4,0,5,2,4,1,4,2,4,0,4,3,5,1,
11,3,1,5,3,4,1,4,3,4,0,5,3,4,1,4,3,5,1,5,3,4,1,4,2,4,1,4,3,5,1,
11,3,1,5,3,4,1,4,3,4,0,5,3,4,1,4,3,5,1,5,3,4,1,4,2,4,1,4,3,5,1,
11,3,1,5,3,4,1,4,3,4,0,5,3,4,1,4,3,5,1,5,3,4,1,4,2,4,1,5,3,5,1,
12,5,1,5,3,6,1,4,3,6,0,4,3,6,1,3,3,6,1,5,3,6,1,4,2,6,1,4,3,5,2,
11,3,1,5,3,4,1,4,3,4,0,5,3,4,1,4,3,5,1,5,3,4,1,4,2,4,1,5,3,5,2,
11,4,1,5,3,5,1,5,3,4,0,5,3,4,1,4,3,5,1,5,3,4,1,5,2,5,1,5,3,5,2,
11,4,1,5,3,4,1,5,3,4,0,5,3,4,1,4,3,5,1,5,3,4,1,5,2,5,1,5,3,5,2,
11,4,1,5,3,4,1,5,3,4,0,5,3,4,1,4,3,5,1,5,3,4,1,5,2,5,1,5,3,5,2,
14,3,0,4,2,4,0,4,2,4,0,4,2,4,0,3,2,4,0,5,2,3,0,4,2,4,0,4,2,4,1,
10,3,0,4,2,4,0,4,2,4,0,4,2,4,0,3,2,4,0,5,2,4,0,4,2,4,0,4,2,4,1,
10,3,0,4,2,4,0,4,2,4,0,4,2,4,0,3,2,4,0,5,2,4,0,4,2,4,0,4,2,4,1,
10,3,0,4,2,4,0,4,2,4,0,4,2,4,0,3,2,4,0,5,2,4,0,4,2,4,0,4,2,4,1,
11,3,0,5,2,4,0,4,2,4,0,4,2,4,0,4,2,4,0,5,2,4,1,4,2,4,0,4,2,5,1,
11,3,0,5,2,4,0,4,2,4,0,4,2,4,0,3,2,4,0,5,2,4,1,4,2,4,0,4,2,5,1,
11,3,0,5,3,4,1,4,2,4,0,4,3,4,1,4,2,4,0,5,2,4,1,4,2,4,0,4,2,5,1,
11,3,0,5,3,4,1,4,3,4,0,5,3,4,1,4,3,5,0,5,3,4,1,4,2,4,1,4,3,5,1,
11,3,1,5,3,4,1,4,3,5,0,5,3,5,1,4,3,5,1,5,3,4,1,4,2,5,1,4,3,5,1,
11,3,1,5,3,4,1,4,2,4,0,5,3,4,1,4,2,5,1,5,2,4,1,4,2,4,1,4,3,5,1,
11,3,1,5,3,4,1,4,3,4,0,5,3,4,1,4,3,5,0,5,3,4,1,4,2,4,1,4,3,5,1,
11,3,1,5,3,4,1,4,3,4,0,5,3,4,1,4,3,5,1,5,3,4,1,4,2,4,1,4,3,5,1,
11,3,1,5,3,4,1,4,3,4,0,5,3,4,1,4,3,5,1,5,3,4,1,4,2,4,1,4,3,5,1,
14,3,1,5,3,4,1,4,3,4,0,5,3,4,1,4,3,5,1,5,3,4,1,4,2,4,1,5,3,5,2,
14,3,1,8,3,4,1,7,3,4,0,8,3,4,1,7,3,5,1,8,3,4,1,7,2,4,1,8,3,8,2,
11,4,1,5,3,4,1,5,3,4,0,5,3,4,1,4,3,5,1,5,3,4,1,5,2,5,1,5,3,5,2,
11,4,1,5,3,4,1,5,3,4,0,5,3,5,1,4,3,5,1,5,3,4,1,5,2,5,1,5,3,5,2,
12,4,1,7,3,7,1,7,3,7,0,7,3,7,1,7,3,7,1,7,3,7,1,7,2,7,1,7,3,7,2,
10,4,1,5,4,5,1,5,3,5,0,5,3,5,1,4,3,5,1,6,3,5,1,5,3,5,1,5,3,5,2,
11,3,0,5,3,4,0,4,2,4,0,4,2,4,0,4,2,4,0,5,2,4,0,4,2,4,0,4,2,5,1,
11,3,0,5,2,4,0,4,2,4,0,4,2,4,0,4,2,4,0,5,2,4,0,4,2,4,0,4,2,5,1,
11,3,0,5,2,4,0,4,2,4,0,4,2,4,0,4,2,4,0,5,2,4,1,4,2,4,0,4,2,5,1,
11,3,0,5,3,4,0,4,2,4,0,4,3,4,1,4,2,4,0,5,2,4,1,4,2,4,0,4,2,5,1,
11,3,1,5,3,4,1,4,3,4,0,5,3,4,1,4,3,5,1,5,3,4,1,4,2,4,1,5,3,5,1,
11,3,0,5,3,4,0,4,3,4,0,5,3,4,1,4,3,5,0,5,3,4,1,4,2,4,1,5,3,5,1,
11,3,0,5,3,4,0,4,3,4,0,5,3,4,1,4,3,5,0,6,3,4,1,4,2,4,0,5,3,5,1,
11,3,0,5,3,4,1,4,3,4,0,5,3,4,1,4,2,5,0,5,3,4,1,4,2,4,2,4,3,5,1,
11,3,1,5,3,4,1,4,2,4,0,5,3,4,1,4,2,5,1,5,3,4,1,4,2,4,1,4,3,5,1,
11,3,1,5,3,4,1,4,3,4,0,5,3,4,1,4,3,5,1,5,3,4,1,4,2,4,1,5,3,5,1,
11,3,1,5,3,4,1,4,3,4,0,5,3,4,1,4,3,5,1,5,3,4,1,4,2,4,1,5,3,5,1,
14,3,0,5,3,4,1,4,3,4,0,5,3,4,0,4,3,5,0,5,3,4,1,4,2,4,0,4,3,5,1,
11,4,1,5,3,4,1,5,3,4,0,5,3,5,1,4,3,5,1,5,3,4,1,4,2,4,1,5,3,5,2,
11,4,1,5,3,5,1,5,3,4,0,5,3,5,1,4,3,5,1,6,3,4,1,4,2,5,1,5,3,5,2,
10,4,1,5,3,5,1,5,3,5,0,5,3,5,1,4,3,5,1,6,3,5,1,5,2,5,1,5,3,5,2,
10,4,1,5,3,5,1,5,3,4,0,5,3,5,1,4,3,5,1,6,3,4,1,5,2,5,1,5,3,5,2,
10,4,1,5,3,5,1,5,3,5,0,5,3,5,1,4,3,5,1,6,3,5,1,5,3,5,1,5,3,5,2,
11,3,0,5,2,4,0,4,2,4,0,4,2,4,0,3,2,4,0,5,2,4,0,4,2,4,0,4,2,4,1,
11,3,0,5,2,4,0,4,2,4,0,4,2,4,0,3,2,4,0,5,2,4,1,4,2,4,0,4,2,4,1,
11,3,0,5,2,4,0,4,2,4,0,4,2,4,0,3,2,4,0,5,2,4,1,4,2,4,0,4,2,5,1,
13,3,0,5,2,4,0,4,2,4,0,4,2,4,1,4,2,7,0,5,2,4,1,4,2,4,0,4,2,5,1,
11,3,0,5,2,4,0,4,2,4,0,4,2,4,1,4,2,4,0,5,2,4,1,4,2,4,1,4,2,5,1,
11,3,0,5,2,4,0,4,2,4,0,4,2,4,1,4,2,4,0,5,2,4,1,4,2,4,1,4,2,5,1,
11,3,0,5,3,4,1,4,2,4,0,5,3,4,1,4,2,4,0,5,2,4,1,4,2,4,0,4,2,5,1,
11,3,0,5,3,5,1,4,2,5,0,5,3,4,1,4,2,5,0,5,2,5,1,4,2,5,1,5,2,5,1,
11,3,0,5,3,4,1,4,2,4,0,5,3,4,1,4,2,4,0,5,2,4,1,4,2,4,1,5,2,5,1,
11,3,1,5,3,4,1,4,3,4,0,5,3,4,1,4,3,5,1,5,3,4,1,4,2,4,1,5,3,5,2,
11,4,1,5,3,5,1,5,3,4,0,5,3,4,1,4,3,5,1,5,3,5,1,4,2,5,1,5,3,5,2,
12,3,1,5,3,4,1,5,3,4,0,5,3,4,1,4,3,5,1,6,3,5,1,4,2,5,1,5,3,5,2,
11,3,0,4,2,4,0,4,2,4,0,4,2,4,0,3,2,4,0,5,2,4,0,4,2,4,0,4,2,4,1,
11,3,0,4,2,4,0,4,2,4,0,4,2,4,0,3,2,4,0,5,2,4,0,4,2,4,0,4,2,4,1,
10,3,0,4,2,4,0,4,2,3,0,4,2,4,0,3,2,4,0,4,2,3,0,4,1,4,0,4,2,4,1,
12,3,0,4,2,4,0,4,2,4,0,4,2,4,0,3,2,4,0,5,2,4,0,4,2,4,0,4,2,4,1,
10,3,0,4,2,4,0,4,2,4,0,4,2,4,0,3,2,4,0,5,2,4,0,4,2,4,0,4,2,4,1,
11,3,0,5,2,4,0,4,2,4,0,4,2,4,0,3,2,4,0,5,2,4,0,4,2,4,0,4,2,5,1,
11,3,0,5,2,4,0,4,2,4,0,4,3,4,0,3,2,4,0,5,2,4,1,4,2,4,0,4,2,5,1,
11,3,0,5,2,4,0,4,2,4,0,4,3,4,1,4,2,4,0,5,2,4,1,4,2,4,0,4,2,5,1,
11,3,0,5,2,4,0,4,2,4,0,4,3,4,0,3,2,4,0,5,2,4,1,4,2,4,0,4,2,5,1,
11,3,0,5,3,4,0,4,2,4,0,5,3,4,1,4,3,4,0,5,2,4,1,4,3,4,1,4,2,5,1,
11,3,0,5,3,4,1,4,2,4,0,4,3,4,1,4,3,4,0,5,2,4,1,4,2,4,1,4,2,5,1,
11,3,0,5,3,4,0,4,2,4,0,5,3,4,1,4,3,4,0,5,2,4,1,4,3,4,1,5,3,5,1,
11,3,1,5,3,4,1,4,2,4,0,5,3,4,1,4,2,4,0,5,2,4,1,4,3,4,1,5,3,5,1,
11,3,1,5,3,4,1,4,3,4,0,5,3,4,1,4,3,4,1,5,3,4,1,4,3,4,1,4,3,5,1,
11,3,1,5,3,4,1,4,3,4,0,5,3,4,1,4,3,4,1,5,3,4,1,4,3,4,1,4,3,5,1,
11,4,1,5,3,5,1,5,3,5,0,5,3,4,1,4,3,5,1,5,3,4,1,4,3,5,1,5,3,5,2,
11,4,1,5,3,5,1,5,3,4,0,5,3,4,1,4,3,5,1,5,3,4,1,5,3,5,1,5,3,5,2,
11,3,0,4,2,4,0,4,2,4,0,4,2,4,0,3,2,4,0,5,2,3,0,4,2,4,0,4,2,4,1,
10,3,0,4,2,4,0,4,2,4,0,4,2,4,0,3,2,4,0,5,2,4,0,4,2,4,0,4,2,4,1,
11,3,0,4,2,4,0,4,2,4,0,4,3,4,0,3,2,4,0,5,2,3,0,4,2,4,0,4,2,4,1,
11,3,0,4,2,4,0,4,2,4,0,4,3,4,0,3,2,4,0,5,2,4,0,4,2,4,0,4,2,5,1,
11,3,0,4,2,4,0,4,2,4,0,4,2,4,0,3,2,4,0,5,2,3,0,4,2,4,0,4,2,4,1,
14,3,0,4,2,4,0,4,2,4,0,4,2,4,0,3,2,4,0,5,2,4,0,4,2,4,0,4,2,4,1,
