138,2,4,6,2,3,3,6,0,2,4,6,2,3,3,6,1,3,6,4,2,
27,1,3,2,1,1,3,3,0,0,4,2,1,1,3,3,0,1,3,4,1,
14,0,4,3,1,1,3,3,1,0,4,3,2,1,3,3,1,1,3,4,2,
14,1,4,3,2,1,3,3,1,0,4,3,2,1,3,3,1,1,3,4,2,
13,0,3,3,1,1,3,3,0,0,4,3,2,1,3,3,1,1,3,4,2,
16,1,4,3,2,1,3,3,1,0,4,3,2,1,3,3,1,2,3,4,2,
13,0,4,3,1,1,3,3,1,0,4,3,2,1,3,3,1,1,3,4,2,
12,0,3,3,1,1,3,3,0,0,4,3,2,1,3,3,1,1,3,4,2,
12,0,4,3,1,1,3,3,1,0,4,3,2,1,3,3,1,1,3,4,2,
16,0,7,7,1,1,7,7,1,0,7,7,2,1,7,7,1,1,7,7,2,
12,0,4,3,2,1,3,3,1,0,4,3,2,1,3,3,1,1,3,4,2,
12,0,4,3,1,1,3,3,1,0,4,3,2,1,3,3,1,1,3,4,2,
12,0,4,3,1,1,3,3,1,0,4,3,2,1,3,3,1,1,3,4,2,
13,0,4,3,2,1,3,4,1,1,4,3,2,1,4,3,1,2,4,4,2,
12,0,4,3,2,0,3,4,1,0,4,3,2,0,3,3,1,1,4,4,2,
13,0,4,3,1,1,3,3,1,0,4,3,2,1,3,3,1,1,3,4,1,
13,0,3,2,1,0,3,3,0,0,3,2,1,0,3,3,0,1,3,4,1,
13,0,4,3,2,1,3,4,1,1,4,3,2,1,3,3,1,1,4,4,2,
13,0,3,2,1,0,3,3,0,0,4,2,1,0,3,3,0,1,3,3,1,
13,0,3,2,2,0,3,3,0,0,4,3,2,0,3,3,0,1,3,4,1,
13,0,3,2,1,0,3,3,0,0,3,2,1,0,3,3,0,1,3,4,1,
12,0,3,2,1,1,3,3,0,0,4,3,1,1,3,3,1,1,3,4,1,
12,0,3,2,2,1,3,3,0,0,4,3,2,1,3,3,1,1,3,4,1,
13,0,4,3,2,1,3,3,1,0,4,3,2,1,3,3,1,1,3,4,1,
12,0,3,2,1,1,3,3,0,0,4,3,1,1,3,3,1,1,3,4,1,
12,0,4,3,2,1,3,3,1,0,4,3,2,1,3,3,1,1,3,4,2,
12,0,4,3,2,1,3,3,1,0,4,3,2,1,3,3,1,1,3,4,2,
15,0,3,2,1,1,3,3,0,0,3,2,1,1,3,3,0,1,3,4,1,
12,0,4,3,2,1,3,3,1,0,4,3,2,1,3,3,1,1,3,4,2,
12,0,4,3,2,1,3,3,1,0,4,3,2,1,3,3,1,1,3,4,2,
12,0,4,3,2,1,3,3,1,0,4,3,2,1,3,3,1,1,4,4,2,
16,0,4,7,2,1,3,8,1,0,4,7,2,1,3,7,1,1,8,4,2,
13,0,4,3,2,1,3,4,1,1,4,3,2,1,3,3,1,1,4,4,2,
13,0,4,3,2,1,3,4,1,1,4,3,2,1,3,3,1,1,4,4,2,
13,0,3,2,1,1,3,3,0,0,3,2,2,1,3,3,0,1,3,4,1,
13,0,3,2,1,0,3,3,1,0,3,2,1,0,3,3,0,1,3,4,1,
13,0,3,2,1,0,3,3,1,0,4,3,2,0,3,3,0,1,3,4,1,
12,0,4,2,1,1,3,3,1,0,4,3,2,1,3,3,1,1,3,4,1,
14,0,4,3,2,0,4,4,2,0,4,3,2,0,4,4,1,0,4,5,2,
12,0,4,3,1,1,3,3,1,0,4,3,2,1,3,3,1,1,3,4,2,
13,0,4,3,2,1,3,4,1,1,4,3,2,1,3,3,1,2,4,4,2,
12,0,4,3,2,1,3,3,1,0,4,3,2,1,3,3,1,1,4,4,2,
14,0,4,3,2,1,3,4,1,1,4,3,2,1,3,3,1,2,4,4,2,
12,0,3,2,1,1,3,3,1,0,4,2,1,1,3,3,0,1,3,4,1,
12,0,3,2,1,0,3,3,1,0,3,2,1,0,3,3,0,1,3,4,1,
13,0,5,3,1,1,4,3,1,0,5,3,2,1,4,3,1,1,3,5,2,
12,0,4,3,1,1,3,3,1,0,4,3,2,1,3,3,1,1,3,4,2,
12,0,4,3,2,1,3,3,1,0,4,3,2,1,3,3,1,1,3,4,2,
12,0,4,3,2,1,3,3,1,0,4,3,2,1,3,3,1,1,3,4,2,
14,0,3,5,2,1,3,5,1,0,4,5,2,1,3,5,1,1,5,4,2,
12,0,4,3,2,1,3,3,1,0,4,3,2,1,3,3,1,1,4,4,2,
12,0,4,3,2,1,3,3,1,0,4,3,2,1,3,3,1,1,4,4,2,
13,0,3,2,1,0,2,3,0,0,3,2,1,0,3,2,0,1,3,3,1,
13,0,3,2,1,0,2,3,0,0,3,2,1,0,2,2,0,1,3,3,1,
13,0,3,2,1,0,3,3,0,0,3,2,1,0,3,3,0,1,3,4,1,
12,0,3,2,1,1,3,3,0,0,4,2,2,1,3,3,0,1,3,4,1,
12,0,3,2,1,1,3,3,0,0,4,3,2,1,3,3,1,1,3,4,1,
12,0,4,3,1,1,3,3,1,0,4,3,2,1,3,3,1,1,3,4,2,
15,0,7,5,5,3,6,5,4,0,7,5,5,3,6,5,4,3,6,7,5,
12,0,4,3,1,1,3,3,1,0,4,3,2,1,3,3,1,1,3,4,2,
12,0,4,3,2,1,3,3,1,0,4,3,2,1,3,3,1,1,3,4,2,
14,0,6,3,2,1,5,3,1,0,6,3,2,1,5,3,1,1,3,6,2,
12,0,4,3,2,1,3,4,1,0,4,3,2,1,3,3,1,1,4,4,2,
12,0,4,3,2,1,3,3,1,0,4,3,2,1,3,3,1,1,4,4,2,
12,0,4,3,2,1,3,4,1,1,4,3,2,1,3,3,1,1,4,4,2,
13,0,4,2,1,0,2,3,0,0,4,2,1,0,3,2,0,1,3,4,1,
13,0,3,2,1,0,3,3,0,0,3,2,1,0,3,2,0,1,3,4,1,
12,0,4,2,1,1,3,3,0,0,4,2,2,0,3,3,1,1,3,4,1,
12,0,4,3,1,1,3,3,0,0,4,3,2,1,3,3,3,1,3,4,2,
12,0,4,2,1,1,3,3,1,0,4,3,2,1,3,3,1,1,3,4,2,
12,0,4,3,1,1,3,3,1,0,4,3,2,1,3,3,1,1,3,4,2,
14,0,4,3,2,1,3,3,1,0,4,3,2,1,3,3,1,1,3,4,2,
12,0,4,3,1,1,3,3,1,0,4,3,2,1,3,3,1,1,3,4,2,
12,0,4,3,2,1,3,4,1,0,4,3,2,1,3,3,1,1,4,4,2,
12,0,4,3,2,1,3,3,1,0,4,3,2,1,3,3,1,1,3,4,2,
13,0,4,3,2,1,3,3,1,0,4,3,2,1,3,3,1,1,3,4,2,
13,0,3,2,1,0,3,3,0,0,3,2,1,0,3,2,0,0,3,4,1,
13,0,4,3,2,1,4,4,1,1,4,3,2,1,4,4,1,1,4,5,2,
13,0,3,2,1,0,3,3,0,0,3,2,1,0,3,3,0,0,3,4,1,
12,0,3,2,1,1,3,3,0,0,4,2,1,1,3,3,0,1,3,4,1,
13,1,3,2,1,2,2,5,0,1,3,2,1,2,2,2,0,2,5,3,1,
12,0,4,2,1,1,3,3,0,0,4,2,2,1,3,3,1,1,3,4,1,
12,0,4,3,1,1,3,3,1,0,4,3,2,1,3,3,1,1,3,4,2,
12,0,4,3,1,1,3,3,1,0,4,3,2,1,3,3,1,1,3,4,2,
12,0,4,3,1,1,3,3,1,0,4,3,2,1,3,3,1,1,3,4,2,
13,0,4,3,2,1,3,3,1,0,4,3,2,1,3,3,1,1,3,4,2,
12,0,4,3,2,1,3,3,1,0,4,3,2,1,3,3,1,1,4,4,2,
12,0,4,3,2,1,3,3,1,0,4,3,2,1,3,3,1,1,4,4,2,
13,0,4,3,2,1,4,4,1,0,4,3,2,1,4,3,1,2,4,4,2,
17,0,6,5,4,3,6,5,4,3,6,5,5,3,6,5,4,3,5,7,5,
13,0,3,2,1,0,3,3,0,0,3,2,1,0,3,2,0,1,3,4,1,
12,0,3,2,1,1,3,3,0,0,4,3,2,1,3,3,1,1,3,4,1,
12,0,3,2,1,1,3,3,0,0,4,3,2,1,3,3,0,1,3,4,1,
12,0,4,2,1,1,3,3,0,0,4,3,2,1,3,3,1,1,3,4,1,
12,0,4,3,2,1,3,4,1,0,4,3,2,1,3,3,1,1,4,4,2,
12,0,4,3,2,1,3,3,1,0,4,3,2,1,3,3,1,1,3,4,2,
12,0,4,3,2,1,3,3,1,0,4,3,2,1,3,3,1,1,3,4,2,
12,0,4,3,2,1,3,3,1,0,4,3,2,1,3,3,1,1,3,4,2,
12,0,4,3,2,1,3,3,1,0,4,3,2,1,3,3,1,1,3,4,2,
12,0,4,3,2,1,3,3,1,0,4,3,2,1,3,3,1,1,3,4,2,
13,0,3,2,1,0,2,2,0,0,3,2,1,0,2,2,0,1,3,3,1,
13,0,3,2,1,1,2,2,0,0,3,2,1,0,3,2,0,1,3,3,1,
13,0,3,2,1,0,3,3,0,0,3,2,1,0,3,2,0,1,3,3,1,
12,0,3,2,1,0,3,3,0,0,4,2,1,0,3,3,0,1,3,4,1,
14,0,3,2,1,0,3,3,0,0,4,2,1,0,3,3,0,1,3,4,1,
12,0,4,3,1,1,3,3,0,0,4,3,2,1,3,3,1,2,3,4,2,
12,0,4,3,1,1,3,3,1,0,4,3,2,1,3,3,1,1,3,4,2,
12,0,4,3,1,1,3,3,1,0,4,3,2,1,3,3,1,1,3,4,2,
12,0,4,3,1,1,3,3,1,0,4,3,2,1,3,3,1,1,3,4,2,
12,0,4,3,2,1,3,3,1,0,4,3,2,1,3,3,1,1,3,4,2,
13,0,4,2,1,0,3,3,0,0,4,3,2,0,3,3,0,1,3,4,2,
14,3,4,2,1,4,3,3,0,3,4,2,2,4,3,3,0,4,3,4,2,
12,0,4,3,2,1,3,3,1,0,4,3,2,1,3,3,1,1,4,4,2,
12,0,4,3,2,1,3,3,1,0,4,3,2,1,4,3,1,1,4,4,2,
13,0,3,2,1,0,3,3,0,0,3,2,1,0,3,2,0,1,3,4,1,
13,0,4,3,2,1,4,4,2,0,4,3,3,2,4,4,2,2,4,5,2,
13,0,4,3,2,1,4,4,1,0,5,3,3,1,4,3,1,1,4,5,2,
12,0,4,2,1,1,3,3,1,0,4,3,2,1,3,3,1,1,3,4,2,
14,0,4,3,1,1,3,3,1,0,4,3,2,1,3,3,1,1,3,4,2,
12,0,4,2,1,0,3,3,0,0,4,3,2,1,3,3,1,1,3,4,1,
15,0,6,3,1,0,3,6,0,0,6,3,2,1,6,6,1,1,6,6,1,
14,0,3,2,1,0,2,2,0,0,3,2,1,0,2,2,0,0,2,4,1,
12,0,3,2,1,0,2,2,0,0,3,2,1,0,2,2,0,0,2,3,1,
12,0,4,3,2,1,3,3,1,0,4,3,2,1,3,3,1,1,3,4,2,
15,0,3,2,1,0,2,2,0,0,3,2,1,0,2,2,0,1,2,3,1,
13,0,4,3,2,1,4,4,1,1,4,3,2,1,4,3,1,1,4,5,2,
13,0,3,2,1,0,3,3,0,0,4,2,1,0,3,3,0,1,3,4,1,
13,0,4,3,2,1,3,3,1,0,4,3,2,1,3,3,1,1,3,4,2,
12,0,3,2,1,0,3,3,0,0,4,2,1,0,3,3,1,1,3,4,1,
12,3,4,2,1,3,3,3,0,3,4,2,1,3,3,3,0,4,3,4,1,
12,0,4,3,2,1,3,3,1,0,4,3,2,1,3,3,1,1,3,4,2,
12,0,4,3,2,1,3,3,1,0,4,3,2,1,3,3,1,1,3,4,1,
12,0,4,3,2,1,3,3,1,0,4,3,2,1,3,4,1,1,4,4,2,
15,0,4,3,1,1,3,3,1,0,4,3,2,1,3,4,1,1,3,4,1,
16,0,4,3,3,0,3,3,1,0,4,3,2,1,3,3,1,1,4,5,2,
13,0,4,3,2,1,3,3,1,0,4,3,2,1,4,3,1,1,4,4,2,
13,0,4,3,2,1,3,4,1,1,4,3,2,1,4,3,1,1,4,5,2,
13,0,4,3,2,1,3,4,1,1,4,3,2,1,4,3,1,1,4,5,2,
15,0,6,2,1,0,3,3,0,0,6,2,1,0,3,3,0,1,6,6,1,
12,0,4,2,1,0,3,3,0,0,4,2,2,1,3,3,1,1,3,4,1,
12,0,4,2,1,0,3,3,0,0,4,2,2,1,3,3,1,1,3,4,1,
12,0,3,2,1,0,3,3,0,0,4,2,2,0,3,3,1,1,3,4,1,
14,0,4,3,2,1,3,4,1,1,4,3,2,1,4,3,1,1,4,4,2,
12,0,4,3,1,1,3,3,1,0,4,3,2,1,3,3,1,1,3,4,1,
12,0,4,3,1,1,3,3,1,0,4,3,2,1,3,3,1,1,3,4,2,
12,0,4,3,2,1,3,3,1,0,4,3,2,1,3,3,1,1,3,4,2,
12,0,4,3,2,1,3,3,1,0,4,3,2,1,3,3,1,1,3,4,2,
12,0,4,3,2,1,3,3,1,0,4,3,2,1,3,3,1,1,3,4,2,
14,0,4,3,2,1,3,3,1,0,4,3,2,1,3,3,1,1,4,4,2,
13,0,4,3,2,1,3,4,1,1,4,3,2,1,4,3,1,1,4,5,2,
12,0,4,3,2,1,3,4,1,1,4,3,2,1,4,3,1,1,4,4,2,
12,0,3,2,1,0,3,3,0,0,3,2,2,0,3,3,1,1,3,4,1,
12,0,3,2,1,0,3,3,0,0,3,2,1,0,3,3,1,1,3,4,1,
14,0,3,2,1,0,3,3,0,0,3,2,2,0,3,3,1,1,3,4,1,
12,0,4,3,1,1,3,3,1,0,4,3,2,1,3,3,1,1,3,4,1,
12,0,4,3,1,1,3,3,1,0,4,3,2,1,3,3,1,1,3,4,1,
13,0,5,3,1,1,4,3,1,0,5,3,2,1,4,3,1,1,3,5,2,
12,0,4,3,2,1,3,3,1,0,4,3,2,1,3,3,1,1,3,4,2,
12,0,4,3,2,1,3,3,1,0,4,3,2,1,3,3,1,1,3,4,2,
12,0,4,3,2,1,3,3,1,0,4,3,2,1,3,3,1,1,3,4,2,
12,2,3,2,1,3,2,2,0,2,3,2,1,3,3,2,0,3,3,3,1,
12,0,4,3,2,1,3,3,1,1,4,3,2,1,4,3,1,1,4,4,2,
12,0,4,3,2,1,3,4,1,1,4,3,2,1,4,3,1,2,4,4,2,
13,0,3,2,1,0,3,3,0,0,3,2,1,1,3,3,1,1,3,4,1,
12,0,3,2,1,0,3,3,0,0,3,2,1,1,3,3,1,1,3,4,1,
14,0,3,2,1,0,3,3,0,0,3,2,1,0,3,3,0,1,3,3,1,
12,0,4,3,1,1,3,3,1,0,4,3,2,1,3,3,1,1,3,4,1,
12,0,4,3,1,1,3,3,1,0,4,3,2,1,3,3,1,1,3,4,1,
12,0,4,3,1,1,3,3,1,0,4,3,2,1,3,3,1,1,3,4,2,
17,0,4,2,1,0,3,3,0,0,7,3,1,1,3,3,1,1,3,7,1,
12,0,4,3,2,1,3,3,1,0,4,3,2,1,3,3,1,1,4,4,2,
13,0,4,3,2,1,3,3,1,0,4,3,2,1,3,3,1,1,4,4,2,
13,0,3,2,1,0,3,3,0,0,4,2,1,0,3,3,1,1,3,4,1,
15,0,4,3,2,1,3,3,1,0,4,3,2,1,3,3,1,1,3,4,2,
12,0,4,3,2,1,3,4,1,1,4,3,2,1,4,3,1,1,4,4,2,
13,0,4,3,2,1,3,4,1,1,4,3,2,1,4,3,1,1,4,4,2,
12,0,4,3,2,1,3,4,1,1,4,3,2,1,3,3,1,1,4,4,2,
12,0,4,3,2,1,3,3,1,0,4,3,2,1,3,3,1,1,3,4,2,
12,0,4,3,2,1,3,3,1,0,4,3,2,1,3,3,1,1,3,4,2,
12,0,4,3,2,1,3,3,1,0,4,3,2,1,3,3,1,1,3,4,2,
12,0,4,3,2,1,3,3,1,0,4,3,2,1,3,3,1,1,3,4,2,
12,0,4,3,2,2,3,3,1,0,4,3,2,1,3,3,1,1,3,4,2,
12,0,4,3,2,1,3,3,1,0,4,3,2,1,3,3,1,1,3,4,2,
12,0,4,3,2,1,3,3,1,0,4,3,2,1,3,3,1,1,3,4,2,
14,0,4,3,2,1,3,4,1,1,4,3,2,1,3,3,1,1,4,4,2,
32,0,4,3,2,1,3,4,1,0,4,3,2,1,3,4,1,1,4,4,2,
12,0,4,3,2,1,3,3,1,1,4,3,2,1,4,4,1,1,4,4,2,
13,0,5,2,1,0,4,3,0,0,5,2,1,0,4,3,0,1,3,5,1,
11,0,3,2,1,0,3,3,0,0,3,2,1,0,3,3,0,1,3,4,1,
12,0,3,2,1,0,3,3,0,0,3,2,1,0,3,3,0,1,3,4,1,
12,0,4,3,1,1,3,3,1,0,4,3,2,1,3,3,1,1,3,4,1,
12,2,3,2,1,3,2,2,0,2,3,2,1,3,2,3,0,3,2,3,1,
12,0,4,3,2,1,3,3,1,0,4,3,2,1,3,4,1,1,3,4,2,
12,0,4,3,2,1,3,3,1,0,4,3,2,1,3,4,1,1,3,4,2,
12,0,4,3,2,1,3,3,1,0,4,3,2,1,3,4,1,1,3,4,2,
12,0,4,3,2,1,3,3,1,0,4,3,2,1,3,4,1,1,3,4,2,
12,0,4,3,2,1,3,3,1,1,4,3,2,1,3,4,1,2,4,4,2,
12,0,4,3,2,1,3,3,1,1,4,3,2,1,3,4,1,1,3,4,2,
12,0,4,3,2,1,3,3,1,0,4,3,2,1,3,4,1,1,4,4,2,
13,0,3,2,1,0,3,3,0,0,3,2,1,0,3,3,0,1,3,4,1,
14,0,3,2,1,0,3,3,0,0,6,2,1,0,3,3,0,1,3,6,1,
12,0,3,2,1,0,3,3,0,0,3,2,1,0,3,3,0,1,3,4,1,
12,0,3,2,1,1,3,3,0,0,4,3,2,1,3,3,1,1,3,4,1,
12,0,4,3,1,1,3,3,1,0,4,3,2,1,3,3,1,1,3,4,1,
15,0,4,3,1,1,3,3,1,0,4,3,2,1,3,3,1,1,3,4,2,
12,0,4,3,2,1,3,3,1,0,4,3,2,1,3,3,1,1,3,4,2,
15,0,4,3,2,1,3,3,1,0,4,3,2,1,3,4,1,1,4,4,2,
13,0,4,3,2,1,3,3,1,0,4,3,2,1,3,4,2,1,4,5,2,
12,0,4,3,2,1,3,3,1,0,4,3,2,1,3,4,1,1,3,4,2,
14,0,3,2,1,0,3,3,0,0,3,2,1,0,3,3,0,1,3,4,1,
13,0,4,3,2,1,3,4,1,1,4,3,2,1,3,4,1,1,4,4,2,
13,0,3,2,1,0,2,3,0,0,3,2,1,0,3,3,0,1,3,4,1,
13,0,4,3,2,1,3,4,1,1,4,3,2,1,4,4,1,1,4,5,2,
12,0,3,2,1,0,3,3,0,0,3,2,1,0,3,3,0,1,3,4,1,
13,0,3,2,1,0,3,3,0,0,3,2,1,1,3,3,1,1,3,4,1,
12,0,3,2,1,1,3,3,0,0,4,3,1,1,3,3,1,1,3,4,1,
12,0,4,3,1,1,3,3,1,0,4,3,2,1,3,3,1,1,3,4,1,
12,0,4,3,2,1,3,3,1,0,4,3,2,1,3,3,1,1,3,4,2,
15,0,6,3,1,1,6,3,1,0,6,3,2,1,6,3,1,1,3,7,2,
12,0,4,3,2,1,3,3,1,0,4,3,2,1,3,3,1,1,3,4,2,
12,0,4,3,2,1,3,3,1,0,4,3,2,1,3,4,1,1,3,4,2,
12,0,4,3,2,1,3,3,1,0,4,3,2,1,3,3,1,1,3,4,2,
12,2,3,2,1,3,2,2,0,2,3,2,1,3,2,2,0,3,3,3,1,
12,0,4,3,2,1,3,4,1,1,4,3,2,1,3,3,1,2,4,4,2,
13,0,3,2,1,0,2,3,0,0,3,2,1,0,3,2,0,1,3,4,1,
12,0,4,3,2,1,3,4,1,1,4,3,2,1,4,3,1,1,4,5,2,
12,0,3,3,1,0,3,3,0,0,4,3,2,1,3,3,1,1,3,4,1,
15,0,4,3,1,1,3,3,0,0,4,3,2,1,3,3,1,1,3,4,1,
12,0,4,3,1,1,3,3,0,0,4,3,2,1,3,3,1,1,3,4,1,
12,0,4,3,2,1,3,3,1,0,4,4,2,1,3,3,1,1,4,4,2,
12,0,4,3,2,1,3,3,1,0,4,3,2,1,3,3,1,1,4,4,2,
14,0,6,4,4,1,5,4,1,0,6,4,5,1,5,4,1,1,4,6,4,
12,0,4,3,2,1,3,3,1,0,4,3,2,1,3,3,1,1,3,4,2,
12,0,4,3,2,1,3,3,1,0,4,3,2,1,3,3,1,1,3,4,2,
12,0,4,3,2,1,3,3,1,0,4,3,2,1,3,3,1,1,3,4,2,
14,0,4,3,1,1,3,3,0,0,4,3,2,1,3,3,1,1,3,4,1,
13,0,4,3,2,1,3,4,1,0,4,3,2,1,4,3,1,1,4,5,2,
12,0,4,3,2,1,3,4,1,1,4,3,2,1,4,3,1,1,4,4,2,
12,0,3,2,1,0,3,3,0,0,3,2,1,1,3,3,1,1,3,4,1,
12,0,3,2,1,0,3,3,0,0,3,3,1,1,3,3,1,1,3,4,1,
12,0,3,3,1,0,3,3,0,0,4,3,1,1,3,3,1,1,3,4,1,
12,0,4,3,1,1,3,3,1,0,4,3,2,1,3,3,1,1,3,4,1,
12,0,4,3,1,1,3,3,1,0,4,3,2,1,3,3,1,1,3,4,1,
12,0,4,3,1,1,3,3,1,0,4,3,2,1,3,3,1,1,3,4,2,
12,0,4,3,2,1,3,3,1,0,4,3,2,1,3,3,1,1,3,4,2,
12,0,4,3,2,1,3,3,1,0,4,3,2,1,3,3,1,1,3,4,2,
12,0,4,3,2,1,3,3,1,0,4,3,2,1,3,3,1,1,3,4,2,
12,0,4,3,2,1,3,3,1,0,4,3,2,1,3,3,1,1,4,4,2,
12,0,4,3,2,1,3,3,1,0,4,3,2,1,3,3,1,1,4,4,2,
15,0,7,3,2,1,6,4,1,0,7,3,2,1,6,3,1,1,4,7,2,
13,0,3,2,1,0,3,3,0,0,3,2,1,0,3,3,0,1,3,4,1,
12,0,3,2,1,0,3,3,0,0,3,3,1,1,3,3,1,1,3,4,1,
12,0,3,2,1,0,3,3,0,0,3,3,1,0,3,3,1,1,3,4,1,
12,0,4,3,1,1,3,3,1,0,4,3,2,1,3,3,1,1,3,4,2,
12,0,4,3,1,1,3,3,1,0,4,3,2,1,3,3,1,1,3,4,1,
13,0,4,3,1,1,3,3,1,0,4,3,2,1,3,3,1,1,3,4,2,
12,0,4,3,2,1,3,3,1,0,4,3,2,1,3,3,1,1,3,4,2,
12,0,4,3,2,1,3,3,1,0,4,3,2,1,3,3,1,1,3,4,2,
15,0,3,2,1,1,3,3,0,0,4,3,1,1,3,3,1,1,3,4,1,
12,0,4,3,2,1,3,3,1,0,4,3,2,1,3,3,1,1,4,4,2,
12,0,4,3,2,1,3,3,1,0,4,3,2,1,3,3,1,1,4,4,2,
12,0,4,3,2,1,3,4,1,1,4,3,2,1,3,3,1,2,4,4,2,
15,0,4,3,1,1,3,3,0,0,4,3,2,1,3,3,1,1,3,4,1,
12,0,4,2,1,0,3,3,0,0,4,3,1,0,3,3,1,1,3,4,1,
15,0,3,3,1,1,3,3,0,0,4,3,2,1,3,6,1,1,3,4,1,
12,0,4,3,1,1,3,3,1,0,4,3,2,1,3,3,1,1,3,4,1,
14,0,4,3,1,1,3,3,1,0,4,3,2,1,3,3,1,1,3,4,1,
12,0,4,3,1,1,3,3,1,0,4,3,2,1,3,3,1,1,3,4,1,
12,0,4,3,2,1,3,3,1,0,4,3,2,1,3,3,1,1,3,4,2,
12,0,4,3,2,1,3,3,1,0,4,3,2,1,3,3,1,1,3,4,2,
12,0,4,3,2,1,3,3,1,0,4,3,2,1,3,3,1,1,3,4,2,
14,0,4,3,2,1,3,3,1,0,4,3,2,1,3,3,1,1,3,4,2,
12,0,4,3,2,1,3,3,1,0,4,3,2,1,3,3,1,1,3,4,2,
12,0,4,3,2,1,3,3,1,0,4,3,2,1,3,3,1,1,4,4,2,
12,0,4,3,2,1,3,4,1,1,4,3,2,1,4,4,1,2,4,4,2,
13,0,3,2,1,0,3,3,0,0,3,2,1,0,3,3,0,1,3,4,1,
13,0,3,2,1,0,3,3,0,0,3,2,1,0,3,3,0,1,3,4,1,
12,0,4,3,1,1,3,3,0,0,4,3,2,1,3,3,1,1,3,4,1,
12,0,4,3,1,1,3,3,0,0,4,3,2,1,3,3,1,1,3,4,1,
12,0,4,3,1,1,3,3,1,0,4,3,2,1,3,3,1,1,3,4,2,
12,0,3,2,1,1,2,3,0,1,3,2,1,1,3,3,0,2,3,4,1,
12,0,4,3,2,1,3,3,1,0,4,3,2,1,3,3,1,1,3,4,2,
12,0,4,3,2,1,3,3,1,0,4,3,2,1,3,3,1,1,3,4,2,
12,0,4,3,2,1,3,3,1,0,4,3,2,1,3,3,1,1,4,4,2,
15,0,4,3,2,1,3,3,1,0,4,3,2,1,3,3,1,1,3,4,2,
12,0,4,3,2,1,3,3,1,0,4,3,2,1,3,3,1,1,4,4,2,
13,0,3,2,1,0,3,3,0,0,3,2,1,0,3,3,0,0,3,4,1,
13,0,3,2,1,0,3,3,0,0,3,2,1,0,3,3,1,0,3,4,1,
12,0,3,2,1,0,3,3,0,0,4,2,1,0,3,3,0,1,3,4,1,
12,0,3,3,1,1,3,3,0,0,4,3,2,1,3,3,1,1,3,4,1,
12,0,4,3,2,1,3,3,1,0,4,3,2,1,3,3,1,1,3,4,2,
12,0,4,3,1,1,3,3,0,0,4,3,2,1,3,3,1,1,3,4,1,
12,0,4,3,1,1,3,3,1,0,4,3,2,1,3,3,1,1,3,4,1,
13,0,5,4,2,1,4,4,2,0,5,4,3,1,4,4,2,1,4,5,3,
14,0,4,3,1,1,3,3,1,0,4,3,2,1,3,3,1,1,3,4,1,
12,0,4,3,2,1,3,3,1,0,4,3,2,1,3,3,1,1,3,4,2,
12,0,4,3,2,1,3,3,1,0,4,3,2,1,3,3,1,1,3,4,2,
12,0,4,3,2,1,3,3,1,0,4,3,2,1,3,3,1,1,4,4,2,
12,0,4,3,2,1,3,4,1,1,4,3,2,1,4,3,1,2,4,4,2,
13,0,4,3,2,1,4,4,1,1,4,3,2,1,4,4,1,2,4,5,2,
12,0,3,2,1,0,3,3,0,0,3,2,1,0,3,3,0,1,3,4,1,
12,0,4,3,1,1,3,3,0,0,4,3,2,1,3,3,1,1,3,4,1,
13,0,4,3,2,1,3,3,1,0,4,3,2,1,3,3,1,1,3,4,2,
12,0,4,2,1,1,3,3,0,0,4,3,2,1,3,3,1,1,3,4,1,
12,0,4,3,1,1,3,3,0,0,4,3,2,1,3,3,1,1,3,4,1,
12,0,4,3,2,1,3,3,1,0,4,3,2,1,3,3,1,1,3,4,2,
12,0,4,3,2,1,3,3,1,0,4,3,2,1,3,3,1,1,3,4,2,
13,0,4,3,2,1,3,3,1,0,4,3,2,1,3,3,1,1,3,4,2,
12,0,4,3,2,1,3,3,1,0,4,3,2,1,3,3,1,1,3,4,2,
12,1,3,2,1,2,2,2,0,1,3,2,1,2,2,2,0,2,2,3,1,
13,0,4,3,2,1,3,4,1,0,4,3,2,1,3,3,1,1,4,4,2,
15,0,4,3,2,1,3,3,1,0,4,3,2,1,3,3,1,1,3,4,2,
13,0,4,3,2,1,3,4,1,1,4,3,2,1,4,4,1,2,4,5,2,
12,0,3,2,1,0,3,3,0,0,3,2,1,0,3,3,1,1,3,4,1,
12,0,3,2,1,0,3,3,0,0,4,3,1,1,3,3,1,1,3,4,1,
15,0,3,2,1,0,3,3,0,0,3,2,1,0,3,3,0,1,3,4,1,
12,0,4,3,1,1,3,3,1,0,4,3,2,1,3,3,1,1,3,4,1,
12,0,4,3,1,1,3,3,1,0,4,3,2,1,3,3,1,1,3,4,1,
12,0,4,3,1,1,3,3,1,0,4,3,2,1,3,3,1,1,3,4,1,
12,0,4,3,2,1,3,3,1,0,4,3,2,1,3,3,1,1,3,4,2,
12,0,4,3,2,1,3,3,1,0,4,3,2,1,3,3,1,1,3,4,2,
12,0,4,3,1,1,3,3,1,0,4,3,2,1,3,3,1,1,3,4,2,
12,0,4,3,2,1,3,3,1,0,4,3,2,1,3,3,1,1,4,4,2,
13,0,4,3,2,1,3,4,1,0,4,3,2,1,3,3,1,1,4,4,2,
13,0,3,2,1,0,3,3,0,0,4,3,2,0,3,3,1,1,3,4,1,
13,0,4,2,1,1,3,3,0,0,4,3,2,1,3,3,1,1,3,4,1,
14,0,3,2,1,0,3,3,0,0,4,2,2,0,3,3,1,1,3,4,1,
12,0,3,2,1,0,3,3,0,0,3,2,1,0,3,3,0,1,3,4,1,
12,0,4,2,1,1,3,3,0,0,4,3,2,1,3,3,1,1,3,4,1,
14,0,5,3,1,1,5,3,0,0,6,3,2,1,5,3,1,1,3,6,1,
12,0,4,3,2,1,3,3,1,0,4,3,2,1,3,3,1,1,3,4,2,
12,0,4,3,2,1,3,3,1,0,4,3,2,1,3,3,1,1,3,4,2,
12,0,4,3,2,1,3,3,1,0,4,3,2,1,3,3,1,1,3,4,2,
13,0,4,3,2,1,3,3,1,0,4,3,2,1,3,3,1,1,3,4,2,
12,0,4,3,2,1,3,3,1,0,4,3,2,1,3,3,1,1,4,4,2,
12,0,4,3,2,1,3,3,1,0,4,3,2,1,3,3,1,1,4,4,2,
13,0,4,3,2,1,3,4,1,0,4,3,2,1,4,3,1,1,4,4,2,
13,0,3,2,1,0,3,3,0,0,3,2,1,0,3,3,0,1,3,4,1,
15,0,3,2,1,0,3,3,0,0,3,2,2,0,3,3,1,1,3,4,1,
13,0,3,2,1,0,3,3,0,0,3,2,1,0,3,3,0,1,3,4,1,
12,0,3,2,1,0,3,3,0,0,4,3,2,1,3,3,1,1,3,4,1,
12,0,3,2,1,0,3,3,0,0,4,3,2,1,3,3,1,1,3,4,1,
13,0,4,3,2,1,3,3,1,0,4,3,2,1,3,3,1,1,3,4,2,
13,0,4,3,2,1,4,4,1,1,4,3,2,1,4,4,1,1,4,5,2,
12,0,4,3,2,1,3,3,1,0,4,3,2,1,3,3,1,1,3,4,2,
12,0,4,3,2,1,3,3,1,0,4,3,2,1,3,3,1,1,3,4,2,
12,0,4,4,2,1,3,4,1,0,4,4,2,1,3,4,1,1,4,4,2,
12,0,4,3,2,1,3,3,1,0,4,3,2,1,3,3,1,1,4,4,2,
12,0,4,3,2,1,3,4,1,0,4,3,2,1,3,3,1,1,4,4,2,
13,0,3,2,1,0,3,3,0,0,3,2,1,0,3,3,0,1,3,4,1,
13,0,3,2,1,0,3,3,0,0,4,3,1,1,3,3,1,1,3,4,1,
12,0,3,2,1,0,3,3,0,0,3,2,1,0,3,3,0,1,3,4,1,
12,0,3,2,1,1,3,3,0,0,4,3,1,1,3,3,1,1,3,4,1,
12,0,4,2,1,1,3,3,0,0,4,3,2,1,3,3,1,1,3,4,1,
12,0,4,3,1,1,3,3,0,0,4,3,2,1,3,3,1,1,3,4,1,
12,0,4,3,2,1,3,4,1,0,4,3,2,1,4,3,1,1,4,4,2,
14,0,4,3,2,1,3,3,1,0,4,3,2,1,3,3,1,1,3,4,2,
12,0,4,3,2,1,3,3,1,0,4,3,2,1,3,3,1,1,3,4,2,
13,0,4,3,2,1,3,4,1,0,4,3,2,1,4,3,1,1,4,5,2,
12,0,4,3,2,1,3,3,1,0,4,3,2,1,3,3,1,1,4,4,2,
15,0,7,3,2,1,6,3,1,0,7,3,2,1,6,3,1,1,4,7,2,
13,0,4,3,2,1,3,4,1,1,4,3,2,1,4,3,1,1,4,4,2,
12,0,4,3,2,1,3,4,1,1,4,3,2,1,4,4,1,2,4,4,2,
12,0,3,2,1,0,3,3,0,0,3,2,1,0,3,3,1,1,3,4,1,
13,0,4,3,1,1,3,3,1,0,4,3,2,1,3,3,1,1,3,4,1,
12,0,3,2,1,1,3,3,0,0,4,3,1,1,3,3,1,1,3,4,1,
12,0,4,3,1,1,3,3,0,0,4,3,2,1,3,3,1,1,3,4,1,
12,1,3,2,1,2,3,3,0,1,3,2,1,2,3,3,0,2,3,4,1,
12,0,4,3,2,1,3,3,1,0,4,3,2,1,3,3,1,1,3,4,2,
15,0,4,3,2,1,3,3,1,0,4,3,2,1,3,3,1,1,3,4,2,
12,0,4,3,2,1,3,3,1,0,4,3,2,1,3,3,1,1,3,4,2,
12,0,4,3,2,1,3,3,1,0,4,3,2,1,3,3,1,1,4,4,2,
12,0,4,3,2,1,3,3,1,0,4,3,2,1,3,3,1,1,3,4,2,
16,0,4,3,2,1,3,4,1,1,4,3,2,1,4,3,1,1,4,7,2,
12,0,4,3,2,1,3,4,1,0,4,3,2,1,3,3,1,1,4,4,2,
12,0,4,3,2,1,3,4,1,0,4,3,2,1,3,3,1,1,4,4,2,
13,0,3,2,1,0,3,3,0,0,3,2,1,0,3,3,0,1,3,4,1,
15,0,3,2,1,0,3,3,0,0,3,2,1,1,3,3,1,1,3,4,1,
12,0,3,2,1,1,3,3,0,0,4,3,1,1,3,3,1,1,3,4,1,
12,0,4,3,1,1,3,3,1,0,4,3,2,1,3,3,1,1,3,4,2,
12,0,4,3,1,1,3,3,1,0,4,3,2,1,3,3,1,1,3,4,2,
12,0,4,3,2,1,3,3,1,0,4,3,2,1,3,3,1,1,3,4,2,
13,0,4,3,2,1,3,3,1,0,4,3,2,1,3,3,1,1,4,4,2,
12,0,4,3,2,1,3,3,1,0,4,3,2,1,3,3,1,1,3,4,2,
12,0,4,3,2,1,3,3,1,0,4,3,2,1,3,3,1,1,3,4,2,
13,0,4,3,2,1,3,4,1,1,4,3,2,1,4,3,1,1,4,5,2,
15,0,3,3,1,0,3,3,0,0,4,3,1,0,3,3,1,0,3,4,1,
13,0,4,3,2,1,3,4,1,1,4,3,2,1,4,3,1,2,4,4,2,
13,0,4,3,1,1,3,3,0,0,4,3,2,1,3,3,1,1,3,4,1,
12,0,4,2,1,1,3,3,0,0,4,3,1,1,3,3,1,1,3,4,1,
12,0,4,3,1,1,3,3,0,0,4,3,2,1,3,3,1,1,3,4,1,
12,0,4,3,1,1,3,3,1,0,4,3,2,1,3,3,1,1,3,4,2,
12,0,4,3,2,1,3,3,1,0,4,3,2,1,3,3,1,1,3,4,2,
12,0,4,3,2,1,3,3,1,0,4,3,2,1,3,3,1,1,3,4,2,
12,0,4,3,2,1,3,3,1,0,4,3,2,1,3,3,1,1,4,4,2,
12,0,4,3,2,1,3,3,1,0,4,3,2,1,3,3,1,1,4,4,2,
12,0,4,3,2,3,3,3,1,0,4,3,2,3,3,3,1,3,4,4,2,
13,0,3,2,1,1,3,3,0,0,4,3,1,0,3,3,1,1,3,4,1,
14,0,4,3,2,1,3,3,1,0,4,3,2,1,4,3,1,1,3,5,2,
13,0,4,2,1,0,3,3,0,0,4,2,2,0,3,3,1,1,3,4,2,
13,0,4,2,1,1,3,3,0,0,4,3,2,1,3,3,1,1,3,4,1,
12,0,4,3,1,1,3,3,1,0,4,3,2,1,3,3,1,1,3,4,1,
12,0,4,3,1,1,3,3,1,0,4,3,2,1,3,3,1,1,3,4,2,
12,0,4,3,1,1,3,3,1,0,4,3,2,1,3,3,1,1,3,4,2,
15,0,6,3,2,1,6,3,1,0,7,3,2,1,6,3,1,1,3,7,2,
12,0,4,3,2,1,3,3,1,0,4,3,2,1,3,3,1,1,3,4,2,
12,0,4,3,2,1,3,3,1,0,4,3,2,1,3,3,1,1,4,4,2,
12,0,4,3,2,1,3,3,1,0,4,3,2,1,3,3,1,1,3,4,2,
13,0,4,3,2,1,3,3,1,0,4,3,2,1,3,3,1,1,3,4,2,
13,0,3,2,1,0,3,3,0,0,4,2,1,0,3,3,0,1,3,4,1,
13,0,4,3,2,1,3,4,1,1,4,3,2,1,4,4,1,2,4,5,2,
13,0,4,3,2,1,3,4,1,1,4,3,2,1,4,4,1,2,4,5,2,
12,0,4,2,1,0,3,3,0,0,4,3,2,1,3,3,1,1,3,4,1,
15,0,4,2,1,0,3,3,0,0,4,2,1,0,3,3,0,1,3,4,1,
12,0,4,2,1,0,3,3,0,0,4,3,2,1,3,3,1,1,3,4,1,
12,0,4,3,2,1,3,3,1,0,4,3,2,1,3,3,1,1,3,4,2,
12,0,4,3,2,1,3,3,1,0,4,3,2,1,3,3,1,1,3,4,2,
14,0,4,2,1,0,3,3,0,0,4,3,2,1,3,3,1,1,3,4,1,
12,0,4,3,2,1,3,4,1,0,4,3,2,1,3,4,1,1,4,4,2,
12,0,4,3,2,1,3,3,1,0,4,3,2,1,3,3,1,1,4,4,2,
13,0,4,3,2,1,4,4,1,1,4,3,2,1,4,4,1,1,4,5,2,
13,0,3,3,1,0,2,4,0,0,3,3,2,1,2,4,1,1,4,3,1,
13,0,4,3,2,1,4,4,1,1,5,3,2,1,4,4,1,2,4,5,2,
13,0,3,2,1,0,3,3,0,0,4,2,1,0,3,3,0,1,3,4,1,
12,0,4,2,1,0,3,3,0,0,4,3,2,1,3,3,1,1,3,4,1,
14,0,5,3,2,0,4,4,1,0,5,4,2,0,4,4,2,1,4,5,2,
12,0,4,3,1,0,3,3,0,0,4,3,2,1,3,3,1,1,3,4,1,
12,0,4,3,2,1,3,3,1,0,4,3,2,1,3,3,1,1,3,4,2,
12,0,4,3,2,1,3,3,1,0,4,3,2,1,3,3,1,1,3,4,2,
12,0,4,3,2,1,3,3,1,0,4,3,2,1,3,3,1,1,3,4,2,
14,0,6,3,2,1,6,6,1,0,6,6,2,1,6,6,1,1,6,6,2,
14,0,6,3,2,1,3,3,1,0,6,3,2,1,3,3,1,1,4,6,2,
12,0,4,3,2,1,3,3,1,0,4,3,2,1,3,3,1,1,4,4,2,
13,0,4,2,1,0,3,3,0,0,4,2,2,0,3,3,1,1,3,4,1,
16,0,4,3,2,1,3,4,1,0,4,3,2,1,4,3,1,1,4,5,2,
13,0,4,3,2,1,4,4,1,1,4,3,2,1,4,4,1,2,4,5,2,
12,0,4,2,1,0,3,3,0,0,4,3,2,1,3,3,1,1,3,4,1,
12,0,4,2,1,0,3,3,0,0,4,3,2,1,3,3,1,1,3,4,1,
12,0,4,3,1,0,3,3,0,0,4,3,2,1,3,3,1,1,3,4,1,
13,0,4,3,2,1,3,3,1,0,4,3,2,1,3,3,1,1,3,4,2,
12,0,4,3,2,1,3,3,1,0,4,3,2,1,3,3,1,1,3,4,2,
12,0,4,3,2,1,3,3,1,0,4,3,2,1,3,3,1,1,3,4,2,
12,0,4,3,2,1,3,3,1,0,4,3,2,1,3,3,1,1,4,4,2,
14,0,5,4,3,0,4,4,2,0,5,4,3,0,4,4,2,1,4,5,3,
15,0,4,3,2,1,3,3,1,0,4,3,2,1,3,3,1,1,4,4,2,
13,0,4,3,2,1,4,4,1,1,5,3,3,1,4,4,1,1,4,5,2,
12,0,4,3,2,1,3,4,1,1,4,3,2,1,4,3,1,1,4,5,2,
13,0,4,3,2,1,4,4,1,1,5,3,2,1,4,4,1,2,4,5,2,
12,0,4,2,1,0,3,3,0,0,4,3,2,1,3,3,1,1,3,4,1,
12,0,4,3,1,1,3,3,0,0,4,3,2,1,3,3,1,1,3,4,1,
12,0,4,3,1,1,3,3,0,0,4,3,2,1,3,3,1,1,3,4,1,
12,0,4,3,1,1,3,3,1,0,4,3,2,1,3,3,1,1,3,4,2,
15,0,4,3,1,1,3,3,1,0,4,3,2,1,3,3,1,1,3,4,2,
12,0,4,3,1,1,3,3,1,0,4,3,2,1,3,3,1,1,3,4,2,
12,0,4,3,2,1,3,3,1,0,4,3,2,1,3,3,1,1,4,5,2,
12,0,4,3,2,1,3,3,1,0,4,3,2,1,3,3,1,1,3,4,2,
12,0,4,3,2,1,3,3,1,0,4,3,2,1,3,3,1,1,4,4,2,
13,0,3,2,1,0,3,3,0,0,4,2,2,1,3,3,1,1,3,4,1,
14,0,3,2,1,0,3,3,0,0,4,2,2,0,3,3,0,1,3,4,1,
13,0,3,2,1,0,3,3,0,0,4,2,2,1,3,3,1,1,3,4,1,
12,0,4,3,1,1,3,3,0,0,4,3,2,1,3,3,1,1,3,4,1,
12,0,4,2,1,0,3,3,0,0,4,3,2,1,3,3,1,1,3,4,1,
12,0,4,2,1,0,3,3,0,0,4,3,2,1,3,3,1,1,3,4,1,
12,0,4,3,1,1,3,3,1,0,4,3,2,1,3,3,1,1,3,4,1,
14,0,4,3,2,1,3,4,1,1,4,3,2,1,4,3,1,1,4,5,2,
12,2,3,2,1,3,2,2,0,2,3,2,1,3,2,2,0,3,2,3,1,
14,0,4,3,2,1,3,3,1,0,4,3,2,1,3,3,1,1,4,4,2,
12,0,4,3,2,1,3,3,1,0,4,3,2,1,3,3,1,1,3,4,2,
12,0,4,3,2,1,3,3,1,0,4,3,2,1,3,3,1,1,3,4,2,
13,0,4,3,2,1,3,4,1,1,4,3,2,1,4,3,1,1,4,5,2,
16,0,4,3,2,1,3,3,1,0,4,3,2,1,3,3,1,1,3,4,2,
13,0,3,2,1,0,3,3,0,0,3,2,1,0,3,3,0,1,3,4,1,
12,0,4,2,1,1,3,3,0,0,4,3,2,1,3,3,1,1,3,4,1,
12,0,4,3,1,1,3,3,1,0,4,3,2,1,3,3,1,1,3,4,1,
13,0,4,3,2,1,3,3,1,0,4,3,2,1,3,3,1,1,3,4,2,
12,0,4,3,2,1,3,3,1,0,4,3,2,1,3,3,1,1,3,4,2,
12,0,4,3,2,1,3,3,1,0,4,3,2,1,3,3,1,1,3,4,2,
12,0,4,3,2,1,3,3,1,0,4,3,2,1,3,3,1,1,3,4,2,
13,0,4,4,2,1,3,5,1,0,4,4,2,1,3,5,1,1,5,4,2,
12,0,4,3,2,1,3,3,1,0,4,3,2,1,3,3,1,1,4,4,2,
12,0,4,3,2,1,3,3,1,0,4,3,2,1,3,3,1,1,4,4,2,
13,0,3,2,1,0,3,3,0,0,4,2,1,0,3,3,0,1,3,4,1,
12,0,4,3,2,1,3,4,1,1,4,3,2,1,4,3,1,2,4,5,2,
13,0,3,2,1,0,3,3,0,0,4,2,1,0,3,3,0,1,3,4,1,
15,0,3,2,1,0,3,3,0,0,4,2,1,1,3,3,0,1,3,4,1,
12,0,4,3,1,1,3,3,0,0,4,3,2,1,3,3,1,1,3,4,1,
12,0,4,3,1,1,3,3,0,0,4,3,2,1,3,3,1,1,3,4,1,
15,0,4,3,1,0,3,3,1,0,4,3,2,0,3,3,1,0,3,4,1,
12,0,4,3,1,1,3,3,1,0,4,3,2,1,3,3,1,1,3,4,1,
12,0,4,3,2,1,3,3,1,0,4,3,2,1,3,3,1,1,3,4,2,
12,0,4,3,2,1,3,3,1,0,4,3,2,1,3,3,1,1,3,4,2,
12,0,4,3,2,1,3,3,1,0,4,3,2,1,3,3,1,1,4,4,2,
12,0,4,3,2,1,3,3,1,0,4,3,2,1,3,3,1,1,4,4,2,
13,0,3,2,1,0,3,3,0,0,3,3,1,0,3,3,0,1,3,4,1,
13,0,4,3,2,0,3,3,2,0,4,3,2,1,3,3,1,1,3,4,2,
14,0,4,5,2,1,4,6,2,1,4,5,2,1,4,6,1,2,6,5,2,
12,0,3,2,1,0,3,3,1,0,4,2,1,1,3,3,1,1,3,4,1,
12,0,4,3,1,1,3,3,0,0,4,3,2,1,3,3,1,1,3,4,1,
12,0,4,3,2,1,3,3,1,0,4,3,2,1,3,3,1,1,3,4,1,
12,0,4,3,2,1,3,3,1,0,4,3,2,1,3,3,1,1,3,4,2,
12,0,4,3,2,1,3,3,1,0,4,3,2,1,3,3,1,1,3,4,2,
13,0,4,3,2,1,3,3,1,0,4,3,2,1,3,3,1,1,3,4,2,
12,0,4,3,2,1,3,3,1,0,4,3,2,1,3,3,1,1,3,4,2,
12,0,4,3,2,1,3,3,1,0,4,3,2,2,3,3,2,2,3,4,2,
12,0,4,3,2,2,3,3,1,0,4,3,2,2,3,3,2,2,4,4,2,
15,0,7,3,2,1,6,4,1,1,7,3,2,2,6,3,2,2,4,7,2,
12,0,3,2,1,0,3,3,0,0,3,2,1,1,3,2,1,1,3,4,1,
13,0,3,2,1,1,3,3,0,0,4,3,1,1,3,3,1,1,3,4,1,
12,0,3,2,1,0,3,3,0,0,4,3,1,1,3,3,1,1,3,4,1,
13,0,3,2,1,1,3,3,0,0,4,2,1,1,3,3,1,1,3,4,1,
12,0,3,3,1,1,3,3,0,0,4,3,2,1,3,3,1,1,3,4,1,
12,0,4,3,2,1,3,3,1,0,4,3,2,2,3,3,2,2,3,4,2,
12,0,4,3,2,1,3,3,1,0,4,3,2,1,3,3,2,2,3,4,2,
12,0,4,3,2,1,3,3,1,0,4,3,2,1,3,3,2,2,3,4,2,
12,0,4,3,2,1,3,3,1,0,4,3,2,2,3,3,2,2,4,4,2,
12,0,4,3,2,1,3,3,1,0,4,3,2,2,3,3,2,2,4,4,2,
13,0,4,3,2,1,4,4,1,1,4,3,2,2,4,4,2,2,4,5,2,
13,0,4,2,1,0,3,3,0,0,4,3,2,1,3,3,1,1,3,4,1,
15,0,4,3,1,1,3,3,1,0,4,3,2,1,3,3,1,1,3,4,1,
12,0,3,2,1,0,3,3,0,0,3,2,1,0,3,3,1,1,3,4,1,
12,0,3,2,1,1,3,3,0,0,4,3,2,1,3,3,1,1,3,4,1,
12,0,3,2,1,1,3,3,0,0,4,3,2,1,3,3,1,1,3,4,1,
14,0,6,5,3,1,5,5,3,0,6,5,4,1,5,5,3,1,5,6,4,
12,0,4,3,2,1,3,3,1,0,4,3,2,1,3,3,1,1,3,4,2,
12,0,4,3,2,1,3,3,1,0,4,3,2,1,3,3,1,1,3,4,2,
12,0,4,3,2,1,3,3,1,0,4,3,2,1,3,3,1,1,3,4,2,
12,0,4,3,2,1,3,3,1,0,4,3,2,1,3,3,1,1,4,4,2,
12,0,4,3,2,1,3,3,1,0,4,3,2,1,3,3,1,1,4,4,2,
12,0,4,3,1,1,3,3,1,0,4,3,2,1,3,3,1,1,3,4,2,
13,0,3,2,1,0,3,3,0,0,4,2,1,0,3,3,0,1,3,4,1,
13,0,3,2,1,0,3,3,0,0,4,2,1,0,3,3,0,1,3,4,1,
14,0,4,3,1,0,3,3,1,0,4,3,2,0,3,3,1,0,3,4,2,
12,0,4,3,1,1,3,3,1,0,4,3,2,1,3,3,1,1,3,4,1,
12,0,4,3,1,1,3,3,0,0,4,3,2,1,3,3,1,1,3,4,1,
12,0,4,3,1,1,3,3,1,0,4,3,2,1,3,3,1,1,3,4,1,
12,0,4,3,2,1,3,3,1,0,4,3,2,1,3,3,1,1,3,4,2,
12,0,4,3,2,1,3,3,1,0,4,3,2,1,3,3,1,1,3,4,2,
12,0,4,3,2,1,3,3,1,0,4,3,2,1,4,3,1,1,4,4,2,
12,0,4,3,2,1,4,4,1,1,5,3,2,1,4,4,1,2,4,5,2,
12,0,4,3,2,1,3,4,1,1,4,3,2,1,4,3,1,2,4,4,2,
12,0,4,3,2,1,4,4,1,1,4,3,2,1,4,4,1,2,4,4,2,
12,0,3,2,1,0,3,3,0,0,4,3,1,1,3,3,1,1,3,4,1,
12,0,3,2,1,0,3,3,0,0,4,3,1,1,3,3,1,1,3,4,1,
12,0,3,2,1,0,3,3,0,0,4,3,1,1,3,3,1,1,3,4,1,
12,0,4,3,1,1,3,3,0,0,4,3,2,1,3,3,1,1,3,4,1,
12,0,4,3,1,1,3,3,1,0,4,3,2,1,3,3,1,1,3,4,1,
14,0,4,3,1,1,3,3,1,0,4,3,2,1,3,3,1,1,3,4,2,
12,0,4,3,2,1,3,3,1,0,4,3,2,1,3,3,1,1,3,4,2,
13,0,3,2,1,0,2,2,0,0,3,2,1,1,2,2,0,1,2,3,1,
14,0,6,3,2,1,5,3,1,0,6,3,2,1,5,3,1,1,4,6,2,
12,0,4,3,2,1,4,4,1,1,4,3,2,1,4,3,1,2,4,5,2,
12,1,3,2,1,2,2,3,0,1,3,2,1,2,3,2,0,2,3,3,1,
12,0,3,2,1,0,3,3,0,0,3,2,1,0,3,3,0,1,3,3,1,
13,0,3,2,1,0,3,3,0,0,3,2,1,0,3,3,1,1,3,4,1,
13,0,3,2,1,0,3,3,0,0,3,2,1,0,3,3,1,1,3,5,1,
12,0,3,3,1,1,3,3,0,0,4,3,2,1,3,3,1,1,3,4,1,
12,0,4,3,1,1,3,3,1,0,4,3,2,1,3,3,1,1,3,4,2,
12,0,4,3,1,1,3,3,1,0,4,3,2,1,3,3,1,1,3,4,2,
12,0,4,3,2,1,3,3,1,0,4,3,2,1,3,3,1,1,3,4,2,
12,0,4,3,2,1,3,3,1,0,4,3,3,1,3,3,1,1,4,4,2,
12,0,4,3,2,1,3,4,1,0,4,3,2,1,4,3,1,1,4,4,2,
530,0,3,3,1,1,3,3,0,0,3,3,1,1,3,3,0,1,3,3,1,
430,2,3,2,1,3,3,6,0,2,3,3,1,3,3,6,0,3,6,3,1,
12,0,4,3,2,1,3,3,1,0,4,3,2,1,3,3,1,1,3,4,2,
12,0,4,3,2,1,3,3,1,0,4,3,2,1,3,3,1,1,3,4,2,
12,0,4,3,2,1,3,3,1,0,4,3,2,1,3,3,1,1,3,4,2,
12,0,4,3,2,1,3,3,1,0,4,3,2,1,3,3,1,1,4,4,2,
12,0,4,3,2,1,3,4,1,1,4,3,2,1,3,3,1,1,4,4,2,
12,0,4,3,2,1,3,4,1,1,4,3,2,1,4,4,1,2,4,4,2,
15,0,4,3,2,1,3,4,1,1,7,3,2,1,3,3,1,1,4,7,2,
11,0,3,2,1,0,3,3,0,0,3,2,1,0,3,3,0,1,3,4,1,
12,0,4,3,1,1,3,3,1,0,4,3,2,1,3,3,1,1,3,4,1,
12,0,3,2,1,1,3,3,0,0,4,3,2,1,3,3,1,1,3,4,1,
14,0,3,2,1,0,3,3,0,0,3,3,1,0,3,3,1,1,3,4,1,
12,0,4,3,1,1,3,3,1,0,4,3,2,1,3,3,1,1,3,4,2,
12,0,4,3,2,1,3,3,1,0,4,3,2,1,3,3,1,1,3,4,2,
12,0,4,3,2,1,3,3,1,0,4,3,2,1,3,3,1,1,3,4,2,
12,0,4,3,2,1,3,4,1,1,4,3,2,1,3,3,1,2,4,4,2,
12,0,4,3,2,1,3,3,1,0,4,3,2,1,3,3,1,1,4,4,2,
12,0,4,3,2,1,3,3,1,0,4,3,2,1,3,3,1,1,4,4,2,
12,0,4,3,2,1,3,4,1,1,4,3,2,1,4,3,1,2,4,4,2,
12,0,4,3,2,1,3,4,1,1,4,3,2,1,3,3,1,2,4,4,2,
13,0,5,4,2,0,4,4,2,0,5,4,3,0,4,4,2,1,4,5,3,
14,0,3,2,1,1,3,3,0,0,4,3,2,1,3,3,1,1,3,4,1,
12,0,3,2,1,0,3,3,0,0,4,3,2,1,3,3,1,1,3,4,1,
12,0,4,3,1,1,3,3,1,0,4,3,2,1,3,3,1,1,3,4,2,
13,0,4,3,1,0,3,4,0,0,4,3,2,0,3,4,1,1,4,4,1,
16,0,8,3,2,1,3,4,1,0,7,3,2,1,3,3,1,1,4,7,2,
12,0,4,3,2,1,3,3,1,0,4,3,2,1,3,3,1,1,3,4,2,
13,0,5,3,2,1,3,3,1,0,4,3,2,1,3,3,1,1,4,6,2,
13,0,5,3,2,1,3,3,1,0,4,3,2,1,3,3,1,1,4,4,2,
13,0,4,3,2,1,3,3,1,0,4,3,2,1,3,3,1,1,4,5,2,
13,0,4,3,2,1,4,4,1,1,4,3,2,1,4,3,1,2,4,5,2,
13,0,4,3,2,1,4,4,1,1,4,3,2,1,4,3,1,1,4,5,2,
12,0,3,2,1,0,3,3,0,0,4,2,1,0,3,3,1,1,3,4,1,
12,0,4,2,1,1,3,3,0,0,4,3,2,1,3,3,1,1,3,4,1,
15,0,4,3,2,1,4,4,1,0,5,3,2,1,4,4,1,1,4,5,2,
12,0,4,2,1,1,3,3,0,0,4,3,2,1,3,3,1,1,3,4,1,
12,0,4,3,2,1,3,3,1,0,4,3,2,1,3,3,1,1,4,4,2,
12,0,4,3,1,1,3,3,1,0,4,3,2,1,3,3,1,1,3,4,2,
15,0,7,3,2,1,6,3,1,0,7,3,2,1,6,3,1,1,4,7,2,
12,0,4,3,2,1,3,3,1,0,4,3,2,1,3,3,1,1,4,4,2,
12,0,4,3,2,1,3,3,1,0,4,3,2,1,3,3,1,1,4,4,2,
12,0,4,3,2,1,3,3,1,0,4,3,2,1,3,3,1,1,4,5,2,
13,0,4,3,2,1,4,4,1,1,4,3,2,1,4,3,1,1,4,5,2,
13,0,4,3,2,1,4,4,1,1,4,3,2,1,4,4,1,1,4,5,2,
12,0,3,2,1,0,3,3,0,0,3,3,2,0,3,3,1,1,3,4,1,
12,0,4,3,1,1,3,3,1,0,4,3,2,1,3,3,1,1,3,4,1,
12,0,4,3,1,1,3,3,0,0,4,3,1,1,3,3,1,1,3,4,1,
12,0,4,3,1,1,3,3,1,0,4,3,2,1,3,3,1,1,4,4,1,
14,0,4,3,2,1,4,3,1,0,4,3,2,1,3,3,1,1,4,5,2,
12,0,4,3,2,1,4,3,1,0,4,3,2,1,3,3,1,1,4,4,2,
12,0,4,3,2,1,4,3,1,0,4,3,2,1,3,3,1,1,4,4,2,
13,0,5,3,2,1,5,3,1,0,5,3,2,1,4,3,1,1,4,5,2,
12,0,4,3,2,1,4,3,1,0,4,3,2,1,3,3,1,1,4,4,2,
12,0,4,3,2,1,4,3,1,0,4,3,2,1,3,3,1,1,4,4,2,
13,0,4,3,2,1,4,4,1,1,5,3,2,1,4,4,1,2,4,5,2,
12,0,4,3,2,1,4,4,1,1,5,3,2,1,4,4,1,1,4,5,2,
12,0,3,2,1,0,3,3,0,0,4,2,1,0,3,3,0,1,3,4,1,
12,0,4,2,1,1,3,3,0,0,4,3,2,1,3,3,1,1,3,4,2,
12,0,4,3,1,0,3,3,0,0,4,3,2,1,3,3,1,1,3,4,1,
12,0,4,3,1,1,3,3,1,0,4,3,2,1,3,3,1,1,3,4,2,
12,0,4,3,2,1,3,3,1,0,4,3,2,1,3,3,1,1,4,4,2,
12,0,4,3,2,1,3,3,1,0,4,3,2,1,3,3,1,1,4,4,2,
12,0,4,3,2,1,3,3,1,0,4,3,2,1,3,3,1,1,4,4,2,
12,0,4,3,2,1,3,3,1,0,4,3,2,1,4,3,1,1,4,4,2,
36,0,8,8,25,0,8,8,0,0,8,8,25,1,8,8,1,1,8,8,25,
13,0,4,3,2,1,4,4,1,1,4,3,2,1,4,3,2,2,4,5,2,
12,0,4,2,1,1,3,3,0,0,4,3,1,1,3,3,1,1,3,4,1,
12,0,4,2,1,1,3,3,1,0,4,3,2,1,3,3,1,1,3,4,1,
15,1,3,4,1,2,2,5,0,1,3,5,1,2,2,5,1,2,5,3,1,
12,0,4,3,2,2,3,3,1,0,4,3,2,2,3,3,2,2,3,4,2,
12,0,3,2,0,0,2,2,0,0,3,2,1,0,2,2,0,0,2,3,1,
12,0,3,2,1,0,2,2,0,0,3,2,1,0,2,2,0,0,3,3,1,
12,0,4,3,2,1,3,3,1,0,4,3,2,1,3,3,1,1,4,4,2,
15,0,4,2,1,1,3,3,0,0,4,3,2,1,3,3,1,1,3,4,1,
12,0,4,3,2,1,3,3,1,0,4,3,2,1,3,3,1,1,4,4,2,
13,0,5,3,2,1,4,4,1,0,5,3,2,1,4,3,1,1,4,5,2,
14,0,6,3,2,1,5,4,1,1,6,3,2,1,5,4,1,2,4,6,2,
14,0,5,3,2,0,4,4,1,0,5,3,3,0,4,4,2,0,4,5,2,
12,0,4,3,1,1,3,3,1,0,4,3,2,1,3,3,1,1,3,4,2,
12,0,4,3,1,1,3,3,1,0,4,3,2,1,3,3,1,1,3,4,2,
12,0,4,3,1,1,3,3,1,0,4,3,2,1,3,3,1,1,3,4,2,
12,0,4,3,2,1,3,3,1,0,4,3,2,1,3,3,1,1,4,4,2,
15,0,7,3,2,1,3,3,1,0,7,3,2,1,3,3,1,1,4,7,2,
12,0,4,3,2,1,3,3,1,0,4,3,2,1,3,3,1,1,4,4,2,
12,0,4,3,2,1,3,3,1,0,4,3,2,1,3,3,1,1,4,4,2,
13,0,3,2,1,0,3,3,0,0,3,2,1,0,3,3,0,1,3,4,1,
12,0,4,3,2,1,4,4,1,1,4,3,2,1,4,3,1,2,4,5,2,
12,0,3,2,1,0,3,3,0,0,3,2,2,0,3,3,1,1,3,4,1,
12,0,3,2,1,0,3,3,0,0,3,3,1,0,3,3,1,1,3,4,1,
12,0,4,2,1,0,3,3,0,0,4,3,2,1,3,3,1,1,3,4,1,
12,0,4,3,1,1,3,3,1,0,4,3,2,1,3,3,1,1,3,4,2,
12,0,4,3,1,1,3,3,1,0,4,3,2,1,3,3,1,1,3,4,1,
15,0,4,3,1,1,3,3,1,0,4,3,2,1,3,3,1,1,3,4,2,
12,0,4,3,2,1,3,3,1,0,4,3,2,1,3,3,1,1,4,4,2,
12,0,4,3,1,1,3,3,1,0,4,3,2,1,3,3,1,1,4,4,2,
14,0,6,3,2,1,5,3,1,0,6,3,2,1,5,3,1,1,4,6,2,
12,0,4,3,2,1,3,3,1,0,4,3,2,1,4,3,1,2,4,4,2,
12,0,4,3,2,1,4,4,1,1,4,3,2,1,4,3,1,1,4,4,2,
11,0,4,3,2,1,4,4,1,1,4,3,2,1,4,3,1,1,4,4,2,
13,0,4,2,1,1,3,3,0,0,4,3,2,1,3,3,1,1,3,4,1,
12,0,3,2,1,1,3,3,0,0,3,3,1,1,3,3,1,1,3,4,1,
32,0,4,3,1,23,3,24,1,0,4,3,2,23,3,3,1,23,3,4,2,
12,0,4,3,2,1,3,3,1,1,4,3,2,1,3,4,1,1,4,4,2,
12,0,4,3,2,1,3,3,1,0,4,3,2,1,3,3,1,1,3,4,2,
13,0,4,4,2,1,3,5,1,0,4,4,2,1,3,5,1,1,5,4,2,
13,0,3,2,1,0,3,3,0,0,3,2,1,0,3,3,0,1,3,4,1,
33,0,24,23,22,1,24,24,21,0,24,23,22,1,24,23,21,1,24,24,22,
12,0,4,3,2,1,4,4,1,1,4,3,2,1,4,3,1,1,4,4,2,
14,0,4,3,2,1,3,3,1,0,4,3,2,1,3,3,1,1,3,4,2,
12,0,3,2,1,0,3,3,0,0,3,2,1,0,3,3,0,1,3,4,1,
12,0,3,2,1,1,3,3,0,0,3,2,1,1,3,3,1,1,3,4,1,
12,0,4,3,1,1,3,3,1,0,4,3,2,1,3,3,1,1,3,4,1,
14,1,3,5,0,2,2,5,0,1,3,5,1,2,2,5,0,2,5,3,0,
12,0,4,3,1,1,3,3,1,0,4,3,2,1,3,3,1,1,3,4,1,
12,0,4,3,2,1,3,3,1,0,4,3,2,1,3,3,1,1,3,4,2,
12,0,4,3,2,1,3,3,1,1,4,3,2,1,3,3,1,3,3,4,2,
12,0,4,3,2,1,3,3,1,1,4,3,2,1,3,3,1,2,3,4,2,
14,0,4,3,2,1,3,3,1,0,4,3,2,1,3,3,1,1,4,4,2,
12,0,4,3,2,1,3,3,1,0,4,3,2,1,3,3,1,1,4,4,2,
12,0,4,3,1,1,3,3,1,0,4,3,2,1,3,3,1,1,4,4,1,
13,0,4,4,2,1,4,4,1,0,5,4,2,1,4,4,1,1,4,5,2,
15,0,3,2,1,0,3,2,0,0,3,2,1,0,2,2,0,1,3,3,1,
12,0,3,2,1,0,3,3,0,0,4,2,1,0,3,3,0,1,3,4,1,
12,0,4,2,1,0,3,3,0,0,4,3,2,1,3,3,1,1,3,4,1,
13,0,4,3,2,1,3,4,1,0,4,3,2,1,3,4,1,1,5,4,2,
14,1,3,4,1,1,2,5,0,1,3,4,1,1,2,5,0,1,5,4,1,
12,0,4,3,2,1,3,3,2,0,4,3,2,1,3,3,1,1,4,4,2,
12,0,4,3,1,1,3,3,1,0,4,3,2,1,3,3,1,1,3,4,2,
12,0,4,3,2,1,3,3,1,0,4,3,2,1,3,3,1,1,3,4,2,
12,0,4,3,2,1,3,4,1,0,4,3,2,1,3,3,1,1,4,4,2,
16,0,6,3,2,1,4,3,1,0,6,3,2,1,4,4,1,1,4,6,2,
13,0,4,3,2,1,3,3,1,0,4,3,2,1,3,3,1,1,4,4,2,
11,0,3,2,1,0,3,3,1,0,3,2,1,1,3,3,0,1,3,4,1,
12,0,3,2,1,0,3,3,1,0,3,2,1,0,3,3,0,1,3,4,1,
12,0,4,3,2,1,3,3,1,0,4,3,2,1,3,3,1,1,3,4,2,
12,0,4,2,1,1,3,3,0,0,4,3,2,1,3,3,1,1,3,4,1,
12,0,4,3,1,1,3,3,1,0,4,3,2,1,3,3,1,1,3,4,1,
12,0,4,3,1,1,3,3,1,0,4,3,2,1,3,3,1,1,3,4,1,
112,0,64,11,47,38,24,37,4,2,66,22,60,40,26,36,7,51,49,78,50,
13,0,4,3,1,1,3,3,0,0,4,3,1,1,3,3,1,1,3,4,1,
12,0,4,3,2,1,3,3,1,0,4,3,2,1,3,3,1,1,3,4,2,
12,0,4,3,2,1,3,4,1,1,4,3,2,1,4,3,1,1,4,4,2,
13,0,4,3,2,1,3,3,1,0,4,3,2,1,3,3,1,1,4,4,2,
13,0,4,2,1,0,3,3,0,0,4,2,1,0,3,3,0,1,3,4,1,
13,0,4,3,1,1,3,3,0,0,4,3,3,1,3,3,1,1,3,4,1,
11,0,3,2,1,0,3,3,0,0,3,2,1,0,3,3,0,1,3,4,1,
11,0,3,2,1,1,3,3,0,0,3,2,1,1,3,3,0,1,3,4,1,
14,0,6,2,1,1,3,3,0,0,6,3,1,1,3,3,1,1,3,6,1,
12,0,4,2,1,1,3,3,0,0,4,3,2,1,3,3,1,1,3,4,1,
12,0,4,3,1,1,3,3,0,0,4,3,2,1,3,3,1,1,3,4,1,
12,0,4,3,2,1,3,3,1,0,4,3,2,1,3,3,1,1,3,4,2,
13,1,3,2,1,2,2,2,0,1,3,2,1,2,2,2,0,2,2,3,1,
12,0,4,3,2,1,3,3,1,0,4,3,2,1,3,3,1,1,3,4,2,
12,0,4,3,2,1,3,4,1,1,4,3,2,1,4,3,1,1,4,4,2,
12,0,4,3,2,1,3,4,1,1,4,3,2,1,4,3,1,1,4,4,2,
12,0,4,3,2,1,4,4,1,1,4,3,2,1,4,4,1,2,4,4,2,
11,0,3,2,1,1,3,3,0,0,3,2,1,1,3,3,0,1,3,4,1,
11,0,3,2,1,0,3,3,0,0,3,2,1,0,3,3,0,1,3,4,1,
11,0,3,2,1,0,3,3,0,0,3,2,1,0,3,3,0,1,3,4,1,
12,0,4,3,1,1,3,3,0,0,4,3,2,1,3,3,1,1,3,4,1,
15,0,6,3,2,0,6,6,1,0,6,3,2,0,6,3,1,0,6,6,2,
15,0,4,3,1,1,3,3,1,0,4,3,2,1,3,3,1,1,3,4,1,
12,0,4,3,2,1,3,3,1,0,4,3,2,1,3,3,1,1,4,4,2,
12,0,4,3,2,1,3,3,1,0,4,3,2,1,3,3,1,1,4,4,2,
12,0,4,3,2,1,3,3,1,0,4,3,2,1,3,3,1,1,4,4,2,
12,0,4,3,2,1,3,4,1,1,4,3,2,1,4,3,1,1,4,4,2,
12,0,4,3,2,1,3,3,1,0,4,3,2,1,3,3,1,1,4,4,2,
12,0,4,3,2,1,3,4,1,1,4,3,2,1,4,3,1,2,4,4,2,
11,0,3,2,1,0,3,3,0,0,3,2,1,0,3,3,0,1,3,4,1,
11,0,3,2,1,0,3,3,0,0,3,2,1,0,3,3,0,1,3,4,1,
13,0,4,3,2,1,4,4,1,1,4,3,2,1,4,3,1,1,4,4,2,
12,0,4,2,1,1,3,3,0,0,4,3,2,1,3,3,1,1,3,4,1,
14,0,4,3,1,1,3,3,1,0,4,3,2,1,3,3,1,1,3,4,2,
12,0,4,3,2,1,3,3,1,0,4,3,2,1,3,3,1,1,4,4,2,
13,0,4,3,2,1,3,3,1,0,4,3,2,1,3,3,1,1,3,4,2,
12,0,4,3,2,1,3,3,1,0,4,3,2,1,3,3,1,1,3,4,2,
12,0,4,3,2,1,3,3,1,0,4,3,2,1,3,3,1,1,4,4,2,
13,0,5,3,2,1,4,4,1,1,4,3,2,1,4,4,1,1,4,4,2,
16,0,8,3,2,1,4,4,1,0,7,3,2,1,3,3,1,1,4,7,2,
13,0,4,3,2,1,4,4,1,1,4,3,2,1,4,4,1,1,4,4,2,
12,0,3,2,1,0,3,3,0,0,4,2,1,1,3,3,0,1,3,4,1,
12,0,3,2,1,1,3,3,0,0,4,2,1,1,3,3,0,1,3,4,1,
12,0,3,2,1,0,3,3,0,0,4,2,1,0,3,3,0,1,3,4,1,
12,0,4,3,1,1,3,3,0,0,4,3,2,1,3,3,1,1,3,4,1,
12,0,4,3,1,1,3,3,0,0,4,3,2,1,3,3,1,1,3,4,1,
12,0,4,3,1,1,3,3,1,0,4,3,2,1,3,3,1,1,3,4,1,
12,0,4,3,2,1,3,3,1,0,4,3,2,1,3,3,1,1,4,4,2,
12,0,4,3,2,1,3,3,1,0,4,3,2,1,3,3,1,1,4,4,2,
12,0,4,3,2,1,3,3,1,0,4,3,2,1,3,3,1,1,4,4,2,
12,0,4,3,2,1,4,4,1,1,4,3,2,1,4,3,1,1,4,4,2,
12,0,4,3,2,1,4,4,1,1,4,3,2,1,4,3,1,1,4,4,2,
15,0,7,3,2,1,6,4,1,1,7,3,2,1,6,3,1,1,4,7,2,
12,0,3,2,1,1,3,3,0,0,4,2,1,1,3,3,0,1,3,4,1,
12,0,3,2,1,0,3,3,0,0,3,2,1,0,3,3,0,1,3,4,1,
12,0,3,2,1,1,3,3,0,0,4,3,1,1,3,3,1,1,3,4,1,
12,0,4,3,1,1,3,3,0,0,4,3,2,1,3,3,1,1,3,4,1,
12,0,4,3,1,1,3,3,1,0,4,3,2,1,3,3,1,1,3,4,1,
12,0,4,3,1,1,3,3,1,0,4,3,2,1,3,3,1,1,3,4,2,
12,0,4,3,2,1,3,3,1,0,4,3,2,1,3,3,1,1,4,4,2,
12,0,4,3,2,1,3,3,1,0,4,3,2,1,3,3,1,1,3,4,2,
12,0,4,3,2,1,3,3,1,0,4,3,2,1,3,3,1,1,4,4,2,
12,0,3,2,1,0,3,3,0,0,3,2,1,0,3,3,0,0,3,4,1,
12,0,3,2,1,0,3,3,0,0,3,2,1,0,3,3,0,0,3,3,1,
12,0,4,3,2,1,3,4,1,1,4,3,2,1,4,3,1,1,4,4,2,
14,0,4,3,2,1,3,3,1,0,4,3,2,1,3,3,1,1,3,4,2,
33,0,25,2,1,1,24,3,0,0,25,23,1,0,24,3,0,1,3,25,1,
12,0,4,3,2,1,3,4,1,1,4,3,2,1,4,4,1,1,5,4,2,
12,0,4,3,1,1,3,3,1,0,4,3,2,1,3,3,1,1,3,4,1,
14,2,3,5,0,3,2,5,0,2,3,5,1,3,2,5,0,3,5,3,0,
12,0,4,3,1,1,3,3,1,0,4,3,2,1,3,3,1,1,3,4,2,
12,0,4,3,2,1,3,3,1,0,4,3,2,1,3,3,1,1,4,4,2,
29,21,4,3,2,1,3,3,1,0,4,3,2,1,3,3,1,1,4,4,2,
12,0,4,3,2,1,3,3,1,1,4,3,2,1,3,3,1,2,4,4,2,
15,0,4,3,2,1,3,3,1,1,4,3,2,1,3,3,1,1,4,4,2,
12,0,4,3,2,1,4,4,1,1,4,3,2,1,4,4,1,2,4,4,2,
11,0,3,2,1,0,3,3,0,0,3,2,1,0,3,3,0,1,3,3,1,
12,0,4,3,2,1,3,3,1,0,4,3,2,1,3,3,1,1,4,4,2,
14,0,3,2,1,0,3,3,0,0,4,2,1,0,3,3,0,1,3,4,1,
12,0,4,3,1,1,3,3,0,0,4,3,2,1,3,3,1,1,3,4,1,
31,0,4,3,1,1,3,3,1,0,4,3,2,1,3,3,1,22,3,4,2,
12,0,4,4,2,1,4,4,1,1,4,4,2,1,4,4,1,1,4,4,2,
13,4,3,4,1,5,2,5,0,5,3,4,1,5,2,5,0,5,5,3,1,
12,0,4,3,2,1,3,3,1,0,4,3,2,1,3,3,1,1,4,4,2,
12,0,4,3,2,1,3,3,1,0,4,3,2,1,3,3,1,1,4,4,2,
12,0,4,3,2,1,3,4,1,1,4,3,2,1,3,3,1,1,4,4,2,
32,0,3,2,1,0,2,3,0,0,3,2,1,0,3,3,0,1,23,3,1,
13,0,4,3,1,1,3,3,1,0,4,3,2,1,3,3,1,1,4,4,1,
27,0,3,2,2,1,3,3,19,0,3,2,2,2,3,3,0,2,3,3,2,
14,1,4,3,2,1,4,4,1,1,5,4,3,0,4,4,2,1,4,5,2,
29,0,4,4,1,1,4,4,0,0,4,4,21,1,4,4,0,1,4,4,1,
15,0,4,3,2,0,3,3,1,0,4,3,2,1,3,3,1,1,3,7,2,
12,0,4,3,2,1,3,3,1,0,4,3,2,1,3,3,1,1,4,4,2,
12,0,4,3,1,1,3,3,1,0,4,3,2,1,3,3,1,1,4,4,2,
12,0,4,3,1,1,3,3,1,0,4,3,2,1,3,3,1,1,4,4,2,
34,0,4,3,21,1,3,3,1,0,4,3,2,1,3,23,1,1,4,4,2,
12,0,3,3,1,1,3,3,0,0,3,3,1,1,3,3,1,1,4,4,1,
12,0,4,3,2,1,3,3,1,0,4,3,2,1,3,3,1,1,4,4,2,
11,0,3,2,1,0,3,3,0,0,3,2,1,0,3,3,0,1,3,4,1,
12,0,4,3,2,1,4,4,1,1,4,3,2,1,3,3,1,2,4,4,2,
12,0,3,2,1,0,3,3,0,0,4,3,1,1,3,3,0,1,3,4,1,
12,0,4,3,2,1,3,3,1,0,4,3,2,1,3,3,1,1,4,4,2,
35,0,24,2,1,21,3,3,0,0,3,2,1,0,3,3,0,1,3,3,1,
12,1,4,3,1,1,3,3,1,0,4,3,2,1,3,3,1,2,4,4,1,
14,0,4,3,2,0,3,4,1,0,4,3,2,0,3,3,1,0,4,4,2,
12,0,4,3,1,1,3,3,1,0,4,3,2,1,3,3,1,1,4,4,1,
12,0,4,3,1,1,3,3,1,0,4,3,2,1,3,3,1,1,4,4,2,
12,0,4,3,2,1,3,3,1,0,4,3,2,1,3,3,1,1,4,4,2,
12,0,4,3,2,1,3,3,1,0,4,3,2,1,3,3,1,1,4,4,2,
13,0,4,3,2,1,3,4,1,0,4,3,2,1,3,3,1,1,4,4,2,
12,0,3,2,1,0,2,3,0,0,3,2,1,0,2,3,0,1,3,4,1,
33,0,3,2,1,0,3,3,0,0,4,3,1,0,3,3,0,1,3,24,1,
12,0,4,3,1,1,3,3,0,0,4,3,1,1,3,3,1,1,4,4,1,
35,0,4,27,1,1,3,27,0,0,4,27,2,1,3,27,1,1,27,4,1,
12,0,4,3,1,1,3,3,1,0,4,3,2,1,3,3,1,1,3,4,1,
12,0,3,2,1,1,3,3,0,0,4,3,1,1,3,3,1,1,3,4,1,
12,0,4,3,1,1,3,3,1,0,4,3,2,1,3,3,1,1,3,4,1,
12,0,4,3,2,1,3,4,1,0,4,3,2,1,4,4,1,1,4,5,2,
14,0,4,3,1,1,3,3,1,0,4,3,2,1,3,3,1,1,3,4,1,
12,0,4,3,2,1,3,4,1,0,4,3,2,1,3,3,1,1,4,4,2,
12,0,4,3,2,1,3,3,1,0,4,3,2,1,3,3,1,1,4,4,2,
12,0,4,3,2,1,3,4,1,0,4,3,2,1,3,3,1,1,4,4,2,
15,0,6,2,1,0,5,3,0,0,6,2,1,0,5,3,0,1,3,6,1,
11,0,3,2,1,0,2,3,0,0,3,2,1,0,2,3,0,1,3,3,1,
11,0,3,2,1,0,3,3,0,0,3,2,1,0,3,3,0,1,3,3,1,
12,0,3,2,1,1,3,3,0,0,4,3,1,1,3,3,1,1,3,4,1,
31,0,3,2,1,0,23,3,0,0,4,3,1,1,3,3,1,1,3,4,1,
12,0,4,3,1,1,3,3,1,0,4,3,2,1,3,3,1,1,3,4,2,
12,0,4,3,1,1,3,3,1,0,4,3,2,1,3,3,1,1,3,4,1,
12,0,4,3,1,1,3,3,1,0,4,3,2,1,3,3,1,1,3,4,1,
13,0,4,4,1,1,3,5,1,0,4,4,2,1,3,5,1,1,5,4,2,
12,0,4,3,2,1,3,3,1,0,4,3,2,1,3,3,1,1,4,4,2,
14,0,4,3,2,1,3,4,1,0,4,3,2,1,3,3,1,1,4,4,2,
12,0,4,3,2,1,3,4,1,0,4,3,2,1,3,3,1,1,4,4,2,
13,0,3,2,1,0,3,3,0,0,4,2,1,0,3,3,0,1,3,4,1,
12,0,4,2,1,0,3,3,0,0,4,2,1,0,3,3,0,1,3,4,1,
12,0,3,2,1,1,3,3,0,0,4,3,1,1,3,3,0,1,3,4,1,
12,0,4,3,1,1,3,3,0,0,4,3,2,1,3,3,1,1,3,4,1,
12,0,3,3,1,1,3,3,0,0,4,3,1,1,3,3,1,1,3,4,1,
15,0,4,3,1,1,3,3,0,0,4,3,2,1,3,3,1,1,3,4,1,
30,20,3,2,0,20,2,2,0,19,3,2,1,20,2,2,0,21,2,3,0,
12,0,4,3,1,1,3,3,1,0,4,3,2,1,3,3,1,1,3,4,1,
12,0,4,3,1,1,3,3,1,0,4,3,2,1,3,3,1,1,3,4,2,
12,0,4,3,2,1,3,3,1,0,4,3,2,1,3,3,1,1,4,4,2,
12,0,4,3,2,1,3,3,1,0,4,3,2,1,3,3,1,1,4,4,2,
12,0,4,3,2,1,3,3,1,1,4,3,2,1,3,3,1,2,4,4,2,
12,0,3,2,1,0,3,3,0,0,3,2,1,0,3,3,0,1,3,4,1,
11,0,3,2,1,0,3,3,0,0,3,2,1,0,3,3,0,1,3,4,1,
14,0,3,2,1,0,3,3,0,0,3,2,1,0,3,3,0,1,3,4,1,
12,0,4,3,1,1,3,3,0,0,4,3,2,1,3,3,1,1,3,4,1,
12,0,3,2,1,0,3,3,0,0,3,2,1,0,3,3,0,1,3,3,1,
12,0,4,3,1,1,3,3,0,0,4,3,2,1,3,3,1,1,3,4,1,
12,0,4,3,1,1,3,3,1,0,4,3,2,4,3,3,1,4,3,4,1,
12,0,4,3,1,1,3,3,1,0,4,3,2,1,3,3,1,1,3,4,1,
12,0,4,3,1,1,3,3,1,0,4,3,2,1,3,3,1,1,3,4,2,
12,0,4,3,2,1,3,3,1,1,4,3,2,1,3,3,1,2,4,4,2,
12,0,4,3,2,1,3,3,1,0,4,3,2,1,3,3,1,1,4,4,2,
12,0,4,3,2,1,3,3,1,1,4,3,2,1,3,3,1,1,4,4,2,
13,0,3,2,1,0,3,3,0,0,3,3,1,0,3,3,0,1,3,4,1,
12,0,3,2,1,0,3,3,0,0,3,2,1,0,3,3,0,1,3,4,1,
11,0,3,2,1,0,3,3,0,0,3,2,1,0,3,2,0,1,3,3,1,
14,0,3,2,1,0,3,3,0,0,3,2,1,0,3,2,0,1,3,4,1,
12,0,3,2,1,1,3,3,0,0,4,3,2,1,3,3,1,1,3,4,1,
12,0,3,2,1,1,3,3,0,0,4,3,1,1,3,3,1,1,3,4,1,
12,0,4,3,1,1,3,3,1,0,4,3,2,1,3,3,1,1,3,4,1,
14,2,3,5,0,2,2,5,0,2,3,5,1,2,2,5,0,3,5,3,0,
12,0,4,3,1,1,3,3,1,0,4,3,2,1,3,3,1,1,3,4,2,
12,0,4,3,2,1,3,3,1,0,4,3,2,1,3,3,1,1,4,4,2,
12,0,4,3,2,1,3,3,1,0,4,3,2,1,3,3,1,1,4,4,2,
12,0,4,3,2,1,3,4,1,1,4,3,2,1,3,3,1,2,4,4,2,
14,0,4,3,2,1,3,3,1,0,4,3,2,1,3,3,1,1,4,4,2,
11,0,3,2,1,0,2,3,0,0,3,2,1,0,3,3,0,1,3,4,1,
12,0,3,2,1,0,3,3,0,0,3,2,1,0,3,3,0,1,3,4,1,
12,0,4,3,2,1,3,4,1,0,4,3,2,1,3,3,1,1,4,4,2,
13,0,4,2,1,0,3,3,0,0,4,2,2,0,3,3,0,1,3,4,1,
11,0,3,2,1,0,3,3,0,0,3,2,1,0,3,2,0,1,3,4,1,
12,0,4,3,1,1,3,3,1,0,4,3,2,1,3,3,1,1,3,4,2,
12,1,3,2,0,2,2,2,0,1,3,2,1,2,2,2,0,2,2,3,1,
13,4,3,5,1,5,2,5,0,4,3,5,1,5,2,5,0,5,5,3,1,
12,0,4,3,2,1,3,3,1,0,4,3,2,1,3,3,2,1,4,4,2,
12,0,4,3,2,1,3,3,1,1,4,3,2,1,3,3,1,1,4,4,2,
12,0,4,3,2,1,3,3,1,1,4,3,2,1,3,3,1,1,4,4,2,
11,0,3,2,1,0,3,3,0,0,3,2,1,0,3,3,1,1,3,4,1,
12,0,4,3,2,1,3,3,1,0,4,3,2,1,3,3,1,1,3,4,2,
12,0,3,2,1,0,3,3,0,0,3,2,1,0,3,3,1,1,3,4,1,
12,0,3,2,1,1,3,3,0,0,4,3,2,1,3,3,1,1,3,4,1,
12,0,3,2,1,1,3,3,0,0,4,3,2,1,3,3,0,1,3,4,1,
12,0,4,2,1,1,3,3,0,0,4,3,2,1,3,3,1,1,3,4,1,
12,0,4,3,1,1,3,3,1,0,4,3,2,1,3,3,2,1,3,4,2,
12,0,4,3,2,1,3,3,1,0,4,3,2,1,3,3,1,1,3,4,2,
12,0,4,3,2,1,3,3,1,0,4,3,2,1,3,3,1,1,3,4,2,
15,0,4,3,2,1,3,4,1,1,4,4,2,1,3,3,2,2,4,4,2,
12,0,4,3,2,1,3,3,1,0,4,3,2,1,3,3,2,1,4,4,2,
33,0,3,2,1,0,2,3,0,0,3,3,1,0,2,3,0,0,3,3,1,
13,0,3,2,1,0,3,3,0,0,3,3,1,0,3,3,0,1,3,4,1,
11,0,3,2,1,0,2,3,0,0,3,3,1,0,3,2,1,1,3,3,1,
14,0,3,2,1,1,3,3,1,1,4,3,2,1,3,3,1,1,3,4,1,
12,0,4,2,1,1,3,3,1,1,4,3,2,1,3,3,1,1,3,4,1,
12,0,3,2,1,0,3,3,0,0,4,3,2,1,3,3,1,1,3,4,1,
12,0,3,2,1,1,3,3,1,1,4,3,2,1,3,3,1,1,3,4,1,
13,0,4,4,0,0,4,4,0,0,4,4,1,0,4,4,0,0,4,4,0,
12,0,3,2,0,0,2,2,0,0,3,2,1,0,2,2,1,0,2,3,0,
12,0,3,2,0,0,2,2,0,0,3,2,1,0,2,2,1,0,2,3,1,
12,0,3,2,1,0,2,2,0,0,3,2,1,0,2,2,0,0,3,3,1,
14,0,3,2,0,0,2,2,0,0,3,2,1,0,2,2,0,0,2,3,1,
12,0,3,2,1,0,2,2,0,0,3,2,1,0,2,2,1,0,3,3,1,
12,0,3,2,1,0,2,3,0,0,3,3,1,0,3,3,0,1,3,3,1,
11,0,3,2,1,0,2,3,0,0,4,3,1,0,3,3,0,1,3,3,1,
12,0,4,2,1,1,3,3,0,0,4,3,1,1,3,3,0,1,3,4,1,
12,0,3,3,1,1,3,3,0,0,4,3,2,1,3,3,1,1,3,4,1,
12,0,3,2,1,0,3,3,0,0,4,3,2,1,3,3,0,1,3,4,1,
12,0,3,1,0,0,2,2,0,0,3,2,1,0,2,2,0,0,2,3,0,
12,0,3,2,0,0,2,2,0,0,3,2,1,0,2,2,0,0,2,3,1,
13,0,4,3,2,0,3,3,1,0,4,3,2,0,3,3,2,1,3,4,2,
14,0,3,2,0,0,2,2,0,0,3,2,1,0,2,2,1,0,2,3,1,
12,0,3,2,1,0,2,2,0,0,3,2,1,0,2,2,0,1,3,3,1,
13,0,3,2,1,0,2,2,0,0,3,2,1,0,2,2,1,0,3,4,1,
12,0,3,2,1,0,2,3,0,0,3,2,1,0,2,2,1,0,3,3,1,
16,0,6,2,1,0,5,2,0,0,6,2,1,0,5,2,1,0,2,6,1,
12,0,4,2,1,0,3,3,0,0,4,2,1,0,3,2,1,1,3,4,1,
12,0,3,2,1,0,2,3,0,0,3,3,1,0,3,3,1,1,3,4,1,
12,0,4,2,1,1,3,3,0,0,4,3,2,1,3,3,0,1,3,4,1,
12,0,4,2,1,0,3,3,0,0,4,3,1,1,3,3,1,1,3,4,1,
12,0,3,1,0,0,2,2,0,0,3,2,1,0,2,2,0,0,2,3,0,
12,0,3,2,0,0,2,2,0,0,3,2,1,0,2,2,1,0,2,3,0,
12,0,3,2,0,0,2,2,0,0,3,2,1,0,2,2,0,0,2,3,0,
12,0,3,2,1,0,2,2,0,0,3,2,1,0,2,2,0,0,2,3,1,
12,0,3,2,1,0,2,2,0,0,3,2,1,0,2,2,0,0,3,3,1,
13,0,3,2,1,0,2,2,0,0,3,2,1,0,2,2,0,0,3,3,1,
12,0,3,2,1,0,2,2,0,0,3,2,1,0,2,2,0,0,3,3,1,
13,0,3,2,1,0,2,3,0,0,4,3,1,0,3,3,0,1,3,4,1,
11,0,3,2,1,0,2,3,0,0,3,2,1,0,3,3,0,1,3,4,1,
12,0,3,2,1,0,2,3,0,0,4,3,1,1,3,3,0,1,3,4,1,
12,0,4,2,1,1,3,3,0,0,4,3,2,1,3,3,1,1,3,4,1,
12,0,4,2,1,0,3,3,0,0,4,3,1,1,3,3,1,1,3,4,1,
12,0,3,1,0,0,2,2,0,0,3,2,1,0,2,2,0,0,2,3,0,
13,0,3,2,1,0,2,2,0,0,3,2,1,0,2,2,0,0,2,3,1,
12,0,3,2,1,0,2,2,0,0,3,2,1,0,2,2,0,0,2,3,0,
12,0,3,2,1,0,2,2,0,0,3,2,1,0,2,2,0,0,2,3,1,
12,0,3,2,1,0,2,2,0,0,3,2,1,0,2,2,0,0,3,3,1,
12,0,3,2,1,0,2,2,0,0,3,2,1,0,2,2,0,0,3,3,1,
12,0,3,2,1,0,2,2,0,0,3,2,1,0,2,2,0,0,3,3,1,
12,0,3,2,1,0,2,3,0,0,4,2,1,0,3,3,0,1,3,4,1,
12,0,3,2,1,0,2,3,0,0,4,2,1,0,3,3,0,1,3,4,1,
14,0,3,1,0,0,2,2,0,0,3,2,0,0,2,2,0,0,2,3,0,
12,0,4,2,1,1,3,3,0,0,4,3,1,1,3,3,1,1,3,4,1,
12,0,4,2,1,1,3,3,0,0,4,3,1,1,3,3,1,1,3,4,1,
12,0,3,2,0,0,2,2,0,0,3,2,1,0,2,2,0,0,2,3,0,
14,4,3,4,0,5,2,4,0,4,3,4,0,5,2,4,0,5,5,3,0,
12,0,3,2,0,0,2,2,0,0,3,2,1,0,2,2,0,0,2,3,0,
12,0,3,2,1,0,2,2,0,0,3,2,1,0,2,2,0,0,2,3,1,
12,0,3,2,1,0,2,2,0,0,3,2,1,0,2,2,0,0,3,3,1,
12,0,3,2,1,0,2,2,0,0,3,2,1,0,2,2,0,0,2,3,1,
14,0,3,2,1,0,2,3,0,0,3,2,1,0,3,2,0,1,3,3,1,
13,0,4,2,1,0,3,3,0,0,4,3,1,0,3,3,0,1,3,4,1,
12,0,3,2,1,0,2,3,0,0,3,3,1,0,3,2,0,1,3,4,1,
12,0,3,2,1,0,3,3,0,0,4,3,1,0,3,2,0,1,3,4,1,
12,0,3,1,0,0,2,2,0,0,3,2,0,0,2,2,0,0,2,3,0,
12,0,4,2,1,1,3,3,1,0,4,3,1,1,3,3,1,1,3,4,1,
12,0,3,1,0,0,2,2,0,0,3,2,1,0,2,2,0,0,2,3,0,
12,0,3,2,1,0,2,2,0,0,3,2,1,0,2,2,0,0,2,3,1,
13,4,3,5,1,5,2,5,0,4,3,5,1,5,2,5,0,5,5,3,1,
12,0,3,2,1,0,2,2,0,0,3,2,1,0,2,2,0,0,2,3,1,
12,0,3,2,1,0,2,2,0,0,3,3,1,0,2,2,0,0,3,3,1,
12,0,3,2,1,0,2,2,0,0,3,2,1,0,2,2,0,0,3,3,1,
12,0,3,2,1,0,2,2,0,0,3,3,1,0,2,2,0,0,3,3,1,
13,0,3,2,1,1,3,3,0,0,4,3,1,1,3,3,1,1,3,4,1,
12,0,3,2,1,0,3,3,0,0,3,3,1,0,3,2,0,1,3,4,1,
11,0,3,2,1,0,3,3,0,0,3,3,1,0,3,3,0,1,3,4,1,
12,0,3,2,0,0,2,2,0,0,3,2,1,0,2,2,0,0,2,3,0,
15,0,6,2,1,0,2,2,0,0,6,2,1,0,2,2,0,0,2,6,1,
12,0,3,1,0,0,2,2,0,0,3,2,1,0,2,2,0,0,2,3,0,
12,0,3,2,0,0,2,2,0,0,3,2,1,0,2,2,0,0,2,3,1,
12,0,3,2,0,0,2,2,0,0,3,2,1,0,2,2,0,0,2,3,1,
15,0,3,2,1,0,2,2,0,0,3,2,1,0,2,2,0,2,3,3,1,
12,0,3,2,1,0,2,2,0,0,3,2,1,0,2,2,0,0,3,3,1,
12,0,3,2,1,0,2,2,0,0,3,2,1,0,2,2,0,0,3,3,1,
11,0,3,2,1,0,2,2,0,0,3,2,1,0,3,2,0,0,3,3,1,
12,0,3,2,1,0,3,3,0,0,4,3,1,1,3,3,0,1,3,4,1,
12,0,3,2,1,0,3,3,0,0,4,3,1,0,3,3,0,1,3,4,1,
15,0,3,2,1,0,3,3,0,0,3,3,1,1,3,3,0,1,3,4,1,
12,0,3,2,0,0,2,2,0,0,3,2,1,0,2,2,0,0,2,3,0,
12,0,3,1,0,0,2,2,0,0,3,2,1,0,2,2,0,0,2,3,0,
15,0,3,1,0,0,2,2,0,0,3,2,1,0,2,2,0,0,2,3,0,
12,0,3,2,1,0,2,2,0,0,3,2,1,0,2,2,0,0,2,3,1,
12,0,3,2,1,0,2,2,0,0,3,2,1,0,2,2,0,0,2,3,1,
12,0,3,2,1,0,2,2,0,0,3,2,1,0,2,2,0,0,2,3,1,
12,0,3,2,1,0,2,2,0,0,3,3,1,0,2,2,0,0,3,3,1,
12,0,3,2,1,0,2,2,0,0,3,2,1,0,2,2,0,0,3,3,1,
11,0,3,2,1,0,2,3,0,0,3,3,1,0,3,2,0,1,3,4,1,
12,0,4,2,1,1,3,3,0,0,4,3,1,1,3,3,1,1,3,4,1,
12,0,4,2,1,0,3,3,0,0,4,3,1,1,3,3,1,1,3,4,1,
12,0,3,1,0,0,2,2,0,0,3,2,1,0,2,2,0,0,2,3,0,
12,0,3,2,1,0,2,2,0,0,3,2,1,0,2,2,0,0,2,3,1,
12,0,3,2,0,0,2,2,0,0,3,2,1,0,2,2,0,0,2,3,0,
12,0,3,2,0,0,2,2,0,0,3,2,1,0,2,2,0,0,2,3,0,
13,0,4,3,2,0,3,4,1,0,4,4,2,0,4,3,1,1,4,4,2,
15,0,3,2,1,0,2,2,0,0,3,2,1,0,2,2,0,0,2,3,1,
12,0,3,2,1,0,2,2,0,0,3,2,1,0,2,2,0,0,2,3,1,
