16,4,4,3,0,4,4,4,0,3,4,
14,4,5,4,1,5,5,4,0,4,5,
14,4,5,4,1,4,5,4,0,4,5,
14,3,4,4,0,3,4,4,0,3,4,
13,4,4,4,0,4,4,4,0,4,4,
13,3,4,4,0,3,5,4,0,3,4,
15,3,7,4,0,3,7,4,0,3,7,
13,3,4,4,0,3,5,4,0,3,4,
13,4,5,4,0,5,5,4,0,4,5,
13,4,5,4,0,5,5,4,0,4,5,
13,4,5,4,0,5,5,4,0,4,5,
13,4,5,4,0,5,5,4,0,4,5,
13,4,5,4,1,5,5,4,0,4,5,
14,4,5,4,0,5,5,4,0,5,5,
14,4,5,4,1,5,5,4,0,5,5,
14,3,3,4,0,3,3,4,0,3,3,
13,3,4,4,0,3,4,4,0,3,4,
13,3,4,4,0,3,4,4,0,3,4,
13,3,4,4,0,3,5,4,0,3,4,
13,4,4,4,0,4,5,4,0,4,4,
13,3,4,4,0,4,5,4,0,3,5,
13,3,4,4,0,4,5,4,0,3,5,
13,4,5,4,0,5,5,4,0,4,5,
14,3,4,3,0,3,4,4,0,3,4,
14,4,4,4,0,4,4,4,0,4,4,
14,3,4,3,0,3,4,4,0,3,4,
14,4,4,4,0,4,4,4,0,4,4,
14,3,4,4,0,3,4,4,0,3,4,
13,4,4,4,0,4,4,4,0,4,4,
13,4,4,4,0,4,4,4,0,4,4,
15,3,4,4,0,4,5,4,0,3,5,
13,4,4,4,0,4,5,4,0,4,4,
13,4,4,4,0,4,5,4,0,4,4,
13,4,4,4,0,4,5,4,0,4,5,
16,3,4,4,0,3,5,4,0,3,4,
16,4,5,4,0,5,5,4,0,4,5,
13,4,5,4,0,5,5,4,0,4,5,
14,4,6,5,0,4,6,5,0,4,6,
13,4,5,4,0,4,5,4,1,4,5,
16,4,7,4,0,4,7,7,1,4,7,
13,3,4,3,0,3,4,4,0,3,4,
13,3,4,4,0,3,5,4,0,3,4,
13,3,4,4,0,3,5,4,0,3,4,
13,3,4,4,0,3,5,4,0,3,4,
13,4,5,4,0,4,5,4,1,4,5,
13,3,4,4,0,4,5,4,0,3,5,
13,3,4,4,0,4,5,4,0,3,5,
13,3,5,4,0,4,5,4,0,4,5,
13,4,5,4,0,4,5,4,0,4,5,
15,4,5,4,0,4,5,4,1,4,5,
13,4,5,4,0,4,5,4,1,4,5,
14,3,4,3,0,3,4,4,0,3,4,
13,3,4,4,0,3,4,4,0,3,4,
14,3,4,3,0,3,4,3,0,3,4,
13,3,4,4,0,3,5,4,0,3,4,
13,3,4,4,0,4,5,4,0,3,5,
13,3,4,4,0,4,5,4,0,3,5,
15,3,4,3,0,3,4,3,0,3,4,
13,3,4,4,0,4,5,4,0,3,5,
13,3,5,4,0,4,5,4,0,4,5,
14,3,4,3,0,3,4,4,0,3,4,
14,3,4,3,0,3,4,3,0,3,4,
13,3,4,4,0,4,5,4,0,3,5,
13,3,4,4,0,3,4,4,0,3,4,
13,3,4,3,0,3,4,4,0,3,4,
13,3,4,4,0,3,4,4,0,3,4,
13,3,4,4,0,3,5,4,0,3,4,
13,3,4,4,0,4,5,4,0,4,5,
13,3,4,4,0,4,5,4,0,3,5,
13,3,4,4,0,4,5,4,0,3,5,
16,3,7,4,0,4,8,4,0,3,8,
15,4,5,4,0,4,5,4,0,4,5,
13,4,5,4,0,4,5,4,1,4,5,
13,3,4,3,0,3,4,3,0,3,4,
14,3,4,3,0,3,4,4,0,3,4,
15,4,6,5,0,4,6,6,0,4,6,
13,3,4,3,0,3,4,4,0,3,4,
13,3,4,4,0,3,4,4,0,3,4,
13,3,4,4,0,4,5,4,0,3,4,
15,6,4,4,0,6,5,4,0,6,4,
13,3,4,4,1,4,5,4,0,3,5,
13,3,4,4,0,4,5,4,0,3,5,
13,3,5,4,0,4,5,4,0,3,5,
13,4,5,4,1,4,5,4,0,4,5,
14,4,5,4,1,4,5,4,0,4,5,
14,2,4,3,0,3,4,4,0,2,4,
14,3,5,4,0,4,5,4,1,3,5,
13,3,4,3,0,3,4,4,0,3,4,
14,3,6,3,0,3,6,3,0,3,6,
13,3,4,4,0,3,4,4,0,3,4,
13,3,4,4,0,4,5,4,0,3,4,
13,3,4,4,0,4,5,4,0,3,5,
13,3,4,4,0,4,5,4,0,3,5,
15,3,5,4,0,4,5,4,0,4,5,
16,3,4,4,0,4,5,4,0,3,5,
13,3,5,4,0,4,5,4,0,4,5,
13,4,5,4,0,4,5,4,1,4,5,
17,4,5,4,0,7,5,4,1,4,5,
14,3,4,3,0,3,4,4,0,3,4,
13,3,4,4,0,3,5,4,0,3,4,
13,3,4,4,0,3,4,4,0,3,4,
13,3,4,4,0,4,5,4,0,3,4,
13,3,4,4,0,3,5,4,0,3,4,
13,3,4,4,0,4,5,4,0,3,4,
13,3,4,4,0,4,5,4,0,3,5,
13,3,4,4,0,4,5,4,0,3,5,
16,3,7,4,0,4,7,4,0,3,7,
14,3,4,4,0,4,5,4,0,3,5,
13,4,5,4,0,4,5,4,0,4,5,
13,4,5,4,0,4,5,4,1,4,5,
14,3,4,3,0,3,4,4,0,3,4,
15,3,4,4,0,4,5,4,0,3,4,
14,3,4,3,0,3,4,4,0,3,4,
13,3,4,4,0,4,5,4,0,3,4,
13,3,4,4,0,3,5,4,0,3,4,
15,5,4,7,0,5,5,7,0,5,4,
13,3,4,4,0,4,5,4,0,3,5,
13,4,5,4,0,4,5,4,0,4,5,
13,4,5,4,0,4,5,4,0,4,5,
13,4,5,4,0,4,5,4,0,4,5,
14,4,5,4,0,4,5,4,1,4,5,
14,3,4,3,0,3,4,3,0,3,4,
14,3,4,3,0,3,4,4,0,3,4,
13,3,4,3,0,3,4,4,0,3,4,
13,3,4,4,0,3,5,4,0,3,4,
13,3,4,4,0,4,5,4,0,3,5,
13,3,4,4,0,4,5,4,0,3,5,
13,3,5,4,0,4,5,4,0,4,5,
13,3,4,4,0,4,5,4,0,3,5,
14,3,5,4,0,4,5,4,0,3,5,
13,3,5,4,0,4,5,4,0,3,5,
13,3,5,4,0,4,5,4,0,4,5,
13,4,5,4,0,4,5,4,0,4,5,
13,4,5,4,0,4,5,4,0,4,5,
13,3,4,3,0,3,4,3,0,3,4,
13,3,4,3,0,3,4,4,0,3,4,
13,3,4,3,0,3,4,4,0,3,4,
13,3,4,4,0,3,5,4,0,3,4,
13,4,4,5,0,4,4,5,0,4,4,
13,3,4,4,0,4,5,4,0,3,4,
13,3,4,4,0,4,5,4,0,3,5,
13,3,4,4,0,4,5,4,0,3,5,
13,3,5,4,0,4,5,4,0,3,5,
13,3,5,4,0,4,5,4,0,4,5,
13,4,5,4,0,4,5,4,0,4,5,
14,3,4,3,0,3,4,4,0,3,4,
14,3,4,3,0,3,4,4,0,3,4,
13,3,4,3,0,3,4,4,0,3,4,
13,3,4,4,0,3,5,4,0,3,4,
13,3,4,4,0,3,4,4,0,3,4,
13,3,4,4,0,4,5,4,0,3,4,
13,3,4,4,0,4,5,4,0,3,5,
15,3,4,3,0,3,4,4,0,3,4,
15,3,5,4,0,4,5,4,0,3,5,
13,3,5,4,0,4,5,4,0,3,5,
13,3,5,4,0,4,5,4,0,4,5,
14,4,4,5,0,5,4,5,0,4,4,
14,3,4,3,0,3,4,4,0,3,4,
14,3,4,3,0,3,4,4,0,3,4,
13,3,4,3,0,3,4,4,0,3,4,
13,3,4,3,0,3,5,4,0,3,4,
13,3,4,4,0,3,5,4,0,3,4,
170,27,96,28,70,48,114,67,28,0,63,
66,3,38,3,13,3,57,9,0,3,5,
14,3,4,6,0,4,5,6,0,3,5,
13,3,5,3,0,4,5,4,0,3,5,
13,3,5,4,0,4,5,4,0,4,5,
13,4,5,4,0,4,5,4,0,4,5,
13,4,5,4,0,5,5,4,1,4,5,
13,4,5,4,0,4,5,4,0,4,5,
14,3,4,3,0,3,4,4,0,3,4,
13,3,4,3,0,3,4,4,0,3,4,
13,3,4,3,0,3,4,4,0,3,4,
13,3,4,4,0,3,5,4,0,3,4,
15,4,4,6,0,5,4,6,0,5,4,
13,3,4,4,0,4,5,4,0,3,5,
13,3,4,4,0,4,5,4,0,3,5,
13,3,4,4,0,4,5,4,0,3,5,
13,3,5,4,0,4,5,4,0,4,5,
14,4,5,4,0,4,5,5,0,4,5,
13,4,5,4,0,4,5,4,0,4,5,
13,3,4,3,0,3,4,3,0,3,4,
13,3,4,3,0,3,4,3,0,3,4,
13,3,4,3,0,3,4,4,0,3,4,
13,3,4,3,0,3,4,4,0,3,4,
13,3,4,4,0,4,5,4,0,3,4,
14,3,4,4,0,4,5,4,0,3,5,
13,3,5,4,0,4,5,4,0,4,5,
13,3,4,4,0,4,5,4,0,3,5,
13,3,4,4,0,4,5,4,0,3,5,
13,3,5,4,0,4,5,4,0,4,5,
14,3,4,4,0,3,5,4,0,3,4,
14,3,4,4,0,3,5,4,0,3,4,
15,4,7,4,0,4,7,7,0,4,7,
14,3,4,3,0,3,4,3,0,3,4,
13,3,4,3,0,3,4,4,0,3,4,
13,3,4,3,0,3,4,4,0,3,4,
13,3,4,4,0,4,5,4,0,3,4,
13,3,4,4,0,4,5,4,0,3,4,
13,3,4,4,0,4,5,4,0,3,5,
13,3,4,4,0,4,5,4,0,3,5,
13,3,4,4,0,4,5,4,0,3,5,
13,3,5,4,0,4,5,4,0,3,5,
15,4,5,4,0,4,5,4,0,4,5,
33,4,4,4,0,4,5,4,0,4,5,
13,3,4,4,0,4,5,4,0,3,4,
16,4,7,4,0,4,7,4,1,4,7,
14,4,5,4,0,5,5,4,1,4,5,
13,3,4,3,0,3,4,4,0,3,4,
13,3,4,4,0,3,5,4,0,3,4,
34,3,4,4,0,4,5,4,0,3,4,
14,5,6,5,0,5,6,5,0,5,6,
13,3,4,4,0,4,4,4,0,3,4,
13,3,4,4,0,4,5,4,0,3,5,
13,3,4,4,0,4,5,4,0,3,5,
15,6,5,4,0,7,5,4,0,6,5,
13,3,5,4,0,4,5,4,0,4,5,
13,3,5,4,0,4,5,4,0,4,5,
13,4,5,4,0,4,5,4,1,4,5,
13,3,4,3,0,3,4,3,0,3,4,
13,3,4,3,0,4,4,4,0,3,4,
13,3,4,4,0,3,5,4,0,3,4,
13,3,4,4,0,3,5,4,0,3,4,
13,3,4,4,0,4,5,4,0,3,4,
13,3,4,3,0,4,5,3,0,3,4,
13,3,5,4,0,4,5,4,0,3,5,
13,3,5,4,0,4,5,4,0,3,5,
13,3,5,4,0,4,5,4,0,3,5,
13,3,5,4,0,4,5,4,0,3,5,
16,3,4,4,0,4,5,4,0,3,5,
14,3,4,3,0,3,4,4,0,3,4,
13,3,4,3,0,3,4,3,0,3,4,
13,3,4,3,0,3,4,4,0,3,4,
16,6,4,4,0,6,5,4,0,6,4,
13,3,4,4,0,3,5,4,0,3,4,
13,3,4,4,0,3,5,4,0,3,4,
13,3,4,4,0,3,5,4,0,3,4,
13,3,4,4,0,4,5,4,0,3,5,
13,3,4,4,0,4,5,4,0,3,5,
13,3,5,4,0,4,5,4,0,3,5,
13,3,5,4,0,4,5,4,0,4,5,
13,4,5,4,0,4,5,4,1,4,5,
15,3,7,3,0,3,7,3,0,3,7,
15,3,4,4,0,4,5,4,0,3,5,
13,3,4,3,0,3,4,4,0,3,4,
13,3,4,3,0,3,4,4,0,3,4,
13,3,4,4,0,3,5,4,0,3,4,
15,3,5,4,0,4,5,4,0,4,5,
14,3,4,4,0,3,5,4,0,3,4,
13,3,4,4,0,3,5,4,0,3,5,
13,3,5,4,0,4,5,4,0,3,5,
16,6,5,4,0,7,5,4,0,7,5,
13,4,5,4,0,4,5,4,0,4,5,
13,4,5,4,0,4,5,4,1,4,5,
13,3,4,3,0,3,4,3,0,3,4,
13,3,4,3,0,3,4,3,0,3,4,
13,3,4,3,0,3,4,3,0,3,4,
13,3,4,4,0,3,5,4,0,3,4,
13,4,5,4,0,4,5,4,0,4,5,
13,3,4,4,0,3,5,4,0,3,4,
16,3,7,4,0,3,8,4,0,3,8,
16,3,4,4,0,3,4,4,0,3,4,
13,3,4,4,0,4,5,4,0,3,5,
13,4,5,4,0,4,5,4,0,4,5,
14,3,4,4,0,3,5,4,0,3,4,
16,3,4,3,0,3,7,3,0,3,7,
13,3,4,3,0,3,4,3,0,3,4,
13,3,4,3,0,3,4,4,0,3,4,
13,3,4,3,0,3,4,4,0,3,4,
13,3,4,4,0,3,5,4,0,3,4,
13,3,4,4,0,3,5,4,0,3,4,
13,3,4,4,0,3,5,4,0,3,4,
13,3,4,4,0,3,5,4,0,3,5,
13,3,4,4,0,4,5,4,0,3,5,
13,3,4,4,0,4,5,4,0,3,5,
14,3,5,4,0,4,5,4,0,3,5,
13,3,4,3,0,3,4,3,0,3,4,
13,3,4,3,0,3,4,3,0,3,4,
13,3,4,3,0,3,4,3,0,3,4,
13,3,4,3,0,3,4,3,0,3,4,
13,3,4,3,0,3,4,4,0,3,4,
13,3,5,3,0,3,5,5,0,3,5,
13,3,4,4,0,4,5,4,0,3,5,
15,4,6,5,0,4,6,6,0,4,6,
13,3,4,4,0,3,5,4,0,3,4,
13,3,4,4,0,3,5,4,0,3,5,
13,3,4,4,0,4,5,4,0,3,5,
13,4,5,4,0,4,5,4,0,4,5,
14,3,5,4,0,4,6,4,0,3,6,
13,4,4,5,0,4,5,5,1,4,4,
13,3,4,3,0,3,4,3,0,3,4,
12,3,4,3,0,3,4,3,0,3,4,
12,3,4,3,0,3,4,3,0,3,4,
12,3,4,3,0,3,4,4,0,3,4,
13,3,4,3,0,3,4,4,0,3,4,
13,3,4,4,0,3,4,4,0,3,4,
13,3,4,4,0,3,4,4,0,3,4,
13,3,4,4,0,4,5,4,0,3,4,
13,3,4,4,0,4,5,4,0,3,5,
14,3,4,4,0,4,5,4,0,4,5,
16,3,4,4,0,4,5,4,0,3,4,
13,4,5,4,0,4,5,4,0,4,5,
13,3,4,3,0,3,4,3,0,3,4,
12,3,4,3,0,3,4,3,0,3,4,
12,3,4,3,0,3,4,3,0,3,4,
13,3,4,3,0,3,4,4,0,3,4,
15,3,4,4,0,3,5,4,0,3,4,
13,3,4,4,0,3,4,4,0,3,4,
13,3,4,4,0,3,4,4,0,3,4,
13,3,4,4,0,4,5,4,0,3,5,
13,4,4,4,0,4,5,4,0,4,5,
13,3,4,4,0,4,5,4,0,4,5,
13,4,4,4,0,4,5,4,0,4,5,
13,4,5,4,0,4,5,4,0,4,5,
12,3,4,3,0,3,4,3,0,3,4,
12,3,4,3,0,3,4,3,0,3,4,
16,3,4,4,0,3,5,4,0,3,4,
12,3,4,3,0,3,4,4,0,3,4,
13,4,3,5,0,4,3,5,0,4,3,
13,3,4,4,0,4,5,4,0,3,4,
13,3,4,4,0,4,5,4,0,3,4,
13,3,4,4,0,4,5,4,0,3,4,
13,3,4,4,0,4,5,4,0,3,5,
13,3,4,4,0,4,5,4,0,3,5,
13,4,4,4,0,4,5,4,0,4,5,
13,3,4,3,0,3,4,3,0,3,4,
12,3,4,3,0,3,4,3,0,3,4,
12,3,4,3,0,3,4,3,0,3,4,
12,3,4,3,0,3,4,4,0,3,4,
13,3,4,3,0,3,4,4,0,3,4,
13,3,4,4,0,3,4,4,0,3,4,
13,3,4,4,0,3,5,4,0,3,4,
15,2,3,2,0,2,4,2,0,2,3,
13,3,4,4,0,4,5,4,0,3,5,
13,3,4,4,0,4,5,4,0,3,5,
13,4,5,4,0,4,5,4,0,4,5,
14,4,5,4,0,4,5,4,0,4,5,
13,3,4,3,0,3,4,3,0,3,4,
12,3,4,3,0,3,4,3,0,3,4,
13,3,4,3,0,3,4,3,0,3,4,
13,3,4,3,0,3,4,4,0,3,4,
13,3,4,3,0,3,4,4,0,3,4,
13,4,4,4,0,4,5,4,0,4,5,
13,3,4,4,0,3,5,4,0,3,4,
13,3,4,4,0,3,5,4,0,3,4,
13,3,4,4,0,4,5,4,0,3,5,
16,3,4,4,0,3,5,4,0,3,4,
14,3,4,3,0,3,4,4,0,3,4,
13,4,5,4,0,4,5,4,0,4,5,
13,4,5,4,0,4,5,4,0,4,5,
14,2,3,3,0,3,4,3,0,2,4,
12,3,4,3,0,3,4,4,0,3,4,
14,4,4,3,0,4,4,3,0,4,4,
13,3,4,4,0,4,5,4,0,3,4,
13,3,4,4,0,3,4,4,0,3,4,
13,3,4,4,0,4,5,4,0,3,5,
16,0,5,5,3,0,6,5,3,0,6,
13,4,5,4,1,4,5,4,0,4,5,
13,4,5,4,0,4,5,4,0,4,5,
13,3,5,4,0,4,5,4,0,3,5,
14,4,5,4,0,4,5,4,0,4,5,
14,3,4,3,0,3,4,4,0,3,4,
13,4,4,4,1,4,5,4,0,4,4,
13,3,4,4,0,4,5,4,0,3,4,
13,3,4,4,0,3,4,4,0,3,4,
13,3,4,4,0,3,5,4,0,3,4,
13,3,4,4,0,4,5,4,0,3,5,
12,3,3,4,0,4,4,4,0,3,4,
13,3,4,4,0,4,5,4,0,3,5,
13,3,4,4,0,4,5,4,0,3,5,
13,4,5,4,1,4,5,4,0,4,5,
13,3,5,4,1,4,5,4,0,4,5,
13,4,5,4,1,4,5,4,0,4,5,
13,3,5,4,1,4,5,4,0,4,5,
14,3,4,4,0,3,4,4,0,3,4,
12,3,4,3,0,3,4,4,0,3,4,
13,3,4,4,0,3,5,4,0,3,4,
13,3,4,3,0,3,4,3,0,3,4,
13,3,4,4,0,4,5,4,0,3,5,
13,3,4,4,0,4,5,4,0,3,4,
13,3,4,4,0,4,5,4,0,3,5,
13,3,4,4,0,4,5,4,0,3,5,
13,3,5,4,1,4,5,4,0,3,5,
13,3,5,4,1,4,5,4,0,4,5,
14,4,5,4,1,4,5,4,0,4,5,
12,3,3,4,0,4,3,4,0,3,3,
12,3,4,3,0,3,4,4,0,3,4,
13,3,4,3,0,3,4,4,0,3,4,
13,3,4,4,0,3,4,4,0,3,4,
13,3,4,4,0,4,5,4,0,3,4,
13,3,4,4,0,4,5,4,0,3,5,
13,3,4,4,0,4,5,4,0,3,5,
13,3,5,4,0,4,5,4,0,3,5,
13,3,5,4,0,4,5,4,0,3,5,
13,3,5,4,0,4,5,4,0,3,5,
14,4,5,6,1,4,5,6,0,4,5,
13,3,4,3,0,3,4,3,0,3,4,
12,3,4,3,0,3,4,3,0,3,4,
12,3,4,4,0,3,4,4,0,3,4,
15,2,3,2,0,3,4,2,0,2,4,
13,3,4,4,0,3,5,4,0,3,4,
13,3,4,4,0,4,5,4,0,3,4,
13,3,4,4,0,4,5,4,0,3,4,
15,6,5,7,0,7,5,7,0,6,5,
13,3,5,4,0,4,5,4,0,3,5,
13,3,5,4,0,4,5,4,0,3,5,
13,3,5,4,0,4,5,4,0,4,5,
13,4,5,4,0,4,5,4,0,4,5,
13,3,4,3,0,3,4,3,0,3,4,
12,3,4,3,0,3,4,3,0,3,4,
13,3,4,3,0,3,4,4,0,3,4,
13,3,4,4,0,3,4,4,0,3,4,
13,3,4,4,0,3,4,4,0,3,4,
15,3,4,4,0,4,5,4,0,3,5,
13,3,4,4,0,4,5,4,0,3,4,
13,3,5,4,0,4,5,4,0,3,5,
13,3,5,4,0,4,5,4,0,3,5,
15,4,6,6,0,4,7,6,0,4,7,
13,4,5,4,0,4,5,4,0,4,5,
13,3,4,3,0,3,4,3,0,3,4,
12,3,4,3,0,3,4,3,0,3,4,
12,3,4,3,0,3,4,4,0,3,4,
14,5,4,3,0,5,4,4,0,5,4,
13,3,4,4,0,4,5,4,0,3,4,
14,3,4,4,0,4,5,4,0,3,4,
13,3,4,4,0,4,5,4,0,3,4,
13,3,4,4,0,4,5,4,0,3,4,
13,3,5,4,0,4,5,4,0,3,5,
13,3,5,4,0,4,5,4,0,3,5,
13,3,5,4,0,4,5,4,0,3,5,
13,4,5,4,0,4,5,4,0,4,5,
13,4,5,4,0,4,5,4,0,4,5,
12,3,4,3,0,3,4,3,0,3,4,
13,3,4,3,0,3,4,4,0,3,4,
16,3,4,4,0,4,5,4,0,3,4,
13,3,4,4,0,4,5,4,0,3,4,
13,3,4,4,0,4,5,4,0,3,4,
13,3,5,4,0,4,5,4,0,3,5,
13,3,4,4,0,4,5,4,0,3,5,
13,3,4,4,0,4,5,4,0,3,4,
13,4,5,4,0,4,5,4,0,4,5,
13,4,5,4,0,4,5,4,0,4,5,
13,4,5,4,0,4,5,4,0,4,5,
13,3,4,3,0,3,4,3,0,3,4,
12,3,4,3,0,3,4,3,0,3,4,
15,3,4,3,0,3,4,4,0,3,4,
13,3,4,3,0,3,4,4,0,3,4,
13,3,4,4,0,4,5,4,0,3,4,
13,3,4,4,0,4,5,4,0,3,4,
13,3,4,4,0,4,5,4,0,3,4,
13,3,4,4,0,4,5,5,0,3,4,
13,3,4,4,0,4,5,4,0,3,4,
15,3,4,3,0,3,4,3,0,3,4,
13,3,5,4,0,4,5,4,0,3,5,
13,4,5,4,0,4,5,4,0,4,5,
13,3,4,3,0,3,4,3,0,3,4,
12,3,4,3,0,3,4,3,0,3,4,
12,3,4,3,0,3,4,3,0,3,4,
12,3,4,3,0,3,4,3,0,3,4,
13,3,4,4,0,3,4,4,0,3,4,
13,3,4,4,0,4,5,4,0,3,4,
13,3,4,4,0,4,5,4,0,3,4,
13,3,4,4,0,4,5,4,0,3,4,
13,3,5,4,0,4,5,4,0,3,5,
13,3,5,4,0,4,5,4,0,3,5,
13,4,5,4,0,4,5,4,0,4,5,
14,3,4,3,0,3,4,4,0,3,4,
14,3,4,3,0,3,4,3,0,3,4,
12,3,4,3,0,3,4,3,0,3,4,
12,3,4,3,0,3,4,4,0,3,4,
13,4,3,4,0,4,3,5,0,4,3,
13,3,4,4,0,3,4,4,0,3,4,
13,3,4,4,0,4,5,4,0,3,4,
13,3,4,4,0,4,5,4,0,3,4,
13,3,4,4,0,4,5,4,0,3,5,
13,3,5,4,0,4,5,4,0,3,5,
15,3,4,4,0,3,5,4,0,3,4,
13,4,5,4,0,4,5,4,0,4,5,
13,4,5,4,0,4,5,4,1,4,5,
13,3,4,3,0,3,4,3,0,3,4,
14,3,4,3,0,3,4,3,0,3,4,
13,3,4,4,0,3,5,4,0,3,4,
13,3,4,4,0,3,4,4,0,3,4,
13,3,4,4,0,4,5,4,0,3,4,
15,3,4,3,0,3,4,4,0,3,4,
15,3,4,4,0,4,5,4,0,3,4,
13,3,5,4,0,4,5,4,0,3,5,
13,3,5,4,0,4,5,4,0,4,5,
13,3,5,4,0,4,5,4,0,3,5,
13,3,5,4,0,4,5,4,0,4,5,
13,3,4,3,0,3,4,3,0,3,4,
12,3,4,3,0,3,4,3,0,3,4,
13,3,4,3,0,3,4,4,0,3,4,
13,3,4,3,0,3,4,4,0,3,4,
13,3,4,3,0,3,4,4,0,3,4,
13,3,4,4,0,3,4,4,0,3,4,
13,3,4,4,0,4,5,4,0,3,4,
16,3,7,4,0,4,8,4,0,3,7,
15,4,5,4,0,4,5,4,0,4,5,
13,3,5,4,0,4,5,4,0,3,5,
13,3,5,4,0,4,5,4,0,4,5,
16,3,5,4,0,4,5,4,0,4,5,
15,4,6,5,0,4,6,4,0,4,6,
12,3,4,3,0,3,4,3,0,3,4,
12,3,4,3,0,3,4,4,0,3,4,
13,3,4,3,0,3,4,4,0,3,4,
13,3,4,4,0,3,4,4,0,3,4,
13,3,4,4,0,4,5,4,0,3,4,
13,3,4,4,0,4,5,4,0,3,4,
13,3,4,4,0,4,5,4,0,3,4,
13,3,5,4,0,4,5,4,0,3,5,
13,4,5,4,0,4,5,4,0,4,5,
13,3,5,4,0,4,5,4,0,3,5,
13,4,5,4,0,4,5,4,0,4,5,
13,4,5,4,0,4,5,4,0,4,5,
12,3,4,3,0,3,4,3,0,3,4,
12,3,4,3,0,3,4,4,0,3,4,
13,3,4,3,0,3,4,4,0,3,4,
13,3,4,4,0,3,4,4,0,3,4,
15,3,4,3,0,3,4,3,0,3,4,
13,3,4,4,0,4,5,4,0,3,4,
13,3,4,4,0,4,5,4,0,3,5,
13,3,5,4,0,4,5,4,0,3,5,
13,3,5,4,0,4,5,4,0,4,5,
13,3,5,4,0,4,5,4,0,4,5,
13,4,5,4,0,4,5,4,0,4,5,
12,3,4,3,0,3,4,4,0,3,4,
13,3,4,3,0,3,4,4,0,3,4,
13,3,4,4,0,3,4,4,0,3,4,
13,3,4,3,0,3,4,4,0,3,4,
13,3,4,4,0,3,5,4,0,3,4,
13,3,4,4,0,4,5,4,0,3,4,
13,3,4,4,0,4,5,4,0,3,4,
16,3,4,3,0,3,4,4,0,3,4,
13,3,5,4,0,4,5,4,0,3,5,
13,3,5,4,0,4,5,4,0,4,5,
14,4,6,4,0,4,5,4,0,4,5,
15,4,4,6,0,5,4,6,0,4,4,
13,3,4,3,0,3,4,4,0,3,4,
13,3,4,3,0,3,4,4,0,3,4,
13,3,4,3,0,3,4,4,0,3,4,
13,3,4,3,0,3,4,4,0,3,4,
13,3,4,4,0,4,5,4,0,3,4,
13,3,4,4,0,4,5,4,0,3,4,
13,3,4,4,0,4,5,4,0,3,4,
13,3,4,4,0,4,5,4,0,3,4,
13,3,5,4,0,4,5,4,0,3,5,
15,3,5,4,0,4,5,4,0,3,5,
13,3,5,4,0,4,5,4,0,4,5,
13,4,5,4,0,4,5,4,0,4,5,
13,3,4,3,0,3,4,3,0,3,4,
15,2,3,2,0,2,4,2,0,2,3,
12,3,4,3,0,3,4,4,0,3,4,
13,3,4,4,0,3,4,4,0,3,4,
13,3,4,4,0,3,5,4,0,3,4,
13,3,4,4,0,4,5,4,0,3,4,
13,3,4,4,0,4,5,4,0,3,5,
13,4,4,4,0,5,5,4,0,4,4,
13,3,5,4,0,4,5,4,0,3,5,
29,4,5,4,0,4,5,4,21,4,5,
13,3,4,3,0,3,4,4,0,3,4,
13,4,5,4,0,5,5,4,0,4,5,
13,4,5,4,0,4,5,4,0,4,5,
12,4,5,4,1,5,5,5,0,5,5,
12,4,4,3,0,4,4,4,0,4,4,
13,4,4,4,0,4,5,4,0,4,4,
13,4,4,4,0,4,5,4,0,4,4,
13,4,4,4,0,4,5,4,0,4,5,
13,4,3,5,0,5,3,5,0,5,3,
13,3,4,4,0,4,5,4,0,3,4,
13,3,5,4,0,4,5,4,0,3,5,
531,4,5,4,0,5,5,4,0,4,5,
442,6,6,4,0,6,6,4,0,6,6,
343,8,7,4,0,8,7,4,0,8,7,
240,9,6,5,0,9,6,5,0,9,6,
135,6,5,4,0,7,6,4,0,6,5,
14,4,5,4,0,5,5,4,0,4,5,
13,3,4,4,0,4,5,4,0,3,4,
13,4,4,4,0,4,5,4,0,4,4,
15,3,6,4,0,4,6,4,0,3,6,
13,4,4,4,0,5,5,4,0,4,5,
13,4,5,4,0,5,5,4,0,4,5,
13,4,5,4,0,5,5,4,0,4,5,
13,4,5,4,0,5,5,4,0,4,5,
15,4,5,4,0,4,5,4,0,4,5,
16,4,5,4,0,5,5,4,0,4,5,
13,4,4,3,0,4,4,4,0,4,4,
13,4,4,4,0,4,5,4,0,4,4,
13,3,4,3,0,3,4,4,0,3,4,
13,4,4,4,0,4,5,4,0,4,4,
13,3,4,4,0,3,5,4,0,3,4,
13,3,4,4,0,4,5,4,0,3,4,
13,4,4,4,0,4,5,4,0,4,4,
13,4,5,4,0,4,5,4,0,4,5,
13,4,5,4,0,5,5,4,0,4,5,
15,4,5,4,0,5,5,4,0,4,5,
13,4,5,4,0,5,5,4,0,4,5,
16,4,7,4,0,5,8,4,0,4,7,
14,4,4,4,0,4,5,4,0,4,4,
13,4,4,3,0,4,4,4,0,4,4,
13,4,4,4,0,4,4,4,0,4,4,
14,4,5,4,0,5,5,4,0,4,5,
14,7,7,7,0,7,7,7,0,7,7,
13,4,4,4,0,4,5,4,0,4,5,
13,4,4,4,0,4,5,4,0,4,5,
15,4,5,4,0,4,5,4,0,4,5,
13,4,5,4,0,4,5,4,0,4,5,
13,4,5,4,0,4,5,4,0,4,5,
13,4,5,4,0,5,5,4,0,4,5,
13,3,4,3,0,3,4,4,0,3,4,
12,3,4,3,0,4,4,4,0,4,4,
13,4,4,4,0,4,4,4,0,4,4,
13,4,4,4,0,4,4,4,0,4,4,
13,4,4,4,0,4,5,4,0,4,4,
13,3,4,4,0,4,5,4,0,3,4,
13,3,4,4,0,4,5,4,0,3,4,
13,4,4,4,0,4,5,4,0,4,5,
13,4,4,4,0,4,5,4,0,4,5,
13,4,5,4,0,5,5,4,0,4,5,
14,5,3,5,0,6,4,5,0,6,3,
13,4,5,4,0,5,5,4,0,4,5,
12,4,5,4,0,4,5,4,0,4,5,
12,4,4,3,0,4,4,4,0,4,4,
13,3,4,3,0,3,4,4,0,3,4,
14,4,4,3,0,4,4,4,0,4,4,
13,4,4,4,0,4,5,4,0,4,4,
13,3,4,4,0,4,5,4,0,3,4,
13,4,4,4,0,4,5,5,0,4,4,
13,4,5,3,0,4,5,3,0,4,5,
13,4,5,4,0,5,5,4,0,4,5,
13,4,5,4,0,4,5,4,0,4,5,
13,4,5,4,0,4,5,4,0,4,5,
13,4,5,4,0,5,5,4,0,4,5,
14,5,6,5,0,6,6,5,0,5,6,
15,3,4,4,0,4,4,4,0,3,4,
13,3,4,4,0,4,4,4,0,3,4,
13,4,4,4,0,4,5,4,0,4,4,
13,3,4,4,0,3,5,4,0,3,4,
13,3,4,4,0,4,5,4,0,3,4,
13,4,4,4,0,4,5,4,0,4,5,
13,4,4,4,0,4,5,4,0,4,5,
13,4,5,4,0,4,5,4,0,4,5,
13,4,5,4,0,5,5,4,0,4,5,
13,4,5,4,0,5,5,4,0,4,5,
13,4,5,4,1,4,5,4,0,4,5,
13,4,5,4,1,4,5,5,0,4,5,
13,3,4,3,0,3,4,4,0,3,4,
15,4,5,4,0,4,5,4,0,4,5,
13,4,5,4,0,5,5,4,0,4,5,
13,4,4,4,0,4,5,4,0,4,4,
13,3,4,4,0,3,5,4,0,3,4,
15,6,6,6,0,6,6,6,0,6,6,
13,3,5,4,0,4,5,4,0,3,5,
15,4,5,4,0,5,7,4,0,4,5,
13,4,5,4,0,5,5,4,0,4,5,
13,4,5,4,0,4,5,5,0,4,5,
12,5,5,4,1,5,5,4,0,5,5,
13,5,5,4,0,5,5,4,0,5,5,
12,3,4,3,0,3,4,4,0,3,4,
13,3,4,4,0,3,4,4,0,3,4,
13,3,4,4,0,3,4,4,0,3,4,
13,3,4,4,0,3,5,4,0,3,4,
13,3,4,4,0,3,5,4,0,3,4,
13,4,5,4,0,4,5,4,0,4,5,
13,4,4,4,0,4,5,4,0,4,5,
13,4,5,4,0,5,5,4,0,4,5,
13,4,5,4,0,5,5,4,0,4,5,
13,3,4,3,0,4,4,3,0,3,4,
13,3,2,4,0,4,3,4,0,4,2,
13,3,4,3,0,4,4,4,0,4,4,
13,4,4,4,0,4,4,4,0,4,4,
13,3,4,4,0,3,4,4,0,3,4,
13,4,4,4,0,4,5,4,0,4,4,
13,4,4,4,0,4,5,4,0,4,4,
13,4,4,4,0,4,5,4,0,4,4,
13,4,4,4,0,4,5,4,0,4,5,
13,4,5,4,0,4,5,4,0,4,5,
13,4,5,4,0,4,5,4,0,4,5,
13,4,5,4,0,5,5,4,0,5,5,
13,4,5,4,1,5,5,4,0,5,5,
33,4,25,4,1,4,5,5,0,4,5,
13,4,4,4,0,4,5,4,0,4,4,
13,3,4,4,0,3,4,4,0,3,4,
28,4,4,4,20,4,5,4,0,4,4,
13,3,4,4,0,3,5,4,0,3,4,
13,4,4,4,0,4,5,4,0,4,4,
13,5,3,5,0,5,3,5,0,5,3,
32,4,5,4,0,24,5,4,0,4,5,
13,5,5,4,0,5,5,4,0,5,5,
13,4,5,4,0,5,5,4,0,4,5,
13,4,5,4,0,4,5,4,0,4,5,
13,4,5,4,0,5,5,4,0,4,5,
13,4,5,4,1,4,5,5,0,4,5,
12,4,4,4,0,4,4,4,0,4,4,
13,4,4,4,0,4,4,4,0,4,4,
14,4,6,4,0,4,6,4,0,4,6,
14,4,4,4,0,4,4,4,0,4,4,
13,4,4,4,0,4,5,4,0,4,4,
13,4,5,4,0,4,5,4,0,4,5,
13,4,5,4,0,4,5,4,0,4,5,
15,5,7,5,0,5,7,5,0,5,7,
34,26,5,4,0,5,5,4,0,4,5,
13,4,4,4,0,4,4,4,0,4,4,
13,3,4,3,0,4,4,4,0,4,4,
36,3,4,3,0,4,4,27,0,4,4,
13,4,4,4,0,4,4,4,0,4,4,
13,4,4,4,0,4,5,4,0,4,4,
13,4,4,4,0,4,5,4,0,4,4,
33,4,5,4,0,4,25,4,0,4,4,
13,4,5,4,0,4,5,4,0,4,5,
14,4,5,4,0,4,5,4,0,4,5,
13,4,5,4,0,4,5,4,0,4,5,
13,4,5,4,0,5,5,4,0,4,5,
13,4,5,4,0,5,5,4,0,4,5,
13,4,5,4,0,5,5,4,0,4,5,
13,4,4,3,0,4,4,4,0,4,4,
14,4,4,4,0,4,4,4,0,4,4,
15,4,5,4,0,5,5,4,0,4,5,
13,4,4,4,0,4,4,4,0,4,4,
13,3,4,4,0,3,5,4,0,3,4,
13,4,4,4,0,4,5,4,0,4,4,
13,4,5,4,0,4,5,4,0,4,5,
13,4,5,4,0,4,5,4,0,4,5,
13,4,5,4,0,4,5,4,0,4,5,
13,4,5,4,0,5,5,4,0,4,5,
35,4,5,4,0,5,27,4,0,4,5,
14,3,4,3,0,4,5,3,0,3,4,
13,4,5,4,0,5,5,4,0,5,5,
14,4,4,4,0,4,5,4,0,4,4,
14,5,5,5,1,5,6,5,0,5,5,
13,4,4,4,0,4,5,4,0,4,4,
16,4,5,4,1,5,5,5,0,5,5,
12,3,4,4,0,4,4,4,0,4,4,
13,4,4,4,0,4,5,4,0,4,5,
34,4,5,4,0,4,5,4,0,26,5,
13,5,5,4,0,5,5,4,0,5,5,
13,4,5,4,0,4,5,4,0,4,5,
13,4,5,4,0,5,5,4,0,4,5,
13,4,5,4,1,5,5,4,0,4,5,
13,4,5,4,1,5,5,5,0,5,5,
13,4,4,4,0,4,5,4,0,4,4,
14,5,5,5,1,5,5,5,0,5,5,
13,5,5,5,1,5,6,5,0,5,5,
13,4,4,4,0,4,5,4,0,4,4,
16,4,7,4,0,4,8,4,0,4,7,
16,4,4,4,0,4,5,4,0,4,4,
13,4,5,4,0,5,5,4,0,4,5,
13,4,5,4,0,5,5,4,0,4,5,
37,4,4,4,0,4,5,4,0,4,25,
14,6,6,6,1,6,6,6,0,6,6,
13,4,5,4,1,5,5,4,0,5,5,
13,4,5,5,1,5,5,5,0,5,5,
13,4,5,4,1,5,5,4,0,5,5,
13,5,5,4,1,5,5,4,0,5,5,
12,5,5,4,1,5,5,5,0,5,5,
13,4,4,4,0,4,5,4,0,4,4,
13,4,4,4,0,4,5,4,0,4,4,
13,4,4,4,0,4,5,4,0,4,5,
13,4,5,4,0,5,5,4,0,4,5,
13,4,5,4,0,5,5,4,0,4,5,
34,4,5,4,1,5,6,4,0,5,5,
13,4,5,4,0,4,5,4,0,4,5,
16,4,5,4,0,4,8,4,0,4,5,
16,4,4,4,0,4,5,4,0,4,4,
14,3,4,3,0,4,4,4,0,3,4,
14,4,5,4,1,5,6,5,0,4,5,
14,4,5,4,1,5,5,5,0,5,5,
15,3,7,4,0,4,7,4,0,3,7,
13,4,4,4,0,4,5,4,0,4,4,
14,4,4,4,0,4,5,4,0,4,5,
13,4,5,4,0,4,5,4,0,4,5,
13,4,5,4,0,4,5,4,0,4,5,
13,4,5,4,0,5,5,4,0,4,5,
13,4,5,4,0,5,5,4,0,4,5,
13,4,5,4,1,5,5,4,0,4,5,
13,4,5,4,1,5,5,4,0,4,5,
13,4,5,4,1,4,5,4,0,4,5,
15,4,5,4,1,5,5,5,0,4,5,
13,4,4,4,0,4,4,4,0,4,4,
13,3,4,4,0,4,5,4,0,4,4,
13,3,4,4,0,4,5,4,0,4,4,
13,4,4,4,0,4,5,4,0,4,4,
13,4,4,4,0,4,5,4,0,4,4,
13,4,4,4,0,4,5,4,0,4,5,
14,5,3,5,0,5,3,5,0,5,3,
13,4,5,4,1,5,5,4,0,4,5,
13,4,5,4,1,5,5,4,0,4,5,
13,4,5,4,1,4,5,4,0,4,5,
13,4,5,4,1,5,5,4,0,4,5,
13,4,5,4,1,5,5,5,0,5,5,
13,4,4,4,0,4,4,4,0,4,4,
13,4,4,4,0,4,5,4,0,4,4,
13,3,4,4,0,4,5,4,0,4,4,
15,4,7,4,0,4,7,4,0,4,7,
15,3,4,4,0,4,5,4,0,4,4,
13,4,5,4,0,4,5,4,0,4,5,
13,4,5,4,0,4,5,4,0,4,5,
13,4,5,4,0,4,5,4,0,4,5,
16,4,5,4,1,4,5,4,0,4,5,
13,4,5,4,1,4,5,4,0,4,5,
13,4,5,4,1,4,5,4,0,4,5,
33,4,5,25,1,4,5,25,0,4,5,
12,4,5,4,1,4,5,5,0,4,5,
13,3,4,4,0,4,4,4,0,3,4,
13,4,4,4,0,4,5,4,0,4,4,
13,4,4,4,0,4,5,4,0,4,4,
13,4,4,4,0,4,5,4,0,4,4,
13,4,5,4,0,4,5,4,0,4,5,
13,4,5,4,0,4,5,4,0,4,5,
13,4,5,4,0,4,5,4,0,4,5,
13,4,5,4,0,4,5,4,0,4,5,
13,4,5,4,1,4,5,4,0,4,5,
13,4,5,4,1,4,5,4,0,4,5,
14,4,5,4,1,5,5,5,0,5,5,
13,3,4,4,0,4,4,4,0,3,4,
12,4,3,4,0,4,3,4,0,4,3,
13,4,4,4,0,4,5,4,0,4,4,
13,4,4,4,0,4,5,4,0,4,4,
13,4,4,4,0,4,5,4,0,4,5,
13,4,5,4,0,4,5,4,0,4,5,
13,4,5,4,0,4,5,4,0,4,5,
16,4,5,4,0,4,5,4,0,4,5,
13,4,5,4,0,4,5,4,0,4,5,
13,4,5,4,1,4,5,4,0,4,5,
13,4,5,4,1,5,5,4,0,4,5,
13,4,5,4,1,5,5,5,0,4,5,
12,5,5,4,1,5,5,5,0,5,5,
13,4,4,4,0,4,5,4,0,4,4,
13,3,4,4,0,4,4,4,0,3,4,
15,4,4,4,0,4,5,4,0,4,5,
13,4,5,4,1,4,5,4,0,4,5,
13,4,4,4,0,4,5,4,0,4,5,
13,4,5,4,0,4,5,4,0,4,5,
15,6,5,7,0,7,5,7,0,6,5,
13,4,5,4,0,5,5,4,0,4,5,
13,4,5,4,1,5,5,4,0,4,5,
13,4,5,4,1,5,5,5,0,5,5,
13,5,5,4,1,5,5,5,0,5,5,
12,4,4,4,0,4,4,4,0,4,4,
13,4,4,4,0,4,4,4,0,4,4,
13,3,4,4,0,4,5,4,0,4,4,
13,4,4,4,0,4,5,4,0,4,4,
14,3,5,3,0,3,6,3,0,3,5,
13,4,5,4,0,4,5,4,0,4,5,
13,4,5,4,0,4,5,4,0,4,5,
13,4,5,4,0,5,5,4,0,4,5,
15,4,5,4,0,4,5,4,0,4,5,
15,6,6,6,4,6,7,6,0,6,7,
13,4,5,4,1,5,5,5,0,4,5,
13,4,5,4,1,4,5,4,0,4,5,
13,4,5,4,1,5,5,5,0,5,5,
13,4,4,4,0,4,4,4,0,4,4,
13,3,4,4,0,4,5,4,0,4,4,
13,4,4,4,0,4,5,4,0,4,4,
13,4,5,4,0,4,5,4,0,4,5,
13,4,4,4,0,4,5,4,0,4,5,
13,4,5,4,0,4,5,4,0,4,5,
13,4,5,4,0,4,5,4,0,4,5,
13,4,5,4,0,4,5,4,0,4,5,
13,4,5,4,1,5,5,4,0,4,5,
13,4,5,4,1,4,5,4,0,4,5,
13,4,5,4,1,4,5,5,0,4,5,
13,4,5,4,1,5,5,5,0,4,5,
13,3,4,4,0,4,5,4,0,3,4,
13,3,4,4,0,4,5,4,0,4,4,
13,3,4,4,0,4,5,4,0,4,4,
13,4,4,4,0,4,5,4,0,4,4,
13,4,4,4,0,4,5,4,0,4,5,
13,4,5,4,0,4,5,4,0,4,5,
14,5,4,6,0,6,5,6,0,5,4,
13,4,5,4,0,5,5,4,0,4,5,
13,4,5,4,1,4,5,4,0,4,5,
13,4,5,4,1,5,5,4,0,4,5,
14,4,5,4,1,4,5,5,0,4,5,
14,4,5,4,1,4,5,5,0,4,5,
15,4,5,4,0,4,5,4,0,4,5,
13,3,4,4,0,4,5,4,0,4,4,
13,3,4,4,0,4,5,4,0,4,4,
13,3,5,3,0,3,5,3,0,3,5,
13,4,4,4,0,4,5,4,0,4,5,
13,4,5,4,0,4,5,4,0,4,5,
13,4,5,4,0,4,5,4,0,4,5,
13,4,5,4,0,4,5,4,0,4,5,
15,2,3,3,0,3,4,3,0,3,3,
13,4,5,4,1,5,5,4,0,4,5,
13,4,5,4,1,4,5,4,0,4,5,
13,4,5,4,1,5,5,5,0,5,5,
13,3,4,4,0,4,5,4,0,3,4,
13,3,4,4,0,4,5,4,0,4,4,
13,3,4,4,0,4,5,4,0,4,4,
13,3,4,4,0,4,5,4,0,4,4,
13,4,5,4,1,4,5,4,0,4,5,
14,4,5,4,1,4,5,4,0,4,5,
13,4,5,4,0,4,5,4,0,4,5,
13,3,5,4,1,4,5,4,0,4,5,
13,4,5,4,1,4,5,4,0,4,5,
13,5,5,4,1,5,5,5,0,5,5,
16,5,5,4,1,5,5,4,0,5,5,
14,4,4,4,0,4,5,4,0,4,4,
13,4,4,3,0,4,5,4,0,4,4,
13,4,4,4,0,4,5,4,0,4,4,
15,6,6,5,0,6,6,5,0,6,6,
13,4,4,4,0,4,5,4,0,4,5,
13,4,5,4,0,5,5,4,0,4,5,
13,4,5,4,0,5,5,4,0,4,5,
13,4,5,4,0,5,5,4,0,4,5,
13,4,5,4,1,5,5,4,0,4,5,
14,4,6,4,1,5,5,4,0,5,5,
14,4,5,4,1,5,6,4,0,5,5,
14,5,6,4,1,5,5,4,0,5,5,
13,4,4,4,0,4,4,4,0,4,4,
13,4,4,4,0,4,4,4,0,4,4,
13,4,4,3,0,4,4,4,0,4,4,
13,4,4,4,0,4,5,4,0,4,5,
13,4,5,4,1,5,5,5,0,5,5,
13,4,5,4,0,5,5,4,0,4,5,
13,4,5,4,0,5,5,4,0,4,5,
13,4,5,4,0,5,5,4,0,4,5,
13,4,4,5,0,5,4,5,0,4,4,
13,3,4,3,0,3,4,4,0,3,4,
13,4,5,4,1,4,5,4,0,4,5,
13,4,5,4,1,4,5,4,0,4,5,
13,3,4,3,0,3,4,4,0,3,4,
14,4,5,4,0,4,5,5,0,4,5,
14,3,4,4,0,3,4,4,0,3,4,
13,3,4,4,0,4,5,4,0,3,4,
13,3,4,4,0,4,5,4,0,3,4,
13,3,4,4,0,4,5,4,0,3,4,
13,3,4,4,1,4,5,4,0,3,5,
13,3,4,3,0,3,4,3,0,3,4,
13,4,4,4,0,4,5,4,0,4,5,
13,4,5,4,1,4,5,4,0,4,5,
15,3,5,4,0,4,5,4,0,4,5,
14,4,5,4,1,4,5,4,0,4,5,
14,4,4,4,0,5,5,4,0,4,4,
13,5,5,4,1,5,5,5,0,5,5,
14,6,5,7,1,7,5,7,0,6,5,
13,4,4,4,0,4,5,4,0,4,5,
13,4,4,3,0,4,5,4,0,4,4,
13,4,5,4,0,5,5,4,0,4,5,
13,4,4,4,0,4,5,4,0,4,5,
13,4,5,4,1,4,5,4,0,4,5,
13,4,5,4,0,5,5,4,0,4,5,
13,4,5,4,1,5,5,5,0,4,5,
13,4,5,4,1,5,5,4,0,4,5,
14,4,5,4,1,4,6,4,0,4,5,
14,4,5,4,1,5,5,5,0,5,5,
13,5,5,4,1,5,5,5,0,5,5,
13,4,4,3,0,4,5,4,0,4,4,
13,4,4,4,0,4,5,4,0,4,4,
14,6,6,5,3,6,6,6,0,6,6,
13,4,4,3,0,4,5,4,0,4,4,
13,5,5,4,1,5,5,5,0,5,5,
13,4,4,4,0,4,5,4,0,4,5,
13,4,4,4,0,4,5,4,0,4,5,
13,4,5,4,1,5,5,4,0,5,5,
13,4,5,4,1,5,5,4,0,5,5,
13,5,5,4,1,5,5,5,0,5,5,
13,5,5,4,1,5,5,5,0,5,5,
13,4,5,4,1,5,5,5,0,4,5,
13,5,5,4,1,5,5,5,0,5,5,
13,4,4,4,0,4,4,4,0,4,4,
14,6,4,4,0,6,5,4,0,6,4,
13,4,4,4,0,4,5,4,0,4,4,
13,4,4,4,0,4,5,4,0,4,5,
13,4,4,4,0,4,5,4,0,4,5,
13,4,4,4,0,5,5,4,0,4,5,
16,4,4,3,0,4,5,4,0,4,4,
13,4,5,4,1,5,5,4,0,5,5,
13,5,5,4,1,5,5,5,0,5,5,
13,5,5,4,1,5,5,5,0,5,5,
13,5,5,4,1,5,5,5,0,5,5,
12,5,5,4,1,5,5,5,0,5,5,
15,4,4,4,0,4,5,4,0,4,4,
13,4,4,4,0,5,5,4,0,4,4,
13,4,4,4,0,4,5,4,0,4,4,
16,4,7,3,0,5,7,4,0,4,7,
13,4,4,4,0,4,5,4,0,4,5,
13,4,5,4,0,5,5,4,0,4,5,
13,4,5,4,1,5,5,4,0,5,5,
13,4,5,4,1,5,5,5,0,5,5,
17,4,5,4,0,5,5,4,0,4,5,
13,5,5,4,1,5,5,5,0,5,5,
12,5,5,4,1,5,5,5,0,5,5,
13,5,5,4,1,5,5,5,0,5,5,
13,5,5,4,1,5,6,5,0,5,5,
13,4,4,4,0,4,5,4,0,4,4,
13,4,4,4,0,4,5,4,0,4,5,
13,4,4,4,0,5,5,4,0,4,5,
13,4,4,4,0,5,5,4,0,4,5,
13,4,5,4,0,5,5,4,0,4,5,
14,4,4,4,0,5,5,4,0,4,5,
13,4,5,4,1,5,5,5,0,5,5,
13,5,5,4,1,5,5,5,0,5,5,
16,5,5,4,1,5,8,5,0,5,8,
15,4,5,4,1,5,5,4,0,5,5,
12,5,5,4,1,5,5,5,0,5,5,
13,4,4,3,0,4,5,4,0,4,4,
14,5,5,4,1,5,5,5,0,5,5,
16,4,4,4,0,4,7,4,0,4,4,
