19,6,0,6,3,6,1,6,3,7,0,6,4,6,1,5,3,7,0,7,3,7,1,5,2,7,0,6,3,6,2,6,0,6,1,7,3,7,0,6,3,
16,4,0,6,3,5,0,5,2,5,0,6,3,4,0,5,2,5,0,6,3,5,1,5,2,5,0,5,3,6,1,4,0,5,0,6,3,5,0,5,2,
16,4,0,6,3,5,0,5,3,5,0,6,3,5,0,5,3,5,0,6,3,5,1,5,2,5,0,5,3,6,1,4,0,5,0,6,3,5,0,5,3,
16,4,0,6,3,5,0,5,3,5,0,6,3,5,1,5,3,6,0,6,3,5,1,5,3,6,0,6,3,6,1,4,0,5,1,6,3,5,0,5,3,
16,4,0,6,3,5,0,5,3,5,0,6,3,5,1,5,3,6,0,6,3,5,1,5,3,6,0,6,3,6,1,4,0,5,1,6,3,5,0,5,3,
16,4,0,6,3,5,1,6,3,5,0,6,3,5,1,5,3,6,0,7,3,5,1,6,3,6,0,6,3,6,2,4,0,5,1,6,3,5,0,6,3,
19,5,1,7,3,5,1,6,4,6,0,6,4,5,1,5,3,6,1,7,3,6,1,6,3,6,1,6,3,6,2,5,1,5,1,7,3,6,0,6,3,
15,5,0,6,3,5,1,6,3,6,0,6,3,5,1,5,3,6,0,7,3,5,1,6,3,6,0,6,3,6,2,5,0,5,1,6,3,5,0,6,3,
15,5,1,6,3,5,1,6,3,6,1,6,3,5,1,5,3,6,1,7,3,6,1,6,3,6,1,6,3,6,2,5,1,5,1,6,3,6,0,6,3,
15,5,1,6,3,5,1,6,3,6,0,6,3,5,1,5,3,6,1,7,3,5,1,6,3,6,1,6,3,6,2,5,1,5,1,6,3,5,0,6,3,
18,4,0,6,3,5,0,5,3,5,0,6,3,5,0,5,3,6,0,6,3,5,0,5,3,6,0,6,3,6,2,4,0,5,0,6,3,5,0,5,3,
19,7,3,8,5,7,3,8,5,7,0,8,6,7,3,7,5,8,3,9,5,7,3,8,5,8,3,8,5,8,4,7,3,7,3,8,5,7,0,8,6,
16,4,0,6,3,5,0,5,3,5,0,6,3,5,1,5,3,5,0,6,3,5,1,5,3,5,0,5,3,6,1,4,0,5,0,6,3,5,0,5,3,
15,4,0,6,3,5,0,5,3,5,0,6,3,4,0,5,2,5,0,6,2,5,0,5,2,5,0,5,3,6,1,4,0,4,0,6,3,5,0,5,3,
16,4,0,6,3,5,0,5,3,5,0,6,3,5,0,5,3,5,0,6,3,5,1,5,3,5,0,5,3,6,1,4,0,5,0,6,3,5,0,5,3,
16,4,0,6,3,5,1,5,3,5,0,6,3,5,1,5,3,5,0,6,3,5,1,5,3,5,0,6,3,6,1,4,0,5,1,6,3,5,0,5,3,
16,4,0,6,3,5,1,5,3,5,0,6,3,5,1,5,3,6,0,6,3,5,1,5,3,6,0,6,3,6,2,4,0,5,1,6,3,5,0,5,3,
18,4,0,8,3,5,1,7,3,5,0,8,3,5,1,7,3,5,0,8,3,5,1,7,3,5,0,7,3,8,2,4,0,5,1,8,3,5,0,7,3,
16,4,0,6,3,5,1,6,3,5,0,6,3,5,1,5,3,6,0,6,3,5,1,5,3,6,0,6,3,6,2,4,0,5,1,6,3,5,0,5,3,
15,4,0,6,3,5,1,6,3,5,0,6,3,5,1,5,3,6,0,6,3,5,1,6,3,6,0,6,3,6,2,4,0,5,1,6,3,5,0,5,3,
15,4,0,6,3,5,1,6,3,5,0,6,3,5,1,5,3,6,0,6,3,5,1,6,3,6,0,6,3,6,2,4,0,5,1,6,3,5,0,5,3,
15,5,1,7,4,5,1,6,3,6,0,6,4,5,1,5,3,6,1,7,3,6,1,6,3,6,1,6,3,7,2,5,1,5,1,7,4,6,0,6,3,
15,4,0,6,3,4,0,5,2,5,0,5,2,4,0,4,2,5,0,6,2,5,0,5,2,5,0,5,2,5,1,4,0,4,0,6,3,5,0,5,2,
15,4,0,6,3,5,0,5,2,5,0,5,3,4,0,4,2,5,0,6,2,5,1,5,2,5,0,5,2,6,1,4,0,4,0,6,3,5,0,5,2,
17,7,1,7,4,8,1,6,3,8,1,6,4,8,1,5,3,9,1,7,3,8,2,6,3,9,1,6,3,6,2,7,1,8,1,7,4,8,0,6,3,
39,5,1,7,4,30,1,6,3,30,0,7,4,6,1,6,3,6,1,7,3,6,2,6,3,6,1,6,3,7,2,5,1,29,1,7,4,30,1,6,3,
15,4,0,6,3,5,0,5,3,5,0,6,3,5,0,5,3,6,0,6,3,5,1,5,2,6,0,5,3,6,1,4,0,5,0,6,3,5,0,5,3,
16,4,0,6,3,5,0,5,3,5,0,6,3,5,0,5,3,5,0,6,3,5,1,5,2,5,0,5,3,6,1,4,0,5,0,6,3,5,0,5,3,
16,4,0,6,3,5,0,5,3,5,0,6,3,5,0,5,3,5,0,6,3,5,1,5,2,5,0,5,3,6,1,4,0,5,0,6,3,5,0,5,3,
16,4,0,6,3,5,1,5,3,5,0,6,3,5,1,5,3,5,0,6,3,5,1,5,3,5,0,6,3,6,2,4,0,5,1,6,3,5,0,5,3,
16,4,0,6,3,5,1,6,3,5,0,6,3,5,1,5,3,5,0,6,3,5,1,5,3,6,0,6,3,6,2,4,0,5,1,6,3,5,0,5,3,
16,5,0,6,3,5,1,6,3,5,0,6,3,5,1,5,3,6,0,6,3,5,1,6,3,6,0,6,3,6,2,5,0,5,1,6,3,5,0,6,3,
15,4,0,6,3,5,1,6,3,5,0,6,3,5,1,5,3,6,0,6,3,5,1,6,3,6,0,6,3,6,2,4,0,5,1,6,3,5,0,6,3,
16,8,1,8,3,8,1,8,3,8,0,8,3,8,1,8,3,8,1,8,3,8,1,8,3,8,1,8,3,8,2,8,1,8,1,8,3,8,0,8,3,
15,5,1,7,4,5,1,6,3,6,0,6,3,5,1,5,3,6,1,7,3,6,1,6,3,6,1,6,3,6,2,5,1,5,1,7,4,6,0,6,3,
15,5,1,7,4,5,1,6,3,6,0,6,3,5,1,5,3,6,1,7,3,6,1,6,3,6,1,6,3,7,2,5,1,5,1,7,4,6,0,6,3,
15,5,1,7,4,5,1,6,3,6,0,6,4,5,1,5,3,6,1,7,3,6,1,6,3,6,1,6,3,7,2,5,1,5,1,7,4,6,0,6,3,
15,5,1,7,4,6,1,6,3,6,0,6,4,6,1,5,3,6,1,7,3,6,2,6,3,6,1,6,3,7,2,5,1,5,1,7,4,6,0,6,3,
16,4,0,6,3,5,0,5,2,5,0,6,3,5,0,4,2,5,0,6,2,5,1,5,2,5,0,5,3,6,1,4,0,5,0,6,3,5,0,5,2,
16,5,1,7,4,5,1,6,3,6,0,6,4,6,1,6,3,6,1,7,3,6,1,6,3,6,1,6,3,7,2,5,1,5,1,7,4,6,0,6,3,
16,4,0,6,3,5,0,5,2,5,0,6,3,5,0,5,2,5,0,6,3,5,1,5,2,5,0,5,3,6,1,4,0,5,0,6,3,5,0,5,2,
16,4,0,6,3,5,0,5,3,5,0,6,3,5,1,5,3,5,0,6,3,5,1,5,3,6,0,6,3,6,2,4,0,5,0,6,3,5,0,5,3,
16,4,0,6,3,5,1,5,3,5,0,6,3,5,1,5,3,5,0,6,3,5,1,5,3,6,0,6,3,6,2,4,0,5,1,6,3,5,0,5,3,
16,4,0,6,3,5,1,5,3,5,0,6,3,5,1,5,3,5,0,6,3,5,1,6,3,6,0,6,3,6,2,4,0,5,1,6,3,5,0,6,3,
33,4,25,6,3,5,1,5,3,6,0,6,3,5,1,5,3,6,0,6,3,6,1,6,3,6,0,6,3,6,2,4,25,5,1,6,3,5,0,5,3,
15,4,0,6,3,4,0,5,2,5,0,5,3,5,0,4,2,5,0,6,2,5,1,5,2,5,0,5,2,6,1,4,0,4,0,6,3,5,0,5,2,
15,5,0,6,4,5,1,6,3,6,0,6,3,5,1,5,3,6,1,7,3,5,1,6,3,6,1,6,3,6,2,5,0,5,1,6,4,6,0,6,3,
16,6,1,6,4,7,1,5,3,7,0,6,3,7,1,5,3,8,1,6,3,7,1,5,3,8,1,5,3,6,2,6,1,7,1,6,4,7,0,5,3,
15,5,1,7,4,5,1,6,3,6,0,6,3,5,1,5,3,6,1,7,3,6,1,6,3,6,1,6,3,7,2,5,1,5,1,7,4,6,0,6,3,
15,5,1,7,5,5,1,6,3,6,0,7,4,6,1,5,4,6,1,7,3,6,1,6,3,6,1,6,3,7,2,5,1,5,1,7,5,6,0,6,3,
16,5,1,7,4,6,1,6,3,6,0,7,4,6,1,5,3,6,1,7,3,6,1,6,3,6,1,6,3,7,2,5,1,6,1,7,4,6,0,6,3,
15,4,0,6,3,5,0,5,3,5,0,6,3,5,1,5,3,5,0,6,3,5,1,5,2,5,0,5,3,6,1,4,0,5,0,6,3,5,0,5,3,
16,4,0,6,3,5,0,5,3,5,0,6,3,5,1,5,3,5,0,6,3,5,1,5,2,5,0,6,3,6,1,4,0,5,0,6,3,5,0,5,3,
16,4,0,6,3,5,0,5,3,5,0,6,3,5,1,5,3,5,0,6,3,5,1,5,2,6,0,6,3,6,1,4,0,5,0,6,3,5,0,5,3,
16,4,0,6,3,5,1,6,3,6,0,6,3,5,1,5,3,6,0,6,3,6,1,5,3,6,0,6,3,6,2,4,0,5,1,6,3,5,0,6,3,
16,4,0,6,3,5,1,5,3,5,0,6,3,5,1,5,3,5,0,6,3,5,1,5,3,6,0,6,3,6,2,4,0,5,1,6,3,5,0,5,3,
15,6,0,7,3,7,1,6,3,7,0,7,3,7,1,6,3,6,0,7,3,7,1,7,3,6,1,7,3,6,2,6,0,7,1,7,3,7,0,7,3,
15,5,0,6,3,5,1,6,3,6,0,6,3,5,1,5,3,6,1,7,3,5,1,6,3,6,1,6,3,6,2,5,0,5,1,6,3,6,0,6,3,
20,4,0,8,3,5,0,7,3,5,0,8,3,5,0,7,3,5,0,8,3,5,1,7,2,5,0,8,3,8,1,4,0,5,0,8,3,5,0,7,3,
15,5,1,6,3,5,1,5,3,6,0,6,3,5,1,5,3,6,1,6,3,5,1,6,3,6,1,6,3,6,2,5,1,5,1,6,3,6,0,6,3,
15,5,1,6,4,5,1,6,3,6,0,6,3,5,1,5,3,6,1,7,3,6,1,6,3,6,1,6,3,6,2,5,1,5,1,6,4,6,0,6,3,
15,5,1,6,4,5,1,6,3,6,0,6,4,5,1,5,3,6,1,7,3,6,1,6,3,6,1,6,3,6,2,5,1,5,1,6,4,6,0,6,3,
34,4,0,5,3,4,24,5,2,5,23,5,2,4,24,4,2,5,0,6,2,5,24,5,2,5,0,5,2,5,1,4,0,4,24,5,3,5,23,5,2,
19,4,0,6,3,5,0,5,3,5,0,6,3,5,0,4,3,5,0,9,2,5,1,5,2,5,0,5,3,6,1,4,0,5,0,6,3,5,0,5,3,
18,4,0,6,3,5,0,5,3,5,0,6,3,5,0,5,3,6,0,6,3,5,0,5,3,6,0,6,3,6,2,4,0,5,0,6,3,5,0,5,3,
15,4,0,6,3,5,0,5,3,5,0,6,3,5,0,5,3,5,0,6,3,5,1,5,2,5,0,5,3,6,1,4,0,5,0,6,3,5,0,5,3,
15,5,1,6,3,5,1,6,3,6,0,6,3,5,1,5,3,6,1,6,3,5,1,6,3,6,1,6,3,6,2,5,1,5,1,6,3,6,0,6,3,
16,5,0,5,3,6,1,5,3,6,0,5,3,6,1,4,3,6,0,5,3,6,1,5,3,7,0,5,3,5,2,5,0,6,1,5,3,6,0,5,3,
16,4,0,6,3,5,0,5,3,5,0,6,3,5,1,5,3,5,0,6,3,5,1,5,3,6,0,6,3,6,2,4,0,5,0,6,3,5,0,5,3,
15,5,0,6,3,5,1,5,3,6,0,6,3,5,1,5,3,6,0,6,3,5,1,5,3,6,1,6,3,6,2,5,0,5,1,6,3,6,0,6,3,
17,5,1,7,4,5,1,6,4,6,1,6,4,6,1,5,4,6,1,7,3,6,2,6,3,6,1,6,4,7,2,5,1,5,1,7,4,6,0,6,4,
15,5,1,7,3,5,1,6,3,6,0,6,4,5,1,5,3,6,1,7,3,6,1,6,3,6,1,6,3,7,2,5,1,5,1,7,3,6,0,6,3,
15,5,1,7,4,5,1,6,3,6,0,6,4,5,1,5,4,6,1,7,3,6,1,6,3,6,1,6,3,7,2,5,1,5,1,7,4,6,0,6,3,
15,5,1,6,4,5,1,6,3,6,0,6,3,5,1,5,3,6,1,7,3,6,1,6,3,6,1,6,3,6,2,5,1,5,1,6,4,6,0,6,3,
15,5,2,7,4,5,2,6,4,6,0,6,4,5,2,5,4,6,2,7,3,6,2,6,3,6,2,6,3,6,2,5,2,5,2,6,4,6,0,6,4,
15,4,1,6,3,4,1,5,3,5,0,5,3,5,1,4,3,5,1,6,2,5,1,5,2,5,1,5,3,6,1,4,1,4,1,6,3,5,0,5,3,
15,4,1,6,3,5,1,5,3,5,0,5,3,5,1,4,3,5,1,6,3,5,1,5,2,5,1,5,3,6,1,4,1,5,1,6,3,5,0,5,3,
16,5,2,6,3,5,2,5,3,6,0,6,3,5,2,5,3,6,2,6,3,5,2,6,3,6,2,6,3,6,2,5,2,5,2,6,3,5,0,6,3,
16,4,0,6,3,5,0,5,3,6,0,6,3,5,0,5,3,6,0,6,3,6,1,5,2,6,0,5,3,6,1,4,0,5,0,6,3,6,0,5,3,
16,4,0,6,3,5,0,5,3,5,0,6,3,5,1,5,3,5,0,6,3,5,1,5,3,6,0,6,3,6,2,4,0,5,0,6,3,5,0,5,3,
16,4,0,6,3,5,0,5,3,5,0,6,3,5,1,5,3,5,0,6,3,5,1,5,3,6,1,6,3,6,2,4,0,5,0,6,3,5,0,6,3,
16,4,0,8,3,4,1,7,3,5,0,7,3,5,1,6,3,5,0,8,3,5,1,7,3,5,1,7,3,7,2,4,0,4,1,8,3,5,0,7,3,
15,5,1,6,3,5,1,5,3,6,0,6,3,5,1,5,3,6,0,6,3,5,1,6,3,6,1,6,3,6,2,5,0,5,1,6,3,6,0,6,3,
15,5,1,6,3,5,1,6,3,6,0,6,3,5,1,5,3,6,1,6,3,6,1,6,3,6,1,6,3,6,2,5,1,5,1,6,3,6,0,6,3,
15,5,1,6,3,5,1,6,3,6,0,6,3,5,1,5,3,6,1,7,3,6,1,6,3,6,1,6,3,6,2,5,1,5,1,6,3,6,0,6,3,
15,5,1,6,3,5,1,6,3,6,0,6,3,5,1,5,3,6,1,7,3,6,1,6,3,6,1,6,3,6,2,5,1,5,1,6,3,6,0,6,3,
17,5,1,6,3,5,1,6,3,6,0,6,3,5,1,5,3,6,1,7,3,6,1,6,3,6,1,6,3,6,2,5,1,5,1,6,3,6,0,6,3,
15,4,0,6,3,4,0,5,3,5,0,5,3,5,0,4,3,5,0,6,3,5,0,5,2,5,0,5,3,6,1,4,0,4,0,6,3,5,0,5,3,
15,4,0,6,3,4,0,5,3,5,0,5,3,5,0,4,3,5,0,6,3,5,0,5,2,5,0,5,3,6,1,4,0,4,0,6,3,5,0,5,3,
15,4,0,6,3,5,0,5,3,5,0,5,3,5,0,4,3,5,0,6,3,5,1,5,2,5,0,5,3,6,1,4,0,5,0,6,3,5,0,5,3,
15,4,0,6,3,5,0,5,3,5,0,6,3,5,0,4,3,5,0,6,3,5,1,5,3,6,0,5,3,6,1,4,0,5,0,6,3,5,0,5,3,
41,5,0,6,3,5,1,5,3,5,0,6,3,5,1,5,3,6,0,6,3,5,1,6,3,6,1,6,3,6,2,5,0,5,1,6,3,5,0,32,3,
16,5,1,7,3,5,1,6,3,6,0,6,3,5,1,5,3,6,1,7,3,6,1,6,3,6,1,6,3,7,2,5,1,5,1,7,3,6,0,6,3,
19,4,0,6,3,5,0,5,3,5,0,5,3,5,0,4,3,5,0,6,3,5,1,5,3,5,0,5,3,6,1,4,0,5,0,6,3,5,0,5,3,
15,5,1,6,3,5,1,6,3,6,0,6,3,5,1,5,3,6,1,6,3,5,1,5,3,6,1,6,3,6,2,5,1,5,1,6,3,6,0,6,3,
15,5,1,6,3,5,1,6,3,6,0,6,3,5,1,5,3,6,1,6,3,5,1,6,3,6,1,6,3,6,2,5,1,5,1,6,3,6,0,6,3,
15,5,1,6,3,5,1,6,3,6,0,6,3,5,1,5,3,6,1,7,3,6,1,6,3,6,1,6,3,6,2,5,1,5,1,6,3,6,0,6,3,
15,5,1,6,3,5,1,6,3,6,0,6,3,5,1,5,3,6,1,7,3,6,1,6,3,6,1,6,3,6,2,5,1,5,1,6,3,6,0,6,3,
15,4,0,6,3,4,0,5,3,5,0,5,3,4,0,4,3,5,0,6,3,5,0,5,2,5,0,5,3,6,1,4,0,4,0,6,3,5,0,5,2,
15,4,0,6,3,4,0,5,3,5,0,5,3,5,0,4,3,5,0,6,3,5,0,5,2,5,0,5,3,6,1,4,0,4,0,6,3,5,0,5,3,
15,4,0,6,3,4,0,5,3,5,0,5,3,5,0,4,3,5,0,6,3,5,0,5,2,5,0,5,3,6,1,4,0,4,0,6,3,5,0,5,2,
15,4,0,6,3,5,0,5,3,5,0,6,3,5,0,4,3,5,0,6,3,5,1,5,3,6,0,5,3,6,1,4,0,5,0,6,3,5,0,5,3,
18,4,0,6,3,5,0,5,3,5,0,6,3,5,0,4,3,5,0,6,3,5,0,5,3,6,0,5,3,6,1,4,0,5,0,6,3,5,0,5,3,
15,4,0,6,3,5,0,5,3,5,0,6,3,5,0,4,3,5,0,6,3,5,1,5,3,5,0,5,3,6,1,4,0,5,0,6,3,5,0,5,3,
17,4,0,8,3,5,0,7,3,5,0,8,3,5,1,7,3,5,0,8,3,5,1,7,3,6,0,7,3,8,1,4,0,5,0,8,3,5,0,7,3,
15,4,0,6,3,5,1,5,3,5,0,6,3,5,1,5,3,6,0,6,3,5,1,5,3,6,1,6,3,6,2,4,0,5,1,6,3,5,0,5,3,
15,5,0,6,3,5,1,6,3,6,0,6,3,5,1,5,3,6,0,6,3,5,1,6,3,6,1,6,3,6,2,5,0,5,1,6,3,5,0,6,3,
15,5,1,6,3,5,1,6,3,6,0,6,3,5,1,5,3,6,1,7,3,6,1,6,3,6,1,6,3,6,2,5,0,5,1,6,3,6,0,6,3,
15,5,1,6,3,5,1,6,3,6,0,6,3,5,1,5,3,6,1,7,3,6,1,6,3,6,1,6,3,6,2,5,1,5,1,6,3,6,0,6,3,
15,5,1,7,4,5,1,6,4,6,0,6,4,5,1,5,3,6,1,7,4,6,1,6,3,6,1,6,4,7,2,5,1,5,1,7,4,6,0,6,3,
15,5,1,7,4,5,1,6,3,6,0,6,4,5,1,5,3,6,1,7,4,6,1,6,3,6,1,6,4,6,2,5,1,5,1,7,4,6,0,6,4,
15,5,1,7,4,5,1,6,4,6,0,6,4,6,1,5,4,6,1,7,4,6,1,6,3,6,1,6,4,7,2,5,1,5,1,7,4,6,0,6,4,
16,4,0,6,3,5,0,5,3,5,0,5,3,5,0,4,3,5,0,6,3,5,0,5,3,5,0,5,3,6,1,4,0,5,0,6,3,5,0,5,3,
15,4,0,6,3,5,0,5,3,5,0,6,3,5,1,5,3,5,0,6,3,5,1,5,3,6,0,6,3,6,2,4,0,5,0,6,3,5,0,6,3,
16,4,0,6,3,5,0,5,3,5,0,6,3,5,0,4,3,5,0,6,3,5,0,5,2,5,0,5,3,6,1,4,0,5,0,6,3,5,0,5,3,
15,4,0,6,3,5,0,5,3,5,0,6,3,5,1,5,3,5,0,6,3,5,1,5,3,6,0,6,3,6,2,4,0,5,0,6,3,5,0,6,3,
16,4,0,6,3,5,0,5,3,5,0,6,3,5,1,5,3,6,0,6,3,5,1,5,3,6,0,6,3,6,2,4,0,5,0,6,3,5,0,5,3,
15,5,1,6,3,5,1,6,3,6,0,6,3,5,1,5,3,6,1,7,3,5,1,6,3,6,1,6,3,6,2,5,1,5,1,6,3,6,0,6,3,
36,5,1,28,3,5,1,6,3,6,0,6,3,5,1,5,3,6,1,7,3,5,1,6,3,6,1,6,3,6,2,5,1,5,1,28,3,6,0,6,3,
16,5,1,7,3,5,1,6,3,6,0,7,4,5,1,5,3,6,1,7,3,6,1,6,3,6,1,6,3,7,2,5,1,5,1,7,4,6,0,6,3,
18,7,1,9,6,7,1,8,6,8,0,9,6,8,4,8,6,8,1,9,6,8,4,8,6,8,1,8,6,9,5,7,1,7,1,9,6,8,0,8,6,
15,4,3,5,2,4,3,5,2,5,0,5,2,5,3,4,2,5,3,6,2,5,3,5,2,5,3,5,2,5,1,4,3,4,3,5,2,5,0,5,2,
16,4,0,6,3,5,0,5,3,6,0,6,3,5,1,5,3,5,0,6,3,5,1,5,3,6,1,6,3,6,2,4,0,5,0,6,3,6,0,5,3,
15,5,1,7,4,5,1,6,3,6,1,6,4,5,1,5,3,6,1,7,3,6,1,6,3,6,1,6,3,6,2,5,1,5,1,7,4,6,0,6,3,
15,5,1,7,4,5,1,6,3,6,0,6,4,6,1,5,3,6,1,7,3,6,1,6,3,6,1,6,4,6,2,5,1,5,1,7,4,6,0,6,3,
15,4,0,6,3,5,0,5,3,5,0,6,3,5,0,5,3,5,0,6,3,5,1,5,3,5,0,5,3,6,1,4,0,5,0,6,3,5,0,5,3,
16,4,0,6,3,5,0,5,3,5,0,6,3,5,0,5,3,5,0,6,3,5,1,5,3,5,0,5,3,6,1,4,0,5,0,6,3,5,0,5,3,
17,4,1,7,3,5,1,6,3,5,0,7,3,5,1,6,3,5,1,7,3,5,1,6,3,6,1,7,3,7,2,4,1,5,1,7,3,5,0,6,3,
16,4,0,6,3,5,0,5,3,5,0,6,3,5,1,5,3,6,0,6,3,6,1,5,3,6,0,6,3,6,2,5,0,5,0,6,3,5,0,5,3,
16,5,0,6,3,5,1,6,3,6,0,6,3,5,1,5,3,6,0,6,3,5,1,5,3,6,1,6,3,6,2,5,0,5,1,6,3,6,0,6,3,
15,5,1,6,3,5,1,6,3,6,0,6,3,5,1,5,3,6,0,6,3,5,1,5,3,6,1,6,3,6,2,5,0,5,1,6,3,6,0,6,3,
38,26,1,6,3,26,1,6,3,27,0,6,3,29,1,5,3,27,1,7,3,27,1,6,3,27,1,6,3,6,2,26,1,26,1,6,3,27,0,6,3,
17,5,1,7,3,5,1,6,3,6,0,6,3,5,1,5,3,6,1,7,3,6,1,6,3,6,1,6,3,6,2,5,1,5,1,7,3,6,0,6,3,
30,5,1,6,3,5,22,6,3,6,0,6,3,5,1,5,3,6,1,7,3,5,1,6,3,6,1,6,3,6,2,5,1,5,22,6,3,5,0,6,3,
15,4,0,6,3,5,0,5,3,5,0,5,3,4,0,4,3,5,0,6,3,5,1,5,2,5,0,5,3,6,1,4,0,4,0,6,3,5,0,5,3,
15,5,1,6,3,5,1,6,3,6,0,6,3,5,1,5,3,6,1,7,3,6,1,6,3,6,1,6,3,6,2,5,1,5,1,6,3,6,0,6,3,
16,4,0,6,3,5,0,5,3,5,0,5,3,5,0,4,3,5,0,6,3,5,0,5,3,5,0,5,3,6,1,4,0,5,0,6,3,5,0,5,3,
16,4,0,6,3,5,0,5,3,5,0,5,3,5,0,5,2,5,0,6,3,5,0,5,2,5,0,5,3,6,1,4,0,5,0,6,3,5,0,5,3,
16,4,0,6,3,5,0,5,3,5,0,5,3,5,0,5,3,5,0,6,3,5,0,5,2,5,0,5,3,6,1,4,0,5,0,6,3,5,0,5,3,
16,4,0,6,3,5,0,5,3,5,0,6,3,5,0,5,3,6,0,6,3,5,1,5,3,6,0,5,3,6,1,4,0,5,0,6,3,5,0,5,3,
16,4,0,6,3,5,0,5,3,5,0,6,3,5,0,5,3,6,0,6,3,5,1,5,3,6,0,5,3,6,2,4,0,5,0,6,3,5,0,5,3,
16,4,0,6,3,5,0,5,3,5,0,6,3,5,1,5,3,6,0,6,3,5,1,5,3,6,0,6,3,6,2,4,0,5,0,6,3,5,0,5,3,
15,5,0,6,3,5,0,6,3,5,0,6,3,5,1,5,3,6,0,7,3,5,1,5,3,6,1,6,3,6,2,5,0,5,0,6,3,5,0,6,3,
18,5,0,6,3,5,0,6,3,5,0,6,3,5,0,5,3,6,0,7,3,5,0,5,3,6,0,6,3,6,2,5,0,5,0,6,3,5,0,6,3,
18,4,0,6,3,5,0,5,3,5,0,6,3,5,1,5,3,6,0,6,3,5,1,5,3,6,0,5,3,6,2,4,0,5,1,6,3,5,0,5,3,
15,5,1,6,4,5,1,6,3,6,0,6,3,5,1,5,3,6,1,7,3,6,1,6,3,6,1,6,3,6,2,5,1,5,1,6,4,6,0,6,3,
15,5,1,6,4,5,1,6,3,6,0,6,4,5,1,5,3,6,1,7,3,6,1,6,3,6,1,6,3,6,2,5,1,5,1,6,4,6,0,6,3,
15,5,1,6,4,5,1,6,3,6,0,6,4,5,1,5,3,6,1,7,3,6,1,6,3,6,1,6,3,6,2,5,1,5,1,6,4,6,1,6,3,
15,5,1,6,4,5,1,6,3,6,1,6,4,5,1,5,3,6,1,7,3,6,1,6,3,6,1,6,3,6,2,5,1,5,1,6,4,6,0,6,3,
15,4,0,6,3,5,0,5,2,5,0,5,3,5,0,4,2,5,0,6,2,5,0,5,2,5,0,5,3,6,1,4,0,5,0,6,3,5,0,5,2,
16,4,0,6,3,5,0,5,2,5,0,5,3,5,0,4,2,5,0,6,3,5,0,5,2,5,0,5,3,6,1,4,0,5,0,6,3,5,0,5,2,
16,4,0,6,3,5,0,5,3,5,0,6,3,5,1,5,3,6,0,6,3,5,1,5,3,6,0,5,3,6,2,4,0,5,0,6,3,5,0,5,3,
16,4,0,6,3,5,0,5,3,5,0,6,3,5,1,5,3,6,0,6,3,5,1,5,3,6,0,6,3,6,2,4,0,5,0,6,3,5,0,5,3,
16,5,0,6,3,5,1,6,3,5,0,6,3,5,1,5,3,6,0,6,3,5,1,5,3,6,1,6,3,6,2,5,0,5,1,6,3,5,0,6,3,
15,5,0,6,3,5,1,5,3,5,0,6,3,5,1,5,3,6,0,6,3,5,1,5,3,6,1,6,3,6,2,4,0,5,0,6,3,5,0,5,3,
15,5,1,6,3,5,1,6,3,6,0,6,3,5,1,5,3,6,1,7,3,6,1,6,3,6,1,6,3,6,2,5,1,5,1,6,3,6,0,6,3,
15,5,1,6,3,5,1,6,3,5,0,6,3,5,1,5,3,6,1,6,3,5,1,5,3,6,1,6,3,6,2,5,1,5,1,6,3,5,0,6,3,
18,5,1,6,3,5,1,6,3,6,0,6,3,5,1,5,3,6,1,7,3,6,1,6,3,6,1,6,3,6,2,5,1,5,1,6,3,6,0,6,3,
35,5,1,7,5,5,1,6,26,6,0,6,5,5,1,5,4,6,1,7,3,6,1,6,3,6,1,6,3,7,2,5,1,5,1,7,5,6,0,6,26,
15,5,1,6,4,5,1,6,3,6,0,6,4,5,1,5,4,6,1,7,4,6,1,6,3,6,1,6,4,6,2,5,1,5,1,6,4,6,0,6,3,
17,5,1,6,4,5,1,6,3,6,0,6,4,5,1,5,3,6,1,7,3,6,1,6,3,6,1,6,3,6,2,5,1,5,1,6,4,6,0,6,3,
17,5,0,7,4,6,0,6,3,6,0,6,4,5,1,5,3,6,0,7,3,6,0,6,3,6,0,6,4,7,2,5,0,5,0,7,4,6,0,6,3,
262,3,96,162,172,61,169,73,135,79,37,100,152,104,122,7,113,127,138,207,127,134,181,116,57,142,163,139,81,159,0,3,96,61,169,162,172,79,37,73,135,
156,6,35,101,112,6,109,12,74,18,0,39,91,43,61,6,52,66,77,146,66,73,120,55,3,81,102,78,21,98,3,6,35,6,109,101,112,18,0,12,74,
52,4,0,6,7,5,4,5,3,5,0,6,3,5,0,5,2,5,0,42,3,5,15,5,3,5,0,5,3,6,1,4,0,5,4,6,7,5,0,6,3,
16,4,0,6,3,5,1,5,3,5,0,6,3,5,1,5,3,5,1,6,3,5,1,5,2,5,1,6,3,6,2,4,0,5,1,6,3,5,0,5,3,
16,4,0,6,3,5,1,5,3,5,0,6,3,5,1,5,3,5,0,6,3,5,1,6,3,5,1,6,3,7,2,4,0,5,1,6,3,5,0,6,3,
15,5,1,6,3,5,1,6,3,5,0,6,3,5,1,5,3,6,1,7,3,5,1,6,3,6,1,6,3,6,2,5,1,5,1,6,3,5,0,6,3,
17,5,1,9,3,5,1,8,3,5,0,9,3,5,1,8,3,6,1,9,3,5,1,8,3,6,1,8,3,9,2,5,0,5,1,9,3,5,0,8,3,
15,5,1,6,4,5,1,5,3,6,0,6,4,5,1,5,3,6,1,6,3,5,1,6,3,6,1,6,4,6,2,5,1,5,1,6,4,5,0,5,4,
15,5,1,6,4,5,1,6,3,6,0,6,4,5,1,5,3,6,1,6,3,6,2,6,3,6,1,6,4,6,2,5,1,5,1,6,4,6,0,6,4,
15,5,1,7,4,6,1,6,4,6,0,6,4,5,1,5,4,6,1,7,4,6,2,6,4,6,1,6,4,7,2,5,1,6,1,7,4,6,0,6,4,
15,5,1,7,4,6,1,6,4,6,0,6,4,5,1,5,4,6,1,7,4,6,2,6,3,6,1,6,4,7,2,5,1,6,1,6,4,6,0,6,4,
15,5,1,7,4,6,1,6,4,6,0,7,4,6,1,5,4,6,1,7,4,6,2,6,3,6,1,6,4,7,2,5,1,6,1,7,4,6,0,6,4,
15,4,0,6,3,5,0,5,3,5,0,6,3,4,0,4,3,5,0,6,3,5,1,5,2,5,0,5,3,6,1,4,0,5,0,6,3,5,0,5,3,
16,5,1,6,4,5,1,6,4,6,0,6,4,5,1,5,4,6,1,7,4,6,2,6,3,6,1,6,4,6,2,5,1,5,1,6,4,6,0,6,4,
16,4,0,6,3,5,1,5,3,5,0,6,3,5,0,5,3,5,0,6,3,5,1,5,2,5,0,6,3,6,2,4,0,5,1,6,3,5,0,5,3,
16,4,0,6,3,5,1,5,3,5,0,6,3,5,0,5,3,5,0,6,3,5,1,5,3,6,0,6,3,6,2,4,0,5,1,6,3,5,0,5,3,
16,4,0,6,3,5,1,5,3,5,0,6,3,5,0,5,3,5,0,6,3,5,1,5,2,5,0,5,3,6,2,4,0,5,1,6,3,5,0,5,3,
16,4,0,6,3,5,1,5,3,5,0,6,3,5,1,5,3,5,0,6,3,5,1,5,3,5,1,6,3,6,2,4,0,5,1,6,3,5,0,5,3,
15,4,0,6,3,5,1,5,3,5,0,6,3,5,1,5,3,5,0,6,3,5,1,5,3,5,1,6,3,6,2,4,1,5,1,6,3,5,0,5,3,
15,5,1,6,4,5,1,6,3,6,0,6,4,5,1,5,3,5,1,7,3,6,1,6,3,6,1,6,3,6,2,5,1,6,1,6,4,6,0,6,3,
15,5,1,6,4,5,1,6,3,6,0,6,4,5,1,5,3,6,1,7,3,6,1,6,3,6,1,6,3,6,2,5,1,5,1,6,4,5,0,6,3,
15,5,1,6,4,5,1,6,3,6,0,6,4,5,1,5,3,6,1,7,4,6,1,6,3,6,1,6,4,6,2,5,1,6,1,6,4,6,0,6,3,
18,5,1,7,4,5,1,6,3,6,0,6,4,5,1,5,3,6,1,10,4,6,1,6,3,6,1,6,3,7,2,5,1,5,1,7,4,6,0,6,3,
15,5,1,7,4,6,1,6,4,6,0,6,4,6,1,5,3,6,1,7,4,6,1,6,3,6,1,6,4,7,2,5,1,6,1,7,4,6,0,6,4,
17,4,0,7,3,5,0,7,3,5,0,7,3,5,0,6,3,5,0,8,3,5,1,7,2,5,0,7,3,7,1,4,0,5,0,7,3,5,0,7,3,
16,4,0,6,4,5,0,5,2,5,0,6,3,5,0,5,3,5,0,6,3,5,1,5,3,5,0,6,3,6,1,4,0,5,0,6,4,5,0,5,3,
16,5,0,6,4,5,0,5,3,5,0,6,3,5,1,5,3,5,0,6,3,5,1,5,3,6,1,6,3,6,2,5,0,5,1,6,4,5,0,6,3,
16,4,0,6,3,5,0,5,3,5,0,6,3,5,1,5,3,5,0,6,3,5,1,5,3,5,1,6,3,6,2,4,0,5,1,6,3,5,0,5,3,
34,4,0,6,3,5,1,5,3,5,0,6,3,5,25,5,3,5,0,6,3,5,1,5,3,5,1,6,3,6,2,4,0,5,1,6,3,5,0,5,3,
18,4,0,6,3,5,0,5,2,5,0,5,3,4,0,4,2,5,0,6,2,5,1,5,2,5,0,5,2,5,1,4,0,5,0,6,3,5,0,5,2,
15,4,0,6,3,5,1,5,3,5,0,6,3,5,1,5,3,5,0,6,3,5,1,5,3,6,1,6,3,6,2,4,0,5,1,6,3,5,0,5,3,
15,5,0,6,3,5,1,5,3,5,0,6,3,5,1,5,3,5,1,6,3,5,1,5,3,6,1,6,3,6,2,5,0,5,1,6,3,5,0,5,3,
15,4,0,6,3,5,1,5,3,5,0,6,3,5,1,5,3,5,0,7,3,5,1,6,3,6,1,6,3,6,2,5,0,5,1,6,3,5,0,5,3,
15,5,1,6,3,5,1,5,3,5,0,6,3,5,1,5,3,6,1,7,3,6,1,6,3,6,1,6,3,6,2,5,1,5,1,6,3,5,0,6,3,
15,5,1,7,3,6,1,6,3,6,0,6,4,5,1,5,3,6,1,7,3,6,1,6,3,6,1,6,3,6,2,5,1,6,1,7,3,6,0,6,3,
38,4,0,7,3,5,0,5,3,5,0,6,3,5,0,5,3,5,0,7,3,5,1,5,2,5,0,6,3,7,1,4,0,5,0,7,3,5,0,5,3,
15,5,1,7,4,6,1,6,3,6,0,6,4,5,1,5,3,6,1,7,3,6,2,6,3,6,1,6,4,7,2,5,1,6,1,7,4,6,0,6,3,
16,5,1,7,4,6,1,6,3,6,0,6,4,6,1,5,3,6,1,7,3,6,2,6,3,6,1,6,4,7,2,5,1,6,1,7,4,6,0,6,3,
16,5,1,7,4,6,1,6,4,6,1,6,4,5,1,5,3,6,1,7,4,6,2,6,3,6,1,6,4,7,2,5,1,6,1,7,4,6,0,6,4,
34,4,0,6,25,5,0,5,3,5,0,6,3,5,0,4,3,5,0,6,3,5,1,5,2,5,0,5,3,6,1,4,0,5,0,6,25,5,0,5,3,
18,6,0,8,6,7,0,7,6,7,0,8,6,7,0,7,6,7,0,8,6,7,1,7,5,7,0,8,6,8,5,6,0,7,0,8,6,7,0,7,6,
16,4,0,6,3,5,0,5,3,5,0,6,3,5,0,4,3,5,0,6,3,5,1,5,2,5,0,6,3,6,2,4,0,5,0,6,3,5,0,5,3,
16,4,0,6,3,5,1,5,3,5,0,6,3,5,1,5,3,5,0,6,3,5,1,5,3,5,1,6,3,6,2,4,0,5,1,6,3,5,0,5,3,
15,5,0,6,3,5,1,5,3,5,0,6,3,5,1,5,3,5,0,7,3,5,1,5,3,6,1,6,3,6,2,5,0,5,1,6,3,5,0,5,3,
16,4,0,6,3,5,1,5,3,5,0,6,3,5,1,5,3,5,0,6,3,5,1,5,3,5,0,6,3,6,2,4,0,5,1,6,3,5,0,5,3,
18,5,1,9,4,5,1,6,3,8,0,9,4,5,1,5,3,8,1,9,4,9,1,9,3,8,1,9,3,9,2,5,1,5,1,9,4,8,0,6,3,
15,5,1,7,3,5,1,5,3,5,0,6,3,5,1,5,3,5,1,7,3,5,1,5,3,6,1,6,3,6,2,5,0,5,1,6,3,5,0,5,3,
17,4,1,8,3,5,1,7,3,5,0,8,3,5,1,7,3,5,1,8,3,5,1,7,3,5,1,8,3,8,2,4,1,5,1,8,3,5,0,7,3,
15,5,1,7,4,5,1,6,3,6,0,6,4,5,1,5,3,6,1,7,4,6,1,6,3,6,1,6,3,7,2,5,1,5,1,7,4,6,0,6,3,
15,4,0,6,3,5,0,5,3,5,0,5,3,5,0,4,3,5,0,6,3,5,1,5,3,5,0,5,3,6,1,4,0,5,0,6,3,5,0,5,3,
15,4,0,6,3,5,0,5,3,5,0,5,3,5,0,4,3,5,0,6,3,5,1,5,2,5,0,5,3,6,1,4,0,5,0,6,3,5,0,5,3,
15,4,0,6,3,5,0,5,3,5,0,5,3,5,0,4,3,5,0,6,3,5,1,5,2,5,0,5,3,6,1,4,0,5,0,6,3,5,0,5,3,
15,4,0,6,3,5,0,5,3,5,0,5,3,5,0,4,3,5,0,6,3,5,1,5,2,5,0,5,3,6,1,4,0,5,0,6,3,5,0,5,3,
16,4,0,6,3,5,0,5,3,5,0,6,3,5,1,5,3,5,0,6,3,5,1,5,3,6,0,6,3,6,2,4,0,5,0,6,3,5,0,5,3,
16,5,0,6,3,5,1,5,3,5,0,6,4,5,1,5,3,5,0,6,3,5,1,5,3,6,1,6,3,6,2,5,0,5,1,6,3,5,0,5,3,
15,4,0,6,3,5,1,5,3,5,0,6,4,5,1,5,3,5,0,6,3,5,1,5,3,6,1,6,3,6,2,4,0,5,1,6,3,5,0,5,3,
15,4,0,6,4,5,1,5,3,5,0,6,3,5,1,5,3,5,0,6,3,5,1,5,3,5,1,6,3,6,2,4,0,5,1,6,4,5,0,5,3,
15,5,1,6,4,5,1,5,3,5,0,6,3,5,1,5,3,5,1,7,3,5,1,5,3,6,1,6,3,6,2,5,1,5,1,6,4,5,0,5,3,
15,5,1,6,4,5,1,5,3,6,0,6,4,5,1,5,4,6,1,7,3,6,1,6,3,6,1,6,3,6,2,5,1,5,1,6,4,6,0,5,3,
15,5,1,6,4,5,1,5,3,5,0,6,4,5,1,5,4,5,1,7,4,6,1,5,3,6,1,6,3,6,2,5,1,5,1,6,4,6,0,5,4,
15,5,0,7,4,5,1,6,3,6,0,6,4,5,1,5,4,6,1,7,3,6,1,6,3,6,1,6,3,6,2,5,0,5,1,7,4,6,0,6,3,
15,5,1,7,4,5,1,6,3,6,0,6,4,5,1,5,3,6,1,7,3,6,1,6,3,6,1,6,3,7,2,5,1,5,1,7,4,6,0,6,3,
16,4,0,6,3,5,0,5,3,5,0,5,3,5,0,4,3,5,0,6,3,5,1,5,3,5,0,5,3,6,1,4,0,5,0,6,3,5,0,5,3,
16,7,0,7,3,7,0,7,3,7,0,7,3,7,0,7,3,7,0,7,3,7,1,7,3,7,0,7,3,7,2,7,0,7,0,7,3,7,0,7,3,
16,4,0,6,3,5,0,5,3,5,0,6,3,5,1,5,3,5,0,6,3,5,2,5,3,5,0,6,3,6,2,4,0,5,0,6,3,5,0,5,3,
16,5,0,6,3,5,1,5,3,5,0,6,3,5,1,5,3,6,0,6,3,6,1,5,3,6,1,6,3,6,2,5,0,5,1,6,3,5,0,5,3,
16,4,0,6,3,5,0,5,3,5,0,6,3,5,1,5,3,5,0,7,3,5,1,7,3,5,0,6,3,6,2,4,0,5,0,6,3,5,0,5,3,
15,5,0,6,3,5,1,5,3,5,0,6,3,5,1,5,3,5,0,6,3,5,1,5,3,6,1,6,3,6,2,5,0,5,1,6,3,5,0,5,3,
15,5,0,6,3,5,1,5,3,5,0,6,3,5,1,5,3,6,1,6,3,6,1,5,3,6,1,6,3,6,2,5,0,5,1,6,3,5,0,5,3,
15,5,1,6,3,5,1,5,3,6,0,6,3,5,1,5,3,6,1,7,3,6,1,5,3,6,1,6,3,6,2,5,1,5,1,6,3,5,0,5,3,
17,5,1,7,3,5,1,6,3,6,0,6,4,5,1,5,3,6,1,7,3,6,1,6,3,6,1,6,3,7,2,5,1,5,1,7,3,6,0,6,3,
15,5,1,7,3,6,1,6,3,6,0,6,4,5,1,5,3,6,1,7,3,6,1,6,3,6,1,6,3,7,2,5,1,6,1,7,3,6,0,6,3,
15,5,1,7,4,6,1,6,3,6,0,6,4,6,1,5,3,6,1,7,3,6,1,6,3,6,1,6,3,7,2,5,1,6,1,7,4,6,0,6,3,
16,4,0,6,3,5,0,5,3,5,0,5,3,5,0,4,3,5,0,6,3,5,1,5,3,5,0,5,3,6,1,4,0,5,0,6,3,5,0,5,3,
15,4,0,6,3,5,0,5,3,5,0,5,3,5,0,4,3,5,0,6,3,5,1,5,3,5,0,5,3,6,1,4,0,5,0,6,3,5,0,5,3,
16,4,0,6,3,5,0,5,3,5,0,6,3,5,0,5,3,5,0,6,3,5,1,5,3,5,0,5,3,6,1,4,0,5,0,6,3,5,0,5,3,
15,4,0,6,3,5,0,5,3,5,0,5,3,5,0,4,3,5,0,6,3,5,1,5,3,5,0,5,3,6,1,4,0,5,0,6,3,5,0,5,3,
18,4,0,6,3,5,0,5,3,5,0,6,3,5,1,5,3,5,0,6,3,5,1,5,3,5,0,6,3,6,2,4,0,5,0,6,3,5,0,5,3,
18,4,0,8,3,5,0,5,3,5,0,8,3,5,1,5,3,5,0,8,3,5,1,5,3,5,0,8,3,8,2,4,0,5,0,8,3,5,0,5,3,
16,4,0,6,3,5,0,5,3,5,0,6,3,5,1,5,3,5,0,6,3,5,1,5,3,5,0,6,3,6,2,4,0,5,0,6,3,5,0,5,3,
15,5,0,6,3,5,1,5,3,5,0,6,3,5,1,5,3,5,0,6,3,5,1,5,3,6,1,6,3,6,2,5,0,5,1,6,3,5,0,5,3,
18,5,0,7,4,6,0,6,4,6,0,7,4,6,1,6,4,6,0,7,4,6,0,6,4,6,0,6,4,7,2,5,0,6,0,7,4,6,0,6,4,
19,4,0,6,3,5,1,5,3,5,0,6,3,5,1,5,3,5,0,6,3,5,1,5,3,5,1,6,3,6,2,4,0,5,1,6,3,5,0,5,3,
15,5,1,7,3,6,1,6,3,6,0,6,4,6,1,5,3,6,1,7,3,6,1,6,3,6,1,6,3,7,2,5,1,6,1,7,3,6,0,6,3,
16,4,0,7,3,7,0,7,2,7,0,7,3,7,0,7,2,6,0,6,2,7,1,7,2,7,0,7,3,6,1,4,0,7,0,7,3,7,0,7,2,
16,5,1,7,4,6,1,6,4,6,0,6,4,6,1,5,3,6,1,7,4,6,2,6,3,6,1,6,3,7,2,5,1,6,1,7,4,6,1,6,4,
15,5,1,7,4,6,1,6,3,6,1,6,4,6,1,5,3,6,1,7,3,6,2,6,3,6,1,6,3,7,2,5,1,6,1,7,4,6,0,6,4,
15,4,0,5,3,5,0,4,3,5,0,5,3,5,0,4,3,5,0,5,3,5,1,4,3,6,0,5,3,5,1,4,0,5,0,5,3,5,0,4,3,
15,4,0,6,3,5,0,5,3,5,0,5,3,5,0,4,3,5,0,6,3,5,1,5,3,5,0,5,3,6,1,4,0,5,0,6,3,5,0,5,3,
16,4,0,6,3,5,0,5,3,5,0,6,3,5,0,5,3,5,0,6,3,5,1,5,3,5,0,5,3,6,2,4,0,5,0,6,3,5,0,5,3,
16,4,0,6,3,5,0,5,3,5,0,6,3,5,0,5,3,5,0,6,3,5,1,5,3,5,0,6,3,6,2,4,0,5,0,6,3,5,0,5,3,
16,5,0,6,3,5,1,5,3,6,0,6,4,5,1,5,3,6,0,7,3,6,1,5,3,6,1,6,3,6,2,5,0,5,1,6,3,5,0,5,3,
16,4,0,6,3,5,0,5,3,5,0,6,3,5,0,5,3,5,0,6,3,5,1,5,3,5,0,5,3,6,2,4,0,5,0,6,3,5,0,5,3,
16,5,0,6,3,5,1,5,3,5,0,6,3,5,1,5,3,5,0,6,3,5,1,5,3,6,1,6,3,6,2,5,0,5,1,6,3,5,0,5,3,
16,5,0,6,3,5,1,5,3,5,0,6,3,5,1,5,3,5,0,6,3,5,1,5,3,6,1,6,3,6,2,5,0,5,1,6,3,5,0,5,3,
17,5,0,7,3,5,1,6,3,6,0,6,4,5,1,5,3,6,1,7,3,6,1,6,3,6,1,6,3,7,2,5,1,5,1,7,3,6,0,6,3,
15,5,1,7,3,5,1,5,3,6,0,6,4,5,1,5,3,6,1,7,3,6,1,6,3,6,1,6,3,6,2,5,1,5,1,7,3,6,0,5,3,
15,5,0,7,3,6,1,6,3,6,0,6,4,5,1,5,3,6,1,7,3,6,1,6,3,6,1,6,3,6,2,5,1,5,1,7,3,6,0,6,3,
15,4,0,6,3,5,0,5,3,5,0,5,3,5,0,4,3,5,0,6,3,5,1,5,3,5,0,5,3,6,1,4,0,5,0,6,3,5,0,5,3,
16,4,0,6,3,5,0,5,3,5,0,6,3,5,0,5,3,5,0,6,3,5,1,5,2,5,0,6,3,6,2,4,0,5,0,6,3,5,0,5,3,
16,4,0,6,3,5,0,5,3,5,0,6,3,5,0,5,3,5,0,6,3,5,1,5,3,5,0,6,3,6,2,4,0,5,0,6,3,5,0,5,3,
16,4,0,6,3,5,0,5,3,5,0,6,3,5,0,5,3,5,0,6,3,5,1,5,3,5,0,5,3,6,2,4,0,5,0,6,3,5,0,5,3,
16,4,0,6,3,5,0,5,3,5,0,6,3,5,0,5,3,5,0,6,3,5,1,5,3,5,0,6,3,6,2,4,0,5,0,6,3,5,0,5,3,
16,5,0,6,3,5,1,5,3,5,0,6,3,5,1,5,3,6,0,6,3,6,1,5,3,6,1,6,3,6,2,5,0,5,1,6,3,5,0,5,3,
18,5,0,8,3,9,1,8,3,8,0,8,3,5,1,5,3,8,1,8,3,8,1,8,3,8,1,8,3,8,2,5,0,9,1,8,3,8,0,8,3,
15,5,1,6,3,5,1,6,3,6,0,6,4,5,1,5,3,6,1,7,3,6,1,6,3,6,1,6,3,6,2,5,1,5,1,6,3,6,0,6,3,
15,5,0,6,3,6,1,5,3,6,0,6,4,6,1,5,3,6,1,7,3,6,1,5,3,6,1,6,3,6,2,5,0,6,1,6,3,6,0,5,3,
15,5,1,7,3,5,1,6,3,6,0,6,4,5,1,5,3,6,1,7,3,6,1,6,3,6,1,6,3,7,2,5,1,5,1,7,3,6,0,6,3,
15,5,1,7,3,6,1,6,3,6,0,6,4,5,1,5,3,6,1,7,3,6,1,6,3,6,1,6,3,7,2,5,1,6,1,7,3,6,0,6,3,
15,5,1,7,4,6,1,6,3,6,0,6,4,6,1,5,3,6,1,7,3,6,1,6,3,6,1,6,4,7,2,5,1,6,1,7,4,6,0,6,4,
15,5,1,7,4,6,1,6,4,6,0,6,4,6,1,5,3,6,1,7,4,6,1,6,3,6,1,6,4,7,2,5,1,6,1,7,4,6,1,6,4,
17,4,0,6,3,5,0,5,3,5,0,5,3,5,0,4,3,5,0,6,3,5,1,5,2,5,0,5,3,6,1,4,0,5,0,6,3,5,0,5,3,
15,4,0,6,3,5,0,5,3,5,0,5,3,5,0,4,2,5,0,6,3,5,1,5,2,5,0,5,3,6,1,4,0,5,0,6,3,5,0,5,3,
16,4,0,6,3,5,0,5,3,5,0,6,3,5,0,5,3,6,0,6,3,5,1,5,3,5,0,5,3,6,2,4,0,5,0,6,3,5,0,5,3,
16,4,0,6,3,5,0,5,3,5,0,6,3,5,0,5,3,6,0,6,3,5,1,5,2,5,0,5,3,6,2,4,0,5,0,6,3,5,0,5,3,
16,5,0,6,3,5,1,5,3,6,0,6,4,5,1,5,3,6,0,7,3,6,1,6,3,6,1,6,3,6,2,5,0,5,1,6,3,6,0,5,3,
16,4,0,6,3,5,0,5,3,5,0,6,3,5,0,5,3,6,0,6,3,5,1,5,3,5,0,5,3,6,2,4,0,5,0,6,3,5,0,5,3,
16,4,0,7,3,5,0,6,3,5,0,7,3,5,1,6,3,5,0,7,3,5,1,6,2,5,0,6,3,7,2,4,0,5,0,7,3,5,0,6,3,
16,5,0,6,3,5,1,5,3,5,0,6,3,5,1,5,3,6,0,6,3,5,1,5,3,6,1,6,3,6,2,5,0,5,1,6,3,5,0,5,3,
35,5,1,6,3,5,1,5,3,5,0,6,3,27,1,5,3,6,0,7,3,6,1,5,3,6,1,6,3,6,2,5,1,5,1,6,3,5,0,5,3,
15,5,1,6,3,6,1,5,3,6,0,6,4,5,1,5,3,6,1,7,3,6,1,5,3,6,1,6,3,6,2,5,1,6,1,6,3,6,0,5,3,
15,5,1,7,3,5,1,6,3,6,0,6,4,5,1,5,3,5,1,7,3,6,1,6,3,6,1,6,3,6,2,5,1,5,1,7,3,6,0,6,3,
17,7,1,9,6,7,1,8,6,8,0,8,6,7,1,7,6,7,1,9,6,8,1,8,6,8,1,8,6,8,2,7,1,7,1,9,6,8,0,8,6,
15,5,1,7,4,6,1,6,4,6,0,6,4,5,1,5,3,6,1,7,3,6,4,6,3,6,1,6,4,7,2,5,1,6,1,7,4,6,0,6,4,
16,5,0,6,3,5,1,6,3,5,0,6,3,5,1,5,3,5,0,7,3,5,1,6,3,6,1,6,3,6,2,5,0,5,1,6,3,5,0,5,3,
15,4,0,6,3,5,0,5,3,5,0,5,3,5,0,4,2,5,0,6,2,5,1,5,2,5,0,5,3,6,1,4,0,5,0,6,3,5,0,5,3,
15,4,0,6,3,5,0,5,3,5,0,6,3,5,0,4,2,5,0,6,2,5,1,5,2,5,0,5,3,6,1,4,0,5,0,6,3,5,0,5,3,
16,4,0,6,3,5,0,5,3,5,0,6,3,5,0,5,3,5,0,6,3,5,1,5,2,5,0,6,3,6,2,4,0,5,0,6,3,5,0,5,3,
16,4,0,6,3,5,0,5,3,5,0,6,3,5,0,5,3,5,0,6,3,5,1,5,2,6,0,6,3,6,2,4,0,5,0,6,3,5,0,5,3,
19,5,0,6,3,5,0,5,3,5,0,6,3,5,1,5,3,5,0,6,3,5,1,5,3,6,1,6,3,6,2,5,0,5,0,6,3,5,0,5,3,
16,5,0,6,3,5,1,5,3,5,0,6,3,5,1,5,3,5,0,7,3,5,1,5,3,6,1,6,3,6,2,5,0,5,1,6,3,5,0,5,3,
15,5,0,6,3,5,1,5,3,5,0,6,4,5,1,5,3,5,0,6,3,5,1,5,3,6,1,6,3,6,2,5,1,5,1,6,3,5,0,5,3,
16,5,1,8,3,8,1,8,3,8,0,8,3,5,1,5,3,7,0,8,3,8,1,8,3,8,1,8,3,7,2,5,0,8,1,8,3,8,0,8,3,
15,5,1,7,3,5,1,6,3,6,0,6,4,5,1,5,3,6,1,7,3,6,1,6,3,6,1,6,3,6,2,5,1,5,1,7,3,6,0,6,3,
15,5,1,7,4,6,1,6,4,6,0,6,4,5,1,5,3,6,1,7,3,6,1,6,3,6,1,6,4,7,2,5,1,6,1,7,4,6,0,6,4,
16,7,1,7,4,8,1,6,3,8,0,6,4,8,1,5,3,8,1,7,3,8,1,6,3,8,1,6,4,7,2,7,1,8,1,7,4,8,0,6,4,
18,5,0,6,3,5,1,5,3,5,0,6,3,5,1,5,3,5,0,7,3,6,1,5,3,6,1,6,3,6,2,5,0,5,1,6,3,5,0,5,3,
15,5,1,7,4,6,1,6,3,6,0,6,4,5,1,5,3,6,1,7,3,6,1,6,3,6,1,6,4,7,2,5,1,6,1,7,4,6,0,6,4,
15,4,0,6,3,5,0,5,3,5,0,5,3,4,0,4,2,5,0,6,2,5,1,5,2,5,0,5,3,6,1,4,0,5,0,6,3,5,0,5,3,
15,4,0,6,3,5,0,5,3,5,0,6,3,5,0,5,3,5,0,6,3,5,1,5,2,5,0,5,3,6,2,4,0,5,0,6,3,5,0,5,3,
16,6,0,6,3,6,0,6,3,6,0,6,6,6,0,6,3,6,0,6,3,6,1,6,2,6,0,6,3,6,2,6,0,6,0,6,3,6,0,6,3,
16,5,0,6,3,5,1,5,3,5,0,6,3,5,1,5,3,5,0,7,3,5,1,5,3,6,1,6,3,6,2,5,0,5,1,6,3,5,0,5,3,
16,5,0,6,3,5,0,5,3,5,0,6,3,5,1,5,3,5,0,7,3,5,1,5,3,6,1,6,3,6,2,5,0,5,0,6,3,5,0,5,3,
15,5,1,6,3,5,1,5,3,6,0,6,4,5,1,5,3,5,1,7,3,6,1,6,3,6,1,6,3,6,2,5,1,5,1,6,3,6,0,5,3,
15,5,0,6,3,5,1,6,3,6,0,6,4,5,1,5,3,6,1,7,3,6,1,6,3,6,1,6,3,6,2,5,0,5,1,6,3,6,0,5,3,
15,5,1,7,3,6,1,6,3,6,0,6,4,5,1,5,3,6,1,7,3,6,1,6,3,6,1,6,3,7,2,5,1,6,1,7,3,6,0,6,3,
15,5,1,7,3,5,1,6,3,6,0,6,4,5,1,5,3,5,1,7,3,6,1,6,3,6,1,6,3,7,2,5,1,5,1,7,3,6,0,6,3,
15,5,1,7,3,6,1,6,3,6,0,6,4,5,1,5,3,6,1,7,3,6,1,6,3,6,1,6,4,7,2,5,1,6,1,7,3,6,0,6,4,
15,5,1,7,3,6,1,6,3,6,0,6,4,5,1,5,3,6,1,7,3,6,1,6,3,6,1,6,4,7,2,5,1,6,1,7,4,6,0,6,4,
15,4,0,6,3,5,0,5,3,5,0,5,3,5,0,4,2,5,0,6,3,5,1,5,2,5,0,5,3,6,1,4,0,5,0,6,3,5,0,5,3,
15,4,0,6,2,5,0,5,6,5,0,5,6,5,0,4,2,5,0,6,2,5,1,5,2,5,0,5,6,6,1,4,0,5,0,6,2,5,0,5,6,
16,4,0,6,3,5,0,5,3,5,0,6,3,5,0,5,2,5,0,6,3,5,1,5,2,5,0,5,3,6,1,4,0,5,0,6,3,5,0,5,3,
16,4,0,6,3,5,0,5,3,5,0,6,3,5,0,5,3,5,0,6,3,5,1,5,2,6,0,6,3,6,2,4,0,5,0,6,3,5,0,5,3,
16,5,0,6,3,5,0,5,3,5,0,6,4,5,1,5,3,5,0,7,3,5,1,5,3,6,1,6,3,6,2,5,0,5,0,6,3,5,0,5,3,
16,5,0,6,3,5,2,5,3,5,0,6,4,5,3,5,3,5,0,7,3,6,3,5,3,6,0,6,3,6,2,5,0,5,2,6,3,5,0,5,3,
16,5,0,6,4,5,1,5,3,5,0,6,4,5,1,5,3,5,1,7,3,6,1,5,3,6,1,6,3,6,2,5,0,5,1,6,4,5,0,5,3,
15,5,0,6,3,5,1,5,3,5,0,6,3,5,1,5,3,5,0,6,3,5,1,5,3,6,1,6,3,6,2,5,0,5,1,7,3,5,0,7,3,
15,5,1,7,4,6,2,6,3,6,0,6,4,5,1,5,3,6,1,7,3,6,1,6,3,6,1,6,3,7,2,5,1,6,2,7,4,6,0,6,3,
18,5,0,6,3,5,0,5,3,5,0,6,4,5,0,5,3,5,0,7,3,5,0,6,3,6,0,6,3,6,2,5,0,5,0,6,3,5,0,5,3,
15,5,1,7,4,5,4,6,3,6,0,6,4,5,1,5,3,6,1,7,3,6,4,6,3,6,1,6,3,7,2,5,1,5,4,7,4,6,0,6,3,
15,4,1,6,4,5,1,6,3,5,0,6,4,6,1,5,3,6,1,7,3,6,1,6,3,6,1,6,3,6,2,4,1,5,1,7,4,5,0,6,3,
34,25,1,26,26,26,1,26,26,26,0,26,26,26,1,25,26,25,1,25,26,26,1,26,26,25,1,26,26,25,25,25,1,26,1,26,26,26,0,25,26,
15,4,0,6,3,5,0,5,3,5,0,5,4,5,0,4,3,5,0,6,3,5,0,5,2,5,0,5,3,6,1,4,0,5,0,6,3,5,0,5,3,
15,4,0,6,3,5,0,5,3,5,0,6,3,5,0,5,2,5,0,6,2,5,1,5,2,5,0,5,3,6,1,4,0,5,0,6,3,5,0,5,3,
16,4,0,6,3,5,0,5,3,5,0,6,3,6,0,5,2,5,0,6,3,5,1,5,2,5,0,5,3,6,1,4,0,5,0,6,3,5,0,5,3,
19,4,0,6,3,5,1,5,3,5,0,6,3,6,0,5,3,6,0,6,3,6,1,5,2,6,0,6,3,6,2,4,0,5,1,6,3,5,0,5,3,
16,4,0,6,3,5,0,5,3,5,0,6,3,5,1,5,3,5,0,6,3,5,1,5,2,6,0,6,3,6,2,4,0,5,0,6,3,5,0,5,3,
16,4,0,6,3,6,0,5,3,5,0,6,3,6,1,5,3,5,0,6,3,6,1,5,2,6,0,6,3,6,2,4,0,6,1,6,3,5,0,5,3,
15,5,0,6,3,6,0,5,3,5,0,6,4,6,1,5,3,6,0,7,3,6,1,5,2,6,1,6,3,6,2,4,0,6,0,7,3,5,0,5,3,
15,5,1,6,3,5,1,5,3,6,0,6,4,6,1,5,3,5,1,7,3,6,1,6,3,6,1,6,3,6,2,5,1,5,1,7,3,6,0,5,3,
15,5,1,6,3,5,1,5,3,6,0,6,4,5,1,5,3,6,1,7,3,6,1,6,3,6,1,6,3,6,2,5,1,5,1,7,3,6,0,5,3,
15,5,1,7,4,6,1,6,4,6,0,6,4,6,1,5,3,6,1,7,3,6,1,6,3,6,1,6,4,7,2,5,1,6,1,7,4,6,0,6,3,
18,4,0,6,3,5,0,5,3,5,0,6,3,5,0,5,2,5,0,6,3,5,1,5,2,5,0,5,3,6,1,4,0,5,0,6,3,5,0,5,3,
15,5,1,7,4,6,1,6,4,6,0,6,4,6,1,5,3,6,1,7,3,6,1,6,3,6,1,6,4,7,2,5,1,6,1,7,4,6,0,6,4,
16,4,0,6,3,5,0,5,3,5,0,5,3,5,0,4,2,5,0,6,2,5,0,5,2,5,0,5,3,6,1,4,0,5,0,6,3,5,0,5,3,
15,4,0,6,3,5,0,5,3,5,0,6,3,5,0,5,2,5,0,6,3,5,1,5,2,5,0,5,3,6,1,4,0,5,0,6,3,5,0,5,3,
18,6,0,8,6,7,0,7,6,7,0,8,6,7,0,7,5,7,0,8,6,7,1,7,5,8,0,8,6,8,1,6,0,7,0,8,6,7,0,7,6,
16,4,0,6,3,5,0,5,3,5,0,6,3,5,0,5,3,5,0,6,3,5,1,5,2,6,0,5,3,6,1,4,0,5,0,6,3,5,0,5,3,
16,4,0,6,3,5,1,5,3,6,0,6,4,5,1,5,3,5,0,7,3,6,1,5,3,6,0,6,3,6,2,5,0,5,1,7,3,6,0,5,3,
15,4,0,6,3,5,0,5,3,5,0,6,3,5,0,4,2,5,0,6,3,5,1,5,2,5,0,5,3,6,1,4,0,5,0,6,3,5,0,5,3,
15,5,1,7,3,5,1,5,3,6,0,6,3,5,1,5,3,6,1,7,3,6,1,6,3,6,1,6,3,6,2,5,1,5,1,7,3,6,0,5,3,
18,5,1,7,4,5,1,6,3,6,0,6,4,5,1,5,3,6,1,7,3,6,1,6,3,6,1,6,3,7,2,5,1,5,1,7,4,6,0,6,3,
15,5,1,6,3,5,1,5,3,6,0,6,3,5,1,5,3,6,1,7,3,6,1,5,3,6,1,6,3,6,2,5,1,5,1,7,3,6,0,5,3,
17,5,1,9,4,5,1,8,3,6,0,9,4,5,1,8,3,6,1,9,3,6,1,8,3,6,1,8,3,9,2,5,1,5,1,9,4,6,0,8,3,
15,5,1,7,4,6,1,6,4,6,0,6,4,6,1,5,3,6,1,7,3,6,1,6,3,6,1,6,4,7,2,5,1,6,1,7,4,6,0,6,4,
15,4,0,6,3,5,0,5,3,5,0,5,3,5,0,4,3,5,0,6,3,5,0,5,2,5,0,5,3,6,1,4,0,5,0,6,3,5,0,5,3,
16,4,0,6,4,5,0,5,3,6,0,6,4,5,0,5,3,5,0,6,3,6,0,5,3,6,0,6,4,6,2,4,0,5,0,6,4,5,0,5,3,
16,4,0,6,3,5,0,5,3,5,0,6,3,5,0,5,3,5,0,6,3,5,1,5,3,6,0,6,3,6,2,4,0,5,0,6,3,5,0,5,3,
15,4,0,6,3,5,0,5,3,5,0,6,3,5,0,5,3,5,0,6,3,5,1,5,3,6,0,5,3,6,2,4,0,5,0,6,3,5,0,5,3,
16,4,0,6,3,5,1,5,3,6,0,6,3,5,0,5,3,6,0,6,3,6,1,5,3,6,0,6,3,6,2,4,0,5,1,6,3,6,0,5,3,
18,4,0,6,3,8,0,5,3,8,0,6,3,8,1,5,3,8,0,7,3,8,1,5,3,9,0,6,3,6,2,4,0,8,0,6,3,8,0,5,3,
16,5,0,6,4,5,1,5,3,6,0,6,4,5,1,5,3,6,0,7,3,6,1,6,3,6,1,6,3,6,2,5,0,5,1,7,4,6,0,6,3,
15,5,1,7,4,5,1,5,3,6,0,6,4,5,1,5,3,6,1,7,3,6,1,6,3,6,1,6,3,6,2,5,1,5,1,7,4,6,0,6,3,
15,4,0,6,2,5,0,5,2,5,0,5,3,5,1,4,2,5,1,6,2,5,1,5,2,5,0,5,2,6,1,4,0,5,0,6,2,5,0,5,2,
16,5,1,7,3,6,1,6,3,6,0,7,4,6,1,6,3,6,1,7,3,6,1,6,3,6,1,7,3,7,2,5,1,6,2,7,3,6,0,6,4,
17,5,1,7,4,6,1,6,4,6,0,7,4,6,1,5,4,6,1,7,4,6,1,6,4,6,1,7,4,7,2,5,1,6,1,7,4,6,0,6,4,
15,4,0,6,3,5,0,5,3,5,0,5,4,5,0,4,3,5,0,6,4,5,0,5,3,5,0,5,3,6,2,4,0,5,0,6,3,5,0,5,3,
15,5,1,7,4,6,1,6,4,6,1,6,5,6,2,5,4,6,1,7,4,6,1,6,3,6,2,6,4,7,2,5,2,6,1,7,4,6,0,6,4,
16,4,1,6,3,5,0,5,3,5,0,6,3,5,1,5,3,5,1,6,3,5,1,5,2,6,1,6,3,6,2,4,1,5,0,6,3,5,0,5,3,
18,4,0,7,3,5,0,6,3,5,0,7,3,5,0,5,3,5,0,8,3,5,1,6,2,6,0,7,3,7,2,4,0,5,0,7,3,5,0,6,3,
16,5,0,6,3,5,0,6,3,6,0,6,3,6,0,5,3,6,0,7,3,6,1,6,2,6,0,6,3,6,2,5,0,6,0,6,3,6,0,6,3,
18,4,0,9,3,6,0,8,3,6,0,9,3,5,0,5,2,6,0,9,2,6,1,8,2,6,0,8,3,9,2,4,0,5,0,9,3,6,0,8,3,
16,4,0,6,3,5,0,5,3,5,0,6,3,5,0,4,3,5,0,6,3,5,1,5,2,6,0,5,3,6,2,4,0,5,0,6,3,5,0,5,3,
17,4,0,6,2,5,1,5,2,5,0,5,3,5,1,4,2,5,0,6,2,5,1,5,2,5,1,5,2,5,1,4,0,5,1,6,2,5,0,5,2,
18,4,0,7,3,5,0,6,3,5,0,6,3,5,0,5,2,5,0,7,2,5,1,6,2,5,0,7,3,8,1,4,0,5,0,7,3,5,0,6,3,
16,6,1,7,3,7,1,7,3,7,0,7,4,7,1,5,3,7,1,8,3,7,1,7,3,8,1,7,3,7,2,6,1,7,1,7,3,7,0,7,3,
15,5,0,6,3,6,1,6,3,6,0,6,4,6,1,5,3,6,1,6,3,6,1,6,3,7,1,6,3,6,2,5,0,6,1,6,3,6,0,6,3,
15,5,1,6,3,6,1,6,3,6,0,6,4,5,1,5,3,6,1,7,3,6,1,6,3,6,1,6,3,6,2,5,1,6,1,6,3,6,0,6,3,
16,4,0,6,3,5,1,5,3,5,0,6,3,5,1,5,3,5,0,6,3,5,1,5,2,6,0,6,3,6,2,4,0,5,1,6,3,5,0,5,3,
16,5,0,6,3,6,1,6,3,6,0,6,3,5,1,5,3,5,0,7,3,6,1,7,2,6,1,6,3,6,2,5,0,5,1,6,3,6,0,6,3,
15,4,0,6,3,5,0,5,2,5,0,6,3,5,0,4,2,5,0,6,3,5,1,5,2,5,0,5,2,6,1,4,0,5,0,6,3,5,0,5,2,
17,4,0,6,3,6,0,5,3,6,0,6,3,6,0,4,3,6,0,6,3,6,1,5,2,6,0,5,3,6,1,4,0,5,0,6,3,6,0,5,3,
17,5,0,7,4,6,0,6,3,6,0,7,4,6,1,5,3,6,0,7,3,6,0,6,3,6,0,6,3,7,2,5,0,6,0,7,4,6,0,6,3,
18,4,0,6,3,5,1,5,2,5,0,6,3,4,1,4,2,5,0,6,2,5,1,5,2,5,1,5,3,6,1,4,0,5,1,6,3,5,0,5,2,
16,4,0,6,4,5,1,6,3,5,0,6,3,5,1,5,3,5,0,7,3,5,1,7,2,6,1,6,3,6,2,4,0,5,1,6,4,5,0,6,3,
16,5,1,7,4,5,1,6,3,6,0,6,4,5,1,5,4,6,1,7,3,6,1,6,3,6,1,6,3,6,2,5,1,5,1,7,4,6,0,6,3,
16,5,1,6,3,5,1,6,3,6,0,6,4,5,1,5,3,5,1,7,3,6,1,5,3,6,1,6,3,6,2,5,1,5,1,6,3,6,0,6,3,
15,5,1,7,3,5,1,6,3,6,0,6,4,5,1,5,3,5,1,7,3,6,1,6,3,6,1,6,3,7,2,5,1,5,1,7,3,6,0,6,3,
15,5,0,7,3,5,1,6,3,6,0,6,3,5,1,5,3,5,1,7,3,6,1,6,3,6,1,6,3,7,2,5,0,5,1,7,3,6,0,6,3,
16,4,0,6,3,5,0,5,2,5,0,6,3,5,0,4,2,5,0,6,2,5,0,5,2,5,0,6,2,6,1,4,0,5,0,6,3,5,0,5,2,
15,5,1,7,3,5,1,6,3,6,0,6,4,5,1,5,3,6,1,7,3,6,1,6,3,6,1,6,3,7,2,5,1,5,1,7,3,6,0,6,3,
15,4,0,6,3,5,1,5,2,5,0,6,3,5,0,4,2,5,0,6,2,5,1,5,2,6,0,5,3,6,1,4,0,5,1,6,3,5,0,5,2,
15,5,1,7,4,6,1,6,3,6,0,7,4,6,1,5,3,6,1,7,3,6,1,6,3,6,1,6,3,7,2,5,1,6,1,7,4,6,0,6,3,
16,4,0,6,3,5,1,5,3,5,0,6,3,5,0,4,3,5,0,6,2,5,1,5,2,6,0,6,3,6,1,4,0,5,1,6,3,5,0,5,3,
16,4,0,6,3,5,1,6,3,6,0,6,3,5,1,5,3,5,0,7,3,6,1,5,2,6,1,6,3,6,2,4,0,5,1,6,3,6,0,6,3,
16,5,0,6,3,5,1,6,3,6,0,6,3,5,1,5,3,5,0,6,3,6,1,5,2,6,1,6,3,6,2,5,0,5,1,6,3,6,0,6,3,
16,4,0,6,3,5,1,5,3,6,0,6,3,5,1,5,3,5,0,6,3,6,1,5,2,6,1,6,3,6,2,4,0,5,1,6,3,6,0,6,3,
16,4,0,6,3,5,1,5,3,6,0,6,3,5,1,5,3,5,0,6,3,6,1,5,2,6,1,6,3,6,2,4,0,5,1,6,3,6,0,6,3,
16,4,0,6,3,5,1,6,3,5,0,6,3,5,1,5,3,5,0,6,3,6,1,6,2,6,1,6,3,6,2,4,0,5,1,6,3,5,0,6,3,
15,5,1,6,3,5,1,6,3,6,0,6,3,5,1,5,3,5,1,7,3,6,1,6,3,6,1,6,3,6,2,5,1,5,1,6,3,6,0,6,3,
18,4,0,6,3,5,0,6,3,6,0,6,3,5,0,5,3,5,0,6,3,6,0,5,2,6,0,6,3,6,2,4,0,5,0,6,3,5,0,6,3,
15,5,4,6,3,5,4,6,3,6,0,6,3,5,4,5,3,5,3,7,3,6,4,6,3,6,4,6,3,6,2,5,4,5,4,6,3,6,0,6,3,
15,4,0,6,3,5,1,5,2,5,0,6,3,5,0,4,2,5,0,6,2,5,1,5,2,5,0,5,3,6,1,4,0,5,1,6,3,5,0,5,2,
15,4,0,6,3,5,1,5,2,5,0,6,3,5,0,4,2,5,0,6,2,5,1,5,2,6,0,5,3,6,1,4,0,5,1,6,3,5,0,5,2,
15,4,0,6,3,5,1,5,2,5,0,6,3,5,0,4,2,5,0,6,2,5,0,5,2,5,0,5,3,6,1,4,0,5,1,6,3,5,0,5,2,
15,4,0,6,3,5,1,5,3,5,0,6,3,5,0,5,2,5,0,6,3,5,1,5,2,6,0,5,3,6,1,4,0,5,1,6,3,5,0,5,2,
15,4,1,6,3,5,0,5,2,5,0,6,3,5,0,4,2,5,1,6,2,5,1,5,2,5,1,5,3,6,1,4,1,5,0,6,3,5,0,5,2,
19,4,0,8,3,5,1,8,2,5,0,8,3,5,0,7,2,5,0,9,2,5,0,8,2,6,0,8,2,8,1,4,0,5,1,8,3,5,0,8,2,
33,4,0,6,3,5,1,5,3,5,0,6,5,5,0,5,3,5,0,6,3,5,1,5,23,6,0,5,4,6,1,4,0,5,1,6,3,5,0,5,3,
16,5,0,6,4,5,1,6,3,5,0,6,4,5,1,5,3,5,0,7,3,6,1,5,3,6,1,6,3,6,2,5,0,5,1,6,4,5,0,6,3,
16,4,0,6,3,5,1,6,3,5,0,6,3,5,1,5,3,5,0,6,3,5,1,5,2,6,1,6,3,6,2,4,0,5,1,6,3,5,0,6,3,
16,5,0,6,3,5,1,6,3,6,0,6,3,5,1,5,3,5,0,7,3,5,1,5,2,6,1,6,3,6,2,4,0,5,1,6,3,6,0,6,3,
15,5,1,6,3,5,1,6,3,6,0,6,3,5,1,5,3,5,1,7,3,6,1,6,3,6,1,6,3,6,2,5,1,5,1,6,3,6,0,6,3,
15,5,1,6,3,5,1,6,3,6,0,7,4,5,1,5,3,6,1,7,3,6,1,6,3,6,1,6,3,7,2,5,1,5,1,6,3,6,0,6,3,
17,4,0,6,3,5,0,5,3,5,0,6,3,5,0,5,3,5,0,6,3,5,1,5,2,6,0,5,3,6,1,4,0,5,0,6,3,5,0,5,3,
15,4,0,6,3,5,0,5,2,5,0,6,3,5,0,4,2,5,0,6,2,5,1,5,2,6,0,5,3,6,1,4,0,5,0,6,3,5,0,5,2,
15,4,0,6,3,5,0,5,2,5,0,6,3,4,0,4,2,5,0,6,2,5,1,5,2,5,0,6,3,6,1,4,0,5,0,6,3,5,0,5,2,
15,4,0,6,3,5,0,5,2,5,0,6,3,5,0,4,2,5,0,6,2,5,1,5,2,5,0,5,3,6,1,4,0,5,0,6,3,5,0,5,2,
15,4,0,6,3,5,1,5,3,5,0,6,3,5,0,5,3,5,0,6,3,5,1,5,2,6,0,5,3,6,1,4,0,5,1,6,3,5,0,5,3,
16,4,0,6,3,5,1,5,3,5,0,6,3,5,0,5,3,5,0,6,3,5,1,5,2,6,1,6,3,6,2,4,0,5,1,6,3,5,0,5,3,
16,4,0,6,3,5,1,5,3,5,0,6,3,5,1,5,3,5,1,6,3,5,1,5,2,6,1,6,3,6,2,4,0,5,1,6,3,5,0,5,3,
15,4,0,6,3,5,1,5,3,5,0,6,3,5,1,5,3,5,0,6,3,5,1,5,2,6,0,6,3,6,2,4,0,5,1,6,3,5,0,5,3,
16,5,0,6,4,5,1,6,3,6,0,6,3,5,1,5,3,5,1,6,3,6,1,5,3,6,1,6,3,6,2,5,0,5,1,6,4,6,0,6,3,
16,5,1,6,3,5,1,6,3,6,0,6,3,5,1,5,3,5,1,6,3,6,1,6,3,6,1,6,3,6,2,5,1,5,1,7,3,6,0,6,3,
15,5,1,7,3,5,1,6,3,6,0,6,3,5,1,5,3,5,1,7,3,6,1,6,3,6,1,6,3,6,2,5,1,5,1,7,3,6,0,6,3,
15,5,1,7,3,5,1,6,3,6,0,6,4,5,1,5,3,6,1,7,3,6,1,6,3,6,1,6,3,7,2,5,1,5,1,7,3,6,0,6,3,
15,5,1,7,3,5,1,6,3,6,0,6,4,5,1,5,3,6,1,7,3,6,1,6,3,6,1,6,3,7,2,5,1,5,1,7,3,6,0,6,3,
15,5,1,7,4,6,1,6,3,6,1,7,4,5,1,5,3,6,1,7,3,6,1,6,3,6,1,6,3,7,2,5,1,6,1,7,4,6,0,6,3,
15,5,1,7,4,5,1,6,3,6,0,7,4,5,1,5,3,6,1,7,3,6,1,6,3,6,1,6,3,7,2,5,1,5,1,7,4,6,0,6,3,
15,4,0,6,3,5,0,5,2,5,0,6,3,5,0,4,2,5,0,6,2,5,1,5,2,5,0,5,3,6,1,4,0,5,0,6,3,5,0,5,2,
15,4,0,6,3,5,0,5,2,5,0,6,3,5,0,4,2,5,0,6,2,5,1,5,2,5,0,5,3,6,1,4,0,5,0,6,3,5,0,5,2,
15,4,0,6,3,5,0,5,3,5,0,6,3,5,0,5,3,5,0,6,2,5,1,5,2,6,0,5,3,6,1,4,0,5,0,6,3,5,0,5,3,
18,4,0,6,3,5,0,5,3,5,0,6,3,5,0,5,3,5,0,6,3,5,1,5,3,6,0,6,3,6,2,4,0,5,0,6,3,5,0,5,3,
16,4,0,6,3,5,1,6,3,6,0,6,3,5,1,5,3,5,0,6,3,6,1,5,2,6,0,6,3,6,2,4,0,5,1,6,3,6,0,6,3,
15,5,0,6,3,5,1,6,3,6,0,6,3,5,1,5,3,5,0,6,3,6,1,5,3,6,1,6,3,6,2,5,0,5,1,6,3,6,0,6,3,
16,5,1,6,3,5,1,6,3,6,1,6,3,5,1,5,3,5,1,6,3,6,1,6,3,6,1,6,3,6,2,5,1,5,1,6,3,6,0,6,3,
16,4,0,6,3,5,0,6,3,5,0,6,3,5,0,5,3,5,0,6,3,5,0,5,2,6,0,6,3,6,2,4,0,5,0,6,3,6,0,6,3,
19,5,1,6,4,5,1,6,3,6,0,6,4,5,1,5,3,5,1,6,4,6,1,5,3,6,1,6,3,6,2,5,1,5,1,6,3,6,0,6,3,
16,5,1,7,4,5,1,6,3,6,0,6,4,5,1,5,3,6,1,7,3,6,1,6,3,6,1,6,3,7,3,5,1,5,1,7,3,6,0,6,3,
15,5,1,7,4,6,1,6,3,6,0,7,4,5,1,5,3,6,1,7,3,6,1,6,3,6,1,6,3,7,3,5,1,5,1,7,4,6,0,6,4,
15,5,1,7,4,6,1,6,3,6,1,7,4,6,1,5,3,6,1,7,3,6,1,6,3,6,1,6,3,7,3,5,1,6,1,7,3,6,0,6,3,
15,4,0,6,4,5,0,5,3,5,0,6,3,5,0,5,3,5,0,6,3,5,1,5,3,6,0,6,3,6,3,4,0,5,0,6,4,5,0,5,3,
15,4,0,6,3,5,0,5,2,5,0,6,3,5,0,4,3,5,0,6,2,5,1,5,2,6,0,5,3,6,2,4,0,5,0,6,3,5,0,5,2,
18,4,1,9,3,5,1,8,2,5,0,9,3,5,1,7,3,5,1,9,2,5,1,8,2,6,1,8,3,9,2,4,1,5,1,9,3,5,0,8,2,
16,5,1,6,3,5,2,6,3,6,1,6,3,5,2,5,3,5,1,7,3,6,2,5,2,6,1,6,3,6,2,5,1,5,2,6,3,6,0,6,3,
16,5,1,7,3,5,1,6,3,6,0,7,3,5,1,5,3,5,1,7,3,6,1,6,3,6,1,6,3,7,2,5,1,5,1,7,3,6,0,6,3,
16,5,1,7,3,5,1,6,3,6,0,6,3,5,1,6,3,5,1,7,3,6,1,6,3,6,1,6,3,7,2,5,1,5,1,7,3,6,0,6,3,
16,5,1,6,3,5,1,6,3,6,0,6,3,5,1,5,3,5,1,7,3,6,1,6,3,6,1,6,3,6,2,5,1,5,1,6,3,6,0,6,3,
15,5,1,6,4,5,1,6,3,6,0,6,3,5,1,5,4,5,0,7,3,6,1,5,2,6,1,6,3,6,2,5,1,5,1,6,4,6,0,6,3,
15,5,1,6,4,5,1,6,3,6,0,6,3,5,1,5,4,5,1,7,3,6,1,6,3,6,1,6,3,6,2,5,1,5,1,6,4,6,0,6,3,
18,5,1,6,3,5,1,6,3,6,1,6,4,5,1,5,3,6,1,7,3,6,1,6,3,6,1,6,3,6,2,5,1,5,1,7,3,6,0,6,3,
15,5,1,7,4,6,1,6,3,6,0,6,4,6,1,5,4,6,1,7,3,6,1,6,3,7,1,6,3,7,2,5,1,6,1,7,4,6,0,6,3,
16,4,0,6,3,5,0,5,3,6,0,5,3,5,0,4,3,5,0,6,3,6,0,5,3,6,0,5,3,6,1,4,0,5,0,6,3,6,0,5,3,
15,4,0,6,3,5,0,5,2,5,0,6,3,5,0,4,2,5,0,6,2,5,1,5,2,6,0,5,2,6,1,4,0,5,0,6,3,5,0,5,2,
15,4,0,6,3,5,0,5,2,5,0,6,3,5,1,5,2,5,0,6,3,5,1,5,2,6,0,5,3,6,1,4,0,5,0,6,3,5,0,5,2,
17,5,1,7,3,6,1,6,3,6,0,6,4,5,1,5,3,6,1,7,3,6,2,6,3,6,1,6,3,7,2,5,1,5,1,7,3,6,0,6,3,
16,4,0,6,3,5,1,5,3,5,0,6,3,5,1,5,3,5,0,6,3,5,1,5,2,6,0,5,3,6,2,4,0,5,1,6,3,5,0,5,3,
16,4,0,6,3,5,1,5,3,5,0,6,3,5,1,5,3,5,0,6,3,5,1,5,3,6,0,5,3,6,2,4,0,5,1,6,3,5,0,5,3,
16,5,1,6,3,5,2,6,3,6,0,6,3,5,1,5,3,5,1,7,3,6,2,6,3,6,1,6,3,6,2,5,1,5,2,6,3,6,0,6,3,
16,5,1,6,3,5,1,6,3,6,0,6,3,5,1,5,3,5,1,7,3,6,1,6,3,6,1,6,3,6,2,5,1,5,1,6,3,6,0,6,3,
16,5,1,8,3,5,1,6,3,6,0,7,4,5,1,5,3,6,1,8,3,6,1,6,3,6,1,6,3,8,2,5,1,5,1,8,3,6,0,6,3,
16,5,1,6,3,5,1,6,3,6,0,6,3,5,1,5,3,5,1,7,3,6,1,6,3,6,1,6,3,7,2,5,1,5,1,6,3,6,0,6,3,
15,5,1,6,3,5,1,6,3,6,0,6,3,5,1,5,3,5,1,7,3,6,1,6,3,6,1,6,3,6,2,5,1,5,1,6,3,6,0,6,3,
15,5,1,7,3,5,1,6,3,6,0,6,4,5,1,5,3,6,1,7,3,6,1,6,3,6,1,6,3,7,2,5,1,5,1,7,3,6,0,6,3,
15,5,1,7,4,6,1,6,3,6,0,6,4,6,1,6,3,6,1,7,3,6,2,6,3,6,1,6,3,7,2,5,1,6,1,7,4,6,0,6,3,
16,5,1,7,4,6,1,6,3,6,1,7,4,6,1,6,3,6,1,8,3,6,2,6,3,6,1,7,3,7,2,5,1,6,1,7,4,6,0,6,3,
15,5,1,7,4,6,1,6,3,6,0,6,4,6,1,5,3,6,1,7,3,6,2,6,3,7,1,6,3,7,2,5,1,6,1,7,4,6,0,6,3,
15,4,0,6,3,5,0,5,2,5,0,5,3,5,0,4,2,5,0,6,2,5,1,5,2,5,0,6,2,6,1,4,0,5,0,6,3,5,0,5,2,
16,5,1,7,4,6,1,6,3,6,0,6,4,5,1,5,3,6,1,7,3,6,2,6,3,6,1,6,3,7,2,5,1,6,1,7,4,6,0,6,3,
16,4,0,6,3,5,0,5,2,5,0,6,3,5,1,5,2,5,0,6,3,5,1,5,2,6,0,6,3,6,2,4,0,5,0,6,3,5,0,5,2,
16,4,0,6,3,5,1,5,2,5,0,6,3,5,1,5,3,5,0,6,3,5,1,5,2,6,1,6,3,6,2,4,0,5,1,6,3,5,0,5,2,
16,4,1,6,3,5,1,6,3,6,0,6,3,5,1,5,3,5,0,7,3,6,1,5,2,6,1,6,3,6,2,4,0,5,1,6,3,6,0,6,3,
19,7,3,9,6,8,3,9,6,9,0,9,6,8,3,8,6,8,3,10,6,9,3,8,6,9,3,9,6,9,5,7,3,8,3,9,6,9,0,9,6,
19,7,4,9,6,8,4,9,5,8,0,9,6,8,4,8,6,8,4,9,6,8,4,8,5,9,4,9,6,9,5,7,4,8,4,9,6,8,0,9,5,
16,5,1,6,3,5,1,6,3,6,0,6,3,5,1,5,3,5,0,7,3,6,1,6,3,6,1,6,3,6,2,5,1,5,1,6,3,6,0,6,3,
16,5,1,7,4,6,1,6,3,6,0,6,4,6,1,5,3,6,1,7,3,6,1,6,3,6,1,7,3,7,2,5,1,6,1,7,4,6,0,6,3,
15,5,1,7,4,5,1,6,3,6,0,6,4,5,1,5,3,6,1,7,3,6,1,6,3,6,1,7,3,7,2,5,1,5,1,7,4,6,0,6,3,
15,4,0,6,3,5,0,5,2,5,0,5,3,5,0,4,2,5,0,6,2,5,1,5,2,6,0,6,2,6,1,4,0,5,0,6,3,5,0,6,2,
15,5,1,7,4,6,1,6,3,6,0,6,4,5,1,5,3,6,1,7,3,6,2,6,3,6,1,7,3,7,2,5,1,5,1,7,4,6,0,6,3,
18,4,0,9,3,5,0,8,2,5,0,8,3,5,0,7,2,5,0,9,2,5,1,8,2,6,0,9,2,9,1,4,0,5,0,9,3,5,0,8,2,
16,4,0,6,3,5,0,5,2,5,0,5,3,5,0,5,2,5,0,6,3,5,1,5,2,6,0,6,2,6,1,4,0,5,0,6,3,5,0,5,2,
16,4,0,6,3,5,1,6,3,5,0,6,3,5,1,5,3,5,0,7,3,5,1,5,2,6,1,6,3,6,2,4,0,5,1,6,3,5,0,6,2,
16,4,1,6,3,5,1,6,3,5,0,6,3,5,1,5,3,5,1,7,3,6,1,5,3,6,1,6,3,6,2,4,1,5,1,6,3,6,0,6,3,
16,4,1,6,3,5,1,6,3,5,0,6,3,5,1,5,3,5,1,7,3,6,1,5,3,6,1,6,3,6,2,4,1,5,1,6,3,6,0,6,3,
16,4,0,6,3,5,0,5,2,5,0,5,3,5,0,4,2,5,0,6,2,5,1,5,2,5,0,6,2,6,1,4,0,5,0,6,3,5,0,5,2,
15,5,1,6,4,5,1,6,3,6,0,6,3,5,1,5,3,6,1,7,3,6,1,6,3,6,1,6,3,6,2,5,1,5,1,7,4,6,0,6,3,
17,5,1,6,3,5,1,6,3,6,0,6,3,5,1,5,3,5,1,7,3,6,1,6,3,9,1,6,3,6,2,5,1,5,1,6,3,6,0,6,3,
15,5,1,6,3,5,1,6,3,6,0,6,3,5,1,5,3,6,1,7,3,6,1,6,3,6,1,6,3,6,2,5,1,5,1,6,4,6,0,6,3,
15,5,1,7,4,6,1,6,3,6,0,6,4,6,1,5,3,6,1,7,3,6,1,6,3,6,1,7,3,7,2,5,1,6,1,7,4,6,0,6,3,
15,5,1,7,4,6,1,6,3,6,0,6,3,5,1,5,3,6,1,7,3,6,1,6,3,6,1,7,3,7,2,5,1,5,1,7,4,6,0,6,3,
15,4,1,6,3,5,0,5,2,5,0,5,2,5,1,4,2,5,0,6,2,5,1,5,2,6,0,6,2,6,1,4,0,5,0,6,3,5,0,5,2,
16,4,0,6,3,5,0,5,2,5,0,5,3,5,1,4,3,5,0,6,2,5,1,5,2,6,0,6,2,6,1,4,0,5,0,6,3,5,0,5,2,
16,4,0,6,3,5,1,6,2,5,0,6,3,5,1,5,3,5,0,6,3,5,1,5,2,6,1,6,3,6,2,4,0,5,1,6,3,5,0,6,2,
16,4,0,6,3,5,1,6,2,5,0,6,3,5,1,5,3,5,0,7,3,5,1,5,2,6,0,6,3,6,2,4,0,5,1,6,3,5,0,6,2,
16,5,1,6,3,5,1,6,3,6,0,6,3,5,1,5,3,5,1,7,3,6,1,6,3,6,1,6,3,6,2,5,1,5,1,6,3,6,0,6,3,
17,5,1,9,4,5,1,9,3,6,0,9,3,5,1,5,3,5,1,9,3,6,1,6,3,9,1,9,3,9,2,5,1,5,1,9,4,6,0,9,3,
16,5,0,6,3,5,1,6,3,5,0,6,3,5,1,5,3,5,0,6,3,6,1,5,3,6,1,6,3,6,2,5,0,5,1,6,3,5,0,6,3,
15,5,1,7,4,5,1,6,3,6,0,6,3,6,1,5,3,6,1,7,3,6,1,6,3,6,1,6,3,7,2,5,1,5,1,7,4,6,0,6,3,
15,5,1,6,3,5,1,6,3,6,0,6,3,6,1,5,3,5,1,7,3,6,1,6,3,6,1,6,3,6,2,5,1,5,1,6,3,6,0,6,3,
15,5,1,7,4,5,1,6,3,6,0,6,3,6,1,5,3,6,1,7,3,6,1,6,3,6,1,6,3,7,2,5,1,5,1,7,4,6,0,6,3,
15,5,1,7,4,5,1,6,3,6,0,6,3,6,1,5,3,5,1,7,3,6,1,6,3,6,1,6,3,6,2,5,1,5,1,7,4,6,0,6,3,
15,5,1,7,4,5,1,6,3,6,0,6,3,6,1,5,3,6,1,7,3,6,2,6,3,6,1,6,3,7,2,5,1,5,1,7,4,6,0,6,3,
18,5,1,7,4,5,1,6,3,6,0,6,4,6,1,5,3,6,1,7,3,6,2,6,3,6,1,7,3,7,2,5,1,5,1,7,4,6,0,6,3,
15,4,0,6,3,5,0,5,2,5,0,6,3,5,0,4,2,5,0,6,2,5,1,5,2,5,0,6,2,6,1,4,0,5,0,6,3,5,0,5,2,
17,6,0,5,3,7,0,5,2,7,0,5,3,7,0,4,2,7,0,5,2,7,1,4,2,7,0,5,2,5,1,6,0,7,0,5,3,7,0,5,2,
38,4,0,6,3,5,1,6,2,5,0,6,3,6,1,5,2,5,0,6,3,28,1,5,2,8,0,6,3,6,1,4,0,5,1,6,3,5,0,6,2,
31,4,0,6,3,5,1,5,2,5,0,6,3,6,1,4,2,6,0,6,3,5,1,5,2,6,22,6,3,6,1,4,0,5,1,6,3,5,0,5,2,
16,5,1,6,3,5,1,6,3,6,0,6,3,6,1,5,3,6,1,7,3,5,2,6,3,6,1,6,3,6,2,5,1,5,1,6,3,6,0,6,3,
16,4,0,6,3,5,0,6,3,5,0,6,3,6,1,5,3,6,0,6,3,5,1,5,2,5,0,6,3,6,2,4,0,5,0,6,3,5,0,6,2,
15,4,0,6,3,5,1,6,3,5,0,6,3,6,1,5,3,6,0,6,3,5,1,5,3,6,1,6,3,6,2,4,0,5,1,6,3,5,0,6,3,
15,5,1,6,3,5,1,6,3,5,0,6,3,6,1,5,3,6,0,7,3,5,1,5,3,6,1,6,3,6,2,4,0,5,1,6,3,5,0,6,3,
15,5,1,6,3,5,1,6,3,6,0,6,3,6,1,5,3,6,1,7,3,5,1,6,3,6,1,6,3,6,2,5,1,5,1,6,3,6,0,6,3,
15,5,1,6,3,5,1,6,3,6,0,6,3,6,1,5,3,6,1,7,3,6,1,6,3,6,1,6,3,6,2,5,1,5,1,6,3,6,0,6,3,
18,5,0,8,6,5,0,8,5,5,0,8,6,5,0,7,5,5,0,9,6,5,1,7,5,5,0,8,5,8,1,5,0,5,0,8,6,5,0,8,5,
15,5,1,7,4,6,1,6,3,6,0,6,4,6,1,5,4,6,1,7,3,6,1,6,3,6,1,6,3,7,2,5,1,5,1,7,4,6,0,6,3,
15,4,0,6,3,5,0,5,2,5,0,5,3,5,0,5,3,5,0,6,2,5,1,5,2,5,0,6,2,6,1,4,0,5,0,6,3,5,0,5,2,
15,5,1,7,4,6,1,6,3,6,0,6,4,6,1,5,4,6,1,7,3,6,1,6,3,6,1,7,3,7,2,5,1,6,1,7,4,6,0,6,3,
16,4,0,6,4,5,1,6,2,5,0,6,3,6,1,5,3,5,0,6,3,5,1,5,2,6,1,6,3,6,2,4,0,5,1,6,4,5,0,6,2,
30,4,0,6,3,5,1,5,2,5,0,6,3,6,1,5,3,5,21,6,2,5,1,5,2,5,1,6,3,6,2,4,0,5,0,6,3,5,0,6,2,
16,5,1,6,3,5,1,6,3,6,0,6,3,6,1,5,3,6,1,7,3,5,1,7,3,6,1,6,3,7,2,5,1,5,1,6,3,6,0,6,3,
16,4,0,6,3,5,0,6,3,5,0,6,3,6,1,5,3,6,1,6,3,5,1,5,3,6,0,6,3,6,2,4,0,5,0,6,3,5,0,6,3,
16,5,0,6,3,5,1,6,3,6,0,6,3,6,1,5,3,6,0,7,3,6,1,6,3,6,1,6,3,6,2,5,0,5,1,6,3,6,0,6,3,
16,6,1,6,3,7,1,6,3,7,0,6,3,7,1,5,3,7,1,6,3,7,1,5,3,7,1,6,3,6,2,6,0,7,1,6,3,7,0,6,3,
15,5,1,6,3,5,1,6,3,6,0,6,3,6,1,5,3,6,1,7,3,6,1,6,3,6,1,6,3,6,2,5,1,5,1,6,3,6,0,6,3,
15,5,1,6,3,5,1,6,3,6,0,6,3,6,1,5,3,6,1,7,3,6,1,6,3,6,1,6,3,6,2,5,1,5,1,7,3,6,0,6,3,
15,5,1,7,4,5,1,6,3,6,0,6,4,6,1,5,3,6,2,7,3,6,2,6,3,6,1,6,3,7,2,5,1,5,1,7,4,6,0,6,3,
15,5,1,7,4,5,1,6,3,6,0,6,4,6,1,5,3,6,1,7,3,6,1,6,3,6,1,6,3,7,2,5,1,5,1,7,4,6,0,6,3,
32,6,1,7,4,6,1,6,3,6,0,6,4,6,1,6,23,6,1,7,3,6,2,6,3,6,1,6,3,7,2,6,1,6,1,7,4,6,0,6,3,
15,4,0,6,3,5,0,5,3,5,0,6,3,6,0,5,3,5,0,6,3,5,1,5,2,6,0,6,3,6,1,4,0,5,0,6,3,5,0,5,3,
15,4,0,6,3,5,0,5,3,5,0,6,3,6,1,5,3,5,0,6,2,5,1,5,2,5,0,6,2,6,1,4,0,5,0,6,3,5,0,5,3,
15,4,0,6,3,5,1,6,3,5,0,6,3,6,1,5,3,5,0,6,3,5,1,5,2,6,0,6,2,6,2,4,0,5,1,6,3,5,0,6,3,
17,4,0,8,3,8,1,8,3,8,0,8,3,8,1,5,3,8,0,8,3,8,1,8,2,8,0,8,3,8,2,4,0,8,1,8,3,8,0,8,3,
34,5,2,6,3,5,2,6,3,6,0,6,3,6,2,5,3,6,2,7,3,6,26,6,3,6,2,6,3,6,2,5,2,5,2,6,3,6,0,6,3,
20,4,0,6,3,5,1,6,3,5,0,6,3,5,1,5,3,5,0,6,3,5,1,5,2,5,0,6,2,6,1,4,0,5,1,6,3,5,0,6,3,
15,5,1,7,3,5,1,6,3,6,0,6,4,6,1,5,3,6,1,7,3,6,1,6,3,6,1,6,3,6,2,5,1,5,1,7,3,6,0,6,3,
15,5,1,6,3,5,1,6,3,6,0,6,3,6,1,5,3,6,1,7,3,6,1,6,3,6,1,6,3,6,2,5,1,5,1,6,3,6,0,6,3,
15,5,1,6,3,5,1,6,3,6,0,6,3,6,1,5,3,6,1,7,3,6,1,6,3,6,1,6,3,6,2,5,1,5,1,6,3,6,0,6,3,
15,5,1,7,3,5,1,6,3,6,0,6,4,6,1,5,3,6,1,7,3,6,1,6,3,6,1,6,3,7,2,5,1,5,1,7,3,6,0,6,3,
38,5,1,7,3,5,1,7,3,6,0,6,3,6,22,5,3,6,1,7,3,6,1,6,3,6,1,30,3,7,2,5,1,5,1,7,3,6,0,7,3,
16,4,1,6,3,5,1,6,3,5,0,6,3,6,1,5,2,5,2,6,2,5,1,5,2,6,1,6,3,6,2,4,1,5,1,6,3,5,0,6,3,
15,5,1,7,4,6,1,6,3,6,0,6,4,6,1,5,3,6,1,7,3,6,2,6,3,6,1,6,3,7,2,5,1,6,1,7,4,6,0,6,3,
35,4,0,6,3,5,0,5,3,5,0,6,3,6,1,5,2,5,0,6,2,5,1,26,2,5,0,6,2,7,1,4,0,5,0,6,3,5,0,6,3,
33,5,0,7,3,5,1,6,3,5,0,6,3,6,1,5,3,6,0,7,23,5,1,6,3,6,1,6,3,7,2,5,0,5,1,7,4,6,0,6,3,
35,4,0,6,3,5,1,6,3,5,0,6,3,6,1,5,3,6,0,6,3,5,1,5,3,26,1,6,3,6,2,4,0,5,0,6,3,5,0,6,3,
15,5,0,6,3,5,1,6,3,6,0,6,3,6,1,5,3,6,0,6,2,6,1,5,2,6,0,6,3,6,2,5,0,5,1,6,3,6,0,6,3,
19,4,1,6,3,5,1,6,3,5,0,6,3,6,1,5,3,5,0,6,3,5,1,5,3,6,1,6,3,6,2,4,1,5,1,6,3,5,0,6,3,
15,5,1,6,3,5,1,6,3,5,0,6,3,6,1,5,3,5,0,7,3,5,1,5,3,6,1,6,3,6,2,4,1,5,1,6,3,5,0,6,3,
15,5,1,7,4,6,1,6,4,6,0,6,4,6,1,5,3,6,1,7,3,6,1,6,3,6,1,6,3,6,2,5,1,6,1,7,4,6,0,6,4,
15,5,1,6,3,5,1,6,3,6,0,6,3,6,1,5,3,6,1,7,3,5,1,6,3,6,1,6,3,6,2,5,1,5,1,6,3,5,0,6,3,
18,8,4,9,6,8,4,9,6,9,0,9,6,9,4,8,6,9,1,10,6,9,4,9,6,9,4,9,6,9,5,8,1,8,4,10,6,9,0,9,6,
15,5,1,7,3,5,1,6,3,6,0,6,3,6,1,5,3,6,1,7,3,6,4,6,3,6,1,6,3,6,2,5,1,5,1,7,3,6,0,6,3,
16,5,1,7,4,5,1,6,3,6,0,6,3,6,1,5,3,6,1,7,3,6,2,6,3,6,1,6,3,7,2,5,1,5,1,7,4,6,0,6,3,
38,7,3,9,6,8,3,8,6,8,1,8,6,8,3,7,5,29,3,29,5,8,3,8,5,8,3,9,5,9,4,7,3,8,3,9,6,8,0,8,6,
16,5,1,7,3,6,1,6,3,6,0,6,3,6,1,5,3,6,1,7,3,6,1,6,3,6,1,6,3,7,2,5,1,6,1,7,3,6,0,6,3,
15,5,1,6,3,5,1,6,3,5,0,6,3,6,1,5,3,5,0,6,3,6,1,5,3,6,1,6,3,6,2,5,1,5,1,6,3,5,0,6,3,
15,5,1,7,3,5,1,7,3,6,0,6,4,6,1,5,3,5,1,7,3,6,1,6,3,6,1,7,3,7,2,5,1,5,1,7,3,6,0,6,3,
14,4,0,6,3,5,1,6,3,5,0,6,3,6,1,5,3,5,0,6,3,6,1,5,3,6,1,6,3,6,2,4,0,5,1,6,3,5,0,6,3,
15,5,1,6,3,5,1,6,3,5,0,6,3,6,1,5,3,5,0,6,3,6,1,5,3,6,1,6,3,6,2,5,0,5,1,6,3,5,0,6,3,
15,4,1,6,3,5,1,6,3,5,0,6,3,6,1,5,3,5,0,6,3,6,1,5,3,6,1,6,3,6,2,4,0,5,1,6,3,5,0,6,3,
15,5,1,6,3,5,1,6,3,5,0,6,3,6,1,5,3,5,0,7,3,6,1,6,3,6,1,6,3,6,2,5,1,5,1,6,3,5,0,6,3,
15,5,1,6,3,5,1,6,3,5,0,6,3,6,1,5,3,5,1,7,3,6,1,6,3,6,1,6,3,6,2,5,1,5,1,7,3,5,0,6,3,
15,5,1,6,3,5,1,6,3,6,0,6,3,6,1,5,3,6,1,7,3,6,1,6,3,6,1,6,3,6,2,5,1,5,1,6,3,6,0,6,3,
16,5,1,6,3,5,1,6,3,6,0,6,3,6,1,5,3,6,1,7,3,6,1,6,3,6,1,6,3,6,2,5,1,5,1,7,3,6,0,6,3,
17,4,0,6,3,5,1,5,3,5,0,6,3,5,1,5,3,5,0,6,3,5,1,5,3,5,1,6,3,6,2,4,0,5,0,6,3,5,0,5,3,
15,4,0,6,3,5,0,5,2,5,0,5,3,5,0,4,2,5,0,6,2,5,1,6,2,5,0,6,2,6,1,4,0,5,0,6,3,5,0,5,2,
15,4,0,6,3,5,0,5,3,5,0,6,3,5,1,4,3,5,0,6,3,5,1,5,2,5,0,6,3,6,1,4,0,5,0,6,3,5,0,5,3,
15,4,0,6,3,5,0,5,2,5,0,6,3,5,1,4,2,5,0,6,2,5,1,5,2,5,0,6,3,6,1,4,0,5,0,6,3,5,0,5,2,
18,5,0,6,3,5,0,6,3,6,0,6,4,6,1,5,3,6,0,7,3,6,0,6,3,6,0,6,3,7,2,5,0,5,0,7,3,6,0,6,3,
18,4,0,6,3,5,0,5,2,5,0,5,3,5,0,4,2,5,0,6,2,5,1,5,2,5,0,5,2,6,1,4,0,5,0,6,3,5,0,5,2,
15,4,0,6,3,5,0,6,3,5,0,6,3,6,1,5,3,5,0,6,3,5,1,5,3,5,1,6,3,6,2,4,0,5,0,6,3,5,0,6,3,
16,4,0,6,3,5,1,6,3,5,0,6,3,6,1,5,3,5,0,6,3,5,1,5,3,6,1,6,3,6,2,4,0,5,1,6,3,5,0,6,3,
15,5,1,6,3,5,1,6,3,5,0,6,3,6,1,5,3,5,0,6,3,6,1,6,3,6,1,6,3,6,2,5,1,5,1,6,3,5,0,6,3,
15,5,1,6,3,5,1,6,3,6,0,6,3,6,1,5,3,6,1,7,3,6,1,6,3,6,1,6,3,6,2,5,1,5,1,6,3,5,0,6,3,
15,5,1,7,3,5,1,6,3,6,0,6,3,6,1,5,3,6,1,7,3,6,1,6,3,6,1,6,3,7,2,5,1,5,1,7,3,6,0,6,3,
31,5,1,7,3,5,1,6,3,6,0,6,23,6,1,5,3,6,1,7,3,6,2,6,3,6,1,6,3,7,2,5,1,5,1,7,4,6,0,6,3,
16,5,0,6,3,5,0,6,3,5,0,6,4,6,0,5,3,5,0,6,3,5,1,5,3,6,0,6,3,6,2,5,0,5,0,6,3,5,0,6,3,
35,4,0,26,3,5,0,25,2,5,0,25,3,5,1,24,2,5,1,26,2,5,1,25,2,5,0,25,2,26,1,4,0,5,0,26,3,5,0,25,2,
15,4,0,6,3,5,1,6,2,5,0,6,3,6,1,5,3,5,1,6,2,5,1,5,2,5,1,6,2,6,1,4,0,5,1,6,3,5,0,6,2,
15,4,0,6,3,5,1,6,2,5,0,6,3,5,1,4,2,5,1,6,2,5,1,5,2,5,0,6,2,6,1,4,0,5,1,6,3,5,0,5,2,
15,4,0,6,3,5,1,5,2,5,0,6,3,6,1,5,2,5,1,6,3,5,1,5,2,5,0,6,3,6,1,4,0,5,1,6,3,5,0,5,2,
35,4,0,6,3,5,1,6,3,5,0,6,3,6,1,5,3,5,0,6,3,5,1,5,2,5,0,6,3,26,1,4,0,5,1,6,3,5,0,6,2,
17,5,1,7,3,5,1,6,3,6,0,6,3,6,1,5,3,6,1,7,3,6,1,7,3,6,1,7,3,7,2,5,1,5,1,7,3,6,0,6,3,
15,4,0,6,3,5,0,5,3,5,0,6,3,6,1,5,3,5,0,6,3,5,1,6,3,6,1,6,3,6,2,4,1,5,0,6,3,5,0,6,3,
15,5,1,7,3,5,1,6,3,6,0,6,3,6,1,5,3,6,1,7,3,6,1,6,3,6,1,6,3,7,2,5,1,5,1,7,3,6,0,6,3,
15,5,1,7,3,5,1,6,3,6,0,6,3,6,1,5,3,6,1,7,3,6,1,6,3,6,1,6,3,7,2,5,1,5,1,7,3,6,0,6,3,
18,7,4,10,7,8,4,9,6,8,0,9,6,9,4,8,6,9,4,10,6,9,4,9,6,9,4,9,6,9,5,7,4,8,4,10,7,8,0,9,6,
15,5,1,6,3,5,1,6,3,6,0,6,3,6,1,5,3,6,1,7,3,6,4,6,3,6,1,6,3,6,2,5,1,5,1,7,3,6,0,6,3,
16,5,1,6,3,5,1,6,3,5,0,6,3,6,1,5,3,6,0,7,3,6,1,6,3,6,1,6,3,6,2,4,0,5,1,6,3,5,0,6,3,
15,5,1,7,4,6,1,6,3,6,0,6,4,6,1,5,3,6,1,7,3,6,2,6,3,6,1,6,3,7,2,5,1,6,1,7,4,6,0,6,3,
15,4,0,6,3,5,0,5,2,5,0,6,3,5,0,4,3,5,0,6,3,5,1,5,2,5,0,5,2,6,1,4,0,5,0,6,3,5,0,5,2,
15,4,0,6,3,5,0,5,2,5,0,6,3,5,0,4,3,5,0,6,3,5,1,5,2,5,0,6,2,6,1,4,0,5,0,6,3,5,0,6,2,
15,4,0,6,3,5,0,5,2,5,0,6,3,6,1,5,3,5,0,6,3,5,1,6,2,5,0,6,2,6,1,4,0,5,0,6,3,5,0,5,2,
18,4,0,9,3,5,0,8,2,5,0,9,3,6,1,5,3,5,0,9,3,5,1,8,2,5,0,9,2,9,1,4,0,5,0,9,3,5,0,8,2,
16,4,0,6,3,5,1,6,3,5,0,6,3,6,1,5,3,5,0,6,3,5,1,5,3,6,0,6,3,6,2,4,0,5,1,6,3,5,0,6,3,
17,6,1,6,3,6,1,5,3,7,0,6,3,7,1,5,3,7,0,6,3,7,1,5,3,7,1,6,3,6,2,6,1,6,1,6,3,7,0,6,3,
16,5,1,6,3,5,1,6,3,5,0,6,3,6,1,5,3,6,0,7,3,6,1,6,3,6,1,6,3,6,2,5,1,5,1,6,3,6,0,6,3,
15,5,1,6,3,5,1,6,3,5,0,6,3,6,1,5,3,6,0,6,3,6,1,6,3,6,1,6,3,6,2,4,1,5,1,6,3,5,0,6,3,
15,5,1,7,4,5,1,6,3,6,0,6,3,6,1,5,3,6,1,7,3,6,2,6,3,6,1,6,3,6,2,5,1,5,1,7,4,6,0,6,3,
15,5,1,7,3,5,1,6,3,6,0,6,3,6,1,5,3,6,1,7,3,6,2,6,3,6,1,6,3,7,2,5,1,5,1,7,3,6,0,6,3,
17,4,0,6,3,5,1,5,2,5,0,6,3,6,1,5,3,5,0,6,3,5,1,5,2,6,0,6,3,6,1,4,0,5,1,6,3,5,0,5,2,
15,5,1,7,4,5,1,6,3,6,0,6,3,6,1,5,4,6,1,7,4,6,2,6,3,6,1,6,3,7,2,5,1,5,1,7,4,6,0,6,3,
15,5,1,7,4,5,1,6,3,6,0,6,4,6,1,5,4,6,1,7,4,6,2,6,3,6,1,6,3,7,2,5,1,5,1,7,4,6,0,6,3,
15,4,0,6,3,5,0,5,2,5,0,6,3,5,1,5,3,5,0,6,3,5,1,5,2,5,0,6,2,6,1,4,0,5,0,6,3,5,0,5,2,
16,5,0,7,3,5,1,6,3,6,0,6,3,6,1,5,3,6,0,7,3,6,1,6,3,6,1,6,3,6,2,5,1,5,1,7,3,6,0,6,3,
17,5,1,7,4,5,1,6,3,6,0,6,4,6,1,5,3,6,1,7,3,6,2,6,3,6,1,6,3,7,2,5,1,6,1,7,4,6,0,6,3,
16,5,0,6,3,5,1,6,3,5,0,6,3,6,1,5,3,5,0,6,3,6,1,6,3,6,1,6,3,6,2,5,0,5,1,6,3,5,0,6,3,
16,5,1,6,3,5,1,6,3,5,0,6,3,6,1,5,3,5,0,6,3,6,1,5,3,6,1,6,3,6,2,4,0,5,1,6,3,5,0,6,3,
16,5,1,6,3,5,1,6,3,5,0,6,3,6,1,5,3,6,1,7,3,6,1,6,3,6,1,6,3,6,2,5,1,5,1,6,3,6,0,6,3,
15,5,1,6,3,5,1,6,3,6,0,6,4,6,1,5,3,6,1,7,3,6,1,6,3,6,1,6,4,6,2,5,1,5,1,6,3,6,0,6,4,
15,5,1,7,4,5,1,6,3,6,0,6,3,6,1,5,3,6,1,7,3,6,1,6,3,6,1,6,3,7,2,5,1,5,1,7,4,6,0,6,3,
15,5,1,7,4,5,1,6,3,6,0,6,3,6,1,5,3,6,1,7,3,6,2,6,3,6,1,6,3,7,2,5,1,5,1,7,4,6,0,6,3,
15,4,0,6,3,4,1,5,2,5,0,5,3,5,1,4,2,5,0,6,3,5,1,5,2,5,0,6,2,6,1,4,0,5,1,6,3,5,0,5,2,
15,4,0,6,3,5,1,5,2,5,0,6,3,5,1,4,2,5,0,6,3,5,1,5,2,5,0,6,2,6,1,4,0,5,1,6,3,5,0,5,2,
15,4,0,6,3,5,1,6,2,5,0,6,3,6,1,5,3,5,0,6,3,5,1,5,2,6,1,6,3,6,2,4,0,5,1,6,3,5,0,6,2,
16,4,0,6,3,5,1,6,3,5,0,6,3,6,1,5,3,5,0,7,3,5,2,5,3,6,1,6,3,6,2,4,0,5,1,6,3,5,0,6,2,
16,4,0,6,3,5,1,6,3,5,0,6,3,6,1,5,3,5,0,6,3,5,2,5,2,6,1,6,3,6,2,4,0,5,1,6,3,5,0,6,2,
16,5,0,6,3,5,1,6,3,5,0,6,3,6,1,5,3,6,1,7,3,5,1,5,3,6,1,6,3,6,2,4,0,5,1,6,3,5,0,6,2,
16,4,0,7,3,5,1,6,3,5,0,6,3,6,1,5,3,6,0,7,3,6,1,6,3,6,1,6,3,6,2,4,0,5,1,7,3,5,0,6,3,
16,5,0,6,3,5,1,6,3,6,0,6,3,6,1,5,3,6,0,7,3,6,1,6,3,6,1,6,3,6,2,5,0,5,1,6,3,6,0,6,3,
16,5,1,6,3,5,1,6,3,6,0,6,3,6,1,5,3,6,1,7,3,6,2,6,3,6,1,6,3,6,2,5,1,5,1,6,3,6,0,6,3,
15,5,1,7,3,5,1,6,3,6,0,6,3,6,1,5,3,6,1,7,3,6,2,6,3,6,1,6,3,6,2,5,1,5,1,6,3,6,0,6,3,
18,5,0,7,3,5,0,6,3,6,1,6,3,6,1,5,3,6,1,7,3,6,1,6,3,6,0,6,3,6,2,5,0,5,0,7,3,6,1,6,3,
15,4,0,6,2,4,3,5,2,5,0,5,2,5,4,4,2,5,0,6,2,5,4,5,2,5,3,5,2,6,1,4,0,4,3,6,2,5,0,5,2,
16,5,1,6,3,5,1,6,3,6,0,6,3,6,1,5,3,6,0,7,3,6,1,6,3,6,1,6,3,6,2,5,1,5,1,6,3,6,0,6,3,
15,4,0,6,3,5,1,5,2,5,0,6,3,5,1,4,2,5,0,6,3,5,1,5,2,5,0,6,2,6,1,4,0,5,1,6,3,5,0,5,2,
15,4,0,6,3,5,1,5,2,5,0,6,3,6,1,5,3,5,0,6,3,5,1,5,2,5,1,6,2,6,1,4,0,5,1,6,3,5,0,5,2,
15,4,0,6,3,5,1,5,2,5,0,6,3,6,1,5,3,5,0,6,3,5,1,5,2,5,0,6,3,6,1,4,0,5,1,6,3,5,0,5,2,
16,4,0,6,3,5,1,6,2,5,0,6,3,6,1,5,3,5,0,6,3,5,1,5,2,6,1,6,3,6,2,4,0,5,1,6,3,5,0,6,2,
18,4,0,9,3,5,1,9,3,5,0,9,3,6,1,8,3,5,0,9,3,5,1,8,2,6,1,9,3,9,2,4,0,5,1,9,3,5,0,9,3,
16,5,0,6,3,5,1,6,3,5,0,6,3,6,1,5,3,5,0,7,3,5,3,5,3,6,1,6,3,6,2,4,0,5,1,6,3,5,0,6,3,
16,5,0,6,3,5,1,6,3,5,0,6,3,6,1,5,3,5,0,6,3,6,1,5,3,6,1,6,3,6,2,4,0,5,1,6,3,5,0,6,3,
16,5,1,6,3,5,1,6,3,5,0,6,3,6,1,5,3,6,0,7,3,6,1,6,3,6,1,6,3,6,2,5,0,5,1,6,3,6,0,6,3,
15,4,0,6,3,4,0,5,2,5,0,5,3,5,1,4,2,5,0,6,2,5,1,5,2,5,1,5,2,6,1,4,0,4,0,6,2,5,0,5,2,
15,4,0,6,2,4,0,5,2,5,0,5,2,5,1,4,2,5,0,6,2,5,1,5,2,5,1,5,2,6,1,4,0,4,0,6,2,5,0,5,2,
15,4,0,6,3,4,0,5,2,5,0,5,3,5,1,4,2,5,0,6,2,5,1,5,2,5,1,6,2,6,1,4,0,4,0,6,3,5,0,5,2,
18,4,0,6,3,5,1,5,2,5,0,6,3,5,1,4,2,5,1,6,2,5,1,5,2,5,0,6,2,6,1,4,0,5,1,6,3,5,0,5,2,
15,4,0,6,3,5,1,5,2,5,0,6,3,5,1,5,2,5,0,6,2,5,1,5,2,5,1,6,2,6,1,4,0,5,1,6,3,5,0,6,2,
15,4,0,6,3,5,1,5,2,5,0,6,3,6,1,5,2,5,0,6,3,5,1,5,2,6,1,6,2,6,1,4,0,5,1,6,3,5,0,5,2,
15,4,0,6,3,5,1,5,2,5,0,6,3,6,1,5,3,5,0,6,3,5,1,5,3,6,1,6,3,6,1,4,0,5,1,6,3,5,0,5,3,
15,4,0,6,3,5,1,6,2,5,0,6,3,6,1,5,3,5,0,6,3,5,1,5,2,6,1,6,3,6,1,4,0,5,1,6,3,5,0,6,2,
18,4,0,6,2,4,0,5,2,5,0,5,2,5,1,4,2,5,0,6,2,5,1,5,2,5,0,5,2,5,1,4,0,4,0,6,3,5,0,5,2,
16,5,0,6,3,5,1,6,3,5,0,6,3,6,1,5,3,5,0,6,3,5,1,5,3,6,1,6,3,6,2,5,0,5,1,6,3,6,0,6,3,
16,4,0,5,3,4,0,5,2,5,0,5,2,5,0,4,2,5,0,6,2,5,0,5,2,5,0,5,2,5,1,4,0,4,0,5,3,5,0,5,2,
16,4,0,6,2,4,0,5,2,5,0,5,2,5,0,4,2,5,0,6,2,5,1,5,2,5,0,5,2,5,1,4,0,4,0,6,2,5,0,5,2,
15,4,0,6,2,4,0,5,2,5,0,5,2,5,1,4,2,5,0,6,2,5,1,5,2,5,0,5,2,5,1,4,0,4,0,6,2,5,0,5,2,
15,4,0,6,3,4,0,5,2,5,0,5,2,5,1,4,2,5,0,6,2,5,1,5,2,5,0,5,2,6,1,4,0,4,0,6,3,5,0,5,2,
15,4,0,6,3,4,0,5,2,5,0,5,3,5,1,4,2,5,0,6,2,5,1,5,2,5,0,5,2,5,1,4,0,4,0,6,3,5,0,5,2,
15,4,0,6,3,5,1,5,2,5,0,5,3,5,1,4,2,5,0,6,4,5,1,5,2,5,1,6,2,6,1,4,0,4,0,6,3,5,0,5,2,
15,4,0,6,3,5,1,5,2,5,0,6,3,5,1,4,2,5,0,6,2,5,2,5,2,5,1,6,2,6,1,4,0,5,1,6,3,5,0,5,2,
16,4,0,6,3,5,1,6,2,5,0,6,3,6,1,5,3,5,0,6,3,5,2,5,2,6,2,6,3,6,2,4,0,5,1,6,3,5,0,6,2,
16,4,0,6,3,5,1,6,2,5,0,6,3,6,1,5,3,5,0,7,3,5,1,5,2,6,1,7,3,6,1,4,0,5,1,6,3,5,0,6,2,
16,4,0,6,3,5,1,6,2,5,0,6,3,6,1,5,3,5,0,7,3,5,1,5,3,6,1,6,3,6,2,4,0,5,1,6,3,5,0,6,2,
15,4,0,6,3,5,1,6,2,5,0,6,3,6,1,5,3,5,0,6,3,5,1,5,3,6,1,6,3,6,2,4,0,5,1,6,3,5,0,6,2,
17,4,0,6,3,4,0,5,2,5,0,5,2,5,1,4,2,5,0,6,2,5,1,5,2,5,1,6,2,6,1,4,0,4,0,6,3,5,0,5,2,
16,4,0,5,2,4,0,5,2,5,0,5,2,5,0,4,2,5,0,6,2,5,2,5,2,5,1,5,2,5,1,4,0,4,0,5,2,5,0,5,2,
39,4,0,7,3,5,1,6,2,5,0,6,3,6,1,5,3,5,0,7,3,5,1,6,2,6,1,7,2,7,1,4,0,5,1,6,3,5,0,6,2,
15,5,1,6,3,5,1,6,3,6,1,6,3,6,1,5,3,6,1,6,3,6,2,6,3,6,1,6,3,6,2,5,1,5,1,6,3,6,0,6,3,
17,6,0,7,5,6,0,7,5,7,0,7,5,7,1,6,5,7,0,8,5,7,4,7,5,7,0,8,5,8,1,6,0,6,0,7,5,7,0,7,5,
15,5,1,6,3,5,1,6,3,6,1,6,3,6,2,5,3,6,1,7,3,6,5,6,3,6,1,6,3,6,2,5,1,5,1,6,3,6,0,6,3,
15,4,0,5,3,4,1,5,2,5,0,5,3,5,1,4,2,5,0,6,2,5,1,5,2,5,1,6,2,5,1,4,0,4,0,5,3,5,0,5,2,
15,4,0,6,3,4,0,5,2,5,0,5,3,5,1,4,2,5,0,6,2,5,1,5,2,5,1,6,2,6,1,4,0,4,0,6,3,5,0,5,2,
15,4,0,6,3,5,1,5,2,5,0,5,3,5,1,4,2,5,0,6,2,5,1,5,2,5,1,6,2,6,1,4,0,5,0,6,3,5,0,5,2,
16,4,0,6,3,4,0,5,2,5,0,5,3,5,1,4,2,5,0,6,2,5,1,5,2,5,1,6,2,6,1,4,0,4,0,6,3,5,0,5,2,
15,4,0,6,3,5,1,5,3,5,0,6,3,6,1,5,3,5,0,6,3,5,1,5,3,6,1,6,3,6,1,4,0,5,1,6,3,5,0,5,3,
18,4,0,9,3,5,1,8,2,5,0,9,3,6,1,5,3,5,0,9,3,5,1,5,2,6,1,9,3,9,1,4,0,5,1,9,3,5,0,8,2,
16,4,0,6,3,5,1,6,2,5,0,6,3,6,1,5,3,5,0,6,3,5,1,5,3,6,1,6,3,6,2,4,0,5,1,6,3,5,0,6,2,
15,4,0,6,3,5,1,6,3,5,0,6,3,6,1,5,3,6,0,6,3,5,1,5,3,6,1,6,3,6,2,4,0,5,1,6,3,5,0,6,3,
16,4,0,5,2,4,0,5,2,5,0,5,2,5,0,4,2,5,0,6,2,5,1,5,2,5,0,5,2,5,1,4,0,4,0,5,2,5,0,5,2,
15,5,1,6,3,5,1,6,3,5,0,6,3,6,1,5,3,6,1,7,3,6,1,6,3,6,1,7,3,6,2,5,1,5,1,6,3,6,0,6,3,
15,4,0,5,2,4,0,5,2,4,0,5,2,5,0,4,2,5,0,6,2,5,1,5,2,5,0,5,2,5,1,4,0,4,0,5,2,5,0,5,2,
15,5,1,6,3,5,1,6,3,6,1,6,3,6,2,5,3,6,1,7,3,6,2,6,3,6,1,6,3,6,2,5,1,5,1,6,3,6,0,6,3,
18,5,1,6,3,5,1,6,3,5,0,6,3,6,1,5,3,6,1,7,3,6,2,6,3,6,1,6,3,6,2,5,1,5,1,6,3,5,0,6,3,
15,4,0,6,3,4,1,5,2,5,0,5,3,5,1,4,2,5,0,6,2,5,2,5,2,5,1,6,2,6,1,4,0,4,1,6,3,5,0,5,2,
15,4,0,6,3,5,1,5,2,5,0,5,3,5,2,4,3,5,0,6,3,5,2,5,3,5,1,6,2,6,1,4,0,5,1,6,3,5,0,5,2,
16,4,0,6,3,5,1,5,2,5,0,6,3,5,1,5,3,5,0,7,3,5,2,5,3,5,0,6,2,6,1,4,0,5,1,6,3,5,0,5,2,
18,5,0,7,4,6,0,7,3,6,0,7,4,7,1,6,4,6,0,7,4,6,0,6,4,7,0,7,4,7,3,5,0,6,0,7,4,6,0,7,3,
19,4,0,6,3,5,1,5,2,5,0,6,3,5,1,5,3,5,0,6,3,5,1,5,3,5,0,6,2,6,1,4,0,5,1,6,3,5,0,5,2,
15,7,1,7,3,7,1,7,3,7,0,7,3,7,2,7,3,7,1,7,3,7,2,7,4,7,1,7,3,7,2,7,1,7,1,7,3,7,0,7,3,
16,4,0,6,3,5,1,6,2,5,0,6,3,6,1,5,3,5,0,6,3,5,1,5,3,6,1,6,3,6,2,4,0,5,1,6,3,5,0,6,2,
16,5,1,6,4,5,1,6,3,6,0,6,3,6,1,5,3,6,1,7,3,6,2,6,3,6,1,7,3,7,2,5,1,5,1,7,4,6,0,6,3,
16,5,1,6,3,5,1,6,3,6,1,6,3,6,1,5,3,6,1,7,3,6,2,6,3,6,1,6,3,7,2,5,1,5,1,6,3,6,0,6,3,
15,5,1,6,3,5,1,6,3,6,0,6,3,6,1,5,3,6,1,7,3,6,3,6,3,6,1,6,3,7,2,5,1,5,1,6,3,6,0,6,3,
16,5,1,6,3,5,1,6,3,6,0,6,3,6,1,5,3,6,1,7,3,6,3,6,3,6,1,6,3,6,2,5,1,5,1,6,3,6,0,6,3,
15,5,1,6,4,6,1,6,3,6,1,6,3,6,2,5,3,6,1,7,3,7,3,6,3,6,1,6,3,7,2,5,1,5,1,6,4,6,0,6,3,
15,4,0,6,3,4,0,5,2,5,0,5,2,5,1,4,2,5,0,6,3,5,2,5,2,5,0,5,2,6,1,4,0,4,0,6,3,5,0,5,2,
15,4,0,6,3,5,1,5,2,5,0,5,3,5,1,4,3,5,0,6,3,6,2,5,2,5,0,5,2,6,1,4,0,5,1,6,3,5,0,5,2,
15,4,0,6,3,5,1,5,2,5,0,5,3,5,1,4,3,5,0,6,3,6,2,5,3,5,0,6,2,6,1,4,0,5,1,6,3,5,0,5,2,
15,4,0,6,3,5,1,6,2,5,0,5,3,5,1,4,3,5,0,6,3,6,2,5,3,5,0,6,2,6,1,4,0,5,1,6,3,5,0,6,2,
15,4,0,6,3,5,1,6,2,5,0,6,3,5,1,5,3,5,0,6,3,6,3,5,3,5,0,6,3,6,1,4,0,5,1,6,3,5,0,6,2,
15,4,0,6,3,5,1,6,2,5,0,6,3,5,1,5,3,5,0,6,3,6,2,5,3,6,1,6,3,6,1,4,0,5,1,6,3,5,0,6,2,
15,4,0,6,3,5,1,6,2,5,0,6,3,5,1,5,3,5,0,6,3,6,2,5,3,6,1,6,3,6,2,4,0,5,1,6,3,5,0,6,2,
16,4,1,6,3,5,1,6,2,5,0,6,3,5,1,5,3,5,1,6,3,6,2,5,3,6,1,6,3,6,2,4,1,5,1,6,3,5,0,6,2,
16,4,0,5,2,4,0,5,2,5,0,5,2,4,0,4,2,4,0,6,2,5,1,5,2,5,0,5,2,6,1,4,0,4,0,5,2,5,0,5,2,
15,6,1,6,6,6,1,6,3,6,1,6,6,6,1,6,6,6,1,7,6,6,2,6,6,6,1,6,3,7,2,6,1,6,1,6,6,6,0,6,3,
15,4,0,6,2,4,0,5,2,5,0,5,2,4,4,4,2,5,0,6,2,5,4,5,2,5,0,5,2,6,1,4,0,4,0,6,2,5,0,5,2,
15,4,0,6,3,5,0,5,2,5,0,5,2,4,1,4,2,5,0,6,2,5,1,5,2,5,0,5,2,6,1,4,0,4,0,6,3,5,0,5,2,
15,4,0,6,3,4,0,5,2,5,0,5,2,4,1,4,2,5,0,6,3,5,2,5,3,5,0,5,2,6,1,4,0,4,0,6,3,5,0,5,2,
15,4,0,6,3,5,1,5,2,5,0,5,3,5,1,4,3,5,0,6,3,5,2,5,3,5,0,6,2,6,1,4,0,5,1,6,3,5,0,5,2,
15,4,0,6,3,5,1,5,2,5,0,6,3,4,1,4,3,5,0,6,3,5,2,5,3,5,0,6,2,6,1,4,0,5,1,6,3,5,0,5,2,
15,4,0,6,3,5,1,5,2,5,0,6,3,5,1,5,3,5,0,6,3,6,2,5,3,5,1,6,2,6,1,4,0,5,1,6,3,5,0,5,2,
15,4,0,6,3,5,1,5,2,5,0,6,3,5,1,5,3,5,0,6,3,6,3,5,3,5,1,6,2,6,1,4,0,5,1,6,3,5,0,5,2,
15,4,0,6,3,5,1,6,2,5,0,6,3,5,1,5,3,5,0,6,3,6,2,5,3,5,1,6,3,6,1,4,0,5,1,6,3,5,0,6,2,
15,4,0,6,3,5,1,6,2,5,0,6,3,5,1,5,3,5,0,6,3,6,1,5,3,6,1,6,3,6,1,4,0,5,1,6,3,5,0,6,2,
16,4,1,6,3,5,1,6,3,5,0,6,3,5,1,5,3,5,1,7,3,6,2,5,3,6,1,6,3,6,2,4,0,5,1,6,3,5,0,6,3,
16,5,1,6,3,5,1,6,3,6,0,6,3,5,1,5,3,6,1,7,3,6,2,6,3,6,1,6,3,6,2,5,1,5,1,6,3,6,0,6,3,
15,5,1,6,3,5,1,6,3,6,1,6,3,5,2,5,3,6,1,7,3,6,2,6,4,6,1,6,3,6,2,5,1,5,1,6,3,6,0,6,3,
15,5,1,6,3,5,1,6,3,6,1,6,3,5,2,5,3,6,1,7,3,6,2,6,3,6,1,6,3,6,2,5,1,5,1,6,3,6,0,6,3,
20,4,0,5,2,4,0,5,2,5,0,5,2,4,0,4,2,5,0,6,2,5,2,5,2,5,0,5,2,6,1,4,0,4,0,5,2,5,0,5,2,
15,4,0,6,3,5,1,5,2,5,0,5,3,4,1,4,2,5,0,6,3,5,2,5,2,5,0,5,2,6,1,4,0,5,1,6,3,5,0,5,2,
15,4,0,6,3,5,1,6,2,5,0,6,3,5,1,4,2,5,0,6,3,5,2,5,3,5,0,6,2,6,1,4,0,5,1,6,3,5,0,6,2,
15,4,0,6,3,5,1,6,2,5,0,6,3,5,1,5,3,5,0,6,3,5,2,5,3,5,0,6,2,6,1,4,0,5,1,6,3,5,0,6,2,
18,6,0,8,6,7,1,8,5,7,0,8,6,7,4,7,6,8,0,8,6,8,4,7,6,8,4,8,6,8,4,6,0,7,1,8,6,7,0,8,5,
15,4,0,6,3,5,1,6,2,5,0,6,3,5,1,5,3,5,0,6,3,5,1,5,3,5,1,6,3,6,1,4,0,5,1,6,3,5,0,6,2,
20,5,1,6,3,5,1,6,3,6,0,6,3,5,1,5,3,6,1,7,3,6,2,6,3,6,1,6,3,6,2,5,1,5,1,6,3,6,0,6,3,
15,4,0,6,3,5,1,6,3,5,0,6,3,5,1,5,3,6,0,6,3,5,1,5,3,6,1,6,3,6,2,4,0,5,1,6,3,5,0,6,3,
16,5,1,6,3,5,1,6,3,6,0,6,3,5,1,5,3,6,1,7,3,6,2,6,3,6,1,6,3,6,2,5,1,5,1,6,3,6,0,6,3,
16,5,1,6,3,5,1,6,3,6,0,6,3,5,1,5,3,6,1,7,3,6,2,6,3,6,1,6,3,6,2,5,1,5,1,6,3,6,0,6,3,
16,5,1,6,3,5,1,6,3,6,1,6,3,5,2,5,3,6,1,7,3,6,3,6,3,6,1,6,3,6,2,5,1,5,1,6,3,6,0,6,3,
15,5,1,7,4,5,1,6,3,6,0,6,3,6,1,5,3,6,1,7,3,6,2,6,3,6,1,6,3,6,2,5,1,5,1,7,3,6,1,6,3,
15,4,0,6,3,4,0,5,2,5,0,5,2,5,1,4,2,5,0,6,2,5,1,5,2,5,0,5,2,6,1,4,0,4,0,6,3,5,0,5,2,
15,4,0,6,3,4,0,5,2,5,0,5,3,5,1,4,2,5,0,6,2,5,1,5,3,5,0,6,2,6,1,4,0,4,0,6,3,5,0,5,2,
15,4,0,6,3,4,0,5,2,5,0,6,3,5,1,4,2,5,0,6,3,5,1,5,2,5,0,6,2,6,1,4,0,4,0,6,3,5,0,5,2,
15,4,0,6,3,5,1,5,2,5,0,6,3,5,1,4,3,5,0,6,3,5,1,5,3,5,0,6,2,6,1,4,0,5,1,6,3,5,0,5,2,
15,4,0,6,3,5,1,6,3,5,0,6,3,5,1,5,3,5,0,6,3,5,1,5,3,6,1,6,3,6,1,4,0,5,1,6,3,5,0,6,3,
15,4,0,6,3,5,1,6,3,5,0,6,3,5,1,5,3,6,0,6,3,5,2,5,3,5,1,6,3,6,1,4,0,5,1,6,3,5,0,6,3,
16,4,0,6,3,5,1,6,3,5,0,6,3,5,1,5,3,6,0,6,3,6,1,5,3,6,1,6,3,6,2,4,0,5,1,6,3,5,0,6,3,
16,4,1,6,3,5,1,6,3,5,0,6,3,5,1,5,3,6,1,6,3,6,3,6,3,6,1,6,3,6,2,4,0,5,1,6,3,5,0,6,3,
16,5,1,6,3,5,1,6,3,5,0,6,3,5,1,5,3,6,1,7,3,6,1,5,3,6,1,6,3,6,2,5,1,5,1,6,3,5,0,6,3,
16,5,1,6,3,5,1,6,3,5,0,6,3,5,1,5,3,6,1,6,3,6,2,5,3,6,1,6,3,6,2,5,1,5,1,6,3,5,0,6,3,
18,4,0,6,3,5,0,6,3,5,0,6,3,5,0,5,3,5,0,6,3,5,0,5,3,6,0,6,3,6,1,4,0,5,0,6,3,5,0,6,3,
18,4,0,6,3,4,1,5,2,5,0,5,2,4,1,4,2,5,1,6,2,5,2,5,2,5,1,5,2,5,1,4,0,4,1,5,3,5,0,5,2,
15,4,0,6,3,4,1,5,2,5,0,5,2,4,1,4,2,5,0,6,3,5,1,5,3,5,1,5,2,5,1,4,0,4,1,6,3,5,0,5,2,
15,4,0,6,3,4,1,5,2,5,0,5,3,4,1,4,2,5,0,6,3,5,1,5,2,5,1,5,2,6,1,4,0,4,1,6,3,5,0,5,2,
15,4,0,6,3,4,1,5,2,5,0,5,2,4,1,4,2,5,0,6,3,5,1,5,2,5,1,5,2,6,1,4,0,4,1,6,3,5,0,5,2,
15,4,0,6,3,5,1,5,2,5,0,5,3,5,1,4,3,5,0,6,3,5,1,5,3,5,1,5,2,6,1,4,0,4,1,6,3,5,0,5,2,
15,4,0,6,3,5,1,6,2,5,0,6,3,5,1,5,3,5,0,6,3,5,1,5,3,5,1,6,2,6,1,4,0,5,1,6,3,5,0,6,2,
16,4,0,6,3,5,1,6,2,5,0,6,3,5,1,5,3,5,0,6,3,5,3,5,3,5,1,6,2,6,1,4,0,5,1,6,3,5,0,6,2,
16,5,0,6,4,5,1,6,3,6,0,6,4,5,1,5,3,6,0,7,4,6,1,6,4,6,1,6,3,6,2,5,0,5,1,6,4,6,0,6,3,
15,5,0,6,5,5,1,6,3,6,0,6,3,6,1,5,5,6,0,6,4,6,1,5,3,6,1,6,3,6,2,5,0,5,1,6,5,6,0,6,3,
17,4,0,6,3,5,1,6,3,5,0,6,3,5,1,5,3,6,0,6,3,5,1,5,3,6,1,6,3,6,1,4,0,5,1,6,3,5,0,6,3,
16,4,1,6,3,5,1,6,3,5,0,6,3,5,1,5,3,6,1,6,3,5,2,5,3,6,1,6,3,6,2,4,1,5,1,6,3,5,0,6,3,
16,5,1,6,4,5,1,6,3,6,0,6,3,5,1,5,3,6,1,7,4,6,2,6,3,6,1,6,3,6,2,5,1,5,1,6,4,6,0,6,3,
15,4,0,6,3,4,0,5,2,5,0,5,2,4,0,4,2,5,0,6,3,5,1,5,2,5,0,5,2,5,1,4,0,4,0,6,3,5,0,5,2,
17,4,0,6,3,5,1,6,3,5,0,6,3,5,1,5,3,5,0,6,3,5,1,5,3,6,1,6,3,6,1,4,0,5,1,6,3,5,0,6,3,
16,5,1,6,3,5,3,6,3,6,0,6,3,5,3,5,3,6,1,6,3,6,3,5,3,6,1,6,3,6,2,5,1,5,3,6,3,6,0,6,3,
17,4,1,8,3,5,1,7,3,5,0,7,3,5,1,6,3,6,1,8,3,5,3,7,3,6,3,8,3,7,2,4,1,5,1,8,3,5,0,7,3,
16,4,0,7,3,5,1,6,3,5,0,6,3,5,1,5,3,6,0,7,3,5,1,6,3,6,1,6,3,6,1,4,0,5,1,7,3,5,0,6,3,
17,6,0,8,6,7,1,7,6,7,0,8,6,7,1,7,6,8,0,8,6,7,5,7,6,8,1,8,6,8,1,6,0,7,1,8,6,7,0,7,6,
15,4,0,6,3,5,1,5,3,5,0,5,3,5,1,5,3,5,0,6,3,5,2,5,3,5,1,5,3,6,1,4,0,5,1,6,3,5,0,5,3,
18,4,0,6,3,5,1,5,3,5,0,5,3,5,1,4,3,5,0,6,3,5,2,5,3,5,1,5,3,6,1,4,0,5,1,6,3,5,0,5,3,
16,4,1,6,3,5,1,6,3,5,0,6,3,5,1,5,3,6,1,6,3,5,2,6,3,6,1,6,3,6,2,4,1,5,1,6,3,5,0,6,3,
16,4,0,5,2,4,0,5,2,5,0,5,2,4,0,4,2,5,0,5,2,5,0,5,2,5,0,5,2,5,1,4,0,4,0,5,2,5,0,5,2,
16,5,1,6,3,6,1,6,3,6,0,6,3,6,1,5,3,7,0,6,3,6,1,5,3,6,1,6,3,6,2,6,1,6,1,6,3,6,0,6,3,
16,5,1,6,4,5,1,6,3,6,0,6,3,5,1,5,3,6,1,7,3,6,1,6,3,6,1,6,3,6,2,5,1,5,1,6,4,6,0,6,3,
16,5,0,7,5,6,0,6,4,6,0,6,4,6,0,6,4,6,0,7,5,6,0,6,4,7,0,7,4,7,3,5,0,6,0,7,5,6,0,6,4,
15,4,0,6,3,4,0,5,2,5,0,5,3,4,0,4,2,5,0,6,3,5,1,5,2,5,0,5,2,5,1,4,0,4,0,6,3,5,0,5,2,
15,4,0,5,3,5,0,4,2,5,0,4,3,5,0,3,2,5,0,5,2,5,0,4,2,6,0,4,2,5,1,4,0,5,0,5,3,5,0,4,2,
15,4,0,6,3,5,0,5,2,5,0,5,3,5,0,4,2,5,0,6,3,5,1,5,3,5,0,5,2,6,1,4,0,5,0,6,3,5,0,5,2,
15,4,0,6,3,5,0,5,2,5,0,5,3,5,0,4,3,5,0,6,3,5,1,5,3,6,0,5,3,6,1,4,0,5,0,6,3,5,0,5,2,
15,4,0,6,3,5,0,6,3,5,0,6,3,5,1,5,3,5,0,6,3,5,1,5,3,6,1,5,3,6,1,4,0,5,0,6,3,5,0,5,3,
15,4,0,6,3,5,0,5,3,5,0,6,3,5,1,5,3,5,0,6,3,5,1,5,3,6,1,6,3,6,1,4,0,5,0,6,3,5,0,5,3,
15,4,1,6,3,5,1,6,3,5,0,6,3,5,1,5,3,5,0,6,3,6,1,5,3,6,1,6,3,6,2,4,1,5,0,6,3,5,0,6,3,
15,5,1,6,4,5,1,6,3,6,0,6,3,5,1,5,3,5,0,6,3,6,1,6,3,6,1,6,3,6,2,5,1,5,1,6,3,6,0,6,3,
16,5,1,6,3,5,1,6,3,6,0,6,3,5,1,5,3,6,0,6,3,6,1,5,3,6,1,6,3,6,2,5,1,5,1,6,3,6,0,6,3,
16,5,1,6,4,5,1,6,3,6,0,6,3,5,1,5,3,5,1,7,3,6,1,6,3,6,1,6,3,6,2,5,1,5,1,6,4,6,0,6,3,
18,6,1,9,7,6,1,8,6,6,0,8,6,6,1,7,6,6,1,9,7,6,1,8,6,6,1,8,6,9,2,6,1,6,1,9,7,6,0,8,6,
15,5,1,6,4,5,1,6,3,6,0,6,4,5,1,5,3,6,1,7,4,6,1,6,4,6,1,6,3,6,2,5,1,5,1,6,4,6,0,6,3,
555,4,1,8,4,4,1,8,3,5,0,8,3,4,2,7,3,4,0,8,2,5,2,7,2,7,1,8,3,8,1,4,1,4,1,8,4,5,0,7,3,
452,5,1,9,4,5,1,9,4,6,0,8,4,5,1,7,4,5,1,8,4,6,1,9,3,6,1,9,4,8,3,5,1,5,1,9,4,6,0,9,4,
350,5,2,7,5,6,1,6,3,6,0,6,4,6,3,5,4,6,1,7,3,6,2,6,3,7,2,6,3,7,2,5,2,6,1,7,5,6,0,6,3,
249,6,1,7,4,6,1,7,4,7,0,7,4,6,1,6,4,7,1,8,4,7,1,7,4,7,1,7,4,8,3,6,1,6,1,7,4,7,0,7,4,
15,4,1,6,3,5,1,6,3,6,0,6,3,5,1,5,3,5,1,6,3,6,1,5,3,6,1,6,3,6,2,4,1,5,1,6,3,6,0,5,3,
16,4,1,6,3,5,1,6,3,5,0,6,3,5,1,5,3,5,1,6,3,6,1,5,3,6,1,6,3,6,2,4,1,5,1,6,3,6,0,6,3,
15,4,1,6,3,5,1,6,3,5,0,6,3,5,1,5,3,5,1,6,3,6,1,5,3,6,1,6,3,6,2,4,1,5,1,6,3,5,0,5,3,
16,5,1,6,3,5,1,6,3,6,0,6,3,5,1,5,3,6,1,7,3,6,1,6,3,6,1,6,3,6,2,5,1,6,1,6,3,6,1,6,3,
16,5,1,6,3,5,1,6,3,6,0,6,3,5,1,5,3,6,1,7,3,6,1,6,3,6,1,6,3,6,2,5,1,5,1,6,3,6,0,6,3,
16,4,0,5,2,4,0,5,2,5,0,5,2,4,0,4,2,5,0,6,2,5,0,5,2,5,0,5,2,5,1,4,0,4,0,5,2,5,0,5,2,
15,5,1,7,3,5,1,6,3,6,1,6,3,5,1,5,3,6,1,7,3,6,2,6,3,6,1,6,3,6,2,5,1,5,1,7,3,6,0,6,3,
15,4,0,6,3,4,0,5,2,5,0,5,2,4,0,4,2,5,0,6,2,5,1,5,2,5,0,5,2,6,1,4,0,4,0,6,3,5,0,5,2,
15,4,0,6,3,5,0,5,2,5,0,5,3,4,1,4,2,5,0,6,2,5,1,5,2,5,0,6,3,6,1,4,0,5,0,6,3,5,0,5,2,
18,4,0,6,3,5,0,5,3,5,0,5,3,5,1,5,2,5,0,6,3,5,1,5,2,6,0,5,3,6,1,4,0,5,0,6,3,5,1,5,3,
15,4,0,6,3,5,1,5,3,5,0,6,3,5,1,5,3,5,0,6,3,5,1,5,3,6,1,6,3,6,1,4,0,5,1,6,3,5,1,5,3,
15,4,1,6,3,5,1,5,3,5,0,6,3,5,1,5,3,6,1,6,3,5,1,5,3,6,1,6,3,6,2,4,1,5,1,6,3,5,0,5,3,
16,4,1,6,3,5,1,5,3,6,0,6,3,5,1,5,3,5,1,6,3,6,1,5,3,6,1,6,3,6,2,4,1,5,1,6,3,6,0,5,3,
15,4,1,6,3,5,1,5,3,5,0,6,3,5,1,5,3,5,1,6,3,5,1,5,3,6,1,6,3,6,2,4,1,5,1,6,3,5,0,5,3,
15,5,1,6,3,5,1,5,3,6,0,6,3,5,2,5,3,6,0,6,3,6,2,5,3,6,1,6,3,6,2,5,1,5,1,6,3,6,0,5,3,
16,5,1,6,3,5,2,6,3,6,0,6,3,5,2,5,3,6,0,7,3,7,2,6,3,6,1,6,3,6,2,5,1,5,2,6,3,6,0,6,3,
16,5,1,6,3,5,1,6,3,6,0,6,3,5,1,5,3,6,1,7,3,6,2,6,3,6,1,6,3,6,2,5,1,5,1,6,3,6,0,6,3,
16,5,1,6,3,5,1,6,3,6,0,6,3,5,1,5,3,6,1,7,3,6,1,6,3,6,1,6,3,6,2,5,1,5,1,6,3,6,0,6,3,
18,5,1,9,4,5,1,6,3,6,0,6,3,5,1,5,3,6,1,9,3,6,1,6,3,6,1,6,3,9,2,5,1,5,1,9,4,6,0,6,3,
15,4,0,5,2,4,0,5,2,5,0,5,2,4,0,4,2,5,0,6,2,5,1,5,2,5,0,5,2,5,1,4,0,4,0,5,2,5,0,5,2,
15,4,0,6,3,4,0,5,2,5,0,5,3,4,0,4,2,5,0,6,2,5,1,5,2,5,0,5,2,6,1,4,0,4,0,6,3,5,0,5,2,
15,4,0,6,3,5,0,5,2,5,0,5,3,4,0,4,2,5,0,6,2,5,1,5,2,5,0,6,2,6,1,4,0,5,0,6,3,5,0,5,2,
15,4,0,6,3,5,1,5,3,5,0,5,3,5,1,4,2,5,0,6,3,5,1,5,2,6,1,6,3,6,1,4,0,5,1,6,3,5,0,5,3,
15,4,0,6,3,5,0,5,3,5,0,6,3,5,1,5,3,5,0,6,3,5,1,5,2,6,1,6,3,6,1,4,0,5,1,6,3,5,0,5,3,
16,4,1,7,3,4,1,6,3,5,0,6,3,4,1,5,3,5,1,7,3,5,1,6,2,5,1,6,3,7,1,4,1,4,1,7,3,5,0,6,3,
15,4,0,6,3,5,1,5,3,5,0,6,3,5,1,5,3,5,0,6,3,5,1,6,2,6,1,6,3,6,1,4,0,5,1,6,3,5,0,5,3,
16,4,1,6,3,5,1,5,3,6,0,6,3,5,1,5,3,5,1,7,3,5,1,5,3,6,1,6,3,6,2,4,1,5,1,6,3,6,0,5,3,
17,7,1,6,3,7,1,5,3,8,0,6,3,7,1,5,3,8,1,6,3,8,1,5,3,8,1,6,3,6,2,7,1,7,1,6,3,8,0,5,3,
16,5,1,6,3,5,1,6,3,6,0,6,3,5,1,5,3,5,1,7,3,6,1,6,3,6,1,6,3,6,2,5,1,5,1,6,3,6,0,6,3,
16,5,1,6,3,5,1,6,3,6,0,6,3,5,1,5,3,6,1,7,3,6,1,6,3,6,1,6,3,6,2,5,1,5,1,6,3,6,0,6,3,
16,5,1,6,3,5,1,6,3,6,0,6,3,5,1,5,3,6,1,7,3,6,1,6,3,6,1,6,3,6,2,5,1,5,1,6,3,6,0,6,3,
15,4,0,5,3,4,0,5,2,5,0,5,2,4,0,4,2,5,0,6,2,5,1,5,2,5,0,5,2,6,1,4,0,4,0,6,3,5,0,5,2,
15,4,0,6,3,5,0,5,2,5,0,5,3,4,0,4,2,5,0,6,2,5,1,5,2,5,0,5,2,6,1,4,0,4,0,6,3,5,0,5,2,
17,4,0,6,3,5,0,5,2,7,0,5,3,4,0,4,2,7,0,6,2,7,1,5,2,8,0,5,3,6,1,4,0,5,0,6,3,7,0,5,2,
15,4,0,6,3,5,1,5,3,5,0,5,3,5,1,4,2,5,0,6,3,5,2,5,2,6,0,5,3,6,1,4,0,5,1,6,3,5,0,5,2,
16,4,0,6,3,5,0,5,3,5,0,6,3,5,1,5,3,5,1,6,3,5,1,5,2,6,1,6,3,6,1,4,0,5,0,6,3,5,0,5,2,
18,4,0,6,3,5,0,5,2,5,0,6,3,5,1,5,3,5,1,6,3,5,1,5,2,6,0,5,3,6,1,4,0,5,0,6,3,5,0,5,2,
15,4,0,6,3,5,0,5,3,5,0,6,3,5,1,5,3,5,1,6,3,5,1,5,2,6,0,6,3,6,1,4,0,5,0,6,3,5,0,5,3,
16,4,1,6,3,5,0,6,3,5,0,6,3,5,1,5,3,5,1,6,3,6,1,6,3,6,1,6,3,6,2,4,1,5,0,6,3,6,0,6,3,
16,7,1,7,4,7,1,7,3,7,0,7,3,7,1,7,4,7,0,7,3,7,1,7,3,7,1,7,3,7,2,7,1,7,1,7,4,7,0,7,3,
16,5,1,6,3,5,1,6,3,6,0,6,3,5,1,5,3,5,0,7,3,6,1,6,3,6,1,6,3,6,2,5,1,5,1,6,3,6,0,6,3,
16,4,0,6,3,5,0,5,2,5,0,5,3,5,0,4,2,5,0,6,2,5,1,5,2,6,1,6,3,6,1,4,0,5,0,6,3,5,0,5,2,
16,5,1,6,3,5,1,6,3,6,0,6,3,5,1,5,3,6,1,7,3,6,1,6,3,6,1,6,3,7,2,5,1,5,1,6,3,6,0,6,3,
15,4,0,6,2,4,0,5,2,5,0,5,3,4,0,4,2,5,0,6,2,5,0,5,2,5,0,5,2,6,1,4,0,4,0,6,2,5,0,5,2,
15,4,0,6,3,5,0,5,2,5,0,5,3,4,0,4,2,5,0,6,2,5,1,5,2,5,1,5,2,6,1,4,0,5,0,6,3,5,0,5,2,
18,4,0,6,3,8,0,5,2,8,0,5,3,5,0,4,3,8,0,6,3,8,1,5,2,9,0,5,3,6,1,4,0,5,0,6,3,8,0,5,3,
15,4,0,6,3,5,0,5,2,5,0,5,3,4,0,4,2,5,0,6,3,5,1,5,2,5,1,5,3,6,1,4,0,5,0,6,3,5,0,5,3,
15,4,0,6,3,5,0,5,2,5,0,5,3,5,0,4,3,5,0,6,2,5,1,5,2,6,1,5,3,6,1,4,0,5,0,6,3,5,0,5,2,
15,4,0,6,3,5,0,5,2,5,0,5,3,5,0,5,3,5,0,6,3,5,1,5,2,6,1,6,3,6,1,4,0,5,0,6,3,5,0,5,3,
15,4,0,6,3,5,1,5,3,5,0,6,3,5,1,5,3,5,0,6,3,5,1,5,3,6,1,6,3,6,2,4,0,5,1,6,3,5,0,5,3,
15,4,0,6,3,5,1,6,3,5,0,6,3,5,1,5,3,5,0,6,3,5,1,5,3,6,1,6,3,6,2,4,0,5,1,6,3,5,0,5,3,
15,4,1,6,3,5,1,6,3,5,0,6,3,5,1,5,3,5,0,6,3,5,1,5,3,6,1,6,3,6,2,4,1,5,1,6,3,5,0,5,3,
16,5,1,6,3,5,1,6,3,6,0,6,3,5,1,5,3,5,0,7,3,6,1,6,3,6,1,6,3,6,2,5,1,5,1,6,3,6,0,6,3,
16,5,1,6,3,5,1,6,3,6,0,6,3,5,1,5,3,6,1,7,3,6,1,6,3,6,1,6,3,7,2,5,1,5,1,6,3,6,0,6,3,
18,5,1,9,4,5,1,6,3,6,0,9,3,5,1,5,4,6,1,9,3,6,1,6,3,9,1,9,3,9,2,5,1,5,1,9,4,6,0,6,3,
15,4,0,5,3,4,0,5,2,5,0,5,2,4,0,4,3,5,0,6,2,5,0,5,2,5,0,5,2,5,1,4,0,4,0,5,3,5,0,5,2,
16,3,0,7,3,4,0,6,2,4,0,6,2,4,0,5,3,4,0,7,2,4,0,6,2,5,0,6,2,7,1,3,0,4,0,7,3,4,0,6,2,
15,4,0,6,3,4,0,5,2,5,0,5,2,4,0,4,3,5,0,6,2,5,0,5,2,5,0,5,2,6,1,4,0,4,0,6,3,5,0,5,2,
15,4,0,6,3,5,0,5,2,5,0,5,3,4,0,4,3,5,0,6,2,5,1,5,2,6,0,5,2,6,1,4,0,5,0,6,3,5,0,5,2,
15,4,0,6,3,5,0,5,3,5,0,5,3,5,0,4,3,5,0,6,3,5,1,5,3,6,0,5,3,6,1,4,0,5,0,6,3,5,0,5,3,
16,4,0,6,4,5,0,5,3,6,0,6,3,5,0,5,4,5,0,6,3,6,1,5,3,6,1,6,3,6,2,4,0,5,0,6,4,6,0,5,3,
15,4,0,6,3,5,0,5,3,5,0,6,3,5,0,5,3,5,0,6,3,5,1,5,3,6,0,6,3,6,2,4,0,5,0,6,3,5,0,5,3,
16,5,0,6,3,5,1,6,3,6,0,6,3,5,1,5,3,5,0,7,3,6,1,6,3,6,1,6,3,6,2,5,0,5,1,6,3,6,0,6,3,
17,7,0,6,3,7,1,6,3,8,0,6,3,7,1,5,3,8,0,7,3,8,1,6,3,8,1,6,3,6,2,7,0,7,1,6,3,8,0,6,3,
16,5,1,6,3,5,1,6,3,6,0,6,3,5,1,5,3,5,0,7,3,6,1,6,3,6,1,6,3,6,2,5,1,5,1,6,3,6,0,6,3,
16,5,0,6,3,5,1,6,3,6,0,6,3,5,1,5,3,5,1,7,3,6,1,6,3,6,1,6,3,6,2,5,0,5,1,6,3,6,0,6,3,
16,5,1,6,3,5,1,6,3,6,0,6,3,5,1,5,3,6,1,7,3,6,1,6,3,6,1,6,3,6,2,5,1,5,1,6,3,6,0,6,3,
15,4,0,6,3,4,0,5,2,5,0,5,3,4,0,4,2,5,0,6,2,5,1,5,2,5,1,5,2,6,1,4,0,4,0,6,3,5,0,5,2,
16,4,0,7,3,5,0,6,3,5,0,6,3,5,0,5,3,5,0,7,3,5,1,6,3,6,1,6,3,6,2,4,0,5,0,7,3,5,0,5,3,
15,4,0,6,3,5,0,5,2,5,0,5,2,4,0,4,2,5,0,6,2,5,1,5,2,5,0,5,2,6,1,4,0,5,0,6,3,5,0,5,2,
15,4,0,6,3,5,0,5,2,5,0,5,3,4,0,4,2,5,0,6,2,5,0,5,2,5,0,5,2,6,1,4,0,4,0,6,3,5,0,5,2,
15,4,0,6,3,5,0,5,3,5,0,5,3,5,0,5,3,5,0,6,3,5,1,5,2,6,0,5,3,6,1,4,0,5,0,6,3,5,0,5,3,
18,4,0,6,3,5,0,5,3,5,0,5,3,5,0,5,3,5,0,9,3,5,1,5,2,6,0,6,3,9,1,4,0,5,0,6,3,5,0,5,3,
15,4,0,6,3,5,1,5,3,5,0,6,3,5,0,5,3,5,0,6,3,5,1,5,3,6,1,6,3,6,2,4,0,5,1,6,3,5,0,5,3,
15,4,0,6,3,5,1,5,3,6,0,6,3,6,1,5,3,5,0,6,3,6,1,5,3,6,1,6,3,6,2,4,0,5,1,6,3,6,0,5,3,
16,4,0,6,3,5,1,6,3,6,0,6,3,5,1,5,3,5,0,6,3,6,1,5,3,6,1,6,3,6,2,4,0,5,1,6,3,6,0,5,3,
15,4,0,6,3,5,1,6,3,5,0,6,3,5,1,5,3,5,0,6,3,5,1,5,3,6,1,6,3,6,2,4,0,5,1,6,3,5,0,5,3,
16,5,1,6,3,5,1,6,3,6,0,6,3,5,1,5,3,5,0,7,3,6,1,6,3,6,1,6,3,6,2,5,1,5,1,6,3,6,0,6,3,
16,5,1,7,3,5,1,6,3,6,0,6,3,5,1,5,3,5,1,7,3,6,1,6,3,6,1,6,3,6,2,5,1,5,1,6,3,6,0,6,3,
15,5,1,7,3,5,1,6,3,6,0,6,3,5,1,5,3,6,1,7,3,7,1,6,3,7,1,6,3,6,2,5,1,5,1,7,3,6,0,6,3,
15,4,0,6,2,5,0,5,2,5,0,5,2,4,0,4,2,5,0,6,2,5,0,5,2,5,0,5,2,6,1,4,0,5,0,6,2,5,0,5,2,
15,4,0,6,2,5,0,5,2,5,0,5,2,4,0,4,2,5,0,6,2,5,0,5,2,5,0,5,2,6,1,4,0,5,0,6,2,5,0,5,2,
15,4,0,6,3,5,0,5,2,5,0,5,3,4,0,4,3,5,0,6,3,5,1,5,2,5,0,5,3,6,1,4,0,5,0,6,3,5,0,5,3,
15,4,0,6,3,5,0,5,3,5,0,6,3,5,0,5,3,5,0,6,3,5,1,5,3,5,0,5,3,6,1,4,0,5,0,6,3,5,0,5,3,
15,5,0,6,3,5,0,5,3,5,0,6,3,5,0,5,3,5,0,6,3,5,1,5,3,6,0,5,3,6,1,5,0,5,0,6,3,5,0,5,3,
15,4,0,6,3,5,0,5,3,5,0,6,3,5,0,5,3,5,0,6,3,5,1,5,3,6,1,5,3,6,1,4,0,5,0,6,3,5,0,5,3,
15,4,0,6,3,5,0,6,3,5,0,6,3,5,0,5,3,5,0,6,3,5,1,5,3,6,1,6,3,6,2,4,0,5,1,6,3,5,0,5,3,
15,4,0,6,3,5,1,6,3,5,0,6,3,5,1,5,3,5,0,6,3,5,1,5,3,6,1,6,3,6,2,4,0,5,0,6,3,5,0,5,3,
38,5,0,6,3,29,1,6,3,28,0,6,3,5,1,5,3,5,0,7,3,6,1,5,3,6,1,6,3,6,2,5,0,29,1,6,3,28,0,5,3,
16,4,0,6,3,5,0,5,2,5,0,5,2,5,0,4,2,5,0,6,2,5,0,5,2,6,0,5,2,6,1,4,0,5,0,6,2,5,0,5,2,
16,5,1,6,3,5,1,6,3,6,0,6,3,5,1,5,3,5,1,7,3,6,1,6,3,6,1,6,3,6,2,5,1,6,1,6,3,6,0,6,3,
16,4,0,6,2,4,0,5,2,5,0,5,2,4,0,4,2,4,0,6,2,5,0,5,2,5,0,5,2,6,1,4,0,5,0,6,2,5,0,5,2,
16,3,0,6,2,4,0,6,2,4,0,6,2,4,0,5,2,4,0,7,2,4,0,6,2,5,0,6,2,7,1,3,0,4,0,6,2,4,0,6,2,
15,4,0,6,3,4,0,5,2,5,0,5,2,4,0,4,2,5,0,6,2,5,1,5,2,5,0,5,2,6,1,4,0,5,0,6,3,5,0,5,2,
15,4,0,6,3,5,0,5,2,5,0,5,2,4,0,4,2,5,0,6,2,5,1,5,2,5,0,5,2,6,1,4,0,5,0,6,3,5,0,5,2,
15,4,0,6,3,5,0,5,2,5,0,5,2,4,0,4,2,5,0,6,2,5,1,5,2,6,0,5,2,6,1,4,0,5,0,6,3,5,0,5,2,
15,4,0,6,3,5,0,5,3,5,0,6,3,5,1,5,3,5,0,6,3,5,1,5,3,6,1,6,3,6,1,4,0,5,1,6,3,5,0,6,3,
15,4,0,6,3,5,1,5,3,5,0,6,3,5,1,5,3,5,0,6,3,5,1,5,3,6,1,5,3,6,1,4,0,5,1,6,3,5,0,5,3,
15,4,0,6,3,5,1,5,3,5,0,6,3,5,1,5,3,5,0,6,3,5,1,5,3,6,1,5,3,6,2,4,0,5,1,6,3,5,0,5,3,
18,7,1,6,3,8,1,5,3,8,0,6,3,8,1,5,3,8,0,6,3,8,1,5,3,9,1,6,3,6,2,7,1,8,1,6,3,8,0,5,3,
15,4,0,6,3,5,1,5,3,5,0,6,3,5,1,5,3,5,0,6,3,5,1,5,3,6,1,6,3,6,2,4,1,5,1,6,3,5,0,5,3,
18,4,0,6,3,5,1,5,3,5,0,6,3,5,1,5,3,5,0,6,3,5,1,5,3,6,1,6,3,6,2,4,0,5,1,6,3,5,0,5,3,
16,5,1,6,3,5,1,6,3,6,0,6,3,5,1,5,3,5,1,7,3,6,1,5,3,6,1,6,3,6,2,5,1,5,1,6,3,6,0,6,3,
16,5,1,6,3,5,1,6,3,6,0,6,3,5,1,5,3,5,1,7,3,6,1,6,3,6,1,6,3,6,2,5,1,5,1,7,3,6,0,6,4,
15,4,0,6,3,5,1,5,3,5,0,5,3,5,1,5,3,5,0,6,3,5,1,5,3,6,0,5,3,6,1,4,0,5,1,6,3,5,0,5,3,
235,118,1,118,3,118,2,118,3,118,0,118,3,118,2,118,3,118,1,118,3,118,3,118,3,118,2,118,3,118,1,118,2,118,2,118,3,118,0,118,3,
129,117,2,117,117,117,2,117,117,117,1,117,117,118,2,117,117,117,2,117,117,117,2,117,117,117,2,117,117,117,118,117,2,117,2,117,117,117,0,117,117,
29,5,0,7,5,6,0,6,4,6,0,6,4,5,1,6,4,6,0,7,4,6,0,6,4,7,0,6,4,7,2,5,0,6,0,7,5,6,0,6,4,
18,4,0,6,3,5,1,5,2,5,0,5,2,4,1,4,2,5,0,9,2,5,1,5,2,5,1,5,2,6,1,4,0,5,0,6,3,5,0,5,2,
34,4,25,6,4,5,2,5,2,5,0,5,2,4,1,4,2,5,25,6,2,5,3,5,2,5,25,5,2,6,1,4,25,5,2,6,4,5,0,5,2,
16,4,1,6,3,4,1,5,3,5,0,6,3,4,1,5,3,5,0,7,3,5,2,5,3,5,1,6,3,6,2,4,1,4,1,6,3,5,0,5,3,
15,4,1,6,3,5,1,5,2,5,0,6,3,5,1,5,2,5,0,6,2,5,1,5,2,6,1,5,2,6,1,4,1,5,1,6,3,5,0,5,2,
16,4,1,6,3,5,1,5,3,5,0,6,3,5,1,5,3,5,0,6,3,5,1,5,3,6,1,6,3,6,2,4,1,5,1,6,3,5,0,5,3,
15,4,1,6,3,5,1,5,3,5,0,6,3,5,1,5,3,5,0,6,3,5,1,5,3,6,1,5,3,6,2,4,1,5,1,6,3,5,0,5,3,
16,4,1,6,3,5,1,5,3,6,0,6,3,5,1,5,3,5,1,7,3,5,1,5,3,6,1,6,3,6,2,4,1,5,1,6,3,6,0,5,3,
16,5,1,6,3,5,1,6,3,6,0,6,3,5,1,5,3,5,1,7,3,5,1,5,3,6,1,6,3,6,2,5,1,5,1,6,3,6,0,6,3,
15,5,1,6,3,5,1,6,3,6,0,6,3,5,1,5,3,5,1,7,3,6,1,6,3,6,1,6,3,6,2,5,1,5,1,6,3,6,0,6,3,
15,5,1,6,3,5,1,6,3,6,0,6,3,5,1,5,3,6,1,7,3,6,2,6,3,6,1,6,3,6,2,5,1,5,1,7,3,6,0,6,3,
15,4,0,5,2,4,0,5,2,5,0,5,2,4,0,4,2,5,0,6,2,5,1,5,2,5,0,5,2,6,1,4,0,4,0,6,2,5,0,5,2,
15,4,1,6,2,5,1,5,2,5,0,5,2,4,1,4,2,5,0,6,2,5,1,5,2,5,0,5,2,6,1,4,0,4,1,6,2,5,0,5,2,
15,4,0,6,3,5,1,5,2,5,0,5,2,4,1,4,2,5,0,6,2,5,1,5,2,5,0,5,2,6,1,4,0,5,1,6,3,5,0,5,2,
15,4,0,6,3,5,1,5,2,5,0,6,3,5,1,5,3,5,0,6,3,5,1,5,2,6,1,5,2,6,1,4,0,5,1,6,3,5,0,5,3,
15,4,1,6,3,5,1,5,5,5,0,5,6,5,1,5,2,5,0,6,2,5,1,5,2,6,1,5,6,6,1,4,1,5,1,6,3,5,0,5,5,
15,4,1,6,3,5,1,5,3,5,0,6,3,5,1,5,3,5,0,6,3,5,1,5,3,6,1,5,3,6,1,4,1,5,1,6,3,5,0,5,3,
15,4,1,6,3,5,1,5,3,5,0,6,3,5,1,5,3,5,1,6,3,5,1,5,3,6,1,6,3,6,1,4,1,5,1,6,3,5,0,5,3,
15,4,1,6,3,5,3,5,3,5,0,6,3,5,3,5,3,5,1,6,3,5,3,5,3,6,1,6,3,6,2,4,1,5,3,6,3,5,0,6,3,
17,5,1,6,3,5,1,7,4,6,0,6,4,5,1,5,3,5,1,6,3,6,1,7,3,6,1,8,4,6,2,5,1,5,1,6,3,6,0,7,4,
16,5,1,7,3,5,1,6,4,6,0,6,4,5,1,5,3,5,1,7,3,5,1,5,3,6,1,6,4,7,2,5,1,5,1,7,3,6,0,6,4,
18,4,0,8,2,4,0,8,3,5,0,8,3,4,0,7,2,4,0,9,2,4,1,7,2,5,0,8,3,8,1,4,0,4,0,8,2,5,0,8,3,
30,4,0,6,2,4,0,5,3,5,21,5,3,4,0,4,2,4,0,6,2,5,2,5,2,5,0,5,3,6,1,4,0,4,0,6,2,5,21,5,3,
15,4,0,6,3,5,1,5,3,5,0,6,3,5,1,5,2,5,0,6,3,5,1,5,2,6,1,5,3,6,1,4,0,5,1,6,3,5,0,5,3,
15,4,0,6,3,4,0,5,2,5,0,6,3,4,1,4,2,5,0,6,2,5,1,5,2,5,0,5,2,6,1,4,0,4,0,6,3,5,0,5,2,
15,4,0,6,3,4,0,5,2,5,0,5,3,4,1,4,2,5,0,6,2,5,1,5,2,5,0,5,2,6,1,4,0,4,0,6,3,5,0,5,3,
17,4,0,6,3,5,1,5,3,5,0,6,3,8,1,4,3,5,0,6,3,5,1,5,3,6,1,5,3,6,1,4,0,5,1,6,3,5,0,5,3,
15,4,0,6,3,5,1,5,3,5,0,6,3,5,1,5,3,5,0,6,3,5,1,5,3,6,1,5,3,6,1,4,0,5,1,6,3,5,0,5,3,
16,5,1,7,3,5,1,6,3,6,0,6,3,5,1,5,3,5,1,7,3,5,1,5,3,6,1,6,3,6,2,5,1,5,1,7,3,6,0,6,3,
16,4,0,6,3,5,1,5,3,5,0,6,3,5,1,5,3,5,0,7,3,5,1,5,3,6,1,6,3,6,1,4,0,5,1,6,3,5,0,5,3,
16,4,1,7,3,5,1,5,3,5,0,6,3,5,1,5,3,5,1,7,3,5,1,5,3,6,1,6,3,6,1,4,1,5,1,6,3,5,0,5,3,
16,5,1,7,3,5,1,6,3,6,0,6,3,5,1,5,3,5,1,7,3,5,1,5,3,6,1,6,3,6,2,5,1,5,1,6,3,6,0,6,3,
17,5,0,7,4,5,0,6,3,6,0,6,3,5,1,5,3,6,0,7,3,6,1,6,3,6,0,6,3,7,2,5,0,5,0,7,4,6,0,6,3,
18,4,1,6,3,5,1,6,3,6,0,6,3,5,1,5,3,5,0,7,3,5,1,5,3,6,1,6,3,6,2,4,1,5,1,7,3,6,0,6,3,
15,4,0,6,3,4,0,5,2,5,0,5,3,4,0,4,2,5,0,6,3,5,1,5,2,5,0,5,2,6,1,4,0,4,0,6,3,5,0,5,2,
15,4,0,6,3,4,0,5,2,5,0,5,3,4,1,4,2,5,0,6,2,5,1,5,2,5,0,5,2,6,1,4,0,4,0,6,3,5,0,5,2,
15,4,0,6,3,4,0,5,2,5,0,5,2,4,1,4,2,5,0,6,2,5,1,5,2,5,0,5,2,6,1,4,0,4,1,6,3,5,0,5,2,
15,4,0,6,3,5,1,5,2,5,0,6,3,4,1,4,2,5,0,6,2,5,1,5,2,5,0,5,2,6,1,4,0,5,1,6,3,5,0,5,3,
15,4,0,6,2,5,1,5,3,5,0,6,3,4,1,4,2,5,0,6,2,5,1,5,2,5,0,5,3,6,1,4,0,5,1,6,2,5,0,5,3,
18,4,0,9,3,5,1,8,3,5,0,8,4,5,1,7,2,5,0,9,2,5,1,8,2,6,0,8,3,9,1,4,0,5,1,9,3,5,0,8,3,
15,4,0,6,3,5,1,5,3,5,0,6,4,5,1,5,3,5,0,6,3,5,1,5,2,6,1,6,4,6,1,4,0,5,1,6,3,5,0,5,3,
15,4,0,6,3,5,1,5,3,5,0,6,3,5,1,5,3,5,0,6,3,5,1,5,3,6,1,6,3,6,1,4,0,5,1,6,3,5,0,5,3,
16,4,0,6,3,5,1,6,3,5,0,6,3,5,1,5,3,5,0,6,3,5,1,5,3,6,1,6,3,6,1,4,0,5,1,6,3,5,0,6,3,
16,4,1,6,3,5,1,6,3,6,0,6,3,5,1,5,3,5,0,7,3,5,1,5,3,6,1,6,3,6,2,4,1,5,1,6,3,6,0,6,3,
16,4,1,6,3,5,1,6,3,5,0,6,3,5,1,5,3,5,0,7,3,5,1,5,3,6,1,6,3,6,2,4,0,5,1,6,3,5,0,6,3,
16,5,1,6,4,5,1,6,3,6,0,6,3,5,1,5,3,5,1,7,3,5,1,5,3,6,1,6,3,6,2,5,1,5,1,6,4,6,0,6,3,
37,4,0,6,3,5,1,27,3,5,0,6,3,5,1,5,3,5,0,6,3,5,1,5,3,6,0,6,3,6,1,4,0,5,1,6,3,5,0,27,3,
16,4,0,6,3,5,0,5,3,5,0,6,3,4,1,5,3,5,0,7,3,5,1,6,3,5,0,5,3,6,1,4,0,5,0,6,3,5,0,5,3,
15,4,0,6,3,5,0,5,3,5,0,5,3,5,0,4,3,5,0,6,3,5,1,5,3,6,0,5,3,6,1,4,0,5,0,6,3,5,0,5,2,
15,4,0,6,3,4,0,5,2,5,0,5,2,4,0,4,3,5,0,6,3,5,1,5,2,5,0,5,2,6,1,4,0,4,0,6,3,5,0,5,2,
16,5,0,6,3,5,1,5,3,6,0,6,3,5,1,5,3,5,0,7,3,5,1,6,3,6,0,6,3,6,2,5,0,5,1,6,3,6,0,6,3,
19,5,1,6,3,5,1,5,3,6,0,6,3,5,1,5,3,5,1,7,3,6,1,6,3,6,1,6,3,6,2,5,1,5,1,6,3,6,0,5,3,
15,4,0,6,3,5,1,5,3,5,0,6,3,5,1,5,3,5,0,6,3,5,1,5,3,6,0,5,3,6,1,4,0,5,1,6,3,5,0,5,3,
16,4,0,6,4,5,1,5,3,5,0,6,3,5,1,5,4,5,0,6,3,5,1,5,3,6,0,6,3,6,2,4,0,5,1,6,4,5,0,5,3,
16,4,0,6,3,4,1,5,2,5,0,5,2,4,1,4,3,5,0,6,2,5,1,5,2,5,1,5,2,5,1,4,0,4,1,6,3,5,0,5,2,
16,4,0,6,3,4,0,5,2,5,0,5,2,4,0,4,3,4,0,6,2,5,1,5,2,5,1,5,2,6,1,4,0,4,0,6,3,5,0,5,2,
16,5,1,7,3,5,1,6,3,6,0,7,3,5,1,6,3,6,1,7,3,6,2,6,3,6,1,6,3,7,2,5,1,6,1,7,3,6,0,6,3,
19,5,1,10,4,5,1,9,3,6,0,9,3,5,1,8,4,5,1,10,3,6,1,9,3,6,1,9,3,10,2,5,1,5,1,10,4,6,0,9,3,
18,5,0,7,4,5,0,6,5,6,0,6,4,5,1,5,4,6,0,7,4,6,0,6,4,6,0,6,4,7,2,5,0,5,0,7,4,6,0,6,5,
15,4,0,6,3,5,1,5,3,5,0,6,3,5,1,5,3,5,1,6,3,5,1,5,3,6,1,5,3,6,1,4,0,5,1,6,3,5,0,5,3,
16,4,0,6,3,5,1,5,3,5,0,6,3,5,1,5,3,5,0,6,3,5,3,5,3,6,1,6,3,7,1,4,0,5,1,6,3,5,0,5,3,
16,4,0,7,3,5,0,6,3,5,0,6,3,5,1,5,3,5,0,7,3,5,1,7,3,6,0,6,3,6,1,4,0,5,0,7,3,5,0,6,3,
15,4,0,6,3,5,0,5,3,5,0,5,3,5,0,4,3,5,0,6,3,5,1,5,3,6,0,5,3,6,1,4,0,5,0,6,3,5,0,5,3,
15,4,0,6,3,5,0,5,3,5,0,5,3,5,0,4,3,5,0,6,3,5,1,5,3,6,0,5,3,6,1,4,0,5,0,6,3,5,0,5,3,
18,5,1,6,4,6,1,6,3,6,0,6,3,5,1,5,3,6,1,7,3,6,2,6,3,6,1,6,3,6,2,5,1,6,1,6,4,6,0,6,3,
17,4,1,5,2,4,0,5,2,5,0,5,2,4,0,4,2,4,1,6,2,4,1,5,2,5,1,5,2,5,1,4,1,4,0,5,2,5,0,5,2,
18,4,0,8,3,5,1,8,3,5,0,6,3,5,1,5,3,5,1,7,3,5,1,8,3,6,1,8,3,6,1,4,0,5,0,8,3,5,0,8,3,
17,4,0,6,3,5,0,5,2,6,0,6,2,5,0,6,3,5,0,7,3,6,1,5,2,7,0,6,2,6,1,4,0,5,0,6,3,6,0,5,2,
18,5,0,6,4,6,0,6,3,6,0,6,3,6,1,5,3,6,0,7,3,6,0,6,3,7,0,6,3,7,2,5,0,6,0,6,4,6,0,6,3,
19,4,0,6,3,5,0,5,3,5,0,6,3,5,1,5,3,5,0,6,3,5,1,5,3,6,1,6,3,6,2,4,0,5,0,6,3,5,0,5,3,
16,5,1,6,3,5,1,6,3,6,0,6,3,5,1,5,3,5,1,7,3,5,1,6,3,6,1,6,3,7,2,5,1,5,1,6,3,6,0,6,3,
16,4,0,6,3,5,0,5,3,5,0,6,3,5,0,5,3,5,0,6,3,5,1,5,2,6,0,6,2,6,1,4,0,5,0,6,3,5,0,5,2,
15,5,1,7,4,6,1,6,3,6,0,6,3,6,1,5,3,6,1,7,3,6,1,6,3,7,1,6,3,7,2,5,1,6,1,7,4,6,0,6,3,
37,5,0,28,3,6,0,5,2,6,0,5,2,6,0,4,2,5,0,28,3,6,1,5,2,6,0,5,2,6,1,5,0,5,0,28,3,6,0,5,2,
16,4,0,7,3,5,0,5,3,5,0,6,3,5,0,5,3,5,0,7,3,5,1,5,3,6,0,6,3,6,1,5,0,5,0,7,3,5,0,6,3,
15,4,0,6,3,5,0,5,2,5,0,6,3,5,0,4,2,5,0,6,3,5,1,5,2,6,0,5,2,6,1,5,0,5,0,6,3,5,0,5,2,
15,5,0,6,3,5,0,5,3,5,0,6,3,5,0,5,3,5,0,6,3,5,1,5,3,6,0,6,3,6,1,5,0,5,0,6,3,5,0,5,3,
16,4,0,6,3,5,0,5,3,5,0,6,3,5,1,5,3,5,0,7,3,6,1,6,3,6,1,6,3,6,2,5,0,5,1,6,3,5,0,5,3,
16,4,0,6,3,6,1,5,3,5,0,6,3,5,1,5,3,5,0,7,3,6,1,6,3,6,1,6,3,6,2,5,0,5,1,6,3,6,0,5,3,
16,4,1,6,3,5,1,5,3,5,0,6,3,5,1,5,3,5,1,7,3,5,1,6,3,6,1,6,3,6,2,5,1,5,1,6,3,6,0,5,3,
16,5,1,6,3,6,1,5,3,6,0,6,3,6,1,5,3,6,1,6,3,6,1,5,3,7,1,6,3,6,2,6,1,6,1,6,3,6,0,5,3,
16,5,1,6,3,5,1,6,3,6,0,6,3,5,1,5,3,5,1,7,3,6,1,6,3,6,1,6,3,6,2,5,1,5,1,6,3,6,0,6,3,
17,4,0,6,3,5,0,5,3,5,0,6,3,5,0,4,3,5,0,6,3,5,1,5,3,6,0,5,3,6,1,4,0,5,0,6,3,5,0,5,3,
15,5,1,6,3,5,1,6,3,6,0,6,3,5,1,5,3,5,1,7,3,6,1,6,3,6,1,6,3,6,2,5,1,5,1,6,3,6,1,6,3,
15,5,1,6,3,5,1,6,3,6,0,6,3,5,1,5,3,5,1,7,3,6,1,6,3,6,1,6,3,7,2,5,1,5,1,6,3,6,1,6,3,
15,5,1,6,4,6,1,6,3,6,0,6,3,5,1,5,3,6,1,7,3,6,1,6,3,6,1,6,3,7,2,5,1,6,1,6,4,6,0,6,3,
18,4,0,6,3,5,0,5,2,5,0,5,2,5,0,4,2,5,0,6,2,5,0,5,2,5,0,5,2,6,1,4,0,5,0,6,3,5,0,5,2,
36,7,3,8,6,7,26,8,5,8,0,8,5,7,3,7,5,8,3,9,5,8,3,8,5,8,3,8,5,8,4,7,3,7,26,8,6,8,3,8,5,
15,4,1,6,3,5,0,5,3,5,0,6,3,5,1,5,3,5,0,6,3,5,1,5,2,6,1,6,3,6,1,4,1,5,1,6,3,5,0,5,3,
15,4,0,6,3,5,0,5,3,5,0,6,3,5,0,5,3,5,0,6,3,5,1,5,2,6,0,6,3,6,1,4,0,5,0,6,3,5,0,5,3,
15,4,0,6,3,5,0,5,3,5,0,6,3,5,0,5,3,5,0,6,3,5,1,5,3,6,0,6,3,6,1,4,0,5,0,6,3,5,0,5,3,
15,4,0,6,3,5,0,5,3,5,0,6,3,5,1,5,3,5,0,6,3,5,1,5,3,6,0,6,3,6,2,4,0,5,0,6,3,5,0,5,3,
15,4,0,6,3,5,0,5,3,5,0,6,3,5,1,5,3,5,0,6,3,5,1,5,3,6,0,6,3,6,2,4,0,5,0,6,3,5,0,5,3,
18,5,1,9,3,5,1,8,3,6,0,9,3,5,1,8,3,5,0,9,3,5,1,8,3,6,1,9,3,9,2,5,0,5,1,9,3,6,0,8,3,
16,5,1,6,3,5,1,5,3,6,0,6,3,5,1,5,3,5,1,7,3,6,1,6,3,6,1,6,3,6,2,5,1,5,1,6,3,6,0,5,3,
16,5,1,6,3,5,1,6,3,6,1,6,3,5,1,5,3,5,1,7,3,6,1,6,3,6,1,6,3,6,2,5,1,5,1,6,3,6,0,6,3,
15,5,1,7,4,5,1,6,3,6,0,6,4,5,1,5,3,6,1,7,3,6,1,6,3,6,1,6,3,7,2,5,1,5,1,7,4,6,0,6,3,
15,5,2,7,3,5,2,6,3,6,0,6,3,5,2,5,3,5,2,7,3,6,2,6,3,6,2,6,3,7,2,5,2,5,2,7,3,6,0,6,3,
16,4,1,6,3,5,1,5,2,5,0,5,3,5,1,4,2,5,1,6,2,5,1,5,2,5,1,5,2,6,1,4,1,5,1,6,3,5,0,5,2,
16,4,0,6,3,5,0,5,2,5,0,6,3,5,0,4,2,5,0,7,3,5,1,5,2,5,0,6,2,6,1,4,0,5,0,6,3,5,0,5,2,
16,4,0,7,3,5,1,5,3,5,0,5,3,5,1,5,3,5,0,7,3,5,1,5,3,6,0,5,3,6,1,4,0,5,0,7,3,5,0,5,3,
15,4,0,6,3,5,1,5,3,5,0,6,3,5,1,5,3,5,0,6,3,5,1,5,3,6,1,5,3,6,1,4,0,5,1,6,3,5,0,5,3,
15,4,0,6,3,5,0,5,3,5,0,6,3,5,1,5,3,5,0,6,3,5,1,5,3,6,1,5,3,6,1,4,0,5,1,6,3,5,0,5,3,
15,4,0,6,3,5,1,5,3,5,0,6,3,5,1,5,3,5,0,6,3,5,1,5,2,6,1,5,3,6,1,4,0,5,1,6,3,5,0,5,3,
17,4,0,6,3,5,0,5,3,6,0,6,3,5,0,5,3,5,0,6,3,5,0,5,3,6,0,6,3,6,2,4,0,5,0,6,3,5,0,5,3,
41,28,0,6,3,29,0,5,2,29,0,5,3,29,0,4,3,29,0,6,3,29,0,5,2,29,0,5,3,6,1,28,0,29,0,6,3,29,0,5,2,
16,5,1,6,3,6,1,5,3,6,0,6,3,5,1,5,3,5,1,7,3,5,1,6,3,6,1,6,3,7,2,5,1,5,1,6,3,6,0,5,3,
16,5,1,6,3,5,1,5,3,6,0,6,3,5,1,5,3,5,1,7,3,5,1,6,3,6,1,6,3,7,2,5,1,5,1,6,3,6,0,5,3,
15,5,1,7,3,5,1,6,3,6,0,6,3,5,1,5,3,5,1,7,3,5,1,6,3,6,1,6,3,7,2,5,1,5,1,7,3,6,0,6,3,
15,5,1,7,3,5,1,6,3,6,0,6,4,5,1,5,3,6,1,7,3,6,1,6,3,6,1,6,3,7,2,5,1,5,1,7,3,6,0,6,3,
15,4,0,6,3,5,0,5,2,5,0,5,3,4,0,4,3,5,0,6,3,5,0,5,2,5,0,5,3,6,1,4,0,5,0,6,3,5,0,5,2,
18,4,0,6,3,5,0,5,3,5,0,5,3,5,0,4,3,5,0,6,3,5,0,5,3,5,0,5,3,6,1,4,0,5,0,6,3,5,0,5,3,
15,4,0,6,3,5,0,5,3,5,0,6,3,5,0,5,3,5,0,6,3,5,1,5,2,5,0,5,3,6,1,4,0,5,0,6,3,5,0,5,2,
15,5,0,6,3,5,1,5,3,6,0,6,3,5,1,5,3,5,0,6,3,5,1,5,3,6,0,5,3,6,1,4,0,5,1,6,3,6,0,5,3,
16,4,1,6,3,5,1,5,3,6,0,6,4,5,1,5,3,5,0,7,3,5,1,6,3,6,1,6,4,6,2,4,1,5,1,6,3,6,0,5,3,
33,5,1,6,3,5,1,5,24,6,0,6,3,5,1,5,3,5,0,6,3,5,1,5,3,6,1,6,3,6,2,5,0,5,1,6,3,6,0,5,24,
15,4,1,6,3,5,1,5,4,6,0,6,4,5,1,5,3,5,0,7,3,5,1,6,3,6,1,6,3,6,2,5,1,5,1,6,3,6,0,5,4,
16,5,1,6,3,5,1,5,3,6,0,6,3,5,1,5,3,5,1,7,3,5,1,5,3,6,1,6,3,6,2,4,1,5,1,6,3,6,0,5,3,
18,5,1,6,3,5,1,6,3,6,0,6,3,5,1,5,3,5,1,7,3,6,1,6,3,6,1,6,3,7,2,6,1,5,1,6,3,6,0,6,3,
16,5,1,6,3,5,1,6,3,6,0,6,3,5,1,5,3,5,1,7,3,6,1,6,3,6,1,6,3,7,2,6,1,5,1,6,3,6,0,6,3,
15,5,1,6,3,5,1,6,3,6,0,6,4,5,1,5,3,6,1,7,3,6,1,6,3,6,1,6,3,7,2,6,1,5,1,6,3,6,0,6,3,
15,5,1,7,4,6,1,6,4,6,0,6,4,5,1,5,3,6,1,7,3,6,1,6,3,6,1,6,4,7,2,5,1,6,1,7,4,6,0,6,3,
17,6,0,8,6,7,0,7,5,7,0,8,6,7,0,7,5,7,0,8,5,7,0,7,5,7,0,7,6,8,1,6,0,7,0,8,6,7,0,7,5,
15,4,0,6,3,5,0,5,3,5,0,5,3,4,0,4,3,5,0,6,3,5,0,5,3,5,0,5,3,6,1,4,0,5,0,6,3,5,0,5,3,
18,4,0,6,3,5,1,5,3,5,0,6,3,5,1,5,3,5,0,6,3,5,1,5,3,5,0,5,3,6,2,4,0,5,1,6,3,5,0,5,3,
15,4,0,6,3,5,1,5,3,5,0,6,3,5,0,5,3,5,0,6,3,5,1,5,3,5,0,5,3,6,1,4,0,5,1,6,3,5,0,5,3,
15,4,0,6,3,5,1,5,3,5,0,6,3,5,1,5,3,5,0,6,3,5,1,5,3,5,0,5,3,6,1,4,0,5,1,6,3,5,0,5,3,
15,4,0,6,3,5,1,5,3,5,0,6,3,5,1,5,3,5,0,6,3,5,1,5,3,5,1,6,3,6,2,4,0,5,1,6,3,5,0,5,3,
15,4,1,6,3,5,1,5,3,5,0,6,3,5,1,5,3,5,0,6,3,5,1,5,3,5,1,6,3,6,2,4,1,5,1,6,3,6,0,5,3,
18,5,1,9,3,5,1,8,3,5,0,9,3,5,1,8,3,5,1,9,3,5,1,8,3,6,1,8,3,9,2,4,1,5,1,9,3,6,0,8,3,
