12,0,2,1,0,1,1,1,0,0,1,1,1,0,2,2,0,0,1,2,0,
5,0,1,1,1,1,1,1,0,0,2,1,1,1,1,1,0,1,1,2,1,
5,0,1,1,0,0,1,1,0,0,1,1,0,0,1,1,0,0,1,1,0,
8,0,2,1,0,0,2,2,0,0,2,1,0,0,2,4,0,0,2,2,0,
7,0,2,1,1,0,1,1,0,0,2,1,1,0,1,1,0,0,2,2,1,
5,0,2,1,1,1,1,1,1,0,2,1,1,0,1,1,1,0,1,2,1,
5,0,1,0,0,1,1,1,0,0,1,1,0,1,1,1,0,1,1,1,0,
5,0,1,1,0,0,1,1,0,0,1,1,0,0,1,1,0,0,1,1,0,
5,0,1,1,0,0,1,1,0,0,1,1,0,0,1,1,0,0,1,1,0,
5,0,1,1,0,0,1,1,0,0,1,1,0,0,1,1,0,1,1,1,0,
5,0,1,1,1,1,1,1,0,0,1,1,1,0,1,1,0,0,1,1,1,
5,0,1,1,1,0,1,1,0,0,1,1,1,0,1,1,0,0,1,1,1,
4,0,1,1,1,1,1,1,0,0,1,1,1,0,1,1,0,1,1,1,1,
4,1,1,1,1,1,1,1,0,0,1,1,1,1,1,1,0,1,1,1,1,
6,0,1,1,1,1,1,1,0,0,1,1,1,0,1,1,0,0,1,2,1,
4,0,1,0,0,0,0,1,0,0,1,0,0,0,0,1,0,0,1,1,0,
4,0,1,0,0,0,1,0,0,0,1,0,0,0,0,0,0,0,0,1,0,
5,0,1,1,0,0,1,1,0,0,1,1,0,0,1,1,0,0,1,1,0,
5,1,1,0,0,1,1,1,0,0,1,1,0,1,1,1,0,1,1,1,0,
5,0,1,1,1,0,1,1,0,0,1,1,0,0,1,1,0,0,1,1,0,
4,0,1,1,0,0,1,1,0,0,1,1,0,0,1,1,0,0,1,1,0,
5,0,1,1,0,0,1,1,0,0,1,1,1,0,1,1,0,0,1,1,0,
5,0,1,1,1,0,1,1,0,0,1,1,1,0,1,1,0,0,1,1,1,
5,0,1,1,1,0,1,1,0,0,1,1,1,0,1,1,0,1,1,1,1,
6,0,1,1,1,1,1,1,0,0,1,1,1,1,1,1,0,1,1,1,1,
4,0,1,1,1,1,1,1,0,0,1,1,2,1,1,2,0,1,1,1,1,
4,0,2,2,1,1,1,1,1,0,2,1,1,1,1,1,1,1,1,2,1,
4,0,2,1,1,1,1,1,1,0,1,1,1,1,1,1,1,1,1,2,1,
4,0,1,1,1,1,1,1,0,0,1,1,1,0,1,1,0,0,1,1,1,
4,0,1,0,0,0,0,0,0,0,1,0,0,0,0,0,0,0,0,1,0,
4,0,1,0,0,0,0,0,0,0,1,0,0,0,0,0,0,0,0,1,0,
4,0,1,0,0,0,1,0,0,0,1,0,0,0,0,0,0,0,0,1,0,
4,0,1,0,0,0,1,1,0,0,1,0,0,0,1,0,0,0,1,1,0,
5,0,1,1,0,0,1,1,0,0,1,1,0,0,1,1,0,0,1,1,0,
5,0,1,1,1,0,1,1,0,0,1,1,1,0,1,1,0,0,1,1,1,
7,0,3,1,1,0,3,1,0,0,3,1,1,0,3,1,0,0,1,3,1,
5,0,1,1,1,0,1,1,0,0,1,1,1,0,1,1,0,0,1,1,1,
5,0,1,1,1,0,1,1,0,0,1,1,1,0,1,1,0,0,1,1,1,
4,0,1,1,1,1,1,1,0,0,1,1,1,1,1,1,1,1,1,2,1,
4,0,1,1,1,1,1,1,0,0,1,1,1,1,1,1,0,1,1,1,1,
4,0,1,1,1,0,1,1,0,0,1,1,1,0,1,1,0,0,1,1,1,
5,0,2,1,1,1,1,2,1,0,2,1,1,1,1,1,1,1,2,2,1,
5,0,1,0,1,0,1,1,0,0,1,1,1,0,1,1,0,0,1,1,1,
4,0,1,0,0,0,1,0,0,0,1,0,0,0,1,1,0,0,1,1,0,
5,0,1,1,0,0,1,1,0,0,1,1,0,0,1,1,0,0,1,1,0,
5,0,2,1,1,0,2,1,0,0,2,1,1,0,1,2,0,0,1,2,1,
5,0,1,1,0,0,1,1,0,0,1,1,1,0,1,1,0,0,1,1,0,
4,0,1,1,0,0,1,1,0,0,1,1,0,0,1,1,0,0,1,1,0,
9,0,3,0,0,0,3,0,0,0,3,0,0,0,3,0,0,0,0,3,0,
5,0,1,1,0,0,1,1,0,0,1,1,0,0,1,1,0,0,1,1,0,
6,0,1,0,0,0,1,0,0,0,1,0,0,0,1,0,0,0,0,1,0,
4,0,1,1,1,1,1,1,0,0,2,1,1,1,1,1,1,1,1,2,1,
4,0,1,0,0,0,0,1,0,0,1,1,0,0,0,1,0,0,1,1,0,
5,1,3,1,1,1,2,1,1,0,3,1,1,1,1,2,1,1,2,3,1,
5,0,1,1,0,0,1,1,0,0,1,1,0,0,1,1,0,0,1,1,0,
4,0,1,0,0,0,0,0,0,0,1,0,0,0,0,0,0,0,0,1,0,
4,0,1,0,0,0,0,0,0,0,1,0,0,0,0,0,0,0,0,1,0,
5,0,1,1,1,0,1,1,1,0,1,1,1,0,1,1,1,1,1,1,1,
5,0,1,0,0,0,1,1,0,0,1,1,0,0,1,1,0,0,1,1,0,
4,0,1,0,0,0,1,1,0,0,1,1,0,0,1,1,0,0,1,1,0,
4,0,1,1,0,0,1,1,0,0,1,1,0,0,1,1,0,0,1,1,0,
5,0,1,1,0,0,1,1,0,0,1,1,0,0,1,1,0,0,1,1,0,
5,0,1,1,0,0,1,1,0,0,1,1,1,0,1,1,0,0,1,1,0,
5,0,1,1,1,1,1,1,0,0,1,1,1,0,1,1,0,0,1,1,1,
4,0,1,1,1,0,1,1,0,0,1,1,1,0,1,1,0,0,1,2,1,
4,0,1,1,1,1,1,1,0,0,1,1,1,0,1,1,1,1,1,2,1,
7,0,1,1,1,1,1,1,0,0,1,1,1,0,1,1,0,1,1,2,1,
4,1,2,1,1,1,1,1,1,0,2,1,1,1,1,1,1,1,1,2,1,
4,0,1,0,0,0,0,0,0,0,1,0,0,0,0,0,0,0,0,1,0,
4,0,1,0,0,0,1,0,0,0,1,0,0,0,1,1,0,0,0,1,0,
4,0,1,0,0,0,1,0,0,0,1,0,0,0,1,1,0,0,1,1,0,
4,0,1,0,0,0,1,1,0,0,1,1,0,0,1,1,0,0,1,1,0,
5,0,1,1,0,0,1,1,0,0,1,1,0,0,1,1,0,0,1,1,0,
5,0,1,1,1,0,1,1,0,0,1,1,1,0,1,1,0,0,1,1,1,
5,0,1,1,1,0,1,1,0,0,1,1,1,0,1,1,0,0,1,1,1,
5,0,1,1,1,0,1,1,0,0,1,1,1,0,1,1,0,0,1,1,1,
4,0,1,1,1,0,1,1,0,0,1,1,1,0,1,1,0,0,1,1,1,
6,0,4,1,1,0,3,1,1,0,4,1,1,0,3,1,1,1,1,4,1,
4,0,1,1,1,1,1,1,1,0,1,1,1,1,1,1,1,1,1,2,1,
4,1,1,1,1,1,1,1,1,0,1,1,1,1,1,1,1,1,1,2,1,
4,0,1,0,0,0,0,0,0,0,1,0,0,0,0,0,0,0,0,1,0,
7,0,1,0,0,0,0,0,0,0,1,0,0,0,0,0,0,0,0,1,0,
4,0,1,0,0,0,1,1,0,0,1,1,0,0,1,1,0,0,1,1,0,
5,0,1,1,0,0,1,1,0,0,1,1,1,0,1,1,0,0,1,1,0,
4,0,1,0,0,0,1,1,0,0,1,1,0,0,1,1,0,0,1,1,0,
5,0,1,1,0,1,1,1,0,0,1,1,0,0,1,1,0,0,1,1,0,
4,0,1,1,0,0,1,1,0,0,1,1,0,0,1,1,0,0,1,1,0,
5,0,1,1,0,0,1,1,0,0,1,1,0,0,1,1,0,0,1,1,0,
4,0,1,1,1,0,1,1,0,0,1,1,1,0,1,1,0,0,1,1,1,
4,0,1,1,1,0,1,1,0,0,1,1,1,0,1,1,0,1,1,1,1,
4,0,1,1,0,0,1,1,0,0,1,1,0,0,1,1,0,0,1,1,0,
5,0,2,1,1,0,1,1,1,0,1,1,1,0,1,2,0,0,1,2,1,
4,0,1,0,0,0,1,1,0,0,1,0,0,0,1,1,0,0,1,1,0,
4,0,1,1,1,0,1,1,0,0,1,1,1,0,1,1,0,0,1,1,1,
4,0,1,0,0,0,1,1,0,0,1,0,0,0,1,1,0,0,1,1,0,
4,0,1,1,0,0,1,1,0,0,1,1,0,0,1,1,0,0,1,1,0,
4,0,1,1,0,0,1,1,0,0,1,1,0,0,1,1,0,0,1,1,0,
4,0,1,1,0,0,1,1,0,0,1,1,0,0,1,1,0,0,1,1,0,
10,0,4,1,0,0,3,1,0,0,3,1,1,0,3,1,0,0,1,4,0,
4,0,1,1,0,0,1,1,0,0,1,1,0,0,1,1,0,0,1,1,0,
4,0,1,1,1,0,1,1,1,0,1,1,1,0,1,1,0,0,1,1,1,
4,0,1,1,1,1,1,1,0,0,1,1,1,1,1,1,1,1,1,1,1,
7,0,0,0,0,0,0,0,0,0,0,0,0,0,0,0,0,0,0,1,0,
4,1,2,1,1,1,1,1,1,0,1,1,1,1,1,1,1,1,1,2,1,
4,0,1,0,0,0,0,0,0,0,1,0,0,0,0,0,0,0,1,1,0,
4,0,1,0,0,0,1,0,0,0,1,0,0,0,1,1,0,0,0,1,0,
4,0,1,0,0,0,1,1,0,0,1,0,0,0,1,1,0,0,1,1,0,
5,0,1,0,0,0,0,0,0,0,0,0,0,0,0,0,0,0,1,1,0,
4,0,1,1,0,0,1,1,0,0,1,1,0,0,1,1,0,0,1,1,0,
4,0,1,1,0,0,1,1,0,0,1,1,0,0,1,1,0,0,1,1,0,
4,0,1,1,0,0,1,1,0,0,1,1,0,0,1,1,0,0,1,1,0,
5,0,1,1,1,0,1,1,1,0,1,1,1,0,1,1,0,0,1,1,1,
5,0,2,1,1,0,2,1,1,0,2,1,1,0,1,1,1,1,1,2,1,
4,1,2,1,1,1,1,1,1,0,2,1,1,1,1,1,1,1,1,2,1,
5,0,3,1,1,1,3,1,1,0,3,1,1,1,3,1,1,1,1,3,1,
4,0,1,0,0,0,0,0,0,0,1,0,0,0,0,0,0,0,0,1,0,
4,0,1,0,0,0,1,1,0,0,1,0,0,0,1,1,0,0,1,1,0,
4,0,1,1,0,0,1,1,0,0,1,1,0,0,1,1,0,0,1,1,0,
4,0,1,0,0,0,1,1,0,0,1,0,0,0,1,1,0,0,1,1,0,
7,0,4,0,0,0,1,1,0,0,1,0,0,0,1,1,0,0,1,4,0,
4,0,1,0,0,0,1,1,0,0,1,1,0,0,1,1,0,0,1,1,0,
4,0,1,1,0,0,1,1,0,0,1,1,0,0,1,1,0,0,1,1,0,
5,0,1,1,0,0,1,1,0,0,1,1,0,0,1,1,0,0,1,1,0,
4,0,1,1,0,0,1,1,0,0,1,1,0,0,1,1,0,0,1,1,0,
5,0,1,1,1,0,1,1,0,0,1,1,1,0,1,1,0,0,1,1,1,
4,0,1,1,1,0,1,1,0,0,1,1,1,0,1,1,0,0,1,1,1,
4,0,1,1,1,0,1,1,1,0,1,1,1,0,1,1,1,1,1,1,1,
5,0,1,0,0,0,1,1,0,0,1,0,0,0,1,1,0,0,1,1,0,
4,0,1,1,1,1,1,1,1,0,1,1,1,1,1,1,1,1,1,2,1,
4,0,0,0,0,0,0,0,0,0,0,0,0,0,0,0,0,0,0,1,0,
4,0,1,0,0,0,0,1,0,0,1,0,0,0,0,1,0,0,1,1,0,
5,0,1,0,0,0,1,1,0,0,1,0,0,0,1,1,0,0,1,1,0,
4,0,1,1,0,0,1,1,0,0,1,1,0,0,1,1,0,0,1,1,0,
4,0,1,0,0,0,1,1,0,0,1,0,0,0,1,1,0,0,1,1,0,
4,0,1,0,0,0,1,1,0,0,1,1,0,0,1,1,0,0,1,1,0,
4,0,1,1,0,0,1,1,0,0,1,1,0,0,1,1,0,0,1,1,0,
5,0,1,1,0,0,1,1,0,0,1,1,1,0,1,1,0,1,1,1,1,
4,0,1,1,1,0,1,1,0,0,1,1,1,0,1,1,0,0,1,1,1,
4,0,1,1,1,0,1,1,0,0,1,1,1,1,1,1,0,1,1,1,1,
4,0,1,1,1,1,1,1,1,0,1,1,1,1,1,1,1,1,1,1,1,
4,0,0,0,0,0,0,0,0,0,0,0,0,0,0,0,0,0,0,1,0,
5,0,0,0,0,0,0,0,0,0,0,0,0,0,0,0,0,0,0,1,0,
4,0,1,0,0,0,0,0,0,0,1,0,0,0,0,0,0,0,0,1,0,
4,0,1,0,0,0,0,0,0,0,1,0,0,0,0,0,0,0,0,1,0,
6,0,1,1,1,1,1,1,1,0,1,1,1,1,1,1,1,1,1,2,1,
4,0,1,0,0,0,1,1,0,0,1,1,0,0,1,1,0,0,1,1,0,
5,0,1,1,1,0,1,1,0,0,1,1,1,0,1,1,0,0,1,1,1,
4,0,1,1,0,0,1,1,0,0,1,1,1,0,1,1,0,0,1,1,0,
6,0,2,1,1,0,1,1,1,0,1,1,1,0,1,1,1,1,2,2,1,
6,0,1,1,1,0,1,1,0,0,1,1,1,0,1,1,0,0,1,2,1,
4,0,1,0,0,0,1,1,0,0,1,1,0,0,1,1,0,0,1,1,0,
4,0,2,1,1,1,2,1,1,0,2,2,1,1,1,2,1,1,2,2,1,
4,0,1,1,1,1,1,1,1,0,1,1,1,1,1,1,1,1,1,2,1,
4,0,1,0,0,0,0,0,0,0,1,0,0,0,0,0,0,0,0,1,0,
4,0,0,0,0,0,0,0,0,0,0,0,0,0,0,0,0,0,0,1,0,
4,0,1,0,0,0,0,0,0,0,1,0,0,0,0,0,0,0,0,1,0,
4,0,1,0,0,0,1,0,0,0,1,1,0,0,1,1,0,0,0,1,0,
4,0,1,0,0,0,1,0,0,0,1,1,0,0,1,1,0,0,1,1,0,
4,0,1,1,0,0,1,1,0,0,1,1,0,0,1,1,0,0,1,1,0,
4,0,1,1,1,0,1,1,0,0,1,1,0,0,1,1,0,0,1,1,0,
6,0,1,1,1,0,1,1,0,0,1,1,1,0,1,1,0,1,1,1,1,
8,0,3,0,0,0,3,1,0,0,3,1,0,0,3,1,0,0,1,3,0,
4,0,1,1,1,0,1,1,1,0,1,1,1,0,1,1,0,1,1,1,1,
4,0,1,1,1,0,1,1,1,0,1,1,1,0,1,1,1,1,1,1,1,
4,0,2,1,1,1,1,1,1,0,1,1,1,1,1,1,1,1,1,2,1,
6,0,1,0,0,0,0,0,0,0,1,0,0,0,0,0,0,0,0,1,0,
4,0,1,0,0,0,1,0,0,0,1,1,0,0,1,1,0,0,1,1,0,
4,0,1,0,0,0,1,0,0,0,1,1,0,0,1,1,0,0,1,1,0,
4,0,1,0,0,0,1,1,0,1,1,1,0,0,1,1,0,0,1,1,0,
5,0,1,1,0,0,1,1,0,0,1,1,0,0,1,1,0,0,1,1,0,
6,0,1,0,0,0,0,0,0,0,1,0,0,0,0,0,0,0,0,1,0,
4,0,0,0,0,0,0,0,0,0,0,0,0,0,0,0,0,0,0,1,0,
4,0,1,1,1,1,1,1,0,0,1,1,1,0,1,1,0,1,1,1,1,
4,1,1,1,1,1,1,1,1,0,1,1,1,0,1,1,1,1,1,1,1,
4,0,1,1,1,1,1,1,1,0,1,1,1,0,1,1,1,1,1,1,1,
4,0,0,0,0,0,0,0,0,0,0,0,0,0,0,0,0,0,0,1,0,
4,0,0,0,0,0,0,0,0,0,0,0,0,0,0,0,0,0,0,1,0,
4,0,1,0,0,0,0,0,0,0,1,0,0,0,0,0,0,0,0,1,0,
4,0,1,0,0,0,1,0,0,0,1,1,0,0,1,1,0,0,1,1,0,
4,0,1,1,0,0,1,1,0,0,1,1,0,0,1,1,0,0,1,1,0,
4,0,1,1,0,0,1,1,0,0,1,1,0,0,1,1,0,0,1,1,0,
5,0,1,1,0,0,1,1,0,0,1,1,0,0,1,1,0,0,1,1,0,
9,0,3,0,0,0,2,0,0,0,3,1,0,0,2,1,0,0,1,3,0,
4,0,1,1,1,0,1,1,0,0,1,1,1,0,1,1,0,0,1,1,1,
4,1,1,1,1,1,1,1,0,0,1,1,1,0,1,1,0,1,1,1,1,
4,0,1,1,1,0,1,1,1,0,1,1,1,0,1,1,1,1,1,1,1,
6,1,1,1,1,1,1,1,1,0,1,1,1,1,1,1,1,1,1,2,1,
5,0,1,1,0,0,1,1,0,0,1,2,0,0,1,1,0,0,1,1,0,
6,0,1,1,1,0,1,1,0,0,1,1,1,0,1,1,0,0,1,3,1,
5,0,1,1,0,0,1,1,0,0,1,1,0,0,1,1,0,0,1,1,0,
5,0,1,1,0,0,1,1,0,0,1,1,0,0,1,1,0,0,1,1,0,
6,0,1,1,0,0,1,1,0,0,1,1,1,0,1,1,0,0,1,1,0,
5,0,1,1,1,0,1,1,0,0,1,1,1,0,1,1,0,0,1,1,1,
5,0,1,1,0,0,1,1,0,0,1,1,1,0,1,1,0,0,1,1,0,
4,0,1,1,1,0,1,1,0,0,1,1,1,0,1,1,0,0,1,1,1,
4,0,1,1,1,0,1,1,0,0,1,1,1,0,1,1,0,0,1,1,1,
4,0,1,1,1,0,1,1,1,0,1,1,1,0,1,1,1,1,1,1,1,
6,1,2,1,1,1,1,2,1,0,1,3,1,1,1,1,1,1,1,2,1,
5,0,1,1,0,0,1,1,0,0,1,1,0,0,1,2,0,0,1,1,0,
4,0,1,0,0,0,1,1,0,0,1,1,0,0,1,1,0,0,1,1,0,
4,0,1,0,0,0,1,1,0,0,1,1,0,0,1,1,0,0,1,1,0,
4,0,1,1,0,0,1,1,0,0,1,1,0,0,1,1,0,0,1,1,0,
4,0,1,1,0,0,1,1,0,0,1,1,0,0,1,1,0,0,1,1,0,
8,0,4,1,1,0,3,1,1,0,3,1,1,0,3,1,1,0,1,4,1,
4,0,1,1,1,0,1,1,0,0,1,1,1,0,1,1,0,0,1,1,1,
4,0,1,1,1,0,1,2,0,0,1,1,1,0,1,1,0,1,1,1,1,
4,1,1,1,1,1,1,1,1,0,1,1,1,1,1,1,1,1,1,2,1,
7,0,1,0,0,0,0,0,0,0,0,0,0,0,0,0,0,0,0,1,0,
4,0,1,1,0,0,1,1,0,0,1,1,0,0,0,1,0,0,1,1,0,
6,0,3,3,1,0,3,3,0,0,3,3,0,0,3,3,0,0,3,3,3,
5,0,1,1,0,0,1,1,0,0,1,1,0,0,1,1,0,0,1,1,0,
5,0,1,1,1,0,1,1,0,0,1,1,0,0,1,1,0,0,1,1,0,
5,0,1,1,1,0,1,1,0,0,1,1,1,0,1,1,0,0,1,1,0,
5,0,1,1,1,0,1,1,0,0,1,1,1,0,1,1,0,0,1,1,0,
4,0,1,1,1,0,1,1,0,0,1,1,1,0,1,1,0,0,1,1,1,
4,0,1,1,1,0,1,1,0,0,1,1,1,0,1,1,0,1,1,1,1,
4,0,1,1,1,1,1,1,1,0,1,1,1,1,1,1,1,1,1,1,1,
4,0,1,1,1,1,1,1,1,0,1,1,1,1,1,1,1,1,1,2,1,
4,0,1,0,0,0,0,0,0,0,0,1,0,0,0,0,0,0,0,1,0,
4,0,1,0,0,0,0,1,0,0,1,1,0,0,0,0,0,0,0,1,0,
4,0,1,0,0,0,1,1,0,0,1,1,0,0,1,1,0,0,1,1,0,
4,0,1,1,0,0,1,1,1,0,1,1,1,0,1,1,0,0,1,1,0,
4,0,1,0,0,0,1,1,0,0,1,1,0,0,1,1,0,0,1,1,0,
4,0,1,1,0,0,1,1,0,0,1,1,0,0,1,1,0,0,1,1,0,
7,0,3,3,3,3,3,3,3,0,3,3,4,3,3,3,3,3,3,3,3,
3,0,1,1,0,0,1,1,0,0,1,1,1,0,1,1,0,0,1,1,0,
4,0,1,1,1,0,1,1,0,0,1,1,1,0,1,1,0,0,1,1,1,
4,0,1,1,1,0,1,1,0,0,1,1,1,0,1,2,0,1,1,1,1,
4,0,1,0,0,0,0,0,0,0,0,0,0,0,0,0,0,0,0,1,0,
4,0,1,0,0,0,0,0,0,0,1,0,0,0,0,0,0,0,0,1,0,
4,0,1,0,0,0,1,1,0,0,1,1,0,0,1,1,0,0,1,1,0,
4,0,1,0,0,0,1,1,0,0,1,1,0,0,1,1,0,0,1,1,0,
4,0,1,0,0,0,1,1,0,0,1,1,0,0,1,1,0,0,1,1,0,
7,0,1,0,0,0,0,0,0,0,1,1,0,0,0,0,0,0,0,1,0,
4,0,1,1,0,0,1,1,0,0,1,1,0,0,1,1,0,0,1,1,0,
5,0,1,1,0,0,1,1,0,0,1,1,0,0,1,1,0,0,1,1,0,
4,0,1,1,0,0,1,1,0,0,1,1,0,0,1,1,0,0,1,1,0,
4,0,1,1,1,0,1,1,0,0,1,1,1,0,1,1,0,1,1,1,1,
4,0,1,1,1,0,1,1,0,0,1,1,1,0,1,1,0,0,1,1,1,
4,0,0,0,0,0,0,0,0,0,0,0,0,0,0,0,0,0,0,0,0,
4,0,1,1,1,1,1,1,1,0,1,1,1,1,1,1,1,1,1,2,1,
4,0,0,0,0,0,0,0,0,0,0,0,0,0,0,0,0,0,0,1,0,
6,0,1,0,0,0,0,0,0,0,1,0,0,0,0,0,0,0,0,1,0,
4,0,1,0,0,0,1,1,0,0,1,1,0,0,1,1,0,0,1,1,0,
4,0,1,0,0,1,1,1,0,0,1,1,0,0,1,1,0,0,1,1,0,
5,0,1,1,0,0,1,1,0,0,1,1,0,0,1,1,0,0,1,1,0,
4,0,1,1,0,0,1,1,0,0,1,1,0,0,1,1,0,0,1,1,0,
5,0,1,1,0,1,1,1,0,0,1,1,1,1,1,1,0,1,1,1,0,
5,0,1,1,1,0,1,1,0,0,1,1,1,0,1,1,0,0,1,1,1,
4,0,1,1,1,0,1,1,0,0,1,1,1,0,1,1,0,0,1,1,1,
4,0,1,1,1,0,1,1,0,0,1,1,1,0,1,1,0,0,1,1,1,
4,0,1,1,1,0,1,1,0,0,1,1,1,0,1,1,0,1,1,1,1,
4,0,1,1,1,1,1,1,1,0,1,1,1,1,1,1,1,1,1,1,1,
6,0,3,1,1,0,3,1,0,0,3,1,1,0,3,1,0,0,1,3,1,
4,0,1,0,0,0,0,0,0,0,1,0,0,0,0,0,0,0,0,1,0,
4,0,1,0,0,0,1,0,0,0,1,1,0,0,1,1,0,0,1,1,0,
4,0,1,0,0,0,1,1,0,0,1,1,0,0,1,1,0,0,1,1,0,
7,0,1,3,0,0,1,3,0,0,1,4,0,0,1,4,0,0,3,1,0,
4,0,1,0,0,0,1,1,0,0,1,1,0,0,1,1,0,0,1,1,0,
4,0,1,1,0,0,1,1,0,0,1,1,1,0,1,1,0,0,1,1,1,
4,0,1,1,0,0,1,1,0,0,1,1,1,0,1,1,0,0,1,1,0,
3,0,1,1,0,0,1,1,0,0,1,1,1,0,1,1,0,0,1,1,0,
4,0,1,0,0,0,0,0,0,0,1,0,0,0,0,0,0,0,0,1,0,
4,0,1,1,1,0,1,1,0,0,1,1,1,0,1,1,0,1,1,1,1,
4,0,1,1,1,1,1,1,1,0,1,1,1,0,1,1,1,1,1,1,1,
4,0,0,0,0,0,0,0,0,0,0,0,0,0,0,0,0,0,0,0,0,
4,0,1,0,0,0,0,0,0,0,0,0,0,0,0,0,0,0,0,1,0,
4,0,1,1,0,0,1,1,0,0,1,1,0,0,1,1,0,0,1,1,0,
4,0,1,0,0,0,1,1,0,0,1,1,0,0,1,1,0,0,1,1,0,
4,0,1,1,0,0,1,1,0,0,1,1,0,0,1,1,0,0,1,1,0,
4,0,1,1,1,0,1,1,0,0,1,1,1,0,1,1,0,0,1,1,0,
4,0,1,1,0,0,1,1,0,0,1,1,0,0,1,1,0,0,1,1,0,
4,0,1,1,0,0,1,1,0,0,1,1,0,0,1,1,0,0,1,1,0,
5,0,1,1,0,0,1,1,0,0,1,1,1,0,1,1,0,0,1,1,1,
3,0,1,1,0,0,1,1,0,0,1,1,1,0,1,1,0,0,1,1,1,
4,1,1,1,1,1,1,1,0,1,1,1,1,1,1,1,0,1,1,1,1,
4,0,1,0,0,0,0,0,0,0,0,0,0,1,0,0,0,1,0,0,0,
4,0,1,0,0,0,0,0,0,0,0,0,0,0,0,0,0,0,0,0,0,
4,0,0,0,0,0,0,0,0,0,0,0,0,0,0,0,0,0,0,0,0,
4,0,1,0,0,0,0,0,0,0,0,0,0,0,0,0,0,0,0,1,0,
4,0,1,0,0,0,0,0,0,0,1,1,0,0,0,0,0,0,0,1,0,
4,0,1,0,0,0,1,0,0,0,1,1,0,0,1,1,0,0,0,1,0,
4,0,1,0,0,0,1,1,0,0,1,1,0,0,1,1,0,0,1,1,0,
6,0,1,0,0,0,0,0,0,0,1,0,0,0,0,0,0,0,0,1,0,
4,0,1,1,0,0,1,1,0,0,1,1,0,0,1,1,0,0,1,1,0,
7,0,2,2,1,0,1,2,1,0,2,2,1,0,2,2,1,0,2,2,1,
7,0,2,2,1,0,2,2,1,0,2,2,2,0,2,2,1,1,2,3,1,
5,0,1,1,1,0,1,1,0,0,1,1,1,0,1,1,0,0,1,1,1,
4,0,2,1,1,1,1,1,1,0,2,1,1,1,1,1,1,1,1,2,1,
4,1,2,1,1,1,1,1,1,0,1,1,1,1,1,1,1,1,1,2,1,
4,0,1,0,0,0,0,0,0,0,1,0,0,0,0,0,0,0,0,1,0,
4,0,1,0,0,0,0,0,0,0,1,0,0,0,0,0,0,0,0,1,0,
4,0,1,0,0,0,1,0,0,0,1,0,0,0,1,1,0,0,1,1,0,
4,0,1,0,0,0,1,0,0,0,1,0,0,0,1,1,0,0,1,1,0,
4,0,1,0,0,0,1,1,0,0,1,0,0,0,1,1,0,0,1,1,0,
4,0,1,1,0,0,1,1,0,0,1,1,0,0,1,1,0,0,1,1,0,
6,0,1,1,0,0,1,1,0,0,1,1,0,0,1,1,0,0,1,1,0,
5,0,1,1,0,0,1,1,0,0,1,1,1,0,1,1,0,0,1,1,0,
4,0,1,1,1,1,1,1,1,0,1,1,1,1,1,1,0,1,1,1,1,
4,0,1,1,1,1,1,1,0,0,1,1,1,1,1,1,0,1,1,1,1,
4,0,1,1,1,1,1,1,1,0,1,1,1,1,1,1,1,1,1,1,1,
4,0,1,1,1,1,1,1,1,0,1,1,1,1,1,1,1,1,1,1,1,
4,1,1,1,1,1,1,1,1,0,1,1,1,1,1,1,1,1,1,2,1,
4,0,1,0,0,0,0,0,0,0,1,0,0,0,0,0,0,0,0,1,0,
7,0,1,1,1,1,1,1,1,0,1,1,1,1,1,1,1,1,1,1,1,
4,0,1,1,0,0,1,1,0,0,1,0,0,0,1,1,0,0,1,1,0,
5,0,1,1,1,0,1,1,0,0,1,1,1,0,1,1,0,0,1,1,0,
4,0,1,1,1,0,1,1,0,0,1,1,1,0,1,1,0,0,1,1,1,
4,0,1,1,0,0,1,1,0,0,1,1,1,0,1,1,0,0,1,1,0,
5,0,1,1,1,0,1,1,0,0,1,1,1,0,1,1,0,1,1,1,1,
4,0,1,1,1,1,1,1,1,0,1,1,1,1,1,1,1,1,1,2,1,
4,0,1,1,1,1,1,1,1,0,1,1,1,1,1,1,1,1,1,1,1,
4,0,1,1,1,1,1,1,1,0,1,1,1,1,1,1,1,1,1,1,1,
4,0,1,0,0,0,0,0,0,0,0,0,0,0,0,0,0,0,0,1,0,
4,1,1,1,1,1,1,1,1,0,1,1,1,1,1,1,1,1,1,2,1,
4,0,1,0,0,0,0,0,0,0,1,0,0,0,0,0,0,0,0,1,0,
4,0,1,0,0,0,1,0,0,0,1,0,0,0,1,1,0,0,1,1,0,
4,0,1,0,0,0,1,0,0,0,1,0,0,0,1,1,0,0,1,1,0,
4,0,1,0,0,0,1,1,0,0,1,1,0,0,1,1,0,0,1,1,0,
4,0,1,0,0,0,1,1,0,0,1,1,0,0,1,1,0,0,1,1,0,
4,0,1,1,0,0,1,1,0,0,1,1,0,0,1,1,0,0,1,1,0,
4,0,1,1,0,0,1,1,0,0,1,1,1,0,1,1,0,0,1,1,0,
5,0,1,1,1,0,1,1,0,0,1,1,1,0,1,1,0,0,1,1,1,
4,0,1,1,1,0,1,1,0,0,1,1,1,0,1,1,0,1,1,1,1,
6,0,1,1,1,1,1,1,1,0,1,1,1,1,1,1,1,1,1,1,1,
4,0,1,0,0,0,1,0,0,0,1,0,0,0,0,0,0,0,0,1,0,
5,0,1,0,0,0,1,0,0,0,1,0,0,0,1,0,0,0,0,1,0,
6,0,2,2,0,0,2,3,0,0,2,2,0,0,2,2,0,0,2,2,0,
7,0,2,1,1,1,1,1,1,0,1,1,1,1,1,1,1,1,1,2,1,
4,0,1,0,0,0,1,0,0,0,1,0,0,0,0,0,0,0,0,1,0,
4,0,1,0,0,0,1,1,0,0,1,1,0,0,1,1,0,0,1,1,0,
4,0,1,0,0,0,1,1,0,0,1,0,0,0,1,1,0,0,1,1,0,
4,0,1,1,0,0,1,1,0,0,1,1,0,0,1,1,0,0,1,1,0,
5,0,1,1,0,0,1,1,0,0,1,1,1,0,1,1,0,0,1,1,0,
5,0,1,1,1,0,1,1,0,0,1,1,1,0,1,1,0,0,1,1,1,
4,0,1,1,1,0,1,1,0,0,1,1,1,0,1,1,0,1,1,1,1,
4,0,1,1,1,1,1,1,0,0,1,1,1,1,1,1,0,1,1,1,1,
4,0,1,0,0,0,1,1,0,0,1,1,0,0,1,1,0,0,1,1,0,
4,0,1,0,0,0,1,0,0,0,1,0,1,0,1,1,1,0,0,1,0,
4,0,0,0,0,0,0,0,0,0,0,0,0,0,0,0,0,0,0,1,0,
5,0,1,0,0,0,1,0,0,0,1,0,0,2,1,1,0,1,1,1,0,
5,1,1,1,1,1,1,1,1,1,1,1,1,1,1,1,0,1,1,1,1,
4,0,1,0,0,0,1,0,0,0,1,0,0,0,1,1,0,0,1,1,0,
5,0,1,1,0,0,1,1,0,0,1,1,1,0,1,1,0,0,1,1,0,
4,0,1,1,0,0,1,1,0,0,1,1,1,0,1,1,0,0,1,1,0,
5,0,1,1,0,0,1,1,0,0,1,1,1,0,1,1,0,0,1,1,0,
5,0,1,1,1,0,1,1,0,0,1,1,1,0,1,1,0,0,1,1,1,
4,0,1,1,1,0,1,1,0,0,1,1,1,0,1,1,0,0,1,1,1,
4,0,1,1,1,0,1,1,1,0,1,1,1,0,1,1,1,1,1,1,1,
6,1,1,1,1,1,1,1,1,0,1,1,1,1,1,1,1,4,1,1,1,
4,0,1,1,1,1,1,1,1,0,1,1,1,1,1,1,1,1,1,1,1,
4,1,1,1,1,1,1,1,1,0,1,1,1,1,1,1,1,1,1,1,1,
4,0,1,0,0,0,0,0,0,0,0,0,0,0,0,0,0,0,0,1,0,
4,0,1,0,0,0,0,0,0,0,1,0,0,0,0,0,0,0,0,1,0,
6,0,1,0,0,0,1,1,0,0,1,0,0,0,1,1,0,0,1,1,0,
4,0,1,0,0,0,1,0,0,0,1,0,0,0,1,1,0,0,1,1,0,
4,0,1,1,0,0,1,1,0,0,1,1,0,0,1,1,0,0,1,1,0,
5,0,1,1,0,0,1,1,0,0,1,1,0,0,1,1,0,0,1,1,0,
4,0,1,1,0,0,1,1,0,0,1,1,0,0,1,1,0,0,1,1,0,
4,0,1,1,0,0,1,1,0,0,1,1,1,0,1,1,0,0,1,1,0,
4,0,1,1,1,0,1,1,0,0,1,1,1,0,1,1,0,0,1,1,1,
4,1,1,1,1,1,1,1,0,1,1,1,1,1,1,1,0,1,1,1,1,
4,1,1,1,1,1,1,1,1,0,1,1,1,1,1,1,1,1,1,1,1,
4,1,1,1,1,1,1,1,1,0,1,1,1,1,1,1,1,1,1,1,1,
4,0,1,0,0,0,0,0,0,0,1,0,0,0,0,1,0,0,0,1,0,
5,0,1,0,0,0,1,1,0,0,1,0,0,0,1,1,0,0,1,1,0,
4,0,1,1,0,0,1,1,0,0,1,1,0,0,1,1,0,0,1,1,0,
4,0,1,1,0,0,1,1,0,0,1,1,0,0,1,1,0,0,1,1,0,
4,0,1,1,0,0,1,1,0,0,1,1,0,0,1,1,0,0,1,1,0,
4,0,1,1,0,0,1,1,0,0,1,1,0,0,1,1,0,0,1,1,0,
4,0,1,1,0,0,1,1,0,0,1,1,1,0,1,1,0,0,1,1,0,
3,0,1,1,0,0,1,1,0,0,1,1,1,0,1,1,0,0,1,1,0,
4,1,1,1,1,1,1,1,0,1,1,1,1,0,1,1,0,1,1,1,0,
4,1,1,1,1,1,1,1,1,0,1,1,1,1,1,1,0,1,1,1,1,
4,1,1,1,1,1,1,1,1,0,1,1,1,1,1,1,1,1,1,2,1,
6,0,1,0,0,0,1,1,0,0,1,1,0,0,1,1,0,0,1,1,0,
4,1,2,1,1,1,1,1,1,0,2,1,1,1,1,1,1,1,1,2,1,
4,0,1,0,0,0,0,0,0,0,1,0,0,0,0,1,0,0,0,1,0,
4,0,1,0,0,0,1,0,0,0,1,0,0,0,1,1,0,0,1,1,0,
4,0,1,0,0,0,1,1,0,0,1,0,0,0,1,1,0,0,1,1,0,
4,0,1,1,0,0,1,1,0,0,1,1,0,0,1,1,0,0,1,1,0,
4,0,1,1,0,0,1,1,0,0,1,1,0,0,1,1,0,0,1,1,0,
5,0,2,1,1,1,1,1,1,0,1,1,1,1,1,1,1,1,1,2,1,
6,0,1,1,0,0,1,1,0,0,1,0,0,0,1,1,0,0,1,1,0,
4,0,1,1,1,1,1,1,1,0,1,1,1,1,1,2,1,1,2,2,1,
4,0,1,1,1,1,1,1,1,0,1,1,1,1,1,1,1,1,1,2,1,
6,0,3,1,1,1,3,3,1,0,3,1,1,1,3,3,1,1,3,3,1,
4,0,1,1,1,1,1,1,1,0,1,1,1,1,1,1,1,1,1,2,1,
4,0,1,0,0,0,0,0,0,0,1,0,0,0,0,0,0,0,0,1,0,
4,0,1,0,0,0,0,0,0,0,1,0,0,0,0,0,0,0,1,1,0,
4,0,1,0,0,0,1,0,0,0,1,0,0,0,0,0,0,0,1,1,0,
4,0,1,0,0,0,1,1,0,0,1,0,0,0,1,1,0,0,1,1,0,
4,0,1,0,0,0,1,1,0,0,1,1,0,0,1,1,0,0,1,1,0,
4,0,1,1,0,0,1,1,0,0,1,1,0,0,1,1,0,0,1,1,0,
5,0,1,1,0,0,1,1,0,0,1,1,0,0,1,1,0,0,1,1,0,
5,0,1,1,0,0,1,1,0,0,1,1,1,0,1,1,0,0,1,1,0,
5,0,1,0,0,0,0,0,0,0,1,0,0,0,0,0,0,0,0,1,0,
4,0,1,1,1,0,1,1,0,1,1,1,1,0,1,1,0,1,1,1,1,
4,0,1,1,1,1,1,1,1,0,1,1,1,1,1,1,1,1,1,1,1,
4,0,1,1,1,1,1,1,1,0,1,1,1,1,1,1,1,1,1,2,1,
4,0,1,0,0,0,0,0,0,0,0,0,0,0,0,0,0,0,0,1,0,
5,0,1,0,0,0,0,0,0,0,1,0,0,0,0,0,0,0,1,1,0,
452,0,1,1,0,0,1,1,0,0,1,1,0,0,1,1,0,0,1,1,0,
350,0,2,1,1,0,1,1,0,0,1,1,0,0,1,1,0,0,1,2,0,
248,0,2,1,1,0,2,1,1,0,3,1,1,0,2,2,1,0,2,2,1,
144,0,2,2,1,1,2,2,1,0,3,2,1,0,2,2,1,1,2,2,1,
5,1,1,0,0,1,0,0,0,1,1,0,0,1,0,0,0,1,0,1,0,
4,0,2,1,1,1,1,1,1,0,1,1,1,1,1,1,1,1,1,2,1,
4,0,1,1,1,1,1,1,1,0,1,1,1,0,1,1,1,1,1,1,1,
4,0,1,1,1,1,1,1,1,0,1,1,1,1,1,1,1,1,1,2,1,
4,0,0,0,0,0,0,0,0,0,0,0,0,0,0,0,0,0,0,1,0,
6,0,1,0,0,0,1,0,0,0,1,0,0,0,1,0,0,0,1,1,0,
4,0,1,0,0,0,1,0,0,0,1,0,0,0,1,0,0,0,0,1,0,
4,0,1,0,0,0,1,0,0,0,1,0,0,0,1,0,0,0,0,1,0,
4,0,1,0,0,0,1,1,0,0,1,1,0,0,1,1,0,0,1,1,0,
4,0,1,1,0,0,1,1,0,0,1,1,0,0,1,1,0,0,1,1,0,
4,0,1,1,0,0,1,1,0,0,1,1,0,0,1,1,0,0,1,1,0,
5,0,1,1,1,0,1,1,0,0,1,1,1,0,1,1,0,0,1,1,0,
4,0,1,1,1,0,1,1,0,0,1,1,1,0,1,1,0,1,1,1,1,
4,1,1,1,1,1,1,1,0,1,1,1,1,1,1,1,0,1,1,2,1,
4,0,1,0,0,0,1,0,0,0,1,0,0,0,1,0,0,0,0,1,0,
4,0,0,0,0,0,0,0,0,0,0,0,0,0,0,0,0,0,0,1,0,
4,0,1,0,0,0,1,0,0,0,1,0,0,0,1,1,0,0,1,1,0,
4,0,1,0,0,0,1,0,0,0,1,0,1,0,1,1,0,0,1,1,0,
6,0,1,1,1,0,1,1,0,0,1,1,1,0,1,1,0,0,3,1,0,
12,0,2,1,1,1,1,1,1,0,2,1,1,1,1,1,1,1,1,2,1,
5,0,1,1,1,0,1,1,1,0,1,1,1,0,1,1,0,1,1,1,1,
7,0,1,1,0,0,1,1,0,0,1,1,0,0,1,3,0,0,3,1,0,
4,0,1,1,1,0,1,1,1,0,1,1,1,0,1,1,0,0,1,1,0,
5,0,1,1,1,0,1,1,1,0,1,1,1,0,1,1,0,0,1,1,1,
4,0,1,1,1,0,1,1,1,0,1,1,1,0,1,1,0,0,1,1,1,
4,0,1,0,0,0,1,0,0,0,1,0,0,0,1,1,0,0,1,1,0,
6,0,0,0,0,0,0,0,0,0,0,0,0,0,0,0,0,0,0,1,0,
4,0,1,0,0,0,0,0,0,0,1,0,0,0,0,0,0,0,0,1,0,
4,0,1,0,0,0,0,0,0,0,1,0,0,0,0,0,0,0,0,1,0,
7,0,1,0,0,0,0,0,0,0,1,0,0,0,0,0,0,0,0,1,0,
4,0,1,1,0,1,1,1,0,0,1,1,0,0,1,1,0,0,1,1,0,
4,0,1,1,0,0,1,1,0,0,1,1,0,1,1,1,0,0,1,1,0,
4,0,1,1,1,0,1,1,0,0,1,1,1,0,1,1,0,1,1,1,0,
5,0,1,1,1,0,1,1,1,0,1,1,1,0,1,1,1,1,1,1,1,
4,0,1,1,1,0,1,1,1,0,1,1,1,0,1,1,1,1,1,1,1,
4,1,1,1,1,1,1,1,1,0,1,1,1,1,1,1,1,1,2,1,1,
4,0,2,1,1,1,1,1,1,0,2,1,1,1,1,1,1,1,1,2,1,
4,0,2,1,1,1,1,1,1,0,1,1,1,1,1,1,1,1,1,2,1,
4,0,1,0,0,0,0,0,0,0,1,0,0,0,0,0,0,0,0,1,0,
4,0,1,0,0,0,0,0,0,0,1,0,0,0,0,0,0,0,0,1,0,
4,0,1,0,0,0,1,0,0,0,1,0,0,0,1,1,0,0,1,1,0,
4,0,1,0,0,0,1,1,0,0,1,1,0,0,1,1,0,0,1,1,0,
4,0,1,0,0,0,1,1,0,0,1,1,0,0,1,1,0,0,1,1,0,
4,0,1,1,0,0,1,1,0,0,1,1,1,0,1,1,0,0,1,1,0,
4,0,1,1,1,0,1,1,0,0,1,1,1,0,1,1,0,0,1,1,0,
5,0,1,1,1,0,1,1,0,0,1,1,1,1,1,1,0,0,1,1,0,
6,0,3,1,1,0,2,1,1,0,3,1,1,0,2,1,0,0,1,3,1,
4,0,1,1,1,1,1,1,1,0,1,1,1,1,1,1,1,1,1,1,1,
4,0,1,1,1,1,1,1,1,0,1,1,1,1,1,1,1,1,1,1,1,
4,0,2,1,1,1,1,1,1,0,2,1,1,1,1,1,1,1,1,2,1,
6,0,1,0,0,0,0,0,0,0,1,0,0,0,0,0,0,3,0,1,0,
4,0,1,0,0,0,1,0,0,0,1,0,0,0,1,1,0,0,1,1,0,
4,0,1,0,0,0,1,1,0,0,1,1,0,0,1,1,0,0,1,1,0,
4,0,1,0,0,0,1,1,0,0,1,1,0,0,1,1,0,0,1,1,0,
4,0,1,1,0,0,1,1,0,0,1,1,1,0,1,1,0,0,1,1,0,
6,0,1,1,1,1,2,1,1,0,2,1,1,1,1,1,1,1,1,2,1,
5,0,1,1,1,0,1,1,1,0,1,1,1,0,1,1,1,1,1,1,1,
4,0,1,1,1,0,1,1,1,0,1,1,1,0,1,1,0,1,1,1,1,
4,0,1,1,1,1,1,1,1,0,1,1,1,1,1,1,1,1,1,1,1,
4,0,1,1,1,1,1,1,1,0,1,1,1,1,1,1,1,1,1,1,1,
4,0,1,0,0,0,0,0,0,0,1,0,0,0,0,0,0,0,0,1,0,
4,0,1,0,0,0,0,0,0,0,1,0,0,0,0,0,0,0,0,1,0,
4,0,1,0,0,0,1,0,0,0,1,0,0,0,1,0,0,0,1,1,0,
4,0,1,0,0,1,1,0,0,0,1,0,0,0,1,0,0,1,1,1,0,
4,0,1,1,0,0,1,1,0,0,1,1,0,0,1,1,0,0,1,1,0,
4,0,1,1,0,0,1,1,0,0,1,1,1,0,1,1,0,0,1,1,0,
4,0,1,1,1,0,1,1,0,0,1,1,1,0,1,1,0,0,1,1,0,
4,0,1,1,1,0,1,1,0,0,1,1,1,0,1,1,0,0,1,1,0,
3,0,1,1,1,0,1,1,1,0,1,1,1,0,1,1,0,0,1,1,1,
4,0,1,1,1,1,1,1,1,0,1,1,1,1,1,1,0,1,1,1,1,
4,0,1,1,1,1,1,1,1,0,1,1,1,1,1,1,1,1,1,1,1,
4,1,1,1,1,1,1,1,1,0,1,1,1,1,1,1,1,1,1,1,1,
4,0,1,1,0,0,1,1,0,0,1,1,0,0,1,1,0,0,1,1,0,
5,0,2,2,1,1,2,1,1,0,2,1,1,1,2,1,1,1,2,2,1,
5,0,1,1,1,0,1,1,1,0,1,1,1,0,1,1,1,0,1,1,1,
5,0,1,1,1,0,1,1,1,0,1,1,1,0,1,1,0,0,1,1,1,
4,0,1,1,0,0,1,1,0,0,1,1,0,0,1,1,0,0,1,1,0,
4,0,1,1,1,0,1,1,1,0,1,1,1,0,1,1,0,0,1,1,1,
6,0,1,1,1,0,1,1,1,0,1,1,1,0,1,1,0,0,1,1,1,
4,0,1,1,1,0,1,1,1,0,1,1,1,0,1,1,0,0,1,1,1,
4,0,1,1,1,1,1,1,1,0,1,1,1,0,1,1,0,1,1,1,1,
4,0,1,1,1,1,1,1,1,0,1,1,1,0,1,1,1,1,1,1,1,
4,1,1,1,1,1,1,1,1,0,1,1,1,1,1,1,1,1,1,1,1,
4,0,1,0,0,0,0,0,0,0,1,0,0,0,0,0,0,0,0,1,0,
4,0,1,0,0,0,0,0,0,0,1,0,0,0,0,0,0,0,0,1,0,
4,0,1,0,0,0,1,0,0,0,1,0,0,0,1,0,0,0,0,1,0,
4,0,1,0,0,0,1,1,0,0,1,0,0,0,1,1,0,0,1,1,0,
4,0,1,1,0,0,1,1,0,0,1,1,0,0,1,1,0,0,1,1,0,
4,0,1,1,0,0,1,1,0,0,1,1,0,0,1,1,0,0,1,1,1,
4,0,1,1,1,0,1,1,0,0,1,1,1,0,1,1,0,0,1,1,1,
4,0,1,1,1,0,1,1,0,0,1,1,1,0,1,1,0,0,1,1,1,
4,0,1,1,1,0,1,1,1,0,1,1,1,0,1,1,0,0,1,1,1,
4,0,1,1,1,1,1,1,1,0,1,1,1,0,1,1,1,1,1,1,1,
4,0,1,1,1,1,1,1,1,0,1,1,1,1,1,1,1,1,1,1,1,
4,0,1,0,0,0,1,0,0,0,1,0,0,0,0,1,0,0,1,1,0,
4,0,1,0,0,0,1,0,0,0,1,0,0,0,1,1,0,0,1,1,0,
5,0,1,1,1,0,1,1,1,0,1,1,1,0,1,1,0,0,1,1,1,
4,0,1,1,0,0,1,1,0,0,1,1,0,0,1,1,0,0,1,1,0,
4,0,1,1,0,0,1,1,0,0,1,1,0,0,1,1,0,1,1,1,0,
4,0,1,1,0,0,1,1,0,0,1,1,0,0,1,1,0,0,1,1,0,
4,0,1,1,0,0,1,1,0,0,1,1,0,0,1,1,0,0,1,1,0,
7,0,1,1,1,0,1,1,0,0,1,1,1,0,1,3,0,0,1,1,1,
5,0,1,1,1,0,1,1,1,0,1,1,1,0,1,1,0,1,1,1,1,
4,0,1,1,1,2,1,1,1,0,1,1,1,2,1,1,0,2,1,1,1,
4,0,1,1,1,1,1,1,0,0,1,1,1,1,1,1,1,1,1,1,1,
4,0,1,1,0,0,1,1,0,0,1,1,0,0,1,1,0,0,1,1,0,
4,1,1,1,1,1,2,1,1,0,1,1,1,1,1,1,1,1,1,2,1,
4,1,2,1,1,1,2,1,1,0,1,1,1,1,1,1,1,1,1,2,1,
4,0,1,0,0,0,0,0,0,0,1,0,0,0,0,0,0,0,0,1,0,
4,0,1,0,0,0,1,0,0,0,1,0,0,0,1,1,0,0,1,1,0,
4,0,1,0,0,0,1,1,0,0,1,1,0,0,1,1,0,0,1,1,0,
4,0,1,0,0,0,1,1,0,0,1,1,0,0,1,1,0,0,1,1,0,
5,0,1,1,1,0,1,1,1,0,1,1,1,0,1,1,1,1,1,1,1,
5,0,1,1,1,0,1,1,1,0,1,1,1,0,1,1,0,0,1,1,1,
5,0,2,1,1,0,1,1,1,0,1,1,1,0,1,1,1,1,1,2,1,
4,1,2,1,1,1,1,2,1,0,2,1,1,1,1,2,1,1,2,2,1,
4,1,1,1,1,1,1,1,1,0,1,1,1,1,1,1,1,1,1,1,1,
6,0,3,1,1,0,3,1,1,0,3,1,1,0,3,1,1,0,1,3,1,
4,0,1,0,0,0,0,0,0,0,1,0,0,0,0,0,0,0,0,1,0,
4,0,1,0,0,0,1,1,0,0,1,1,0,0,1,1,0,0,1,1,0,
5,0,1,1,1,0,1,1,0,0,1,1,1,0,1,1,0,0,1,1,0,
6,0,1,1,0,0,1,1,0,0,1,1,0,0,1,1,0,0,1,1,0,
4,0,1,1,0,0,1,1,0,0,1,1,0,0,1,1,0,0,1,1,0,
5,1,1,1,1,0,1,1,0,0,1,1,1,0,1,1,0,1,1,1,1,
4,1,1,1,1,1,1,1,1,0,1,1,1,1,1,1,0,1,1,1,1,
4,1,1,1,1,1,1,1,1,0,2,1,1,1,1,1,1,1,1,2,1,
4,0,1,1,0,0,1,1,0,0,1,1,0,0,1,1,0,0,1,1,0,
4,0,0,0,0,0,0,0,0,0,1,0,0,0,0,0,0,0,0,1,0,
4,0,1,0,0,0,1,0,0,0,1,0,0,0,0,1,0,0,1,1,0,
4,0,1,0,0,0,1,1,0,0,1,1,0,0,1,1,0,0,1,1,0,
4,0,1,0,0,0,1,1,0,0,1,1,0,0,1,1,0,0,1,1,0,
5,0,1,1,1,0,1,1,1,0,1,1,1,0,1,1,0,0,1,1,1,
5,0,1,1,1,0,1,2,0,0,1,1,1,0,1,2,0,0,2,1,1,
4,1,1,1,1,1,1,1,1,0,1,1,1,1,1,1,1,1,1,2,1,
4,1,2,1,1,1,2,1,1,0,2,2,1,1,1,1,1,1,1,2,1,
4,0,1,0,0,1,1,1,0,0,1,1,0,0,0,1,0,0,1,1,0,
4,0,1,0,0,0,0,0,0,0,1,0,0,0,0,0,0,0,0,1,0,
4,0,1,0,0,0,1,0,0,0,1,0,0,0,0,0,0,0,1,1,0,
4,0,1,0,0,0,1,0,0,0,1,0,0,0,0,1,0,0,0,1,0,
4,0,1,0,0,0,1,0,0,0,1,0,0,0,1,1,0,0,1,1,0,
4,0,1,0,0,0,1,1,0,0,1,1,0,0,1,1,0,0,1,1,0,
4,0,1,1,0,0,1,1,0,0,1,1,0,0,1,1,0,0,1,1,0,
4,0,1,1,1,0,1,1,1,0,1,1,1,0,1,1,0,0,1,1,1,
4,0,1,1,1,1,1,1,1,0,1,1,1,1,1,1,0,1,1,1,1,
4,0,1,1,1,1,1,1,1,0,1,1,1,1,1,1,0,1,1,1,1,
4,0,1,1,1,1,1,1,1,0,1,1,1,1,1,1,1,1,1,1,1,
6,0,1,0,0,0,1,0,0,0,0,1,0,0,0,1,0,0,1,2,0,
7,0,1,0,0,0,1,0,0,0,1,0,0,0,0,0,0,0,1,1,0,
4,0,1,0,0,0,1,0,0,0,1,0,0,0,0,1,0,0,0,1,0,
4,0,1,0,0,0,1,1,0,0,1,0,0,0,1,1,0,0,1,1,0,
7,0,1,0,0,0,1,0,0,0,1,0,0,0,1,1,0,0,1,1,0,
4,0,1,1,0,0,1,1,0,0,1,1,1,1,1,1,0,1,1,1,0,
6,0,1,1,1,1,1,1,0,0,1,1,1,0,1,1,0,1,4,1,1,
4,0,1,1,1,1,1,1,1,0,1,1,1,1,1,1,1,1,1,1,1,
4,0,1,1,1,1,1,1,1,0,1,1,1,1,1,1,1,1,1,1,1,
4,0,1,1,1,1,1,1,1,0,1,1,1,1,1,1,1,1,1,1,1,
4,0,1,0,0,0,0,0,0,0,0,0,0,0,0,0,0,0,0,1,0,
4,0,1,0,0,0,1,0,0,0,1,0,0,0,0,1,0,0,0,1,0,
4,0,1,0,0,0,1,0,0,0,1,0,0,0,1,1,0,0,1,1,0,
4,0,1,0,0,0,1,1,0,0,1,1,0,0,1,1,0,0,1,1,0,
5,1,1,1,0,1,1,1,0,1,1,1,1,1,1,1,0,1,1,1,0,
6,1,1,1,1,1,1,1,1,1,1,1,1,1,1,1,0,1,1,1,1,
4,1,1,1,1,1,1,1,0,1,1,1,1,1,1,1,0,1,1,1,1,
4,0,1,1,1,1,1,1,0,0,1,1,1,1,1,1,1,1,1,1,1,
4,0,1,1,1,1,1,1,1,0,1,1,1,1,1,1,1,1,1,1,1,
4,1,1,1,1,1,1,1,1,0,1,1,1,1,1,1,1,1,1,1,1,
5,0,1,0,0,1,0,0,0,0,1,0,0,0,0,0,0,1,0,1,0,
7,0,2,1,1,0,2,1,1,0,2,1,1,0,2,1,1,0,1,2,1,
4,0,1,0,0,0,1,0,0,0,1,0,0,0,1,1,0,0,1,1,0,
4,0,1,1,0,0,1,1,0,0,1,1,0,0,1,1,0,0,1,1,0,
8,0,1,2,0,0,1,2,0,0,2,1,0,0,1,2,0,0,2,1,0,
10,1,2,4,2,1,2,4,2,0,2,4,2,1,2,4,1,1,4,2,2,
6,1,2,1,1,1,1,1,1,0,2,1,1,1,2,1,1,1,1,2,1,
5,0,1,1,1,1,1,1,1,0,1,1,1,0,1,1,1,1,1,1,1,
4,1,2,1,1,1,1,1,1,0,1,1,1,1,1,1,1,1,1,1,1,
5,0,1,1,1,0,1,2,0,0,1,1,1,0,1,2,0,0,2,1,0,
8,0,2,1,1,1,2,2,1,0,2,2,1,0,2,2,1,1,2,2,1,
5,0,2,1,1,0,1,1,1,0,2,1,1,0,1,1,1,0,1,2,1,
4,0,1,0,0,0,1,1,0,0,1,1,0,0,1,1,0,0,1,1,0,
4,0,1,1,0,0,1,1,0,0,1,1,0,0,1,1,0,0,1,1,0,
4,0,1,1,1,0,1,1,1,0,1,1,1,0,1,1,0,0,1,1,0,
8,0,3,2,2,0,2,3,2,0,3,2,2,0,2,3,1,0,3,3,2,
6,1,2,1,1,2,2,1,1,0,2,1,1,1,2,2,1,2,1,2,1,
4,0,1,1,1,1,1,1,1,0,1,1,1,1,1,1,1,1,1,1,1,
4,1,1,1,1,1,1,1,1,0,1,1,1,1,1,1,1,1,1,1,1,
4,0,1,0,0,0,0,0,0,0,1,0,0,0,0,0,0,0,0,1,0,
4,0,1,0,0,0,0,0,0,0,1,0,0,0,0,0,0,0,0,1,0,
5,0,1,0,0,0,1,1,0,0,1,0,0,0,1,1,0,0,2,1,0,
5,0,1,1,0,0,1,1,0,0,1,1,1,0,1,1,0,0,1,1,0,
4,0,1,1,0,0,1,1,0,0,1,1,0,0,1,1,0,0,1,1,0,
4,0,1,1,0,0,1,1,0,0,1,1,1,0,1,1,0,0,1,1,0,
4,0,1,0,0,0,0,0,0,0,1,0,0,0,0,1,0,0,1,1,0,
6,0,1,0,0,2,1,0,0,0,1,0,0,2,1,1,0,3,0,1,0,
4,0,1,0,0,0,1,0,0,0,1,0,0,0,0,0,0,0,0,1,0,
4,0,1,0,0,0,1,0,0,0,1,0,0,0,1,0,0,0,0,1,0,
4,0,1,1,0,0,1,1,0,0,1,1,1,0,1,1,0,0,1,1,0,
7,0,1,1,1,0,1,1,1,0,2,1,1,0,1,1,0,1,1,3,1,
8,0,1,1,0,0,1,2,0,0,1,1,1,0,1,1,0,0,2,1,0,
4,0,1,1,0,0,1,1,0,0,1,1,1,0,1,1,0,0,1,1,0,
4,0,1,1,0,0,1,1,0,0,1,1,1,0,1,1,0,0,1,1,0,
4,0,1,1,1,0,1,1,0,0,1,1,1,0,1,1,0,0,1,1,1,
4,1,1,1,1,1,1,1,1,0,1,1,1,1,1,1,0,1,1,1,1,
4,1,2,1,1,1,1,1,1,0,1,1,1,1,1,1,0,1,1,2,1,
4,1,2,1,1,1,2,1,1,0,2,1,1,1,1,1,1,1,1,2,1,
4,0,1,0,0,0,0,0,0,0,0,0,0,0,0,0,0,0,0,1,0,
4,0,1,0,0,0,1,0,0,0,1,0,0,0,0,0,0,0,0,1,0,
7,0,2,0,0,0,1,1,0,0,1,0,0,0,1,1,0,0,1,1,0,
4,0,1,1,0,0,1,1,0,0,1,1,0,0,1,1,0,0,1,1,0,
4,0,1,1,0,0,1,1,0,0,1,1,0,0,1,1,0,0,1,1,0,
4,0,1,1,0,0,1,1,0,0,1,1,0,0,1,1,0,0,1,1,0,
4,0,1,1,1,1,1,1,1,0,1,1,1,1,1,1,1,1,1,1,1,
4,0,1,0,0,0,1,0,0,0,0,0,0,0,1,0,0,0,0,1,0,
4,0,1,0,0,0,1,0,0,0,1,0,0,0,1,0,0,0,0,1,0,
6,1,1,0,0,0,0,1,0,0,1,0,0,0,0,1,0,0,1,1,0,
5,0,1,1,0,1,1,1,0,0,1,1,1,1,1,1,0,1,1,1,0,
4,0,1,1,0,0,1,1,0,0,1,1,0,0,1,1,0,0,1,1,0,
4,0,1,1,0,0,1,1,0,0,1,1,0,0,1,1,0,0,1,1,0,
4,0,1,1,0,0,1,1,0,0,1,1,0,0,1,1,0,0,1,1,0,
7,0,1,1,0,0,1,1,0,0,1,1,0,0,1,1,0,0,1,1,0,
4,0,1,1,1,1,1,1,0,1,1,1,1,0,1,1,0,1,1,1,1,
4,0,1,1,1,1,1,1,0,0,1,1,1,1,1,1,0,1,1,1,1,
7,0,1,1,1,1,1,2,0,0,1,1,1,0,1,2,0,1,2,1,1,
4,0,0,0,0,0,1,0,0,0,0,0,0,0,0,0,0,0,0,1,0,
5,0,1,1,0,0,1,1,0,0,1,1,1,0,1,1,0,0,1,1,0,
5,0,1,1,1,0,1,1,0,0,1,1,1,0,1,1,0,0,1,1,1,
5,0,1,1,0,0,1,1,0,0,1,1,0,0,1,1,0,0,1,1,0,
5,0,1,1,1,0,1,1,0,0,1,1,1,0,1,1,1,1,1,1,1,
8,1,1,1,1,1,1,1,0,0,1,1,1,1,1,1,0,1,1,1,1,
6,0,2,1,1,1,1,1,1,0,1,1,1,1,1,1,1,1,1,2,1,
4,0,2,1,1,1,1,1,1,0,1,1,1,1,1,1,1,1,1,2,1,
4,0,1,0,0,0,0,0,0,0,0,0,0,0,0,0,0,0,0,1,0,
4,0,1,0,0,0,1,0,0,0,0,0,0,0,0,0,0,0,0,1,0,
5,0,1,0,0,0,0,0,0,0,1,0,0,0,0,0,0,0,0,1,0,
4,0,1,0,0,0,1,0,0,0,1,0,0,0,0,0,0,0,0,1,0,
5,0,2,1,1,1,1,1,0,0,1,1,1,0,1,1,0,1,1,2,1,
5,0,1,1,1,0,1,1,0,0,1,1,1,0,1,1,0,0,1,1,1,
6,0,2,1,0,1,1,1,0,0,1,1,1,0,1,1,0,0,2,2,0,
5,0,1,1,1,0,1,1,0,0,1,1,1,0,1,1,0,0,1,1,1,
7,0,2,1,0,0,1,1,0,0,2,1,0,0,1,1,0,0,1,2,0,
6,0,1,1,1,1,2,3,1,0,1,1,1,1,1,1,1,1,2,2,3,
5,0,1,1,1,0,1,1,0,0,1,1,0,0,1,1,0,0,1,1,0,
4,0,1,0,0,0,0,0,0,0,0,0,0,0,0,0,0,0,0,1,0,
6,0,1,0,0,0,1,0,0,0,1,0,0,0,0,1,0,0,0,1,0,
4,0,1,0,0,0,1,0,0,0,1,0,0,0,0,1,0,0,1,1,0,
4,0,1,0,0,0,1,1,0,0,1,0,1,0,1,1,0,0,1,1,0,
4,0,1,0,1,0,1,1,0,0,1,1,1,0,1,1,0,0,1,1,0,
5,0,1,1,0,0,1,1,0,0,1,1,2,0,1,1,0,0,1,1,0,
6,0,1,1,1,0,1,1,1,0,2,1,1,0,1,2,0,0,1,1,1,
4,1,1,1,1,1,1,1,1,0,1,1,1,1,1,1,1,1,1,1,1,
4,0,1,1,1,1,1,1,1,0,1,1,1,0,1,1,1,1,1,1,1,
4,1,2,1,1,1,1,1,1,0,1,1,1,1,1,1,1,1,1,2,1,
4,0,1,0,0,0,1,0,0,0,1,0,0,0,0,0,0,0,0,1,0,
5,0,1,1,1,0,1,1,0,0,1,1,1,0,1,1,0,0,1,1,1,
5,0,1,1,0,0,1,1,0,0,1,1,0,0,1,1,0,0,1,1,0,
4,0,1,1,0,0,1,1,0,0,1,1,0,0,1,1,0,0,1,1,0,
6,0,1,1,1,0,1,1,0,0,1,1,1,0,1,1,1,0,1,1,1,
5,0,1,1,1,0,1,1,0,0,1,1,1,0,1,1,0,0,1,1,1,
4,0,1,1,1,0,1,1,0,0,1,1,1,0,1,1,0,0,1,1,1,
4,1,1,1,1,1,1,1,0,0,1,1,1,1,1,1,0,1,1,1,1,
4,1,1,1,1,1,1,1,0,0,1,1,1,1,1,1,1,1,1,1,1,
4,0,1,0,0,0,0,0,0,0,0,0,0,0,0,0,0,0,0,1,0,
4,0,1,0,0,0,0,0,0,0,1,0,0,0,0,0,0,0,0,1,0,
4,0,1,0,0,0,0,0,0,0,1,0,0,0,0,0,0,0,0,1,0,
5,1,1,0,0,2,1,0,0,1,1,0,0,1,0,1,0,2,1,1,0,
4,0,1,0,0,0,1,1,0,0,1,0,0,0,1,1,0,0,1,1,0,
4,0,1,1,0,0,1,1,0,0,1,1,0,0,1,1,0,0,1,1,0,
4,0,1,1,1,0,1,1,0,0,1,1,1,0,1,1,0,0,1,1,0,
7,0,1,3,1,0,1,3,0,0,1,3,1,0,1,3,1,1,3,2,1,
8,0,1,1,0,0,1,1,0,0,1,1,0,0,1,1,0,0,1,1,0,
4,0,1,1,0,0,1,1,0,0,1,1,0,0,1,1,0,0,1,1,0,
4,0,1,0,0,0,1,0,0,0,1,0,0,0,0,1,0,0,0,1,0,
4,0,1,0,0,0,0,0,0,0,1,0,0,0,0,0,0,0,0,1,0,
4,0,1,0,0,0,0,0,0,0,1,0,0,0,0,0,0,0,0,1,0,
4,0,1,0,0,0,1,0,0,0,1,0,0,0,1,1,0,0,0,1,0,
4,0,1,1,1,0,1,1,0,0,1,1,1,0,1,1,0,0,1,1,1,
4,0,1,1,0,0,1,1,0,0,1,1,1,0,1,1,0,0,1,1,0,
4,0,1,1,0,0,1,1,0,0,1,1,1,0,1,1,0,0,1,1,0,
3,0,1,1,1,0,1,1,0,0,1,1,1,0,1,1,0,0,1,1,1,
4,0,1,1,1,1,1,1,0,0,1,1,1,0,1,1,1,1,1,1,1,
4,1,1,1,1,1,1,1,1,0,1,1,1,1,1,1,1,1,1,1,1,
4,0,1,0,0,0,0,0,0,0,1,0,0,0,0,0,0,0,0,1,0,
4,0,1,0,0,0,0,0,0,0,1,0,0,0,0,0,0,0,0,1,0,
4,0,1,0,0,0,0,0,0,0,1,0,0,0,0,0,0,0,0,1,0,
4,0,1,0,0,0,1,0,0,0,1,0,0,0,1,1,0,0,0,1,0,
4,0,1,0,0,0,1,1,0,0,1,1,0,0,1,1,0,0,1,1,0,
4,0,1,1,0,0,1,1,0,0,1,1,0,0,1,1,0,0,1,1,0,
4,0,1,1,1,0,1,1,0,0,1,1,1,0,1,1,0,0,1,1,1,
4,0,1,1,1,1,1,1,0,0,1,1,1,0,1,1,0,1,1,1,1,
6,0,1,1,1,0,1,1,0,0,1,1,1,0,1,1,0,0,1,1,0,
4,1,2,1,1,1,2,1,1,0,2,1,1,1,1,1,1,1,1,2,1,
4,0,1,1,1,0,1,1,0,0,1,1,1,0,1,1,0,0,1,1,1,
4,0,1,0,0,0,1,1,0,0,1,0,0,0,1,1,0,0,1,1,0,
6,0,1,0,0,0,1,0,0,0,1,0,0,0,1,1,0,0,0,1,0,
4,0,1,1,0,0,1,1,0,0,1,1,0,0,1,1,0,0,1,1,0,
4,0,1,1,1,0,1,1,0,0,1,1,1,0,1,1,0,0,1,1,1,
4,0,1,1,1,0,1,1,0,0,1,1,1,0,1,1,0,0,1,1,1,
3,0,1,1,1,0,1,1,0,0,1,1,1,0,1,1,0,0,1,1,1,
4,0,1,1,1,1,1,1,1,0,1,1,1,0,1,1,1,1,1,1,1,
4,0,1,1,1,1,1,1,1,0,1,1,1,1,1,1,1,1,1,1,1,
4,0,1,0,0,0,0,0,0,0,1,0,0,0,0,0,0,0,0,1,0,
4,0,1,0,0,0,0,0,0,0,1,0,0,0,0,0,0,0,0,1,0,
4,0,1,0,0,0,1,0,0,0,1,0,0,0,1,0,0,0,1,1,0,
4,0,1,0,0,0,1,0,0,0,1,0,0,0,1,0,0,0,1,1,0,
4,0,1,0,0,0,1,1,0,0,1,1,1,0,1,1,0,0,1,1,0,
4,0,1,1,0,0,1,1,0,0,1,1,0,0,1,1,0,0,1,1,0,
3,0,1,1,1,0,1,1,0,0,1,1,1,0,1,1,0,0,1,1,1,
4,0,1,1,1,1,1,1,1,0,1,1,1,0,1,1,1,1,1,1,1,
4,0,1,1,1,1,1,1,1,0,1,1,1,0,1,1,1,1,1,1,1,
4,0,1,0,0,0,0,0,0,0,1,0,0,0,0,0,0,0,0,1,0,
6,0,1,1,1,0,1,1,0,0,1,1,1,0,1,1,0,0,1,1,1,
4,0,1,0,0,0,0,0,0,0,1,0,0,0,0,0,0,0,0,1,0,
4,0,1,0,0,0,1,0,0,0,1,0,0,0,1,1,0,0,1,1,0,
4,0,1,0,0,0,1,1,0,0,1,0,0,0,1,1,0,0,1,1,0,
6,2,1,1,0,2,1,1,0,2,1,1,0,2,1,1,0,2,1,1,0,
4,0,1,1,1,0,1,1,0,0,1,1,1,0,1,1,0,0,1,1,1,
3,0,1,1,1,1,1,1,0,0,1,1,1,0,1,1,1,1,1,1,1,
4,0,1,1,1,1,1,1,1,0,1,1,1,1,1,1,1,1,1,1,1,
4,0,1,0,0,0,0,0,0,0,1,1,0,0,0,1,0,0,0,1,0,
4,0,1,0,0,0,1,0,0,0,1,0,0,0,0,0,0,0,0,1,0,
4,0,1,0,0,0,1,0,0,0,1,0,0,0,0,0,0,0,0,1,0,
4,0,1,0,0,0,0,0,0,0,1,0,0,0,0,0,0,0,0,1,0,
4,0,1,0,0,0,1,0,0,0,1,0,0,0,1,0,0,0,1,1,0,
4,0,1,0,0,0,1,0,0,0,1,0,0,0,1,1,0,0,1,1,0,
5,0,1,1,1,0,1,1,0,0,1,1,1,0,1,1,0,0,1,1,1,
4,0,1,1,1,1,1,1,0,0,1,1,1,0,1,1,1,1,1,1,1,
4,0,2,1,1,1,1,1,1,0,2,1,1,1,1,1,1,1,1,2,1,
4,0,1,1,1,1,1,1,1,0,1,1,1,1,1,1,1,1,1,1,1,
4,0,1,0,0,0,0,0,0,0,1,0,0,0,0,0,0,0,1,1,0,
4,0,1,0,0,0,0,0,0,0,1,0,0,0,0,0,0,0,0,1,0,
4,0,1,0,0,0,1,0,0,0,1,0,0,0,1,1,0,0,1,1,0,
4,0,1,0,0,0,1,0,0,0,1,0,0,0,0,0,0,0,1,1,0,
4,0,1,0,0,0,1,0,0,0,1,0,0,0,1,0,0,0,1,1,0,
4,0,1,1,0,0,1,1,0,0,1,1,0,0,1,1,0,0,1,1,0,
5,0,1,1,1,1,1,1,0,0,1,1,1,0,1,1,0,1,1,1,1,
5,0,1,1,0,0,1,1,0,0,2,1,1,0,1,1,0,0,1,1,0,
4,0,2,1,1,1,1,1,1,0,2,1,1,1,1,1,1,1,1,2,1,
4,1,1,1,1,1,1,1,1,0,1,1,1,1,1,1,1,1,1,1,1,
5,0,1,0,0,0,1,0,0,0,1,0,0,0,0,0,0,0,0,0,0,
4,0,1,0,0,0,1,0,0,0,1,0,0,0,0,1,0,0,1,1,0,
4,0,1,0,0,0,0,0,0,0,1,0,0,0,0,0,0,0,0,1,0,
4,0,1,0,0,0,1,0,0,0,1,0,0,0,1,0,0,0,0,1,0,
4,0,1,0,0,0,1,1,0,0,1,0,0,0,1,1,0,0,1,1,0,
7,0,1,0,0,0,1,1,0,0,1,0,0,0,1,1,0,0,1,1,0,
4,0,1,1,0,0,1,1,0,0,1,1,1,0,1,1,0,0,1,1,0,
3,0,1,1,1,0,1,1,0,0,1,1,1,0,1,1,0,0,1,1,1,
4,0,1,1,1,1,1,1,0,0,1,1,1,1,1,1,0,1,1,1,1,
4,0,0,0,0,0,0,0,0,0,0,0,0,0,0,0,0,0,0,0,0,
5,0,2,0,0,0,2,0,0,0,2,0,0,0,2,0,0,0,0,2,0,
7,0,1,0,0,0,1,0,0,0,1,0,0,0,0,0,0,0,0,1,0,
4,0,1,0,0,0,1,0,0,0,1,0,0,0,0,0,0,0,1,1,0,
4,0,1,1,0,0,1,1,0,0,1,1,0,0,1,1,0,0,1,1,0,
4,0,1,1,0,0,1,1,0,0,1,1,0,0,1,1,0,0,1,1,0,
4,0,1,1,1,0,1,1,0,0,1,1,1,0,1,1,0,0,1,1,1,
4,0,1,1,1,0,1,1,0,0,1,1,1,0,1,1,0,0,1,1,1,
3,0,1,1,1,1,1,1,0,0,1,1,1,1,1,1,0,1,1,1,1,
4,1,1,1,1,1,1,1,1,0,1,1,1,1,1,1,1,1,1,1,1,
4,0,0,0,0,0,0,0,0,0,0,0,0,0,0,0,0,0,0,0,0,
4,0,1,0,0,0,0,0,0,0,0,0,0,0,0,0,0,0,0,1,0,
4,0,1,0,1,0,1,1,0,0,1,0,1,0,1,1,0,0,1,1,0,
7,0,2,1,1,0,1,1,1,0,2,1,1,0,1,1,1,0,1,2,1,
4,0,1,1,0,0,1,1,0,0,1,1,0,0,1,1,0,0,1,1,0,
4,0,1,1,0,0,1,1,0,0,1,1,0,0,1,1,0,0,1,1,0,
4,0,1,1,1,0,1,1,0,0,1,1,1,0,1,1,0,0,1,1,0,
5,3,1,1,1,3,1,1,0,3,1,1,1,3,1,1,0,3,1,1,1,
3,0,1,1,1,0,1,1,0,0,1,1,1,0,1,1,0,0,1,1,1,
4,0,1,0,0,0,1,1,0,0,1,0,0,0,1,1,0,0,1,1,0,
4,0,1,0,0,0,1,1,0,0,1,1,0,0,1,1,0,0,1,1,0,
4,0,1,0,0,0,0,0,0,0,1,0,0,0,0,0,0,0,0,1,0,
8,0,2,2,1,1,2,2,1,0,2,2,2,1,2,2,1,1,2,2,2,
4,0,1,0,0,0,1,1,0,0,1,0,0,0,1,1,0,0,1,1,0,
4,0,1,0,0,0,1,1,0,0,1,1,0,0,1,1,0,0,1,1,0,
4,0,1,1,0,0,1,1,0,0,1,1,0,0,1,1,0,0,1,1,0,
4,0,1,1,1,0,1,1,0,0,1,1,1,0,1,1,0,0,1,1,1,
3,0,1,1,1,0,1,1,0,0,1,1,1,0,1,1,0,0,1,1,1,
4,0,2,1,1,0,1,1,1,0,1,1,1,0,1,1,1,1,1,1,1,
4,0,1,1,1,1,1,1,1,0,1,1,1,1,1,1,1,1,1,1,1,
4,1,1,1,1,1,1,1,1,0,1,1,1,1,1,1,1,1,1,1,1,
4,0,1,0,0,0,0,0,0,0,1,0,0,0,0,0,0,0,0,1,0,
4,0,1,0,0,0,0,0,0,0,1,0,0,0,0,0,0,0,0,1,0,
4,0,1,0,0,0,1,1,0,0,1,0,0,0,1,0,0,0,1,1,0,
4,0,1,0,0,0,1,1,0,0,1,1,0,0,1,1,0,0,1,1,0,
4,0,1,1,1,0,1,1,0,0,1,1,1,0,1,1,0,0,1,1,1,
4,0,1,1,1,1,1,1,0,0,1,1,1,1,1,1,0,1,1,1,1,
4,0,1,0,0,0,1,0,0,0,1,1,0,0,1,1,0,0,0,1,0,
4,0,1,1,1,1,1,1,1,0,1,1,1,1,1,1,1,1,1,1,1,
4,0,1,1,1,1,1,1,1,0,1,1,1,1,1,1,1,1,1,1,1,
31,0,1,1,1,0,1,2,0,0,1,1,1,0,1,2,0,0,2,1,1,
5,0,1,1,1,0,1,1,0,0,1,1,1,0,1,1,0,0,1,1,1,
7,0,1,0,0,0,0,0,0,0,1,0,0,0,0,0,0,0,0,1,0,
4,0,1,0,0,0,1,1,0,0,1,0,0,0,1,1,0,0,1,1,0,
4,0,1,1,1,0,1,1,0,0,1,1,1,0,1,1,0,0,1,1,1,
4,0,1,1,1,0,1,1,0,0,1,1,1,0,1,1,0,0,1,1,0,
6,0,1,0,0,0,1,0,0,0,1,0,0,0,1,0,0,0,1,1,0,
5,0,1,1,1,0,1,1,0,0,1,1,1,0,1,1,0,0,1,1,1,
5,0,1,1,1,0,1,1,1,0,1,1,1,2,1,1,0,1,1,1,1,
5,0,1,1,0,0,0,2,0,0,0,1,0,0,0,2,0,0,2,0,0,
4,0,1,0,0,1,0,0,0,0,1,0,0,0,0,0,0,0,0,1,0,
4,0,1,1,1,0,1,1,0,0,1,1,1,0,1,1,0,0,1,1,0,
4,0,1,0,0,0,1,0,0,0,1,0,0,0,1,0,0,1,1,1,0,
4,0,1,1,0,0,1,1,0,0,1,1,0,0,1,1,0,0,1,1,0,
6,1,2,1,1,1,1,1,1,0,2,1,1,1,1,1,1,1,1,2,1,
3,0,1,1,0,0,1,1,0,0,1,1,1,0,1,1,0,0,1,1,0,
3,0,1,1,1,0,1,1,0,0,1,1,1,0,1,1,0,0,1,1,1,
3,0,1,1,1,0,1,1,0,0,1,1,1,0,1,1,0,0,1,1,1,
4,0,1,1,1,1,1,1,1,0,1,1,1,1,1,1,1,1,1,1,1,
5,0,1,0,0,0,0,0,0,0,1,0,0,0,0,0,0,0,0,2,0,
5,0,1,1,1,0,1,1,0,0,1,1,1,0,1,1,0,0,1,1,1,
5,0,1,1,0,0,1,1,0,0,1,1,1,1,1,1,0,1,1,1,0,
4,0,1,1,0,0,1,1,0,0,1,1,0,0,1,1,0,0,1,1,0,
8,0,1,0,0,0,1,0,0,0,1,0,0,0,1,1,0,0,1,1,0,
4,0,1,1,0,0,1,1,0,0,1,1,0,0,1,1,0,0,1,1,0,
4,0,1,1,1,1,1,1,0,0,1,1,1,1,1,1,0,1,1,1,1,
4,0,1,1,1,0,1,1,0,0,1,1,1,0,1,1,0,1,1,1,1,
4,0,1,1,1,1,1,1,1,0,1,1,1,1,1,1,1,1,1,1,1,
4,0,1,0,0,0,0,0,0,0,1,0,0,0,0,0,0,0,0,1,0,
4,0,1,0,0,0,1,0,0,0,1,0,0,0,1,0,0,0,1,1,0,
4,0,1,0,0,0,1,0,0,0,1,0,0,0,1,0,0,0,1,1,0,
4,0,1,0,0,0,1,0,0,0,1,1,0,0,1,1,0,0,1,1,0,
6,0,1,1,0,0,1,1,0,0,1,1,1,0,1,1,0,2,1,1,0,
4,0,1,1,0,0,1,1,0,0,1,1,1,0,1,1,0,0,1,1,0,
3,0,1,1,0,0,1,1,0,0,1,1,0,0,1,1,0,0,1,1,0,
4,0,2,1,1,0,1,1,0,0,1,1,1,0,1,1,0,0,1,2,1,
4,0,1,1,1,1,1,1,1,0,1,1,1,0,1,1,1,1,1,1,1,
4,0,1,0,0,0,1,0,0,0,1,0,0,0,1,0,0,0,0,1,0,
4,0,1,0,0,0,0,0,0,0,1,0,0,0,0,0,0,0,0,1,0,
5,0,1,1,0,0,1,1,0,0,1,1,0,0,1,2,0,0,2,1,0,
4,0,1,0,0,0,1,1,0,0,1,0,0,0,1,1,0,0,1,1,0,
7,0,1,1,1,0,1,1,1,0,1,1,1,0,1,1,1,1,3,1,1,
5,0,2,1,1,2,1,1,1,0,1,1,1,2,1,1,0,0,1,1,1,
4,0,1,1,0,0,1,1,0,0,1,1,0,0,1,1,0,0,1,1,0,
3,0,1,1,1,0,1,1,0,0,1,1,1,0,1,1,0,0,1,1,1,
4,0,1,1,1,0,1,1,0,0,1,1,1,0,1,1,0,0,1,1,1,
4,0,1,1,1,1,1,1,1,0,1,1,1,0,1,1,0,1,1,1,1,
4,0,1,1,1,1,1,1,1,0,1,1,1,1,1,1,1,1,1,1,1,
4,0,1,0,0,0,0,0,0,0,1,0,0,0,0,0,0,0,0,1,0,
5,0,1,0,0,1,1,0,0,0,1,0,0,1,0,0,0,1,0,1,0,
4,0,1,0,0,1,1,0,0,0,1,0,0,1,1,1,0,1,1,1,0,
4,0,1,0,0,0,1,1,0,0,1,0,0,0,1,1,0,0,1,1,0,
4,0,1,0,0,0,1,1,0,0,1,1,0,0,1,1,0,0,1,1,0,
4,0,2,1,0,0,1,1,0,0,1,1,0,0,1,1,0,0,1,1,0,
4,0,1,1,1,0,1,1,0,0,1,1,1,0,1,1,0,1,1,1,1,
4,0,1,1,1,1,1,1,0,0,1,1,1,1,1,1,0,0,1,1,1,
7,0,1,0,0,0,0,0,0,0,1,0,0,0,0,0,0,0,0,1,0,
4,0,1,0,0,0,0,0,0,0,1,0,0,0,0,0,0,0,0,1,0,
5,0,1,1,0,0,1,1,0,0,1,1,0,0,1,1,0,0,1,1,0,
6,0,1,1,0,0,1,1,0,0,1,1,0,0,1,1,0,0,2,1,0,
7,0,2,1,1,0,1,1,0,0,2,1,1,0,1,1,0,0,1,2,1,
9,0,3,1,3,1,1,1,1,0,3,1,1,1,1,1,1,1,5,3,1,
8,0,1,1,0,0,1,2,0,0,1,0,0,0,1,2,0,0,1,1,0,
5,0,1,1,0,1,1,1,0,0,1,1,0,1,1,1,0,1,1,1,0,
4,0,1,1,1,1,1,1,1,0,1,1,1,1,1,1,0,1,1,2,1,
4,0,2,1,1,1,1,1,1,0,2,1,1,1,1,1,1,1,1,2,1,
4,0,1,0,0,0,1,0,0,0,1,0,0,0,0,0,0,0,0,1,0,
4,0,1,0,0,0,1,0,0,0,1,0,0,0,1,0,0,0,1,1,0,
4,0,1,0,0,0,1,1,0,0,1,0,0,0,1,1,0,0,1,1,0,
4,0,1,0,0,0,1,1,0,0,1,0,0,0,1,1,0,0,1,1,0,
6,0,1,1,0,0,1,2,0,0,1,1,0,0,1,1,0,1,1,2,0,
5,0,2,1,1,1,1,1,0,0,1,1,1,1,1,1,0,1,1,1,1,
4,0,1,1,1,0,1,1,0,0,1,1,1,0,1,1,0,1,1,1,0,
6,0,1,0,0,0,1,0,0,0,1,0,0,0,1,0,0,0,1,1,0,
4,0,2,1,1,1,1,1,1,0,1,1,1,1,1,1,1,1,1,2,1,
4,0,2,1,1,1,1,1,1,1,2,1,1,1,1,1,1,1,1,2,1,
6,0,2,1,0,0,2,1,0,0,3,1,0,0,3,2,0,0,1,2,0,
9,0,1,1,0,0,1,1,0,0,1,1,0,0,0,1,0,0,1,1,0,
5,0,1,1,1,0,1,1,0,0,1,1,1,0,1,1,0,0,1,1,1,
5,0,1,1,1,1,1,1,1,0,2,1,1,0,1,1,0,1,1,2,1,
5,0,2,1,1,1,1,1,0,0,2,1,1,0,1,1,0,0,1,2,1,
6,0,1,0,0,0,1,1,0,0,1,0,0,0,1,1,0,0,1,1,0,
14,5,5,5,5,5,5,5,1,0,5,5,5,1,5,5,1,1,5,6,5,
14,1,2,1,1,2,2,1,0,1,3,3,1,1,2,2,0,1,2,6,1,
10,0,2,1,0,1,1,1,0,0,2,1,0,0,1,1,0,0,1,2,0,
7,0,1,0,0,0,0,0,0,0,1,0,0,0,0,0,0,0,0,2,0,
7,0,1,0,0,0,0,0,0,0,1,0,0,0,0,0,0,0,0,1,0,
5,0,1,0,0,0,1,0,0,0,1,0,0,0,1,0,0,0,0,1,0,
6,0,1,1,1,0,1,1,0,0,1,1,1,0,1,1,0,0,1,1,0,
6,0,1,1,1,1,1,1,1,0,1,1,1,1,1,1,1,1,1,1,1,
7,0,1,2,1,1,1,1,1,0,1,2,1,1,1,1,0,1,1,1,1,
5,0,1,1,1,1,1,1,1,0,1,1,1,1,1,1,1,1,1,1,1,
5,0,2,1,1,1,1,1,1,0,1,1,1,0,1,1,0,1,1,1,1,
6,0,1,0,0,0,1,0,0,0,1,0,0,0,1,0,0,0,0,1,0,
10,0,3,1,1,0,2,1,0,0,1,1,1,0,1,1,0,0,1,2,0,
6,1,2,1,2,1,1,1,1,0,1,2,2,1,1,2,1,1,2,1,1,
4,0,1,0,0,0,1,1,0,0,1,0,0,0,1,1,0,0,1,1,0,
4,0,1,1,0,0,1,1,0,0,1,1,0,0,1,1,0,0,1,1,0,
6,0,1,1,0,0,1,1,0,0,1,1,0,0,1,1,0,0,1,2,0,
5,0,1,1,1,1,1,1,1,0,1,1,1,1,1,1,1,1,1,1,1,
5,0,1,1,1,0,1,1,0,0,1,1,1,0,1,1,0,0,1,1,1,
4,0,1,1,1,2,1,1,0,0,1,1,1,1,1,1,0,1,1,1,1,
5,0,1,0,0,0,0,0,0,0,1,0,0,0,0,0,0,0,0,1,0,
4,0,1,1,1,1,1,1,1,0,1,1,1,1,1,1,1,1,1,2,1,
4,0,1,0,0,0,0,1,0,0,1,0,0,0,0,0,0,0,1,1,0,
4,0,1,0,0,0,0,0,0,0,1,0,0,0,1,0,0,0,1,1,0,
4,0,1,0,0,0,1,1,0,0,1,0,0,0,1,1,0,0,1,1,0,
4,0,1,0,0,0,1,1,0,0,1,0,0,0,1,0,0,0,1,1,0,
4,0,1,0,0,0,1,1,0,0,1,1,0,0,1,1,0,0,1,1,0,
4,0,1,1,0,0,1,1,0,0,1,1,0,0,1,1,0,0,1,1,0,
3,0,1,1,0,0,1,1,0,0,1,1,0,0,1,1,0,0,1,1,0,
3,0,1,1,0,0,1,1,0,0,1,1,1,0,1,1,0,0,1,1,0,
3,0,1,1,1,0,1,1,0,0,1,1,1,0,1,1,0,0,1,1,1,
4,0,1,0,0,0,0,0,0,0,1,0,0,0,0,0,0,0,0,1,0,
4,0,1,0,0,0,1,1,0,0,1,0,0,0,1,1,0,0,1,1,0,
4,0,1,0,0,0,0,1,0,0,1,0,0,0,0,0,0,0,1,1,0,
4,0,1,0,0,0,1,1,0,0,1,0,0,0,1,1,0,0,1,1,0,
4,0,1,1,0,0,1,1,0,0,1,1,0,0,1,1,0,0,1,1,0,
6,0,1,1,1,0,1,1,0,0,1,1,1,0,1,1,0,0,1,1,0,
4,0,1,1,1,0,1,1,0,0,1,1,1,0,1,1,0,0,1,1,1,
3,0,1,1,1,0,1,1,0,0,1,1,1,0,1,1,0,1,1,1,1,
3,0,1,1,1,0,1,1,0,0,1,1,1,0,1,1,0,0,1,1,1,
4,0,1,1,1,1,1,1,1,0,1,1,1,0,1,1,1,1,1,1,1,
4,0,1,1,1,1,1,1,1,0,1,1,1,1,1,1,1,1,1,2,1,
4,0,1,0,0,0,0,0,0,0,1,0,0,0,0,0,0,0,0,1,0,
5,0,1,1,0,0,1,1,0,0,1,1,0,0,1,1,0,0,1,2,0,
4,0,1,0,0,0,1,1,0,0,1,1,0,0,1,1,0,0,1,1,0,
4,0,1,1,0,0,1,1,0,0,1,1,0,0,1,1,0,0,1,1,0,
4,0,1,1,0,0,1,1,0,0,1,1,0,0,1,1,0,0,1,1,0,
4,0,1,1,1,1,1,1,0,0,1,1,1,0,1,1,0,1,1,1,1,
4,0,1,1,1,1,1,1,1,0,1,1,1,0,1,1,1,1,1,1,1,
5,0,1,0,0,0,0,2,0,0,0,0,0,0,0,0,0,0,0,1,0,
4,0,1,1,1,1,1,1,1,0,2,1,1,1,1,1,1,1,1,2,1,
4,0,0,0,0,0,0,0,0,0,0,0,0,0,0,0,0,0,0,1,0,
4,0,1,0,0,0,1,0,0,0,1,0,0,0,0,0,0,0,0,1,0,
4,0,1,0,0,0,0,0,0,0,1,0,0,0,0,0,0,0,0,1,0,
4,0,1,1,0,0,1,1,0,0,1,1,0,0,1,1,0,0,1,1,0,
4,0,1,1,0,0,1,1,0,0,1,1,0,0,1,1,0,0,1,1,0,
4,0,1,1,1,0,1,1,0,0,1,1,1,0,1,1,0,0,1,1,1,
4,0,1,1,0,0,1,1,0,0,1,1,0,0,1,1,0,0,1,1,0,
3,0,1,1,1,0,1,1,0,0,1,1,1,0,1,1,0,0,1,1,1,
4,0,1,0,0,0,0,0,0,0,1,1,0,0,0,0,0,0,1,1,0,
4,0,1,1,1,1,1,1,1,0,1,1,1,1,1,1,1,1,1,1,1,
4,0,1,1,1,1,1,1,1,0,1,1,1,1,1,1,1,1,1,1,1,
5,0,1,1,0,0,1,1,0,0,1,1,0,0,1,1,0,0,1,1,0,
4,0,1,0,0,0,0,0,0,0,1,0,0,0,0,0,0,0,0,1,0,
4,0,1,0,0,0,1,1,0,0,1,1,0,0,0,1,0,0,1,1,0,
4,0,1,0,0,0,1,1,0,0,1,1,0,0,1,1,0,0,1,1,0,
6,2,3,0,0,2,2,1,0,2,3,1,0,2,2,1,0,2,1,3,0,
4,0,1,1,0,0,1,1,0,0,1,1,0,0,1,1,0,0,1,1,0,
4,0,1,1,0,0,1,1,0,0,1,1,0,0,1,1,0,0,1,1,0,
3,0,1,1,1,0,1,1,0,0,1,1,1,0,1,1,0,0,1,1,1,
3,0,1,1,1,1,1,1,0,0,1,1,1,0,1,1,0,1,1,1,1,
4,0,1,1,1,1,1,1,1,0,1,1,1,1,1,1,1,1,1,1,1,
4,0,1,1,1,1,1,1,1,0,1,1,1,1,1,1,1,1,1,1,1,
4,0,0,0,0,0,0,0,0,0,0,0,0,0,0,0,0,0,0,1,0,
4,0,1,0,0,0,1,1,0,0,1,1,0,0,0,1,0,0,1,1,0,
4,0,1,0,0,0,1,1,0,0,1,1,0,0,1,1,0,0,1,1,0,
4,0,1,0,0,0,1,1,0,0,1,1,0,0,1,1,0,0,1,1,0,
4,0,1,1,0,0,1,1,0,0,1,1,0,0,1,1,0,0,1,1,0,
4,0,1,1,0,0,1,1,0,0,1,1,0,0,1,1,0,0,1,1,0,
3,0,1,1,0,0,1,1,0,0,1,1,0,0,1,1,0,0,1,1,0,
3,0,1,1,1,0,1,1,0,0,1,1,1,0,1,1,0,1,1,1,1,
4,0,1,1,1,1,1,1,1,0,1,1,1,1,1,1,1,1,1,1,1,
4,0,1,0,0,0,0,0,0,0,0,0,0,0,0,0,0,0,0,1,0,
4,0,1,0,0,0,0,1,0,0,1,0,0,0,0,0,0,0,0,1,0,
4,0,1,0,0,0,1,1,0,0,1,1,0,0,0,1,0,0,1,1,0,
4,0,1,0,0,0,1,1,0,0,1,0,0,0,1,1,0,0,1,1,0,
4,0,1,0,0,0,1,1,0,0,1,1,0,0,1,1,0,0,1,1,0,
4,0,1,1,0,0,1,1,0,0,1,1,0,0,1,1,0,0,1,1,0,
4,0,1,1,0,0,1,1,0,0,1,1,0,0,1,1,0,0,1,1,0,
3,0,1,1,1,0,1,1,0,0,1,1,1,0,1,1,0,1,1,1,1,
4,0,1,1,1,1,1,1,0,0,1,1,1,0,1,1,0,1,1,1,1,
4,0,1,1,1,1,1,1,0,0,1,1,1,1,1,1,0,1,1,1,1,
4,0,1,1,0,0,1,1,0,0,1,1,0,0,1,1,0,0,1,1,0,
5,0,1,1,0,0,1,1,0,0,1,1,0,0,1,1,0,0,1,1,0,
4,0,1,0,0,0,1,1,0,0,1,1,0,0,1,1,0,0,1,1,0,
7,0,1,1,0,0,1,1,0,0,1,1,0,0,1,1,0,0,1,1,0,
4,0,1,1,0,0,1,1,0,0,1,1,1,0,1,1,0,1,1,1,1,
4,0,1,1,0,0,1,1,0,0,1,1,0,0,1,1,0,0,1,1,0,
3,0,1,1,1,0,1,1,0,0,1,1,1,0,1,1,0,0,1,1,1,
4,0,1,1,1,0,1,1,0,0,1,1,1,0,1,1,0,0,1,1,1,
4,0,1,1,1,1,1,1,0,0,1,1,1,1,1,1,0,1,1,1,1,
4,0,1,1,1,1,1,1,1,0,1,1,1,1,1,1,1,1,1,1,1,
4,0,1,1,1,1,1,1,1,0,1,1,1,1,1,1,1,1,1,2,1,
4,0,1,0,0,0,0,1,0,0,1,0,0,0,0,1,0,0,1,1,0,
5,0,1,0,0,0,1,1,0,0,1,1,0,0,1,1,0,0,1,1,0,
4,0,1,0,0,0,1,1,0,0,1,1,0,0,1,1,0,0,1,1,0,
4,0,1,1,0,0,1,1,0,0,1,1,0,0,1,1,0,0,1,1,0,
4,0,1,1,0,0,1,1,0,0,1,1,0,0,1,1,0,0,1,1,0,
4,0,1,1,1,0,1,1,0,0,1,1,1,0,1,1,0,0,1,1,1,
4,0,1,1,1,1,1,1,0,1,1,1,1,0,1,1,0,1,1,1,1,
4,0,1,1,1,1,1,1,1,0,1,1,1,1,1,1,1,1,1,1,1,
4,0,1,1,1,1,1,1,1,0,1,1,1,1,1,1,1,1,1,2,1,
9,0,3,3,0,0,3,3,0,0,3,3,0,0,1,3,0,0,3,3,0,
5,0,1,1,1,0,1,1,0,0,1,1,1,0,1,1,0,0,2,1,0,
7,0,1,1,1,0,1,1,0,0,1,2,1,0,1,1,0,0,1,1,1,
6,0,1,2,1,1,1,2,0,0,2,2,1,1,1,2,0,1,2,2,1,
5,0,1,1,0,0,1,1,0,0,1,1,0,0,1,1,0,0,1,1,0,
477,0,2,2,1,0,1,2,0,0,2,2,1,0,1,2,0,0,2,2,1,
376,0,2,2,1,0,2,2,1,1,2,2,1,0,2,2,1,0,3,2,1,
274,0,1,1,1,0,1,2,0,0,1,1,1,0,1,2,1,0,2,1,1,
172,0,2,2,2,0,2,2,2,0,2,2,2,0,2,2,2,0,2,2,2,
70,0,3,2,2,0,3,3,2,0,3,2,2,0,3,3,2,0,3,3,2,
4,0,1,1,0,0,1,1,0,0,1,1,0,0,1,1,0,0,1,1,0,
4,0,1,1,0,0,1,1,0,0,1,1,0,0,1,1,0,0,1,1,0,
4,0,1,1,0,0,1,1,0,0,1,1,0,0,1,1,0,0,1,1,0,
4,0,1,1,0,0,1,1,0,0,1,1,0,0,1,1,0,0,1,1,0,
