11,2,1,3,2,2,1,3,2,3,0,3,2,3,1,2,2,3,1,4,2,3,2,3,1,3,1,3,1,3,0,
8,1,0,4,1,2,0,4,1,2,0,3,1,2,0,3,1,2,0,4,1,2,1,3,1,2,0,4,1,4,0,
8,1,0,2,1,3,0,1,0,1,0,1,1,3,0,1,0,4,0,2,0,3,0,1,0,2,0,1,0,2,0,
15,2,1,9,3,9,1,9,2,9,0,9,2,9,1,9,2,9,1,9,2,9,1,9,2,9,2,9,2,9,1,
12,1,0,4,2,2,1,3,2,2,0,3,2,4,0,2,1,3,0,4,1,3,1,3,1,3,0,3,1,4,0,
8,1,2,3,1,1,0,2,1,2,0,2,1,2,1,2,1,2,0,3,1,2,0,3,1,2,0,2,1,3,0,
12,1,0,6,6,6,6,6,6,6,0,6,6,6,6,6,1,6,1,6,6,6,6,6,1,6,1,6,1,7,0,
10,1,1,3,2,3,1,3,1,2,0,3,2,2,0,2,2,3,2,5,2,2,0,3,1,2,3,3,1,3,0,
9,1,0,3,1,1,0,2,1,1,0,3,1,2,0,1,1,2,0,4,1,1,0,2,1,2,0,2,1,3,0,
7,1,0,2,1,1,0,2,1,1,0,2,1,1,0,1,1,2,0,2,1,2,0,2,1,2,0,2,0,2,0,
8,2,0,3,2,3,1,3,1,2,0,3,2,2,0,2,2,3,1,3,2,3,0,2,2,3,0,3,1,3,1,
8,2,0,4,2,4,1,3,1,3,0,4,2,3,1,3,2,3,1,4,2,3,1,4,1,4,1,4,2,4,1,
6,1,0,2,2,1,0,2,1,2,0,2,1,1,0,1,1,2,0,2,2,3,0,2,1,2,0,2,1,2,0,
6,2,0,3,2,2,2,2,1,2,0,3,2,2,1,2,2,2,1,3,2,2,1,3,2,2,1,3,1,3,1,
7,2,0,3,2,2,1,2,1,2,0,2,2,2,1,2,2,2,1,4,2,2,1,3,2,2,1,2,1,3,1,
6,1,0,2,1,1,0,2,1,1,0,2,1,1,0,1,1,2,0,2,1,1,0,2,1,1,0,2,1,2,0,
7,1,0,3,1,1,0,3,1,2,0,3,1,1,0,2,1,2,0,3,1,1,0,3,1,2,0,3,1,3,0,
6,1,0,2,1,1,0,2,1,2,0,2,1,1,0,2,1,2,0,2,1,1,0,2,1,2,0,2,1,2,0,
6,1,0,2,1,1,1,2,1,2,0,2,1,1,0,2,1,2,0,3,1,2,0,2,1,2,1,2,1,2,0,
7,0,0,2,1,1,0,2,0,1,0,1,0,1,0,1,1,1,0,2,1,1,1,2,1,1,0,2,0,2,0,
7,1,0,2,1,1,0,2,1,1,0,2,1,1,0,1,1,1,0,3,1,1,1,2,1,1,0,2,1,2,0,
8,1,0,4,1,2,0,2,1,2,0,3,2,2,0,2,1,3,1,3,1,2,1,3,1,2,1,3,1,3,0,
7,1,0,3,2,2,0,2,1,2,0,3,2,2,0,2,2,2,0,3,2,2,1,3,1,2,0,2,1,3,1,
7,1,0,2,2,3,2,2,2,2,0,2,1,1,1,1,1,2,0,3,1,3,1,2,1,3,0,2,1,3,0,
7,1,1,4,2,2,1,2,1,2,0,2,1,2,1,2,1,2,1,3,1,2,1,3,1,2,1,2,1,3,1,
6,1,1,3,2,2,1,2,1,2,0,2,2,2,1,2,1,2,1,3,2,2,1,3,1,2,1,3,1,3,0,
5,1,0,2,1,1,0,2,1,2,0,2,1,1,0,2,1,2,1,2,1,2,1,2,1,2,1,2,1,2,0,
5,1,0,2,1,1,0,2,1,2,0,2,1,1,0,2,1,2,0,2,1,2,1,2,1,2,1,2,1,2,1,
5,1,0,2,1,2,1,2,1,2,0,2,1,2,1,2,1,2,1,2,1,2,1,2,1,2,1,2,1,2,1,
5,1,1,2,2,2,1,2,1,2,0,2,1,2,1,2,1,2,1,3,2,2,1,2,1,2,1,2,1,3,1,
5,1,0,2,1,1,0,1,0,1,0,1,0,1,0,1,1,1,0,2,1,1,0,1,0,1,0,1,0,2,0,
6,1,0,2,1,1,0,1,0,1,0,1,0,1,0,1,1,1,0,2,1,1,0,1,0,1,0,1,0,2,0,
8,4,0,4,4,3,0,4,4,3,0,3,4,4,0,4,4,4,0,4,4,4,0,4,4,4,0,4,3,4,0,
6,1,0,2,1,1,0,1,0,1,0,2,1,1,0,1,1,1,0,2,1,1,0,2,0,1,0,2,0,2,0,
6,1,0,2,1,1,0,1,1,1,0,2,1,1,0,1,1,1,0,2,1,1,0,2,1,1,0,2,0,2,0,
6,1,0,2,1,1,0,2,1,1,0,2,1,1,0,1,1,1,0,2,1,1,0,2,1,1,0,2,1,2,0,
7,2,0,2,1,3,0,2,1,3,0,2,1,3,0,1,1,3,0,2,1,3,0,2,1,3,0,2,1,2,0,
5,1,0,2,1,1,0,2,1,1,0,2,1,1,0,2,1,2,0,2,1,2,1,2,1,2,0,2,1,2,0,
5,1,0,2,1,2,0,2,1,2,0,2,1,2,0,2,1,2,0,2,1,2,1,2,1,2,0,2,1,2,0,
7,1,0,2,1,3,0,1,1,2,0,2,1,2,0,1,1,3,0,2,1,2,0,2,1,2,0,2,0,2,0,
6,2,1,2,1,2,1,2,1,3,0,2,1,3,1,2,1,2,1,3,1,3,1,2,1,3,1,2,1,2,1,
6,1,0,2,1,2,1,2,1,2,1,2,1,2,1,2,1,2,1,2,1,2,1,2,1,2,1,2,1,2,1,
11,1,0,5,1,1,0,4,0,1,0,5,0,1,0,4,1,1,0,5,1,1,0,5,1,1,0,5,0,5,0,
6,2,0,3,2,2,1,3,1,2,0,3,2,2,1,2,2,2,1,3,2,2,1,3,2,2,1,3,1,3,1,
5,1,0,2,1,2,1,2,1,2,0,2,1,2,1,2,1,2,1,3,2,2,1,2,1,2,1,2,1,2,1,
8,1,0,2,2,2,0,2,1,2,0,2,1,2,0,2,1,2,0,3,1,2,0,2,1,2,0,2,1,2,1,
6,1,0,2,1,1,0,1,0,1,0,2,1,1,0,1,1,1,0,2,1,1,0,1,1,1,0,1,0,2,0,
6,1,0,2,1,1,0,1,1,1,0,2,1,1,0,1,1,1,0,2,1,1,0,2,0,1,0,2,0,2,0,
6,1,0,2,1,1,0,2,1,1,0,2,1,1,0,1,1,1,0,2,1,1,0,2,1,1,0,2,1,2,0,
6,1,0,2,1,2,0,2,1,2,0,2,1,2,0,1,1,2,0,2,1,2,0,2,1,2,0,2,1,2,0,
5,1,0,2,1,1,0,3,1,1,0,2,1,1,0,2,1,1,0,2,1,1,0,3,1,1,0,3,1,2,0,
5,1,0,2,2,1,0,2,1,1,0,2,1,1,0,2,1,1,0,2,1,1,0,2,1,2,0,2,1,2,0,
5,1,0,2,2,2,0,2,1,2,0,2,2,2,0,2,2,2,0,2,2,2,1,2,1,2,0,2,1,2,1,
5,1,0,2,2,2,0,2,1,2,0,2,2,2,0,2,2,2,0,2,1,2,1,2,1,2,0,2,1,2,1,
7,4,0,2,2,4,1,2,1,4,0,2,2,4,1,2,2,4,1,3,1,4,1,2,1,4,1,2,1,3,1,
6,2,0,3,2,2,1,2,1,2,0,2,1,3,1,2,1,2,1,3,1,3,1,2,1,2,1,3,1,2,1,
5,2,0,2,2,2,1,2,1,2,0,2,1,2,1,2,2,2,1,2,2,2,1,2,1,2,1,2,1,3,1,
5,1,0,2,1,1,0,1,0,1,0,1,0,1,0,1,0,1,0,2,0,1,0,1,0,1,0,1,0,1,0,
5,1,0,2,1,1,0,1,0,1,0,1,1,1,0,1,1,1,0,2,1,1,0,1,0,1,0,1,0,2,0,
6,1,0,2,1,1,0,1,1,1,0,2,1,1,0,1,1,1,0,2,1,1,1,2,0,1,0,2,1,2,0,
7,1,0,2,1,1,1,2,1,2,0,2,1,1,1,1,1,2,0,2,1,2,1,2,1,2,1,2,1,2,0,
7,1,0,2,1,2,1,1,1,2,0,2,1,2,1,1,1,2,0,2,1,2,1,2,0,2,0,2,1,2,0,
8,1,0,2,2,2,1,2,1,2,0,2,1,2,1,2,1,2,0,2,1,2,1,2,1,2,2,3,1,2,0,
11,1,0,6,2,2,0,5,1,2,0,6,1,2,0,5,1,2,0,6,1,2,0,6,1,2,0,5,1,6,0,
8,1,0,5,2,2,2,3,2,2,0,3,2,2,0,2,1,2,0,5,2,2,1,3,1,2,0,3,1,3,1,
7,2,1,4,2,2,1,3,2,2,0,4,2,2,1,3,2,2,1,4,2,2,1,3,2,2,1,3,1,4,1,
5,2,1,3,2,2,1,2,1,2,0,2,1,2,1,2,2,2,1,3,2,2,1,2,2,2,1,2,1,3,1,
8,1,1,2,1,1,0,1,1,1,0,1,1,1,0,1,1,1,1,2,1,1,0,2,1,1,1,2,1,2,0,
7,1,0,2,1,1,0,1,1,1,0,1,1,1,0,1,1,1,0,2,1,1,0,1,0,1,0,1,0,2,0,
5,2,1,2,2,2,1,2,1,2,0,2,2,2,1,2,2,2,1,2,2,2,1,2,1,2,1,2,1,3,1,
5,2,1,2,2,2,1,2,1,2,0,2,1,2,1,2,1,2,1,3,1,2,1,2,1,2,1,2,1,3,1,
5,1,0,2,1,1,0,1,1,1,0,1,1,1,0,1,1,1,0,2,1,1,0,1,0,1,0,1,1,2,0,
6,1,0,2,1,1,0,1,1,1,0,1,1,1,0,1,1,1,0,2,1,1,0,2,0,1,0,2,0,2,0,
5,1,0,2,1,1,0,1,1,1,0,1,1,1,0,1,1,1,0,2,1,1,0,1,1,1,0,2,1,2,0,
6,1,0,2,1,1,0,1,1,1,0,2,1,1,0,1,1,1,0,2,1,1,0,2,1,1,0,2,1,2,0,
6,1,0,2,1,1,0,2,1,1,0,2,1,1,0,1,1,1,0,2,1,1,0,2,1,1,0,2,1,2,0,
5,1,0,2,1,1,0,2,1,1,0,2,1,1,0,1,1,1,0,2,1,1,0,2,1,2,0,2,1,2,0,
5,1,0,2,1,1,0,2,1,1,0,2,1,1,0,1,1,2,0,2,1,2,0,2,1,2,0,2,1,2,0,
5,1,0,2,1,1,0,2,1,2,0,2,1,1,0,2,1,2,0,2,1,2,1,2,1,2,0,2,1,2,0,
5,0,0,1,0,1,0,1,0,1,0,1,0,1,0,1,0,1,0,1,0,1,0,1,0,1,0,1,0,1,0,
6,1,0,1,1,2,0,1,0,2,0,1,0,2,0,1,0,2,0,1,0,2,0,1,0,2,0,1,0,1,0,
6,2,0,3,1,2,1,2,1,2,0,3,1,3,1,2,1,2,1,3,1,3,1,3,1,3,1,3,1,3,1,
6,2,0,3,2,2,1,3,1,2,0,3,1,2,1,2,1,3,1,3,1,2,1,3,1,2,1,3,1,3,1,
9,1,0,1,1,1,1,1,1,1,1,2,1,1,1,1,1,1,1,2,1,1,1,1,1,1,1,2,1,1,1,
7,1,0,3,1,1,0,3,1,1,0,3,1,1,0,2,1,1,0,3,1,1,0,3,1,1,0,3,0,3,0,
5,1,0,1,1,1,0,1,1,1,0,1,1,1,0,1,1,1,0,2,1,1,0,1,1,1,0,1,1,1,0,
5,1,0,2,1,1,0,1,1,1,0,2,1,1,0,1,1,1,0,2,1,1,0,1,1,1,0,2,1,2,0,
5,1,0,2,1,1,0,1,1,1,0,2,1,1,0,1,1,1,0,2,1,1,0,1,1,1,0,2,1,2,0,
9,1,0,2,1,1,0,1,1,1,0,1,1,1,0,2,1,1,0,2,1,1,0,2,1,1,0,2,1,1,0,
5,1,0,2,1,1,0,2,1,2,0,2,1,1,0,2,1,2,0,2,1,2,0,2,1,2,0,2,1,2,0,
5,1,0,2,1,2,0,2,1,2,0,2,1,1,0,2,1,2,0,2,1,2,1,2,1,2,1,2,1,2,1,
5,1,0,2,1,2,1,2,1,2,0,2,1,2,1,2,1,2,0,3,1,2,1,2,1,2,1,2,1,2,1,
6,1,1,2,1,2,1,2,1,2,0,2,1,2,1,2,1,2,1,2,1,2,1,2,1,2,1,2,1,2,1,
5,1,0,2,1,2,1,2,1,2,0,2,1,2,1,2,1,2,1,2,1,2,1,2,1,2,1,2,1,2,1,
5,1,0,2,1,2,1,2,1,2,0,2,1,2,1,2,1,2,1,2,1,2,1,2,1,2,1,2,1,2,1,
5,0,0,1,1,1,0,1,0,1,0,1,0,1,0,1,0,1,0,1,0,1,0,1,0,1,0,1,0,1,0,
5,0,0,1,1,1,0,1,0,1,0,1,0,1,0,1,0,1,0,1,0,1,0,1,0,1,0,1,0,1,0,
5,1,0,1,1,1,0,1,1,1,0,1,1,1,0,1,1,1,0,1,1,1,0,1,1,1,0,1,1,1,0,
5,1,0,2,1,1,0,1,1,1,0,1,1,1,0,1,1,1,0,2,1,1,0,1,1,1,0,2,1,2,0,
6,1,0,2,1,2,0,2,1,2,0,2,1,2,0,2,1,2,0,2,1,2,1,2,1,2,0,2,1,2,0,
6,1,0,2,1,2,0,2,1,2,0,2,1,2,0,2,1,2,0,2,1,2,0,2,1,2,0,2,1,2,0,
6,1,0,2,1,1,0,2,1,1,0,2,1,1,0,2,1,1,0,2,1,1,0,2,1,1,0,2,1,2,0,
5,1,0,2,1,1,0,2,1,1,0,2,1,1,0,2,1,1,0,2,1,1,0,2,1,1,0,2,1,2,0,
5,1,0,2,1,1,0,2,1,1,0,2,1,1,0,2,1,1,0,2,1,1,1,2,1,2,0,2,1,2,0,
7,3,0,4,1,3,0,4,1,3,0,4,1,3,0,2,1,3,0,5,1,3,1,4,1,3,0,4,1,4,0,
5,1,0,2,1,2,1,2,1,2,0,2,1,1,0,2,1,2,0,2,1,2,1,2,1,2,1,2,1,2,0,
5,1,0,2,1,2,1,2,1,2,0,2,1,1,0,2,1,2,0,2,1,2,1,2,1,2,1,2,1,2,0,
5,2,0,2,2,2,2,2,2,2,0,2,2,2,1,2,2,2,1,2,2,2,2,2,2,2,1,2,2,2,1,
6,1,0,2,2,1,0,1,2,1,0,2,2,1,0,1,2,1,0,2,2,1,0,2,2,1,0,2,2,2,0,
8,1,1,2,2,2,1,2,1,2,0,2,2,2,1,2,1,2,1,2,1,2,2,2,1,2,1,2,1,2,1,
8,1,0,2,1,1,0,1,0,1,0,1,1,1,0,1,0,1,0,2,0,1,0,1,0,1,0,1,0,2,0,
5,1,0,2,1,1,0,1,0,1,0,1,0,1,0,1,0,1,0,2,0,1,0,1,0,1,0,1,0,2,0,
6,1,0,2,1,1,0,1,1,1,0,1,1,1,0,1,1,1,0,2,1,1,0,1,0,1,0,2,0,2,0,
6,1,0,2,2,2,1,2,1,2,0,2,2,2,1,2,1,2,1,2,2,2,1,2,1,2,1,2,1,2,1,
5,1,0,2,1,2,1,2,1,1,0,2,1,1,1,2,1,2,0,2,1,2,1,2,1,2,1,2,1,2,0,
5,1,0,2,1,2,1,2,1,2,0,2,1,2,1,2,1,2,1,2,1,2,1,2,1,2,1,2,1,2,0,
6,0,0,1,0,1,1,1,0,1,0,1,0,1,1,1,0,1,1,1,0,1,1,1,0,1,1,1,0,1,0,
8,1,0,3,1,1,4,3,0,1,0,3,0,1,4,2,0,1,4,4,1,1,4,2,0,1,3,2,0,4,0,
7,1,0,3,2,1,0,3,1,1,0,3,1,1,0,2,2,1,0,4,2,2,0,3,2,2,0,3,1,3,0,
7,1,0,3,1,1,0,2,1,2,0,2,1,1,0,2,1,2,0,3,1,2,0,3,1,2,0,2,1,2,0,
6,1,0,3,1,2,1,2,1,2,0,3,1,2,1,2,1,2,1,3,1,2,1,3,1,2,1,3,1,3,1,
6,1,0,2,1,1,1,2,1,2,0,2,1,1,1,2,1,2,1,3,1,2,1,2,1,2,1,2,1,3,0,
6,1,0,2,1,1,1,2,1,1,0,2,1,1,1,1,1,1,0,2,1,2,1,2,1,2,1,2,1,2,0,
7,1,0,3,2,1,0,2,1,1,0,2,1,1,0,2,1,1,0,3,1,1,0,2,1,1,0,2,1,3,0,
6,1,0,3,1,1,0,2,1,1,0,2,1,1,0,2,1,1,0,3,1,2,0,2,1,2,0,2,1,3,0,
8,4,0,2,1,4,0,1,0,4,0,2,1,4,0,1,1,4,0,2,1,4,0,1,0,4,0,2,0,2,0,
6,1,0,2,1,1,1,2,1,2,1,2,1,1,1,1,1,2,1,2,1,2,1,2,1,2,1,2,1,2,0,
7,1,1,2,1,1,2,1,1,1,0,2,1,1,2,1,1,1,1,2,1,2,2,2,0,2,1,2,0,2,0,
6,1,0,3,2,2,1,3,1,2,0,3,2,2,1,2,2,2,0,3,2,2,1,3,1,2,0,3,1,3,1,
6,1,0,4,2,1,1,3,2,2,0,3,1,1,1,2,1,2,0,4,1,2,1,3,1,2,0,3,1,4,1,
5,1,0,2,1,1,1,2,1,2,0,2,1,2,1,2,1,2,0,2,1,2,1,2,1,2,0,2,1,2,1,
12,4,0,8,2,4,0,4,0,4,4,4,0,4,0,4,2,4,0,5,2,4,0,7,0,4,4,5,0,4,0,
8,1,0,3,2,2,1,3,2,3,0,3,2,2,1,2,2,2,1,3,2,2,1,3,1,2,1,2,1,3,0,
6,1,0,2,1,2,0,2,1,2,0,2,2,1,0,2,1,2,0,3,1,2,0,2,1,2,0,2,1,2,0,
6,1,0,2,1,2,0,2,1,2,0,2,1,1,0,2,1,1,0,2,1,2,0,2,1,2,0,2,1,2,0,
7,1,0,2,2,3,0,2,1,3,0,2,1,2,1,2,1,2,1,2,1,3,1,2,1,3,0,2,1,2,1,
7,1,0,2,2,2,0,2,1,3,0,2,2,2,0,1,1,2,1,2,1,2,0,2,1,3,0,2,1,2,0,
5,1,0,2,1,1,0,1,0,2,0,1,1,1,0,1,1,1,0,2,1,1,0,1,0,2,0,1,0,2,0,
8,1,0,2,1,2,0,1,1,2,0,2,1,1,0,1,1,2,0,2,1,2,0,1,0,2,0,2,0,2,0,
6,1,0,2,1,2,1,2,1,2,0,2,1,1,1,2,1,2,0,2,1,2,1,2,1,2,0,2,1,2,1,
5,1,2,2,1,2,3,2,1,2,2,2,1,1,3,2,1,2,2,2,1,2,3,2,1,2,2,2,1,2,0,
5,2,0,2,1,2,0,2,1,2,0,2,1,2,0,2,1,2,0,2,1,2,1,2,1,2,1,2,1,2,0,
5,2,0,2,1,2,1,2,1,2,0,2,1,2,1,2,1,2,0,2,1,2,1,2,1,2,1,2,1,2,1,
8,1,0,2,1,1,1,2,1,2,0,2,1,1,1,2,1,2,1,2,1,2,1,2,1,2,1,3,1,2,0,
8,1,0,2,1,1,0,2,1,2,0,2,1,1,0,2,1,2,0,2,1,2,1,2,1,2,0,2,1,2,0,
6,1,0,3,2,2,1,3,2,2,0,2,2,2,1,3,2,2,1,3,2,2,1,3,1,2,1,3,1,3,1,
5,2,0,3,1,2,1,2,1,2,0,2,1,2,1,2,1,2,0,3,1,2,1,2,1,2,1,3,1,3,1,
6,2,0,3,2,2,1,2,1,3,0,2,2,2,1,2,1,3,0,3,2,3,1,2,1,3,1,3,1,3,1,
6,2,0,3,2,2,1,2,1,2,0,2,1,2,1,2,1,2,1,3,2,2,1,2,1,2,1,3,1,3,1,
5,2,1,3,2,2,1,2,1,2,0,2,2,2,1,2,2,2,1,3,2,2,1,2,2,2,1,2,1,2,1,
5,1,0,2,1,1,0,2,0,1,0,1,1,1,0,1,1,1,0,2,1,1,0,1,0,1,0,2,0,2,0,
6,1,0,2,1,1,0,2,1,2,0,2,1,1,0,2,1,2,0,2,1,2,1,2,1,2,0,2,1,2,0,
5,1,0,2,1,1,0,2,1,1,0,1,1,1,0,1,1,1,0,2,1,1,0,1,1,1,0,2,0,2,0,
7,1,0,4,1,1,0,4,1,1,0,4,1,1,0,4,1,1,0,4,1,1,0,4,1,1,0,4,0,4,0,
5,1,0,2,1,1,0,2,1,1,0,2,1,1,0,1,1,1,0,2,1,2,0,2,1,2,0,2,1,2,0,
5,1,0,2,1,1,0,2,1,2,0,2,1,1,0,1,1,2,0,2,1,2,0,2,1,2,0,2,1,2,0,
5,1,1,2,1,1,0,2,1,2,0,2,1,1,0,1,1,2,0,2,1,2,1,2,1,2,1,2,1,2,0,
5,1,0,2,2,2,1,2,1,2,0,2,1,2,1,2,1,2,1,2,1,2,1,2,1,2,1,2,1,2,1,
5,2,1,3,2,2,1,2,1,2,0,2,2,2,1,2,2,2,1,3,2,2,1,3,2,2,1,3,1,3,1,
5,1,0,2,2,2,1,2,1,2,0,2,1,2,1,2,1,2,0,3,1,2,1,2,1,2,0,3,1,2,1,
5,2,0,3,2,2,1,3,1,2,0,2,1,2,1,2,1,3,0,3,2,2,1,3,1,3,1,3,1,3,1,
5,2,1,3,2,2,1,2,1,3,0,2,1,2,1,2,1,3,1,3,1,3,1,3,1,3,1,3,1,3,1,
5,1,0,1,1,1,0,2,0,1,0,1,0,1,0,1,0,1,0,2,0,1,0,2,0,1,0,2,0,2,0,
5,1,0,2,1,1,0,1,0,1,0,1,0,1,0,1,0,1,0,2,0,1,0,2,0,1,0,2,0,2,0,
5,1,0,2,1,1,0,2,0,1,0,1,0,1,0,1,1,1,0,2,1,1,0,2,0,1,0,2,0,2,0,
5,1,0,2,1,1,0,2,1,1,0,2,1,1,0,1,1,1,0,2,1,1,0,2,1,2,0,2,0,2,0,
5,1,0,2,1,1,0,2,1,1,0,2,1,1,0,1,1,1,0,2,1,1,0,2,1,2,0,2,1,2,0,
5,1,0,2,1,1,0,2,1,1,0,2,1,1,0,1,1,2,0,2,1,2,1,2,1,2,0,2,1,2,0,
5,1,0,2,1,1,1,2,1,2,0,2,1,1,0,1,1,2,0,2,1,2,1,2,1,2,0,2,1,2,0,
5,1,0,2,1,1,1,2,1,2,0,2,1,1,1,1,1,2,0,2,1,2,1,2,1,2,0,2,1,2,0,
5,1,0,2,1,1,1,2,1,2,0,2,1,1,1,2,1,2,0,2,1,2,1,2,1,2,0,2,1,2,0,
5,1,0,2,1,2,1,2,1,2,0,2,1,2,1,2,1,2,0,2,1,2,1,2,1,2,0,2,1,2,1,
5,1,0,2,1,2,1,2,1,2,0,2,1,2,1,2,1,2,0,2,1,2,1,2,1,2,1,2,1,2,1,
5,1,0,2,1,2,1,2,1,2,0,2,1,2,1,2,1,2,1,2,2,2,1,2,1,2,1,2,1,2,1,
5,2,1,3,1,2,1,2,1,2,0,2,1,2,1,2,1,2,1,3,2,2,1,2,1,2,1,2,1,2,1,
5,1,0,2,1,1,0,2,0,1,0,1,0,1,0,1,1,1,0,2,1,1,0,1,0,1,0,2,0,2,0,
8,4,0,4,4,4,0,4,4,4,0,4,4,4,0,4,4,4,0,4,4,4,4,4,4,4,0,4,0,4,0,
6,1,0,2,1,1,0,2,1,2,0,2,1,1,0,1,1,2,0,2,1,2,1,2,1,2,0,2,0,2,0,
6,1,0,2,1,1,0,1,1,1,0,2,1,1,0,1,1,1,0,2,1,1,0,2,1,2,0,2,0,2,0,
6,1,0,3,2,2,0,2,1,2,0,2,1,2,0,2,1,2,0,3,1,2,0,2,1,2,0,2,1,2,1,
6,2,0,2,1,3,0,2,1,3,0,2,1,3,0,1,1,3,0,2,1,3,1,2,1,3,0,2,1,2,0,
5,1,0,2,1,1,1,2,1,2,0,2,1,1,1,1,1,2,0,2,1,2,1,2,1,2,0,2,1,2,1,
5,1,0,2,1,1,1,2,1,2,0,2,1,1,1,1,1,2,0,2,1,2,1,2,1,2,0,2,1,2,0,
5,1,0,2,1,1,1,2,1,2,0,2,1,1,1,2,1,2,0,2,1,2,1,2,1,2,0,2,1,2,1,
5,1,0,2,1,1,1,2,1,2,0,2,1,1,1,2,1,2,0,2,1,2,1,2,1,2,0,2,1,2,1,
6,1,0,2,1,2,1,2,1,2,0,3,1,2,1,2,1,2,1,3,1,2,1,2,1,2,1,2,1,2,1,
5,1,0,2,1,1,0,2,1,1,0,2,1,1,0,1,1,1,0,2,1,2,0,2,1,2,0,2,1,2,0,
5,1,0,2,1,1,0,2,0,1,0,1,0,1,0,1,0,1,0,2,1,1,0,1,0,1,0,1,0,2,0,
5,1,0,1,1,1,0,2,0,1,0,1,0,1,0,1,0,1,0,2,1,1,0,1,0,1,0,1,0,2,0,
5,1,0,2,1,1,0,1,0,1,0,1,0,1,0,1,1,1,0,2,1,1,0,2,0,1,0,2,0,2,0,
5,1,0,2,1,1,0,1,1,1,0,2,1,1,0,1,1,1,0,2,1,1,0,2,1,1,0,2,0,2,0,
5,1,0,2,1,2,1,2,1,2,0,2,1,2,1,2,1,2,1,2,1,2,1,2,1,2,1,2,1,2,1,
5,1,0,2,1,2,1,2,1,2,0,2,1,2,1,2,1,2,1,2,2,2,1,2,1,2,1,2,1,2,1,
7,1,0,2,1,1,0,2,1,1,0,2,1,1,0,1,1,1,0,2,1,1,1,2,1,2,0,2,1,2,0,
5,1,0,2,1,1,0,2,1,2,0,2,1,1,0,1,1,2,0,2,1,2,1,2,1,2,0,2,1,2,0,
5,1,0,2,1,1,1,2,1,2,0,2,1,1,1,1,1,2,0,2,1,2,1,2,1,2,0,2,1,2,0,
5,1,0,2,1,2,1,2,1,2,0,2,1,2,1,2,1,2,1,2,1,2,1,2,1,2,1,2,1,2,1,
7,4,1,4,5,4,1,4,1,4,0,4,1,5,1,4,1,5,1,4,1,5,1,4,1,4,1,4,1,4,1,
5,1,1,2,1,2,1,2,1,2,0,2,1,2,1,2,1,2,1,2,1,2,1,2,1,2,1,2,1,2,1,
5,2,0,2,2,2,1,2,1,2,0,2,1,2,1,2,1,2,1,2,1,2,1,2,1,2,1,2,1,2,1,
5,2,1,3,2,2,1,2,1,2,0,2,1,2,1,2,1,2,1,3,1,2,1,2,1,2,1,2,1,2,1,
5,1,0,1,1,1,0,1,0,1,0,1,0,1,0,1,0,1,0,2,1,1,0,2,0,1,0,1,0,2,0,
5,1,0,2,1,1,0,1,0,1,0,1,0,1,0,1,0,1,0,2,1,1,0,1,0,1,0,1,0,1,0,
5,1,0,2,1,1,0,1,1,1,0,1,1,1,0,1,1,1,0,2,1,1,0,2,1,1,0,2,0,2,0,
4,1,0,2,1,1,0,1,1,1,0,2,1,1,0,1,1,1,0,2,1,1,1,2,1,1,0,2,1,2,0,
5,1,0,2,1,1,0,2,1,2,0,2,1,1,0,1,1,2,0,2,1,2,1,2,1,2,0,2,1,2,0,
5,1,0,2,1,1,1,2,1,1,0,2,1,1,1,1,1,2,0,2,1,2,1,2,1,2,0,2,1,2,0,
5,1,0,2,1,1,1,2,1,2,0,2,1,1,1,1,1,2,0,2,1,2,1,2,1,2,0,2,1,2,0,
5,1,0,2,1,1,1,2,1,2,0,2,1,1,1,2,1,2,0,2,1,2,1,2,1,2,0,2,1,2,1,
5,1,1,2,1,2,1,2,1,2,0,2,1,2,1,2,1,2,1,2,1,2,1,2,1,2,1,2,1,2,1,
5,1,1,2,1,2,1,2,1,2,0,2,1,2,1,2,1,2,1,2,1,2,1,2,1,2,1,2,1,2,1,
5,1,1,2,1,2,1,2,1,2,0,2,1,2,1,2,1,2,1,2,1,2,1,2,1,2,1,2,1,2,1,
5,1,1,2,1,2,1,2,1,2,0,2,1,2,1,2,1,2,1,3,1,2,1,2,1,2,1,2,1,2,1,
6,1,0,2,1,1,1,2,1,1,0,1,1,1,1,1,1,1,0,2,1,2,2,1,1,1,0,2,0,2,0,
6,1,0,2,1,1,1,2,1,1,0,2,1,1,1,1,1,1,0,2,1,2,1,2,1,2,0,2,1,2,0,
33,1,0,5,1,1,1,29,1,26,25,4,1,1,0,4,1,2,0,5,1,2,1,5,1,2,0,7,1,4,0,
8,1,0,3,1,1,1,2,1,2,0,2,1,1,1,2,0,2,0,3,1,2,1,3,0,2,0,3,0,3,0,
5,1,0,3,1,1,0,2,1,1,0,2,1,1,0,2,1,1,0,3,1,2,0,2,1,2,0,3,1,3,0,
8,1,0,2,1,1,0,2,0,1,0,2,0,1,0,1,0,1,0,2,0,1,0,2,0,1,0,2,0,2,0,
8,1,0,2,1,1,0,2,1,1,0,2,1,1,0,2,1,2,0,2,1,2,0,2,1,2,0,3,1,2,0,
5,1,0,2,1,1,0,2,1,2,0,2,1,1,1,2,1,2,0,2,1,2,1,2,1,2,0,2,1,2,0,
5,1,0,2,1,1,0,2,1,2,0,2,1,1,0,2,1,2,0,2,1,2,1,2,1,2,0,2,1,2,1,
6,1,1,2,1,2,1,2,1,2,0,2,1,2,1,2,1,2,0,2,1,2,1,2,1,2,1,2,1,3,1,
5,1,1,2,1,2,1,2,1,2,0,2,1,2,1,2,1,2,0,2,1,2,1,2,1,2,1,2,1,2,1,
5,1,1,2,1,2,1,2,1,2,0,2,1,2,1,2,1,2,0,2,1,2,1,2,1,2,1,2,1,2,1,
30,2,1,2,2,27,1,2,1,2,0,2,1,27,1,2,1,27,1,3,1,3,1,3,1,3,1,3,1,2,1,
6,1,0,2,1,1,0,1,0,2,0,1,0,1,0,1,0,2,0,2,0,2,0,1,0,2,0,1,0,2,0,
5,1,0,2,1,1,0,1,0,1,0,1,0,1,0,1,0,1,0,2,0,1,0,1,0,1,0,1,0,1,0,
5,1,0,2,1,1,0,1,0,1,0,1,1,1,0,1,1,1,0,2,1,1,0,1,0,1,0,1,0,2,0,
5,1,0,2,1,1,0,1,1,1,0,2,1,1,0,1,1,1,0,2,1,1,0,1,1,2,0,2,0,2,0,
5,1,0,2,1,1,0,1,1,1,0,2,1,1,0,1,1,1,0,2,1,2,0,2,1,2,0,2,1,2,0,
5,1,0,2,1,1,0,2,1,2,0,2,1,1,0,2,1,2,0,2,1,2,0,2,1,2,0,2,1,2,0,
5,1,0,2,1,1,0,2,1,2,0,2,1,1,0,2,1,2,0,2,1,2,1,2,1,2,0,2,1,2,0,
5,1,0,2,1,1,0,2,1,2,0,2,1,2,0,2,1,2,0,2,1,2,1,2,1,2,0,2,1,2,1,
5,2,1,2,1,2,1,2,1,2,0,2,1,2,1,2,1,2,0,2,1,2,1,2,1,2,1,2,1,2,1,
9,2,1,2,1,2,1,2,1,5,0,2,1,2,1,2,1,2,1,2,1,6,1,2,1,6,1,2,1,2,1,
6,1,0,2,1,1,0,1,1,1,0,2,1,1,0,1,0,1,0,2,1,1,0,1,0,2,0,1,0,2,0,
5,1,0,2,1,1,0,1,0,1,0,1,0,1,0,1,0,1,0,2,0,1,0,1,0,1,0,1,0,1,0,
5,1,0,2,1,1,0,1,0,1,0,1,1,1,0,1,0,1,0,2,0,1,0,1,0,1,0,1,0,1,0,
6,2,0,2,2,2,0,2,1,2,0,2,1,2,0,2,1,2,0,2,1,2,0,2,1,2,0,2,1,2,1,
7,1,0,2,1,1,0,1,1,1,0,2,1,1,0,1,1,1,0,2,1,1,0,2,0,1,0,2,1,2,0,
6,1,0,2,1,1,0,1,1,1,0,1,1,1,0,1,1,1,0,2,1,1,0,2,0,1,0,2,1,2,0,
6,1,0,2,1,1,0,1,1,1,0,2,1,1,0,1,1,1,0,2,1,1,0,2,1,2,0,2,1,2,0,
5,1,0,2,1,1,0,2,1,1,0,2,1,1,0,1,1,1,0,2,1,2,0,2,1,2,0,2,1,2,0,
5,1,0,2,1,1,0,2,1,2,0,2,1,1,0,2,1,1,0,2,1,2,0,2,1,2,0,2,1,2,0,
5,1,0,2,2,1,0,2,1,2,0,2,1,1,0,2,1,1,0,2,1,2,0,2,1,2,0,2,1,2,1,
6,1,0,2,1,1,1,2,1,2,0,2,1,1,0,2,1,2,0,2,1,2,1,2,1,2,0,3,1,2,1,
6,2,1,3,2,2,1,2,1,2,0,3,1,2,1,2,1,2,2,3,1,2,1,2,1,2,1,2,1,3,1,
5,2,0,3,2,2,1,2,1,2,0,2,1,2,1,2,1,2,1,3,1,2,2,2,1,2,1,2,1,2,1,
5,2,0,3,2,2,1,2,1,2,0,2,1,2,1,2,1,2,1,3,1,2,1,2,1,2,1,2,1,2,1,
6,2,1,3,2,2,1,2,1,2,0,2,1,2,1,2,1,2,1,3,1,2,3,2,1,4,1,2,1,2,1,
5,1,0,2,1,1,0,1,0,1,0,1,0,1,0,1,0,1,0,2,0,1,0,1,0,1,0,1,0,1,0,
5,1,0,2,1,1,0,1,0,1,0,2,0,1,0,1,0,1,0,2,1,1,0,1,0,1,0,1,0,2,0,
6,1,0,2,1,1,0,1,0,1,0,2,0,1,0,1,1,1,0,2,1,1,0,1,0,1,0,1,0,2,0,
6,1,0,2,1,1,0,1,1,1,0,2,1,1,0,1,1,1,0,2,1,2,0,2,0,1,0,2,0,2,0,
10,2,5,4,5,2,5,2,2,3,4,4,2,3,4,2,5,3,3,4,2,3,6,2,2,3,5,4,2,5,0,
7,1,0,3,1,2,0,2,1,2,0,2,1,2,0,2,1,2,0,3,1,2,1,2,1,2,0,2,1,2,1,
8,1,0,5,1,1,0,5,1,2,0,5,1,2,0,4,1,2,0,5,1,2,1,5,1,2,0,5,1,5,0,
5,1,0,2,1,2,0,2,1,2,0,2,1,2,0,2,1,2,0,2,1,2,1,2,1,2,0,2,1,2,0,
5,1,0,2,1,2,1,2,1,2,0,2,1,2,0,2,1,2,0,2,1,2,1,2,1,2,0,2,1,2,1,
5,1,0,2,1,2,1,2,1,2,0,2,1,2,1,2,1,2,0,2,1,2,1,2,1,2,0,2,1,2,1,
5,2,0,2,1,2,1,2,1,2,0,2,1,2,1,2,1,2,0,2,1,2,1,2,1,2,1,2,1,2,1,
5,2,0,2,2,2,1,2,1,2,0,2,1,2,1,2,1,2,1,2,1,2,1,2,1,2,1,2,1,2,1,
5,1,0,2,1,1,0,1,0,1,0,1,0,1,0,1,0,1,0,2,1,1,0,1,0,1,0,1,0,1,0,
5,1,0,2,1,1,0,1,0,1,0,1,1,1,0,1,0,1,0,2,1,1,0,1,0,1,0,1,0,1,0,
5,1,0,2,1,1,0,1,1,1,0,2,1,1,0,1,1,1,0,2,1,1,0,1,1,1,0,1,1,2,0,
4,1,0,2,1,1,0,1,1,1,0,2,1,1,0,1,1,1,0,2,1,1,0,2,1,1,0,2,1,2,0,
5,1,0,2,1,1,0,2,1,1,0,2,1,1,0,1,1,1,0,2,1,2,0,2,1,2,0,2,1,2,0,
5,1,0,2,1,1,0,2,1,2,0,2,1,1,0,2,1,2,0,2,1,2,1,2,1,2,0,2,1,2,0,
5,1,0,2,1,1,1,2,1,2,0,2,1,2,0,2,1,2,0,2,1,2,1,2,1,2,0,2,1,2,1,
5,1,0,2,1,1,1,2,1,2,0,2,1,2,1,2,1,2,0,2,1,2,1,2,1,2,1,2,1,2,1,
29,1,1,2,2,2,26,2,1,2,0,2,1,2,26,2,1,2,1,2,1,2,27,2,1,2,1,2,1,2,1,
58,1,1,54,1,1,0,2,1,2,1,28,1,1,0,2,1,1,1,54,1,2,1,2,1,2,1,2,1,29,0,
6,1,0,2,1,1,0,2,0,1,0,2,0,1,0,2,0,1,0,2,0,1,0,2,0,1,0,2,0,2,0,
26,1,23,2,1,1,0,1,1,1,0,2,1,1,0,1,1,1,0,2,1,2,0,1,1,1,0,1,0,2,0,
6,1,1,2,1,1,1,2,1,2,0,2,1,2,1,2,1,2,1,3,1,2,1,2,1,2,1,2,1,2,1,
5,1,0,2,1,1,0,2,1,1,0,2,1,1,0,2,1,1,0,2,1,1,0,2,1,1,0,2,1,2,0,
5,1,0,2,1,1,0,2,1,2,0,2,1,1,0,2,1,1,1,2,1,2,1,2,1,2,1,2,1,2,1,
5,1,0,2,1,1,0,2,1,2,0,2,1,1,0,2,1,1,0,2,1,2,1,2,1,2,0,2,1,2,0,
5,1,1,2,1,1,0,2,1,2,0,2,1,2,0,2,1,2,1,2,1,2,1,2,1,2,1,2,1,2,1,
5,1,1,2,1,1,1,2,1,2,0,2,1,2,0,2,1,2,1,2,1,2,1,2,1,2,1,2,1,2,1,
6,1,0,2,1,1,0,2,1,2,0,2,1,2,0,2,1,2,0,2,1,2,0,2,1,2,0,2,1,2,1,
7,1,0,1,0,1,0,1,0,1,0,1,0,1,0,1,0,1,0,2,1,1,0,1,0,1,0,1,0,1,0,
5,1,0,1,0,1,0,1,0,1,0,1,0,1,0,1,0,1,0,2,1,1,0,1,0,1,0,1,0,1,0,
5,1,0,2,1,1,0,2,1,1,0,2,1,1,0,2,1,1,0,2,1,2,0,2,1,2,0,2,1,2,0,
6,1,0,2,1,1,0,1,1,1,0,2,1,1,0,1,1,1,0,2,1,2,0,1,1,1,0,1,0,2,0,
5,1,0,2,1,1,0,2,1,1,0,2,1,1,0,2,1,1,0,2,1,2,0,2,1,1,0,2,1,2,0,
5,1,0,2,1,1,0,2,1,1,0,2,1,1,0,1,1,1,0,2,1,2,0,2,1,2,1,2,1,2,0,
5,1,1,2,1,1,1,2,1,2,0,2,1,2,1,2,1,2,1,2,1,2,1,2,1,2,1,2,1,2,1,
5,1,0,2,1,1,0,2,1,2,0,2,1,2,0,2,1,2,1,3,1,2,1,2,1,2,1,2,1,2,1,
5,1,1,2,1,1,0,2,1,2,0,2,1,2,0,2,1,2,1,2,1,2,1,2,1,2,1,2,1,2,1,
5,1,0,1,0,1,0,1,0,1,0,1,0,1,0,1,0,1,0,2,0,1,0,1,0,1,0,1,0,1,0,
5,1,0,1,0,1,0,1,0,1,0,1,0,1,0,1,0,1,0,2,0,1,0,1,0,1,0,1,0,1,0,
5,1,0,2,1,1,0,1,0,1,0,1,1,1,0,1,0,1,0,2,1,1,0,1,0,1,0,1,0,1,0,
6,1,0,2,1,1,0,2,1,1,0,2,1,1,0,2,1,1,0,2,1,2,0,2,1,2,0,2,1,2,0,
5,1,0,2,1,1,0,2,1,1,0,2,1,1,0,1,1,1,0,2,1,1,0,2,1,1,0,2,1,2,0,
5,1,0,2,1,1,0,2,1,1,0,2,1,1,0,2,1,1,0,2,1,2,0,2,1,2,0,2,1,2,0,
5,1,0,2,1,1,0,2,1,1,0,2,1,1,0,2,1,1,0,2,1,2,2,2,1,2,2,2,1,2,0,
8,1,0,2,1,1,0,2,1,2,0,2,1,1,0,2,1,1,0,3,1,2,0,2,1,2,0,2,1,2,0,
7,1,0,4,1,1,0,4,1,2,0,4,1,2,0,3,1,2,0,4,1,2,1,4,1,2,0,4,1,4,1,
5,1,1,2,1,2,1,2,1,2,1,2,1,2,0,2,1,2,1,3,1,2,1,2,1,2,1,2,1,2,1,
7,1,1,5,1,2,1,3,1,2,0,3,1,2,0,3,1,2,1,5,1,2,1,5,1,2,1,3,1,3,1,
7,1,0,2,1,1,0,2,1,2,0,2,1,2,0,2,1,2,0,2,1,2,0,2,1,2,0,2,1,2,1,
8,1,0,1,0,1,0,1,0,1,0,1,0,1,0,1,0,1,0,2,0,1,0,1,0,1,0,1,0,1,0,
5,1,0,1,1,1,0,1,0,1,0,1,1,1,0,1,0,1,0,2,0,2,0,1,0,1,0,1,0,1,0,
5,1,0,2,1,1,0,1,1,1,0,1,1,1,0,1,1,1,0,2,1,1,0,1,0,1,0,2,0,1,0,
6,1,0,2,1,1,0,2,1,1,0,2,1,1,0,1,1,1,0,2,1,1,0,2,1,1,0,2,1,2,0,
5,1,0,2,1,1,0,2,1,1,0,2,1,1,0,1,1,1,0,2,1,2,0,2,1,2,0,2,1,2,0,
5,1,0,2,1,1,0,2,1,2,0,2,1,1,0,1,1,1,0,2,1,2,0,2,1,2,0,2,1,2,0,
5,1,0,2,1,2,0,2,1,2,0,2,1,2,0,2,1,2,0,2,1,2,0,2,1,2,0,2,1,2,0,
5,1,1,2,1,2,0,2,1,2,0,2,1,2,0,2,1,2,1,2,1,2,1,2,1,2,1,2,1,2,1,
5,1,1,2,1,2,1,2,1,2,0,2,1,2,1,2,1,2,1,2,1,2,1,2,1,2,1,2,1,2,1,
6,1,0,2,1,1,0,1,1,1,0,1,1,1,0,1,1,1,0,2,1,1,0,1,0,1,0,2,0,2,0,
5,1,0,1,1,1,0,1,0,1,0,1,1,1,0,1,0,1,0,2,1,1,0,1,0,1,0,1,0,1,0,
5,1,1,2,1,2,1,2,1,2,0,2,1,2,0,2,1,2,1,2,1,2,1,2,1,2,1,2,1,2,1,
5,1,0,2,1,2,1,2,1,2,0,2,1,2,1,2,1,2,1,3,1,2,1,2,1,2,1,2,1,2,1,
5,1,0,1,0,1,0,1,0,1,0,1,0,1,0,1,0,1,0,2,0,1,0,1,0,1,0,1,0,1,0,
5,1,0,1,1,1,0,1,0,1,0,1,0,1,0,1,0,1,0,1,0,1,0,1,0,1,0,1,0,1,0,
5,1,0,1,1,1,0,1,0,1,0,1,0,1,0,1,0,1,0,2,1,1,0,1,0,1,0,1,0,1,0,
32,1,0,2,1,1,0,2,1,1,0,2,1,1,0,28,1,1,0,2,1,2,0,2,1,2,0,2,1,2,0,
6,1,0,4,1,1,0,3,1,1,0,3,1,1,0,2,1,1,0,4,1,2,0,3,1,2,0,3,1,3,0,
26,1,0,2,1,1,0,2,1,1,0,2,1,1,0,1,1,1,0,2,1,2,0,2,1,2,0,2,23,2,0,
27,1,0,2,2,1,0,2,1,2,0,2,1,2,0,2,2,2,0,2,1,2,0,2,25,2,0,2,1,2,1,
6,2,0,2,2,2,0,2,2,2,0,2,2,2,0,2,2,2,0,2,2,2,0,2,2,2,0,2,1,2,1,
29,1,0,2,1,1,0,2,1,2,0,2,1,1,0,1,26,2,0,2,1,2,1,2,1,2,0,2,1,2,1,
5,2,0,2,2,2,0,2,1,2,0,2,2,2,0,2,2,2,1,2,2,2,1,2,1,2,1,2,1,2,1,
5,1,1,2,1,1,1,2,1,2,0,2,1,2,1,2,1,2,1,2,1,2,1,2,1,2,1,2,1,2,1,
5,1,0,2,1,2,0,2,1,2,0,2,1,2,0,2,1,2,1,2,1,2,1,2,1,2,1,2,1,2,1,
5,1,0,2,1,2,1,2,1,2,0,2,1,2,1,2,1,2,1,2,1,2,1,2,1,2,1,2,1,2,1,
5,2,1,2,2,2,1,2,1,2,0,2,1,2,1,2,1,2,1,2,1,2,1,2,1,2,1,2,1,2,1,
5,1,0,2,1,1,0,1,0,1,0,1,0,1,0,1,1,2,0,2,0,2,0,1,0,2,0,2,0,2,0,
6,1,0,2,1,1,0,2,0,2,0,2,1,2,0,1,1,2,0,2,1,2,0,2,0,2,0,2,0,2,0,
4,1,0,2,1,1,0,2,1,1,0,2,1,1,0,1,1,1,0,2,1,1,0,2,1,2,0,2,1,2,0,
5,1,0,2,1,1,0,2,1,2,0,2,1,2,0,2,1,2,0,2,1,2,1,2,1,2,0,2,1,2,0,
5,1,0,2,1,1,0,2,1,1,0,2,1,1,0,1,1,1,0,2,1,2,0,2,1,2,0,2,1,2,0,
5,1,0,2,1,1,0,2,1,2,0,2,1,1,0,1,1,1,0,2,1,2,0,2,1,2,0,2,1,2,0,
5,1,0,2,1,1,1,2,1,2,0,2,1,1,1,2,1,2,1,2,1,2,1,2,1,2,1,2,1,2,1,
5,1,0,2,1,2,1,2,1,2,0,2,1,2,1,2,1,2,1,2,1,2,1,2,1,2,1,2,1,2,1,
5,1,0,2,1,1,1,2,1,2,0,2,1,2,1,2,1,2,0,2,1,2,1,2,1,2,1,2,1,2,1,
5,1,0,2,1,2,1,2,1,2,0,2,1,2,1,2,1,2,0,2,1,2,1,2,1,2,1,2,1,2,1,
6,1,0,2,1,1,0,1,0,1,0,1,0,1,0,1,1,1,0,2,1,1,0,1,0,1,0,1,0,2,0,
36,2,1,2,2,2,1,2,1,2,0,2,1,2,1,2,1,27,1,33,1,2,1,33,1,2,1,2,1,2,1,
29,1,0,2,1,1,0,2,0,2,0,2,22,2,0,1,0,1,25,3,0,2,0,2,0,2,0,2,0,2,0,
6,1,1,2,2,2,1,2,2,2,0,2,1,2,1,2,2,2,1,2,2,2,1,2,1,2,1,2,1,2,1,
7,1,0,2,1,1,0,2,1,2,0,2,1,1,0,2,1,1,0,2,1,2,0,2,1,2,0,2,1,2,0,
6,1,0,2,1,1,0,2,1,1,0,1,1,1,0,1,1,1,0,2,1,1,0,1,0,2,0,2,0,2,0,
4,1,0,2,1,1,0,2,1,1,0,2,1,1,0,1,1,1,0,2,1,1,0,2,1,2,0,2,1,2,0,
5,1,0,2,1,1,0,2,1,1,0,2,1,1,0,1,1,1,0,2,1,2,0,2,1,2,0,2,1,2,0,
5,1,0,2,1,1,0,2,1,2,0,2,1,1,0,1,1,1,0,2,1,2,0,2,1,2,0,2,1,2,0,
5,1,0,2,1,1,0,2,1,2,0,2,1,1,0,2,1,1,0,2,1,2,1,2,1,2,0,2,1,2,0,
5,1,0,2,1,2,1,2,1,2,0,2,1,2,0,2,1,2,0,2,1,2,1,2,1,2,1,2,1,2,1,
5,2,0,2,1,2,1,2,1,2,0,2,1,2,1,2,1,2,1,2,2,2,1,2,1,2,1,2,1,2,1,
5,2,1,2,1,2,1,2,1,2,0,2,2,2,1,2,1,2,1,2,1,2,1,2,1,2,1,2,1,2,1,
6,2,1,3,2,2,1,2,1,2,0,2,1,2,1,2,1,2,1,3,2,2,1,2,1,2,1,3,1,3,1,
5,1,0,2,1,2,0,2,1,2,0,2,1,2,0,1,1,1,0,2,1,2,0,2,1,2,0,2,1,2,0,
5,1,0,2,1,1,0,1,0,1,0,1,0,1,0,1,1,1,0,2,1,1,0,1,0,1,0,2,0,2,0,
7,1,0,2,1,1,0,2,1,1,0,2,1,2,0,2,1,2,0,2,1,2,0,2,1,2,0,2,1,2,0,
4,1,0,2,1,1,0,2,1,1,0,2,1,1,0,1,1,1,0,2,1,1,0,2,0,1,0,2,0,2,0,
5,1,0,2,1,1,0,2,1,1,0,2,1,1,0,1,1,1,0,2,1,1,0,2,1,1,0,2,1,2,0,
8,1,0,3,1,2,1,2,3,2,0,2,1,2,0,1,1,2,0,3,3,2,1,2,1,6,1,4,1,2,0,
6,2,0,3,2,2,1,2,1,2,0,3,2,2,1,2,2,2,1,3,2,2,1,3,1,2,1,2,1,3,1,
7,2,1,2,2,2,1,2,1,2,0,2,1,2,1,2,1,2,1,3,1,2,1,2,1,2,1,2,1,3,1,
5,1,0,2,1,2,0,2,1,2,0,2,1,2,0,2,1,2,0,2,1,2,1,2,1,2,1,2,1,2,0,
5,1,0,2,1,2,1,2,1,2,0,2,1,2,1,2,1,2,0,2,1,2,1,2,1,2,1,2,1,2,1,
5,1,0,2,1,2,1,2,1,2,0,2,1,2,1,2,1,2,0,2,1,2,1,2,1,2,1,2,1,2,1,
8,1,0,2,1,2,0,2,1,2,0,2,1,2,0,2,1,2,0,2,1,2,0,2,1,2,0,2,1,2,1,
7,2,1,2,2,2,1,2,1,2,0,2,1,2,1,2,1,2,1,2,1,2,1,2,1,2,1,2,1,2,1,
5,1,0,2,1,1,0,1,0,1,0,1,0,1,0,1,1,1,0,2,1,1,0,1,0,1,0,1,0,2,0,
6,2,0,2,1,2,0,2,1,2,0,1,1,2,0,1,1,2,0,2,1,2,0,1,1,2,0,2,0,2,0,
5,1,0,2,1,1,0,1,1,1,0,1,1,1,0,1,1,1,0,2,1,1,0,1,1,1,0,1,0,2,0,
5,1,0,2,1,1,0,2,1,1,0,2,1,1,0,1,1,1,0,2,1,1,0,2,1,2,0,2,1,2,0,
5,1,1,2,1,2,0,2,1,2,0,2,1,1,0,2,1,2,0,2,1,2,1,2,1,2,1,2,1,2,0,
5,1,0,2,1,2,0,2,1,2,0,2,1,2,0,2,1,2,0,2,1,2,0,2,1,2,1,2,1,2,0,
6,1,0,3,1,1,0,2,1,2,0,2,1,2,0,2,1,2,0,3,1,2,0,2,1,2,0,2,1,2,0,
5,1,0,2,1,2,0,2,1,2,0,2,1,2,0,2,1,2,0,2,1,2,0,2,1,2,0,2,1,2,0,
6,1,0,2,1,1,0,2,1,1,0,2,1,1,0,1,1,1,0,2,1,1,0,2,1,2,0,2,1,4,0,
5,1,0,2,1,2,1,2,1,2,0,2,1,2,1,2,1,2,0,2,1,2,1,2,1,2,1,2,1,2,1,
5,1,1,2,1,2,1,2,1,2,0,2,1,2,1,2,1,2,1,2,1,2,1,2,1,2,1,2,1,2,1,
5,1,1,2,1,2,1,2,1,2,0,2,1,2,1,2,1,2,1,2,1,2,1,2,1,2,1,2,1,2,1,
5,1,0,2,1,1,0,1,0,1,0,1,0,1,0,1,0,1,0,2,0,1,0,2,0,1,0,1,0,2,0,
5,1,0,2,1,1,0,1,0,1,0,1,0,1,0,1,1,1,0,2,1,1,0,1,0,1,0,1,0,2,0,
5,1,0,2,1,1,0,1,0,1,0,1,1,1,0,1,1,1,0,2,1,1,0,1,0,1,0,1,0,2,0,
6,1,0,2,1,1,0,1,1,1,0,2,1,1,0,1,1,1,0,2,1,1,0,2,1,1,0,2,0,2,0,
8,1,0,4,1,1,0,4,1,1,0,4,1,1,0,4,1,1,0,5,1,1,0,4,1,2,0,4,0,4,0,
5,1,0,2,1,1,0,2,1,1,0,2,1,1,0,1,1,1,0,2,1,1,0,2,1,2,0,2,1,2,0,
5,1,0,2,1,1,0,2,1,1,0,2,1,1,0,1,1,1,0,2,1,1,0,2,1,2,0,2,1,2,0,
9,1,0,2,1,1,0,2,1,1,0,2,1,1,0,1,1,1,0,2,1,1,0,2,1,1,0,2,1,2,0,
5,1,0,2,2,2,0,2,1,2,0,2,1,2,0,2,1,2,2,2,1,2,1,2,1,2,0,2,1,2,0,
39,2,1,3,26,3,1,3,25,3,0,3,2,32,1,3,2,3,1,3,2,36,2,3,2,35,26,3,2,3,2,
7,2,0,2,1,2,1,2,1,2,0,2,1,2,1,1,1,3,1,2,2,2,1,2,1,3,1,2,1,2,1,
5,1,0,2,1,1,0,1,0,1,0,1,0,1,0,1,1,1,0,2,1,1,0,1,0,1,0,1,0,2,0,
5,2,1,2,1,2,1,2,1,2,0,2,1,2,1,2,1,2,1,3,1,2,1,2,1,2,1,2,1,2,1,
5,1,0,2,1,1,0,1,0,1,0,1,0,1,0,1,0,1,0,2,1,1,0,1,0,1,0,1,0,2,0,
5,1,0,2,1,1,0,1,0,1,0,1,0,1,0,1,1,1,0,2,1,1,0,1,0,1,0,2,0,2,0,
5,1,0,2,1,1,0,1,0,1,0,1,0,1,0,1,1,1,0,2,1,1,0,1,0,1,0,2,0,2,0,
5,1,0,2,1,1,0,1,0,1,0,2,1,1,0,1,1,1,0,2,1,1,0,2,1,1,0,2,1,2,0,
5,1,0,2,1,1,0,1,0,1,0,1,1,1,0,1,1,1,0,2,1,1,0,2,1,1,0,2,0,2,0,
5,1,0,2,1,1,0,2,1,1,0,2,1,1,0,1,1,1,0,2,1,1,0,2,1,1,0,2,1,2,0,
5,1,0,2,1,1,0,2,1,1,0,2,1,1,0,1,1,1,0,2,1,2,0,2,1,1,0,2,1,2,0,
5,1,0,2,1,1,0,2,1,1,0,2,1,1,0,2,1,1,0,2,1,2,0,2,1,2,0,2,1,2,0,
5,1,0,2,1,1,0,2,1,1,0,2,1,1,0,2,1,2,0,2,1,2,1,2,1,2,0,2,1,2,0,
5,1,0,2,1,2,0,2,1,2,0,2,1,1,0,2,1,2,0,2,1,2,1,2,1,2,0,2,1,2,1,
5,1,0,2,1,2,1,2,1,2,0,2,1,2,0,2,1,2,0,2,1,2,1,2,1,2,0,2,1,2,1,
7,1,0,2,1,2,1,2,1,2,0,2,1,2,1,2,1,2,0,2,1,2,1,2,1,2,1,2,1,2,1,
5,2,0,2,1,2,1,2,1,2,0,2,1,2,1,2,1,2,0,3,1,2,1,2,1,2,1,2,1,3,1,
5,2,1,2,2,2,1,2,1,2,0,2,1,2,1,2,1,2,1,3,1,2,1,2,1,2,1,2,1,2,1,
5,1,0,2,1,1,0,2,1,1,0,1,0,1,0,1,1,1,0,2,1,1,0,1,0,1,0,1,0,2,0,
6,2,0,2,1,2,0,2,1,2,0,2,1,2,0,2,1,2,0,2,1,2,0,2,1,2,0,2,1,2,1,
6,1,0,2,1,1,1,2,1,1,0,2,1,1,1,2,1,1,1,2,1,2,1,2,1,2,1,2,1,2,1,
5,1,0,2,1,1,0,2,1,1,0,2,1,1,0,2,1,1,0,2,1,2,0,2,1,1,0,2,1,2,0,
5,1,0,2,1,1,0,2,1,1,0,2,1,1,0,2,1,1,0,2,1,2,0,2,1,2,0,2,1,2,0,
5,1,0,2,1,2,0,2,1,2,0,2,1,1,0,2,1,2,0,2,1,2,1,2,1,2,0,2,1,2,0,
5,1,0,2,1,1,0,2,1,1,0,2,1,1,0,2,1,1,0,2,1,2,0,2,1,2,0,2,1,2,0,
5,1,0,2,1,2,0,2,1,2,0,2,1,2,0,2,1,2,0,2,1,2,1,2,1,2,0,2,1,2,1,
5,1,0,2,1,2,1,2,1,2,0,2,1,2,1,2,1,2,0,2,1,2,1,2,1,2,1,2,1,2,1,
29,1,0,2,1,2,1,2,1,2,0,2,1,2,1,2,1,2,1,3,1,2,1,2,1,2,1,2,1,27,1,
30,1,0,2,1,1,0,1,0,1,0,2,0,1,0,1,0,1,0,3,0,1,0,2,0,1,0,26,0,2,0,
6,2,0,3,1,2,1,3,1,2,0,3,1,2,1,2,1,2,0,4,1,2,1,3,1,2,1,3,1,3,1,
5,2,1,2,2,2,1,2,1,2,0,2,1,2,1,2,2,2,1,3,1,2,1,2,1,2,1,2,1,3,1,
28,1,0,1,1,1,0,1,0,1,0,1,0,1,0,1,1,1,0,2,0,1,24,1,0,1,0,2,0,2,0,
6,1,0,2,1,2,1,2,1,2,0,2,1,2,1,2,1,2,1,2,1,2,1,2,1,2,1,2,1,2,0,
5,1,0,2,1,1,0,1,1,1,0,1,1,1,0,1,1,1,0,2,1,1,0,1,0,1,0,2,1,2,0,
4,1,0,2,1,1,0,1,1,1,0,1,1,1,0,1,1,1,0,2,1,1,0,2,1,1,0,2,0,2,0,
5,2,0,2,1,2,1,2,1,2,0,2,1,2,1,2,1,2,1,3,1,2,1,2,1,2,1,3,1,2,1,
5,1,0,2,1,1,0,2,1,1,0,2,1,1,0,1,1,1,0,2,1,1,0,2,1,2,0,2,1,2,0,
7,1,0,4,1,1,0,4,1,2,0,4,1,2,0,4,1,1,0,4,1,2,0,4,1,2,0,4,1,4,0,
5,1,0,2,1,1,0,2,1,2,0,2,1,2,0,2,1,2,0,2,1,2,0,2,1,2,1,2,1,2,0,
5,1,0,2,1,2,0,2,1,2,0,2,1,2,0,2,1,2,0,2,1,2,0,2,1,2,0,2,1,2,1,
5,2,0,2,1,2,1,2,1,2,0,2,1,2,1,2,1,2,0,2,1,2,1,2,1,2,0,2,1,2,1,
5,2,1,2,1,2,1,2,1,2,0,2,1,2,1,2,1,2,1,3,1,2,1,2,1,2,1,2,1,2,1,
6,1,0,2,1,1,0,1,1,1,0,2,1,1,0,1,1,1,0,2,1,1,0,2,1,1,0,1,1,2,0,
5,1,0,2,1,1,0,1,0,1,0,2,1,1,0,1,1,1,0,2,0,1,0,2,0,1,0,1,0,2,0,
5,1,0,2,1,1,0,1,1,1,0,2,1,1,0,1,1,1,0,2,1,1,0,2,1,1,0,1,1,2,0,
6,1,0,2,1,1,1,1,1,1,0,2,1,1,0,1,1,1,0,2,1,1,0,2,1,1,0,1,1,2,0,
5,1,0,2,1,1,1,2,1,1,0,2,1,1,0,1,1,1,0,2,1,1,1,2,1,1,0,2,1,2,0,
26,1,0,2,1,1,1,2,1,1,0,2,1,1,0,1,1,1,0,2,23,1,0,2,1,1,0,2,1,2,0,
5,1,0,2,2,1,0,2,1,2,0,2,1,1,0,2,1,1,0,2,1,2,0,2,1,2,0,2,1,2,1,
5,1,0,2,1,1,1,2,1,1,0,2,1,1,0,1,1,1,0,2,1,2,1,2,1,2,0,2,1,2,0,
5,1,0,2,1,1,1,2,1,2,0,2,1,1,1,2,1,1,0,2,1,2,1,2,1,2,1,2,1,2,1,
5,1,0,2,1,2,1,2,1,2,0,2,1,2,1,2,1,2,0,2,1,2,1,2,1,2,1,2,1,2,1,
5,1,0,2,1,2,0,2,1,2,0,2,1,2,1,2,1,2,0,2,1,2,1,2,1,2,1,2,1,2,1,
5,1,0,2,1,2,1,2,1,2,0,2,1,2,1,2,1,2,1,2,1,2,1,2,1,2,1,2,1,2,1,
6,2,0,2,1,2,1,2,1,2,0,2,1,2,1,2,1,2,1,3,1,2,1,2,1,3,1,2,1,2,1,
5,1,0,1,0,1,0,1,0,1,0,1,0,1,0,1,0,1,0,2,0,1,0,1,0,1,0,1,0,1,0,
6,1,0,2,1,2,1,2,1,2,0,2,1,2,1,2,1,2,1,3,1,2,1,2,1,2,1,2,1,2,1,
5,1,0,2,1,1,0,1,0,1,0,2,1,1,0,1,1,1,0,2,0,1,0,2,0,1,0,1,0,2,0,
5,1,0,2,1,1,0,1,0,1,0,2,0,1,0,1,1,1,0,2,0,1,0,2,0,1,0,1,0,2,0,
4,1,0,2,1,1,0,1,0,1,0,2,1,1,0,1,1,1,0,2,0,1,0,2,0,1,0,1,0,2,0,
5,1,0,2,1,1,0,1,1,1,0,2,1,1,0,1,1,1,0,2,1,1,0,2,1,1,0,2,1,2,0,
8,1,0,2,1,1,0,2,1,1,0,2,1,2,0,1,1,1,0,2,1,2,0,2,1,2,0,2,1,2,0,
7,1,0,2,1,2,1,2,1,2,0,2,1,2,1,2,1,2,0,3,1,2,1,2,1,2,1,2,1,2,1,
6,1,0,3,1,2,0,2,1,2,0,2,1,2,0,2,1,2,0,3,1,2,1,2,1,2,0,2,1,3,1,
5,1,0,2,1,2,0,2,1,2,0,2,1,2,0,2,1,2,0,3,1,2,1,2,1,2,0,2,1,2,1,
5,1,0,2,1,2,1,2,1,2,0,2,1,2,1,2,1,2,1,3,1,2,1,2,1,2,1,2,1,2,1,
5,1,0,2,1,2,1,2,1,2,0,2,1,2,1,2,1,2,1,3,1,2,1,2,1,2,1,2,1,2,1,
5,1,1,2,1,2,1,2,1,2,0,2,1,2,1,2,1,2,1,3,1,2,1,2,1,2,1,2,1,2,1,
5,1,0,1,0,1,0,1,0,1,0,1,0,1,0,1,0,1,0,2,0,1,0,1,0,1,0,1,0,1,0,
5,1,0,2,1,1,0,1,0,1,0,1,0,1,0,1,0,1,0,2,0,1,0,1,0,1,0,1,0,2,0,
5,1,0,2,1,1,0,1,0,1,0,2,0,1,0,1,0,1,0,2,0,1,0,1,0,1,0,1,0,2,0,
8,1,0,2,1,1,0,1,2,1,0,1,1,1,0,1,0,1,0,2,0,1,0,1,0,1,0,1,0,2,0,
4,1,0,2,1,1,0,1,1,1,0,2,1,1,0,1,1,1,0,2,1,1,0,2,1,1,0,2,1,2,0,
5,1,0,2,1,1,0,1,1,1,0,2,1,1,0,1,1,1,0,2,1,1,1,2,1,1,1,2,1,2,0,
5,1,0,2,1,1,1,2,1,1,0,2,1,1,0,1,1,1,1,2,1,2,1,2,1,2,0,2,1,2,0,
5,1,0,2,1,1,0,2,1,1,0,2,1,1,0,1,1,1,0,2,1,2,1,2,1,2,1,2,1,2,0,
6,2,1,3,2,2,1,2,1,2,1,3,1,2,1,2,2,2,1,3,1,2,1,2,1,2,0,2,1,3,1,
5,1,0,2,1,2,0,2,1,2,0,2,1,2,0,2,1,2,0,2,1,2,1,2,1,2,0,2,1,2,1,
5,1,0,2,1,2,1,2,1,2,0,2,1,2,0,2,1,2,0,2,1,2,1,2,1,2,0,2,1,2,1,
5,1,0,2,1,2,1,2,1,2,0,2,1,2,1,2,1,2,1,2,1,2,1,2,1,2,1,2,1,2,1,
5,1,1,2,1,2,1,2,1,2,0,2,1,2,1,2,1,2,1,3,1,2,1,2,1,2,1,2,1,2,1,
5,1,0,2,1,1,0,1,0,1,0,2,0,1,0,1,0,1,0,2,0,1,0,2,0,1,0,1,0,2,0,
9,4,0,5,4,4,3,4,3,4,0,5,3,4,3,4,4,4,3,5,3,4,3,5,3,4,3,4,3,5,3,
6,1,0,2,1,1,0,1,1,1,0,2,1,1,0,1,1,1,0,2,1,1,0,2,0,1,0,1,0,2,0,
4,1,0,2,1,1,0,1,1,1,0,2,1,1,0,1,1,1,0,2,1,1,0,2,0,1,0,1,1,2,0,
5,1,0,2,1,1,0,2,1,2,0,2,1,1,0,1,1,1,0,2,1,2,0,2,1,2,0,2,1,2,0,
5,1,0,2,1,1,0,2,1,1,0,2,1,1,0,1,1,2,0,2,1,2,0,2,1,2,0,2,1,2,0,
5,1,0,2,1,2,0,2,1,2,0,2,1,2,0,2,1,2,0,2,1,2,0,2,1,2,0,2,1,2,0,
6,3,0,2,1,3,0,2,1,3,0,2,1,3,0,1,1,3,0,2,1,4,0,2,1,4,0,2,1,2,0,
5,1,0,2,1,2,0,2,1,2,0,2,1,2,0,2,1,2,1,2,1,2,1,2,1,2,1,2,1,2,1,
5,1,0,2,1,2,0,2,1,2,0,2,1,2,1,2,1,2,1,2,1,2,1,2,1,2,0,2,1,2,1,
5,1,0,2,1,2,1,2,1,2,0,2,1,2,1,2,1,2,1,2,1,2,1,2,1,2,1,2,1,2,1,
5,1,0,2,1,2,1,2,1,2,0,2,1,2,1,2,1,2,1,2,1,2,1,2,1,2,1,2,1,2,1,
5,1,0,2,1,2,1,2,1,2,0,2,1,2,1,2,1,2,0,3,1,2,1,2,1,2,1,2,1,2,1,
5,2,1,2,1,2,1,2,1,2,0,2,1,2,1,2,1,2,1,3,1,2,1,2,1,2,1,2,1,2,1,
5,1,0,2,1,1,0,1,1,1,0,1,0,1,0,1,1,1,0,2,0,1,0,2,0,1,0,1,0,2,0,
6,1,0,2,1,1,0,1,1,1,0,2,1,1,0,2,1,1,0,2,1,1,0,2,1,2,0,2,1,2,0,
5,1,0,2,1,1,0,1,1,1,0,2,1,1,0,1,1,1,0,2,1,1,0,2,0,1,0,2,0,2,0,
5,1,0,2,1,1,0,2,1,1,0,2,1,1,0,1,1,1,0,2,1,1,0,2,1,2,0,2,1,2,0,
5,1,0,2,1,1,0,2,1,1,0,2,1,2,0,1,1,2,0,2,1,2,0,2,1,2,0,2,1,2,0,
7,1,0,5,1,2,1,4,1,2,0,4,1,2,0,4,1,2,0,5,1,2,1,5,1,2,0,5,1,5,0,
5,1,0,2,1,2,0,2,1,2,0,2,1,2,0,2,1,2,0,3,1,2,0,2,1,2,0,2,1,2,1,
5,1,0,2,1,2,0,2,1,2,0,2,1,2,0,2,1,2,0,3,1,2,1,2,1,2,0,2,1,2,1,
8,1,0,2,1,2,0,2,1,2,0,2,1,2,0,1,1,2,0,2,1,2,0,2,1,2,0,2,1,2,0,
5,1,0,2,1,2,1,2,1,2,0,2,1,2,1,2,1,2,0,3,1,2,1,2,1,2,1,2,1,2,1,
5,1,0,2,1,2,1,2,1,2,0,2,1,2,1,2,1,2,1,3,1,2,1,2,1,2,1,2,1,2,1,
5,1,0,1,0,1,0,1,0,1,0,1,0,1,0,1,0,1,0,2,0,1,0,1,0,1,0,1,0,1,0,
5,1,0,2,1,1,0,1,0,1,0,1,0,1,0,1,1,1,0,2,0,1,0,1,1,1,0,1,0,2,0,
8,1,0,2,1,1,0,2,1,1,0,2,1,1,0,1,1,4,0,2,1,1,0,2,1,2,0,2,1,2,0,
5,1,0,2,1,1,0,2,1,1,0,2,1,1,0,1,1,1,0,3,1,1,0,2,1,2,0,2,1,2,0,
5,1,0,2,1,2,0,2,1,1,0,2,1,1,0,2,1,1,0,2,1,2,0,2,1,2,0,2,1,2,0,
5,1,0,2,1,2,0,2,1,2,0,2,1,2,0,1,1,2,0,2,1,2,0,2,1,2,0,2,1,2,0,
5,1,0,2,1,2,0,2,1,2,0,2,1,2,0,2,1,2,0,2,1,2,0,2,1,2,1,2,1,2,1,
5,1,0,2,1,2,0,3,1,2,0,2,1,2,0,2,1,2,0,2,1,2,0,2,1,2,0,2,1,2,0,
5,1,0,2,1,2,0,2,1,2,0,2,1,2,0,2,1,2,0,2,1,2,1,2,1,2,1,2,1,2,1,
5,1,0,2,1,2,1,2,1,2,0,2,1,2,1,2,1,2,1,3,1,2,1,2,1,2,1,2,1,2,1,
5,1,0,2,1,1,0,1,0,1,0,1,1,1,0,1,0,1,0,2,0,1,0,2,0,1,0,1,0,2,0,
6,1,0,2,1,2,1,2,1,2,0,2,1,1,1,2,1,2,1,2,1,2,1,2,1,2,1,2,1,2,0,
5,1,0,3,1,2,0,2,1,2,0,2,1,1,1,2,1,2,0,3,1,2,0,2,1,2,0,2,1,3,0,
7,2,0,5,2,2,1,4,2,2,0,4,2,2,1,4,1,2,0,5,1,2,0,4,1,2,0,4,1,4,1,
5,1,0,2,1,2,0,2,1,2,0,2,1,2,0,1,1,2,0,2,1,2,0,2,1,2,0,2,1,2,0,
8,1,0,5,1,2,0,5,1,1,0,5,1,1,0,4,1,2,0,5,1,2,0,5,1,2,0,5,1,5,0,
5,1,0,2,1,2,0,2,1,2,0,2,1,2,0,2,1,2,0,2,1,2,0,2,1,2,0,2,1,2,1,
5,1,0,2,1,2,1,2,1,2,0,2,1,2,1,2,1,2,0,2,1,2,1,2,1,2,1,2,1,2,1,
8,1,0,2,1,2,0,2,1,2,0,2,1,1,0,2,1,2,0,2,1,2,0,2,1,2,0,2,1,2,1,
5,2,0,2,1,2,1,2,1,2,0,2,1,2,1,2,1,2,1,2,1,2,1,2,1,2,1,2,1,2,1,
5,1,0,2,1,1,0,1,1,1,0,1,0,1,0,1,0,1,0,2,1,1,0,1,0,1,0,1,0,2,0,
6,1,0,2,1,1,0,1,1,1,0,2,1,1,0,1,1,1,0,2,1,1,0,2,1,1,0,2,1,2,0,
4,1,0,2,1,1,0,1,1,1,0,2,1,1,0,1,1,1,0,2,1,1,0,2,1,1,0,2,1,2,0,
5,1,0,2,1,1,0,2,1,1,0,2,1,1,0,1,1,1,0,2,1,1,0,2,1,1,0,2,1,2,1,
5,1,0,2,1,2,0,2,1,1,0,2,1,1,0,1,1,1,0,2,1,2,0,2,1,2,0,2,1,2,1,
5,1,0,2,1,2,0,2,1,2,0,2,1,2,0,2,1,2,0,2,1,2,0,2,1,2,0,2,1,2,1,
5,1,0,2,1,2,0,2,1,2,0,2,1,2,1,2,1,2,0,2,1,2,1,2,1,2,0,2,1,2,1,
5,1,0,2,1,2,1,2,1,2,0,2,1,2,1,2,1,2,0,2,1,2,1,2,1,2,1,2,1,2,1,
5,1,0,2,1,1,0,1,1,1,0,2,1,1,0,1,1,1,0,2,1,1,0,2,1,1,0,2,1,2,1,
5,1,0,2,1,1,0,1,0,1,0,1,0,1,0,1,0,1,0,2,0,1,0,1,0,1,0,1,0,1,0,
5,1,0,2,1,1,0,1,0,1,0,1,1,1,0,1,0,1,0,2,0,1,0,1,0,1,0,1,0,2,0,
6,1,0,2,1,2,0,1,1,2,0,2,1,2,0,1,1,2,0,2,1,2,0,2,1,2,0,2,1,2,0,
5,1,0,2,1,1,0,1,1,1,0,2,1,1,0,1,1,1,0,2,1,1,0,2,1,1,0,2,1,2,0,
5,1,0,2,1,2,0,2,1,1,0,2,1,2,0,1,1,2,0,2,1,2,0,2,1,2,0,2,1,2,1,
5,1,0,2,1,2,1,2,1,2,1,2,1,2,1,2,1,2,1,2,1,2,0,2,1,2,1,2,1,2,1,
5,1,0,2,1,2,1,2,1,2,0,2,1,1,0,2,1,2,0,2,1,2,0,2,1,2,1,2,1,2,1,
8,1,0,5,1,2,1,5,1,2,0,5,1,2,0,4,1,2,0,5,1,2,0,5,1,2,1,5,1,5,1,
6,1,1,2,1,2,1,2,1,2,0,2,1,2,1,2,1,2,1,2,1,2,1,2,1,2,1,2,1,3,1,
5,0,0,2,0,1,0,1,0,1,0,1,0,1,0,1,0,1,0,2,0,1,0,1,0,1,0,1,0,2,0,
5,1,0,2,1,1,0,1,1,1,0,2,1,1,0,1,1,1,0,2,1,1,1,2,1,1,0,2,1,2,0,
5,1,0,2,1,1,0,1,0,1,0,2,1,1,0,1,0,1,0,2,0,1,0,2,0,1,0,2,0,2,0,
8,1,0,2,1,1,0,1,1,1,0,2,1,1,0,1,0,1,0,2,1,1,0,2,0,1,0,2,1,2,0,
6,1,0,2,1,1,0,1,1,1,0,2,1,1,0,1,1,1,0,2,1,1,0,2,1,1,0,2,1,2,0,
5,1,0,2,1,1,0,1,1,1,0,2,1,1,0,1,1,1,0,2,1,1,0,2,1,1,0,2,1,2,0,
5,1,0,2,1,1,0,2,1,1,0,2,1,1,0,1,1,1,0,2,1,1,0,2,1,2,0,2,1,2,0,
5,1,0,2,1,1,0,2,1,1,0,2,1,1,0,1,1,1,0,2,1,1,0,2,1,1,0,2,1,2,0,
5,1,0,2,1,1,0,2,1,2,0,2,1,1,0,1,1,1,0,2,1,2,0,2,1,2,0,2,1,2,0,
5,1,0,2,1,1,0,2,1,2,0,2,1,1,0,1,1,1,0,2,1,2,0,2,1,2,0,2,1,2,0,
5,1,0,2,1,2,1,2,1,2,0,2,1,1,0,2,1,2,0,2,1,2,1,2,1,2,0,2,1,2,1,
5,1,0,2,1,2,1,2,1,2,0,2,1,2,1,2,1,2,1,2,1,2,1,2,1,2,0,2,1,2,1,
5,1,0,2,1,2,1,2,1,2,0,2,1,2,1,2,1,2,1,2,1,2,1,2,1,2,1,2,1,2,1,
5,2,1,3,1,2,1,2,1,2,0,2,1,2,1,2,1,2,1,3,1,2,1,2,1,2,1,2,1,2,1,
5,1,0,2,1,1,0,1,1,1,0,2,1,1,0,1,1,1,0,2,1,1,0,2,1,1,0,1,1,2,0,
6,1,0,2,1,1,0,1,1,1,0,2,1,1,0,1,1,1,0,2,1,1,0,2,0,2,0,2,1,2,0,
6,1,0,2,1,1,0,1,1,1,0,2,1,1,0,1,1,1,0,2,1,1,0,2,0,1,0,2,1,2,0,
5,1,0,2,1,1,0,1,1,1,0,2,1,1,0,1,1,1,0,2,1,1,0,2,1,2,0,2,1,2,0,
7,1,0,2,1,1,0,1,1,2,0,2,1,1,0,1,1,1,0,2,1,2,0,2,1,2,0,2,1,2,0,
5,1,0,2,1,1,0,2,1,2,0,2,1,1,0,1,1,1,0,2,1,2,0,2,1,2,0,2,1,2,0,
5,1,0,2,1,1,0,2,1,2,0,2,1,1,0,1,1,1,0,2,1,2,0,2,1,2,0,2,1,2,0,
5,1,0,2,1,1,0,2,1,2,0,2,1,1,0,1,1,1,0,2,1,2,0,2,1,2,0,2,1,2,0,
6,1,0,2,1,1,0,1,1,1,0,2,1,1,0,1,1,1,0,2,1,1,0,2,0,1,0,1,1,2,0,
7,1,0,2,1,2,0,2,1,2,0,2,1,2,0,2,1,2,0,2,1,2,1,2,1,2,0,2,1,2,1,
5,1,0,2,1,2,1,2,1,2,0,2,2,2,1,2,1,2,1,2,1,2,1,2,1,2,1,2,2,2,2,
5,2,1,3,2,2,1,2,1,2,0,2,2,2,1,2,1,2,1,3,1,2,1,3,1,2,1,2,1,3,1,
5,1,0,1,1,1,0,1,0,1,0,1,1,1,0,1,0,1,0,2,0,1,0,1,0,1,0,1,0,1,0,
5,1,0,2,1,1,0,1,1,1,0,2,1,1,0,1,1,1,0,2,1,1,0,2,0,1,0,2,1,2,0,
5,1,0,2,1,1,0,1,1,1,0,2,1,1,0,1,1,1,0,2,1,1,0,2,0,1,0,2,1,2,0,
5,1,0,2,1,1,0,1,1,1,0,2,1,1,0,1,1,1,0,2,1,1,0,2,1,1,0,2,1,2,0,
5,1,0,2,1,1,0,1,1,1,0,2,1,1,0,1,1,1,0,2,1,1,0,2,1,1,0,2,1,2,0,
4,1,0,2,1,1,0,1,1,1,0,2,1,1,0,2,1,1,0,2,1,1,0,2,1,1,0,2,1,2,0,
5,1,0,2,1,1,0,2,1,1,0,2,1,1,0,1,1,1,0,2,1,1,0,2,1,1,0,2,1,2,0,
5,1,0,2,1,2,0,2,1,2,0,2,1,2,0,2,1,2,0,2,1,2,1,2,1,2,0,2,1,2,0,
5,1,0,2,1,2,0,2,1,2,0,2,1,2,0,2,1,2,0,2,1,2,0,2,1,2,0,2,1,2,0,
5,1,0,2,1,2,0,2,1,2,0,2,1,2,0,2,1,2,2,3,1,2,1,2,1,2,0,2,1,2,1,
6,1,0,3,1,2,1,3,1,2,0,3,2,2,1,2,1,2,1,3,1,2,1,2,1,2,1,3,1,3,1,
5,1,0,2,1,2,1,2,1,2,0,2,1,2,1,2,1,2,1,3,1,2,1,2,1,2,1,2,1,2,1,
5,1,0,2,1,1,0,1,1,1,0,2,1,1,0,1,1,1,0,2,0,1,0,2,0,1,0,1,1,2,0,
8,1,0,2,1,1,0,1,1,1,0,2,1,1,0,1,1,1,0,2,1,1,0,1,0,1,0,1,1,2,0,
7,2,1,2,1,2,0,2,1,2,0,2,1,2,0,2,1,2,0,3,1,2,1,2,1,2,0,2,1,2,1,
5,1,0,2,1,1,0,2,1,1,0,2,1,1,0,1,1,1,0,2,1,1,0,2,1,1,0,1,1,2,0,
5,1,0,2,1,1,0,2,1,1,0,2,1,1,0,1,1,1,0,2,1,1,0,2,0,1,0,1,1,2,0,
6,1,0,2,1,2,0,2,1,2,0,2,1,2,0,2,1,2,0,2,1,2,0,2,1,2,0,2,1,2,1,
7,1,0,2,1,2,0,2,1,2,0,2,1,1,0,2,1,2,0,2,1,2,0,2,1,2,0,2,1,2,1,
5,1,0,2,1,1,0,2,1,2,0,2,1,1,0,2,1,2,0,2,1,2,0,2,1,2,0,2,1,2,0,
5,1,0,2,1,1,0,2,1,2,0,2,1,1,0,1,1,2,0,2,1,2,0,2,1,2,0,2,1,2,0,
5,1,0,2,1,2,0,2,1,2,0,2,1,2,1,2,1,2,1,2,1,2,1,2,1,2,0,2,1,2,1,
5,1,0,2,1,2,1,2,1,2,0,2,1,2,1,2,1,2,1,3,1,2,1,2,1,2,0,2,1,2,1,
5,1,0,2,1,2,1,2,1,2,0,2,1,2,1,2,1,2,1,3,1,2,1,2,1,2,0,2,1,2,1,
7,1,0,2,1,2,0,2,1,2,0,2,1,2,0,2,1,2,0,2,1,2,0,2,1,2,0,2,1,2,1,
5,1,0,2,1,1,0,1,1,1,0,1,1,1,0,1,0,1,0,2,0,1,0,1,0,1,0,1,0,1,0,
5,1,0,2,1,1,0,1,1,1,0,1,1,1,0,1,1,1,0,2,0,1,0,1,0,1,0,1,1,1,0,
6,1,0,2,1,1,0,1,1,1,0,2,1,1,0,1,1,1,0,2,1,1,0,2,0,1,0,1,1,2,0,
6,1,0,2,1,1,0,2,1,1,0,2,1,1,0,1,1,1,0,2,1,2,0,2,1,2,0,2,1,2,0,
5,1,0,2,1,1,0,2,1,1,0,2,1,1,0,1,1,1,0,2,1,1,0,2,0,1,0,2,1,2,0,
5,1,0,2,1,1,0,2,1,1,0,2,1,1,0,1,1,1,0,2,1,1,0,2,1,1,0,2,1,2,0,
5,1,0,2,1,1,0,2,1,1,0,2,1,1,0,1,1,1,0,2,1,1,0,2,1,2,0,2,1,2,0,
5,1,0,3,1,2,0,2,1,2,0,2,1,1,0,2,1,2,0,3,1,2,0,2,1,2,0,2,1,2,1,
5,1,0,2,1,2,0,2,1,2,0,2,1,2,0,2,1,2,0,3,1,2,0,3,1,2,0,2,1,2,1,
5,1,0,2,1,2,1,2,1,2,0,2,1,2,1,2,1,2,0,2,1,2,1,2,1,2,0,2,1,2,1,
7,1,0,4,1,2,1,3,1,2,0,4,1,2,1,3,1,2,0,4,1,2,1,4,1,2,1,3,1,4,1,
6,1,0,2,1,1,0,1,1,1,0,1,1,1,0,1,1,1,0,2,1,1,0,2,0,1,0,1,1,2,0,
5,1,0,2,1,1,0,1,1,1,0,1,1,1,0,1,1,1,0,2,0,1,0,2,0,1,0,1,1,1,0,
6,1,0,2,1,2,0,2,1,2,0,2,1,2,0,2,1,2,0,3,1,2,0,2,1,2,0,2,1,2,1,
7,1,0,2,1,1,0,1,1,1,0,1,1,1,0,1,1,1,0,2,0,1,0,2,0,1,0,1,1,2,0,
6,1,0,2,1,1,0,1,1,1,0,2,1,1,0,1,1,1,0,2,1,1,0,2,0,1,0,1,1,2,0,
5,1,0,2,1,1,0,1,1,1,0,2,1,1,0,1,1,1,0,2,1,1,0,2,0,1,0,1,1,2,0,
5,1,0,2,1,1,0,2,1,1,0,2,1,1,0,1,1,1,0,2,1,1,0,2,1,2,0,2,1,2,0,
5,1,0,2,1,1,0,2,1,2,0,2,1,1,0,1,1,1,0,2,1,1,0,2,1,2,0,2,1,2,0,
6,1,0,2,1,2,1,2,1,2,0,2,1,2,1,2,1,2,1,3,1,2,1,2,1,2,1,2,1,2,1,
5,1,0,2,1,2,1,2,1,2,0,2,1,2,1,2,1,2,1,3,1,2,1,2,1,2,1,2,1,2,1,
6,2,2,3,2,2,2,2,2,2,0,3,2,2,2,2,2,2,1,3,1,2,2,3,1,2,1,2,1,3,1,
6,2,1,3,2,2,1,2,2,2,0,2,2,2,1,2,2,2,1,3,2,2,1,3,2,3,1,2,2,3,1,
5,2,1,3,1,2,1,2,1,2,0,2,2,2,1,2,1,2,1,3,1,2,1,3,1,3,1,2,1,3,1,
5,2,1,3,1,2,1,2,1,2,0,2,2,2,1,2,1,2,1,3,1,2,1,3,1,2,1,2,1,2,1,
5,1,0,2,0,1,0,1,0,1,0,1,1,1,0,1,0,1,0,2,0,1,0,1,0,1,0,1,0,1,0,
5,1,0,2,0,1,0,1,0,1,0,1,1,1,0,1,0,1,0,2,0,1,0,1,0,1,0,1,0,1,0,
5,1,0,2,1,1,0,1,1,1,0,2,1,1,0,1,1,1,0,2,0,1,0,1,0,1,0,1,0,2,0,
5,1,0,2,1,1,0,1,1,1,0,2,1,1,0,1,1,1,0,2,1,1,0,1,0,1,0,1,1,2,0,
5,1,0,2,1,1,0,2,1,1,0,2,1,1,0,1,1,1,0,2,1,1,0,2,0,2,0,2,1,2,0,
6,1,0,2,1,1,0,1,1,1,0,1,1,1,0,1,1,1,0,2,1,1,0,1,0,1,0,1,1,2,0,
5,2,0,2,1,2,0,2,1,2,0,2,1,2,0,2,1,2,0,2,1,2,0,2,1,2,0,2,1,2,0,
5,2,0,2,1,1,0,2,1,1,0,2,1,2,1,2,1,2,0,2,1,2,1,2,1,2,0,2,1,2,1,
5,2,0,2,1,2,1,2,1,2,0,2,1,2,1,2,1,2,1,2,1,2,1,2,1,2,1,2,1,2,1,
6,2,0,2,1,2,0,2,1,2,0,2,1,2,0,2,1,2,0,2,1,2,0,2,1,2,0,2,1,2,1,
6,2,0,2,1,2,1,2,1,2,0,2,1,2,1,2,1,2,1,3,1,2,1,2,1,2,1,2,1,2,1,
5,2,0,2,1,2,1,2,1,2,0,2,1,2,1,2,1,2,1,3,1,2,1,2,1,2,1,2,1,2,1,
5,2,1,3,1,2,1,2,1,2,0,2,2,2,1,2,1,2,1,3,1,2,1,2,1,2,1,2,1,2,1,
5,1,0,2,0,1,0,1,0,1,0,1,1,1,0,1,0,1,0,2,0,1,0,1,0,1,0,1,0,1,0,
6,1,0,2,0,1,0,1,0,2,0,2,1,1,0,1,0,2,0,2,0,2,0,1,0,2,0,1,0,2,0,
5,1,0,2,1,1,0,1,1,1,0,2,1,1,0,1,0,1,0,2,0,1,0,1,0,1,0,1,0,2,0,
5,1,0,2,1,1,0,2,1,1,0,2,1,1,0,1,1,1,0,2,1,1,0,2,1,1,0,2,1,2,0,
5,1,0,2,1,1,0,2,1,2,0,2,1,2,0,2,1,2,0,3,1,2,0,2,1,2,0,2,1,2,1,
5,1,0,2,1,1,0,2,1,1,0,2,1,1,0,1,1,1,0,2,1,1,0,2,1,2,0,2,1,2,0,
5,1,0,2,1,1,0,2,1,1,0,2,1,1,0,1,1,1,0,2,1,1,0,2,0,1,0,2,1,2,0,
5,2,0,2,1,2,1,2,1,2,0,2,1,2,1,2,1,2,1,2,1,2,1,2,1,2,1,2,1,2,1,
5,2,0,2,1,2,0,2,1,2,0,2,1,2,1,2,1,2,0,2,1,2,1,2,1,2,1,2,1,2,1,
5,2,0,3,1,2,0,2,1,2,0,2,1,2,1,2,1,2,0,2,1,2,1,2,1,2,0,2,1,3,1,
5,2,0,2,1,2,1,2,1,2,0,2,1,2,1,2,1,2,1,3,1,2,1,2,1,2,1,2,1,2,1,
5,2,1,2,1,2,1,2,1,2,0,2,1,2,1,2,1,2,1,3,1,2,1,2,1,2,1,2,1,3,1,
5,1,0,2,1,1,0,1,0,1,0,1,1,1,0,1,1,1,0,2,0,1,0,1,0,1,0,1,0,2,0,
6,2,1,3,1,2,1,2,1,2,0,2,2,2,1,2,1,2,1,3,1,2,1,2,1,2,1,2,1,3,1,
5,1,0,2,1,1,0,1,1,1,0,1,1,1,0,1,0,1,0,2,0,1,0,2,0,1,0,1,1,2,0,
5,1,0,2,1,1,0,1,1,1,0,2,1,1,0,1,1,1,0,2,0,1,0,2,0,1,0,2,1,2,0,
5,1,0,2,1,1,0,2,1,1,0,2,1,1,0,1,1,1,0,2,1,1,0,2,0,1,0,2,1,2,0,
7,1,0,2,1,1,0,2,1,1,0,2,1,1,0,1,1,1,0,2,1,1,0,2,1,1,0,2,1,2,0,
5,1,0,2,1,1,0,1,1,1,0,2,1,1,0,1,0,1,0,2,0,1,0,1,0,1,0,1,1,2,0,
5,1,0,2,1,1,0,2,1,2,0,2,1,2,0,2,1,2,0,2,1,2,0,2,1,2,0,2,1,2,1,
5,2,0,2,1,2,0,2,1,2,0,2,1,2,0,2,1,2,0,2,1,2,1,2,1,2,0,2,1,2,1,
5,2,0,2,1,2,0,2,1,2,0,2,1,2,0,2,1,2,0,2,1,2,1,2,1,2,1,2,1,2,1,
7,2,0,3,1,2,1,2,1,2,0,4,1,2,1,2,1,2,2,4,1,2,1,3,1,2,1,2,1,4,1,
7,2,0,3,1,2,1,2,1,2,0,3,1,2,1,2,1,2,1,3,1,3,1,3,1,3,1,3,1,3,0,
6,2,0,3,1,2,1,2,1,2,0,2,1,2,1,2,1,2,1,3,1,2,1,3,1,2,1,2,1,3,1,
5,1,0,2,1,1,0,1,1,1,0,1,1,1,0,1,0,1,0,2,0,1,0,2,0,1,0,1,0,2,0,
5,1,0,2,1,1,0,1,0,1,0,1,1,1,0,1,0,1,0,2,0,1,0,2,0,1,0,1,0,2,0,
6,1,0,3,1,1,0,1,1,1,0,1,1,1,0,1,1,1,0,2,0,1,0,2,0,1,0,1,1,2,0,
5,1,0,2,1,1,0,2,1,1,0,2,1,1,0,1,1,1,0,2,1,1,0,2,0,2,2,2,1,2,0,
5,1,0,2,1,1,0,2,1,2,0,2,1,1,0,1,1,1,0,2,1,2,0,2,1,2,0,2,1,2,0,
5,1,0,2,1,1,0,2,1,2,0,2,1,2,0,2,1,2,0,2,1,2,0,2,1,2,0,2,1,2,0,
5,1,0,2,1,2,0,2,1,2,0,2,1,2,0,2,1,2,1,2,1,2,1,2,1,2,0,2,1,2,1,
5,1,0,2,2,1,0,2,1,2,0,2,1,1,0,2,2,2,1,2,2,2,1,2,2,2,0,2,1,2,1,
5,1,0,2,2,2,0,2,1,2,0,2,1,2,0,2,1,2,1,2,1,2,1,2,1,2,0,2,1,2,1,
5,2,0,2,2,2,1,2,1,2,0,2,1,2,1,2,2,2,1,3,2,2,1,2,2,2,1,2,1,2,1,
6,1,0,3,1,2,0,3,1,2,0,3,1,2,1,2,1,2,1,3,1,2,1,3,1,2,1,3,1,3,1,
5,2,1,3,2,2,1,2,1,2,0,2,1,2,1,2,2,2,1,3,2,2,1,2,2,2,1,2,1,2,1,
5,1,0,2,1,1,0,1,1,1,0,1,1,1,0,1,1,1,0,2,0,1,0,2,0,1,0,1,1,1,0,
8,1,0,2,1,1,0,2,1,2,0,2,1,1,0,2,1,2,0,2,1,2,0,2,1,2,0,2,1,2,1,
6,1,0,2,1,1,0,2,1,1,0,2,1,1,0,1,1,1,0,2,1,1,0,2,1,1,0,2,1,2,0,
5,1,0,2,1,1,0,2,1,1,0,2,1,1,0,1,1,1,0,2,1,1,0,2,1,1,0,2,1,2,0,
5,1,0,2,1,1,0,2,1,1,0,2,1,1,0,1,1,1,0,2,1,1,0,2,1,2,0,2,1,2,0,
5,2,1,2,1,2,1,2,1,2,0,2,1,2,1,2,1,2,1,3,1,2,1,2,1,2,1,2,1,2,1,
5,1,0,3,2,2,0,2,1,2,0,2,1,2,0,2,1,2,1,3,1,2,1,2,1,2,1,3,1,2,1,
6,2,0,3,1,2,0,3,2,2,0,3,2,2,0,2,1,2,1,3,1,2,1,3,1,2,0,3,1,3,1,
5,1,0,2,2,2,1,2,2,2,0,2,1,2,1,2,1,2,1,2,1,2,1,2,1,2,1,2,1,2,1,
5,1,0,2,1,2,1,2,2,2,0,2,1,2,1,2,1,2,1,2,1,2,1,2,1,2,1,2,1,2,1,
5,1,0,2,1,2,1,2,1,2,0,2,1,2,1,2,1,2,1,3,1,2,1,2,1,2,1,2,1,2,1,
5,2,1,2,2,2,1,2,2,2,0,2,2,2,1,2,1,2,1,3,1,2,1,2,1,2,1,2,1,2,1,
5,1,0,2,1,1,0,1,1,1,0,1,1,1,0,1,0,1,0,2,0,1,0,1,0,1,0,2,0,2,0,
6,1,0,2,1,1,0,1,1,1,0,2,1,1,0,1,1,1,0,2,0,1,0,2,0,1,0,2,1,2,0,
6,1,0,2,1,1,0,1,1,1,0,2,1,1,0,1,1,1,0,2,1,1,0,2,0,1,0,2,1,2,0,
5,1,0,2,1,1,0,2,1,2,0,2,1,1,0,1,1,1,0,2,1,2,0,2,1,2,0,2,1,2,0,
5,1,0,2,1,1,0,2,1,2,0,2,1,2,0,1,1,2,0,2,1,2,0,2,1,2,0,2,1,2,0,
5,1,0,2,1,1,0,2,1,2,0,2,1,1,0,1,1,2,0,2,1,2,0,2,1,2,0,2,1,2,0,
8,1,0,2,1,1,1,2,1,2,0,2,1,2,1,2,1,2,0,2,1,2,1,2,1,2,0,2,1,2,1,
5,1,0,2,1,2,0,2,1,2,0,2,1,2,0,2,1,2,1,2,1,2,1,2,1,2,0,2,1,2,1,
5,1,0,2,1,2,1,2,1,2,0,2,1,2,1,2,1,2,1,2,1,2,1,2,1,2,0,2,1,2,1,
5,1,0,2,1,2,1,2,1,2,0,2,1,2,1,2,1,2,1,2,1,2,1,2,1,2,1,2,1,2,1,
8,1,0,2,1,1,0,1,1,1,0,1,1,1,0,1,1,1,0,4,0,1,0,1,0,1,0,2,1,4,0,
7,1,0,2,1,1,0,1,0,1,0,1,0,1,0,1,0,1,0,2,0,1,0,1,0,1,0,1,0,1,0,
5,1,0,2,1,1,0,1,1,1,0,1,1,1,0,1,1,1,0,2,0,1,0,1,0,1,0,2,1,2,0,
6,1,0,2,1,1,0,2,1,2,0,2,1,1,0,1,1,2,0,2,1,2,0,2,1,2,0,2,1,2,0,
6,1,0,2,1,1,0,2,1,2,0,2,1,1,0,2,1,2,0,2,1,2,0,2,1,2,0,2,1,2,0,
5,1,0,2,1,1,0,2,1,2,0,2,1,1,0,2,1,1,0,2,1,2,0,2,1,2,0,2,1,2,0,
5,1,0,2,1,1,0,2,1,2,0,2,1,1,0,1,1,1,0,2,1,2,0,2,1,2,0,2,1,2,0,
5,1,0,2,1,1,0,2,1,2,0,2,1,1,0,1,1,2,0,2,1,2,0,2,1,2,0,2,1,2,0,
5,1,0,2,1,1,0,2,1,2,0,2,1,1,0,1,1,2,0,2,1,2,0,2,1,2,0,2,1,2,0,
5,1,0,2,1,1,0,2,1,2,0,2,1,2,0,2,1,2,0,2,1,2,1,2,1,2,0,2,1,2,1,
5,1,0,2,1,2,0,2,1,2,0,2,1,2,0,2,1,2,1,2,1,2,1,2,1,2,1,2,1,2,1,
5,2,0,3,3,2,0,2,2,2,0,2,2,2,1,2,2,2,1,3,2,2,1,2,2,2,1,3,2,2,1,
5,1,0,2,2,2,1,2,1,2,0,2,1,2,1,2,1,2,1,2,1,2,1,2,1,2,1,2,1,2,1,
5,1,0,1,1,1,0,1,1,1,0,1,0,1,0,1,1,1,0,2,1,1,0,1,0,1,0,1,0,1,0,
5,1,0,2,1,1,0,1,1,1,0,1,0,1,0,1,1,1,0,2,1,1,0,1,1,1,0,2,0,1,0,
6,1,0,2,1,1,0,1,0,1,0,1,1,1,0,1,1,1,0,2,1,1,0,1,1,1,0,2,0,2,0,
6,1,0,2,1,1,0,2,1,1,0,2,1,1,0,1,1,1,0,2,1,1,0,2,1,1,0,2,1,2,0,
5,1,0,2,1,1,0,1,1,1,0,2,1,1,0,1,1,1,0,2,1,1,0,2,1,1,0,2,1,2,0,
5,1,0,2,1,1,0,2,1,1,0,2,1,1,0,1,1,1,0,2,1,1,0,2,1,1,0,2,1,2,0,
5,1,1,1,0,1,1,1,0,1,1,1,0,1,1,1,0,1,1,2,0,1,1,1,0,1,1,1,0,1,0,
6,1,0,2,1,1,0,1,0,1,0,2,0,1,1,1,1,1,0,2,1,1,0,2,0,1,1,2,0,2,0,
8,1,0,4,2,2,0,3,2,2,0,3,2,2,0,2,1,2,0,4,2,2,0,3,1,2,0,3,1,4,1,
8,2,0,3,2,2,1,3,2,2,0,3,2,2,1,2,2,2,1,3,2,2,1,3,2,2,1,3,2,3,1,
5,1,0,3,1,2,1,2,1,2,0,2,1,2,1,2,1,2,0,3,1,2,1,2,1,2,1,2,1,2,1,
8,1,0,2,1,1,1,2,1,1,0,2,1,1,1,1,1,1,1,2,1,1,1,2,1,1,1,2,1,4,0,
7,3,0,3,3,3,3,4,3,3,0,3,3,4,3,4,3,4,3,4,3,4,3,4,3,3,3,3,3,4,0,
8,1,0,4,2,2,1,3,3,2,0,3,2,2,0,2,2,2,0,4,2,2,1,3,2,2,0,3,2,3,1,
7,1,0,3,2,1,0,2,1,1,0,2,2,1,0,2,1,2,0,3,1,2,0,2,1,2,0,2,1,2,0,
6,1,0,2,1,1,0,1,1,1,0,1,1,1,0,1,1,1,0,2,1,1,0,2,1,1,0,2,1,2,0,
6,1,0,2,1,1,1,2,1,1,0,2,1,1,1,1,1,2,0,2,1,1,1,2,1,2,1,2,1,2,0,
10,1,0,2,1,1,1,1,1,1,0,2,1,1,0,1,1,1,0,2,1,1,4,2,1,1,1,2,1,2,0,
9,2,0,3,3,2,0,3,2,2,0,3,2,2,0,3,2,2,0,4,2,2,0,3,2,2,0,3,2,3,1,
6,3,0,3,2,3,0,3,2,3,0,3,2,3,0,3,2,3,0,4,2,3,0,3,2,3,0,3,2,3,1,
5,2,0,2,2,2,0,2,2,2,0,2,2,2,0,2,2,2,0,3,2,2,0,2,1,2,0,2,1,2,1,
5,1,0,2,1,1,0,2,1,1,0,2,1,1,0,2,1,2,0,2,1,2,0,2,1,2,0,2,1,2,0,
5,1,0,2,1,1,0,2,1,2,0,2,1,1,0,2,1,2,0,2,1,2,1,2,1,2,0,2,1,2,1,
5,1,0,2,1,2,0,2,1,2,0,2,1,2,0,2,1,2,0,2,1,2,1,2,1,2,1,2,1,2,1,
7,1,0,2,1,2,1,2,1,2,0,2,1,2,0,2,1,2,0,2,1,2,1,2,1,2,1,2,1,2,1,
6,1,0,2,1,1,0,2,1,1,0,2,1,1,0,1,1,1,0,2,1,1,0,2,1,1,0,2,1,2,0,
6,1,0,1,1,1,0,1,0,2,0,1,0,2,0,1,0,2,0,2,1,3,0,1,0,2,0,2,0,2,0,
6,1,0,2,1,2,0,1,1,2,0,1,1,2,0,1,1,2,0,2,1,2,0,1,1,2,0,2,1,2,0,
4,1,0,2,1,1,0,1,1,1,0,1,1,1,0,1,1,1,0,2,1,1,0,2,1,1,0,2,1,2,0,
6,2,1,3,2,2,0,2,1,2,0,2,2,2,0,2,2,2,0,3,2,2,0,2,1,2,0,2,1,3,1,
7,1,0,2,1,1,0,2,1,1,0,2,1,1,0,1,1,1,0,2,1,1,0,2,1,1,0,2,1,2,0,
5,1,0,2,1,2,0,2,1,1,0,2,1,2,0,1,1,2,0,2,1,2,0,2,1,2,0,2,1,2,0,
5,2,0,2,1,2,1,2,1,2,0,2,1,2,0,2,1,3,0,2,1,2,1,2,1,2,0,2,1,2,1,
5,1,0,2,1,1,1,2,1,1,0,2,1,2,0,2,1,2,0,2,1,2,1,2,1,2,0,2,1,2,1,
5,1,0,2,1,1,0,2,1,1,0,2,1,2,0,2,1,2,0,2,1,2,1,2,1,2,0,2,1,2,1,
5,1,0,2,1,1,1,2,1,2,0,2,1,2,0,2,1,2,0,2,1,2,1,2,1,2,0,2,1,2,1,
5,2,0,3,1,2,1,2,1,2,0,2,1,3,0,2,1,3,0,2,1,2,1,2,1,2,0,2,1,3,1,
8,2,0,2,2,3,1,2,1,3,1,2,2,3,1,2,1,4,1,2,1,3,1,2,1,3,1,2,1,2,1,
5,1,0,1,1,1,0,1,0,1,0,1,1,1,0,1,0,1,0,2,0,1,0,1,0,1,0,1,0,1,0,
5,1,0,1,1,1,0,1,0,1,0,1,1,1,0,1,1,1,0,2,1,1,0,1,1,1,0,1,1,2,0,
5,1,0,2,1,1,0,1,0,1,0,2,1,1,0,1,1,1,0,2,1,1,0,2,0,1,0,2,0,2,0,
4,1,0,2,1,1,0,2,1,1,0,2,1,1,0,1,1,1,0,2,1,1,0,2,1,1,0,2,1,2,0,
4,1,0,2,1,1,0,2,1,1,0,2,1,1,0,1,1,1,0,2,1,1,0,2,1,1,0,2,1,2,0,
5,1,0,2,1,1,0,2,1,1,0,2,1,1,0,1,1,1,0,2,1,1,0,2,1,1,0,2,1,2,0,
5,1,0,2,1,1,0,2,1,1,0,2,1,1,0,1,1,1,0,2,1,1,0,2,1,2,0,2,1,2,1,
5,1,0,2,1,1,0,2,1,1,0,2,1,1,0,1,1,2,0,2,1,2,0,2,1,2,0,2,1,2,1,
7,1,0,2,1,1,0,2,1,2,0,2,1,2,0,2,1,2,0,2,1,2,0,2,1,2,0,2,1,2,1,
5,1,0,2,1,2,1,2,1,2,1,2,1,2,1,2,1,2,1,2,1,2,1,2,1,2,1,2,1,2,1,
5,2,0,2,2,2,1,2,1,2,0,2,1,2,1,2,1,2,1,2,1,2,1,2,1,2,1,2,1,2,1,
5,2,0,3,2,2,1,2,1,2,1,2,2,2,1,2,2,2,1,3,2,2,1,2,1,2,1,2,1,3,1,
7,1,0,3,1,2,0,2,1,2,0,2,1,2,0,2,1,2,0,3,1,2,0,2,1,2,0,2,1,2,1,
6,1,0,2,1,1,0,1,1,1,0,2,1,2,0,1,1,1,0,2,1,1,0,2,0,2,0,2,0,2,0,
5,1,0,2,1,1,0,1,0,1,0,1,1,1,0,1,1,1,0,2,1,1,0,2,0,1,0,1,0,2,0,
4,1,0,2,1,1,0,1,1,1,0,2,1,1,0,1,1,1,0,2,1,1,0,2,1,1,0,2,1,2,0,
4,1,0,2,1,1,0,2,1,1,0,1,1,1,0,1,1,1,0,2,1,1,0,2,1,1,0,2,1,2,0,
4,1,0,2,1,1,0,2,1,1,0,2,1,1,0,1,1,1,0,2,1,1,0,2,1,1,0,2,1,2,0,
5,1,0,2,1,1,0,2,1,1,0,2,1,1,0,1,1,1,0,2,1,1,0,2,1,1,0,2,1,2,1,
5,1,0,2,1,1,0,2,1,1,0,2,1,2,0,2,1,2,0,2,1,2,0,2,1,2,0,2,1,2,0,
5,1,0,2,1,1,0,2,1,2,0,2,1,2,0,2,1,2,0,2,1,2,0,2,1,2,0,2,1,2,1,
5,1,0,2,1,1,0,2,1,2,0,2,1,2,0,2,1,2,0,2,1,2,0,2,1,2,0,2,1,2,1,
5,1,0,2,1,2,0,2,1,2,0,2,1,2,0,2,1,2,0,2,1,2,0,2,1,2,0,2,1,2,1,
5,1,0,2,1,2,1,2,1,2,1,2,1,2,1,2,1,2,1,2,1,2,1,2,1,2,1,2,1,2,1,
5,1,0,1,1,1,0,1,0,1,0,1,1,1,0,1,1,1,0,2,1,1,0,1,0,1,0,1,0,1,0,
5,1,0,2,1,1,0,1,0,1,0,1,1,1,0,1,1,1,0,2,1,1,0,1,0,1,0,1,0,1,0,
5,1,0,2,1,1,0,1,1,1,0,1,1,1,0,1,1,1,0,2,1,1,0,1,1,1,0,1,0,2,0,
5,1,0,2,1,1,0,1,1,1,0,1,1,1,0,1,1,1,0,2,1,1,0,2,1,1,0,2,1,2,0,
5,1,0,2,1,1,0,1,1,1,0,2,1,1,0,1,1,1,0,2,1,1,0,2,1,1,0,2,1,2,0,
5,1,0,2,1,1,0,2,1,1,0,2,1,1,0,1,1,1,0,2,1,1,0,2,1,1,0,2,1,2,0,
12,1,0,6,1,1,1,4,1,5,0,4,2,2,0,4,1,2,0,5,1,5,1,5,1,8,0,5,1,5,0,
8,2,0,4,2,2,1,3,1,3,0,4,2,2,1,3,2,2,1,4,1,3,1,3,1,3,1,3,1,4,1,
7,1,0,3,2,2,0,2,1,2,0,2,2,2,0,2,1,2,0,3,1,3,0,2,1,3,0,2,1,3,0,
8,1,0,2,1,1,0,2,1,2,0,2,1,1,0,2,1,2,0,2,1,2,0,2,1,2,0,2,1,2,0,
7,1,1,2,1,2,1,2,1,2,0,2,1,2,1,2,1,2,0,2,1,2,1,2,1,2,1,2,1,2,1,
5,1,1,2,1,2,1,2,1,2,0,2,1,2,1,2,1,2,1,2,1,2,1,2,1,2,1,2,1,2,1,
5,2,1,2,2,2,1,2,1,2,0,2,1,2,1,2,1,2,1,2,1,2,1,2,1,2,1,2,1,2,1,
5,1,0,1,1,1,0,1,0,1,0,1,0,1,0,1,1,1,0,2,1,1,0,1,0,1,0,1,0,1,0,
5,1,0,2,1,1,0,1,0,1,0,1,1,1,0,1,1,1,0,2,1,1,0,1,0,2,0,1,0,2,0,
5,1,0,2,1,1,0,1,0,1,0,2,1,1,0,1,1,1,0,2,1,1,0,1,1,2,0,1,0,2,0,
5,1,0,2,1,1,0,1,0,1,0,2,1,1,0,1,1,1,0,2,1,1,0,2,1,2,0,2,0,2,0,
5,1,0,2,2,1,0,2,1,2,0,2,1,1,0,2,1,1,0,2,1,2,0,2,1,2,0,2,1,2,0,
4,1,0,2,1,1,0,2,1,2,0,2,1,1,0,1,1,1,0,2,1,2,0,2,1,2,0,2,1,2,0,
5,1,0,1,1,1,0,1,0,1,0,1,0,1,0,1,1,1,0,2,1,1,0,1,0,1,0,1,0,1,0,
5,1,0,2,1,1,0,2,1,2,0,2,1,1,0,2,1,1,0,2,1,2,1,2,1,2,0,2,1,2,1,
5,1,0,3,2,2,1,2,1,2,0,2,2,2,1,2,2,2,0,3,1,2,1,2,1,3,1,3,1,2,1,
5,1,0,2,2,2,1,2,1,2,0,2,1,2,1,2,1,2,0,2,1,2,1,2,1,2,1,2,1,2,1,
5,1,1,2,2,2,1,2,1,2,0,2,1,2,1,2,1,2,0,2,1,2,1,2,1,2,1,2,1,2,1,
5,2,1,2,2,2,1,2,1,2,0,2,1,2,1,2,2,2,1,3,1,2,1,2,1,2,1,2,1,2,1,
6,1,0,2,1,1,0,1,0,1,0,1,0,1,0,1,1,1,0,2,1,1,0,1,0,2,0,1,0,2,0,
5,1,0,2,1,1,0,1,0,1,0,2,1,1,0,1,1,1,0,2,1,1,0,1,1,1,0,1,0,2,0,
5,1,0,2,1,1,0,1,0,1,0,2,1,1,0,1,1,1,0,2,1,1,0,1,0,1,0,2,0,2,0,
5,1,0,2,1,1,0,1,1,1,0,2,1,1,0,1,1,1,0,2,1,1,0,1,1,2,0,2,0,2,0,
5,1,0,2,1,1,0,1,0,1,0,2,1,1,0,1,1,1,0,2,1,1,0,1,1,2,0,2,0,2,0,
5,1,0,2,1,1,0,1,1,1,0,2,1,1,0,1,1,1,0,2,1,2,0,2,1,2,0,2,1,2,0,
5,1,0,2,1,1,0,2,1,2,0,2,1,1,0,1,1,1,0,2,1,2,0,2,1,2,0,2,1,2,0,
5,1,0,2,1,1,1,2,1,2,0,2,1,1,0,1,1,1,0,2,1,2,1,2,1,2,0,2,1,2,0,
7,1,0,2,1,1,0,1,1,1,0,2,1,1,0,1,1,1,0,2,1,1,0,2,1,2,0,2,1,2,0,
5,1,0,2,1,2,1,2,1,2,0,2,1,2,0,2,1,2,0,2,1,2,1,2,1,2,0,2,1,2,1,
5,1,0,2,2,2,1,2,1,2,0,2,1,2,1,2,1,2,0,3,1,2,1,2,1,2,1,2,1,2,1,
7,1,0,2,1,2,1,2,1,2,0,2,1,2,1,2,1,2,1,3,1,2,1,2,1,2,1,2,1,2,1,
5,2,1,2,2,2,1,2,1,2,0,2,1,2,1,2,1,2,1,3,1,2,1,2,1,2,1,2,1,2,1,
5,1,0,2,1,1,0,1,0,1,0,1,0,1,0,1,1,1,0,2,1,1,0,1,0,1,0,1,0,2,0,
7,1,0,2,1,1,1,2,1,2,0,2,1,2,1,2,1,2,0,2,1,2,1,2,1,2,1,2,1,2,1,
5,1,0,2,1,1,0,1,0,1,0,2,1,1,0,1,1,1,0,2,1,1,0,1,0,2,0,2,0,2,0,
8,1,1,2,1,1,1,2,1,2,0,2,1,1,1,2,1,1,1,2,1,2,1,2,1,2,1,2,1,2,1,
6,1,0,2,1,1,1,2,1,2,0,2,1,1,1,1,1,1,1,2,1,2,2,2,1,2,1,2,1,2,0,
8,1,0,3,2,2,1,3,1,2,0,3,2,2,1,2,2,2,1,5,2,2,1,3,1,2,1,3,1,3,1,
6,2,0,3,2,2,1,3,2,2,0,3,2,2,1,3,2,2,0,3,2,2,1,3,2,3,0,3,2,3,1,
6,2,0,3,2,2,1,2,1,2,0,3,1,2,1,2,1,2,0,3,1,2,1,2,1,2,1,3,1,3,1,
5,2,0,3,1,2,1,2,1,2,0,2,1,2,0,2,1,2,0,3,1,2,1,2,1,2,0,2,1,3,1,
5,2,0,3,2,2,1,2,2,2,0,2,2,2,1,2,2,2,0,3,2,2,1,2,2,2,1,2,1,2,1,
5,2,0,3,2,2,1,2,1,2,0,3,1,2,1,2,2,2,1,3,2,2,1,2,2,2,1,3,1,3,1,
5,2,0,3,2,2,1,2,1,2,0,3,1,2,1,2,1,2,1,3,1,2,1,2,1,3,1,3,1,3,1,
5,1,0,2,1,1,0,1,0,1,0,2,0,1,0,1,1,1,0,2,0,1,0,1,0,2,0,2,0,2,0,
6,1,0,2,1,1,0,2,0,1,0,2,0,1,0,1,1,1,0,2,1,1,0,2,1,2,0,2,1,2,0,
6,1,0,2,1,1,0,2,0,2,0,2,1,1,0,1,1,1,0,2,1,2,0,2,1,2,0,2,1,2,0,
6,1,0,2,1,1,0,2,0,2,0,2,1,1,0,1,1,1,0,2,1,2,0,2,1,2,0,2,1,2,0,
5,1,0,2,1,1,0,2,0,2,0,2,1,1,0,1,1,1,0,2,1,2,0,2,1,2,0,2,1,2,0,
614,2,1,3,1,2,1,3,1,3,0,3,1,3,1,2,1,3,1,3,1,3,1,3,1,3,1,3,1,3,1,
512,1,0,2,0,2,0,2,0,2,0,2,0,2,0,1,0,2,1,2,0,2,1,2,0,2,0,2,1,2,0,
410,2,1,3,2,2,1,3,1,3,0,3,1,2,1,2,2,2,1,3,2,3,1,2,1,3,1,3,1,3,0,
306,1,0,2,1,1,0,2,1,2,0,2,1,1,0,2,1,1,0,3,1,2,1,2,1,2,0,2,1,2,0,
203,2,0,3,1,2,1,3,1,2,0,3,1,2,1,2,1,2,1,3,1,2,1,3,1,3,0,3,1,3,1,
5,2,1,3,1,2,1,2,1,2,0,3,1,3,1,2,1,2,1,3,1,3,1,2,1,3,1,3,1,3,1,
6,2,0,2,1,2,0,1,0,2,0,2,1,2,0,1,0,2,0,2,0,2,0,2,0,2,0,2,1,2,0,
6,1,0,2,1,2,0,2,1,2,0,2,1,2,0,2,1,2,0,2,1,2,0,2,1,2,0,2,1,2,0,
6,1,0,2,1,1,0,2,0,1,0,2,1,1,0,1,1,1,0,2,1,1,0,2,1,2,0,2,1,2,0,
6,1,0,2,1,1,0,2,1,1,0,2,1,1,0,2,1,1,0,2,1,1,0,2,1,1,0,2,1,2,0,
6,1,0,2,1,1,0,2,1,1,0,2,1,2,0,2,1,1,0,2,1,1,0,2,1,2,0,2,1,2,0,
8,1,0,2,1,2,1,2,1,1,0,2,1,2,0,2,1,2,0,2,1,2,1,2,1,2,0,2,1,2,0,
5,1,0,2,1,2,1,2,1,2,0,2,1,2,1,2,1,2,0,2,1,2,1,2,1,2,1,2,1,2,1,
5,1,0,2,2,1,1,2,1,1,0,2,1,2,0,2,1,1,0,2,1,1,1,2,1,2,1,2,1,2,1,
5,1,0,2,1,1,1,2,1,2,0,2,1,2,0,2,1,2,0,2,1,2,1,2,1,2,1,2,1,2,1,
5,1,0,2,1,2,0,2,1,2,0,2,1,2,1,2,1,2,0,2,1,2,1,2,1,2,1,2,1,2,1,
5,1,0,2,1,2,1,2,1,2,0,2,2,2,1,2,1,2,0,2,1,2,1,2,1,2,1,2,1,2,1,
5,1,0,2,1,2,1,2,1,2,0,2,1,2,1,2,1,2,1,3,1,2,1,2,1,2,1,2,1,2,1,
5,2,0,2,1,2,1,2,1,2,0,2,1,2,1,2,1,2,0,2,1,2,1,2,1,2,1,2,1,2,1,
5,2,1,2,2,2,1,2,1,2,0,2,2,2,1,2,2,2,1,3,1,2,1,2,1,2,1,2,1,2,1,
5,1,0,1,1,1,0,1,0,1,0,1,1,1,0,1,1,1,0,2,0,1,0,1,0,1,0,1,0,1,0,
5,1,0,2,1,1,0,1,0,1,0,1,1,1,0,1,1,1,0,2,0,1,0,1,0,1,0,1,1,1,0,
5,1,0,2,1,1,0,1,1,1,0,1,1,1,0,1,1,1,0,2,1,1,0,1,0,1,0,2,1,2,0,
4,1,0,2,1,1,0,1,1,1,0,2,1,1,0,1,1,1,0,2,1,1,0,1,0,1,0,2,1,2,0,
5,1,0,2,1,1,0,1,1,1,0,2,1,1,0,1,1,1,0,2,1,1,1,2,1,1,1,2,1,2,1,
5,1,0,2,1,1,1,2,1,2,0,2,1,2,0,2,1,2,0,2,1,2,0,2,1,2,1,2,1,2,1,
5,2,1,2,1,2,1,2,1,2,0,2,1,2,1,2,1,2,1,2,2,2,1,2,1,2,1,2,1,2,1,
7,4,0,2,1,4,0,2,1,4,0,2,1,4,0,2,1,4,0,2,1,4,1,2,1,4,1,2,1,2,1,
5,1,0,2,1,2,0,2,1,2,0,2,1,2,0,2,1,2,0,2,1,2,1,2,1,2,1,2,1,2,1,
5,1,0,2,1,2,0,2,1,2,0,2,1,2,0,2,1,2,0,2,1,2,1,2,1,2,1,2,1,2,1,
5,1,1,2,1,2,1,2,1,2,0,2,1,2,1,2,1,2,1,2,1,2,1,2,1,2,1,2,1,2,1,
5,1,1,2,1,2,1,2,1,2,0,2,1,2,0,2,1,2,1,2,1,2,1,2,1,2,1,2,1,2,1,
7,1,0,2,1,1,0,1,0,1,0,1,1,1,0,1,0,1,0,2,1,1,0,1,1,1,0,2,1,2,0,
5,1,0,2,0,1,0,1,0,1,0,1,0,1,0,1,0,1,0,2,0,1,0,1,0,1,0,1,0,1,0,
5,1,0,2,1,1,0,1,0,1,0,1,0,1,0,1,0,1,0,2,1,1,0,1,0,1,0,1,1,1,0,
5,1,0,2,1,1,0,1,0,1,0,1,1,1,0,1,0,1,0,2,1,1,0,1,0,1,0,2,1,2,0,
4,1,0,2,1,1,0,1,1,1,0,2,1,1,0,1,1,1,0,2,1,1,0,1,1,1,0,2,1,2,0,
4,1,0,2,1,1,1,2,1,1,0,2,1,2,0,1,1,1,0,2,1,2,1,2,1,2,1,2,1,2,1,
5,2,0,2,1,1,0,2,1,1,0,2,1,1,0,1,1,2,0,2,1,1,1,2,1,2,1,2,1,2,1,
5,1,0,2,1,1,1,2,1,2,0,2,1,1,0,2,1,1,0,2,1,2,1,2,1,2,1,2,1,2,1,
5,2,0,2,1,2,0,2,1,2,0,2,1,2,0,2,1,2,0,2,1,2,1,2,1,2,1,2,1,2,1,
5,2,0,2,1,2,0,2,1,2,0,2,1,2,0,2,1,2,0,2,1,2,1,2,1,2,1,2,1,2,1,
5,2,0,2,1,2,0,2,1,2,0,2,1,2,0,2,1,2,0,2,1,2,1,2,1,2,1,2,1,2,1,
5,2,1,2,1,2,1,2,1,2,0,2,1,2,1,2,1,2,1,2,1,2,1,2,1,2,1,2,1,2,1,
5,2,1,2,2,2,1,2,1,2,0,2,1,2,1,2,2,2,1,2,1,2,1,2,1,2,1,2,1,2,1,
7,1,0,4,1,1,0,1,0,1,0,4,1,1,0,1,1,1,0,4,1,1,0,1,1,1,0,4,0,4,0,
5,1,0,2,1,1,0,1,0,1,0,1,1,1,0,1,1,1,0,2,1,1,0,1,1,1,0,2,0,2,0,
5,1,0,2,1,1,0,1,0,1,0,1,1,1,0,1,1,1,0,2,1,1,0,1,1,1,0,2,1,2,0,
5,1,0,2,1,1,0,1,1,1,0,1,1,1,0,1,1,1,0,2,1,1,0,1,0,1,0,2,1,2,0,
6,1,0,3,1,1,0,2,1,1,0,3,1,1,0,2,1,1,0,3,1,1,0,3,1,1,0,3,1,3,0,
5,1,0,2,1,1,0,1,1,1,0,2,1,1,0,1,1,1,0,2,1,1,0,2,1,1,0,2,1,2,0,
5,1,0,2,1,1,0,2,1,1,0,2,1,1,0,1,1,1,0,2,1,1,0,2,1,1,0,2,1,2,0,
5,1,0,2,1,1,0,2,1,1,0,2,1,1,0,1,1,1,0,2,1,2,0,2,1,2,0,2,1,2,0,
5,1,0,2,1,1,0,1,0,1,0,1,1,1,0,1,1,1,0,2,0,1,0,1,0,1,0,1,0,1,0,
7,2,0,2,1,1,0,2,1,2,0,2,1,2,1,2,1,2,0,2,1,2,1,2,1,2,1,2,1,2,1,
5,1,0,2,1,1,0,2,1,2,0,2,1,2,0,2,1,2,0,2,1,2,1,2,1,2,1,2,1,2,1,
5,2,1,2,1,2,1,2,1,2,0,2,1,2,0,2,1,2,1,2,1,2,1,2,1,2,1,2,1,2,1,
5,2,1,2,1,2,1,2,1,2,0,2,1,2,1,2,1,2,1,2,1,2,1,2,1,2,1,2,1,2,1,
5,2,1,2,1,2,1,2,1,2,0,2,1,2,1,2,1,2,1,2,1,2,1,2,1,2,1,2,1,2,1,
5,1,0,2,0,1,0,1,0,1,0,1,0,1,0,1,0,1,0,2,0,1,0,1,0,1,0,1,0,1,0,
5,1,0,2,1,1,0,1,0,1,0,1,1,1,0,1,0,1,0,2,0,1,0,1,0,1,0,1,0,1,0,
6,1,0,2,1,1,0,1,1,1,0,1,1,1,0,1,1,1,0,2,1,1,0,2,1,1,0,2,1,2,0,
5,1,0,2,1,1,0,2,1,1,0,2,1,1,0,1,1,1,0,2,1,1,0,2,1,2,0,2,1,2,0,
5,1,0,2,1,1,0,2,1,1,0,2,1,1,0,1,1,1,0,2,1,1,0,2,1,2,0,2,1,2,0,
5,1,0,2,1,1,0,2,1,1,0,2,1,1,0,1,1,1,0,2,1,1,0,2,1,2,0,2,1,2,0,
5,2,0,2,1,2,0,2,1,2,0,2,1,2,0,2,1,2,0,2,1,2,1,2,1,2,1,2,1,2,0,
5,2,0,2,1,2,0,2,1,2,0,2,1,2,0,2,1,2,1,2,1,2,1,2,1,2,1,2,1,2,1,
5,2,0,2,1,2,1,2,1,2,0,2,1,2,1,2,1,2,0,2,1,2,1,2,1,2,1,2,1,2,1,
5,2,0,2,1,2,1,2,1,2,0,2,1,2,0,2,1,2,0,2,1,2,1,2,1,2,1,2,1,2,1,
5,2,0,2,1,2,1,2,1,2,0,2,1,2,1,2,1,2,1,2,1,2,1,2,1,2,1,2,1,2,1,
6,2,0,3,1,2,1,3,1,2,0,3,1,2,1,3,1,2,0,3,1,2,1,3,1,2,1,3,1,3,1,
5,2,1,2,1,2,1,2,1,2,0,2,1,2,1,2,1,2,1,2,1,2,1,2,1,2,1,2,1,2,1,
5,1,0,1,0,1,0,1,0,1,0,1,0,1,0,1,0,1,0,1,0,1,0,1,0,1,0,1,0,1,0,
8,1,0,2,1,1,0,1,1,1,0,1,1,1,0,1,1,1,0,2,1,1,0,1,0,1,0,2,1,2,0,
7,1,0,2,1,1,0,1,1,1,0,1,1,1,0,1,1,1,0,2,1,1,0,1,1,1,0,2,1,2,0,
4,1,0,2,1,1,0,1,1,1,0,1,1,1,0,1,1,1,0,2,1,1,0,2,0,1,0,2,1,2,0,
6,1,0,3,1,2,2,2,1,2,1,3,1,1,0,1,1,2,1,2,1,3,2,3,1,1,0,4,1,3,0,
5,1,0,2,1,2,1,2,1,2,1,2,1,2,1,2,1,2,1,2,1,2,1,2,1,2,1,2,1,2,1,
5,1,0,2,1,1,1,2,1,2,1,2,1,1,0,1,1,1,1,2,1,2,1,2,1,2,1,2,1,2,1,
5,1,0,2,1,1,0,2,1,1,0,2,1,1,0,2,1,2,0,2,1,2,0,2,1,2,1,2,1,2,0,
5,1,1,2,1,1,1,2,1,2,0,2,1,1,1,2,1,2,1,2,1,2,1,2,1,2,1,2,1,2,1,
5,2,0,2,1,2,1,2,1,2,0,2,1,2,1,2,1,2,0,2,1,2,1,2,1,2,1,2,1,2,1,
5,1,0,1,1,1,0,1,0,1,0,1,1,1,0,1,0,1,0,1,0,1,0,1,0,1,0,1,0,1,0,
5,1,0,2,1,1,0,1,0,1,0,1,1,1,0,1,0,1,0,2,0,1,0,1,0,1,0,1,0,2,0,
6,1,0,2,1,1,0,2,1,1,0,2,1,1,0,1,1,1,0,2,1,1,0,2,1,1,0,2,1,2,0,
6,1,0,2,1,1,0,1,1,1,0,2,1,1,0,1,1,1,0,2,1,1,0,2,1,1,0,2,1,2,0,
5,1,0,2,1,1,0,1,1,1,0,1,1,1,0,1,1,1,0,2,1,1,0,1,1,1,0,2,1,2,0,
5,1,0,2,1,1,0,1,1,1,0,1,1,2,0,1,1,1,0,2,1,1,0,1,0,1,0,2,1,2,0,
14,4,0,8,4,4,0,4,1,1,0,4,4,4,1,1,4,5,0,5,4,4,1,4,1,4,1,4,1,4,0,
9,3,0,5,3,5,3,5,3,5,1,5,3,5,2,3,2,5,3,5,3,5,3,5,2,5,3,5,3,5,1,
9,1,0,3,1,2,1,2,1,2,0,3,1,2,0,2,1,2,1,3,1,2,1,2,1,2,1,3,1,3,0,
6,1,1,3,1,2,1,3,1,2,0,3,1,2,1,2,1,2,1,3,1,2,1,3,1,2,1,3,1,3,1,
5,1,0,2,1,2,1,2,1,2,0,2,1,2,1,2,1,2,1,2,1,2,1,2,1,2,1,2,1,2,1,
5,1,0,2,1,2,1,2,1,2,0,2,1,2,1,2,1,2,1,2,1,2,1,2,1,2,1,2,1,2,1,
8,1,0,2,1,2,0,2,1,2,0,2,1,2,0,2,1,2,0,2,1,2,0,2,1,2,0,2,1,2,1,
5,0,0,1,0,1,0,1,0,1,0,1,0,1,0,1,0,1,0,1,0,1,0,1,0,1,0,1,0,1,0,
5,1,0,2,1,1,0,1,1,1,0,2,1,1,0,1,1,1,1,2,1,1,1,1,0,1,1,1,1,2,0,
5,1,0,1,1,1,0,1,0,1,0,1,0,1,0,1,0,1,0,2,1,1,0,1,0,1,0,1,0,1,0,
5,1,0,2,1,1,0,1,1,1,0,2,1,1,1,1,1,1,0,2,1,1,0,1,1,1,0,2,1,2,0,
6,1,0,2,1,2,1,2,1,1,0,2,1,2,1,2,1,2,1,2,1,2,1,2,1,2,1,2,1,2,0,
6,1,0,2,1,1,0,2,1,2,0,2,1,1,1,1,1,1,0,2,1,2,1,2,1,1,0,2,1,2,0,
5,1,0,2,1,1,1,2,1,1,0,2,1,1,0,1,1,1,0,2,1,1,1,2,1,1,1,2,1,2,0,
5,1,0,2,1,2,0,2,1,2,0,2,1,2,0,1,1,2,0,2,1,2,0,2,1,2,0,2,1,2,0,
5,1,0,2,1,1,1,2,1,2,0,2,1,2,1,2,1,2,0,2,1,2,1,2,1,2,1,2,1,2,1,
5,1,1,2,1,2,1,2,1,1,0,2,1,2,1,2,1,2,1,2,1,2,1,2,1,2,1,2,1,2,1,
5,2,1,2,2,2,1,2,1,2,0,2,1,2,1,2,1,2,1,3,2,2,1,2,1,2,1,2,1,2,1,
5,1,0,2,1,1,1,2,1,2,0,2,1,2,0,2,1,2,1,2,1,2,0,2,1,2,1,2,1,2,1,
5,1,0,1,1,1,0,1,0,1,0,1,0,1,0,1,0,1,0,2,1,1,0,1,0,1,0,1,0,1,0,
5,1,0,2,1,1,0,1,0,1,0,1,0,1,0,1,1,1,0,2,1,1,0,1,0,1,0,1,0,2,0,
5,1,0,2,1,1,0,1,0,1,0,1,0,1,0,1,0,1,0,2,1,1,0,1,0,1,0,1,0,2,0,
5,1,0,1,1,1,0,1,0,1,0,1,0,1,0,1,0,1,0,2,1,1,0,1,0,1,0,1,0,1,0,
5,1,0,2,1,1,0,1,1,1,0,2,1,1,0,1,1,1,0,2,1,1,0,1,0,1,0,2,1,2,0,
8,1,0,4,1,1,0,4,0,1,0,4,0,1,0,3,1,1,0,4,1,1,0,4,0,1,0,4,0,4,0,
6,1,0,2,1,1,0,2,1,1,0,2,1,1,0,1,1,1,0,2,1,1,0,2,1,1,0,2,1,2,0,
4,1,0,2,1,1,0,2,1,1,0,2,1,1,0,1,1,1,0,2,1,1,0,2,1,1,0,2,1,2,0,
6,2,0,2,1,2,0,2,1,2,0,2,1,2,0,2,1,2,0,3,1,2,0,2,1,2,0,2,1,2,1,
7,1,0,2,1,2,0,2,1,2,0,2,1,2,0,2,1,2,0,2,1,2,1,2,1,2,1,2,1,2,1,
5,1,0,2,1,2,1,2,1,2,0,2,1,2,0,2,1,2,0,2,1,2,0,2,1,2,0,2,1,2,1,
5,1,0,2,1,2,0,2,1,2,0,2,1,2,0,2,1,2,0,2,1,2,0,2,1,2,0,2,1,2,1,
5,2,0,2,1,2,1,2,1,2,1,2,1,2,1,2,1,2,1,3,1,2,1,2,1,2,0,2,1,2,1,
5,1,0,1,1,1,0,1,0,1,0,1,0,1,0,1,0,1,0,2,1,1,0,1,0,1,0,1,1,1,0,
5,1,0,1,1,1,0,1,0,1,0,1,1,1,0,1,1,1,0,2,1,1,0,1,0,1,0,1,0,1,0,
5,1,0,2,1,1,0,1,0,1,0,2,1,1,0,1,1,1,0,2,1,1,0,1,0,1,0,2,0,2,0,
6,1,0,2,1,2,0,2,1,2,0,2,1,1,0,1,1,2,0,2,1,2,0,2,1,2,0,2,1,2,0,
6,1,0,2,1,1,0,2,1,1,0,2,1,2,0,2,1,2,0,2,1,2,0,2,1,2,0,2,1,2,0,
6,1,0,2,1,2,0,2,1,2,0,2,1,1,0,2,1,2,0,2,1,2,0,2,1,2,0,2,1,2,0,
6,1,0,2,1,1,0,2,1,1,0,2,1,1,0,2,1,2,0,2,1,2,0,2,1,2,0,2,1,2,0,
5,1,0,2,1,2,0,2,1,2,0,2,1,1,0,2,1,2,0,2,1,2,0,2,1,2,0,2,1,2,1,
5,1,0,2,1,1,0,2,1,2,0,2,1,1,0,2,1,2,0,2,1,2,0,2,1,2,0,2,1,2,1,
4,1,0,2,1,1,0,2,1,1,0,1,1,1,0,1,1,1,0,2,1,1,0,2,1,1,0,2,1,2,0,
4,1,0,2,1,1,0,2,1,1,0,2,1,1,0,1,1,1,0,2,1,1,0,2,1,1,0,2,1,2,0,
5,1,0,2,1,1,0,2,1,1,0,2,1,1,0,2,1,1,0,2,1,1,0,2,1,2,0,2,1,2,1,
6,1,0,2,1,1,0,2,1,1,0,2,1,1,0,2,1,1,0,2,1,1,0,2,1,2,0,2,1,2,1,
5,1,0,2,1,1,0,2,1,2,0,2,1,1,0,2,1,2,0,2,1,2,1,2,1,2,0,2,1,2,1,
5,1,0,2,1,1,0,1,1,1,0,1,1,1,0,1,1,1,0,2,1,1,0,1,0,1,0,1,1,2,0,
5,1,0,1,0,1,0,1,0,1,0,1,0,1,0,1,0,1,0,1,0,1,0,1,0,1,0,1,0,1,0,
8,1,0,2,1,1,0,2,1,2,0,2,1,1,0,2,1,2,0,2,1,2,0,2,1,2,0,2,1,2,1,
7,1,0,1,1,1,0,1,1,1,0,1,0,1,0,1,0,1,0,1,0,1,0,1,0,1,0,1,0,1,0,
5,2,0,2,2,2,0,2,1,2,0,2,1,2,0,2,1,2,0,2,1,2,0,2,0,2,0,2,0,2,0,
5,1,0,2,1,1,0,1,1,1,0,1,1,1,0,1,1,1,0,2,1,1,0,1,1,1,0,1,1,2,0,
4,1,0,2,1,1,0,1,1,1,0,1,1,1,0,1,1,1,0,2,1,1,0,1,0,1,0,1,0,2,0,
4,1,0,2,1,1,0,1,1,1,0,2,1,1,0,1,1,1,0,2,1,1,0,2,1,1,0,2,1,2,1,
6,1,0,2,1,1,0,2,1,1,0,2,1,1,0,1,1,1,0,2,1,1,0,2,1,1,0,2,1,2,0,
5,2,0,2,1,2,0,2,1,2,0,2,1,2,0,1,1,2,0,2,1,2,0,2,1,2,0,2,1,2,0,
5,1,0,2,1,2,0,2,1,2,0,2,1,2,0,2,1,2,0,2,1,2,0,2,1,2,0,2,1,2,1,
5,1,0,2,1,2,1,2,1,2,0,2,1,1,1,2,1,2,0,2,1,2,1,2,1,2,0,2,1,2,1,
5,1,0,2,1,1,1,2,1,1,0,2,1,1,0,2,1,2,0,2,1,1,1,2,1,1,0,2,1,2,0,
5,1,0,3,1,2,1,2,1,2,0,2,1,2,1,2,1,2,0,3,1,2,1,2,1,2,1,2,1,3,1,
5,1,0,1,0,1,0,1,0,1,0,1,0,1,0,1,0,1,0,1,0,1,0,1,0,1,0,1,0,1,0,
5,1,0,1,0,1,0,1,0,1,0,1,0,1,0,1,0,1,0,1,0,1,0,1,0,1,0,1,0,1,0,
5,1,0,1,0,1,0,1,0,1,0,1,0,1,0,1,0,1,0,1,0,1,0,1,0,1,0,1,0,1,0,
5,1,0,1,0,1,0,1,1,1,0,1,0,1,0,1,0,1,0,1,0,1,0,1,0,1,0,1,0,1,0,
5,1,0,1,1,1,0,1,1,1,0,1,0,1,0,1,0,1,0,2,0,1,0,1,0,1,0,1,0,1,0,
4,1,0,2,1,1,0,1,1,1,0,1,1,1,0,1,1,1,0,2,1,1,0,1,0,1,0,1,0,2,0,
7,1,0,5,1,1,0,4,1,1,0,5,1,1,0,4,1,1,0,5,1,1,1,4,1,1,0,5,1,5,0,
4,1,0,2,1,1,0,1,1,1,0,2,1,1,0,1,1,1,0,2,1,1,1,2,1,1,0,2,1,2,0,
4,1,0,2,1,1,1,2,1,1,0,2,1,1,1,1,1,1,0,2,1,1,1,2,1,1,0,2,1,2,0,
8,1,0,2,1,1,0,2,1,1,0,2,1,1,0,1,1,1,0,2,1,1,0,2,1,1,0,2,1,2,0,
7,1,0,2,1,2,1,2,1,2,0,2,1,2,1,2,1,2,0,2,1,2,1,2,1,2,0,2,1,2,1,
5,1,0,2,1,2,1,2,1,2,0,2,1,2,1,2,1,2,0,2,1,2,1,2,1,2,0,2,1,2,1,
5,1,0,2,1,2,1,2,1,2,1,2,1,2,1,2,1,2,0,2,1,2,1,2,1,2,1,2,1,2,1,
5,1,0,1,0,1,0,1,0,1,0,1,0,1,0,1,0,1,0,1,0,1,0,1,0,1,0,1,0,1,0,
5,1,0,2,1,1,0,1,1,1,0,1,1,1,0,1,1,1,0,2,1,1,0,1,0,1,0,1,1,2,0,
6,1,0,2,1,1,0,1,1,1,0,2,1,1,0,1,1,1,0,2,1,1,0,1,1,1,0,2,1,2,0,
5,1,0,2,1,1,0,1,1,1,0,1,1,1,0,1,1,1,0,2,1,1,0,2,0,1,0,2,1,2,0,
6,1,0,2,1,1,0,1,1,1,0,2,1,1,0,1,0,1,0,2,1,1,0,1,0,1,0,2,1,2,0,
5,1,0,2,1,1,0,1,1,1,0,1,1,1,0,1,1,1,0,2,1,1,0,1,0,1,0,1,1,2,0,
4,1,0,2,1,1,0,1,1,1,0,1,1,1,0,1,1,1,0,2,1,1,0,1,0,1,0,1,1,2,0,
4,1,0,2,1,1,0,1,1,1,0,2,1,1,0,1,1,1,0,2,1,1,0,1,1,1,0,2,1,2,0,
4,1,0,2,1,1,0,1,1,1,0,2,1,1,0,1,1,1,0,2,1,1,0,1,1,1,0,2,1,2,0,
5,1,0,2,1,1,0,2,1,1,0,2,1,1,0,1,1,1,0,2,1,1,0,2,1,1,0,2,1,2,0,
5,1,0,2,1,2,0,2,1,2,0,2,1,1,0,2,1,2,0,2,1,2,1,2,1,2,0,2,1,2,1,
5,1,0,2,1,2,0,2,1,2,0,2,1,2,0,2,1,2,0,2,1,2,1,2,1,2,0,2,1,2,1,
5,1,0,2,1,2,0,2,1,2,0,2,1,2,1,2,1,2,0,2,1,2,1,2,1,2,0,2,1,2,1,
5,2,0,2,1,2,1,2,1,2,0,2,1,2,1,2,1,2,0,2,1,2,1,2,1,2,1,2,1,2,1,
5,1,0,2,1,2,1,2,1,2,0,2,1,2,1,2,1,2,0,2,1,2,1,2,1,2,1,2,1,2,1,
5,1,0,1,0,1,0,1,0,1,0,1,0,1,0,1,0,1,0,1,0,1,0,1,0,1,0,1,0,1,0,
5,1,0,1,1,1,0,1,0,1,0,1,0,1,0,1,0,1,0,1,0,1,0,1,0,1,0,1,0,1,0,
6,1,0,2,1,1,0,1,1,1,0,2,1,1,0,1,1,1,0,2,1,1,0,2,1,1,0,2,1,2,0,
7,1,0,2,1,1,0,2,1,1,0,2,1,1,0,1,1,1,0,2,1,1,0,2,1,1,0,2,1,2,0,
5,1,0,2,1,1,0,2,1,1,0,2,1,1,0,1,1,1,0,2,1,1,1,2,1,1,0,2,1,2,0,
5,1,0,2,1,1,0,2,1,1,0,2,1,2,0,2,1,2,0,2,1,2,1,2,1,2,0,2,1,2,1,
5,2,0,2,2,2,1,2,1,2,0,2,1,2,1,2,2,2,1,2,1,2,1,2,1,2,1,2,1,2,1,
5,1,0,3,1,2,0,2,1,2,0,2,1,2,0,2,1,2,0,3,1,2,1,3,1,2,0,2,1,3,1,
5,1,0,2,1,1,0,2,1,2,0,2,1,1,0,2,1,2,0,2,1,2,0,2,1,2,0,2,1,2,1,
5,1,0,2,1,2,0,2,1,2,0,2,1,2,0,2,1,2,0,2,1,2,1,2,1,2,0,2,1,2,1,
5,1,0,2,1,2,0,2,1,2,0,2,1,2,1,2,1,2,0,2,1,2,1,2,1,2,0,2,1,2,1,
5,1,0,2,1,2,1,2,1,2,0,2,1,2,1,2,1,2,0,2,1,2,1,2,1,2,1,2,1,2,1,
5,1,1,2,1,2,1,2,1,2,0,2,1,2,1,2,1,2,1,2,1,2,1,2,1,2,1,2,1,2,1,
5,1,0,1,0,1,0,1,0,1,0,1,0,1,0,1,0,1,0,1,0,1,0,1,0,1,0,1,0,1,0,
