12,0,2,2,1,1,2,2,0,0,2,2,1,1,2,2,0,1,2,3,1,
8,0,2,1,1,0,2,2,0,0,2,1,1,0,2,1,0,0,2,2,1,
8,0,2,2,1,1,2,2,0,0,2,2,1,1,2,2,0,1,2,2,1,
8,0,2,1,1,0,2,1,0,0,2,1,1,0,2,1,0,0,1,2,1,
10,0,2,1,1,0,2,1,0,0,2,1,1,0,2,1,0,0,1,2,1,
8,0,2,2,1,0,2,2,1,0,3,2,1,0,2,2,1,0,2,3,1,
8,0,2,1,1,0,2,2,0,0,2,2,1,0,2,2,0,0,2,2,1,
8,0,2,1,1,0,2,2,1,0,2,2,1,0,2,2,1,0,2,3,1,
8,0,3,2,1,1,2,2,1,0,3,2,1,1,2,2,1,1,2,3,1,
7,0,2,2,1,1,2,2,1,0,2,2,1,1,2,2,1,1,2,3,1,
7,0,3,2,1,1,2,2,1,0,3,2,1,1,2,2,1,1,2,3,1,
7,0,3,2,1,1,2,2,1,0,3,2,1,1,2,2,1,1,2,3,1,
7,0,3,2,1,1,2,2,1,0,3,2,1,1,2,2,1,1,2,3,1,
7,0,2,1,0,0,1,1,0,0,2,1,1,0,1,1,0,0,1,2,0,
7,0,2,1,1,0,2,1,0,0,2,1,1,0,2,1,0,0,1,2,1,
7,0,2,1,1,0,2,1,0,0,2,1,1,0,2,1,0,0,1,2,1,
9,0,2,1,1,0,2,1,0,0,2,1,1,0,2,1,0,0,2,2,1,
8,0,2,2,1,0,2,2,1,0,2,2,1,0,2,2,1,0,2,2,1,
8,0,2,2,1,0,2,2,1,0,2,2,1,0,2,2,1,0,2,3,1,
9,0,3,2,1,0,3,2,1,0,3,2,1,0,3,2,1,1,2,3,1,
8,0,3,2,1,0,2,2,1,0,3,2,1,0,2,2,1,0,2,3,1,
8,0,3,2,1,0,3,2,1,0,3,2,1,0,3,2,1,1,2,3,1,
8,0,3,2,1,1,2,2,1,0,3,2,1,1,2,2,1,1,2,3,1,
7,0,3,2,1,1,3,2,1,0,3,2,1,1,3,2,1,1,2,3,1,
7,0,3,2,1,1,3,2,1,0,3,2,1,1,3,2,1,1,2,3,1,
8,0,2,1,1,0,2,2,0,0,2,2,1,0,2,2,0,0,2,2,1,
8,0,2,1,1,0,2,2,0,0,2,1,1,0,2,1,0,0,2,2,1,
12,0,5,4,5,0,5,5,4,0,5,4,4,0,5,4,1,0,4,5,1,
12,0,3,2,1,0,3,2,0,0,3,2,1,0,3,2,0,0,3,3,1,
8,0,3,2,1,0,2,2,1,0,3,2,1,0,2,2,1,0,2,3,1,
8,0,2,2,1,0,2,2,0,0,2,2,1,0,2,2,1,0,2,2,1,
7,0,2,1,1,0,2,1,0,0,2,1,1,0,2,1,0,0,2,2,1,
10,0,2,1,1,0,2,2,1,0,2,2,1,0,2,2,1,0,2,2,1,
8,0,2,1,1,0,2,2,0,0,2,1,1,0,2,2,1,0,2,2,1,
8,0,2,1,1,0,2,2,0,0,2,2,1,0,2,2,1,0,2,2,1,
7,0,3,2,1,1,2,2,1,0,3,2,1,1,2,2,1,1,2,3,1,
7,0,3,2,1,1,2,2,1,0,2,2,1,1,2,2,1,1,2,3,1,
8,0,4,4,1,4,4,4,1,0,4,4,4,4,4,4,1,4,4,4,1,
7,0,2,1,1,0,2,1,0,0,2,1,1,0,2,1,0,0,1,2,1,
7,0,3,2,1,1,2,2,1,0,3,2,1,1,2,2,1,1,2,3,1,
7,0,2,1,0,0,1,1,0,0,2,1,1,0,1,1,0,0,1,2,0,
7,0,2,1,1,0,2,1,0,0,2,1,1,0,2,1,0,0,1,2,1,
7,0,2,1,1,0,2,1,0,0,2,1,1,0,2,1,0,0,1,2,1,
10,0,2,1,1,0,2,1,0,0,2,1,1,0,2,1,0,0,1,2,1,
7,0,2,1,1,0,2,1,0,0,2,1,1,0,2,1,0,0,2,2,1,
7,0,2,1,1,0,2,2,0,0,2,2,1,0,2,2,1,0,2,2,1,
8,0,2,1,1,0,2,2,1,0,2,2,1,0,2,2,1,0,2,2,1,
8,0,2,1,1,1,2,2,1,0,2,2,1,1,2,2,1,1,2,2,1,
7,0,2,1,1,1,2,2,1,0,2,2,1,1,2,2,1,1,2,2,1,
7,0,2,1,1,1,2,2,1,0,2,2,1,1,2,2,1,1,2,3,1,
7,0,3,2,1,1,3,2,1,0,3,2,1,1,2,2,1,1,2,3,1,
9,0,4,2,2,0,3,3,2,0,3,3,2,0,3,3,2,0,3,4,2,
8,0,2,1,1,0,2,2,0,0,2,2,1,0,2,1,0,0,2,2,1,
7,0,2,1,1,0,2,1,0,0,2,1,1,0,2,1,0,0,1,2,1,
7,0,2,1,1,0,2,2,0,0,2,1,1,0,2,1,0,0,2,2,1,
7,0,2,1,1,0,2,2,0,0,2,2,1,1,2,2,0,0,2,2,1,
7,0,2,1,1,0,2,2,0,0,2,2,1,0,2,2,0,0,2,2,1,
7,0,2,1,1,0,2,2,0,0,2,2,1,0,2,2,0,0,2,2,1,
10,0,2,1,1,0,2,2,0,0,2,2,1,0,2,2,0,0,2,2,1,
8,0,3,2,2,0,2,2,1,0,3,2,1,0,2,2,1,1,2,3,1,
8,0,2,2,1,0,2,2,1,0,2,2,1,0,2,2,1,1,2,3,1,
7,0,3,2,2,0,2,2,1,0,2,2,1,0,2,2,1,1,2,3,1,
7,0,3,2,2,1,2,2,1,0,3,2,1,1,2,2,1,1,2,3,1,
7,0,3,2,1,1,2,2,1,0,3,2,2,1,2,2,1,1,2,3,1,
7,0,3,2,1,1,2,2,1,0,3,2,1,1,2,2,1,1,2,3,1,
7,0,2,1,1,0,2,1,0,0,2,1,1,0,2,1,0,0,2,2,1,
9,0,2,1,1,0,2,2,0,0,2,1,1,0,2,2,0,0,2,2,1,
8,0,3,2,2,1,2,2,1,0,3,2,2,1,2,2,1,1,2,3,1,
7,0,2,1,1,0,2,2,0,0,2,1,1,0,2,1,0,0,2,2,1,
7,0,2,1,1,0,2,2,0,0,2,2,1,0,2,1,0,0,2,2,1,
8,0,2,1,1,0,2,2,0,0,2,2,1,0,2,2,0,0,2,2,1,
9,2,1,0,0,2,1,1,0,2,1,1,0,2,1,1,0,2,1,2,0,
8,0,2,1,1,0,2,2,1,0,2,2,1,0,2,2,1,0,2,2,1,
7,0,2,1,1,0,2,2,1,0,2,2,1,0,2,2,1,1,2,3,1,
7,0,3,2,1,1,2,2,1,0,3,2,1,1,2,2,1,1,2,3,1,
7,0,2,1,1,0,1,1,0,0,2,1,1,0,1,1,0,0,1,2,0,
7,0,2,1,1,0,1,1,0,0,2,1,1,0,1,1,0,0,1,2,1,
7,0,2,1,1,0,2,1,0,0,2,1,1,0,2,1,0,0,2,2,1,
7,0,2,1,1,0,2,1,0,0,2,1,1,0,2,1,0,0,2,2,1,
7,0,2,1,1,0,1,1,0,0,2,1,1,0,2,1,0,0,2,2,1,
11,0,6,1,1,0,6,2,0,0,6,1,1,0,6,1,0,0,2,6,1,
7,0,2,1,1,0,2,2,0,0,2,1,1,0,2,2,0,0,2,2,1,
7,0,2,1,1,0,2,2,0,0,2,2,1,0,2,2,0,0,2,2,1,
8,0,1,0,0,0,1,1,0,0,1,1,0,0,1,1,0,0,1,1,0,
8,0,1,0,0,0,1,1,0,0,1,1,0,0,1,1,0,0,1,2,0,
7,0,1,1,0,0,1,1,0,0,1,1,0,0,1,1,0,0,1,2,0,
7,0,2,1,1,0,1,1,0,0,2,1,0,0,1,1,0,0,1,2,0,
7,0,3,2,2,1,2,2,1,0,3,2,1,1,2,2,1,1,2,3,1,
7,0,2,1,1,0,1,1,0,0,2,1,1,0,1,1,0,0,1,2,0,
10,0,2,1,1,0,2,2,0,0,2,2,1,0,2,2,0,0,2,2,1,
8,0,2,1,1,0,2,1,0,0,2,1,1,0,2,1,0,0,2,2,1,
7,0,2,1,1,0,2,2,0,0,2,1,1,0,2,2,0,0,2,2,1,
7,0,2,1,1,0,2,2,0,0,2,1,1,0,2,2,0,0,2,2,1,
8,0,3,2,1,0,2,2,1,0,3,2,1,0,2,2,1,0,2,3,1,
8,0,2,1,1,0,2,2,1,0,2,2,1,0,2,2,1,0,2,3,1,
8,0,2,2,1,0,2,2,1,0,2,2,1,0,2,2,1,1,2,2,1,
8,0,2,2,1,0,2,2,1,0,2,2,1,0,2,2,1,1,2,2,1,
7,0,2,2,1,1,2,2,1,0,2,2,1,1,2,2,1,1,2,3,1,
7,0,2,2,1,1,2,2,1,0,2,2,1,1,2,2,1,1,2,3,1,
7,0,3,2,1,1,2,2,1,0,3,2,1,1,2,2,1,1,2,3,1,
7,0,3,2,1,1,2,2,1,0,3,2,1,1,2,2,1,1,2,3,1,
7,0,2,1,0,0,1,1,0,0,2,1,1,0,1,1,0,0,1,2,0,
9,0,2,1,1,0,1,1,0,0,2,1,1,0,1,1,0,0,1,2,1,
7,0,2,1,0,0,1,1,0,0,2,1,1,0,1,1,0,0,1,2,1,
7,0,2,1,1,0,1,1,0,0,2,1,1,0,2,1,0,0,2,2,1,
8,0,2,1,0,0,1,1,0,0,2,1,1,0,1,1,0,0,1,2,0,
7,0,2,1,1,0,2,2,0,0,2,1,1,0,2,2,0,0,2,2,1,
8,0,2,1,1,0,2,2,0,0,2,1,1,0,2,2,1,0,2,2,1,
8,0,2,1,1,0,2,2,1,0,2,2,1,0,2,2,1,0,2,2,1,
8,0,2,1,1,0,2,2,1,0,2,2,1,0,2,2,1,0,2,2,1,
7,0,2,2,1,1,2,2,1,0,2,2,1,1,2,2,1,1,2,3,1,
7,0,2,2,1,1,2,2,1,0,2,2,1,1,2,2,1,1,2,2,1,
7,0,3,2,1,1,2,2,1,0,3,2,1,1,2,2,1,1,2,3,1,
7,0,2,1,1,0,1,1,0,0,2,1,1,0,1,1,0,0,1,2,1,
9,0,4,2,1,0,3,2,1,0,4,2,1,0,3,2,1,1,2,4,1,
8,0,3,2,2,0,2,2,1,0,2,2,1,0,2,2,1,0,2,3,1,
8,0,2,2,1,0,2,2,0,0,2,2,1,0,2,2,0,0,2,2,1,
9,0,3,2,1,1,2,2,1,0,2,2,1,1,2,2,1,1,2,3,1,
8,3,2,2,1,3,2,2,0,3,2,2,1,3,2,2,0,3,2,2,1,
7,0,2,2,1,0,2,2,0,0,2,2,1,0,2,2,0,0,2,2,1,
8,0,2,2,1,0,2,2,0,0,2,2,1,0,2,2,0,0,2,2,1,
8,0,2,2,1,0,2,2,0,0,2,2,1,0,2,2,1,0,2,2,1,
8,0,3,2,1,0,2,2,1,0,2,2,1,1,2,2,1,1,2,3,1,
7,0,2,2,1,1,2,2,1,0,2,2,1,1,2,2,1,1,2,2,1,
7,0,2,2,1,1,2,2,1,0,2,2,1,1,2,2,1,1,2,3,2,
7,0,3,2,1,1,2,2,1,0,3,2,2,1,2,2,1,1,2,3,1,
7,0,3,2,1,2,2,2,1,0,3,2,2,2,2,2,1,2,2,3,2,
8,0,2,1,1,0,2,2,0,0,2,1,1,0,2,1,0,0,2,2,1,
525,0,3,3,1,1,2,3,0,0,2,3,2,1,2,3,0,1,3,2,1,
424,0,2,3,1,0,2,3,0,0,2,3,1,0,2,3,0,1,3,2,1,
323,0,4,3,2,1,3,3,1,0,3,3,2,0,3,3,2,1,3,3,2,
221,0,3,3,1,1,3,3,1,0,3,3,2,0,3,3,1,1,3,3,1,
8,0,3,2,1,1,2,2,1,0,3,2,2,1,2,2,1,1,2,3,2,
7,0,3,2,1,1,2,2,1,0,3,2,2,1,2,2,1,1,2,3,1,
7,0,2,1,1,0,2,2,1,0,2,2,1,0,2,2,1,0,2,2,1,
7,0,2,2,1,1,2,2,1,0,2,2,1,1,2,2,1,1,2,3,1,
7,0,3,2,1,1,2,2,1,0,3,2,2,1,2,2,1,1,2,3,1,
7,0,3,2,1,1,2,2,1,0,3,2,2,1,2,2,1,1,2,3,1,
7,0,3,2,2,1,2,2,1,0,3,2,2,1,2,2,1,1,2,3,2,
7,0,2,1,1,0,1,1,0,0,2,1,1,0,1,1,0,0,1,2,1,
7,0,2,1,1,0,1,1,0,0,2,1,1,0,1,1,0,0,1,2,1,
7,0,2,1,1,0,2,1,0,0,2,1,1,0,2,1,0,0,2,2,1,
10,2,2,1,1,2,2,5,0,2,2,1,1,2,2,5,0,2,5,2,1,
7,0,2,1,1,0,2,2,0,0,2,1,1,0,2,2,0,0,2,2,1,
7,0,2,1,1,0,2,2,0,0,2,1,1,0,2,2,1,0,2,2,1,
8,0,2,2,1,0,2,2,1,0,2,2,1,0,2,2,1,1,2,2,1,
7,0,1,1,0,0,1,1,0,0,1,1,0,0,1,1,0,0,1,1,0,
7,0,2,2,1,1,2,2,1,0,2,2,1,1,2,2,1,1,2,2,1,
7,0,2,1,1,0,2,2,0,0,2,1,1,0,2,2,0,0,2,2,1,
7,0,3,2,1,1,2,2,1,0,3,2,2,1,2,2,1,1,2,3,2,
7,0,3,2,2,1,2,2,1,0,3,2,2,1,2,2,1,1,2,3,2,
10,0,5,1,1,0,5,1,0,0,5,1,1,0,5,1,0,0,2,5,1,
8,0,2,1,1,0,1,1,0,0,2,1,1,0,1,1,0,0,2,2,1,
7,0,2,1,1,0,2,1,0,0,2,1,1,0,2,1,0,0,2,2,1,
7,0,2,1,1,0,2,1,0,0,2,1,1,0,2,1,0,0,2,2,1,
23,0,8,8,8,8,8,8,1,0,8,8,8,8,8,8,8,17,8,8,8,
12,0,2,1,1,0,1,1,0,0,2,2,0,0,1,1,0,0,1,2,0,
12,1,3,4,1,1,2,4,1,0,3,5,1,1,2,5,1,1,5,3,1,
8,1,3,2,1,1,2,2,1,0,3,2,1,1,2,2,1,1,2,3,1,
9,0,2,1,1,0,2,1,0,0,2,1,1,0,2,2,0,0,2,2,0,
9,1,3,2,1,1,3,2,1,0,3,2,2,1,2,3,1,1,3,3,1,
8,1,2,1,1,0,1,1,1,0,2,1,1,0,2,1,1,1,1,2,1,
7,0,2,1,1,0,1,1,0,0,2,1,1,0,1,1,0,0,1,2,1,
7,0,2,1,1,0,1,1,0,0,2,1,1,0,1,1,0,0,1,2,1,
7,0,2,1,1,0,1,1,0,0,2,1,1,0,1,1,0,0,1,2,1,
8,0,2,1,1,0,2,1,0,0,2,1,1,0,2,1,0,0,2,2,1,
7,0,2,1,1,0,2,2,0,0,2,1,1,0,2,2,0,0,2,2,1,
7,0,2,1,1,0,2,1,0,0,2,1,1,0,2,1,0,0,2,2,1,
7,0,2,1,1,0,2,2,0,0,2,1,1,0,2,2,0,0,2,2,1,
7,0,2,2,1,0,2,2,1,0,2,2,1,0,2,2,1,0,2,2,1,
8,0,2,2,1,0,2,2,1,0,2,2,1,0,2,2,1,0,2,2,1,
7,0,3,2,1,0,2,2,1,0,3,2,1,0,2,2,1,1,2,3,1,
7,0,3,2,1,1,2,2,1,0,3,2,2,1,2,2,1,1,2,3,1,
7,0,3,2,1,1,2,2,1,0,3,2,1,1,2,2,1,1,2,3,1,
7,0,2,1,1,0,2,2,0,0,2,1,1,0,2,2,0,0,2,2,1,
7,0,3,2,2,1,2,2,1,0,3,2,2,1,3,2,1,1,2,3,1,
10,0,3,2,1,1,2,2,1,0,3,2,2,1,2,2,1,1,2,3,2,
7,0,2,1,0,0,1,1,0,0,2,1,1,0,1,1,0,0,1,2,1,
7,1,2,1,1,1,1,1,0,0,2,1,1,1,1,1,0,1,1,2,1,
8,1,2,2,1,2,2,1,0,0,2,1,1,1,2,1,0,2,2,2,1,
8,1,2,1,1,1,2,2,0,0,2,1,1,2,2,2,0,2,2,2,1,
8,0,2,1,1,1,2,2,0,0,2,1,1,1,2,2,0,1,2,2,1,
8,0,2,1,1,0,2,2,0,0,2,1,1,1,2,2,1,1,2,2,1,
8,0,2,1,1,0,2,2,1,0,2,2,1,0,2,2,1,1,2,2,1,
8,0,3,2,1,1,2,2,1,0,2,2,1,1,2,2,1,1,2,3,1,
9,0,2,1,1,0,2,1,0,0,2,1,1,0,2,2,0,0,2,2,1,
7,0,3,2,1,1,2,2,1,0,3,2,2,1,3,2,1,1,2,3,1,
8,0,2,1,1,0,2,3,0,0,2,2,1,0,2,2,0,0,3,2,1,
11,0,5,3,3,0,5,4,2,0,5,3,3,0,5,5,2,0,4,5,2,
9,0,4,2,2,4,3,3,1,0,4,3,2,4,3,3,1,4,3,3,2,
9,0,3,2,2,1,3,2,1,0,3,2,2,1,3,3,1,1,2,3,2,
10,0,3,2,2,0,3,2,1,0,3,2,2,0,3,2,1,1,2,3,2,
8,0,2,1,1,0,2,2,0,0,2,2,1,0,2,2,1,0,2,2,1,
9,0,2,3,1,0,2,3,0,0,2,3,1,0,2,4,0,0,3,2,1,
7,0,2,1,1,0,2,2,0,0,2,1,1,0,2,2,0,0,2,2,1,
8,0,2,1,1,0,2,2,0,0,2,1,1,0,2,2,0,0,2,2,1,
8,0,2,1,1,0,2,2,0,0,2,1,1,0,2,2,0,0,2,2,1,
7,0,3,2,1,1,2,2,0,0,2,2,1,1,2,2,1,1,2,3,1,
7,0,3,1,1,1,2,2,1,0,2,2,1,1,2,2,1,1,2,3,1,
7,0,3,2,1,1,2,2,1,0,3,2,1,1,2,2,1,1,2,3,1,
7,0,3,2,1,1,2,2,1,1,3,2,1,1,2,2,1,1,2,3,1,
7,0,3,2,2,1,2,2,1,0,3,2,2,1,2,2,1,1,2,3,1,
7,0,2,1,1,0,1,1,0,0,2,1,1,0,1,1,0,0,1,2,1,
8,0,2,1,1,0,1,1,0,0,2,1,1,0,1,2,0,0,1,2,1,
9,0,4,1,1,0,4,1,0,0,4,1,1,0,4,2,0,0,1,4,1,
7,0,2,1,1,0,2,1,0,0,2,1,1,0,2,2,0,0,1,2,1,
7,0,2,1,1,0,2,1,0,0,2,1,1,0,2,2,0,0,1,2,1,
7,0,2,1,1,0,2,1,0,0,2,1,1,0,2,2,0,0,1,2,1,
7,0,2,1,1,0,2,2,0,0,2,1,1,0,2,2,1,1,2,2,1,
8,0,2,2,1,1,2,2,1,0,2,2,2,1,2,2,1,1,2,2,1,
7,0,3,2,2,1,2,2,1,0,3,2,2,1,2,2,1,1,2,3,2,
7,0,2,1,0,0,1,1,0,0,2,1,0,0,1,1,0,0,1,2,0,
7,0,3,2,1,1,2,2,1,1,2,2,1,1,2,2,1,1,2,3,1,
7,0,3,2,1,1,2,2,1,1,3,2,1,1,2,2,1,1,2,3,1,
7,0,3,2,1,1,2,2,1,1,3,2,1,1,2,2,1,1,2,3,1,
7,0,2,1,1,0,1,1,0,0,2,1,1,0,1,1,0,0,1,2,1,
7,0,2,1,1,0,1,1,0,0,2,1,1,0,2,1,0,0,1,2,1,
7,0,2,1,1,0,2,1,0,0,2,1,1,0,2,1,0,0,1,2,1,
7,0,2,1,1,0,2,1,0,0,2,1,1,0,2,2,0,0,1,2,1,
7,0,2,1,1,0,2,1,0,0,2,1,1,0,2,2,0,1,1,2,1,
7,0,2,1,1,0,2,1,0,0,2,1,1,0,2,2,0,0,1,2,1,
7,0,2,1,1,0,2,2,0,0,2,1,1,0,2,2,0,1,2,2,1,
8,0,2,1,1,1,2,2,0,0,2,1,1,0,2,2,0,1,2,2,1,
9,2,2,1,1,2,2,1,0,2,2,1,1,2,2,4,0,2,2,2,1,
7,0,2,1,1,0,2,1,0,0,2,1,1,0,2,1,0,0,1,2,1,
7,0,3,2,1,1,2,2,1,1,2,2,1,1,2,2,1,1,2,2,1,
8,0,3,2,1,1,2,2,1,0,2,2,1,1,2,2,1,1,2,3,1,
7,0,3,2,1,1,2,2,1,1,3,2,2,1,2,2,1,1,2,3,1,
8,0,2,2,1,0,2,2,0,0,2,2,1,0,2,3,0,1,2,2,1,
7,0,2,1,1,0,2,1,0,0,2,1,1,0,2,2,0,0,1,2,1,
8,0,2,1,1,0,2,1,0,0,2,1,1,0,2,2,0,0,1,2,1,
7,0,2,1,1,0,2,1,0,0,2,1,1,0,2,1,0,0,1,2,1,
12,0,7,1,1,0,7,1,0,0,7,1,1,0,7,2,0,0,1,7,1,
8,0,3,2,1,1,2,2,1,0,3,2,1,1,2,2,1,1,2,3,1,
8,0,2,1,1,0,2,2,0,0,2,1,1,0,2,2,1,0,2,2,1,
8,0,2,1,1,1,2,2,0,0,2,1,1,1,2,2,1,1,2,2,1,
7,0,2,1,1,1,2,2,1,0,2,2,1,1,2,2,1,1,2,2,1,
7,0,3,2,1,1,2,2,1,0,2,2,1,1,2,2,1,1,2,3,1,
7,0,3,2,1,1,2,2,1,0,3,2,1,1,2,2,1,1,2,3,1,
7,0,3,2,2,1,2,2,1,0,3,2,2,1,2,2,1,1,2,3,2,
7,0,2,1,1,0,2,1,0,0,2,1,1,0,2,2,0,0,1,2,1,
8,0,2,1,1,0,2,1,0,0,2,1,1,0,2,2,0,1,1,2,1,
8,0,2,1,1,0,2,1,0,0,2,1,1,0,2,1,0,0,1,2,1,
7,0,2,1,1,0,2,1,0,0,2,1,1,0,2,2,0,0,1,2,1,
7,0,2,1,1,0,2,1,0,0,2,1,1,0,2,2,0,1,1,2,1,
8,0,2,1,1,0,2,2,0,0,2,1,1,0,2,2,0,1,3,3,1,
7,0,2,1,1,0,2,2,0,0,2,1,1,0,2,2,1,1,2,2,1,
8,0,2,1,1,0,2,2,0,0,2,1,1,0,2,2,0,0,2,2,1,
8,0,2,1,1,1,2,2,1,0,2,2,1,1,2,2,1,1,2,3,1,
7,0,3,2,1,1,2,2,1,0,3,2,1,1,2,2,1,1,2,3,1,
7,0,3,2,1,1,2,2,1,1,3,2,2,1,2,2,1,1,2,3,1,
7,0,2,1,0,0,1,1,0,0,2,1,1,0,1,1,0,0,1,2,0,
7,0,2,1,1,0,1,1,0,0,2,1,1,0,1,1,0,1,1,2,1,
8,0,3,2,1,1,2,2,1,0,3,2,1,0,2,2,1,1,2,3,1,
7,0,2,1,1,0,2,1,0,0,2,1,1,0,2,1,0,0,1,2,1,
7,0,2,1,1,0,2,1,0,0,2,1,1,0,2,1,0,0,1,2,1,
8,0,2,1,1,0,2,1,0,0,2,1,1,0,2,2,0,0,1,2,1,
10,0,2,1,1,0,2,2,0,0,2,1,1,0,2,2,0,0,2,2,1,
9,0,2,1,1,1,2,2,0,0,2,2,1,1,2,2,0,1,2,2,1,
8,0,2,2,1,1,2,2,1,0,2,2,1,1,2,2,1,1,2,2,1,
8,0,3,2,1,1,2,2,1,0,2,2,1,1,2,2,1,1,2,3,1,
7,0,2,1,1,0,2,1,0,0,2,1,1,0,1,2,0,0,1,2,1,
9,0,3,2,1,1,2,2,1,0,3,2,1,1,2,2,1,1,2,3,1,
7,0,3,2,1,1,2,2,1,0,3,2,1,1,2,2,1,1,2,3,1,
7,0,2,1,0,0,1,1,0,0,2,1,1,0,1,1,0,0,1,2,0,
7,0,2,1,1,0,1,1,0,0,2,1,1,0,1,1,0,1,1,2,1,
7,0,2,1,1,0,1,1,0,0,2,1,1,0,1,1,0,0,1,2,1,
7,0,2,1,1,0,2,1,0,0,2,1,1,0,2,2,0,0,1,2,1,
8,0,2,1,1,0,2,1,0,0,2,1,1,0,2,2,0,0,1,2,1,
7,0,2,1,1,0,2,2,0,0,2,1,1,0,2,2,1,0,2,2,1,
8,0,2,1,1,1,2,2,1,1,2,2,1,1,2,2,1,1,2,2,1,
8,0,2,1,1,1,2,2,0,0,2,2,1,1,2,2,1,1,2,2,1,
8,0,2,1,1,1,2,2,1,0,2,2,1,1,2,2,1,1,2,2,1,
7,0,2,2,1,1,2,2,1,0,2,2,1,1,2,2,1,1,2,2,1,
7,0,2,1,0,0,1,1,1,0,2,1,1,0,1,1,0,0,1,2,0,
8,0,2,1,0,1,1,1,0,0,2,1,0,1,1,1,0,1,1,2,0,
7,0,2,1,1,0,1,1,0,0,2,1,1,0,1,1,0,0,1,2,1,
7,0,2,1,1,0,2,1,0,0,2,1,2,0,2,2,0,0,1,2,1,
7,0,2,1,1,0,2,2,0,0,2,2,1,0,2,2,0,0,2,2,1,
7,0,2,1,1,0,2,1,0,0,2,1,1,0,2,2,0,1,2,2,1,
8,0,2,1,1,1,2,2,1,0,2,1,1,1,2,2,0,1,2,2,1,
7,0,2,1,1,0,2,2,0,0,2,1,1,0,2,2,0,0,2,2,1,
7,0,2,1,1,0,2,2,0,0,2,1,1,0,2,2,0,0,2,2,1,
7,0,2,1,1,0,2,2,0,0,2,2,1,0,2,2,1,0,2,2,1,
9,0,2,1,1,0,2,2,1,0,2,2,1,0,2,2,1,0,2,2,1,
9,0,2,1,1,1,2,2,1,0,2,1,1,1,2,2,0,1,2,3,1,
7,0,2,1,1,0,1,1,0,0,2,1,1,0,1,1,0,0,1,2,0,
8,0,2,2,1,0,2,2,1,0,2,2,1,0,2,2,1,0,2,3,1,
7,0,2,1,1,0,1,1,0,0,2,1,1,0,1,1,0,0,1,2,1,
8,0,2,1,1,0,2,2,1,0,2,2,1,0,2,2,0,0,2,3,1,
8,0,3,2,1,0,2,2,1,0,3,2,2,0,2,2,1,0,2,3,1,
7,0,2,1,1,0,2,1,1,0,2,1,1,0,2,1,0,0,1,2,1,
8,0,3,1,1,0,3,1,0,0,3,1,1,0,3,1,0,0,1,3,1,
7,0,2,1,1,0,1,1,0,0,2,1,1,0,2,1,0,0,1,2,1,
7,0,2,1,1,0,2,2,1,0,2,1,1,0,2,2,0,0,2,2,1,
10,0,3,2,2,0,2,3,1,0,3,2,2,0,3,3,1,0,3,4,2,
8,0,3,2,2,1,2,2,1,0,3,2,2,1,3,2,1,1,2,3,2,
7,0,2,1,1,1,2,2,1,0,2,1,1,2,2,2,1,1,2,2,1,
6,0,2,1,1,1,2,2,1,0,2,1,1,0,2,2,1,1,2,2,1,
7,0,2,2,1,1,2,2,1,0,2,2,1,1,3,2,1,1,2,3,1,
10,0,5,5,1,1,5,5,1,0,5,5,1,1,5,5,1,1,5,5,1,
7,0,2,1,0,0,1,1,0,0,2,1,1,0,2,1,0,0,1,2,0,
7,0,3,2,1,1,2,2,1,0,3,2,1,1,3,2,1,1,2,3,1,
7,0,3,2,1,1,2,2,1,0,3,2,1,1,3,2,1,1,2,3,1,
8,2,2,1,0,3,1,1,0,2,2,1,1,3,2,1,0,3,1,2,0,
7,0,2,1,1,0,2,2,1,0,2,1,1,0,2,2,0,1,2,2,1,
8,0,2,1,1,0,2,2,1,0,2,2,1,1,2,2,1,1,2,2,1,
8,0,3,2,1,1,2,2,1,0,3,2,1,1,3,2,1,1,2,3,1,
7,0,2,1,1,0,2,2,1,0,2,1,1,0,2,2,1,1,2,2,1,
8,0,2,1,1,1,2,2,1,0,2,2,1,1,2,2,1,1,2,2,1,
7,0,2,2,1,1,2,2,1,0,2,2,1,1,2,2,1,1,2,2,1,
7,0,3,2,1,1,2,2,1,0,3,2,1,1,3,2,1,1,2,3,1,
7,0,3,2,1,1,2,2,1,0,3,2,1,1,3,2,1,1,2,3,1,
7,0,3,2,1,1,2,2,1,0,3,2,1,1,2,2,1,1,2,3,1,
7,0,2,1,0,0,1,1,0,0,2,1,0,0,1,1,0,0,1,2,0,
7,0,2,1,0,0,1,1,0,0,2,1,1,0,1,1,0,0,1,2,0,
7,0,2,1,0,0,1,1,0,0,2,1,1,0,1,1,0,0,1,2,0,
8,0,2,1,1,0,2,1,0,0,2,1,1,0,2,2,0,0,1,2,1,
7,0,2,1,1,0,2,1,1,0,2,1,1,0,2,2,0,0,1,2,1,
7,0,2,1,1,0,2,2,1,0,2,1,1,0,2,2,1,1,2,2,1,
7,0,2,1,1,0,2,2,1,0,2,1,1,0,2,2,1,1,2,2,1,
6,0,2,1,1,1,2,2,1,0,2,2,1,1,2,2,1,1,2,2,1,
7,0,2,2,1,1,2,2,1,0,2,2,1,1,2,2,1,1,2,2,1,
7,0,2,2,1,1,2,2,1,0,2,2,1,1,2,2,1,1,2,3,1,
7,0,3,2,1,1,2,2,1,0,3,2,1,1,2,2,1,1,2,3,1,
7,0,2,1,1,0,2,2,1,0,2,1,1,0,2,2,0,1,2,2,1,
7,0,2,1,1,0,1,1,0,0,2,1,1,0,2,1,0,0,1,2,0,
7,0,2,1,1,0,2,1,0,0,2,1,1,0,2,1,0,0,1,2,1,
8,0,2,1,0,0,1,1,0,0,2,1,1,0,1,1,0,0,1,2,0,
7,0,2,1,1,0,2,1,1,0,2,1,1,0,2,1,0,0,1,2,1,
7,0,2,1,1,0,2,2,1,0,2,1,1,0,2,2,1,0,2,2,1,
7,0,2,1,1,0,2,1,0,0,2,1,1,0,2,1,0,0,1,2,1,
7,0,2,2,1,1,2,2,1,0,2,2,1,1,2,2,1,1,2,2,1,
7,0,2,2,1,1,2,2,1,0,2,2,1,1,2,2,1,1,2,2,1,
9,0,2,1,1,0,2,2,1,0,2,2,1,0,2,2,1,0,2,2,1,
7,0,3,2,1,1,2,2,1,0,3,2,1,1,2,2,1,1,2,3,1,
7,0,3,2,1,1,2,2,1,1,3,2,2,1,2,2,1,1,2,3,1,
29,0,23,23,23,0,23,23,23,0,23,23,23,0,23,23,22,0,23,23,23,
8,2,2,1,1,3,2,1,1,2,2,1,1,3,2,1,0,3,2,2,1,
7,0,2,1,1,0,2,1,0,0,2,1,1,0,2,1,0,0,1,2,1,
8,0,2,2,1,1,2,2,1,0,2,2,1,1,2,2,1,1,2,2,1,
8,0,2,1,1,0,2,2,1,0,2,2,1,0,2,2,1,1,2,2,1,
8,0,2,2,1,1,2,2,1,0,3,2,1,0,2,2,1,1,2,3,1,
8,1,3,2,1,1,2,2,1,0,3,2,2,1,2,2,1,1,2,3,1,
7,0,3,2,1,1,2,2,1,0,2,2,1,1,2,2,1,1,2,2,1,
7,0,3,2,1,1,3,3,1,0,3,2,1,1,3,3,1,1,3,3,1,
7,0,3,2,2,1,2,2,1,0,3,2,1,1,2,2,1,1,2,3,1,
14,1,9,2,2,1,3,3,3,0,9,3,3,2,3,3,1,2,3,9,1,
7,0,2,1,1,0,2,1,0,0,2,1,1,0,1,1,0,0,1,2,1,
7,0,2,1,1,0,1,1,0,0,2,1,1,0,1,1,0,0,1,2,1,
7,0,2,1,1,0,2,1,0,0,2,1,1,0,1,1,0,0,1,2,1,
7,0,2,1,1,0,2,1,0,0,2,1,1,0,2,1,0,0,1,2,1,
7,0,2,1,1,0,2,1,0,0,2,1,1,0,2,1,0,0,2,2,1,
7,0,2,1,1,0,2,2,0,0,2,1,1,0,2,2,0,0,2,2,1,
7,0,2,1,1,0,2,2,1,0,2,2,1,0,2,2,1,1,2,2,1,
8,0,2,2,1,1,2,2,1,0,2,2,1,1,2,2,1,1,2,2,1,
7,0,2,2,1,0,2,2,1,0,2,2,1,0,2,2,1,1,2,2,1,
9,0,2,2,1,1,2,2,1,0,2,2,1,0,2,2,1,1,2,2,1,
7,0,2,2,1,1,2,2,1,0,2,2,1,0,2,2,1,1,2,2,1,
7,0,3,2,1,1,2,2,1,0,3,2,1,1,2,2,1,1,2,3,1,
7,0,2,1,0,0,1,1,0,0,2,1,1,0,1,1,0,0,1,2,0,
7,0,2,1,1,0,1,1,0,0,2,1,1,0,1,1,0,0,1,2,1,
7,0,2,1,1,0,2,1,0,0,2,1,1,0,2,1,0,0,1,2,1,
7,0,2,1,1,0,2,1,0,0,2,1,1,0,2,1,0,0,1,2,1,
7,0,2,1,1,0,2,2,0,0,2,1,1,0,2,2,0,0,2,2,1,
29,0,23,23,22,0,23,23,21,0,23,23,22,0,23,23,22,1,24,23,22,
8,0,2,2,1,1,2,2,1,0,2,2,1,1,2,2,1,1,2,3,1,
8,0,2,1,1,0,2,2,1,0,2,1,1,0,2,2,1,1,2,2,1,
6,0,2,1,1,0,2,2,1,0,2,1,1,0,2,2,1,1,2,2,1,
8,0,2,4,1,0,2,4,1,0,2,4,1,0,2,4,1,1,4,2,1,
7,0,2,2,1,0,2,2,1,0,2,2,1,0,2,2,1,1,2,2,1,
7,0,2,2,1,1,2,2,1,0,2,2,1,1,2,2,1,1,2,3,1,
9,1,2,4,0,2,1,4,0,1,2,4,0,1,1,4,0,2,4,2,0,
7,0,2,1,0,0,1,1,0,0,2,1,1,0,1,1,0,0,1,2,0,
7,0,2,1,1,0,2,1,0,0,2,1,1,0,2,1,0,0,1,2,1,
7,0,2,1,1,0,2,1,0,0,2,1,1,0,2,1,0,0,1,2,1,
7,0,2,1,1,0,2,1,0,0,2,1,1,0,2,1,0,0,1,2,1,
8,0,2,1,1,0,2,1,0,0,2,1,1,0,2,1,0,0,2,2,1,
7,0,2,1,1,0,2,1,0,0,2,1,1,0,2,1,0,0,2,2,1,
7,0,2,1,1,0,2,2,1,0,2,2,1,0,2,2,1,0,2,2,1,
8,0,4,1,1,0,4,2,1,0,4,1,1,0,4,2,1,0,2,4,1,
12,0,8,2,1,1,8,2,1,0,8,2,1,1,8,2,1,1,2,8,1,
8,0,3,2,1,0,2,2,1,0,3,2,1,0,2,2,1,0,2,3,1,
7,0,3,2,1,1,3,2,1,0,3,2,2,1,2,2,1,1,2,3,1,
7,0,2,1,0,0,1,1,0,0,2,1,1,0,1,1,0,0,1,2,1,
7,0,2,1,1,0,1,1,0,0,2,1,1,0,1,1,0,0,1,2,1,
7,0,2,1,1,0,2,1,0,0,2,1,1,0,1,1,0,0,1,2,1,
7,0,2,1,1,0,2,1,0,0,2,1,1,0,2,1,0,0,1,2,1,
7,0,2,1,1,0,2,1,0,0,2,1,1,0,2,1,0,0,1,2,1,
7,0,2,1,1,0,2,1,0,0,2,1,1,0,2,1,0,0,1,2,1,
7,0,2,1,1,0,2,1,0,0,2,1,1,0,2,1,0,0,2,2,1,
10,0,2,1,1,0,2,2,0,0,2,1,1,0,2,1,1,0,2,2,1,
8,0,2,1,1,0,2,2,1,0,2,1,1,0,2,2,1,1,2,2,1,
6,0,2,1,1,1,2,2,1,0,2,1,1,1,2,2,1,1,2,2,1,
7,0,2,1,1,1,2,2,1,0,2,1,1,1,2,2,1,1,2,2,1,
7,0,3,2,1,1,2,2,1,0,3,2,1,1,2,2,1,1,2,3,1,
7,0,3,2,1,1,2,2,1,0,3,2,1,1,2,2,1,1,2,3,1,
7,0,2,1,0,0,1,1,0,0,2,1,1,0,1,1,0,0,1,2,1,
7,0,2,1,0,0,2,1,0,0,2,1,1,0,1,1,0,0,1,2,0,
7,0,2,1,1,0,2,1,0,0,2,1,1,0,2,1,0,0,1,2,1,
7,0,2,1,1,0,2,1,0,0,2,1,1,0,2,1,0,0,1,2,1,
7,0,2,1,1,0,2,1,0,0,2,1,1,0,2,1,0,0,2,2,1,
9,0,3,2,1,1,2,2,1,0,3,2,1,1,2,2,1,1,2,3,1,
8,0,3,1,1,0,2,2,1,0,2,2,1,0,2,2,1,1,2,3,1,
8,0,3,1,1,0,2,2,1,0,3,2,1,0,2,2,1,0,2,3,1,
7,0,3,2,1,1,2,2,1,0,3,2,1,0,2,2,1,1,2,3,1,
9,0,3,4,1,1,2,5,1,0,3,4,1,1,2,5,1,1,5,3,1,
7,0,3,2,1,1,2,2,1,0,3,2,2,1,2,2,1,1,2,3,1,
7,0,2,1,0,0,2,1,0,0,2,1,1,0,1,1,0,0,1,2,0,
7,0,2,1,1,0,2,1,0,0,2,1,1,0,2,1,0,0,1,2,1,
7,0,2,1,1,0,2,1,0,0,2,1,1,0,2,1,0,0,1,2,1,
8,0,2,2,1,1,3,1,0,0,2,1,1,0,3,2,1,0,1,2,1,
7,0,2,1,1,0,2,2,0,0,2,1,1,0,2,1,0,0,2,2,1,
7,0,2,1,1,1,2,1,0,0,2,1,1,0,2,1,0,0,2,2,1,
7,0,2,1,1,0,2,1,0,0,2,1,1,0,2,1,0,0,1,2,1,
12,0,7,1,1,0,7,2,1,0,7,1,1,0,7,2,1,0,2,7,1,
7,0,2,1,1,0,2,2,0,0,2,1,1,0,2,1,1,0,2,2,1,
6,0,2,1,1,0,2,2,1,0,2,1,1,0,2,2,1,0,2,2,1,
7,0,3,2,1,1,2,2,1,0,2,2,1,1,2,2,1,1,2,3,1,
7,0,3,2,1,1,2,2,1,0,3,2,1,1,2,2,1,1,2,3,1,
7,0,2,1,0,0,2,1,0,0,2,1,0,0,2,1,0,0,1,2,0,
7,0,2,1,1,0,1,1,0,0,2,1,1,0,1,1,0,0,1,2,1,
7,0,2,1,1,0,2,1,0,0,2,1,1,0,2,1,0,0,1,2,1,
7,0,2,1,1,0,2,1,0,0,2,1,1,0,2,1,0,0,1,2,1,
7,0,2,1,1,0,2,1,0,0,2,1,1,0,2,1,0,0,2,2,1,
10,0,2,1,1,0,2,1,0,0,2,1,1,0,2,1,0,0,2,2,1,
7,0,2,1,1,0,2,2,0,0,2,1,1,0,2,1,1,0,2,2,1,
7,0,2,1,1,0,2,2,1,0,2,1,1,0,2,2,1,0,2,2,1,
7,0,2,1,1,0,2,2,1,0,2,1,1,0,2,2,1,0,2,2,1,
7,0,2,1,1,1,2,2,1,0,2,1,1,0,2,2,1,1,2,2,1,
7,0,3,2,1,1,2,2,1,0,3,2,1,1,2,2,1,1,2,3,1,
7,0,3,2,1,1,2,2,1,0,3,2,1,1,2,2,1,1,2,3,1,
7,0,3,2,1,1,2,2,1,0,3,2,1,1,2,2,1,1,2,3,1,
7,0,2,1,1,0,2,1,0,0,2,1,1,0,1,1,0,0,1,2,1,
7,0,2,1,1,0,2,1,0,0,2,1,1,0,2,1,0,0,1,2,1,
7,0,2,1,1,0,2,1,0,0,2,1,1,1,2,1,0,1,1,2,1,
8,0,3,2,1,0,2,2,1,0,3,2,1,0,2,2,1,1,2,3,1,
7,0,2,1,1,0,2,2,0,0,2,1,1,0,2,1,0,1,2,2,1,
8,0,2,1,1,0,2,2,1,0,2,1,1,0,2,2,1,0,2,2,1,
8,0,3,1,1,0,2,2,1,0,3,2,1,0,2,2,1,1,2,3,1,
10,0,2,4,1,1,2,4,1,0,2,4,1,1,2,4,1,1,4,2,1,
7,0,2,2,1,1,2,2,1,0,2,2,1,0,2,2,1,1,2,3,1,
7,0,3,2,1,1,2,2,1,0,3,2,1,1,2,2,1,1,2,3,1,
7,1,3,2,1,1,3,2,1,0,3,2,2,1,2,2,1,1,2,3,1,
7,0,2,1,1,0,2,1,0,0,2,1,1,0,2,1,0,0,1,2,1,
7,0,2,1,0,0,2,1,0,0,2,1,1,0,1,1,0,0,1,2,1,
7,0,2,1,1,0,2,1,0,0,2,1,1,0,2,1,0,0,1,2,1,
7,0,2,1,1,0,2,1,0,0,2,1,1,0,2,1,0,0,1,2,1,
7,0,2,1,1,0,2,1,0,0,2,1,1,0,2,1,0,0,1,2,1,
12,0,7,1,1,0,7,1,0,0,7,1,1,0,7,1,0,0,1,7,1,
7,0,2,1,1,0,2,2,0,0,2,1,1,0,2,1,0,0,2,2,1,
8,0,2,1,1,0,2,2,1,0,2,1,1,0,2,2,1,0,2,2,1,
8,0,2,1,1,0,2,2,1,0,2,1,1,0,2,2,1,0,2,2,1,
8,0,2,1,1,0,2,2,1,0,2,1,1,0,2,2,1,0,2,2,1,
7,0,2,1,1,0,2,2,1,0,2,2,1,0,2,2,1,1,2,3,1,
7,0,2,2,1,1,2,2,1,0,2,2,1,1,2,2,1,1,2,3,1,
7,0,3,2,1,1,2,2,1,0,3,2,2,1,2,2,1,1,2,3,1,
7,0,3,2,1,1,2,2,1,0,3,2,1,1,2,2,1,1,2,3,1,
10,0,3,2,1,1,2,2,1,0,3,2,1,1,2,2,1,1,2,3,1,
9,0,2,1,0,0,2,1,0,0,2,1,1,0,1,1,0,0,1,2,1,
7,0,2,1,1,0,2,1,0,0,2,1,1,0,1,1,0,0,1,2,1,
7,0,2,1,1,0,2,1,0,0,2,1,1,0,2,1,0,0,2,2,1,
8,0,2,1,1,0,2,2,0,0,2,1,1,0,2,1,0,0,2,2,1,
7,0,2,1,1,0,2,1,0,0,2,1,1,0,2,1,0,0,2,2,1,
7,0,2,1,1,0,2,1,0,0,2,1,1,0,2,1,0,0,2,2,1,
7,0,2,1,1,0,2,2,1,0,2,1,1,0,2,2,1,0,2,2,1,
7,0,2,1,1,0,2,2,1,0,2,2,1,0,2,2,1,0,2,2,1,
7,0,3,2,1,1,2,2,1,0,3,2,1,1,2,2,1,1,2,3,1,
7,0,3,2,1,1,2,2,1,0,3,2,1,1,2,2,1,1,2,3,1,
32,0,3,1,1,0,2,2,1,0,3,2,1,0,2,2,1,1,2,3,1,
7,0,2,1,0,0,2,1,0,0,2,1,1,0,1,1,0,0,1,2,0,
10,0,2,1,0,0,1,1,0,0,2,1,1,0,1,1,0,0,1,2,0,
7,0,2,1,1,0,2,1,0,0,2,1,1,0,2,1,0,0,1,2,1,
7,0,2,1,1,0,2,1,0,0,2,1,1,0,2,1,0,0,1,2,1,
7,0,2,1,1,0,2,1,0,0,2,1,1,0,2,1,0,0,1,2,1,
7,0,2,1,1,0,2,1,0,0,2,1,1,0,2,1,0,0,1,2,1,
7,0,2,1,1,0,2,2,0,0,2,1,1,0,2,1,0,0,2,2,1,
7,0,2,1,1,0,2,2,0,0,2,1,1,0,2,1,1,0,2,2,1,
7,0,3,2,1,1,2,2,1,0,3,2,1,1,2,2,1,1,2,3,1,
7,0,3,2,1,1,2,2,1,0,3,2,2,1,2,2,1,1,2,3,2,
7,0,2,1,0,0,1,1,0,0,2,1,1,0,1,1,0,0,1,2,0,
7,0,2,1,1,0,2,1,0,0,2,1,1,0,1,1,0,0,1,2,1,
7,0,2,1,0,0,1,1,0,0,2,1,1,0,1,1,0,0,1,2,0,
7,0,2,1,1,0,2,1,0,0,2,1,1,0,2,1,0,0,2,2,1,
7,0,2,1,0,0,1,1,0,0,2,1,1,0,1,1,0,0,1,2,0,
7,0,2,1,1,0,2,1,0,0,2,1,1,0,2,1,0,0,1,2,1,
7,0,2,1,1,0,2,1,0,0,2,1,1,0,2,1,0,0,1,2,1,
7,2,2,1,1,2,2,1,0,2,2,1,1,2,2,1,0,2,1,2,1,
7,0,2,1,1,0,2,1,0,0,2,1,1,0,2,1,0,0,2,2,1,
7,0,2,1,1,0,2,2,0,0,2,1,1,0,2,2,1,0,2,2,1,
7,0,2,1,1,1,2,2,1,0,2,1,1,0,2,2,1,1,2,2,1,
7,0,2,2,1,1,2,2,1,0,2,2,1,1,2,2,1,1,2,3,1,
7,0,3,2,1,1,2,2,1,0,3,2,1,1,2,2,1,1,2,3,1,
7,0,3,2,1,1,2,2,1,0,3,2,1,1,2,2,1,1,2,3,1,
7,0,3,2,1,1,2,2,1,0,3,2,1,1,2,2,1,1,2,3,1,
7,0,2,1,0,0,1,1,0,0,2,1,0,0,1,1,0,0,1,2,0,
13,0,8,1,0,0,8,1,0,0,8,1,1,0,7,1,0,0,1,8,0,
7,0,2,1,1,0,2,1,0,0,2,1,1,0,2,1,0,0,1,2,1,
7,0,2,1,1,0,2,2,0,0,2,1,1,0,2,1,0,0,2,2,1,
8,0,2,1,1,0,2,2,1,0,2,1,1,0,2,2,1,0,2,2,1,
8,0,2,1,1,0,2,2,1,0,2,1,1,0,2,2,1,0,2,2,1,
8,0,3,2,1,0,2,2,1,0,3,2,1,0,2,2,1,1,2,3,1,
7,0,2,2,1,0,2,2,1,0,2,2,1,0,2,2,1,1,2,3,1,
7,0,3,2,1,1,2,2,1,0,3,2,1,1,2,2,1,1,2,3,1,
7,0,3,2,1,1,2,2,1,0,3,2,1,1,2,2,1,1,2,3,1,
7,0,3,2,1,1,2,2,1,1,3,2,1,1,2,2,1,1,2,3,1,
9,0,3,2,1,1,2,2,1,0,3,2,1,1,2,2,1,1,2,3,1,
7,0,3,2,1,1,2,2,1,0,3,2,1,1,2,2,1,1,2,3,1,
7,0,2,1,1,0,1,1,1,0,2,1,0,0,1,1,0,0,1,2,0,
7,0,2,1,1,0,2,1,0,0,2,1,1,0,2,1,0,0,1,2,1,
7,0,2,1,1,0,2,1,0,0,2,1,1,0,2,1,0,0,1,2,1,
7,0,2,1,1,0,2,1,1,0,2,1,1,0,2,1,0,0,1,2,1,
7,0,2,1,1,0,2,1,1,0,2,1,1,0,2,1,0,0,2,2,1,
7,0,2,1,1,0,2,1,1,0,2,1,1,0,2,1,0,0,2,2,1,
6,0,2,1,1,0,2,2,1,0,2,1,1,0,2,2,1,0,2,2,1,
7,0,3,2,1,1,2,2,1,0,3,2,1,1,2,2,1,1,2,3,1,
7,0,3,2,1,1,2,2,1,0,3,2,1,1,2,2,1,1,2,3,1,
7,0,3,2,1,1,2,2,1,0,3,2,1,1,2,2,1,1,2,3,1,
7,0,2,1,0,0,1,1,0,0,2,1,0,0,1,1,0,0,1,2,0,
7,0,2,1,0,0,1,1,0,0,2,1,1,0,1,1,0,0,1,2,0,
7,0,2,1,1,0,2,1,0,0,2,1,1,0,2,1,0,0,1,2,1,
9,0,2,3,1,0,2,4,0,0,2,4,1,0,2,4,0,0,4,2,1,
7,0,2,1,1,0,2,1,0,0,2,1,1,0,2,1,0,0,1,2,1,
7,0,2,1,1,0,2,1,1,0,2,1,1,0,2,1,0,0,2,2,1,
7,0,2,1,1,0,2,1,1,0,2,1,1,0,2,1,0,0,2,2,1,
7,0,2,1,1,0,2,2,1,0,2,1,1,0,2,1,1,0,2,2,1,
7,0,2,1,1,0,2,2,1,0,2,1,1,0,2,2,1,0,2,2,1,
8,0,2,1,1,0,2,2,1,0,2,1,1,0,2,2,1,0,2,2,1,
7,0,3,2,1,1,2,2,1,0,3,2,1,1,2,2,1,1,2,3,1,
7,0,3,2,1,1,2,2,1,0,3,2,1,1,2,2,1,1,2,3,1,
11,0,2,1,1,0,2,1,0,0,2,1,1,0,2,1,0,0,1,2,1,
7,0,2,1,0,0,1,1,0,0,2,1,1,0,1,1,0,0,1,2,0,
7,0,2,1,0,0,1,1,0,0,2,1,1,0,1,1,0,0,1,2,0,
7,0,2,1,1,0,2,1,0,0,2,1,1,0,2,1,0,0,1,2,1,
10,0,2,1,1,0,2,1,0,0,2,1,1,0,2,1,0,0,1,2,1,
8,0,3,1,1,0,2,2,1,0,3,1,1,0,2,2,1,0,2,3,1,
7,0,2,1,1,0,2,1,1,0,2,1,1,0,2,1,0,0,2,2,1,
8,0,2,2,1,1,2,2,1,0,3,2,1,0,2,2,1,1,2,3,1,
8,0,2,2,1,0,2,2,1,0,2,2,1,0,2,2,1,1,2,3,1,
7,0,3,2,1,1,2,2,1,0,3,2,1,1,2,2,1,1,2,3,1,
7,0,3,2,1,1,2,2,1,0,3,2,1,1,2,2,1,1,2,3,1,
7,0,3,2,1,1,2,2,1,0,3,2,1,1,2,2,1,1,2,3,1,
7,0,3,2,1,1,2,2,1,0,3,2,1,1,2,2,1,1,2,3,1,
11,0,2,1,0,0,1,1,0,0,2,1,1,0,1,1,0,0,1,2,1,
7,0,3,2,1,1,2,2,1,0,3,2,1,1,2,2,1,1,2,3,1,
7,0,2,1,0,0,1,1,0,0,2,1,1,0,2,1,0,0,1,2,0,
7,0,2,1,1,0,2,1,0,0,2,1,1,0,2,1,0,0,1,2,1,
8,0,2,1,1,0,2,1,0,0,2,1,1,0,2,1,0,0,1,2,1,
7,0,2,1,1,0,2,1,0,0,2,1,1,0,2,1,0,0,1,2,1,
7,0,2,1,1,0,2,1,0,0,2,1,1,0,2,1,0,0,2,2,1,
7,0,2,1,1,0,2,2,0,0,2,1,1,0,2,2,1,0,2,2,1,
6,0,2,1,1,0,2,2,1,0,2,2,1,0,2,2,1,1,2,2,1,
7,0,3,2,1,1,2,2,1,0,3,2,1,1,2,2,1,1,2,3,1,
7,0,3,2,1,1,2,2,1,0,3,2,1,1,2,3,1,1,2,3,1,
7,0,3,2,1,1,2,2,1,0,3,2,1,1,2,2,1,1,2,3,1,
7,0,3,2,1,1,2,2,1,0,3,2,1,1,2,2,1,1,2,3,1,
7,0,3,2,1,1,2,2,1,0,3,2,1,1,2,2,1,1,2,3,1,
7,0,2,1,1,0,2,2,0,0,2,1,1,0,2,2,0,1,2,2,1,
7,0,2,1,1,0,2,1,0,0,2,1,1,0,2,2,0,0,1,2,1,
7,0,2,1,1,0,2,1,0,0,2,1,1,0,2,1,0,0,2,2,1,
7,0,2,1,1,0,2,1,0,0,2,1,1,0,2,1,0,0,2,2,1,
7,0,2,1,1,0,2,1,0,0,2,1,1,0,2,1,0,0,2,2,1,
7,0,2,1,1,0,2,2,0,0,2,1,1,0,2,2,1,0,2,2,1,
7,0,2,1,1,0,2,2,1,0,2,1,1,0,2,2,1,0,2,2,1,
7,0,2,1,1,0,2,2,1,0,2,1,1,0,2,2,1,0,2,2,1,
7,0,3,2,1,1,2,2,1,0,3,2,1,1,2,2,1,1,2,3,1,
7,0,2,2,1,1,2,2,1,0,2,2,1,1,2,2,1,1,2,3,1,
7,0,3,2,1,1,2,2,1,0,3,2,1,1,2,2,1,1,2,3,1,
7,0,3,2,1,1,2,2,1,0,3,2,1,1,2,2,1,1,2,3,1,
7,0,2,1,0,0,1,1,0,0,2,1,1,0,1,1,0,0,1,2,0,
7,0,2,1,1,0,2,1,0,0,2,1,1,0,2,1,0,0,1,2,1,
7,0,2,1,1,0,2,1,0,0,2,1,1,0,2,1,0,0,1,2,1,
7,0,2,1,1,0,2,1,0,0,2,1,1,0,2,1,0,0,1,2,1,
7,0,2,1,1,0,2,1,0,0,2,1,1,0,2,1,0,0,1,2,1,
8,0,2,2,1,0,2,2,1,0,2,2,1,0,2,2,1,1,2,2,1,
8,0,2,1,1,0,1,1,0,0,2,1,1,0,2,1,0,0,1,2,1,
9,0,4,2,1,1,4,2,1,0,5,2,1,1,4,2,1,1,2,5,1,
7,0,2,1,1,0,2,1,0,0,2,1,1,0,2,1,0,0,2,2,1,
7,0,3,2,1,0,2,2,1,0,3,2,1,0,2,2,1,1,2,3,1,
7,0,3,2,1,1,2,2,1,0,3,2,1,1,2,2,1,1,2,3,1,
7,0,3,2,1,1,2,2,1,0,3,2,2,1,2,2,1,1,2,3,1,
8,2,2,1,0,3,1,1,0,2,2,1,0,3,1,1,0,3,1,2,0,
7,0,2,1,0,0,1,1,0,0,2,1,1,0,1,1,0,0,1,2,0,
7,0,2,1,1,0,2,1,0,0,2,1,1,0,2,1,0,0,1,2,1,
7,0,2,1,1,0,2,1,0,0,2,1,1,0,2,1,0,0,1,2,1,
7,0,2,1,1,0,2,1,0,0,2,1,1,0,2,1,0,0,1,2,1,
7,0,2,1,1,0,2,1,0,0,2,1,1,0,2,1,0,0,2,2,1,
7,0,2,1,1,0,2,2,0,0,2,1,1,0,2,2,0,0,2,2,1,
8,0,2,1,1,1,2,2,1,0,2,1,1,1,2,2,1,1,2,2,1,
7,0,2,1,1,0,2,2,1,0,2,2,1,0,2,2,1,1,2,2,1,
10,0,6,1,1,0,2,3,1,0,6,2,1,0,2,3,1,0,3,6,1,
7,0,3,2,1,1,2,2,1,0,3,2,1,1,2,2,1,1,2,3,1,
7,0,3,2,1,1,2,2,1,0,3,2,1,1,2,2,1,1,2,3,1,
7,1,3,2,1,1,2,2,1,0,3,2,1,1,2,2,1,1,2,3,1,
7,0,2,1,1,0,2,1,0,0,2,1,1,0,2,1,0,0,1,2,1,
7,0,2,1,1,0,2,1,0,0,2,1,1,0,2,1,0,0,2,2,1,
7,0,2,1,1,0,2,1,0,0,2,1,1,0,2,1,0,0,2,2,1,
7,0,2,1,1,0,2,2,0,0,2,1,1,0,2,2,0,0,2,2,1,
8,0,2,1,1,0,2,2,1,0,2,1,1,0,2,2,1,0,2,3,1,
8,0,2,1,1,0,2,2,1,0,2,2,1,0,2,2,1,0,2,2,1,
8,0,2,1,1,0,2,2,1,0,2,2,1,0,2,2,1,0,2,2,1,
8,0,2,1,1,0,3,2,1,0,2,2,1,0,2,2,1,1,2,3,1,
9,0,2,1,1,0,2,2,1,0,2,2,1,0,2,2,1,0,2,3,1,
7,0,2,2,1,0,2,2,1,0,2,2,1,0,2,2,1,1,2,3,1,
7,0,3,2,1,1,2,2,1,0,3,2,1,1,2,2,1,1,2,3,1,
7,0,3,2,1,1,2,2,1,0,3,2,1,1,2,2,1,1,2,3,1,
7,0,2,1,1,0,1,1,0,0,2,1,1,0,1,1,0,0,1,2,1,
7,0,2,1,1,0,2,1,0,0,2,1,1,0,2,1,0,0,1,2,1,
7,0,2,1,1,0,1,1,0,0,2,1,1,0,2,1,0,0,1,2,1,
7,0,2,1,1,0,2,1,0,0,2,1,1,0,2,1,0,0,1,2,1,
7,0,2,1,1,0,2,1,0,0,2,1,1,0,2,1,0,0,1,2,1,
7,0,2,1,1,0,2,1,0,0,2,1,1,0,2,1,0,0,2,2,1,
8,0,2,1,1,0,2,2,1,0,2,1,1,0,2,2,1,0,2,2,1,
7,0,2,1,1,0,2,2,1,0,2,1,1,0,2,2,1,0,2,2,1,
8,0,2,1,1,0,2,2,1,0,2,1,1,0,2,2,1,0,2,2,1,
8,0,2,4,1,0,2,4,1,0,2,4,1,0,2,4,1,0,4,3,1,
7,0,3,2,1,1,2,2,1,0,3,2,1,1,2,2,1,1,2,3,1,
7,0,3,2,1,1,2,2,1,0,3,2,1,1,2,2,1,1,2,3,1,
7,0,2,1,0,0,1,1,0,0,2,1,0,0,1,1,0,0,1,2,0,
7,0,2,1,1,0,1,1,0,0,2,1,1,0,1,1,0,0,1,2,1,
9,0,2,1,1,0,1,1,0,0,2,1,1,0,1,1,0,0,1,2,0,
7,0,2,1,1,0,2,1,0,0,2,1,1,0,2,1,0,0,1,2,1,
7,0,2,1,1,0,2,1,0,0,2,1,1,0,2,1,0,0,1,2,1,
7,0,2,1,1,0,2,2,0,0,2,1,1,0,2,2,0,0,2,2,1,
12,0,7,1,1,0,4,2,1,0,7,2,1,0,4,2,1,0,2,7,1,
7,0,2,1,1,0,2,2,0,0,2,2,1,0,2,2,1,0,2,2,1,
7,0,2,1,1,0,2,2,1,0,2,1,1,0,2,2,1,0,2,2,1,
8,0,2,1,1,0,2,2,1,0,2,1,1,0,2,2,1,0,2,2,1,
6,0,2,1,1,0,2,2,1,0,2,2,1,0,2,2,1,1,2,2,1,
7,0,3,2,1,1,2,2,1,0,3,2,1,1,2,2,1,1,2,3,1,
7,0,2,1,0,0,1,1,0,0,2,1,0,0,1,1,0,0,1,2,0,
7,0,2,1,1,0,2,2,0,0,2,1,1,0,2,2,1,0,2,2,1,
7,0,2,1,1,0,2,1,0,0,2,1,1,0,2,1,0,0,2,2,1,
7,0,2,1,1,0,1,1,0,0,2,1,1,0,2,1,0,0,1,2,1,
9,0,2,1,1,0,2,1,0,0,2,1,1,0,2,1,0,0,2,2,1,
7,0,2,1,1,0,2,1,0,0,2,1,1,0,2,1,0,0,2,2,1,
7,0,2,1,1,0,2,2,0,0,2,1,1,0,2,1,0,0,2,2,1,
7,0,2,1,1,0,2,2,0,0,2,1,1,0,2,1,0,0,2,2,1,
7,0,2,1,1,0,2,1,0,0,2,1,1,0,2,1,0,0,2,2,1,
7,0,2,1,1,0,2,2,1,0,2,1,1,0,2,2,1,0,2,2,1,
6,0,2,1,1,0,2,2,1,0,2,2,1,0,2,2,1,1,2,2,1,
7,0,2,2,1,1,2,2,1,0,2,2,1,1,2,2,1,1,2,3,1,
7,0,3,2,1,1,2,2,1,0,3,2,1,1,2,2,1,1,2,3,1,
7,0,3,2,1,1,2,2,1,0,3,2,1,1,2,2,1,1,2,3,1,
7,0,3,2,1,1,2,2,1,0,3,2,1,1,2,2,1,1,2,3,1,
7,0,2,1,1,0,1,1,0,0,2,1,1,0,1,1,0,0,1,2,0,
7,0,2,1,1,0,1,1,0,0,2,1,1,0,1,1,0,0,1,2,1,
7,0,2,1,1,0,1,1,0,0,2,1,1,0,2,1,0,0,1,2,1,
7,0,2,1,1,0,2,1,0,0,2,1,1,0,2,1,0,0,1,2,1,
9,0,2,1,1,0,2,1,0,0,2,1,1,0,2,1,0,0,2,2,1,
7,0,2,1,1,0,2,1,0,0,2,1,1,0,2,1,0,0,2,2,1,
8,0,3,2,1,1,2,2,1,0,3,2,1,1,2,2,1,1,2,3,1,
8,0,2,2,1,0,2,2,1,0,2,2,1,1,2,2,1,1,2,2,1,
7,0,2,2,1,0,2,2,1,0,2,2,1,1,2,2,1,1,2,3,1,
7,0,3,2,1,1,2,2,1,0,3,2,1,1,2,2,1,1,2,3,1,
7,0,3,2,1,1,2,2,1,0,3,2,1,1,2,2,1,1,2,3,1,
7,0,3,2,2,1,2,2,1,0,3,2,2,1,2,2,1,1,2,3,1,
7,0,3,2,1,1,2,2,1,0,3,2,1,1,2,2,1,1,2,3,1,
10,0,5,1,0,0,1,1,0,0,5,1,1,0,1,1,0,0,1,5,1,
7,0,2,1,0,0,1,1,0,0,2,1,1,0,1,1,0,0,1,2,1,
7,0,2,1,1,0,2,1,0,0,2,1,1,0,2,1,0,0,1,2,1,
7,0,2,1,1,0,2,1,0,0,2,1,1,0,2,1,0,0,1,2,1,
9,0,2,1,1,0,2,1,0,0,2,1,1,0,2,1,0,0,1,2,1,
8,0,2,1,1,0,2,2,1,0,2,1,1,0,2,2,1,0,2,2,1,
7,0,2,1,1,0,2,2,1,0,2,1,1,0,2,2,1,0,2,2,1,
7,0,2,1,1,0,2,2,1,0,2,1,1,0,2,2,1,0,2,2,1,
7,0,2,2,1,1,2,2,1,0,2,2,1,1,2,2,1,1,2,3,1,
7,0,3,2,1,1,2,2,1,0,2,2,1,1,2,2,1,1,2,3,1,
9,0,2,2,1,1,2,2,1,0,2,2,1,1,2,2,1,1,2,3,1,
7,0,3,2,1,1,2,2,1,0,3,2,1,1,2,2,1,1,2,3,1,
7,0,3,2,1,1,2,2,1,0,3,2,1,1,2,2,1,1,2,3,1,
7,0,2,1,0,0,1,1,0,0,2,1,1,0,1,1,0,0,1,2,1,
8,0,2,1,1,0,2,2,0,0,2,1,1,0,2,2,0,0,2,3,1,
7,0,2,1,1,0,2,1,0,0,2,1,1,0,2,1,0,0,1,2,1,
7,0,2,1,1,0,2,2,0,0,2,1,1,0,2,1,0,0,2,2,1,
7,0,2,1,1,0,2,2,0,0,2,1,1,0,2,2,0,0,2,2,1,
7,0,2,1,1,0,2,2,0,0,2,1,1,0,2,2,1,0,2,2,1,
8,0,2,1,1,0,2,2,1,0,2,1,1,0,2,2,1,0,2,2,1,
8,0,2,1,1,0,2,2,1,0,2,2,1,0,2,2,1,1,2,3,1,
7,0,3,2,1,0,2,2,1,0,2,2,1,1,2,2,1,1,2,3,1,
7,0,3,2,1,0,2,2,1,0,2,2,1,0,2,2,1,1,2,3,1,
7,0,3,2,1,1,2,2,1,0,3,2,1,1,2,2,1,1,2,3,1,
7,0,3,2,1,1,2,2,1,0,3,2,1,1,2,2,1,1,2,3,1,
7,0,2,1,0,0,1,1,0,0,2,1,1,0,1,1,0,0,1,2,0,
7,0,2,1,0,0,1,1,0,0,2,1,1,0,1,1,0,0,1,2,1,
7,0,2,1,1,0,2,1,0,0,2,1,1,0,2,1,0,0,1,2,1,
7,0,2,1,1,0,2,1,0,0,2,1,1,0,2,1,0,0,1,2,1,
8,0,2,1,1,0,2,1,0,0,2,1,1,0,2,1,0,0,2,2,1,
7,0,2,1,1,0,2,2,0,0,2,1,1,0,2,2,0,0,2,2,1,
7,0,2,1,1,0,2,2,1,0,2,1,1,0,2,2,1,0,2,2,1,
7,0,2,1,1,0,2,2,1,0,2,2,1,0,2,2,1,0,2,2,1,
7,0,2,2,1,1,2,2,1,0,2,2,1,1,2,2,1,1,2,3,1,
11,0,7,2,1,1,3,2,1,0,7,2,1,1,3,2,1,1,2,7,1,
7,0,2,1,1,0,1,1,0,0,2,1,1,0,1,1,0,0,1,2,1,
7,0,3,2,2,1,2,2,1,0,3,2,2,1,2,2,1,1,2,3,2,
7,0,2,1,1,0,1,1,0,0,2,1,1,0,1,1,0,0,1,2,1,
8,2,2,1,1,3,2,1,0,2,2,1,1,3,1,1,0,3,1,2,1,
7,0,2,1,1,0,2,1,0,0,2,1,1,0,1,1,0,0,1,2,1,
7,0,2,1,1,0,2,1,0,0,2,1,1,0,2,1,0,0,1,2,1,
7,0,2,1,1,0,2,1,0,0,2,1,1,0,2,1,0,0,1,2,1,
8,0,2,1,1,0,2,1,0,0,2,1,1,0,2,1,0,0,1,2,1,
7,0,2,1,1,0,2,2,1,0,2,1,1,0,2,2,1,0,2,2,1,
10,0,2,1,1,0,2,2,1,0,2,1,1,0,2,2,1,1,2,2,1,
7,0,2,1,1,1,2,2,1,0,2,1,1,1,2,2,1,1,2,2,1,
7,0,2,1,1,0,2,2,0,0,2,1,1,0,2,2,1,1,2,2,1,
7,0,2,1,1,0,2,1,0,0,2,1,1,0,2,1,0,0,1,2,1,
7,0,2,1,1,0,2,1,0,0,2,1,1,0,2,1,0,0,1,2,1,
7,0,2,1,1,0,1,1,0,0,2,1,1,0,2,1,0,0,1,2,1,
8,0,2,1,0,0,1,1,0,0,2,1,1,0,1,1,0,0,1,2,0,
7,0,2,1,0,0,1,1,0,0,2,1,1,0,1,1,0,0,1,2,0,
7,0,2,1,1,0,1,1,0,0,2,1,1,0,1,1,0,0,1,2,1,
7,0,2,1,1,0,1,1,0,0,2,1,1,0,1,1,0,0,1,2,1,
567,0,3,3,1,0,2,3,0,0,3,3,1,0,2,3,0,0,3,3,1,
464,0,2,3,1,0,2,3,0,0,2,3,1,0,2,3,0,0,3,2,1,
361,0,2,3,1,0,2,3,0,0,2,3,1,0,2,3,0,1,3,2,1,
258,0,2,2,1,0,2,3,0,0,2,2,1,0,2,2,0,0,3,2,1,
153,0,2,2,1,1,2,3,1,0,2,2,1,1,2,3,1,1,3,3,1,
50,0,3,2,1,0,2,3,1,0,3,2,1,0,2,3,1,0,3,3,1,
7,0,3,2,1,1,2,2,1,0,3,2,1,1,2,2,1,1,2,3,1,
7,0,3,2,1,1,2,2,1,0,3,2,1,1,2,2,1,1,2,3,1,
7,0,3,2,1,1,2,2,1,0,3,2,1,1,2,2,1,1,2,3,1,
7,0,3,2,2,1,2,2,1,0,3,2,2,1,2,2,1,1,2,3,2,
7,0,2,1,1,0,1,1,0,0,2,1,1,0,2,1,0,0,1,2,1,
7,0,2,1,1,0,2,1,0,0,2,1,1,0,2,1,0,0,1,2,1,
7,0,2,1,1,0,2,1,0,0,2,1,1,0,2,1,0,0,2,2,1,
7,0,2,1,1,0,2,2,0,0,2,1,1,0,2,2,0,0,2,2,1,
7,0,2,1,1,0,2,2,0,0,2,1,1,0,2,2,1,0,2,2,1,
7,0,2,1,1,0,2,2,1,0,2,2,1,0,2,2,1,1,2,2,1,
6,0,2,1,1,0,2,2,1,0,2,2,1,0,2,2,1,1,2,2,1,
7,1,1,1,0,1,1,1,0,1,1,1,0,1,1,1,0,1,1,1,0,
7,0,3,2,1,1,2,2,1,0,3,2,1,1,2,2,1,1,2,3,1,
7,0,2,1,1,0,2,2,0,0,2,1,1,0,2,2,0,0,2,2,1,
8,0,3,2,2,1,2,2,1,0,3,2,2,1,2,2,1,1,2,3,2,
7,0,2,1,1,0,1,1,0,0,2,1,1,0,1,1,0,0,1,2,1,
7,0,2,1,1,0,1,1,0,0,2,1,1,0,1,1,0,0,1,2,1,
7,0,2,1,1,0,2,1,0,0,2,1,1,0,2,1,0,0,1,2,1,
7,0,2,1,1,0,2,1,0,0,2,1,1,0,2,1,0,0,2,2,1,
7,0,2,1,1,0,2,1,0,0,2,1,1,0,2,1,0,0,2,2,1,
7,0,2,1,1,0,2,2,1,0,2,1,1,0,2,2,1,0,2,2,1,
7,0,2,1,1,0,2,2,1,0,2,1,1,0,2,2,1,0,2,2,1,
7,0,2,1,1,0,2,2,1,0,2,1,1,0,2,2,1,0,2,2,1,
7,0,3,1,1,1,2,2,1,0,2,2,1,1,2,2,1,1,2,3,1,
8,0,3,2,1,1,2,2,1,0,3,2,1,1,2,2,1,1,2,3,1,
7,0,3,2,1,1,2,2,1,0,2,2,1,1,2,2,1,1,2,3,1,
10,0,2,1,1,0,1,1,0,0,2,1,1,0,1,1,0,0,1,2,1,
7,0,3,2,1,1,2,2,1,0,3,2,1,1,2,2,1,1,2,3,1,
7,0,3,2,1,1,2,2,1,0,3,2,1,1,2,2,1,1,2,3,1,
7,0,2,1,1,0,1,1,0,0,2,1,1,0,1,1,0,0,1,2,1,
8,3,2,1,1,3,2,1,0,3,2,1,1,3,2,1,0,3,1,2,1,
7,0,2,1,1,0,2,1,0,0,2,1,1,0,2,1,0,0,2,2,1,
7,0,2,1,1,0,2,2,0,0,2,1,1,0,2,1,0,0,2,2,1,
7,0,2,1,1,0,2,2,1,0,2,1,1,0,2,2,1,0,2,2,1,
8,0,3,1,1,0,2,2,1,0,2,2,1,0,2,2,1,0,2,2,1,
8,0,2,1,1,0,2,2,1,0,2,2,1,0,2,2,1,0,2,2,1,
7,0,2,1,1,0,2,2,1,0,2,2,1,0,2,2,1,0,2,3,1,
7,0,3,2,1,0,2,2,1,0,2,2,1,0,2,2,1,1,2,3,1,
7,0,3,2,1,0,2,2,1,0,2,2,1,0,2,2,1,1,2,3,1,
7,0,3,2,1,1,2,2,1,0,3,2,1,1,2,2,1,1,2,3,1,
7,0,3,2,1,1,2,2,1,0,3,2,1,1,2,2,1,1,2,3,1,
7,0,2,1,1,0,1,1,0,0,2,1,1,0,1,1,0,0,1,2,1,
7,0,2,1,1,0,2,1,0,0,2,1,1,0,2,1,0,0,2,2,1,
7,0,2,1,1,0,2,2,0,0,2,1,1,0,2,2,0,0,2,2,1,
7,0,2,1,1,0,2,2,0,0,2,1,1,0,2,2,0,0,2,2,1,
7,0,2,1,1,0,2,2,0,0,2,1,1,0,2,2,0,0,2,2,1,
8,0,2,1,1,1,2,2,1,0,2,2,1,1,2,2,1,1,2,2,1,
7,0,2,1,1,0,2,2,1,0,2,2,1,0,2,2,1,0,2,2,1,
8,0,2,1,1,0,2,2,1,0,2,2,1,0,2,2,1,0,2,2,1,
7,0,3,2,1,0,2,2,1,0,2,2,1,0,2,2,1,1,2,3,1,
7,0,3,2,1,1,2,2,1,0,3,2,1,1,2,2,1,1,2,3,1,
7,0,3,2,2,1,3,2,1,0,3,2,2,1,3,2,1,1,2,3,1,
7,0,3,2,1,1,2,2,1,0,3,2,1,1,2,2,1,1,2,3,1,
7,0,2,1,1,0,2,1,0,0,2,1,1,0,1,1,0,0,1,2,1,
7,0,2,1,1,0,2,1,0,0,2,1,1,0,2,1,0,0,2,2,1,
7,0,2,1,1,0,2,1,0,0,2,1,1,0,2,1,0,0,2,2,1,
7,0,2,1,1,0,2,2,0,0,2,1,1,0,2,1,1,1,2,2,1,
7,0,2,1,1,1,2,1,0,0,2,1,1,1,2,1,1,1,2,2,1,
7,0,2,1,1,1,2,2,0,0,2,1,1,1,2,1,1,1,2,2,1,
7,0,2,1,1,1,2,2,1,0,2,1,1,1,2,2,1,1,2,2,1,
7,0,2,1,1,1,2,2,1,0,2,2,1,1,2,2,1,1,2,2,1,
8,0,3,2,1,1,2,2,1,0,3,2,1,1,2,2,1,1,2,3,1,
7,0,2,2,1,0,2,2,1,0,2,2,1,1,2,2,1,1,2,3,1,
7,0,3,2,1,1,2,2,1,0,3,2,1,1,2,2,1,1,2,3,1,
9,1,2,1,0,1,1,4,0,1,2,1,0,1,1,4,0,1,4,2,0,
7,0,2,1,0,0,1,1,0,0,2,1,1,0,1,1,0,0,1,2,0,
7,0,2,1,1,0,1,1,0,0,2,1,1,0,2,1,0,0,1,2,1,
7,0,2,1,1,0,2,1,0,0,2,1,1,0,2,1,0,0,1,2,1,
7,0,2,1,1,0,2,1,0,0,2,1,1,0,1,1,0,0,1,2,1,
7,0,2,1,1,0,2,1,0,0,2,1,1,0,2,1,0,0,1,2,1,
7,0,2,1,1,0,2,1,0,0,2,1,1,0,2,1,0,0,2,2,1,
8,0,2,1,1,0,2,2,0,0,2,1,1,0,2,2,1,0,2,2,1,
7,0,2,1,1,0,2,2,1,0,2,2,1,0,2,2,1,0,2,2,1,
10,0,5,1,1,0,5,2,1,0,5,2,1,0,5,2,1,0,2,5,1,
8,0,2,1,1,0,2,2,1,0,2,2,1,0,2,2,1,1,2,2,1,
7,0,2,1,1,1,2,2,1,0,3,2,1,0,2,2,1,1,2,3,1,
7,0,3,2,1,1,2,2,1,0,2,2,1,1,2,2,1,1,2,3,1,
7,0,3,2,1,1,2,2,1,0,3,2,1,1,2,2,1,1,2,3,1,
7,1,3,2,1,1,2,2,1,0,3,2,1,1,2,2,1,1,2,3,1,
7,0,2,1,1,0,1,1,0,0,2,1,1,0,2,1,0,0,1,2,1,
7,0,2,1,1,0,1,1,0,0,2,1,1,0,2,1,0,0,1,2,1,
7,0,2,1,1,0,2,1,0,0,2,1,1,0,2,1,0,0,1,2,1,
7,0,2,1,1,0,2,1,0,0,2,1,1,0,2,1,0,0,1,2,1,
9,0,2,1,1,0,2,1,0,0,2,1,1,0,2,1,0,0,2,2,1,
7,0,2,1,1,0,2,2,0,0,2,1,1,0,2,1,0,0,2,2,1,
7,0,2,1,1,0,2,2,0,0,2,1,1,0,2,2,1,0,2,2,1,
6,0,2,1,1,0,2,2,1,0,2,2,1,0,2,2,1,0,2,2,1,
7,0,2,2,1,0,2,2,1,0,2,2,1,0,2,2,1,1,2,3,1,
7,0,3,2,1,1,2,2,1,0,3,2,1,1,2,2,1,1,2,3,1,
7,0,2,1,0,0,1,1,0,0,2,1,0,0,1,1,0,0,1,2,0,
7,0,2,1,0,1,1,1,0,0,2,1,1,1,1,1,0,1,1,2,0,
7,0,2,1,1,0,2,2,0,0,2,1,1,0,2,1,0,0,2,2,1,
7,0,2,1,1,0,2,2,0,0,2,1,1,0,2,1,0,0,2,2,1,
7,0,2,1,1,0,2,2,0,0,2,1,1,0,2,2,0,0,2,2,1,
7,0,2,1,1,0,2,2,0,0,2,1,1,0,2,1,0,0,2,2,1,
7,0,2,1,1,0,2,2,0,0,2,1,1,0,2,2,0,0,2,2,1,
8,0,2,1,1,0,2,2,0,0,2,1,1,0,2,1,0,0,2,2,1,
7,0,2,1,1,1,2,2,1,0,2,2,1,1,2,2,1,1,2,2,1,
11,0,2,2,1,1,2,2,1,0,3,2,1,1,2,2,1,1,2,3,1,
7,0,3,2,1,1,2,2,1,0,3,2,1,1,2,2,1,1,2,3,1,
7,0,3,2,1,1,2,2,1,0,3,2,1,1,2,2,1,1,2,3,1,
7,0,3,2,1,1,2,2,1,0,3,2,1,1,2,2,1,1,2,3,1,
7,0,2,1,0,0,1,1,0,0,2,1,0,0,2,1,0,0,1,2,0,
7,0,2,1,1,0,2,1,0,0,2,1,1,0,2,1,0,0,1,2,1,
7,0,2,1,0,0,1,1,0,0,2,1,1,0,2,1,0,0,1,2,0,
7,0,2,1,1,0,2,1,0,0,2,1,1,0,2,2,1,0,2,2,1,
7,0,2,1,1,0,2,1,0,0,2,1,1,0,2,1,0,0,2,2,1,
12,0,3,1,1,0,2,2,0,0,3,1,1,0,2,1,0,0,2,3,1,
8,0,2,1,1,0,2,2,0,0,2,1,1,0,2,2,1,0,2,2,1,
7,0,2,1,1,0,2,2,1,0,2,2,1,0,2,2,1,0,2,2,1,
7,0,2,1,1,0,2,2,0,0,2,1,1,0,2,2,1,0,2,2,1,
10,0,2,1,1,0,2,2,1,0,2,2,1,0,2,2,1,1,2,2,1,
9,0,4,2,1,1,4,2,1,0,4,2,1,1,4,2,1,1,2,5,1,
7,0,3,2,1,1,2,2,1,1,3,2,1,1,2,2,1,1,2,3,1,
7,0,3,2,1,1,2,2,1,1,3,2,1,1,2,2,1,1,2,3,1,
7,0,2,1,0,0,2,1,0,0,2,1,0,0,1,1,0,0,1,2,0,
9,0,2,2,1,1,2,2,1,0,2,2,1,1,2,2,1,1,2,3,1,
7,0,2,1,0,0,1,1,0,0,2,1,1,0,1,1,0,0,1,2,1,
9,0,3,2,1,0,2,2,1,0,3,2,1,0,2,2,1,0,2,3,1,
7,0,2,1,1,0,1,1,0,0,2,1,1,0,2,1,0,0,1,2,1,
7,1,2,1,1,0,2,1,0,0,2,1,1,0,2,1,0,0,1,2,1,
7,0,2,1,1,0,2,2,0,0,2,1,1,0,2,2,0,0,2,2,1,
7,0,2,1,1,0,2,2,0,0,2,1,1,0,2,2,1,0,2,2,1,
7,1,2,1,1,0,2,2,1,0,2,1,1,0,2,2,1,0,2,2,1,
7,0,2,2,1,1,2,2,1,0,2,2,1,1,2,2,1,1,2,3,1,
7,0,3,2,1,1,2,2,1,0,3,2,1,1,2,2,1,1,2,3,1,
7,0,3,2,1,1,2,2,1,0,3,2,1,1,2,2,1,1,2,3,1,
7,0,2,1,0,0,1,1,0,0,2,1,0,0,1,1,0,0,1,2,0,
7,0,2,1,0,0,1,1,0,0,2,1,0,0,1,1,0,0,1,2,0,
7,0,2,1,0,0,1,1,0,0,2,1,1,0,1,1,0,0,1,2,0,
7,0,2,1,1,0,2,1,0,0,2,1,1,0,2,1,0,0,1,2,1,
7,0,2,1,1,0,2,1,0,0,2,1,1,0,2,1,0,0,2,2,1,
8,0,2,1,1,0,2,2,0,0,2,1,1,0,2,2,1,0,2,2,1,
7,0,2,1,1,0,2,2,0,0,2,1,1,0,2,1,0,0,2,2,1,
7,0,2,1,1,0,2,2,0,0,2,1,1,0,2,2,1,0,2,2,1,
7,0,2,1,1,0,2,2,0,0,2,1,1,0,2,2,1,0,2,2,1,
7,0,2,1,1,0,2,2,1,0,2,2,1,0,2,2,1,0,2,2,1,
7,0,3,2,1,1,2,2,1,0,3,2,1,1,2,2,1,1,2,3,1,
9,0,2,1,0,0,1,1,0,0,2,1,0,0,1,1,0,0,1,2,0,
7,0,3,2,1,1,2,2,1,0,3,2,1,1,3,2,1,1,2,3,1,
7,0,3,2,1,1,2,2,1,0,3,2,1,1,2,2,1,1,2,3,1,
8,0,2,1,1,0,2,2,0,0,2,1,1,0,2,2,0,0,2,2,1,
7,0,2,1,0,0,1,1,0,0,2,1,1,0,1,1,0,0,1,2,0,
7,0,2,1,1,0,2,1,0,0,2,1,1,0,2,1,0,0,1,2,1,
7,0,2,1,1,0,2,1,0,0,2,1,1,0,2,1,0,0,2,2,1,
7,2,2,1,1,2,2,2,0,2,2,1,1,2,2,1,0,2,2,2,1,
7,0,2,2,1,0,2,2,0,0,2,2,1,0,2,2,1,0,2,2,1,
8,1,3,1,1,1,3,2,0,1,3,1,1,2,2,2,0,1,3,3,1,
7,0,2,1,1,0,1,1,0,0,2,1,1,0,2,1,0,0,1,2,1,
7,0,3,2,1,1,2,2,1,0,3,2,1,1,2,2,1,1,2,3,1,
10,0,2,2,1,0,2,2,1,0,2,2,1,0,2,2,1,1,2,3,1,
8,0,2,1,0,0,1,1,0,0,2,2,1,0,1,1,0,0,1,2,0,
8,0,3,2,1,0,2,2,1,0,3,2,1,0,2,2,1,0,2,3,1,
8,0,3,1,1,0,2,2,1,0,3,2,1,0,2,2,1,0,2,3,1,
7,0,2,1,1,0,2,1,0,0,2,1,1,0,2,1,0,0,1,2,1,
7,0,2,1,1,0,2,1,0,0,2,1,1,0,2,1,0,0,1,2,1,
9,0,2,1,1,0,2,2,0,0,2,1,1,0,2,1,0,0,2,2,1,
8,0,2,1,1,0,2,2,0,0,2,1,1,0,2,2,0,0,2,2,1,
10,0,2,2,1,0,2,2,0,0,2,2,1,0,2,2,0,0,2,3,1,
7,0,2,2,1,1,2,2,1,0,2,2,2,1,2,2,1,1,2,3,1,
7,0,2,1,1,1,2,2,1,0,2,2,1,1,2,2,1,1,2,3,1,
7,0,2,2,1,1,2,2,1,0,2,2,1,1,2,2,1,1,2,3,1,
7,0,2,2,1,1,2,2,1,0,2,2,1,1,2,2,1,1,2,3,1,
7,0,3,2,1,1,2,2,1,0,3,2,1,1,2,2,1,1,2,3,1,
7,0,3,2,1,1,2,2,1,0,3,2,1,1,2,2,1,1,2,3,1,
7,0,3,2,1,1,2,2,1,0,3,2,1,1,2,2,1,1,2,3,1,
9,0,2,1,1,0,2,1,0,0,2,1,1,0,2,1,0,0,1,2,1,
7,0,2,1,1,0,2,1,1,0,2,1,1,0,2,1,0,0,2,2,1,
7,0,2,1,1,0,2,1,0,0,2,1,1,0,2,1,0,0,2,2,1,
8,0,2,1,1,1,2,2,1,0,2,2,1,1,2,2,1,1,2,3,1,
8,0,3,2,1,1,2,2,1,0,3,2,1,1,2,2,1,1,2,3,1,
8,0,3,2,1,1,2,2,1,0,2,2,1,1,2,2,1,1,2,3,1,
7,0,3,1,1,0,2,2,1,0,2,2,1,0,2,2,1,1,2,3,1,
7,0,3,2,1,1,2,2,1,0,3,2,1,1,2,2,1,1,2,3,1,
7,0,3,2,1,1,2,2,1,0,3,2,1,1,2,2,1,1,2,3,1,
7,0,3,2,1,1,2,2,1,0,3,2,1,1,3,2,1,1,2,3,1,
7,0,3,2,2,1,2,2,1,0,3,2,1,1,2,2,1,1,2,3,1,
7,0,2,1,1,0,1,1,0,0,2,1,1,0,1,1,0,0,1,2,0,
7,0,2,1,1,0,1,1,0,0,2,1,1,0,2,1,0,0,1,2,1,
7,0,2,1,1,0,2,1,0,0,2,1,1,0,2,1,0,0,1,2,1,
7,0,2,1,1,0,2,1,0,0,2,1,1,0,2,1,0,0,1,2,1,
7,0,2,1,1,0,2,1,0,0,2,1,1,0,2,1,0,0,2,2,1,
7,0,2,1,1,0,2,2,1,0,2,1,1,0,2,2,1,1,2,2,1,
7,0,3,1,1,0,2,2,1,0,2,2,1,0,2,2,1,1,2,2,1,
7,0,2,2,1,1,2,2,1,0,2,2,1,1,2,2,1,1,2,3,1,
8,0,2,1,1,0,1,1,0,0,2,1,1,0,1,1,0,0,1,2,0,
7,0,2,1,1,0,1,1,0,0,2,1,1,0,1,1,0,0,1,2,0,
7,0,2,1,1,0,2,1,0,0,2,1,1,0,1,1,0,0,1,2,1,
7,0,2,1,1,0,2,1,0,0,2,1,1,0,2,1,0,0,1,2,1,
7,0,2,1,1,0,2,1,0,0,2,1,1,0,2,1,1,0,1,2,1,
7,0,2,1,1,0,2,1,0,0,2,1,1,0,2,1,1,0,2,2,1,
7,0,2,1,1,0,2,1,0,0,2,1,1,0,2,1,1,0,2,2,1,
8,0,2,1,1,0,2,2,1,0,2,2,1,0,2,2,1,1,2,3,1,
8,0,2,1,1,0,2,2,1,0,2,2,1,1,2,2,1,1,2,3,1,
7,0,2,1,1,0,2,2,1,0,2,2,1,0,2,2,1,1,2,3,1,
7,0,2,2,1,0,2,2,1,0,2,2,1,0,2,2,1,1,2,3,1,
7,0,3,2,1,0,2,2,1,0,3,2,1,1,2,2,1,1,2,3,1,
7,0,3,2,1,1,2,2,1,0,3,2,2,1,2,2,1,1,2,3,1,
7,0,2,1,1,0,1,1,0,0,2,1,1,0,1,1,1,0,1,2,1,
7,0,2,1,1,0,1,1,1,0,2,1,1,0,2,1,1,0,1,2,1,
9,0,2,4,1,0,2,4,1,0,2,4,1,0,2,4,1,0,4,2,1,
7,0,2,1,1,0,2,1,0,0,2,1,1,0,2,1,1,0,1,2,1,
7,0,2,1,1,0,2,1,0,0,2,1,1,0,2,2,1,0,2,2,1,
8,0,2,1,1,0,2,2,1,0,2,2,1,0,2,2,1,0,2,2,1,
8,0,3,2,1,1,2,2,1,0,3,2,1,1,2,2,1,1,2,3,1,
8,0,3,2,1,1,2,2,1,0,3,2,2,1,2,2,1,1,2,3,2,
8,0,2,2,1,0,2,2,1,0,2,2,1,0,2,2,1,1,2,2,1,
7,0,3,2,1,1,2,2,1,0,3,2,1,1,2,2,1,1,2,3,1,
7,0,3,2,1,1,2,2,1,0,3,2,2,1,2,2,1,1,2,3,1,
12,0,2,1,0,0,2,1,0,0,2,1,1,0,1,1,0,0,1,2,0,
7,0,2,1,0,0,1,1,0,0,2,1,1,0,1,1,0,0,1,2,0,
7,0,2,1,1,0,2,1,0,0,2,1,1,0,2,1,0,0,1,2,1,
7,0,2,1,1,0,2,1,0,0,2,1,1,0,2,1,1,0,1,2,1,
8,0,2,1,1,0,2,1,0,0,2,1,1,0,2,1,1,0,1,2,1,
7,0,2,1,1,0,2,1,0,0,2,1,1,0,2,1,1,0,2,2,1,
7,0,2,1,1,0,2,2,0,0,2,2,1,0,2,2,1,0,2,2,1,
8,0,2,2,1,0,2,2,1,0,2,2,1,0,2,2,1,1,2,2,1,
8,0,2,2,1,1,2,2,1,0,2,2,1,0,2,2,1,1,2,3,1,
7,0,2,1,1,0,2,1,1,0,2,1,1,0,2,1,1,0,1,2,1,
7,0,3,2,1,1,2,2,1,0,2,2,1,0,2,2,1,1,2,3,1,
7,0,3,2,1,1,2,2,1,0,2,2,1,0,2,2,1,1,2,3,1,
7,0,3,2,1,1,2,2,1,0,3,2,1,1,2,2,1,1,2,3,1,
7,0,3,2,1,1,2,2,1,0,3,2,1,1,2,2,1,1,2,3,1,
7,0,2,1,1,0,2,1,0,0,2,1,1,0,2,1,0,0,1,2,1,
8,0,2,1,1,0,2,1,1,0,2,1,1,0,2,1,1,0,1,2,1,
8,0,2,1,1,0,2,1,1,0,2,1,1,0,2,1,1,0,1,2,1,
7,0,2,1,1,0,2,1,0,0,2,1,1,0,2,1,1,0,2,2,1,
8,0,3,1,1,1,2,2,1,0,2,2,1,0,2,2,1,1,2,3,1,
7,0,2,2,1,0,2,2,1,0,2,2,1,0,2,2,1,0,2,2,1,
7,0,2,1,1,0,2,2,1,0,2,2,1,0,2,2,1,1,2,2,1,
8,0,2,1,1,0,2,2,1,0,2,2,1,0,2,2,1,1,2,2,1,
7,0,2,2,1,1,2,2,1,0,2,2,1,0,2,2,1,1,2,3,1,
7,0,2,2,1,1,2,2,1,0,2,2,1,1,2,2,1,1,2,3,1,
7,0,3,2,1,1,2,2,1,0,3,2,1,1,2,2,1,1,2,3,1,
9,0,3,2,1,1,2,2,1,0,3,2,1,1,2,2,1,1,2,3,1,
7,0,2,1,1,0,2,1,0,0,2,1,1,0,1,1,0,0,1,2,1,
9,0,2,1,1,0,2,1,1,0,2,1,1,0,2,1,1,0,1,2,1,
7,0,2,1,1,0,2,1,0,0,2,1,1,0,2,1,0,0,1,2,1,
9,0,2,1,1,0,2,2,1,0,2,2,1,1,2,2,1,1,2,2,1,
7,0,2,1,1,0,2,1,0,0,2,1,1,0,2,1,1,0,2,2,1,
7,0,2,1,1,0,2,2,1,0,2,2,1,0,2,2,1,1,2,2,1,
7,0,2,2,1,1,2,2,1,0,2,2,1,1,2,2,1,1,2,2,1,
7,0,2,1,1,0,2,2,1,0,2,2,1,1,2,2,1,1,2,2,1,
12,0,2,2,1,0,2,2,1,0,3,2,1,0,2,2,1,0,2,3,1,
7,0,3,2,1,1,2,2,1,0,3,2,1,1,2,2,1,1,2,3,1,
7,0,2,1,0,0,2,1,0,0,2,1,1,0,1,1,0,0,1,2,0,
7,0,2,1,0,0,2,1,0,0,2,1,1,0,1,1,0,0,1,2,0,
7,0,2,1,1,0,2,1,0,0,2,1,1,0,2,1,0,0,1,2,1,
7,0,2,1,1,0,2,1,0,0,2,1,1,0,2,1,0,0,1,2,1,
7,0,2,1,1,0,2,1,0,0,2,1,1,0,2,1,0,0,1,2,1,
7,0,2,1,1,0,2,1,0,0,2,1,1,0,2,1,0,0,2,2,1,
7,0,2,1,1,0,2,2,0,0,2,1,1,0,2,1,1,1,2,2,1,
10,0,2,1,1,0,2,1,0,0,2,1,1,0,2,1,0,0,1,2,1,
9,0,1,1,0,0,1,1,0,0,1,1,0,0,1,1,0,0,1,1,0,
8,0,1,0,0,0,1,1,0,0,1,1,0,0,1,1,0,0,1,1,0,
8,0,3,1,0,0,3,3,0,0,3,3,0,0,3,3,0,0,3,3,0,
7,0,1,1,0,0,1,1,0,0,1,1,0,0,1,1,0,0,1,2,0,
7,0,2,2,1,1,2,2,1,0,3,2,1,1,2,2,1,1,2,3,1,
7,0,2,1,0,0,1,1,0,0,2,1,1,0,1,1,0,0,1,2,0,
7,0,2,1,1,0,2,1,0,0,2,1,1,0,2,1,0,0,1,2,1,
7,0,2,1,0,0,1,1,0,0,2,1,1,0,2,1,0,0,1,2,1,
7,0,2,1,1,0,2,1,0,0,2,1,1,0,2,1,0,0,1,2,1,
7,0,2,1,1,0,2,1,0,0,2,1,1,0,2,1,0,0,1,2,1,
7,0,2,1,1,0,2,1,0,0,2,1,1,0,2,1,1,0,2,2,1,
8,0,2,1,1,0,2,2,1,0,2,2,1,0,2,2,1,0,2,2,1,
8,0,3,1,1,0,2,2,1,0,3,2,1,0,2,2,1,1,2,3,1,
8,0,3,2,2,1,2,2,1,0,3,2,2,1,2,2,1,1,2,3,2,
7,0,3,2,1,1,2,2,1,0,3,2,1,1,2,2,1,1,2,3,1,
9,0,3,4,1,1,2,5,1,0,3,4,1,1,2,5,1,1,5,3,1,
8,0,3,2,1,0,2,2,1,0,3,2,1,0,2,2,1,1,2,3,1,
7,0,2,1,1,0,2,1,0,0,2,1,1,0,1,1,0,0,1,2,1,
7,0,2,1,1,0,2,1,0,0,2,1,1,0,2,1,0,0,1,2,1,
7,0,2,1,1,0,2,1,0,0,2,1,1,0,2,1,0,0,1,2,1,
7,0,2,1,1,0,2,1,0,0,2,1,1,0,2,1,0,0,1,2,1,
8,0,3,2,2,1,3,2,1,0,3,2,2,1,3,2,1,1,2,3,2,
8,0,2,1,1,0,2,1,0,0,2,1,1,0,2,1,1,0,2,2,1,
8,0,2,1,1,0,2,2,0,0,2,1,1,0,2,2,1,0,2,3,1,
13,0,2,1,1,0,2,1,0,0,2,1,1,0,2,1,0,0,2,2,1,
8,0,3,2,1,0,2,2,1,0,3,2,1,0,2,2,1,1,2,3,1,
7,0,3,2,1,1,2,2,1,0,3,2,1,1,2,2,1,1,2,3,1,
7,0,3,2,1,1,2,2,1,0,3,2,1,1,2,2,1,1,2,3,1,
7,0,3,2,2,1,2,2,1,0,3,2,2,1,2,2,1,1,2,3,1,
