11,2,0,3,2,3,1,3,2,3,0,3,1,3,1,2,2,3,0,3,1,3,1,3,1,3,1,3,1,3,1,
7,2,0,2,1,2,0,2,1,2,0,2,1,2,0,2,1,2,0,2,1,2,0,2,1,2,0,2,1,2,1,
6,2,0,2,1,2,0,2,1,2,0,2,1,2,0,2,1,2,0,2,1,2,0,2,1,2,0,2,1,2,0,
9,1,0,2,2,2,0,2,1,2,0,2,2,2,0,2,1,2,0,2,1,2,0,2,1,2,0,2,1,2,0,
7,1,0,3,1,2,0,2,1,2,0,2,1,2,0,2,1,2,0,3,1,2,0,2,1,2,0,3,1,3,0,
6,1,0,3,1,2,0,2,1,2,0,2,1,2,0,2,1,2,0,3,1,2,0,2,1,2,0,2,1,2,1,
6,1,0,3,1,2,0,2,1,2,0,2,1,2,0,2,1,2,0,3,1,2,1,2,1,2,0,2,1,3,1,
6,2,0,3,1,2,0,2,1,2,0,2,1,2,0,2,1,2,0,3,1,2,1,2,1,2,0,2,1,3,1,
7,2,0,3,2,2,1,2,1,2,0,3,1,2,1,2,1,2,0,3,1,2,1,2,1,2,1,3,1,3,1,
6,2,0,3,1,2,0,2,1,2,0,2,1,2,0,2,1,2,0,3,1,2,1,2,1,2,0,2,1,3,1,
8,1,0,2,1,2,0,2,1,2,0,2,1,2,0,2,1,2,0,2,1,2,0,2,1,2,0,2,1,2,0,
7,2,0,3,2,2,1,2,1,2,0,3,2,3,1,2,2,2,0,3,2,2,1,3,1,2,1,3,1,3,1,
7,2,0,3,2,2,1,2,1,2,0,3,2,3,1,2,1,2,0,3,1,2,1,2,1,2,1,3,1,3,1,
7,2,0,3,2,2,1,3,1,2,0,3,2,3,1,2,1,2,1,3,1,2,1,3,1,2,1,3,2,3,1,
7,2,0,3,2,2,1,3,2,2,0,3,2,2,1,2,2,2,1,3,1,2,1,3,1,2,1,3,2,3,1,
7,1,0,2,1,1,0,2,1,2,0,2,1,2,0,2,1,2,0,2,1,2,0,2,1,2,0,2,1,2,0,
7,1,0,2,1,2,0,2,1,2,0,2,1,2,0,2,1,2,0,2,1,2,0,2,1,2,0,2,1,2,0,
6,1,0,2,1,2,0,2,1,1,0,2,1,2,0,1,1,2,0,2,1,1,0,2,1,2,0,2,1,2,0,
6,1,0,2,1,1,0,2,1,1,0,2,1,2,0,2,1,2,0,2,1,1,0,2,1,2,0,2,1,2,0,
6,1,0,2,1,2,0,2,1,2,0,2,1,2,0,2,1,2,0,2,1,2,0,3,1,2,0,3,1,2,0,
6,1,0,2,1,2,0,2,1,2,0,2,1,2,0,2,1,2,0,2,1,2,0,2,1,2,0,2,1,2,0,
31,26,0,27,27,27,0,27,27,27,0,27,27,27,0,27,27,27,0,27,27,27,1,27,27,27,0,27,27,27,24,
7,2,0,3,2,2,0,2,2,2,0,3,2,2,0,2,2,2,0,3,2,2,1,2,1,2,0,3,2,3,1,
6,2,0,3,1,2,0,2,1,2,0,2,1,2,0,2,1,2,0,3,1,2,1,2,1,2,0,2,1,3,1,
6,2,0,3,1,2,1,2,1,2,0,2,1,2,0,2,1,2,0,3,1,2,1,2,1,2,0,2,1,3,1,
7,2,0,3,1,2,1,3,1,2,0,2,1,2,1,2,1,2,0,3,1,2,1,3,1,2,1,3,1,3,1,
7,2,0,3,1,2,1,3,1,2,0,2,2,2,1,2,1,2,0,3,1,2,1,3,1,2,1,3,1,3,1,
24,2,0,2,18,2,0,2,2,2,0,2,18,3,0,2,2,2,0,2,2,3,2,18,2,2,0,18,2,18,0,
8,2,0,3,2,2,0,3,2,3,0,3,2,3,0,2,2,3,0,3,2,3,0,3,1,3,0,3,2,3,1,
7,1,0,2,1,2,0,2,1,1,0,2,1,2,0,1,1,2,0,2,1,2,0,2,1,2,0,2,1,2,1,
7,1,1,2,1,2,0,2,1,2,0,2,1,2,0,2,1,2,1,2,1,2,0,2,1,2,1,2,1,2,1,
9,1,0,2,1,5,0,2,1,5,0,2,1,5,0,2,1,5,0,2,1,5,0,2,1,5,0,2,1,3,1,
6,2,0,2,1,2,0,2,1,2,0,2,1,2,0,2,1,2,0,2,1,2,0,2,1,2,0,2,1,2,1,
6,1,0,2,1,2,0,2,1,2,0,2,1,2,0,2,1,2,0,2,1,2,0,2,1,2,0,2,1,2,0,
8,2,0,2,1,2,0,2,1,2,0,2,1,2,0,2,1,4,0,2,1,2,0,2,1,2,0,2,1,2,1,
7,1,0,3,1,2,0,2,1,2,0,2,1,2,0,2,1,2,0,3,1,2,0,2,1,2,0,2,1,2,1,
6,2,0,3,1,2,0,2,1,2,0,2,1,2,0,2,1,2,0,3,1,2,0,2,1,2,0,2,1,3,1,
6,1,0,2,1,2,0,2,1,2,0,2,1,2,0,2,1,2,0,2,1,2,0,2,1,2,0,2,1,2,0,
7,2,0,3,2,2,0,2,1,2,0,3,2,2,0,2,2,2,0,3,1,2,1,3,1,2,0,3,1,3,1,
6,1,0,2,1,2,0,2,1,2,0,2,1,2,0,2,1,2,0,2,1,2,0,2,1,2,0,2,1,2,0,
6,2,0,3,2,2,0,2,1,2,0,3,2,2,0,2,2,2,0,3,1,2,1,3,1,2,0,3,1,3,1,
7,2,0,3,2,2,0,2,1,2,0,3,2,2,0,2,2,2,0,3,1,2,1,3,1,2,0,3,1,3,1,
7,2,0,3,2,2,1,2,1,2,0,3,2,2,1,2,2,2,0,3,2,2,1,3,1,2,1,3,1,3,1,
7,1,0,2,1,2,0,2,1,2,0,2,1,2,0,2,1,2,0,2,1,2,0,2,1,2,0,2,1,2,1,
7,1,0,2,1,2,0,2,0,2,0,2,1,2,0,1,1,2,0,2,0,2,0,2,0,2,0,2,0,2,0,
6,1,0,2,1,1,0,2,1,1,0,2,1,1,0,1,1,2,0,2,0,1,0,2,0,2,0,2,1,2,0,
6,1,0,2,1,1,0,2,1,2,0,2,1,2,0,2,1,2,0,2,1,1,0,2,1,2,0,2,1,2,0,
6,1,0,2,1,2,0,2,1,2,0,2,1,2,0,2,1,2,0,2,1,1,0,2,1,2,0,2,1,2,0,
6,1,0,2,1,2,0,2,1,2,0,2,1,2,0,2,1,2,0,2,1,2,0,2,1,2,0,2,1,2,1,
6,1,0,2,1,2,0,2,1,2,0,2,1,2,0,2,1,2,0,2,1,2,1,2,1,2,0,2,1,2,1,
6,1,0,2,1,2,0,2,1,2,0,2,1,2,0,2,1,2,0,3,1,2,0,2,1,2,0,2,1,2,1,
7,2,0,3,1,2,1,3,1,2,0,2,1,3,1,2,1,2,0,3,1,2,1,3,1,2,1,3,1,3,1,
7,2,0,3,2,2,0,3,1,2,0,3,1,2,0,2,1,2,0,3,1,2,0,3,1,2,0,3,1,3,1,
8,2,0,4,1,2,0,2,1,2,0,2,1,2,0,2,1,2,0,4,1,2,0,2,1,2,0,4,1,4,1,
6,2,0,3,1,2,0,2,1,2,0,2,1,2,0,2,1,2,0,3,1,2,0,3,1,2,0,3,1,3,1,
6,2,0,3,1,2,0,2,1,2,0,3,1,2,0,2,1,2,0,3,1,2,0,2,1,2,0,3,1,3,1,
6,2,0,3,1,2,0,2,1,2,0,2,1,2,0,2,1,2,0,3,1,2,0,3,1,2,0,3,1,3,1,
6,2,0,3,1,2,0,2,1,2,0,3,1,2,0,2,1,2,0,3,1,2,0,2,1,2,0,3,1,3,1,
6,2,0,3,1,2,0,2,1,2,0,3,1,2,0,2,1,2,0,3,1,2,0,3,1,2,0,3,1,3,1,
7,2,0,3,1,3,1,3,1,3,0,3,2,3,1,3,1,3,0,3,2,3,1,3,1,3,0,3,1,3,1,
7,1,0,2,1,2,0,2,1,2,0,2,1,2,0,2,1,2,0,3,1,2,0,2,1,2,0,2,1,2,1,
8,2,1,3,2,3,0,3,2,3,0,3,2,3,0,3,2,3,0,3,2,3,0,3,1,3,0,3,2,3,1,
6,1,0,2,1,1,0,2,1,1,0,2,1,1,0,1,1,2,0,2,0,1,0,2,0,2,0,2,1,2,0,
8,1,0,2,1,2,0,2,1,2,0,2,1,2,0,2,1,2,0,2,1,1,0,2,1,2,0,2,1,2,0,
6,1,0,2,1,2,0,2,1,2,0,2,1,2,0,2,1,2,0,2,1,1,0,2,1,2,0,2,1,2,0,
6,1,0,2,1,2,0,2,1,2,0,2,1,2,0,2,1,2,0,2,1,2,0,2,1,2,0,2,1,2,0,
6,1,0,2,1,2,0,2,1,2,0,2,1,2,0,2,1,2,0,2,1,2,0,2,1,2,0,2,1,2,0,
6,2,1,3,1,2,0,2,1,2,0,3,2,2,0,2,1,2,0,3,1,2,1,3,1,2,0,3,1,3,1,
7,2,1,3,1,2,1,3,1,2,0,3,2,2,1,2,1,2,1,3,1,2,1,3,1,2,1,3,1,3,1,
7,2,0,4,1,2,0,3,1,2,0,4,2,2,0,2,1,2,0,3,1,2,1,3,1,2,1,3,1,3,1,
7,1,2,2,1,1,3,2,0,1,2,2,0,1,2,1,1,1,2,2,0,1,3,2,0,1,2,2,0,2,0,
6,1,0,3,1,2,0,2,1,2,0,2,1,2,0,2,1,2,0,3,1,2,0,3,1,3,0,3,1,3,1,
8,1,0,2,0,2,0,2,0,1,0,2,1,1,0,1,0,1,0,2,0,1,0,2,0,2,0,2,0,2,0,
6,2,0,3,1,2,0,2,1,2,0,2,2,2,0,2,1,2,0,3,1,2,0,3,1,2,1,2,1,3,1,
7,2,0,3,1,2,1,2,1,2,0,2,2,2,0,2,1,2,0,3,1,2,0,3,1,2,0,2,1,3,1,
7,2,0,3,1,2,1,2,1,2,0,3,2,2,0,2,1,2,0,3,1,2,1,3,1,2,0,2,1,3,1,
7,2,0,3,1,2,1,2,1,2,0,3,2,2,1,2,1,2,0,3,1,2,1,3,1,2,1,3,1,3,1,
7,2,0,3,1,2,1,2,1,2,0,3,2,2,1,2,1,2,0,3,1,2,1,3,1,2,1,2,1,3,1,
9,3,0,2,1,4,0,2,0,4,0,2,1,4,0,1,0,4,0,2,0,4,0,2,0,4,0,2,0,2,0,
7,1,0,2,0,2,0,2,0,1,0,2,1,1,0,1,0,2,0,2,0,1,0,2,0,2,0,2,0,2,0,
6,1,0,2,1,2,0,2,1,2,0,2,1,1,0,1,0,2,0,2,0,2,0,2,0,2,0,2,0,2,0,
6,1,0,2,1,2,0,2,1,2,0,2,1,2,0,2,1,2,0,2,1,2,0,2,0,2,0,2,1,2,0,
6,1,0,2,1,2,0,2,1,2,0,2,1,2,0,2,1,2,0,2,1,2,0,2,1,2,0,2,1,2,0,
6,1,0,2,1,2,0,2,1,2,0,2,1,2,0,2,1,2,0,2,1,2,0,2,1,2,0,2,1,2,0,
6,1,0,2,1,2,0,2,1,2,0,2,1,2,0,2,1,2,0,2,1,2,0,2,1,2,0,2,1,2,0,
6,1,0,3,1,2,0,2,1,2,0,2,1,2,0,2,1,2,0,3,1,2,0,2,1,2,0,2,1,3,0,
6,1,0,2,1,2,0,2,1,2,0,2,1,2,0,2,1,2,0,2,1,2,0,2,1,2,0,2,1,2,0,
6,1,0,2,1,2,0,2,1,2,0,2,1,3,0,2,1,2,0,2,1,2,0,2,1,2,1,2,1,2,1,
8,2,0,3,1,3,0,2,1,2,0,2,1,2,0,2,1,3,0,3,1,3,0,2,1,3,0,2,1,3,1,
6,2,0,3,1,2,0,2,1,2,0,3,1,2,0,2,1,2,0,3,1,2,0,2,1,2,0,2,1,3,1,
8,1,0,2,1,2,0,2,1,2,0,2,1,2,0,2,1,2,0,2,1,2,0,2,1,2,0,2,1,3,0,
9,1,0,3,1,2,0,2,1,2,0,3,1,2,0,2,1,2,0,3,1,2,0,3,1,2,0,3,1,3,1,
7,2,0,3,1,2,0,3,1,2,0,3,2,2,0,2,1,2,0,3,1,2,1,3,1,2,0,3,1,3,1,
7,1,0,2,0,1,0,2,0,1,0,2,1,1,0,1,0,2,0,2,0,1,0,2,0,1,0,2,0,2,0,
7,1,0,2,1,2,0,2,0,2,0,2,1,2,0,2,0,2,0,2,0,2,0,2,0,2,0,2,0,2,0,
9,2,0,3,1,2,0,3,1,2,0,3,1,2,0,2,1,2,0,3,1,2,0,3,1,2,0,2,1,3,1,
7,1,0,2,1,1,0,2,1,1,0,2,1,1,0,1,0,2,0,2,0,1,0,2,0,2,0,2,0,2,0,
9,1,0,2,1,1,0,2,0,1,0,2,1,1,0,2,1,2,0,2,0,1,0,2,0,2,0,2,0,2,0,
6,1,0,2,1,2,0,2,1,2,0,2,1,2,0,2,1,2,0,2,1,1,0,2,0,2,0,2,1,2,0,
6,1,0,2,1,2,0,2,1,2,0,2,1,2,0,2,1,2,0,2,1,2,0,2,1,2,0,2,1,2,0,
6,1,0,2,1,2,0,2,1,2,0,2,1,2,0,2,1,2,0,2,1,2,0,2,1,2,0,2,1,2,0,
6,1,0,2,1,2,0,2,1,2,0,2,1,2,0,2,1,2,0,2,1,2,0,2,1,2,0,2,1,2,0,
6,1,0,2,1,2,0,2,1,2,0,2,1,2,0,2,1,2,0,2,1,2,0,2,1,2,0,2,1,2,0,
6,1,0,2,1,2,0,2,1,2,0,2,1,2,0,2,1,2,0,2,1,2,0,2,1,2,0,2,1,2,0,
6,1,0,2,1,2,0,2,1,2,0,2,1,2,0,2,1,2,0,2,1,2,0,2,1,2,0,2,1,2,0,
6,1,0,2,1,2,0,2,1,2,0,2,1,2,0,2,1,2,0,2,1,2,0,2,1,2,0,2,1,2,0,
6,1,0,2,1,2,0,2,1,2,0,2,1,2,0,2,1,2,0,2,1,2,0,2,1,2,0,2,1,2,1,
6,1,0,2,1,2,0,2,1,2,0,3,1,2,0,2,1,2,0,3,1,2,0,2,1,2,0,2,1,2,1,
7,2,0,3,1,2,0,3,1,2,0,3,1,2,0,2,1,2,0,3,1,2,0,3,1,2,0,3,1,3,1,
6,2,0,3,1,2,0,2,1,2,0,3,1,2,0,2,1,2,0,3,1,2,0,2,1,2,1,2,1,3,1,
7,2,0,3,1,2,0,3,1,2,0,3,2,2,0,2,1,2,0,3,1,2,1,3,1,2,0,3,1,3,1,
7,2,0,3,2,2,0,3,1,2,0,3,1,2,1,2,2,2,0,3,2,2,1,3,2,2,0,3,1,3,1,
7,2,0,2,1,2,0,2,1,2,0,2,1,3,0,1,1,3,0,2,0,3,0,2,0,3,0,2,1,2,0,
7,1,0,2,1,1,0,2,0,2,0,2,1,1,0,1,1,1,0,2,0,2,0,2,0,2,0,2,0,2,0,
7,1,0,2,1,1,0,2,1,2,0,2,1,1,0,1,1,1,0,2,1,2,0,2,0,2,0,2,1,2,0,
6,1,0,2,1,1,0,2,1,2,0,2,1,1,0,1,1,1,0,2,1,2,0,2,0,2,0,2,1,2,0,
6,1,0,2,1,1,0,2,1,2,0,2,1,1,0,2,1,1,0,2,1,2,0,2,1,2,0,2,1,2,0,
7,2,0,3,1,2,0,2,1,2,0,3,1,2,0,2,1,2,0,3,1,2,1,2,1,2,0,2,1,3,1,
6,1,0,2,1,2,0,2,1,2,0,2,1,2,0,2,1,2,0,2,1,2,0,2,1,2,0,2,1,2,0,
6,1,0,2,1,2,0,2,1,2,0,2,1,1,0,2,1,2,0,2,1,2,0,2,1,2,0,2,1,2,0,
6,1,0,2,1,2,0,2,1,2,0,2,1,2,0,2,1,2,0,2,1,2,0,2,1,2,0,2,1,2,0,
6,2,0,3,1,2,0,2,1,2,0,3,1,2,0,2,1,2,0,3,1,2,0,2,1,2,0,2,1,3,1,
7,1,0,2,1,1,0,2,0,1,0,2,1,1,0,1,1,1,0,2,1,1,0,2,0,1,0,2,0,2,0,
6,1,0,2,1,2,0,2,1,2,0,3,1,2,0,2,1,2,0,3,1,2,0,2,1,2,0,2,1,2,1,
6,2,0,3,1,2,0,2,1,2,0,3,1,2,0,2,1,2,0,3,1,2,1,2,1,2,0,2,1,3,1,
9,5,0,3,1,5,0,2,1,5,0,3,1,5,0,2,1,5,0,3,1,5,1,2,1,5,0,2,1,3,1,
7,2,0,3,1,2,0,2,1,2,0,3,1,2,0,2,1,2,0,3,1,2,1,2,1,2,0,3,1,3,1,
8,2,1,3,2,3,0,3,2,3,0,3,2,2,0,3,2,3,0,3,2,3,1,3,2,3,0,3,2,3,1,
7,1,0,2,1,1,0,2,0,2,0,2,1,1,0,1,1,1,0,2,1,1,0,2,0,2,0,2,0,2,0,
7,1,0,2,1,1,0,2,0,2,0,2,1,1,0,2,1,1,0,2,1,1,0,2,0,2,0,2,1,2,0,
7,1,2,2,1,1,3,2,0,1,2,2,1,1,2,1,1,1,3,2,1,1,3,2,0,1,2,2,1,2,0,
6,1,0,2,1,1,0,2,1,2,0,2,1,1,0,1,1,1,0,2,1,1,0,2,1,2,0,2,1,2,0,
6,1,0,2,1,1,0,2,1,2,0,2,1,1,0,2,1,1,0,2,1,2,0,2,1,2,0,2,1,2,0,
6,1,0,2,1,1,0,2,1,2,0,2,1,1,0,1,1,1,0,2,1,1,0,2,1,2,0,2,1,2,0,
6,1,0,2,1,1,0,2,1,2,0,2,1,1,0,2,1,1,0,2,1,2,0,2,1,2,0,2,1,2,0,
6,1,0,2,1,1,0,2,1,2,0,2,1,1,0,2,1,2,0,2,1,2,0,2,1,2,0,2,1,2,0,
6,1,0,3,1,2,0,2,1,2,0,2,1,1,0,2,1,2,0,2,1,2,0,2,1,2,0,2,1,2,0,
6,1,0,2,1,2,0,2,1,2,0,2,1,1,0,2,1,2,0,2,1,2,0,2,1,2,0,2,1,2,0,
6,1,0,2,1,2,0,2,1,2,0,2,1,1,0,2,1,2,0,3,1,2,0,2,1,2,0,2,1,2,0,
7,1,0,3,2,2,0,2,1,2,0,2,1,2,0,2,1,2,0,3,1,2,0,2,1,2,0,2,1,3,1,
6,1,0,3,1,2,0,2,1,2,0,2,1,2,0,2,1,2,0,3,1,2,0,2,1,2,0,2,1,3,1,
6,2,0,3,1,2,0,2,1,2,0,3,1,2,0,2,1,2,0,3,1,2,0,2,1,2,0,2,1,3,1,
6,2,0,3,1,2,0,2,1,2,0,3,1,2,0,2,1,2,0,3,1,2,1,2,1,2,0,2,1,3,1,
7,2,0,3,2,2,1,2,1,2,0,3,2,2,1,2,2,2,1,3,2,2,1,2,1,2,1,3,1,3,1,
10,2,0,3,2,2,1,2,1,2,0,3,2,2,0,2,1,2,1,3,2,2,1,2,1,2,0,3,1,3,1,
7,2,0,3,2,2,1,2,1,2,0,3,2,2,1,2,2,2,1,3,2,2,1,2,1,2,1,3,1,3,1,
7,1,0,2,1,1,0,2,1,1,0,2,1,1,0,1,1,1,0,2,1,1,0,2,0,1,0,2,1,2,0,
7,1,0,2,1,1,0,2,1,2,0,2,1,1,0,1,1,1,0,2,1,1,0,2,1,2,0,2,1,2,0,
7,1,0,2,1,1,0,2,1,2,0,2,1,1,0,2,1,2,0,2,1,2,0,2,1,2,0,2,1,2,0,
6,1,0,2,1,1,0,2,1,1,0,2,1,1,0,2,1,1,0,2,1,1,0,2,1,2,0,2,1,2,0,
6,1,0,2,1,1,0,2,1,2,0,2,1,1,0,1,1,1,0,2,1,2,0,2,1,2,0,2,1,2,0,
6,1,0,2,1,1,0,2,1,2,0,2,1,1,0,2,1,2,0,2,1,2,0,2,1,2,0,2,1,2,0,
9,1,0,5,1,1,0,5,1,2,0,5,1,1,0,2,1,2,0,5,1,2,0,5,1,2,0,5,1,5,0,
7,3,0,2,1,3,0,2,1,3,0,2,1,3,0,2,1,3,0,2,1,3,0,2,1,4,0,2,1,2,0,
6,1,0,2,1,1,0,2,1,2,0,2,1,1,0,2,1,2,0,2,1,2,0,2,1,2,0,2,1,2,0,
50,1,0,17,2,4,0,4,1,29,0,4,1,4,10,29,1,4,17,10,1,17,0,17,1,42,0,4,1,17,0,
51,2,0,29,3,3,2,27,2,8,0,28,2,4,2,27,2,7,1,28,2,10,2,35,2,8,1,46,2,28,1,
10,2,0,5,2,3,1,4,1,3,0,4,2,3,1,3,2,3,0,5,2,3,1,4,1,3,0,4,2,5,1,
9,2,0,3,2,2,1,3,1,2,0,3,1,2,1,3,1,3,0,4,1,2,1,3,1,2,0,3,1,4,1,
10,2,0,3,2,2,1,3,2,3,0,3,2,3,1,3,2,3,1,5,2,3,1,4,2,3,0,4,2,4,1,
9,2,0,4,2,3,1,4,2,3,0,4,2,3,1,3,2,3,1,4,2,3,2,4,2,3,1,3,2,4,1,
8,1,0,3,1,2,1,2,1,2,0,3,1,2,1,3,1,3,0,3,1,2,1,3,1,2,0,3,1,3,0,
7,1,0,2,1,1,0,2,1,1,0,2,1,1,0,2,1,2,0,2,1,1,0,2,1,2,0,2,1,2,0,
7,1,0,2,1,1,0,2,1,1,0,2,1,1,0,2,1,1,0,2,1,1,0,2,1,2,0,2,1,2,0,
7,1,0,2,2,2,3,2,1,2,0,2,1,2,3,2,1,2,3,3,1,2,4,2,1,2,3,2,1,2,1,
6,1,0,2,2,2,1,2,1,2,0,2,1,2,1,2,1,2,0,3,1,2,1,2,1,2,1,2,1,2,1,
7,1,0,2,1,1,0,2,1,2,0,3,1,2,0,2,1,2,0,3,1,2,0,2,1,2,0,3,1,3,0,
6,2,0,2,1,2,1,2,1,2,0,2,1,2,1,2,1,2,0,3,1,2,1,2,1,2,0,2,1,3,1,
6,1,0,2,1,2,1,2,1,2,0,2,1,2,1,2,1,2,0,3,1,2,1,3,1,2,0,2,1,3,1,
7,1,0,3,1,2,1,2,1,2,0,3,1,2,0,2,1,2,0,3,1,2,1,3,1,2,0,2,1,3,0,
7,2,2,3,1,2,3,2,1,2,0,3,1,2,3,2,1,2,2,3,1,2,3,3,1,2,2,2,1,3,1,
7,2,0,3,1,2,1,2,1,2,0,3,1,2,1,2,1,2,0,3,1,2,1,3,1,2,0,2,1,3,1,
6,2,0,3,2,2,1,2,1,2,0,3,1,2,1,2,1,2,0,3,1,2,1,2,1,2,0,2,1,3,1,
7,2,0,3,2,2,1,2,1,2,0,3,2,2,1,2,1,2,0,3,1,2,1,3,1,2,1,3,1,3,1,
7,2,0,3,2,2,1,2,1,2,0,3,2,2,1,2,1,2,0,3,1,2,1,3,1,2,1,3,1,3,1,
7,2,0,3,2,2,1,3,1,2,0,3,2,2,1,2,2,2,0,3,2,2,1,3,1,2,1,3,1,3,1,
7,2,1,3,2,2,1,3,1,2,0,3,2,2,1,2,2,2,1,3,2,2,1,3,1,2,1,3,1,3,1,
7,1,0,2,1,1,0,2,1,1,0,2,1,1,0,2,1,2,0,2,1,2,0,2,0,2,0,2,1,2,0,
7,1,0,2,1,1,0,2,1,1,0,2,1,1,0,1,1,1,0,2,1,1,0,2,1,2,0,2,1,2,0,
6,1,0,2,1,1,0,2,1,1,0,2,1,1,0,2,1,1,0,2,1,1,0,2,1,2,0,2,1,2,0,
6,1,0,2,1,1,0,2,1,1,0,2,1,1,0,2,1,2,0,2,1,1,0,2,1,2,0,2,1,2,0,
6,1,0,2,1,1,0,2,1,2,0,2,1,1,0,2,1,2,0,2,1,2,0,2,1,2,0,2,1,2,0,
6,1,0,2,1,1,0,2,1,2,0,2,1,1,0,2,1,2,0,2,1,2,0,2,1,2,0,2,1,2,0,
6,1,0,2,1,2,0,2,1,2,0,2,1,2,0,2,1,2,0,2,1,2,0,3,1,2,0,2,1,2,0,
7,1,0,3,1,2,0,2,1,2,0,3,1,2,0,3,1,2,0,3,1,2,0,3,1,2,0,2,1,3,1,
6,2,0,3,1,2,0,2,1,2,0,3,1,2,0,2,1,2,0,3,1,2,0,2,1,2,0,3,1,3,1,
6,2,0,3,2,2,1,2,1,2,0,3,1,2,1,2,1,2,0,3,1,2,1,2,1,2,0,3,1,3,1,
7,2,0,4,2,2,1,3,1,2,0,3,1,2,1,2,2,2,0,4,1,2,1,3,1,2,0,3,1,4,1,
7,2,0,3,2,2,1,2,1,2,0,3,1,2,1,2,1,2,0,3,1,2,1,2,2,2,0,3,1,3,1,
7,2,0,3,2,2,1,3,1,2,0,3,2,2,1,2,2,2,0,3,1,2,1,3,2,2,0,3,1,3,1,
7,1,0,2,1,1,0,2,1,1,0,2,1,1,0,1,1,1,0,2,1,1,0,2,1,2,0,2,1,2,0,
7,1,0,2,1,2,0,2,1,2,0,2,1,1,0,2,1,2,0,2,1,2,0,2,1,2,0,2,1,2,0,
7,1,0,2,1,1,0,2,1,1,0,2,1,1,0,2,1,1,0,2,1,1,0,2,1,2,0,2,1,2,0,
7,2,0,3,2,2,1,3,2,2,0,3,2,2,1,2,2,2,1,3,2,2,1,3,1,2,1,3,1,3,1,
7,1,0,2,1,1,0,2,1,1,0,2,1,1,0,1,1,1,0,2,1,1,0,2,0,1,0,2,1,2,0,
7,1,0,2,1,1,0,2,1,1,0,2,1,1,0,1,1,1,0,2,1,1,0,2,1,1,0,2,1,2,0,
6,1,0,2,1,1,0,2,1,1,0,2,1,1,0,2,1,1,0,2,1,1,0,2,1,1,0,2,1,2,0,
6,1,0,2,1,1,0,2,1,1,0,2,1,1,0,2,1,1,0,2,1,1,0,2,1,2,0,2,1,2,0,
6,1,0,2,1,1,0,2,1,1,0,2,1,1,0,2,1,1,0,2,1,1,0,2,1,2,0,2,1,2,0,
6,1,0,2,1,2,0,2,1,2,0,2,1,2,0,2,1,2,0,2,1,2,0,2,1,2,0,2,1,2,0,
6,1,0,2,1,2,0,2,1,2,0,2,1,2,0,2,1,2,0,3,1,2,0,2,1,2,0,2,1,2,1,
6,1,0,2,1,2,0,2,1,2,0,2,1,2,0,2,1,2,0,2,1,2,0,2,1,2,0,2,1,2,0,
6,1,0,2,1,2,0,2,1,2,0,2,1,2,0,2,1,2,0,3,1,2,0,2,1,2,0,2,1,2,1,
6,2,0,3,1,2,1,2,1,2,0,3,1,2,1,2,1,2,0,3,1,2,1,2,1,2,1,2,1,3,1,
7,2,0,3,1,2,1,2,1,2,0,3,1,2,1,2,1,2,0,3,1,2,1,3,1,2,1,3,1,3,1,
7,1,0,2,1,2,0,2,1,2,0,2,1,2,0,2,1,2,0,2,1,2,0,2,1,2,0,2,1,2,0,
31,1,0,2,1,1,0,3,1,1,0,2,1,1,1,1,1,2,0,2,1,1,1,3,0,2,1,3,1,2,0,
7,2,0,3,2,2,1,3,1,2,0,3,2,2,1,2,1,2,1,3,1,2,1,3,1,2,1,3,1,3,1,
7,2,0,3,2,2,0,2,1,2,0,3,1,2,0,2,1,2,0,3,1,2,0,2,1,2,1,3,1,3,1,
8,2,0,3,2,2,0,2,2,2,0,3,2,2,1,2,1,2,0,3,2,2,1,2,1,2,1,3,1,4,1,
7,2,0,3,2,2,0,3,2,2,0,3,2,2,1,2,2,2,0,3,2,2,1,3,2,2,1,3,2,3,1,
8,2,0,5,2,2,0,3,2,2,0,3,2,2,1,2,2,2,0,5,2,2,1,3,1,2,1,3,1,3,1,
9,5,0,3,2,4,1,3,1,5,0,3,2,4,1,2,2,5,0,3,2,5,1,3,1,5,2,3,1,3,1,
7,1,0,2,1,1,0,2,1,1,0,2,1,1,0,1,1,1,0,2,1,1,0,2,0,1,0,2,1,2,0,
6,1,0,2,1,1,0,2,1,1,0,2,1,1,0,1,1,1,0,2,1,1,0,2,0,1,0,2,1,2,0,
6,1,0,2,1,1,0,2,1,1,0,2,1,1,0,2,1,2,0,2,1,1,0,2,0,1,0,2,1,2,0,
7,1,0,2,3,1,0,2,1,2,0,2,1,2,0,2,3,2,0,3,3,2,0,2,3,2,0,2,1,2,0,
6,1,0,3,1,1,0,2,1,2,0,2,1,1,0,2,1,2,0,3,1,2,0,2,1,2,0,2,1,3,0,
6,1,0,3,1,2,0,2,1,2,0,2,1,2,0,2,1,2,0,3,1,2,0,2,1,2,0,2,1,3,1,
6,1,0,3,1,2,0,2,1,2,0,2,1,2,0,2,1,2,0,3,1,2,0,2,1,2,0,2,1,3,0,
7,1,0,4,1,2,0,3,1,2,0,4,1,2,0,3,1,2,0,4,1,2,0,3,1,2,0,3,1,4,0,
6,1,0,2,1,2,0,2,1,2,0,2,1,2,0,2,1,2,0,3,1,2,0,2,1,2,0,2,1,2,1,
6,2,0,2,1,2,0,2,1,2,0,2,1,2,0,2,1,2,0,3,1,2,0,2,1,2,0,2,1,3,1,
6,1,0,3,1,2,0,2,1,2,0,2,1,2,0,2,1,2,0,3,1,2,0,2,1,2,0,2,1,3,1,
7,2,0,3,1,2,0,2,1,2,0,3,1,2,0,2,1,2,0,3,1,2,1,2,1,2,0,3,1,3,1,
9,2,0,3,2,2,1,2,1,2,0,3,2,2,1,2,2,2,0,3,1,2,1,2,1,2,0,3,1,3,1,
7,2,0,3,2,2,1,3,2,2,0,3,2,2,0,2,1,2,0,3,1,2,1,3,1,2,1,3,1,3,1,
7,2,0,3,2,2,0,2,2,2,0,3,2,2,1,2,1,2,0,3,1,2,1,3,1,2,1,3,1,3,1,
7,2,0,3,2,2,0,3,2,2,0,3,2,2,1,2,2,2,0,3,2,2,1,3,2,2,1,3,2,3,1,
7,1,0,2,1,1,0,2,1,1,0,2,1,1,0,1,1,1,0,2,1,1,0,2,0,1,0,2,1,2,0,
6,1,0,2,1,1,0,2,1,1,0,2,1,1,0,2,1,1,0,2,1,1,0,2,1,2,0,2,1,2,0,
6,1,0,2,1,1,0,2,1,1,0,2,1,1,0,2,1,1,0,2,1,1,0,2,1,2,0,2,1,2,0,
7,1,3,2,1,1,3,2,1,2,0,2,1,1,3,2,1,2,3,2,1,2,3,2,1,2,3,2,1,2,0,
6,1,0,2,1,2,0,2,1,2,0,2,1,2,0,2,1,2,0,2,1,2,0,2,1,2,0,2,1,2,0,
6,1,0,2,1,2,0,2,1,2,0,2,1,2,0,2,1,2,0,3,1,2,0,2,1,2,0,2,1,3,1,
6,1,0,2,1,2,0,2,1,2,0,2,1,2,0,2,1,2,0,3,1,2,0,2,1,2,0,2,1,3,1,
10,1,0,2,1,2,0,2,1,2,0,2,1,2,0,2,1,2,0,3,1,2,0,2,1,2,0,2,1,2,1,
7,2,0,3,1,2,0,2,1,2,0,3,2,2,1,2,1,2,0,3,1,2,1,2,1,2,0,3,2,3,1,
7,1,0,2,1,1,0,2,1,1,0,2,1,1,0,1,1,1,0,2,1,1,0,2,0,1,0,2,1,2,0,
7,2,0,3,2,2,1,3,2,2,0,3,2,2,1,2,2,2,0,3,2,2,1,3,2,2,1,3,2,3,1,
7,1,0,3,1,1,0,2,1,1,0,2,1,1,0,2,1,1,0,3,1,1,0,2,1,1,0,2,1,2,0,
9,1,0,2,1,1,0,2,1,1,0,2,1,1,0,2,1,1,0,2,1,1,0,2,1,1,0,2,1,2,0,
7,2,0,3,2,2,1,3,2,2,1,3,2,2,1,3,2,2,1,3,2,2,1,3,1,2,1,3,2,3,1,
7,1,0,2,1,1,0,2,1,1,0,2,1,1,0,2,1,2,0,2,1,1,0,2,0,1,0,2,1,2,0,
26,1,22,2,1,1,0,2,1,1,0,2,1,1,0,2,1,2,0,2,1,1,0,2,1,2,0,2,1,2,0,
6,1,0,2,1,2,1,2,1,2,0,2,1,2,1,2,1,2,1,3,1,2,1,2,1,2,1,2,1,2,1,
6,1,0,2,1,1,0,2,1,1,0,2,1,1,0,2,1,1,0,2,1,1,0,2,1,2,0,2,1,2,0,
6,1,0,3,1,2,0,2,1,2,0,2,2,2,0,2,1,2,0,3,1,2,0,2,1,2,0,2,1,2,0,
6,1,0,3,1,2,0,2,1,2,0,2,1,2,0,2,1,2,0,3,1,2,0,2,1,2,0,2,1,2,0,
6,1,0,3,1,2,0,2,1,2,0,2,1,2,0,2,1,2,0,3,1,2,0,2,1,2,0,2,1,2,0,
6,1,0,3,1,2,0,2,1,2,0,2,2,2,0,2,1,2,0,3,1,2,0,2,1,2,0,2,1,2,1,
6,1,0,3,1,2,0,2,1,2,0,2,1,2,0,2,1,2,0,3,1,2,1,2,1,2,0,2,1,2,1,
7,1,0,3,1,2,0,2,2,2,0,2,2,2,0,2,1,2,0,3,1,2,1,2,1,2,0,2,2,2,1,
8,4,0,3,2,4,1,2,1,4,0,2,1,4,1,2,1,5,0,3,1,4,1,2,1,4,0,2,1,3,1,
6,2,0,3,1,2,1,2,1,2,0,3,1,2,1,2,1,2,0,3,1,2,1,2,1,2,0,2,1,2,1,
7,2,0,3,1,2,0,2,1,2,0,3,2,2,0,2,1,2,0,3,1,2,0,2,1,2,0,2,1,3,1,
7,2,0,3,1,2,0,2,2,2,0,3,2,2,0,2,1,2,0,3,1,2,1,2,1,2,0,3,2,3,1,
7,2,0,3,2,2,1,3,2,2,0,3,2,2,1,3,2,2,0,3,1,2,1,3,1,2,0,3,2,3,1,
7,1,0,2,1,1,0,2,1,1,0,2,1,1,0,2,1,1,0,2,1,2,0,2,1,2,0,2,1,2,0,
8,2,0,3,2,2,1,3,2,2,1,3,2,2,1,3,1,3,1,3,1,2,1,3,1,3,1,3,2,3,1,
7,1,0,2,1,1,0,2,1,1,0,2,1,1,0,2,0,1,0,2,0,1,0,2,0,1,0,2,1,2,0,
6,1,0,2,1,2,1,2,1,2,0,2,1,2,1,2,1,2,1,3,1,2,1,2,1,2,1,2,1,2,1,
7,1,0,3,1,2,0,2,1,2,0,2,2,2,0,2,1,2,0,3,1,2,0,2,1,2,0,3,1,3,0,
7,1,0,3,2,2,0,3,1,2,0,3,1,2,0,2,2,2,0,3,1,2,0,3,1,2,0,3,1,3,1,
6,1,0,2,1,2,0,2,1,2,0,2,1,2,0,2,1,2,0,2,1,2,0,2,1,2,0,2,1,2,1,
6,1,0,2,1,2,0,2,1,2,0,2,1,2,0,2,1,2,0,2,1,2,0,2,1,2,0,2,1,2,0,
7,2,2,3,2,2,2,2,2,2,0,3,2,2,2,2,2,2,2,3,2,2,2,3,2,2,2,3,2,3,2,
8,1,0,3,0,1,0,3,0,1,0,3,1,1,0,3,0,1,0,4,0,1,0,3,0,1,0,3,0,3,0,
7,1,0,2,1,1,0,2,1,1,0,2,1,1,0,2,1,1,0,3,1,1,0,2,1,1,0,2,1,2,0,
7,2,0,3,2,2,0,2,1,2,0,3,1,2,0,2,2,2,0,3,1,2,0,2,1,2,0,3,1,3,1,
9,1,0,2,1,1,0,2,1,2,0,2,1,1,0,2,1,2,0,2,1,2,0,2,1,2,0,2,1,2,0,
7,2,3,3,1,2,1,3,1,2,0,3,1,2,1,3,1,2,2,3,1,2,1,3,1,2,3,3,1,3,1,
7,1,0,2,1,1,1,2,1,1,0,2,1,1,0,2,1,2,0,2,1,2,0,2,1,2,1,2,1,2,0,
9,2,1,4,2,3,1,3,2,3,0,4,2,3,1,3,2,3,1,5,2,3,1,3,2,3,1,4,2,4,1,
8,2,0,4,2,2,1,3,2,2,0,3,2,2,0,3,2,2,0,4,2,2,1,3,2,2,0,3,2,4,1,
7,2,0,3,2,2,0,3,1,2,0,3,2,2,0,2,2,2,0,3,1,2,0,3,1,2,1,3,2,3,1,
7,2,0,3,2,2,0,3,1,2,0,3,1,2,0,2,1,2,0,3,1,2,1,2,1,2,1,3,1,3,1,
7,2,0,3,2,2,1,3,1,2,0,3,2,2,1,2,1,2,0,3,1,2,1,3,1,2,1,3,1,3,1,
6,1,0,2,1,1,0,2,1,1,0,2,1,1,0,1,1,1,0,2,1,1,0,2,1,2,0,2,1,2,0,
6,1,0,2,1,1,0,2,1,1,0,2,1,1,0,2,1,2,0,2,1,2,0,2,1,2,0,2,1,2,0,
6,1,0,2,1,1,0,2,1,1,0,2,1,1,0,2,1,2,0,2,1,2,0,2,1,2,0,2,1,2,0,
7,2,0,3,1,2,0,2,1,2,0,2,1,2,0,2,1,2,0,3,1,2,0,2,1,2,0,2,1,2,0,
7,2,0,3,1,2,1,2,1,2,0,2,1,2,1,2,1,2,1,3,1,2,0,2,1,2,0,2,1,2,1,
6,1,0,3,1,2,0,2,1,2,0,2,1,2,0,2,1,2,0,3,1,2,0,2,1,2,0,2,1,2,0,
6,1,0,3,1,2,0,2,1,2,0,3,1,2,0,2,1,2,0,3,1,2,0,2,1,2,0,2,1,3,1,
7,2,0,3,1,2,0,2,1,2,0,3,1,2,0,2,1,2,0,3,1,2,0,2,1,2,0,2,1,3,1,
7,2,0,3,2,3,0,3,1,3,0,3,2,2,0,2,2,3,0,3,1,3,0,2,1,3,0,3,1,3,1,
11,6,1,4,3,7,1,4,2,7,0,4,3,7,1,3,3,7,0,4,2,7,1,4,2,7,1,4,3,4,2,
7,2,0,3,2,2,0,3,1,2,0,3,1,2,0,2,1,2,0,3,1,2,1,3,1,2,0,3,1,3,1,
7,2,0,3,2,2,0,2,1,2,0,2,1,2,0,2,1,2,0,3,1,2,1,2,1,2,0,2,1,3,1,
6,2,0,3,2,2,0,2,1,2,0,3,2,2,0,2,1,2,0,3,1,2,1,2,1,2,0,3,1,3,1,
7,2,0,3,2,3,1,3,1,2,0,3,2,2,1,2,2,3,0,3,1,2,1,3,1,3,0,3,1,3,1,
9,1,0,2,1,2,0,2,1,2,0,2,1,2,0,2,1,2,0,2,1,3,0,2,0,2,0,2,1,2,0,
7,1,0,2,1,1,0,2,0,1,0,2,1,1,0,1,1,1,0,2,0,1,0,2,0,2,0,2,0,2,0,
6,1,0,2,1,1,0,2,0,1,0,2,1,1,0,1,1,1,0,2,0,1,0,2,0,2,0,2,0,2,0,
6,1,0,2,1,1,0,2,1,1,0,2,1,1,0,1,1,1,0,2,1,1,0,2,0,2,0,2,1,2,0,
6,1,0,2,1,1,0,2,1,1,0,2,1,1,0,1,1,1,0,2,1,1,0,2,0,2,0,2,1,2,0,
6,1,0,2,1,1,0,2,1,1,0,2,1,1,0,2,1,1,0,2,1,1,0,2,1,2,0,2,1,2,0,
6,1,0,2,1,1,0,2,1,2,0,2,1,1,0,2,1,2,0,2,1,2,0,2,1,2,0,2,1,2,0,
6,1,0,2,1,1,0,2,1,2,0,2,1,1,0,2,1,2,0,3,1,2,0,2,1,2,0,2,1,2,0,
7,1,0,2,1,1,0,2,1,1,0,2,1,1,0,1,1,1,0,2,1,1,0,2,0,2,0,2,1,2,0,
7,1,0,3,1,2,0,2,1,2,0,2,1,2,0,2,1,2,0,3,1,2,0,3,1,2,0,2,1,3,1,
7,2,0,3,1,2,1,2,1,2,0,3,1,2,1,2,1,2,0,3,1,2,0,2,1,2,0,2,1,3,1,
7,2,0,3,1,2,1,2,1,2,0,3,1,2,0,2,1,2,0,3,1,3,1,2,1,3,1,2,1,3,1,
7,2,0,3,1,2,0,3,1,2,0,3,2,2,0,3,1,2,0,3,1,2,0,3,1,2,0,3,1,3,1,
7,2,0,3,1,2,1,3,2,2,0,3,2,2,0,3,1,2,0,3,1,2,1,3,1,3,0,3,2,3,1,
7,1,0,2,1,1,0,2,1,1,0,2,1,1,0,2,1,2,0,2,0,1,0,2,0,2,0,2,1,2,0,
7,1,0,2,1,1,0,2,1,1,0,2,1,1,0,2,0,1,0,2,0,1,0,2,0,2,0,2,1,2,0,
6,1,0,2,1,1,0,2,1,1,0,2,1,1,0,2,1,1,0,2,0,2,0,2,0,2,0,2,1,2,0,
6,1,0,2,1,1,0,2,1,1,0,2,1,1,0,2,1,1,0,2,1,2,0,2,0,2,0,2,1,2,0,
6,1,0,2,1,1,0,2,1,1,0,2,1,1,0,2,1,1,0,2,1,2,0,2,0,2,0,2,1,2,0,
6,1,0,2,1,1,0,2,1,2,0,2,1,1,0,2,1,2,0,2,1,2,0,2,1,2,0,2,1,2,0,
6,1,0,2,1,1,0,2,1,2,0,2,1,1,0,2,1,2,0,3,1,2,0,2,1,2,0,2,1,2,0,
6,1,0,3,1,1,0,2,1,2,0,2,1,1,0,2,1,2,0,3,1,2,0,2,1,2,0,2,1,2,0,
6,1,0,3,1,2,0,2,1,2,0,2,1,2,0,2,1,2,0,3,1,2,0,2,1,2,0,2,1,2,1,
7,1,0,3,1,2,0,2,1,2,0,2,1,2,0,2,1,2,0,3,1,2,0,2,1,2,0,2,1,3,1,
7,2,0,3,1,2,0,2,1,2,0,3,2,2,1,3,1,2,0,3,1,2,0,2,1,2,0,3,1,3,1,
7,2,0,3,1,2,0,2,1,2,0,3,1,2,0,2,1,2,0,3,1,2,0,2,1,2,0,2,1,3,1,
7,2,0,3,1,2,1,2,1,2,0,3,2,2,1,3,1,2,0,3,1,2,1,2,1,2,1,3,1,3,1,
7,1,0,2,1,1,0,2,1,1,0,2,1,1,0,2,1,1,0,2,1,1,0,2,0,2,0,2,1,2,0,
7,1,0,2,1,1,0,2,1,1,0,2,1,1,0,2,1,1,0,2,1,1,0,2,0,2,0,2,1,2,0,
7,2,0,2,1,2,0,2,1,3,0,2,1,2,0,2,1,3,0,2,1,3,0,2,0,3,0,2,1,2,0,
6,1,0,2,1,1,0,2,1,1,0,2,1,1,0,2,1,1,0,2,1,2,0,2,1,2,0,2,1,2,0,
6,1,0,2,1,2,0,2,1,2,0,2,1,2,0,2,1,2,0,3,1,2,0,3,1,2,0,2,1,2,0,
6,1,0,2,1,1,0,2,1,2,0,2,1,1,0,2,1,2,0,2,1,2,0,2,1,2,0,2,1,2,0,
6,1,0,2,1,1,0,2,1,2,0,2,1,1,0,2,1,2,0,3,1,2,0,2,1,2,0,2,1,2,0,
6,1,0,2,1,2,0,2,1,2,0,2,1,2,0,2,1,2,0,3,1,2,0,2,1,2,0,2,1,2,0,
6,1,0,3,1,2,0,2,1,2,0,2,1,2,0,2,1,2,0,3,1,2,0,2,1,2,0,2,1,3,1,
6,1,0,3,1,2,0,2,1,2,0,2,1,2,0,2,1,2,0,3,1,2,0,2,1,2,0,2,1,3,1,
6,2,0,3,1,2,0,2,1,2,0,3,1,2,0,2,1,2,0,3,1,2,0,3,1,2,0,2,1,3,1,
7,2,1,3,2,2,1,3,1,2,0,3,2,2,1,2,2,2,0,3,1,2,1,3,1,2,1,3,1,3,1,
7,2,0,3,2,2,1,3,1,2,0,3,2,2,1,2,2,2,0,3,1,2,1,3,1,2,1,3,1,3,1,
7,2,1,3,2,2,1,3,1,2,0,3,2,2,1,2,2,2,1,3,1,2,1,3,1,2,1,3,1,3,1,
7,1,0,2,1,1,0,2,1,1,0,2,1,1,0,2,1,2,0,2,1,2,0,2,0,2,0,2,1,2,0,
7,2,0,3,2,2,0,2,1,2,0,3,2,2,0,2,2,2,0,3,1,2,0,3,1,2,0,2,2,3,1,
6,1,0,2,1,1,0,2,1,1,0,2,1,1,0,2,1,1,0,2,1,2,0,2,0,2,0,2,1,2,0,
6,1,0,2,1,1,0,2,1,2,0,2,1,1,0,2,1,2,0,2,1,2,0,2,1,2,0,2,1,2,0,
6,1,0,2,1,1,0,2,1,2,0,2,1,1,0,2,1,2,0,2,1,2,0,2,1,2,0,2,1,2,0,
6,1,0,2,1,1,0,2,1,2,0,2,1,1,0,2,1,2,0,3,1,2,0,2,1,2,0,2,1,2,0,
7,2,0,3,1,2,0,2,2,2,0,3,2,2,0,2,1,2,0,3,1,2,0,3,1,2,0,2,2,3,1,
6,1,0,3,1,2,1,2,1,2,0,2,2,2,0,2,1,2,0,3,1,2,0,3,1,2,0,2,1,3,1,
6,2,0,3,1,2,0,2,2,2,0,2,2,2,0,2,1,2,0,3,1,2,0,3,1,2,0,2,2,3,1,
7,2,0,3,1,2,0,2,2,2,0,3,2,2,0,2,1,2,0,3,1,2,1,3,1,2,0,2,2,3,1,
7,2,0,3,1,2,1,3,2,2,0,3,2,2,0,2,1,2,0,3,1,2,1,3,1,2,0,3,2,3,1,
7,2,0,3,2,2,1,3,2,2,0,3,2,2,1,2,1,2,0,3,1,2,1,3,1,2,0,3,2,3,1,
7,2,0,3,2,2,1,3,2,2,0,3,2,2,1,2,1,2,0,3,1,2,1,3,1,2,1,3,2,3,1,
7,2,0,3,2,2,1,3,2,2,0,3,2,2,1,2,1,2,1,3,1,2,1,3,1,2,1,3,2,3,1,
7,2,0,2,1,2,0,2,1,2,2,3,1,2,0,2,2,3,0,3,2,3,2,2,0,2,2,3,2,3,0,
7,2,0,3,1,2,1,3,2,2,0,3,2,2,1,2,1,2,0,3,1,3,1,3,1,3,1,3,2,3,1,
6,1,0,2,1,1,0,2,1,2,0,2,1,1,0,2,1,2,0,2,1,2,0,2,1,2,0,2,1,2,0,
6,1,0,2,1,1,0,2,1,2,0,2,1,1,0,2,1,2,0,3,1,2,0,2,1,2,0,2,1,2,0,
6,1,0,3,1,2,0,2,1,2,0,2,1,2,0,2,1,2,0,3,1,2,1,2,1,2,0,2,1,3,0,
6,1,0,3,1,2,0,2,1,2,0,2,1,2,0,2,1,2,0,3,1,2,0,2,1,2,0,2,1,3,1,
6,2,0,3,1,2,1,2,1,2,0,3,1,2,1,2,1,2,0,3,1,2,1,3,1,2,0,3,1,3,1,
6,2,0,3,1,2,1,2,1,2,0,2,1,2,1,2,1,2,0,3,1,2,1,3,1,2,1,2,1,3,1,
9,2,0,3,1,5,1,3,1,2,0,3,2,2,1,2,1,2,0,3,1,5,1,3,1,5,0,2,1,3,1,
7,2,0,3,1,2,1,3,1,2,0,3,2,2,1,2,1,2,0,3,1,2,1,3,1,2,0,3,1,3,1,
7,2,0,3,2,2,1,3,2,2,0,3,2,2,1,2,2,2,0,3,1,2,1,3,1,2,0,3,2,3,1,
6,1,0,2,1,2,0,2,1,2,0,2,1,2,1,2,1,2,0,3,1,2,1,2,1,2,0,2,1,2,0,
7,1,0,2,1,1,0,2,1,1,0,2,1,1,0,2,1,1,0,2,1,1,0,3,0,1,0,3,1,2,0,
6,1,0,2,1,1,0,2,1,1,0,2,1,1,0,2,1,1,0,2,1,2,0,2,1,2,0,2,1,2,0,
8,1,0,2,1,1,0,2,1,2,0,2,1,1,0,2,1,2,0,2,1,2,0,2,1,2,0,2,1,2,0,
6,1,0,2,1,1,0,2,1,2,0,2,1,1,0,2,1,2,0,2,1,2,0,2,1,2,0,2,1,2,0,
6,1,0,3,1,2,0,2,1,2,0,2,1,2,0,2,1,2,0,3,1,2,0,2,1,2,0,2,1,2,0,
6,1,0,2,1,2,0,2,1,2,0,2,1,2,0,2,1,2,0,3,1,2,0,2,1,2,0,2,1,2,0,
6,1,0,3,1,2,0,2,1,2,0,2,1,2,0,2,1,2,0,3,1,2,0,2,1,2,0,2,1,2,0,
6,1,0,3,1,2,0,2,1,2,0,2,1,2,0,2,1,2,0,3,1,2,0,2,1,2,0,2,1,3,1,
7,2,0,3,1,2,0,3,1,2,0,3,1,2,0,2,1,2,0,3,1,2,0,2,1,2,0,3,1,3,1,
8,1,0,2,1,1,0,2,1,2,0,2,1,2,0,2,1,2,0,3,1,2,0,2,1,2,0,2,1,2,1,
7,2,0,3,2,2,0,3,1,2,0,3,2,2,1,2,1,2,1,3,1,2,1,3,1,2,1,3,1,3,1,
7,2,0,3,2,2,0,3,1,2,0,3,2,2,1,2,1,2,0,3,1,2,1,3,1,2,1,3,1,3,1,
7,2,0,3,2,2,1,3,1,2,1,3,2,2,1,2,2,2,1,3,1,2,1,3,1,2,1,3,2,3,1,
53,0,13,1,0,0,13,1,0,1,13,1,1,0,13,1,0,1,13,2,0,1,13,1,0,1,13,1,1,1,0,
7,2,0,3,1,2,1,2,1,2,0,2,2,2,1,2,1,2,1,3,1,2,1,2,1,2,1,2,2,2,1,
6,1,0,2,1,1,0,2,1,2,0,2,1,1,0,2,1,2,0,2,1,2,0,2,1,2,0,2,1,2,0,
6,1,0,2,1,1,0,2,1,2,0,2,1,1,0,2,1,2,0,2,1,2,0,2,1,2,1,2,1,2,0,
6,2,0,2,1,2,0,2,1,2,0,2,1,2,0,2,1,2,0,2,1,2,1,2,1,2,0,2,1,2,0,
6,1,0,3,1,2,1,2,1,2,0,2,1,2,1,2,1,2,0,3,1,2,1,2,1,2,0,2,1,3,1,
7,3,0,3,1,3,0,2,1,3,0,2,1,3,0,2,1,3,0,3,1,3,0,2,1,3,0,2,1,3,1,
6,2,0,3,1,2,1,2,2,2,0,3,2,2,1,2,1,2,0,3,1,2,1,2,1,2,1,3,2,3,1,
7,2,0,3,1,2,1,3,2,2,1,3,2,2,1,2,1,2,0,3,1,3,1,3,1,2,1,3,2,3,1,
7,2,0,3,2,2,1,3,2,2,0,3,2,2,1,2,1,2,1,3,1,2,1,3,1,2,1,3,2,3,1,
8,2,0,4,2,2,2,3,1,2,0,3,2,2,1,2,1,2,0,4,1,2,2,3,1,2,0,3,2,3,1,
7,1,0,2,1,1,0,2,1,2,0,2,1,1,0,2,1,2,0,3,1,2,0,2,1,2,0,2,1,2,0,
7,1,0,2,1,1,0,2,1,2,0,2,1,1,0,2,1,2,0,2,1,2,0,2,1,2,0,2,1,2,0,
7,1,0,2,1,1,0,2,1,1,0,2,1,1,0,2,1,1,0,2,1,2,0,2,1,2,0,2,1,2,0,
6,1,0,2,1,1,0,2,1,1,0,2,1,1,0,2,1,1,0,2,1,1,0,2,0,2,0,2,1,2,0,
6,1,0,2,1,2,0,2,1,2,0,2,1,2,0,2,1,2,0,3,1,2,0,2,1,2,0,2,1,2,0,
7,2,1,3,2,2,1,3,2,2,0,3,2,2,1,3,2,2,0,3,2,3,1,3,1,3,0,3,2,3,1,
9,1,0,2,1,2,0,2,1,2,0,2,1,2,0,2,1,2,0,3,1,2,0,2,1,2,0,2,1,2,1,
7,2,0,3,2,2,1,3,1,2,0,3,2,2,0,2,1,2,0,3,1,2,1,3,1,2,0,3,1,3,1,
7,2,0,3,1,2,0,2,1,2,0,2,1,2,0,2,1,2,0,3,1,2,0,2,1,2,0,3,1,3,1,
6,2,0,3,1,2,0,2,1,2,0,3,1,2,0,2,1,2,0,3,1,2,0,2,1,2,0,3,1,3,1,
6,2,0,3,1,2,0,3,1,2,0,3,1,2,1,2,1,2,0,3,1,2,1,2,1,2,0,3,1,3,1,
8,2,0,3,1,2,1,2,1,2,0,3,1,2,1,2,1,2,0,3,1,2,1,2,1,2,0,3,1,3,1,
8,1,0,3,1,2,0,2,1,2,0,2,1,2,1,2,1,2,0,3,1,2,0,2,1,2,0,2,1,3,1,
7,2,0,3,2,2,1,3,1,2,0,3,2,2,1,2,1,2,1,3,1,2,1,3,1,2,1,3,1,3,1,
7,1,0,2,1,1,0,2,0,1,0,2,1,1,0,1,1,1,0,2,0,2,0,2,0,1,0,2,1,2,0,
6,1,0,2,1,1,0,2,1,1,0,2,1,1,0,1,1,1,0,2,0,1,0,2,0,1,0,2,1,2,0,
6,1,0,2,1,1,0,2,1,2,0,2,1,1,0,2,1,2,0,2,1,2,0,2,1,2,0,2,1,2,0,
6,1,0,2,1,1,0,2,1,2,0,2,1,2,0,2,1,2,0,2,1,2,0,2,1,2,0,2,1,2,0,
6,1,0,3,1,2,0,2,1,2,0,2,1,2,0,2,1,2,0,3,1,2,0,2,1,2,0,2,1,2,0,
9,1,0,2,1,1,0,2,1,2,0,2,1,1,0,2,1,2,0,2,1,2,0,2,1,2,0,2,1,2,0,
7,1,0,3,1,2,0,2,1,2,0,2,1,2,0,2,1,2,0,3,1,2,0,2,1,2,0,2,1,2,1,
6,1,0,3,1,2,0,2,1,2,0,2,1,2,0,2,1,2,0,3,1,2,0,2,1,2,0,3,1,3,1,
6,2,0,3,1,2,0,3,1,2,0,3,1,2,0,2,1,2,0,3,1,2,1,3,1,2,0,3,1,3,1,
9,2,1,3,2,2,0,3,1,2,0,3,2,2,0,3,2,2,0,3,2,3,0,3,1,3,0,3,2,3,1,
7,2,0,3,1,2,1,3,1,2,0,3,1,2,1,2,1,2,1,3,1,2,1,3,1,2,1,3,1,3,1,
7,2,0,3,2,2,1,3,1,2,0,3,2,2,1,2,1,2,1,3,1,2,1,3,1,2,1,3,1,3,1,
7,2,1,3,2,2,1,3,2,2,0,3,2,2,1,2,2,2,1,3,2,2,1,3,1,2,1,3,2,3,1,
7,1,0,2,1,1,0,2,1,1,0,2,1,1,0,1,1,1,0,2,1,1,0,2,1,1,0,2,1,2,0,
7,1,0,4,1,1,0,3,2,2,0,2,2,1,1,3,1,2,0,3,1,2,1,3,1,3,0,2,1,2,0,
6,1,0,3,1,2,0,2,1,2,0,2,1,2,0,2,1,2,0,3,1,2,0,2,1,2,0,2,1,2,0,
6,1,0,2,1,1,0,2,1,2,0,2,1,1,0,2,1,2,0,2,1,2,0,2,1,2,0,2,1,2,0,
6,1,0,2,1,2,0,2,1,2,0,2,1,2,0,2,1,2,0,3,1,2,0,2,1,2,0,2,1,2,0,
6,1,0,3,1,2,0,2,1,2,0,2,1,2,0,2,1,2,0,3,1,2,0,2,1,2,0,2,1,3,1,
6,2,0,3,1,2,0,2,1,2,0,2,1,2,0,2,1,2,0,3,1,2,0,2,1,2,0,2,1,3,1,
7,2,0,3,1,2,1,2,1,2,0,4,1,2,1,2,1,2,1,4,1,2,1,2,1,2,0,3,1,3,1,
6,2,0,3,1,2,1,3,1,2,0,3,1,2,1,2,1,2,0,3,1,2,1,2,1,2,0,3,1,3,1,
7,2,0,3,2,2,1,3,1,3,0,3,1,2,1,2,1,2,0,3,1,3,1,3,1,3,0,3,1,3,1,
7,2,0,3,2,2,1,3,1,2,0,3,2,2,1,2,2,2,0,3,1,2,1,3,1,2,0,3,2,3,1,
7,2,0,3,2,2,1,3,1,2,0,3,2,2,1,2,2,2,1,3,1,2,1,3,1,2,1,3,1,3,1,
7,2,0,3,2,2,1,3,2,2,0,3,2,2,1,2,2,2,1,3,2,2,1,3,2,2,1,3,2,3,1,
8,1,0,2,1,1,0,2,1,1,0,2,1,1,0,1,1,1,0,2,1,2,0,2,1,2,0,2,1,2,0,
7,1,0,4,1,1,0,3,1,1,0,3,1,1,0,3,1,1,0,4,1,2,0,3,1,2,0,3,1,4,0,
6,1,0,2,1,1,0,2,1,2,0,2,1,1,0,2,1,2,0,2,1,2,0,2,1,2,0,2,1,2,0,
6,1,0,2,1,1,0,2,1,2,0,2,1,1,0,2,1,2,0,3,1,2,0,2,1,2,0,2,1,2,0,
6,1,0,3,1,2,0,2,1,2,0,2,1,2,0,2,1,2,0,3,1,2,0,2,1,2,0,2,1,3,1,
8,1,0,2,1,1,0,2,1,2,0,2,1,1,0,2,1,2,0,2,1,2,0,2,1,2,0,2,1,2,0,
6,1,0,3,1,2,0,2,1,2,0,2,1,2,0,2,1,2,0,3,1,2,0,2,1,2,0,2,1,3,1,
6,2,0,3,1,2,0,3,2,2,0,3,2,2,0,2,1,2,0,3,1,2,0,3,1,2,0,3,2,3,1,
7,2,0,3,1,2,1,3,2,2,0,3,2,2,1,2,1,2,0,3,1,2,1,3,1,2,0,3,2,3,1,
7,2,0,3,1,2,1,3,2,2,0,3,2,2,1,2,1,2,1,3,1,2,1,3,1,2,0,3,2,3,1,
7,2,0,3,2,2,1,3,2,2,0,3,2,2,1,2,2,2,1,3,2,2,1,3,2,2,1,3,2,3,1,
7,2,0,3,2,2,1,3,1,2,0,3,2,2,1,2,2,2,1,3,1,2,1,3,1,2,1,3,2,3,1,
7,1,0,2,1,1,0,2,1,1,0,2,1,1,0,1,1,1,0,2,1,1,0,2,1,2,0,2,1,2,1,
7,1,0,2,1,1,3,2,1,1,0,2,1,1,3,1,1,1,0,2,1,2,3,2,1,2,0,2,1,2,0,
6,1,0,2,1,1,0,2,1,2,0,2,1,1,0,2,1,1,0,2,1,2,0,2,1,2,0,2,1,2,0,
6,1,0,2,1,2,0,2,1,2,0,2,1,2,0,2,1,2,0,3,1,2,0,2,1,2,0,2,1,2,0,
6,1,0,3,1,2,0,2,1,2,0,2,1,2,0,2,1,2,0,3,1,2,0,2,1,2,0,2,1,3,1,
9,2,0,3,2,2,0,3,1,2,0,3,2,2,0,2,1,2,0,3,1,2,0,3,1,2,0,3,1,3,1,
8,1,0,3,1,2,0,2,1,2,0,2,1,2,0,2,1,2,0,3,1,2,0,2,1,2,0,2,1,3,1,
6,1,0,3,1,2,0,2,1,2,0,2,1,2,0,2,1,2,0,3,1,2,0,2,1,2,0,2,1,2,1,
6,2,0,3,1,2,0,2,1,2,0,2,1,2,0,2,1,2,0,3,1,2,0,2,1,2,0,2,1,3,1,
7,2,0,3,1,2,1,2,1,2,0,3,1,2,1,2,1,2,0,3,1,2,1,2,1,2,0,3,1,3,1,
8,2,0,4,1,2,1,3,1,2,0,3,1,2,1,2,1,2,0,4,1,2,1,3,1,2,0,3,1,3,1,
7,2,0,3,2,2,1,3,1,2,0,3,2,2,1,2,1,2,0,3,1,2,1,3,1,2,1,3,1,3,1,
7,1,0,2,1,1,0,2,1,1,0,2,1,1,0,1,1,1,0,2,1,1,0,2,1,1,0,2,1,2,0,
7,1,0,2,1,1,0,2,1,1,0,2,1,1,0,1,1,1,0,2,1,1,0,2,1,2,0,2,1,2,1,
6,1,0,2,1,1,0,2,1,1,0,2,1,1,0,1,1,1,0,2,1,2,0,2,1,2,0,2,1,2,1,
6,1,0,2,1,1,0,2,1,2,0,2,1,1,0,2,1,1,0,2,1,2,0,2,1,2,0,2,1,2,1,
6,1,0,2,1,1,0,2,1,2,0,2,1,1,0,2,1,2,0,2,1,2,0,2,1,2,0,2,1,2,1,
6,1,0,2,1,1,0,2,1,2,0,2,1,1,0,2,1,2,0,2,1,2,0,2,1,2,0,2,1,2,1,
6,1,0,2,1,2,0,2,1,2,0,2,1,1,0,2,1,2,0,3,1,2,0,2,1,2,0,2,1,2,1,
6,1,0,3,1,2,0,2,1,2,0,2,1,2,0,2,1,2,0,3,1,2,0,2,1,2,0,2,1,2,1,
7,2,1,3,2,2,1,3,1,2,0,3,2,2,1,2,1,2,1,3,1,2,1,2,1,2,1,3,1,3,1,
7,2,0,3,1,2,1,3,1,2,0,3,1,2,1,2,1,2,0,3,1,2,1,3,1,2,1,3,1,3,1,
10,2,0,3,2,2,1,3,2,2,0,3,2,2,1,2,2,2,0,3,1,2,1,3,1,2,1,3,2,3,1,
9,2,0,5,2,2,1,5,2,2,0,5,2,2,1,4,2,2,0,5,2,2,1,4,2,2,0,5,2,5,1,
7,1,0,2,1,1,0,2,1,1,0,2,1,1,0,1,1,1,0,2,1,1,0,2,1,1,0,2,1,2,0,
7,1,0,2,1,1,0,2,1,1,0,2,1,1,0,1,1,1,0,2,1,1,0,2,0,1,0,2,1,2,0,
6,1,0,2,1,1,0,2,1,1,0,2,1,1,0,2,1,1,0,2,1,2,0,2,1,2,0,2,1,2,0,
6,1,0,2,1,1,0,2,1,1,0,2,1,1,0,2,1,1,0,2,1,2,0,2,1,2,0,2,1,2,0,
6,1,0,2,1,1,0,2,1,2,0,2,1,1,0,2,1,2,0,2,1,2,0,2,1,2,0,2,1,2,0,
6,1,0,2,1,1,0,2,1,2,0,2,1,1,0,2,1,2,0,2,1,2,0,2,1,2,0,2,1,2,0,
7,1,0,2,1,2,0,2,1,2,0,2,1,2,0,2,1,2,0,3,1,2,0,2,1,2,0,3,1,2,0,
8,1,0,2,1,2,0,2,1,2,0,2,1,2,0,2,1,2,0,3,1,2,0,2,1,2,0,2,1,2,0,
6,1,0,2,1,2,0,2,1,2,0,2,1,2,0,2,1,2,0,3,1,2,0,2,1,2,0,2,1,2,0,
6,1,0,3,1,2,0,2,2,2,0,2,2,2,0,2,1,2,0,3,1,2,0,2,1,2,0,2,2,3,1,
6,2,0,3,2,2,0,2,1,2,0,3,2,2,0,2,1,2,0,3,1,2,0,2,1,2,0,2,1,3,1,
6,2,0,3,2,2,0,2,1,2,0,3,2,2,1,2,1,2,0,3,1,2,1,2,1,2,0,3,1,3,1,
7,2,0,3,2,2,1,3,1,2,0,3,2,2,1,2,1,2,0,3,1,2,1,3,1,2,1,3,2,3,1,
7,2,0,3,2,2,1,3,2,2,0,3,2,2,1,2,1,2,0,3,1,2,1,3,1,3,1,3,2,3,1,
7,1,0,2,1,1,0,2,1,1,0,2,1,1,0,1,1,1,0,2,0,2,0,2,0,2,0,2,1,2,0,
7,1,0,3,1,1,0,3,1,1,0,3,1,1,0,3,1,1,0,3,1,2,0,3,1,2,0,3,1,3,0,
6,1,0,2,1,2,0,2,1,2,0,2,1,2,0,2,1,2,0,2,1,2,0,2,1,2,0,2,1,2,0,
6,1,0,2,1,1,0,2,1,2,0,2,1,1,0,2,1,2,0,2,1,2,0,2,1,2,0,2,1,2,0,
6,1,0,3,1,2,0,2,1,2,0,2,2,2,0,2,1,2,0,3,1,2,0,2,1,2,0,2,1,3,0,
7,1,0,3,1,2,0,3,1,2,0,3,1,2,0,2,1,2,0,3,1,2,1,3,1,2,0,3,1,3,0,
7,1,0,3,1,2,0,2,1,2,0,3,1,2,0,2,1,2,0,3,1,2,0,2,1,2,0,2,1,3,0,
6,1,0,3,2,2,0,2,1,2,0,3,1,2,0,2,1,2,0,3,1,2,0,2,1,2,0,3,1,3,1,
7,2,0,3,2,2,1,2,1,2,0,3,2,2,1,2,1,2,0,3,1,2,1,2,1,2,1,3,1,3,1,
7,2,0,3,2,2,1,3,1,2,0,3,2,2,1,2,1,2,0,3,1,2,1,2,1,2,1,3,1,3,1,
7,2,0,3,2,2,1,3,2,2,0,3,2,2,1,2,1,3,0,3,1,2,1,3,1,2,0,3,1,3,1,
7,2,0,3,2,2,1,3,2,2,0,3,2,2,1,2,1,2,0,3,1,2,1,3,1,2,1,3,2,3,1,
7,2,1,3,2,2,1,3,2,2,0,3,2,2,1,2,2,2,1,3,1,2,1,3,1,2,1,3,2,3,1,
7,1,0,2,1,1,0,2,1,1,0,2,1,1,0,2,1,1,0,2,1,2,0,2,0,2,0,2,1,2,0,
6,1,0,2,1,1,0,2,1,1,0,2,1,1,0,2,1,1,0,2,1,1,0,2,1,2,0,2,1,2,0,
6,1,0,2,1,1,0,2,1,2,0,2,1,1,0,2,1,1,0,2,1,2,0,2,1,2,0,2,1,2,0,
6,1,0,2,1,1,0,2,1,2,0,2,1,1,0,2,1,2,0,2,1,2,0,2,1,2,0,2,1,2,0,
6,1,0,2,1,1,0,2,1,2,0,2,1,1,0,2,1,2,0,2,1,2,0,2,1,2,0,2,1,2,0,
7,3,0,2,1,3,0,2,1,4,0,2,1,3,0,2,1,3,0,2,1,4,0,2,1,4,0,2,1,2,0,
6,1,0,2,1,2,0,2,1,2,0,2,1,2,0,2,1,2,0,3,1,2,0,2,1,2,0,2,1,2,0,
6,2,0,3,2,2,0,2,2,2,0,3,2,2,0,2,1,2,0,3,1,2,0,2,1,2,0,2,1,2,1,
6,2,0,3,2,2,0,2,2,2,0,2,2,2,0,2,1,2,0,3,1,2,0,2,1,2,0,2,1,3,1,
7,2,0,3,2,2,1,3,1,2,0,3,1,2,0,2,1,2,0,3,1,2,1,2,1,2,0,3,1,3,1,
10,1,0,3,1,1,0,3,1,1,0,3,1,1,0,3,1,1,0,4,1,2,0,3,1,2,0,3,1,3,0,
7,2,0,3,2,2,1,3,1,2,0,3,2,2,1,2,2,2,1,3,1,2,1,3,1,3,1,3,1,3,1,
7,1,0,2,1,1,0,2,1,1,0,2,1,1,0,1,1,1,0,2,1,1,0,2,1,2,0,2,1,2,0,
6,1,0,2,1,1,0,2,1,1,0,2,1,1,0,2,1,2,0,2,1,2,0,2,1,2,0,2,1,2,0,
6,1,0,2,1,1,0,2,1,1,0,2,1,1,0,2,1,1,0,2,1,2,0,2,1,2,0,2,1,2,0,
6,1,0,2,1,1,0,2,1,2,0,2,1,1,0,2,1,2,0,2,1,2,0,2,1,2,0,2,1,2,0,
6,1,0,2,1,1,0,2,1,2,0,2,1,2,0,2,1,2,0,2,1,2,0,2,1,2,0,2,1,2,0,
6,1,0,2,1,1,0,2,1,2,0,2,1,1,0,2,1,2,0,2,1,2,0,2,1,2,0,2,1,2,0,
6,1,0,3,1,2,0,2,1,2,0,2,1,2,0,2,1,2,0,3,1,2,0,2,1,2,0,2,1,2,1,
6,1,0,2,1,2,0,2,1,2,0,2,1,2,0,2,1,2,0,3,1,2,0,2,1,2,0,3,1,2,1,
6,1,0,3,1,2,0,2,1,2,0,2,1,2,0,2,1,2,0,3,1,2,0,2,1,2,0,3,1,2,1,
7,2,0,3,1,2,1,3,2,2,0,3,2,2,0,2,1,2,0,3,1,2,0,3,1,2,0,3,2,3,1,
9,2,0,2,1,2,0,2,1,2,0,2,2,2,0,2,1,2,0,3,1,2,0,2,1,2,0,3,1,2,1,
8,2,0,3,2,2,1,3,1,2,0,3,2,2,1,2,2,2,0,3,1,2,1,3,1,2,1,3,2,3,1,
7,2,0,3,2,2,1,3,1,2,0,3,2,2,1,2,2,2,0,3,1,2,1,3,1,2,1,3,2,3,1,
8,1,0,3,1,1,0,2,1,1,0,2,1,1,0,2,1,1,0,3,1,1,0,2,1,1,0,2,1,2,0,
6,1,0,2,1,1,0,2,1,1,0,2,1,1,0,1,1,1,0,2,1,1,0,2,1,1,0,2,1,2,0,
6,1,0,2,1,1,0,2,1,1,0,2,1,1,0,2,1,1,0,2,1,2,0,2,1,2,0,2,1,2,0,
6,1,0,2,1,1,0,2,1,2,0,2,1,1,0,2,1,1,0,2,1,2,0,2,1,2,0,2,1,2,0,
6,1,0,2,1,1,0,2,1,2,0,2,1,1,0,2,1,2,0,2,1,2,0,2,1,2,0,2,1,2,0,
6,1,0,2,1,2,0,2,1,2,0,2,1,2,0,2,1,2,0,2,1,2,0,2,1,2,0,2,1,2,1,
6,1,0,3,1,2,0,3,1,2,0,3,1,2,0,2,1,2,0,3,1,2,0,2,1,2,0,3,1,3,1,
6,1,0,3,1,2,0,3,1,2,0,2,1,2,0,2,1,2,0,3,1,2,0,2,1,2,0,3,1,3,1,
6,2,0,3,1,2,0,3,1,2,0,3,1,2,0,2,1,2,0,3,1,2,0,2,1,2,0,3,1,3,1,
6,2,0,3,2,2,1,3,1,2,0,3,2,2,0,2,1,2,0,3,1,2,0,3,1,2,0,3,1,3,1,
6,2,0,3,2,2,1,3,1,2,0,3,2,2,0,2,1,2,0,3,2,2,1,3,1,2,1,3,2,3,1,
7,2,0,3,2,2,1,3,2,2,0,3,2,2,1,2,2,2,0,3,2,2,1,3,2,2,1,3,2,3,1,
7,1,0,2,1,1,0,2,1,1,0,2,1,1,0,1,1,1,0,2,1,1,0,2,1,1,0,2,1,2,0,
7,1,0,2,1,1,0,2,1,1,0,2,1,1,0,1,1,1,0,2,1,1,0,2,1,1,0,2,1,2,0,
6,1,0,2,1,1,0,2,1,1,0,2,1,1,0,1,1,1,0,2,1,1,0,2,1,2,0,2,1,2,0,
6,1,0,2,1,1,0,2,1,2,0,2,1,1,0,2,1,1,0,2,1,2,0,2,1,2,0,2,1,2,0,
6,1,0,2,1,1,0,2,1,2,0,2,1,1,0,2,1,1,0,2,1,2,0,2,1,2,0,2,1,2,0,
6,1,0,2,1,2,0,2,1,2,0,2,1,1,0,2,1,2,0,2,1,2,0,2,1,2,0,2,1,2,0,
6,1,0,2,1,2,0,2,1,2,0,2,1,2,0,2,1,2,0,3,1,2,0,2,1,2,0,2,1,2,1,
8,2,0,3,2,2,1,3,2,2,0,3,2,2,1,2,2,2,0,3,2,2,1,3,2,2,1,3,2,3,1,
7,2,0,3,2,2,0,3,1,2,0,3,1,2,0,2,1,2,0,3,1,2,0,3,1,2,0,3,1,3,1,
6,2,0,3,1,2,0,3,1,2,0,3,2,2,0,2,1,2,0,3,1,2,0,2,1,2,0,3,2,3,1,
7,2,0,3,1,2,0,3,1,2,0,3,1,2,0,2,1,2,0,3,1,2,1,3,1,2,1,3,1,3,1,
7,2,0,3,2,2,1,3,1,2,0,3,1,2,1,2,1,2,0,3,1,2,1,3,1,2,1,3,1,3,1,
12,1,0,4,1,1,0,4,1,2,0,4,1,1,0,4,1,2,0,4,1,2,0,4,1,2,0,4,1,4,0,
7,2,0,3,2,2,1,3,1,2,0,3,2,2,1,2,2,2,1,3,2,2,1,3,1,2,1,3,1,3,1,
7,2,0,3,2,2,1,3,2,2,0,3,2,2,1,2,2,2,1,3,2,2,1,3,2,2,1,3,2,3,1,
7,1,0,2,1,1,0,2,1,1,0,2,1,1,0,1,1,1,0,2,1,1,0,2,1,1,0,2,1,2,0,
7,1,0,2,1,1,0,2,1,1,0,2,1,1,0,1,1,1,0,2,1,1,0,2,1,1,0,2,1,2,0,
6,1,0,2,1,1,0,2,1,1,0,2,1,1,0,1,1,1,0,2,1,1,0,2,1,1,0,2,1,2,0,
6,1,0,2,1,1,0,2,1,2,0,2,1,1,0,2,1,1,0,2,1,2,0,2,1,2,0,2,1,2,0,
6,1,0,2,1,1,0,2,1,2,0,2,1,1,1,2,1,2,0,2,1,2,0,2,1,2,0,2,1,2,0,
6,1,0,2,1,2,0,2,1,2,0,2,1,2,0,2,1,2,0,3,1,2,0,2,1,2,0,2,1,2,1,
6,1,0,2,1,2,0,2,1,2,0,2,1,1,0,2,1,2,0,2,1,2,0,2,1,2,0,2,1,2,0,
6,1,0,3,1,2,0,2,1,2,0,2,1,2,0,2,1,2,0,3,1,2,0,2,1,2,0,3,1,2,1,
6,2,0,3,2,2,0,2,1,2,0,3,1,2,0,2,1,2,0,3,1,2,0,2,1,2,0,3,1,3,1,
7,2,0,3,2,2,1,3,1,2,0,3,1,2,0,2,2,2,0,3,1,2,1,3,1,2,0,3,1,3,1,
7,2,0,3,2,2,1,3,1,2,0,3,2,2,1,2,2,2,0,3,1,2,1,3,1,2,0,3,1,3,1,
7,1,0,2,1,1,0,2,0,1,0,2,1,1,0,1,1,1,0,2,0,1,0,2,0,1,0,2,0,2,0,
7,2,0,3,2,2,1,3,1,2,0,3,2,2,1,2,2,2,0,3,1,2,1,3,1,2,1,3,1,3,1,
7,1,0,2,1,1,0,2,1,1,0,2,1,1,0,1,1,1,0,2,1,1,0,2,1,2,0,2,1,2,0,
7,1,0,4,1,1,0,3,1,2,0,3,1,1,0,3,1,1,0,4,1,2,0,3,1,2,0,4,1,3,0,
6,1,0,2,1,1,0,2,1,2,0,2,1,1,0,2,1,2,0,3,1,2,0,2,1,2,0,2,1,2,0,
7,1,0,3,2,2,0,2,1,2,0,3,1,2,0,2,1,2,0,3,1,2,0,2,1,2,0,2,1,3,1,
8,2,1,3,2,2,0,3,2,3,0,3,2,2,0,3,2,2,1,3,2,3,1,3,2,3,0,3,2,3,1,
7,2,0,3,1,2,0,2,1,2,0,2,1,2,0,2,1,2,0,3,1,2,0,3,1,2,0,2,1,3,1,
8,2,0,3,2,2,0,2,1,2,0,2,1,2,0,2,1,2,0,3,1,2,0,2,1,2,0,3,1,3,1,
6,2,0,3,2,2,0,3,1,2,0,2,1,2,0,2,1,2,0,3,1,2,1,2,1,2,0,3,1,3,1,
6,2,0,3,2,2,1,3,1,2,0,3,2,2,1,2,1,2,1,3,1,2,1,2,1,2,0,3,1,3,1,
7,2,0,3,2,2,1,3,1,2,0,3,2,2,1,2,1,2,1,3,1,2,1,3,1,2,0,3,2,3,1,
7,2,0,3,2,2,1,3,2,2,0,3,2,2,1,2,1,2,0,3,1,2,1,3,1,2,1,3,2,3,1,
7,1,0,2,1,1,0,2,1,1,0,2,1,1,0,1,1,1,0,2,1,1,0,2,0,1,0,2,1,2,0,
7,1,0,2,1,1,0,2,1,1,0,2,1,1,0,1,1,1,0,2,1,1,0,2,1,1,0,2,1,2,0,
6,1,0,2,1,1,0,2,1,1,0,2,1,1,0,2,1,1,0,2,1,1,3,2,1,2,3,2,1,2,0,
6,1,0,2,1,1,0,2,1,2,0,2,1,1,0,2,1,1,0,2,1,2,0,2,1,2,0,2,1,2,0,
6,1,0,2,1,1,0,2,1,2,0,2,1,1,0,2,1,2,0,2,1,2,0,2,1,2,0,2,1,2,0,
6,1,0,2,1,2,0,2,1,2,0,2,1,2,0,2,1,2,0,2,1,2,0,2,1,2,0,2,1,2,0,
6,1,0,2,1,2,0,2,1,2,0,2,1,2,0,2,1,2,0,3,1,2,0,2,1,2,0,2,1,2,0,
6,2,0,3,2,2,0,2,1,2,0,2,2,2,0,2,1,2,0,3,1,2,0,2,1,2,0,2,1,2,1,
6,2,0,3,2,2,0,2,1,2,0,2,2,2,0,2,1,2,0,3,1,2,0,2,1,2,1,2,1,3,1,
7,2,1,3,2,2,0,2,1,2,0,3,2,2,0,2,1,2,1,3,1,2,1,2,1,2,1,3,1,3,1,
7,2,1,3,2,2,0,3,2,2,0,3,2,2,0,2,1,2,1,3,1,2,1,3,1,2,1,3,2,3,1,
7,2,0,3,2,2,1,3,1,2,0,3,2,2,1,2,2,2,1,3,2,2,1,3,1,2,1,3,2,3,1,
7,1,0,2,1,1,0,2,1,2,0,2,1,1,0,2,1,2,0,2,1,2,0,2,1,2,0,2,1,2,0,
7,1,0,2,1,1,0,2,1,1,0,2,1,1,0,2,1,1,0,2,1,1,0,2,1,2,0,2,1,2,0,
7,1,0,2,1,1,0,2,1,1,0,2,1,1,0,1,1,1,0,2,1,1,0,2,0,1,0,2,1,2,0,
6,1,0,2,1,2,0,2,1,2,0,2,1,2,0,2,1,2,0,3,1,2,0,2,1,2,0,2,1,2,1,
6,1,0,2,1,2,0,2,1,2,0,2,1,2,0,2,1,2,0,2,1,2,0,2,1,2,0,2,1,2,0,
6,1,0,2,1,2,0,2,1,2,0,2,1,2,0,2,1,2,0,2,1,2,0,2,1,2,0,2,1,2,0,
6,1,0,2,1,2,0,2,1,2,0,2,1,2,0,2,1,2,0,2,1,2,0,2,1,2,0,2,1,2,0,
6,1,0,3,1,2,0,2,1,2,0,2,1,2,0,2,1,2,0,3,1,2,0,2,1,2,0,2,1,2,1,
6,1,0,3,1,2,0,2,1,2,0,2,1,2,0,2,1,2,0,3,1,2,0,2,1,2,0,2,1,2,1,
6,2,0,3,1,2,0,2,1,2,0,3,1,2,0,2,1,2,0,3,1,2,1,2,1,2,0,3,1,3,1,
6,2,0,3,1,2,0,3,1,2,0,3,1,2,0,2,1,2,0,3,1,2,0,2,1,2,0,3,2,3,1,
6,2,0,3,2,2,0,3,1,2,0,3,2,2,0,2,1,2,0,3,1,2,1,3,1,2,0,3,2,3,1,
9,2,0,5,2,2,1,5,1,2,0,5,2,2,1,5,1,2,0,6,2,2,1,5,1,2,0,5,2,5,1,
7,2,0,3,2,2,1,3,1,2,0,3,2,2,1,2,2,2,0,3,2,2,1,3,1,2,0,3,2,3,1,
7,1,0,2,1,1,0,2,1,1,0,2,1,1,0,1,1,1,0,2,1,1,0,2,1,2,0,2,1,2,0,
7,3,0,3,4,3,0,3,4,3,0,3,4,3,0,3,4,3,0,3,4,3,0,3,4,3,0,3,4,3,3,
6,1,0,2,1,1,0,2,1,1,0,2,1,1,0,2,1,1,0,2,1,1,0,2,1,2,0,2,1,2,0,
6,1,0,2,1,1,0,2,1,2,0,2,1,2,0,2,1,2,0,2,1,2,0,2,1,2,0,2,1,2,0,
6,1,0,2,1,2,0,2,1,2,0,2,1,2,0,2,1,2,0,3,1,2,0,2,1,2,0,2,1,2,0,
6,1,0,3,1,2,0,2,1,2,0,2,1,2,0,2,1,2,0,3,1,2,0,2,1,2,0,2,1,3,1,
7,2,0,3,1,2,0,3,1,2,0,3,1,2,0,2,1,2,0,3,1,2,1,3,1,2,0,3,1,3,1,
6,2,0,3,1,2,0,3,1,2,0,3,1,2,0,2,1,2,0,3,1,2,1,2,1,2,0,3,1,3,1,
7,2,0,3,2,2,1,3,2,2,0,3,2,3,1,2,2,2,1,3,2,2,1,3,2,3,1,3,2,3,1,
7,2,0,3,2,2,1,3,1,2,0,3,1,2,1,2,1,2,0,3,1,2,1,3,1,2,0,3,1,3,1,
7,2,0,3,2,2,1,3,1,2,0,3,2,2,1,2,1,2,0,3,2,2,4,3,1,2,0,3,1,3,1,
7,2,0,3,2,2,1,3,1,2,0,3,1,2,1,2,1,2,0,3,1,2,1,3,1,2,0,3,1,3,1,
7,2,0,3,2,2,1,3,1,2,1,3,2,2,1,2,1,2,1,3,2,2,1,3,1,2,1,3,1,3,1,
8,1,0,2,1,1,0,2,1,1,0,2,1,1,0,1,1,1,0,2,1,1,0,2,1,1,0,2,1,2,0,
7,1,0,2,1,1,0,2,1,1,0,2,1,1,0,2,1,1,0,2,1,1,0,2,1,2,0,2,1,2,0,
6,1,0,2,1,2,0,2,1,1,0,2,1,1,0,2,1,2,0,2,1,2,0,2,1,2,0,2,1,2,0,
6,1,0,2,1,2,0,2,1,2,0,2,1,2,0,2,1,2,0,2,1,2,0,2,1,2,0,2,1,2,0,
6,1,0,2,1,2,0,2,1,2,0,2,1,2,0,2,1,2,0,2,1,2,0,2,1,2,0,2,1,2,0,
7,3,0,2,1,3,0,2,1,3,0,2,1,3,0,2,1,3,0,2,1,3,0,2,1,3,0,2,1,2,0,
6,1,0,2,1,2,0,2,1,2,0,2,1,2,0,2,1,2,0,2,1,2,0,2,1,2,0,2,1,2,1,
6,1,0,2,1,2,0,2,1,2,0,2,1,2,0,2,1,2,0,3,1,2,0,2,1,2,0,2,1,2,1,
6,2,0,3,2,2,0,2,1,2,0,2,1,2,0,2,1,2,0,3,1,2,1,2,1,2,0,3,1,3,1,
6,2,0,3,2,2,0,2,1,2,0,3,1,2,0,2,1,2,0,3,1,2,0,2,1,2,0,3,1,3,1,
6,2,0,3,2,2,0,2,1,2,0,3,1,2,0,2,1,2,0,3,1,2,1,2,1,2,0,3,1,3,1,
6,2,0,3,1,2,0,2,1,2,0,3,1,2,0,2,1,2,0,3,1,2,1,2,1,2,0,3,1,3,1,
7,2,0,3,2,2,1,3,1,2,0,3,2,2,1,2,2,2,0,3,2,2,1,3,1,2,1,3,2,3,1,
7,2,0,3,2,2,1,3,1,2,0,3,2,2,1,2,2,2,0,3,2,2,1,3,1,2,0,3,2,3,1,
7,1,0,2,1,1,0,2,1,1,0,2,1,1,0,1,1,1,0,2,1,1,0,2,1,1,0,2,1,2,1,
7,1,0,2,1,1,0,2,1,1,0,2,1,1,0,2,1,1,0,2,1,1,0,2,1,2,0,2,1,2,1,
6,1,0,2,1,1,0,2,1,1,0,2,1,1,0,2,1,1,0,2,1,1,0,2,1,2,0,2,1,2,1,
6,1,0,2,1,1,0,2,1,1,0,2,1,1,0,2,1,1,0,2,1,2,0,2,1,2,0,2,1,2,1,
6,1,0,2,1,1,0,2,1,1,0,2,1,2,0,2,1,2,0,2,1,2,0,2,1,2,0,2,1,2,1,
9,1,0,5,1,1,0,5,1,2,0,5,1,2,0,5,1,2,0,5,1,2,0,5,1,2,0,5,1,5,1,
6,1,0,2,1,2,0,2,1,2,0,2,1,2,0,2,1,2,0,2,1,2,0,2,1,2,0,2,1,2,1,
6,1,0,2,1,2,0,2,1,2,0,2,1,2,0,2,1,2,0,3,1,2,0,2,1,2,0,2,1,2,1,
6,1,0,2,1,2,0,2,1,2,0,2,1,2,0,2,1,2,0,3,1,2,0,2,1,2,0,2,1,2,1,
6,2,0,3,1,2,0,2,1,2,0,2,1,2,0,2,1,2,0,3,1,2,0,2,1,2,0,2,1,2,1,
7,2,0,3,2,2,0,2,1,2,0,3,1,2,0,2,1,2,0,3,1,2,1,2,1,2,0,3,1,3,1,
6,2,0,3,1,2,0,2,1,2,0,2,1,2,0,2,1,2,0,3,1,2,0,2,1,2,0,2,1,3,1,
7,2,0,3,1,2,0,2,1,2,0,3,1,2,0,2,1,2,0,3,1,2,0,2,1,2,0,3,1,3,1,
6,2,0,3,2,2,0,2,1,2,0,3,1,2,0,2,1,2,0,3,1,2,1,2,1,2,0,3,1,3,1,
7,2,0,3,2,2,0,3,1,2,0,3,1,2,0,2,1,2,0,3,1,2,1,2,1,2,0,3,1,3,1,
7,2,1,3,2,3,1,3,2,3,0,3,2,3,1,3,2,2,1,3,2,3,1,3,2,3,1,3,2,3,1,
7,1,0,2,1,1,0,2,1,1,0,2,1,1,0,1,1,1,0,2,1,1,0,2,1,2,0,2,1,2,0,
7,1,0,2,1,1,0,2,1,1,0,2,1,1,0,2,1,2,0,2,1,2,0,2,1,2,0,2,1,2,0,
6,1,0,2,1,2,0,2,1,2,0,2,1,2,0,2,1,2,0,2,1,2,0,2,1,2,0,2,1,2,0,
6,1,0,2,1,1,0,2,1,2,0,2,1,1,0,2,1,2,0,2,1,2,0,2,1,2,0,2,1,2,0,
6,1,0,2,1,2,0,2,1,2,0,2,1,2,0,2,1,2,0,2,1,2,0,2,1,2,0,2,1,2,0,
6,1,0,2,1,2,0,2,1,2,0,2,1,2,0,2,1,2,0,2,1,2,0,2,1,2,0,2,1,2,0,
6,1,0,2,1,2,0,2,1,2,0,2,1,2,0,2,1,2,0,3,1,2,0,2,1,2,0,2,1,2,1,
6,1,0,2,1,2,0,2,1,2,0,2,1,2,0,2,1,2,0,2,1,2,0,2,1,2,0,2,1,2,0,
6,2,0,3,1,2,0,2,1,2,0,2,1,2,0,2,1,2,0,3,1,2,0,2,1,2,0,2,1,3,1,
7,3,0,3,2,3,0,3,1,3,0,3,1,3,0,3,1,3,0,3,1,3,0,3,1,3,0,3,1,3,1,
7,2,0,3,2,2,0,3,1,2,0,3,1,2,0,2,1,2,0,3,1,2,0,2,1,2,0,3,1,3,1,
7,2,0,3,2,2,1,2,1,2,0,3,1,2,0,2,1,2,0,3,1,2,1,2,1,2,1,3,1,3,1,
7,2,1,3,2,2,1,3,2,2,0,3,2,2,1,2,2,2,1,3,2,2,1,3,2,2,1,3,2,3,1,
7,2,1,3,2,2,1,3,2,2,0,3,2,2,1,2,2,2,1,3,2,2,1,3,2,2,1,3,2,3,1,
8,1,0,2,1,1,0,2,1,2,0,2,1,2,0,2,1,2,0,2,1,2,0,2,1,2,0,2,1,2,0,
6,1,0,2,1,1,0,2,1,1,0,2,1,1,0,2,1,2,0,2,1,2,0,2,1,2,0,2,1,2,0,
6,1,0,2,1,1,0,2,1,2,0,2,1,2,0,2,1,2,0,2,1,2,0,2,1,2,0,2,1,2,0,
6,1,0,2,1,2,0,2,1,2,0,2,1,2,0,2,1,2,0,2,1,2,0,2,1,2,0,2,1,2,0,
8,4,0,4,4,4,1,4,1,4,0,4,1,4,0,4,1,4,1,4,4,4,1,4,1,4,1,4,1,4,1,
7,2,0,3,1,2,0,3,1,2,0,3,1,2,0,2,1,2,0,3,1,2,0,2,1,2,0,3,1,3,1,
7,2,0,3,2,2,0,3,1,2,0,3,2,2,0,2,1,2,0,3,1,2,0,2,1,2,0,3,1,3,1,
6,2,0,3,1,2,0,2,1,2,0,2,1,2,0,2,1,2,0,3,1,2,1,2,1,2,0,2,1,3,1,
7,1,0,2,1,1,0,2,1,1,0,2,1,2,0,2,1,2,0,2,1,2,0,2,1,2,0,2,1,2,0,
6,2,0,3,1,2,0,2,1,2,0,3,2,2,0,2,1,2,0,3,2,2,0,2,1,2,0,3,1,3,1,
6,2,0,3,2,2,1,3,1,2,0,3,2,2,1,2,1,2,0,3,2,2,1,3,1,2,0,3,1,3,1,
7,2,1,3,2,2,1,3,2,2,0,3,2,2,1,2,2,2,0,3,2,2,1,3,2,2,1,3,2,3,1,
10,4,0,5,4,4,3,5,4,4,0,5,4,5,3,5,4,5,3,5,4,5,3,5,4,5,3,5,4,5,4,
8,1,0,2,1,2,0,2,1,2,0,2,1,2,0,2,1,2,0,2,1,2,0,2,1,2,0,2,1,2,1,
6,1,0,2,1,1,0,2,1,2,0,2,1,2,0,2,1,2,0,2,1,2,0,2,1,2,0,2,1,2,0,
6,1,0,2,1,1,0,2,1,2,0,2,1,2,0,2,1,2,0,2,1,2,0,2,1,2,0,2,1,2,0,
6,2,0,2,1,2,0,2,1,2,0,2,1,2,0,2,1,2,0,2,1,2,0,2,1,2,0,2,1,2,0,
6,1,0,2,1,2,0,2,1,2,0,2,1,2,0,2,1,2,0,2,1,2,0,2,1,2,0,2,1,2,0,
6,2,0,3,2,2,0,2,1,2,0,3,1,2,0,2,2,2,0,3,1,2,0,2,1,2,0,2,1,2,1,
6,2,0,3,2,2,0,2,1,2,0,3,1,2,0,2,2,2,0,3,1,2,1,2,1,2,0,2,1,3,1,
6,2,0,3,2,2,0,2,1,2,0,3,2,2,0,2,2,2,0,3,1,2,0,2,1,2,0,2,1,3,1,
7,2,1,3,2,2,1,3,1,2,0,3,2,2,0,2,2,2,1,3,1,2,1,3,1,2,1,3,1,3,1,
7,2,1,3,2,2,1,3,1,2,0,3,2,2,0,2,2,2,1,3,2,2,1,3,1,2,1,3,2,3,1,
632,1,0,2,1,1,0,2,1,2,0,2,1,1,0,2,1,2,0,2,1,2,0,2,1,2,0,2,1,2,0,
538,3,2,3,3,3,1,3,2,3,0,3,2,3,1,3,2,3,1,3,2,3,1,3,1,3,1,3,2,3,1,
434,3,1,3,2,3,1,3,2,3,0,3,2,3,0,3,2,3,1,3,2,3,1,3,2,3,1,3,2,3,2,
330,2,0,2,1,2,0,2,1,2,0,2,1,2,0,2,1,2,0,3,1,2,0,2,1,2,0,2,1,2,0,
6,2,0,2,1,2,0,2,1,2,0,2,1,2,0,2,1,2,0,3,1,2,0,2,1,2,0,2,1,2,1,
6,2,0,3,1,2,0,2,1,2,0,2,1,2,0,2,1,2,0,3,1,2,0,2,1,2,0,2,1,2,1,
9,2,0,3,1,2,0,2,1,2,0,2,1,2,0,2,1,2,0,3,1,2,0,2,1,2,0,2,1,2,1,
8,2,0,4,1,2,0,4,1,2,0,4,2,2,0,3,1,2,0,4,2,2,0,4,1,2,0,4,1,4,1,
6,2,0,3,1,2,0,2,2,2,0,3,2,2,0,2,1,2,0,3,2,2,0,2,1,2,0,3,1,3,1,
7,2,0,3,2,2,0,3,2,2,0,3,2,2,0,2,2,2,1,3,2,2,0,3,2,2,1,3,2,3,1,
7,2,0,3,1,2,0,2,1,2,0,2,2,2,0,2,1,2,0,3,1,2,0,2,1,2,0,2,1,2,1,
7,1,0,2,1,1,0,2,1,1,0,2,1,1,0,1,1,1,0,2,1,1,0,2,1,1,0,2,1,2,0,
7,1,0,2,1,1,0,2,1,1,0,2,1,1,0,2,1,2,0,2,1,2,0,2,1,2,0,2,1,2,0,
6,1,0,2,1,1,0,2,1,1,0,2,1,1,0,2,1,1,0,2,1,1,0,2,1,1,0,2,1,2,0,
6,1,0,2,1,1,0,2,1,1,0,2,1,1,0,2,1,1,0,2,1,2,0,2,1,1,0,2,1,2,0,
6,1,0,2,1,1,0,2,1,1,0,2,1,1,0,2,1,2,0,2,1,2,0,2,1,2,0,2,1,2,0,
6,2,0,2,1,1,0,2,1,2,0,2,1,2,0,2,1,2,0,2,1,2,0,2,1,2,0,2,1,2,0,
6,2,0,2,1,2,0,2,1,2,0,2,1,2,0,2,1,2,0,3,1,2,0,2,1,2,0,2,1,2,0,
8,2,0,2,1,2,0,2,1,2,0,2,1,2,0,2,1,2,0,3,1,2,0,2,1,2,0,2,1,2,0,
7,2,3,2,2,2,3,2,1,2,0,2,1,2,3,2,1,2,3,3,1,2,3,2,1,2,3,2,1,2,1,
7,2,0,3,2,2,1,2,1,2,0,2,1,2,1,2,1,2,0,3,1,2,1,2,1,2,0,3,1,2,1,
7,2,0,3,2,2,1,3,1,2,0,3,2,2,1,2,2,2,0,3,2,2,1,3,1,2,1,3,1,3,1,
7,2,0,3,2,2,1,3,2,2,0,3,2,2,1,2,2,2,1,3,2,2,1,3,2,2,1,3,2,3,1,
7,1,0,2,1,1,0,2,1,1,0,2,1,1,0,1,1,1,0,2,1,1,0,2,1,1,0,2,1,2,0,
7,1,0,2,1,1,0,2,1,1,0,2,1,1,0,1,1,1,0,2,1,1,0,2,1,1,0,2,1,2,0,
6,1,0,2,1,1,0,2,1,1,0,2,1,1,0,2,1,1,0,2,1,2,0,2,1,1,0,2,1,2,1,
6,1,0,2,1,1,0,2,1,1,0,2,1,1,0,2,1,2,0,2,1,2,0,2,1,2,0,2,1,2,1,
6,1,0,2,1,1,0,2,1,1,0,2,1,1,0,2,1,2,0,2,1,2,0,2,1,2,0,2,1,2,1,
6,1,0,2,1,2,0,2,1,2,0,2,1,2,0,2,1,2,0,2,1,2,0,2,1,2,0,2,1,2,1,
6,1,0,2,1,2,0,2,1,2,0,2,1,2,0,2,1,2,0,2,1,2,0,2,1,2,0,2,1,2,1,
6,1,0,3,1,2,0,2,1,2,0,3,1,2,0,2,1,2,0,3,1,2,0,2,1,2,0,2,1,2,1,
6,1,0,3,1,2,0,2,1,2,0,3,1,2,0,2,1,2,0,3,1,2,0,2,1,2,0,2,1,2,1,
8,2,0,3,2,2,1,3,2,2,0,3,2,2,1,2,2,2,0,3,2,2,1,3,2,2,1,3,2,3,1,
6,2,0,3,2,2,0,2,1,2,0,3,1,2,0,2,1,2,0,3,1,2,0,2,1,2,0,3,1,3,1,
7,2,0,3,2,2,1,2,1,2,0,3,1,2,0,2,1,2,0,3,1,2,0,3,1,2,0,3,1,3,1,
7,2,0,3,2,2,1,3,1,2,0,3,2,2,0,2,2,2,0,3,2,2,1,3,1,2,1,3,1,3,1,
7,1,0,2,1,1,0,2,1,1,0,2,1,1,0,1,1,1,0,2,1,1,0,2,1,1,0,2,1,2,0,
7,1,0,2,1,1,0,2,1,1,0,2,1,1,0,2,1,1,0,2,1,2,0,2,1,1,0,2,1,2,1,
6,1,0,2,1,1,0,2,1,1,0,2,1,1,0,2,1,1,0,2,1,1,0,2,1,2,0,2,1,2,1,
6,1,0,3,1,2,0,2,1,2,0,3,1,2,1,2,1,2,0,3,1,2,0,2,1,2,0,2,1,2,0,
6,1,0,3,1,2,0,2,1,2,0,3,1,2,0,2,1,2,0,3,1,2,0,2,1,2,0,2,1,2,1,
10,1,0,6,1,2,0,5,1,2,0,6,1,2,0,5,1,2,0,6,1,2,0,5,1,2,0,5,1,6,1,
7,1,0,3,2,2,0,2,1,2,0,3,1,2,0,2,1,2,0,3,1,2,0,2,1,2,0,2,1,3,1,
6,1,0,3,1,2,0,2,1,2,0,3,1,2,0,2,1,2,0,3,1,2,0,2,1,2,0,2,1,3,1,
9,4,0,5,4,3,0,4,4,3,0,5,4,4,0,4,4,4,0,5,4,4,0,5,4,4,0,5,4,5,3,
9,2,0,3,2,2,0,2,1,2,0,3,1,2,0,2,1,2,0,3,1,2,0,3,1,2,0,3,1,3,1,
9,2,0,3,2,2,0,3,1,2,0,3,1,2,0,2,1,2,0,3,1,2,0,3,1,2,0,3,1,3,1,
7,2,0,3,2,2,1,3,1,2,0,3,1,2,1,2,2,2,1,3,2,2,1,3,1,2,1,3,1,3,1,
7,1,0,2,1,1,0,2,1,1,0,2,1,1,0,2,1,2,0,2,1,2,0,2,1,1,0,2,1,2,0,
7,1,0,2,1,1,0,2,0,1,0,2,1,1,0,1,1,1,0,2,1,1,0,2,1,1,0,2,0,2,0,
7,1,0,2,1,2,0,2,1,2,0,2,1,2,0,2,1,2,0,2,1,2,0,2,1,2,0,2,1,2,0,
7,1,0,2,1,1,0,2,1,1,0,2,1,1,0,2,1,1,0,2,1,2,0,2,1,2,0,2,1,2,0,
6,1,0,2,1,1,0,2,1,2,0,2,1,1,0,2,1,2,0,2,1,2,0,2,1,2,0,2,1,2,0,
9,1,0,2,1,1,0,2,1,1,0,2,1,1,0,1,1,1,0,2,1,1,0,2,1,2,0,2,1,2,0,
6,1,0,2,1,1,0,2,1,2,0,2,1,2,0,2,1,2,0,3,1,2,0,2,1,2,0,2,1,2,0,
6,1,0,2,1,2,0,2,1,2,0,2,1,2,0,2,1,2,0,3,1,2,0,2,1,2,0,2,1,2,1,
6,2,0,3,1,2,0,2,1,2,0,2,1,2,0,2,1,2,0,3,1,2,0,2,1,2,0,2,1,3,1,
7,2,0,3,2,2,0,2,1,2,0,2,1,2,0,2,1,2,0,3,1,2,0,2,1,2,0,2,1,3,1,
7,2,0,3,2,2,1,2,2,2,0,3,2,2,1,2,2,2,0,3,2,2,1,3,2,2,1,3,2,3,1,
7,1,0,2,1,1,0,2,1,1,0,2,1,1,0,1,1,1,0,2,1,1,0,2,1,2,0,2,1,2,0,
7,2,0,3,2,2,1,3,2,2,1,3,2,2,1,2,2,2,1,3,2,3,1,3,2,2,1,3,2,3,1,
7,1,0,2,1,1,0,2,1,1,0,2,1,1,0,1,1,1,0,2,1,1,0,2,1,1,0,2,1,2,0,
7,1,0,2,1,1,0,2,1,1,0,2,1,1,0,1,1,1,0,2,1,2,0,2,1,2,0,2,1,2,0,
7,1,0,2,1,1,0,2,1,1,0,2,1,1,0,2,1,1,0,2,1,2,0,2,1,2,0,2,1,2,0,
7,1,0,2,1,1,0,2,1,1,0,2,1,1,0,2,1,1,0,2,1,2,0,2,1,2,0,2,1,2,0,
6,1,0,2,1,1,0,2,1,1,0,2,1,1,0,2,1,2,0,2,1,2,0,2,1,2,0,2,1,2,0,
6,1,0,2,1,1,0,2,1,2,0,2,1,1,0,2,1,2,0,2,1,2,0,2,1,2,0,2,1,2,0,
6,1,0,3,2,2,0,2,1,2,0,2,1,2,0,2,1,2,0,3,1,2,0,2,1,2,0,2,1,2,1,
6,1,0,3,2,2,0,2,1,2,0,2,1,2,0,2,1,2,0,3,1,2,0,2,1,2,0,2,1,3,1,
8,2,0,4,2,2,0,4,1,2,0,4,1,2,0,3,1,2,0,4,1,2,0,4,1,2,0,4,1,4,1,
7,2,0,3,1,2,0,2,1,2,0,3,1,2,0,2,1,2,0,3,1,2,0,2,1,2,0,2,1,3,1,
7,2,0,3,2,2,0,2,1,2,0,3,1,2,1,2,1,2,0,3,1,2,1,2,1,2,1,2,1,3,1,
7,2,0,3,2,2,1,2,1,2,0,3,2,2,1,2,1,2,0,3,2,2,1,2,1,2,1,2,1,3,1,
7,2,0,3,2,2,1,2,1,2,0,3,2,2,1,2,2,2,0,3,2,2,1,2,1,2,1,2,1,3,1,
7,2,0,2,1,2,0,2,1,3,0,2,1,2,0,2,1,3,0,2,1,3,0,2,1,3,0,2,1,2,0,
7,1,0,2,1,1,0,2,1,2,0,2,1,1,0,2,1,2,0,2,1,2,0,2,1,2,1,2,1,2,0,
7,1,0,2,1,1,0,2,1,1,0,2,1,1,0,2,1,1,0,3,1,2,0,2,1,2,0,2,1,2,0,
7,1,0,3,2,2,0,2,1,2,0,3,1,2,0,2,1,2,0,3,1,2,0,2,1,2,0,2,1,3,1,
6,1,0,2,1,2,0,2,1,2,0,2,1,2,0,2,1,2,0,2,1,2,0,2,1,2,0,2,1,2,0,
6,1,0,3,1,2,0,2,1,2,0,2,1,1,0,2,1,2,0,3,1,2,0,2,1,2,0,2,1,2,0,
6,1,0,3,1,2,0,2,1,2,0,2,1,1,0,2,1,2,0,3,1,2,0,2,1,2,0,2,1,2,0,
6,1,0,3,1,2,0,2,1,2,0,2,1,2,0,2,1,2,1,3,1,2,0,2,1,2,0,2,1,2,1,
6,1,0,3,1,2,0,2,1,2,0,2,1,2,0,2,1,2,0,3,1,2,0,2,1,2,0,3,1,3,1,
6,2,0,3,1,2,0,2,1,2,0,2,1,2,0,2,1,2,0,3,1,2,0,2,1,2,0,3,1,3,1,
7,2,0,3,2,2,0,2,1,2,0,3,1,2,0,2,1,2,0,3,1,2,1,2,1,2,1,3,1,3,1,
7,2,0,3,2,2,1,3,2,2,0,3,2,2,1,2,2,2,0,3,2,2,1,3,2,2,1,3,2,3,1,
7,2,0,3,2,2,1,2,2,2,0,3,2,2,1,2,2,2,0,3,2,2,1,3,2,2,1,3,2,3,1,
7,1,0,3,1,2,0,2,1,2,0,2,1,2,0,2,1,2,0,3,1,2,0,2,1,2,0,2,1,2,1,
7,1,0,2,1,1,0,2,1,1,0,2,1,1,0,1,1,1,0,2,1,1,0,2,1,1,0,2,1,2,0,
7,1,0,2,1,1,0,2,1,1,0,2,1,1,0,2,1,2,0,2,1,1,0,2,1,2,0,2,1,2,0,
7,1,0,2,1,1,0,2,1,2,0,2,1,1,0,2,1,2,0,2,1,2,0,2,1,2,0,2,1,2,0,
6,1,0,2,1,1,0,2,1,2,0,2,1,1,0,2,1,2,0,2,1,2,0,2,1,2,0,2,1,2,0,
6,1,0,2,1,2,0,2,1,2,0,2,1,1,0,2,1,2,0,2,1,2,0,2,1,2,0,2,1,2,0,
6,1,0,2,1,2,0,2,1,2,0,2,1,2,0,2,1,2,0,3,1,2,0,3,1,2,0,2,1,2,0,
6,2,0,3,1,2,0,2,1,2,0,2,1,2,0,2,1,2,0,3,1,2,0,3,1,2,0,2,1,2,1,
7,1,0,2,1,2,0,2,1,2,0,2,1,2,0,1,1,2,0,2,1,2,0,2,1,2,0,2,1,2,1,
7,2,0,3,2,2,1,2,1,2,0,3,1,2,0,2,1,2,0,3,1,2,1,3,1,2,1,2,1,3,1,
7,2,0,3,2,2,1,2,2,2,0,3,2,2,1,2,2,2,0,3,2,2,1,3,2,2,1,3,2,3,1,
7,2,0,3,2,2,1,3,1,2,0,3,2,2,1,2,2,2,1,3,2,2,1,3,1,2,1,3,2,3,1,
7,2,0,3,2,2,1,3,2,2,0,3,2,2,1,2,2,2,0,3,2,2,1,3,1,2,1,3,2,3,1,
7,1,0,2,1,1,0,2,1,1,0,2,1,1,0,1,1,1,0,2,1,1,0,2,1,1,0,2,1,2,0,
7,1,0,2,1,1,0,2,1,2,0,2,1,1,0,2,1,2,0,2,1,2,0,2,1,2,0,2,1,2,0,
7,1,0,2,1,1,0,2,1,1,0,2,1,1,0,1,1,1,0,2,1,1,0,2,1,1,0,2,1,2,0,
7,1,0,2,1,1,0,2,1,2,0,2,1,1,0,2,1,1,0,2,1,2,0,2,1,2,0,2,1,2,0,
6,1,0,2,1,1,0,2,1,2,0,2,1,1,0,2,1,2,0,2,1,2,0,2,1,2,0,2,1,2,0,
6,1,0,2,1,1,0,2,1,2,0,2,1,1,0,2,1,2,0,2,1,2,0,2,1,2,0,2,1,2,0,
6,1,0,3,2,2,0,2,1,2,0,2,1,2,0,2,1,2,0,3,1,2,0,2,1,2,0,2,1,2,1,
6,2,0,3,1,2,0,2,1,2,0,2,1,2,0,2,1,2,0,3,1,2,0,2,1,2,0,2,1,3,1,
6,2,0,3,2,2,0,2,1,2,0,2,1,2,0,2,1,2,0,3,1,2,0,3,1,2,0,2,1,3,1,
7,2,0,3,2,2,0,2,1,2,0,3,1,2,0,2,1,2,0,3,1,2,1,3,1,2,0,3,1,3,1,
6,2,0,3,2,2,0,2,1,2,0,3,2,2,0,2,2,2,0,3,1,2,0,2,1,2,0,2,1,3,1,
7,2,0,3,2,2,1,2,1,2,0,3,1,2,1,2,2,2,0,3,1,2,1,3,1,2,1,3,1,3,1,
7,2,0,3,2,2,1,3,1,2,0,3,2,2,1,2,2,2,0,3,2,2,1,3,1,2,1,3,2,3,1,
7,2,0,3,2,2,1,3,2,2,1,3,2,2,1,2,2,2,1,3,2,2,1,3,2,2,1,3,2,3,1,
7,1,0,2,1,1,0,2,1,1,0,2,1,1,0,1,1,1,0,2,1,1,0,2,1,1,0,2,1,2,0,
7,1,0,2,1,1,0,2,1,2,0,2,1,1,0,2,1,2,0,2,1,2,0,2,1,2,0,2,1,2,0,
7,1,0,2,1,1,0,2,1,2,0,2,1,1,0,2,1,2,0,2,1,2,0,2,1,2,0,2,1,2,0,
6,1,0,2,1,2,0,2,1,2,0,2,1,2,0,2,1,2,0,2,1,2,0,2,1,2,0,2,1,2,0,
6,1,0,3,1,2,0,2,1,2,0,2,1,2,0,2,1,2,0,3,1,2,0,2,1,2,0,2,1,2,1,
6,2,0,3,1,2,0,2,1,2,0,2,1,2,0,2,1,2,0,3,1,2,0,2,1,2,0,2,1,3,1,
6,1,0,3,1,2,0,2,1,2,0,2,1,2,0,2,1,2,0,3,1,2,0,2,1,2,0,2,1,2,1,
33,28,0,3,1,2,3,2,1,28,0,2,1,2,3,2,1,2,0,3,1,29,3,2,1,29,3,2,1,2,1,
8,2,0,4,2,2,0,2,1,2,0,2,1,2,0,2,1,2,0,4,1,2,0,2,1,2,0,2,1,2,1,
6,2,0,3,2,2,0,2,1,2,0,3,1,2,0,2,2,2,0,3,2,2,1,2,1,2,2,2,1,3,1,
7,2,0,3,2,2,1,3,1,2,0,3,2,2,1,2,1,2,0,3,2,2,1,3,1,2,1,3,1,3,1,
7,2,0,3,2,2,1,3,1,2,0,3,2,2,1,2,2,2,0,3,2,2,1,3,1,2,1,3,2,3,1,
7,1,0,2,1,1,1,2,1,1,0,2,1,1,0,1,1,1,0,2,1,1,0,2,1,1,0,2,1,2,0,
7,1,0,2,1,1,0,2,1,2,0,2,1,1,0,2,1,1,0,2,1,2,0,2,1,2,0,2,1,2,0,
7,1,0,2,1,1,0,2,1,1,0,2,1,1,0,2,1,1,0,2,1,1,0,2,1,1,0,2,1,2,0,
9,1,0,2,3,1,0,2,1,1,0,2,2,1,0,2,2,1,0,2,2,2,0,2,2,2,0,2,1,2,0,
6,1,0,2,1,1,0,2,1,2,0,2,1,1,0,2,1,2,0,2,1,2,0,2,1,2,0,2,1,2,0,
6,1,0,3,1,1,0,2,1,2,0,2,1,1,0,2,1,2,0,3,1,2,0,3,1,2,0,2,1,3,0,
6,1,0,3,1,2,0,2,1,2,0,2,1,2,0,2,1,2,0,3,1,2,0,2,1,2,0,2,1,2,1,
6,1,0,3,1,2,0,2,1,2,0,2,1,2,0,2,1,2,0,3,1,2,0,2,1,2,0,2,1,2,1,
6,1,0,3,1,2,0,2,1,2,0,2,1,2,0,2,1,2,0,3,1,2,0,2,1,2,0,2,1,3,1,
8,1,0,2,1,1,0,2,1,2,0,2,1,1,0,2,1,2,0,2,1,2,0,2,1,2,0,2,1,2,0,
7,2,0,3,2,2,1,3,2,2,0,3,2,2,1,2,2,2,0,3,2,2,1,3,2,2,1,3,1,3,1,
7,2,0,3,2,2,1,3,2,2,0,3,2,2,1,2,2,2,0,3,2,2,1,3,2,2,1,3,2,3,1,
7,2,0,3,2,2,1,3,1,2,0,3,2,2,1,2,1,2,0,3,2,2,1,3,1,2,1,3,1,3,1,
7,2,0,3,2,2,1,3,2,2,0,3,2,2,1,2,2,2,0,3,2,2,1,3,2,2,1,3,2,3,1,
7,1,0,2,1,1,0,2,1,1,0,2,1,1,0,1,1,1,0,2,1,1,0,2,1,1,0,2,1,2,0,
7,1,0,2,1,1,0,2,1,1,0,2,1,1,0,1,1,1,0,2,1,1,0,2,1,1,0,2,1,2,0,
6,1,0,2,1,1,0,2,1,2,0,2,1,1,0,2,1,2,0,2,1,2,0,2,1,2,0,2,1,2,0,
6,1,0,2,1,1,0,2,1,2,0,2,1,1,0,2,1,2,0,2,1,2,0,2,1,2,0,2,1,2,0,
6,1,0,2,1,1,0,2,1,2,0,2,1,2,0,2,1,2,0,2,1,2,0,2,1,2,0,2,1,2,0,
6,1,0,2,1,2,0,2,1,2,0,2,1,2,0,2,1,2,0,2,1,2,0,2,1,2,0,2,1,2,0,
7,1,0,2,1,2,0,2,1,2,0,2,1,2,0,2,1,2,0,3,1,2,0,2,1,2,0,2,1,2,1,
6,2,0,3,2,2,0,2,1,2,0,2,1,2,0,2,1,2,0,3,1,2,0,3,1,2,0,2,1,3,1,
6,2,0,3,2,2,0,2,1,2,0,2,1,2,0,2,1,2,0,3,1,2,1,3,1,2,0,2,1,3,1,
6,2,0,3,2,2,0,2,1,2,0,3,1,2,0,2,2,2,0,3,1,2,0,3,1,2,0,2,1,3,1,
7,2,0,3,2,2,1,2,1,2,0,3,1,2,0,2,2,2,0,3,1,2,1,3,1,2,0,2,1,3,1,
6,2,0,3,2,2,0,2,1,2,0,3,1,2,1,2,1,2,0,3,1,2,1,3,1,2,0,2,1,3,1,
7,1,0,2,1,1,0,2,1,2,0,2,1,1,0,2,1,2,0,2,1,2,0,2,1,2,0,2,1,2,0,
7,1,0,2,1,1,0,2,1,1,0,2,1,1,0,1,1,1,0,2,1,1,0,2,1,1,0,2,1,2,0,
7,1,0,2,1,1,0,2,1,2,0,2,1,1,0,2,1,1,0,2,1,1,0,2,1,2,0,2,1,2,0,
6,1,0,2,1,1,0,2,1,3,0,2,1,1,1,2,1,2,0,2,1,3,0,2,1,3,0,2,1,2,0,
6,1,0,2,1,1,0,2,1,2,0,2,1,2,0,2,1,2,0,2,1,2,0,2,1,2,0,2,1,2,0,
6,1,0,3,2,1,0,2,1,2,0,2,1,1,0,2,1,2,0,3,1,2,0,2,1,2,0,2,1,2,0,
6,1,0,3,2,2,0,2,1,2,0,2,1,2,0,2,1,2,0,3,1,2,0,2,1,2,0,2,1,3,1,
6,1,0,3,2,2,0,2,1,2,0,2,1,2,0,2,1,2,0,3,1,2,0,2,1,2,0,2,1,3,0,
6,1,0,3,2,2,0,2,1,2,0,3,1,2,0,2,1,2,0,3,1,2,0,2,1,2,0,2,1,3,1,
7,2,0,3,2,2,0,2,1,2,0,3,1,2,0,2,2,2,0,3,1,2,0,2,1,2,0,2,1,3,1,
6,2,0,3,2,2,0,2,1,2,0,3,1,2,0,2,2,2,0,3,1,2,0,3,1,2,0,2,1,3,1,
9,5,0,3,3,5,1,3,2,5,0,3,2,5,0,3,2,5,0,3,2,5,1,3,2,5,1,3,2,3,2,
7,2,0,3,2,2,1,3,1,2,0,3,1,2,0,2,2,2,0,3,2,2,1,2,2,2,1,3,1,3,1,
7,2,0,3,2,2,1,3,1,2,0,3,1,2,1,3,2,2,0,3,2,2,1,3,2,2,1,3,1,3,1,
7,1,0,2,1,1,0,2,0,1,0,2,1,1,0,2,1,1,0,2,1,1,0,2,1,2,0,2,0,2,0,
7,1,0,2,1,1,0,2,1,1,0,2,1,1,0,2,1,1,0,2,1,2,0,2,1,2,0,2,1,2,0,
9,1,0,2,1,1,0,2,1,1,0,2,1,1,0,2,1,1,0,2,1,1,0,2,1,2,0,2,1,2,0,
6,1,0,2,2,2,0,2,1,2,0,2,1,1,0,2,2,2,0,3,1,2,0,2,1,2,0,2,1,2,0,
6,1,0,2,1,1,0,2,1,2,0,2,1,1,0,2,1,2,0,2,1,2,0,2,1,2,0,2,1,2,0,
6,2,0,3,2,2,1,2,1,2,0,2,1,2,0,2,1,2,0,3,2,2,1,3,1,2,0,2,1,3,1,
7,1,0,2,1,1,1,2,1,1,0,2,1,1,1,1,1,1,0,2,1,1,1,2,1,1,0,2,1,2,0,
8,2,0,3,2,2,0,3,2,2,0,3,2,2,0,3,2,2,0,4,2,2,0,3,2,2,0,3,2,3,1,
7,2,0,3,2,2,0,3,2,2,0,3,2,2,0,3,2,2,0,4,2,2,0,3,2,2,0,3,2,3,1,
6,1,0,2,1,1,0,1,0,1,0,2,0,1,0,1,1,1,0,2,1,1,0,2,1,2,0,1,0,2,0,
10,1,0,2,1,1,0,2,0,1,0,2,1,1,0,1,1,1,0,2,1,1,0,2,1,1,0,2,0,2,0,
7,1,0,2,1,1,1,2,1,2,0,2,1,1,1,2,1,2,0,2,1,2,1,2,1,2,1,2,1,2,0,
8,1,0,3,2,2,0,2,1,2,0,2,1,2,0,2,1,2,0,3,1,2,1,3,1,2,0,2,1,2,1,
8,1,0,3,2,1,0,2,2,2,0,2,2,1,0,2,1,2,0,3,1,2,0,2,1,2,0,2,1,3,0,
6,1,0,2,1,1,0,2,2,2,0,2,2,1,0,2,1,2,0,2,1,2,0,2,1,2,0,2,2,2,0,
6,1,0,2,1,1,0,2,1,2,0,2,1,1,0,2,1,2,0,2,1,2,0,2,1,2,0,2,1,2,0,
6,2,0,2,1,2,1,2,1,2,0,2,2,2,1,2,1,2,0,3,1,2,1,2,1,2,1,2,1,3,1,
7,4,0,4,4,4,1,4,1,4,0,4,4,4,1,4,1,4,0,4,1,4,1,4,1,4,1,4,1,4,1,
8,1,0,3,1,1,0,2,1,1,0,2,1,1,0,2,0,1,0,3,1,1,0,2,0,1,0,2,1,3,0,
7,1,0,3,1,1,0,2,1,1,0,2,1,1,0,1,1,1,0,3,1,1,0,2,1,1,0,2,1,2,0,
6,0,0,2,1,1,0,1,0,1,0,1,0,1,0,1,0,1,0,2,0,1,0,2,0,1,0,1,0,2,0,
6,0,0,2,0,1,0,1,0,1,0,1,0,1,0,1,0,1,0,2,0,1,0,2,0,1,0,1,0,2,0,
8,1,0,4,0,1,0,4,0,1,0,3,0,1,0,3,0,1,0,4,0,1,0,4,0,1,0,3,0,4,0,
7,1,0,2,1,1,0,2,0,1,0,2,1,1,0,1,0,1,0,2,0,1,0,1,0,1,0,1,0,2,0,
7,1,0,2,1,1,0,2,1,1,0,2,1,1,0,1,1,1,0,2,1,1,0,2,1,1,0,2,1,2,0,
7,1,0,2,1,2,0,2,1,1,0,2,1,1,0,1,0,1,0,2,1,2,0,2,1,2,0,2,1,2,0,
7,1,0,2,1,2,0,2,1,2,0,2,1,2,0,2,1,2,0,2,1,2,0,2,1,2,0,2,1,2,0,
6,1,0,2,1,1,0,2,1,1,0,2,1,1,0,2,1,1,0,2,1,1,0,2,1,2,0,2,1,2,0,
6,1,0,3,1,1,0,2,1,2,0,2,1,1,0,2,1,2,0,3,1,2,0,3,1,2,0,2,1,3,1,
7,1,0,3,1,1,0,2,1,2,0,2,1,2,0,2,1,2,0,3,1,2,0,2,1,2,0,2,1,3,1,
7,1,0,3,1,2,0,2,1,2,0,3,1,2,0,2,1,2,0,3,1,2,0,2,1,2,0,2,1,3,1,
9,3,0,2,1,3,0,2,0,3,0,1,0,3,0,1,0,4,0,2,1,3,0,2,0,4,0,2,0,2,0,
7,2,0,3,1,2,0,2,1,2,0,2,1,2,0,2,1,2,0,3,1,2,0,2,1,2,0,2,1,3,1,
7,2,0,3,1,2,0,2,1,2,0,2,1,2,0,2,1,2,0,3,1,2,0,2,1,2,0,2,1,3,1,
7,2,0,3,1,2,1,2,1,2,0,2,1,2,0,2,1,2,0,3,2,2,0,2,1,2,0,2,1,3,1,
8,1,0,3,1,2,0,2,1,2,0,3,1,2,0,2,1,2,0,3,1,2,0,2,1,2,0,2,1,3,1,
17,1,0,2,1,2,0,2,1,2,0,2,1,2,0,1,1,3,0,2,1,2,0,2,1,12,0,2,1,2,0,
7,1,0,2,1,2,0,2,1,2,0,2,1,2,0,2,1,2,0,2,1,2,0,2,1,2,0,2,1,2,0,
7,1,0,2,1,1,0,2,1,1,0,2,1,1,0,2,1,1,0,2,1,1,0,2,1,1,0,2,1,2,0,
7,1,0,2,1,1,0,2,1,1,0,2,1,1,0,2,1,1,0,2,1,1,0,2,1,1,0,2,1,2,0,
6,1,0,2,1,1,0,2,1,1,0,2,1,1,0,2,1,1,0,2,1,1,0,2,1,1,0,2,1,2,0,
6,1,0,2,1,1,0,2,1,1,0,2,1,1,0,2,1,2,0,2,1,1,0,2,1,2,0,2,1,2,0,
6,1,0,2,1,2,0,2,1,2,0,2,1,2,0,2,1,2,0,2,1,2,0,2,1,2,0,2,1,2,0,
6,1,0,2,1,2,0,2,1,2,0,2,1,2,0,2,1,2,0,2,1,2,0,2,1,2,0,2,1,2,0,
8,1,0,3,1,2,0,2,1,2,0,2,1,2,0,2,1,2,0,3,1,2,0,2,1,2,0,2,1,2,1,
6,1,0,2,1,2,0,2,1,2,0,2,1,2,0,2,1,2,0,2,1,2,0,2,1,2,0,2,1,2,0,
6,1,0,3,1,2,0,2,1,2,0,2,1,2,0,2,1,2,0,3,1,2,0,2,1,2,0,2,1,2,1,
6,2,0,3,1,2,0,2,1,2,0,2,1,2,0,2,1,2,0,3,1,2,0,2,1,2,0,2,1,2,1,
7,2,0,3,2,2,1,3,2,2,0,3,2,2,1,2,1,3,0,3,2,2,1,3,1,3,0,3,2,3,1,
7,1,0,2,1,1,0,2,1,1,0,2,1,1,0,1,1,1,0,2,1,1,0,2,1,1,0,2,1,2,0,
7,1,0,2,1,1,0,2,1,1,0,2,1,1,0,1,1,1,0,2,1,1,0,2,0,1,0,2,1,2,0,
7,1,0,2,1,1,0,2,1,1,0,2,1,1,0,2,1,1,0,2,1,1,0,2,0,1,0,2,1,2,0,
7,1,0,2,1,1,0,2,1,1,0,2,1,1,0,2,1,2,0,2,1,2,0,2,1,2,0,2,1,2,0,
6,1,0,2,1,1,0,2,1,1,0,2,1,1,0,2,1,1,0,2,1,2,0,2,1,2,0,2,1,2,0,
6,1,0,2,1,2,0,2,1,1,0,2,1,2,0,2,1,2,0,2,1,2,0,2,1,2,0,2,1,2,0,
6,1,0,2,1,2,0,2,1,2,0,2,1,2,0,2,1,2,0,2,1,2,0,2,1,2,0,2,1,2,0,
6,1,0,2,1,2,0,2,1,2,0,2,1,2,0,2,1,2,0,2,1,2,0,2,1,2,0,2,1,2,0,
6,1,0,2,1,2,0,2,1,2,0,2,1,2,0,2,1,2,0,3,1,2,0,2,1,2,0,2,1,2,0,
6,1,0,3,1,2,0,2,1,2,0,2,1,2,0,2,1,2,0,3,1,2,0,2,1,2,0,2,1,2,1,
6,2,0,3,1,2,0,2,1,2,0,2,2,2,0,2,1,2,0,3,1,2,0,2,1,2,0,2,1,2,1,
7,2,0,3,1,2,0,2,2,2,0,3,2,2,0,2,1,2,0,3,1,2,0,2,1,2,0,3,2,3,1,
7,2,0,3,2,2,0,2,1,2,0,3,2,2,0,2,1,2,0,3,2,2,0,2,1,2,0,3,2,3,1,
7,2,0,3,2,2,1,3,2,2,1,3,2,2,1,2,1,2,1,3,2,2,1,3,1,2,1,3,2,3,1,
7,1,0,2,1,1,0,2,1,1,0,2,1,1,0,1,0,1,0,2,1,1,0,2,0,1,0,2,1,2,0,
7,1,0,2,1,1,0,2,1,1,0,2,1,1,0,2,1,1,0,2,1,1,0,2,1,1,0,2,1,2,0,
7,1,0,2,1,1,0,2,1,1,0,2,1,1,0,2,1,1,0,2,1,1,0,2,1,2,0,2,1,2,0,
8,1,0,4,1,2,0,4,1,1,0,4,1,2,0,3,1,2,0,4,1,1,0,4,1,2,0,4,1,4,0,
6,1,0,2,2,2,0,2,1,2,0,2,1,2,0,2,1,2,0,2,1,2,0,2,1,2,0,2,1,2,1,
6,1,0,2,2,2,0,2,1,2,0,2,1,2,0,2,1,2,0,3,1,2,0,2,1,2,0,2,1,2,0,
8,4,0,4,4,4,0,4,4,4,0,4,4,4,0,4,4,4,0,4,4,4,0,4,4,4,0,4,4,4,4,
6,2,0,2,1,3,0,2,1,3,0,2,1,3,0,2,1,3,0,3,1,3,0,2,1,3,0,2,1,2,1,
6,1,0,3,1,2,0,2,1,2,0,2,1,2,0,2,1,2,0,3,1,2,0,2,1,2,0,2,1,2,1,
6,2,0,3,1,2,0,2,1,2,0,2,2,2,0,2,1,2,0,3,1,2,0,2,1,2,0,2,1,3,1,
6,2,0,3,1,2,0,2,1,2,0,2,2,2,0,2,1,2,0,3,1,2,0,2,1,2,0,2,1,3,1,
7,2,0,3,2,2,0,3,2,2,0,3,2,2,0,2,1,2,0,3,1,2,1,2,1,2,0,3,1,3,1,
7,2,0,3,2,2,1,3,2,2,0,3,2,2,1,2,2,2,1,3,2,2,1,3,1,2,1,3,2,3,1,
7,1,0,2,1,1,0,2,1,1,0,2,1,1,0,1,1,1,0,2,1,1,0,2,1,1,0,2,1,2,0,
7,1,0,2,1,1,0,2,1,1,0,2,1,1,0,1,1,1,0,2,1,1,0,2,1,1,0,2,1,2,0,
7,1,2,2,1,1,3,2,1,1,2,2,1,1,3,2,1,1,2,2,1,1,3,2,1,1,3,2,1,2,0,
6,1,0,2,1,1,0,2,1,2,0,2,1,1,0,2,1,2,0,2,1,2,0,2,1,2,0,2,1,2,0,
6,1,0,2,1,1,0,2,1,2,0,2,1,1,0,2,1,2,0,2,1,2,0,2,1,2,0,2,1,2,0,
6,1,0,2,1,1,0,2,1,2,0,2,1,2,0,2,1,2,0,2,1,2,0,2,1,2,0,2,1,2,0,
6,1,0,2,1,2,0,2,1,2,0,2,1,2,0,2,1,2,0,2,1,2,0,2,1,2,0,2,1,2,0,
6,1,0,2,1,2,0,2,1,2,0,2,1,2,0,2,1,2,0,2,1,2,0,2,1,2,0,2,1,2,0,
6,1,0,3,1,2,0,2,1,2,0,2,1,2,0,2,1,2,0,3,1,2,0,2,1,2,0,2,1,2,1,
9,2,0,3,2,2,1,3,2,2,0,3,2,2,1,2,2,2,0,3,2,2,1,3,2,2,0,3,2,3,1,
9,2,0,3,2,2,0,3,2,5,0,3,2,2,0,2,1,5,0,3,2,5,1,2,1,5,1,3,2,3,1,
7,2,0,3,1,2,0,2,1,2,0,2,1,2,0,2,1,2,0,3,1,2,0,2,1,2,0,2,1,2,1,
7,2,0,3,2,2,1,3,2,2,1,3,2,2,1,2,2,2,1,3,2,2,1,3,2,2,1,3,2,3,2,
7,1,0,2,1,1,0,2,1,1,0,2,1,1,0,2,1,2,0,2,1,1,0,2,1,2,0,2,1,2,0,
7,1,0,2,1,1,0,2,1,1,0,2,1,1,0,2,1,2,0,2,1,2,0,2,1,2,0,2,1,2,0,
9,1,0,2,1,2,0,2,1,2,0,2,1,2,0,2,1,2,0,2,1,2,0,2,1,2,0,2,1,2,0,
7,1,0,3,1,1,0,2,1,2,0,2,1,1,0,2,1,2,0,3,1,2,0,2,1,2,0,2,1,2,0,
6,1,0,2,1,1,0,2,1,2,0,2,1,1,0,2,1,2,0,3,1,2,0,2,1,2,0,2,1,2,0,
6,1,0,3,1,1,0,2,1,2,0,2,1,1,0,2,1,2,0,3,1,2,0,2,1,2,0,2,1,2,0,
6,1,0,2,1,2,0,2,1,2,0,2,1,2,0,2,1,2,0,3,1,2,0,2,1,2,0,2,1,2,0,
6,1,0,3,1,2,0,2,1,2,0,2,1,2,0,2,1,2,0,3,1,2,0,2,1,2,0,2,1,2,1,
7,2,0,3,2,2,0,3,2,2,0,3,2,2,0,2,2,2,0,3,2,2,0,3,1,2,0,3,2,3,1,
7,2,0,3,1,2,0,3,1,2,0,3,2,2,0,2,1,2,0,3,1,2,0,2,1,2,0,2,1,3,1,
10,2,0,3,2,2,1,3,2,2,0,3,2,2,0,2,1,2,1,3,1,2,1,2,1,2,1,3,2,3,1,
7,2,0,3,2,2,1,3,2,2,0,3,2,2,0,2,1,2,0,3,1,2,1,2,1,2,0,3,2,3,1,
7,2,0,3,2,2,1,3,2,2,0,3,2,2,0,2,1,2,0,3,1,2,1,2,1,2,0,3,2,3,1,
7,1,0,2,1,1,0,2,1,1,0,2,1,1,0,1,1,1,0,2,1,1,0,2,1,1,0,2,1,2,0,
7,1,0,3,1,2,1,2,1,2,0,2,1,2,1,2,1,2,0,3,1,2,1,2,1,2,1,2,1,2,1,
8,1,0,3,1,1,0,2,1,1,0,2,1,1,0,2,1,2,0,3,1,1,0,2,1,2,0,2,1,2,1,
8,2,0,4,2,2,0,3,2,2,0,3,2,2,0,2,2,2,0,4,2,2,0,3,2,2,0,3,2,3,1,
6,1,0,3,1,2,0,2,1,2,0,2,1,2,0,2,1,2,0,3,1,2,0,2,1,2,0,2,1,2,0,
8,4,0,3,1,4,0,2,1,4,0,2,1,4,0,2,1,4,0,3,1,4,0,2,1,4,0,2,1,2,0,
7,1,0,3,1,2,0,2,1,2,0,2,1,2,0,2,1,2,0,3,1,2,0,2,1,2,0,2,1,2,1,
7,2,0,3,1,2,0,2,1,2,0,2,1,2,0,2,1,2,0,3,1,2,0,2,1,2,0,2,1,2,1,
6,2,0,3,1,2,0,2,1,2,0,2,1,2,0,2,1,2,0,3,1,2,0,2,1,2,0,2,1,2,1,
6,2,0,3,1,2,0,2,1,2,0,3,2,2,0,2,1,2,0,3,1,2,0,2,1,2,0,3,1,3,1,
7,2,0,3,2,2,0,2,2,2,0,3,2,2,1,2,1,2,0,3,1,2,1,3,1,2,1,3,1,3,1,
6,2,0,3,1,2,0,2,1,2,0,2,2,2,0,2,1,2,0,3,1,2,0,2,1,2,0,2,1,2,1,
7,1,0,2,1,1,0,2,1,1,0,2,1,1,0,1,1,1,0,2,1,1,0,2,0,1,0,2,1,2,0,
7,1,0,2,1,1,0,2,1,1,0,2,1,1,0,2,1,2,0,2,1,1,0,2,1,2,0,2,1,2,0,
7,1,0,2,1,1,0,2,1,1,0,2,1,1,0,1,1,1,0,2,1,1,0,2,0,1,0,2,1,2,0,
6,1,0,2,1,1,0,2,1,1,0,2,1,1,0,2,1,2,0,2,1,1,0,2,1,2,0,2,1,2,0,
6,1,0,2,1,1,0,2,1,1,0,2,1,1,0,2,1,2,0,2,1,2,0,2,1,2,0,2,1,2,0,
8,3,0,2,1,4,0,2,1,3,0,2,1,4,0,2,1,4,0,2,1,3,0,2,1,4,0,2,1,2,0,
6,1,0,3,1,2,0,2,1,2,0,2,1,2,0,2,1,2,0,3,1,2,0,2,1,2,0,2,1,2,1,
6,2,0,3,1,2,0,2,1,2,0,2,1,2,0,2,1,2,0,3,1,2,0,2,1,2,0,2,1,2,1,
6,2,0,3,1,2,0,2,1,2,0,2,1,2,0,2,1,2,0,3,1,2,0,2,1,2,0,2,1,2,1,
7,2,0,3,2,2,0,2,2,2,0,2,2,3,0,2,1,3,0,3,2,3,0,2,1,3,0,2,2,3,1,
9,2,0,3,1,2,0,2,1,2,0,2,1,2,0,2,1,2,0,3,1,2,0,2,1,2,0,2,1,2,1,
7,1,0,2,1,1,0,1,1,1,0,2,1,1,0,1,1,1,0,2,1,1,0,2,1,1,0,2,1,2,0,
7,1,0,2,1,1,0,2,1,1,0,2,1,1,0,1,1,1,0,2,1,1,0,2,1,2,0,2,1,2,0,
7,1,0,2,1,1,0,2,1,1,0,2,1,1,0,2,1,1,0,2,1,1,0,2,1,2,0,2,1,2,0,
7,1,0,2,1,1,0,2,1,1,0,2,1,1,0,2,1,1,0,3,1,1,0,2,1,2,0,2,1,2,0,
7,1,0,2,1,1,0,2,1,1,0,2,1,2,0,2,1,2,0,2,1,2,0,2,1,2,0,2,1,2,0,
6,1,0,2,1,1,0,2,1,1,0,2,1,1,0,2,1,2,0,2,1,1,0,2,1,2,0,2,1,2,0,
6,1,0,2,1,2,0,2,1,2,0,2,1,1,0,2,1,2,0,3,1,2,0,2,1,2,0,2,1,2,0,
6,1,0,3,1,2,0,2,1,2,0,2,1,2,0,2,1,2,0,3,1,2,0,2,1,2,0,2,1,2,1,
6,1,0,3,1,2,0,2,1,2,0,2,1,2,0,2,1,2,0,3,1,2,0,2,1,2,0,2,1,2,1,
7,1,0,3,1,2,0,2,1,2,0,2,2,2,0,2,1,2,0,3,1,2,0,2,1,2,0,2,1,2,1,
7,2,0,3,1,2,0,2,1,2,0,2,2,2,0,2,1,2,0,3,1,2,0,2,1,2,0,2,1,3,1,
7,2,0,3,2,2,0,2,1,2,0,3,2,2,0,2,1,2,0,3,1,2,0,2,1,2,1,2,1,3,1,
7,2,0,3,2,2,0,2,1,2,0,3,2,2,0,2,1,2,0,3,1,2,1,2,1,2,0,2,1,3,1,
7,2,0,3,2,2,0,2,2,2,0,3,2,2,1,2,1,2,0,3,1,2,1,2,1,2,1,3,2,3,1,
7,2,1,3,2,2,1,2,2,2,0,3,2,2,1,2,1,2,1,3,1,2,1,3,1,2,1,3,2,3,1,
7,1,0,2,1,1,0,2,1,1,0,2,1,1,0,1,1,1,0,2,1,1,0,2,0,1,0,2,1,2,0,
9,1,0,2,1,1,0,2,1,1,0,2,1,1,0,1,1,1,0,2,1,1,0,2,0,2,0,2,1,2,0,
9,1,0,4,1,1,0,3,1,1,0,4,1,1,0,3,1,1,0,4,1,1,0,3,0,2,0,3,1,4,0,
6,1,0,2,1,1,0,2,1,1,0,2,1,1,0,2,1,2,0,2,1,2,0,2,1,2,0,2,1,2,0,
6,1,0,2,1,2,0,2,1,2,0,2,1,2,0,2,1,2,0,2,1,2,0,2,1,2,0,2,1,2,0,
7,2,0,3,2,2,0,2,1,2,0,3,2,2,0,2,1,2,0,3,1,2,0,2,1,2,0,3,1,3,1,
6,1,0,3,1,2,0,2,1,2,0,3,1,2,0,2,1,2,0,3,1,2,0,2,1,2,0,2,1,3,1,
7,2,0,3,2,2,0,2,2,2,0,3,2,2,0,2,1,2,0,3,1,2,0,2,1,2,0,3,1,3,1,
7,2,0,3,2,2,0,2,1,2,0,3,2,2,0,2,1,2,0,3,2,2,0,2,1,2,0,3,1,3,1,
7,2,0,3,2,2,0,2,2,2,0,3,2,2,0,2,1,2,0,3,1,2,1,2,1,2,0,3,1,3,1,
7,2,0,3,2,2,0,2,2,2,0,3,2,2,0,2,1,2,0,3,2,2,1,3,1,2,0,3,1,3,1,
7,2,1,3,2,2,1,3,2,2,0,3,2,2,1,2,1,2,0,3,2,2,1,3,1,2,1,3,2,3,1,
7,2,1,3,2,2,1,3,2,2,0,3,2,2,1,2,1,2,1,3,2,2,1,3,1,2,1,3,2,3,1,
7,1,0,2,1,1,0,2,1,1,0,2,1,1,0,1,0,1,0,2,1,1,0,2,0,1,0,2,1,2,0,
7,1,3,3,1,2,3,2,1,1,3,2,1,1,3,2,1,2,3,3,1,2,3,2,1,2,3,2,1,2,0,
6,1,0,2,1,1,0,2,1,1,0,2,1,1,0,2,1,1,0,2,1,2,0,2,1,2,0,2,1,2,0,
8,2,0,3,2,2,0,2,2,2,0,3,2,2,0,2,2,2,0,3,2,2,1,3,1,2,1,3,2,3,1,
6,1,0,3,1,2,0,2,1,2,0,2,1,2,0,2,1,2,0,3,1,2,0,2,1,2,0,2,1,2,0,
6,1,0,3,1,2,0,2,1,2,0,2,1,2,0,2,1,2,0,3,1,2,0,2,1,2,0,2,1,2,0,
7,2,0,3,1,2,0,2,1,2,0,2,2,2,0,2,1,2,0,3,1,2,0,2,1,2,0,2,1,2,1,
29,25,0,25,25,25,0,25,25,25,0,25,25,25,0,25,25,25,0,25,25,25,0,25,24,25,0,25,25,25,24,
7,2,0,3,2,2,0,2,2,2,0,3,2,2,0,2,2,2,0,3,2,2,0,2,1,2,0,3,2,3,1,
7,2,0,3,1,2,0,2,2,2,0,3,2,2,0,2,1,2,0,3,1,2,0,2,1,2,0,2,1,3,1,
7,2,1,3,1,2,1,2,2,2,0,3,2,2,1,2,1,2,1,3,1,2,1,2,1,2,1,3,1,3,1,
7,1,0,2,0,1,0,2,1,1,0,2,1,1,0,1,0,1,0,2,0,1,0,2,0,1,0,2,1,2,0,
7,1,0,2,1,1,0,2,1,1,0,2,1,1,0,1,0,1,0,2,0,1,0,2,0,1,0,2,1,2,0,
