39 ,258, 24, '14 16 15 14 15 14 15 14 15 17 14 15 15 14 15 15 ' ,'0 0 0 0 0 0 0 0 0 0 0 0 0 0 0 0 ' ,5 ,1 ,0, 0
218 ,27, 206, '167 191 196 192 188 201 198 196 191 190 189 201 173 179 202 193 ' ,'0 0 0 0 0 0 0 0 0 0 0 0 0 0 0 0 ' ,36 ,0 ,2, 2
246 ,211, 238, '228 227 201 224 220 218 202 215 176 219 223 223 220 217 232 223 ' ,'0 0 0 0 0 0 0 0 0 0 0 0 0 0 0 0 ' ,56 ,0 ,1, 1
262 ,241, 253, '238 239 245 233 243 240 232 221 231 236 237 245 216 248 246 244 ' ,'0 0 0 0 0 0 0 0 0 0 0 0 0 0 0 0 ' ,32 ,0 ,2, 2
278 ,257, 270, '248 251 198 241 233 232 244 253 253 240 237 230 252 231 218 260 ' ,'0 0 0 0 0 0 0 0 0 0 0 0 0 0 0 44 ' ,68 ,0 ,2, 2
276 ,273, 267, '249 251 221 254 206 214 261 253 218 260 212 224 222 257 245 252 ' ,'0 0 0 0 0 0 0 0 0 0 0 0 0 0 0 0 ' ,56 ,0 ,3, 3
279 ,271, 269, '234 244 219 253 254 232 225 216 251 264 260 262 245 259 252 194 ' ,'0 0 0 0 0 0 0 0 0 0 0 0 0 0 0 0 ' ,69 ,0 ,2, 2
281 ,273, 271, '242 240 248 265 249 247 228 256 258 263 233 257 248 247 235 249 ' ,'0 0 0 0 0 0 0 0 0 0 0 0 0 0 0 0 ' ,36 ,0 ,2, 2
284 ,276, 276, '258 260 241 205 257 230 228 253 232 216 254 270 227 233 253 244 ' ,'0 0 0 0 0 0 0 0 0 0 0 0 0 0 0 0 ' ,66 ,0 ,1, 1
259 ,283, 248, '241 228 222 232 214 237 244 224 206 235 220 232 227 222 242 240 ' ,'0 0 0 0 0 0 0 0 0 0 0 0 0 0 0 0 ' ,37 ,0 ,1, 1
241 ,255, 228, '220 201 203 214 175 187 219 220 196 203 204 202 218 223 197 223 ' ,'0 0 0 0 0 0 0 0 0 0 0 0 0 0 0 0 ' ,49 ,0 ,1, 1
222 ,234, 215, '196 200 193 194 211 193 201 199 183 200 204 199 188 185 209 200 ' ,'0 0 0 0 0 0 0 0 0 0 0 0 0 0 0 0 ' ,27 ,0 ,1, 1
234 ,218, 227, '218 211 186 201 205 221 212 185 198 219 202 218 218 211 204 213 ' ,'0 0 0 0 0 0 0 0 0 0 0 0 0 0 0 0 ' ,37 ,1 ,1, 1
228 ,229, 221, '205 208 217 211 195 208 211 197 194 203 211 202 213 204 215 213 ' ,'0 0 0 0 0 0 0 0 0 0 0 0 0 0 0 0 ' ,22 ,0 ,1, 1
261 ,224, 249, '208 219 200 235 235 241 225 243 221 242 232 236 239 218 215 237 ' ,'0 0 0 0 0 0 0 0 0 0 0 0 0 0 0 0 ' ,45 ,0 ,2, 2
268 ,252, 260, '244 230 252 249 236 237 243 251 248 245 233 244 244 239 234 250 ' ,'0 0 45 0 0 0 0 0 0 0 0 0 0 0 0 0 ' ,26 ,1 ,2, 2
276 ,262, 269, '253 250 224 247 229 250 240 234 248 259 223 222 242 239 248 262 ' ,'0 0 0 0 0 0 0 0 0 0 0 0 0 0 0 0 ' ,41 ,1 ,2, 2
270 ,271, 262, '250 221 221 225 254 247 244 243 236 252 248 238 257 220 254 214 ' ,'0 0 0 0 0 0 0 0 0 0 0 0 0 0 0 0 ' ,43 ,0 ,2, 2
277 ,265, 269, '265 249 236 233 217 229 229 238 244 204 237 221 254 245 236 242 ' ,'0 0 0 0 0 0 0 0 0 0 0 0 0 0 0 0 ' ,61 ,0 ,2, 2
288 ,272, 278, '263 252 227 260 255 261 245 270 267 267 240 272 253 264 273 216 ' ,'0 0 0 0 0 0 0 0 0 0 0 0 0 0 0 0 ' ,57 ,1 ,1, 1
283 ,281, 275, '254 232 240 253 268 232 227 245 233 255 261 252 250 265 253 240 ' ,'0 0 0 0 0 0 0 0 0 0 0 0 0 0 0 0 ' ,41 ,0 ,2, 2
283 ,278, 276, '248 260 259 259 252 261 221 198 256 256 266 257 258 269 243 226 ' ,'0 0 0 0 0 0 0 0 0 0 0 0 0 0 0 0 ' ,72 ,0 ,2, 2
268 ,280, 261, '228 209 233 256 246 229 249 199 238 217 243 234 216 230 238 212 ' ,'0 0 0 0 0 0 0 0 0 0 0 0 0 0 0 0 ' ,58 ,0 ,2, 2
268 ,266, 260, '225 222 202 248 227 241 237 230 213 242 228 251 227 254 229 198 ' ,'0 0 0 0 0 0 0 0 0 0 0 0 0 0 0 0 ' ,56 ,0 ,1, 1
264 ,263, 256, '223 217 252 221 251 237 229 235 212 246 250 245 248 220 217 216 ' ,'0 0 0 0 0 0 0 0 0 0 0 0 0 0 0 0 ' ,37 ,0 ,1, 1
258 ,259, 251, '246 219 217 235 201 231 227 234 231 233 224 238 237 225 232 201 ' ,'0 0 0 0 0 0 0 0 0 0 0 0 0 0 0 0 ' ,47 ,1 ,1, 1
251 ,254, 243, '218 201 218 197 219 221 224 233 225 224 216 218 219 222 219 238 ' ,'0 0 0 0 0 0 0 0 0 0 0 0 0 0 0 0 ' ,42 ,0 ,1, 1
242 ,247, 232, '217 226 207 213 227 218 216 202 221 206 204 213 205 213 217 202 ' ,'0 0 0 0 0 0 0 0 0 0 0 0 0 0 0 0 ' ,26 ,1 ,1, 1
237 ,235, 229, '195 224 197 202 215 214 221 215 192 214 221 211 212 215 224 211 ' ,'0 0 0 0 0 0 0 0 0 0 0 0 0 0 0 0 ' ,33 ,1 ,1, 1
238 ,232, 231, '217 224 224 193 210 225 208 213 215 218 221 204 214 219 209 191 ' ,'0 0 0 0 0 0 0 0 0 0 0 0 0 0 0 0 ' ,35 ,1 ,1, 1
242 ,235, 235, '220 183 220 207 213 218 217 202 160 198 206 229 213 227 207 228 ' ,'0 0 0 0 0 0 0 0 0 0 0 0 0 0 0 0 ' ,69 ,1 ,1, 1
232 ,238, 222, '213 180 187 185 208 204 185 207 193 213 212 206 204 216 169 216 ' ,'0 0 0 0 0 0 0 0 0 0 0 0 0 0 0 0 ' ,48 ,1 ,1, 1
244 ,224, 236, '210 231 216 203 224 202 217 213 204 191 227 227 228 180 203 214 ' ,'0 0 0 0 0 0 0 0 0 0 0 0 0 0 0 0 ' ,51 ,0 ,1, 1
270 ,239, 261, '253 244 253 221 246 239 235 202 219 254 237 255 248 247 248 218 ' ,'0 0 0 0 0 0 0 0 0 0 0 0 0 0 0 0 ' ,53 ,0 ,2, 2
287 ,264, 277, '272 205 255 237 271 251 238 240 244 226 260 261 263 258 266 243 ' ,'0 0 0 0 0 0 0 0 0 0 0 0 0 0 0 0 ' ,67 ,0 ,2, 2
295 ,279, 286, '252 253 254 269 254 227 264 221 279 272 259 281 275 278 231 259 ' ,'0 0 0 0 0 0 0 0 0 0 0 0 0 0 0 0 ' ,61 ,1 ,2, 2
293 ,291, 286, '269 264 247 242 243 259 273 246 280 267 272 232 233 272 263 228 ' ,'0 0 0 0 0 0 0 0 0 0 0 0 0 0 0 0 ' ,53 ,1 ,1, 1
294 ,289, 287, '238 250 271 260 249 253 242 273 268 260 268 239 255 280 276 251 ' ,'0 0 0 0 0 0 0 0 0 0 0 0 0 0 0 0 ' ,44 ,1 ,2, 2
293 ,290, 286, '256 222 247 243 224 250 260 233 259 247 240 253 234 256 280 259 ' ,'0 0 0 0 0 0 0 0 0 0 0 0 0 0 0 0 ' ,59 ,1 ,2, 2
272 ,289, 265, '205 196 260 225 253 237 208 216 218 248 203 224 218 239 234 209 ' ,'0 0 0 0 0 0 0 0 0 0 0 0 0 0 0 0 ' ,65 ,0 ,2, 2
271 ,268, 264, '250 229 257 230 213 242 224 236 222 259 241 257 215 193 215 219 ' ,'0 0 0 0 0 0 0 0 0 0 0 0 0 0 0 0 ' ,66 ,0 ,2, 2
278 ,269, 269, '229 262 222 221 246 233 238 218 201 250 262 261 236 232 229 254 ' ,'0 0 0 0 0 0 0 0 0 0 0 0 0 0 0 0 ' ,62 ,1 ,1, 1
269 ,272, 259, '208 235 224 219 254 233 228 242 216 247 239 229 226 224 246 203 ' ,'0 0 0 0 0 0 0 0 0 0 0 0 0 0 0 0 ' ,51 ,1 ,2, 2
286 ,261, 279, '241 228 252 228 211 233 254 251 243 216 247 240 248 261 271 258 ' ,'0 0 0 0 0 0 0 0 0 0 0 0 0 0 0 0 ' ,63 ,0 ,2, 2
265 ,282, 258, '241 236 210 239 222 240 242 232 243 244 240 242 222 222 252 242 ' ,'0 0 0 0 0 0 0 0 0 0 0 0 0 0 0 0 ' ,43 ,1 ,2, 2
260 ,260, 253, '236 202 242 208 220 248 225 242 219 238 219 242 243 223 222 242 ' ,'0 0 0 0 0 0 0 0 0 0 0 0 0 0 0 0 ' ,46 ,0 ,2, 2
262 ,256, 256, '205 210 218 223 221 181 215 217 214 233 220 226 212 197 249 226 ' ,'0 0 0 0 0 0 0 0 0 0 0 0 0 0 0 0 ' ,70 ,1 ,2, 2
247 ,258, 239, '229 202 205 214 201 214 225 222 203 209 222 223 214 233 225 223 ' ,'0 0 0 0 0 0 0 0 0 0 0 0 0 0 0 0 ' ,33 ,0 ,2, 2
250 ,241, 240, '230 221 193 199 192 226 223 215 210 234 200 214 219 225 225 209 ' ,'0 0 0 0 0 0 0 0 0 0 0 0 0 0 0 0 ' ,42 ,0 ,2, 2
243 ,242, 236, '218 207 198 207 230 231 224 219 228 214 190 227 229 228 224 195 ' ,'0 0 0 0 0 0 0 0 0 0 0 0 0 0 0 0 ' ,41 ,1 ,2, 2
247 ,240, 241, '216 194 211 215 196 230 201 195 209 235 200 212 222 235 206 214 ' ,'0 0 0 0 0 0 0 0 0 0 0 0 0 0 0 0 ' ,42 ,0 ,1, 1
265 ,244, 258, '239 237 199 222 246 247 244 240 245 243 236 252 245 236 242 205 ' ,'0 0 0 0 0 0 0 0 0 0 0 0 0 0 0 0 ' ,55 ,0 ,1, 1
276 ,261, 268, '254 243 236 262 249 254 259 236 256 254 235 245 237 257 259 245 ' ,'0 0 0 0 0 0 0 0 0 0 0 0 0 0 0 0 ' ,28 ,0 ,2, 2
287 ,271, 280, '232 251 226 265 248 264 244 246 237 263 222 274 214 242 233 241 ' ,'0 0 0 0 0 0 0 0 0 0 0 0 0 0 0 0 ' ,59 ,1 ,2, 2
287 ,285, 276, '253 253 271 253 229 237 268 249 237 220 268 246 249 217 235 239 ' ,'0 0 0 0 0 0 0 0 0 0 0 0 0 0 0 0 ' ,53 ,0 ,2, 2
287 ,279, 277, '244 259 233 259 259 252 260 241 251 269 227 253 271 243 253 256 ' ,'0 0 0 0 0 0 0 0 0 0 0 0 0 0 0 0 ' ,44 ,0 ,2, 2
299 ,280, 292, '257 264 271 261 248 225 263 277 269 260 242 234 256 256 287 268 ' ,'0 0 0 0 0 0 0 0 0 0 0 0 0 0 0 0 ' ,62 ,1 ,2, 2
293 ,296, 286, '253 276 270 273 245 234 233 268 222 246 261 248 270 278 256 250 ' ,'0 0 0 0 0 0 0 0 0 0 0 0 0 0 0 0 ' ,57 ,1 ,2, 2
294 ,288, 287, '269 260 274 279 227 263 230 254 276 281 244 257 270 250 256 262 ' ,'0 0 0 0 0 0 0 0 0 0 0 0 0 0 0 0 ' ,55 ,1 ,2, 2
308 ,290, 299, '256 242 262 268 231 248 250 258 245 240 257 293 259 243 290 243 ' ,'0 0 0 0 0 0 0 0 0 0 0 0 0 0 0 0 ' ,63 ,1 ,1, 1
315 ,302, 297, '255 281 268 248 244 269 212 247 238 274 259 265 261 282 292 246 ' ,'0 0 0 0 0 0 0 0 0 0 0 0 0 0 0 0 ' ,84 ,1 ,2, 2
292 ,305, 281, '255 252 214 236 260 271 251 256 243 267 227 272 257 249 275 236 ' ,'0 0 0 0 0 0 0 0 0 0 0 0 0 0 0 0 ' ,61 ,1 ,2, 2
266 ,286, 258, '226 234 218 236 232 249 236 252 232 234 218 240 225 251 245 206 ' ,'0 0 0 0 0 0 0 0 0 0 0 0 0 0 0 0 ' ,47 ,1 ,2, 2
262 ,262, 249, '220 238 215 230 233 243 238 204 189 224 231 234 226 218 242 234 ' ,'0 0 0 0 0 0 0 0 0 0 0 0 0 0 0 0 ' ,55 ,1 ,2, 2
260 ,253, 251, '219 203 186 180 213 245 218 212 218 231 222 213 232 219 237 228 ' ,'0 0 0 0 0 0 0 0 0 0 0 0 0 0 0 0 ' ,67 ,1 ,2, 1
242 ,257, 234, '209 192 228 209 206 224 188 211 208 227 194 204 182 214 228 219 ' ,'0 0 0 0 0 0 0 0 0 0 0 0 0 0 0 0 ' ,46 ,1 ,2, 1
254 ,238, 245, '228 223 210 226 213 239 222 237 219 237 203 215 222 219 229 223 ' ,'0 0 0 0 0 0 0 0 0 0 0 0 0 0 0 0 ' ,37 ,1 ,2, 2
253 ,248, 244, '212 200 234 216 223 226 213 237 230 209 224 220 236 235 235 238 ' ,'0 0 0 0 0 0 0 0 0 0 0 0 0 0 0 0 ' ,40 ,1 ,2, 2
255 ,249, 244, '237 238 222 235 226 220 224 223 235 215 216 238 192 237 236 227 ' ,'0 0 0 0 0 0 0 0 0 0 0 0 0 0 0 0 ' ,48 ,1 ,2, 2
261 ,248, 250, '211 235 226 231 210 227 233 231 217 238 216 235 206 205 220 244 ' ,'0 0 0 0 0 0 0 0 0 0 0 0 0 0 0 0 ' ,41 ,1 ,2, 2
265 ,253, 257, '205 220 231 224 224 214 245 248 219 241 237 251 225 222 242 244 ' ,'0 0 0 0 0 0 0 0 0 0 0 0 0 0 0 0 ' ,48 ,1 ,1, 1
283 ,261, 275, '261 231 262 254 248 259 266 260 240 252 260 254 241 268 268 223 ' ,'0 0 0 0 0 0 0 0 0 0 0 0 0 0 0 0 ' ,46 ,1 ,2, 2
289 ,279, 281, '244 268 264 268 275 223 239 227 241 244 267 240 211 270 265 259 ' ,'0 0 0 0 0 0 0 0 0 0 0 0 0 0 0 0 ' ,64 ,1 ,2, 2
299 ,284, 291, '269 271 241 251 237 276 278 278 261 264 249 284 229 279 280 263 ' ,'0 0 0 0 0 0 0 0 0 0 0 0 0 0 0 0 ' ,55 ,1 ,2, 2
285 ,294, 277, '261 259 200 267 263 254 268 258 257 271 264 248 207 249 265 234 ' ,'0 0 0 0 0 0 0 0 0 0 0 0 0 0 0 0 ' ,73 ,1 ,2, 2
276 ,280, 267, '250 251 249 247 246 260 246 217 243 237 236 247 213 241 258 237 ' ,'0 0 0 0 0 0 0 0 0 0 0 0 0 0 0 0 ' ,48 ,0 ,1, 1
267 ,272, 257, '208 230 207 236 226 251 201 228 222 221 222 219 238 236 213 242 ' ,'0 0 0 0 0 0 0 0 0 0 0 0 0 0 0 0 ' ,49 ,1 ,1, 1
251 ,261, 242, '233 216 206 210 201 212 230 237 219 229 228 225 194 235 230 214 ' ,'0 0 0 0 0 0 0 0 0 0 0 0 0 0 0 0 ' ,44 ,1 ,1, 1
254 ,247, 247, '190 209 198 230 186 195 231 233 219 228 189 213 221 238 226 240 ' ,'0 0 0 0 0 0 0 0 0 0 0 0 0 0 0 0 ' ,56 ,1 ,1, 1
252 ,252, 245, '221 210 201 216 219 216 236 205 206 237 233 220 238 206 214 207 ' ,'0 0 0 0 0 0 0 0 0 0 0 0 0 0 0 0 ' ,40 ,1 ,1, 1
246 ,248, 238, '234 219 181 231 216 230 213 212 217 230 194 220 220 206 205 229 ' ,'0 0 0 0 0 0 0 0 0 0 0 0 0 0 0 0 ' ,54 ,1 ,0, 0
256 ,242, 249, '238 193 224 238 233 223 214 235 206 236 244 240 224 206 206 207 ' ,'0 0 0 0 0 0 0 0 0 0 0 0 0 0 0 0 ' ,52 ,1 ,1, 1
249 ,252, 242, '234 234 205 198 212 212 231 215 232 225 222 237 212 234 176 231 ' ,'0 0 0 0 0 0 0 0 0 0 0 0 0 0 0 0 ' ,62 ,1 ,1, 1
251 ,245, 241, '225 188 236 229 203 213 224 211 216 227 202 217 207 213 189 224 ' ,'0 0 0 0 0 0 0 0 0 0 0 0 0 0 0 0 ' ,49 ,1 ,1, 1
262 ,245, 254, '191 210 240 219 189 204 216 218 204 214 249 231 203 242 231 238 ' ,'0 0 0 0 0 0 0 0 0 0 0 0 0 0 0 0 ' ,61 ,2 ,1, 1
268 ,259, 261, '250 220 248 219 243 241 228 221 226 233 256 236 247 247 224 226 ' ,'0 0 0 0 0 0 0 0 0 0 0 0 0 0 0 0 ' ,38 ,1 ,1, 1
276 ,267, 268, '245 237 258 233 223 222 233 249 237 246 238 262 238 250 239 254 ' ,'0 0 0 0 0 0 0 0 0 0 0 0 0 0 0 0 ' ,42 ,1 ,1, 1
288 ,271, 281, '268 265 254 248 251 266 262 269 242 272 235 262 266 265 226 275 ' ,'0 0 0 0 0 0 0 0 0 0 0 0 0 0 0 0 ' ,50 ,1 ,1, 1
298 ,284, 290, '246 252 277 267 260 257 265 253 252 271 273 285 251 283 275 269 ' ,'0 0 0 0 0 0 0 0 0 0 0 0 0 0 0 0 ' ,40 ,1 ,1, 1
298 ,297, 289, '222 261 266 274 246 279 264 270 253 266 246 283 280 271 269 247 ' ,'0 0 0 0 0 0 0 0 0 0 0 0 0 0 0 0 ' ,61 ,1 ,1, 1
289 ,294, 281, '224 249 237 257 249 275 255 254 243 252 248 245 241 260 266 243 ' ,'0 0 0 0 0 0 0 0 0 0 0 0 0 0 0 0 ' ,52 ,1 ,1, 1
277 ,285, 270, '248 240 235 224 230 258 250 250 242 249 238 237 219 252 264 238 ' ,'0 0 0 0 0 0 0 0 0 0 0 0 0 0 0 0 ' ,47 ,1 ,1, 1
254 ,274, 247, '217 224 220 198 221 231 226 226 236 234 209 217 220 241 236 213 ' ,'0 0 0 0 0 0 0 0 0 0 0 0 0 0 0 0 ' ,45 ,2 ,1, 1
254 ,250, 246, '205 233 229 190 216 204 175 195 212 236 201 231 220 230 228 240 ' ,'0 0 0 0 0 0 0 0 0 0 0 0 0 0 0 0 ' ,67 ,1 ,1, 1
246 ,250, 240, '184 216 196 231 213 218 187 198 191 219 206 229 201 196 195 201 ' ,'0 0 0 0 0 0 0 0 0 0 0 0 0 0 0 0 ' ,49 ,1 ,1, 1
237 ,242, 230, '207 191 167 212 180 218 215 225 201 222 218 224 190 206 223 221 ' ,'0 0 0 0 0 0 0 0 0 0 0 0 0 0 0 0 ' ,59 ,1 ,1, 1
253 ,234, 244, '186 216 186 223 212 239 212 227 209 190 212 223 233 226 230 202 ' ,'0 0 0 0 0 0 0 0 0 0 0 0 0 0 0 0 ' ,55 ,1 ,1, 1
260 ,247, 250, '225 229 212 200 179 232 228 199 237 241 219 245 210 209 202 231 ' ,'0 0 0 0 0 0 0 0 0 0 0 0 0 0 0 0 ' ,68 ,1 ,0, 0
256 ,255, 250, '231 231 224 207 193 223 234 240 221 227 210 220 211 218 213 243 ' ,'0 0 0 0 0 0 0 0 0 0 0 0 0 0 0 0 ' ,53 ,2 ,1, 1
247 ,256, 240, '200 199 210 185 179 221 234 199 209 220 218 214 206 199 216 215 ' ,'0 0 0 0 0 0 0 0 0 0 0 0 0 0 0 0 ' ,57 ,1 ,1, 1
276 ,244, 268, '229 245 215 197 228 217 231 209 217 226 220 217 220 215 223 262 ' ,'0 0 0 0 0 0 0 0 0 0 0 0 0 0 0 0 ' ,67 ,1 ,0, 0
278 ,272, 272, '209 241 266 208 232 233 249 252 241 227 254 243 245 259 243 244 ' ,'0 0 0 0 0 0 0 0 0 0 0 0 0 0 0 0 ' ,59 ,1 ,1, 1
294 ,274, 288, '243 256 272 253 246 250 266 272 266 253 247 282 231 256 247 281 ' ,'0 0 0 0 0 0 0 0 0 0 0 0 0 0 0 0 ' ,52 ,2 ,2, 2
298 ,293, 289, '257 272 274 271 242 277 264 276 259 273 262 278 243 253 254 283 ' ,'0 0 0 0 0 0 0 0 0 0 0 0 0 0 0 0 ' ,42 ,1 ,1, 1
289 ,296, 278, '265 239 264 237 246 262 271 254 262 266 243 267 239 267 272 257 ' ,'0 0 0 0 0 0 0 0 0 0 0 0 0 0 0 0 ' ,37 ,1 ,1, 1
309 ,282, 302, '281 244 289 279 246 272 252 279 276 251 267 289 291 282 296 278 ' ,'0 0 0 0 0 0 0 0 0 0 0 0 0 0 0 0 ' ,53 ,1 ,1, 1
301 ,306, 294, '271 283 266 265 255 285 256 277 215 276 253 278 289 262 272 224 ' ,'0 0 0 0 0 0 0 0 0 0 0 0 0 0 0 0 ' ,75 ,2 ,1, 1
323 ,299, 316, '276 254 240 229 251 288 245 308 240 267 253 274 269 275 230 282 ' ,'0 0 0 0 0 0 0 56 0 0 0 0 0 0 0 0 ' ,82 ,1 ,1, 1
321 ,319, 314, '252 238 247 243 240 284 257 268 252 269 248 273 278 265 276 285 ' ,'55 0 0 0 0 0 0 0 0 0 0 0 0 0 0 0 ' ,72 ,1 ,1, 1
286 ,317, 280, '240 245 242 252 240 264 235 240 247 264 247 274 261 232 269 250 ' ,'0 0 0 0 0 0 0 0 0 0 0 0 0 0 0 0 ' ,43 ,1 ,1, 1
294 ,286, 283, '240 257 256 250 238 268 251 244 227 245 216 253 263 256 277 244 ' ,'0 0 0 0 0 0 0 0 0 0 0 0 0 0 0 0 ' ,63 ,2 ,1, 1
280 ,287, 273, '234 225 230 218 238 218 245 238 229 261 224 240 240 210 267 256 ' ,'0 0 0 0 0 0 0 0 0 0 0 0 0 0 0 0 ' ,59 ,1 ,1, 1
271 ,276, 263, '211 204 230 217 227 227 245 198 220 214 209 223 220 193 208 257 ' ,'0 0 0 0 0 0 0 0 0 0 0 0 0 0 0 0 ' ,65 ,2 ,1, 1
256 ,268, 249, '197 184 203 215 211 200 217 211 212 232 219 196 242 240 190 208 ' ,'0 0 0 0 0 0 0 0 0 0 0 0 0 0 0 0 ' ,60 ,1 ,1, 1
254 ,252, 246, '218 229 185 213 205 235 221 206 200 224 206 207 212 206 240 224 ' ,'0 0 0 0 0 0 0 0 0 0 0 0 0 0 0 0 ' ,57 ,2 ,1, 1
299 ,250, 291, '232 227 218 215 221 206 201 227 205 284 187 217 192 222 208 181 ' ,'0 0 0 0 0 0 0 0 0 0 0 0 0 0 0 0 ' ,106 ,2 ,1, 1
260 ,295, 252, '199 206 241 204 233 225 197 214 225 204 196 229 216 234 215 246 ' ,'0 0 0 0 0 0 0 0 0 0 0 0 0 0 0 0 ' ,51 ,1 ,1, 1
258 ,256, 249, '225 185 197 229 206 242 223 190 216 219 212 225 204 207 219 215 ' ,'0 0 0 0 0 0 0 0 0 0 0 0 0 0 0 0 ' ,58 ,1 ,1, 1
259 ,252, 249, '218 231 209 229 222 231 228 222 221 243 197 242 230 231 237 235 ' ,'0 0 0 0 0 0 0 0 0 0 0 0 0 0 0 0 ' ,47 ,1 ,1, 1
253 ,253, 245, '215 227 201 227 234 213 228 239 215 225 229 221 222 226 218 229 ' ,'0 0 0 0 0 0 0 0 0 0 0 0 0 0 0 0 ' ,40 ,2 ,0, 0
254 ,249, 247, '237 219 185 219 199 227 211 214 226 239 232 224 231 215 226 221 ' ,'0 0 0 0 0 0 0 0 0 0 0 0 0 0 0 0 ' ,56 ,2 ,2, 2
264 ,250, 256, '233 246 204 228 216 243 243 235 233 242 250 247 213 244 243 236 ' ,'0 0 0 0 0 0 0 0 0 0 0 0 0 0 0 0 ' ,48 ,2 ,1, 1
300 ,260, 291, '245 227 262 243 246 241 201 266 233 239 258 241 177 260 230 251 ' ,'0 0 0 0 0 0 0 0 0 0 0 0 0 0 0 0 ' ,109 ,1 ,1, 1
289 ,295, 281, '233 250 273 266 236 262 246 263 259 274 269 258 234 239 252 237 ' ,'0 0 0 0 0 0 0 0 0 0 0 0 0 0 0 0 ' ,42 ,1 ,2, 2
300 ,286, 290, '251 225 264 276 275 256 258 283 208 257 265 272 269 254 240 262 ' ,'0 0 0 0 0 0 0 0 0 0 0 0 0 0 0 0 ' ,75 ,1 ,2, 2
313 ,296, 302, '259 265 270 285 245 271 277 283 272 290 278 294 277 240 231 287 ' ,'0 0 0 0 0 0 0 0 0 0 0 0 0 0 0 0 ' ,65 ,2 ,1, 1
294 ,306, 286, '221 256 240 266 254 262 237 231 210 253 255 278 237 277 227 223 ' ,'0 0 0 0 0 0 0 0 0 0 0 0 0 0 0 0 ' ,70 ,2 ,1, 1
293 ,290, 286, '243 236 236 261 253 246 241 244 243 240 236 261 262 278 252 208 ' ,'0 0 0 0 0 0 0 0 0 0 0 0 0 0 0 0 ' ,72 ,2 ,1, 1
280 ,289, 272, '232 249 231 241 258 265 261 233 245 218 249 262 216 247 239 234 ' ,'0 0 0 0 0 0 0 0 0 0 0 0 0 0 0 0 ' ,50 ,1 ,1, 1
269 ,275, 261, '254 215 208 239 233 232 229 215 221 247 231 254 248 247 217 238 ' ,'0 0 0 0 0 0 0 0 0 0 0 0 0 0 0 0 ' ,49 ,2 ,1, 1
250 ,264, 243, '225 194 236 222 219 192 212 204 213 214 216 222 192 197 236 195 ' ,'0 0 0 0 0 0 0 0 0 0 0 0 0 0 0 0 ' ,46 ,1 ,1, 1
268 ,246, 259, '235 210 221 197 197 250 218 208 211 227 244 222 196 252 218 229 ' ,'0 0 0 0 0 0 0 0 0 0 0 0 0 0 0 0 ' ,58 ,2 ,1, 1
254 ,262, 247, '192 201 211 206 206 203 223 232 186 240 197 201 227 233 226 205 ' ,'0 0 0 0 0 0 0 0 0 0 0 0 0 0 0 0 ' ,56 ,2 ,2, 2
256 ,250, 245, '220 213 200 225 219 237 222 231 210 221 224 238 202 205 214 215 ' ,'0 0 0 0 0 0 0 0 0 0 0 0 0 0 0 0 ' ,40 ,1 ,1, 1
251 ,248, 243, '201 234 210 237 210 235 214 231 228 233 234 227 212 214 207 222 ' ,'0 0 0 0 0 0 0 0 0 0 0 0 0 0 0 0 ' ,38 ,2 ,0, 0
258 ,246, 251, '238 231 233 244 224 241 233 243 202 220 239 233 229 199 229 218 ' ,'0 0 0 0 0 0 0 0 0 0 0 0 0 0 0 0 ' ,47 ,1 ,1, 1
316 ,254, 307, '220 257 195 243 223 226 243 257 254 259 230 260 230 219 245 228 ' ,'0 0 0 0 0 0 0 0 0 0 0 0 0 0 0 0 ' ,107 ,2 ,1, 1
351 ,313, 343, '234 267 270 263 254 268 240 273 266 272 245 284 232 256 261 278 ' ,'0 0 0 0 0 0 0 0 0 0 0 0 0 0 0 0 ' ,105 ,1 ,1, 1
302 ,390, 291, '251 284 275 259 273 249 266 272 244 283 267 268 256 258 280 252 ' ,'0 0 0 0 0 0 0 0 0 0 0 0 0 0 0 0 ' ,40 ,2 ,2, 2
304 ,299, 297, '277 266 286 254 266 259 270 280 252 278 281 259 282 218 290 220 ' ,'0 0 0 0 0 0 0 0 0 0 0 0 0 0 0 0 ' ,73 ,2 ,2, 2
304 ,301, 296, '269 276 231 272 243 276 250 283 258 290 226 285 185 265 268 280 ' ,'0 0 0 0 0 0 0 0 0 0 0 0 0 0 0 0 ' ,107 ,2 ,1, 1
294 ,301, 287, '272 251 232 271 276 272 255 255 263 280 273 266 238 260 278 238 ' ,'0 0 0 0 0 0 0 0 0 0 0 0 0 0 0 0 ' ,51 ,1 ,2, 2
293 ,290, 286, '239 256 266 264 264 213 235 252 265 253 275 278 246 279 274 228 ' ,'0 0 0 0 0 0 0 0 0 0 0 0 0 0 0 0 ' ,67 ,2 ,1, 1
278 ,290, 270, '250 240 241 251 254 224 230 237 199 249 242 242 252 255 262 259 ' ,'0 0 0 0 0 0 0 0 0 0 0 0 0 0 0 0 ' ,65 ,2 ,1, 1
288 ,273, 281, '230 254 236 256 260 259 236 237 229 239 242 265 210 273 252 234 ' ,'0 0 0 0 0 0 0 0 0 0 0 0 0 0 0 0 ' ,66 ,2 ,2, 1
265 ,284, 258, '216 234 198 236 233 249 237 216 217 221 240 251 218 207 224 243 ' ,'0 0 0 0 0 0 0 0 0 0 0 0 0 0 0 0 ' ,56 ,2 ,1, 1
262 ,261, 255, '214 223 218 205 192 234 226 208 223 230 222 214 223 248 226 211 ' ,'0 0 0 0 0 0 0 0 0 0 0 0 0 0 0 0 ' ,59 ,2 ,1, 1
252 ,258, 245, '227 228 207 237 186 215 236 239 208 209 237 216 204 233 230 225 ' ,'0 0 0 0 0 0 0 0 0 0 0 0 0 0 0 0 ' ,55 ,2 ,1, 1
263 ,252, 256, '227 203 225 214 243 244 221 214 185 227 230 249 221 237 221 227 ' ,'0 0 0 0 0 0 0 0 0 0 0 0 0 0 0 0 ' ,66 ,2 ,1, 1
259 ,260, 251, '236 240 222 219 224 230 222 243 237 239 244 242 234 229 220 201 ' ,'0 0 0 0 0 0 0 0 0 0 0 0 0 0 0 0 ' ,44 ,2 ,1, 1
276 ,255, 267, '238 207 244 241 256 211 250 251 232 233 260 245 229 256 253 232 ' ,'0 0 0 0 0 0 0 0 0 0 0 0 0 0 0 0 ' ,56 ,2 ,1, 1
283 ,271, 276, '228 250 221 256 264 248 241 230 211 210 270 233 242 267 258 238 ' ,'0 0 0 0 0 0 0 0 0 0 0 0 0 0 0 0 ' ,62 ,2 ,1, 1
289 ,279, 280, '241 224 247 260 255 264 245 256 267 243 273 242 243 269 254 232 ' ,'0 0 0 0 0 0 0 0 0 0 0 0 0 0 0 0 ' ,51 ,2 ,1, 1
306 ,283, 298, '235 250 258 215 287 270 274 227 280 291 251 260 254 251 230 259 ' ,'0 0 0 0 0 0 0 0 0 0 0 0 0 0 0 0 ' ,78 ,2 ,1, 1
343 ,303, 336, '257 328 267 247 277 288 291 265 263 245 249 264 272 293 295 248 ' ,'0 64 0 0 0 0 0 0 0 0 0 0 0 0 0 0 ' ,85 ,2 ,1, 1
305 ,340, 297, '267 236 247 263 273 269 259 242 233 251 258 256 245 289 284 264 ' ,'0 0 0 0 0 0 0 0 0 0 0 0 0 0 0 0 ' ,58 ,2 ,1, 1
280 ,300, 273, '256 245 241 204 244 257 244 258 217 252 246 260 243 264 266 242 ' ,'0 0 0 0 0 0 0 0 0 0 0 0 0 0 0 0 ' ,64 ,2 ,1, 1
271 ,276, 264, '238 227 200 211 205 257 196 237 210 238 201 243 227 251 251 229 ' ,'0 0 0 0 0 0 0 0 0 0 0 0 0 0 0 0 ' ,62 ,2 ,1, 1
254 ,267, 248, '234 226 232 224 224 217 227 224 211 218 217 203 204 241 222 231 ' ,'0 0 0 0 0 0 0 0 0 0 0 0 0 0 0 0 ' ,41 ,2 ,1, 1
262 ,252, 256, '227 226 199 230 245 227 223 234 236 234 231 248 248 226 239 245 ' ,'0 0 0 0 0 0 0 0 0 0 0 0 0 0 0 0 ' ,51 ,2 ,1, 1
260 ,259, 253, '214 229 177 230 242 229 216 226 242 206 214 237 234 246 244 238 ' ,'0 0 0 0 0 0 0 0 0 0 0 0 0 0 0 0 ' ,72 ,2 ,1, 1
265 ,256, 257, '213 239 213 235 241 217 231 213 242 226 228 244 246 210 231 249 ' ,'0 0 0 0 0 0 0 0 0 0 0 0 0 0 0 0 ' ,42 ,2 ,1, 1
257 ,260, 250, '234 226 231 221 204 221 209 224 224 226 223 243 235 204 235 207 ' ,'0 0 0 0 0 0 0 0 0 0 0 0 0 0 0 0 ' ,42 ,2 ,1, 1
284 ,254, 277, '255 215 233 212 246 251 242 255 254 230 231 269 240 236 258 241 ' ,'0 0 0 0 0 0 0 0 0 0 0 0 0 0 0 0 ' ,60 ,2 ,1, 1
280 ,280, 273, '265 255 253 254 260 253 262 245 241 225 242 263 244 240 243 252 ' ,'0 0 0 0 0 0 0 0 0 0 0 0 0 0 0 0 ' ,42 ,2 ,1, 1
309 ,276, 299, '267 268 275 233 265 263 245 258 245 222 257 291 233 260 243 255 ' ,'0 0 0 0 0 0 0 0 0 0 0 0 0 0 0 0 ' ,68 ,2 ,1, 1
301 ,305, 295, '266 279 284 248 253 234 274 287 275 245 262 239 227 244 204 278 ' ,'0 0 0 0 0 0 0 0 0 0 0 0 0 0 0 0 ' ,85 ,2 ,1, 1
309 ,299, 301, '290 265 272 266 236 229 229 294 274 278 273 253 244 280 276 227 ' ,'0 0 0 0 0 0 0 0 0 0 0 0 0 0 0 0 ' ,68 ,2 ,1, 1
315 ,306, 308, '268 276 245 293 237 273 279 274 257 274 275 282 286 278 285 300 ' ,'0 0 0 0 0 0 0 0 0 0 0 0 0 0 0 0 ' ,66 ,2 ,1, 1
308 ,312, 300, '279 261 258 186 273 271 271 287 261 292 269 284 263 234 232 269 ' ,'0 0 0 0 0 0 0 0 0 0 0 0 0 0 0 0 ' ,109 ,2 ,1, 1
284 ,304, 277, '229 252 264 219 246 230 255 260 244 263 220 269 221 245 236 226 ' ,'0 0 0 0 0 0 0 0 0 0 0 0 0 0 0 0 ' ,54 ,2 ,1, 1
276 ,281, 268, '231 185 246 201 222 216 211 227 235 240 225 204 260 213 238 255 ' ,'0 0 0 0 0 0 0 0 0 0 0 0 0 0 0 0 ' ,79 ,2 ,1, 1
252 ,271, 245, '206 192 214 183 214 199 227 238 224 210 188 194 230 234 195 205 ' ,'0 0 0 0 0 0 0 0 0 0 0 0 0 0 0 0 ' ,57 ,2 ,1, 1
257 ,248, 250, '210 222 220 219 210 216 226 233 214 177 222 210 229 240 232 243 ' ,'0 0 0 0 0 0 0 0 0 0 0 0 0 0 0 0 ' ,67 ,2 ,1, 1
256 ,254, 248, '220 232 202 208 220 238 216 238 228 203 212 193 211 241 234 227 ' ,'0 0 0 0 0 0 0 0 0 0 0 0 0 0 0 0 ' ,50 ,3 ,1, 1
267 ,254, 260, '222 213 225 213 221 210 247 249 244 235 209 231 226 212 225 252 ' ,'0 0 0 0 0 0 0 0 0 0 0 0 0 0 0 0 ' ,46 ,2 ,1, 1
292 ,266, 285, '253 251 256 249 243 247 250 199 239 219 208 242 247 247 231 276 ' ,'0 0 0 0 0 0 0 0 0 0 0 0 0 0 0 0 ' ,80 ,2 ,1, 1
272 ,288, 263, '249 244 206 240 239 248 244 247 245 237 240 252 250 222 224 254 ' ,'0 0 0 0 0 0 0 0 0 0 0 0 0 0 0 0 ' ,52 ,3 ,1, 1
284 ,268, 277, '262 245 228 237 225 245 200 263 257 245 215 269 245 261 265 222 ' ,'0 0 0 0 0 0 0 0 0 0 0 0 0 0 0 0 ' ,71 ,2 ,1, 1
292 ,282, 285, '270 254 245 239 225 234 266 267 265 230 266 228 220 250 275 277 ' ,'0 0 0 0 0 0 0 0 0 0 0 0 0 0 0 0 ' ,58 ,2 ,1, 1
307 ,290, 298, '247 251 258 262 240 239 280 281 256 239 264 264 280 233 289 230 ' ,'0 0 0 0 0 0 0 0 0 0 0 0 0 0 0 0 ' ,62 ,3 ,1, 1
305 ,303, 296, '272 255 259 252 256 257 270 278 263 270 257 272 263 287 278 286 ' ,'0 0 0 0 0 0 0 0 0 0 0 0 0 0 0 0 ' ,39 ,3 ,1, 1
322 ,300, 315, '284 246 275 264 237 253 295 255 260 260 281 264 291 262 284 306 ' ,'0 0 0 0 0 0 0 0 0 0 0 0 0 0 0 0 ' ,71 ,2 ,1, 1
324 ,318, 315, '270 255 247 260 294 262 277 291 250 236 242 240 282 307 261 280 ' ,'0 0 0 0 0 0 0 0 0 0 0 0 0 0 0 0 ' ,73 ,2 ,2, 2
285 ,321, 278, '216 253 247 216 264 231 270 257 232 262 251 263 232 238 257 236 ' ,'0 0 0 0 0 0 0 0 0 0 0 0 0 0 0 0 ' ,57 ,3 ,1, 1
286 ,281, 279, '241 211 264 218 225 251 237 244 231 240 216 227 271 234 217 219 ' ,'0 0 0 0 0 0 0 0 0 0 0 0 0 0 0 0 ' ,62 ,2 ,1, 1
259 ,283, 251, '221 224 222 207 187 191 201 229 200 243 210 208 232 228 214 202 ' ,'0 0 0 0 0 0 0 0 0 0 0 0 0 0 0 0 ' ,59 ,3 ,1, 1
265 ,255, 258, '221 221 233 211 211 227 210 235 198 250 207 227 213 231 177 213 ' ,'0 0 0 0 0 0 0 0 0 0 0 0 0 0 0 0 ' ,77 ,2 ,1, 1
265 ,261, 258, '207 196 230 217 223 219 240 198 223 235 209 208 251 229 172 217 ' ,'0 0 0 0 0 0 0 0 0 0 0 0 0 0 0 0 ' ,81 ,3 ,1, 1
259 ,263, 252, '217 240 212 219 222 193 234 215 207 230 214 233 218 221 204 243 ' ,'0 0 0 0 0 0 0 0 0 0 0 0 0 0 0 0 ' ,54 ,3 ,1, 1
271 ,255, 263, '222 203 227 155 211 239 205 232 199 238 185 235 203 244 201 255 ' ,'0 0 0 0 0 0 0 0 0 0 0 0 0 0 0 0 ' ,104 ,2 ,1, 1
263 ,270, 257, '210 231 249 225 199 225 225 221 217 234 228 231 235 214 206 231 ' ,'0 0 0 0 0 0 0 0 0 0 0 0 0 0 0 0 ' ,52 ,2 ,1, 1
259 ,259, 252, '238 226 202 214 236 207 212 222 211 195 244 207 230 221 203 243 ' ,'0 0 0 0 0 0 0 0 0 0 0 0 0 0 0 0 ' ,52 ,3 ,1, 1
295 ,256, 287, '226 245 265 254 258 230 228 252 231 246 217 259 244 241 245 278 ' ,'0 0 0 0 0 0 0 0 0 0 0 0 0 0 0 0 ' ,64 ,2 ,1, 1
299 ,291, 292, '241 234 221 237 242 247 246 247 259 228 242 284 197 200 264 187 ' ,'0 0 0 0 0 0 0 0 0 0 0 0 0 0 0 0 ' ,99 ,3 ,1, 1
298 ,296, 291, '277 258 278 242 262 256 274 262 261 282 235 243 244 225 261 262 ' ,'0 0 0 0 0 0 0 0 0 0 0 0 0 0 0 0 ' ,60 ,3 ,1, 1
316 ,294, 307, '254 227 251 252 268 277 279 248 276 234 281 298 242 270 276 277 ' ,'0 0 0 0 0 0 0 0 0 0 0 0 0 0 0 0 ' ,74 ,3 ,1, 1
520 ,310, 513, '263 284 263 254 259 282 255 257 277 261 277 240 263 283 251 229 ' ,'0 0 0 0 0 0 0 0 0 0 0 0 0 0 0 0 ' ,277 ,3 ,1, 1
291 ,519, 284, '246 262 237 197 248 263 262 234 209 268 252 228 263 275 223 236 ' ,'0 0 0 0 0 0 0 0 0 0 0 0 0 0 0 0 ' ,82 ,3 ,2, 2
280 ,287, 273, '221 249 260 212 223 257 251 205 240 237 224 241 233 265 214 221 ' ,'0 0 0 0 0 0 0 0 0 0 0 0 0 0 0 0 ' ,63 ,3 ,1, 1
265 ,277, 258, '220 225 236 196 236 221 233 239 213 250 200 215 210 241 234 234 ' ,'0 0 0 0 0 0 0 0 0 0 0 0 0 0 0 0 ' ,58 ,3 ,1, 1
238 ,261, 232, '175 212 196 203 207 201 203 208 223 212 204 224 213 222 199 203 ' ,'0 0 0 0 0 0 0 0 0 0 0 0 0 0 0 0 ' ,52 ,3 ,1, 1
256 ,235, 249, '206 224 220 180 225 216 233 220 190 240 225 220 230 241 179 238 ' ,'0 0 0 0 0 0 0 0 0 0 0 0 0 0 0 0 ' ,64 ,2 ,1, 1
252 ,252, 245, '198 184 199 220 225 202 230 228 187 236 206 226 212 180 216 192 ' ,'0 0 0 0 0 0 0 0 0 0 0 0 0 0 0 0 ' ,59 ,3 ,1, 1
265 ,248, 258, '184 213 199 223 209 231 224 207 203 203 203 230 223 227 204 250 ' ,'0 0 0 0 0 0 0 0 0 0 0 0 0 0 0 0 ' ,70 ,3 ,1, 1
261 ,261, 253, '209 245 231 238 211 213 218 232 235 240 196 230 226 241 220 204 ' ,'0 0 0 0 0 0 0 0 0 0 0 0 0 0 0 0 ' ,52 ,3 ,1, 1
294 ,259, 285, '244 232 222 254 237 198 228 237 224 235 221 279 201 246 252 218 ' ,'0 0 0 0 0 0 0 0 0 0 0 0 0 0 0 0 ' ,83 ,3 ,1, 1
286 ,291, 279, '236 226 215 256 264 255 197 265 239 222 249 249 263 210 270 217 ' ,'0 0 0 0 0 0 0 0 0 0 0 0 0 0 0 0 ' ,75 ,2 ,1, 1
289 ,283, 281, '261 245 255 241 254 243 266 267 246 254 224 245 268 217 246 272 ' ,'0 0 0 0 0 0 0 0 0 0 0 0 0 0 0 0 ' ,59 ,3 ,1, 1
303 ,288, 296, '250 263 224 228 236 281 281 269 258 246 265 256 263 249 284 282 ' ,'0 0 0 0 0 0 0 0 0 0 0 0 0 0 0 0 ' ,63 ,2 ,1, 1
312 ,299, 304, '254 247 296 239 271 268 274 273 252 267 273 290 282 262 276 261 ' ,'0 0 0 0 0 0 0 0 0 0 0 0 0 0 0 0 ' ,60 ,3 ,2, 2
311 ,307, 302, '233 247 273 204 227 259 251 271 292 289 212 272 259 204 281 284 ' ,'0 0 0 0 0 0 0 0 0 0 0 0 0 0 0 0 ' ,92 ,2 ,2, 1
304 ,305, 295, '263 223 244 249 259 267 259 250 261 254 253 261 286 239 262 218 ' ,'0 0 0 0 0 0 0 0 0 0 0 0 0 0 0 0 ' ,70 ,2 ,1, 1
293 ,298, 286, '222 262 259 202 246 275 236 263 221 262 216 228 194 240 254 250 ' ,'0 0 0 0 0 0 0 0 0 0 0 0 0 0 0 0 ' ,82 ,3 ,2, 2
277 ,288, 269, '226 225 221 224 233 245 259 259 244 256 235 259 222 250 256 228 ' ,'0 0 0 0 0 0 0 0 0 0 0 0 0 0 0 0 ' ,42 ,2 ,1, 1
261 ,273, 255, '223 219 207 214 243 246 230 243 192 236 233 229 204 219 219 203 ' ,'0 0 0 0 0 0 0 0 0 0 0 0 0 0 0 0 ' ,56 ,2 ,1, 1
253 ,258, 247, '212 225 231 227 231 208 214 224 224 227 212 205 205 237 224 215 ' ,'0 0 0 0 0 0 0 0 0 0 0 0 0 0 0 0 ' ,35 ,2 ,1, 1
261 ,249, 255, '232 217 217 221 215 246 223 226 194 227 223 239 209 217 236 201 ' ,'0 0 0 0 0 0 0 0 0 0 0 0 0 0 0 0 ' ,55 ,3 ,1, 1
264 ,258, 258, '195 205 208 235 232 191 231 205 217 230 246 246 203 211 200 216 ' ,'0 0 0 0 0 0 0 0 0 0 0 0 0 0 0 0 ' ,58 ,3 ,1, 1
271 ,260, 265, '231 217 252 239 233 226 203 227 249 207 197 239 232 226 218 255 ' ,'0 0 0 0 0 0 0 0 0 0 0 0 0 0 0 0 ' ,61 ,2 ,1, 1
279 ,269, 272, '217 257 235 244 239 257 239 257 239 253 227 263 229 249 246 247 ' ,'0 0 0 0 0 0 0 0 0 0 0 0 0 0 0 0 ' ,50 ,3 ,1, 1
503 ,277, 497, '241 241 260 278 275 257 252 251 273 261 266 276 229 241 221 267 ' ,'0 0 0 0 0 0 0 0 0 0 0 0 0 0 0 0 ' ,269 ,3 ,1, 1
292 ,500, 285, '258 219 241 276 265 257 256 268 263 237 227 249 241 268 269 266 ' ,'0 0 0 0 0 0 0 0 0 0 0 0 0 0 0 0 ' ,59 ,2 ,2, 2
305 ,288, 298, '261 276 223 223 267 284 276 284 272 278 267 268 225 270 271 271 ' ,'0 0 0 0 0 0 0 0 0 0 0 0 0 0 0 0 ' ,65 ,2 ,2, 2
317 ,300, 308, '285 246 245 232 296 297 291 272 259 257 276 255 228 225 288 263 ' ,'0 0 0 0 0 0 0 0 0 0 0 0 0 0 0 0 ' ,75 ,3 ,2, 2
322 ,311, 316, '277 264 269 286 263 274 254 276 259 283 264 306 280 251 265 253 ' ,'0 0 0 0 0 0 0 0 0 0 0 0 0 0 0 0 ' ,59 ,3 ,2, 2
309 ,318, 302, '277 275 243 219 261 262 278 290 283 272 292 274 228 242 254 256 ' ,'0 0 0 0 0 0 0 0 0 0 0 0 0 0 0 0 ' ,77 ,3 ,2, 2
313 ,305, 307, '245 285 286 218 285 253 280 276 257 289 280 226 257 272 253 295 ' ,'0 0 0 0 0 0 0 0 0 0 0 0 0 0 0 0 ' ,82 ,3 ,3, 3
309 ,310, 302, '251 263 292 184 277 248 267 274 226 276 256 257 261 253 275 278 ' ,'0 0 0 0 0 0 0 0 0 0 0 0 0 0 0 0 ' ,112 ,2 ,2, 2
292 ,304, 284, '268 253 262 220 258 272 248 227 231 271 252 244 251 210 261 241 ' ,'0 0 0 0 0 0 0 0 0 0 0 0 0 0 0 0 ' ,68 ,3 ,2, 2
281 ,289, 274, '243 215 212 218 257 235 228 241 234 228 235 228 242 251 262 263 ' ,'0 0 0 0 0 0 0 0 0 0 0 0 0 0 0 0 ' ,55 ,2 ,1, 1
266 ,276, 259, '220 231 246 218 245 228 242 215 222 250 212 223 224 244 191 222 ' ,'0 0 0 0 0 0 0 0 0 0 0 0 0 0 0 0 ' ,61 ,2 ,1, 1
268 ,262, 262, '212 212 232 227 214 217 217 203 198 228 217 218 252 225 231 226 ' ,'0 0 0 0 0 0 0 0 0 0 0 0 0 0 0 0 ' ,57 ,2 ,2, 2
264 ,265, 255, '223 235 224 239 240 242 231 244 208 213 209 217 225 208 240 203 ' ,'0 0 0 0 0 0 0 0 0 0 0 0 0 0 0 0 ' ,45 ,3 ,2, 2
266 ,260, 259, '207 208 249 228 241 237 199 240 224 247 219 234 230 213 213 225 ' ,'0 0 0 0 0 0 0 0 0 0 0 0 0 0 0 0 ' ,54 ,3 ,1, 1
259 ,262, 253, '209 240 218 240 236 226 191 237 224 207 227 243 205 208 204 238 ' ,'0 0 0 0 0 0 0 0 0 0 0 0 0 0 0 0 ' ,55 ,3 ,2, 2
274 ,259, 268, '223 218 253 253 215 249 216 254 249 251 240 254 257 254 221 242 ' ,'0 0 0 0 0 0 0 0 0 0 0 0 0 0 0 0 ' ,46 ,3 ,2, 2
309 ,270, 302, '234 221 271 259 247 266 234 256 212 267 260 290 252 218 246 260 ' ,'0 0 0 0 0 0 0 0 0 0 0 0 0 0 0 0 ' ,80 ,3 ,2, 2
303 ,304, 296, '267 258 243 222 258 269 254 278 241 279 285 285 225 280 221 264 ' ,'0 0 0 0 0 0 0 0 0 0 0 0 0 0 0 0 ' ,67 ,3 ,2, 2
546 ,298, 538, '251 290 245 286 244 247 280 286 260 281 257 283 243 283 265 270 ' ,'0 0 0 0 0 0 0 0 0 0 0 0 0 0 0 0 ' ,287 ,3 ,2, 2
309 ,541, 301, '276 252 277 228 284 244 278 236 236 290 279 248 238 264 278 225 ' ,'0 0 0 0 0 0 0 0 0 0 0 0 0 0 0 0 ' ,68 ,3 ,2, 2
291 ,305, 284, '267 251 254 257 267 235 273 272 231 244 243 239 259 230 252 198 ' ,'0 0 0 0 0 0 0 0 0 0 0 0 0 0 0 0 ' ,78 ,3 ,2, 2
279 ,286, 272, '236 229 177 223 243 236 250 246 221 230 216 244 190 248 220 260 ' ,'0 0 0 0 0 0 0 0 0 0 0 0 0 0 0 0 ' ,87 ,2 ,1, 1
273 ,275, 265, '204 236 218 238 251 233 248 250 244 232 235 243 255 226 238 238 ' ,'0 0 0 0 0 0 0 0 0 0 0 0 0 0 0 0 ' ,54 ,2 ,2, 2
269 ,268, 262, '193 229 240 222 228 225 233 222 230 222 245 234 232 233 254 236 ' ,'0 0 0 0 0 0 0 0 0 0 0 0 0 0 0 0 ' ,63 ,2 ,1, 1
262 ,265, 254, '177 209 247 175 208 222 223 220 212 235 200 221 209 211 198 181 ' ,'0 0 0 0 0 0 0 0 0 0 0 0 0 0 0 0 ' ,74 ,1 ,1, 1
254 ,257, 248, '217 237 188 227 199 239 217 220 201 229 232 229 231 184 203 228 ' ,'0 0 0 0 0 0 0 0 0 0 0 0 0 0 0 0 ' ,57 ,3 ,1, 1
263 ,251, 255, '224 213 230 212 246 217 207 216 192 213 242 197 245 184 231 226 ' ,'0 0 0 0 0 0 0 0 0 0 0 0 0 0 0 0 ' ,66 ,3 ,1, 1
262 ,259, 254, '215 215 213 215 226 219 231 232 201 231 215 233 245 221 225 195 ' ,'0 0 0 0 0 0 0 0 0 0 0 0 0 0 0 0 ' ,53 ,3 ,1, 1
263 ,258, 257, '213 207 247 213 197 220 208 235 217 205 204 233 247 184 219 224 ' ,'0 0 0 0 0 0 0 0 0 0 0 0 0 0 0 0 ' ,66 ,3 ,1, 1
259 ,259, 253, '211 195 215 194 222 198 205 179 200 211 216 182 188 225 243 205 ' ,'0 0 0 0 0 0 0 0 0 0 0 0 0 0 0 0 ' ,68 ,3 ,1, 1
247 ,255, 240, '193 211 227 191 192 216 185 182 219 185 213 227 174 211 230 191 ' ,'0 0 0 0 0 0 0 0 0 0 0 0 0 0 0 0 ' ,59 ,3 ,1, 1
261 ,243, 255, '213 207 208 213 216 191 215 207 213 245 234 203 171 220 204 209 ' ,'0 0 0 0 0 0 0 0 0 0 0 0 0 0 0 0 ' ,78 ,3 ,1, 1
260 ,257, 254, '184 210 199 205 185 197 207 214 184 228 242 233 208 198 192 208 ' ,'0 0 0 0 0 0 0 0 0 0 0 0 0 0 0 0 ' ,62 ,4 ,2, 2
468 ,256, 461, '217 221 206 225 191 199 234 226 217 238 203 226 205 197 206 220 ' ,'0 0 0 0 0 0 0 0 0 0 0 0 0 0 0 0 ' ,265 ,3 ,1, 1
282 ,464, 275, '259 252 205 219 237 222 243 255 223 249 239 244 221 265 224 184 ' ,'0 0 0 0 0 0 0 0 0 0 0 0 0 0 0 0 ' ,84 ,3 ,1, 1
289 ,279, 282, '239 234 240 211 247 202 238 271 239 245 225 265 207 242 230 272 ' ,'0 0 0 0 0 0 0 0 0 0 0 0 0 0 0 0 ' ,73 ,3 ,1, 1
307 ,286, 300, '263 259 249 229 287 228 267 225 239 222 240 266 267 241 281 233 ' ,'0 0 0 0 0 0 0 0 0 0 0 0 0 0 0 0 ' ,71 ,3 ,2, 2
303 ,304, 296, '251 247 206 268 283 248 235 251 269 271 249 267 213 229 266 210 ' ,'0 0 0 0 0 0 0 0 0 0 0 0 0 0 0 0 ' ,80 ,4 ,2, 2
299 ,299, 292, '254 192 281 214 273 241 251 260 237 262 263 281 224 242 235 171 ' ,'0 0 0 0 0 0 0 0 0 0 0 0 0 0 0 0 ' ,113 ,3 ,1, 1
277 ,295, 269, '164 217 250 226 228 254 243 248 231 260 232 226 242 246 237 200 ' ,'0 0 0 0 0 0 0 0 0 0 0 0 0 0 0 0 ' ,100 ,3 ,1, 1
272 ,274, 266, '225 217 233 223 247 255 240 225 237 238 233 251 215 220 215 204 ' ,'0 0 0 0 0 0 0 0 0 0 0 0 0 0 0 0 ' ,55 ,3 ,2, 2
265 ,268, 259, '222 235 205 196 219 248 212 219 222 233 220 180 225 231 243 221 ' ,'0 0 0 0 0 0 0 0 0 0 0 0 0 0 0 0 ' ,71 ,3 ,2, 2
260 ,261, 252, '241 225 191 180 193 223 218 231 229 194 214 242 236 227 226 212 ' ,'0 0 0 0 0 0 0 0 0 0 0 0 0 0 0 0 ' ,66 ,3 ,1, 1
279 ,257, 272, '216 182 238 222 205 213 232 202 227 228 209 261 241 247 218 226 ' ,'0 0 0 0 0 0 0 0 0 0 0 0 0 0 0 0 ' ,83 ,3 ,2, 2
249 ,274, 243, '209 209 213 194 220 218 200 197 182 213 219 232 177 219 189 221 ' ,'0 0 0 0 0 0 0 0 0 0 0 0 0 0 0 0 ' ,58 ,3 ,2, 2
244 ,245, 237, '206 213 192 170 208 217 193 225 206 221 178 218 227 205 207 201 ' ,'0 0 0 0 0 0 0 0 0 0 0 0 0 0 0 0 ' ,61 ,3 ,2, 2
268 ,240, 260, '214 213 232 228 208 230 228 209 207 222 249 224 230 242 172 213 ' ,'0 0 0 0 0 0 0 0 0 0 0 0 0 0 0 0 ' ,80 ,4 ,1, 1
288 ,262, 282, '197 263 239 248 236 221 231 266 270 231 267 263 199 261 246 266 ' ,'0 0 0 0 0 0 0 0 0 0 0 0 0 0 0 0 ' ,76 ,3 ,2, 2
295 ,284, 289, '218 230 260 278 240 213 259 249 206 237 258 228 248 267 206 266 ' ,'0 0 0 0 0 0 0 0 0 0 0 0 0 0 0 0 ' ,74 ,4 ,2, 2
297 ,291, 290, '256 250 260 250 271 229 265 273 251 266 257 221 263 274 277 260 ' ,'0 0 0 0 0 0 0 0 0 0 0 0 0 0 0 0 ' ,61 ,4 ,1, 1
313 ,293, 304, '266 261 210 236 251 274 277 273 242 286 275 269 242 271 292 248 ' ,'0 0 0 0 0 0 0 0 0 0 0 0 0 0 0 0 ' ,88 ,3 ,2, 2
317 ,306, 310, '276 283 255 255 277 281 281 294 255 266 253 298 267 273 238 253 ' ,'0 0 0 0 0 0 0 0 0 0 0 0 0 0 0 0 ' ,63 ,3 ,2, 2
294 ,312, 288, '263 256 264 246 276 266 237 248 256 268 261 273 256 252 265 273 ' ,'0 0 0 0 0 0 0 0 0 0 0 0 0 0 0 0 ' ,42 ,4 ,3, 3
282 ,289, 275, '219 260 244 228 264 207 242 258 245 262 244 252 193 222 259 224 ' ,'0 0 0 0 0 0 0 0 0 0 0 0 0 0 0 0 ' ,75 ,4 ,2, 2
292 ,278, 286, '241 229 201 209 245 238 237 226 234 272 212 274 252 205 269 224 ' ,'0 0 0 0 0 0 0 0 0 0 0 0 0 0 0 0 ' ,77 ,3 ,1, 1
268 ,288, 261, '250 221 237 214 238 203 239 194 199 220 219 218 224 248 247 250 ' ,'0 0 0 0 0 0 0 0 0 0 0 0 0 0 0 0 ' ,60 ,3 ,1, 1
264 ,264, 257, '214 216 207 218 210 227 217 228 245 202 229 241 232 213 215 226 ' ,'0 0 0 0 0 0 0 0 0 0 0 0 0 0 0 0 ' ,48 ,4 ,1, 1
275 ,262, 269, '215 193 210 198 227 248 220 223 221 195 241 236 236 258 249 216 ' ,'0 0 0 0 0 0 0 0 0 0 0 0 0 0 0 0 ' ,68 ,4 ,2, 2
248 ,271, 242, '189 218 192 229 203 229 201 210 226 213 225 229 220 224 228 183 ' ,'0 0 0 0 0 0 0 0 0 0 0 0 0 0 0 0 ' ,52 ,4 ,1, 1
244 ,244, 237, '165 215 211 215 220 222 220 222 210 199 226 193 208 228 218 201 ' ,'0 0 0 0 0 0 0 0 0 0 0 0 0 0 0 0 ' ,67 ,4 ,1, 1
271 ,239, 265, '218 216 208 193 199 202 212 242 208 240 223 251 197 201 214 170 ' ,'0 0 0 0 0 0 0 0 0 0 0 0 0 0 0 0 ' ,85 ,4 ,1, 1
275 ,268, 267, '226 164 230 220 195 223 217 215 218 213 190 196 257 218 211 219 ' ,'0 0 0 0 0 0 0 0 0 0 0 0 0 0 0 0 ' ,96 ,3 ,1, 1
257 ,270, 250, '236 199 210 190 210 202 222 221 209 206 210 238 219 215 214 192 ' ,'0 0 0 0 0 0 0 0 0 0 0 0 0 0 0 0 ' ,53 ,4 ,2, 2
269 ,253, 263, '233 217 249 230 242 217 245 249 223 187 227 249 221 215 188 230 ' ,'0 0 0 0 0 0 0 0 0 0 0 0 0 0 0 0 ' ,68 ,4 ,2, 2
296 ,265, 289, '245 240 276 232 243 240 266 260 216 236 215 275 257 246 221 278 ' ,'0 0 0 0 0 0 0 0 0 0 0 0 0 0 0 0 ' ,67 ,3 ,1, 1
302 ,292, 295, '229 228 260 284 258 256 265 216 228 256 239 228 255 242 246 283 ' ,'0 0 0 0 0 0 0 0 0 0 0 0 0 0 0 0 ' ,71 ,4 ,2, 2
308 ,297, 301, '271 237 259 291 259 256 264 259 247 232 234 240 252 254 229 245 ' ,'0 0 0 0 0 0 0 0 0 0 0 0 0 0 0 0 ' ,64 ,4 ,2, 2
298 ,303, 292, '279 277 264 250 229 232 280 259 226 259 230 242 273 206 273 270 ' ,'0 0 0 0 0 0 0 0 0 0 0 0 0 0 0 0 ' ,78 ,4 ,2, 2
309 ,296, 303, '253 269 256 273 291 284 254 276 262 286 281 284 268 288 279 269 ' ,'0 0 0 0 0 0 0 0 0 0 0 0 0 0 0 0 ' ,40 ,4 ,3, 3
314 ,305, 307, '290 244 255 281 263 224 245 285 279 238 284 268 269 288 295 233 ' ,'0 0 0 0 0 0 0 0 0 0 0 0 0 0 0 0 ' ,75 ,4 ,1, 1
316 ,311, 309, '261 280 231 257 278 261 266 232 263 229 241 296 253 269 269 251 ' ,'0 0 0 0 0 0 0 0 0 0 0 0 0 0 0 0 ' ,72 ,4 ,2, 2
312 ,311, 304, '281 233 241 288 268 265 252 245 272 265 238 289 275 196 274 275 ' ,'0 0 0 0 0 0 0 0 0 0 0 0 0 0 0 0 ' ,98 ,4 ,5, 5
306 ,307, 298, '258 248 257 253 257 261 253 276 286 271 232 270 260 251 239 252 ' ,'0 0 0 0 0 0 0 0 0 0 0 0 0 0 0 0 ' ,58 ,4 ,2, 2
294 ,301, 283, '242 242 242 220 234 271 236 226 235 242 223 263 249 232 263 217 ' ,'0 0 0 0 0 0 0 0 0 0 0 0 0 0 0 0 ' ,56 ,4 ,1, 1
276 ,285, 268, '235 223 238 219 234 255 225 217 215 251 239 248 257 213 241 238 ' ,'0 0 0 0 0 0 0 0 0 0 0 0 0 0 0 0 ' ,48 ,4 ,2, 2
249 ,271, 241, '222 189 201 197 203 216 200 221 185 222 217 228 216 228 206 199 ' ,'0 0 0 0 0 0 0 0 0 0 0 0 0 0 0 0 ' ,48 ,3 ,1, 1
258 ,243, 251, '204 231 208 218 235 183 200 219 204 215 225 240 231 226 220 236 ' ,'0 0 0 0 0 0 0 0 0 0 0 0 0 0 0 0 ' ,60 ,3 ,1, 1
270 ,256, 264, '226 209 230 193 188 224 226 234 201 224 213 213 250 236 231 220 ' ,'0 0 0 0 0 0 0 0 0 0 0 0 0 0 0 0 ' ,69 ,4 ,1, 1
272 ,269, 266, '205 230 202 181 206 200 230 194 224 232 237 191 254 191 181 198 ' ,'0 0 0 0 0 0 0 0 0 0 0 0 0 0 0 0 ' ,78 ,4 ,1, 1
