69 ,959, 52, '38 43 38 45 42 34 40 42 ' ,'0 0 0 0 0 0 0 0 ' ,9 ,0 ,3, 3
801 ,59, 791, '708 757 730 783 763 751 778 753 ' ,'0 0 0 0 0 0 0 0 ' ,74 ,0 ,4, 4
894 ,796, 885, '853 847 849 834 876 859 835 816 ' ,'0 0 0 0 0 0 0 0 ' ,60 ,0 ,5, 5
984 ,889, 975, '916 930 964 951 923 926 961 904 ' ,'0 0 0 0 0 0 0 0 ' ,61 ,0 ,5, 5
1009 ,980, 998, '956 948 938 916 988 968 940 918 ' ,'0 0 0 0 0 0 0 0 ' ,72 ,0 ,6, 6
1012 ,1002, 1004, '908 959 993 917 927 988 980 931 ' ,'0 0 0 0 0 0 0 0 ' ,86 ,0 ,6, 6
1027 ,1009, 1020, '966 1001 994 966 935 986 1009 1005 ' ,'0 0 0 0 0 0 0 0 ' ,76 ,1 ,5, 5
937 ,1023, 930, '859 922 846 853 909 877 896 864 ' ,'0 0 0 0 0 0 0 0 ' ,74 ,0 ,5, 5
859 ,933, 852, '834 844 777 803 820 808 841 835 ' ,'0 0 0 0 0 0 0 0 ' ,66 ,0 ,4, 4
826 ,855, 815, '807 743 783 780 808 775 790 755 ' ,'0 0 0 0 0 0 0 0 ' ,66 ,1 ,4, 4
863 ,820, 855, '816 816 818 798 849 796 828 828 ' ,'0 0 0 0 0 0 0 0 ' ,51 ,0 ,4, 4
901 ,861, 894, '839 815 885 837 840 815 848 814 ' ,'0 0 0 0 0 0 0 0 ' ,71 ,0 ,5, 5
967 ,898, 957, '935 891 940 906 876 899 944 890 ' ,'0 0 0 0 0 0 0 0 ' ,70 ,0 ,8, 8
1082 ,963, 1075, '935 951 984 933 953 983 945 974 ' ,'0 0 0 170 0 0 0 0 ' ,130 ,0 ,5, 5
1007 ,1081, 1000, '974 902 962 961 917 975 989 930 ' ,'0 0 0 0 0 0 0 0 ' ,89 ,1 ,6, 6
1067 ,1004, 1059, '1048 1034 1042 989 993 995 963 974 ' ,'0 0 0 0 0 0 0 0 ' ,85 ,0 ,6, 6
1012 ,1062, 999, '915 936 878 946 958 988 924 918 ' ,'0 0 0 0 0 0 0 0 ' ,111 ,0 ,6, 6
976 ,1004, 966, '933 946 953 929 893 871 946 934 ' ,'0 0 0 0 0 0 0 0 ' ,85 ,0 ,6, 6
996 ,972, 986, '915 977 943 926 924 916 934 879 ' ,'0 0 0 0 0 0 0 0 ' ,98 ,0 ,5, 5
985 ,990, 976, '896 941 964 909 940 926 874 850 ' ,'0 0 0 0 0 0 0 0 ' ,117 ,0 ,5, 5
1004 ,980, 997, '903 966 984 897 910 900 862 841 ' ,'0 0 0 0 0 0 0 0 ' ,146 ,0 ,5, 5
894 ,1000, 886, '795 805 837 856 860 859 849 877 ' ,'0 0 0 0 0 0 0 0 ' ,81 ,0 ,5, 5
871 ,891, 863, '832 855 854 799 824 842 798 829 ' ,'0 0 0 0 0 0 0 0 ' ,56 ,0 ,4, 4
898 ,866, 891, '855 861 881 830 857 871 821 865 ' ,'0 0 0 0 0 0 0 0 ' ,59 ,0 ,4, 4
1058 ,897, 1049, '1040 846 876 790 828 837 837 815 ' ,'185 0 0 0 0 0 0 0 ' ,251 ,0 ,5, 5
921 ,1053, 913, '875 881 902 859 852 899 892 872 ' ,'0 0 0 0 0 0 0 0 ' ,48 ,0 ,4, 4
1028 ,918, 1020, '952 986 979 990 940 1010 981 1005 ' ,'0 0 0 0 0 0 0 0 ' ,69 ,1 ,5, 5
1059 ,1026, 1051, '893 1042 1038 939 950 929 1009 964 ' ,'0 0 0 0 0 0 0 0 ' ,148 ,0 ,6, 6
1113 ,1055, 1105, '952 1068 1093 949 1018 972 1060 971 ' ,'0 0 0 0 0 0 0 0 ' ,145 ,0 ,6, 6
1182 ,1108, 1173, '961 1162 1032 954 933 1011 1033 918 ' ,'0 192 0 0 0 0 0 0 ' ,243 ,0 ,6, 6
1234 ,1176, 1226, '943 968 1214 954 906 916 962 956 ' ,'0 0 195 0 0 0 0 0 ' ,310 ,0 ,5, 5
1022 ,1230, 1016, '885 982 987 933 949 983 1004 914 ' ,'0 0 0 0 0 0 0 0 ' ,120 ,0 ,5, 5
930 ,1019, 921, '877 864 867 859 841 825 910 786 ' ,'0 0 0 0 0 0 0 0 ' ,126 ,1 ,5, 5
913 ,926, 902, '830 853 856 839 847 879 892 851 ' ,'0 0 0 0 0 0 0 0 ' ,62 ,1 ,4, 4
896 ,905, 889, '843 854 793 805 840 850 877 808 ' ,'0 0 0 0 0 0 0 0 ' ,85 ,1 ,5, 5
910 ,892, 903, '876 859 859 826 851 878 891 848 ' ,'0 0 0 0 0 0 0 0 ' ,68 ,1 ,5, 5
914 ,907, 906, '888 847 895 820 846 814 831 889 ' ,'0 0 0 0 0 0 0 0 ' ,83 ,1 ,5, 5
908 ,912, 899, '879 888 883 870 804 861 888 869 ' ,'0 0 0 0 0 0 0 0 ' ,87 ,1 ,4, 4
1004 ,906, 995, '928 962 935 828 904 870 982 896 ' ,'0 0 0 0 0 0 0 0 ' ,156 ,1 ,5, 5
1042 ,999, 1035, '936 1024 871 898 967 1003 1010 951 ' ,'0 0 0 0 0 0 0 0 ' ,154 ,1 ,6, 6
1055 ,1039, 1047, '903 979 949 1025 989 975 1034 1019 ' ,'0 0 0 0 0 0 0 0 ' ,133 ,1 ,6, 6
1210 ,1051, 1045, '1032 1025 983 911 1050 1027 1032 1158 ' ,'0 0 0 0 0 204 0 208 ' ,280 ,1 ,5, 5
1093 ,1205, 1086, '1033 1059 1023 997 1061 1029 1073 1015 ' ,'0 0 0 0 0 0 0 0 ' ,79 ,1 ,6, 6
1075 ,1090, 1065, '1053 1054 1023 976 999 1002 1023 977 ' ,'0 0 0 0 0 0 0 0 ' ,80 ,1 ,5, 5
878 ,1071, 869, '799 841 856 727 768 741 764 805 ' ,'0 0 0 0 0 0 0 0 ' ,130 ,1 ,7, 7
932 ,873, 923, '858 890 823 857 847 888 876 913 ' ,'0 0 0 0 0 0 0 0 ' ,90 ,2 ,4, 4
931 ,927, 923, '816 861 910 819 867 888 853 872 ' ,'0 0 0 0 0 0 0 0 ' ,97 ,1 ,5, 5
939 ,927, 928, '900 871 917 796 826 863 821 842 ' ,'0 0 0 0 0 0 0 0 ' ,122 ,0 ,4, 4
935 ,935, 927, '859 893 915 780 892 846 895 884 ' ,'0 0 0 0 0 0 0 0 ' ,137 ,0 ,5, 5
932 ,930, 924, '864 871 910 828 841 893 896 895 ' ,'0 0 0 0 0 0 0 0 ' ,85 ,0 ,5, 5
941 ,928, 932, '896 858 829 863 921 854 867 915 ' ,'0 0 0 0 0 0 0 0 ' ,92 ,0 ,5, 5
952 ,937, 945, '868 852 907 911 914 895 932 856 ' ,'0 0 0 0 0 0 0 0 ' ,82 ,0 ,6, 6
1090 ,949, 1082, '968 903 923 809 971 855 860 886 ' ,'0 0 0 0 0 0 0 0 ' ,262 ,0 ,6, 6
978 ,1087, 971, '908 959 933 864 890 863 907 890 ' ,'0 0 0 0 0 0 0 0 ' ,95 ,0 ,6, 6
1101 ,975, 1092, '966 1079 991 980 942 964 985 1038 ' ,'0 0 0 0 0 0 0 0 ' ,136 ,0 ,8, 8
938 ,1096, 930, '809 913 918 774 834 865 865 819 ' ,'0 0 0 0 0 0 0 0 ' ,145 ,0 ,5, 5
924 ,934, 915, '850 882 904 856 844 868 875 820 ' ,'0 0 0 0 0 0 0 0 ' ,85 ,0 ,5, 4
928 ,919, 920, '869 910 825 821 829 889 836 807 ' ,'0 0 0 0 0 0 0 0 ' ,103 ,0 ,5, 5
966 ,924, 957, '836 887 850 871 837 859 920 842 ' ,'0 0 0 0 0 0 0 0 ' ,86 ,1 ,5, 5
969 ,963, 960, '890 835 890 881 861 879 893 949 ' ,'0 0 0 0 0 0 0 0 ' ,115 ,1 ,5, 5
949 ,963, 941, '820 848 930 835 896 897 916 877 ' ,'0 0 0 0 0 0 0 0 ' ,110 ,0 ,4, 4
925 ,945, 917, '905 851 859 860 890 838 877 824 ' ,'0 0 0 0 0 0 0 0 ' ,84 ,1 ,5, 5
918 ,922, 909, '870 899 893 851 879 786 850 883 ' ,'0 0 0 0 0 0 0 0 ' ,113 ,1 ,5, 5
923 ,915, 915, '891 866 864 860 903 863 879 850 ' ,'0 0 0 0 0 0 0 0 ' ,53 ,1 ,5, 5
976 ,920, 968, '904 943 831 880 888 906 921 956 ' ,'0 0 0 0 0 0 0 0 ' ,124 ,1 ,5, 5
967 ,973, 958, '932 897 915 888 914 946 890 873 ' ,'0 0 0 0 0 0 0 0 ' ,74 ,1 ,5, 5
1018 ,964, 1010, '967 995 945 987 998 881 969 946 ' ,'0 0 0 0 0 0 0 0 ' ,114 ,1 ,6, 6
1009 ,1014, 1001, '931 990 858 947 893 975 981 954 ' ,'0 0 0 0 0 0 0 0 ' ,131 ,1 ,6, 6
962 ,1006, 954, '828 943 922 865 824 877 809 936 ' ,'0 0 0 0 0 0 0 0 ' ,132 ,0 ,5, 5
1013 ,958, 1005, '921 994 946 883 843 958 835 899 ' ,'0 0 0 0 0 0 0 0 ' ,157 ,1 ,5, 5
951 ,1009, 943, '931 852 914 866 831 880 747 808 ' ,'0 0 0 0 0 0 0 0 ' ,182 ,0 ,6, 6
880 ,946, 871, '807 742 843 789 798 819 724 858 ' ,'0 0 0 0 0 0 0 0 ' ,133 ,1 ,7, 7
910 ,875, 902, '821 892 835 798 748 821 798 817 ' ,'0 0 0 0 0 0 0 0 ' ,144 ,1 ,4, 4
907 ,906, 900, '803 889 862 874 782 878 849 823 ' ,'0 0 0 0 0 0 0 0 ' ,107 ,1 ,5, 5
909 ,904, 902, '875 794 852 867 878 890 874 839 ' ,'0 0 0 0 0 0 0 0 ' ,97 ,1 ,5, 5
938 ,905, 930, '896 875 862 878 917 913 918 910 ' ,'0 0 0 0 0 0 0 0 ' ,57 ,1 ,4, 4
932 ,934, 924, '855 877 819 850 802 872 854 912 ' ,'0 0 0 0 0 0 0 0 ' ,110 ,1 ,5, 5
976 ,928, 968, '910 822 879 935 907 844 926 956 ' ,'0 0 0 0 0 0 0 0 ' ,135 ,0 ,6, 6
1029 ,971, 1021, '953 964 967 867 896 947 977 1008 ' ,'0 0 0 0 0 0 0 0 ' ,143 ,1 ,6, 6
1037 ,1025, 1030, '995 1014 842 930 946 977 914 890 ' ,'0 0 0 0 0 0 0 0 ' ,171 ,0 ,9, 9
1055 ,1033, 1044, '925 1031 994 972 963 947 981 969 ' ,'0 0 0 0 0 0 0 0 ' ,107 ,1 ,6, 6
1031 ,1049, 1022, '939 1010 956 993 930 845 934 949 ' ,'0 0 0 0 0 0 0 0 ' ,165 ,1 ,5, 5
1017 ,1027, 1009, '862 949 913 856 846 996 909 977 ' ,'0 0 0 0 0 0 0 0 ' ,152 ,1 ,5, 5
933 ,1014, 925, '873 906 897 879 844 863 912 893 ' ,'0 0 0 0 0 0 0 0 ' ,69 ,1 ,4, 4
923 ,932, 915, '843 901 875 786 811 876 876 786 ' ,'0 0 0 0 0 0 0 0 ' ,115 ,1 ,8, 8
926 ,918, 919, '771 817 865 813 878 906 804 792 ' ,'0 0 0 0 0 0 0 0 ' ,136 ,1 ,5, 5
905 ,925, 897, '802 868 884 864 785 852 840 822 ' ,'0 0 0 0 0 0 0 0 ' ,100 ,1 ,5, 5
915 ,901, 908, '879 896 858 857 787 848 780 846 ' ,'0 0 0 0 0 0 0 0 ' ,115 ,1 ,5, 5
957 ,912, 949, '835 907 937 802 840 901 890 862 ' ,'0 0 0 0 0 0 0 0 ' ,136 ,1 ,4, 4
973 ,953, 964, '888 869 947 918 857 842 920 882 ' ,'0 0 0 0 0 0 0 0 ' ,110 ,3 ,5, 5
984 ,968, 977, '851 944 960 869 905 856 900 926 ' ,'0 0 0 0 0 0 0 0 ' ,114 ,1 ,5, 5
954 ,980, 946, '933 919 930 863 875 880 829 892 ' ,'0 0 0 0 0 0 0 0 ' ,104 ,1 ,5, 5
981 ,951, 972, '859 960 917 938 898 941 918 900 ' ,'0 0 0 0 0 0 0 0 ' ,101 ,1 ,5, 5
995 ,978, 987, '878 948 970 957 929 888 952 972 ' ,'0 0 0 0 0 0 0 0 ' ,96 ,2 ,6, 6
1031 ,990, 1023, '981 991 1008 966 1006 924 1004 981 ' ,'0 0 0 0 0 0 0 0 ' ,85 ,1 ,6, 6
1011 ,1026, 1003, '901 905 987 758 871 862 869 909 ' ,'0 0 0 0 0 0 0 0 ' ,232 ,1 ,7, 7
967 ,1008, 958, '941 884 878 789 899 896 835 779 ' ,'0 0 0 0 0 0 0 0 ' ,167 ,4 ,6, 6
978 ,963, 971, '938 950 956 911 898 923 902 867 ' ,'0 0 0 0 0 0 0 0 ' ,92 ,3 ,5, 5
1020 ,977, 1011, '953 939 950 880 846 993 840 837 ' ,'0 0 0 0 0 0 0 0 ' ,163 ,6 ,4, 4
931 ,1015, 923, '884 857 891 874 848 909 765 879 ' ,'0 0 0 0 0 0 0 0 ' ,146 ,3 ,4, 4
943 ,927, 935, '911 874 917 846 833 921 889 881 ' ,'0 0 0 0 0 0 0 0 ' ,91 ,2 ,4, 4
940 ,939, 932, '890 919 883 795 820 843 798 817 ' ,'0 0 0 0 0 0 0 0 ' ,128 ,3 ,4, 4
968 ,936, 960, '927 890 898 862 946 830 822 806 ' ,'0 0 0 0 0 0 0 0 ' ,143 ,3 ,4, 4
1017 ,965, 1009, '994 870 877 833 959 877 843 788 ' ,'0 0 0 0 0 0 0 0 ' ,208 ,3 ,5, 5
1004 ,1014, 994, '887 843 824 862 977 836 829 903 ' ,'0 0 0 0 0 0 0 0 ' ,153 ,2 ,7, 7
1063 ,999, 1055, '936 987 930 891 971 965 1037 1009 ' ,'0 0 0 0 0 0 0 0 ' ,152 ,3 ,6, 6
1013 ,1062, 1007, '892 864 895 857 989 956 917 937 ' ,'0 0 0 0 0 0 0 0 ' ,136 ,3 ,7, 7
996 ,1010, 989, '964 965 972 937 880 959 909 914 ' ,'0 0 0 0 0 0 0 0 ' ,96 ,3 ,6, 6
1049 ,993, 1040, '971 985 1021 1014 920 1026 934 1020 ' ,'0 0 0 0 0 0 0 0 ' ,108 ,3 ,6, 6
995 ,1045, 987, '898 885 971 871 898 939 867 854 ' ,'0 0 0 0 0 0 0 0 ' ,121 ,3 ,5, 5
958 ,991, 950, '909 834 892 792 814 934 850 924 ' ,'0 0 0 0 0 0 0 0 ' ,145 ,3 ,5, 5
932 ,954, 925, '855 797 852 831 778 910 822 831 ' ,'0 0 0 0 0 0 0 0 ' ,135 ,3 ,5, 5
968 ,929, 960, '921 828 860 841 832 945 849 868 ' ,'0 0 0 0 0 0 0 0 ' ,121 ,3 ,5, 5
966 ,964, 958, '913 865 896 795 893 942 904 871 ' ,'0 0 0 0 0 0 0 0 ' ,153 ,3 ,5, 5
980 ,964, 969, '908 867 955 918 948 919 866 841 ' ,'0 0 0 0 0 0 0 0 ' ,118 ,3 ,5, 5
1005 ,976, 995, '944 875 929 885 952 880 977 876 ' ,'0 0 0 0 0 0 0 0 ' ,107 ,3 ,6, 6
1102 ,1001, 1094, '972 945 960 974 1007 959 1075 1003 ' ,'0 0 0 0 0 0 0 0 ' ,135 ,3 ,6, 6
952 ,1098, 944, '917 910 880 912 928 919 869 872 ' ,'0 0 0 0 0 0 0 0 ' ,61 ,3 ,7, 7
1045 ,949, 1036, '999 912 958 882 905 1019 893 937 ' ,'0 0 0 0 0 0 0 0 ' ,142 ,3 ,6, 6
957 ,1040, 948, '775 793 877 794 764 932 768 870 ' ,'0 0 0 0 0 0 0 0 ' ,172 ,3 ,5, 5
921 ,952, 913, '897 859 872 805 852 862 748 857 ' ,'0 0 0 0 0 0 0 0 ' ,152 ,3 ,5, 5
951 ,917, 944, '887 928 814 893 842 908 901 857 ' ,'0 0 0 0 0 0 0 0 ' ,116 ,3 ,5, 5
971 ,946, 963, '916 901 793 947 879 814 867 914 ' ,'0 0 0 0 0 0 0 0 ' ,155 ,3 ,5, 5
975 ,969, 968, '948 869 888 949 948 920 849 911 ' ,'0 0 0 0 0 0 0 0 ' ,102 ,3 ,5, 5
1021 ,971, 1014, '965 913 932 998 972 891 903 912 ' ,'0 0 0 0 0 0 0 0 ' ,108 ,3 ,5, 5
929 ,1017, 921, '903 888 868 781 883 831 898 842 ' ,'0 0 0 0 0 0 0 0 ' ,125 ,3 ,6, 6
1030 ,925, 1022, '963 961 908 995 1004 986 999 989 ' ,'0 0 0 0 0 0 0 0 ' ,99 ,4 ,6, 6
1039 ,1026, 1031, '1013 976 937 933 967 851 902 969 ' ,'0 0 0 0 0 0 0 0 ' ,164 ,3 ,6, 6
973 ,1035, 967, '867 856 920 849 923 923 928 949 ' ,'0 0 0 0 0 0 0 0 ' ,105 ,4 ,6, 6
963 ,970, 956, '923 846 896 831 862 938 909 893 ' ,'0 0 0 0 0 0 0 0 ' ,112 ,4 ,5, 5
946 ,959, 939, '923 882 826 844 846 828 761 883 ' ,'0 0 0 0 0 0 0 0 ' ,164 ,3 ,5, 5
901 ,943, 894, '836 840 784 859 789 855 810 876 ' ,'0 0 0 0 0 0 0 0 ' ,96 ,3 ,4, 4
923 ,901, 915, '855 863 867 881 900 849 858 864 ' ,'0 0 0 0 0 0 0 0 ' ,54 ,3 ,4, 4
953 ,920, 944, '927 882 872 896 874 885 848 862 ' ,'0 0 0 0 0 0 0 0 ' ,80 ,3 ,5, 5
982 ,950, 975, '935 933 927 892 957 933 914 882 ' ,'0 0 0 0 0 0 0 0 ' ,78 ,4 ,6, 6
1045 ,979, 1038, '1020 951 997 954 910 939 1014 963 ' ,'0 0 0 0 0 0 0 0 ' ,113 ,3 ,6, 6
1032 ,1042, 1025, '926 968 1002 993 984 948 956 1008 ' ,'0 0 0 0 0 0 0 0 ' ,59 ,3 ,6, 6
964 ,1029, 956, '929 886 877 834 912 856 938 887 ' ,'0 0 0 0 0 0 0 0 ' ,108 ,2 ,6, 6
1011 ,961, 1002, '912 956 948 908 967 985 955 909 ' ,'0 0 0 0 0 0 0 0 ' ,80 ,2 ,6, 6
986 ,1005, 978, '960 892 863 892 939 875 876 887 ' ,'0 0 0 0 0 0 0 0 ' ,98 ,3 ,6, 6
986 ,982, 979, '802 903 929 875 879 878 958 871 ' ,'0 0 0 0 0 0 0 0 ' ,160 ,4 ,8, 8
937 ,982, 930, '905 902 823 809 854 849 864 912 ' ,'0 0 0 0 0 0 0 0 ' ,108 ,4 ,5, 5
926 ,935, 919, '872 829 901 817 717 848 805 823 ' ,'0 0 0 0 0 0 0 0 ' ,189 ,4 ,5, 5
939 ,923, 932, '891 916 897 840 851 852 886 906 ' ,'0 0 0 0 0 0 0 0 ' ,80 ,3 ,5, 5
956 ,936, 949, '915 930 814 890 896 856 929 808 ' ,'0 0 0 0 0 0 0 0 ' ,127 ,4 ,5, 5
957 ,955, 947, '882 920 868 929 903 914 861 856 ' ,'0 0 0 0 0 0 0 0 ' ,73 ,3 ,6, 6
947 ,951, 936, '887 872 852 892 789 920 896 890 ' ,'0 0 0 0 0 0 0 0 ' ,134 ,4 ,5, 5
999 ,943, 991, '973 955 906 843 917 877 859 860 ' ,'0 0 0 0 0 0 0 0 ' ,135 ,4 ,5, 5
987 ,995, 979, '952 940 922 962 957 881 834 886 ' ,'0 0 0 0 0 0 0 0 ' ,130 ,4 ,5, 5
1021 ,983, 1014, '996 965 949 916 911 916 904 928 ' ,'0 0 0 0 0 0 0 0 ' ,93 ,4 ,6, 5
1039 ,1017, 1031, '888 870 898 963 1011 942 946 977 ' ,'0 0 0 0 0 0 0 0 ' ,147 ,4 ,6, 6
967 ,1035, 960, '825 898 939 834 915 859 891 921 ' ,'0 0 0 0 0 0 0 0 ' ,119 ,4 ,6, 6
917 ,964, 910, '883 886 888 886 805 881 856 784 ' ,'0 0 0 0 0 0 0 0 ' ,110 ,4 ,6, 6
943 ,913, 934, '872 822 911 887 879 914 843 906 ' ,'0 0 0 0 0 0 0 0 ' ,95 ,4 ,5, 5
946 ,940, 938, '916 835 920 882 816 880 864 856 ' ,'0 0 0 0 0 0 0 0 ' ,108 ,4 ,5, 5
976 ,942, 969, '951 791 865 888 837 829 839 863 ' ,'0 0 0 0 0 0 0 0 ' ,165 ,4 ,5, 5
914 ,973, 906, '869 889 829 833 818 853 866 858 ' ,'0 0 0 0 0 0 0 0 ' ,74 ,4 ,5, 5
949 ,910, 941, '854 861 781 886 859 824 847 922 ' ,'0 0 0 0 0 0 0 0 ' ,145 ,5 ,5, 5
934 ,945, 927, '908 862 866 864 862 861 874 879 ' ,'0 0 0 0 0 0 0 0 ' ,51 ,4 ,5, 5
981 ,931, 974, '915 888 896 906 841 917 864 955 ' ,'0 0 0 0 0 0 0 0 ' ,118 ,4 ,6, 6
1011 ,977, 1004, '923 957 918 971 903 985 888 916 ' ,'0 0 0 0 0 0 0 0 ' ,100 ,4 ,6, 6
1056 ,1008, 1049, '975 1006 931 966 1016 954 1029 985 ' ,'0 0 0 0 0 0 0 0 ' ,102 ,5 ,6, 6
961 ,1052, 953, '844 934 885 887 897 888 895 845 ' ,'0 0 0 0 0 0 0 0 ' ,91 ,4 ,6, 6
1008 ,957, 1000, '921 902 938 912 931 928 979 938 ' ,'0 0 0 0 0 0 0 0 ' ,83 ,5 ,6, 6
951 ,1006, 943, '810 745 874 819 827 793 921 848 ' ,'0 0 0 0 0 0 0 0 ' ,183 ,4 ,5, 5
939 ,947, 932, '888 866 897 913 890 867 906 897 ' ,'0 0 0 0 0 0 0 0 ' ,50 ,4 ,6, 6
965 ,936, 957, '809 939 872 872 819 803 900 839 ' ,'0 0 0 0 0 0 0 0 ' ,138 ,4 ,5, 5
931 ,963, 924, '904 855 799 859 819 850 842 835 ' ,'0 0 0 0 0 0 0 0 ' ,110 ,5 ,5, 5
943 ,928, 936, '915 870 916 894 852 818 836 907 ' ,'0 0 0 0 0 0 0 0 ' ,103 ,4 ,5, 5
948 ,940, 941, '913 847 892 791 886 904 921 813 ' ,'0 0 0 0 0 0 0 0 ' ,137 ,5 ,5, 5
988 ,947, 981, '881 908 871 857 958 823 896 957 ' ,'0 0 0 0 0 0 0 0 ' ,141 ,4 ,7, 7
1007 ,984, 1000, '962 981 899 875 872 836 944 909 ' ,'0 0 0 0 0 0 0 0 ' ,147 ,5 ,6, 6
1023 ,1006, 1016, '941 998 933 891 946 963 911 879 ' ,'0 0 0 0 0 0 0 0 ' ,121 ,5 ,6, 6
982 ,1021, 974, '901 900 855 835 845 952 823 868 ' ,'0 0 0 0 0 0 0 0 ' ,133 ,5 ,6, 6
1090 ,978, 1083, '993 937 1020 1007 1038 1061 990 1009 ' ,'0 0 0 0 0 0 0 0 ' ,130 ,4 ,7, 7
1042 ,1085, 1035, '983 944 1005 998 907 1014 992 851 ' ,'0 0 0 0 0 0 0 0 ' ,166 ,4 ,7, 7
955 ,1040, 948, '814 895 867 885 825 928 835 791 ' ,'0 0 0 0 0 0 0 0 ' ,141 ,5 ,6, 6
1000 ,952, 989, '862 970 961 964 837 965 885 840 ' ,'0 0 0 0 0 0 0 0 ' ,139 ,4 ,5, 5
968 ,993, 961, '879 855 803 823 846 940 847 883 ' ,'0 0 0 0 0 0 0 0 ' ,141 ,5 ,5, 5
936 ,965, 929, '884 892 866 818 823 880 859 909 ' ,'0 0 0 0 0 0 0 0 ' ,98 ,4 ,5, 5
906 ,933, 898, '855 879 871 860 860 826 872 795 ' ,'0 0 0 0 0 0 0 0 ' ,88 ,5 ,5, 5
977 ,902, 970, '950 851 874 823 905 905 879 858 ' ,'0 0 0 0 0 0 0 0 ' ,133 ,4 ,5, 5
1002 ,974, 994, '894 923 905 975 872 929 870 903 ' ,'0 0 0 0 0 0 0 0 ' ,107 ,4 ,5, 5
1047 ,1000, 1040, '999 1020 945 1018 941 858 881 905 ' ,'0 0 0 0 0 0 0 0 ' ,166 ,5 ,6, 6
1000 ,1044, 991, '849 970 825 894 954 953 935 871 ' ,'0 0 0 0 0 0 0 0 ' ,146 ,4 ,6, 6
998 ,995, 991, '832 958 840 900 969 936 907 867 ' ,'0 0 0 0 0 0 0 0 ' ,140 ,5 ,7, 7
1019 ,995, 1012, '934 991 910 897 857 894 949 971 ' ,'0 0 0 0 0 0 0 0 ' ,138 ,5 ,6, 6
1084 ,1017, 1077, '759 851 828 839 849 901 850 848 ' ,'0 0 0 0 0 0 0 0 ' ,302 ,4 ,5, 5
1012 ,1081, 1005, '860 912 956 872 904 843 889 855 ' ,'0 0 0 0 0 0 0 0 ' ,114 ,5 ,5, 5
943 ,1009, 936, '776 865 793 842 832 879 915 795 ' ,'0 0 0 0 0 0 0 0 ' ,144 ,3 ,5, 5
920 ,940, 913, '856 865 833 829 895 881 843 803 ' ,'0 0 0 0 0 0 0 0 ' ,93 ,3 ,5, 5
967 ,916, 957, '858 940 897 896 862 812 775 842 ' ,'0 0 0 0 0 0 0 0 ' ,167 ,3 ,5, 5
973 ,961, 965, '890 948 852 795 892 932 888 798 ' ,'0 0 0 0 0 0 0 0 ' ,156 ,2 ,4, 4
1017 ,969, 1010, '893 879 847 894 912 991 932 915 ' ,'0 0 0 0 0 0 0 0 ' ,147 ,3 ,5, 5
982 ,1016, 975, '879 834 956 844 919 846 879 872 ' ,'0 0 0 0 0 0 0 0 ' ,126 ,2 ,4, 4
943 ,978, 936, '898 914 905 884 835 906 911 874 ' ,'0 0 0 0 0 0 0 0 ' ,84 ,5 ,5, 5
966 ,940, 959, '807 939 856 853 892 797 838 857 ' ,'0 0 0 0 0 0 0 0 ' ,144 ,5 ,5, 5
959 ,963, 952, '862 926 774 910 842 795 866 925 ' ,'0 0 0 0 0 0 0 0 ' ,159 ,5 ,5, 5
972 ,956, 965, '907 942 768 858 917 814 838 910 ' ,'0 0 0 0 0 0 0 0 ' ,179 ,7 ,6, 6
1014 ,969, 1007, '850 908 871 983 868 885 924 913 ' ,'0 0 0 0 0 0 0 0 ' ,140 ,5 ,6, 6
944 ,1010, 938, '797 750 757 864 808 825 875 914 ' ,'0 0 0 0 0 0 0 0 ' ,172 ,6 ,6, 6
982 ,941, 975, '822 905 874 879 954 806 895 901 ' ,'0 0 0 0 0 0 0 0 ' ,151 ,5 ,5, 5
933 ,982, 926, '898 901 863 898 867 892 901 831 ' ,'0 0 0 0 0 0 0 0 ' ,78 ,5 ,6, 6
958 ,930, 952, '798 916 870 917 854 901 930 884 ' ,'0 0 0 0 0 0 0 0 ' ,137 ,5 ,5, 5
1029 ,955, 1022, '998 920 997 995 865 971 985 972 ' ,'0 0 0 0 0 0 0 0 ' ,141 ,2 ,5, 5
945 ,1025, 938, '826 917 781 885 817 815 830 830 ' ,'0 0 0 0 0 0 0 0 ' ,134 ,2 ,8, 8
950 ,940, 943, '843 831 826 926 887 837 804 912 ' ,'0 0 0 0 0 0 0 0 ' ,123 ,2 ,4, 4
900 ,947, 892, '871 863 839 856 817 778 833 778 ' ,'0 0 0 0 0 0 0 0 ' ,96 ,5 ,5, 5
955 ,895, 948, '891 846 904 926 867 920 856 909 ' ,'0 0 0 0 0 0 0 0 ' ,85 ,5 ,6, 6
1016 ,953, 1009, '957 939 919 985 984 938 967 920 ' ,'0 0 0 0 0 0 0 0 ' ,70 ,5 ,6, 6
1015 ,1016, 1008, '981 823 861 979 899 892 827 878 ' ,'0 0 0 0 0 0 0 0 ' ,168 ,5 ,6, 6
969 ,1012, 961, '833 817 856 888 844 823 808 938 ' ,'0 0 0 0 0 0 0 0 ' ,135 ,6 ,6, 6
948 ,969, 940, '868 891 905 887 829 820 875 916 ' ,'0 0 0 0 0 0 0 0 ' ,100 ,5 ,6, 6
983 ,944, 975, '915 911 883 853 927 939 952 887 ' ,'0 0 0 0 0 0 0 0 ' ,106 ,5 ,6, 6
993 ,979, 986, '893 914 961 895 870 891 922 937 ' ,'0 0 0 0 0 0 0 0 ' ,99 ,5 ,5, 5
1032 ,990, 1025, '956 897 901 914 892 975 1003 783 ' ,'0 0 0 0 0 0 0 0 ' ,225 ,6 ,5, 5
993 ,1030, 985, '841 808 860 842 852 867 960 772 ' ,'0 0 0 0 0 0 0 0 ' ,193 ,5 ,7, 7
947 ,988, 940, '858 908 917 892 853 856 876 871 ' ,'0 0 0 0 0 0 0 0 ' ,70 ,5 ,5, 5
966 ,944, 958, '933 899 899 801 849 836 877 925 ' ,'0 0 0 0 0 0 0 0 ' ,142 ,9 ,5, 5
1049 ,962, 1042, '933 1018 1012 892 945 892 890 916 ' ,'0 0 0 0 0 0 0 0 ' ,135 ,6 ,5, 5
929 ,1046, 922, '876 859 816 853 844 802 895 784 ' ,'0 0 0 0 0 0 0 0 ' ,119 ,8 ,6, 6
1017 ,928, 1010, '929 976 906 985 894 936 891 919 ' ,'0 0 0 0 0 0 0 0 ' ,101 ,6 ,6, 6
1172 ,1013, 1164, '983 901 958 955 975 900 887 898 ' ,'0 0 0 0 0 0 0 0 ' ,258 ,5 ,6, 6
983 ,1168, 974, '950 923 867 913 923 899 878 847 ' ,'0 0 0 0 0 0 0 0 ' ,108 ,6 ,6, 6
1019 ,980, 1012, '923 987 893 963 938 973 979 985 ' ,'0 0 0 0 0 0 0 0 ' ,99 ,6 ,7, 7
1040 ,1016, 1033, '929 975 954 930 1009 967 969 890 ' ,'0 0 0 0 0 0 0 0 ' ,125 ,5 ,6, 6
1005 ,1037, 998, '880 881 973 905 914 923 865 819 ' ,'0 0 0 0 0 0 0 0 ' ,162 ,6 ,6, 6
1027 ,1002, 1020, '890 997 964 831 884 924 879 809 ' ,'0 0 0 0 0 0 0 0 ' ,195 ,6 ,5, 5
893 ,1023, 885, '790 812 803 830 766 862 829 823 ' ,'0 0 0 0 0 0 0 0 ' ,104 ,6 ,4, 4
935 ,889, 928, '899 895 900 798 843 876 842 836 ' ,'0 0 0 0 0 0 0 0 ' ,115 ,6 ,5, 5
979 ,932, 972, '834 792 947 867 871 902 863 937 ' ,'0 0 0 0 0 0 0 0 ' ,163 ,6 ,5, 5
