237 ,0, 138, '65 68 70 66 72 71 67 65 68 69 67 70 60 74 61 70 ' ,'0 0 0 0 0 0 0 0 0 0 0 0 0 0 0 0 ' ,46 ,3 ,10, 10
541 ,177, 528, '494 465 487 483 480 500 509 495 459 499 510 488 491 500 475 470 ' ,'0 0 0 0 0 0 0 0 0 0 0 0 0 0 0 0 ' ,52 ,3 ,4, 4
491 ,533, 479, '442 449 433 417 426 405 458 458 411 422 449 443 428 451 432 438 ' ,'0 0 0 0 0 0 0 0 0 0 0 0 0 0 0 0 ' ,55 ,2 ,3, 3
524 ,482, 510, '481 481 472 497 480 439 439 471 484 481 470 459 477 481 480 475 ' ,'0 0 0 0 0 0 0 0 0 0 0 0 0 0 0 0 ' ,58 ,2 ,3, 3
540 ,520, 528, '456 494 497 508 424 480 514 490 512 455 487 493 485 512 470 460 ' ,'0 0 0 0 0 0 0 0 0 0 0 0 0 0 0 0 ' ,95 ,2 ,2, 2
549 ,537, 539, '476 482 505 452 468 483 501 509 523 502 509 448 516 512 502 504 ' ,'0 0 0 0 0 0 0 0 0 0 0 0 0 0 0 0 ' ,76 ,2 ,3, 3
553 ,542, 543, '491 496 464 515 518 477 477 489 504 502 529 461 471 496 509 484 ' ,'0 0 0 0 0 0 0 0 0 0 0 0 0 0 0 0 ' ,69 ,3 ,2, 2
550 ,548, 539, '517 500 467 467 502 524 520 468 486 462 496 506 483 451 478 477 ' ,'0 0 0 0 0 0 0 0 0 0 0 0 0 0 0 0 ' ,75 ,3 ,3, 3
537 ,545, 528, '498 500 473 472 467 450 506 511 478 493 462 503 512 479 473 473 ' ,'0 0 0 0 0 0 0 0 0 0 0 0 0 0 0 0 ' ,65 ,3 ,3, 3
511 ,533, 501, '462 466 464 472 482 425 468 486 485 444 460 431 436 460 473 468 ' ,'0 0 0 0 0 0 0 0 0 0 0 0 0 0 0 0 ' ,62 ,2 ,2, 2
471 ,507, 462, '430 414 419 423 448 420 411 424 444 408 434 434 418 410 401 439 ' ,'0 0 0 0 0 0 0 0 0 0 0 0 0 0 0 0 ' ,50 ,3 ,2, 2
440 ,468, 431, '388 399 410 398 391 390 403 398 384 399 420 388 407 388 403 421 ' ,'0 0 0 0 0 0 0 0 0 0 0 0 0 0 0 0 ' ,37 ,2 ,1, 1
495 ,437, 485, '411 414 419 432 438 387 419 429 427 409 433 417 435 412 407 435 ' ,'0 0 0 0 0 0 0 0 0 0 0 0 0 0 0 0 ' ,84 ,3 ,1, 1
461 ,492, 452, '438 410 407 408 435 419 388 422 419 400 402 404 426 421 399 418 ' ,'0 0 0 0 0 0 0 0 0 0 0 0 0 0 0 0 ' ,50 ,1 ,2, 2
520 ,457, 511, '497 463 465 462 478 457 492 469 452 484 484 489 479 465 458 479 ' ,'0 0 0 0 0 0 0 0 0 0 0 0 0 0 0 0 ' ,45 ,1 ,3, 3
538 ,514, 527, '491 487 464 472 473 463 487 492 480 498 500 483 480 482 510 518 ' ,'0 0 0 0 0 0 0 0 0 0 0 0 0 0 0 0 ' ,54 ,1 ,2, 2
534 ,534, 523, '491 470 481 449 503 511 449 473 478 492 472 473 451 454 495 476 ' ,'0 0 0 0 0 0 0 0 0 0 0 0 0 0 0 0 ' ,63 ,1 ,2, 2
532 ,528, 524, '480 488 476 478 480 491 489 511 455 499 496 468 483 503 477 502 ' ,'0 0 0 0 0 0 0 0 0 0 0 0 0 0 0 0 ' ,59 ,1 ,2, 2
534 ,527, 526, '490 443 434 515 505 420 504 470 464 468 449 488 441 482 495 477 ' ,'0 0 0 0 0 0 0 0 0 0 0 0 0 0 0 0 ' ,95 ,1 ,2, 2
571 ,529, 564, '552 528 534 521 506 519 522 534 519 537 536 541 528 526 539 531 ' ,'0 0 0 0 0 0 0 0 0 0 0 0 0 0 0 0 ' ,47 ,1 ,3, 3
558 ,567, 551, '508 501 467 498 524 498 539 487 449 498 506 508 484 506 477 502 ' ,'0 0 0 0 0 0 0 0 0 0 0 0 0 0 0 0 ' ,91 ,1 ,3, 3
572 ,554, 564, '478 487 518 459 514 514 517 462 485 533 475 553 495 507 509 497 ' ,'0 0 0 0 0 0 0 0 0 0 0 0 0 0 0 0 ' ,95 ,1 ,2, 2
536 ,567, 527, '489 468 449 446 474 515 472 459 441 467 482 456 478 463 492 443 ' ,'0 0 0 0 0 0 0 0 0 0 0 0 0 0 0 0 ' ,76 ,1 ,3, 3
525 ,531, 516, '423 470 475 502 473 471 463 473 432 435 454 504 467 485 456 452 ' ,'0 0 0 0 0 0 0 0 0 0 0 0 0 0 0 0 ' ,83 ,1 ,2, 2
515 ,521, 506, '470 487 480 470 487 483 495 432 485 465 464 438 470 474 436 407 ' ,'0 0 0 0 0 0 0 0 0 0 0 0 0 0 0 0 ' ,92 ,1 ,2, 2
502 ,511, 494, '477 464 448 482 475 451 439 475 451 456 460 457 430 416 455 469 ' ,'0 0 0 0 0 0 0 0 0 0 0 0 0 0 0 0 ' ,68 ,1 ,2, 2
497 ,499, 487, '473 443 436 456 477 454 446 432 449 475 452 475 457 432 472 460 ' ,'0 0 0 0 0 0 0 0 0 0 0 0 0 0 0 0 ' ,45 ,2 ,2, 2
461 ,492, 451, '432 390 416 408 436 417 421 434 421 411 418 364 428 402 440 428 ' ,'0 0 0 0 0 0 0 0 0 0 0 0 0 0 0 0 ' ,78 ,1 ,2, 2
468 ,456, 458, '388 358 408 389 390 394 435 428 396 437 449 388 400 429 431 425 ' ,'0 0 0 0 0 0 0 0 0 0 0 0 0 0 0 0 ' ,92 ,1 ,2, 2
471 ,463, 462, '430 407 431 429 431 422 446 430 441 431 433 428 430 429 451 433 ' ,'0 0 0 0 0 0 0 0 0 0 0 0 0 0 0 0 ' ,46 ,2 ,2, 2
474 ,466, 462, '436 429 443 415 449 433 422 400 398 417 430 391 446 410 445 436 ' ,'0 0 0 0 0 0 0 0 0 0 0 0 0 0 0 0 ' ,55 ,1 ,2, 2
449 ,467, 439, '375 370 400 419 389 373 400 383 402 413 409 392 390 390 429 423 ' ,'0 0 0 0 0 0 0 0 0 0 0 0 0 0 0 0 ' ,61 ,1 ,2, 2
472 ,444, 463, '407 407 425 445 455 415 414 390 426 414 433 422 422 389 399 455 ' ,'0 0 0 0 0 0 0 0 0 0 0 0 0 0 0 0 ' ,66 ,1 ,2, 2
538 ,468, 529, '510 478 481 490 444 491 519 473 500 501 489 495 503 496 511 495 ' ,'0 0 0 0 0 0 0 0 0 0 0 0 0 0 0 0 ' ,74 ,1 ,3, 3
574 ,533, 565, '512 490 517 522 520 496 553 506 487 480 513 505 522 526 530 528 ' ,'0 0 0 0 0 0 0 0 0 0 0 0 0 0 0 0 ' ,74 ,2 ,3, 3
574 ,569, 563, '467 475 527 515 525 509 512 496 505 532 554 532 534 505 513 542 ' ,'0 0 0 0 0 0 0 0 0 0 0 0 0 0 0 0 ' ,87 ,2 ,2, 2
583 ,570, 574, '532 456 537 537 563 508 523 523 496 514 506 520 520 516 523 545 ' ,'0 0 0 0 0 0 0 0 0 0 0 0 0 0 0 0 ' ,108 ,1 ,5, 5
572 ,578, 564, '553 531 529 540 535 487 518 527 539 522 518 512 535 512 529 534 ' ,'0 0 0 0 0 0 0 0 0 0 0 0 0 0 0 0 ' ,66 ,1 ,3, 3
562 ,567, 552, '496 476 494 505 544 477 489 492 525 509 456 490 503 440 532 507 ' ,'0 0 0 0 0 0 0 0 0 0 0 0 0 0 0 0 ' ,102 ,1 ,3, 3
544 ,557, 537, '475 447 442 465 465 476 526 484 518 465 447 499 434 465 496 463 ' ,'0 0 0 0 0 0 0 0 0 0 0 0 0 0 0 0 ' ,93 ,2 ,3, 3
529 ,541, 520, '469 468 434 463 436 447 457 427 474 472 436 510 449 457 442 444 ' ,'0 0 0 0 0 0 0 0 0 0 0 0 0 0 0 0 ' ,85 ,2 ,3, 3
523 ,525, 514, '477 490 472 493 451 476 498 433 503 480 465 473 457 382 483 478 ' ,'0 0 0 0 0 0 0 0 0 0 0 0 0 0 0 0 ' ,122 ,2 ,2, 2
506 ,518, 498, '452 489 475 443 456 472 469 456 458 465 436 484 391 462 452 444 ' ,'0 0 0 0 0 0 0 0 0 0 0 0 0 0 0 0 ' ,98 ,1 ,3, 3
537 ,501, 521, '494 502 474 481 480 500 509 497 506 487 493 475 488 483 494 487 ' ,'0 0 0 0 0 0 0 0 0 0 0 0 0 0 0 0 ' ,39 ,1 ,2, 2
500 ,532, 492, '466 453 462 470 479 407 424 474 411 481 444 471 425 460 478 483 ' ,'0 0 0 0 0 0 0 0 0 0 0 0 0 0 0 0 ' ,76 ,1 ,2, 2
497 ,496, 487, '468 452 463 457 461 440 473 459 457 466 469 473 437 459 430 431 ' ,'0 0 0 0 0 0 0 0 0 0 0 0 0 0 0 0 ' ,48 ,2 ,3, 3
485 ,492, 475, '425 457 437 426 457 439 458 411 467 439 426 405 414 417 423 414 ' ,'0 0 0 0 0 0 0 0 0 0 0 0 0 0 0 0 ' ,62 ,2 ,2, 1
480 ,480, 472, '441 391 434 446 384 444 416 411 445 434 437 427 462 412 450 441 ' ,'0 0 0 0 0 0 0 0 0 0 0 0 0 0 0 0 ' ,80 ,2 ,2, 2
479 ,476, 470, '461 442 441 425 396 390 437 421 438 444 445 441 443 417 456 435 ' ,'0 0 0 0 0 0 0 0 0 0 0 0 0 0 0 0 ' ,72 ,2 ,2, 2
477 ,474, 469, '460 421 446 404 434 434 437 429 425 449 440 429 428 445 453 451 ' ,'0 0 0 0 0 0 0 0 0 0 0 0 0 0 0 0 ' ,57 ,1 ,2, 2
478 ,474, 469, '442 415 453 440 437 427 427 391 415 442 435 457 437 439 460 448 ' ,'0 0 0 0 0 0 0 0 0 0 0 0 0 0 0 0 ' ,70 ,2 ,2, 2
514 ,473, 505, '475 452 472 467 497 455 451 481 460 473 412 458 464 475 478 480 ' ,'0 0 0 0 0 0 0 0 0 0 0 0 0 0 0 0 ' ,85 ,1 ,2, 2
540 ,510, 531, '505 473 509 484 500 488 514 490 447 522 516 503 479 509 517 492 ' ,'0 0 0 0 0 0 0 0 0 0 0 0 0 0 0 0 ' ,75 ,1 ,2, 2
550 ,536, 541, '508 500 465 505 515 492 532 518 487 529 459 506 510 504 510 523 ' ,'0 0 0 0 0 0 0 0 0 0 0 0 0 0 0 0 ' ,73 ,1 ,3, 3
547 ,546, 538, '485 517 470 525 519 507 519 493 496 479 488 492 502 488 513 496 ' ,'0 0 0 0 0 0 0 0 0 0 0 0 0 0 0 0 ' ,56 ,0 ,3, 3
565 ,542, 555, '496 517 504 536 471 527 524 522 479 493 509 544 484 530 533 482 ' ,'0 0 0 0 0 0 0 0 0 0 0 0 0 0 0 0 ' ,75 ,1 ,2, 2
582 ,559, 574, '532 533 522 527 540 523 489 476 521 527 534 563 548 525 517 498 ' ,'0 0 0 0 0 0 0 0 0 0 0 0 0 0 0 0 ' ,88 ,1 ,3, 3
569 ,577, 560, '540 497 486 532 538 476 496 511 462 503 485 510 495 478 469 517 ' ,'0 0 0 0 0 0 0 0 0 0 0 0 0 0 0 0 ' ,79 ,1 ,2, 2
594 ,564, 575, '512 510 513 541 528 520 511 509 495 523 515 562 481 479 512 505 ' ,'0 0 0 0 0 0 0 0 0 0 0 0 0 0 0 0 ' ,84 ,1 ,5, 5
577 ,589, 564, '553 521 494 537 505 511 527 494 498 534 506 553 467 497 530 502 ' ,'0 0 0 0 0 0 0 0 0 0 0 0 0 0 0 0 ' ,91 ,1 ,3, 3
587 ,570, 575, '523 517 475 544 516 499 504 510 518 542 520 563 473 486 536 537 ' ,'0 0 0 0 0 0 0 0 0 0 0 0 0 0 0 0 ' ,88 ,0 ,3, 3
548 ,581, 542, '532 494 511 516 462 455 502 511 507 490 509 487 504 478 514 512 ' ,'0 0 0 0 0 0 0 0 0 0 0 0 0 0 0 0 ' ,75 ,1 ,2, 2
503 ,547, 495, '453 427 449 452 395 438 429 476 456 478 453 483 476 373 431 476 ' ,'0 0 0 0 0 0 0 0 0 0 0 0 0 0 0 0 ' ,112 ,2 ,2, 2
489 ,511, 481, '448 431 461 444 440 442 460 464 469 441 464 434 469 433 457 464 ' ,'0 0 0 0 0 0 0 0 0 0 0 0 0 0 0 0 ' ,41 ,2 ,2, 2
487 ,484, 479, '442 461 431 457 428 427 434 421 461 456 443 443 451 406 439 431 ' ,'0 0 0 0 0 0 0 0 0 0 0 0 0 0 0 0 ' ,63 ,2 ,2, 2
471 ,484, 464, '426 453 436 416 420 435 420 445 412 446 413 416 448 412 450 444 ' ,'0 0 0 0 0 0 0 0 0 0 0 0 0 0 0 0 ' ,42 ,2 ,2, 2
486 ,469, 480, '467 433 427 424 412 414 415 442 427 458 452 448 468 437 455 444 ' ,'0 0 0 0 0 0 0 0 0 0 0 0 0 0 0 0 ' ,60 ,1 ,2, 2
489 ,483, 482, '464 442 451 436 400 447 440 456 426 471 453 427 446 422 467 442 ' ,'0 0 0 0 0 0 0 0 0 0 0 0 0 0 0 0 ' ,75 ,2 ,2, 2
495 ,485, 488, '477 447 467 437 433 454 443 455 440 411 432 458 467 457 471 444 ' ,'0 0 0 0 0 0 0 0 0 0 0 0 0 0 0 0 ' ,67 ,2 ,2, 2
490 ,491, 480, '470 453 443 435 453 433 438 444 413 461 451 437 460 439 452 447 ' ,'0 0 0 0 0 0 0 0 0 0 0 0 0 0 0 0 ' ,58 ,2 ,2, 2
529 ,486, 520, '491 449 457 475 509 457 419 434 460 455 463 469 471 448 461 447 ' ,'0 0 0 0 0 0 0 0 0 0 0 0 0 0 0 0 ' ,92 ,2 ,3, 3
556 ,527, 547, '518 513 499 526 517 474 483 503 476 491 526 463 523 494 535 507 ' ,'0 0 0 0 0 0 0 0 0 0 0 0 0 0 0 0 ' ,74 ,2 ,3, 3
583 ,551, 574, '494 474 450 527 519 495 480 530 504 560 506 552 495 472 463 480 ' ,'0 0 0 0 0 0 0 0 0 0 0 0 0 0 0 0 ' ,111 ,2 ,6, 6
562 ,578, 552, '541 492 471 537 543 528 523 534 502 541 489 532 499 523 484 502 ' ,'0 0 0 0 0 0 0 0 0 0 0 0 0 0 0 0 ' ,70 ,2 ,3, 3
548 ,557, 540, '483 471 470 498 502 463 477 505 467 530 491 525 462 526 493 485 ' ,'0 0 0 0 0 0 0 0 0 0 0 0 0 0 0 0 ' ,70 ,3 ,2, 2
524 ,543, 516, '504 435 482 481 424 481 465 486 496 502 466 497 479 471 469 475 ' ,'0 0 0 0 0 0 0 0 0 0 0 0 0 0 0 0 ' ,83 ,2 ,3, 2
487 ,521, 478, '466 445 452 462 432 439 415 465 440 468 425 439 453 462 448 449 ' ,'0 0 0 0 0 0 0 0 0 0 0 0 0 0 0 0 ' ,55 ,2 ,2, 2
481 ,484, 472, '428 435 425 423 453 428 449 454 447 458 434 459 416 427 456 457 ' ,'0 0 0 0 0 0 0 0 0 0 0 0 0 0 0 0 ' ,47 ,4 ,2, 2
487 ,476, 478, '454 429 428 421 466 460 408 437 436 458 424 424 435 421 464 420 ' ,'0 0 0 0 0 0 0 0 0 0 0 0 0 0 0 0 ' ,59 ,2 ,2, 2
491 ,482, 482, '447 453 428 445 471 463 417 461 418 461 456 446 407 413 454 454 ' ,'0 0 0 0 0 0 0 0 0 0 0 0 0 0 0 0 ' ,64 ,2 ,3, 2
500 ,486, 485, '446 428 428 439 474 453 453 468 453 455 411 430 428 418 464 432 ' ,'0 0 0 0 0 0 0 0 0 0 0 0 0 0 0 0 ' ,69 ,5 ,2, 2
494 ,491, 484, '441 425 443 431 474 447 416 436 424 442 403 403 451 423 449 434 ' ,'0 0 0 0 0 0 0 0 0 0 0 0 0 0 0 0 ' ,72 ,2 ,2, 2
492 ,489, 483, '400 414 437 420 459 433 448 451 430 472 427 457 433 376 399 421 ' ,'0 0 0 0 0 0 0 0 0 0 0 0 0 0 0 0 ' ,97 ,3 ,3, 2
477 ,486, 469, '458 434 403 443 457 429 442 408 399 424 419 456 436 436 439 402 ' ,'0 0 0 0 0 0 0 0 0 0 0 0 0 0 0 0 ' ,61 ,2 ,2, 2
490 ,473, 481, '439 453 453 443 470 394 435 431 433 471 439 405 416 401 454 458 ' ,'0 0 0 0 0 0 0 0 0 0 0 0 0 0 0 0 ' ,78 ,2 ,2, 2
513 ,485, 504, '482 460 439 430 491 443 469 471 426 493 463 444 439 476 473 443 ' ,'0 0 0 0 0 0 0 0 0 0 0 0 0 0 0 0 ' ,69 ,2 ,2, 2
519 ,508, 509, '490 468 487 453 489 489 488 474 486 499 474 484 469 462 491 483 ' ,'0 0 0 0 0 0 0 0 0 0 0 0 0 0 0 0 ' ,48 ,3 ,2, 2
561 ,513, 550, '507 455 521 525 542 523 531 519 491 533 491 533 505 483 509 478 ' ,'0 0 0 0 0 0 0 0 0 0 0 0 0 0 0 0 ' ,89 ,3 ,3, 3
593 ,557, 581, '564 517 496 500 498 532 529 532 526 555 521 570 536 517 500 528 ' ,'0 0 0 0 0 0 0 0 0 0 0 0 0 0 0 0 ' ,78 ,2 ,3, 3
572 ,588, 563, '546 540 500 518 512 473 490 548 495 543 529 491 527 488 483 467 ' ,'0 0 0 0 0 0 0 0 0 0 0 0 0 0 0 0 ' ,87 ,5 ,3, 3
539 ,568, 530, '518 445 480 487 470 442 471 477 497 507 493 474 507 454 419 491 ' ,'0 0 0 0 0 0 0 0 0 0 0 0 0 0 0 0 ' ,101 ,3 ,2, 2
540 ,534, 531, '520 434 433 474 494 471 429 451 507 484 488 457 464 502 465 466 ' ,'0 0 0 0 0 0 0 0 0 0 0 0 0 0 0 0 ' ,93 ,3 ,2, 2
494 ,535, 485, '474 449 437 428 467 422 411 447 458 469 438 405 440 422 462 440 ' ,'0 0 0 0 0 0 0 0 0 0 0 0 0 0 0 0 ' ,71 ,3 ,2, 2
515 ,489, 507, '431 427 390 398 444 468 421 432 452 454 451 388 442 405 402 427 ' ,'0 0 0 0 0 0 0 0 0 0 0 0 0 0 0 0 ' ,83 ,2 ,2, 2
455 ,511, 446, '401 405 364 388 417 424 396 341 386 427 436 395 383 422 418 412 ' ,'0 0 0 0 0 0 0 0 0 0 0 0 0 0 0 0 ' ,96 ,3 ,2, 2
471 ,451, 463, '409 364 449 391 405 435 394 375 429 437 400 401 394 404 421 420 ' ,'0 0 0 0 0 0 0 0 0 0 0 0 0 0 0 0 ' ,88 ,2 ,5, 5
469 ,467, 462, '428 410 429 398 385 443 422 411 440 438 412 449 432 450 404 407 ' ,'0 0 0 0 0 0 0 0 0 0 0 0 0 0 0 0 ' ,69 ,3 ,2, 2
712 ,466, 703, '445 432 445 450 459 427 418 442 403 444 432 415 441 402 439 405 ' ,'0 0 0 0 0 0 0 0 0 0 0 0 0 0 0 0 ' ,290 ,2 ,2, 2
508 ,707, 497, '471 425 434 408 418 486 409 434 424 449 428 432 430 437 442 438 ' ,'0 0 0 0 0 0 0 0 0 0 0 0 0 0 0 0 ' ,81 ,1 ,2, 2
487 ,503, 477, '424 466 445 438 436 406 436 413 414 430 407 383 413 427 436 441 ' ,'0 0 0 0 0 0 0 0 0 0 0 0 0 0 0 0 ' ,83 ,1 ,2, 2
515 ,483, 507, '410 493 471 434 453 451 458 461 462 495 440 481 486 390 430 420 ' ,'0 0 0 0 0 0 0 0 0 0 0 0 0 0 0 0 ' ,107 ,2 ,2, 2
536 ,510, 528, '469 476 481 497 518 464 474 509 460 501 509 454 508 465 449 451 ' ,'0 0 0 0 0 0 0 0 0 0 0 0 0 0 0 0 ' ,68 ,1 ,2, 2
565 ,532, 555, '511 544 471 467 546 509 508 516 504 510 484 521 505 509 540 501 ' ,'0 0 0 0 0 0 0 0 0 0 0 0 0 0 0 0 ' ,79 ,1 ,2, 2
576 ,559, 566, '522 526 519 529 546 486 496 510 556 507 489 488 526 515 541 508 ' ,'0 0 0 0 0 0 0 0 0 0 0 0 0 0 0 0 ' ,70 ,2 ,3, 3
584 ,571, 576, '565 543 510 551 508 474 560 526 480 553 486 512 543 476 540 544 ' ,'0 0 0 0 0 0 0 0 0 0 0 0 0 0 0 0 ' ,92 ,1 ,2, 2
581 ,580, 571, '555 513 532 532 548 510 543 536 544 560 538 542 533 503 513 556 ' ,'0 0 0 0 0 0 0 0 0 0 0 0 0 0 0 0 ' ,59 ,1 ,2, 2
580 ,575, 570, '534 507 531 478 518 557 538 519 539 540 480 532 516 497 526 537 ' ,'0 0 0 0 0 0 0 0 0 0 0 0 0 0 0 0 ' ,83 ,2 ,2, 2
569 ,575, 561, '504 481 487 502 538 518 516 536 485 541 522 548 484 520 492 514 ' ,'0 0 0 0 0 0 0 0 0 0 0 0 0 0 0 0 ' ,71 ,2 ,2, 2
561 ,564, 550, '488 496 484 500 523 492 502 479 517 540 524 464 505 456 457 511 ' ,'0 0 0 0 0 0 0 0 0 0 0 0 0 0 0 0 ' ,86 ,3 ,3, 3
547 ,557, 539, '525 527 495 501 503 465 479 470 477 509 464 432 460 488 515 457 ' ,'0 0 0 0 0 0 0 0 0 0 0 0 0 0 0 0 ' ,97 ,3 ,3, 3
535 ,543, 527, '495 469 484 482 502 512 480 498 507 486 481 458 474 515 480 430 ' ,'0 0 0 0 0 0 0 0 0 0 0 0 0 0 0 0 ' ,88 ,2 ,2, 2
517 ,530, 509, '486 483 484 464 470 464 470 462 489 495 488 438 460 478 467 483 ' ,'0 0 0 0 0 0 0 0 0 0 0 0 0 0 0 0 ' ,60 ,3 ,2, 2
498 ,513, 490, '466 444 420 469 461 439 437 423 469 479 391 406 427 441 428 461 ' ,'0 0 0 0 0 0 0 0 0 0 0 0 0 0 0 0 ' ,91 ,3 ,2, 2
470 ,494, 462, '431 420 375 393 399 392 407 438 451 421 405 398 439 379 412 433 ' ,'0 0 0 0 0 0 0 0 0 0 0 0 0 0 0 0 ' ,77 ,3 ,2, 2
494 ,465, 485, '418 401 379 408 399 439 403 419 474 441 432 361 405 457 429 424 ' ,'0 0 0 0 0 0 0 0 0 0 0 0 0 0 0 0 ' ,115 ,2 ,2, 2
478 ,490, 470, '458 422 402 400 392 420 413 432 435 454 399 399 403 425 417 426 ' ,'0 0 0 0 0 0 0 0 0 0 0 0 0 0 0 0 ' ,71 ,3 ,2, 2
484 ,486, 475, '459 416 429 420 465 435 416 405 454 451 434 387 425 386 428 441 ' ,'0 0 0 0 0 0 0 0 0 0 0 0 0 0 0 0 ' ,82 ,3 ,2, 2
495 ,479, 487, '475 457 446 436 467 474 464 448 467 454 451 418 457 422 456 424 ' ,'0 0 0 0 0 0 0 0 0 0 0 0 0 0 0 0 ' ,59 ,3 ,2, 2
482 ,491, 473, '440 422 449 443 428 460 441 452 406 453 420 422 421 433 456 448 ' ,'0 0 0 0 0 0 0 0 0 0 0 0 0 0 0 0 ' ,58 ,3 ,2, 2
487 ,477, 478, '420 413 450 408 465 413 459 447 440 447 399 416 392 447 450 467 ' ,'0 0 0 0 0 0 0 0 0 0 0 0 0 0 0 0 ' ,77 ,3 ,3, 3
497 ,482, 486, '436 460 459 440 458 447 447 456 454 457 442 451 419 386 468 474 ' ,'0 0 0 0 0 0 0 0 0 0 0 0 0 0 0 0 ' ,90 ,3 ,2, 2
544 ,492, 535, '476 462 425 460 522 481 491 463 465 482 473 491 430 441 487 464 ' ,'0 0 0 0 0 0 0 0 0 0 0 0 0 0 0 0 ' ,99 ,3 ,3, 3
556 ,538, 544, '490 481 483 498 471 497 527 499 506 482 464 469 460 488 507 481 ' ,'0 0 0 0 0 0 0 0 0 0 0 0 0 0 0 0 ' ,74 ,3 ,2, 2
566 ,550, 556, '535 481 510 521 544 511 534 508 460 541 530 472 523 486 495 482 ' ,'0 0 0 0 0 0 0 0 0 0 0 0 0 0 0 0 ' ,86 ,3 ,2, 2
590 ,561, 581, '526 483 490 514 543 520 516 502 535 566 517 517 517 508 504 494 ' ,'0 0 0 0 0 0 0 0 0 0 0 0 0 0 0 0 ' ,87 ,4 ,3, 3
579 ,586, 571, '518 551 557 513 478 543 557 519 523 555 503 554 549 536 489 526 ' ,'0 0 0 0 0 0 0 0 0 0 0 0 0 0 0 0 ' ,84 ,3 ,3, 3
556 ,575, 548, '534 461 517 455 486 469 509 503 490 534 499 489 513 503 436 518 ' ,'0 0 0 0 0 0 0 0 0 0 0 0 0 0 0 0 ' ,101 ,3 ,2, 2
537 ,551, 529, '517 462 467 477 476 471 440 480 471 495 508 462 512 490 416 508 ' ,'0 0 0 0 0 0 0 0 0 0 0 0 0 0 0 0 ' ,104 ,4 ,2, 2
541 ,534, 533, '502 444 464 437 459 482 481 447 521 491 465 484 496 506 473 467 ' ,'0 0 0 0 0 0 0 0 0 0 0 0 0 0 0 0 ' ,86 ,3 ,2, 2
517 ,537, 508, '496 415 426 453 465 447 431 437 470 496 492 447 450 474 466 458 ' ,'0 0 0 0 0 0 0 0 0 0 0 0 0 0 0 0 ' ,83 ,2 ,2, 2
635 ,514, 626, '448 452 452 437 430 412 424 448 442 396 453 436 424 443 413 414 ' ,'0 0 0 0 0 0 0 0 0 0 0 0 0 0 0 0 ' ,221 ,2 ,2, 2
501 ,630, 492, '474 464 419 481 429 451 439 439 392 459 428 444 407 421 435 445 ' ,'0 0 0 0 0 0 0 0 0 0 0 0 0 0 0 0 ' ,92 ,2 ,2, 2
483 ,496, 476, '446 386 401 400 421 385 434 405 437 466 447 405 422 412 382 462 ' ,'0 0 0 0 0 0 0 0 0 0 0 0 0 0 0 0 ' ,85 ,2 ,2, 2
489 ,479, 478, '468 442 428 437 435 406 452 457 453 462 442 416 431 401 425 443 ' ,'0 0 0 0 0 0 0 0 0 0 0 0 0 0 0 0 ' ,68 ,1 ,2, 2
495 ,482, 487, '477 427 428 475 457 446 469 436 422 460 443 454 453 432 374 447 ' ,'0 0 0 0 0 0 0 0 0 0 0 0 0 0 0 0 ' ,104 ,2 ,2, 2
510 ,491, 501, '484 462 418 470 458 465 457 467 429 428 444 488 463 484 427 451 ' ,'0 0 0 0 0 0 0 0 0 0 0 0 0 0 0 0 ' ,69 ,3 ,2, 2
540 ,505, 532, '474 481 506 491 419 517 499 495 456 514 516 503 510 454 505 480 ' ,'0 0 0 0 0 0 0 0 0 0 0 0 0 0 0 0 ' ,103 ,4 ,2, 2
565 ,536, 557, '532 517 508 532 512 486 542 525 479 542 489 544 529 509 504 506 ' ,'0 0 0 0 0 0 0 0 0 0 0 0 0 0 0 0 ' ,68 ,4 ,3, 3
574 ,561, 566, '523 550 530 516 554 511 546 540 495 520 543 523 494 544 513 540 ' ,'0 0 0 0 0 0 0 0 0 0 0 0 0 0 0 0 ' ,62 ,4 ,3, 3
586 ,572, 578, '562 502 545 520 555 522 508 563 551 562 505 557 539 488 537 558 ' ,'0 0 0 0 0 0 0 0 0 0 0 0 0 0 0 0 ' ,80 ,4 ,3, 3
580 ,582, 569, '511 511 532 545 521 538 530 539 544 543 555 552 512 525 482 547 ' ,'0 0 0 0 0 0 0 0 0 0 0 0 0 0 0 0 ' ,77 ,4 ,3, 3
588 ,573, 581, '532 471 539 473 517 515 537 516 507 567 516 553 543 481 450 465 ' ,'0 0 0 0 0 0 0 0 0 0 0 0 0 0 0 0 ' ,121 ,4 ,3, 3
568 ,585, 561, '514 515 482 476 514 483 450 513 548 520 509 492 499 472 486 484 ' ,'0 0 0 0 0 0 0 0 0 0 0 0 0 0 0 0 ' ,101 ,4 ,3, 3
533 ,566, 525, '500 450 489 506 469 493 462 450 485 511 482 466 481 462 477 487 ' ,'0 0 0 0 0 0 0 0 0 0 0 0 0 0 0 0 ' ,65 ,3 ,3, 3
535 ,528, 527, '481 460 405 512 480 428 427 444 447 469 459 482 464 439 418 458 ' ,'0 0 0 0 0 0 0 0 0 0 0 0 0 0 0 0 ' ,111 ,3 ,2, 2
503 ,531, 495, '450 434 450 461 434 450 457 450 416 462 413 465 421 443 473 482 ' ,'0 0 0 0 0 0 0 0 0 0 0 0 0 0 0 0 ' ,72 ,4 ,2, 2
477 ,498, 468, '452 426 429 410 385 453 409 422 421 453 423 399 436 455 422 438 ' ,'0 0 0 0 0 0 0 0 0 0 0 0 0 0 0 0 ' ,75 ,4 ,2, 2
493 ,472, 484, '445 426 439 455 468 435 465 462 432 472 454 452 468 434 452 449 ' ,'0 0 0 0 0 0 0 0 0 0 0 0 0 0 0 0 ' ,51 ,4 ,1, 1
528 ,489, 519, '472 453 468 446 462 474 451 462 422 452 468 418 453 462 434 480 ' ,'0 0 0 0 0 0 0 0 0 0 0 0 0 0 0 0 ' ,91 ,31 ,2, 2
520 ,524, 511, '440 443 461 451 498 453 423 441 410 470 473 464 492 488 447 490 ' ,'0 0 0 0 0 0 0 0 0 0 0 0 0 0 0 0 ' ,91 ,4 ,3, 3
545 ,515, 535, '485 488 477 497 504 519 500 497 443 472 519 475 491 494 456 455 ' ,'0 0 0 0 0 0 0 0 0 0 0 0 0 0 0 0 ' ,82 ,5 ,2, 2
549 ,539, 541, '505 505 456 499 528 507 514 486 431 483 511 490 510 487 471 524 ' ,'0 0 0 0 0 0 0 0 0 0 0 0 0 0 0 0 ' ,101 ,4 ,3, 3
579 ,545, 569, '518 470 509 487 555 524 530 520 489 492 490 530 521 508 517 488 ' ,'0 0 0 0 0 0 0 0 0 0 0 0 0 0 0 0 ' ,90 ,3 ,3, 3
583 ,575, 575, '523 516 492 510 482 514 522 560 486 543 512 525 518 545 536 548 ' ,'0 0 0 0 0 0 0 0 0 0 0 0 0 0 0 0 ' ,83 ,4 ,3, 3
597 ,579, 588, '558 527 556 549 507 571 515 571 523 555 520 559 547 477 556 532 ' ,'0 0 0 0 0 0 0 0 0 0 0 0 0 0 0 0 ' ,99 ,4 ,3, 3
574 ,594, 564, '550 520 544 506 508 534 542 524 523 548 519 491 504 509 537 541 ' ,'0 0 0 0 0 0 0 0 0 0 0 0 0 0 0 0 ' ,62 ,4 ,2, 2
540 ,568, 531, '510 477 469 506 482 502 496 467 493 517 443 498 497 496 464 504 ' ,'0 0 0 0 0 0 0 0 0 0 0 0 0 0 0 0 ' ,78 ,4 ,2, 2
502 ,535, 493, '462 480 474 447 460 438 457 434 451 473 465 464 426 454 437 425 ' ,'0 0 0 0 0 0 0 0 0 0 0 0 0 0 0 0 ' ,60 ,4 ,2, 2
510 ,499, 499, '438 445 421 447 439 485 426 426 429 455 454 458 446 477 436 445 ' ,'0 0 0 0 0 0 0 0 0 0 0 0 0 0 0 0 ' ,68 ,4 ,2, 2
507 ,504, 495, '470 457 481 453 454 428 471 472 448 450 462 448 473 435 414 477 ' ,'0 0 0 0 0 0 0 0 0 0 0 0 0 0 0 0 ' ,72 ,4 ,2, 2
505 ,500, 497, '482 460 478 435 446 475 450 483 426 466 432 476 432 427 433 474 ' ,'0 0 0 0 0 0 0 0 0 0 0 0 0 0 0 0 ' ,62 ,4 ,2, 2
500 ,501, 492, '478 448 418 431 454 421 438 470 440 457 408 415 430 468 454 448 ' ,'0 0 0 0 0 0 0 0 0 0 0 0 0 0 0 0 ' ,75 ,5 ,2, 2
492 ,496, 483, '452 415 465 449 422 441 468 457 426 433 396 468 430 443 445 453 ' ,'0 0 0 0 0 0 0 0 0 0 0 0 0 0 0 0 ' ,78 ,5 ,2, 2
539 ,487, 527, '475 470 468 470 445 489 485 475 424 457 465 512 487 474 475 455 ' ,'0 0 0 0 0 0 0 0 0 0 0 0 0 0 0 0 ' ,93 ,4 ,2, 2
593 ,532, 583, '486 529 506 480 480 485 569 521 512 481 530 510 496 515 507 547 ' ,'0 0 0 0 0 0 0 0 0 0 0 0 0 0 0 0 ' ,94 ,5 ,3, 3
563 ,588, 555, '540 492 509 491 513 515 529 497 514 515 465 488 498 528 519 519 ' ,'0 0 0 0 0 0 0 0 0 0 0 0 0 0 0 0 ' ,79 ,4 ,3, 3
594 ,558, 585, '517 514 544 499 554 516 538 525 501 513 549 569 522 531 542 553 ' ,'0 0 0 0 0 0 0 0 0 0 0 0 0 0 0 0 ' ,76 ,5 ,3, 3
588 ,589, 579, '552 523 463 554 489 530 531 522 533 555 513 562 523 490 534 554 ' ,'0 0 0 0 0 0 0 0 0 0 0 0 0 0 0 0 ' ,103 ,4 ,4, 4
627 ,583, 619, '477 492 541 551 517 515 604 541 549 534 576 587 505 551 506 565 ' ,'0 0 0 0 0 0 0 0 0 0 0 0 0 0 0 0 ' ,131 ,5 ,3, 3
576 ,623, 567, '538 537 533 541 475 547 534 499 521 499 552 539 553 518 498 549 ' ,'0 0 0 0 0 0 0 0 0 0 0 0 0 0 0 0 ' ,82 ,5 ,3, 3
563 ,572, 554, '512 474 497 540 426 521 491 505 461 464 474 425 457 468 474 496 ' ,'0 0 0 0 0 0 0 0 0 0 0 0 0 0 0 0 ' ,119 ,5 ,2, 2
519 ,558, 509, '477 467 486 491 450 419 464 460 470 453 441 430 455 414 480 489 ' ,'0 0 0 0 0 0 0 0 0 0 0 0 0 0 0 0 ' ,84 ,7 ,2, 2
688 ,515, 679, '420 442 411 447 433 460 419 441 450 442 457 419 449 419 418 465 ' ,'0 0 0 0 0 0 0 0 0 0 0 0 0 0 0 0 ' ,258 ,4 ,2, 2
485 ,682, 477, '438 463 412 459 450 435 434 385 431 458 430 455 421 429 431 430 ' ,'0 0 0 0 0 0 0 0 0 0 0 0 0 0 0 0 ' ,81 ,5 ,2, 2
486 ,481, 477, '435 437 404 452 418 375 432 454 420 453 444 410 461 444 399 455 ' ,'0 0 0 0 0 0 0 0 0 0 0 0 0 0 0 0 ' ,90 ,4 ,2, 2
530 ,481, 521, '499 450 406 464 471 481 461 477 438 431 478 470 470 505 476 470 ' ,'0 0 0 0 0 0 0 0 0 0 0 0 0 0 0 0 ' ,104 ,5 ,2, 2
541 ,525, 533, '492 515 505 504 508 451 480 501 480 465 515 517 461 489 483 501 ' ,'0 0 0 0 0 0 0 0 0 0 0 0 0 0 0 0 ' ,72 ,5 ,2, 2
719 ,538, 711, '493 512 469 456 525 492 488 444 480 493 518 527 486 524 491 465 ' ,'0 0 0 0 0 0 0 0 0 0 0 0 0 0 0 0 ' ,257 ,5 ,2, 2
551 ,715, 543, '505 529 500 489 514 488 497 479 481 486 498 523 499 508 502 436 ' ,'0 0 0 0 0 0 0 0 0 0 0 0 0 0 0 0 ' ,97 ,5 ,3, 3
586 ,547, 578, '506 513 523 503 530 488 546 515 500 528 530 562 472 500 512 537 ' ,'0 0 0 0 0 0 0 0 0 0 0 0 0 0 0 0 ' ,96 ,5 ,3, 3
577 ,582, 567, '511 504 529 497 523 489 532 489 510 503 541 546 514 504 535 552 ' ,'0 0 0 0 0 0 0 0 0 0 0 0 0 0 0 0 ' ,67 ,5 ,2, 2
580 ,572, 572, '555 517 513 474 534 491 467 556 512 491 520 541 548 511 515 539 ' ,'0 0 0 0 0 0 0 0 0 0 0 0 0 0 0 0 ' ,94 ,5 ,3, 3
604 ,576, 596, '580 534 501 441 546 490 557 517 540 568 530 542 521 564 470 550 ' ,'0 0 0 0 0 0 0 0 0 0 0 0 0 0 0 0 ' ,144 ,4 ,3, 3
604 ,600, 595, '580 555 532 517 516 495 526 556 542 526 547 537 554 531 523 512 ' ,'0 0 0 0 0 0 0 0 0 0 0 0 0 0 0 0 ' ,88 ,5 ,2, 2
555 ,601, 546, '531 508 499 482 484 467 468 488 526 513 473 493 495 487 493 508 ' ,'0 0 0 0 0 0 0 0 0 0 0 0 0 0 0 0 ' ,67 ,4 ,2, 2
509 ,550, 498, '476 482 470 465 417 457 434 447 485 484 474 410 435 450 406 441 ' ,'0 0 0 0 0 0 0 0 0 0 0 0 0 0 0 0 ' ,84 ,5 ,3, 3
483 ,505, 476, '447 442 460 426 444 449 386 435 447 424 409 431 410 431 391 403 ' ,'0 0 0 0 0 0 0 0 0 0 0 0 0 0 0 0 ' ,79 ,5 ,2, 2
483 ,479, 475, '390 372 434 419 459 407 415 416 413 406 454 448 427 432 422 411 ' ,'0 0 0 0 0 0 0 0 0 0 0 0 0 0 0 0 ' ,88 ,4 ,3, 3
491 ,478, 479, '401 425 447 431 451 431 408 419 421 413 442 461 435 452 411 416 ' ,'0 0 0 0 0 0 0 0 0 0 0 0 0 0 0 0 ' ,69 ,8 ,2, 2
504 ,484, 493, '449 427 440 460 434 477 434 424 399 430 431 442 418 453 444 463 ' ,'0 0 0 0 0 0 0 0 0 0 0 0 0 0 0 0 ' ,85 ,5 ,2, 2
487 ,497, 478, '453 440 420 450 465 449 400 423 439 406 437 457 393 377 418 446 ' ,'0 0 0 0 0 0 0 0 0 0 0 0 0 0 0 0 ' ,91 ,5 ,2, 2
492 ,482, 485, '431 426 445 419 470 411 398 437 399 437 454 459 422 442 427 466 ' ,'0 0 0 0 0 0 0 0 0 0 0 0 0 0 0 0 ' ,76 ,4 ,2, 2
505 ,489, 497, '437 453 401 407 474 425 425 444 436 444 483 452 432 392 434 430 ' ,'0 0 0 0 0 0 0 0 0 0 0 0 0 0 0 0 ' ,94 ,5 ,2, 2
560 ,500, 548, '507 483 488 504 457 491 475 478 478 454 502 479 465 476 442 496 ' ,'0 0 0 0 0 0 0 0 0 0 0 0 0 0 0 0 ' ,94 ,30 ,2, 2
559 ,553, 551, '477 532 498 516 491 504 519 471 534 498 485 513 529 510 476 534 ' ,'0 0 0 0 0 0 0 0 0 0 0 0 0 0 0 0 ' ,69 ,5 ,2, 2
583 ,556, 574, '559 466 527 505 544 527 538 529 507 502 506 529 494 522 462 554 ' ,'0 0 0 0 0 0 0 0 0 0 0 0 0 0 0 0 ' ,101 ,5 ,2, 2
599 ,579, 590, '534 499 571 522 501 519 546 513 538 532 501 487 458 571 462 518 ' ,'0 0 0 0 0 0 0 0 0 0 0 0 0 0 0 0 ' ,120 ,4 ,2, 2
577 ,594, 568, '549 520 551 498 537 498 530 456 521 500 547 496 529 488 470 532 ' ,'0 0 0 0 0 0 0 0 0 0 0 0 0 0 0 0 ' ,100 ,5 ,3, 3
536 ,572, 527, '510 452 439 476 494 496 505 449 466 481 483 455 501 488 485 496 ' ,'0 0 0 0 0 0 0 0 0 0 0 0 0 0 0 0 ' ,76 ,3 ,3, 3
520 ,531, 511, '477 453 448 489 493 468 442 497 475 431 443 458 451 424 459 457 ' ,'0 0 0 0 0 0 0 0 0 0 0 0 0 0 0 0 ' ,76 ,3 ,3, 3
492 ,515, 484, '461 464 432 461 439 432 449 416 460 470 452 443 466 393 448 458 ' ,'0 0 0 0 0 0 0 0 0 0 0 0 0 0 0 0 ' ,80 ,3 ,2, 2
496 ,488, 486, '419 446 438 418 432 450 421 442 420 426 473 411 430 389 406 438 ' ,'0 0 0 0 0 0 0 0 0 0 0 0 0 0 0 0 ' ,87 ,3 ,2, 2
499 ,490, 490, '433 374 432 428 387 446 444 447 434 474 442 407 429 458 452 428 ' ,'0 0 0 0 0 0 0 0 0 0 0 0 0 0 0 0 ' ,106 ,3 ,2, 2
508 ,493, 499, '407 437 434 487 365 421 434 406 417 447 459 426 434 417 422 430 ' ,'0 0 0 0 0 0 0 0 0 0 0 0 0 0 0 0 ' ,126 ,3 ,2, 2
480 ,505, 471, '445 442 415 419 452 437 394 430 391 427 401 391 456 425 433 417 ' ,'0 0 0 0 0 0 0 0 0 0 0 0 0 0 0 0 ' ,70 ,3 ,2, 2
514 ,476, 505, '442 446 447 447 478 487 458 417 428 426 460 457 440 473 424 420 ' ,'0 0 0 0 0 0 0 0 0 0 0 0 0 0 0 0 ' ,73 ,3 ,3, 3
536 ,509, 526, '462 483 455 480 511 496 476 436 466 461 456 484 474 477 445 487 ' ,'0 0 0 0 0 0 0 0 0 0 0 0 0 0 0 0 ' ,79 ,6 ,2, 2
540 ,532, 531, '499 483 512 487 518 464 483 447 500 511 466 453 479 498 484 487 ' ,'0 0 0 0 0 0 0 0 0 0 0 0 0 0 0 0 ' ,73 ,3 ,3, 3
666 ,535, 656, '485 466 511 542 524 503 485 485 462 479 508 508 488 499 639 470 ' ,'0 0 0 0 0 0 0 0 0 0 0 0 0 0 105 0 ' ,184 ,5 ,2, 2
671 ,659, 662, '646 515 546 525 477 528 465 476 507 558 522 535 523 499 454 559 ' ,'97 0 0 0 0 0 0 0 0 0 0 0 0 0 0 0 ' ,197 ,5 ,3, 3
603 ,666, 593, '555 503 560 564 453 504 532 538 538 488 547 575 557 491 472 548 ' ,'0 0 0 0 0 0 0 0 0 0 0 0 0 0 0 0 ' ,130 ,6 ,2, 2
598 ,598, 588, '546 529 571 544 498 478 540 529 531 527 548 520 518 469 478 502 ' ,'0 0 0 0 0 0 0 0 0 0 0 0 0 0 0 0 ' ,107 ,5 ,3, 2
558 ,592, 549, '498 470 530 482 484 506 509 491 515 513 531 443 528 493 458 452 ' ,'0 0 0 0 0 0 0 0 0 0 0 0 0 0 0 0 ' ,94 ,6 ,3, 3
562 ,553, 553, '496 495 490 449 434 486 484 412 536 515 503 454 507 454 499 466 ' ,'0 0 0 0 0 0 0 0 0 0 0 0 0 0 0 0 ' ,128 ,5 ,2, 2
532 ,559, 522, '471 464 504 456 450 495 488 464 470 508 477 479 441 440 500 476 ' ,'0 0 0 0 0 0 0 0 0 0 0 0 0 0 0 0 ' ,70 ,3 ,2, 2
495 ,528, 486, '449 470 465 432 451 471 406 439 440 419 414 438 435 442 457 447 ' ,'0 0 0 0 0 0 0 0 0 0 0 0 0 0 0 0 ' ,69 ,3 ,3, 3
501 ,557, 488, '394 411 416 397 436 470 411 399 432 449 405 446 418 346 436 428 ' ,'0 0 0 0 0 0 0 0 0 0 0 0 0 0 0 0 ' ,131 ,3 ,2, 2
519 ,495, 511, '397 424 469 392 437 497 447 406 427 439 454 434 443 388 478 428 ' ,'0 0 0 0 0 0 0 0 0 0 0 0 0 0 0 0 ' ,111 ,3 ,2, 2
507 ,515, 497, '422 423 467 430 437 475 429 375 434 454 449 482 470 419 454 414 ' ,'0 0 0 0 0 0 0 0 0 0 0 0 0 0 0 0 ' ,111 ,3 ,2, 2
499 ,502, 490, '429 436 463 445 473 474 416 448 460 456 466 455 453 442 472 454 ' ,'0 0 0 0 0 0 0 0 0 0 0 0 0 0 0 0 ' ,63 ,3 ,3, 3
565 ,494, 555, '513 497 490 436 504 505 469 508 486 495 464 540 514 496 508 493 ' ,'0 0 0 0 0 0 0 0 0 0 0 0 0 0 0 0 ' ,110 ,4 ,2, 2
572 ,561, 563, '499 480 478 510 511 524 444 519 516 517 514 530 540 548 503 482 ' ,'0 0 0 0 0 0 0 0 0 0 0 0 0 0 0 0 ' ,108 ,3 ,2, 2
576 ,567, 566, '507 451 525 503 546 522 481 494 525 500 551 472 510 551 551 471 ' ,'0 0 0 0 0 0 0 0 0 0 0 0 0 0 0 0 ' ,107 ,3 ,2, 2
594 ,571, 583, '557 566 493 529 515 500 494 536 497 569 542 516 542 523 535 512 ' ,'0 0 0 0 0 0 0 0 0 0 0 0 0 0 0 0 ' ,77 ,3 ,3, 3
596 ,676, 587, '565 553 524 515 459 484 550 522 521 573 546 514 553 552 572 459 ' ,'0 0 0 0 0 0 0 0 0 0 0 0 0 0 0 0 ' ,119 ,3 ,3, 3
593 ,592, 584, '551 524 535 483 536 558 521 528 540 543 541 492 554 539 517 567 ' ,'0 0 0 0 0 0 0 0 0 0 0 0 0 0 0 0 ' ,89 ,6 ,3, 3
608 ,589, 600, '583 552 532 519 514 534 513 562 564 576 552 532 535 524 540 464 ' ,'0 0 0 0 0 0 0 0 0 0 0 0 0 0 0 0 ' ,126 ,6 ,3, 3
628 ,604, 620, '534 565 501 501 506 516 534 603 474 513 509 490 546 520 508 543 ' ,'0 0 0 0 0 0 0 105 0 0 0 0 0 0 0 0 ' ,136 ,6 ,3, 3
595 ,625, 587, '500 496 498 442 488 534 554 524 521 568 551 499 509 470 530 521 ' ,'0 0 0 0 0 0 0 0 0 0 0 0 0 0 0 0 ' ,133 ,6 ,4, 4
557 ,590, 549, '471 478 483 502 458 481 475 519 468 532 530 445 487 444 510 515 ' ,'0 0 0 0 0 0 0 0 0 0 0 0 0 0 0 0 ' ,92 ,6 ,3, 3
541 ,552, 530, '478 456 475 455 389 488 431 506 445 485 456 472 470 470 500 514 ' ,'0 0 0 0 0 0 0 0 0 0 0 0 0 0 0 0 ' ,130 ,4 ,3, 3
507 ,533, 498, '424 362 416 426 436 480 423 406 409 461 470 465 426 444 459 468 ' ,'0 0 0 0 0 0 0 0 0 0 0 0 0 0 0 0 ' ,126 ,6 ,3, 3
573 ,502, 563, '440 453 381 427 436 425 547 429 385 464 404 418 433 436 435 417 ' ,'0 0 0 0 0 0 108 0 0 0 0 0 0 0 0 0 ' ,171 ,6 ,3, 3
567 ,569, 558, '436 460 473 393 423 432 464 431 431 452 542 453 527 465 443 407 ' ,'0 0 0 0 0 0 0 0 0 0 105 0 95 0 0 0 ' ,155 ,6 ,3, 3
524 ,660, 514, '413 495 496 401 477 479 419 430 389 471 459 495 414 437 487 452 ' ,'0 0 0 0 0 0 0 0 0 0 0 0 0 0 0 0 ' ,115 ,6 ,3, 3
525 ,518, 517, '432 444 448 442 501 440 443 475 465 442 468 497 475 473 462 459 ' ,'0 0 0 0 0 0 0 0 0 0 0 0 0 0 0 0 ' ,74 ,6 ,2, 2
563 ,522, 555, '456 486 506 450 538 496 498 466 503 474 465 529 456 492 504 481 ' ,'0 0 0 0 0 0 0 0 0 0 0 0 0 0 0 0 ' ,93 ,6 ,3, 3
583 ,560, 574, '540 517 554 493 536 499 503 526 462 481 515 511 523 532 545 520 ' ,'0 0 0 0 0 0 0 0 0 0 0 0 0 0 0 0 ' ,102 ,6 ,3, 3
590 ,580, 583, '499 476 540 514 548 511 497 517 481 529 561 556 557 523 506 563 ' ,'0 0 0 0 0 0 0 0 0 0 0 0 0 0 0 0 ' ,95 ,6 ,3, 3
611 ,586, 603, '496 586 566 499 526 506 584 560 556 558 540 547 555 521 528 561 ' ,'0 0 0 0 0 0 0 0 0 0 0 0 0 0 0 0 ' ,94 ,6 ,4, 4
597 ,607, 588, '570 495 492 508 462 485 433 537 498 505 528 521 473 481 472 502 ' ,'0 0 0 0 0 0 0 0 0 0 0 0 0 0 0 0 ' ,142 ,6 ,3, 3
549 ,592, 540, '525 465 424 429 454 454 490 505 462 493 449 444 478 461 490 438 ' ,'0 0 0 0 0 0 0 0 0 0 0 0 0 0 0 0 ' ,105 ,6 ,2, 2
570 ,546, 561, '427 483 442 545 427 461 466 456 464 482 455 425 465 452 439 480 ' ,'0 0 0 0 0 0 0 0 0 0 0 0 0 0 0 0 ' ,123 ,6 ,3, 2
508 ,566, 501, '445 452 423 469 452 438 471 441 439 405 430 432 454 423 484 480 ' ,'0 0 0 0 0 0 0 0 0 0 0 0 0 0 0 0 ' ,86 ,7 ,3, 3
507 ,504, 499, '451 364 460 449 462 374 408 456 431 424 447 442 425 461 481 481 ' ,'0 0 0 0 0 0 0 0 0 0 0 0 0 0 0 0 ' ,125 ,7 ,3, 3
498 ,503, 491, '428 427 430 408 455 431 394 403 428 474 420 398 431 442 454 447 ' ,'0 0 0 0 0 0 0 0 0 0 0 0 0 0 0 0 ' ,86 ,6 ,3, 3
494 ,494, 486, '421 419 423 419 437 357 464 412 420 422 438 419 416 441 469 433 ' ,'0 0 0 0 0 0 0 0 0 0 0 0 0 0 0 0 ' ,113 ,6 ,2, 2
700 ,489, 692, '413 420 429 430 448 388 439 433 431 481 431 414 467 375 431 432 ' ,'0 0 0 0 0 0 0 0 0 0 0 0 0 0 0 0 ' ,305 ,6 ,2, 2
493 ,718, 483, '425 466 400 416 448 431 439 428 414 459 438 458 401 395 447 433 ' ,'0 0 0 0 0 0 0 0 0 0 0 0 0 0 0 0 ' ,74 ,6 ,2, 2
479 ,486, 471, '422 399 398 394 409 428 336 398 373 445 409 430 412 455 412 417 ' ,'0 0 0 0 0 0 0 0 0 0 0 0 0 0 0 0 ' ,124 ,6 ,2, 2
508 ,475, 499, '430 443 426 384 484 351 425 424 366 395 434 429 448 427 457 357 ' ,'0 0 0 0 0 0 0 0 0 0 0 0 0 0 0 0 ' ,137 ,6 ,2, 2
477 ,504, 470, '415 359 410 430 449 409 443 363 365 397 401 448 366 378 392 387 ' ,'0 0 0 0 0 0 0 0 0 0 0 0 0 0 0 0 ' ,98 ,6 ,2, 2
485 ,474, 477, '392 424 396 380 421 409 460 352 417 400 426 422 388 363 389 397 ' ,'0 0 0 0 0 0 0 0 0 0 0 0 0 0 0 0 ' ,115 ,7 ,2, 2
480 ,482, 473, '434 440 423 454 454 442 390 443 400 414 434 453 442 394 450 414 ' ,'0 0 0 0 0 0 0 0 0 0 0 0 0 0 0 0 ' ,72 ,6 ,2, 2
468 ,477, 459, '364 396 400 423 434 434 384 390 368 416 395 416 438 437 410 443 ' ,'0 0 0 0 0 0 0 0 0 0 0 0 0 0 0 0 ' ,85 ,6 ,2, 2
570 ,464, 562, '443 520 458 514 459 492 470 498 411 545 479 480 509 468 457 442 ' ,'0 0 0 0 0 0 0 0 0 103 0 0 0 0 0 0 ' ,141 ,7 ,2, 2
673 ,568, 663, '502 645 502 518 482 456 480 545 482 522 507 537 512 484 498 497 ' ,'0 0 0 0 0 0 0 0 0 0 0 0 0 0 0 0 ' ,194 ,6 ,3, 3
584 ,670, 573, '491 523 530 539 531 530 548 552 483 552 511 553 531 514 495 490 ' ,'0 0 0 0 0 0 0 0 0 0 0 0 0 0 0 0 ' ,82 ,6 ,3, 3
560 ,579, 552, '532 494 479 521 509 451 494 527 500 518 503 460 532 465 514 489 ' ,'0 0 0 0 0 0 0 0 0 0 0 0 0 0 0 0 ' ,88 ,7 ,3, 3
588 ,556, 579, '563 467 483 490 434 494 454 494 435 530 521 518 470 442 529 472 ' ,'0 0 0 0 0 0 0 0 0 0 0 0 0 0 0 0 ' ,134 ,7 ,2, 2
546 ,588, 537, '519 428 407 488 426 449 459 431 480 454 463 452 475 412 491 493 ' ,'0 0 0 0 0 0 0 0 0 0 0 0 0 0 0 0 ' ,117 ,7 ,2, 2
681 ,541, 673, '484 453 406 486 433 456 454 453 433 505 498 479 455 468 449 455 ' ,'0 0 0 0 0 0 0 0 0 0 0 0 0 0 0 0 ' ,257 ,7 ,2, 2
489 ,677, 481, '436 393 444 447 447 463 429 421 450 449 369 442 386 447 457 459 ' ,'0 0 0 0 0 0 0 0 0 0 0 0 0 0 0 0 ' ,103 ,6 ,2, 2
510 ,485, 500, '482 480 447 474 453 444 423 452 476 413 405 422 460 450 434 460 ' ,'0 0 0 0 0 0 0 0 0 0 0 0 0 0 0 0 ' ,85 ,6 ,3, 3
520 ,504, 512, '495 446 464 468 432 400 441 441 444 437 440 459 445 445 447 461 ' ,'0 0 0 0 0 0 0 0 0 0 0 0 0 0 0 0 ' ,101 ,6 ,2, 2
498 ,516, 489, '437 403 426 400 470 383 405 438 400 437 379 409 413 436 451 410 ' ,'0 0 0 0 0 0 0 0 0 0 0 0 0 0 0 0 ' ,99 ,7 ,3, 3
478 ,493, 470, '453 445 403 423 450 375 441 421 441 416 424 426 399 400 430 421 ' ,'0 0 0 0 0 0 0 0 0 0 0 0 0 0 0 0 ' ,83 ,7 ,2, 2
528 ,474, 520, '441 431 473 439 503 421 419 442 417 433 451 455 450 405 452 444 ' ,'0 0 0 0 0 0 0 0 0 0 0 0 0 0 0 0 ' ,103 ,7 ,2, 2
552 ,525, 544, '469 479 461 478 530 510 509 456 480 522 494 513 517 482 473 490 ' ,'0 0 0 0 0 0 0 0 0 0 0 0 0 0 0 0 ' ,76 ,4 ,2, 2
556 ,548, 547, '516 475 513 491 533 487 498 501 494 528 530 491 481 479 443 457 ' ,'0 0 0 0 0 0 0 0 0 0 0 0 0 0 0 0 ' ,93 ,4 ,2, 2
585 ,554, 576, '518 487 552 483 549 526 456 510 561 488 509 526 491 527 453 540 ' ,'0 0 0 0 0 0 0 0 0 0 0 0 0 0 0 0 ' ,111 ,4 ,3, 3
589 ,581, 580, '511 565 553 510 521 530 544 491 521 526 543 508 536 510 520 492 ' ,'0 0 0 0 0 0 0 0 0 0 0 0 0 0 0 0 ' ,78 ,4 ,3, 3
577 ,585, 570, '497 519 554 531 516 473 526 506 486 543 525 519 552 525 535 460 ' ,'0 0 0 0 0 0 0 0 0 0 0 0 0 0 0 0 ' ,98 ,4 ,3, 3
563 ,575, 555, '508 529 484 489 521 513 537 535 496 516 464 514 522 508 527 527 ' ,'0 0 0 0 0 0 0 0 0 0 0 0 0 0 0 0 ' ,76 ,4 ,2, 2
554 ,562, 545, '530 476 489 492 426 449 511 462 413 447 477 467 474 469 449 439 ' ,'0 0 0 0 0 0 0 0 0 0 0 0 0 0 0 0 ' ,122 ,5 ,2, 2
543 ,551, 535, '468 502 453 512 483 434 512 472 431 519 481 505 479 462 515 496 ' ,'0 0 0 0 0 0 0 0 0 0 0 0 0 0 0 0 ' ,90 ,5 ,2, 2
536 ,539, 527, '495 467 469 438 480 480 472 437 431 509 488 493 464 440 446 456 ' ,'0 0 0 0 0 0 0 0 0 0 0 0 0 0 0 0 ' ,84 ,4 ,2, 2
546 ,531, 538, '443 520 401 424 433 465 459 459 398 457 451 484 440 430 481 473 ' ,'0 0 0 0 0 0 0 0 0 0 0 0 0 0 0 0 ' ,126 ,8 ,2, 2
501 ,542, 492, '397 423 371 453 434 422 427 448 439 429 410 461 390 412 474 455 ' ,'0 0 0 0 0 0 0 0 0 0 0 0 0 0 0 0 ' ,109 ,8 ,2, 2
500 ,498, 492, '440 434 399 440 472 439 439 375 393 431 461 424 417 417 430 406 ' ,'0 0 0 0 0 0 0 0 0 0 0 0 0 0 0 0 ' ,106 ,7 ,2, 2
488 ,496, 480, '449 404 402 402 434 417 431 460 440 453 446 459 411 385 420 439 ' ,'0 0 0 0 0 0 0 0 0 0 0 0 0 0 0 0 ' ,83 ,8 ,2, 2
488 ,484, 481, '400 465 381 435 457 459 457 433 429 435 438 401 462 398 431 426 ' ,'0 0 0 0 0 0 0 0 0 0 0 0 0 0 0 0 ' ,90 ,6 ,2, 2
477 ,485, 469, '378 411 418 422 435 435 427 410 396 428 417 382 386 408 454 401 ' ,'0 0 0 0 0 0 0 0 0 0 0 0 0 0 0 0 ' ,80 ,4 ,2, 2
483 ,473, 475, '442 460 410 416 422 400 431 414 446 448 436 454 458 407 449 420 ' ,'0 0 0 0 0 0 0 0 0 0 0 0 0 0 0 0 ' ,64 ,5 ,2, 2
520 ,480, 512, '459 493 389 493 483 392 474 454 489 472 485 476 450 475 438 427 ' ,'0 0 0 0 0 0 0 0 0 0 0 0 0 0 0 0 ' ,111 ,6 ,2, 2
557 ,516, 548, '490 508 456 468 527 437 523 446 477 425 515 528 512 443 470 470 ' ,'0 0 0 0 0 0 0 0 0 0 0 0 0 0 0 0 ' ,110 ,8 ,3, 3
601 ,554, 593, '506 523 471 466 575 501 470 477 490 502 533 507 545 485 441 415 ' ,'0 0 0 0 0 0 0 0 0 0 0 0 0 0 0 0 ' ,167 ,7 ,2, 2
580 ,598, 570, '513 547 483 422 512 440 518 511 516 494 536 497 547 452 460 442 ' ,'0 0 0 0 0 0 0 0 0 0 0 0 0 0 0 0 ' ,137 ,10 ,2, 2
596 ,575, 586, '531 567 513 494 551 513 525 498 509 526 542 534 518 491 458 524 ' ,'0 0 0 0 0 0 0 0 0 0 0 0 0 0 0 0 ' ,116 ,8 ,3, 3
612 ,591, 605, '537 586 496 517 554 484 499 524 503 572 570 501 559 554 487 512 ' ,'0 0 0 0 0 0 0 0 0 0 0 0 0 0 0 0 ' ,108 ,7 ,3, 3
575 ,609, 567, '518 524 528 513 473 449 519 536 548 526 544 500 468 492 517 547 ' ,'0 0 0 0 0 0 0 0 0 0 0 0 0 0 0 0 ' ,105 ,7 ,3, 3
584 ,572, 576, '506 487 499 502 556 491 472 536 554 525 484 522 512 552 546 473 ' ,'0 0 0 0 0 0 0 0 0 0 0 0 0 0 0 0 ' ,92 ,8 ,3, 3
611 ,581, 603, '539 580 542 518 537 537 541 559 545 494 536 559 574 559 532 517 ' ,'0 0 0 0 0 0 0 0 0 0 0 0 0 0 0 0 ' ,94 ,7 ,6, 6
610 ,607, 603, '583 557 508 514 524 470 546 544 491 516 488 499 501 485 500 522 ' ,'0 0 0 0 0 0 0 0 0 0 0 0 0 0 0 0 ' ,120 ,8 ,3, 3
574 ,608, 566, '502 545 468 496 461 427 486 463 463 468 507 429 505 488 511 506 ' ,'0 0 0 0 0 0 0 0 0 0 0 0 0 0 0 0 ' ,127 ,11 ,2, 2
524 ,573, 515, '494 461 430 494 445 444 473 465 447 446 440 493 481 449 474 466 ' ,'0 0 0 0 0 0 0 0 0 0 0 0 0 0 0 0 ' ,73 ,7 ,2, 2
495 ,519, 486, '424 456 420 408 411 438 406 388 399 417 471 431 423 401 415 437 ' ,'0 0 0 0 0 0 0 0 0 0 0 0 0 0 0 0 ' ,87 ,6 ,2, 2
486 ,491, 476, '439 393 419 456 410 437 447 439 429 457 435 392 433 445 443 413 ' ,'0 0 0 0 0 0 0 0 0 0 0 0 0 0 0 0 ' ,72 ,8 ,2, 2
527 ,482, 518, '442 426 413 468 500 453 436 428 381 456 466 444 446 448 449 392 ' ,'0 0 0 0 0 0 0 0 0 0 0 0 0 0 0 0 ' ,126 ,8 ,2, 2
487 ,522, 479, '451 433 416 431 455 460 403 449 372 422 453 440 433 435 427 416 ' ,'0 0 0 0 0 0 0 0 0 0 0 0 0 0 0 0 ' ,97 ,8 ,1, 1
