67 ,257, 51, '13 15 17 15 12 11 15 14 13 15 11 12 13 14 42 15 ' ,'0 0 0 0 0 0 0 0 0 0 0 0 0 0 0 0 ' ,33 ,0 ,1, 1
214 ,56, 203, '189 194 193 197 191 197 198 194 177 184 196 192 197 199 178 186 ' ,'0 0 0 0 0 0 0 0 0 0 0 0 0 0 0 0 ' ,23 ,0 ,1, 1
242 ,209, 234, '224 230 220 207 220 212 225 206 214 226 210 223 193 222 225 208 ' ,'0 0 0 0 0 0 0 0 0 0 0 0 0 0 0 0 ' ,36 ,0 ,1, 1
259 ,237, 250, '246 216 231 222 243 241 235 242 234 235 239 244 244 230 237 242 ' ,'0 0 0 0 0 0 0 0 0 0 0 0 0 0 0 0 ' ,30 ,1 ,1, 1
268 ,255, 259, '223 221 233 229 217 254 244 246 248 255 252 212 250 238 251 216 ' ,'0 0 0 0 0 0 0 0 0 0 0 0 0 0 0 0 ' ,42 ,0 ,1, 1
280 ,265, 273, '238 234 235 248 256 231 250 255 242 267 253 205 215 220 217 262 ' ,'0 0 0 0 0 0 0 0 0 0 0 0 0 0 0 0 ' ,63 ,0 ,2, 2
284 ,277, 274, '233 252 248 256 267 261 246 254 264 236 269 235 226 251 259 262 ' ,'0 0 0 0 0 0 0 0 0 0 0 0 0 0 0 0 ' ,44 ,1 ,1, 1
274 ,279, 265, '251 255 201 244 241 253 240 256 236 252 239 257 255 253 213 261 ' ,'0 0 0 0 0 0 0 0 0 0 0 0 0 0 0 0 ' ,59 ,0 ,1, 1
285 ,270, 271, '229 210 234 254 219 261 264 239 263 258 228 236 233 266 262 255 ' ,'0 0 0 0 0 0 0 0 0 0 0 0 0 0 0 0 ' ,57 ,0 ,1, 1
267 ,275, 258, '249 211 242 250 226 236 242 234 209 236 205 246 245 223 231 225 ' ,'0 0 0 0 0 0 0 0 0 0 0 0 0 0 0 0 ' ,46 ,0 ,2, 2
241 ,262, 230, '214 197 200 216 218 218 218 215 212 192 204 225 210 221 212 212 ' ,'0 0 0 0 0 0 0 0 0 0 0 0 0 0 0 0 ' ,34 ,0 ,1, 1
252 ,235, 240, '196 184 198 190 189 188 210 156 197 194 213 177 203 197 196 201 ' ,'0 0 0 0 0 0 0 0 0 0 0 0 0 0 0 0 ' ,56 ,0 ,1, 1
234 ,246, 223, '207 212 203 214 202 183 208 208 213 213 216 218 214 212 210 216 ' ,'0 0 0 0 0 0 0 0 0 0 0 0 0 0 0 0 ' ,33 ,0 ,1, 1
237 ,228, 226, '196 200 208 191 189 199 209 221 206 213 176 171 211 216 217 218 ' ,'0 0 0 0 0 0 0 0 0 0 0 0 0 0 0 0 ' ,49 ,0 ,1, 1
264 ,231, 253, '235 234 213 245 225 219 231 237 221 229 215 235 247 241 234 241 ' ,'0 0 0 0 0 0 0 0 0 0 0 0 0 0 0 0 ' ,35 ,0 ,1, 1
275 ,258, 263, '251 236 233 252 242 247 254 257 237 254 245 224 250 247 229 255 ' ,'0 0 0 0 0 0 0 0 0 0 0 0 0 0 0 0 ' ,33 ,0 ,1, 1
279 ,268, 268, '237 247 237 248 242 229 239 248 237 250 240 264 250 224 250 241 ' ,'0 0 0 0 0 0 0 0 0 0 0 0 0 0 0 0 ' ,39 ,0 ,1, 1
272 ,273, 263, '247 245 242 242 236 249 244 255 239 258 256 256 243 243 223 227 ' ,'0 0 0 0 0 0 0 0 0 0 0 0 0 0 0 0 ' ,35 ,0 ,1, 1
271 ,267, 263, '258 231 239 237 224 229 216 241 238 232 211 215 226 245 207 246 ' ,'0 0 0 0 0 0 0 0 0 0 0 0 0 0 0 0 ' ,51 ,0 ,1, 1
287 ,266, 278, '270 267 255 265 257 267 273 266 259 273 254 246 270 262 251 269 ' ,'0 0 0 0 0 0 0 0 0 0 0 0 0 0 0 0 ' ,28 ,0 ,1, 1
285 ,282, 277, '260 254 219 218 257 263 256 256 255 250 227 246 268 273 268 239 ' ,'0 0 0 0 0 0 0 0 0 0 0 0 0 0 0 0 ' ,54 ,0 ,1, 1
281 ,281, 273, '233 266 233 222 233 261 255 242 222 260 221 229 267 228 256 240 ' ,'0 0 0 0 0 0 0 0 0 0 0 0 0 0 0 0 ' ,47 ,0 ,1, 1
263 ,277, 255, '231 235 250 247 220 192 236 243 227 218 226 208 243 240 232 240 ' ,'0 0 0 0 0 0 0 0 0 0 0 0 0 0 0 0 ' ,57 ,1 ,1, 1
275 ,259, 267, '250 262 240 255 226 234 219 226 191 237 232 217 217 246 230 242 ' ,'0 0 0 0 0 0 0 0 0 0 0 0 0 0 0 0 ' ,73 ,0 ,1, 1
269 ,271, 262, '228 202 219 256 237 215 228 250 226 212 191 244 235 247 242 222 ' ,'0 0 0 0 0 0 0 0 0 0 0 0 0 0 0 0 ' ,66 ,1 ,1, 1
261 ,266, 253, '222 213 232 241 244 222 232 248 218 249 244 229 227 235 232 228 ' ,'0 0 0 0 0 0 0 0 0 0 0 0 0 0 0 0 ' ,36 ,0 ,1, 1
258 ,257, 250, '231 222 227 212 246 236 218 220 228 201 205 236 214 235 214 230 ' ,'0 0 0 0 0 0 0 0 0 0 0 0 0 0 0 0 ' ,45 ,0 ,1, 1
242 ,253, 235, '204 185 203 193 217 204 230 188 187 217 215 229 219 224 200 203 ' ,'0 0 0 0 0 0 0 0 0 0 0 0 0 0 0 0 ' ,45 ,0 ,1, 1
227 ,239, 220, '195 202 201 180 194 209 213 192 161 216 192 205 212 192 211 192 ' ,'0 0 0 0 0 0 0 0 0 0 0 0 0 0 0 0 ' ,55 ,0 ,1, 1
239 ,224, 232, '227 219 222 179 208 215 215 216 212 190 213 182 222 226 225 218 ' ,'0 0 0 0 0 0 0 0 0 0 0 0 0 0 0 0 ' ,48 ,0 ,1, 1
239 ,235, 231, '195 215 225 213 214 206 225 212 209 199 198 220 188 221 210 179 ' ,'0 0 0 0 0 0 0 0 0 0 0 0 0 0 0 0 ' ,49 ,1 ,1, 1
237 ,235, 231, '187 211 222 183 186 197 183 201 203 175 189 194 182 217 225 194 ' ,'0 0 0 0 0 0 0 0 0 0 0 0 0 0 0 0 ' ,52 ,0 ,1, 1
248 ,234, 240, '207 221 198 225 213 203 196 205 219 196 231 210 226 235 211 229 ' ,'0 0 0 0 0 0 0 0 0 0 0 0 0 0 0 0 ' ,41 ,1 ,1, 1
271 ,244, 265, '226 252 254 245 236 234 209 236 229 249 259 246 255 246 251 247 ' ,'0 0 0 0 0 0 0 0 0 0 0 0 0 0 0 0 ' ,51 ,1 ,2, 2
283 ,267, 275, '243 234 257 261 265 226 245 225 261 257 214 260 269 252 263 257 ' ,'0 0 0 0 0 0 0 0 0 0 0 0 0 0 0 0 ' ,57 ,1 ,1, 1
297 ,279, 287, '242 255 247 249 256 272 247 280 259 237 258 251 250 245 267 236 ' ,'0 0 0 0 0 0 0 0 0 0 0 0 0 0 0 0 ' ,46 ,1 ,1, 1
305 ,291, 297, '270 278 279 279 265 236 270 255 248 237 262 270 280 290 249 258 ' ,'0 0 0 0 0 0 0 0 0 0 0 0 0 0 0 0 ' ,54 ,0 ,1, 1
295 ,300, 287, '268 274 240 281 274 278 256 239 271 267 206 269 277 273 269 261 ' ,'0 0 0 0 0 0 0 0 0 0 0 0 0 0 0 0 ' ,75 ,0 ,1, 1
290 ,291, 284, '228 256 229 262 227 269 242 258 256 241 262 238 209 275 260 249 ' ,'0 0 0 0 0 0 0 0 0 0 0 0 0 0 0 0 ' ,67 ,1 ,1, 1
307 ,286, 300, '207 240 254 212 236 231 295 232 209 230 227 227 215 243 193 197 ' ,'0 0 0 0 0 0 52 0 0 0 0 0 0 0 0 0 ' ,101 ,0 ,1, 1
273 ,304, 266, '223 213 245 257 247 223 236 238 213 232 219 250 234 261 210 222 ' ,'0 0 0 0 0 0 0 0 0 0 0 0 0 0 0 0 ' ,52 ,1 ,1, 1
289 ,269, 280, '233 260 240 221 231 262 275 218 230 257 229 241 248 236 221 206 ' ,'0 0 0 0 0 0 0 0 0 0 0 0 0 0 0 0 ' ,70 ,0 ,1, 1
278 ,283, 269, '233 229 207 261 247 215 224 235 239 230 216 240 246 265 238 237 ' ,'0 0 0 0 0 0 0 0 0 0 0 0 0 0 0 0 ' ,57 ,0 ,1, 1
276 ,273, 269, '250 254 241 242 224 253 245 238 259 238 237 243 247 263 250 249 ' ,'0 0 0 0 0 0 0 0 0 0 0 0 0 0 0 0 ' ,41 ,0 ,2, 2
267 ,271, 253, '238 193 231 249 218 244 232 243 234 195 237 221 217 248 233 239 ' ,'0 0 0 0 0 0 0 0 0 0 0 0 0 0 0 0 ' ,57 ,0 ,1, 1
260 ,260, 254, '233 239 227 242 246 218 245 222 243 209 229 216 235 248 205 237 ' ,'0 0 0 0 0 0 0 0 0 0 0 0 0 0 0 0 ' ,44 ,0 ,1, 1
254 ,257, 247, '218 217 222 192 238 232 229 220 230 228 191 218 211 242 227 201 ' ,'0 0 0 0 0 0 0 0 0 0 0 0 0 0 0 0 ' ,52 ,0 ,1, 1
243 ,251, 236, '209 227 213 207 232 219 221 196 215 158 191 225 220 203 223 202 ' ,'0 0 0 0 0 0 0 0 0 0 0 0 0 0 0 0 ' ,73 ,0 ,1, 1
300 ,239, 291, '225 207 217 195 195 222 228 286 219 203 199 202 226 233 215 218 ' ,'0 0 0 0 0 0 0 55 0 0 0 0 0 0 0 0 ' ,93 ,0 ,1, 1
300 ,297, 292, '203 216 231 207 198 219 219 235 213 218 190 288 215 233 228 233 ' ,'0 0 0 0 0 0 0 0 0 0 0 52 0 0 0 0 ' ,98 ,0 ,1, 1
241 ,298, 234, '198 221 208 211 230 224 209 210 227 223 229 223 216 228 210 220 ' ,'0 0 0 0 0 0 0 0 0 0 0 0 0 0 0 0 ' ,32 ,0 ,1, 1
295 ,238, 286, '215 247 177 215 237 224 247 236 243 280 221 233 247 235 238 251 ' ,'0 0 0 0 0 0 0 0 0 50 0 0 0 0 0 0 ' ,104 ,0 ,2, 2
317 ,291, 310, '207 259 240 260 218 254 255 252 234 235 234 252 251 259 263 253 ' ,'0 0 0 0 0 0 0 0 0 0 0 0 0 0 0 0 ' ,98 ,0 ,1, 1
296 ,316, 289, '247 223 220 277 233 258 243 242 265 253 252 273 278 281 250 236 ' ,'0 0 0 0 0 0 0 0 0 0 0 0 0 0 0 0 ' ,62 ,0 ,1, 1
283 ,293, 274, '222 250 262 232 240 257 269 205 197 259 215 265 220 245 253 255 ' ,'0 0 0 0 0 0 0 0 0 0 0 0 0 0 0 0 ' ,71 ,0 ,1, 1
288 ,279, 280, '240 240 231 257 271 257 267 233 257 254 224 245 249 275 259 239 ' ,'0 0 0 0 0 0 0 0 0 0 0 0 0 0 0 0 ' ,51 ,0 ,2, 1
302 ,287, 294, '239 255 242 270 215 258 265 283 234 248 265 288 283 276 219 281 ' ,'0 0 0 0 0 0 0 0 0 0 0 0 0 0 0 0 ' ,76 ,0 ,1, 1
302 ,298, 293, '280 255 252 288 257 253 220 273 244 264 266 249 283 269 243 240 ' ,'0 0 0 0 0 0 0 0 0 0 0 0 0 0 0 0 ' ,69 ,1 ,1, 1
289 ,296, 282, '240 217 232 249 265 252 258 263 276 233 256 275 276 257 266 278 ' ,'0 0 0 0 0 0 0 0 0 0 0 0 0 0 0 0 ' ,60 ,0 ,1, 1
299 ,286, 291, '244 269 249 265 255 264 260 283 236 272 236 269 268 266 277 279 ' ,'0 0 0 0 0 0 0 0 0 0 0 0 0 0 0 0 ' ,49 ,1 ,4, 4
298 ,294, 289, '231 260 244 243 267 239 231 257 255 260 254 249 246 284 214 261 ' ,'0 0 0 0 0 0 0 0 0 0 0 0 0 0 0 0 ' ,71 ,0 ,1, 1
282 ,294, 276, '240 241 248 246 263 269 255 267 244 264 229 244 252 270 237 262 ' ,'0 0 0 0 0 0 0 0 0 0 0 0 0 0 0 0 ' ,41 ,1 ,1, 1
255 ,279, 248, '219 234 217 219 230 235 236 235 243 205 213 238 242 239 238 222 ' ,'0 0 0 0 0 0 0 0 0 0 0 0 0 0 0 0 ' ,38 ,0 ,1, 1
259 ,251, 251, '208 230 222 227 233 243 235 229 208 238 204 239 240 232 231 229 ' ,'0 0 0 0 0 0 0 0 0 0 0 0 0 0 0 0 ' ,44 ,1 ,1, 1
249 ,254, 242, '190 209 202 217 212 236 213 198 192 232 224 226 233 227 199 211 ' ,'0 0 0 0 0 0 0 0 0 0 0 0 0 0 0 0 ' ,47 ,0 ,1, 1
256 ,245, 248, '221 225 206 226 244 232 214 224 181 208 179 210 234 198 224 226 ' ,'0 0 0 0 0 0 0 0 0 0 0 0 0 0 0 0 ' ,63 ,1 ,1, 1
256 ,253, 248, '216 234 224 212 242 217 238 235 214 195 189 240 239 198 234 217 ' ,'0 0 0 0 0 0 0 0 0 0 0 0 0 0 0 0 ' ,54 ,1 ,1, 1
250 ,304, 241, '228 234 215 223 216 214 228 214 219 233 201 223 218 226 236 218 ' ,'0 0 0 0 0 0 0 0 0 0 0 0 0 0 0 0 ' ,37 ,1 ,1, 1
258 ,245, 250, '216 219 228 233 236 218 239 233 203 192 217 218 235 244 224 195 ' ,'0 0 0 0 0 0 0 0 0 0 0 0 0 0 0 0 ' ,54 ,1 ,1, 1
257 ,254, 251, '207 190 224 224 238 207 243 215 192 215 212 223 209 233 229 246 ' ,'0 0 0 0 0 0 0 0 0 0 0 0 0 0 0 0 ' ,57 ,1 ,1, 1
265 ,254, 259, '234 246 205 194 236 236 234 252 238 238 215 235 243 208 241 251 ' ,'0 0 0 0 0 0 0 0 0 0 0 0 0 0 0 0 ' ,60 ,1 ,1, 1
286 ,262, 278, '267 245 263 238 247 272 262 266 236 230 256 246 264 234 250 242 ' ,'0 0 0 0 0 0 0 0 0 0 0 0 0 0 0 0 ' ,43 ,1 ,1, 1
289 ,282, 283, '256 277 264 230 201 258 259 270 271 241 253 252 268 260 254 255 ' ,'0 0 0 0 0 0 0 0 0 0 0 0 0 0 0 0 ' ,77 ,1 ,2, 2
298 ,286, 290, '266 269 263 227 229 248 265 280 228 263 258 241 284 255 249 225 ' ,'0 0 0 0 0 0 0 0 0 0 0 0 0 0 0 0 ' ,62 ,0 ,1, 1
286 ,293, 279, '220 265 251 232 243 237 263 270 221 237 256 215 273 253 262 262 ' ,'0 0 0 0 0 0 0 0 0 0 0 0 0 0 0 0 ' ,58 ,1 ,1, 1
276 ,284, 268, '224 249 233 217 245 250 220 253 216 250 230 243 262 253 253 204 ' ,'0 0 0 0 0 0 0 0 0 0 0 0 0 0 0 0 ' ,60 ,1 ,2, 2
253 ,272, 245, '232 223 226 214 224 211 238 220 223 228 212 224 237 237 240 199 ' ,'0 0 0 0 0 0 0 0 0 0 0 0 0 0 0 0 ' ,43 ,1 ,1, 1
248 ,249, 242, '197 227 213 231 223 230 216 236 184 209 184 215 226 228 226 211 ' ,'0 0 0 0 0 0 0 0 0 0 0 0 0 0 0 0 ' ,53 ,1 ,1, 1
251 ,248, 245, '210 223 196 222 231 224 239 229 210 188 231 213 220 216 225 229 ' ,'0 0 0 0 0 0 0 0 0 0 0 0 0 0 0 0 ' ,53 ,1 ,1, 1
253 ,248, 247, '234 225 217 212 231 223 241 216 223 220 220 228 209 239 237 228 ' ,'0 0 0 0 0 0 0 0 0 0 0 0 0 0 0 0 ' ,33 ,1 ,1, 1
251 ,253, 243, '186 227 214 216 229 228 219 221 190 227 213 212 230 225 239 209 ' ,'0 0 0 0 0 0 0 0 0 0 0 0 0 0 0 0 ' ,54 ,1 ,1, 1
249 ,247, 243, '214 224 210 232 205 235 232 208 224 209 217 222 237 221 233 220 ' ,'0 0 0 0 0 0 0 0 0 0 0 0 0 0 0 0 ' ,33 ,1 ,1, 1
250 ,245, 243, '219 231 233 226 220 235 228 237 193 221 205 226 208 197 224 230 ' ,'0 0 0 0 0 0 0 0 0 0 0 0 0 0 0 0 ' ,46 ,1 ,1, 1
248 ,246, 240, '227 221 230 189 223 216 230 215 190 215 199 223 234 203 225 226 ' ,'0 0 0 0 0 0 0 0 0 0 0 0 0 0 0 0 ' ,48 ,1 ,1, 1
253 ,244, 247, '226 203 240 196 189 191 219 182 197 206 232 220 197 212 213 222 ' ,'0 0 0 0 0 0 0 0 0 0 0 0 0 0 0 0 ' ,59 ,1 ,1, 1
258 ,250, 250, '228 244 199 210 240 223 208 226 232 244 243 242 241 235 226 226 ' ,'0 0 0 0 0 0 0 0 0 0 0 0 0 0 0 0 ' ,46 ,1 ,1, 1
279 ,255, 271, '260 208 218 247 223 253 238 238 238 230 265 258 257 261 244 235 ' ,'0 0 0 0 0 0 0 0 0 0 0 0 0 0 0 0 ' ,58 ,1 ,1, 1
290 ,274, 283, '250 251 276 250 238 273 266 267 251 226 272 249 244 277 257 268 ' ,'0 0 0 0 0 0 0 0 0 0 0 0 0 0 0 0 ' ,52 ,1 ,1, 1
300 ,286, 294, '242 261 269 231 244 278 265 284 259 277 232 256 282 255 268 268 ' ,'0 0 0 0 0 0 0 0 0 0 0 0 0 0 0 0 ' ,58 ,1 ,2, 2
291 ,297, 285, '229 261 270 267 214 273 275 278 223 255 267 271 261 278 258 269 ' ,'0 0 0 0 0 0 0 0 0 0 0 0 0 0 0 0 ' ,66 ,1 ,1, 1
283 ,288, 275, '264 235 248 239 232 263 269 257 225 218 245 257 220 265 261 259 ' ,'0 0 0 0 0 0 0 0 0 0 0 0 0 0 0 0 ' ,52 ,1 ,1, 1
273 ,279, 266, '245 253 260 240 233 248 223 221 253 225 248 249 244 250 254 227 ' ,'0 0 0 0 0 0 0 0 0 0 0 0 0 0 0 0 ' ,39 ,1 ,1, 1
249 ,269, 242, '209 236 231 198 179 235 212 218 220 225 235 226 222 233 226 231 ' ,'0 0 0 0 0 0 0 0 0 0 0 0 0 0 0 0 ' ,58 ,1 ,1, 1
254 ,245, 246, '224 226 216 206 200 213 212 240 204 218 194 191 231 197 226 222 ' ,'0 0 0 0 0 0 0 0 0 0 0 0 0 0 0 0 ' ,50 ,1 ,1, 1
242 ,250, 236, '216 229 207 230 181 210 174 200 194 204 214 205 214 226 182 225 ' ,'0 0 0 0 0 0 0 0 0 0 0 0 0 0 0 0 ' ,58 ,1 ,1, 1
243 ,239, 236, '199 205 216 201 209 216 204 230 168 200 211 215 218 199 224 180 ' ,'0 0 0 0 0 0 0 0 0 0 0 0 0 0 0 0 ' ,64 ,1 ,1, 1
248 ,242, 241, '235 220 227 200 227 201 219 216 190 188 226 234 208 222 203 222 ' ,'0 0 0 0 0 0 0 0 0 0 0 0 0 0 0 0 ' ,49 ,2 ,1, 1
248 ,244, 241, '207 223 214 211 214 227 222 228 174 198 214 219 217 235 230 228 ' ,'0 0 0 0 0 0 0 0 0 0 0 0 0 0 0 0 ' ,64 ,2 ,1, 1
245 ,244, 239, '203 220 232 232 212 211 219 228 187 224 206 208 228 221 197 232 ' ,'0 0 0 0 0 0 0 0 0 0 0 0 0 0 0 0 ' ,47 ,1 ,1, 1
244 ,242, 236, '179 210 219 208 211 209 222 231 212 188 221 217 211 224 199 212 ' ,'0 0 0 0 0 0 0 0 0 0 0 0 0 0 0 0 ' ,54 ,1 ,1, 1
256 ,240, 249, '196 224 229 235 244 219 212 238 221 232 212 229 219 216 215 219 ' ,'0 0 0 0 0 0 0 0 0 0 0 0 0 0 0 0 ' ,48 ,1 ,1, 1
282 ,256, 275, '223 255 222 269 227 256 256 252 227 237 254 259 256 236 223 244 ' ,'0 0 0 0 0 0 0 0 0 0 0 0 0 0 0 0 ' ,47 ,1 ,1, 1
292 ,278, 285, '238 236 261 276 273 257 248 255 238 215 248 279 261 270 264 257 ' ,'0 0 0 0 0 0 0 0 0 0 0 0 0 0 0 0 ' ,66 ,1 ,1, 1
295 ,291, 288, '245 243 227 270 259 264 269 258 270 272 249 276 281 269 277 259 ' ,'0 0 0 0 0 0 0 0 0 0 0 0 0 0 0 0 ' ,55 ,1 ,2, 2
308 ,291, 300, '258 252 263 252 282 254 278 281 255 276 271 270 256 294 275 248 ' ,'0 0 0 0 0 0 0 0 0 0 0 0 0 0 0 0 ' ,48 ,1 ,1, 1
302 ,304, 293, '256 276 277 272 256 278 284 264 280 263 277 261 287 277 254 246 ' ,'0 0 0 0 0 0 0 0 0 0 0 0 0 0 0 0 ' ,43 ,1 ,1, 1
301 ,297, 294, '265 265 277 288 235 263 264 241 281 268 283 283 281 232 261 260 ' ,'0 0 0 0 0 0 0 0 0 0 0 0 0 0 0 0 ' ,57 ,1 ,1, 1
296 ,298, 289, '266 262 261 283 279 247 247 257 265 244 267 248 260 262 263 257 ' ,'0 0 0 0 0 0 0 0 0 0 0 0 0 0 0 0 ' ,41 ,1 ,1, 1
277 ,293, 270, '258 261 262 233 203 249 264 219 265 241 218 232 250 209 214 260 ' ,'0 0 0 0 0 0 0 0 0 0 0 0 0 0 0 0 ' ,64 ,2 ,1, 1
281 ,274, 274, '268 221 243 251 232 235 254 252 265 220 244 259 252 251 244 246 ' ,'0 0 0 0 0 0 0 0 0 0 0 0 0 0 0 0 ' ,49 ,1 ,1, 1
274 ,278, 267, '219 250 243 257 250 236 258 251 224 255 238 231 261 253 257 241 ' ,'0 0 0 0 0 0 0 0 0 0 0 0 0 0 0 0 ' ,42 ,2 ,1, 1
269 ,270, 261, '238 217 224 237 211 215 252 235 256 197 252 196 251 244 226 217 ' ,'0 0 0 0 0 0 0 0 0 0 0 0 0 0 0 0 ' ,61 ,2 ,1, 1
262 ,265, 255, '244 209 218 196 211 221 216 235 232 220 235 219 245 243 228 164 ' ,'0 0 0 0 0 0 0 0 0 0 0 0 0 0 0 0 ' ,87 ,5 ,1, 1
242 ,259, 234, '206 209 210 228 221 198 198 201 208 223 225 168 203 225 209 180 ' ,'0 0 0 0 0 0 0 0 0 0 0 0 0 0 0 0 ' ,61 ,1 ,1, 1
244 ,238, 237, '192 229 198 196 225 197 225 229 158 214 187 219 231 213 222 199 ' ,'0 0 0 0 0 0 0 0 0 0 0 0 0 0 0 0 ' ,75 ,1 ,1, 1
250 ,240, 241, '233 213 202 232 236 202 227 207 220 217 223 187 221 196 212 235 ' ,'0 0 0 0 0 0 0 0 0 0 0 0 0 0 0 0 ' ,49 ,1 ,0, 0
254 ,246, 248, '209 210 178 243 212 204 232 223 208 228 212 200 212 241 180 218 ' ,'0 0 0 0 0 0 0 0 0 0 0 0 0 0 0 0 ' ,66 ,1 ,1, 1
256 ,251, 250, '217 215 225 239 233 212 237 216 206 203 236 244 241 222 218 233 ' ,'0 0 0 0 0 0 0 0 0 0 0 0 0 0 0 0 ' ,43 ,1 ,1, 1
252 ,255, 245, '226 227 216 198 239 217 216 217 223 225 235 224 236 225 217 222 ' ,'0 0 0 0 0 0 0 0 0 0 0 0 0 0 0 0 ' ,42 ,1 ,1, 1
244 ,248, 236, '200 213 222 220 216 217 227 215 215 214 201 207 231 230 216 219 ' ,'0 0 0 0 0 0 0 0 0 0 0 0 0 0 0 0 ' ,32 ,0 ,1, 1
270 ,240, 261, '207 233 184 242 200 226 238 220 209 220 233 255 225 225 217 226 ' ,'0 0 0 0 0 0 0 0 0 0 0 0 0 0 0 0 ' ,70 ,0 ,1, 1
261 ,267, 254, '224 234 249 248 220 214 218 243 245 192 232 234 231 207 232 226 ' ,'0 0 0 0 0 0 0 0 0 0 0 0 0 0 0 0 ' ,56 ,1 ,1, 1
274 ,258, 266, '240 251 261 254 228 247 227 234 244 224 242 255 243 252 245 238 ' ,'0 0 0 0 0 0 0 0 0 0 0 0 0 0 0 0 ' ,38 ,1 ,1, 1
299 ,270, 292, '263 261 253 282 262 261 256 271 259 230 267 235 250 235 256 228 ' ,'0 0 0 0 0 0 0 0 0 0 0 0 0 0 0 0 ' ,60 ,0 ,2, 2
299 ,295, 292, '237 238 206 268 248 248 253 273 272 249 269 281 260 285 259 236 ' ,'0 0 0 0 0 0 0 0 0 0 0 0 0 0 0 0 ' ,80 ,1 ,2, 1
311 ,296, 300, '259 277 290 239 238 261 249 279 255 274 264 279 293 265 241 269 ' ,'0 0 0 0 0 0 0 0 0 0 0 0 0 0 0 0 ' ,58 ,0 ,1, 1
294 ,307, 285, '236 251 271 252 252 270 267 278 216 256 260 212 271 266 260 241 ' ,'0 0 0 0 0 0 0 0 0 0 0 0 0 0 0 0 ' ,66 ,1 ,1, 1
284 ,289, 277, '267 231 232 224 219 253 259 213 217 252 271 254 225 236 255 213 ' ,'0 0 0 0 0 0 0 0 0 0 0 0 0 0 0 0 ' ,60 ,0 ,1, 1
277 ,284, 270, '245 264 264 234 261 262 250 250 222 209 214 251 252 234 238 222 ' ,'0 0 0 0 0 0 0 0 0 0 0 0 0 0 0 0 ' ,57 ,0 ,1, 1
277 ,274, 270, '201 253 249 233 238 231 265 229 221 254 222 236 218 228 249 238 ' ,'0 0 0 0 0 0 0 0 0 0 0 0 0 0 0 0 ' ,64 ,1 ,1, 1
263 ,274, 253, '200 221 223 207 243 186 226 237 194 242 201 244 221 182 238 248 ' ,'0 0 0 0 0 0 0 0 0 0 0 0 0 0 0 0 ' ,66 ,1 ,1, 1
257 ,257, 249, '237 228 221 227 229 171 245 239 203 220 180 218 231 234 238 219 ' ,'0 0 0 0 0 0 0 0 0 0 0 0 0 0 0 0 ' ,73 ,1 ,0, 0
244 ,253, 236, '207 212 209 197 217 174 221 203 225 207 196 208 198 231 201 179 ' ,'0 0 0 0 0 0 0 0 0 0 0 0 0 0 0 0 ' ,58 ,1 ,1, 1
249 ,240, 242, '195 231 204 217 197 201 200 217 204 236 198 207 236 218 201 221 ' ,'0 0 0 0 0 0 0 0 0 0 0 0 0 0 0 0 ' ,42 ,0 ,1, 1
252 ,248, 244, '214 225 207 221 184 207 231 238 192 233 208 224 231 227 229 225 ' ,'0 0 0 0 0 0 0 0 0 0 0 0 0 0 0 0 ' ,56 ,1 ,1, 1
264 ,248, 257, '231 228 197 238 227 222 215 233 240 192 240 251 244 242 238 239 ' ,'0 0 0 0 0 0 0 0 0 0 0 0 0 0 0 0 ' ,60 ,1 ,1, 1
280 ,261, 272, '226 238 245 227 192 251 199 257 232 224 254 259 259 266 256 239 ' ,'0 0 0 0 0 0 0 0 0 0 0 0 0 0 0 0 ' ,76 ,1 ,1, 1
298 ,276, 290, '264 243 261 278 238 226 241 268 247 261 254 280 267 269 240 242 ' ,'0 0 0 0 0 0 0 0 0 0 0 0 0 0 0 0 ' ,59 ,4 ,1, 1
306 ,294, 298, '261 278 262 257 218 291 235 268 249 265 269 239 276 273 262 279 ' ,'0 0 0 0 0 0 0 0 0 0 0 0 0 0 0 0 ' ,76 ,0 ,1, 1
311 ,305, 302, '271 259 246 239 249 294 243 285 275 291 272 281 294 254 265 268 ' ,'0 0 0 0 0 0 0 0 0 0 0 0 0 0 0 0 ' ,57 ,1 ,2, 2
299 ,307, 291, '264 282 282 273 256 255 272 280 274 277 277 245 285 252 243 264 ' ,'0 0 0 0 0 0 0 0 0 0 0 0 0 0 0 0 ' ,43 ,0 ,1, 1
310 ,294, 300, '235 245 261 268 236 257 267 265 248 235 251 287 294 284 257 260 ' ,'0 0 0 0 0 0 0 0 0 0 0 0 0 0 0 0 ' ,60 ,1 ,1, 1
293 ,304, 286, '250 280 263 233 252 245 241 259 267 267 248 269 275 279 262 249 ' ,'0 0 0 0 0 0 0 0 0 0 0 0 0 0 0 0 ' ,47 ,0 ,1, 1
300 ,290, 291, '241 253 232 192 214 232 212 260 238 230 247 245 285 252 252 252 ' ,'0 0 0 0 0 0 0 0 0 0 0 0 0 0 0 0 ' ,94 ,1 ,1, 1
278 ,296, 271, '239 235 226 256 230 229 241 248 234 252 265 228 240 238 229 230 ' ,'0 0 0 0 0 0 0 0 0 0 0 0 0 0 0 0 ' ,39 ,0 ,1, 1
266 ,275, 255, '200 225 238 203 251 216 219 202 219 229 208 235 218 238 195 226 ' ,'0 0 0 0 0 0 0 0 0 0 0 0 0 0 0 0 ' ,55 ,1 ,1, 1
259 ,259, 253, '201 203 229 183 247 235 196 204 227 211 199 221 215 232 218 179 ' ,'0 0 0 0 0 0 0 0 0 0 0 0 0 0 0 0 ' ,69 ,0 ,1, 1
254 ,256, 247, '213 219 237 194 220 227 232 241 198 220 216 219 238 225 232 218 ' ,'0 0 0 0 0 0 0 0 0 0 0 0 0 0 0 0 ' ,49 ,1 ,1, 1
246 ,251, 239, '213 226 209 219 233 231 220 232 208 195 214 225 232 204 211 219 ' ,'0 0 0 0 0 0 0 0 0 0 0 0 0 0 0 0 ' ,40 ,1 ,0, 0
259 ,243, 252, '228 213 230 207 212 224 228 243 231 218 234 225 244 242 245 228 ' ,'0 0 0 0 0 0 0 0 0 0 0 0 0 0 0 0 ' ,40 ,1 ,1, 1
273 ,255, 264, '209 205 237 233 224 248 222 253 235 223 231 257 235 245 252 251 ' ,'0 0 0 0 0 0 0 0 0 0 0 0 0 0 0 0 ' ,53 ,1 ,1, 1
282 ,270, 276, '258 251 256 263 259 241 256 243 215 258 257 236 229 269 240 215 ' ,'0 0 0 0 0 0 0 0 0 0 0 0 0 0 0 0 ' ,57 ,1 ,1, 1
289 ,279, 281, '269 253 260 271 247 247 209 251 229 267 219 265 276 241 262 238 ' ,'0 0 0 0 0 0 0 0 0 0 0 0 0 0 0 0 ' ,68 ,1 ,1, 1
299 ,285, 291, '281 255 269 264 243 276 273 274 242 255 275 278 284 270 247 266 ' ,'0 0 0 0 0 0 0 0 0 0 0 0 0 0 0 0 ' ,44 ,1 ,1, 1
311 ,294, 303, '256 242 267 286 261 276 283 269 270 284 262 283 297 286 284 255 ' ,'0 0 0 0 0 0 0 0 0 0 0 0 0 0 0 0 ' ,55 ,0 ,1, 1
296 ,307, 289, '241 266 279 250 218 263 251 275 282 276 243 230 281 247 273 251 ' ,'0 0 0 0 0 0 0 0 0 0 0 0 0 0 0 0 ' ,65 ,1 ,1, 1
276 ,293, 269, '263 263 237 251 239 251 201 259 255 253 252 220 243 240 256 243 ' ,'0 0 0 0 0 0 0 0 0 0 0 0 0 0 0 0 ' ,63 ,1 ,1, 1
269 ,273, 261, '216 230 215 219 223 220 227 248 236 225 242 229 256 243 216 224 ' ,'0 0 0 0 0 0 0 0 0 0 0 0 0 0 0 0 ' ,41 ,1 ,1, 1
261 ,266, 255, '230 222 185 242 243 231 243 237 220 223 239 241 238 248 195 226 ' ,'0 0 0 0 0 0 0 0 0 0 0 0 0 0 0 0 ' ,63 ,1 ,1, 1
267 ,257, 260, '244 218 212 212 255 224 228 236 238 235 229 241 249 251 231 236 ' ,'0 0 0 0 0 0 0 0 0 0 0 0 0 0 0 0 ' ,44 ,1 ,1, 1
267 ,263, 261, '238 201 230 235 221 234 247 215 233 212 240 253 238 247 217 243 ' ,'0 0 0 0 0 0 0 0 0 0 0 0 0 0 0 0 ' ,54 ,1 ,1, 1
262 ,264, 255, '230 241 191 245 210 215 198 246 230 214 225 247 232 247 206 238 ' ,'0 0 0 0 0 0 0 0 0 0 0 0 0 0 0 0 ' ,59 ,1 ,1, 1
266 ,259, 259, '216 222 202 227 216 165 216 225 212 238 195 252 221 227 233 193 ' ,'0 0 0 0 0 0 0 0 0 0 0 0 0 0 0 0 ' ,88 ,1 ,1, 1
277 ,265, 271, '247 234 219 264 175 236 189 246 248 212 210 239 211 243 250 249 ' ,'0 0 0 0 0 0 0 0 0 0 0 0 0 0 0 0 ' ,91 ,1 ,1, 1
289 ,274, 283, '238 258 217 194 231 260 275 269 252 247 242 265 267 276 269 259 ' ,'0 0 0 0 0 0 0 0 0 0 0 0 0 0 0 0 ' ,83 ,1 ,1, 1
305 ,286, 297, '266 280 229 254 247 269 267 252 279 231 236 280 290 280 217 242 ' ,'0 0 0 0 0 0 0 0 0 0 0 0 0 0 0 0 ' ,74 ,1 ,1, 1
309 ,301, 303, '278 286 226 257 207 258 283 275 198 268 229 296 266 250 264 275 ' ,'0 0 0 0 0 0 0 0 0 0 0 0 0 0 0 0 ' ,99 ,1 ,2, 2
311 ,306, 305, '256 292 267 264 249 249 247 284 265 274 226 277 280 297 229 259 ' ,'0 0 0 0 0 0 0 0 0 0 0 0 0 0 0 0 ' ,73 ,1 ,2, 2
306 ,308, 298, '278 291 243 246 240 268 264 261 292 270 262 251 279 266 285 285 ' ,'0 0 0 0 0 0 0 0 0 0 0 0 0 0 0 0 ' ,53 ,1 ,1, 1
304 ,302, 297, '238 280 274 266 219 248 275 278 239 267 262 250 290 289 285 254 ' ,'0 0 0 0 0 0 0 0 0 0 0 0 0 0 0 0 ' ,72 ,1 ,2, 2
279 ,300, 271, '244 258 228 218 224 265 240 254 257 261 217 250 256 245 258 249 ' ,'0 0 0 0 0 0 0 0 0 0 0 0 0 0 0 0 ' ,50 ,1 ,1, 1
277 ,274, 270, '245 230 220 196 250 224 250 250 233 241 242 239 264 240 243 240 ' ,'0 0 0 0 0 0 0 0 0 0 0 0 0 0 0 0 ' ,69 ,1 ,1, 1
250 ,272, 242, '214 229 169 209 205 209 211 236 214 221 216 226 201 220 223 230 ' ,'0 0 0 0 0 0 0 0 0 0 0 0 0 0 0 0 ' ,68 ,1 ,1, 1
253 ,245, 247, '227 239 219 241 201 224 194 209 170 230 227 222 217 234 228 206 ' ,'0 0 0 0 0 0 0 0 0 0 0 0 0 0 0 0 ' ,71 ,1 ,1, 1
425 ,250, 417, '216 212 208 222 224 215 204 227 192 209 220 222 222 235 228 210 ' ,'0 0 0 0 0 0 0 0 0 0 0 0 0 0 0 0 ' ,220 ,1 ,1, 1
262 ,421, 255, '239 240 210 217 213 229 226 248 222 225 213 238 222 233 245 228 ' ,'0 0 0 0 0 0 0 0 0 0 0 0 0 0 0 0 ' ,39 ,1 ,1, 1
275 ,259, 268, '257 248 225 252 201 260 243 238 241 239 226 248 250 261 243 250 ' ,'0 0 0 0 0 0 0 0 0 0 0 0 0 0 0 0 ' ,63 ,1 ,1, 1
292 ,271, 285, '242 221 201 254 250 232 235 250 228 230 233 277 251 275 225 241 ' ,'0 0 0 0 0 0 0 0 0 0 0 0 0 0 0 0 ' ,76 ,1 ,1, 1
282 ,288, 275, '256 258 246 229 202 216 243 246 203 232 270 265 235 255 221 262 ' ,'0 0 0 0 0 0 0 0 0 0 0 0 0 0 0 0 ' ,69 ,1 ,1, 1
298 ,278, 291, '242 274 256 270 220 232 256 253 255 271 279 280 265 272 270 240 ' ,'0 0 0 0 0 0 0 0 0 0 0 0 0 0 0 0 ' ,63 ,1 ,1, 1
303 ,294, 295, '229 274 237 264 221 249 218 251 217 280 248 262 265 287 244 266 ' ,'0 0 0 0 0 0 0 0 0 0 0 0 0 0 0 0 ' ,72 ,1 ,1, 1
304 ,303, 297, '249 242 224 236 205 257 266 290 217 283 271 270 250 250 263 241 ' ,'0 0 0 0 0 0 0 0 0 0 0 0 0 0 0 0 ' ,87 ,1 ,1, 1
304 ,300, 297, '246 280 244 276 237 279 280 259 215 267 262 290 274 277 249 254 ' ,'0 0 0 0 0 0 0 0 0 0 0 0 0 0 0 0 ' ,76 ,1 ,1, 1
307 ,302, 300, '248 248 260 272 258 268 279 276 252 261 280 264 292 279 284 252 ' ,'0 0 0 0 0 0 0 0 0 0 0 0 0 0 0 0 ' ,46 ,1 ,2, 2
288 ,303, 281, '238 253 246 178 214 263 226 273 253 213 216 271 262 268 255 269 ' ,'0 0 0 0 0 0 0 0 0 0 0 0 0 0 0 0 ' ,97 ,1 ,1, 1
281 ,285, 272, '197 245 239 222 248 240 191 248 252 243 225 251 265 248 237 261 ' ,'0 0 0 0 0 0 0 0 0 0 0 0 0 0 0 0 ' ,76 ,1 ,1, 1
258 ,277, 250, '186 211 232 211 185 228 232 233 208 205 212 223 201 242 222 197 ' ,'0 0 0 0 0 0 0 0 0 0 0 0 0 0 0 0 ' ,59 ,1 ,1, 1
259 ,253, 250, '195 236 197 187 186 228 204 243 211 199 240 201 236 208 229 225 ' ,'0 0 0 0 0 0 0 0 0 0 0 0 0 0 0 0 ' ,58 ,1 ,1, 1
260 ,253, 252, '202 230 230 224 227 228 208 227 191 211 187 219 246 217 224 226 ' ,'0 0 0 0 0 0 0 0 0 0 0 0 0 0 0 0 ' ,61 ,1 ,1, 1
267 ,255, 260, '228 216 201 206 221 237 246 241 169 229 224 244 217 254 212 216 ' ,'0 0 0 0 0 0 0 0 0 0 0 0 0 0 0 0 ' ,86 ,1 ,1, 1
254 ,263, 246, '239 197 205 201 208 215 213 226 205 212 192 228 239 237 221 204 ' ,'0 0 0 0 0 0 0 0 0 0 0 0 0 0 0 0 ' ,50 ,1 ,1, 1
256 ,249, 249, '201 229 213 243 221 232 226 206 177 241 217 214 239 197 240 217 ' ,'0 0 0 0 0 0 0 0 0 0 0 0 0 0 0 0 ' ,67 ,1 ,1, 1
272 ,255, 265, '210 224 205 240 232 227 208 230 230 213 216 238 230 257 220 223 ' ,'0 0 0 0 0 0 0 0 0 0 0 0 0 0 0 0 ' ,51 ,3 ,1, 1
285 ,269, 278, '200 227 239 234 210 232 238 211 225 232 242 243 268 253 227 257 ' ,'0 0 0 0 0 0 0 0 0 0 0 0 0 0 0 0 ' ,72 ,2 ,2, 2
298 ,281, 291, '209 246 250 252 259 234 268 249 262 269 240 282 278 275 244 260 ' ,'0 0 0 0 0 0 0 0 0 0 0 0 0 0 0 0 ' ,77 ,2 ,1, 1
300 ,294, 293, '273 246 250 282 227 235 247 272 259 252 260 230 241 284 254 261 ' ,'0 0 0 0 0 0 0 0 0 0 0 0 0 0 0 0 ' ,60 ,3 ,1, 1
307 ,297, 300, '226 200 249 279 238 290 276 269 248 221 287 291 264 271 281 278 ' ,'0 0 0 0 0 0 0 0 0 0 0 0 0 0 0 0 ' ,95 ,3 ,1, 1
306 ,304, 299, '269 251 262 259 250 275 276 264 244 277 290 272 243 277 268 257 ' ,'0 0 0 0 0 0 0 0 0 0 0 0 0 0 0 0 ' ,50 ,2 ,1, 1
288 ,303, 281, '234 227 260 237 218 253 252 253 241 241 237 272 236 263 243 262 ' ,'0 0 0 0 0 0 0 0 0 0 0 0 0 0 0 0 ' ,59 ,3 ,1, 1
277 ,284, 269, '241 217 218 186 230 225 220 227 217 258 234 259 260 260 252 233 ' ,'0 0 0 0 0 0 0 0 0 0 0 0 0 0 0 0 ' ,77 ,3 ,1, 1
266 ,272, 255, '212 195 244 212 229 235 218 203 196 229 243 199 232 247 194 227 ' ,'0 0 0 0 0 0 0 0 0 0 0 0 0 0 0 0 ' ,55 ,3 ,1, 1
257 ,258, 250, '186 214 235 216 210 230 211 209 212 193 211 217 233 242 185 223 ' ,'0 0 0 0 0 0 0 0 0 0 0 0 0 0 0 0 ' ,59 ,3 ,1, 1
259 ,253, 252, '216 189 236 185 239 188 231 228 193 197 203 229 214 243 190 224 ' ,'0 0 0 0 0 0 0 0 0 0 0 0 0 0 0 0 ' ,62 ,3 ,1, 1
267 ,256, 260, '213 187 222 199 164 226 217 235 225 233 215 248 242 250 209 224 ' ,'0 0 0 0 0 0 0 0 0 0 0 0 0 0 0 0 ' ,91 ,3 ,1, 1
280 ,263, 272, '186 213 209 222 205 218 222 231 192 196 191 216 198 238 205 232 ' ,'0 0 0 0 0 0 0 0 0 0 0 0 0 0 0 0 ' ,54 ,2 ,1, 1
265 ,277, 258, '226 230 209 204 206 217 241 219 233 239 200 222 248 235 219 249 ' ,'0 0 0 0 0 0 0 0 0 0 0 0 0 0 0 0 ' ,52 ,2 ,1, 1
282 ,262, 275, '232 243 210 247 237 254 252 215 199 234 220 226 263 266 204 239 ' ,'0 0 0 0 0 0 0 0 0 0 0 0 0 0 0 0 ' ,71 ,3 ,1, 1
294 ,278, 288, '234 221 228 226 241 243 243 241 206 259 261 279 264 261 235 260 ' ,'0 0 0 0 0 0 0 0 0 0 0 0 0 0 0 0 ' ,77 ,3 ,1, 1
301 ,293, 294, '225 265 242 239 251 270 247 240 252 230 246 278 222 285 222 261 ' ,'0 0 0 0 0 0 0 0 0 0 0 0 0 0 0 0 ' ,65 ,2 ,1, 1
309 ,297, 301, '241 266 252 230 271 256 284 263 179 275 266 292 287 275 266 275 ' ,'0 0 0 0 0 0 0 0 0 0 0 0 0 0 0 0 ' ,116 ,2 ,1, 1
305 ,305, 298, '241 258 261 289 237 286 287 269 251 284 208 262 266 254 270 268 ' ,'0 0 0 0 0 0 0 0 0 0 0 0 0 0 0 0 ' ,84 ,3 ,2, 2
308 ,301, 301, '219 228 256 233 274 280 247 285 244 222 237 268 268 292 275 270 ' ,'0 0 0 0 0 0 0 0 0 0 0 0 0 0 0 0 ' ,76 ,3 ,2, 2
303 ,304, 295, '239 233 285 268 265 261 282 283 241 279 263 238 245 240 273 236 ' ,'0 0 0 0 0 0 0 0 0 0 0 0 0 0 0 0 ' ,56 ,2 ,1, 1
285 ,299, 277, '244 250 251 197 233 251 269 267 230 260 255 212 243 237 242 263 ' ,'0 0 0 0 0 0 0 0 0 0 0 0 0 0 0 0 ' ,75 ,2 ,1, 1
286 ,281, 279, '212 238 270 226 238 251 246 253 239 246 251 236 269 252 234 239 ' ,'0 0 0 0 0 0 0 0 0 0 0 0 0 0 0 0 ' ,60 ,3 ,2, 2
258 ,282, 250, '196 203 237 205 215 235 207 224 231 209 222 241 226 228 223 215 ' ,'0 0 0 0 0 0 0 0 0 0 0 0 0 0 0 0 ' ,49 ,3 ,1, 1
262 ,254, 255, '208 229 198 208 203 210 238 205 201 226 225 226 231 246 234 238 ' ,'0 0 0 0 0 0 0 0 0 0 0 0 0 0 0 0 ' ,51 ,3 ,1, 1
262 ,258, 254, '204 201 203 195 241 201 244 210 222 200 177 217 234 246 207 207 ' ,'0 0 0 0 0 0 0 0 0 0 0 0 0 0 0 0 ' ,72 ,2 ,0, 0
252 ,260, 245, '222 183 225 215 179 229 190 202 202 202 171 222 236 235 228 231 ' ,'0 0 0 0 0 0 0 0 0 0 0 0 0 0 0 0 ' ,69 ,3 ,1, 1
278 ,249, 271, '219 210 219 263 212 237 213 223 222 218 202 254 236 247 236 236 ' ,'0 0 0 0 0 0 0 0 0 0 0 0 0 0 0 0 ' ,65 ,3 ,1, 1
297 ,275, 290, '234 263 239 255 247 245 242 258 211 236 224 281 266 267 251 255 ' ,'0 0 0 0 0 0 0 0 0 0 0 0 0 0 0 0 ' ,74 ,3 ,1, 1
293 ,293, 286, '263 266 244 225 227 260 231 250 231 219 232 270 246 277 263 263 ' ,'0 0 0 0 0 0 0 0 0 0 0 0 0 0 0 0 ' ,61 ,3 ,1, 1
298 ,291, 291, '282 265 271 254 254 242 245 225 240 244 239 240 266 238 271 272 ' ,'0 0 0 0 0 0 0 0 0 0 0 0 0 0 0 0 ' ,60 ,3 ,1, 1
302 ,294, 294, '253 269 199 275 207 267 285 277 209 285 243 273 277 247 246 236 ' ,'0 0 0 0 0 0 0 0 0 0 0 0 0 0 0 0 ' ,88 ,3 ,1, 1
321 ,298, 314, '255 254 250 292 225 265 285 286 212 277 281 305 277 237 293 281 ' ,'0 0 0 0 0 0 0 0 0 0 0 0 0 0 0 0 ' ,97 ,3 ,2, 2
323 ,319, 316, '295 235 274 289 269 280 269 289 246 284 260 301 307 262 288 276 ' ,'0 0 0 0 0 0 0 0 0 0 0 0 0 0 0 0 ' ,75 ,3 ,2, 2
328 ,319, 320, '242 269 254 253 257 264 293 280 273 262 291 307 312 246 281 282 ' ,'0 0 0 0 0 0 0 0 0 0 0 0 0 0 0 0 ' ,73 ,3 ,1, 1
312 ,324, 304, '233 261 272 263 286 284 286 282 186 255 259 295 268 274 265 274 ' ,'0 0 0 0 0 0 0 0 0 0 0 0 0 0 0 0 ' ,113 ,3 ,1, 1
309 ,309, 302, '282 222 256 233 251 271 254 280 238 275 279 283 292 240 245 252 ' ,'0 0 0 0 0 0 0 0 0 0 0 0 0 0 0 0 ' ,75 ,3 ,1, 1
287 ,306, 278, '214 206 248 208 226 242 253 259 216 264 233 267 250 229 253 253 ' ,'0 0 0 0 0 0 0 0 0 0 0 0 0 0 0 0 ' ,66 ,3 ,2, 2
284 ,281, 278, '266 210 234 204 265 255 217 249 194 202 259 268 240 256 253 251 ' ,'0 0 0 0 0 0 0 0 0 0 0 0 0 0 0 0 ' ,78 ,3 ,2, 2
271 ,281, 264, '238 223 254 192 223 226 207 241 216 228 203 246 244 251 242 227 ' ,'0 0 0 0 0 0 0 0 0 0 0 0 0 0 0 0 ' ,66 ,3 ,1, 1
261 ,268, 255, '234 183 209 170 211 201 245 214 238 198 207 203 218 244 193 209 ' ,'0 0 0 0 0 0 0 0 0 0 0 0 0 0 0 0 ' ,78 ,2 ,1, 1
484 ,258, 477, '205 222 205 234 231 204 230 213 157 223 194 238 222 230 227 224 ' ,'0 0 0 0 0 0 0 0 0 0 0 0 0 0 0 0 ' ,315 ,3 ,1, 1
268 ,483, 261, '211 246 224 247 225 223 252 217 188 224 205 219 208 229 212 217 ' ,'0 0 0 0 0 0 0 0 0 0 0 0 0 0 0 0 ' ,68 ,3 ,1, 1
274 ,265, 267, '206 239 202 257 207 224 242 235 171 218 250 245 226 239 219 191 ' ,'0 0 0 0 0 0 0 0 0 0 0 0 0 0 0 0 ' ,90 ,3 ,1, 1
282 ,271, 276, '260 261 203 206 216 240 246 225 204 257 258 242 262 267 186 229 ' ,'0 0 0 0 0 0 0 0 0 0 0 0 0 0 0 0 ' ,83 ,3 ,1, 1
303 ,279, 296, '209 259 236 252 227 256 258 270 242 224 249 266 246 286 220 245 ' ,'0 0 0 0 0 0 0 0 0 0 0 0 0 0 0 0 ' ,81 ,3 ,1, 1
294 ,300, 288, '249 267 244 233 241 267 276 232 274 257 277 270 220 245 278 268 ' ,'0 0 0 0 0 0 0 0 0 0 0 0 0 0 0 0 ' ,61 ,3 ,1, 1
307 ,291, 300, '291 245 290 200 255 268 269 282 256 268 245 282 275 250 269 286 ' ,'0 0 0 0 0 0 0 0 0 0 0 0 0 0 0 0 ' ,95 ,3 ,1, 1
308 ,306, 300, '259 248 279 202 212 290 284 231 239 265 279 259 273 258 249 283 ' ,'0 0 0 0 0 0 0 0 0 0 0 0 0 0 0 0 ' ,91 ,3 ,2, 2
290 ,304, 283, '253 223 269 189 243 275 266 238 244 232 248 259 272 261 253 270 ' ,'0 0 0 0 0 0 0 0 0 0 0 0 0 0 0 0 ' ,89 ,3 ,1, 1
273 ,287, 262, '216 225 254 204 222 251 240 226 250 241 237 225 231 239 224 205 ' ,'0 0 0 0 0 0 0 0 0 0 0 0 0 0 0 0 ' ,54 ,3 ,1, 1
264 ,269, 256, '228 243 231 227 192 229 218 218 233 246 248 237 222 245 204 228 ' ,'0 0 0 0 0 0 0 0 0 0 0 0 0 0 0 0 ' ,59 ,3 ,1, 1
268 ,261, 261, '190 242 252 167 180 233 222 224 219 224 213 234 185 237 223 233 ' ,'0 0 0 0 0 0 0 0 0 0 0 0 0 0 0 0 ' ,89 ,3 ,1, 1
243 ,265, 233, '220 201 217 193 216 217 223 220 193 222 216 220 218 203 211 224 ' ,'0 0 0 0 0 0 0 0 0 0 0 0 0 0 0 0 ' ,35 ,3 ,1, 1
271 ,238, 261, '209 206 208 182 217 217 225 213 209 214 224 231 183 253 203 225 ' ,'0 0 0 0 0 0 0 0 0 0 0 0 0 0 0 0 ' ,75 ,3 ,0, 0
256 ,267, 246, '203 212 204 202 239 205 226 208 224 215 195 219 216 197 212 174 ' ,'0 0 0 0 0 0 0 0 0 0 0 0 0 0 0 0 ' ,66 ,3 ,0, 0
253 ,252, 246, '191 221 208 186 223 218 192 194 224 218 179 233 206 237 215 206 ' ,'0 0 0 0 0 0 0 0 0 0 0 0 0 0 0 0 ' ,61 ,3 ,1, 1
252 ,250, 245, '223 206 225 223 210 227 236 224 200 233 221 208 201 200 235 207 ' ,'0 0 0 0 0 0 0 0 0 0 0 0 0 0 0 0 ' ,40 ,3 ,1, 1
248 ,247, 241, '225 208 220 233 201 199 220 190 184 214 208 206 225 217 211 189 ' ,'0 0 0 0 0 0 0 0 0 0 0 0 0 0 0 0 ' ,51 ,3 ,1, 1
247 ,245, 237, '222 229 192 220 228 201 199 222 215 211 203 198 219 224 204 181 ' ,'0 0 0 0 0 0 0 0 0 0 0 0 0 0 0 0 ' ,53 ,3 ,1, 1
270 ,244, 263, '209 197 226 188 252 182 191 209 212 189 178 204 191 223 202 208 ' ,'0 0 0 0 0 0 0 0 0 0 0 0 0 0 0 0 ' ,76 ,3 ,1, 1
266 ,266, 259, '198 199 198 183 232 183 241 227 234 207 241 249 210 227 214 230 ' ,'0 0 0 0 0 0 0 0 0 0 0 0 0 0 0 0 ' ,69 ,3 ,1, 1
253 ,263, 245, '218 163 177 227 212 184 228 185 177 190 213 196 236 228 218 206 ' ,'0 0 0 0 0 0 0 0 0 0 0 0 0 0 0 0 ' ,76 ,3 ,1, 0
289 ,249, 281, '266 254 253 237 236 252 228 239 193 218 223 272 243 258 219 208 ' ,'0 0 0 0 0 0 0 0 0 0 0 0 0 0 0 0 ' ,82 ,3 ,1, 1
310 ,285, 302, '262 212 229 223 267 266 277 249 258 239 280 261 265 290 260 200 ' ,'0 0 0 0 0 0 0 0 0 0 0 0 0 0 0 0 ' ,94 ,3 ,1, 1
521 ,307, 513, '264 284 246 254 268 260 253 267 260 267 264 250 238 301 260 268 ' ,'0 0 0 0 0 0 0 0 0 0 0 0 0 0 0 0 ' ,262 ,3 ,1, 1
308 ,516, 298, '253 282 267 262 245 269 242 264 259 274 288 249 227 261 262 222 ' ,'0 0 0 0 0 0 0 0 0 0 0 0 0 0 0 0 ' ,72 ,3 ,1, 1
296 ,307, 289, '237 236 269 235 241 264 250 254 233 272 269 257 221 279 245 246 ' ,'0 0 0 0 0 0 0 0 0 0 0 0 0 0 0 0 ' ,62 ,3 ,1, 1
274 ,293, 266, '226 232 206 193 203 221 256 222 256 230 230 236 224 238 219 250 ' ,'0 0 0 0 0 0 0 0 0 0 0 0 0 0 0 0 ' ,67 ,3 ,1, 1
290 ,270, 283, '244 199 233 233 251 246 273 224 229 218 217 255 246 195 233 251 ' ,'0 0 0 0 0 0 0 0 0 0 0 0 0 0 0 0 ' ,80 ,3 ,1, 1
482 ,285, 474, '215 228 230 249 220 228 245 227 216 221 213 231 223 233 218 223 ' ,'0 0 0 0 0 0 0 0 0 0 0 0 0 0 0 0 ' ,255 ,3 ,1, 1
260 ,477, 252, '238 238 228 240 244 199 217 214 190 229 202 219 232 224 227 223 ' ,'0 0 0 0 0 0 0 0 0 0 0 0 0 0 0 0 ' ,57 ,4 ,1, 1
259 ,255, 252, '227 188 238 242 233 230 242 223 216 237 203 193 214 212 223 233 ' ,'0 0 0 0 0 0 0 0 0 0 0 0 0 0 0 0 ' ,59 ,4 ,1, 1
254 ,255, 247, '202 223 210 193 193 226 150 204 227 224 192 203 210 237 165 195 ' ,'0 0 0 0 0 0 0 0 0 0 0 0 0 0 0 0 ' ,91 ,3 ,1, 1
258 ,251, 251, '221 218 174 208 205 212 218 225 204 218 208 182 210 242 206 180 ' ,'0 0 0 0 0 0 0 0 0 0 0 0 0 0 0 0 ' ,71 ,4 ,1, 1
276 ,254, 268, '239 220 213 221 209 221 207 227 237 229 218 229 239 230 187 205 ' ,'0 0 0 0 0 0 0 0 0 0 0 0 0 0 0 0 ' ,75 ,2 ,1, 1
274 ,272, 266, '242 214 237 242 225 213 258 242 252 231 236 245 250 249 217 241 ' ,'0 0 0 0 0 0 0 0 0 0 0 0 0 0 0 0 ' ,47 ,3 ,1, 1
288 ,272, 281, '227 239 250 263 228 264 218 245 237 221 257 271 256 228 241 240 ' ,'0 0 0 0 0 0 0 0 0 0 0 0 0 0 0 0 ' ,57 ,3 ,1, 1
310 ,285, 302, '238 273 230 208 227 281 252 271 262 225 259 274 261 291 254 250 ' ,'0 0 0 0 0 0 0 0 0 0 0 0 0 0 0 0 ' ,87 ,4 ,2, 2
310 ,307, 303, '276 255 246 194 261 274 281 248 215 276 293 282 275 264 265 254 ' ,'0 0 0 0 0 0 0 0 0 0 0 0 0 0 0 0 ' ,102 ,3 ,1, 1
317 ,306, 310, '262 273 247 205 211 253 236 284 256 258 275 266 287 300 266 278 ' ,'0 0 0 0 0 0 0 0 0 0 0 0 0 0 0 0 ' ,98 ,4 ,1, 1
303 ,314, 296, '249 233 233 250 254 277 229 236 269 251 286 223 214 269 261 248 ' ,'0 0 0 0 0 0 0 0 0 0 0 0 0 0 0 0 ' ,75 ,3 ,2, 2
279 ,300, 271, '244 261 261 230 215 198 254 239 236 241 261 194 221 256 223 263 ' ,'0 0 0 0 0 0 0 0 0 0 0 0 0 0 0 0 ' ,71 ,2 ,1, 1
282 ,275, 274, '266 243 261 255 243 246 249 243 258 265 230 238 235 249 233 241 ' ,'0 0 0 0 0 0 0 0 0 0 0 0 0 0 0 0 ' ,39 ,2 ,1, 1
277 ,277, 270, '231 239 261 220 255 222 219 236 220 256 198 211 230 257 190 258 ' ,'0 0 0 0 0 0 0 0 0 0 0 0 0 0 0 0 ' ,74 ,2 ,1, 1
263 ,273, 255, '209 243 192 226 216 245 217 247 215 224 200 233 205 216 245 229 ' ,'0 0 0 0 0 0 0 0 0 0 0 0 0 0 0 0 ' ,57 ,2 ,1, 1
260 ,258, 254, '214 223 227 195 237 208 228 184 224 225 219 231 245 216 228 208 ' ,'0 0 0 0 0 0 0 0 0 0 0 0 0 0 0 0 ' ,63 ,2 ,1, 1
249 ,256, 242, '205 203 214 214 235 220 185 213 218 210 212 225 224 206 178 232 ' ,'0 0 0 0 0 0 0 0 0 0 0 0 0 0 0 0 ' ,58 ,2 ,1, 1
260 ,248, 252, '238 245 195 221 196 228 226 225 214 228 198 233 194 220 183 195 ' ,'0 0 0 0 0 0 0 0 0 0 0 0 0 0 0 0 ' ,59 ,2 ,1, 1
260 ,255, 252, '212 208 222 208 210 218 246 195 211 218 199 210 177 230 210 214 ' ,'0 0 0 0 0 0 0 0 0 0 0 0 0 0 0 0 ' ,69 ,2 ,0, 0
246 ,257, 239, '220 195 205 210 230 223 202 211 199 226 216 225 225 230 201 224 ' ,'0 0 0 0 0 0 0 0 0 0 0 0 0 0 0 0 ' ,38 ,1 ,1, 1
246 ,242, 239, '212 200 173 216 193 222 217 214 220 228 187 176 206 213 212 224 ' ,'0 0 0 0 0 0 0 0 0 0 0 0 0 0 0 0 ' ,59 ,5 ,1, 1
277 ,243, 267, '244 259 246 232 210 217 225 230 208 222 203 245 238 253 216 228 ' ,'0 0 0 0 0 0 0 0 0 0 0 0 0 0 0 0 ' ,59 ,1 ,1, 1
281 ,271, 273, '261 249 250 240 167 218 252 257 246 237 184 248 250 265 209 236 ' ,'0 0 0 0 0 0 0 0 0 0 0 0 0 0 0 0 ' ,101 ,2 ,1, 1
282 ,277, 274, '241 237 212 222 268 255 212 254 247 234 248 253 262 242 212 247 ' ,'0 0 0 0 0 0 0 0 0 0 0 0 0 0 0 0 ' ,56 ,2 ,1, 1
287 ,278, 278, '259 256 237 256 266 218 242 248 249 255 247 251 260 267 248 245 ' ,'0 0 0 0 0 0 0 0 0 0 0 0 0 0 0 0 ' ,53 ,5 ,1, 1
312 ,282, 305, '242 247 206 265 245 258 196 261 251 279 242 296 241 235 233 225 ' ,'0 0 0 0 0 0 0 0 0 0 0 0 0 0 0 0 ' ,103 ,2 ,1, 1
322 ,309, 315, '198 252 264 225 262 270 272 271 236 295 203 303 283 297 215 271 ' ,'0 0 0 0 0 0 0 0 0 0 0 0 0 0 0 0 ' ,108 ,3 ,2, 2
311 ,318, 304, '269 251 280 269 259 279 223 257 204 273 289 259 295 292 259 269 ' ,'0 0 0 0 0 0 0 0 0 0 0 0 0 0 0 0 ' ,93 ,1 ,1, 1
312 ,307, 304, '276 284 289 240 265 269 248 254 255 271 264 256 283 296 280 279 ' ,'0 0 0 0 0 0 0 0 0 0 0 0 0 0 0 0 ' ,58 ,2 ,1, 1
302 ,308, 294, '275 280 261 277 247 251 203 251 275 259 274 285 268 271 229 237 ' ,'0 0 0 0 0 0 0 0 0 0 0 0 0 0 0 0 ' ,85 ,2 ,1, 1
304 ,298, 297, '238 275 231 218 274 234 238 282 241 224 267 278 288 274 235 233 ' ,'0 0 0 0 0 0 0 0 0 0 0 0 0 0 0 0 ' ,72 ,2 ,1, 1
300 ,300, 293, '223 249 259 251 232 217 285 228 236 239 236 280 225 269 261 192 ' ,'0 0 0 0 0 0 0 0 0 0 0 0 0 0 0 0 ' ,94 ,1 ,1, 1
279 ,296, 272, '229 248 251 236 194 232 243 228 225 207 211 249 249 263 222 238 ' ,'0 0 0 0 0 0 0 0 0 0 0 0 0 0 0 0 ' ,73 ,2 ,1, 1
256 ,275, 249, '222 207 219 203 215 219 242 220 218 220 206 235 205 217 211 238 ' ,'0 0 0 0 0 0 0 0 0 0 0 0 0 0 0 0 ' ,40 ,2 ,1, 1
256 ,253, 249, '223 223 186 210 175 205 237 234 217 220 195 211 211 237 191 228 ' ,'0 0 0 0 0 0 0 0 0 0 0 0 0 0 0 0 ' ,68 ,4 ,1, 1
262 ,252, 255, '202 233 221 216 236 195 206 216 223 192 233 224 225 247 206 212 ' ,'0 0 0 0 0 0 0 0 0 0 0 0 0 0 0 0 ' ,57 ,1 ,0, 0
257 ,262, 249, '215 210 233 202 230 223 223 230 240 207 206 218 215 206 216 227 ' ,'0 0 0 0 0 0 0 0 0 0 0 0 0 0 0 0 ' ,40 ,2 ,1, 1
