29,0,2,0,2,0,2,0,2,0,2,0,2,0,2,0,2,0,2,0,2,
10,1,2,1,3,1,2,1,3,1,2,1,3,1,2,1,2,1,2,0,3,
10,0,1,0,2,0,2,0,2,0,1,0,2,0,1,0,1,0,1,0,2,
11,1,2,1,2,1,2,1,2,1,2,0,2,1,2,1,2,1,2,0,2,
11,1,2,1,2,1,2,1,2,1,2,0,2,1,2,1,2,1,2,0,3,
11,1,2,1,2,1,2,1,2,1,2,0,2,1,2,1,2,1,2,0,3,
11,1,2,1,2,1,2,1,3,1,2,0,2,1,2,1,2,1,2,0,3,
11,1,2,1,2,1,2,1,2,1,2,0,2,1,2,1,2,1,2,0,3,
10,1,2,1,3,1,2,1,3,1,2,0,3,1,2,1,2,1,2,0,3,
10,1,2,1,2,1,2,1,3,1,2,0,3,1,2,1,2,1,2,0,3,
10,1,2,1,3,1,2,1,3,1,2,0,3,1,2,1,2,1,2,0,3,
11,0,1,0,2,0,2,0,2,0,1,0,2,0,1,0,2,0,1,0,2,
10,0,2,0,2,0,2,1,2,0,2,0,2,0,2,0,2,0,2,0,2,
10,0,1,0,2,0,2,0,2,0,1,0,2,0,1,0,1,0,1,0,2,
10,1,2,1,3,1,3,1,3,1,2,0,2,1,2,1,2,1,2,0,3,
10,1,2,1,3,1,3,1,3,1,2,0,3,1,2,1,2,1,2,0,3,
10,1,3,1,3,1,3,1,3,1,3,0,3,1,2,1,2,1,2,0,3,
11,1,2,1,3,1,2,1,3,1,2,0,2,1,2,1,2,1,2,0,3,
10,0,2,0,2,0,2,0,2,0,2,0,2,0,1,0,2,0,1,0,2,
10,0,1,0,2,0,2,0,2,0,2,0,2,0,1,0,2,0,2,0,2,
12,0,1,0,2,0,1,0,2,0,1,0,2,0,1,0,2,0,1,0,2,
18,0,2,0,4,0,2,1,4,0,2,0,4,0,1,0,4,0,1,0,4,
10,1,2,0,2,1,2,1,2,1,2,0,2,0,2,0,2,1,2,0,2,
10,1,2,0,2,1,2,1,2,1,2,0,2,0,2,0,2,1,2,0,2,
10,0,2,2,2,0,2,3,2,0,2,2,2,0,1,2,2,0,2,2,2,
10,1,2,0,2,1,2,0,2,0,2,0,2,0,1,0,2,1,2,0,2,
10,1,2,0,2,1,2,0,2,0,2,0,2,0,2,0,2,1,2,0,2,
10,1,2,0,2,1,2,0,2,0,2,0,2,0,2,0,2,1,2,0,2,
12,3,4,1,5,3,4,1,5,3,4,0,4,3,4,1,4,3,4,0,5,
11,1,2,0,2,1,2,0,2,1,2,0,2,1,2,0,2,1,2,0,2,
11,1,2,0,2,1,2,0,3,1,2,0,2,1,2,0,2,1,2,0,3,
12,1,2,1,3,1,4,1,3,1,2,0,4,1,2,1,3,2,2,0,4,
11,0,1,0,2,0,1,0,2,0,1,0,2,0,1,0,2,0,1,0,2,
11,1,2,1,2,1,2,1,3,1,2,0,2,1,2,1,3,1,2,0,3,
10,1,2,1,2,1,2,1,2,1,2,0,2,1,2,1,2,1,2,0,3,
11,1,3,1,3,1,3,1,3,1,3,0,3,1,2,1,3,1,2,0,3,
10,1,2,1,2,1,2,1,2,1,2,0,2,1,2,1,2,1,2,0,3,
11,1,2,1,2,1,2,1,3,1,2,0,2,1,2,1,3,1,2,0,3,
11,1,2,1,3,1,2,1,3,1,2,0,2,1,2,1,3,1,2,0,3,
10,1,3,1,3,1,3,1,3,1,3,0,3,1,2,1,3,1,2,0,3,
10,1,3,1,3,2,3,1,3,1,3,0,3,1,2,1,3,1,2,0,3,
10,1,3,1,3,2,3,1,3,1,3,0,3,1,2,1,3,1,2,0,3,
10,1,2,1,3,1,2,1,3,1,2,0,3,1,2,1,3,1,2,0,3,
10,1,3,1,3,1,3,1,3,1,3,0,3,1,2,1,3,1,2,0,3,
10,1,3,1,3,1,3,1,3,1,2,0,3,1,2,1,3,1,2,0,3,
10,1,3,1,3,1,3,1,3,1,3,0,3,1,2,1,3,1,2,0,3,
12,1,2,1,3,1,3,1,3,1,3,0,3,1,2,1,3,1,2,0,3,
10,1,3,1,3,1,3,1,3,1,3,0,3,1,2,1,3,1,2,0,3,
10,1,2,0,2,1,2,0,2,1,2,0,2,1,2,0,2,1,2,0,2,
10,1,2,0,2,1,2,0,2,0,2,0,2,0,2,0,2,1,2,0,2,
12,1,2,1,3,1,2,1,3,1,2,0,2,1,2,1,2,1,2,0,3,
13,1,4,1,5,4,4,1,5,1,4,0,5,1,4,1,5,4,4,0,5,
10,1,2,0,2,1,2,0,2,1,2,0,2,1,2,0,2,1,2,0,2,
10,1,2,0,2,1,2,1,2,1,2,0,2,1,2,0,2,1,2,0,2,
10,1,2,0,2,1,2,0,2,0,2,0,2,1,1,0,2,1,1,0,2,
10,1,2,0,2,1,2,0,2,0,2,0,2,1,2,0,2,1,2,0,2,
10,1,2,0,2,1,2,1,2,1,2,0,2,1,2,0,2,1,2,0,2,
10,1,2,0,2,1,2,0,2,1,2,0,2,1,2,0,2,1,2,0,2,
11,1,3,1,2,1,3,1,2,1,2,0,2,1,2,1,2,1,2,0,3,
12,1,3,1,2,1,3,1,2,1,2,0,2,1,2,1,2,1,2,0,3,
10,1,2,0,2,1,2,1,2,1,2,0,2,1,2,1,2,1,2,0,3,
10,1,2,0,2,1,2,1,2,1,2,0,2,1,2,0,2,1,2,0,2,
10,1,2,0,2,1,2,1,2,1,2,0,2,1,2,0,2,1,2,0,3,
11,1,2,1,3,1,2,1,3,1,2,0,2,1,2,0,2,1,2,0,3,
11,1,2,0,2,1,2,1,2,1,2,0,2,1,2,0,2,1,2,0,3,
18,1,2,1,2,1,2,1,2,1,2,0,2,1,2,1,2,1,2,0,3,
11,1,3,1,3,1,3,1,3,1,3,0,3,1,2,1,3,1,3,0,3,
10,1,2,1,2,1,2,1,2,1,2,0,2,1,2,1,2,1,2,0,3,
12,1,3,1,3,1,3,1,3,1,3,0,3,1,3,1,3,1,3,0,3,
11,1,4,1,3,1,3,1,3,1,3,0,3,1,3,1,3,1,3,0,3,
10,1,3,1,3,1,3,1,3,1,3,0,3,1,3,1,3,1,3,0,3,
10,1,3,1,3,1,3,1,3,1,3,0,3,1,2,1,3,1,3,0,3,
10,1,3,1,3,1,3,1,3,1,3,0,3,1,2,1,3,2,3,0,3,
10,1,3,1,3,1,3,1,3,1,3,0,3,1,2,1,3,1,3,0,3,
10,1,3,1,3,1,3,1,3,1,3,0,3,1,3,1,3,1,3,0,3,
10,0,2,2,2,0,2,2,2,0,2,2,2,0,2,2,2,0,2,2,2,
10,1,3,1,3,1,3,1,3,1,3,0,3,1,2,1,3,2,3,0,3,
10,1,2,0,2,1,2,0,2,1,2,0,2,1,2,0,2,1,2,0,2,
14,1,2,1,2,1,2,1,2,1,2,0,2,1,2,1,2,1,2,0,3,
10,1,3,1,3,1,3,1,3,1,3,0,3,1,3,1,3,1,3,0,3,
10,1,3,1,3,1,3,1,3,1,3,0,3,1,2,1,3,2,3,0,3,
10,0,2,1,2,0,2,1,2,0,2,0,2,0,1,1,2,0,1,0,2,
10,1,3,1,3,1,3,1,3,1,3,0,3,1,2,1,3,1,2,0,3,
10,1,3,1,3,1,3,1,3,1,3,0,3,1,2,1,3,1,2,1,3,
10,1,3,1,3,2,3,1,3,1,3,0,3,1,2,1,3,2,3,1,3,
10,1,2,0,2,1,2,0,2,1,2,0,2,0,1,0,2,1,2,0,2,
10,1,2,0,2,1,2,0,2,1,2,0,2,1,1,0,2,1,2,0,2,
10,1,2,0,2,1,2,0,2,1,2,0,2,1,1,0,2,1,2,0,2,
10,1,2,0,2,1,2,0,2,1,2,0,2,1,2,0,2,1,2,0,2,
10,1,2,0,2,1,2,0,2,1,2,0,2,1,1,0,2,1,2,0,2,
10,1,2,0,2,1,2,1,2,1,2,0,2,1,2,0,2,1,2,0,2,
11,1,2,1,2,1,2,1,3,1,2,0,2,1,2,1,2,1,3,0,3,
10,1,2,1,2,1,2,1,2,1,2,0,2,1,2,1,2,1,2,0,3,
11,1,3,1,2,1,3,1,2,1,3,0,2,1,3,1,2,1,3,0,2,
10,1,2,1,3,1,2,1,3,1,2,0,3,1,2,1,2,1,2,0,3,
11,1,2,1,3,1,2,1,3,1,2,0,3,1,2,1,2,1,2,0,3,
11,1,2,1,3,1,2,1,3,1,2,0,3,1,2,1,2,1,2,0,3,
11,1,2,1,3,1,2,1,3,1,2,0,3,1,2,1,2,1,2,0,3,
11,1,2,1,3,1,2,1,3,1,2,0,3,1,2,1,2,1,2,0,3,
10,1,2,1,3,1,2,1,3,1,2,0,3,1,2,1,2,1,2,0,3,
10,1,2,1,3,1,3,1,3,1,2,0,3,1,2,1,2,1,2,0,3,
10,1,2,1,3,1,3,1,3,1,2,0,3,1,2,1,2,1,2,0,3,
10,1,2,1,3,1,3,1,3,1,2,0,3,1,2,1,2,1,2,0,3,
10,1,2,1,3,1,3,1,3,1,2,0,3,1,2,1,2,1,2,0,3,
10,1,2,1,3,1,3,1,3,1,2,0,3,1,2,1,2,1,2,0,3,
10,1,2,1,3,1,3,1,3,1,3,0,3,1,2,1,2,1,2,0,3,
10,1,2,1,3,1,3,1,3,1,2,0,3,1,2,1,2,1,2,0,3,
11,1,2,1,3,1,2,1,3,1,2,0,2,1,2,1,2,1,2,0,3,
14,0,0,0,2,0,0,0,2,0,0,0,2,0,0,0,1,0,0,0,2,
10,1,3,1,3,1,3,1,3,1,3,0,3,1,2,1,3,1,2,0,3,
10,1,3,1,3,1,3,1,3,1,3,0,3,1,2,1,3,1,2,0,3,
10,1,3,1,3,1,3,1,3,1,3,0,3,1,2,1,3,1,2,0,3,
10,1,3,1,3,1,3,1,3,1,3,0,3,1,2,1,3,1,3,0,3,
10,2,3,1,3,2,3,1,3,1,3,0,3,2,2,1,3,2,3,1,3,
10,1,2,0,2,1,2,0,2,1,2,0,2,1,1,0,2,1,2,0,2,
10,1,2,0,2,1,2,0,2,1,2,0,2,1,1,0,2,1,2,0,2,
12,1,2,0,2,1,2,0,2,1,2,0,2,1,1,0,2,1,2,0,2,
10,1,2,0,2,1,2,0,2,1,2,0,2,1,1,0,2,1,2,0,2,
10,1,2,0,2,1,2,0,2,1,2,0,2,1,1,0,2,1,2,0,2,
10,1,2,0,2,1,2,0,2,1,2,0,2,1,1,0,2,1,2,0,2,
10,1,2,0,2,1,2,0,2,1,2,0,2,1,2,0,2,1,2,0,2,
10,1,2,0,2,1,2,1,2,1,2,0,2,1,2,0,2,1,2,0,3,
10,1,2,0,2,1,2,1,2,1,2,0,2,1,2,1,2,1,2,0,2,
10,1,2,0,2,1,2,1,2,1,2,0,2,1,2,1,2,1,2,0,2,
10,1,2,1,3,1,2,1,2,1,2,0,2,1,2,1,2,1,2,0,3,
10,1,2,1,3,1,2,1,3,1,2,0,2,1,2,1,2,1,2,0,3,
11,1,2,1,3,1,2,1,3,1,2,0,2,1,2,1,2,1,2,0,3,
11,1,2,1,3,1,3,1,3,1,2,0,3,1,2,1,2,1,2,0,3,
11,1,2,1,3,1,2,1,3,1,2,0,2,1,2,1,2,1,2,0,3,
10,1,2,1,3,1,2,1,3,1,2,0,2,1,2,1,2,1,2,0,3,
10,1,2,1,3,1,3,1,3,1,2,0,3,1,2,1,2,1,2,0,3,
10,1,2,0,2,1,2,0,2,1,2,0,2,1,1,0,2,1,2,0,2,
10,1,2,1,3,1,3,1,3,1,3,0,3,1,2,1,2,1,2,0,3,
10,1,2,1,3,1,3,1,3,1,2,0,3,1,2,1,2,1,2,0,3,
12,0,1,0,2,0,1,0,2,0,1,0,2,0,0,0,1,0,1,0,2,
12,1,2,1,3,1,3,1,3,1,2,0,3,1,2,1,2,1,2,0,3,
10,1,2,1,3,1,3,1,3,1,2,0,3,1,2,1,2,1,2,0,3,
10,1,3,1,3,1,3,1,3,1,3,0,3,1,2,1,3,2,2,0,3,
10,0,2,2,2,0,2,2,2,0,2,1,2,0,1,2,2,0,1,1,2,
10,1,3,1,3,1,3,1,3,1,3,0,3,1,2,1,3,1,2,0,3,
10,1,3,1,3,1,3,1,3,1,3,0,3,1,2,1,3,1,3,0,3,
10,1,3,1,3,1,3,1,3,1,3,0,3,1,2,1,3,1,3,0,3,
11,3,4,1,4,3,4,1,4,2,4,0,4,3,3,1,4,3,4,0,4,
10,1,2,0,2,1,2,0,2,1,2,0,2,1,1,0,2,1,2,0,2,
10,1,2,0,2,1,2,0,2,0,2,0,2,1,1,0,2,1,2,0,2,
10,1,2,0,2,1,2,0,2,1,2,0,2,1,1,0,2,1,2,0,2,
11,3,4,1,4,3,4,1,5,3,4,0,4,3,4,1,4,3,4,0,5,
10,1,2,0,2,1,2,0,2,1,2,0,2,1,1,0,2,1,2,0,2,
10,1,2,0,2,1,2,0,2,1,2,0,2,1,1,0,2,1,2,0,2,
10,1,2,0,2,1,2,0,2,1,2,0,2,1,1,0,2,1,2,0,2,
11,1,2,0,2,1,2,1,2,1,2,0,2,1,2,0,2,1,2,0,2,
11,1,2,0,2,1,2,1,2,1,2,0,2,1,2,1,2,1,2,0,3,
10,1,2,0,2,1,2,1,2,1,2,0,2,1,2,1,2,1,2,0,3,
10,1,2,0,2,1,2,1,2,1,2,0,2,1,2,1,2,1,2,0,3,
10,1,2,0,2,1,2,1,2,1,2,0,2,1,2,1,2,1,2,0,3,
10,1,2,1,2,1,2,1,3,1,2,0,2,1,2,1,2,1,2,0,3,
10,1,2,1,3,1,2,1,3,1,2,0,2,1,2,1,2,1,2,0,3,
10,1,2,1,3,1,2,1,3,1,2,0,2,1,2,1,2,1,2,0,3,
10,1,2,1,3,1,2,1,3,1,2,0,2,1,2,1,2,1,2,0,3,
10,1,2,1,3,1,2,1,3,1,2,0,2,1,2,1,2,1,2,0,3,
10,1,2,1,3,1,2,1,3,1,2,0,2,1,2,1,2,1,2,0,3,
12,1,2,1,2,1,2,1,2,1,2,0,2,1,2,1,2,1,2,0,2,
10,1,2,1,3,1,2,1,3,1,2,0,3,1,2,1,2,1,2,0,3,
11,4,5,1,5,4,5,1,5,4,5,0,5,4,4,1,5,4,4,0,5,
10,0,1,1,2,0,2,1,2,0,1,0,2,0,1,1,1,0,1,0,2,
10,1,3,1,3,1,3,1,3,1,2,0,3,1,2,1,2,1,2,0,3,
10,1,2,1,3,1,3,1,3,1,2,0,3,1,2,1,2,1,2,0,3,
10,1,3,1,3,1,3,1,3,1,2,0,3,1,2,1,2,1,2,0,3,
10,2,3,1,3,2,3,1,3,2,3,0,3,2,2,1,3,2,3,0,3,
10,1,3,1,3,2,3,1,3,1,2,0,3,1,2,1,3,1,2,0,3,
10,1,3,1,3,1,3,1,3,1,3,0,3,1,2,1,3,1,2,0,3,
10,1,3,1,3,1,3,1,3,1,3,0,3,1,2,1,3,1,2,0,3,
10,0,1,1,1,0,1,1,1,0,1,0,1,0,0,1,1,0,1,0,1,
10,1,2,0,2,1,2,0,2,0,2,0,2,1,1,0,2,1,2,0,2,
10,1,2,0,2,1,2,0,2,0,2,0,2,1,1,0,2,1,2,0,2,
10,1,2,0,2,1,2,0,2,1,2,0,2,1,1,0,2,1,2,0,2,
10,1,2,0,2,1,2,0,2,1,2,0,2,1,1,0,2,1,2,0,2,
10,1,2,0,2,1,2,0,2,1,2,0,2,1,1,0,2,1,2,0,2,
37,27,28,0,29,27,28,0,29,27,28,0,28,27,28,0,28,27,28,0,29,
10,1,2,0,2,1,2,1,2,1,2,0,2,1,2,0,2,1,2,0,2,
10,1,2,0,2,1,2,0,2,1,2,0,2,1,1,0,2,1,2,0,2,
10,1,2,0,2,1,2,1,2,1,2,0,2,1,2,0,2,1,2,0,2,
10,1,2,1,2,1,2,1,2,1,2,0,2,1,2,0,2,1,2,0,2,
10,1,2,1,2,1,2,1,2,1,2,0,2,1,2,1,2,1,2,0,3,
11,1,2,1,3,1,2,1,3,1,2,0,2,1,2,1,2,1,2,0,3,
11,1,2,1,3,1,2,1,3,1,2,0,2,1,2,1,2,1,2,0,3,
10,1,2,1,3,1,2,1,3,1,2,0,2,1,2,1,2,1,2,0,3,
10,1,2,1,3,1,2,1,3,1,2,0,2,1,2,1,2,1,2,0,3,
9,1,2,1,3,1,2,1,3,1,2,0,2,1,2,1,2,1,2,0,3,
10,1,2,1,3,1,2,1,3,1,2,0,2,1,2,1,2,1,2,0,3,
10,1,3,1,2,1,3,1,2,1,3,0,2,1,3,1,2,1,3,0,2,
11,0,1,0,1,0,1,0,1,0,1,0,1,0,0,0,1,0,1,0,2,
13,0,1,0,2,1,1,1,2,0,1,0,2,0,1,0,1,0,1,0,2,
10,1,2,1,3,1,2,1,3,1,2,0,2,1,2,1,2,1,2,0,3,
10,1,2,1,3,1,3,1,3,1,2,0,3,1,2,1,2,1,2,0,3,
10,0,1,2,2,0,2,2,2,0,1,1,2,0,1,2,1,0,1,1,2,
10,1,2,1,3,1,3,1,3,1,2,0,3,1,2,1,2,1,2,0,3,
10,1,2,1,3,1,3,1,3,1,2,0,3,1,2,1,2,1,2,0,3,
10,1,2,1,3,2,3,1,3,1,2,0,3,1,2,1,2,1,2,0,3,
11,2,4,1,4,2,4,1,4,2,4,0,4,2,3,1,3,2,3,0,4,
10,1,3,1,3,2,3,1,3,1,3,0,3,1,2,1,3,1,2,0,3,
10,1,3,1,3,2,3,1,3,1,3,0,3,1,2,1,2,1,2,1,3,
10,1,2,0,2,1,2,0,2,0,2,0,2,1,1,0,2,1,2,0,2,
10,1,2,0,2,1,2,0,2,1,2,0,2,1,1,0,2,1,2,0,2,
10,1,2,0,2,1,2,1,2,1,2,0,2,1,1,0,2,1,2,0,2,
10,1,2,0,2,1,2,0,2,1,2,0,2,1,1,0,2,1,2,0,2,
10,1,2,0,2,1,2,0,2,1,2,0,2,1,1,0,2,1,2,0,2,
10,1,2,0,2,1,2,0,2,1,2,0,2,1,1,0,2,1,2,0,2,
10,1,2,0,2,1,2,1,2,1,2,0,2,1,2,0,2,1,2,0,2,
10,1,2,0,2,1,2,1,2,1,2,0,2,1,2,0,2,1,2,0,2,
11,1,2,1,3,1,2,1,3,1,2,0,2,1,2,1,2,1,2,0,3,
10,1,2,1,2,1,2,1,2,1,2,0,2,1,2,1,2,1,2,0,2,
10,1,2,1,2,1,2,1,2,1,2,0,2,1,2,1,2,1,2,0,3,
10,1,2,1,2,1,2,1,2,1,2,0,2,1,2,1,2,1,2,0,3,
10,1,2,1,2,1,2,1,3,1,2,0,2,1,2,1,2,1,2,0,3,
10,1,2,1,3,1,2,1,3,1,2,0,2,1,2,1,2,1,2,0,3,
11,1,2,1,3,1,2,1,3,1,2,0,2,1,2,1,2,1,2,0,3,
11,1,2,1,3,1,2,1,3,1,2,0,2,1,2,1,2,1,2,0,3,
12,1,2,1,3,1,2,1,3,1,2,0,3,1,2,1,2,1,2,0,3,
10,1,2,1,3,1,2,1,3,1,2,0,2,1,2,1,2,1,2,0,3,
12,1,2,1,3,1,2,1,3,1,2,0,2,1,2,1,2,1,2,0,5,
13,1,3,1,3,1,3,1,3,1,3,0,3,1,2,1,2,1,2,0,3,
10,1,2,1,3,2,3,1,3,1,2,0,3,1,2,1,2,1,2,0,3,
10,1,2,1,3,2,3,1,3,1,2,0,3,1,2,1,2,2,2,0,3,
10,1,2,1,3,2,3,1,3,1,2,0,3,1,2,1,2,1,2,0,3,
31,1,2,1,3,1,4,1,3,1,2,0,3,1,25,1,2,1,25,0,3,
10,1,2,0,2,1,2,0,2,0,2,0,2,1,1,0,2,1,1,0,2,
10,1,2,0,2,1,2,0,2,1,2,0,2,1,1,0,2,1,1,0,2,
10,1,3,1,3,2,3,1,3,1,3,0,3,1,2,1,3,2,2,1,3,
10,1,3,1,3,2,3,1,3,1,3,0,3,1,2,1,3,1,2,1,3,
10,1,3,1,3,1,3,1,3,1,3,0,3,1,2,1,3,2,2,1,3,
10,1,3,1,3,1,3,1,3,1,3,0,3,1,2,1,2,1,2,1,3,
10,2,3,1,3,2,3,1,3,1,3,0,3,2,2,1,3,2,2,1,3,
10,1,2,0,2,1,2,0,2,0,2,0,2,1,1,0,2,1,1,0,2,
10,1,2,0,2,1,2,0,2,1,2,0,2,1,2,0,2,1,2,0,2,
30,1,2,1,2,1,2,1,22,1,2,0,2,1,2,1,2,1,2,0,3,
11,1,2,0,3,1,2,0,3,1,2,0,3,1,2,0,2,1,2,0,3,
10,1,2,0,2,1,2,1,2,1,2,0,2,1,2,1,2,1,2,0,2,
10,1,2,0,2,1,2,1,2,1,2,0,2,1,2,1,2,1,2,0,2,
10,1,2,1,2,1,2,1,2,1,2,0,2,1,2,0,2,1,2,0,2,
10,1,2,1,3,1,2,1,3,1,2,0,2,1,2,1,2,1,2,0,3,
10,1,2,1,3,1,2,1,3,1,2,0,2,1,2,1,2,1,2,0,3,
10,1,2,1,2,1,3,1,3,1,3,0,2,1,2,1,2,1,3,0,3,
11,2,3,0,3,2,3,1,3,2,3,0,3,2,2,0,3,2,3,0,3,
11,1,2,1,3,1,2,1,3,1,2,0,2,1,2,1,2,1,2,0,3,
11,1,2,1,3,1,2,1,3,1,2,0,3,1,2,1,2,1,2,0,3,
11,1,2,1,3,1,2,1,3,1,2,0,2,1,2,1,2,1,2,0,3,
10,1,2,1,3,1,3,1,3,1,2,0,3,1,2,1,2,1,2,0,3,
13,1,5,1,6,1,4,1,6,1,5,0,5,1,5,1,5,1,4,0,6,
10,1,2,1,3,1,2,1,3,1,2,0,3,1,2,1,2,1,2,0,3,
10,1,2,1,3,1,2,1,3,1,2,0,2,1,2,1,2,1,2,0,3,
10,1,2,1,3,1,2,1,3,1,2,0,3,1,2,1,2,1,2,0,3,
10,1,2,1,3,1,2,1,3,1,2,0,3,1,2,1,2,1,2,0,3,
10,1,2,1,3,1,2,1,3,1,2,0,3,1,2,1,2,1,2,0,3,
10,1,3,1,3,1,3,1,3,1,2,0,3,1,2,1,2,1,2,0,3,
10,1,3,1,3,1,3,1,3,1,2,0,3,1,2,1,2,1,2,0,3,
10,1,2,1,3,1,2,1,3,1,2,0,3,1,2,1,2,1,2,0,3,
12,1,2,1,3,1,2,1,3,1,2,0,2,1,2,1,2,1,2,0,3,
10,1,2,1,3,1,2,1,3,1,2,0,2,1,2,1,2,1,2,0,3,
10,1,2,1,3,1,2,1,3,1,2,0,2,1,2,1,2,1,2,0,3,
10,1,2,1,3,2,2,1,3,1,2,0,2,1,2,1,2,1,2,0,3,
10,1,2,1,3,1,2,1,3,1,2,0,2,1,2,1,2,1,2,0,3,
11,1,2,1,3,1,2,1,3,1,2,0,3,1,2,1,2,1,2,0,3,
10,2,2,1,3,2,2,1,3,1,2,0,3,2,2,1,2,1,2,0,3,
10,1,3,1,3,1,3,1,3,1,2,0,3,1,2,1,2,1,2,0,3,
10,1,3,1,3,1,3,1,3,1,3,0,3,1,2,1,2,1,2,0,3,
10,1,3,1,3,1,3,1,3,1,2,0,3,1,2,1,2,1,2,0,3,
10,1,3,1,3,1,3,1,3,1,3,0,3,1,2,1,2,1,3,0,3,
10,2,3,1,3,2,3,1,3,1,3,0,3,2,2,1,3,2,3,1,3,
10,1,3,1,3,2,3,1,3,1,3,0,3,1,2,1,2,2,3,1,3,
10,1,2,0,2,1,2,0,2,1,2,0,2,1,2,0,2,1,2,0,2,
10,1,2,0,2,1,2,0,2,0,2,0,2,1,1,0,2,1,1,0,2,
10,1,2,0,2,1,2,0,2,1,2,0,2,1,1,0,2,1,2,0,2,
10,1,2,0,2,1,2,0,2,1,2,0,2,1,2,0,2,1,2,0,2,
10,1,2,0,2,1,2,0,2,1,2,0,2,1,1,0,2,1,2,0,2,
10,1,2,1,2,1,2,1,2,1,2,0,2,1,2,1,2,1,2,0,3,
10,1,2,0,2,1,2,1,2,1,2,0,2,1,2,0,2,1,2,0,2,
10,1,2,0,2,1,2,0,2,1,2,0,2,1,2,0,2,1,2,0,3,
12,3,3,0,4,3,3,1,4,3,3,0,4,3,3,0,4,3,3,0,5,
10,1,2,0,2,1,2,1,2,1,2,0,2,1,2,1,2,1,2,0,3,
12,1,2,0,3,1,2,1,3,1,2,0,2,1,2,1,2,1,2,0,3,
10,1,2,1,2,1,2,1,3,1,2,0,2,1,2,1,2,1,2,0,3,
10,1,2,1,3,1,2,1,3,1,2,0,2,1,2,1,2,1,2,0,3,
13,1,2,1,2,1,2,1,3,1,2,0,2,1,2,1,2,1,2,0,3,
10,1,2,1,3,1,3,1,3,1,2,0,2,1,2,1,2,1,2,0,3,
10,1,2,1,3,1,2,1,3,1,2,0,3,1,2,1,2,1,2,0,3,
10,1,2,1,3,1,2,1,3,1,2,0,3,1,2,1,2,1,2,0,3,
10,1,2,1,3,1,2,1,3,1,2,0,3,1,2,1,2,1,2,0,3,
10,1,2,1,3,1,2,1,3,1,2,0,3,1,2,1,2,1,2,0,3,
10,1,2,1,3,1,2,1,3,1,2,0,3,1,2,1,2,1,2,0,3,
10,1,2,1,3,2,2,1,3,1,2,0,3,1,2,1,2,1,2,0,3,
10,2,2,1,3,2,2,1,3,1,2,0,3,2,2,1,2,1,2,0,3,
10,1,2,1,3,2,3,1,3,1,2,0,3,1,2,1,3,1,2,0,3,
10,1,2,1,3,1,3,1,3,1,2,0,3,1,2,1,2,1,2,0,3,
34,1,1,22,2,1,2,23,2,0,2,21,2,0,1,26,1,1,1,21,2,
10,1,2,0,2,1,2,0,2,1,2,0,2,1,1,0,2,1,1,0,2,
10,2,3,1,3,2,3,1,3,1,3,0,3,1,2,1,3,2,2,1,3,
10,1,2,1,3,2,3,1,3,1,3,0,3,1,2,1,3,2,2,1,3,
10,2,3,1,3,2,3,1,3,2,3,0,3,2,2,1,3,2,2,1,3,
10,1,2,0,2,1,2,0,2,1,2,0,2,1,1,0,2,1,2,0,2,
10,1,2,0,2,1,2,0,2,1,2,0,2,1,1,0,2,1,2,0,2,
11,3,4,1,4,3,4,1,5,3,4,0,4,3,4,1,4,3,4,0,5,
10,1,2,0,2,1,2,0,2,1,2,0,2,1,1,0,2,1,2,0,2,
10,1,2,0,2,1,2,0,2,1,2,0,2,1,1,0,2,1,2,0,2,
10,1,2,0,2,1,2,0,2,1,2,0,2,1,2,0,2,1,2,0,2,
10,1,2,0,2,1,2,1,2,1,2,0,2,1,2,0,2,1,2,0,3,
11,1,2,0,2,1,2,1,2,1,2,0,2,1,2,0,2,1,2,0,2,
10,1,2,0,2,1,2,1,2,1,2,0,2,1,2,1,2,1,2,0,3,
10,1,2,1,2,1,2,1,2,1,2,0,2,1,2,1,2,1,2,0,3,
12,1,2,1,3,1,2,1,3,1,2,0,2,1,2,1,2,1,2,0,3,
10,1,2,1,3,1,2,1,3,1,2,0,2,1,2,1,2,1,2,0,3,
10,1,2,1,2,1,2,1,3,1,2,0,2,1,2,1,2,1,2,0,3,
10,1,2,1,3,1,2,1,3,1,2,0,2,1,2,1,2,1,2,0,3,
11,1,2,1,3,1,2,1,3,1,2,0,2,1,2,1,2,1,2,0,3,
10,1,2,1,3,1,2,1,3,1,2,0,2,1,2,1,2,1,2,0,3,
10,1,2,1,3,1,2,1,3,1,2,0,2,1,2,1,2,1,2,0,3,
10,1,2,1,3,1,2,1,3,1,2,0,3,1,2,1,2,1,2,0,3,
10,1,2,1,3,2,2,1,3,1,2,0,3,1,2,1,2,1,2,0,3,
10,1,2,1,3,2,3,1,3,1,2,0,3,1,2,1,2,1,2,0,3,
10,1,2,1,3,1,2,1,3,1,2,0,3,1,2,1,2,1,2,0,3,
10,1,2,1,3,2,3,1,3,1,2,0,3,1,2,1,2,1,2,0,3,
10,1,2,1,3,2,3,1,3,1,3,0,3,1,2,1,2,1,2,0,3,
10,1,2,1,3,1,3,1,3,1,3,0,3,1,2,1,2,1,2,0,3,
10,1,2,1,3,1,3,1,3,1,3,0,3,1,2,1,2,1,2,0,3,
10,1,3,1,3,2,3,1,3,1,3,0,3,1,2,1,3,1,2,0,3,
10,0,2,0,2,1,2,0,2,0,2,0,2,0,1,0,2,1,1,0,2,
10,1,3,1,3,2,3,1,3,1,3,0,3,1,2,1,3,2,2,1,3,
10,1,2,2,2,1,2,2,2,1,2,2,2,0,1,2,2,1,1,2,2,
10,1,2,0,2,1,2,0,2,1,2,0,2,0,1,0,2,1,1,0,2,
10,1,2,0,2,1,2,0,2,1,2,0,2,1,1,0,2,1,1,0,2,
10,1,2,0,2,1,2,0,2,1,2,0,2,1,1,0,2,1,2,0,2,
10,1,2,0,2,1,2,0,2,1,2,0,2,1,1,0,2,1,2,0,2,
10,1,2,1,2,1,2,1,2,1,2,0,2,1,2,1,2,1,2,0,3,
10,1,2,0,2,1,2,0,2,1,2,0,2,1,2,0,2,1,2,0,3,
10,1,2,1,2,1,2,1,2,1,2,0,2,1,2,1,2,1,2,0,3,
12,1,2,1,3,1,2,1,3,1,2,0,2,1,2,1,2,1,2,0,3,
14,1,5,1,5,1,5,1,5,1,5,0,5,1,2,1,5,1,2,0,6,
13,1,5,1,2,1,5,1,2,1,5,0,2,1,5,1,2,1,5,0,3,
10,1,2,1,2,1,2,1,2,1,2,0,2,1,2,1,2,1,2,0,3,
10,1,2,1,3,1,2,1,3,1,2,0,2,1,2,1,2,1,2,0,3,
11,1,2,1,3,1,2,1,3,1,2,0,2,1,2,1,2,1,2,0,3,
11,1,2,1,3,1,2,1,3,1,2,0,2,1,2,1,2,1,2,0,3,
11,1,2,1,3,1,2,1,3,1,2,0,2,1,2,1,2,1,2,0,3,
10,1,2,1,3,1,2,1,3,1,2,0,2,1,2,1,2,1,2,0,3,
12,4,2,1,5,4,2,1,5,3,2,0,5,4,2,1,5,4,2,0,5,
10,1,2,1,3,2,2,1,3,1,2,0,3,1,2,1,2,2,2,0,3,
10,1,2,1,3,1,2,1,3,1,2,0,3,1,2,1,2,1,2,0,3,
10,1,2,1,3,2,3,1,3,1,2,0,3,1,2,1,2,2,2,0,3,
10,1,2,1,3,2,3,1,3,1,2,0,3,1,2,1,2,2,2,0,3,
10,1,2,1,3,2,3,1,3,1,2,0,3,1,2,1,2,2,2,0,3,
10,1,2,1,3,1,3,1,3,1,2,0,3,1,2,1,2,1,2,0,3,
10,1,2,1,3,2,3,1,3,1,3,0,3,1,2,1,2,2,2,0,3,
10,1,2,1,3,2,3,1,3,1,3,0,3,1,2,1,2,2,2,0,3,
10,1,2,1,3,1,3,1,3,1,3,0,3,1,2,1,2,1,2,0,3,
10,1,3,1,3,2,3,1,3,1,3,0,3,1,3,1,3,2,2,1,3,
10,0,2,0,2,0,2,0,2,0,2,0,2,0,2,0,1,1,1,0,2,
10,1,2,0,2,1,2,0,2,0,2,0,2,1,2,0,2,1,1,0,2,
10,1,2,0,2,1,2,0,2,0,2,0,2,1,2,0,2,1,1,0,2,
10,1,2,0,2,1,2,0,2,0,2,0,2,1,2,0,2,1,2,0,2,
10,1,2,0,2,1,2,0,2,1,2,0,2,1,2,0,2,1,2,0,2,
10,1,2,0,2,1,2,0,2,1,2,0,2,1,2,0,2,1,2,0,2,
10,1,2,0,2,1,2,0,2,1,2,0,2,1,2,0,2,1,2,0,2,
13,3,3,3,5,3,3,3,5,3,3,0,4,3,3,3,4,3,3,0,5,
13,1,5,0,3,1,5,1,3,1,5,0,2,1,5,1,2,1,5,0,3,
11,1,2,1,3,1,2,1,3,1,2,0,2,1,2,1,2,1,2,0,3,
12,1,4,1,2,1,4,1,2,1,4,0,2,1,4,1,2,1,4,0,3,
10,1,2,1,2,1,2,1,2,1,2,0,2,1,2,1,2,1,2,0,3,
10,1,2,1,2,1,2,1,2,1,2,0,2,1,2,1,2,1,2,0,3,
10,1,2,1,2,1,2,1,2,1,2,0,2,1,2,1,2,1,2,0,3,
10,1,2,1,2,1,2,1,2,1,2,0,2,1,2,1,2,1,2,0,3,
13,1,2,1,5,4,2,1,5,1,2,0,5,1,2,1,4,4,2,0,5,
10,1,2,1,3,1,2,1,3,1,2,0,2,1,2,1,2,1,2,0,3,
11,1,2,1,3,1,2,1,3,1,2,0,2,1,2,1,2,1,2,0,3,
10,1,2,1,3,1,2,1,3,1,2,0,2,1,2,1,2,1,2,0,3,
10,1,2,1,3,1,2,1,3,1,2,0,2,1,2,1,2,1,2,0,3,
10,1,2,1,3,1,2,1,3,1,2,0,2,1,2,1,2,1,2,0,3,
10,1,2,1,3,1,3,2,3,1,2,0,3,1,2,1,2,1,2,1,3,
11,0,2,0,2,0,2,1,2,0,2,0,2,0,1,0,2,0,1,0,2,
11,2,3,1,4,2,3,1,4,2,3,0,3,2,3,1,3,2,3,0,4,
10,1,3,1,3,2,3,1,3,1,3,0,3,1,2,1,2,2,2,0,3,
10,1,2,1,3,2,3,1,3,1,3,0,3,1,2,1,2,2,2,0,3,
10,1,2,1,3,2,3,1,3,1,3,0,3,1,2,1,2,1,2,0,3,
10,0,2,0,2,1,2,0,2,0,2,0,2,0,1,0,2,1,2,0,2,
10,1,2,0,2,1,2,0,2,1,2,0,2,1,2,0,2,1,2,0,2,
10,1,2,0,2,1,2,0,2,1,2,0,2,1,1,0,2,1,2,0,2,
10,1,2,0,2,1,2,0,2,1,2,0,2,1,1,0,2,1,1,0,2,
10,1,2,0,2,1,2,0,2,0,2,0,2,1,1,0,2,1,1,0,2,
10,1,2,0,2,1,2,0,2,0,2,0,2,0,1,0,2,1,1,0,2,
12,3,3,3,5,3,3,3,5,3,3,0,4,3,3,3,4,3,3,0,5,
12,1,5,0,2,1,5,0,2,1,5,0,2,1,4,0,2,1,4,0,2,
10,1,2,0,2,1,2,0,2,1,2,0,2,1,2,0,2,1,2,0,2,
10,1,2,0,2,1,2,0,2,1,2,0,2,1,2,0,2,1,2,0,2,
10,1,2,0,2,1,2,0,2,1,2,0,2,1,2,0,2,1,2,0,3,
10,1,2,0,2,1,2,1,2,1,2,0,2,1,2,0,2,1,2,0,2,
10,1,2,0,2,1,2,1,2,1,2,0,2,1,2,0,2,1,2,0,3,
11,1,2,1,3,1,2,1,3,1,2,0,2,1,2,1,2,1,2,0,3,
13,3,3,1,5,3,4,1,4,3,3,0,4,3,3,1,3,3,3,0,5,
11,1,2,1,3,1,2,1,3,1,2,0,2,1,2,1,2,1,2,0,3,
10,1,2,1,3,1,2,1,3,1,2,0,2,1,2,1,2,1,2,0,3,
10,1,2,1,3,1,2,1,3,1,2,0,2,1,2,1,2,1,2,0,3,
11,1,2,1,3,1,2,1,3,1,2,0,2,1,2,1,2,1,2,0,3,
10,1,2,1,3,1,3,1,3,1,3,0,2,1,2,1,2,1,2,0,3,
10,1,3,1,3,1,3,1,3,1,3,0,3,1,2,1,2,1,2,0,3,
10,1,2,1,3,1,3,1,3,1,2,0,3,1,2,1,2,1,2,0,3,
10,1,2,0,3,1,2,1,2,1,2,0,2,1,2,1,2,1,2,0,3,
10,1,2,1,3,2,3,1,3,1,2,0,2,1,2,1,2,1,2,0,3,
10,1,3,1,3,1,3,1,3,1,3,0,3,1,2,1,2,1,2,0,3,
10,1,3,1,3,2,3,1,3,1,3,0,3,1,2,1,2,1,2,0,3,
10,1,3,1,3,1,3,1,3,1,3,0,3,1,2,1,2,1,2,0,3,
10,1,3,1,3,1,3,1,3,1,3,0,3,1,2,1,2,1,2,0,3,
10,1,3,1,3,2,3,1,3,1,3,0,3,1,2,1,2,1,2,0,3,
10,1,3,1,3,2,3,1,3,1,3,0,3,1,2,1,2,1,2,0,3,
10,1,3,1,3,2,3,1,3,1,3,0,3,1,2,1,3,1,2,0,3,
10,1,3,1,3,2,3,1,3,1,3,0,3,1,2,1,3,1,2,1,3,
15,3,3,3,7,3,3,3,7,3,3,0,4,3,3,3,4,3,3,0,7,
14,1,5,0,3,1,5,0,3,1,5,0,2,1,5,0,2,1,5,0,3,
11,1,2,0,3,1,3,1,3,1,3,0,2,1,2,0,2,1,2,0,3,
10,1,2,0,2,1,2,0,2,0,2,0,2,1,2,0,2,1,2,0,2,
10,1,2,0,2,1,2,0,2,0,2,0,2,1,2,0,2,1,2,0,2,
10,1,2,0,2,1,2,0,2,0,2,0,2,1,2,0,2,1,2,0,2,
10,1,2,0,2,1,2,0,2,1,2,0,2,1,2,0,2,1,2,0,2,
10,1,2,0,2,1,2,0,2,1,2,0,2,1,2,0,2,1,2,0,2,
13,1,2,0,5,4,2,1,5,1,2,0,4,1,2,0,4,4,2,0,5,
10,1,2,0,2,1,2,1,2,1,2,0,2,1,2,0,2,1,2,0,2,
10,1,2,1,3,1,2,1,2,1,2,0,2,1,2,0,2,1,2,0,2,
10,1,2,0,2,1,2,1,2,1,2,0,2,1,2,1,2,1,2,0,2,
10,1,2,1,3,1,2,1,2,1,2,0,2,1,2,1,2,1,2,0,3,
10,1,2,1,3,1,2,1,2,1,2,0,2,1,2,1,2,1,2,0,3,
10,1,2,1,3,1,2,1,2,1,2,0,2,1,2,1,2,1,2,0,3,
10,1,2,1,3,1,2,1,3,1,2,0,2,1,2,1,2,1,2,0,3,
10,1,2,1,3,1,3,1,3,1,2,0,2,1,2,1,2,1,2,0,3,
10,1,2,1,3,1,3,1,3,1,2,0,2,1,2,1,2,1,2,0,3,
9,1,2,1,3,1,3,1,3,1,2,0,2,1,2,1,2,1,2,0,3,
10,1,3,1,3,1,3,1,3,1,3,0,3,1,2,1,2,1,3,0,3,
11,1,2,0,2,1,2,0,2,0,2,0,2,1,2,0,2,1,2,0,2,
10,0,2,0,2,0,2,0,2,0,2,0,2,0,1,0,1,0,2,0,2,
10,1,2,1,3,1,3,1,3,1,3,0,3,1,2,1,2,1,2,0,3,
12,1,2,1,3,1,3,1,3,1,3,0,3,1,2,1,2,1,2,0,3,
10,1,2,1,3,1,3,1,3,1,3,0,3,1,2,1,2,1,2,0,3,
10,1,2,1,3,1,3,1,3,1,3,0,3,1,2,1,2,1,2,0,3,
12,3,3,3,5,3,3,3,5,3,3,0,4,3,3,3,4,3,3,0,5,
13,0,5,0,2,0,5,0,2,0,5,0,2,0,4,0,2,0,5,0,2,
10,0,2,0,2,0,2,0,2,0,2,0,2,0,1,0,2,0,1,0,2,
10,0,2,0,2,1,2,0,2,0,2,0,2,0,1,0,2,1,2,0,2,
10,1,2,0,2,1,2,0,2,0,2,0,2,1,1,0,2,1,2,0,2,
10,1,2,0,2,1,2,0,2,0,2,0,2,0,1,0,2,1,2,0,2,
10,1,2,0,2,1,2,0,2,0,2,0,2,1,2,0,2,1,2,0,2,
10,1,2,0,2,1,2,0,2,0,2,0,2,1,2,0,2,1,2,0,2,
12,1,2,0,5,3,2,0,4,1,2,0,4,3,1,0,4,1,2,0,5,
10,1,2,0,2,1,2,0,2,1,2,0,2,1,2,0,2,1,2,0,2,
10,1,2,0,2,1,2,1,2,1,2,0,2,1,2,0,2,1,2,0,2,
10,1,2,0,2,1,2,0,2,1,2,0,2,1,2,0,2,1,2,0,2,
10,1,2,1,2,1,2,1,2,1,2,0,2,1,2,1,2,1,2,0,3,
11,0,1,1,2,1,1,0,2,0,1,0,1,0,1,0,1,1,1,0,2,
10,1,2,1,3,1,2,1,2,1,2,0,2,1,2,1,2,1,2,0,3,
10,1,2,1,3,1,2,1,2,1,2,0,2,1,2,1,2,1,2,0,3,
10,1,2,1,3,1,2,1,3,1,2,0,2,1,2,1,2,1,2,0,3,
10,1,2,1,3,1,2,1,3,1,2,0,2,1,2,1,2,1,2,0,3,
10,1,2,1,3,1,2,1,3,1,2,0,2,1,2,1,2,1,2,0,3,
10,1,2,1,3,1,2,1,3,1,2,0,2,1,2,1,2,1,2,0,3,
11,1,3,1,3,2,3,1,3,1,3,0,3,2,2,1,2,1,3,0,3,
10,1,3,1,3,1,3,1,3,1,3,0,3,1,2,1,2,1,2,0,3,
10,1,3,1,3,1,3,1,3,1,3,0,3,1,2,1,2,1,2,0,3,
10,1,3,1,3,1,3,1,3,1,3,0,3,1,2,1,2,1,3,0,3,
10,1,3,1,3,1,3,1,3,1,3,0,3,1,2,1,2,1,3,0,3,
10,1,3,1,3,1,3,1,3,1,3,0,3,1,2,1,2,1,2,0,3,
11,1,2,0,2,1,2,0,2,1,2,0,2,1,2,0,2,1,2,0,2,
13,1,3,1,3,1,3,1,3,1,3,0,3,1,2,1,2,1,2,0,3,
10,1,3,1,3,2,3,1,3,1,3,0,3,1,2,1,2,1,2,0,3,
10,1,3,1,3,1,3,1,3,1,3,0,3,1,2,1,2,1,3,0,3,
12,1,2,1,3,2,2,1,3,1,2,0,2,1,2,1,2,1,2,0,3,
10,1,3,1,3,2,3,1,3,1,3,0,3,1,2,1,3,1,2,1,3,
10,0,2,0,2,1,2,0,2,0,2,0,2,0,1,0,2,1,1,0,2,
12,1,2,0,2,1,2,0,2,0,2,0,2,1,1,0,2,1,2,0,2,
10,1,2,0,2,1,2,0,2,0,2,0,2,1,2,0,2,1,2,0,2,
10,1,2,0,2,1,2,0,2,1,2,0,2,1,2,0,2,1,2,0,2,
10,1,2,0,2,1,2,0,2,1,2,0,2,1,2,0,2,1,2,0,2,
10,1,2,0,2,2,2,0,2,1,2,0,2,1,2,0,2,1,2,0,2,
10,1,2,0,2,1,2,0,2,1,2,0,2,1,2,0,2,1,2,0,2,
10,1,2,0,2,1,2,1,2,1,2,0,2,1,2,0,2,1,2,0,2,
10,1,2,0,2,1,2,1,2,1,2,0,2,1,2,0,2,1,2,0,2,
10,1,2,0,2,1,2,1,2,1,2,0,2,1,2,0,2,1,2,0,2,
10,1,2,0,2,1,2,1,2,1,2,0,2,1,2,1,2,1,2,0,3,
10,1,2,0,2,1,2,1,2,1,2,0,2,1,2,1,2,1,2,0,2,
10,1,2,0,2,1,2,1,2,1,2,0,2,1,2,1,2,1,2,0,3,
10,1,2,1,3,1,2,1,3,1,2,0,2,1,2,1,2,1,2,0,3,
10,1,2,1,3,1,2,1,3,1,2,0,2,1,2,1,2,1,2,0,3,
10,1,2,1,3,1,2,1,3,1,2,0,3,1,2,1,2,1,2,0,3,
10,1,2,1,3,1,2,1,3,1,2,0,2,1,2,1,2,1,2,0,3,
10,1,2,1,3,1,2,1,3,1,2,0,2,1,2,1,2,1,2,0,3,
10,1,2,1,3,2,2,1,3,1,2,0,2,1,2,1,2,1,2,0,3,
9,1,2,1,3,1,2,1,3,1,2,0,3,1,2,1,2,1,2,0,3,
10,1,2,1,3,2,2,1,3,1,2,0,3,1,2,1,2,1,2,0,3,
10,1,2,1,3,2,3,1,3,1,3,0,3,1,2,1,2,1,2,0,3,
10,1,3,1,3,2,3,1,3,1,3,0,3,1,2,1,2,1,2,1,3,
10,1,2,1,3,2,3,1,3,1,3,0,3,1,2,1,2,1,2,0,3,
11,1,3,1,3,2,3,1,3,1,3,0,3,1,2,1,3,2,2,1,3,
13,1,5,1,6,2,5,1,6,1,5,0,6,1,2,1,2,1,2,0,6,
10,1,3,1,3,2,3,1,3,1,3,0,3,1,2,1,2,1,2,0,3,
10,1,3,1,3,1,3,1,3,1,3,0,3,1,2,1,3,1,2,0,3,
10,1,3,1,3,1,3,1,3,1,3,0,3,1,2,1,2,1,2,1,3,
12,1,4,0,2,1,4,0,2,0,4,0,2,1,3,0,2,1,4,0,2,
10,0,2,0,2,1,2,0,2,0,2,0,2,0,1,0,2,1,2,0,2,
10,1,2,0,2,1,2,0,2,0,2,0,2,1,1,0,2,1,2,0,2,
10,1,2,0,2,1,2,0,2,0,2,0,2,1,1,0,2,1,2,0,2,
12,1,2,0,2,1,2,0,2,0,2,0,2,1,1,0,2,1,2,0,2,
10,1,2,0,2,1,2,0,2,1,2,0,2,1,2,0,2,1,2,0,2,
10,1,2,0,2,1,2,0,2,1,2,0,2,1,1,0,2,1,2,0,2,
10,1,2,0,2,1,2,1,2,1,2,0,2,1,2,1,2,1,2,0,2,
10,1,2,0,2,1,2,1,2,1,2,0,2,1,2,1,2,1,2,0,2,
10,1,2,0,2,1,2,1,2,1,2,0,2,1,2,1,2,1,2,0,3,
10,1,2,0,2,1,2,1,2,1,2,0,2,1,2,0,2,1,2,0,3,
10,1,2,1,3,1,2,1,3,1,2,0,2,1,2,1,2,1,2,0,3,
11,1,2,0,2,1,2,1,3,1,2,0,2,1,2,1,2,1,2,0,3,
10,1,2,1,3,1,2,1,3,1,2,0,2,1,2,1,2,1,2,0,3,
10,1,2,1,3,1,2,1,3,1,2,0,2,1,2,1,2,1,2,0,3,
10,1,2,1,3,1,2,1,3,1,2,0,2,1,2,1,2,1,2,0,3,
10,1,2,1,3,1,2,1,3,1,2,0,2,1,2,1,2,1,2,0,3,
11,1,2,1,3,1,3,1,3,1,2,0,3,1,2,1,2,1,2,0,3,
10,1,2,1,3,1,2,1,3,1,2,0,3,1,2,1,2,1,2,0,3,
10,1,2,1,3,1,2,1,3,1,2,0,2,1,2,1,2,1,2,0,3,
10,1,2,1,3,2,3,1,3,1,2,0,2,1,2,1,2,1,2,0,3,
10,1,2,1,3,1,3,1,3,1,2,0,3,1,2,1,2,1,2,0,3,
12,1,5,1,6,2,5,1,6,1,5,0,6,1,2,1,2,1,2,0,6,
10,1,2,1,3,2,3,1,3,1,3,0,3,1,2,1,2,1,2,0,3,
10,1,2,1,3,2,3,1,3,1,3,0,3,1,2,1,2,1,2,0,3,
10,1,2,1,3,2,3,1,3,1,3,0,3,1,2,1,2,1,2,0,3,
10,1,3,1,3,2,3,1,3,1,3,0,3,1,2,1,2,1,2,0,3,
10,1,3,1,3,2,3,1,3,1,3,0,3,1,2,1,2,1,2,0,3,
10,1,3,1,3,2,3,1,3,1,3,0,3,1,2,1,2,1,2,0,3,
10,1,2,0,2,1,2,0,2,0,2,0,2,1,1,0,2,1,2,0,2,
12,1,2,0,2,1,2,0,2,0,2,0,2,0,1,0,2,1,2,0,2,
10,1,2,0,2,1,2,0,2,0,2,0,2,1,1,0,2,1,2,0,2,
10,1,2,0,2,1,2,0,2,1,2,0,2,1,1,0,2,1,2,0,2,
10,1,2,0,2,1,2,0,2,0,2,0,2,1,1,0,2,1,2,0,2,
10,1,2,0,2,1,2,0,2,1,2,0,2,1,2,0,2,1,2,0,2,
10,1,2,0,2,1,2,0,2,1,2,0,2,1,2,0,2,1,2,0,3,
10,1,2,0,2,1,2,1,2,1,2,0,2,1,2,1,2,1,2,0,2,
10,1,2,0,2,1,2,1,2,1,2,0,2,1,2,1,2,1,2,0,3,
10,1,2,0,2,1,2,1,2,1,2,0,2,1,2,1,2,1,2,0,3,
11,1,2,0,2,1,2,0,2,1,2,0,2,1,1,0,2,1,2,0,2,
10,1,2,0,2,1,2,1,2,1,2,0,2,1,2,1,2,1,2,0,3,
10,1,2,1,3,1,2,1,3,1,2,0,2,1,2,1,2,1,2,0,3,
10,1,2,1,3,1,2,1,3,1,2,0,2,1,2,1,2,1,2,0,3,
10,1,2,1,3,1,2,1,3,1,2,0,2,1,2,1,2,1,2,0,3,
11,1,2,1,3,2,3,1,3,1,2,0,3,1,2,1,2,1,2,0,3,
10,1,2,1,3,1,2,1,3,1,2,0,2,1,2,1,2,1,2,0,3,
10,1,2,1,3,1,2,1,3,1,2,0,2,1,2,1,2,1,2,0,3,
11,1,2,1,3,1,2,1,3,1,2,0,2,1,2,1,2,1,2,0,3,
13,1,6,1,6,2,5,1,6,1,6,0,6,1,2,1,6,1,5,0,6,
10,1,2,1,3,1,2,1,3,1,2,0,3,1,2,1,2,1,2,0,3,
31,0,2,1,2,0,2,1,2,0,2,0,2,0,1,1,1,0,1,0,2,
10,1,2,1,3,2,3,1,3,1,2,0,3,1,2,1,2,1,2,0,3,
9,1,2,1,3,1,3,1,3,1,3,0,3,1,2,1,2,1,2,0,3,
10,1,2,1,3,1,3,1,3,1,3,0,3,1,2,1,2,1,2,0,3,
10,1,3,1,3,2,3,1,3,1,3,0,3,1,2,1,2,1,3,0,3,
10,0,2,0,2,1,2,0,2,0,2,0,2,0,1,0,2,0,2,0,2,
12,1,2,0,2,1,2,0,2,0,2,0,2,1,1,0,2,1,2,0,2,
10,1,2,0,2,1,2,1,2,1,2,0,2,1,2,0,2,1,2,0,2,
10,1,2,0,2,1,2,1,2,1,2,0,2,1,2,0,2,1,2,0,2,
10,1,2,0,2,1,2,0,2,0,2,0,2,1,1,0,2,1,2,0,2,
10,1,2,0,2,1,2,0,2,0,2,0,2,1,1,0,2,1,2,0,2,
10,1,2,0,2,1,2,0,2,0,2,0,2,1,1,0,2,1,2,0,2,
10,1,2,0,2,1,2,0,2,1,2,0,2,1,1,0,2,1,2,0,2,
10,1,2,0,2,1,2,0,2,1,2,0,2,1,1,0,2,1,2,0,2,
10,1,2,0,2,1,2,0,2,0,2,0,2,1,1,0,2,1,2,0,2,
10,1,2,0,2,1,2,0,2,1,2,0,2,1,2,0,2,1,2,0,2,
10,1,2,0,2,1,2,0,2,1,2,0,2,1,2,0,2,1,2,0,2,
10,1,2,0,2,1,2,0,2,1,2,0,2,1,1,0,2,1,2,0,3,
10,1,2,1,2,1,2,1,2,1,2,0,2,1,2,1,2,1,2,0,3,
11,1,2,0,2,1,2,1,2,1,2,0,2,1,2,1,2,1,2,0,2,
10,1,2,0,2,1,2,1,2,1,2,0,2,1,2,1,2,1,2,0,3,
10,1,2,0,2,1,2,1,3,1,2,0,2,1,2,1,2,1,2,0,3,
12,1,2,1,3,1,2,1,3,1,2,0,2,1,2,1,2,1,2,0,3,
11,1,2,1,3,1,2,1,3,1,2,0,2,1,2,1,2,1,2,0,3,
13,1,2,1,6,1,5,1,6,1,5,0,5,1,2,1,2,1,2,0,6,
10,1,2,1,3,1,2,1,3,1,2,0,2,1,2,1,2,1,2,0,3,
10,1,2,1,3,1,2,1,3,1,2,0,2,1,2,1,2,1,2,0,3,
10,1,2,1,3,1,2,1,3,1,2,0,2,1,2,1,2,1,2,0,3,
9,1,2,1,3,2,2,1,3,1,2,0,2,1,2,1,2,1,2,0,3,
9,1,2,1,3,2,3,1,3,1,3,0,2,1,2,1,2,1,2,0,3,
9,1,2,1,3,2,2,1,3,1,2,0,2,1,2,1,2,1,2,0,3,
10,1,2,1,3,2,3,1,3,1,3,0,3,1,2,1,2,1,2,0,3,
12,1,2,1,3,1,3,1,3,1,3,0,3,1,2,1,2,1,2,0,3,
10,1,2,1,3,2,3,1,3,1,3,0,3,1,2,1,2,1,2,0,3,
10,1,2,1,3,2,3,1,3,1,3,0,3,1,2,1,2,1,2,0,3,
10,1,3,1,3,2,3,1,3,1,3,0,3,1,2,1,2,1,2,0,3,
10,1,3,1,3,1,3,1,3,1,3,0,3,1,2,1,2,1,2,0,3,
10,1,2,1,2,1,2,1,2,1,2,0,2,1,1,1,2,1,2,0,3,
10,0,1,1,2,0,1,1,2,0,1,0,1,0,1,0,1,0,1,0,2,
10,1,2,0,2,1,2,1,2,1,2,0,2,1,1,0,2,1,2,0,2,
10,1,2,1,2,1,2,1,2,1,2,0,2,1,2,1,2,1,2,0,3,
10,1,2,0,2,1,2,0,2,0,2,0,2,1,1,0,2,1,2,0,2,
10,1,2,0,2,1,2,0,2,1,2,0,2,1,1,0,2,1,2,0,2,
10,1,2,0,2,1,2,0,2,1,2,0,2,1,1,0,2,1,2,0,2,
10,1,2,0,3,1,2,1,2,1,2,0,2,1,2,0,2,1,2,0,3,
10,1,2,0,2,1,2,1,2,1,2,0,2,1,2,1,2,1,2,0,3,
10,1,2,0,2,1,2,1,2,1,2,0,2,1,2,1,2,1,2,0,3,
10,1,2,0,3,1,2,1,3,1,2,0,2,1,2,1,2,1,2,0,3,
10,1,2,1,2,1,2,1,3,1,2,0,2,1,2,1,2,1,2,0,3,
11,1,2,1,2,1,2,1,3,1,2,0,2,1,2,0,2,1,2,0,3,
13,1,2,0,6,1,5,1,6,1,5,0,5,1,2,1,2,1,2,0,6,
10,1,2,0,3,1,2,1,3,1,2,0,2,1,2,1,2,1,2,0,3,
10,1,2,1,3,1,2,1,3,1,2,0,2,1,2,1,2,1,2,0,3,
10,1,2,1,3,1,2,1,3,1,2,0,2,1,2,1,2,1,2,0,3,
10,1,2,1,3,1,2,1,3,1,2,0,2,1,2,1,2,1,2,0,3,
10,1,2,1,3,1,2,1,3,1,2,0,2,1,2,1,2,1,2,0,3,
11,2,2,1,3,2,3,1,3,1,3,0,3,1,2,1,2,2,2,0,3,
10,1,2,1,3,1,3,1,3,1,2,0,2,1,2,1,2,2,2,0,3,
12,1,2,1,3,1,2,1,3,1,2,0,3,1,2,1,2,1,2,0,3,
10,1,2,1,3,1,3,1,3,1,2,0,2,1,2,1,2,1,2,0,3,
10,1,2,1,3,1,3,1,3,1,2,0,2,1,2,1,2,2,2,0,3,
10,2,3,0,3,2,3,1,3,1,3,0,3,2,2,0,3,2,3,0,3,
10,1,2,1,3,1,3,1,3,1,3,0,3,1,2,1,2,2,2,0,3,
10,1,3,1,3,2,3,1,3,1,3,0,3,1,2,1,2,2,2,0,3,
10,1,3,1,3,2,3,1,3,1,3,0,3,1,2,1,2,1,2,0,3,
10,1,3,1,3,1,3,1,3,1,3,0,3,1,2,1,3,1,2,0,3,
10,1,3,1,3,2,3,1,3,1,3,0,3,1,2,1,3,1,2,1,3,
10,1,3,1,3,2,3,1,3,1,3,0,3,1,2,1,3,1,3,1,3,
10,1,3,1,3,2,3,1,3,1,3,0,3,1,2,1,3,2,3,1,3,
30,1,2,0,2,1,2,0,2,0,2,0,2,1,1,0,22,1,2,0,2,
10,1,2,0,2,1,2,0,2,0,2,0,2,1,1,0,2,1,2,0,3,
10,1,2,0,2,1,2,0,2,0,2,0,2,1,1,0,2,1,2,0,2,
10,1,2,0,2,1,2,0,2,1,2,0,2,1,2,0,2,1,2,0,2,
10,1,2,0,2,1,2,0,2,1,2,0,2,1,2,0,2,1,2,0,2,
10,1,2,0,2,1,2,1,2,1,2,0,2,1,2,0,2,1,2,0,2,
10,1,2,1,2,1,2,1,3,1,2,0,2,1,2,0,2,1,2,0,3,
13,1,5,1,5,1,5,1,5,1,5,0,5,1,2,1,2,1,2,0,5,
10,1,2,0,3,1,2,1,3,1,2,0,2,1,2,1,2,1,2,0,3,
10,1,2,1,3,1,2,1,3,1,2,0,2,1,2,1,2,1,2,0,3,
10,1,2,1,3,1,2,1,3,1,2,0,2,1,2,1,2,1,2,0,3,
10,1,2,0,3,1,3,1,3,1,2,0,2,1,2,1,2,1,2,0,3,
10,1,2,1,3,1,2,1,3,1,2,0,2,1,2,1,2,1,2,0,3,
10,1,2,1,3,1,3,1,3,1,3,1,2,1,2,1,2,1,2,0,3,
10,1,2,1,3,1,2,1,3,1,2,0,2,1,2,1,2,1,2,0,3,
32,1,2,1,3,1,2,21,3,1,2,0,2,1,2,1,2,24,2,0,3,
11,1,2,0,2,1,2,1,2,0,2,0,2,1,1,0,2,1,2,0,2,
10,1,2,1,3,1,2,1,3,1,2,0,2,1,2,1,2,1,2,0,3,
10,0,1,2,2,0,2,2,2,0,1,1,1,0,1,2,1,0,1,1,2,
10,1,3,1,3,1,3,1,3,1,3,0,3,1,2,1,2,1,2,0,3,
10,1,3,1,3,1,3,1,3,1,3,0,3,1,2,1,2,1,2,0,3,
10,1,3,1,3,1,3,1,3,1,3,0,3,1,2,1,2,1,2,0,3,
29,1,2,1,3,1,3,1,3,1,2,0,3,1,2,1,2,1,22,0,3,
10,1,2,0,2,1,2,0,2,0,2,0,2,1,2,0,2,1,2,0,2,
10,1,3,1,3,2,3,1,3,1,3,0,3,1,3,1,2,2,2,0,3,
10,1,3,1,3,1,3,1,3,1,3,0,3,1,3,1,2,1,2,0,3,
10,2,3,1,3,1,3,1,3,1,3,0,3,1,3,1,3,1,2,0,3,
10,2,3,1,3,2,3,1,3,1,3,0,3,1,3,1,3,1,3,1,3,
10,1,2,1,3,1,2,1,3,1,2,0,2,1,2,1,2,1,2,0,3,
10,1,2,0,2,1,2,0,2,0,2,0,2,1,1,0,2,1,2,0,2,
19,1,2,1,3,1,3,1,3,1,2,0,2,1,2,1,2,1,2,0,3,
30,1,23,1,3,1,2,1,3,1,2,0,2,1,2,1,2,1,2,0,3,
10,1,3,1,3,1,3,1,3,1,3,0,2,1,2,0,2,1,2,0,3,
28,1,2,20,2,1,2,1,2,1,2,0,2,1,1,0,2,1,2,0,2,
10,1,2,1,3,1,2,1,3,1,2,0,2,1,2,1,2,1,2,0,3,
10,1,2,0,2,1,2,1,2,1,2,0,2,1,2,0,2,1,2,0,3,
10,1,2,0,3,1,2,1,3,1,2,0,2,1,2,0,2,1,2,0,3,
10,1,2,0,2,1,2,1,2,1,2,0,2,1,2,0,2,1,2,0,3,
12,3,3,4,5,4,3,3,5,3,4,0,5,3,4,4,4,4,3,0,5,
13,1,5,1,2,1,5,1,2,1,5,0,2,1,4,1,2,1,5,0,3,
30,1,2,1,3,22,2,1,3,1,2,0,2,1,2,1,2,1,2,0,3,
11,1,2,1,3,1,3,1,3,1,2,0,3,1,2,1,2,1,2,0,3,
10,1,2,1,3,1,3,1,3,1,2,0,2,1,2,1,2,1,2,0,3,
10,1,2,1,3,1,3,1,3,1,2,0,2,1,2,1,2,1,2,0,3,
27,1,2,1,3,1,3,1,3,1,2,20,3,1,2,1,2,1,2,0,3,
11,0,2,1,2,0,2,1,2,0,2,0,2,0,1,1,2,0,1,0,2,
12,4,5,1,5,4,5,1,5,3,5,0,5,4,4,1,4,4,4,0,5,
11,1,3,1,3,1,3,1,3,1,3,0,3,1,2,1,2,1,2,0,3,
10,1,3,1,3,2,3,1,3,1,3,0,3,1,2,1,2,1,2,0,3,
34,1,3,1,3,1,27,1,3,1,3,0,3,1,2,1,2,1,2,0,3,
11,1,3,1,3,2,3,1,3,1,3,0,3,1,3,1,3,2,3,1,3,
10,0,1,0,2,0,1,0,2,0,1,0,2,0,1,0,1,0,1,0,2,
10,1,2,1,3,1,3,1,3,1,2,0,3,1,2,1,2,1,2,0,3,
10,1,2,1,3,1,3,1,3,1,2,0,3,1,2,1,2,1,2,0,3,
28,21,2,1,3,1,3,1,3,1,3,0,3,2,3,1,3,1,2,0,3,
10,2,3,1,3,2,3,1,3,2,3,0,3,2,3,1,3,2,2,1,3,
10,1,3,1,3,2,3,1,3,1,3,0,3,1,3,1,3,1,2,1,3,
10,1,2,0,2,1,2,0,2,0,2,0,2,1,2,0,2,1,1,0,2,
10,1,2,0,2,1,2,0,2,1,2,0,2,1,2,0,2,1,1,0,2,
10,1,2,0,2,1,2,1,2,1,2,0,2,1,2,0,2,1,1,0,2,
10,1,2,0,2,1,2,0,2,1,2,0,2,1,2,0,2,1,1,0,2,
10,1,2,0,2,1,2,0,2,1,2,0,2,0,2,0,2,1,1,0,2,
10,1,2,0,2,1,2,0,2,1,2,0,2,1,2,0,2,1,2,0,2,
10,1,2,0,2,1,2,1,2,1,2,0,2,1,2,0,2,1,2,0,2,
13,1,2,0,5,1,5,1,5,1,2,0,5,1,2,0,2,1,2,0,5,
10,1,2,0,2,1,2,1,2,1,2,0,2,1,2,0,2,1,2,0,2,
10,1,2,0,2,1,2,1,2,1,2,0,2,1,2,0,2,1,2,0,2,
10,1,2,0,2,1,2,1,2,1,2,0,2,1,2,0,2,1,2,0,2,
10,1,2,1,2,1,2,1,3,1,2,0,2,1,2,1,2,1,2,0,3,
10,1,2,1,2,1,2,1,3,1,2,0,2,1,2,1,2,1,2,0,3,
10,1,2,1,3,1,2,1,3,1,2,0,2,1,2,1,2,1,2,0,3,
10,1,2,1,3,1,2,1,3,1,2,0,2,1,2,1,2,1,2,0,3,
10,1,2,1,3,1,2,1,3,1,2,0,2,1,2,1,2,1,2,0,3,
10,1,2,1,3,1,2,1,3,1,2,0,2,1,2,1,2,1,2,0,3,
10,1,2,1,3,1,2,1,3,1,2,0,2,1,2,1,2,1,2,0,3,
10,1,2,1,3,1,2,1,3,1,2,0,2,1,2,1,2,1,2,0,3,
10,1,2,1,3,1,2,1,3,1,2,0,2,1,2,1,2,1,2,0,3,
9,1,2,1,3,2,2,1,3,1,2,0,3,1,2,1,2,1,2,0,3,
9,1,2,1,3,2,2,1,3,1,2,0,2,1,2,1,2,1,2,0,3,
10,1,2,1,3,2,2,1,3,1,2,0,3,1,2,1,2,1,2,0,3,
10,1,2,1,3,1,3,1,3,1,2,0,3,1,2,1,2,1,2,0,3,
10,1,2,1,3,2,3,1,3,1,2,0,3,1,2,1,2,1,2,0,3,
10,1,2,1,3,1,3,1,3,1,2,0,3,1,2,1,2,1,2,0,3,
10,1,2,1,3,2,3,1,3,1,2,0,3,1,2,1,3,1,2,1,3,
10,1,2,1,3,1,3,1,3,1,3,0,3,1,2,1,3,2,2,1,3,
10,2,3,1,3,2,3,1,3,1,3,0,3,1,2,1,3,2,2,1,3,
10,1,2,0,2,1,2,0,2,0,2,0,2,1,1,0,2,1,1,0,2,
10,1,2,0,2,1,2,0,2,0,2,0,2,1,1,0,2,1,1,0,2,
10,1,2,0,2,1,2,0,2,1,2,0,2,1,1,0,2,1,1,0,2,
12,2,3,0,3,2,3,0,4,2,3,0,3,2,3,0,3,2,3,0,4,
13,1,5,0,5,1,5,1,5,1,5,0,5,1,2,0,5,1,2,0,5,
10,1,2,0,2,1,2,1,2,1,2,0,2,1,1,0,2,1,2,0,2,
10,1,2,1,2,1,2,1,2,1,2,0,2,1,2,1,2,1,2,0,3,
10,1,2,0,2,1,2,1,2,1,2,0,2,1,2,0,2,1,2,0,2,
10,1,2,1,2,1,2,1,2,1,2,0,2,1,2,1,2,1,2,0,3,
10,1,2,1,2,1,2,1,2,1,2,0,2,1,2,1,2,1,2,0,3,
10,1,2,1,2,1,2,1,3,1,2,0,2,1,2,1,2,1,2,0,3,
10,1,2,1,2,1,2,1,3,1,2,0,2,1,2,1,2,1,2,0,3,
12,1,2,1,3,1,2,1,3,1,2,0,2,1,2,1,2,1,2,0,3,
10,1,2,1,3,1,2,1,3,1,2,0,2,1,2,1,2,1,2,0,3,
10,1,2,1,3,1,2,1,3,1,2,0,2,1,2,1,2,1,2,0,3,
10,1,2,1,3,1,2,1,3,1,2,0,2,1,2,1,2,1,2,0,3,
10,1,2,1,3,1,2,1,3,1,2,0,2,1,2,1,2,1,2,0,3,
10,1,2,1,3,1,2,1,3,1,2,0,3,1,2,1,2,1,2,0,3,
10,1,2,1,3,1,2,1,3,1,2,0,2,1,2,1,2,1,2,0,3,
10,1,2,1,3,1,2,1,3,1,2,0,3,1,2,1,2,1,2,0,3,
10,1,2,1,3,2,2,1,3,1,2,0,3,1,2,1,2,1,2,0,3,
9,1,2,1,3,1,2,1,3,1,2,0,3,1,2,1,2,1,2,0,3,
9,1,2,1,3,1,2,1,3,1,2,0,3,1,2,1,2,1,2,0,3,
9,1,2,1,3,2,3,1,3,1,2,0,3,1,2,1,2,1,2,0,3,
10,1,2,1,3,2,3,1,3,1,2,0,3,1,2,1,3,1,2,0,3,
10,1,2,1,3,1,3,1,3,1,2,0,3,1,2,1,3,1,2,0,3,
10,1,3,1,3,1,3,1,3,1,3,0,3,1,2,1,3,1,2,0,3,
10,1,2,1,3,2,3,1,3,1,2,0,3,1,2,1,3,1,2,0,3,
10,1,3,1,3,2,3,1,3,1,3,0,3,1,2,1,3,2,2,1,3,
10,1,2,0,2,1,2,0,2,0,2,0,2,1,1,0,2,1,1,0,2,
13,1,4,0,5,4,4,0,5,1,4,0,5,1,4,0,5,1,4,0,5,
10,1,2,0,2,1,2,0,2,1,2,0,2,1,1,0,2,1,2,0,2,
10,1,2,0,2,1,2,0,2,1,2,0,2,1,1,0,2,1,2,0,2,
10,1,2,0,2,1,2,0,2,1,2,0,2,1,1,0,2,1,2,0,2,
10,1,2,0,2,1,2,1,2,1,2,0,2,1,2,0,2,1,2,0,2,
10,1,2,0,2,1,2,1,2,1,2,0,2,1,2,0,2,1,2,0,2,
10,1,2,0,2,1,2,1,2,1,2,0,2,1,2,0,2,1,2,0,2,
10,1,2,0,2,1,2,1,2,1,2,0,2,1,2,1,2,1,2,0,2,
11,1,2,0,2,1,2,1,2,1,2,0,2,1,2,1,2,1,2,0,3,
10,1,2,0,2,1,2,1,2,1,2,0,2,1,2,1,2,1,2,0,3,
10,1,2,1,2,1,2,1,3,1,2,0,2,1,2,1,2,1,2,0,3,
10,1,2,1,2,1,2,1,3,1,2,0,2,1,2,1,2,1,2,0,3,
10,1,2,1,3,1,2,1,3,1,2,0,2,1,2,1,2,1,2,0,3,
10,1,2,1,3,1,2,1,3,1,2,0,3,1,2,1,2,1,2,0,3,
10,1,2,1,3,1,2,1,3,1,2,0,2,1,2,1,2,1,2,0,3,
10,1,2,1,3,1,2,1,3,1,2,0,2,1,2,1,2,1,2,0,3,
10,1,2,1,3,1,2,1,3,1,2,0,2,1,2,1,2,1,2,0,3,
10,1,2,1,3,1,2,1,3,1,2,0,3,1,2,1,2,1,2,0,3,
10,1,2,1,3,1,2,1,3,1,2,0,3,1,2,1,2,1,2,0,3,
10,2,2,1,3,2,2,1,3,1,2,0,3,1,2,1,2,1,2,0,3,
9,2,2,1,3,1,3,1,3,1,2,0,3,1,2,1,2,1,2,0,3,
30,2,3,1,3,1,3,1,3,1,3,0,3,1,3,1,3,2,3,1,3,
10,2,2,1,3,2,3,1,3,1,2,0,3,1,2,1,2,1,2,0,3,
9,2,2,1,3,2,2,1,3,1,2,0,3,1,2,1,2,1,2,0,3,
10,2,2,1,3,1,3,1,3,1,2,0,3,1,2,1,2,1,2,0,3,
10,1,2,0,2,0,2,0,2,0,2,0,2,0,1,0,1,0,1,0,2,
12,1,2,0,2,1,2,1,2,1,2,0,2,1,2,0,2,1,2,0,2,
12,1,6,1,3,2,6,1,3,1,6,0,3,1,5,1,2,1,5,0,3,
10,1,2,0,2,1,2,0,2,1,2,0,2,0,1,0,2,1,1,0,2,
10,2,3,1,3,2,3,1,3,2,3,0,3,2,2,1,3,2,2,1,3,
10,1,2,0,2,1,2,1,2,1,2,0,2,1,2,0,2,1,2,0,2,
10,1,2,0,2,1,2,0,2,0,2,0,2,1,1,0,2,1,1,0,2,
10,1,2,0,2,1,2,1,2,1,2,0,2,1,2,0,2,1,2,0,2,
10,1,2,0,2,1,2,1,2,1,2,0,2,1,1,0,2,1,2,0,2,
11,1,2,0,2,1,2,1,2,1,2,0,2,1,2,0,2,1,2,0,2,
10,1,2,0,2,1,2,1,2,1,2,0,2,1,2,0,2,1,2,0,2,
10,1,2,0,2,1,2,1,2,1,2,0,2,1,1,0,2,1,2,0,2,
10,1,2,0,2,1,2,1,2,1,2,0,2,1,2,0,2,1,2,0,2,
12,1,2,1,3,1,2,1,2,1,2,0,2,1,2,1,2,1,2,0,3,
10,1,2,0,2,1,2,1,2,1,2,0,2,1,2,0,2,1,2,0,2,
10,1,2,0,2,1,2,1,2,1,2,0,2,1,2,0,2,1,2,0,2,
10,1,2,0,2,1,2,1,2,1,2,0,2,1,2,1,2,1,2,0,3,
10,1,2,1,3,1,2,1,3,1,2,0,2,1,2,1,2,1,2,0,3,
11,1,2,1,3,1,2,1,3,1,2,0,4,1,2,1,2,1,2,0,3,
10,1,2,1,3,1,2,1,3,1,2,0,2,1,2,1,2,1,2,0,3,
10,1,2,1,3,1,2,1,3,1,2,0,2,1,2,1,2,1,2,0,3,
10,1,2,1,3,1,2,1,3,1,2,0,2,1,2,1,2,1,2,0,3,
10,1,2,1,3,1,2,1,3,1,2,0,2,1,2,1,2,1,2,0,3,
10,1,2,1,3,1,2,1,3,1,2,0,3,1,2,1,2,1,2,0,3,
9,1,2,1,3,2,2,1,3,1,2,0,3,1,2,1,2,1,2,0,3,
10,1,2,1,3,1,3,1,3,1,2,0,3,1,2,1,2,1,2,0,3,
10,1,2,1,3,2,3,1,3,1,2,0,3,1,2,1,2,1,2,0,3,
11,1,2,0,2,1,2,1,2,1,2,0,2,1,2,0,2,1,2,0,2,
13,1,2,1,3,1,3,1,3,1,2,0,3,1,2,1,2,1,2,0,3,
10,1,2,1,3,1,3,1,3,1,2,0,3,1,2,1,2,1,2,0,3,
10,1,3,1,3,2,3,1,3,1,2,0,3,1,2,1,2,1,2,0,3,
11,0,2,3,2,0,2,3,2,0,2,2,2,0,1,3,2,0,1,2,2,
12,1,3,1,3,1,3,1,3,1,3,0,3,1,2,1,2,1,2,1,3,
11,1,2,0,2,1,2,0,2,0,2,0,2,1,1,0,2,1,1,0,2,
10,0,2,0,2,1,2,0,2,0,2,0,2,0,1,0,2,0,1,0,2,
12,4,5,1,5,4,5,1,5,4,5,0,5,4,5,1,5,4,5,1,5,
10,0,2,0,2,1,2,0,2,0,2,0,2,0,1,0,2,0,1,0,2,
10,1,2,0,2,1,2,0,2,0,2,0,2,1,1,0,2,1,1,0,2,
10,1,2,0,2,1,2,0,2,1,2,0,2,1,2,0,2,1,2,0,2,
10,1,2,0,2,1,2,0,2,1,2,0,2,1,2,0,2,1,2,0,2,
10,1,2,0,2,1,2,1,2,1,2,0,2,1,2,0,2,1,2,0,2,
10,1,2,0,2,1,2,1,3,1,2,0,2,1,2,0,2,1,2,0,2,
10,1,2,1,2,1,2,1,3,1,2,0,2,1,2,1,2,1,2,0,3,
10,1,2,1,2,1,2,1,3,1,2,0,2,1,2,1,2,1,2,0,3,
10,1,2,1,2,1,2,1,3,1,2,0,2,1,2,1,2,1,2,0,2,
10,1,2,1,2,1,2,1,3,1,2,0,2,1,2,1,2,1,2,0,2,
10,1,2,1,2,1,2,1,3,1,2,0,2,1,2,1,2,1,2,0,3,
10,1,2,1,3,1,2,1,3,1,2,0,2,1,2,1,2,1,2,0,3,
10,1,2,1,2,1,2,1,3,1,2,0,2,1,2,1,2,1,2,0,3,
10,1,2,1,3,1,2,1,3,1,2,0,2,1,2,1,2,1,2,0,3,
10,1,2,1,3,1,2,1,3,1,2,0,2,1,2,1,2,1,2,0,3,
12,0,2,1,2,0,2,1,2,0,1,0,2,0,1,1,2,0,1,0,2,
10,1,2,1,3,1,2,1,3,1,2,0,3,1,2,1,2,1,2,0,3,
10,1,2,1,3,1,2,1,3,1,2,0,2,1,2,1,2,1,2,0,3,
13,1,2,1,3,1,2,1,3,1,2,0,2,1,2,1,2,1,2,0,3,
10,1,2,1,3,1,2,1,3,1,2,0,3,1,2,1,2,1,2,0,3,
10,1,3,1,3,1,3,1,3,1,3,0,3,1,2,1,2,1,2,0,3,
12,1,2,1,3,1,2,1,3,1,2,0,2,1,2,1,2,1,2,0,3,
10,1,3,1,3,1,3,1,3,1,3,0,3,1,2,1,2,1,2,0,3,
10,1,2,1,3,1,3,1,3,1,2,0,3,1,2,1,2,1,2,0,3,
9,1,2,1,3,2,2,1,3,1,2,0,3,1,2,1,2,1,2,0,3,
13,4,5,1,6,5,5,1,6,4,5,0,6,4,5,1,5,4,5,0,6,
10,1,2,1,3,1,3,1,3,1,2,0,3,1,2,1,2,1,2,0,3,
12,1,3,1,3,1,3,1,3,1,3,0,3,1,2,1,3,1,2,0,3,
10,1,3,1,3,1,3,1,3,1,3,0,3,1,2,1,3,1,2,1,3,
10,0,2,0,2,0,2,0,2,0,2,0,2,0,1,0,2,0,1,0,2,
10,1,3,1,3,1,3,1,3,1,3,0,3,1,2,1,3,1,2,0,3,
10,1,2,0,2,1,2,0,2,0,2,0,2,1,1,0,2,1,1,0,2,
10,1,2,0,2,1,2,0,2,0,2,0,2,1,1,0,2,1,1,0,2,
10,1,2,0,2,1,2,0,2,0,2,0,2,1,1,0,2,1,1,0,2,
10,1,2,0,2,1,2,0,2,1,2,0,2,1,1,0,2,1,1,0,2,
10,1,2,0,2,1,2,0,2,1,2,0,2,1,1,0,2,1,1,0,2,
10,1,2,0,2,1,2,0,2,1,2,0,2,1,2,0,2,1,2,0,2,
10,1,2,0,2,1,2,1,2,1,2,0,2,1,2,0,2,1,2,0,2,
10,1,2,0,2,1,2,1,2,1,2,0,2,1,2,0,2,1,2,0,2,
10,1,2,0,2,1,2,1,2,1,2,0,2,1,2,0,2,1,2,0,2,
10,1,2,1,2,1,2,1,2,1,2,0,2,1,2,0,2,1,2,0,2,
10,1,2,1,2,1,2,1,3,1,2,0,2,1,2,1,2,1,2,0,3,
10,1,2,1,2,1,2,1,3,1,2,0,2,1,2,1,2,1,2,0,3,
11,1,2,1,2,1,2,1,3,1,2,0,2,1,2,1,2,1,2,0,3,
13,1,3,1,2,1,2,1,3,1,2,0,2,1,2,1,2,1,2,0,3,
10,1,2,1,3,1,2,1,3,1,2,0,2,1,2,1,2,1,2,0,3,
10,1,2,1,3,1,2,1,3,1,2,0,3,1,2,1,2,1,2,0,3,
13,1,2,0,2,1,2,0,2,1,2,0,2,1,2,0,2,1,2,0,2,
12,1,2,1,3,2,2,1,3,1,2,0,3,1,2,1,2,1,2,0,3,
11,1,2,1,3,2,2,1,3,1,2,0,3,1,2,1,2,1,2,0,3,
10,1,3,1,3,1,3,1,3,1,3,0,3,1,2,1,2,1,2,0,3,
12,4,5,1,5,4,5,1,5,4,5,0,5,4,4,1,5,4,4,0,5,
10,1,3,1,3,2,3,1,3,1,3,0,3,1,2,1,2,1,2,0,3,
10,1,3,1,3,1,3,1,3,1,3,0,3,1,2,1,2,1,2,0,3,
10,1,3,1,3,1,3,1,3,1,3,0,3,1,2,1,2,1,2,0,3,
10,0,2,0,2,0,2,0,2,0,2,0,2,0,1,0,2,0,1,0,2,
10,1,3,1,3,1,3,1,3,1,3,0,3,1,2,1,2,1,2,0,3,
10,0,1,0,1,0,1,0,1,0,1,0,1,0,0,0,1,0,0,0,1,
10,1,3,1,3,2,3,1,3,1,3,0,3,1,2,1,3,1,2,0,3,
10,1,2,0,2,1,2,0,2,0,2,0,2,1,1,0,2,1,1,0,2,
10,1,2,0,2,1,2,0,2,0,2,0,2,1,1,0,2,1,1,0,2,
10,1,2,0,2,1,2,0,2,1,2,0,2,1,1,0,2,1,1,0,2,
10,1,2,0,2,1,2,0,2,1,2,0,2,1,1,0,2,1,1,0,2,
10,1,2,0,2,1,2,1,2,1,2,0,2,1,2,0,2,1,2,0,2,
12,1,4,0,5,1,4,0,5,1,4,0,4,1,4,0,4,1,4,0,5,
10,1,2,0,2,1,2,1,2,1,2,0,2,1,2,0,2,1,2,0,2,
10,1,2,1,2,1,2,1,3,1,2,0,2,1,2,1,2,1,2,0,3,
10,1,2,1,3,1,2,1,3,1,2,0,2,1,2,1,2,1,2,0,3,
10,1,2,1,2,1,2,1,3,1,2,0,2,1,2,1,2,1,2,0,3,
10,1,2,1,2,1,2,1,3,1,2,0,2,1,2,1,2,1,2,0,3,
13,1,2,1,2,1,2,1,3,1,2,0,2,1,2,1,2,1,2,0,3,
10,1,2,1,2,1,2,1,3,1,2,0,2,1,2,1,2,1,2,0,3,
10,1,2,1,3,1,2,1,3,1,2,0,2,1,2,1,2,1,2,0,3,
13,1,2,0,2,1,2,0,2,1,2,0,2,1,1,0,2,1,2,0,2,
10,1,2,1,3,1,2,1,3,1,2,0,2,1,2,1,2,1,2,0,3,
10,1,2,1,3,1,2,1,3,1,2,0,2,1,2,1,2,1,2,0,3,
10,1,2,1,3,1,2,1,3,1,2,0,2,1,2,1,2,1,2,0,3,
11,2,3,0,4,2,3,1,4,2,3,0,3,2,3,0,3,2,3,0,4,
10,1,2,1,3,1,2,1,3,1,2,0,2,1,2,1,2,1,2,0,3,
10,1,2,1,3,1,2,1,3,1,2,0,3,1,2,1,2,1,2,0,3,
9,1,2,1,3,1,2,1,3,1,2,0,3,1,2,1,2,1,2,0,3,
10,1,2,1,3,1,3,1,3,1,2,0,3,1,2,1,2,1,2,0,3,
10,1,2,1,3,1,3,1,3,1,2,0,3,1,2,1,2,1,2,0,3,
10,1,2,1,3,1,3,1,3,1,2,0,3,1,2,1,2,1,2,0,3,
10,1,2,1,3,1,3,1,3,1,2,0,3,1,2,1,2,1,2,0,3,
10,1,2,1,3,1,3,1,3,1,3,0,3,1,2,1,3,1,2,1,4,
10,0,2,0,2,1,2,0,2,0,2,0,2,0,1,0,2,1,1,0,2,
10,1,2,0,2,1,2,1,2,0,2,0,2,1,1,0,2,1,2,0,2,
10,1,2,0,2,1,2,0,2,0,2,0,2,1,1,0,2,1,1,0,2,
10,1,2,0,2,1,2,0,2,1,2,0,2,1,1,0,2,1,1,0,2,
10,1,2,0,2,1,2,0,2,1,2,0,2,1,1,0,2,1,2,0,2,
10,1,2,0,2,1,2,0,2,1,2,0,2,1,2,0,2,1,2,0,2,
10,1,2,0,2,1,2,0,2,1,2,0,2,1,2,0,2,1,2,0,2,
10,1,2,0,2,1,2,0,2,1,2,0,2,1,2,0,2,1,2,0,2,
10,1,2,0,2,1,2,0,2,1,2,0,2,1,1,0,2,1,2,0,2,
10,1,2,0,2,1,2,0,2,1,2,0,2,1,2,0,2,1,2,0,2,
13,1,2,1,2,1,2,1,3,1,2,0,2,1,2,1,2,1,2,0,3,
10,1,2,1,2,1,2,1,3,1,2,0,2,1,2,1,2,1,2,0,3,
10,1,2,1,2,1,2,1,3,1,2,0,2,1,2,1,2,1,2,0,3,
13,1,2,0,2,1,2,0,2,1,2,0,2,1,2,0,2,1,2,0,2,
10,1,2,1,3,1,3,1,3,1,2,0,3,1,2,1,2,1,2,0,3,
10,1,2,1,3,2,3,1,3,1,2,0,3,1,2,1,2,1,2,0,3,
10,1,2,1,3,1,3,1,3,1,2,0,3,1,2,1,2,1,2,0,3,
10,1,2,1,3,2,3,1,3,1,2,0,3,1,2,1,2,1,2,0,3,
10,1,2,1,3,2,3,1,3,1,3,0,3,1,2,1,2,1,2,0,3,
11,1,3,1,3,2,3,1,3,1,3,0,3,1,2,1,3,1,3,0,3,
11,1,2,0,2,1,2,1,2,0,2,0,2,1,2,0,2,1,2,0,2,
10,1,3,1,3,2,3,1,3,1,3,0,3,1,2,1,2,1,3,0,3,
10,1,3,1,3,2,3,1,3,1,3,0,3,1,2,1,3,1,3,0,3,
10,1,3,1,3,1,3,1,3,1,3,0,3,1,2,1,3,1,3,0,3,
9,1,3,1,3,1,3,1,3,1,3,0,3,1,3,1,3,1,3,0,3,
10,1,2,0,2,1,2,0,2,0,2,0,2,1,2,0,2,1,2,0,2,
10,1,2,0,2,1,2,0,2,1,2,0,2,1,2,0,2,1,2,0,2,
10,1,3,1,3,1,3,3,3,1,3,0,3,1,3,1,3,1,3,1,3,
10,1,2,0,2,1,2,0,2,1,2,0,2,1,2,0,2,1,2,0,2,
10,1,2,0,2,1,2,0,2,1,2,0,2,1,2,0,2,1,2,0,2,
10,1,2,0,2,1,2,0,2,1,2,0,2,0,2,0,2,1,2,0,2,
10,1,2,0,2,1,2,0,2,1,2,0,2,1,2,0,2,1,2,0,2,
10,1,2,0,2,1,2,0,2,1,2,0,2,1,2,0,2,1,2,0,2,
10,1,2,0,2,1,2,0,2,1,2,0,2,1,2,0,2,1,2,0,2,
10,1,2,0,2,1,2,0,2,1,2,0,2,1,2,0,2,1,2,0,2,
10,1,2,1,2,1,2,1,3,1,2,0,2,1,2,1,2,1,2,0,2,
13,1,2,0,2,1,2,1,3,1,2,0,2,1,2,1,2,1,2,0,3,
10,1,2,1,2,1,2,1,3,1,2,0,2,1,2,1,2,1,2,0,2,
10,1,2,0,2,1,2,1,3,1,2,0,2,1,2,0,2,1,2,0,3,
13,2,3,1,3,2,3,1,3,2,3,0,3,2,3,1,3,2,3,1,3,
10,1,2,1,3,1,2,1,3,1,2,0,2,1,2,1,2,1,2,0,3,
11,2,3,0,4,2,4,0,4,2,3,0,4,2,3,0,3,2,3,0,4,
10,1,2,1,3,1,2,1,3,1,2,0,2,1,2,1,2,1,2,0,3,
10,1,2,1,3,1,2,1,3,1,2,0,2,1,2,1,2,1,2,0,3,
10,1,2,1,3,1,2,1,3,1,2,0,2,1,2,1,2,1,2,0,3,
10,1,2,1,3,1,2,1,3,1,2,0,2,1,2,1,2,1,2,0,3,
10,1,2,1,3,1,3,1,3,1,2,0,2,1,2,1,2,1,2,0,3,
10,1,2,1,3,1,3,1,3,1,2,0,3,1,2,1,2,1,2,0,3,
10,1,2,1,3,1,3,1,3,1,2,0,3,1,2,1,2,1,2,0,3,
10,1,2,1,3,1,3,1,3,1,2,0,3,1,2,1,2,1,2,0,3,
10,1,2,1,3,2,3,1,3,1,2,0,3,1,2,1,2,1,2,0,3,
10,1,3,1,3,1,3,1,3,1,3,0,3,1,2,1,2,1,3,0,3,
10,1,3,1,3,1,3,1,3,1,3,0,3,1,2,1,2,1,3,0,3,
9,1,3,1,3,1,3,1,3,1,3,0,3,1,2,1,2,1,3,0,3,
9,1,3,1,3,1,3,1,3,1,3,0,3,1,2,1,2,1,3,0,3,
10,0,2,0,2,1,2,0,2,0,2,0,2,0,2,0,2,1,2,0,2,
10,1,2,0,2,1,2,0,2,1,2,0,2,0,2,0,2,1,2,0,2,
10,1,2,0,2,1,2,0,2,1,2,0,2,1,2,0,2,1,2,0,2,
10,1,2,0,2,1,2,0,2,1,2,0,2,1,2,0,2,1,2,0,2,
10,1,2,0,2,1,2,0,2,1,2,0,2,1,2,0,2,1,2,0,2,
10,1,2,0,2,1,2,0,2,0,2,0,2,1,1,0,2,1,1,0,2,
10,0,2,0,2,1,2,0,2,0,2,0,2,0,1,0,2,1,1,0,2,
11,1,2,1,3,1,2,1,3,1,2,0,2,1,2,1,2,1,2,0,3,
10,1,2,0,2,1,2,0,2,0,2,0,2,1,1,0,2,1,2,0,2,
10,1,2,0,2,1,2,0,2,1,2,0,2,1,1,0,2,1,2,0,2,
13,1,4,0,2,1,4,0,2,1,4,0,2,1,1,0,2,1,2,0,2,
10,1,2,0,3,1,2,1,2,1,2,0,2,1,2,1,2,1,2,0,3,
10,1,2,0,2,1,2,0,2,1,2,0,2,1,2,0,2,1,2,0,2,
10,1,2,0,2,1,2,0,2,1,2,0,2,1,2,0,2,1,2,0,2,
30,1,2,0,2,1,2,0,2,1,2,0,2,1,2,0,2,1,2,0,23,
10,1,2,0,3,1,2,0,3,1,2,0,3,1,2,0,2,1,2,0,3,
10,1,2,0,2,1,2,1,2,1,2,0,2,1,2,1,2,1,2,0,2,
10,1,2,1,2,1,2,1,2,1,2,0,2,1,2,1,2,1,2,0,2,
10,1,2,1,2,1,2,1,2,1,2,0,2,1,2,1,2,1,2,0,3,
30,1,3,1,2,1,3,1,3,1,3,0,22,1,2,1,2,1,2,0,3,
10,1,2,1,3,1,2,1,3,1,2,0,2,1,2,1,2,1,2,0,3,
10,1,2,1,2,1,2,1,2,1,2,0,2,1,2,1,2,1,2,0,3,
10,1,2,1,3,1,2,1,3,1,2,0,2,1,2,1,2,1,2,0,3,
10,1,2,1,3,1,2,1,3,1,2,0,2,1,2,1,2,1,2,0,3,
10,1,2,1,3,1,2,1,3,1,2,0,2,1,2,1,2,1,2,0,3,
10,1,2,1,3,1,2,1,3,1,2,0,2,1,2,1,2,1,2,0,3,
10,1,2,1,3,1,2,1,3,1,2,0,2,1,2,1,2,1,2,0,3,
10,1,2,1,3,1,2,1,3,1,2,0,3,1,2,1,2,1,2,0,3,
9,1,2,1,3,1,2,1,3,1,2,0,3,1,2,1,2,1,2,0,3,
9,1,2,1,3,1,3,1,3,1,2,0,3,1,2,1,2,1,2,0,3,
9,1,2,1,3,1,3,1,3,1,2,0,3,1,2,1,2,1,2,0,3,
9,1,2,1,3,1,3,1,3,1,2,0,3,1,2,1,2,1,2,0,3,
9,1,3,1,3,1,3,1,3,1,3,0,3,1,2,1,3,1,3,0,3,
12,1,2,0,2,1,2,1,2,1,2,0,2,1,2,1,2,1,2,0,2,
9,1,3,1,3,1,3,1,3,1,3,0,3,1,2,1,3,1,3,0,3,
10,1,2,0,2,1,2,0,2,0,2,0,2,0,1,0,2,1,2,0,3,
10,0,1,1,1,0,1,1,1,0,1,0,1,0,0,1,1,0,1,0,1,
11,1,2,0,2,1,2,0,2,1,2,0,2,1,1,0,2,1,2,0,2,
10,1,2,0,2,1,2,0,2,1,2,0,2,1,1,0,2,1,2,0,2,
10,1,2,0,2,1,2,0,2,1,2,0,2,1,1,0,2,1,2,0,2,
11,2,4,1,4,2,4,1,4,2,4,0,4,2,3,1,4,3,4,0,4,
10,1,2,0,2,1,2,0,2,1,2,0,2,1,2,0,2,1,2,0,2,
10,1,2,0,3,1,2,1,2,1,2,0,2,1,2,0,2,1,2,0,3,
10,1,2,0,2,1,2,0,2,1,2,0,2,1,2,0,2,1,2,0,2,
10,1,2,0,2,1,2,0,2,1,2,0,2,1,2,0,2,1,2,0,2,
10,1,2,0,2,1,2,1,2,1,2,0,2,1,2,0,2,1,2,0,2,
10,1,2,1,2,1,2,1,2,1,2,0,2,1,2,1,2,1,2,0,3,
10,1,2,0,2,1,2,1,2,1,2,0,2,1,2,1,2,1,2,0,3,
10,1,2,1,3,1,2,1,3,1,2,0,2,1,2,1,2,1,2,0,3,
10,1,2,1,2,1,2,1,3,1,2,0,2,1,2,1,2,1,2,0,3,
12,1,2,0,2,1,2,0,2,1,2,0,2,1,2,0,2,1,2,0,2,
10,1,2,1,3,1,2,1,3,1,2,0,2,1,2,1,2,1,2,0,3,
10,1,2,1,3,1,2,1,3,1,2,0,2,1,2,1,2,1,2,0,3,
10,1,2,1,3,2,2,1,3,1,2,0,3,1,2,1,2,1,2,0,3,
10,1,2,1,3,2,3,1,3,1,2,0,3,1,2,1,2,1,2,0,3,
10,1,2,1,3,1,2,1,3,1,2,0,3,1,2,1,2,1,2,0,3,
10,1,2,1,3,2,3,1,3,1,2,0,3,1,2,1,2,1,2,0,3,
9,1,2,1,3,1,3,1,3,1,2,0,3,1,2,1,2,1,2,0,3,
12,1,3,1,3,2,3,1,3,1,3,0,3,1,2,1,3,1,3,1,3,
33,1,2,1,24,1,2,1,3,1,2,0,2,1,2,1,2,1,2,0,3,
10,1,3,1,3,1,3,1,3,1,3,0,3,1,2,1,3,1,2,0,3,
9,1,2,1,3,1,3,1,3,1,2,0,3,1,2,1,2,1,2,0,3,
12,1,2,1,3,1,2,1,3,1,2,0,2,1,2,1,2,1,2,0,3,
10,1,3,1,3,1,3,1,3,1,2,0,3,1,2,1,2,1,2,0,3,
9,1,3,1,3,1,3,1,3,1,3,0,3,1,2,1,3,1,3,0,3,
9,1,2,0,2,1,2,0,2,0,2,0,2,0,1,0,2,1,2,0,2,
10,1,2,0,2,1,2,0,2,1,2,0,2,1,2,0,2,1,2,0,2,
10,1,2,0,2,1,2,0,2,1,2,0,2,1,1,0,2,1,2,0,2,
10,1,2,0,2,1,2,0,2,1,2,0,2,1,1,0,2,1,2,0,2,
10,1,2,0,2,2,2,0,2,0,2,0,2,1,1,0,2,1,2,0,2,
10,1,2,0,2,1,2,0,2,1,2,0,2,1,1,0,2,1,2,0,2,
10,1,2,0,2,1,2,0,2,1,2,0,2,1,1,0,2,1,2,0,2,
10,1,2,1,2,1,3,1,2,1,2,0,2,1,2,1,2,1,2,0,2,
10,1,2,1,2,1,3,1,2,1,2,0,2,1,2,0,2,1,2,0,2,
10,1,2,1,2,1,2,1,2,1,2,0,2,1,2,1,2,1,2,0,2,
10,1,2,0,2,1,2,1,2,1,2,0,2,1,2,1,2,1,2,0,2,
10,1,2,1,2,1,2,1,2,1,2,0,2,1,2,1,2,1,2,0,2,
10,1,2,1,2,1,2,1,2,1,2,0,2,1,2,1,2,1,2,0,2,
10,1,2,1,2,1,2,1,2,1,2,0,2,1,2,1,2,1,2,0,2,
10,1,2,1,3,1,2,1,3,1,2,0,2,1,2,1,2,1,2,0,3,
10,1,2,1,3,1,2,1,3,1,2,0,2,1,2,1,2,1,2,0,3,
10,1,2,1,3,1,2,1,3,1,2,0,2,1,2,1,2,1,2,0,3,
10,1,2,1,3,1,2,1,3,1,2,0,2,1,2,1,2,1,2,0,3,
10,1,2,1,3,1,2,1,3,1,2,0,2,1,2,1,2,1,2,0,3,
11,1,2,1,3,1,2,1,3,1,2,0,2,1,2,1,2,1,2,0,3,
13,1,2,1,3,1,3,1,3,1,2,0,3,1,2,1,2,1,2,0,3,
10,1,2,1,3,1,2,1,3,1,2,0,2,1,2,1,2,1,2,0,3,
9,1,2,1,3,1,3,1,3,1,2,0,3,1,2,1,2,1,2,0,3,
12,1,2,1,2,1,2,1,2,1,2,0,2,1,2,1,2,1,2,0,2,
10,1,3,1,3,1,3,1,3,1,2,0,3,1,2,1,2,1,2,0,3,
9,1,3,1,3,1,3,1,3,1,2,0,3,1,2,1,2,1,2,0,3,
9,1,3,1,3,1,3,1,3,1,3,0,3,1,2,1,3,1,3,0,3,
10,2,3,1,3,2,3,1,3,1,3,0,3,2,2,1,3,2,3,0,3,
9,1,2,0,2,1,2,0,2,0,2,0,2,1,1,0,2,1,2,0,2,
9,1,2,0,2,1,2,0,2,0,2,0,2,1,1,0,2,1,2,0,2,
10,1,2,0,2,1,2,0,2,0,2,0,2,1,1,0,2,1,2,0,2,
10,1,2,0,2,1,2,0,2,0,2,0,2,1,1,0,2,1,2,0,2,
10,1,2,0,2,1,2,0,2,0,2,0,2,1,1,0,2,1,2,0,2,
10,1,2,0,2,1,2,0,2,1,2,0,2,1,1,0,2,1,2,0,2,
10,1,2,0,2,1,2,0,2,1,2,0,2,1,1,0,2,1,2,0,2,
11,1,2,0,2,1,2,0,2,1,2,0,2,1,1,0,2,1,2,0,2,
10,1,2,0,2,1,2,0,2,1,2,0,2,1,2,1,2,1,2,0,2,
10,1,2,1,2,1,2,1,2,1,2,0,2,1,2,1,2,1,2,0,2,
10,1,2,1,2,1,2,1,2,1,2,0,2,1,2,1,2,1,2,0,2,
10,1,2,1,2,1,2,1,2,1,2,0,2,1,2,1,2,1,2,0,2,
10,1,2,1,2,1,2,1,2,1,2,0,2,1,2,1,2,1,2,0,2,
10,0,1,0,1,0,1,0,1,0,1,0,1,0,1,0,1,0,1,0,1,
10,1,2,1,2,1,2,1,2,1,2,0,2,1,2,1,2,1,2,0,2,
10,1,3,1,3,1,3,1,3,1,3,0,2,1,2,1,2,1,2,0,3,
10,1,2,1,2,1,2,1,3,1,2,0,2,1,2,1,2,1,2,0,3,
12,1,2,1,3,2,3,1,3,1,2,0,3,1,2,1,2,1,2,0,3,
13,1,2,1,2,1,2,1,2,1,2,0,2,1,2,1,2,1,2,0,2,
10,1,2,1,3,1,2,1,3,1,2,0,2,1,2,1,2,1,2,0,3,
10,1,2,1,3,1,2,1,3,1,2,0,2,1,2,1,2,1,2,0,3,
13,1,2,0,2,1,2,1,2,1,2,0,2,1,2,0,2,1,2,0,2,
10,1,3,1,3,1,3,1,3,1,3,0,3,1,2,1,2,1,2,0,3,
10,1,3,1,3,1,3,1,3,1,3,0,3,1,2,1,2,1,2,0,3,
9,1,3,1,3,2,3,1,3,1,3,0,3,1,2,1,2,1,2,0,3,
11,2,3,1,3,2,3,1,3,2,3,0,3,2,2,1,3,2,3,0,3,
9,1,3,1,3,2,3,1,3,1,3,0,3,1,2,1,3,1,2,0,3,
9,1,3,1,3,1,3,1,3,1,3,0,3,1,2,1,3,1,2,0,3,
9,1,3,1,3,1,3,1,3,1,3,0,3,1,2,1,2,1,2,0,3,
9,1,3,1,3,2,3,1,3,1,3,0,3,1,2,1,3,2,2,1,3,
9,1,3,1,3,1,3,1,3,1,3,0,3,1,2,1,3,1,2,0,3,
9,1,2,0,2,1,2,0,2,0,2,0,2,1,1,0,2,1,1,0,2,
10,1,2,0,2,1,2,0,2,1,2,0,2,1,1,0,2,1,1,0,2,
10,1,2,0,2,1,2,0,2,0,2,0,2,1,1,0,2,1,1,0,2,
9,1,2,0,2,1,2,0,2,0,2,0,2,1,1,0,2,1,1,0,2,
10,1,2,0,2,1,2,0,2,1,2,0,2,1,1,0,2,1,2,0,2,
10,1,2,0,2,1,2,0,2,1,2,0,2,1,1,0,2,1,2,0,2,
10,1,2,0,2,1,2,0,2,1,2,0,2,1,1,0,2,1,2,0,2,
10,1,2,1,2,1,2,1,2,1,2,0,2,1,2,1,2,1,2,0,3,
10,1,2,0,2,1,2,1,2,1,2,0,2,1,2,0,2,1,2,0,2,
10,1,2,1,2,1,2,1,2,1,2,0,2,1,1,1,2,1,2,0,2,
10,1,2,1,2,1,2,1,2,1,2,0,2,1,2,1,2,1,2,0,2,
10,1,2,1,2,1,2,1,2,1,2,0,2,1,2,1,2,1,2,0,2,
10,1,2,1,3,1,3,1,3,1,2,0,2,1,2,1,2,1,2,0,3,
13,1,2,0,2,1,2,0,2,1,2,0,2,1,1,0,2,1,2,0,2,
10,1,2,1,3,1,2,1,3,1,2,0,2,1,2,1,2,1,2,0,3,
11,1,2,1,3,1,2,1,3,1,2,0,2,1,2,1,2,1,2,0,3,
13,1,2,1,2,1,2,1,2,1,2,0,2,1,2,1,2,1,2,0,2,
10,1,2,1,3,1,2,1,3,1,2,0,2,1,2,1,2,1,2,0,3,
10,1,2,1,3,1,2,1,3,1,2,0,2,1,2,1,2,1,2,0,3,
10,1,2,1,3,1,2,1,3,1,2,0,2,1,2,1,2,1,2,0,3,
10,1,3,1,3,1,3,1,3,1,3,0,3,1,2,1,3,1,2,0,3,
10,1,2,1,3,1,2,1,3,1,2,0,3,1,2,1,2,1,2,0,3,
9,1,2,1,3,1,3,1,3,1,2,0,3,1,2,1,2,1,2,0,3,
27,20,2,1,3,20,3,1,3,1,2,0,3,20,2,1,2,1,2,0,3,
9,1,3,1,3,2,3,1,3,1,3,0,3,1,2,1,3,1,2,0,3,
9,1,2,1,3,2,3,1,3,1,2,0,3,1,2,1,2,1,2,0,3,
9,1,3,1,3,2,3,1,3,1,2,0,3,1,2,1,3,1,2,0,3,
9,1,3,1,3,2,3,1,3,1,2,0,3,1,2,1,2,1,2,0,3,
9,1,3,1,3,1,3,1,3,1,3,0,3,1,2,1,3,1,2,0,3,
9,1,3,1,3,1,3,1,3,1,3,0,3,1,2,1,3,1,3,1,3,
9,0,2,0,2,1,2,0,2,0,2,0,2,0,1,0,2,0,2,0,2,
9,1,2,0,2,1,2,0,2,0,2,0,2,1,1,0,2,1,2,0,2,
10,1,2,0,2,1,2,0,2,0,2,0,2,1,1,0,2,1,2,0,2,
10,1,2,0,2,1,2,0,2,0,2,0,2,1,1,0,2,1,2,0,2,
10,1,2,0,2,1,2,0,2,1,2,0,2,1,1,0,2,1,2,0,2,
10,1,2,0,2,1,2,0,2,0,2,0,2,1,1,0,2,1,2,0,2,
10,1,2,0,2,1,2,0,2,1,2,0,2,1,1,0,2,1,2,0,2,
10,1,2,0,2,1,2,0,2,1,2,0,2,1,1,0,2,1,2,0,2,
12,1,2,1,3,1,2,1,3,1,2,0,2,1,2,1,2,1,2,0,3,
13,1,2,0,2,1,2,1,2,1,2,0,2,1,2,0,2,1,2,0,2,
10,1,2,1,2,1,2,1,2,1,2,0,2,1,2,1,2,1,2,0,2,
10,1,2,1,2,1,2,1,2,1,2,0,2,1,2,1,2,1,2,0,3,
12,1,2,0,2,1,2,0,2,0,2,0,2,1,1,0,2,1,2,0,2,
10,1,2,1,2,1,2,1,2,1,2,0,2,1,2,1,2,1,2,0,3,
33,1,2,1,3,1,2,1,2,1,26,0,2,1,2,1,2,1,2,0,3,
10,1,3,1,3,1,3,1,3,1,3,0,3,1,2,1,2,1,2,0,3,
10,1,3,0,3,1,3,1,3,1,3,0,3,1,2,1,3,1,2,0,3,
10,1,2,1,3,1,2,1,3,1,2,0,2,1,2,1,2,1,2,0,3,
10,1,2,1,3,1,3,1,3,1,2,0,2,1,2,1,2,1,2,0,3,
10,1,2,1,3,1,3,1,3,1,2,0,3,1,2,1,2,1,2,0,3,
10,1,3,1,3,1,3,1,3,1,3,0,3,1,2,1,2,1,2,0,3,
10,1,3,1,3,2,3,1,3,1,3,0,3,1,2,1,2,1,2,0,3,
9,1,3,1,3,2,3,1,3,1,3,0,3,1,2,1,2,1,2,0,3,
9,1,3,1,3,1,3,1,3,1,3,0,3,1,2,1,2,1,2,0,3,
10,1,3,1,3,1,3,1,3,1,3,0,3,1,2,1,2,1,2,0,3,
9,1,3,1,3,1,3,1,3,1,3,0,3,1,2,1,2,1,2,0,3,
9,1,3,1,3,1,3,1,3,1,3,0,3,1,2,1,3,1,2,0,3,
9,1,3,1,3,2,3,1,3,1,3,0,3,1,2,1,3,1,2,0,3,
9,1,3,1,3,2,3,1,3,1,3,0,3,1,2,1,3,2,2,1,3,
9,0,2,0,2,1,2,0,2,0,2,0,2,0,1,0,2,0,2,0,2,
9,2,3,1,3,2,3,1,3,1,3,0,3,2,2,1,3,2,3,1,3,
9,0,2,0,2,1,2,0,2,0,2,0,2,1,1,0,2,1,2,0,2,
9,1,2,0,2,1,2,0,2,1,2,0,2,1,1,0,2,1,2,0,2,
9,1,2,0,2,1,2,0,2,0,2,0,2,1,1,0,2,1,2,0,2,
10,1,2,1,3,1,2,1,3,1,2,0,2,1,2,1,2,1,2,0,3,
12,1,2,0,2,1,2,0,2,0,2,0,2,1,1,0,2,1,2,0,2,
10,1,2,0,2,1,2,0,2,1,2,0,2,1,1,0,2,1,2,0,2,
10,1,2,0,2,1,2,1,2,1,2,0,2,1,2,0,2,1,2,0,2,
13,1,2,0,2,1,2,0,2,1,2,0,2,1,1,0,2,1,2,0,2,
10,1,2,1,2,1,2,1,2,1,2,0,2,1,2,1,2,1,2,0,2,
10,1,2,0,2,1,2,1,2,1,2,0,2,1,2,1,2,1,2,0,2,
10,1,2,0,2,1,2,1,2,1,2,0,2,1,2,1,2,1,2,0,2,
10,1,2,1,3,1,2,1,3,1,2,0,2,1,2,1,2,1,2,0,3,
10,1,2,1,3,1,2,1,3,1,2,0,2,1,2,1,2,1,2,0,3,
10,1,2,1,3,1,2,1,3,1,2,0,2,1,2,1,2,1,2,0,3,
10,1,2,1,3,1,2,1,3,1,2,0,3,1,2,1,2,1,2,0,3,
10,1,2,1,3,1,2,1,3,1,2,0,2,1,2,1,2,1,2,0,3,
10,1,2,1,3,1,2,1,3,1,2,0,2,1,2,1,2,1,2,0,3,
10,1,2,1,3,1,2,1,3,1,2,0,3,1,2,1,2,1,2,0,3,
10,1,2,1,3,1,2,1,3,1,2,0,3,1,2,1,2,1,2,0,3,
29,1,2,1,3,1,2,1,3,1,2,0,3,1,2,22,2,1,2,0,3,
9,0,2,1,2,0,2,1,2,0,2,0,2,0,1,0,2,0,2,0,2,
10,1,2,1,3,2,2,1,3,1,2,0,3,1,2,1,3,1,2,0,3,
9,1,3,1,3,2,3,1,3,1,2,0,3,1,2,1,2,1,2,0,3,
9,0,2,0,2,0,2,0,2,0,1,0,2,0,1,0,2,0,1,0,2,
9,1,3,1,3,2,3,1,3,1,3,0,3,1,2,1,3,1,2,0,3,
9,0,2,0,2,1,2,0,2,0,2,0,2,0,1,0,2,0,1,0,2,
9,1,3,1,3,2,3,1,3,1,3,0,3,1,2,1,3,1,2,0,3,
9,1,3,1,3,2,3,1,3,1,3,0,3,1,2,1,3,1,2,1,3,
9,1,2,0,2,1,2,0,2,0,2,0,2,1,1,0,2,1,2,0,2,
10,1,2,0,2,1,2,0,2,0,2,0,2,1,1,0,2,1,2,0,2,
12,1,3,1,3,2,3,1,3,1,2,0,3,1,2,1,3,1,2,0,3,
10,1,2,0,2,1,2,0,2,1,2,0,2,1,1,0,2,1,2,0,2,
10,1,2,0,2,1,2,0,2,1,2,0,2,1,1,0,2,1,2,0,2,
12,1,3,1,3,1,3,1,3,1,2,0,3,1,2,1,2,1,2,1,3,
10,1,2,0,2,1,2,1,2,1,2,0,2,1,2,0,2,1,2,0,2,
10,1,2,0,2,1,2,1,2,1,2,0,2,1,2,1,2,1,2,0,2,
10,1,2,1,2,1,2,1,2,1,2,0,2,1,2,1,2,1,2,0,2,
10,1,2,0,2,1,2,1,2,1,2,0,2,1,2,1,2,1,2,0,2,
10,1,2,0,2,1,2,1,2,1,2,0,2,1,2,1,2,1,2,0,2,
10,1,2,0,2,1,2,1,2,1,2,0,2,1,2,1,2,1,2,0,2,
10,1,2,1,2,1,2,1,2,1,2,0,2,1,2,1,2,1,2,0,3,
11,0,1,1,1,0,1,1,1,0,0,0,1,0,0,1,1,0,0,0,1,
14,0,1,1,2,0,1,1,2,0,1,0,2,0,1,0,1,0,1,0,2,
11,0,2,0,2,0,2,1,2,0,1,0,2,0,1,0,1,0,1,0,2,
10,1,2,1,3,1,2,1,3,1,2,0,3,1,2,1,2,1,2,0,3,
10,1,2,1,3,1,2,1,3,1,2,0,3,1,2,1,2,1,2,0,3,
10,1,2,1,3,1,3,1,3,1,2,0,3,1,2,1,2,1,2,0,3,
10,1,2,1,3,1,2,1,3,1,2,0,3,1,2,1,2,1,2,0,3,
11,1,3,1,3,2,3,1,3,1,2,0,3,1,2,1,2,1,2,0,3,
10,1,2,1,3,1,3,1,3,1,2,0,3,1,2,1,2,1,2,0,3,
10,1,3,1,3,1,3,1,3,1,2,1,3,1,2,1,2,1,2,0,3,
10,0,2,0,2,0,2,0,2,0,1,0,2,0,1,0,2,0,1,0,2,
10,2,2,2,2,2,2,2,2,2,2,0,3,2,2,1,2,2,2,0,2,
10,1,2,1,2,1,2,1,2,1,2,0,3,0,1,0,2,1,1,0,2,
10,1,2,0,2,1,2,1,2,1,2,0,2,1,1,0,2,1,1,0,2,
10,0,2,0,2,1,2,0,2,0,2,0,2,0,1,0,1,0,1,0,2,
12,0,2,1,2,0,2,1,2,0,2,0,2,0,1,1,2,1,1,0,2,
10,0,2,0,2,1,2,0,2,0,2,0,2,0,1,0,2,1,1,0,2,
10,0,2,0,2,1,2,0,2,0,2,0,2,0,1,0,2,1,1,0,2,
10,1,2,2,2,1,2,2,2,0,2,1,2,0,1,2,2,1,1,1,2,
11,1,2,0,2,1,2,0,2,1,2,0,3,1,1,0,2,1,2,0,2,
10,1,2,0,2,1,2,0,2,1,2,0,3,1,2,0,2,1,2,0,2,
11,1,2,1,3,1,2,1,3,1,2,1,3,1,2,0,2,1,2,0,3,
11,1,2,0,2,1,2,0,2,1,2,0,3,1,1,0,2,1,2,0,3,
10,1,2,1,2,1,2,1,2,1,2,0,3,1,2,1,2,1,2,0,2,
10,1,2,0,2,1,2,1,2,1,2,0,3,1,2,0,2,1,2,0,2,
10,1,2,1,2,1,2,1,2,1,2,0,3,1,2,1,2,1,2,0,3,
10,1,2,1,2,1,2,1,2,1,2,0,3,1,2,1,2,1,2,0,2,
10,1,2,1,2,1,2,1,2,1,2,0,3,1,2,0,2,1,2,0,2,
10,1,2,1,2,1,2,1,2,1,2,0,3,1,2,1,2,1,2,0,3,
10,1,2,1,2,1,2,1,2,1,2,0,3,1,2,1,2,2,2,0,3,
11,1,2,1,3,1,2,1,3,1,2,0,3,1,2,1,2,1,2,0,3,
11,1,2,1,3,2,2,1,3,1,2,0,3,1,2,1,2,1,2,0,3,
10,1,2,1,3,1,2,1,3,1,2,0,3,1,2,1,2,1,2,0,3,
10,1,2,1,2,1,2,1,2,1,2,0,3,1,2,1,2,1,2,0,3,
10,1,2,1,3,1,2,1,3,1,2,0,3,1,2,1,2,1,2,0,3,
10,1,2,1,3,1,2,1,3,1,2,0,3,1,2,1,2,1,2,0,3,
10,1,2,1,3,1,2,1,3,1,2,0,3,1,2,1,2,1,2,0,3,
11,1,3,1,2,1,3,1,2,1,3,0,3,1,3,1,2,1,3,0,3,
10,1,2,0,2,1,2,0,2,0,2,0,2,0,2,0,2,1,2,0,2,
12,1,3,1,3,1,3,1,3,1,3,0,3,1,2,1,3,2,3,1,3,
10,1,2,0,2,1,2,0,2,1,2,0,3,1,2,0,2,1,2,0,2,
15,1,4,1,4,1,4,1,5,3,4,0,5,3,4,1,4,3,4,0,5,
10,2,3,1,3,2,3,1,3,1,3,0,3,2,2,1,3,2,2,0,3,
10,0,2,0,2,0,2,0,2,0,2,0,2,0,1,0,2,1,1,0,2,
10,0,2,3,2,1,2,3,2,0,2,2,2,0,1,3,2,1,1,2,2,
12,0,2,0,2,0,2,0,2,0,2,0,2,0,1,0,2,0,1,0,2,
11,1,2,0,2,1,2,0,2,1,2,0,3,1,1,0,2,1,2,0,2,
10,1,2,0,2,1,2,0,2,1,2,0,3,1,2,0,2,1,2,0,2,
12,3,5,0,5,3,5,1,5,3,5,0,5,3,4,0,4,3,4,0,5,
10,1,2,1,3,1,3,1,2,1,2,0,3,1,2,1,2,1,2,0,2,
10,1,2,1,2,1,2,1,2,1,2,0,3,1,2,0,2,1,2,0,2,
10,1,2,0,2,1,2,0,2,1,2,0,3,1,1,0,2,1,2,0,2,
10,1,2,0,2,1,2,1,2,1,2,0,3,1,2,0,2,1,2,0,2,
10,1,2,1,2,1,2,1,2,1,2,0,3,1,2,0,2,1,2,0,2,
10,1,2,1,2,1,2,1,2,1,2,0,3,1,2,1,2,1,2,0,2,
10,1,2,1,2,1,2,1,2,1,2,0,3,1,2,0,2,1,2,0,2,
10,1,2,1,2,1,2,1,2,1,2,0,3,1,2,1,2,1,2,0,3,
10,1,2,1,3,1,2,1,2,1,2,0,3,1,2,1,2,1,2,0,3,
10,1,2,1,3,1,2,1,3,1,2,0,3,1,2,1,2,1,2,0,3,
11,1,4,1,3,1,4,1,3,1,4,0,3,1,3,1,2,1,3,0,3,
10,1,3,1,3,1,3,1,3,1,3,0,3,1,3,1,3,3,3,0,3,
10,1,2,1,3,1,2,1,3,1,2,0,3,1,2,1,2,1,2,0,3,
11,2,4,1,4,2,4,1,4,2,3,0,4,2,3,1,3,2,3,0,4,
10,1,3,1,3,1,2,1,3,1,2,0,3,1,2,1,2,1,2,0,3,
10,1,3,1,3,1,3,1,3,1,2,0,3,1,2,1,2,1,2,0,3,
10,1,3,1,3,1,3,1,3,1,2,0,3,1,2,1,2,1,2,0,3,
11,1,3,1,3,2,3,1,3,1,2,0,3,1,2,1,2,1,2,0,3,
12,1,2,1,3,1,2,1,3,1,2,0,3,1,2,1,2,1,2,0,3,
10,1,3,1,3,1,3,1,3,1,3,0,3,1,2,1,2,1,2,0,3,
10,0,2,0,2,0,2,0,2,0,2,0,2,0,1,0,1,0,1,0,2,
11,0,2,3,2,0,2,3,2,0,2,2,2,0,1,3,1,0,1,2,2,
10,1,2,0,2,1,2,0,2,0,2,0,2,0,1,0,2,1,1,0,2,
11,0,2,0,2,0,2,0,2,0,2,0,2,0,1,0,2,0,1,0,2,
10,1,2,0,2,1,2,0,2,0,2,0,2,1,1,0,2,1,1,0,2,
12,3,4,0,4,3,4,0,4,3,4,0,5,3,4,0,4,3,4,0,4,
10,1,2,0,2,1,2,0,2,0,2,0,2,1,1,0,2,1,1,0,2,
11,0,1,0,2,0,1,0,2,0,1,0,2,0,1,0,1,0,1,0,2,
10,1,2,0,2,1,2,0,2,0,2,0,2,1,1,0,2,1,2,0,2,
10,1,2,1,2,1,2,1,2,1,2,0,3,1,2,1,2,1,2,0,3,
10,1,2,1,2,1,2,1,2,1,2,0,3,1,2,1,2,1,2,0,2,
10,1,2,1,2,1,2,1,2,1,2,0,3,1,2,1,2,1,2,0,2,
10,1,2,1,2,1,2,1,2,1,2,0,3,1,2,1,2,1,2,0,2,
10,1,2,1,2,1,2,1,2,1,2,0,3,1,2,1,2,1,2,0,3,
10,1,2,1,2,1,2,1,2,1,2,0,3,1,2,1,2,1,2,0,2,
10,1,2,1,2,1,2,1,2,1,2,0,3,1,2,1,2,1,2,0,3,
10,1,2,1,2,1,2,1,2,1,2,0,3,1,2,1,2,1,2,0,3,
10,1,2,1,3,1,3,1,3,1,2,0,3,1,2,1,2,1,2,0,3,
10,1,2,1,2,1,2,1,2,1,2,0,3,1,2,1,2,1,2,0,3,
10,1,2,1,3,1,3,1,3,1,2,0,3,1,2,1,2,1,2,0,3,
10,1,2,1,3,1,3,1,3,1,2,0,3,1,2,1,2,1,2,0,3,
10,1,2,1,3,1,3,1,3,1,2,0,3,1,2,1,2,1,2,0,3,
10,1,2,1,3,1,3,1,3,1,2,0,3,1,2,1,2,1,2,0,3,
10,1,2,1,3,1,3,1,3,1,2,0,3,1,2,1,2,1,2,0,3,
12,1,2,1,3,1,3,1,3,1,2,0,3,1,2,1,2,1,2,0,3,
10,1,2,1,3,1,3,1,3,1,2,0,3,1,2,1,2,1,2,0,3,
11,1,3,1,3,1,3,1,3,1,2,0,3,1,2,1,2,1,2,0,3,
10,0,2,3,2,0,2,3,2,0,2,2,2,0,1,3,1,0,1,2,2,
9,1,3,1,3,1,3,1,3,1,2,0,3,1,2,1,2,1,2,0,3,
12,1,3,1,3,1,3,1,3,1,3,0,3,1,2,1,2,1,2,0,3,
10,1,3,1,3,1,3,1,3,1,3,0,3,1,2,1,2,1,2,1,3,
12,0,2,0,4,1,2,0,4,0,2,0,5,0,1,0,4,0,1,0,4,
10,1,3,1,3,1,3,1,3,1,3,0,3,1,2,1,2,1,2,1,3,
10,0,2,0,2,0,2,0,2,0,2,0,2,0,1,0,2,1,2,0,2,
10,0,2,0,2,1,2,0,2,0,2,0,2,1,1,0,2,1,2,0,2,
10,1,2,0,2,1,2,0,2,0,2,0,2,1,1,0,2,1,2,0,2,
10,1,2,0,2,1,2,1,2,1,2,0,3,1,2,0,2,1,2,0,2,
10,1,2,0,2,1,2,1,2,1,2,0,3,1,2,0,2,1,2,0,2,
10,1,2,0,2,1,2,0,2,1,2,0,2,1,1,0,2,1,2,0,2,
10,1,2,0,2,1,2,1,2,1,2,0,3,1,2,0,2,1,2,0,2,
10,1,2,0,2,1,2,1,2,1,2,0,3,1,2,0,2,1,2,0,2,
10,1,2,1,2,1,2,1,2,1,2,0,3,1,2,0,2,1,2,0,2,
10,1,2,1,2,1,2,1,2,1,2,0,3,1,2,1,2,1,2,0,2,
10,1,2,1,2,1,2,1,2,1,2,0,3,1,2,1,2,1,2,0,3,
10,1,2,1,2,1,2,1,2,1,2,0,3,1,2,1,2,1,2,0,3,
10,1,2,1,2,1,2,1,3,1,2,0,3,1,2,1,2,1,2,0,3,
10,1,2,1,2,1,3,1,3,1,2,0,3,1,2,1,2,1,2,0,3,
10,1,2,1,3,1,3,1,3,1,2,0,3,1,2,1,2,1,2,0,3,
10,1,2,1,3,1,3,1,3,1,2,0,3,1,2,1,2,1,2,0,3,
11,1,2,0,2,1,2,1,2,1,2,0,3,1,1,0,2,1,2,0,2,
12,0,1,0,2,0,2,1,2,0,1,0,2,0,1,0,1,0,1,0,2,
10,1,2,1,3,1,3,1,3,1,2,0,3,1,2,1,2,1,2,0,3,
10,1,2,1,3,1,3,1,3,1,2,0,3,1,2,1,2,1,2,0,3,
11,0,1,3,2,0,2,3,2,0,1,2,2,0,1,3,1,0,1,2,2,
10,1,3,1,3,1,3,1,3,1,3,0,3,1,2,1,2,2,2,0,3,
11,0,2,0,2,0,2,0,2,0,2,0,2,0,1,0,2,0,1,0,2,
11,1,3,1,3,1,3,1,3,1,3,0,3,1,2,1,2,1,2,0,3,
11,1,3,1,3,1,3,1,3,1,3,0,3,1,2,1,2,1,2,0,3,
10,1,3,1,3,1,3,1,3,1,3,0,3,1,2,1,2,1,2,0,3,
10,0,2,0,2,1,2,0,2,0,2,0,2,1,1,0,2,1,2,0,2,
10,1,3,1,3,1,3,1,3,1,3,0,3,1,2,1,2,1,2,1,3,
10,1,3,1,3,2,3,1,3,1,3,0,3,1,2,1,3,1,3,1,3,
10,1,2,0,2,1,2,0,2,0,2,0,2,1,1,0,2,1,2,0,2,
10,1,2,0,2,1,2,0,2,0,2,0,2,1,1,0,2,1,2,0,2,
10,1,2,0,2,1,2,0,2,1,2,0,2,1,1,0,2,1,2,0,2,
10,1,2,0,2,1,2,0,2,1,2,0,3,1,1,0,2,1,2,0,2,
10,1,2,0,2,1,2,0,2,1,2,0,2,1,1,0,2,1,2,0,2,
10,1,2,0,2,1,2,0,2,1,2,0,3,1,1,0,2,1,2,0,2,
10,1,2,0,2,1,2,1,2,1,2,0,3,1,2,0,2,1,2,0,2,
10,1,2,0,2,1,2,1,2,1,2,0,3,1,2,0,2,1,2,0,2,
10,1,2,1,2,1,2,1,2,1,2,0,3,1,2,0,2,1,2,0,2,
10,1,2,1,2,1,2,1,2,1,2,0,3,1,2,1,2,1,2,0,3,
10,1,2,1,2,1,2,1,2,1,2,0,3,1,2,1,2,1,2,0,2,
10,1,2,1,2,1,3,1,3,1,2,0,3,1,2,1,2,1,2,0,3,
10,1,2,1,3,1,3,1,3,1,2,0,3,1,2,1,2,1,2,0,3,
12,1,3,1,3,1,3,1,3,1,3,0,3,1,2,1,2,2,2,0,3,
10,0,3,2,2,0,3,2,2,0,3,2,2,0,2,2,1,0,2,2,2,
10,1,2,1,3,1,3,1,3,1,2,0,3,1,2,1,2,1,2,0,3,
10,1,2,1,3,1,3,1,3,1,2,0,3,1,2,1,2,1,2,0,3,
11,0,1,2,2,0,2,2,2,0,1,2,2,0,1,2,1,0,1,2,2,
10,1,2,1,3,1,3,1,3,1,2,0,3,1,2,1,2,1,2,0,3,
13,1,2,1,3,1,3,1,3,1,2,0,3,1,2,1,2,1,2,0,3,
10,1,2,1,3,1,3,1,3,1,2,0,3,1,2,1,2,1,2,0,3,
12,1,2,1,3,1,3,1,3,1,2,0,3,1,2,1,2,1,2,0,3,
10,1,2,1,3,1,3,1,3,1,2,0,3,1,2,1,2,1,2,0,3,
11,1,3,1,3,1,3,1,3,1,3,0,3,1,2,1,2,2,2,0,3,
10,1,3,1,3,1,3,1,3,1,3,0,3,1,2,1,2,2,2,0,3,
10,1,3,1,3,1,3,1,3,1,3,0,3,1,2,1,2,1,3,0,3,
10,1,3,1,3,1,3,1,3,1,3,0,3,1,2,1,3,2,3,1,3,
10,1,2,0,2,1,2,0,2,0,2,0,2,1,1,0,2,1,2,0,2,
10,0,2,0,2,1,2,0,2,0,2,0,2,1,1,0,2,1,2,0,2,
10,0,2,0,2,1,2,0,2,0,2,0,2,1,1,0,2,1,2,0,2,
10,1,2,0,2,1,2,0,2,1,2,0,2,1,1,0,2,1,2,0,2,
10,1,2,0,2,1,2,0,2,1,2,0,3,1,1,0,2,1,2,0,2,
10,1,2,0,2,1,2,1,2,1,2,0,3,1,2,0,2,1,2,0,2,
10,1,2,0,2,1,2,1,2,1,2,0,3,1,2,0,2,1,2,0,2,
10,1,2,0,2,1,2,1,2,1,2,0,3,1,1,0,2,1,2,0,2,
10,1,2,0,2,1,2,1,2,1,2,0,3,1,2,0,2,1,2,0,2,
11,1,2,1,2,1,2,1,2,1,2,0,3,1,2,1,2,1,2,0,2,
10,1,2,1,2,1,2,1,2,1,2,0,3,1,2,1,2,1,2,0,2,
10,1,2,1,3,1,2,1,2,1,2,0,3,1,2,1,2,1,2,0,3,
12,1,3,1,3,1,3,1,3,1,3,0,3,1,2,1,2,1,2,0,3,
12,1,2,1,3,1,3,1,3,1,2,0,3,1,2,1,2,1,2,0,3,
10,1,2,1,3,1,3,1,3,1,2,0,3,1,2,1,2,1,2,0,3,
10,1,2,1,3,1,3,1,3,1,2,0,3,1,2,1,2,1,2,0,3,
10,0,1,1,2,0,2,1,2,0,1,1,2,0,1,1,1,0,1,1,2,
13,1,2,1,3,1,3,1,3,1,2,0,3,1,2,1,2,1,2,0,3,
12,1,2,1,3,1,3,1,3,1,2,0,3,1,2,1,2,1,2,0,3,
10,1,2,1,3,1,3,1,3,1,2,0,3,1,2,1,2,1,2,0,3,
12,1,2,1,3,1,3,1,3,1,2,0,3,1,2,1,2,1,2,0,3,
10,1,2,1,3,1,3,1,3,1,2,0,3,1,2,1,2,1,2,0,3,
10,1,2,1,3,1,3,1,3,1,2,0,3,1,2,1,2,1,2,0,3,
10,1,3,1,3,1,3,1,3,1,2,0,3,1,2,1,2,2,2,0,3,
10,1,2,1,3,1,3,1,3,1,2,0,3,1,2,1,2,2,2,0,3,
11,1,3,1,3,2,3,1,3,1,3,0,3,1,2,1,2,2,2,0,3,
10,1,3,1,3,1,3,1,3,1,3,0,3,1,2,1,2,1,2,0,3,
10,1,3,1,3,1,3,1,3,1,3,0,3,1,2,1,2,1,2,0,3,
10,1,3,1,3,1,3,1,3,1,3,0,3,1,2,1,3,2,2,0,3,
10,1,3,1,3,1,3,1,3,1,3,0,3,1,2,1,3,1,2,1,3,
12,3,5,1,5,4,5,1,5,3,5,0,5,4,4,1,5,4,4,1,5,
10,1,2,0,2,1,2,0,2,0,2,0,2,0,1,0,2,1,1,0,2,
10,0,2,0,2,1,2,0,2,0,2,0,3,1,1,0,2,1,2,0,2,
10,1,2,0,2,1,2,0,2,1,2,0,3,1,1,0,2,1,2,0,2,
10,1,2,0,2,1,2,0,2,1,2,0,3,1,1,0,2,1,2,0,2,
10,1,2,0,2,1,2,1,2,1,2,0,3,1,1,0,2,1,2,0,2,
10,1,2,1,2,1,2,1,2,1,2,0,3,1,2,1,2,1,2,0,2,
10,1,2,1,3,1,2,1,3,1,2,0,3,1,2,1,2,1,2,0,3,
11,1,3,1,3,1,3,1,3,1,2,0,3,1,2,1,2,1,2,0,3,
10,0,2,2,2,0,3,2,2,0,2,2,2,0,2,2,1,0,2,2,2,
10,1,2,1,2,1,2,1,2,1,2,0,3,1,2,1,2,1,2,0,3,
10,1,2,1,2,1,3,1,3,1,2,0,3,1,2,1,2,1,2,0,3,
13,1,2,0,2,1,2,0,2,0,2,0,2,1,1,0,2,1,2,0,2,
12,1,2,1,3,1,3,1,3,1,2,0,3,1,2,1,2,1,2,0,3,
11,1,2,1,3,1,2,1,2,1,2,0,3,1,2,1,2,1,2,0,3,
10,1,2,1,3,1,3,1,2,1,2,0,3,1,2,1,2,1,2,0,3,
13,1,2,1,5,1,3,1,5,1,2,0,5,1,2,1,5,1,2,0,5,
10,1,2,1,3,1,3,1,3,1,2,0,3,1,2,1,2,1,2,0,3,
10,1,2,1,3,1,3,1,3,1,2,0,3,1,2,1,2,1,2,0,3,
10,1,2,1,3,1,3,1,3,1,2,0,3,1,2,1,2,1,2,0,3,
10,1,2,1,3,1,3,1,3,1,2,0,3,1,2,1,2,1,2,0,3,
10,1,2,1,3,1,3,1,3,1,2,0,3,1,2,1,2,1,2,0,3,
10,1,3,1,3,1,3,1,3,1,3,0,3,1,2,1,2,1,2,0,3,
10,1,3,1,3,1,3,1,3,1,3,0,3,1,2,1,2,1,2,0,3,
9,1,3,1,3,1,3,1,3,1,3,0,3,1,2,1,3,1,2,0,3,
10,1,3,1,3,2,3,1,3,1,3,0,3,1,2,1,3,2,2,0,3,
10,1,2,0,2,1,2,0,2,1,2,0,3,1,1,0,2,1,2,0,2,
10,1,2,0,2,1,2,0,2,0,2,0,2,1,1,0,2,1,1,0,2,
10,1,2,0,2,1,2,0,2,0,2,0,2,1,1,0,2,1,1,0,2,
10,1,2,0,2,1,2,0,2,0,2,0,2,1,1,0,2,1,2,0,2,
10,1,2,0,2,1,2,0,2,0,2,0,2,1,1,0,2,1,2,0,2,
10,1,2,0,2,1,2,0,2,1,2,0,2,1,1,0,2,1,2,0,2,
10,1,2,0,2,1,2,1,2,0,2,0,3,1,1,0,2,1,2,0,2,
10,1,2,0,2,1,2,1,2,1,2,0,3,1,1,0,2,1,2,0,2,
12,1,3,1,3,1,3,1,3,1,2,0,3,1,2,1,2,1,2,0,3,
13,1,2,0,2,1,2,0,2,0,2,0,2,1,1,0,2,1,2,0,2,
10,1,2,1,2,1,2,1,2,1,2,0,3,1,2,1,2,1,2,0,3,
10,1,2,0,2,1,2,1,2,1,2,0,3,1,2,0,2,1,2,0,3,
13,1,3,1,3,1,3,1,3,1,3,0,3,1,2,1,3,1,2,1,3,
10,1,2,1,2,1,2,1,2,1,2,0,3,1,2,1,2,1,2,0,3,
10,1,2,1,3,1,2,1,2,1,2,0,3,1,2,1,2,1,2,0,3,
10,1,2,1,2,1,2,1,3,1,2,0,3,1,2,1,2,1,2,0,3,
13,4,5,1,5,4,5,1,5,4,5,0,6,4,5,1,5,4,5,0,6,
10,1,2,1,3,1,3,1,3,1,2,0,3,1,2,1,2,1,2,0,3,
10,1,3,1,3,1,3,1,3,1,3,0,3,1,2,1,2,1,2,0,3,
10,1,3,1,3,1,3,1,3,1,2,0,3,1,2,1,2,1,2,0,3,
10,1,2,1,3,1,3,1,3,1,2,0,3,1,2,1,2,1,2,0,3,
10,1,3,1,3,1,3,1,3,1,2,0,3,1,2,1,2,1,2,0,3,
10,1,2,1,3,1,3,1,3,1,2,0,3,1,2,1,2,1,2,0,3,
11,2,3,1,3,2,3,1,3,2,3,0,4,2,2,1,3,2,2,0,4,
10,1,3,1,3,1,3,1,3,1,3,0,3,1,2,1,2,1,2,0,3,
10,1,3,1,3,1,3,1,3,1,3,0,3,1,2,1,2,1,2,0,3,
11,0,2,0,2,0,2,0,2,0,2,0,2,0,1,0,2,0,1,0,2,
11,1,3,1,3,1,3,1,3,1,3,0,3,1,2,1,3,1,2,0,3,
10,1,3,1,3,1,3,1,3,1,3,0,3,1,2,1,3,1,2,1,3,
10,1,3,1,3,1,3,1,3,1,3,0,3,1,2,1,3,1,2,0,3,
10,2,3,1,3,2,3,1,3,1,3,0,3,2,2,1,3,2,2,1,3,
10,1,2,0,2,1,2,0,2,0,2,0,2,1,1,0,2,0,1,0,2,
10,1,2,0,2,1,2,0,2,0,2,0,2,1,1,0,2,1,1,0,2,
10,1,2,0,2,1,2,0,2,0,2,0,2,1,1,0,2,1,2,0,2,
10,1,3,1,3,1,3,1,3,1,2,0,3,1,2,1,2,1,2,0,3,
13,1,2,1,3,1,3,1,3,1,2,0,3,1,2,1,2,1,2,0,3,
10,1,2,0,2,1,2,1,2,1,2,0,3,1,2,0,2,1,2,0,2,
10,0,1,1,1,0,1,1,1,0,1,0,1,0,1,1,0,0,1,0,1,
12,1,3,1,3,1,3,1,3,1,3,0,3,1,2,1,3,1,2,0,3,
10,1,3,1,3,1,3,1,3,1,3,0,3,1,2,1,2,1,2,0,3,
10,1,2,1,2,1,2,1,2,1,2,0,3,1,2,0,2,1,2,0,2,
10,1,2,1,2,1,2,1,2,1,2,0,3,1,2,0,2,1,2,0,3,
12,3,4,0,4,3,4,0,4,3,4,0,5,3,4,0,4,3,4,0,5,
10,1,2,1,2,1,2,1,2,1,2,0,3,1,2,1,2,1,2,0,3,
10,1,2,1,3,1,2,1,2,1,2,0,3,1,2,1,2,1,2,0,3,
10,1,2,1,3,1,3,1,3,1,2,0,3,1,2,1,2,1,2,0,3,
10,1,2,1,3,1,2,1,3,1,2,0,3,1,2,1,2,1,2,0,3,
31,1,3,1,3,1,3,1,24,1,3,0,3,1,2,1,2,1,2,0,3,
11,1,2,1,3,2,3,1,3,1,2,0,3,1,2,1,2,1,2,0,3,
10,1,3,1,3,1,3,1,3,1,2,0,3,1,2,1,2,1,2,0,3,
10,1,3,1,3,1,3,1,3,1,2,0,3,1,2,1,2,1,2,0,3,
10,1,3,1,3,2,3,1,3,1,2,0,3,1,2,1,2,1,2,0,3,
10,1,3,1,3,1,3,1,3,1,3,0,3,1,2,1,2,1,2,0,3,
10,1,3,1,3,1,3,1,3,1,3,0,3,1,2,1,2,1,2,0,3,
11,1,3,1,3,1,3,1,3,1,3,0,3,1,2,1,2,1,2,0,3,
10,1,3,1,3,1,3,1,3,1,3,0,3,1,2,1,2,1,2,0,3,
10,1,3,1,3,1,3,1,3,1,3,0,3,1,2,1,2,1,2,0,3,
9,1,3,1,3,1,3,1,3,1,3,0,3,1,2,1,2,1,2,0,3,
10,1,3,1,3,2,3,1,3,1,3,0,3,1,2,1,3,1,2,1,3,
10,1,2,0,2,1,2,0,2,0,2,0,2,1,1,0,2,1,1,0,2,
11,1,3,1,3,1,3,1,3,1,2,0,3,1,2,1,2,1,2,0,3,
13,1,2,1,3,1,3,1,3,1,2,0,3,1,2,1,2,1,2,0,3,
10,1,2,0,2,1,2,0,2,1,2,0,2,1,1,0,2,1,2,0,2,
10,1,2,0,2,1,2,0,2,1,2,0,3,1,2,0,2,1,2,0,2,
13,1,2,0,2,1,2,0,2,0,2,0,2,1,1,0,2,1,2,0,2,
10,1,2,0,2,1,2,0,2,1,2,0,2,1,2,0,2,1,2,0,2,
10,1,2,0,2,1,2,1,2,1,2,0,2,1,1,0,2,1,2,0,2,
10,1,2,0,2,1,2,1,2,1,2,0,2,1,2,0,2,1,2,0,2,
11,3,4,1,4,3,4,1,4,3,4,0,4,3,4,1,4,3,4,1,5,
10,1,2,0,2,1,2,1,2,1,2,0,2,1,2,0,2,1,2,0,3,
10,1,2,0,2,1,2,1,2,1,2,0,2,1,2,0,2,1,2,0,3,
10,1,2,1,2,1,2,1,2,1,2,0,3,1,2,1,2,1,2,0,3,
10,1,2,1,3,1,2,1,3,1,2,0,3,1,2,1,2,1,2,0,3,
10,1,2,1,3,1,2,1,3,1,2,0,2,1,2,1,2,1,2,0,3,
10,1,2,1,3,1,2,1,3,1,2,0,3,1,2,1,2,1,2,0,3,
10,1,2,1,3,1,2,1,3,1,2,0,2,1,2,1,2,1,2,0,3,
12,1,3,1,3,1,3,1,3,1,3,0,3,1,2,1,2,1,2,0,3,
10,1,2,1,3,1,3,1,3,1,2,0,2,1,2,1,2,1,2,0,3,
10,1,2,1,3,1,3,1,3,1,2,0,3,1,2,1,2,1,2,0,3,
10,1,2,1,3,1,3,1,3,1,2,0,3,1,2,1,2,1,2,0,3,
10,1,3,1,3,1,3,1,3,1,2,0,3,1,2,1,2,1,2,0,3,
10,1,2,1,3,1,3,1,3,1,2,0,3,1,2,1,2,1,2,0,3,
10,1,3,1,3,1,3,1,3,1,3,0,3,1,2,1,2,1,2,0,3,
10,1,3,1,3,2,3,1,3,1,3,0,3,1,2,1,2,1,2,0,3,
10,1,3,1,3,1,3,1,3,1,3,0,3,1,2,1,3,1,2,0,3,
10,1,3,1,3,1,3,1,3,1,3,0,3,1,2,1,2,1,2,0,3,
10,1,2,1,3,1,2,1,2,1,2,0,2,1,2,1,2,1,2,0,3,
12,1,2,0,2,1,2,0,2,0,2,0,2,1,1,0,2,1,1,0,2,
9,2,3,1,3,2,3,1,3,1,3,0,3,2,2,1,3,2,2,1,3,
9,1,2,0,2,1,2,0,2,0,2,0,2,1,1,0,2,1,2,0,2,
34,1,24,1,3,1,25,1,3,1,24,0,3,1,24,1,2,1,24,0,3,
10,1,2,0,2,1,2,1,2,1,2,0,2,1,2,0,2,1,2,0,3,
10,1,2,0,2,1,2,0,2,1,2,0,2,1,1,0,2,1,2,0,2,
10,1,2,0,2,1,2,0,2,1,2,0,2,1,1,0,2,1,2,0,2,
10,2,3,1,4,2,3,1,4,2,3,0,4,2,3,1,3,2,3,0,4,
10,1,2,0,2,1,2,1,2,1,2,0,2,1,1,0,2,1,2,0,2,
10,1,2,0,2,1,2,1,2,1,2,0,2,1,2,0,2,1,2,0,3,
10,1,2,0,2,1,2,1,2,1,2,0,2,1,2,0,2,1,2,0,3,
10,1,2,1,2,1,2,1,2,1,2,0,2,1,2,1,2,1,2,0,3,
10,1,2,1,2,1,2,1,2,1,2,0,2,1,2,1,2,1,2,0,3,
10,1,2,1,3,1,2,1,3,1,2,0,3,1,2,1,2,1,2,0,3,
10,1,2,1,3,1,2,1,2,1,2,0,2,1,2,1,2,1,2,0,3,
10,1,2,1,3,1,2,1,3,1,2,0,2,1,2,1,2,1,2,0,3,
10,1,2,1,3,1,2,1,3,1,2,0,2,1,2,1,2,1,2,0,3,
10,1,2,1,3,1,2,1,3,1,2,0,2,1,2,1,2,1,2,0,3,
10,1,2,1,3,1,2,1,3,1,2,0,2,1,2,1,2,1,2,0,3,
10,1,2,1,3,1,2,1,3,1,2,0,3,1,2,1,2,1,2,0,3,
10,1,2,1,3,1,2,1,3,1,2,0,2,1,2,1,2,1,2,0,3,
10,1,2,1,3,1,3,1,3,1,2,0,3,1,2,1,2,1,2,0,3,
10,1,2,1,3,1,3,1,3,1,2,0,3,1,2,1,2,1,2,0,3,
11,1,2,1,3,2,3,1,3,1,2,0,3,1,2,1,2,1,2,0,3,
10,1,2,1,3,1,3,1,3,1,2,0,3,1,2,1,2,1,2,0,3,
12,1,2,1,3,1,3,1,3,1,2,0,3,1,2,1,2,1,2,0,3,
13,1,2,1,3,1,2,1,3,1,2,0,2,1,2,1,2,1,2,0,3,
10,1,3,1,3,1,3,1,3,1,3,0,3,1,2,1,2,1,2,0,3,
10,1,3,1,3,2,3,1,3,1,3,0,3,1,2,1,3,1,2,0,3,
12,1,2,1,3,2,2,1,3,1,2,0,3,1,2,1,2,1,2,0,3,
9,1,2,0,2,1,2,0,2,0,2,0,2,1,1,0,2,0,1,0,2,
10,1,2,0,2,1,2,0,2,0,2,0,2,1,1,0,2,0,1,0,2,
10,1,2,0,2,1,2,0,2,0,2,0,2,1,1,0,2,1,1,0,2,
10,1,2,0,3,1,2,0,2,1,2,0,2,1,2,0,2,1,2,0,3,
10,1,2,0,2,1,2,0,2,1,2,0,2,1,1,0,2,1,2,0,2,
10,1,2,0,2,1,2,0,2,1,2,0,2,1,1,0,2,1,2,0,2,
10,1,2,1,2,1,2,1,2,1,2,0,2,1,2,1,2,1,2,0,3,
10,1,2,1,2,1,2,1,2,1,2,0,2,1,2,1,2,1,2,0,3,
10,0,0,0,1,0,0,0,1,0,0,0,1,0,0,0,0,0,0,0,1,
10,1,2,1,2,1,2,1,2,1,2,0,2,1,2,1,2,1,2,0,3,
10,1,2,0,2,1,2,1,2,1,2,0,2,1,2,1,2,1,2,0,3,
10,1,2,1,2,1,2,1,2,1,2,0,2,1,2,1,2,1,2,0,3,
10,1,2,1,2,1,2,1,2,1,2,0,2,1,2,1,2,1,2,0,3,
10,1,2,1,3,1,2,1,2,1,2,0,2,1,2,1,2,1,2,0,3,
10,1,2,1,3,1,2,1,2,1,2,0,2,1,2,1,2,1,2,0,3,
10,1,2,1,3,1,2,1,3,1,2,0,3,1,2,1,2,1,2,0,3,
10,1,2,1,3,1,2,1,3,1,2,0,3,1,2,1,2,1,2,0,3,
10,1,2,1,3,1,2,1,3,1,2,0,3,1,2,1,2,1,2,0,3,
10,1,2,1,3,1,2,1,3,1,2,0,2,1,2,1,2,1,2,0,3,
10,1,2,1,3,1,3,1,3,1,2,0,3,1,2,1,2,1,2,0,3,
10,1,2,1,3,1,3,1,3,1,2,0,3,1,2,1,2,1,2,0,3,
11,1,2,0,2,1,2,1,2,1,2,0,2,1,2,1,2,1,2,0,3,
13,1,2,1,2,1,2,1,2,1,2,0,2,1,2,1,2,1,2,0,3,
10,1,3,1,3,1,3,1,3,1,3,0,3,1,2,1,2,1,2,0,3,
10,1,3,1,3,1,3,1,3,1,3,0,3,1,2,1,3,1,2,0,3,
13,1,2,1,3,1,2,1,3,1,2,0,2,1,2,1,2,1,2,0,3,
10,1,3,1,3,1,3,1,3,1,3,0,3,1,2,1,2,1,2,0,3,
10,1,3,1,3,2,3,1,3,1,3,0,3,1,2,1,3,1,2,0,3,
9,1,3,1,3,2,3,1,3,1,3,0,3,1,2,1,3,1,2,1,3,
10,2,3,1,3,2,3,1,3,2,3,0,3,2,3,1,3,2,3,0,4,
9,1,2,0,2,1,2,0,2,0,2,0,2,1,1,0,2,1,1,0,2,
9,1,2,0,2,1,2,0,2,0,2,0,2,1,1,0,2,0,1,0,2,
11,2,3,0,4,2,3,0,4,2,3,0,3,2,3,0,3,2,3,0,4,
10,1,2,0,2,1,2,1,2,1,2,0,2,1,1,0,2,1,2,0,3,
10,1,2,0,2,1,2,0,2,1,2,0,2,1,1,0,2,1,2,0,2,
10,1,2,1,2,1,2,1,2,1,2,0,2,1,2,0,2,1,2,0,3,
10,1,2,0,2,1,2,1,2,1,2,0,2,1,2,0,2,1,2,0,3,
10,1,2,1,2,1,2,1,2,1,2,0,2,1,2,0,2,1,2,0,3,
10,1,2,1,2,1,2,1,2,1,2,0,2,1,2,1,2,1,2,0,3,
10,1,2,1,3,1,3,1,3,1,2,0,3,1,2,1,2,1,2,0,3,
29,0,1,21,1,0,1,21,1,0,1,20,1,0,1,20,1,0,1,20,2,
10,1,2,1,3,1,3,1,3,1,2,0,3,1,2,1,2,1,2,0,3,
10,1,2,1,2,1,2,1,2,1,2,0,2,1,2,1,2,1,2,0,3,
10,1,2,1,3,1,2,1,2,1,2,0,2,1,2,1,2,1,2,0,3,
10,1,2,1,3,1,2,1,3,1,2,0,2,1,2,1,2,1,2,0,3,
10,1,2,1,3,1,2,1,3,1,2,0,2,1,2,1,2,1,2,0,3,
10,1,2,1,3,1,2,1,3,1,2,0,3,1,2,1,2,1,2,0,3,
10,1,2,1,3,1,2,1,3,1,2,0,3,1,2,1,2,1,2,0,3,
10,1,3,1,3,2,3,1,3,1,3,0,3,1,2,1,3,2,2,1,3,
10,1,2,1,3,1,3,1,3,1,2,0,3,1,2,1,2,1,2,0,3,
10,1,2,1,3,1,3,1,3,1,2,0,3,1,2,1,2,1,2,0,3,
10,1,2,1,3,1,3,1,3,1,2,0,3,1,2,1,2,1,2,0,3,
13,1,5,1,6,1,5,1,6,1,5,0,6,1,5,1,5,1,5,0,6,
10,1,2,1,3,1,3,1,3,1,2,0,3,1,2,1,2,1,2,0,3,
10,1,3,1,3,1,3,1,3,1,3,0,3,1,2,1,2,1,2,0,3,
11,1,3,1,3,1,3,1,3,1,3,0,3,1,2,1,3,1,2,0,3,
10,0,2,0,2,0,2,0,2,0,2,0,2,0,1,0,2,0,1,0,2,
9,1,2,0,2,1,2,0,2,0,2,0,2,0,1,0,2,1,1,0,2,
10,0,1,1,1,0,1,1,1,0,1,1,1,0,0,1,1,0,0,1,1,
9,1,2,0,2,1,2,0,2,0,2,0,2,1,1,0,2,1,2,0,2,
9,1,2,0,2,1,2,0,2,1,2,0,2,1,1,0,2,1,2,0,2,
10,1,2,0,2,1,2,0,2,1,2,0,2,1,2,0,2,1,2,0,2,
10,1,2,0,2,1,2,1,2,1,2,0,2,1,2,0,2,1,2,0,2,
10,1,2,1,2,1,2,1,2,1,2,0,2,1,2,1,2,1,2,0,3,
10,1,2,0,2,1,2,1,2,1,2,0,2,1,2,1,2,1,2,0,2,
10,1,2,0,2,1,2,1,2,1,2,0,2,1,2,1,2,1,2,0,3,
10,1,2,1,2,1,2,1,2,1,2,0,2,1,2,0,2,1,2,0,2,
10,1,2,1,2,1,2,1,2,1,2,0,2,1,2,1,2,1,2,0,3,
10,1,2,1,2,1,2,1,2,1,2,0,2,1,2,1,2,1,2,0,3,
10,1,2,1,2,1,2,1,2,1,2,0,2,1,2,1,2,1,2,0,3,
10,1,2,1,2,1,2,1,2,1,2,0,2,1,2,1,2,1,2,0,3,
10,1,2,1,2,1,2,1,2,1,2,0,2,1,2,1,2,1,2,0,3,
10,1,2,1,3,1,2,1,3,1,2,0,3,1,2,1,2,1,2,0,3,
10,1,2,1,3,1,3,1,3,1,2,0,3,1,2,1,2,1,2,0,3,
11,2,3,1,3,2,3,1,3,1,3,0,3,1,2,1,3,2,2,1,3,
10,1,2,1,3,1,3,1,3,1,2,0,3,1,2,1,2,1,2,0,3,
10,1,2,1,3,1,3,1,3,1,2,0,3,1,2,1,2,1,2,0,3,
11,1,2,1,2,1,2,1,2,1,2,0,2,1,2,1,2,1,2,0,3,
13,1,2,1,3,1,3,1,3,1,2,0,3,1,2,1,2,1,2,0,3,
10,1,2,1,3,1,3,1,3,1,2,0,3,1,2,1,2,1,2,0,3,
10,1,2,1,3,1,3,1,3,1,2,0,3,1,2,1,2,1,2,0,3,
10,1,2,1,3,1,3,1,3,1,2,0,3,1,2,1,2,1,2,0,3,
10,1,3,1,3,1,3,1,3,1,3,0,3,1,2,1,2,1,2,0,3,
10,1,3,1,3,2,3,1,3,1,3,0,3,1,2,1,3,1,2,1,3,
10,1,3,1,3,1,3,1,3,1,3,0,3,1,2,1,2,1,2,0,3,
10,1,3,1,3,1,3,1,3,1,3,0,3,1,2,1,3,1,2,1,3,
10,1,3,1,3,1,3,1,3,1,3,0,3,1,2,1,2,1,2,0,3,
9,1,3,1,3,2,3,1,3,1,3,0,3,1,2,1,3,1,2,1,3,
9,1,3,1,3,2,3,1,3,1,3,0,3,1,2,1,3,1,2,1,3,
9,1,2,0,2,1,2,0,2,0,2,0,2,1,1,0,2,1,2,0,2,
9,1,2,0,2,1,2,0,2,1,2,0,2,1,1,0,2,1,2,0,2,
9,1,2,0,2,1,2,0,2,0,2,0,2,1,1,0,2,1,2,0,2,
9,1,2,0,2,1,2,0,2,0,2,0,2,1,1,0,2,1,2,0,2,
10,1,2,0,2,1,2,1,3,1,2,0,2,1,2,0,2,1,2,0,3,
10,1,2,1,2,1,2,1,3,1,2,0,2,1,2,1,2,1,2,0,3,
10,1,2,1,2,1,2,1,3,1,2,0,2,1,2,1,2,1,2,0,3,
10,1,2,1,2,1,2,1,2,1,2,0,2,1,2,1,2,1,2,0,3,
10,0,1,2,2,0,1,2,1,0,1,1,1,0,1,2,1,0,1,1,2,
10,1,2,1,2,1,2,1,2,1,2,0,2,1,2,1,2,1,2,0,3,
10,1,2,1,2,1,2,1,2,1,2,0,3,1,2,1,2,1,2,0,3,
13,1,2,1,2,1,2,1,2,1,2,0,2,1,2,1,2,1,2,0,3,
10,1,2,1,3,1,2,1,3,1,2,0,2,1,2,1,2,1,2,0,3,
10,1,2,1,3,1,2,1,3,1,2,0,3,1,2,1,2,1,2,0,3,
13,1,2,1,2,1,2,1,2,1,2,0,2,1,2,1,2,1,2,0,3,
10,1,2,1,3,1,2,1,3,1,2,0,2,1,2,1,2,1,2,0,3,
10,1,2,1,3,1,3,1,3,1,2,0,3,1,2,1,2,1,2,0,3,
10,1,2,1,3,1,3,1,3,1,2,0,3,1,2,1,2,1,2,0,3,
10,1,3,0,3,1,3,1,3,1,3,0,3,1,2,0,3,1,2,0,3,
10,1,2,1,3,1,3,1,3,1,2,0,3,1,2,1,2,1,2,0,3,
10,1,2,1,3,1,3,1,3,1,2,0,3,1,2,1,2,1,2,0,3,
10,1,2,1,3,1,3,1,3,1,2,0,3,1,2,1,2,1,2,0,3,
10,1,2,1,3,1,3,1,3,1,2,0,3,1,2,1,2,1,2,0,3,
10,1,2,1,3,1,3,1,3,1,2,0,3,1,2,1,2,1,2,0,3,
10,1,3,1,3,1,3,1,3,1,3,0,3,1,2,1,2,1,2,0,3,
10,1,3,1,3,1,3,1,3,1,3,0,3,1,2,1,2,1,2,0,3,
10,1,3,1,3,2,3,1,3,1,3,0,3,1,2,1,3,1,2,1,3,
9,1,2,0,2,1,2,0,2,0,2,0,2,0,1,0,2,1,1,0,2,
9,1,2,0,2,1,2,0,2,0,2,0,2,1,1,0,2,1,1,0,2,
9,1,2,0,2,1,2,0,2,0,2,0,2,1,1,0,2,0,1,0,2,
9,1,2,0,2,1,2,0,2,0,2,0,2,1,1,0,2,0,1,0,2,
10,1,2,0,2,1,2,0,2,1,2,0,2,1,1,0,2,1,2,0,2,
10,1,2,0,2,1,2,1,2,1,2,0,2,1,1,0,2,1,2,0,2,
10,1,2,0,2,1,2,1,2,1,2,0,2,1,1,0,2,1,2,0,2,
10,1,2,1,2,1,2,1,2,1,2,0,2,1,2,0,2,1,2,0,3,
10,1,2,0,2,1,2,1,2,1,2,0,2,1,2,0,2,1,2,0,2,
12,1,2,0,2,1,2,0,2,1,2,0,2,1,1,0,2,1,2,0,2,
12,1,2,1,3,1,3,1,3,1,2,0,3,1,2,1,2,1,2,0,3,
10,1,2,1,2,1,2,1,2,1,2,0,2,1,2,1,2,1,2,0,3,
31,1,2,0,2,1,3,0,2,1,2,0,2,1,2,0,2,1,2,0,2,
12,1,2,0,2,1,2,0,2,0,2,0,2,1,1,0,2,1,2,0,2,
11,1,2,1,3,1,2,1,2,1,2,0,3,1,2,1,2,1,2,0,3,
10,1,2,1,3,1,2,1,2,1,2,0,2,1,2,1,2,1,2,0,3,
10,1,2,1,2,1,2,1,2,1,2,0,2,1,2,1,2,1,2,0,3,
11,2,3,0,4,2,3,1,4,2,3,0,3,2,3,0,3,2,3,0,4,
11,1,2,1,3,1,3,1,3,1,2,0,3,1,2,1,2,1,2,0,3,
10,1,2,1,3,1,3,1,3,1,2,0,3,1,2,1,2,1,2,0,3,
10,1,2,1,3,1,3,1,3,1,2,0,3,1,2,1,2,1,2,0,3,
10,1,2,1,3,1,3,1,3,1,2,0,3,1,2,1,2,1,2,0,3,
10,1,2,1,3,1,3,1,3,1,2,0,3,1,2,1,2,1,2,0,3,
10,1,2,1,3,1,3,1,3,1,2,0,3,1,2,1,2,1,2,0,3,
10,1,2,1,3,1,3,1,3,1,3,1,3,1,2,1,2,1,2,0,3,
10,1,2,1,3,1,3,1,3,1,3,0,3,1,2,1,2,1,2,0,3,
10,1,2,1,3,1,3,1,3,1,3,0,3,1,2,1,2,1,2,0,3,
10,1,2,1,3,1,3,1,3,1,3,0,3,1,2,1,2,1,2,0,3,
10,1,3,1,3,1,3,1,3,1,3,0,3,1,2,1,2,1,2,0,3,
9,0,2,0,2,1,2,0,2,0,2,0,2,0,1,0,2,0,1,0,2,
9,1,3,1,3,2,3,1,3,1,3,0,3,1,2,1,3,1,2,1,3,
9,1,2,0,2,1,2,0,2,0,2,0,2,1,1,0,2,0,1,0,2,
9,1,2,0,2,1,2,0,2,1,2,0,2,1,1,0,2,1,1,0,2,
9,1,2,0,2,1,2,0,2,0,2,0,2,1,1,0,2,1,1,0,2,
9,1,2,0,2,1,2,0,2,1,2,0,2,1,1,0,2,1,2,0,2,
12,1,2,1,3,1,3,1,3,1,2,0,3,1,2,1,2,1,2,0,3,
13,1,3,1,2,1,3,1,2,1,3,0,2,1,3,1,2,1,3,0,2,
10,1,2,0,2,1,2,1,2,1,2,0,2,1,2,0,2,1,2,0,2,
10,1,2,0,2,1,2,1,2,1,2,0,2,1,2,0,2,1,2,0,2,
12,1,2,1,3,1,3,1,3,1,2,0,3,1,2,1,2,1,2,0,3,
11,1,2,1,2,1,2,1,2,1,2,0,2,1,2,1,2,1,2,0,2,
10,1,2,1,2,1,2,1,2,1,2,0,2,1,2,1,2,1,2,0,3,
10,1,2,1,2,1,2,1,2,1,2,0,2,1,2,1,2,1,2,0,3,
11,2,3,0,4,2,3,0,4,2,3,0,3,2,3,0,3,2,3,0,4,
10,1,2,1,2,1,2,1,2,1,2,0,2,1,2,1,2,1,2,0,3,
10,1,2,1,2,1,2,1,3,1,2,0,2,1,2,1,2,1,2,0,3,
10,1,2,1,3,1,2,1,3,1,2,0,2,1,2,1,2,1,2,0,3,
10,1,2,1,3,1,2,1,3,1,2,0,2,1,2,1,2,1,2,0,3,
10,1,2,1,3,1,2,1,3,1,2,0,2,1,2,1,2,1,2,0,3,
10,1,2,1,3,1,3,1,3,1,2,0,2,1,2,1,2,1,2,0,3,
10,1,2,1,3,1,3,1,3,1,2,0,2,1,2,1,2,1,2,0,3,
10,1,2,1,3,1,3,1,3,1,2,0,3,1,2,1,2,1,2,0,3,
10,1,2,1,3,1,3,1,3,1,2,0,3,1,2,1,2,1,2,0,3,
10,1,2,1,3,2,3,1,3,1,2,0,3,1,2,1,2,1,2,0,3,
10,1,2,1,3,1,3,1,3,1,2,0,3,1,2,1,2,1,2,0,3,
10,1,2,1,3,2,3,1,3,1,3,0,3,1,2,1,2,1,2,0,3,
10,1,3,1,3,1,3,1,3,1,3,0,3,1,2,1,2,1,2,1,3,
12,1,2,0,2,1,2,0,2,0,2,0,2,1,1,0,2,1,1,0,2,
9,0,2,0,2,1,2,0,2,0,2,0,2,0,1,0,2,0,1,0,2,
9,0,2,0,2,1,2,0,2,0,2,0,2,0,1,0,2,0,1,0,2,
9,0,2,0,2,1,2,0,2,0,2,0,2,0,1,0,2,0,1,0,2,
12,1,3,1,3,2,3,1,3,1,3,0,3,1,2,1,3,1,2,1,3,
13,0,3,0,2,0,4,1,2,0,4,0,2,0,3,0,1,0,3,0,2,
10,1,2,0,2,1,2,1,2,0,2,0,2,1,1,0,2,1,2,0,2,
9,1,2,0,2,1,2,0,2,1,2,0,2,1,1,0,2,1,2,0,2,
12,1,2,1,3,2,3,1,3,1,3,0,3,1,2,1,2,1,2,1,3,
10,1,2,0,2,1,2,1,2,1,2,0,2,1,2,0,2,1,2,0,2,
12,1,4,1,5,1,4,1,5,1,4,0,4,1,2,1,4,1,4,0,5,
10,1,2,1,2,1,2,1,2,1,2,0,2,1,2,1,2,1,2,0,2,
11,3,4,1,4,3,4,1,5,3,4,0,4,3,4,1,4,3,4,1,5,
10,1,2,1,2,1,2,1,2,1,2,0,2,1,2,1,2,1,2,0,2,
10,1,2,1,2,1,2,1,3,1,2,0,2,1,2,1,2,1,2,0,3,
10,1,2,1,2,1,2,1,2,1,2,0,2,1,2,1,2,1,2,0,3,
10,1,2,1,2,1,2,1,2,1,2,0,2,1,2,1,2,1,2,0,3,
10,1,2,1,3,1,2,1,3,1,2,0,2,1,2,1,2,1,2,0,3,
10,1,2,1,3,1,2,1,3,1,2,0,2,1,2,1,2,1,2,0,3,
10,1,2,1,2,1,2,1,3,1,2,0,2,1,2,1,2,1,2,0,3,
10,1,2,1,3,1,3,1,3,1,2,0,3,1,2,1,2,1,2,0,3,
10,1,2,1,3,1,3,1,3,1,2,0,3,1,2,1,2,1,2,0,3,
10,1,2,1,3,1,3,1,3,1,2,0,3,1,2,1,2,1,2,0,3,
10,1,2,1,3,1,3,1,3,1,2,0,3,1,2,1,2,1,2,0,3,
10,1,2,1,3,2,3,1,3,1,2,0,3,1,2,1,2,1,2,0,3,
10,1,3,1,3,1,3,1,3,1,3,0,3,1,2,1,3,1,2,0,3,
10,1,2,1,3,2,3,1,3,1,3,0,3,1,2,1,2,1,2,0,3,
10,1,2,1,3,2,3,1,3,1,2,0,3,1,2,1,2,1,2,0,3,
10,1,2,1,3,1,3,1,3,1,3,0,3,1,2,1,2,1,2,0,3,
10,1,3,1,3,2,3,1,3,1,3,0,3,1,2,1,2,1,2,0,3,
11,1,2,1,3,1,3,1,3,1,2,0,3,1,2,1,2,1,2,0,3,
13,1,2,1,3,1,2,1,3,1,2,0,2,1,2,1,2,1,2,0,3,
9,1,2,0,2,1,2,0,2,0,2,0,2,1,1,0,2,0,1,0,2,
9,1,2,0,2,1,2,0,2,0,2,0,2,0,1,0,2,0,1,0,2,
13,1,2,1,3,1,2,1,3,1,2,0,2,1,2,1,2,1,2,0,3,
10,1,2,0,2,1,2,1,2,1,2,0,2,1,1,0,2,1,2,0,2,
10,1,2,0,2,1,2,0,2,0,2,0,2,1,1,0,2,1,1,0,2,
10,1,2,1,2,1,2,1,2,0,2,0,2,1,2,0,2,1,2,0,2,
11,3,4,1,4,3,4,1,4,3,4,0,4,3,4,1,4,3,4,1,4,
9,1,2,0,2,1,2,1,2,1,2,0,2,1,2,0,2,1,2,0,2,
10,1,2,1,2,1,2,1,2,1,2,0,2,1,2,1,2,1,2,0,2,
10,1,2,1,2,1,2,1,2,1,2,0,2,1,2,1,2,1,2,0,2,
10,1,2,1,2,1,2,1,2,1,2,0,2,1,2,1,2,1,2,0,3,
10,1,2,1,2,1,2,1,2,1,2,0,2,1,2,1,2,1,2,0,3,
10,1,2,1,2,1,2,1,2,1,2,0,2,1,2,1,2,1,2,0,3,
10,1,2,1,2,1,2,1,2,1,2,0,2,1,2,1,2,1,2,0,3,
10,1,2,1,2,1,2,1,2,1,2,0,2,1,2,1,2,1,2,0,3,
10,1,2,1,2,1,2,1,2,1,2,0,2,1,2,1,2,1,2,0,3,
10,1,2,1,3,1,2,1,3,1,2,0,2,1,2,1,2,1,2,0,3,
10,1,2,1,3,1,2,1,3,1,2,0,2,1,2,1,2,1,2,0,3,
10,1,2,1,3,1,2,1,3,1,2,0,2,1,2,1,2,1,2,0,3,
10,1,2,1,3,1,2,1,3,1,2,0,2,1,2,1,2,1,2,0,3,
10,1,2,1,3,1,3,1,3,1,2,0,3,1,2,1,2,1,2,0,3,
10,1,2,1,3,1,3,1,3,1,2,0,3,1,2,1,2,1,2,0,3,
10,1,2,1,3,2,3,1,3,1,2,0,3,1,2,1,2,1,2,0,3,
10,1,2,1,3,2,3,1,3,1,2,0,3,1,2,1,2,1,2,0,3,
13,1,2,1,2,1,2,1,3,1,2,0,2,1,2,1,2,1,2,0,3,
13,1,5,1,3,1,6,1,3,1,5,0,3,1,5,1,2,1,5,0,3,
10,1,3,1,3,2,3,1,3,1,3,0,3,1,2,1,3,1,2,1,3,
10,1,3,1,3,1,3,1,3,1,3,0,3,1,2,1,3,1,2,1,3,
10,0,2,3,2,0,2,3,2,0,2,2,2,0,1,3,2,0,1,2,2,
9,1,2,0,2,1,2,0,2,0,2,0,2,1,1,0,2,0,1,0,2,
9,1,2,0,2,1,2,0,2,0,2,0,2,1,1,0,2,1,1,0,2,
9,1,2,0,2,1,2,0,2,0,2,0,2,1,1,0,2,1,2,0,2,
11,1,2,0,2,1,2,1,2,1,2,0,2,1,1,0,2,1,2,0,2,
10,1,2,0,2,1,2,1,2,1,2,0,2,1,2,0,2,1,2,0,2,
9,1,2,0,2,1,2,1,2,1,2,0,2,1,2,0,2,1,2,0,2,
9,1,2,1,2,1,2,1,2,1,2,0,2,1,2,1,2,1,2,0,2,
10,1,2,1,2,1,2,1,2,1,2,0,2,1,2,1,2,1,2,0,2,
10,1,2,1,2,1,2,1,2,1,2,0,2,1,2,0,2,1,2,0,2,
10,1,2,1,2,1,2,1,2,1,2,0,2,1,2,1,2,1,2,0,2,
10,1,2,1,2,1,2,1,2,1,2,0,2,1,2,1,2,1,2,0,2,
10,1,2,1,2,1,2,1,2,1,2,0,2,1,2,1,2,1,2,0,3,
11,1,2,1,4,1,2,1,4,1,2,0,4,1,2,1,4,1,2,0,4,
10,1,2,1,2,1,3,1,3,1,3,0,2,1,2,1,2,1,2,0,3,
10,1,2,1,3,1,2,1,3,1,2,0,3,1,2,1,2,1,2,0,3,
10,1,2,1,3,1,2,1,3,1,2,0,3,1,2,1,2,1,2,0,3,
10,1,2,1,3,1,2,1,3,1,2,0,2,1,2,1,2,1,2,0,3,
10,1,2,1,3,1,2,1,3,1,2,0,2,1,2,1,2,1,2,0,3,
10,1,2,1,3,1,2,1,3,1,2,0,2,1,2,1,2,1,2,0,3,
10,1,2,1,3,1,3,1,3,1,2,0,3,1,2,1,2,1,2,0,3,
10,1,2,1,3,1,3,1,3,1,2,0,3,1,2,1,2,1,2,0,3,
13,1,2,1,6,1,5,1,6,1,5,0,6,1,2,1,2,1,2,0,6,
10,1,3,1,3,1,3,1,3,1,3,0,3,1,2,1,2,1,2,0,3,
10,1,2,1,3,2,3,1,3,1,2,0,3,1,2,1,2,1,2,0,3,
10,1,2,1,3,1,3,1,3,1,3,0,3,1,2,1,2,1,2,0,3,
10,1,3,1,3,2,3,1,3,1,3,0,3,1,2,1,2,1,2,0,3,
10,0,2,0,2,0,2,0,2,0,2,0,2,0,1,0,1,0,1,0,2,
10,0,2,0,2,1,2,0,2,0,2,0,2,0,1,0,2,0,1,0,2,
9,1,3,1,3,1,3,1,3,1,3,0,3,1,2,1,3,1,2,1,3,
9,1,3,1,3,2,3,1,3,1,3,0,3,1,2,1,3,1,2,1,3,
11,1,2,1,3,1,3,1,3,1,3,0,3,1,2,1,2,1,2,0,3,
9,1,2,0,2,1,2,0,2,0,2,0,2,1,1,0,2,0,1,0,2,
9,1,2,0,2,1,2,0,2,0,2,0,2,1,1,0,2,1,1,0,2,
9,1,2,0,2,1,2,0,2,1,2,0,2,1,1,0,2,1,2,0,2,
10,1,2,0,3,1,3,0,3,1,3,0,3,1,2,0,2,1,2,0,3,
10,1,2,0,2,1,2,1,2,1,2,0,2,1,2,0,2,1,2,0,2,
9,1,2,0,2,1,2,1,2,1,2,0,2,1,2,0,2,1,2,0,2,
10,1,2,1,2,1,2,1,2,1,2,0,2,1,2,1,2,1,2,0,2,
10,1,2,1,2,1,2,1,2,1,2,0,2,1,2,1,2,1,2,0,2,
10,1,2,1,2,1,2,1,2,1,2,0,2,1,2,1,2,1,2,0,3,
10,1,2,1,2,1,2,1,2,1,2,0,2,1,2,1,2,1,2,0,3,
10,1,2,1,2,1,2,1,2,1,2,0,2,1,2,1,2,1,2,0,3,
10,1,2,1,2,1,2,1,2,1,2,0,2,1,2,1,2,1,2,0,3,
10,1,2,1,2,1,2,1,2,1,2,0,2,1,2,1,2,1,2,0,3,
10,1,2,1,2,1,2,1,2,1,2,0,2,1,2,1,2,1,2,0,3,
10,1,2,1,3,1,2,1,3,1,2,0,2,1,2,1,2,1,2,0,3,
11,1,2,1,3,1,3,1,3,1,2,0,3,1,2,1,2,1,2,0,3,
10,1,2,1,3,1,2,1,3,1,2,0,2,1,2,1,2,1,2,0,3,
10,1,2,1,3,1,2,1,3,1,2,0,2,1,2,1,2,1,2,0,3,
10,1,2,1,3,1,3,1,3,1,2,0,3,1,2,1,2,1,2,0,3,
11,2,3,1,3,2,3,1,3,2,3,0,3,2,3,1,3,2,3,0,3,
12,1,2,1,3,2,3,1,3,1,2,0,3,1,2,1,2,1,2,0,3,
10,1,2,1,3,2,3,1,3,1,2,0,3,1,2,1,2,1,2,0,3,
10,1,3,1,3,2,3,1,3,1,3,0,3,1,2,1,3,1,2,0,3,
10,1,2,0,2,1,2,0,2,0,2,0,2,1,1,0,2,0,1,0,2,
10,1,2,0,2,1,2,0,2,0,2,0,2,1,1,0,2,1,2,0,2,
11,1,2,0,2,1,2,1,2,1,2,0,2,1,2,0,2,1,2,0,2,
9,1,2,0,2,1,2,0,2,0,2,0,2,1,1,0,2,1,2,0,2,
9,1,2,0,2,1,2,0,2,0,2,0,2,1,1,0,2,0,2,0,2,
9,1,2,0,2,1,2,0,2,0,2,0,2,1,2,0,2,1,2,0,2,
9,1,2,0,2,1,2,0,2,0,2,0,2,1,1,0,2,1,2,0,2,
9,1,2,0,2,1,2,1,2,1,2,0,2,1,1,0,2,1,2,0,2,
9,1,2,0,2,1,2,1,2,0,2,0,2,1,1,0,2,1,2,0,2,
10,1,2,0,2,1,2,1,2,1,2,0,2,1,2,0,2,1,2,0,2,
10,1,2,0,2,1,2,1,2,1,2,0,2,1,2,0,2,1,2,0,2,
10,1,2,0,2,1,2,1,2,1,2,0,2,1,2,0,2,1,2,0,2,
9,1,2,1,2,1,2,1,2,1,2,0,2,1,2,1,2,1,2,0,2,
10,1,2,1,2,1,2,1,2,1,2,0,2,1,2,1,2,1,2,0,2,
10,1,2,1,2,1,2,1,2,1,2,0,2,1,2,1,2,1,2,0,2,
31,1,2,1,23,1,2,1,23,1,2,0,24,1,2,1,23,1,2,0,24,
10,1,2,1,2,1,2,1,2,1,2,0,2,1,2,1,2,1,2,0,3,
10,1,2,1,2,1,2,1,3,1,2,0,2,1,2,1,2,1,2,0,3,
12,1,2,1,3,1,2,1,3,1,2,0,3,1,2,1,2,1,2,0,3,
10,1,2,1,3,1,2,1,3,1,2,0,2,1,2,1,2,1,2,0,3,
10,1,2,1,3,1,2,1,3,1,2,0,2,1,2,1,2,1,2,0,3,
10,1,2,1,3,1,2,1,3,1,2,0,3,1,2,1,2,1,2,0,3,
13,4,6,1,6,5,6,1,6,4,6,0,6,4,5,1,6,4,5,0,6,
10,1,2,1,3,1,3,1,3,1,2,0,3,1,2,1,2,1,2,0,3,
10,1,2,1,3,1,3,1,3,1,2,0,3,1,2,1,2,1,2,0,3,
10,2,2,1,3,2,3,1,3,1,2,0,3,2,2,1,2,1,2,0,3,
10,1,3,1,3,2,3,1,3,1,3,0,3,1,2,1,2,1,2,0,3,
10,1,3,1,3,1,3,1,3,1,3,0,3,1,2,1,2,1,2,0,3,
10,1,3,1,3,1,3,1,3,1,3,0,3,1,2,1,3,1,3,1,3,
10,1,3,1,3,2,3,1,3,1,3,0,3,1,2,1,2,1,2,0,3,
10,1,2,0,2,1,2,0,2,0,2,0,2,1,1,0,2,0,2,0,2,
10,1,2,0,2,1,2,0,2,0,2,0,2,0,1,0,2,0,2,0,2,
9,1,2,0,2,1,2,1,2,0,2,0,2,0,1,0,2,0,2,0,2,
9,1,2,0,2,1,2,1,2,1,2,0,2,1,2,0,2,1,2,0,2,
9,1,2,0,2,1,2,0,2,0,2,0,2,1,1,0,2,1,2,0,2,
9,1,2,0,2,1,2,0,2,0,2,0,2,1,1,0,2,1,2,0,2,
11,3,4,0,4,3,4,1,4,3,4,0,4,3,4,0,4,3,4,0,4,
9,1,2,1,2,1,2,1,2,0,2,0,2,1,2,1,2,1,2,0,2,
9,1,2,0,2,1,2,1,2,0,2,0,2,1,2,0,2,1,2,0,2,
10,1,2,1,2,1,2,1,2,1,2,0,2,1,2,1,2,1,2,0,2,
10,1,2,1,2,1,2,1,2,1,2,0,2,1,2,1,2,1,2,0,3,
12,1,2,0,2,1,2,0,2,0,2,0,2,0,2,0,2,0,2,0,2,
10,1,2,1,2,1,2,1,2,1,2,0,2,1,2,1,2,1,2,0,3,
10,1,2,1,2,1,2,1,2,1,2,0,2,1,2,1,2,1,2,0,3,
12,1,2,0,2,1,2,1,2,1,2,0,2,1,2,0,2,1,2,0,2,
12,1,2,1,3,1,2,1,3,1,2,0,2,1,2,1,2,1,2,0,3,
12,1,2,1,2,1,2,1,3,1,2,0,2,1,2,1,2,1,2,0,3,
10,1,2,1,3,1,2,1,3,1,2,0,2,1,2,1,2,1,2,0,3,
12,1,2,1,3,1,2,1,3,1,2,0,3,1,2,1,2,1,2,0,3,
10,1,2,1,3,1,2,1,3,1,2,0,3,1,2,1,2,1,2,0,3,
10,1,2,1,3,1,2,1,3,1,2,0,3,1,2,1,2,1,2,0,3,
10,1,2,1,3,1,2,1,3,1,2,0,3,1,2,1,2,1,2,0,3,
10,0,1,0,2,0,2,0,2,0,1,0,2,0,1,0,1,0,1,0,2,
10,1,2,1,3,1,3,1,3,1,2,0,3,1,2,1,2,1,2,0,3,
10,1,2,1,3,2,3,1,3,1,2,0,3,1,2,1,2,1,2,0,3,
10,1,3,1,3,1,3,1,3,1,3,0,3,1,2,1,2,1,2,0,3,
10,1,2,1,3,1,3,1,3,1,2,0,3,1,2,1,2,1,2,0,3,
10,1,3,1,3,1,3,1,3,1,3,0,3,1,2,1,3,1,2,0,3,
10,0,2,0,2,0,2,0,2,0,2,0,2,0,1,0,2,0,2,0,2,
10,1,2,0,2,1,2,0,2,0,2,0,2,0,1,0,2,0,2,0,2,
10,1,2,0,2,1,2,0,2,0,2,0,2,0,1,0,2,0,2,0,2,
9,1,2,0,2,1,2,0,2,0,2,0,2,1,1,0,2,0,2,0,2,
9,1,2,0,2,1,2,0,2,0,2,0,2,0,1,0,2,0,2,0,2,
9,1,2,0,2,1,2,0,2,0,2,0,2,1,1,0,2,1,2,0,2,
9,1,2,0,2,1,2,0,2,0,2,0,2,1,1,0,2,1,2,0,2,
9,1,2,0,2,1,2,1,2,1,2,0,2,1,2,0,2,1,2,0,2,
11,1,2,1,2,1,2,1,2,1,2,0,2,1,2,1,2,1,2,0,2,
13,1,2,1,3,1,2,1,2,1,2,0,2,1,2,1,2,1,2,0,3,
9,1,2,0,2,1,2,1,2,1,2,0,2,1,2,0,2,1,2,0,2,
9,1,2,1,2,1,2,1,2,1,2,0,2,1,2,1,2,1,2,0,2,
12,1,2,0,2,1,2,1,2,1,2,0,2,1,2,0,2,1,2,0,2,
10,1,2,1,2,1,2,1,2,1,2,0,2,1,2,1,2,1,2,0,2,
10,1,2,1,2,1,2,1,2,1,2,0,2,1,2,1,2,1,2,0,3,
10,1,2,1,2,1,2,1,2,1,2,0,2,1,2,1,2,1,2,0,3,
12,4,4,1,5,4,4,1,5,1,4,0,4,4,4,1,4,1,4,0,5,
11,2,3,0,4,2,3,1,4,2,3,0,3,2,3,0,3,2,3,0,4,
10,1,2,1,2,1,2,1,2,1,2,0,2,1,2,1,2,1,2,0,3,
10,1,2,1,3,1,2,1,3,1,2,0,3,1,2,1,2,1,2,0,3,
10,1,2,1,3,1,2,1,3,1,2,0,3,1,2,1,2,1,2,0,3,
10,1,2,1,3,1,3,1,3,1,2,0,3,1,2,1,2,1,2,0,3,
10,1,2,1,3,1,2,1,3,1,2,0,3,1,2,1,2,1,2,0,3,
10,1,2,1,3,2,3,1,3,1,2,0,3,1,2,1,2,1,2,0,3,
10,1,2,1,3,2,3,1,3,1,3,0,3,1,2,1,2,1,2,0,3,
10,1,2,1,3,1,3,1,3,1,3,1,3,1,2,1,2,1,2,0,3,
10,1,3,1,3,2,3,1,3,1,3,0,3,1,2,1,3,1,2,0,3,
10,0,2,0,2,0,2,0,2,0,2,0,2,0,1,0,1,0,1,0,2,
10,1,2,1,3,1,3,1,3,1,3,1,3,1,2,1,2,1,2,0,3,
10,1,3,1,3,2,3,1,3,1,3,0,3,1,2,1,3,1,2,1,3,
10,0,2,0,2,1,2,0,2,0,2,0,2,0,1,0,2,0,1,0,2,
10,0,2,0,2,1,2,0,2,0,2,0,2,0,1,0,2,0,2,0,2,
10,1,2,0,2,1,2,0,2,0,2,0,2,1,1,0,2,0,2,0,2,
9,1,2,0,2,1,2,0,2,0,2,0,2,1,1,0,2,1,2,0,2,
10,1,2,1,2,1,2,1,2,1,2,0,2,1,2,1,2,1,2,0,2,
12,1,2,1,3,1,3,1,3,1,2,0,3,1,2,1,2,1,2,0,3,
9,1,2,0,2,1,2,0,2,1,2,0,2,1,1,0,2,1,2,0,2,
9,1,2,0,2,1,2,1,2,1,2,0,2,1,2,0,2,1,2,0,2,
12,1,2,0,2,1,2,1,2,0,2,0,2,1,1,0,2,1,2,0,2,
11,1,2,1,2,1,2,1,2,1,2,0,2,1,2,1,2,1,2,0,2,
11,1,2,0,2,1,2,1,2,1,2,0,2,1,2,0,2,1,2,0,2,
10,1,2,1,2,1,2,1,2,1,2,0,2,1,2,1,2,1,2,0,3,
11,1,2,1,2,1,2,1,2,1,2,0,2,1,2,1,2,1,2,0,2,
10,1,2,1,2,1,2,1,2,1,2,0,2,1,2,1,2,1,2,0,2,
10,1,2,1,2,1,2,1,2,1,2,0,2,1,2,1,2,1,2,0,3,
10,1,2,1,2,1,2,1,2,1,2,0,2,1,2,1,2,1,2,0,3,
10,1,2,1,2,1,2,1,2,1,2,0,2,1,2,1,2,1,2,0,3,
10,1,2,1,3,1,2,1,3,1,2,0,2,1,2,1,2,1,2,0,3,
10,1,2,1,2,1,2,1,3,1,2,0,2,1,2,1,2,1,2,0,3,
10,1,2,1,3,1,2,1,3,1,2,0,2,1,2,1,2,1,2,0,3,
10,1,2,1,3,1,2,1,3,1,2,0,2,1,2,1,2,1,2,0,3,
10,1,2,1,3,1,2,1,3,1,2,0,3,1,2,1,2,1,2,0,3,
10,1,2,1,3,1,3,1,3,1,2,0,3,1,2,1,2,1,2,0,3,
10,1,2,1,3,2,3,1,3,1,2,0,3,1,2,1,2,1,2,0,3,
10,1,2,1,3,2,3,1,3,1,2,0,3,1,2,1,2,1,2,0,3,
10,1,2,1,3,2,3,1,3,1,2,0,3,1,2,1,2,1,2,0,3,
10,1,3,1,3,2,3,1,3,1,3,0,3,1,2,1,3,1,2,0,3,
10,0,2,0,2,0,2,0,2,0,2,0,2,0,1,0,2,0,1,0,2,
10,1,3,1,3,2,3,1,3,1,3,0,3,1,2,1,3,1,2,0,3,
10,0,2,0,2,1,2,0,2,0,2,0,2,0,1,0,2,0,1,0,2,
12,1,2,1,2,1,2,1,2,1,2,0,2,1,2,1,2,1,2,0,2,
12,1,2,0,2,1,2,1,2,1,2,0,2,1,1,0,2,1,2,0,2,
9,1,2,0,2,1,2,0,2,0,2,0,2,1,1,0,2,1,1,0,2,
9,1,2,0,2,1,2,0,2,0,2,0,2,1,2,0,2,1,2,0,2,
12,1,2,0,2,1,2,1,2,0,2,0,2,1,1,0,2,1,1,0,2,
10,1,2,0,2,1,2,1,2,1,2,0,2,1,2,0,2,1,2,0,2,
9,1,2,0,2,1,2,1,2,1,2,0,2,1,2,0,2,1,2,0,2,
9,1,2,0,2,1,2,1,2,1,2,0,2,1,2,0,2,1,2,0,2,
12,4,5,0,5,4,5,1,5,3,5,0,5,4,4,0,5,4,4,0,5,
9,1,2,1,2,1,2,1,2,1,2,0,2,1,2,1,2,1,2,0,2,
9,1,2,1,2,1,2,1,2,1,2,0,2,1,2,1,2,1,2,0,2,
10,1,2,1,2,1,2,1,2,1,2,0,2,1,2,1,2,1,2,0,3,
10,1,2,1,2,1,2,1,2,1,2,0,2,1,2,1,2,1,2,0,3,
10,1,2,1,2,1,2,1,2,1,2,0,2,1,2,1,2,1,2,0,3,
10,1,2,1,2,1,2,1,2,1,2,0,2,1,2,1,2,1,2,0,3,
10,1,2,1,3,1,2,1,3,1,2,0,2,1,2,1,2,1,2,0,3,
10,1,2,1,2,1,2,1,3,1,2,0,2,1,2,1,2,1,2,0,3,
10,1,2,1,3,1,2,1,3,1,2,0,2,1,2,1,2,1,2,0,3,
10,1,2,1,2,1,2,1,3,1,2,0,2,1,2,1,2,1,2,0,3,
10,1,2,1,3,1,2,1,3,1,2,0,2,1,2,1,2,1,2,0,3,
11,1,4,1,3,1,4,1,3,1,4,0,2,1,4,1,2,1,4,0,3,
10,1,2,1,3,1,3,1,3,1,2,0,3,1,2,1,2,1,2,0,3,
12,0,2,0,2,1,2,0,2,0,2,0,2,0,1,0,2,0,1,0,2,
10,1,2,1,3,2,3,1,3,1,2,0,3,1,2,1,2,1,2,0,3,
10,1,2,1,3,2,3,1,3,1,3,0,3,1,2,1,2,1,2,0,3,
10,1,3,1,3,1,3,1,3,1,3,0,3,1,2,1,3,1,2,0,3,
11,1,2,1,2,1,2,1,2,1,2,0,2,1,2,1,2,1,2,0,2,
13,1,2,1,2,1,2,1,3,1,2,0,2,1,2,1,2,1,2,0,3,
10,0,2,0,2,1,2,0,2,0,2,0,2,0,1,0,2,0,1,0,2,
10,1,2,0,2,1,2,0,2,0,2,0,2,1,1,0,2,0,2,0,2,
12,0,2,0,2,0,2,0,2,0,2,0,2,0,1,0,2,0,1,0,2,
9,1,2,0,2,1,2,0,2,0,2,0,2,1,1,0,2,0,2,0,2,
9,1,2,0,2,1,2,0,2,0,2,0,2,1,1,0,2,1,2,0,2,
9,1,2,0,2,1,2,0,2,0,2,0,2,1,1,0,2,1,2,0,2,
11,2,3,0,4,2,3,0,4,2,3,0,3,2,3,0,3,2,3,0,4,
10,1,2,1,2,1,2,1,2,1,2,0,2,1,2,1,2,1,2,0,2,
10,1,2,1,2,1,2,1,2,1,2,0,2,1,2,1,2,1,2,0,2,
9,1,2,1,2,1,2,1,2,1,2,0,2,1,2,1,2,1,2,0,2,
9,1,2,1,2,1,2,1,2,1,2,0,2,1,2,1,2,1,2,0,2,
9,1,2,1,2,1,2,1,2,1,2,0,2,1,2,1,2,1,2,0,2,
9,1,2,1,2,1,2,1,2,1,2,0,2,1,2,1,2,1,2,0,2,
10,1,2,1,2,1,2,1,2,1,2,0,2,1,2,1,2,1,2,0,3,
10,1,2,1,2,1,2,1,2,1,2,0,2,1,2,1,2,1,2,0,3,
10,1,2,1,2,1,2,1,3,1,2,0,2,1,2,1,2,1,2,0,3,
10,1,2,1,3,1,2,1,3,1,2,0,2,1,2,1,2,1,2,0,3,
10,1,2,1,3,1,2,1,3,1,2,0,2,1,2,1,2,1,2,0,3,
10,1,2,1,2,1,2,1,3,1,2,0,2,1,2,1,2,1,2,0,3,
10,1,2,1,3,1,2,1,3,1,2,0,3,1,2,1,2,1,2,0,3,
10,1,2,1,3,1,2,1,3,1,2,0,2,1,2,1,2,1,2,0,3,
10,1,2,1,3,1,3,1,3,1,2,0,3,1,2,1,2,1,2,0,3,
10,1,2,1,3,1,3,1,3,1,2,0,3,1,2,1,2,1,2,0,3,
10,1,2,1,3,1,3,1,3,1,2,0,3,1,2,1,2,1,2,0,3,
10,1,2,0,2,1,2,1,2,1,2,0,2,1,2,0,2,1,2,0,2,
13,1,2,1,3,1,2,1,3,1,2,0,2,1,2,1,2,1,2,0,3,
10,1,3,1,3,2,3,1,3,1,3,0,3,1,2,1,2,1,2,0,3,
10,2,3,1,3,2,3,1,3,1,3,0,3,1,2,1,3,1,3,0,3,
12,1,2,0,2,1,2,0,2,0,2,0,2,1,1,0,2,1,1,0,2,
10,0,2,0,2,1,2,0,2,0,2,0,2,0,1,0,2,0,2,0,2,
10,0,2,0,2,1,2,0,2,0,2,0,2,0,1,0,2,0,2,0,2,
10,1,2,0,2,1,2,0,2,0,2,0,2,1,1,0,2,1,2,0,2,
10,2,3,1,4,2,3,1,4,2,3,0,3,2,3,1,3,2,3,0,4,
9,1,2,0,2,1,2,0,2,0,2,0,2,1,1,0,2,1,1,0,2,
12,1,2,0,2,1,2,1,2,1,2,0,2,1,2,0,2,1,2,0,2,
9,1,2,0,2,1,2,1,2,0,2,0,2,1,2,0,2,1,2,0,2,
9,1,2,0,2,1,2,1,2,1,2,0,2,1,1,0,2,1,2,0,2,
9,1,2,0,2,1,2,1,2,0,2,0,2,1,2,0,2,1,2,0,2,
9,1,2,0,2,1,2,1,2,0,2,0,2,1,2,0,2,1,2,0,2,
9,1,2,1,2,1,2,1,2,1,2,0,2,1,2,1,2,1,2,0,2,
9,1,2,1,2,1,2,1,2,1,2,0,2,1,2,1,2,1,2,0,2,
10,1,2,1,2,1,2,1,2,1,2,0,2,1,2,1,2,1,2,0,3,
9,1,2,1,2,1,2,1,2,1,2,0,2,1,2,1,2,1,2,0,2,
10,1,2,1,2,1,2,1,2,1,2,0,2,1,2,1,2,1,2,0,3,
10,1,2,1,2,1,2,1,2,1,2,0,2,1,2,1,2,1,2,0,3,
10,1,2,1,3,1,3,1,3,1,2,0,2,1,2,1,2,1,2,0,3,
10,1,2,1,3,1,3,1,3,1,2,0,3,1,2,1,2,1,2,0,3,
10,1,2,1,3,1,2,1,3,1,2,1,2,1,2,1,2,1,2,0,3,
10,1,2,1,3,1,2,1,3,1,2,0,2,1,2,1,2,1,2,0,3,
10,0,1,1,2,0,2,0,2,0,1,0,2,0,1,0,1,0,1,0,2,
10,1,2,0,2,1,2,1,2,1,2,0,2,1,2,0,2,1,2,0,2,
12,1,2,1,3,1,3,1,3,1,2,0,3,1,2,1,2,1,2,0,3,
10,1,2,1,3,1,3,1,3,1,2,0,3,1,2,1,2,1,2,0,3,
10,1,2,1,3,1,3,1,3,1,3,1,3,1,2,1,2,1,2,0,3,
11,1,2,1,3,1,3,1,3,1,2,0,3,1,2,1,2,1,2,0,3,
10,1,2,1,3,1,3,1,3,1,2,0,3,1,2,1,2,1,2,0,3,
10,0,2,0,2,0,2,0,2,0,2,0,2,0,1,0,1,0,1,0,2,
10,0,2,0,2,0,2,0,2,0,2,0,2,0,1,0,1,0,1,0,2,
10,0,2,0,2,0,2,0,2,0,2,0,2,0,1,0,1,0,1,0,2,
10,0,2,0,2,1,2,0,2,0,2,0,2,0,1,0,2,0,1,0,2,
10,0,2,0,2,1,2,0,2,0,2,0,2,0,1,0,2,0,1,0,2,
9,1,2,0,2,1,2,0,2,0,2,0,2,1,1,0,2,0,2,0,2,
9,1,2,0,2,1,2,0,2,0,2,0,2,1,1,0,2,1,2,0,2,
9,1,2,0,2,1,2,0,2,1,2,0,2,1,1,0,2,1,2,0,2,
9,1,2,0,2,1,2,0,2,0,2,0,2,1,1,0,2,1,1,0,2,
9,1,2,0,2,1,2,0,2,1,2,0,2,1,1,0,2,1,2,0,2,
9,1,2,0,2,1,2,1,2,1,2,0,2,1,2,0,2,1,2,0,2,
10,1,2,1,2,1,2,1,2,1,2,0,2,1,2,1,2,1,2,0,3,
9,1,2,1,2,1,2,1,2,1,2,0,2,1,2,1,2,1,2,0,2,
9,1,2,1,2,1,2,1,2,1,2,0,2,1,2,1,2,1,2,0,2,
9,1,2,1,2,1,2,1,2,1,2,0,2,1,2,1,2,1,2,0,2,
