29,6,6,1,6,6,6,0,6,6,6,0,6,6,6,0,6,6,6,0,6,
5,0,0,0,0,0,0,0,0,0,0,0,0,0,0,0,0,0,0,0,0,
5,1,1,0,0,0,1,0,0,0,0,0,0,0,0,0,0,0,1,0,1,
4,0,0,0,0,0,0,0,0,0,0,0,0,0,0,0,0,0,0,0,0,
4,0,0,0,0,0,0,0,0,0,0,0,0,0,0,0,0,0,0,0,0,
3,0,1,0,1,0,1,0,1,0,1,0,1,0,1,0,1,0,1,0,1,
3,0,1,1,1,1,1,0,1,0,1,0,1,0,0,0,1,0,1,0,1,
3,0,1,1,1,1,1,1,1,0,1,0,1,0,1,0,1,0,1,0,1,
4,1,1,1,1,1,1,1,1,0,1,0,1,0,1,0,1,0,1,0,1,
3,0,1,1,1,1,1,1,1,0,1,0,1,0,1,0,1,0,1,0,1,
4,0,0,0,0,0,0,0,0,0,0,0,1,0,0,0,0,0,0,0,0,
3,0,1,1,1,0,1,1,1,0,1,0,1,0,1,0,1,1,1,0,1,
5,0,1,3,1,1,1,3,1,0,1,3,1,0,1,3,1,0,1,3,1,
3,0,1,1,1,0,1,1,1,0,1,0,1,0,1,0,1,0,1,0,1,
3,0,1,1,1,1,1,1,1,0,1,0,1,0,1,0,1,0,1,0,1,
3,1,1,1,1,1,1,1,1,0,1,0,1,1,1,1,1,1,1,0,1,
3,1,1,1,1,1,1,1,1,0,1,1,1,1,1,1,1,1,1,1,1,
4,0,0,0,0,0,0,0,0,0,0,0,0,0,0,0,0,0,0,0,0,
7,0,0,0,0,0,0,0,0,0,1,0,0,0,0,0,0,0,1,0,0,
4,0,0,0,0,0,0,0,0,0,0,0,0,0,0,0,0,0,0,0,0,
4,0,0,0,0,0,0,0,0,0,0,0,0,0,0,0,0,0,0,0,0,
4,0,0,0,0,0,0,0,0,0,0,0,0,0,0,0,0,0,0,0,0,
4,0,0,0,0,0,0,0,0,0,0,0,0,0,0,0,0,0,0,0,0,
4,0,1,0,1,0,1,0,1,0,1,0,1,0,0,0,1,0,1,0,1,
3,0,0,0,0,0,0,0,0,0,1,0,0,0,0,0,0,0,1,0,0,
3,0,0,0,0,0,0,0,0,0,0,0,0,0,0,0,0,0,0,0,0,
3,0,0,0,0,0,0,0,0,0,0,0,0,0,0,0,0,0,0,0,0,
3,0,0,0,0,0,0,0,0,0,0,0,0,0,0,0,0,0,0,0,0,
3,0,1,0,1,0,1,0,1,0,0,0,0,0,0,0,1,0,1,0,1,
3,0,0,0,1,0,0,0,1,0,0,0,0,0,0,0,0,0,0,0,1,
3,0,1,1,1,0,1,0,1,0,1,0,1,0,1,0,1,0,1,0,1,
3,0,1,1,1,0,0,0,1,0,0,1,0,0,0,0,1,0,0,0,1,
3,0,0,0,1,0,0,0,1,0,0,0,1,0,0,0,1,0,0,0,1,
3,0,1,0,1,0,1,0,1,0,0,0,1,0,0,0,0,0,0,0,1,
3,0,1,0,1,0,0,0,1,0,0,0,0,0,0,0,0,0,0,0,1,
3,0,1,0,1,0,1,0,1,0,1,0,1,0,0,0,0,0,0,0,1,
3,0,1,0,1,0,1,0,1,0,0,0,1,0,0,0,0,0,0,0,1,
3,0,1,0,1,0,1,0,1,0,1,0,1,0,0,1,1,0,1,0,1,
5,0,1,1,1,0,1,1,1,0,1,0,1,0,1,1,1,0,1,0,1,
3,0,1,1,1,1,1,1,1,0,1,1,1,0,1,0,1,1,1,0,1,
3,0,1,1,1,1,1,1,1,0,1,0,1,1,1,0,1,1,1,0,1,
4,1,1,1,1,1,1,1,1,1,1,0,1,1,1,1,1,1,1,0,1,
4,0,0,0,0,0,0,0,0,0,0,0,0,0,0,0,0,0,0,0,0,
3,0,0,0,0,0,0,0,0,0,0,0,0,0,0,0,0,0,0,0,0,
3,0,0,0,0,0,0,0,0,0,0,0,0,0,0,0,0,0,0,0,0,
3,0,0,0,0,0,0,0,0,0,0,0,0,0,0,0,0,0,0,0,0,
3,0,0,0,0,0,0,0,0,0,0,0,0,0,0,0,0,0,0,0,0,
3,0,0,0,0,0,0,0,0,0,0,0,0,0,0,0,0,0,0,0,0,
4,0,0,0,0,0,0,0,0,0,0,0,0,0,0,0,0,0,0,0,0,
4,0,0,0,0,0,0,0,0,0,0,0,0,0,0,0,0,0,0,0,0,
4,0,0,0,0,0,0,0,0,0,0,0,0,0,0,0,0,0,0,0,0,
4,0,0,0,0,0,0,0,0,0,0,0,0,0,0,0,0,0,0,0,0,
7,0,3,0,4,0,3,0,3,0,3,0,3,0,0,0,3,0,3,0,4,
4,0,0,0,0,0,0,0,0,0,0,0,0,0,0,0,0,0,0,0,0,
3,0,0,0,0,0,0,0,0,0,0,0,0,0,0,0,0,0,0,0,0,
4,0,0,0,0,0,0,0,0,0,0,0,0,0,0,0,0,0,0,0,0,
5,0,1,0,1,0,1,0,1,0,0,0,1,0,0,0,0,0,0,0,1,
3,0,0,0,0,0,0,0,0,0,0,0,0,0,0,0,0,0,0,0,0,
6,3,3,3,3,3,3,3,3,3,3,0,3,3,3,3,3,3,3,0,3,
3,1,0,1,1,1,0,0,1,0,1,1,1,0,1,1,1,1,0,1,1,
3,0,1,0,1,0,1,0,1,0,1,0,1,0,0,0,0,0,1,0,1,
3,0,1,1,1,0,1,1,1,0,1,0,1,0,1,0,1,0,1,0,1,
4,0,0,0,0,0,0,0,0,0,0,0,0,0,0,0,0,0,0,0,0,
3,0,1,0,1,0,1,0,1,0,1,0,1,0,0,0,0,0,0,0,1,
3,0,1,0,1,0,0,0,0,0,0,0,1,0,0,0,0,0,0,0,1,
15,0,1,0,1,1,1,2,1,0,1,0,1,0,1,0,0,0,1,0,1,
4,1,1,1,1,1,1,1,1,1,1,0,1,1,1,1,1,1,1,0,1,
3,0,1,0,1,0,1,0,1,0,1,0,1,0,0,0,1,0,1,0,1,
3,0,1,0,1,1,1,0,1,0,1,0,1,0,1,0,1,0,1,0,1,
3,0,1,1,1,0,1,0,1,0,1,0,1,0,1,0,1,0,1,0,1,
3,0,1,1,1,1,1,1,1,0,1,0,1,0,1,0,1,0,1,0,1,
3,0,1,0,1,0,1,0,1,0,1,0,1,0,1,0,1,0,1,0,1,
3,0,1,1,1,1,1,1,1,0,1,0,1,0,1,1,1,0,1,0,1,
3,1,1,1,1,1,1,1,1,0,1,1,1,0,1,1,1,1,1,0,1,
3,1,1,1,1,1,1,1,1,0,1,0,1,0,1,1,1,0,1,0,1,
3,1,1,1,1,1,1,1,1,1,1,1,1,0,1,1,1,1,1,1,1,
5,0,0,0,0,0,0,0,0,0,0,0,0,0,0,0,0,0,0,0,0,
4,0,0,0,0,0,0,0,0,0,0,0,0,0,0,0,0,0,0,0,0,
4,0,0,0,0,0,0,0,0,0,0,0,0,0,0,0,0,0,0,0,0,
4,0,0,0,0,0,0,0,0,0,0,0,0,0,0,0,0,0,0,0,0,
4,0,0,0,0,0,0,0,0,0,0,0,0,0,0,0,0,0,0,0,0,
4,0,0,0,0,0,0,0,0,0,0,0,0,0,0,0,0,0,0,0,0,
4,0,0,0,0,0,0,0,0,0,0,0,0,0,0,0,0,0,0,0,0,
4,0,0,0,0,0,0,0,0,0,0,0,0,0,0,0,0,0,0,0,0,
3,0,0,0,0,0,0,0,0,0,0,0,0,0,0,0,0,0,0,0,0,
3,0,0,0,0,0,0,0,0,0,0,0,0,0,0,0,0,0,0,0,0,
3,0,0,0,0,0,0,0,0,0,0,0,0,0,0,0,0,0,0,0,0,
3,0,0,0,0,0,0,0,0,0,0,0,0,0,0,0,0,0,0,0,0,
3,0,0,0,0,0,0,0,0,0,0,0,0,0,0,0,0,0,0,0,0,
4,0,0,0,0,0,0,0,0,0,0,0,0,0,0,0,0,0,0,0,0,
3,0,0,0,0,0,0,0,0,0,0,0,0,0,0,0,0,0,0,0,0,
3,0,0,0,0,0,0,0,0,0,0,0,0,0,0,0,0,0,0,0,0,
3,0,0,0,1,0,0,0,0,0,0,0,0,0,0,0,0,0,0,0,1,
3,0,0,0,1,0,0,0,0,0,0,0,1,0,0,0,0,0,0,0,0,
3,0,1,0,1,0,1,0,1,0,0,0,1,0,0,0,0,0,0,0,1,
3,0,1,0,1,0,0,0,0,0,0,0,1,0,0,0,0,0,0,0,1,
3,0,1,0,1,0,1,0,1,0,1,0,1,0,0,0,0,0,0,0,1,
5,0,1,0,1,0,1,0,1,0,1,1,1,0,0,0,0,1,1,0,1,
7,0,0,0,0,0,0,0,0,0,0,0,0,0,0,0,0,0,0,0,1,
4,0,0,0,0,0,0,0,0,0,0,0,0,0,0,0,0,0,0,0,0,
4,0,0,0,0,0,0,0,0,0,0,0,0,0,0,0,0,0,0,0,0,
3,0,1,1,1,1,1,1,1,0,1,1,1,0,1,1,1,1,1,1,1,
3,1,1,1,1,1,1,1,1,0,1,0,1,1,1,1,1,1,1,0,1,
3,1,1,1,1,1,1,1,1,0,1,0,1,0,1,0,1,0,1,0,1,
3,0,1,1,1,1,1,1,1,0,1,0,1,0,1,0,1,0,1,0,1,
3,1,1,1,1,1,1,1,1,0,1,0,1,0,1,0,1,0,1,0,1,
3,1,1,1,1,1,1,1,1,0,1,0,1,1,1,1,1,1,1,0,1,
3,1,1,1,1,1,1,1,1,1,1,1,1,1,1,1,1,1,1,0,1,
3,0,0,0,0,0,0,0,0,0,0,0,0,0,0,0,0,0,0,0,0,
3,0,0,0,0,0,0,0,0,0,0,0,0,0,0,0,0,0,0,0,0,
3,0,0,0,0,0,0,0,0,0,0,0,0,0,0,0,0,0,0,0,0,
3,0,0,0,0,0,0,0,0,0,0,0,0,0,0,0,0,0,0,0,0,
5,0,1,1,1,1,1,1,1,0,1,0,1,0,1,1,1,0,1,0,1,
3,0,0,0,0,0,0,0,0,0,0,0,0,0,0,0,0,0,0,0,0,
3,0,0,0,0,0,0,0,0,0,0,0,0,0,0,0,0,0,0,0,0,
5,0,0,0,0,0,0,0,0,0,0,0,0,0,0,0,0,0,0,0,0,
3,0,0,0,0,0,0,0,0,0,0,0,0,0,0,0,0,0,0,0,0,
4,1,1,0,1,1,1,0,0,0,0,0,0,0,0,0,0,0,1,0,1,
4,1,1,0,1,1,1,0,1,0,1,0,1,0,1,0,0,0,1,0,1,
3,0,0,0,1,0,0,0,0,0,0,0,0,0,0,0,0,0,0,0,1,
3,0,1,0,1,1,1,0,1,0,1,0,1,0,1,0,1,0,1,0,1,
3,0,0,0,1,0,0,0,1,0,0,0,1,0,0,0,1,0,0,0,1,
3,1,1,0,1,0,0,0,1,0,0,0,0,0,0,0,0,0,0,0,1,
3,0,1,0,1,0,1,0,1,0,0,0,0,0,0,0,0,0,0,0,1,
3,0,0,0,1,0,0,0,1,0,0,0,0,0,0,0,0,0,0,0,1,
3,0,1,0,1,0,1,0,1,0,0,0,1,0,0,0,0,0,0,0,1,
3,0,0,0,0,0,0,0,0,0,0,0,0,0,0,0,0,0,0,0,0,
3,0,1,1,1,0,1,0,1,0,1,0,1,0,1,0,1,0,1,0,1,
3,0,1,0,1,0,1,0,1,0,1,0,1,0,1,0,1,0,1,0,1,
3,0,1,0,1,1,1,0,1,0,1,0,1,0,1,0,1,0,1,0,1,
3,0,1,0,1,1,1,0,1,0,1,0,1,0,1,0,1,0,1,0,1,
3,0,1,1,1,0,1,1,1,0,1,0,1,0,1,0,1,0,1,0,1,
3,1,1,1,1,1,1,1,1,0,1,0,1,0,1,0,1,0,1,0,1,
3,0,1,1,1,1,1,1,1,0,1,0,1,0,1,1,1,0,1,0,1,
5,0,0,0,0,0,0,0,0,0,0,0,0,0,0,0,0,0,0,0,0,
6,0,0,0,1,0,0,0,1,0,0,0,0,0,0,0,0,0,0,0,1,
4,0,1,0,0,0,0,0,0,0,0,0,0,0,0,0,0,0,1,0,0,
3,0,0,0,0,0,0,0,0,0,0,0,0,0,0,0,0,0,0,0,0,
4,0,0,0,0,0,0,0,0,0,0,0,0,0,0,0,0,0,0,0,0,
6,0,0,0,0,0,0,0,0,0,0,0,0,0,0,0,0,0,0,0,0,
4,0,0,0,0,0,0,0,0,0,0,0,0,0,0,0,0,0,0,0,0,
4,0,0,0,0,0,0,0,0,0,0,0,0,0,0,0,0,0,0,0,0,
4,0,0,0,0,0,0,0,0,0,0,0,0,0,0,0,0,0,0,0,0,
3,0,0,0,0,0,0,0,0,0,0,0,0,0,0,0,0,0,0,0,0,
3,0,0,0,0,0,0,0,0,0,0,0,0,0,0,0,0,0,0,0,0,
3,0,0,0,0,0,0,0,0,0,0,0,0,0,0,0,0,0,0,0,0,
3,0,0,0,0,0,0,0,0,0,0,0,0,0,0,0,0,0,0,0,0,
3,0,0,0,0,0,0,0,0,0,0,0,0,0,0,0,0,0,0,0,0,
3,0,0,0,0,0,0,0,0,0,0,0,0,0,0,0,0,0,0,0,0,
3,0,0,0,0,0,0,0,0,0,0,0,0,0,0,0,0,0,0,0,0,
3,0,0,0,0,0,0,0,0,0,0,0,0,0,0,0,0,0,0,0,1,
3,0,0,0,0,0,0,0,0,0,0,0,0,0,0,0,0,0,0,0,0,
3,0,0,0,0,0,0,0,0,0,0,0,0,0,0,0,0,0,0,0,0,
3,0,0,0,0,0,0,0,0,0,0,0,0,0,0,0,0,0,0,0,1,
3,0,0,0,1,0,0,0,0,0,0,0,0,0,0,0,0,0,0,0,1,
6,0,4,0,4,0,4,0,4,0,3,0,4,0,0,0,0,0,3,0,4,
5,0,2,3,0,0,2,3,0,0,2,2,0,0,2,3,0,0,2,2,0,
3,0,1,0,1,0,1,0,1,0,1,0,1,0,0,0,0,0,0,0,1,
5,2,2,0,2,2,2,0,2,2,2,0,2,2,2,0,2,3,2,0,2,
3,0,1,1,1,1,1,1,1,0,1,0,1,0,1,0,1,0,1,0,1,
3,1,1,1,1,1,1,1,1,0,1,0,1,0,1,0,1,0,1,0,1,
3,1,1,1,1,1,1,1,1,0,1,0,1,0,1,0,1,1,1,0,1,
3,1,1,1,1,1,1,1,1,0,1,0,1,0,1,1,1,1,1,0,1,
3,1,1,1,1,1,1,1,1,0,1,0,1,0,1,1,1,1,1,0,1,
3,0,0,0,0,0,0,0,0,0,0,0,0,0,0,0,0,0,0,0,0,
3,0,0,0,0,0,0,0,0,0,0,0,0,0,0,0,0,0,0,0,0,
3,0,0,0,0,0,0,0,0,0,0,0,0,0,0,0,0,0,0,0,0,
3,0,0,0,0,0,0,0,0,0,0,0,0,0,0,0,0,0,0,0,0,
4,0,0,0,0,0,0,0,0,0,0,0,0,0,0,0,0,0,0,0,0,
3,0,0,0,0,0,0,0,0,0,0,0,0,0,0,0,0,0,0,0,0,
4,0,0,0,0,0,0,0,0,0,0,0,0,0,0,0,0,0,0,0,0,
3,0,0,0,0,0,0,0,0,0,0,0,0,0,0,0,0,0,0,0,0,
4,0,0,0,0,0,0,0,0,0,0,0,0,0,0,0,0,0,0,0,0,
3,0,0,0,0,0,0,0,0,0,0,0,0,0,0,0,0,0,0,0,0,
3,0,0,0,0,0,0,0,0,0,0,0,0,0,0,0,0,0,0,0,0,
3,0,0,0,0,0,0,0,0,0,0,0,0,0,0,0,0,0,0,0,0,
6,0,0,0,3,0,0,0,0,0,0,0,3,0,0,0,0,0,0,0,4,
6,0,1,0,0,0,1,0,0,0,1,0,0,0,0,0,0,0,0,0,0,
3,0,0,0,1,0,0,0,1,0,0,0,0,0,0,0,0,0,0,0,1,
5,2,2,0,2,2,2,0,2,2,2,0,2,2,2,0,2,2,2,0,2,
3,0,0,0,1,0,1,0,1,0,0,0,0,0,0,0,0,0,0,0,1,
3,0,0,0,0,0,0,0,1,0,0,0,0,0,0,0,0,0,0,0,1,
3,0,1,0,1,0,1,0,1,0,0,0,1,0,0,0,0,0,0,0,1,
3,0,0,0,1,0,1,0,1,0,1,0,1,0,0,0,0,0,0,0,1,
3,0,1,1,1,0,1,0,1,0,1,0,1,0,1,0,1,0,1,0,1,
3,0,1,1,1,0,1,0,1,0,1,0,1,0,0,0,0,0,1,0,1,
3,0,1,0,1,0,1,0,1,0,0,0,1,0,0,0,0,0,0,0,1,
3,0,1,1,1,1,1,0,1,0,1,0,1,0,0,0,0,0,1,0,1,
3,0,1,0,1,1,1,0,1,0,1,0,1,0,1,0,1,0,1,0,1,
3,0,1,1,1,0,1,0,1,0,1,0,1,0,1,0,1,0,1,0,1,
3,0,1,1,1,0,1,1,1,0,1,0,1,0,1,0,1,0,1,0,1,
3,0,1,1,1,1,1,1,1,0,1,0,1,0,1,1,1,0,1,0,1,
3,1,1,1,1,1,1,1,1,0,1,0,1,0,1,1,1,0,1,0,1,
3,1,1,1,1,1,1,1,1,0,1,1,1,0,1,1,1,1,1,1,1,
3,1,1,1,1,1,1,1,1,1,1,1,1,0,1,1,1,1,1,1,1,
3,0,0,0,0,0,0,0,0,0,0,0,0,0,0,0,0,0,0,0,0,
3,0,0,0,0,0,0,0,0,0,0,0,0,0,0,0,0,0,0,0,0,
6,0,0,0,0,0,0,0,0,0,0,0,0,0,0,0,0,0,0,0,0,
6,0,0,0,1,0,0,0,0,0,0,0,1,0,0,0,0,0,0,0,1,
4,0,0,0,0,0,0,0,0,0,0,0,0,0,0,0,0,0,0,0,0,
4,1,1,0,1,1,1,0,1,1,1,0,1,1,1,0,1,1,1,0,1,
3,0,0,0,0,0,0,0,0,0,0,0,0,0,0,0,0,0,0,0,0,
3,0,0,0,0,0,0,0,0,0,0,0,0,0,0,0,0,0,0,0,0,
3,0,0,0,0,0,0,0,0,0,0,0,0,0,0,0,0,0,0,0,0,
3,0,0,0,0,0,0,0,0,0,0,0,0,0,0,0,0,0,0,0,0,
3,0,0,0,0,0,0,0,0,0,0,0,0,0,0,0,0,0,0,0,0,
3,0,0,0,0,0,0,0,0,0,0,0,0,0,0,0,0,0,0,0,0,
5,0,0,0,0,0,0,0,0,0,0,0,0,0,0,0,0,0,0,0,0,
3,0,0,0,0,0,0,0,0,0,0,0,0,0,0,0,0,0,0,0,0,
3,0,0,0,0,0,0,0,0,0,0,0,0,0,0,0,0,0,0,0,1,
3,0,0,0,0,0,0,0,1,0,0,0,0,0,0,0,0,0,0,0,1,
3,0,0,0,0,0,0,0,0,0,0,0,0,0,0,0,0,0,0,0,1,
3,0,0,0,1,0,0,0,1,0,0,0,1,0,0,0,0,0,0,0,1,
3,0,0,0,1,0,0,0,1,0,0,0,0,0,0,0,0,0,0,0,1,
3,0,0,0,1,0,1,0,1,0,0,0,1,0,0,0,0,0,0,0,1,
3,0,1,1,1,1,1,0,1,0,1,0,1,0,1,0,0,0,0,0,1,
3,0,1,0,1,0,1,0,1,0,1,0,1,0,1,0,1,0,1,0,1,
3,1,1,1,1,1,1,1,1,0,1,1,1,1,1,0,1,1,1,1,1,
3,0,0,0,0,0,0,0,0,0,0,0,0,0,0,0,0,0,0,0,0,
5,1,1,1,1,1,1,1,1,0,1,1,1,1,1,1,1,0,1,1,1,
3,0,1,1,1,0,1,1,1,0,1,0,1,0,1,0,1,0,1,0,1,
6,0,1,1,1,1,1,1,1,0,1,1,1,0,1,1,1,1,1,0,1,
3,1,1,1,1,1,1,1,1,0,1,0,1,1,1,1,1,1,1,0,1,
3,1,1,1,1,1,1,1,1,0,1,1,1,1,1,1,1,1,1,1,1,
3,0,0,0,0,0,0,0,0,0,0,0,0,0,0,0,0,0,0,0,0,
3,0,0,0,0,0,0,0,0,0,0,0,0,0,0,0,0,0,0,0,0,
3,0,0,0,0,0,0,0,0,0,0,0,0,0,0,0,0,0,0,0,0,
3,0,0,0,0,0,0,0,0,0,0,0,0,0,0,0,0,0,0,0,0,
3,0,0,0,0,0,0,0,0,0,0,0,0,0,0,0,0,0,0,0,0,
3,0,0,0,0,0,0,0,0,0,0,0,0,0,0,0,0,0,0,0,0,
4,0,0,0,0,0,0,0,0,0,0,0,0,0,0,0,0,0,0,0,0,
3,0,0,0,0,0,0,0,0,0,0,0,0,0,0,0,0,0,0,0,0,
3,0,0,0,0,0,0,0,0,0,0,0,0,0,0,0,0,0,0,0,0,
5,0,0,0,0,0,0,0,1,0,0,0,1,0,0,0,0,0,0,0,1,
3,0,0,0,0,0,0,0,0,0,0,0,0,0,0,0,0,0,0,0,0,
3,0,0,0,1,0,1,0,1,0,0,0,1,0,0,0,0,0,0,0,1,
3,0,0,0,0,0,0,0,0,0,0,0,1,0,0,0,0,0,0,0,1,
3,0,0,0,0,0,0,0,1,0,0,0,1,0,0,0,0,0,0,0,1,
3,0,0,0,1,0,0,0,1,0,0,0,0,0,0,0,0,0,0,0,1,
5,0,0,0,0,0,0,0,0,0,0,0,0,0,0,0,0,0,0,0,1,
3,0,0,0,1,0,0,0,1,0,0,0,1,0,0,0,0,0,0,0,1,
3,0,0,0,1,0,0,0,1,0,0,0,1,0,0,0,0,0,0,0,1,
3,0,0,0,1,0,0,0,1,0,0,0,1,0,0,0,0,0,0,0,1,
3,0,0,0,0,0,0,0,0,0,0,0,0,0,0,0,0,0,0,0,0,
4,0,1,0,1,0,1,0,1,0,1,0,1,0,1,0,1,0,1,0,1,
3,0,1,1,1,0,1,0,1,0,1,0,1,0,1,0,1,0,1,0,1,
3,0,1,0,1,0,1,0,1,0,1,0,1,0,0,0,0,0,0,0,1,
3,0,1,0,1,0,1,0,1,0,1,0,1,0,1,0,1,0,0,0,1,
3,0,1,1,1,0,1,1,1,0,1,1,1,0,1,1,1,1,1,0,1,
3,0,1,1,1,0,1,1,1,0,1,0,1,0,1,1,1,0,1,0,1,
3,0,1,1,1,1,1,1,1,0,1,1,1,0,1,1,1,1,1,1,1,
3,1,1,1,1,1,1,1,1,0,1,1,1,0,1,0,1,1,1,1,1,
3,0,0,0,0,0,0,0,0,0,0,0,0,0,0,0,0,0,0,0,0,
3,0,0,0,0,0,0,0,0,0,0,0,0,0,0,0,0,0,0,0,0,
7,0,0,3,0,0,0,3,0,0,0,3,0,0,0,4,0,0,0,3,0,
4,0,1,0,1,0,1,0,1,0,0,0,1,0,0,0,0,0,0,0,1,
4,0,0,0,0,0,0,0,0,0,0,0,0,0,0,0,0,0,0,0,0,
3,0,0,0,0,0,0,0,0,0,0,0,0,0,0,0,0,0,0,0,0,
24,0,0,0,0,0,0,0,20,0,0,0,0,0,0,0,0,0,0,0,20,
5,0,0,0,0,0,0,0,0,0,0,0,0,0,0,0,0,0,0,0,0,
5,0,0,1,1,1,0,0,1,0,1,1,1,0,0,0,1,1,0,1,1,
6,0,0,0,0,0,0,0,0,0,0,0,0,0,0,0,0,0,0,0,0,
2,0,0,0,0,0,0,0,0,0,0,0,0,0,0,0,0,0,0,0,0,
4,2,2,0,2,2,2,0,2,2,2,0,2,2,2,0,2,2,2,0,2,
3,0,0,0,0,0,0,0,0,0,0,0,0,0,0,0,0,0,0,0,0,
3,0,0,0,0,0,0,0,0,0,0,0,0,0,0,0,0,0,0,0,0,
3,0,0,0,0,0,0,0,0,0,0,0,0,0,0,0,0,0,0,0,0,
3,0,0,0,0,0,0,0,0,0,0,0,0,0,0,0,0,0,0,0,0,
3,0,0,0,0,0,0,0,0,0,0,0,0,0,0,0,0,0,0,0,0,
3,0,0,0,0,0,0,0,0,0,0,0,0,0,0,0,0,0,0,0,0,
3,0,0,0,1,0,0,0,0,0,0,0,1,0,0,0,0,0,0,0,1,
3,0,1,0,1,0,1,0,1,0,0,0,1,0,0,0,0,0,0,0,1,
3,0,0,1,1,0,1,0,1,0,1,0,1,0,1,0,1,0,0,0,1,
3,0,1,1,1,0,1,1,1,0,1,0,1,0,1,0,1,0,1,0,1,
3,0,1,0,1,0,1,0,1,0,1,0,1,0,0,0,0,0,0,0,1,
3,0,1,0,1,0,1,0,1,0,1,0,1,0,0,0,0,0,0,0,1,
3,0,1,1,1,0,1,1,1,0,1,0,1,0,1,1,1,0,1,0,1,
3,0,1,1,1,0,1,1,1,0,1,0,1,0,1,0,1,0,1,0,1,
3,0,1,1,1,0,1,0,1,0,1,0,1,0,0,0,1,0,1,0,1,
3,0,1,1,1,0,1,0,1,0,1,0,1,0,1,1,1,0,1,0,1,
3,0,1,1,1,0,1,1,1,0,1,1,1,0,1,1,1,1,1,0,1,
3,1,1,1,1,1,1,1,1,0,1,1,1,0,1,1,1,1,1,1,1,
4,0,0,0,0,0,0,0,0,0,0,0,0,0,0,0,0,0,0,0,0,
3,1,1,1,1,1,1,1,1,0,1,1,1,0,1,1,1,1,1,1,1,
3,0,0,0,0,0,0,0,0,0,0,0,0,0,0,0,0,0,0,0,0,
3,0,0,0,0,0,0,0,0,0,0,0,0,0,0,0,0,0,0,0,0,
3,0,0,0,0,0,0,0,0,0,0,0,0,0,0,0,0,0,0,0,0,
3,0,0,0,0,0,0,0,0,0,0,0,0,0,0,0,0,0,0,0,0,
3,0,0,0,0,0,0,0,0,0,0,0,0,0,0,0,0,0,0,0,0,
3,0,0,0,0,0,0,0,0,0,0,0,0,0,0,0,0,0,0,0,0,
3,0,0,0,0,0,0,0,0,0,0,0,0,0,0,0,0,0,0,0,0,
2,0,0,0,0,0,0,0,0,0,0,0,0,0,0,0,0,0,0,0,0,
5,0,2,0,1,0,2,0,0,0,2,0,0,0,2,0,0,0,2,0,1,
3,0,0,1,1,0,0,0,1,0,0,0,0,0,0,0,0,0,0,0,1,
3,0,0,0,1,0,0,0,1,0,0,0,0,0,0,0,0,0,0,0,1,
3,0,0,0,0,0,0,0,0,0,0,0,0,0,0,0,0,0,0,0,0,
3,0,0,0,1,0,0,0,0,0,0,0,0,0,0,0,0,0,0,0,1,
3,0,0,0,0,0,0,0,0,0,0,0,0,0,0,0,0,0,0,0,1,
3,0,0,0,0,0,0,0,0,0,0,0,0,0,0,0,0,0,0,0,0,
3,0,0,0,1,0,0,0,0,0,0,0,0,0,0,0,0,0,0,0,1,
3,0,0,0,1,0,1,0,0,0,0,0,0,0,0,0,0,0,0,0,1,
3,1,1,1,1,1,1,1,1,0,1,1,1,0,1,1,1,1,1,1,1,
3,0,1,0,1,0,1,0,1,0,0,0,1,0,0,0,0,0,0,0,1,
3,0,1,1,1,0,1,0,1,0,1,0,1,0,0,0,0,0,0,0,1,
3,0,1,0,1,0,1,0,1,0,0,0,1,0,0,0,0,0,0,0,1,
3,0,1,0,1,0,1,0,1,0,1,0,1,0,0,0,1,0,0,0,1,
3,0,1,0,1,0,1,0,1,0,0,0,1,0,0,0,0,0,0,0,1,
3,0,1,0,1,0,1,0,1,0,1,0,1,0,1,0,1,0,1,0,1,
3,0,1,1,1,0,1,1,1,0,1,0,1,0,1,1,1,0,1,0,1,
3,1,1,1,1,1,1,0,1,0,1,0,1,1,1,0,1,0,1,0,1,
3,0,1,1,1,1,1,1,1,0,1,1,1,0,1,0,1,1,1,0,1,
3,0,1,1,1,1,1,1,1,0,1,0,1,0,1,1,1,1,1,0,1,
3,1,1,1,1,1,1,1,1,1,1,1,1,1,1,1,1,1,1,0,1,
3,1,1,1,1,1,1,1,1,1,1,0,1,1,1,1,1,1,1,0,1,
3,0,0,0,0,0,0,0,0,0,0,0,0,0,0,0,0,0,0,0,0,
3,0,0,0,0,0,0,0,0,0,0,0,0,0,0,0,0,0,0,0,0,
3,0,0,0,0,0,0,0,0,0,0,0,0,0,0,0,0,0,0,0,0,
3,0,0,0,0,0,0,0,0,0,0,0,0,0,0,0,0,0,0,0,0,
7,0,3,0,3,3,3,0,3,0,3,0,3,0,3,0,3,0,3,0,3,
5,0,3,0,1,0,3,0,1,0,3,0,1,0,3,0,1,0,3,0,1,
3,0,0,0,0,0,0,0,0,0,0,0,0,0,0,0,0,0,0,0,0,
4,1,2,0,2,1,2,0,2,1,2,0,2,1,1,0,2,1,1,0,2,
2,0,0,0,0,0,0,0,0,0,0,0,0,0,0,0,0,0,0,0,0,
2,0,0,0,0,0,0,0,0,0,0,0,0,0,0,0,0,0,0,0,0,
2,0,0,0,0,0,0,0,0,0,0,0,0,0,0,0,0,0,0,0,0,
2,0,0,0,0,0,0,0,0,0,0,0,0,0,0,0,0,0,0,0,0,
3,0,0,0,0,0,0,0,0,0,0,0,0,0,0,0,0,0,0,0,0,
3,0,0,0,0,0,0,0,0,0,0,0,0,0,0,0,0,0,0,0,0,
3,0,1,1,1,1,1,1,1,0,1,0,1,0,1,1,1,0,1,0,1,
3,0,0,0,1,0,0,0,0,0,0,0,0,0,0,0,0,0,0,0,1,
3,0,1,0,1,0,1,0,1,0,1,0,1,0,0,0,0,0,1,0,1,
3,0,1,0,1,0,1,0,1,0,1,0,1,0,1,0,0,0,1,0,1,
4,0,1,1,1,1,2,0,1,0,1,0,1,0,1,1,1,0,1,0,1,
3,0,1,0,1,0,1,0,1,0,1,0,1,0,1,0,1,0,1,0,1,
3,0,1,1,1,1,1,1,1,0,1,1,1,0,1,1,1,1,1,0,1,
3,0,1,1,1,1,1,1,1,0,1,0,1,0,1,1,1,0,1,0,1,
3,0,1,1,1,1,1,1,1,0,1,1,1,0,1,1,1,1,1,0,1,
3,0,1,1,1,1,1,1,1,0,1,0,1,0,1,0,1,0,1,0,1,
5,0,0,0,0,0,0,0,0,0,0,0,0,0,0,0,0,0,0,0,2,
3,0,0,0,0,0,0,0,0,0,0,0,0,0,0,0,0,0,0,0,0,
4,0,0,0,0,0,0,0,0,0,0,0,0,0,0,0,0,0,0,0,0,
3,0,0,0,0,0,0,0,0,0,0,0,0,0,0,0,0,0,0,0,0,
3,0,0,0,0,0,0,0,0,0,0,0,0,0,0,0,0,0,0,0,0,
3,0,0,0,0,0,0,0,0,0,0,0,0,0,0,0,0,0,0,0,0,
3,0,0,0,0,0,0,0,0,0,0,0,0,0,0,0,0,0,0,0,0,
4,0,0,0,0,0,0,0,1,0,0,0,0,0,0,0,0,0,0,0,0,
4,0,0,0,0,0,0,0,0,0,0,0,0,0,0,0,0,0,0,0,0,
4,0,0,0,0,0,0,0,0,0,0,0,0,0,0,0,0,0,0,0,0,
4,0,0,0,0,0,0,0,0,0,0,0,0,0,0,0,0,0,0,0,0,
3,0,0,0,0,0,0,0,0,0,0,0,0,0,0,0,0,0,0,0,0,
4,0,0,0,0,0,0,0,0,0,0,0,0,0,0,0,0,0,0,0,0,
2,0,0,0,0,0,0,0,0,0,0,0,0,0,0,0,0,0,0,0,0,
3,0,0,0,0,0,0,0,0,0,0,0,0,0,0,0,0,0,0,0,0,
4,0,0,2,0,0,0,2,0,0,0,2,0,0,0,2,0,0,0,1,0,
3,0,0,0,1,0,0,0,0,0,0,0,0,0,0,0,0,0,0,0,0,
3,0,0,0,1,0,0,0,0,0,0,0,0,0,0,0,0,0,0,0,0,
3,0,0,0,0,0,0,0,0,0,0,0,0,0,0,0,0,0,0,0,0,
3,0,0,0,1,0,0,0,0,0,0,0,0,0,0,0,0,0,0,0,0,
3,0,0,0,1,0,0,0,0,0,0,0,0,0,0,0,0,0,0,0,0,
3,0,0,0,1,0,0,0,0,0,0,0,0,0,0,0,0,0,0,0,1,
6,0,0,0,1,0,0,0,0,0,0,0,0,0,0,0,0,0,0,0,0,
3,0,1,1,1,0,1,1,1,0,1,0,1,0,1,0,1,0,1,0,1,
3,0,1,0,1,0,1,0,1,0,1,0,1,0,0,0,0,0,0,0,1,
3,0,1,0,1,0,1,0,1,0,1,0,1,0,1,0,1,0,1,0,1,
3,0,1,0,1,0,1,1,1,0,1,0,1,0,1,0,1,0,1,0,1,
3,0,0,0,0,0,0,0,0,0,0,0,0,0,0,0,0,0,0,0,0,
3,0,0,0,0,0,0,0,0,0,0,0,0,0,0,0,0,0,0,0,0,
4,0,0,0,0,0,0,0,0,0,0,0,0,0,0,0,0,0,0,0,0,
4,0,0,0,0,0,0,0,0,0,0,0,0,0,0,0,0,0,0,0,0,
3,0,1,1,1,1,1,1,1,0,1,1,1,0,1,1,1,1,1,0,1,
3,0,1,1,1,1,1,1,1,0,1,1,1,0,1,1,1,1,1,1,1,
3,0,1,1,1,1,1,1,1,0,1,1,1,0,1,1,1,1,1,0,1,
3,0,0,0,0,0,0,0,0,0,0,0,0,0,0,0,0,0,0,0,0,
3,0,0,0,0,0,0,0,0,0,0,0,0,0,0,0,0,0,0,0,0,
3,0,0,0,0,0,0,0,0,0,0,0,0,0,0,0,0,0,0,0,0,
3,0,0,0,0,0,0,0,0,0,0,0,0,0,0,0,0,0,0,0,0,
6,0,3,3,3,3,3,3,3,0,3,3,3,0,3,3,3,3,3,3,3,
6,0,1,0,1,1,1,1,1,0,1,0,1,0,1,0,1,0,1,0,1,
3,0,0,0,0,0,0,0,0,0,0,0,0,0,0,0,0,0,0,0,0,
5,1,2,0,2,1,2,0,2,1,2,0,2,1,1,0,2,1,2,0,2,
3,0,0,0,0,0,0,0,0,0,0,0,0,0,0,0,0,0,0,0,0,
2,0,0,0,0,0,0,0,0,0,0,0,0,0,0,0,0,0,0,0,0,
4,0,0,0,0,0,0,0,0,0,0,0,0,0,0,0,0,0,0,0,0,
3,0,0,0,1,0,0,0,1,0,0,0,0,0,0,0,0,0,0,0,1,
3,0,0,0,0,0,0,0,0,0,0,0,0,0,0,0,0,0,0,0,1,
3,0,0,0,0,0,0,0,0,0,0,0,0,0,0,0,0,0,0,0,0,
3,0,0,0,0,0,0,0,0,0,0,0,0,0,0,0,0,0,0,0,0,
3,0,0,0,0,0,0,0,0,0,0,0,0,0,0,0,0,0,0,0,0,
3,0,0,0,0,0,0,0,0,0,0,0,0,0,0,0,0,0,0,0,1,
3,0,0,0,1,0,0,0,0,0,0,0,0,0,0,0,0,0,0,0,1,
3,0,0,0,1,0,0,0,1,0,0,0,0,0,0,0,0,0,0,0,1,
3,0,0,0,1,0,1,0,1,0,0,0,1,0,0,0,0,0,0,0,1,
3,0,1,0,1,0,1,0,1,0,0,0,1,0,0,0,1,0,0,0,1,
3,0,1,1,1,0,1,1,1,0,1,0,1,0,0,0,1,0,1,0,1,
3,0,1,1,1,0,1,0,1,0,1,0,1,0,1,0,1,0,1,0,1,
3,0,1,0,1,1,1,0,1,0,1,0,1,0,1,0,1,0,1,0,1,
3,0,1,0,1,0,1,1,1,0,1,0,1,0,1,0,1,0,1,0,1,
6,0,1,1,4,1,1,1,4,0,1,0,4,0,1,1,1,0,1,0,4,
6,0,1,0,1,0,1,0,1,0,1,0,1,0,1,0,0,0,0,0,1,
3,0,1,1,1,1,1,1,1,0,1,0,1,0,1,1,1,0,1,0,1,
5,2,2,1,3,2,2,1,3,2,2,0,2,2,2,1,2,2,2,0,3,
3,1,1,1,1,1,1,1,1,0,1,1,1,0,1,1,1,1,1,1,1,
3,0,0,0,0,0,0,0,0,0,0,0,0,0,0,0,0,0,0,0,0,
3,0,0,0,0,0,0,0,0,0,0,0,0,0,0,0,0,0,0,0,0,
3,0,0,0,0,0,0,0,0,0,0,0,0,0,0,0,0,0,0,0,0,
3,0,0,0,0,0,0,0,0,0,0,0,0,0,0,0,0,0,0,0,0,
3,0,0,0,0,0,0,0,0,0,0,0,0,0,0,0,0,0,0,0,0,
3,0,0,0,0,0,0,0,0,0,0,0,0,0,0,0,0,0,0,0,0,
3,0,0,0,0,0,0,0,0,0,0,0,0,0,0,0,0,0,0,0,0,
3,0,0,0,0,0,0,0,0,0,0,0,0,0,0,0,0,0,0,0,0,
2,0,0,0,0,0,0,0,0,0,0,0,0,0,0,0,0,0,0,0,0,
2,0,0,0,0,0,0,0,0,0,0,0,0,0,0,0,0,0,0,0,0,
3,0,1,1,1,0,1,1,1,0,1,0,1,0,1,0,1,0,1,0,1,
3,0,0,0,0,0,0,0,1,0,0,0,0,0,0,0,0,0,0,0,0,
3,0,0,0,0,0,0,0,0,0,0,0,0,0,0,0,0,0,0,0,0,
3,0,0,0,0,0,0,0,0,0,0,0,0,0,0,0,0,0,0,0,0,
3,0,0,0,0,0,0,0,0,0,0,0,0,0,0,0,0,0,0,0,1,
3,0,0,0,0,0,0,0,0,0,0,0,0,0,0,0,0,0,0,0,1,
3,0,0,0,1,0,0,0,0,0,0,0,1,0,0,0,0,0,0,0,1,
5,0,0,0,0,0,0,0,0,0,0,0,0,0,0,0,0,0,0,0,1,
3,0,0,0,1,0,0,0,0,0,0,0,1,0,0,0,0,0,0,0,1,
3,0,0,0,1,0,0,0,0,0,0,0,0,0,0,0,0,0,0,0,1,
3,0,1,0,1,0,1,0,1,0,0,0,1,0,0,0,0,0,0,0,1,
3,0,1,0,1,0,1,0,0,0,0,0,1,0,0,0,0,0,0,0,1,
3,0,1,0,1,0,1,0,1,0,1,0,1,0,0,0,1,0,1,0,1,
3,0,1,0,1,0,1,1,1,0,1,0,1,0,1,0,1,0,1,0,1,
3,0,1,1,1,1,1,0,1,0,1,0,1,0,1,0,1,0,1,0,1,
3,0,1,1,1,1,1,0,1,0,1,0,1,0,1,1,1,0,1,0,1,
3,0,1,1,1,1,1,1,1,0,1,0,1,0,1,0,1,0,1,0,1,
3,0,1,1,1,1,1,1,1,0,1,1,1,0,1,1,1,1,1,1,1,
5,0,2,0,0,0,2,0,0,0,2,0,0,0,0,0,0,0,0,0,0,
3,0,0,0,0,0,0,0,0,0,0,0,0,0,0,0,0,0,0,0,0,
3,0,0,0,0,0,0,0,0,0,0,0,0,0,0,0,0,0,0,0,0,
3,0,0,0,0,0,0,0,0,0,0,0,0,0,0,0,0,0,0,0,0,
3,0,0,0,0,0,0,0,0,0,0,0,0,0,0,0,0,0,0,0,0,
5,0,1,0,1,0,1,0,1,0,1,0,1,0,0,0,0,0,0,0,1,
3,0,0,0,0,0,0,0,0,0,0,0,0,0,0,0,0,0,0,0,0,
4,0,0,0,0,0,0,0,0,0,0,0,0,0,0,0,0,0,0,0,0,
3,0,0,0,0,0,0,0,0,0,0,0,0,0,0,0,0,0,0,0,0,
3,0,0,0,0,0,0,0,0,0,0,0,0,0,0,0,0,0,0,0,0,
2,0,0,0,0,0,0,0,0,0,0,0,0,0,0,0,0,0,0,0,0,
3,0,0,0,0,0,0,0,0,0,0,0,0,0,0,0,0,0,0,0,0,
2,0,0,0,0,0,0,0,0,0,0,0,0,0,0,0,0,0,0,0,0,
2,0,0,0,0,0,0,0,0,0,0,0,0,0,0,0,0,0,0,0,0,
2,0,0,0,0,0,0,0,0,0,0,0,0,0,0,0,0,0,0,0,0,
3,0,0,0,0,0,0,0,0,0,0,0,0,0,0,0,0,0,0,0,0,
3,0,0,0,1,0,0,0,0,0,0,0,1,0,0,0,0,0,0,0,1,
3,0,0,0,0,0,0,0,0,0,0,0,1,0,0,0,0,0,0,0,1,
3,0,0,0,1,0,0,0,0,0,0,0,0,0,0,0,0,0,0,0,1,
3,0,0,0,1,0,0,0,0,0,0,0,1,0,0,0,0,0,0,0,1,
3,0,1,0,1,0,1,0,1,0,1,0,1,0,0,0,0,0,1,0,1,
3,0,1,0,1,0,1,1,1,0,1,0,1,0,1,0,1,0,1,0,1,
3,0,1,0,1,0,1,0,1,0,1,0,1,0,0,0,1,0,1,0,1,
3,0,1,1,1,1,1,1,1,0,1,0,1,0,1,1,1,0,1,0,1,
3,1,1,1,1,1,1,0,1,0,1,0,1,0,1,1,1,0,1,0,1,
3,1,1,1,1,1,1,1,1,0,1,0,1,0,1,0,1,1,1,0,1,
27,1,1,1,1,1,1,25,1,0,1,1,1,0,1,1,1,1,1,1,1,
4,0,0,1,0,0,0,1,0,0,0,0,0,0,0,1,0,0,0,0,0,
3,1,1,1,1,1,1,1,1,1,1,1,1,0,1,1,1,1,1,1,1,
3,1,1,1,1,1,1,1,1,0,1,1,1,1,1,1,1,1,1,0,1,
3,0,0,0,0,0,0,0,0,0,0,0,0,0,0,0,0,0,0,0,0,
3,0,0,0,0,0,0,0,0,0,0,0,0,0,0,0,0,0,0,0,0,
3,0,0,0,0,0,0,0,0,0,0,0,0,0,0,0,0,0,0,0,0,
3,0,0,0,0,0,0,0,0,0,0,0,0,0,0,0,0,0,0,0,0,
3,0,0,0,0,0,0,0,0,0,0,0,0,0,0,0,0,0,0,0,0,
3,0,0,0,0,0,0,0,0,0,0,0,0,0,0,0,0,0,0,0,0,
3,0,0,0,0,0,0,0,0,0,0,0,0,0,0,0,0,0,0,0,0,
3,0,0,0,0,0,0,0,0,0,0,0,0,0,0,0,0,0,0,0,0,
3,0,0,0,0,0,0,0,0,0,0,0,0,0,0,0,0,0,0,0,0,
3,0,0,0,0,0,0,0,0,0,0,0,0,0,0,0,0,0,0,0,0,
4,0,1,0,1,0,1,0,1,0,1,0,1,0,0,0,1,0,0,0,1,
3,0,0,0,0,1,0,0,0,0,0,0,0,0,0,0,0,0,0,0,0,
3,0,0,0,0,0,0,0,0,0,0,0,0,0,0,0,0,0,0,0,0,
2,0,0,0,0,0,0,0,0,0,0,0,0,0,0,0,0,0,0,0,0,
25,0,23,0,0,0,0,0,0,0,0,0,0,0,0,0,0,0,0,0,0,
4,1,1,1,1,1,1,1,1,1,1,1,1,0,1,1,1,1,1,1,1,
6,0,0,0,0,0,0,0,0,0,0,0,0,0,0,0,0,0,0,0,1,
3,0,0,0,0,0,0,0,0,0,0,0,0,0,0,0,0,0,0,0,1,
3,0,0,0,1,0,0,0,0,0,0,0,0,0,0,0,0,0,0,0,1,
3,0,0,0,1,0,0,0,0,0,0,0,1,0,0,0,0,0,0,0,1,
3,0,1,0,1,0,1,0,1,0,1,0,1,0,0,0,1,0,0,0,1,
3,0,0,0,1,0,0,0,0,0,0,0,1,0,0,0,0,0,0,0,1,
3,0,0,0,1,0,1,0,1,0,0,0,1,0,0,0,0,0,0,0,1,
3,1,1,0,1,1,1,0,1,0,1,0,1,0,1,0,1,0,1,0,1,
3,1,1,0,1,1,1,0,1,0,1,0,1,0,1,0,1,0,1,0,1,
3,1,1,1,1,1,1,0,1,0,1,0,1,0,1,0,1,0,1,0,1,
27,1,1,1,1,1,1,1,1,0,1,0,1,1,1,1,1,0,25,0,1,
4,0,0,0,0,0,0,0,0,0,0,0,0,0,0,0,0,0,0,0,0,
4,0,1,1,1,0,1,1,1,0,1,1,1,0,0,1,1,0,0,1,1,
4,0,0,0,0,0,0,0,0,0,0,0,0,0,0,0,0,0,0,0,0,
3,0,0,0,0,0,0,0,0,0,0,0,0,0,0,0,0,0,0,0,0,
4,0,0,0,0,0,0,0,0,0,0,0,0,0,0,0,0,0,0,0,0,
6,0,0,0,0,0,0,0,0,0,0,0,0,0,0,0,0,0,0,0,0,
5,0,3,0,0,0,3,0,0,0,3,0,0,0,3,0,0,0,3,0,0,
3,0,0,0,0,0,0,0,0,0,0,0,0,0,0,0,0,0,0,0,0,
3,0,0,0,0,0,0,0,0,0,0,0,0,0,0,0,0,0,0,0,0,
3,0,0,0,0,0,0,0,0,0,0,0,0,0,0,0,0,0,0,0,0,
3,0,0,0,0,0,0,0,0,0,0,0,0,0,0,0,0,0,0,0,0,
3,0,0,0,0,0,0,0,0,0,0,0,0,0,0,0,0,0,0,0,0,
4,0,0,0,0,0,1,0,0,0,0,0,0,0,0,0,0,0,0,0,0,
30,0,0,0,0,0,0,0,0,0,0,0,0,0,0,0,0,28,0,0,0,
3,1,1,0,1,1,1,0,1,0,1,0,1,0,0,0,0,0,0,0,1,
2,0,0,0,0,0,0,0,0,0,0,0,0,0,0,0,0,0,0,0,0,
2,0,0,0,0,0,0,0,0,0,0,0,0,0,0,0,0,0,0,0,0,
3,0,0,0,1,0,0,0,0,0,0,0,0,0,0,0,0,0,0,0,1,
3,0,0,0,0,0,0,0,0,0,0,0,0,0,0,0,0,0,0,0,1,
3,0,0,0,1,0,0,0,0,0,0,0,0,0,0,0,0,0,0,0,1,
3,0,0,0,0,0,0,0,0,0,0,0,1,0,0,0,0,0,0,0,1,
3,1,1,1,1,1,1,1,1,1,1,0,1,1,1,1,1,1,1,0,1,
3,0,1,0,1,0,1,0,1,0,1,0,1,0,0,0,1,0,0,0,1,
3,1,1,1,1,1,1,1,1,0,1,0,1,1,1,0,1,0,1,0,1,
3,1,1,0,1,1,1,0,1,0,1,0,1,1,1,0,1,0,1,0,1,
3,0,1,1,1,0,1,0,1,0,1,0,1,0,1,0,1,0,1,0,1,
3,0,1,0,1,1,1,0,1,0,1,0,1,0,1,0,1,0,1,0,1,
3,0,1,1,1,1,1,0,1,0,1,0,1,0,1,0,1,0,1,0,1,
3,0,1,1,1,1,1,1,1,0,1,0,1,0,1,1,1,0,1,0,1,
3,0,1,1,1,1,1,1,1,0,1,0,1,0,1,1,1,1,1,0,1,
3,0,1,1,1,1,1,1,1,0,1,1,1,0,1,1,1,1,1,0,1,
3,1,1,1,1,1,1,1,1,1,1,1,1,0,1,1,1,1,1,1,1,
3,0,0,0,0,0,0,0,0,0,0,0,0,0,0,0,0,0,0,0,0,
3,0,0,0,0,0,0,0,0,0,0,0,0,0,0,0,0,0,0,0,0,
3,0,0,0,1,0,1,0,1,0,1,0,1,0,0,0,0,0,0,0,1,
3,0,0,0,0,0,0,0,0,0,0,0,0,0,0,0,0,0,0,0,0,
3,0,0,0,0,0,0,0,0,0,0,0,0,0,0,0,0,0,0,0,0,
3,0,0,0,0,0,0,0,0,0,0,0,0,0,0,0,0,0,0,0,0,
3,0,0,0,0,0,0,0,0,0,0,0,0,0,0,0,0,0,0,0,0,
4,0,1,0,0,0,1,0,0,0,1,0,0,0,1,0,0,0,1,0,1,
4,0,1,0,0,0,1,0,0,0,0,0,0,0,0,0,0,0,0,0,1,
4,0,1,0,1,0,1,0,0,0,1,0,1,0,0,0,0,0,0,0,1,
4,0,1,0,1,0,1,0,0,0,0,0,0,0,0,0,0,0,0,0,1,
3,0,0,0,0,0,0,0,0,0,0,0,1,0,0,0,0,0,0,0,1,
3,0,0,0,1,0,0,0,0,0,0,0,0,0,0,0,0,0,0,0,1,
27,0,0,0,0,0,0,0,0,0,0,25,0,0,0,0,0,0,0,0,0,
33,28,1,28,1,30,25,1,1,0,1,0,1,0,0,1,1,0,1,1,1,
5,0,1,0,0,0,1,0,0,0,1,0,0,0,1,0,0,0,1,0,0,
5,0,1,0,0,0,0,0,0,0,0,0,1,0,0,0,0,0,0,0,1,
3,0,1,0,1,0,0,0,0,0,0,0,1,0,0,0,0,0,0,0,1,
3,0,1,0,1,0,0,1,1,0,1,0,1,0,1,0,0,0,0,0,1,
3,0,1,0,1,0,1,0,1,0,0,0,1,0,0,0,0,0,0,0,1,
3,0,1,0,1,0,1,1,1,0,0,0,1,0,0,0,1,0,0,0,1,
3,0,1,0,1,0,1,1,1,0,1,0,1,0,0,0,1,1,1,0,1,
3,0,1,0,1,0,1,1,1,0,1,0,1,0,1,0,1,0,1,0,1,
4,0,1,0,1,0,1,1,1,0,1,0,1,0,1,0,1,1,1,0,1,
3,0,1,1,1,0,1,1,1,0,1,0,1,0,1,0,1,0,1,0,1,
3,0,1,1,1,1,1,1,1,0,1,0,1,0,1,1,1,1,1,0,1,
3,0,1,1,1,1,1,1,1,0,1,1,1,0,1,0,1,1,1,0,1,
3,1,1,1,1,1,1,1,1,0,1,1,1,0,1,0,1,1,1,0,1,
3,0,0,0,0,0,0,0,0,0,0,0,0,0,0,0,0,0,0,0,0,
3,0,0,0,0,0,0,0,0,0,0,0,0,0,0,0,0,0,0,0,0,
3,0,0,0,0,0,0,0,0,0,0,0,0,0,0,0,0,0,0,0,0,
4,1,1,1,1,1,0,1,1,0,1,1,1,0,1,1,1,1,0,1,1,
5,0,0,0,1,0,1,0,1,0,0,0,1,0,0,0,1,0,0,0,1,
3,0,0,0,0,0,0,0,0,0,0,0,0,0,0,0,0,0,0,0,0,
3,0,0,0,0,0,0,0,0,0,0,0,0,0,0,0,0,0,0,0,0,
3,0,0,0,0,0,0,0,0,0,0,0,0,0,0,0,0,0,0,0,0,
3,0,0,0,0,0,0,0,0,0,0,0,0,0,0,0,0,0,0,0,0,
4,0,0,0,0,0,0,1,0,0,0,0,0,0,0,0,0,0,0,0,0,
3,0,0,0,0,0,0,0,0,0,0,0,0,0,0,0,0,0,0,0,0,
4,0,0,0,1,0,0,0,0,0,0,0,0,0,0,0,0,0,0,0,1,
2,0,0,0,0,0,0,0,0,0,0,0,0,0,0,0,0,0,0,0,0,
3,0,0,0,1,0,0,0,1,0,0,0,0,0,0,0,0,0,0,0,1,
2,0,0,0,0,0,0,0,0,0,0,0,0,0,0,0,0,0,0,0,1,
3,0,0,0,1,0,0,0,0,0,0,0,0,0,0,0,0,0,0,0,1,
3,0,0,0,1,0,0,0,1,0,0,0,0,0,0,0,0,0,0,0,1,
3,0,0,0,1,0,0,0,0,0,0,0,1,0,0,0,0,0,0,0,1,
3,0,0,0,1,0,0,0,0,0,0,0,1,0,0,0,0,0,0,0,1,
3,0,0,0,1,0,0,0,1,0,0,0,0,0,0,0,0,0,0,0,1,
3,0,1,0,1,0,1,0,1,0,1,0,1,0,0,0,1,0,1,0,1,
3,0,1,1,1,0,1,1,1,0,1,1,1,0,1,0,1,1,1,0,1,
3,0,1,1,1,0,1,1,1,0,1,0,1,0,1,1,1,0,1,0,1,
3,0,1,1,1,0,1,1,1,0,1,0,1,0,1,1,1,0,1,0,1,
3,0,1,1,1,0,1,1,1,0,1,0,1,0,1,1,1,0,1,0,1,
4,0,1,1,1,1,1,1,1,0,1,1,1,0,1,1,1,1,1,1,1,
3,0,1,1,1,0,1,1,1,0,1,0,1,0,1,1,1,0,1,0,1,
3,0,1,1,1,1,1,1,1,0,1,1,1,0,1,1,1,1,1,1,1,
3,1,1,1,1,1,1,1,1,0,1,1,1,0,1,1,1,1,1,1,1,
3,0,0,0,0,0,0,0,0,0,0,0,0,0,0,0,0,0,0,0,0,
3,0,0,0,0,0,0,0,0,0,0,0,0,0,0,0,0,0,0,0,0,
3,0,0,0,0,0,0,0,0,0,0,0,0,0,0,0,0,0,0,0,0,
3,0,0,0,0,0,0,0,0,0,0,0,0,0,0,0,0,0,0,0,0,
3,0,0,0,0,0,0,0,0,0,0,0,0,0,0,0,0,0,0,0,0,
7,0,0,0,4,0,0,0,4,0,0,0,0,0,0,0,0,0,0,0,4,
4,0,0,0,0,0,0,1,0,0,0,0,0,0,0,0,0,0,0,0,0,
3,0,0,0,0,0,0,0,0,0,0,0,0,0,0,0,0,0,0,0,0,
3,0,0,0,0,0,0,0,0,0,0,0,0,0,0,0,0,0,0,0,0,
3,0,0,0,0,0,0,0,0,0,0,0,0,0,0,0,0,0,0,0,0,
5,0,0,0,0,0,0,0,0,0,0,0,0,0,0,0,0,0,0,0,0,
3,0,0,0,0,0,0,0,0,0,0,0,0,0,0,0,0,0,0,0,0,
4,0,0,0,1,0,0,0,0,0,0,0,0,0,0,0,0,0,0,0,1,
2,0,0,0,0,0,0,0,0,0,0,0,0,0,0,0,0,0,0,0,0,
2,0,0,0,0,0,0,0,0,0,0,0,0,0,0,0,0,0,0,0,0,
2,0,0,0,0,0,0,0,0,0,0,0,0,0,0,0,0,0,0,0,0,
5,0,0,0,0,0,0,0,0,0,0,0,0,0,0,0,0,0,0,0,0,
3,0,0,0,1,0,0,0,0,0,0,0,0,0,0,0,0,0,0,0,1,
2,0,0,0,0,0,0,0,0,0,0,0,0,0,0,0,0,0,0,0,1,
3,0,0,0,1,0,0,0,0,0,0,0,0,0,0,0,0,0,0,0,1,
3,0,0,0,1,0,0,0,1,0,0,0,0,0,0,0,0,0,0,0,1,
3,0,0,0,1,0,0,0,1,0,0,0,0,0,0,0,0,0,0,0,1,
3,0,0,0,1,0,0,0,1,0,0,0,1,0,0,0,0,0,0,0,1,
3,0,0,0,0,0,0,0,0,0,0,0,0,0,0,0,0,0,0,0,0,
3,0,1,0,1,0,1,0,1,0,1,0,1,0,1,0,1,0,0,0,1,
3,0,1,0,1,0,1,0,1,0,1,0,1,0,0,0,0,0,0,0,1,
3,0,1,0,1,0,1,1,1,0,1,0,1,0,1,0,1,0,1,0,1,
3,0,1,1,1,0,1,1,1,0,1,0,1,0,1,0,1,0,1,0,1,
3,0,1,1,1,1,1,1,1,0,1,1,1,0,1,1,1,1,1,0,1,
3,0,1,1,1,1,1,1,1,0,1,1,1,0,1,1,1,1,1,1,1,
3,0,0,0,0,0,0,0,0,0,0,0,0,0,0,0,0,0,0,0,0,
4,0,0,0,1,0,0,0,0,0,0,0,0,0,0,0,0,0,0,0,0,
5,0,0,0,1,0,0,0,1,0,0,0,1,0,0,0,0,0,0,0,1,
7,0,0,0,0,0,0,0,0,0,0,0,0,0,0,0,0,0,0,0,0,
3,0,0,0,0,0,0,0,0,0,0,0,0,0,0,0,0,0,0,0,0,
4,0,1,1,1,0,1,1,1,0,1,0,1,0,0,0,1,0,0,0,1,
3,0,0,0,0,0,0,0,0,0,0,0,0,0,0,0,0,0,0,0,0,
3,0,0,0,0,0,0,0,0,0,0,0,0,0,0,0,0,0,0,0,0,
3,0,0,0,0,0,0,0,0,0,0,0,0,0,0,0,0,0,0,0,0,
3,0,0,0,0,0,0,0,0,0,0,0,0,0,0,0,0,0,0,0,0,
3,0,0,0,0,0,0,0,0,0,0,0,0,0,0,0,0,0,0,0,0,
3,0,0,0,0,0,0,0,0,0,0,0,0,0,0,0,0,0,0,0,0,
3,0,0,0,0,0,0,0,0,0,0,0,0,0,0,0,0,0,0,0,0,
3,0,0,0,0,0,0,0,0,0,0,0,0,0,0,0,0,0,0,0,1,
3,0,0,0,0,0,0,0,0,0,0,0,0,0,0,0,0,0,0,0,0,
4,0,0,0,0,0,0,0,0,0,0,0,0,0,0,0,0,0,0,0,0,
3,0,0,0,1,0,0,0,0,0,0,0,0,0,0,0,0,0,0,0,1,
3,0,0,0,1,0,0,0,0,0,0,0,0,0,0,0,0,0,0,0,1,
3,0,0,0,1,0,0,0,1,0,0,0,1,0,0,0,1,0,0,0,1,
3,0,1,0,1,0,1,0,1,0,1,0,1,0,0,0,1,0,0,0,1,
3,0,1,0,1,0,1,0,1,0,0,0,1,0,0,0,1,0,0,0,1,
3,0,1,0,1,0,1,1,1,0,1,0,1,0,0,0,1,0,0,0,1,
4,0,1,0,1,0,1,0,1,0,1,0,1,0,0,0,1,0,0,0,1,
5,0,0,0,0,0,0,0,0,0,0,0,0,0,0,0,0,0,0,0,0,
3,0,1,1,1,0,1,0,1,0,1,0,1,0,1,0,1,0,0,0,1,
3,0,1,1,1,0,1,0,1,0,1,0,1,0,1,1,1,0,1,0,1,
3,0,1,1,1,0,1,0,1,0,1,0,1,0,1,1,1,0,1,0,1,
3,0,1,1,1,0,1,1,1,0,1,0,1,0,1,0,1,0,1,0,1,
3,0,1,1,1,0,1,1,1,0,1,0,1,0,1,1,1,1,1,0,1,
3,1,1,1,1,1,1,1,1,1,1,1,1,0,1,1,1,1,1,1,1,
3,0,0,0,0,0,0,0,0,0,0,0,0,0,0,0,0,0,0,0,0,
3,0,0,0,0,0,0,0,0,0,0,0,0,0,0,0,0,0,0,0,0,
3,0,0,0,0,0,0,0,0,0,0,0,0,0,0,0,0,0,0,0,0,
3,0,0,0,0,0,0,0,0,0,0,0,0,0,0,0,0,0,0,0,0,
3,0,0,0,0,0,0,0,0,0,0,0,0,0,0,0,0,0,0,0,0,
3,0,0,0,0,0,0,0,0,0,0,0,0,0,0,0,0,0,0,0,0,
3,0,0,0,0,0,0,0,0,0,0,0,0,0,0,0,0,0,0,0,0,
3,0,0,0,0,0,0,0,0,0,0,0,0,0,0,0,0,0,0,0,0,
6,0,0,3,0,0,0,3,0,0,0,2,0,0,0,3,0,0,0,2,0,
4,0,0,0,0,0,0,0,1,0,0,0,0,0,0,0,0,0,0,0,1,
3,0,0,0,0,0,0,0,0,0,0,0,0,0,0,0,0,0,0,0,0,
4,0,0,0,0,0,0,0,0,0,0,0,0,0,0,0,0,0,0,0,0,
4,0,1,0,1,0,1,0,1,0,1,0,1,0,0,0,1,0,0,0,1,
3,0,0,0,1,0,0,0,0,0,0,0,0,0,0,0,0,0,0,0,1,
3,0,0,0,1,0,0,0,0,0,0,0,0,0,0,0,0,0,0,0,1,
3,0,0,0,1,0,0,0,0,0,0,0,0,0,0,0,0,0,0,0,1,
3,0,1,0,1,0,1,0,1,0,1,0,1,0,0,0,1,0,1,0,1,
3,0,1,0,1,0,1,0,1,0,1,0,1,0,1,0,1,0,1,0,1,
3,0,1,0,1,0,1,0,1,0,1,0,1,0,1,0,1,0,1,0,1,
3,0,1,0,1,0,1,0,1,0,1,0,1,0,1,0,1,0,0,0,1,
3,0,1,0,1,0,1,0,1,0,1,0,1,0,0,0,1,0,0,0,1,
3,0,1,0,1,0,1,0,1,0,1,0,1,0,1,0,1,0,1,0,1,
3,0,1,0,1,0,1,1,1,0,1,0,1,0,1,0,1,0,0,0,1,
3,0,1,1,1,0,1,0,1,0,1,0,1,0,1,0,1,0,0,0,1,
3,0,1,1,1,0,1,1,1,0,1,0,1,0,1,0,1,0,1,0,1,
3,0,1,1,1,0,1,1,1,0,1,0,1,0,1,1,1,0,1,0,1,
3,0,0,0,0,0,0,0,0,0,0,0,0,0,0,0,0,0,0,0,0,
3,0,0,0,0,0,0,0,0,0,0,0,0,0,0,0,0,0,0,0,0,
3,0,0,0,0,0,0,0,0,0,0,0,0,0,0,0,0,0,0,0,0,
3,0,0,0,0,0,0,0,0,0,0,0,0,0,0,0,0,0,0,0,0,
6,0,0,0,0,0,0,0,0,0,0,0,0,0,0,0,0,0,0,0,1,
7,0,1,1,1,1,1,1,1,0,1,1,1,0,1,1,1,1,1,0,1,
3,0,0,0,0,0,0,0,0,0,0,0,0,0,0,0,0,0,0,0,0,
5,2,3,1,3,2,3,1,3,2,3,1,3,2,3,1,3,2,3,0,3,
3,0,0,0,0,0,0,0,0,0,0,0,0,0,0,0,0,0,0,0,0,
3,0,0,0,0,0,0,0,0,0,0,0,0,0,0,0,0,0,0,0,0,
3,0,0,0,0,0,0,0,0,0,0,0,0,0,0,0,0,0,0,0,0,
3,0,0,0,0,0,0,0,0,0,0,0,0,0,0,0,0,0,0,0,0,
3,0,0,0,0,0,0,0,0,0,0,0,0,0,0,0,0,0,0,0,0,
3,0,0,0,0,0,0,0,0,0,0,0,0,0,0,0,0,0,0,0,0,
3,0,0,0,0,0,0,0,0,0,0,0,0,0,0,0,0,0,0,0,0,
3,0,0,0,0,0,0,0,0,0,0,0,0,0,0,0,0,0,0,0,0,
2,0,0,0,0,0,0,0,0,0,0,0,0,0,0,0,0,0,0,0,0,
18,0,1,7,1,2,0,1,0,0,0,5,4,2,0,0,0,0,2,0,4,
6,1,2,1,1,1,1,1,1,0,1,1,1,1,1,1,1,1,1,0,1,
3,1,1,1,1,1,1,1,1,0,1,0,1,1,1,1,1,0,1,0,1,
3,0,0,0,1,0,0,0,1,0,0,0,0,0,0,0,0,0,0,0,1,
3,0,1,1,1,0,1,1,1,0,1,0,1,0,0,0,0,0,0,0,1,
3,0,1,1,1,0,1,1,1,0,1,1,1,0,1,1,1,0,1,1,1,
3,0,1,1,1,0,1,1,1,0,1,0,1,0,1,1,1,0,1,0,1,
3,0,0,0,0,0,0,0,0,0,0,0,0,0,0,0,0,0,0,0,0,
6,0,0,0,1,0,0,0,0,0,0,0,0,0,0,0,0,0,0,0,1,
3,0,1,0,1,0,1,0,1,0,1,0,1,0,0,0,1,0,0,0,1,
3,0,1,0,1,0,1,1,1,0,1,0,1,0,1,0,1,0,1,0,1,
3,0,1,1,1,0,1,1,1,0,1,0,1,0,1,0,1,0,1,0,1,
3,0,1,1,1,0,1,1,1,0,1,0,1,0,1,1,1,1,1,0,1,
3,0,1,1,1,1,1,1,1,0,1,1,1,0,1,1,1,1,1,0,1,
3,0,1,1,1,1,1,1,1,0,1,1,1,0,1,1,1,1,1,0,1,
3,1,1,1,1,1,1,1,1,1,1,1,1,0,1,1,1,1,1,1,1,
3,0,0,0,0,0,0,0,0,0,0,0,0,0,0,0,0,0,0,0,0,
3,0,0,0,0,0,0,0,0,0,0,0,0,0,0,0,0,0,0,0,0,
3,0,0,0,0,0,0,0,0,0,0,0,0,0,0,0,0,0,0,0,0,
3,0,0,0,0,0,0,0,0,0,0,0,0,0,0,0,0,0,0,0,0,
3,0,0,0,0,0,0,0,0,0,0,0,0,0,0,0,0,0,0,0,0,
3,0,0,0,0,0,0,0,0,0,0,0,0,0,0,0,0,0,0,0,0,
3,0,0,0,0,0,0,0,0,0,0,0,0,0,0,0,0,0,0,0,0,
3,0,0,0,0,0,0,0,0,0,0,0,0,0,0,0,0,0,0,0,0,
4,0,0,0,0,0,0,0,0,0,0,0,0,0,0,0,0,0,0,0,0,
4,0,0,0,0,0,0,0,0,0,0,0,0,0,0,0,0,0,0,0,0,
4,1,0,0,1,0,0,0,0,0,0,0,0,0,0,0,0,0,0,0,1,
3,0,0,0,0,0,0,0,0,0,0,0,0,0,0,0,0,0,0,0,0,
3,0,0,0,0,0,0,0,0,0,0,0,0,0,0,0,0,0,0,0,0,
2,0,0,0,0,0,0,0,0,0,0,0,0,0,0,0,0,0,0,0,0,
2,0,0,0,0,0,0,0,0,0,0,0,0,0,0,0,0,0,0,0,0,
2,0,0,0,1,0,0,0,0,0,0,0,0,0,0,0,0,0,0,0,0,
2,0,0,0,0,0,0,0,0,0,0,0,0,0,0,0,0,0,0,0,0,
3,0,0,0,1,0,0,0,0,0,0,0,0,0,0,0,0,0,0,0,1,
3,0,0,0,1,0,0,0,0,0,0,0,0,0,0,0,0,0,0,0,1,
3,0,0,0,1,0,0,0,1,0,0,0,0,0,0,0,0,0,0,0,1,
3,0,0,0,1,0,0,0,1,0,0,0,1,0,0,0,0,0,0,0,1,
3,1,1,1,1,1,1,1,1,0,1,0,1,0,1,1,0,0,0,0,1,
3,0,1,0,1,0,1,0,1,0,1,0,1,0,0,0,1,0,0,0,1,
3,0,1,0,1,0,1,0,1,0,1,0,1,0,1,0,1,0,1,0,1,
3,0,1,1,1,0,1,1,1,0,1,0,1,0,1,0,1,0,1,0,1,
3,0,1,1,1,0,1,0,1,0,1,0,1,0,1,1,1,0,1,0,1,
4,0,0,0,0,0,0,0,0,0,0,0,0,0,0,0,0,0,0,0,0,
4,0,0,0,0,0,0,0,0,0,1,0,0,0,0,0,0,0,0,0,0,
3,0,0,0,0,0,0,0,0,0,0,0,0,0,0,0,0,0,0,0,0,
7,0,4,0,0,0,4,0,0,0,4,0,0,0,4,0,0,0,4,0,0,
5,0,3,0,1,0,3,0,1,0,3,0,1,0,3,0,1,0,3,0,1,
3,0,0,0,0,0,0,0,0,0,0,0,0,0,0,0,0,0,0,0,0,
5,2,2,0,2,2,2,0,2,2,2,0,2,2,2,0,2,2,2,0,2,
3,0,0,0,0,0,0,0,0,0,0,0,0,0,0,0,0,0,0,0,0,
3,0,0,0,0,0,0,0,0,0,0,0,0,0,0,0,0,0,0,0,0,
3,0,0,0,0,0,0,0,0,0,0,0,0,0,0,0,0,0,0,0,0,
4,0,1,0,0,0,1,0,0,0,0,0,0,0,0,0,0,0,0,0,0,
3,0,0,0,0,0,0,0,0,0,0,0,0,0,0,0,0,0,0,0,0,
3,0,0,0,0,0,0,0,0,0,0,0,0,0,0,0,0,0,0,0,0,
3,0,0,0,0,0,0,0,0,0,0,0,0,0,0,0,0,0,0,0,0,
3,0,0,0,0,0,0,0,0,0,0,0,0,0,0,0,0,0,0,0,0,
3,0,0,0,0,0,0,0,0,0,0,0,0,0,0,0,0,0,0,0,0,
3,0,0,0,0,0,0,0,0,0,0,0,0,0,0,0,0,0,0,0,0,
2,0,0,0,0,0,0,0,0,0,0,0,0,0,0,0,0,0,0,0,0,
3,0,0,0,0,0,0,0,0,0,0,0,0,0,0,0,0,0,0,0,0,
2,0,0,0,1,0,0,0,0,0,0,0,0,0,0,0,0,0,0,0,0,
2,0,0,0,1,0,0,0,0,0,0,0,0,0,0,0,0,0,0,0,0,
3,0,1,0,1,0,1,0,1,0,1,0,1,0,0,0,1,0,1,0,1,
3,0,0,0,1,0,0,0,1,0,0,0,0,0,0,0,0,0,0,0,1,
3,0,1,0,1,0,1,0,1,0,1,0,1,0,0,0,1,0,1,0,1,
5,0,0,0,0,0,0,0,0,0,0,0,0,0,0,0,0,0,0,0,0,
5,0,1,0,1,0,1,0,1,0,1,0,1,0,1,0,1,0,1,0,1,
3,0,1,0,1,0,1,0,1,0,1,0,1,0,0,0,1,0,1,0,1,
3,0,1,0,1,0,1,0,1,0,1,0,1,0,1,0,1,0,1,0,1,
3,0,1,0,1,0,1,0,1,0,1,0,1,0,1,0,1,0,1,0,1,
3,1,1,1,1,1,1,0,1,0,1,0,1,0,1,0,1,0,1,0,1,
3,0,0,0,0,0,0,0,0,0,0,0,0,0,0,0,0,0,0,0,0,
3,0,1,1,1,1,1,1,1,0,1,1,1,0,1,1,1,1,1,1,1,
3,1,1,1,1,1,1,1,1,1,1,0,1,1,1,1,1,1,1,0,1,
3,0,0,0,0,0,0,0,0,0,0,0,0,0,0,0,0,0,0,0,0,
3,0,0,0,0,0,0,0,0,0,0,0,0,0,0,0,0,0,0,0,0,
3,0,0,0,0,0,0,0,0,0,0,0,0,0,0,0,0,0,0,0,0,
3,0,0,0,0,0,0,0,0,0,0,0,0,0,0,0,0,0,0,0,0,
3,0,0,0,0,0,0,0,0,0,0,0,0,0,0,0,0,0,0,0,0,
3,0,0,0,0,0,0,0,0,0,0,0,0,0,0,0,0,0,0,0,0,
3,0,0,0,0,0,0,0,0,0,0,0,0,0,0,0,0,0,0,0,0,
3,0,0,0,0,0,0,0,0,0,0,0,0,0,0,0,0,0,0,0,0,
5,0,1,1,1,0,1,0,1,0,1,0,1,0,1,0,1,0,1,0,1,
3,0,0,0,0,0,0,0,0,0,0,0,0,0,0,0,0,0,0,0,0,
3,0,0,0,0,0,0,0,0,0,0,0,0,0,0,0,0,0,0,0,0,
3,0,0,0,0,0,0,0,0,0,0,0,0,0,0,0,0,0,0,0,0,
4,0,0,0,0,0,0,0,0,0,0,0,0,0,0,0,0,0,0,0,0,
2,0,0,0,0,0,0,0,0,0,0,0,0,0,0,0,0,0,0,0,0,
2,0,0,0,1,0,0,0,0,0,0,0,0,0,0,0,0,0,0,0,0,
2,0,0,0,1,0,0,0,0,0,0,0,0,0,0,0,0,0,0,0,1,
3,0,1,1,1,1,1,0,1,0,1,0,1,0,0,0,0,0,0,0,1,
3,0,1,0,1,0,1,0,1,0,0,0,0,0,0,0,0,0,0,0,1,
3,0,1,0,1,0,0,0,1,0,0,0,1,0,0,0,0,0,0,0,1,
3,0,1,0,1,0,1,0,1,0,1,0,1,0,0,0,1,0,0,0,1,
3,0,1,0,1,0,1,0,1,0,1,0,1,0,0,0,0,0,1,0,1,
3,0,1,1,1,0,1,1,1,0,1,0,1,0,1,0,1,0,1,0,1,
3,0,1,1,1,0,1,0,1,0,1,0,1,0,1,0,1,0,1,0,1,
3,0,1,1,1,0,1,1,1,0,1,1,1,0,1,1,1,1,1,0,1,
3,0,1,1,1,0,1,1,1,0,1,1,1,0,1,1,1,0,1,0,1,
3,0,1,1,1,0,1,1,1,0,1,1,1,0,1,1,1,1,1,0,1,
3,0,1,1,1,1,1,1,1,0,1,1,1,0,1,1,1,1,1,0,1,
3,0,1,1,1,1,1,1,1,0,1,1,1,0,1,1,1,1,1,1,1,
3,1,1,1,1,1,1,1,1,0,1,1,1,0,1,1,1,1,1,1,1,
3,0,0,0,0,0,0,0,0,0,0,0,0,0,0,0,0,0,0,0,0,
3,0,0,0,0,0,0,0,0,0,0,0,0,0,0,0,0,0,0,0,0,
3,0,0,0,0,0,0,0,0,0,0,0,0,0,0,0,0,0,0,0,0,
3,0,0,0,0,0,0,0,0,0,0,0,0,0,0,0,0,0,0,0,0,
5,0,0,0,0,0,0,0,0,0,0,0,0,0,0,0,0,0,0,0,0,
3,0,0,0,0,0,0,0,0,0,0,0,0,0,0,0,0,0,0,0,0,
3,0,0,0,0,0,0,0,0,0,0,0,0,0,0,0,0,0,0,0,0,
3,0,0,0,0,0,0,0,0,0,0,0,0,0,0,0,0,0,0,0,0,
3,0,0,0,0,0,0,0,0,0,0,0,0,0,0,0,0,0,0,0,0,
3,0,0,0,0,0,0,0,0,0,0,0,0,0,0,0,0,0,0,0,0,
3,0,0,0,0,0,0,0,0,0,0,0,0,0,0,0,0,0,0,0,0,
3,0,0,0,0,0,0,0,0,0,0,0,0,0,0,0,0,0,0,0,0,
3,0,0,0,0,0,0,0,0,0,0,0,0,0,0,0,0,0,0,0,0,
3,0,0,0,0,0,0,0,0,0,0,0,0,0,0,0,0,0,0,0,0,
5,0,0,3,0,0,0,3,0,0,0,3,0,0,0,3,0,0,0,3,0,
2,0,0,0,0,0,0,0,0,0,0,0,0,0,0,0,0,0,0,0,0,
3,0,1,0,1,0,0,0,1,0,0,0,0,0,0,0,0,0,0,0,1,
2,0,0,0,1,0,0,0,1,0,0,0,1,0,0,0,0,0,0,0,1,
2,0,1,0,1,0,1,0,1,0,0,0,0,0,0,0,0,0,0,0,1,
3,0,1,0,1,0,1,0,1,0,1,0,1,0,0,0,0,0,0,0,1,
6,0,1,1,1,0,1,0,1,0,1,0,1,0,1,0,1,0,1,0,1,
3,0,1,1,1,0,1,0,1,0,1,0,1,0,1,0,1,0,1,0,1,
3,0,1,1,1,0,1,0,1,0,1,0,1,0,1,0,1,0,1,0,1,
3,0,1,1,1,0,1,1,1,0,1,0,1,0,1,0,1,0,1,0,1,
3,0,1,1,1,1,1,0,1,0,1,0,1,0,1,0,1,0,1,0,1,
3,0,1,1,1,0,1,1,1,0,1,1,1,0,1,1,1,1,1,0,1,
3,0,1,1,1,1,1,1,1,0,1,0,1,0,1,1,1,1,1,0,1,
3,0,1,1,1,1,1,1,1,0,1,1,1,0,1,1,1,1,1,0,1,
3,1,1,1,1,1,1,1,1,1,1,1,1,0,1,1,1,1,1,1,1,
3,1,1,1,1,1,1,1,1,1,1,1,1,0,1,1,1,1,1,1,1,
3,0,0,0,0,0,0,0,0,0,0,0,0,0,0,0,0,0,0,0,0,
3,0,0,0,0,0,0,0,0,0,0,0,0,0,0,0,0,0,0,0,0,
3,0,0,0,0,0,0,0,0,0,0,0,0,0,0,0,0,0,0,0,0,
5,0,0,0,0,0,0,0,0,0,0,0,0,0,0,0,0,0,0,0,0,
3,0,0,0,0,0,0,0,0,0,0,0,0,0,0,0,0,0,0,0,0,
3,0,0,0,0,0,0,0,0,0,0,0,0,0,0,0,0,0,0,0,0,
6,1,1,1,1,1,0,1,1,1,1,1,1,1,1,1,1,1,0,1,1,
6,0,3,0,0,0,3,0,0,0,3,0,0,0,3,0,0,0,3,0,0,
3,0,0,0,0,0,0,0,0,0,0,0,0,0,0,0,0,0,0,0,0,
5,2,2,0,2,2,2,0,2,2,2,0,2,2,2,0,2,2,2,0,2,
3,0,0,0,0,0,0,0,0,0,0,0,0,0,0,0,0,0,0,0,0,
4,0,0,0,1,0,0,0,1,0,0,0,0,0,0,0,0,0,0,0,1,
3,0,0,0,0,0,0,0,0,0,0,0,0,0,0,0,0,0,0,0,0,
3,0,0,0,1,0,0,0,0,0,0,0,0,0,0,0,0,0,0,0,1,
2,0,0,0,0,0,0,0,0,0,0,0,0,0,0,0,0,0,0,0,0,
2,0,0,0,1,0,0,0,1,0,0,0,0,0,0,0,0,0,0,0,1,
2,0,0,0,1,0,0,0,1,0,0,0,0,0,0,0,0,0,0,0,1,
2,0,0,0,1,0,0,0,1,0,0,0,0,0,0,0,0,0,0,0,1,
2,0,1,0,1,0,0,0,1,0,0,0,1,0,0,0,0,0,0,0,1,
3,0,1,0,1,0,1,0,1,0,0,0,1,0,0,0,1,0,0,0,1,
3,0,1,0,1,0,1,0,1,0,1,0,1,0,0,0,1,0,0,0,1,
3,0,1,0,1,0,1,0,1,0,1,0,1,0,1,0,1,0,1,0,1,
3,0,1,1,1,0,1,0,1,0,1,0,1,0,1,0,1,0,1,0,1,
3,0,1,1,1,0,1,1,1,0,1,0,1,0,1,0,1,1,1,0,1,
3,0,1,1,1,0,1,1,1,0,1,0,1,0,1,1,1,0,1,0,1,
4,0,1,1,1,0,1,1,1,0,1,1,1,0,1,1,1,1,1,0,1,
3,0,1,1,1,1,1,1,1,0,1,1,1,0,1,1,1,1,1,0,1,
3,1,1,1,1,1,1,1,1,1,1,1,1,0,1,1,1,1,1,1,1,
4,0,0,0,0,0,0,0,0,0,0,0,0,0,0,0,0,0,0,0,0,
3,0,0,0,0,0,0,0,0,0,0,0,0,0,0,0,0,0,0,0,0,
3,0,0,0,0,0,0,0,0,0,0,0,0,0,0,0,0,0,0,0,0,
3,0,0,0,0,0,0,0,0,0,0,0,0,0,0,0,0,0,0,0,0,
3,0,0,0,0,0,0,0,0,0,0,0,0,0,0,0,0,0,0,0,0,
6,0,0,0,3,0,0,0,3,0,0,0,0,0,0,0,0,0,0,0,3,
4,1,1,1,1,1,1,1,1,0,1,1,1,0,1,1,1,1,1,1,1,
3,0,0,0,0,0,0,0,0,0,0,0,0,0,0,0,0,0,0,0,0,
3,0,0,0,0,0,0,0,0,0,0,0,0,0,0,0,0,0,0,0,0,
3,0,0,0,0,0,0,0,0,0,0,0,0,0,0,0,0,0,0,0,0,
3,0,0,0,0,0,0,0,0,0,0,0,0,0,0,0,0,0,0,0,0,
3,0,0,0,0,0,0,0,0,0,0,0,0,0,0,0,0,0,0,0,0,
3,0,0,0,0,0,0,0,0,0,0,0,0,0,0,0,0,0,0,0,0,
3,0,0,0,0,0,0,0,0,0,0,0,0,0,0,0,0,0,0,0,1,
6,0,0,3,0,0,0,3,0,0,0,3,0,0,0,3,0,0,0,3,0,
2,0,0,0,0,0,0,0,0,0,0,0,0,0,0,0,0,0,0,0,0,
2,0,0,0,1,0,0,0,0,0,0,0,0,0,0,0,0,0,0,0,0,
3,0,1,0,1,0,0,0,1,0,1,0,1,0,1,0,1,0,1,0,1,
3,0,1,1,1,0,0,1,1,0,0,1,1,0,0,1,1,0,0,1,1,
3,0,1,1,1,0,1,1,1,0,1,0,1,0,0,1,1,0,0,0,1,
5,0,1,0,1,0,1,0,1,0,0,0,1,0,0,0,0,0,0,0,1,
24,0,21,21,22,21,21,21,22,0,22,0,22,21,22,0,22,0,21,0,22,
3,0,1,0,1,0,1,0,1,0,1,0,1,0,0,0,1,0,0,0,1,
3,0,1,0,1,0,1,1,1,0,1,0,1,0,1,0,1,0,1,0,1,
3,0,1,0,1,0,1,1,1,0,1,0,1,0,1,0,1,0,1,0,1,
3,1,1,1,1,0,1,1,1,0,1,0,1,0,1,0,1,0,1,0,1,
3,0,1,1,1,0,1,1,1,0,1,0,1,0,1,1,1,0,1,0,1,
3,0,1,1,1,0,1,1,1,0,1,1,1,0,1,1,1,1,1,0,1,
3,0,0,0,0,0,0,0,0,0,0,0,0,0,0,0,0,0,0,0,0,
3,0,0,0,0,0,0,0,0,0,0,0,0,0,0,0,0,0,0,0,0,
3,0,0,0,0,0,0,0,0,0,0,0,0,0,0,0,0,0,0,0,0,
3,0,0,0,0,0,0,0,0,0,0,0,0,0,0,0,0,0,0,0,0,
3,0,0,0,0,0,0,0,0,0,0,0,0,0,0,0,0,0,0,0,0,
4,0,1,0,1,0,1,0,1,0,1,0,1,0,1,0,1,0,1,0,1,
3,0,0,0,0,0,0,0,0,0,0,0,0,0,0,0,0,0,0,0,0,
3,0,0,0,0,0,0,0,0,0,0,0,0,0,0,0,0,0,0,0,0,
3,0,0,0,0,0,0,0,0,0,0,0,0,0,0,0,0,0,0,0,0,
7,0,3,0,4,0,3,0,3,0,2,0,1,0,2,0,1,0,2,0,4,
5,0,0,1,2,0,0,1,1,0,0,0,1,0,0,1,1,0,0,0,1,
5,2,2,1,2,2,2,1,2,2,2,0,2,2,2,0,2,2,2,0,2,
4,0,1,1,1,0,1,1,1,0,1,0,1,0,0,1,1,0,1,0,1,
4,0,0,0,1,0,0,0,1,0,0,0,1,0,0,0,0,0,0,0,1,
4,0,1,0,1,0,1,0,1,0,0,0,1,0,0,0,1,0,0,0,1,
4,0,0,0,1,0,1,0,1,0,0,0,1,0,0,0,0,0,0,0,1,
3,0,0,0,1,0,0,0,1,0,0,0,1,0,0,0,0,0,0,0,1,
2,0,0,0,1,0,0,0,1,0,0,0,0,0,0,0,0,0,0,0,1,
2,0,0,0,1,0,0,0,1,0,0,0,1,0,0,0,0,0,0,0,1,
3,0,1,0,1,0,1,0,1,0,1,0,1,0,0,0,0,0,0,0,1,
3,0,0,0,0,0,0,0,0,0,0,0,0,0,0,0,0,0,0,0,0,
3,0,0,0,0,0,0,0,0,0,0,0,0,0,0,0,0,0,0,0,0,
3,0,1,0,1,0,1,1,1,0,1,0,1,0,0,1,1,0,0,0,1,
3,0,1,0,1,0,1,0,1,0,1,0,1,0,1,0,1,0,1,0,1,
3,0,1,0,1,0,1,0,1,0,1,0,1,0,0,0,1,0,0,0,1,
3,0,1,1,1,0,1,0,1,0,1,0,1,0,1,0,1,0,1,0,1,
3,0,1,0,1,0,1,0,1,0,1,0,1,0,1,0,1,0,1,0,1,
3,0,1,1,1,0,1,1,1,0,1,1,1,0,1,0,1,1,1,0,1,
3,1,1,1,1,1,1,1,1,1,1,0,1,1,1,1,1,1,1,0,1,
3,1,1,1,1,1,1,1,1,1,1,0,1,1,1,0,1,1,1,0,1,
5,1,2,1,2,2,2,1,2,1,2,0,2,1,1,0,1,1,1,0,2,
6,0,3,1,3,1,3,1,3,1,3,0,3,1,1,0,3,0,1,0,3,
4,0,0,1,1,0,0,1,1,0,0,0,1,0,0,0,1,0,0,0,1,
3,0,0,0,0,0,0,0,0,0,0,0,0,0,0,0,0,0,0,0,0,
3,0,0,0,0,0,0,0,0,0,0,0,0,0,0,0,0,0,0,0,0,
3,0,0,0,0,0,0,0,0,0,0,0,0,0,0,0,0,0,0,0,0,
3,0,0,0,0,0,0,0,0,0,0,0,0,0,0,0,0,0,0,0,0,
3,0,0,0,0,0,0,0,0,0,0,0,0,0,0,0,0,0,0,0,0,
3,0,0,0,0,0,0,0,0,0,0,0,0,0,0,0,0,0,0,0,0,
4,0,0,0,1,0,0,0,1,0,0,0,1,0,0,0,1,0,0,0,1,
4,0,0,0,1,0,0,0,1,0,0,0,0,0,0,0,0,0,0,0,1,
4,0,0,0,1,0,0,0,1,0,0,0,0,0,0,0,0,0,0,0,1,
3,0,0,0,0,0,0,0,0,0,0,0,0,0,0,0,0,0,0,0,0,
3,0,0,0,0,0,0,0,0,0,0,0,0,0,0,0,0,0,0,0,1,
5,0,1,0,1,0,1,0,1,0,0,0,1,0,0,0,0,0,0,0,1,
3,0,0,0,1,0,0,0,1,0,0,0,0,0,0,0,0,0,0,0,1,
3,0,0,0,0,0,0,0,1,0,0,0,0,0,0,0,0,0,0,0,1,
3,0,1,0,1,0,1,0,1,0,1,0,1,0,0,0,1,0,1,0,1,
4,0,1,0,0,0,1,0,0,0,0,0,0,0,0,0,0,0,0,0,0,
3,1,2,1,1,1,1,1,1,1,1,0,1,1,1,1,1,1,1,0,1,
5,1,1,1,1,1,1,0,1,0,1,0,1,1,1,0,1,1,1,0,1,
4,1,2,0,2,1,2,1,2,2,2,0,2,1,2,0,2,1,2,0,2,
3,1,1,0,1,1,1,0,1,1,1,0,1,1,1,0,1,1,1,0,1,
3,0,1,1,1,0,1,1,1,0,1,0,1,0,1,1,1,0,1,0,1,
3,0,1,0,1,0,1,0,1,0,1,0,1,0,0,0,1,0,0,0,1,
3,0,1,1,1,0,1,1,1,0,1,0,1,0,1,1,1,0,1,0,1,
3,0,1,1,1,0,1,0,1,0,1,0,1,0,1,0,1,0,1,0,1,
3,0,1,1,1,0,1,0,1,0,1,0,1,0,1,1,1,0,1,0,1,
3,0,1,0,0,0,0,0,0,0,0,0,0,0,0,0,0,0,0,0,0,
4,0,1,0,0,0,0,0,0,0,0,0,0,0,0,0,0,0,0,0,0,
3,0,0,0,0,0,0,0,0,0,0,0,0,0,0,0,0,0,0,0,0,
3,0,0,0,0,0,0,0,0,0,0,0,0,0,0,0,0,0,0,0,0,
3,0,0,0,0,0,0,0,0,0,0,0,0,0,0,0,0,0,0,0,0,
3,0,0,0,0,0,0,0,0,0,0,0,0,0,0,0,0,0,0,0,0,
3,0,0,0,0,0,0,0,0,0,0,0,0,0,0,0,0,0,0,0,0,
3,0,0,0,0,0,0,0,0,0,0,0,0,0,0,0,0,0,0,0,0,
3,0,0,0,0,0,0,0,0,0,0,0,0,0,0,0,0,0,0,0,0,
5,0,3,0,1,0,3,0,1,0,3,0,1,0,3,0,1,0,3,0,1,
3,0,0,0,0,0,0,0,0,0,0,0,0,0,0,0,0,0,0,0,0,
5,0,1,0,1,0,1,0,1,0,1,0,1,0,1,0,1,0,1,0,1,
4,0,1,1,1,0,1,1,1,0,1,0,1,0,1,0,1,0,1,0,1,
4,0,1,0,1,0,1,0,1,0,1,0,1,0,0,0,1,0,1,0,1,
3,0,0,0,0,0,0,0,0,0,0,0,0,0,0,0,0,0,0,0,1,
3,0,0,0,0,0,0,0,0,0,0,0,0,0,0,0,0,0,0,0,1,
3,0,0,0,0,0,0,0,0,0,0,0,0,0,0,0,0,0,0,0,0,
3,0,0,0,0,0,0,0,0,0,0,0,0,0,0,0,0,0,0,0,1,
3,0,0,0,0,0,0,0,1,0,0,0,0,0,0,0,0,0,0,0,1,
3,0,0,0,1,0,0,0,1,0,0,0,1,0,0,0,0,0,0,0,1,
3,0,1,0,1,0,1,0,1,0,1,0,1,0,0,0,0,0,1,0,1,
3,0,1,0,1,0,1,1,1,0,1,0,1,0,0,0,1,0,0,0,1,
3,0,1,0,1,0,1,0,1,0,1,0,1,0,1,0,1,0,1,0,1,
3,0,1,0,1,0,1,0,1,0,1,0,1,0,0,0,1,0,1,0,1,
3,1,1,1,1,1,1,1,1,0,1,1,1,0,1,1,1,1,1,1,1,
3,0,0,0,0,0,0,0,0,0,0,0,0,0,0,0,0,0,0,0,0,
4,0,0,0,0,0,1,0,0,0,0,0,0,0,0,0,0,0,0,0,0,
4,0,0,0,0,0,0,0,0,0,0,0,0,0,0,0,0,0,0,0,0,
3,1,1,1,1,1,1,1,1,0,1,0,1,0,1,1,1,0,1,0,1,
3,0,0,0,0,0,0,0,0,0,0,0,0,0,0,0,0,0,0,0,0,
5,0,0,0,0,0,0,0,0,0,0,0,0,0,0,0,0,0,0,0,0,
3,0,0,0,1,0,0,0,1,0,0,0,0,0,0,0,0,0,0,0,1,
3,0,0,0,0,0,0,0,0,0,0,0,0,0,0,0,0,0,0,0,0,
3,0,0,0,0,0,0,0,0,0,0,0,0,0,0,0,0,0,0,0,0,
3,0,0,0,0,0,0,0,0,0,0,0,0,0,0,0,0,0,0,0,0,
3,0,0,0,0,0,0,0,0,0,0,0,0,0,0,0,0,0,0,0,0,
3,0,0,0,0,0,0,0,0,0,0,0,0,0,0,0,0,0,0,0,0,
3,0,0,0,0,0,0,0,0,0,0,0,0,0,0,0,0,0,0,0,0,
3,0,0,0,0,0,0,0,0,0,0,0,0,0,0,0,0,0,0,0,0,
3,0,0,0,0,0,0,0,0,0,0,0,0,0,0,0,0,0,0,0,0,
3,0,0,0,0,0,0,0,0,0,0,0,0,0,0,0,0,0,0,0,0,
3,0,0,0,0,0,0,0,0,0,0,0,0,0,0,0,0,0,0,0,0,
3,0,0,0,0,0,0,0,0,0,0,0,0,0,0,0,0,0,0,0,0,
3,0,0,0,0,0,0,0,1,0,0,0,0,0,0,0,0,0,0,0,1,
7,0,3,0,4,0,3,0,4,0,0,0,3,0,0,0,3,0,0,0,4,
4,0,1,0,1,0,0,0,1,0,0,0,0,0,0,0,0,0,0,0,1,
3,0,0,0,0,0,0,0,1,0,0,0,0,0,0,0,0,0,0,0,1,
4,0,0,0,1,0,0,0,1,0,0,0,0,0,0,0,0,0,0,0,1,
3,0,0,0,1,0,0,0,1,0,0,0,0,0,0,0,0,0,0,0,1,
3,0,0,0,1,0,0,0,1,0,0,0,0,0,0,0,0,0,0,0,1,
5,0,1,0,1,0,1,0,1,0,0,0,0,0,0,0,0,0,0,0,1,
3,0,1,0,1,1,1,0,1,0,0,0,1,0,0,0,0,0,0,0,1,
3,0,1,0,1,1,1,0,1,0,1,0,1,0,1,0,1,0,1,0,1,
3,0,1,1,1,1,1,0,1,0,1,0,1,0,1,0,1,0,1,0,1,
3,0,1,0,1,0,1,0,1,0,1,0,1,0,0,0,0,0,0,0,1,
3,0,1,0,1,0,1,0,1,0,1,0,1,0,0,0,1,0,1,0,1,
7,0,0,0,3,0,0,0,3,0,0,0,3,0,0,0,3,0,0,0,3,
3,0,1,1,1,0,1,1,1,0,1,0,1,0,1,0,1,0,1,0,1,
3,0,1,1,1,1,1,1,1,0,1,0,1,0,1,1,1,0,1,0,1,
3,1,1,1,1,1,1,1,1,0,1,0,1,1,1,1,1,1,1,0,1,
3,1,1,1,1,1,1,1,1,0,1,1,1,0,1,1,1,1,1,1,1,
3,0,0,0,0,0,0,0,0,0,0,0,0,0,0,0,0,0,0,0,0,
3,0,0,0,0,0,0,0,0,0,0,0,0,0,0,0,0,0,0,0,0,
3,0,0,0,0,0,0,0,0,0,0,0,0,0,0,0,0,0,0,0,0,
3,0,0,0,0,0,0,0,0,0,0,0,0,0,0,0,0,0,0,0,0,
3,0,0,0,0,0,0,0,0,0,0,0,0,0,0,0,0,0,0,0,0,
6,0,3,3,3,0,3,3,3,0,3,0,3,0,3,0,3,0,3,0,3,
5,0,4,0,1,0,3,0,1,0,3,0,0,0,3,0,0,0,3,0,1,
3,0,0,0,0,0,0,0,0,0,0,0,0,0,0,0,0,0,0,0,0,
4,1,2,0,2,1,2,0,2,1,1,0,1,1,1,0,1,1,1,0,2,
3,0,0,0,0,0,0,0,0,0,0,0,0,0,0,0,0,0,0,0,0,
3,0,1,0,0,0,1,0,0,0,0,0,0,0,0,0,0,0,0,0,1,
3,0,0,0,1,0,0,0,0,0,0,0,0,0,0,0,0,0,0,0,1,
3,0,0,0,0,0,0,0,0,0,0,0,0,0,0,0,0,0,0,0,0,
3,0,0,0,0,0,0,0,0,0,0,0,0,0,0,0,0,0,0,0,0,
3,0,0,0,0,0,0,0,0,0,0,0,0,0,0,0,0,0,0,0,0,
3,0,0,0,1,0,1,0,1,0,0,0,0,0,0,0,0,0,0,0,1,
5,0,0,2,1,0,0,2,0,0,0,2,0,0,0,2,0,0,0,2,1,
2,0,0,0,1,0,0,0,1,0,0,0,0,0,0,0,0,0,0,0,1,
2,0,0,0,1,0,0,0,0,0,0,0,0,0,0,0,0,0,0,0,1,
2,0,0,0,0,0,0,0,1,0,0,0,0,0,0,0,0,0,0,0,1,
2,0,0,0,1,0,1,0,1,0,0,0,1,0,0,0,0,0,0,0,1,
2,0,1,0,1,0,1,0,1,0,0,0,1,0,0,0,0,0,0,0,1,
3,0,1,0,1,0,1,0,1,0,1,0,1,0,0,0,1,0,0,0,1,
3,0,1,0,1,0,1,0,1,0,1,0,1,0,0,0,1,0,1,0,1,
3,0,1,1,1,1,1,1,1,0,1,0,1,0,1,0,1,0,1,0,1,
3,0,1,1,1,1,1,1,1,0,1,0,1,0,1,0,1,0,1,0,1,
6,0,1,1,1,0,1,0,1,0,1,0,1,0,0,0,0,0,1,0,1,
3,0,1,1,1,1,1,1,1,0,1,0,1,0,1,1,1,0,1,0,1,
3,0,1,1,1,1,1,1,1,0,1,1,1,0,1,1,1,1,1,1,1,
4,3,1,1,1,3,1,1,1,2,1,0,1,2,1,1,1,2,1,0,1,
3,0,0,0,0,0,0,0,0,0,0,0,0,0,0,0,0,0,0,0,0,
3,0,0,0,0,0,0,0,0,0,0,0,0,0,0,0,0,0,0,0,0,
3,0,0,0,0,0,0,0,0,0,0,0,0,0,0,0,0,0,0,0,0,
3,0,0,0,0,0,0,0,0,0,0,0,0,0,0,0,0,0,0,0,0,
3,0,0,0,0,0,0,0,0,0,0,0,0,0,0,0,0,0,0,0,0,
3,0,0,0,0,0,0,0,0,0,0,0,0,0,0,0,0,0,0,0,0,
3,0,0,0,0,0,0,0,0,0,0,0,0,0,0,0,0,0,0,0,0,
3,0,0,0,0,0,0,0,0,0,0,0,0,0,0,0,0,0,0,0,0,
3,0,0,0,0,0,0,0,0,0,0,0,0,0,0,0,0,0,0,0,0,
3,0,0,0,0,0,0,0,0,0,0,0,0,0,0,0,0,0,0,0,0,
3,0,0,0,0,0,0,0,0,0,0,0,0,0,0,0,0,0,0,0,0,
6,0,0,0,0,0,0,0,0,0,0,0,0,0,0,0,0,0,0,0,0,
3,0,0,0,0,0,0,0,0,0,0,0,0,0,0,0,0,0,0,0,0,
3,0,0,0,0,0,0,0,0,0,0,0,0,0,0,0,0,0,0,0,0,
3,0,0,0,0,0,0,0,0,0,0,0,1,0,0,0,0,0,0,0,1,
5,0,2,2,3,2,2,2,3,0,2,2,3,0,2,2,2,2,2,0,3,
3,0,0,0,0,0,0,0,0,0,0,0,1,0,0,0,0,0,0,0,1,
2,0,0,0,0,0,0,0,0,0,0,0,1,0,0,0,0,0,0,0,0,
3,0,1,0,1,0,1,0,1,0,1,0,1,0,0,0,1,0,1,0,1,
3,0,1,0,1,0,1,0,1,0,1,0,1,0,1,0,1,0,1,0,1,
3,0,1,1,1,0,1,1,1,0,1,1,1,0,1,1,1,1,1,0,1,
3,0,1,1,1,0,1,1,1,0,1,1,1,0,1,1,1,1,1,1,1,
3,0,1,1,1,0,1,0,1,0,1,0,1,0,1,0,1,0,1,0,1,
3,0,1,1,1,1,1,0,1,0,1,0,1,0,1,0,1,0,1,0,1,
3,0,1,1,1,1,1,1,1,0,1,0,1,0,1,0,1,1,1,0,1,
3,0,1,1,1,1,1,1,1,0,1,0,1,0,1,0,1,1,1,0,1,
3,0,1,1,1,1,1,1,1,0,1,1,1,0,1,1,1,1,1,0,1,
3,0,1,1,1,1,1,1,1,0,1,1,1,0,1,1,1,1,1,0,1,
3,0,0,0,0,0,0,0,0,0,0,0,0,0,0,0,0,0,0,0,0,
3,0,0,0,0,0,0,0,0,0,0,0,0,0,0,0,0,0,0,0,0,
3,0,0,0,0,0,0,0,0,0,0,0,0,0,0,0,0,0,0,0,0,
3,0,0,0,0,0,0,0,0,0,0,0,0,0,0,0,0,0,0,0,0,
3,0,0,0,0,0,0,0,0,0,0,0,0,0,0,0,0,0,0,0,0,
5,0,0,0,0,0,0,0,0,0,0,0,0,0,0,0,0,0,0,0,0,
6,0,0,0,0,0,0,0,0,0,0,0,0,0,0,0,0,0,0,0,0,
3,0,0,0,0,0,0,0,0,0,0,0,0,0,0,0,0,0,0,0,0,
4,1,1,0,1,1,1,0,1,1,1,0,1,1,1,0,1,1,1,0,1,
3,0,0,0,0,0,0,0,0,0,0,0,0,0,0,0,0,0,0,0,0,
3,0,0,0,0,0,0,0,0,0,0,0,0,0,0,0,0,0,0,0,0,
4,0,0,0,0,0,0,0,1,0,0,0,1,0,0,0,0,0,0,0,1,
4,0,0,0,1,0,0,0,0,0,0,0,1,0,0,0,0,0,0,0,0,
3,0,0,0,0,0,0,0,0,0,0,0,1,0,0,0,0,0,0,0,0,
3,0,0,0,1,0,0,0,0,0,0,0,1,0,0,0,0,0,0,0,0,
3,0,0,0,1,0,0,0,0,0,0,0,1,0,0,0,0,0,0,0,0,
4,0,0,0,1,0,0,0,1,0,0,0,1,0,0,0,0,0,0,0,1,
4,0,1,0,1,0,1,0,1,0,1,0,1,0,1,0,1,0,1,0,1,
3,0,0,0,1,0,0,0,1,0,0,0,0,0,0,0,0,0,0,0,1,
3,0,0,0,1,0,0,0,1,0,0,0,1,0,0,0,0,0,0,0,1,
2,0,1,0,1,0,0,0,1,0,0,0,0,0,0,0,0,0,0,0,1,
3,0,1,0,1,0,1,0,1,0,0,0,1,0,0,0,0,0,0,0,1,
3,0,1,0,1,0,1,0,1,0,1,0,1,0,0,0,0,0,0,0,1,
3,0,1,1,1,1,1,0,1,0,1,0,1,0,1,0,1,0,1,0,1,
3,0,1,1,1,1,1,1,1,0,1,1,1,0,1,0,1,1,1,0,1,
3,0,1,1,1,1,1,1,1,0,1,0,1,0,1,0,1,0,1,0,1,
6,0,1,0,1,0,1,0,1,0,0,0,1,0,0,0,0,0,0,0,1,
3,1,1,1,1,1,1,1,1,1,1,1,1,0,1,1,1,1,1,1,1,
3,0,0,0,0,0,0,0,0,0,0,0,0,0,0,0,0,0,0,0,0,
4,0,0,1,1,0,0,1,1,0,0,0,0,0,0,1,0,0,0,0,1,
3,0,0,0,0,0,0,0,0,0,0,0,0,0,0,0,0,0,0,0,0,
3,0,0,0,0,0,0,0,0,0,0,0,0,0,0,0,0,0,0,0,0,
3,0,0,0,0,0,0,0,0,0,0,0,0,0,0,0,0,0,0,0,0,
3,0,0,0,0,0,0,0,0,0,0,0,0,0,0,0,0,0,0,0,0,
3,0,0,0,0,0,0,0,0,0,0,0,0,0,0,0,0,0,0,0,0,
3,0,0,0,0,0,0,0,0,0,0,0,0,0,0,0,0,0,0,0,0,
3,0,0,0,0,0,0,0,0,0,0,0,0,0,0,0,0,0,0,0,0,
3,0,0,0,0,0,0,0,0,0,0,0,0,0,0,0,0,0,0,0,0,
3,0,0,0,0,0,0,0,0,0,0,0,0,0,0,0,0,0,0,0,0,
3,0,0,0,0,0,0,0,0,0,0,0,0,0,0,0,0,0,0,0,0,
3,0,0,0,0,0,0,0,0,0,0,0,0,0,0,0,0,0,0,0,0,
6,0,0,3,0,0,0,3,0,0,0,3,0,0,0,3,0,0,0,3,0,
3,0,0,0,0,0,0,0,0,0,0,0,0,0,0,0,0,0,0,0,0,
4,0,0,0,0,0,0,0,0,0,0,0,0,0,0,0,0,0,0,0,0,
3,0,0,0,0,0,0,0,0,0,0,0,0,0,0,0,0,0,0,0,0,
3,0,0,0,1,0,0,0,0,0,0,0,0,0,0,0,0,0,0,0,1,
3,0,0,0,1,0,0,0,0,0,1,0,0,0,0,0,0,0,0,0,1,
4,0,1,0,1,0,1,0,1,0,1,0,1,0,0,0,1,0,0,0,1,
4,1,1,0,1,1,1,0,1,0,1,0,1,1,1,0,1,0,1,0,1,
4,2,2,0,2,2,2,0,2,2,2,0,2,2,2,0,2,2,2,0,2,
3,1,1,0,1,1,1,0,1,1,1,0,1,1,1,0,1,1,1,0,1,
3,1,1,0,1,1,1,0,1,1,1,0,1,1,1,0,1,1,1,0,1,
3,1,1,0,1,1,1,0,1,1,1,0,1,1,1,0,1,1,1,0,1,
3,1,1,0,1,1,1,0,1,1,1,0,1,1,1,0,1,1,1,0,1,
3,1,1,0,1,1,1,0,1,1,1,0,1,1,1,0,1,1,1,0,1,
3,1,1,0,1,1,1,0,1,1,1,0,1,1,1,0,1,1,1,0,1,
3,1,1,0,1,1,1,0,1,1,1,0,1,1,1,0,1,1,1,0,1,
3,1,1,0,1,1,1,0,1,1,1,0,1,1,1,0,1,1,1,0,1,
3,1,1,1,1,1,1,1,1,1,1,0,1,1,1,0,1,1,1,0,1,
3,1,1,1,1,1,1,1,1,1,1,0,1,1,1,0,1,1,1,0,1,
3,0,0,0,0,0,0,0,0,0,0,0,0,0,0,0,0,0,0,0,0,
3,0,0,0,0,0,0,0,0,0,0,0,0,0,0,0,0,0,0,0,0,
3,0,0,0,0,0,0,0,0,0,0,0,0,0,0,0,0,0,0,0,0,
6,0,0,0,0,0,0,0,0,0,0,0,0,0,0,0,0,0,0,0,0,
6,0,0,0,0,0,0,0,0,0,0,0,0,0,0,0,0,0,0,0,0,
3,0,0,0,0,0,0,0,0,0,0,0,0,0,0,0,0,0,0,0,0,
4,1,1,0,1,1,1,0,1,1,1,0,1,1,1,0,1,1,1,0,1,
4,0,1,0,0,0,1,0,0,0,1,0,0,0,0,0,0,0,0,0,1,
5,0,1,0,1,0,2,0,0,0,1,0,0,0,1,0,0,0,1,0,1,
4,0,1,0,1,0,1,0,1,0,1,0,1,0,1,0,0,0,1,0,1,
4,0,1,0,1,0,1,0,1,0,1,0,1,0,1,0,0,0,1,0,1,
4,0,1,0,1,0,1,0,1,0,1,0,1,0,1,0,1,0,1,0,1,
4,0,1,0,1,0,1,0,1,0,1,0,1,0,1,0,1,0,1,0,1,
4,0,1,1,1,0,1,1,1,0,1,0,1,0,1,0,1,0,1,0,1,
4,0,0,0,0,0,0,0,0,0,0,0,0,0,0,0,0,0,0,0,0,
4,0,1,0,1,0,1,0,1,0,1,0,1,0,1,0,1,0,1,0,1,
4,0,1,0,1,0,1,0,1,0,1,0,1,0,1,0,1,0,1,0,1,
3,0,1,0,1,0,1,0,1,0,1,0,1,0,1,0,0,0,0,0,1,
3,0,1,0,1,0,1,0,1,0,0,0,1,0,0,0,0,0,0,0,1,
2,0,1,0,1,0,1,0,1,0,0,0,1,0,0,0,0,0,0,0,1,
3,0,1,0,1,0,1,0,1,0,1,0,1,0,1,0,0,0,1,0,1,
3,0,1,0,1,0,1,0,1,0,1,0,1,0,1,0,0,0,1,0,1,
3,0,1,0,1,0,1,0,1,0,1,0,1,0,1,0,1,0,1,0,1,
3,0,1,0,1,0,1,0,1,0,1,0,1,0,1,0,1,0,1,0,1,
5,0,1,0,1,0,1,0,0,0,1,0,0,0,1,0,0,0,0,0,1,
3,0,1,1,1,1,1,1,1,0,1,1,1,0,1,0,1,1,1,1,1,
3,0,1,1,1,1,1,1,1,0,1,1,1,0,1,0,1,1,1,0,1,
3,0,1,1,1,0,1,1,1,0,1,1,1,0,1,0,1,1,1,0,1,
3,1,1,1,1,1,1,1,1,1,1,0,1,1,1,1,1,1,1,0,1,
3,0,0,0,0,0,0,0,0,0,0,0,0,0,0,0,0,0,0,0,0,
3,0,0,0,0,0,0,0,0,0,0,0,0,0,0,0,0,0,0,0,0,
3,1,1,1,1,1,1,1,1,1,1,1,1,1,1,1,1,1,1,0,1,
3,0,0,0,0,0,0,0,0,0,0,0,0,0,0,0,0,0,0,0,0,
3,0,0,0,0,0,0,0,0,0,0,0,0,0,0,0,0,0,0,0,0,
3,0,0,0,0,0,0,0,0,0,0,0,0,0,0,0,0,0,0,0,0,
3,0,0,0,0,0,0,0,0,0,0,0,0,0,0,0,0,0,0,0,0,
3,0,0,0,0,0,0,0,0,0,0,0,0,0,0,0,0,0,0,0,0,
3,0,0,0,0,0,0,0,0,0,0,0,0,0,0,0,0,0,0,0,0,
3,0,0,0,1,0,0,0,1,0,0,0,0,0,0,0,0,0,0,0,1,
6,0,0,3,0,0,0,3,0,0,0,3,0,0,0,3,0,0,0,3,0,
3,0,1,0,1,0,1,0,1,0,1,0,1,0,1,0,1,0,0,0,1,
4,0,1,1,1,0,1,1,1,0,1,0,1,0,1,1,1,1,1,0,1,
3,0,0,0,0,0,1,0,0,0,0,0,0,0,0,0,0,0,0,0,1,
3,0,1,0,1,0,1,0,1,0,0,0,1,0,0,0,0,0,0,0,1,
3,0,0,0,1,0,0,0,1,0,0,0,0,0,0,0,0,0,0,0,1,
3,0,0,0,1,0,1,0,1,0,0,0,0,0,0,0,0,0,0,0,1,
3,0,1,0,1,0,1,0,1,0,0,0,1,0,0,0,0,0,0,0,1,
3,0,1,0,1,0,1,0,1,0,1,0,0,0,1,0,0,0,0,0,1,
4,0,1,1,1,0,1,1,1,0,1,0,1,0,1,0,1,0,1,0,1,
3,0,1,1,1,0,1,1,1,0,1,1,1,0,1,1,1,1,1,0,1,
3,0,1,1,1,0,1,1,1,0,1,0,1,0,1,1,1,0,1,0,1,
3,0,1,1,1,0,1,0,1,0,1,0,1,0,1,0,1,0,1,0,1,
3,0,1,0,1,0,1,1,1,0,1,0,1,0,1,0,1,0,1,0,1,
3,0,1,1,1,0,1,1,1,0,1,0,1,0,1,1,1,0,1,0,1,
3,0,1,1,1,1,1,1,1,0,1,1,1,0,1,0,1,1,1,1,1,
3,0,1,1,1,0,1,1,1,0,1,1,1,0,1,1,1,1,1,0,1,
3,0,1,1,1,1,1,1,1,0,1,1,1,0,1,1,1,1,1,0,1,
3,1,1,1,1,1,1,1,1,1,1,1,1,0,1,1,1,1,1,1,1,
3,0,0,0,0,0,0,0,0,0,0,0,0,0,0,0,0,0,0,0,0,
3,0,0,0,0,0,0,0,0,0,0,0,0,0,0,0,0,0,0,0,0,
3,0,0,0,0,0,0,0,0,0,0,0,0,0,0,0,0,0,0,0,0,
3,0,0,0,0,0,0,0,0,0,0,0,0,0,0,0,0,0,0,0,0,
6,0,3,0,0,0,3,0,0,0,3,0,0,0,3,0,0,0,3,0,0,
3,0,0,0,0,0,0,0,0,0,0,0,0,0,0,0,0,0,0,0,0,
5,1,2,0,2,1,2,0,2,1,2,0,2,1,2,0,2,1,2,0,2,
3,0,0,0,0,0,0,0,0,0,0,0,0,0,0,0,0,0,0,0,0,
3,0,0,0,0,0,0,0,0,0,0,0,0,0,0,0,0,0,0,0,0,
3,0,0,0,1,0,0,0,0,0,0,0,0,0,0,0,0,0,0,0,1,
3,0,0,0,1,0,1,0,1,0,0,0,1,0,0,0,0,0,0,0,1,
3,0,0,1,1,0,1,1,1,0,1,1,1,0,1,0,0,0,0,0,1,
4,0,1,0,1,0,1,1,1,0,1,1,1,0,1,0,1,0,0,0,1,
4,0,0,0,1,0,1,1,1,0,1,1,1,0,1,0,0,0,0,0,1,
4,0,1,1,1,0,1,1,1,0,1,1,1,0,1,0,0,0,0,0,1,
4,0,1,1,1,0,1,1,1,0,1,1,1,0,1,1,0,0,0,0,1,
4,0,1,1,1,0,1,1,1,0,1,1,1,0,1,1,1,0,1,0,1,
4,0,1,1,1,0,1,1,1,0,1,1,1,0,1,1,1,0,1,0,1,
4,0,0,0,0,0,0,0,0,0,0,0,0,0,0,0,0,0,0,0,0,
4,0,1,1,1,0,1,1,1,0,1,1,1,0,1,1,1,0,1,0,1,
2,0,1,0,1,0,1,0,1,0,1,0,1,0,1,0,0,0,1,0,1,
2,0,1,0,1,0,1,0,1,0,1,0,1,0,1,0,0,0,1,0,1,
3,0,1,0,1,0,1,0,1,0,1,0,1,0,1,0,1,0,1,0,1,
3,0,1,0,1,0,1,0,1,0,1,0,1,0,1,0,1,0,1,0,1,
3,0,0,0,1,0,0,0,0,0,0,0,0,0,0,0,0,0,0,0,1,
98,0,1,1,64,0,1,1,96,0,1,1,64,0,1,0,1,1,1,0,77,
48,0,0,0,13,0,0,0,45,0,0,0,12,0,0,0,32,0,0,0,25,
3,0,0,0,0,0,0,0,0,0,0,0,0,0,0,0,0,0,0,0,0,
3,0,0,0,0,0,0,0,0,0,0,0,0,0,0,0,0,0,0,0,0,
3,0,0,0,0,0,0,0,0,0,0,0,0,0,0,0,0,0,0,0,0,
3,0,0,0,0,0,0,0,0,0,0,0,0,0,0,0,0,0,0,0,0,
3,0,0,0,0,0,0,0,0,0,0,0,0,0,0,0,0,0,0,0,0,
3,0,0,0,0,0,0,0,0,0,0,0,0,0,0,0,0,0,0,0,0,
3,0,0,0,0,0,0,0,0,0,0,0,0,0,0,0,0,0,0,0,0,
3,0,0,0,0,0,0,1,0,0,0,1,0,0,0,1,0,0,0,0,1,
4,0,0,1,1,0,0,1,1,0,0,1,1,0,0,1,1,0,0,0,1,
4,0,1,1,1,0,1,1,1,0,1,1,1,0,1,1,1,0,1,1,1,
4,0,1,1,1,0,1,1,1,0,1,1,1,0,1,1,1,0,0,1,1,
4,0,1,1,1,0,1,1,1,0,1,1,1,0,1,1,1,0,0,0,1,
6,0,0,4,1,0,0,3,1,0,0,3,1,0,0,3,1,0,0,3,1,
3,0,0,1,1,0,0,0,1,0,0,0,1,0,0,1,1,0,0,0,1,
4,0,1,0,1,0,1,0,1,0,1,0,1,0,0,0,1,0,0,0,1,
3,0,0,0,0,0,0,0,0,0,0,0,0,0,0,0,0,0,0,0,0,
3,0,0,0,0,0,0,0,0,0,0,0,0,0,0,0,0,0,0,0,1,
3,0,0,0,1,0,0,0,1,0,0,0,0,0,0,0,0,0,0,0,1,
3,0,0,0,1,0,0,0,0,0,0,0,0,0,0,0,0,0,0,0,1,
3,0,0,0,1,0,0,0,0,0,0,0,0,0,0,0,0,0,0,0,1,
3,0,1,0,1,0,1,0,1,0,0,0,0,0,0,0,1,0,0,0,1,
3,0,1,0,1,0,1,0,1,0,0,0,1,0,0,0,1,0,0,0,1,
4,0,1,0,1,0,1,0,1,0,1,0,1,0,1,0,1,0,0,0,1,
3,0,1,0,1,0,1,0,1,0,1,0,1,0,1,0,1,0,1,0,1,
3,0,1,0,1,0,1,0,1,0,1,0,1,0,1,0,1,0,1,0,1,
3,0,1,1,1,0,1,0,1,0,1,0,1,0,1,0,1,0,1,0,1,
3,0,1,1,1,0,1,0,1,0,1,1,1,0,1,1,1,0,1,0,1,
3,0,1,1,1,1,1,0,1,0,1,1,1,0,1,0,1,0,1,0,1,
3,0,1,1,1,0,1,1,1,0,1,1,1,0,1,0,1,1,1,0,1,
3,0,1,1,1,0,1,1,1,0,1,1,1,0,1,1,1,0,1,0,1,
4,0,1,1,1,1,1,1,1,0,1,1,1,0,1,1,1,1,1,0,1,
3,0,0,0,0,0,0,0,0,0,0,0,0,0,0,0,0,0,0,0,0,
3,0,0,0,0,0,0,0,0,0,0,0,0,0,0,0,0,0,0,0,0,
3,0,0,0,0,0,0,0,0,0,0,0,0,0,0,0,0,0,0,0,0,
6,0,0,0,0,0,0,0,0,0,0,0,0,0,0,0,0,0,0,0,0,
5,0,3,0,0,0,3,0,0,0,3,0,0,0,3,0,0,0,3,0,0,
3,0,0,0,0,0,0,0,0,0,0,0,0,0,0,0,0,0,0,0,0,
4,1,2,0,2,1,2,0,2,1,2,0,2,1,1,0,2,1,2,0,2,
3,0,0,0,0,0,0,0,0,0,0,0,0,0,0,0,0,0,0,0,0,
3,0,0,0,0,0,0,0,0,0,0,0,0,0,0,0,0,0,0,0,0,
4,0,0,0,0,0,0,0,1,0,0,0,0,0,0,0,0,0,0,0,1,
3,0,0,0,0,0,0,0,1,0,0,0,1,0,0,0,0,0,0,0,1,
4,0,1,0,1,0,1,0,1,0,1,1,1,0,1,0,1,1,1,0,1,
4,0,0,0,1,0,0,0,1,0,1,0,1,0,0,0,1,0,0,0,1,
4,0,0,0,1,0,0,0,1,0,0,0,1,0,0,0,1,0,0,0,1,
4,0,1,0,1,0,1,0,1,0,1,0,1,0,0,0,1,0,1,0,1,
4,0,1,0,1,0,0,0,1,0,1,0,1,0,1,0,1,0,0,0,1,
4,0,1,0,1,0,1,0,1,0,1,0,1,0,1,0,1,0,1,0,1,
4,0,1,0,1,0,1,0,1,0,1,0,1,0,0,0,1,1,1,0,1,
4,0,1,0,1,0,1,0,1,0,1,0,2,0,1,0,1,1,1,0,1,
4,0,1,0,1,0,1,0,1,0,1,1,1,0,1,0,1,0,1,0,1,
4,0,1,0,1,0,1,0,1,0,1,0,1,0,0,0,1,0,1,0,1,
4,0,1,1,1,0,1,1,1,0,1,0,1,0,1,0,1,0,1,0,1,
3,0,1,0,1,0,1,0,1,0,1,0,1,0,0,0,1,0,1,0,1,
2,0,1,0,1,0,1,0,1,0,1,0,1,0,1,0,1,0,1,0,1,
3,0,1,1,1,0,1,1,1,0,1,1,1,0,1,1,1,0,1,0,1,
4,0,1,1,1,0,1,1,1,0,1,1,1,0,1,0,1,1,1,0,1,
3,0,1,1,1,1,1,1,1,0,1,1,1,0,1,0,1,1,1,1,1,
3,0,0,0,0,0,0,0,0,0,0,0,0,0,0,0,0,0,0,0,0,
3,0,0,0,0,0,0,0,0,0,0,0,0,0,0,0,0,0,0,0,0,
3,0,0,0,0,0,0,0,0,0,0,0,0,0,0,0,0,0,0,0,0,
3,0,0,0,0,0,0,0,0,0,0,0,0,0,0,0,0,0,0,0,0,
3,0,0,0,0,0,0,0,0,0,0,0,0,0,0,0,0,0,0,0,0,
3,1,1,1,1,1,1,1,1,1,1,1,1,1,1,1,1,1,1,0,1,
3,0,0,0,0,0,0,0,0,0,0,0,0,0,0,0,0,0,0,0,0,
3,0,0,0,0,0,0,0,0,0,0,0,0,0,0,0,0,0,0,0,0,
3,0,0,0,0,0,0,0,0,0,0,0,0,0,0,0,0,0,0,0,0,
3,0,0,0,0,0,0,0,0,0,0,0,0,0,0,0,0,0,0,0,0,
3,0,0,0,0,0,0,0,0,0,0,0,0,0,0,0,0,0,0,0,0,
3,0,0,0,0,0,0,0,0,0,0,0,0,0,0,0,0,0,0,0,0,
6,0,0,3,0,0,0,3,0,0,0,3,0,0,0,3,0,0,0,0,0,
3,0,0,0,1,0,0,0,1,0,0,0,1,0,0,0,0,0,0,0,1,
4,0,0,0,1,0,0,0,1,0,0,0,0,0,0,0,0,0,0,0,1,
3,0,0,0,0,0,0,0,0,0,0,0,0,0,0,0,0,0,0,0,0,
3,0,1,0,1,0,1,0,1,0,0,0,1,0,0,0,0,0,0,0,1,
3,0,0,0,1,0,0,0,1,0,1,0,1,0,0,0,0,0,0,0,1,
3,0,0,0,1,0,0,0,1,0,0,0,1,0,0,0,0,0,0,0,1,
3,0,1,0,1,0,0,0,1,0,0,0,1,0,0,0,0,0,0,0,1,
4,0,1,1,1,0,1,1,1,0,1,0,1,0,1,0,1,0,1,0,1,
4,1,1,1,1,1,1,1,1,0,1,1,1,0,1,1,1,1,1,1,1,
4,0,1,1,1,0,1,1,1,0,1,0,1,0,1,1,1,0,1,0,1,
6,0,1,1,1,0,1,1,1,0,1,0,1,0,1,1,1,0,1,0,1,
3,0,1,1,1,0,1,1,1,0,1,0,1,0,1,0,1,0,1,0,1,
3,0,1,1,1,0,1,0,1,0,1,0,1,0,1,0,1,0,1,0,1,
3,0,1,1,1,0,1,1,1,0,1,0,1,0,1,1,1,0,1,0,1,
3,0,1,1,1,0,1,0,1,0,1,0,1,0,1,1,1,0,1,0,1,
3,0,1,1,1,1,1,1,1,0,1,1,1,0,1,1,1,1,1,0,1,
3,1,1,1,1,1,1,1,1,0,1,1,1,0,1,1,1,1,1,1,1,
3,1,1,1,1,1,1,1,1,1,1,1,1,0,1,1,1,1,1,1,1,
3,0,0,0,0,0,0,0,0,0,0,0,0,0,0,0,0,0,0,0,0,
3,0,0,0,0,0,0,0,0,0,0,0,0,0,0,0,0,0,0,0,0,
3,0,0,0,0,0,0,0,0,0,0,0,0,0,0,0,0,0,0,0,0,
3,0,0,0,0,0,0,0,0,0,0,0,0,0,0,0,0,0,0,0,0,
6,0,4,0,1,0,4,0,1,0,4,0,1,0,3,0,1,0,4,0,1,
3,0,0,0,0,0,0,0,0,0,0,0,0,0,0,0,0,0,0,0,0,
4,1,1,0,1,1,1,0,1,1,1,0,1,1,1,0,1,1,1,0,1,
3,0,0,0,0,0,0,0,0,0,0,0,0,0,0,0,0,0,0,0,0,
3,0,0,0,0,0,0,0,0,0,0,0,0,0,0,0,0,0,0,0,0,
3,0,0,0,0,0,0,0,0,0,0,0,0,0,0,0,0,0,0,0,0,
3,0,0,0,0,0,0,0,0,0,0,0,0,0,0,0,0,0,0,0,1,
3,0,1,0,1,0,1,1,1,0,0,0,0,0,0,0,0,0,0,0,1,
3,0,0,0,1,0,0,0,0,0,0,0,0,0,0,0,0,0,0,0,1,
3,0,0,0,1,0,0,0,1,0,0,0,0,0,0,0,0,0,0,0,1,
24,21,0,0,1,21,0,0,0,0,0,0,0,21,0,0,0,0,0,0,1,
3,0,1,0,1,0,1,0,1,0,1,0,1,0,1,0,1,1,1,0,1,
3,0,0,0,0,0,0,0,0,0,0,0,0,0,0,0,0,0,0,0,1,
3,0,0,0,0,0,0,0,0,0,0,0,0,0,0,0,0,0,0,0,0,
3,0,1,0,1,0,0,0,1,0,0,0,0,0,0,0,0,0,0,0,1,
3,0,1,0,1,0,1,0,1,0,0,0,0,0,0,0,0,0,0,0,1,
3,0,1,0,1,0,1,1,1,0,1,0,0,0,0,0,0,0,0,0,1,
3,0,1,0,1,0,1,0,1,0,1,0,0,0,0,0,0,0,0,0,1,
2,0,1,0,1,0,1,0,1,0,1,0,1,0,0,0,0,0,0,0,1,
2,0,1,0,1,0,1,1,1,0,1,0,1,0,0,0,0,0,0,0,1,
2,0,1,0,1,0,1,1,1,0,1,0,1,0,0,0,1,0,1,0,1,
3,0,1,0,1,0,1,1,1,0,1,0,1,0,0,0,1,0,1,0,1,
3,0,1,1,1,0,1,1,1,0,1,0,1,0,1,0,1,0,1,0,1,
3,0,1,1,1,1,1,1,1,0,1,1,1,0,1,1,1,1,1,0,1,
3,0,0,0,0,0,0,0,0,0,0,0,0,0,0,0,0,0,0,0,0,
3,0,0,0,0,0,0,0,0,0,0,0,0,0,0,0,0,0,0,0,0,
3,0,0,0,0,0,0,0,0,0,0,0,0,0,0,0,0,0,0,0,0,
5,0,0,0,2,0,0,0,2,0,0,0,0,0,0,0,0,0,0,0,3,
3,0,0,0,0,0,0,0,0,0,0,0,0,0,0,0,0,0,0,0,0,
3,0,0,0,0,0,0,0,0,0,0,0,0,0,0,0,0,0,0,0,0,
3,0,0,0,0,0,0,0,0,0,0,0,0,0,0,0,0,0,0,0,0,
3,0,0,0,0,0,0,0,0,0,0,0,0,0,0,0,0,0,0,0,0,
3,0,0,0,0,0,0,0,0,0,0,0,0,0,0,0,0,0,0,0,0,
3,0,0,0,0,0,0,0,0,0,0,0,0,0,0,0,0,0,0,0,0,
3,0,0,0,0,0,0,0,0,0,0,0,0,0,0,0,0,0,0,0,0,
3,0,0,0,0,0,0,0,0,0,0,0,0,0,0,0,0,0,0,0,0,
4,0,0,0,1,0,0,0,1,0,0,0,0,0,0,0,0,0,0,0,1,
5,0,0,0,1,0,0,0,1,0,0,0,0,0,0,0,0,0,0,0,1,
4,0,0,0,1,0,0,0,1,0,0,0,1,0,0,0,1,0,0,0,1,
3,0,0,0,1,0,0,0,0,0,0,0,0,0,0,0,0,0,0,0,1,
3,0,0,0,1,0,0,0,1,0,0,0,0,0,0,0,0,0,0,0,1,
3,0,0,0,0,0,0,0,0,0,0,0,0,0,0,0,0,0,0,0,0,
3,0,0,0,1,0,0,0,1,0,0,0,0,0,0,0,0,0,0,0,1,
3,0,0,0,1,0,0,0,1,0,0,0,0,0,0,0,0,0,0,0,1,
4,0,1,0,1,0,1,0,1,0,0,0,1,0,0,0,0,0,0,0,1,
3,0,0,0,1,0,0,0,1,0,0,0,0,0,0,0,0,0,0,0,1,
4,1,1,0,1,1,1,1,1,0,1,0,1,0,0,0,1,0,1,0,1,
4,0,1,0,1,0,1,0,1,0,1,0,1,0,0,0,1,0,1,0,1,
4,1,1,0,1,0,1,0,1,0,1,0,1,0,1,0,1,0,1,0,1,
2,0,1,0,1,0,1,0,1,0,1,0,1,0,1,0,1,0,1,0,1,
3,0,1,0,1,1,1,1,1,0,1,0,1,0,1,0,1,0,1,0,1,
2,0,1,0,1,1,1,0,1,0,1,0,1,0,1,0,1,0,1,0,1,
3,0,1,0,1,1,1,0,1,0,1,0,1,0,1,0,1,0,1,0,1,
3,1,1,1,1,1,1,1,1,1,1,1,1,1,1,1,1,1,1,0,1,
3,0,0,0,0,0,0,0,0,0,0,0,0,0,0,0,0,0,0,0,0,
3,1,1,1,1,1,1,1,1,0,1,0,1,1,1,1,1,0,1,0,1,
3,0,0,0,0,0,0,0,0,0,0,0,0,0,0,0,0,0,0,0,0,
3,0,0,0,0,0,0,0,0,0,0,0,0,0,0,0,0,0,0,0,0,
6,0,3,0,0,0,3,0,0,0,3,0,0,0,3,0,0,0,3,0,1,
3,0,0,0,0,0,0,0,0,0,0,0,0,0,0,0,0,0,0,0,0,
4,1,1,0,1,1,1,0,1,1,1,0,1,1,1,0,1,1,1,0,1,
3,0,0,0,0,0,0,0,0,0,0,0,0,0,0,0,0,0,0,0,0,
3,0,0,0,0,0,0,0,0,0,0,0,0,0,0,0,0,0,0,0,0,
3,0,0,0,0,0,0,0,0,0,0,0,0,0,0,0,0,0,0,0,0,
4,0,1,0,0,0,1,0,0,0,1,0,0,0,0,0,0,0,0,0,0,
3,0,0,0,0,0,0,0,0,0,0,0,0,0,0,0,0,0,0,0,0,
4,0,1,0,1,0,1,0,1,0,1,0,0,0,0,0,0,0,0,0,1,
3,0,0,0,0,0,0,0,0,0,0,0,0,0,0,0,0,0,0,0,0,
3,0,0,0,1,0,0,0,0,0,0,0,0,0,0,0,0,0,0,0,1,
3,0,0,0,0,0,0,0,0,0,0,0,0,0,0,0,0,0,0,0,0,
3,0,0,0,1,0,0,0,0,0,0,0,0,0,0,0,0,0,0,0,1,
3,0,0,0,1,0,0,0,0,0,0,0,0,0,0,0,0,0,0,0,0,
3,0,0,0,1,0,0,0,0,0,0,0,0,0,0,0,0,0,0,0,1,
3,0,0,0,1,0,0,0,0,0,0,0,0,0,0,0,0,0,0,0,1,
3,0,0,0,1,0,0,0,1,0,0,0,0,0,0,0,0,0,0,0,1,
6,0,1,0,1,0,1,1,1,0,1,1,1,0,1,0,1,1,1,0,1,
6,0,1,0,4,0,1,0,4,0,1,0,4,0,1,0,4,0,0,0,4,
3,0,1,0,1,0,1,0,1,0,0,0,1,0,0,0,0,0,0,0,1,
2,0,1,0,1,0,1,0,1,0,1,0,1,0,0,0,0,0,1,0,1,
3,0,1,0,1,0,1,0,1,0,1,0,1,0,0,0,0,0,0,0,1,
2,0,1,0,1,0,1,0,1,0,1,0,1,0,0,0,1,0,1,0,1,
2,0,1,0,1,0,1,0,1,0,1,0,1,0,1,0,1,0,1,0,1,
3,0,1,1,1,1,1,1,1,0,1,1,1,0,1,1,1,1,1,0,1,
3,0,1,1,1,1,1,1,1,0,1,1,1,0,1,1,1,1,1,1,1,
3,0,1,1,1,1,1,1,1,0,1,0,1,0,1,1,1,1,1,0,1,
25,1,1,1,23,1,1,1,22,1,1,1,22,1,1,1,22,1,1,0,22,
3,0,0,0,0,0,0,0,0,0,0,0,0,0,0,0,0,0,0,0,0,
3,1,1,1,1,1,1,1,1,1,1,1,1,1,1,1,1,1,1,0,1,
5,3,3,1,3,3,3,1,3,3,3,1,3,3,3,1,3,3,3,0,3,
3,0,0,0,0,0,0,0,0,0,0,0,0,0,0,0,0,0,0,0,0,
3,0,0,0,0,0,0,0,0,0,0,0,0,0,0,0,0,0,0,0,0,
3,0,0,0,0,0,0,0,0,0,0,0,0,0,0,0,0,0,0,0,0,
3,0,0,0,0,0,0,0,0,0,0,0,0,0,0,0,0,0,0,0,0,
5,0,0,3,0,0,0,3,0,0,0,3,0,0,0,3,0,0,0,2,0,
3,0,0,0,1,0,0,0,1,0,0,0,1,0,0,0,1,0,0,0,1,
3,0,0,0,1,0,0,0,1,0,0,0,1,0,0,0,0,0,0,0,1,
3,0,0,0,0,0,0,0,0,0,0,0,0,0,0,0,0,0,0,0,0,
3,0,0,0,0,0,0,0,0,0,0,0,0,0,0,0,0,0,0,0,0,
3,0,0,0,0,0,0,0,0,0,0,0,0,0,0,0,0,0,0,0,0,
4,0,0,0,0,0,0,0,0,0,0,0,0,0,0,0,0,0,0,0,0,
3,0,0,0,0,0,0,0,0,0,0,0,0,0,0,0,0,0,0,0,0,
3,0,0,0,0,0,0,0,0,0,0,0,0,0,0,0,0,0,0,0,0,
3,0,0,0,1,0,0,0,1,0,0,0,0,0,0,0,0,0,0,0,1,
3,0,1,0,1,0,1,0,1,0,1,0,1,0,0,0,0,0,0,0,1,
3,0,1,0,1,0,1,0,1,0,1,0,1,0,0,0,0,0,1,0,1,
3,0,1,0,1,0,1,0,1,0,1,0,1,0,0,0,1,0,1,0,1,
4,0,1,1,1,0,1,1,1,0,1,0,1,0,1,1,1,0,1,0,1,
3,0,1,0,1,0,1,0,1,0,1,0,1,0,0,0,1,0,1,0,1,
2,0,1,1,1,1,1,0,1,0,1,0,1,0,1,0,1,0,1,0,1,
2,0,1,1,1,0,1,0,1,0,1,0,1,0,1,0,1,0,1,0,1,
3,1,1,1,1,1,1,1,1,0,1,1,1,0,1,0,1,1,1,1,1,
2,0,1,1,1,1,1,1,1,0,1,0,1,0,1,1,1,1,1,0,1,
3,0,1,1,1,1,1,1,1,0,1,0,1,0,1,1,1,1,1,0,1,
3,0,1,1,1,1,1,1,1,0,1,1,1,0,1,1,1,1,1,1,1,
3,1,1,1,1,1,1,1,1,1,1,1,1,0,1,1,1,1,1,1,1,
3,0,0,0,0,0,0,0,0,0,0,0,0,0,0,0,0,0,0,0,0,
5,0,2,2,0,0,2,3,0,0,2,2,0,0,2,2,0,0,2,2,0,
3,0,0,0,0,0,0,0,0,0,0,0,0,0,0,0,0,0,0,0,0,
4,2,2,1,2,2,2,1,2,2,2,0,2,2,2,1,2,2,2,0,2,
3,0,0,0,0,0,0,0,0,0,0,0,0,0,0,0,0,0,0,0,0,
3,0,0,0,0,0,0,0,0,0,0,0,0,0,0,0,0,0,0,0,0,
3,0,0,0,0,0,0,0,0,0,0,0,0,0,0,0,0,0,0,0,0,
3,0,0,0,0,0,0,0,0,0,0,0,0,0,0,0,0,0,0,0,0,
3,0,0,0,0,0,0,0,0,0,0,0,0,0,0,0,0,0,0,0,0,
3,0,0,0,0,0,0,0,0,0,0,0,0,0,0,0,0,0,0,0,0,
3,0,0,0,0,0,0,0,0,0,0,0,0,0,0,0,0,0,0,0,0,
4,0,0,0,1,0,0,0,0,0,0,0,0,0,0,0,0,0,0,0,0,
3,0,0,0,0,0,0,0,0,0,0,0,0,0,0,0,0,0,0,0,0,
3,0,0,0,0,0,0,0,0,0,0,0,0,0,0,0,0,0,0,0,0,
3,0,0,0,0,0,0,0,0,0,0,0,0,0,0,0,0,0,0,0,0,
3,0,0,0,1,0,0,0,1,0,0,0,0,0,0,0,0,0,0,0,0,
3,0,0,0,1,0,0,0,0,0,0,0,0,0,0,0,0,0,0,0,0,
3,0,1,0,1,0,1,0,1,0,0,0,0,0,0,0,0,0,0,0,1,
3,0,1,0,1,0,1,0,1,0,0,0,0,0,0,0,0,0,0,0,1,
3,0,1,0,1,0,1,0,1,0,0,0,0,0,0,0,0,0,0,0,1,
3,0,1,0,1,0,1,0,1,0,1,0,1,0,0,0,0,0,0,0,1,
4,0,1,1,1,1,1,1,1,0,1,1,1,0,1,1,1,1,1,0,1,
5,0,1,1,1,1,1,1,1,0,1,1,1,0,1,1,1,1,1,0,1,
2,1,1,1,1,1,1,1,1,0,1,1,1,0,1,0,1,1,1,1,1,
2,0,1,1,1,1,1,1,1,0,1,0,1,0,1,1,1,1,1,0,1,
3,0,0,0,0,0,0,0,0,0,0,0,0,0,0,0,0,0,0,0,0,
2,0,0,0,0,0,0,0,0,0,0,0,0,0,0,0,0,0,0,0,0,
3,1,1,1,1,1,1,1,1,1,1,1,1,1,1,1,1,1,1,0,1,
3,0,0,0,0,0,0,0,0,0,0,0,0,0,0,0,0,0,0,0,0,
3,0,0,0,0,0,0,0,0,0,0,0,0,0,0,0,0,0,0,0,0,
3,0,0,0,1,0,0,0,1,0,0,0,1,0,0,0,0,0,0,0,1,
3,0,0,0,0,0,0,0,0,0,0,0,0,0,0,0,0,0,0,0,0,
3,0,0,0,0,0,0,0,0,0,0,0,0,0,0,0,0,0,0,0,0,
3,0,0,0,0,0,0,0,0,0,0,0,0,0,0,0,0,0,0,0,0,
3,0,0,0,0,0,0,0,0,0,0,0,0,0,0,0,0,0,0,0,0,
3,0,0,0,0,0,0,0,0,0,0,0,0,0,0,0,0,0,0,0,0,
6,0,1,1,1,1,1,1,1,0,1,0,1,0,1,1,1,0,1,0,1,
3,0,0,0,0,0,0,0,0,0,0,0,0,0,0,0,0,0,0,0,0,
3,0,0,0,0,0,0,0,0,0,0,0,0,0,0,0,0,0,0,0,0,
3,0,0,0,0,0,0,0,0,0,0,0,0,0,0,0,0,0,0,0,0,
25,0,0,0,0,0,22,0,0,0,22,0,0,0,0,0,0,0,0,0,0,
4,0,1,0,1,1,1,0,1,0,1,0,1,0,1,0,1,0,1,0,1,
5,0,0,0,0,0,0,0,0,0,0,0,0,0,0,0,0,0,0,0,0,
3,0,0,0,0,0,0,0,1,0,0,0,0,0,0,0,0,0,0,0,0,
3,0,0,0,1,0,0,0,1,0,0,0,0,0,0,0,0,0,0,0,0,
3,0,0,0,1,0,0,0,1,0,0,0,0,0,0,0,0,0,0,0,1,
4,1,1,1,1,1,1,1,1,1,1,1,1,0,1,1,1,1,1,1,1,
3,0,1,0,1,0,1,0,1,0,1,0,1,0,0,0,1,0,0,0,1,
3,0,1,0,1,1,1,1,1,0,1,0,1,0,1,0,1,0,0,0,1,
3,0,1,0,1,1,1,1,1,0,1,0,1,0,1,0,1,0,1,0,1,
3,0,1,0,1,1,1,0,1,0,1,0,1,0,1,0,1,1,1,0,1,
3,0,1,0,1,0,1,1,1,0,1,1,1,0,1,0,1,1,1,0,1,
4,0,0,0,0,0,0,0,0,0,0,0,0,0,0,0,0,0,0,0,0,
2,0,1,1,1,0,1,1,1,0,1,0,1,0,1,1,1,0,1,0,1,
2,0,1,1,1,1,1,1,1,0,1,0,1,0,1,1,1,0,1,0,1,
3,0,1,1,1,1,1,1,1,0,1,1,1,0,1,1,1,1,1,0,1,
2,0,1,1,1,1,1,1,1,0,1,0,1,0,1,1,1,0,1,0,1,
3,0,0,0,0,0,0,0,0,0,0,0,0,0,0,0,0,0,0,0,0,
3,0,0,0,0,0,0,0,0,0,0,0,0,0,0,0,0,0,0,0,0,
6,0,3,0,0,0,3,0,0,0,3,0,0,0,0,0,0,0,3,0,0,
3,0,0,0,0,0,0,0,0,0,0,0,0,0,0,0,0,0,0,0,0,
5,3,3,1,3,3,3,1,3,3,3,1,3,3,3,1,3,3,3,0,3,
3,0,0,0,0,0,0,0,0,0,0,0,0,0,0,0,0,0,0,0,0,
3,0,0,0,0,0,0,0,0,0,0,0,0,0,0,0,0,0,0,0,0,
3,0,0,0,0,0,0,0,0,0,0,0,0,0,0,0,0,0,0,0,0,
6,0,0,0,3,0,0,0,3,0,0,0,3,0,0,0,3,0,0,0,3,
4,0,0,1,1,0,0,1,1,0,0,0,1,0,0,1,1,0,0,0,1,
3,0,1,1,1,0,0,1,1,0,0,0,1,0,0,1,1,0,1,0,1,
3,0,1,0,1,0,0,0,1,0,1,0,0,0,0,0,0,0,1,0,1,
3,0,0,0,1,0,0,0,0,0,0,0,0,0,0,0,0,0,0,0,0,
3,0,0,0,1,0,0,0,0,0,0,0,0,0,0,0,0,0,0,0,1,
3,0,0,0,1,0,0,0,0,0,0,0,0,0,0,0,0,0,0,0,1,
3,0,0,0,1,0,0,0,0,0,0,0,0,0,0,0,0,0,0,0,1,
3,0,0,0,1,0,0,0,1,0,0,0,0,0,0,0,0,0,0,0,1,
3,0,1,0,1,0,0,0,1,0,0,0,0,0,0,0,0,0,0,0,1,
3,0,0,0,1,0,0,0,1,0,0,0,1,0,0,0,0,0,0,0,1,
3,0,0,0,1,0,1,0,1,0,0,0,1,0,0,0,1,0,0,0,1,
3,0,0,0,1,0,1,0,1,0,1,0,1,0,0,0,1,0,0,0,1,
3,0,1,0,1,0,1,0,1,0,0,0,1,0,0,0,1,0,0,0,1,
4,0,0,0,1,0,0,0,1,0,0,0,1,0,0,0,0,0,0,0,1,
6,0,1,0,1,1,1,0,1,0,1,0,1,0,0,0,1,0,1,0,1,
4,0,1,1,1,1,1,1,1,0,1,0,1,0,1,1,1,0,1,0,1,
23,0,1,21,1,0,1,21,1,0,1,0,1,0,0,21,1,0,1,0,1,
3,0,0,0,0,0,0,0,0,0,0,0,0,0,0,0,0,0,0,0,0,
3,0,1,1,1,1,1,1,1,0,1,1,1,0,1,1,1,1,1,0,1,
3,1,1,1,1,1,1,1,1,1,1,0,1,1,1,1,1,1,1,0,1,
3,1,1,1,1,1,1,1,1,1,1,0,1,1,1,1,1,1,1,0,2,
3,1,1,1,2,1,1,1,2,1,1,0,1,1,1,1,1,1,1,0,2,
3,0,0,0,0,0,0,0,0,0,0,0,1,0,0,0,0,0,0,0,0,
3,1,1,1,1,1,1,1,1,1,1,0,1,1,1,1,1,1,1,0,1,
5,0,1,0,1,0,1,0,1,0,1,0,1,0,0,0,1,0,1,0,1,
3,0,0,0,0,0,0,0,0,0,0,0,0,0,0,0,0,0,0,0,0,
3,0,0,0,0,0,0,0,0,0,0,0,0,0,0,0,0,0,0,0,0,
3,0,0,0,0,0,0,0,0,0,0,0,0,0,0,0,0,0,0,0,0,
4,0,0,0,1,0,0,0,0,0,0,0,1,0,0,0,0,0,0,0,1,
3,0,0,0,0,0,0,0,0,0,0,0,0,0,0,0,0,0,0,0,0,
3,0,0,0,0,0,0,0,0,0,0,0,0,0,0,0,0,0,0,0,0,
3,0,0,0,0,0,0,0,0,0,0,0,0,0,0,0,0,0,0,0,0,
3,0,0,0,0,0,0,0,0,0,0,0,0,0,0,0,0,0,0,0,1,
3,0,0,0,0,0,0,0,0,0,0,0,0,0,0,0,0,0,0,0,1,
6,0,0,0,0,0,0,0,0,0,0,0,1,0,0,0,0,0,0,0,1,
3,0,0,0,0,0,1,0,1,0,0,0,1,0,0,0,0,0,0,0,1,
3,0,0,0,0,0,1,0,0,0,0,0,1,0,0,0,0,0,0,0,1,
3,0,1,0,1,0,1,0,1,0,0,0,1,0,0,0,1,0,0,0,1,
5,0,1,0,0,0,1,0,0,0,0,0,0,0,0,0,0,0,1,0,0,
4,0,1,1,1,1,2,1,1,0,1,0,1,0,1,1,1,0,1,0,1,
3,0,1,0,1,0,1,0,1,0,1,0,1,0,1,0,1,0,1,0,1,
4,0,1,1,1,0,1,1,1,0,1,0,1,0,1,1,1,1,1,0,1,
4,0,1,1,1,0,1,1,1,0,1,1,1,0,0,1,1,0,0,1,1,
4,1,1,1,1,1,1,1,1,1,1,1,1,0,1,1,1,1,1,1,1,
4,0,1,1,1,0,1,1,1,0,1,0,1,0,1,1,1,0,1,0,1,
4,0,1,1,1,0,1,1,1,0,1,1,1,0,1,1,1,1,1,0,1,
3,0,1,1,1,1,1,1,1,0,1,0,1,0,1,1,1,0,1,0,1,
3,0,1,1,1,1,1,1,1,0,1,0,1,0,1,1,1,0,1,0,1,
3,0,0,0,0,0,0,0,0,0,0,0,0,0,0,0,0,0,0,0,0,
3,0,0,0,0,0,0,0,0,0,0,0,0,0,0,0,0,0,0,0,0,
3,1,1,1,1,1,1,1,1,0,1,1,1,0,1,1,1,1,1,1,1,
5,0,4,1,1,1,4,0,1,0,1,0,1,0,1,0,1,0,1,0,1,
3,0,0,0,0,0,0,0,0,0,0,0,0,0,0,0,0,0,0,0,0,
3,1,1,1,2,1,2,1,2,1,1,0,2,1,1,1,1,1,1,0,2,
3,0,0,0,0,0,0,0,0,0,0,0,0,0,0,0,0,0,0,0,0,
3,0,0,0,0,0,0,0,0,0,0,0,0,0,0,0,0,0,0,0,0,
3,0,0,0,0,0,0,0,0,0,0,0,0,0,0,0,0,0,0,0,0,
3,0,0,0,0,0,0,0,0,0,0,0,0,0,0,0,0,0,0,0,0,
3,0,0,0,0,0,0,0,0,0,0,0,0,0,0,0,0,0,0,0,0,
3,0,0,0,0,0,0,0,0,0,0,0,0,0,0,0,0,0,0,0,0,
3,0,0,0,0,0,0,0,0,0,0,0,0,0,0,0,0,0,0,0,0,
3,0,0,0,1,0,0,0,1,0,0,0,1,0,0,0,1,0,0,0,1,
4,0,0,0,1,0,0,0,1,0,0,0,0,0,0,0,0,0,0,0,1,
3,0,0,0,0,0,0,0,1,0,0,0,0,0,0,0,0,0,0,0,1,
3,0,0,0,1,0,0,0,1,0,0,0,0,0,0,0,0,0,0,0,1,
3,0,0,0,1,0,0,0,1,0,0,0,0,0,0,0,0,0,0,0,1,
3,0,0,0,1,0,1,0,1,0,0,0,1,0,0,0,0,0,0,0,1,
3,0,0,0,1,0,1,0,1,0,0,0,1,0,0,0,0,0,0,0,1,
3,0,1,0,1,0,1,0,1,0,1,0,1,0,1,0,1,0,1,0,1,
3,0,0,0,1,0,1,0,1,0,0,0,1,0,0,0,0,0,0,0,1,
3,0,1,0,1,0,1,0,1,0,1,0,1,0,0,0,1,0,0,0,1,
4,0,0,0,0,0,0,0,0,0,0,0,0,0,0,0,0,0,0,0,1,
5,1,1,1,1,1,1,1,1,0,1,0,1,1,1,1,1,0,1,0,1,
4,0,0,0,0,0,0,0,0,0,0,0,0,0,0,0,0,0,0,0,0,
4,0,0,0,0,0,0,0,1,0,0,0,1,0,0,0,0,0,0,0,1,
4,1,1,1,1,1,1,1,1,0,1,0,1,0,1,1,1,0,1,0,1,
3,0,1,1,1,1,1,1,1,0,1,0,1,0,1,1,1,0,1,0,1,
3,1,1,1,1,1,1,1,1,0,1,0,1,1,1,1,1,0,1,0,1,
3,1,1,1,1,1,1,1,1,0,1,0,1,1,1,1,1,0,1,0,1,
3,0,0,0,0,0,0,0,0,0,0,0,0,0,0,0,0,0,0,0,0,
3,0,0,0,0,0,0,0,0,0,0,0,0,0,0,0,0,0,0,0,0,
3,0,0,0,0,0,0,0,0,0,0,0,0,0,0,0,0,0,0,0,0,
3,0,0,0,0,0,0,0,0,0,0,0,0,0,0,0,0,0,0,0,0,
3,0,0,0,0,0,0,0,0,0,0,0,0,0,0,0,0,0,0,0,0,
3,0,0,0,0,0,0,0,0,0,0,0,0,0,0,0,0,0,0,0,0,
3,0,0,0,0,0,0,0,0,0,0,0,0,0,0,0,0,0,0,0,0,
5,0,1,0,1,0,0,0,1,0,1,0,1,0,0,0,0,0,0,0,1,
3,0,0,0,0,0,0,0,0,0,0,0,0,0,0,0,0,0,0,0,0,
3,0,0,0,0,0,0,0,0,0,0,0,0,0,0,0,0,0,0,0,0,
3,0,0,0,0,0,0,0,0,0,0,0,0,0,0,0,0,0,0,0,0,
5,0,0,0,1,0,0,0,0,0,0,0,0,0,0,0,0,0,0,0,1,
3,0,0,0,1,0,0,0,0,0,0,0,0,0,0,0,0,0,0,0,0,
3,0,0,0,1,0,0,0,0,0,0,0,0,0,0,0,0,0,0,0,0,
3,0,0,0,1,0,0,0,0,0,0,0,0,0,0,0,0,0,0,0,1,
3,0,0,0,1,0,0,0,0,0,0,0,0,0,0,0,0,0,0,0,1,
3,0,0,0,0,0,0,0,1,0,1,0,1,0,0,0,0,0,0,0,1,
3,0,0,0,0,0,0,0,1,0,1,0,1,0,0,0,0,0,0,0,1,
3,0,1,0,1,0,1,0,1,0,1,0,1,0,0,0,0,0,0,0,1,
3,0,1,0,1,0,1,0,1,0,1,0,1,0,0,0,0,0,0,0,1,
3,0,1,0,1,0,1,0,1,0,1,0,1,0,0,0,0,0,0,0,1,
4,1,1,0,1,1,1,0,1,0,1,0,1,0,1,0,1,0,1,0,1,
4,1,1,0,1,0,1,0,1,0,1,0,1,0,0,0,1,0,1,0,1,
4,0,1,0,1,0,1,0,1,0,1,0,1,0,0,0,1,0,1,0,2,
4,0,1,1,1,1,1,0,1,0,1,0,1,0,1,0,1,0,1,0,1,
4,1,1,1,1,1,1,1,1,0,1,0,1,0,1,1,1,0,1,0,1,
3,1,1,1,1,1,1,1,1,0,1,1,1,1,1,1,1,1,1,0,1,
3,1,1,1,1,1,1,1,1,0,1,1,1,0,1,1,1,1,1,0,1,
3,1,1,1,1,1,1,1,1,1,1,1,1,0,1,1,1,1,1,1,1,
6,1,1,1,1,1,1,1,1,0,1,0,1,1,1,1,1,0,1,0,1,
5,0,3,0,0,0,3,0,0,0,3,0,0,0,3,0,0,0,3,0,0,
3,0,0,0,0,0,0,0,0,0,0,0,0,0,0,0,0,0,0,0,0,
4,0,0,0,0,0,0,0,0,0,0,0,0,0,0,0,0,0,0,0,0,
3,0,0,0,0,0,0,0,0,0,0,0,0,0,0,0,0,0,0,0,0,
3,0,0,0,0,0,0,0,0,0,0,0,0,0,0,0,0,0,0,0,0,
3,0,0,0,0,0,0,0,0,0,0,0,0,0,0,0,0,0,0,0,0,
3,0,0,0,0,0,0,0,0,0,0,0,0,0,0,0,0,0,0,0,0,
3,0,0,0,0,0,0,0,0,0,0,0,0,0,0,0,0,0,0,0,0,
3,0,0,0,0,0,0,0,0,0,0,0,0,0,0,0,0,0,0,0,0,
4,0,2,0,0,0,0,0,0,0,0,0,0,0,0,0,0,0,0,0,1,
3,0,0,0,1,0,0,0,0,0,1,0,0,0,0,0,0,0,0,0,1,
3,0,1,0,0,0,1,0,1,0,1,0,0,0,0,0,0,0,1,0,1,
3,0,0,0,1,0,0,0,0,0,0,0,0,0,0,0,0,0,0,0,1,
3,0,0,0,0,0,0,0,1,0,0,0,0,0,0,0,0,0,0,0,0,
3,0,1,0,1,0,0,0,1,0,1,0,1,0,0,0,0,0,1,0,1,
5,2,3,0,3,2,3,0,3,2,3,0,3,2,2,0,3,2,3,0,3,
3,0,1,0,1,0,1,0,1,0,0,0,1,0,0,0,1,0,0,0,1,
3,0,1,0,1,0,1,0,1,0,0,0,1,0,0,0,0,0,0,0,1,
3,0,0,0,1,0,0,0,1,0,0,0,1,0,0,0,0,0,0,0,1,
3,0,0,0,1,0,0,0,1,0,0,0,1,0,0,0,0,0,0,0,1,
5,0,1,0,1,0,1,0,1,0,0,0,1,0,0,0,0,0,0,0,1,
3,0,1,0,1,0,1,0,1,0,1,0,1,0,0,0,1,0,1,0,1,
3,0,1,1,1,0,1,0,1,0,1,0,1,0,0,0,1,0,1,0,1,
3,0,1,1,1,0,1,1,1,0,1,0,1,0,1,1,1,0,1,0,1,
4,0,1,1,1,1,1,1,1,0,1,1,1,0,1,0,1,1,1,0,1,
3,0,1,1,1,0,1,1,1,0,1,1,1,0,1,1,1,1,1,0,1,
2,1,1,1,1,1,1,1,1,0,1,1,1,0,1,0,1,1,1,1,1,
2,1,1,1,1,1,1,1,1,0,1,1,1,0,1,1,1,1,1,1,1,
3,0,0,0,0,0,0,0,0,0,0,0,0,0,0,0,0,0,0,0,0,
3,0,0,0,0,0,0,0,0,0,0,0,0,0,0,0,0,0,0,0,0,
3,1,1,1,1,1,1,1,1,1,1,0,1,1,1,1,1,1,1,0,1,
5,1,3,3,3,3,3,3,3,1,3,3,3,1,3,3,3,3,3,0,3,
3,1,1,1,1,1,1,1,1,1,1,1,1,1,1,1,1,1,1,0,1,
3,0,0,0,0,0,0,0,0,0,0,0,0,0,0,0,0,0,0,0,0,
3,0,0,0,0,0,0,0,0,0,0,0,0,0,0,0,0,0,0,0,0,
6,0,0,0,0,0,0,0,0,0,0,0,0,0,0,0,0,0,0,0,0,
3,0,0,0,0,0,0,0,0,0,0,0,0,0,0,0,0,0,0,0,0,
3,0,1,0,1,0,1,0,1,0,1,0,1,0,0,0,1,0,1,0,1,
3,0,0,0,0,0,0,0,0,0,0,0,0,0,0,0,0,0,0,0,0,
3,0,0,0,0,0,0,0,0,0,0,0,0,0,0,0,0,0,0,0,0,
3,0,0,0,0,0,0,0,0,0,0,0,0,0,0,0,0,0,0,0,0,
3,0,0,0,0,0,0,0,0,0,0,0,0,0,0,0,0,0,0,0,0,
3,0,0,0,1,0,0,0,0,0,0,0,1,0,0,0,0,0,0,0,0,
3,0,0,0,0,0,0,0,0,0,0,0,0,0,0,0,0,0,0,0,0,
3,0,0,0,1,0,0,0,0,0,1,0,1,0,0,0,0,0,0,0,1,
3,0,1,0,0,0,1,0,1,0,0,0,1,0,0,0,0,0,0,0,0,
3,0,0,0,1,0,1,0,1,0,0,0,1,0,0,0,0,0,0,0,1,
3,0,0,0,0,0,1,0,1,0,0,0,1,0,0,0,0,0,0,0,1,
3,0,1,0,1,0,1,0,1,0,1,0,1,0,0,0,1,0,0,0,1,
3,0,1,0,1,0,1,1,1,0,1,0,1,0,1,0,1,0,0,0,1,
3,0,1,1,1,0,1,1,1,0,1,0,1,0,1,1,1,1,1,0,1,
3,0,1,0,1,0,1,0,1,0,1,0,1,0,0,0,1,0,1,0,1,
3,0,1,1,1,0,1,0,1,0,1,0,1,0,1,1,1,0,1,0,1,
3,0,1,1,1,0,1,0,1,0,1,0,1,0,1,1,1,0,1,0,1,
3,0,1,1,1,1,1,1,1,0,1,1,1,0,1,1,1,1,1,0,1,
2,0,1,1,1,1,1,1,1,0,1,1,1,0,1,1,1,1,1,1,1,
2,1,1,1,1,1,1,1,1,0,1,1,1,0,1,1,1,1,1,1,1,
2,1,1,1,1,1,1,1,1,1,1,1,1,0,1,1,1,1,1,1,1,
3,0,0,0,0,0,0,0,0,0,0,0,0,0,0,0,0,0,0,0,0,
3,0,0,0,0,0,0,0,0,0,0,0,0,0,0,0,0,0,0,0,0,
5,3,3,1,3,3,3,1,3,3,3,0,3,3,3,1,3,3,3,0,3,
3,0,0,0,0,0,0,0,0,0,0,0,0,0,0,0,0,0,0,0,0,
3,0,0,0,0,0,0,0,0,0,0,0,0,0,0,0,0,0,0,0,0,
3,0,0,0,0,0,0,0,0,0,0,0,0,0,0,0,0,0,0,0,0,
3,0,0,0,0,0,0,0,0,0,0,0,0,0,0,0,0,0,0,0,0,
3,0,0,0,0,0,0,0,0,0,0,0,0,0,0,0,0,0,0,0,0,
3,0,0,0,0,0,0,0,0,0,0,0,0,0,0,0,0,0,0,0,0,
3,0,0,0,0,0,0,0,0,0,0,0,0,0,0,0,0,0,0,0,0,
3,0,0,0,0,0,0,0,0,0,0,0,0,0,0,0,0,0,0,0,0,
3,0,0,0,0,0,0,0,0,0,0,0,0,0,0,0,0,0,0,0,0,
3,0,0,0,1,0,0,0,0,0,0,0,0,0,0,0,0,0,0,0,1,
3,0,0,0,0,0,0,0,0,0,0,0,0,0,0,0,0,0,0,0,0,
3,0,1,1,1,0,1,0,1,0,1,0,1,0,1,0,1,0,1,0,1,
3,0,0,0,0,0,0,0,1,0,0,0,0,0,0,0,0,0,0,0,1,
3,0,1,0,1,0,1,0,1,0,0,0,1,0,0,0,0,0,0,0,1,
3,0,1,0,0,0,1,0,1,0,0,0,1,0,0,0,0,0,0,0,1,
3,0,1,0,1,0,1,0,1,0,0,0,1,0,0,0,0,0,0,0,1,
3,0,1,0,0,0,1,0,1,0,0,0,1,0,0,0,0,0,0,0,1,
5,0,1,0,1,0,1,0,1,0,1,0,1,0,0,0,0,0,0,0,1,
3,0,1,0,1,0,1,0,1,0,0,0,1,0,0,0,1,0,0,0,1,
3,0,1,1,1,0,1,0,1,0,1,0,1,0,0,0,1,0,1,0,1,
3,0,1,1,1,0,1,0,1,0,1,0,1,0,1,0,1,0,1,0,1,
3,0,1,1,1,1,1,1,1,0,1,0,1,0,1,0,1,0,1,0,1,
3,0,1,0,1,0,1,1,1,0,1,1,1,0,1,0,1,1,1,0,1,
3,0,1,1,1,1,1,1,1,0,1,1,1,0,1,0,1,1,1,1,1,
3,0,0,0,0,0,0,0,0,0,0,0,0,0,0,0,0,0,0,0,0,
3,0,0,0,0,0,0,0,0,0,0,0,0,0,0,0,0,0,0,0,0,
3,0,0,0,0,0,0,0,0,0,0,0,0,0,0,0,0,0,0,0,0,
3,0,0,0,0,0,0,0,0,0,0,0,0,0,0,0,0,0,0,0,0,
3,0,0,0,0,0,0,0,0,0,0,0,0,0,0,0,0,0,0,0,0,
3,0,0,0,0,0,0,0,0,0,0,0,0,0,0,0,0,0,0,0,0,
3,0,0,0,0,0,0,0,0,0,0,0,0,0,0,0,0,0,0,0,0,
3,0,0,0,0,0,0,0,0,0,0,0,0,0,0,0,0,0,0,0,0,
3,0,0,0,0,0,0,0,0,0,0,0,0,0,0,0,0,0,0,0,0,
4,0,0,0,1,0,0,0,1,0,0,0,1,0,0,0,1,0,0,0,1,
5,0,1,1,1,0,1,0,1,0,1,0,1,0,1,0,1,0,1,0,1,
3,0,0,0,0,0,0,0,0,0,0,0,0,0,0,0,0,0,0,0,0,
3,0,0,0,0,0,0,0,0,0,0,0,0,0,0,0,0,0,0,0,0,
3,0,0,0,0,0,0,0,0,0,0,0,0,0,0,0,0,0,0,0,0,
3,0,0,0,0,0,0,0,0,0,0,0,0,0,0,0,0,0,0,0,0,
3,0,0,0,0,0,0,0,0,0,0,0,0,0,0,0,0,0,0,0,0,
3,0,0,0,0,0,0,0,0,0,0,0,0,0,0,0,0,0,0,0,0,
3,0,0,0,0,0,0,0,1,0,0,0,1,0,0,0,0,0,0,0,1,
3,0,1,0,0,0,1,0,1,0,0,0,1,0,0,0,0,0,0,0,1,
3,0,1,0,1,0,1,0,1,0,1,0,1,0,0,0,1,0,0,0,1,
3,0,1,0,1,0,1,0,1,0,1,0,1,0,0,0,1,0,1,0,1,
3,1,1,0,1,1,1,0,1,0,1,0,1,0,0,0,1,0,0,0,1,
3,0,1,0,1,0,1,0,1,0,1,0,1,0,0,0,1,0,1,0,1,
3,0,1,0,1,0,1,0,1,0,1,0,1,0,1,0,1,0,1,0,1,
3,0,1,0,1,1,1,1,1,0,1,0,1,0,1,0,1,0,0,0,1,
3,0,1,0,1,1,1,1,1,0,1,0,1,0,1,0,1,0,1,0,1,
3,0,1,1,1,1,1,0,1,0,1,0,1,0,1,0,1,0,1,0,1,
3,0,1,0,1,1,1,1,1,0,1,0,1,0,1,0,1,0,1,0,1,
3,0,1,1,1,1,1,0,1,0,1,0,1,0,1,0,1,0,1,0,1,
4,0,1,1,1,1,1,1,1,0,1,1,1,0,1,0,1,1,1,1,1,
2,0,1,1,1,1,1,1,1,0,1,0,1,0,1,1,1,1,1,0,1,
3,0,0,0,0,0,0,0,0,0,0,0,0,0,0,0,0,0,0,0,0,
3,0,0,0,0,0,0,0,0,0,0,0,0,0,0,0,0,0,0,0,0,
5,3,3,1,3,3,3,1,3,3,3,0,3,3,3,1,3,3,3,0,3,
3,0,0,0,0,0,0,0,0,0,0,0,0,0,0,0,0,0,0,0,0,
3,0,0,0,0,0,0,0,0,0,0,0,0,0,0,0,0,0,0,0,0,
3,0,0,0,0,0,0,0,0,0,0,0,0,0,0,0,0,0,0,0,0,
3,0,0,0,0,0,0,0,0,0,0,0,0,0,0,0,0,0,0,0,0,
3,0,0,0,0,0,0,0,0,0,0,0,0,0,0,0,0,0,0,0,0,
7,0,1,0,1,0,1,0,1,0,1,0,4,0,0,0,0,0,1,0,1,
5,0,1,0,1,1,1,0,1,0,1,1,1,0,1,0,1,1,1,0,1,
4,0,1,0,1,0,1,0,1,0,1,0,1,0,1,0,1,0,1,0,1,
4,0,1,1,1,0,1,0,1,0,1,0,1,0,0,0,1,0,1,0,1,
4,1,1,1,1,1,1,1,1,0,1,1,1,0,1,0,1,1,1,1,1,
4,0,1,0,1,0,1,0,1,0,1,0,1,0,1,0,1,0,1,0,1,
4,0,1,0,0,0,1,0,0,0,0,0,0,0,0,0,0,0,0,0,0,
4,1,1,1,1,1,1,1,1,1,1,1,1,0,1,1,1,1,1,1,1,
6,0,1,0,1,0,1,0,1,0,1,0,1,0,1,0,1,0,1,0,1,
4,0,1,0,1,0,1,0,1,0,1,0,1,0,0,0,1,0,1,0,1,
3,0,1,1,1,1,1,1,1,0,1,0,1,0,1,0,1,0,1,0,1,
3,0,1,0,1,0,1,0,1,0,0,0,1,0,0,0,1,0,0,0,1,
6,0,0,0,0,0,0,0,0,0,0,0,0,0,0,0,0,0,0,0,0,
6,0,1,0,1,1,1,1,1,0,1,0,1,0,1,0,1,0,1,0,1,
3,0,1,0,1,0,1,0,1,0,1,1,1,0,1,0,1,1,1,0,1,
3,0,1,0,1,0,1,1,1,0,1,0,1,0,1,0,1,0,1,0,1,
3,0,1,0,1,0,1,1,1,0,1,1,1,0,1,0,1,1,1,0,1,
3,0,1,1,1,0,1,1,1,0,1,0,1,0,1,0,1,0,1,0,1,
4,0,1,0,1,1,1,0,1,0,1,0,1,0,1,0,1,0,1,0,1,
3,1,1,1,1,1,1,1,1,0,1,1,1,0,1,0,1,1,1,1,1,
3,0,0,0,0,0,0,0,0,0,0,0,0,0,0,0,0,0,0,0,0,
2,0,0,0,0,0,0,0,0,0,0,0,0,0,0,0,0,0,0,0,0,
3,0,0,0,0,0,0,0,0,0,0,0,0,0,0,0,0,0,0,0,0,
3,1,1,1,1,1,1,1,1,1,1,1,1,1,1,1,1,1,1,0,1,
3,1,1,1,1,1,1,1,1,1,1,1,1,1,1,1,1,1,1,0,1,
3,0,0,0,0,0,0,0,0,0,0,0,0,0,0,0,0,0,0,0,0,
3,0,0,0,0,0,0,0,0,0,0,0,0,0,0,0,0,0,0,0,0,
3,0,0,0,0,0,0,0,0,0,0,0,0,0,0,0,0,0,0,0,0,
4,0,0,0,0,0,0,0,0,0,0,0,0,0,0,0,0,0,0,0,0,
5,0,0,0,0,0,0,0,0,0,0,0,0,0,0,0,0,0,0,0,0,
3,0,0,0,0,0,0,0,0,0,0,0,0,0,0,0,0,0,0,0,0,
3,0,0,0,0,0,0,0,0,0,0,0,0,0,0,0,0,0,0,0,0,
3,0,1,0,1,0,1,0,1,0,1,0,1,0,1,0,1,0,1,0,1,
3,0,0,0,0,0,0,0,0,0,0,0,0,0,0,0,0,0,0,0,0,
3,0,0,0,0,0,0,0,0,0,0,0,0,0,0,0,0,0,0,0,0,
3,0,0,0,1,0,0,0,0,0,0,0,1,0,0,0,0,0,0,0,1,
3,0,0,0,1,0,0,0,0,0,0,0,0,0,0,0,0,0,0,0,1,
3,0,1,0,1,0,1,0,1,0,0,0,1,0,0,0,1,0,0,0,1,
3,0,0,0,1,0,1,0,1,0,0,0,1,0,0,0,0,0,0,0,1,
3,0,1,0,1,0,1,0,1,0,1,0,1,0,0,0,0,0,1,0,1,
3,0,1,0,1,0,1,0,1,0,0,0,1,0,0,0,1,0,0,0,1,
3,0,1,0,1,1,1,1,1,0,1,1,1,0,1,0,1,1,1,0,1,
5,0,1,1,2,0,1,1,1,0,1,0,1,0,1,0,1,0,1,0,1,
3,0,1,0,1,1,1,0,1,0,1,1,1,0,1,0,1,1,1,0,1,
3,0,1,0,1,0,1,1,1,0,1,0,1,0,1,0,1,1,1,0,1,
3,0,1,1,1,0,1,1,1,0,1,0,1,0,1,1,1,0,1,0,1,
5,0,1,1,1,0,1,1,1,0,1,1,1,0,1,0,1,1,1,0,1,
3,0,1,1,1,1,1,0,1,0,1,1,1,0,1,0,1,1,1,0,1,
3,1,1,1,1,1,1,0,1,0,1,1,1,0,1,0,1,1,1,1,1,
3,0,0,0,0,0,0,0,0,0,0,0,0,0,0,0,0,0,0,0,0,
5,0,3,0,0,0,3,0,0,0,2,0,0,0,3,0,0,0,2,0,0,
3,0,0,0,0,0,0,0,0,0,0,0,0,0,0,0,0,0,0,0,0,
3,1,2,1,2,1,2,1,2,1,2,0,2,1,2,1,2,1,2,0,2,
3,0,0,0,0,0,0,0,0,0,0,0,0,0,0,0,0,0,0,0,0,
3,0,0,0,0,0,0,0,0,0,0,0,0,0,0,0,0,0,0,0,0,
3,0,0,0,0,0,0,0,0,0,0,0,0,0,0,0,0,0,0,0,0,
3,0,0,0,0,0,0,0,0,0,0,0,0,0,0,0,0,0,0,0,0,
3,0,0,0,0,0,0,0,0,0,0,0,0,0,0,0,0,0,0,0,0,
3,0,0,0,0,0,0,0,0,0,0,0,0,0,0,0,0,0,0,0,0,
3,0,0,0,0,0,0,0,0,0,0,0,0,0,0,0,0,0,0,0,0,
3,0,0,0,0,0,0,0,0,0,0,0,0,0,0,0,0,0,0,0,0,
3,0,0,0,0,0,0,0,0,0,0,0,0,0,0,0,0,0,0,0,0,
3,0,0,0,1,0,1,0,1,0,0,0,1,0,1,0,1,0,0,0,1,
3,0,0,0,0,0,0,0,0,0,0,0,0,0,0,0,0,0,0,0,0,
3,0,0,0,1,0,0,0,1,0,0,0,0,0,0,0,0,0,0,0,1,
3,0,0,0,0,0,0,0,0,0,0,0,0,0,0,0,0,0,0,0,1,
3,0,0,0,1,0,1,0,1,0,0,0,1,0,0,0,0,0,0,0,1,
3,0,0,0,1,0,0,0,1,0,0,0,1,0,0,0,0,0,0,0,1,
3,0,0,0,1,0,1,0,1,0,1,0,1,0,0,0,0,0,0,0,1,
3,0,1,0,1,0,1,0,1,0,1,0,1,0,0,0,1,0,0,0,1,
3,0,1,1,1,0,1,0,1,0,1,0,1,0,1,0,1,0,1,0,1,
5,0,1,1,1,0,1,1,1,0,1,0,1,0,1,0,1,1,1,0,1,
3,0,1,1,1,0,1,1,1,0,1,0,1,0,1,0,1,1,1,0,1,
3,0,1,1,1,0,1,1,1,0,1,1,1,0,1,0,1,1,1,0,1,
3,0,1,1,1,0,1,1,1,0,1,1,1,0,1,0,1,1,1,0,1,
3,0,1,1,1,0,1,1,1,0,1,0,1,0,1,0,1,1,1,0,1,
3,0,1,1,1,1,1,1,1,0,1,1,1,0,1,0,1,1,1,0,1,
3,0,1,1,1,0,1,1,1,0,1,0,1,0,1,0,1,1,1,0,1,
3,0,1,1,1,1,1,1,1,0,1,1,1,0,1,0,1,1,1,1,1,
3,1,1,1,1,1,1,1,1,0,1,1,1,0,1,0,1,1,1,1,1,
3,0,0,0,0,0,0,0,0,0,0,0,0,0,0,0,0,0,0,0,0,
3,0,0,0,0,0,0,0,0,0,0,0,0,0,0,0,0,0,0,0,0,
3,0,0,0,0,0,0,0,0,0,0,0,0,0,0,0,0,0,0,0,0,
3,0,0,0,0,0,0,0,0,0,0,0,0,0,0,0,0,0,0,0,0,
3,0,0,0,0,0,0,0,0,0,0,0,0,0,0,0,0,0,0,0,0,
5,0,0,2,0,0,0,2,0,0,0,2,0,0,0,2,0,0,0,2,0,
4,0,0,0,0,0,0,0,0,0,0,0,0,0,0,0,0,0,0,0,0,
4,0,0,0,0,0,0,0,0,0,0,0,0,0,0,0,0,0,0,0,0,
3,0,0,0,0,0,0,0,0,0,0,0,0,0,0,0,0,0,0,0,0,
3,0,0,0,0,0,0,0,0,0,0,0,0,0,0,0,0,0,0,0,0,
3,0,0,0,0,0,0,0,0,0,0,0,0,0,0,0,0,0,0,0,0,
3,0,0,0,0,0,0,0,0,0,0,0,0,0,0,0,0,0,0,0,0,
3,0,0,0,0,0,0,0,0,0,0,0,0,0,0,0,0,0,0,0,0,
3,0,0,0,0,0,0,0,0,0,0,0,0,0,0,0,0,0,0,0,0,
3,0,0,0,1,0,0,0,0,0,0,0,0,0,0,0,0,0,0,0,1,
3,0,0,0,1,0,0,0,0,0,0,0,0,0,0,0,0,0,0,0,1,
3,0,0,0,1,0,0,0,0,0,0,0,0,0,0,0,0,0,0,0,1,
3,0,0,0,1,0,0,0,0,0,0,0,0,0,0,0,0,0,0,0,1,
3,0,0,0,1,0,0,0,1,0,0,0,0,0,0,0,0,0,0,0,1,
3,0,0,0,1,0,0,0,1,0,0,0,0,0,0,0,0,0,0,0,1,
3,0,1,0,1,0,1,0,1,0,1,0,1,0,0,0,1,0,0,0,1,
4,0,0,0,0,0,0,0,0,0,0,0,0,0,0,0,0,0,0,0,0,
3,0,1,1,1,0,1,0,1,0,1,0,1,0,1,0,1,0,1,0,1,
3,0,1,0,1,0,1,1,1,0,1,0,1,0,1,0,1,1,1,0,1,
3,0,1,1,1,1,1,0,1,0,1,0,1,0,1,1,1,0,1,0,1,
3,0,1,1,1,1,1,1,1,0,1,0,1,0,1,1,1,0,1,0,1,
3,1,1,1,1,1,1,1,1,0,1,0,1,1,1,1,1,0,1,0,1,
6,0,4,4,4,3,4,4,4,0,4,3,4,0,4,4,4,3,4,3,4,
6,1,3,1,1,1,3,1,1,1,3,1,1,0,3,1,1,1,3,1,1,
2,0,0,0,0,0,0,0,0,0,0,0,0,0,0,0,0,0,0,0,0,
3,1,2,1,2,1,2,1,2,1,2,0,2,1,1,1,2,1,2,0,2,
2,0,0,0,0,0,0,0,0,0,0,0,0,0,0,0,0,0,0,0,0,
3,0,0,0,0,0,0,0,0,0,0,0,0,0,0,0,0,0,0,0,0,
3,0,0,0,0,0,0,0,0,0,0,0,0,0,0,0,0,0,0,0,0,
3,0,0,0,0,0,0,0,0,0,0,0,0,0,0,0,0,0,0,0,0,
3,0,0,0,0,0,0,0,0,0,0,0,0,0,0,0,0,0,0,0,0,
3,0,0,0,0,0,0,0,0,0,0,0,0,0,0,0,0,0,0,0,0,
3,0,0,0,0,0,0,0,0,0,0,0,0,0,0,0,0,0,0,0,0,
3,0,0,0,0,0,0,0,0,0,0,0,0,0,0,0,0,0,0,0,0,
3,0,0,0,0,0,0,0,0,0,0,0,0,0,0,0,0,0,0,0,0,
3,0,0,0,0,0,0,0,0,0,0,0,0,0,0,0,0,0,0,0,0,
3,0,0,0,1,0,1,0,0,0,0,0,1,0,0,0,0,0,0,0,1,
3,0,0,0,1,0,1,0,0,0,1,0,0,0,0,0,0,0,0,0,1,
3,0,0,0,0,0,0,0,0,0,0,0,0,0,0,0,0,0,0,0,0,
3,0,0,0,0,0,1,0,0,0,0,0,0,0,0,0,0,0,0,0,0,
3,0,0,0,1,0,0,0,0,0,0,0,0,0,0,0,0,0,0,0,1,
3,0,1,0,1,0,1,0,1,0,1,0,0,0,0,0,0,0,0,0,1,
3,0,1,0,1,0,1,0,0,0,1,0,0,0,0,0,0,0,1,0,1,
3,0,1,0,1,0,1,0,1,0,1,0,1,0,0,0,0,0,0,0,1,
6,0,1,0,1,0,1,0,1,0,1,0,1,0,0,0,0,0,1,0,1,
3,0,1,0,1,0,1,0,1,0,1,0,1,0,0,0,1,0,1,0,1,
3,0,1,1,1,0,1,0,1,0,1,0,1,0,1,0,1,0,1,0,1,
3,0,1,0,1,0,1,0,1,0,1,0,1,0,1,0,1,0,1,0,1,
3,0,1,1,1,0,1,1,1,0,1,0,1,0,1,0,1,0,1,0,1,
3,0,1,1,1,0,1,1,1,0,1,0,1,0,1,1,1,0,1,0,1,
3,0,1,1,1,0,1,1,1,0,1,0,1,0,1,1,1,0,1,0,1,
3,0,1,1,1,1,1,1,1,0,1,0,1,0,1,1,1,0,1,0,1,
3,0,0,0,0,0,0,0,0,0,0,0,0,0,0,0,0,0,0,0,0,
3,0,0,0,0,0,0,0,0,0,0,0,0,0,0,0,0,0,0,0,0,
2,0,0,0,0,0,0,0,0,0,0,0,0,0,0,0,0,0,0,0,0,
3,1,1,1,1,1,1,1,1,1,1,1,1,1,1,1,1,1,1,0,1,
3,0,0,0,0,0,0,0,0,0,0,0,0,0,0,0,0,0,0,0,0,
3,1,1,1,1,1,1,1,1,1,1,1,1,1,1,1,1,1,1,0,1,
5,0,0,3,0,0,0,3,0,0,0,3,0,0,0,3,0,0,0,0,0,
5,0,0,0,0,0,0,0,0,0,0,0,0,0,0,0,0,0,0,0,0,
5,0,0,0,0,0,0,0,0,0,0,0,0,0,0,0,0,0,0,0,0,
3,0,0,0,0,0,0,0,0,0,0,0,0,0,0,0,0,0,0,0,0,
3,0,0,0,0,0,0,0,0,0,0,0,0,0,0,0,0,0,0,0,0,
3,0,0,0,0,0,0,0,0,0,0,0,0,0,0,0,0,0,0,0,0,
3,0,0,0,0,0,0,0,0,0,0,0,0,0,0,0,0,0,0,0,0,
3,0,0,0,0,0,0,0,0,0,0,0,0,0,0,0,0,0,0,0,0,
3,0,0,0,0,0,0,0,0,0,0,0,0,0,0,0,0,0,0,0,0,
3,0,0,0,0,0,0,0,0,0,0,0,0,0,0,0,0,0,0,0,0,
3,0,0,0,0,0,0,0,0,0,0,0,0,0,0,0,0,0,0,0,0,
3,0,1,0,1,0,1,0,0,0,1,0,0,0,0,0,0,0,1,0,1,
3,0,1,0,1,0,0,0,0,0,1,0,0,0,0,0,0,0,1,0,1,
3,0,0,0,1,0,1,0,0,0,0,0,0,0,0,0,0,0,0,0,1,
3,0,1,1,1,0,1,1,1,0,1,0,1,0,0,0,1,0,1,0,1,
5,0,1,1,1,0,1,0,0,0,1,0,0,0,1,0,0,0,1,0,0,
3,0,1,1,1,0,1,1,1,0,1,1,1,0,1,1,1,0,1,0,1,
3,0,1,1,1,0,1,1,1,0,1,0,1,0,1,1,1,0,1,0,1,
3,0,1,1,1,1,1,1,1,0,1,1,1,0,1,1,1,1,1,0,1,
3,1,1,1,1,1,1,1,1,0,1,1,1,0,1,1,1,1,1,1,1,
3,0,1,1,1,0,1,0,1,0,1,0,1,0,1,0,1,0,1,0,1,
3,0,1,1,1,1,1,1,1,0,1,1,1,0,1,0,1,1,1,1,1,
3,0,1,1,1,0,1,1,1,0,1,1,1,0,1,1,1,1,1,0,1,
6,0,1,1,1,1,1,1,1,0,1,1,1,0,1,1,1,1,1,0,1,
3,1,1,1,1,1,1,1,1,1,1,1,1,0,1,1,1,1,1,1,1,
4,1,1,1,1,1,1,1,1,1,1,0,1,1,1,1,1,1,1,0,1,
2,0,0,0,0,0,0,0,0,0,0,0,0,0,0,0,0,0,0,0,0,
2,0,0,0,0,0,0,0,0,0,0,0,0,0,0,0,0,0,0,0,0,
2,0,0,0,0,0,0,0,0,0,0,0,0,0,0,0,0,0,0,0,0,
3,0,0,0,0,0,0,0,0,0,0,0,0,0,0,0,0,0,0,0,0,
3,0,0,0,0,0,0,0,0,0,0,0,0,0,0,0,0,0,0,0,0,
3,0,0,0,0,0,0,0,0,0,0,0,0,0,0,0,0,0,0,0,0,
3,0,0,0,0,0,0,0,0,0,0,0,0,0,0,0,0,0,0,0,0,
3,0,0,0,0,0,0,0,0,0,0,0,0,0,0,0,0,0,0,0,0,
3,0,0,0,0,0,0,0,0,0,0,0,0,0,0,0,0,0,0,0,0,
3,0,0,0,0,0,0,0,0,0,0,0,0,0,0,0,0,0,0,0,0,
3,0,0,0,0,0,0,0,0,0,0,0,0,0,0,0,0,0,0,0,0,
3,0,0,0,0,0,0,0,0,0,0,0,0,0,0,0,0,0,0,0,0,
3,0,0,0,0,0,0,0,0,0,0,0,0,0,0,0,0,0,0,0,0,
3,0,0,0,0,0,0,0,0,0,0,0,0,0,0,0,0,0,0,0,0,
3,0,0,0,0,0,0,0,0,0,0,0,0,0,0,0,0,0,0,0,0,
3,1,0,0,1,0,1,0,0,0,0,0,0,0,0,0,0,1,0,0,0,
3,0,1,0,0,0,1,0,0,0,1,0,0,0,0,0,0,0,0,0,1,
3,0,1,0,1,0,1,0,1,0,1,0,1,0,0,0,0,0,0,0,1,
5,0,1,0,1,0,1,0,1,0,1,0,0,0,0,0,0,0,0,0,1,
3,0,1,0,1,0,1,0,1,0,1,0,0,0,0,0,0,0,0,0,1,
3,0,1,0,1,0,1,0,1,0,1,0,0,0,0,0,0,0,0,0,1,
3,0,1,0,1,0,1,0,1,0,1,0,1,0,1,0,1,0,1,0,1,
3,0,1,1,1,0,1,0,1,0,1,0,1,0,1,0,1,0,1,0,1,
3,0,1,1,1,0,1,1,1,0,1,1,1,0,1,1,1,1,1,0,1,
3,0,1,1,1,0,1,1,1,0,1,0,1,0,1,1,1,1,1,0,1,
3,0,1,1,1,0,1,1,1,0,1,1,1,0,1,1,1,1,1,0,1,
4,1,1,1,1,1,1,1,1,1,1,1,1,0,1,1,1,1,1,1,1,
4,0,0,0,0,0,0,0,0,0,0,0,0,0,0,0,0,0,0,0,0,
4,0,0,0,0,0,0,0,0,0,0,0,0,0,0,0,0,0,0,0,0,
3,0,0,0,0,0,0,0,0,0,0,0,0,0,0,0,0,0,0,0,0,
3,0,0,0,0,0,0,0,0,0,0,0,0,0,0,0,0,0,0,0,0,
3,0,0,0,0,0,0,0,0,0,0,0,0,0,0,0,0,0,0,0,0,
5,0,0,3,0,0,0,3,0,0,0,3,0,0,0,3,0,0,0,3,0,
4,0,0,0,0,0,0,0,0,0,0,0,0,0,0,0,0,0,0,0,0,
4,1,1,1,1,1,1,1,1,0,1,1,1,0,1,1,1,1,1,1,1,
3,0,0,0,0,0,0,0,0,0,0,0,0,0,0,0,0,0,0,0,0,
3,0,0,0,0,0,0,0,0,0,0,0,0,0,0,0,0,0,0,0,0,
3,0,0,0,0,0,0,0,0,0,0,0,0,0,0,0,0,0,0,0,0,
4,0,0,0,0,0,0,0,0,0,0,0,0,0,0,0,0,0,0,0,0,
3,0,0,0,0,0,0,0,0,0,0,0,0,0,0,0,0,0,0,0,0,
3,0,0,0,0,0,0,0,0,0,0,0,0,0,0,0,0,0,0,0,0,
3,0,0,0,0,0,0,0,0,0,0,0,0,0,0,0,0,0,0,0,0,
3,0,0,0,1,0,0,0,0,0,0,0,0,0,0,0,0,0,0,0,1,
3,0,0,0,0,0,0,0,0,0,0,0,0,0,0,0,0,0,0,0,0,
3,0,0,0,0,0,0,0,0,0,0,0,0,0,0,0,0,0,0,0,0,
3,0,0,0,0,0,1,0,0,0,0,0,0,0,0,0,0,0,0,0,1,
3,0,0,0,1,0,0,0,0,0,1,0,0,0,0,0,0,0,0,0,1,
3,0,1,1,1,0,1,1,1,0,1,0,1,0,1,1,1,1,1,0,1,
3,0,0,0,1,0,1,0,1,0,0,0,1,0,0,0,0,0,0,0,1,
3,0,1,0,1,0,1,0,1,0,1,0,1,0,0,0,1,0,0,0,1,
3,1,1,1,1,1,1,1,1,0,1,1,1,1,1,1,1,1,1,0,1,
3,0,1,1,1,1,1,0,1,0,1,0,1,0,1,0,1,0,1,0,1,
3,0,1,1,1,0,1,0,1,0,1,0,1,0,1,0,1,0,1,0,1,
3,0,1,1,1,0,1,1,1,0,1,0,1,0,1,1,1,0,1,0,1,
3,0,1,1,1,0,1,1,1,0,1,0,1,0,1,1,1,1,1,0,1,
6,0,1,0,1,1,1,0,1,0,1,0,1,0,1,0,1,0,1,0,1,
3,1,1,1,1,1,1,1,1,1,1,1,1,1,1,1,1,1,1,0,1,
4,1,1,1,1,1,1,1,1,1,1,0,1,1,1,0,1,1,1,0,1,
4,1,1,1,1,1,1,1,1,1,1,1,1,1,1,1,1,1,1,0,1,
2,0,0,0,0,0,0,0,0,0,0,0,0,0,0,0,0,0,0,0,0,
2,0,0,0,0,0,0,0,0,0,0,0,0,0,0,0,0,0,0,0,0,
3,0,0,0,0,0,0,0,0,0,0,0,0,0,0,0,0,0,0,0,0,
2,0,0,0,0,0,0,0,0,0,0,0,0,0,0,0,0,0,0,0,0,
3,0,0,0,0,0,0,0,0,0,0,0,0,0,0,0,0,0,0,0,0,
4,0,0,2,0,0,0,2,0,0,0,2,0,0,0,2,0,0,0,2,0,
3,0,0,0,0,0,0,0,0,0,0,0,0,0,0,0,0,0,0,0,0,
3,0,0,0,0,0,0,0,0,0,0,0,0,0,0,0,0,0,0,0,0,
3,0,0,0,0,0,0,0,0,0,0,0,0,0,0,0,0,0,0,0,0,
3,0,0,0,0,0,0,0,0,0,0,0,0,0,0,0,0,0,0,0,0,
3,0,0,0,0,0,0,0,0,0,0,0,0,0,0,0,0,0,0,0,0,
3,0,0,0,1,0,0,0,0,0,0,0,0,0,0,0,0,0,0,0,1,
3,0,0,0,1,0,0,0,1,0,0,0,0,0,0,0,0,0,0,0,1,
3,0,0,0,0,0,0,0,0,0,0,0,0,0,0,0,0,0,0,0,0,
3,0,0,0,0,0,0,0,0,0,0,0,0,0,0,0,0,0,0,0,1,
3,0,0,0,0,0,0,0,0,0,0,0,0,0,0,0,0,0,0,0,1,
3,0,0,0,1,0,0,0,0,0,0,0,0,0,0,0,0,0,0,0,1,
5,0,0,0,0,0,0,0,1,0,0,0,0,0,0,0,0,0,0,0,1,
3,0,0,0,1,0,0,0,1,0,0,0,1,0,0,0,0,0,0,0,1,
3,0,0,0,1,0,0,0,1,0,0,0,0,0,0,0,0,0,0,0,1,
3,0,0,0,1,0,1,0,1,0,0,0,1,0,0,0,0,0,0,0,1,
3,0,1,0,1,0,1,0,1,0,1,0,1,0,0,0,0,0,0,0,1,
3,0,1,0,1,0,1,0,1,0,1,0,1,0,0,0,1,0,1,0,1,
3,0,1,0,1,0,1,0,1,0,1,0,1,0,0,0,1,0,1,0,1,
3,0,1,1,1,0,1,0,1,0,1,0,1,0,1,1,1,0,1,0,1,
3,0,1,1,1,0,1,1,1,0,1,0,1,0,1,1,1,0,1,0,1,
3,0,1,1,1,0,1,1,1,0,1,1,1,0,1,1,1,1,1,0,1,
3,0,1,1,1,0,1,1,1,0,1,1,1,0,1,1,1,1,1,0,1,
3,1,1,1,1,1,1,1,1,1,1,1,1,0,1,1,1,1,1,1,1,
3,1,1,1,1,1,1,1,1,1,1,1,1,1,1,1,1,1,1,0,1,
3,1,1,1,1,1,1,1,1,1,1,1,1,1,1,1,1,1,1,0,1,
5,0,1,0,1,1,1,0,1,0,1,0,1,0,1,0,1,0,1,0,1,
2,0,0,0,0,0,0,0,0,0,0,0,0,0,0,0,0,0,0,0,0,
31,0,0,29,0,0,0,29,0,0,0,29,0,0,1,29,0,0,1,29,0,
5,0,3,0,0,0,3,0,0,0,3,0,0,0,0,0,0,0,3,0,0,
3,0,0,0,0,0,0,0,0,0,0,0,0,0,0,0,0,0,0,0,0,
3,0,0,0,0,0,0,0,0,0,0,0,0,0,0,0,0,0,0,0,0,
4,0,0,0,0,0,0,0,0,0,0,0,0,0,0,0,0,0,0,0,0,
3,0,0,0,0,0,0,0,0,0,0,0,0,0,0,0,0,0,0,0,0,
3,0,0,0,0,0,0,0,0,0,0,0,0,0,0,0,0,0,0,0,0,
3,0,0,0,0,0,0,0,0,0,0,0,0,0,0,0,0,0,0,0,0,
3,0,0,0,0,0,0,0,0,0,0,0,0,0,0,0,0,0,0,0,0,
3,0,0,0,0,0,0,0,0,0,0,0,0,0,0,0,0,0,0,0,0,
3,0,0,0,0,0,0,0,0,0,0,0,0,0,0,0,0,0,0,0,0,
3,0,0,0,0,0,0,0,0,0,0,0,0,0,0,0,0,0,0,0,0,
3,0,0,0,0,0,0,0,0,0,0,0,0,0,0,0,0,0,0,0,0,
3,0,0,0,0,0,0,0,0,0,0,0,0,0,0,0,0,0,0,0,0,
3,0,0,0,0,0,0,0,0,0,0,0,0,0,0,0,0,0,0,0,1,
3,0,1,0,1,0,1,0,1,0,1,0,1,0,1,0,1,0,1,0,1,
3,0,1,0,1,0,1,0,1,0,1,0,1,0,0,0,0,0,1,0,1,
3,0,1,0,1,0,1,0,1,0,1,0,1,0,0,0,1,0,1,0,1,
3,0,1,0,1,0,1,0,1,0,1,0,1,0,0,0,0,0,1,0,1,
3,0,1,0,1,0,1,0,1,0,1,0,1,0,0,0,1,0,1,0,1,
3,0,1,0,1,0,1,0,1,0,1,0,1,0,0,0,0,0,1,0,1,
5,0,3,0,0,0,3,0,0,0,3,0,1,0,3,0,0,0,3,0,0,
3,0,1,0,1,0,1,0,1,0,1,0,1,0,0,0,1,0,1,0,1,
6,1,1,0,1,1,1,0,1,1,1,0,1,1,1,0,1,1,1,0,1,
3,0,1,1,1,0,1,1,1,0,1,0,1,0,1,1,1,1,1,0,1,
3,0,1,1,1,0,1,1,1,0,1,1,1,0,1,1,1,1,1,0,1,
2,0,1,1,1,1,1,1,1,0,1,1,1,0,1,1,1,1,1,1,1,
2,0,0,0,0,0,0,0,0,0,0,0,0,0,0,0,0,0,0,0,0,
3,0,0,0,0,0,0,0,0,0,0,0,0,0,0,0,0,0,0,0,0,
3,0,0,0,0,0,0,0,0,0,0,0,0,0,0,0,0,0,0,0,0,
3,0,0,0,0,0,0,0,0,0,0,0,0,0,0,0,0,0,0,0,0,
3,0,0,0,0,0,0,0,0,0,0,0,0,0,0,0,0,0,0,0,0,
2,0,0,0,0,0,0,0,0,0,0,0,0,0,0,0,0,0,0,0,0,
3,0,0,0,0,0,0,0,0,0,0,0,0,0,0,0,0,0,0,0,0,
3,0,0,0,0,0,0,0,0,0,0,0,0,0,0,0,0,0,0,0,0,
3,0,0,0,0,0,0,0,0,0,0,0,0,0,0,0,0,0,0,0,0,
3,0,0,0,0,0,0,0,0,0,0,0,0,0,0,0,0,0,0,0,0,
3,0,0,0,0,0,0,0,0,0,0,0,0,0,0,0,0,0,0,0,0,
3,0,0,0,0,0,1,0,1,0,1,0,1,0,0,0,0,0,0,0,1,
3,0,0,0,0,0,0,0,0,0,0,0,0,0,0,0,0,0,0,0,0,
3,0,0,0,0,0,0,0,0,0,0,0,0,0,0,0,0,0,0,0,0,
