22,0,0,0,0,0,0,1,0,0,0,0,0,0,0,0,0,0,0,0,1,
3,0,1,1,1,0,1,1,1,0,1,0,1,0,1,1,0,0,1,0,1,
3,0,1,0,0,0,1,0,0,0,0,0,0,0,0,0,0,0,0,0,1,
3,1,1,0,1,1,1,0,1,0,1,0,1,1,0,0,1,1,1,0,1,
3,1,1,1,1,1,1,1,1,0,1,1,1,1,1,1,1,1,0,0,1,
3,0,1,0,1,1,1,1,1,0,1,0,1,1,1,0,1,0,1,0,1,
2,0,0,1,1,0,1,1,1,0,0,0,1,0,0,0,1,0,0,0,1,
2,0,1,1,0,0,1,0,0,0,0,0,1,0,0,0,0,0,0,0,1,
3,0,1,1,1,0,1,1,1,0,1,0,1,0,0,0,1,0,0,0,1,
2,0,1,0,1,0,1,1,0,0,1,0,1,0,0,0,0,0,1,0,1,
5,0,1,3,1,0,1,4,1,0,1,0,1,0,0,3,1,0,1,0,1,
2,0,1,1,1,1,1,1,1,0,1,0,1,0,1,1,0,0,1,0,1,
2,0,1,1,1,1,1,1,1,0,1,0,1,0,1,1,1,0,1,0,1,
2,0,1,1,1,1,1,1,1,0,1,1,1,0,1,1,1,1,1,0,1,
2,0,1,1,1,1,1,1,1,0,1,0,1,0,1,1,1,0,1,0,1,
3,1,1,1,1,1,1,1,1,0,1,1,1,1,1,1,1,1,1,1,1,
3,0,0,0,0,0,0,0,0,0,0,0,0,0,0,0,0,0,0,0,0,
5,0,0,0,0,0,0,0,0,0,0,0,0,0,0,0,0,0,0,0,0,
3,0,0,0,0,0,0,0,0,0,0,0,0,0,0,0,0,0,0,0,0,
3,0,0,0,0,0,0,0,0,0,0,0,0,0,0,0,0,0,0,0,0,
3,0,0,0,0,0,0,0,0,0,0,0,0,0,0,0,0,0,0,0,1,
4,0,1,0,1,0,1,0,0,0,1,0,0,0,0,0,0,0,1,0,1,
3,0,1,0,1,0,1,0,0,0,1,0,1,0,1,0,0,0,1,0,1,
3,0,1,0,1,0,1,0,0,0,0,0,1,0,0,0,0,0,0,0,1,
4,0,1,1,1,0,1,1,1,0,1,1,1,0,0,1,1,0,0,1,1,
3,0,0,0,1,0,0,0,0,0,0,0,1,0,0,0,0,0,0,0,1,
3,0,0,0,0,0,0,0,0,0,0,0,1,0,0,0,0,0,0,0,1,
3,0,0,0,1,0,0,0,1,0,0,0,1,0,0,0,0,0,0,0,1,
3,0,0,0,1,0,0,0,0,0,0,0,1,0,0,0,0,0,0,0,1,
3,0,0,0,0,0,0,0,1,0,0,0,1,0,0,0,0,0,0,0,1,
3,0,0,0,0,0,0,0,0,0,0,0,0,0,0,0,0,0,0,0,0,
3,0,0,0,0,0,0,0,0,0,0,0,0,0,0,0,0,0,0,0,0,
3,0,1,0,0,0,1,0,0,0,0,0,0,0,0,0,0,0,0,0,1,
3,0,1,0,1,0,1,0,0,0,1,0,0,0,0,0,0,0,0,0,1,
2,0,1,0,1,0,1,0,1,0,0,0,0,0,0,0,0,0,0,0,1,
3,0,1,0,1,0,1,0,0,0,0,0,1,0,1,0,0,0,0,0,1,
2,0,1,1,1,0,1,1,1,0,1,0,1,0,1,0,1,1,1,0,1,
2,0,1,1,1,0,1,1,0,0,1,0,0,0,1,1,0,0,1,0,1,
2,0,1,1,1,1,1,1,1,0,1,0,1,0,0,0,1,0,1,0,1,
2,0,1,1,1,1,1,1,1,0,1,0,1,0,0,0,0,0,1,0,1,
2,0,1,1,1,0,1,1,1,0,1,0,1,0,0,0,1,0,1,0,1,
2,0,1,1,1,1,1,1,1,0,1,0,1,0,0,0,0,0,1,0,1,
2,0,1,1,1,1,1,1,1,0,1,0,1,0,1,0,1,1,1,0,1,
3,0,0,0,0,0,0,0,0,0,0,0,0,0,0,0,0,0,0,0,0,
3,1,1,1,1,1,1,1,1,0,1,1,1,1,1,1,1,1,1,0,1,
4,0,1,0,0,0,0,0,0,0,0,0,0,0,0,0,0,0,0,0,0,
3,0,0,0,0,0,0,0,0,0,0,0,0,0,0,0,0,0,0,0,0,
2,1,1,1,1,1,1,1,1,0,1,1,1,1,1,1,1,1,1,1,1,
3,0,0,0,0,0,0,0,0,0,0,0,0,0,0,0,0,0,0,0,0,
2,0,0,0,0,0,0,0,0,0,0,0,0,0,0,0,0,0,0,0,0,
4,0,0,0,0,0,0,1,0,0,0,1,1,0,0,0,0,0,0,0,0,
4,0,2,1,1,0,1,1,1,0,1,1,1,0,0,1,0,0,0,0,1,
4,0,2,0,0,0,1,0,0,0,1,0,0,0,0,0,0,0,1,0,0,
6,3,3,3,3,3,3,3,3,0,3,3,3,3,3,3,3,3,3,3,4,
4,1,1,1,1,1,1,1,1,0,1,1,1,1,1,1,1,1,1,1,1,
3,0,1,0,1,0,0,1,0,0,0,0,1,0,0,0,0,0,0,0,1,
5,2,2,0,2,2,2,0,2,2,2,0,2,2,2,0,2,2,2,0,3,
3,0,0,0,0,0,0,0,0,0,0,0,0,0,0,0,0,0,0,0,0,
3,0,0,0,0,0,0,0,0,0,0,0,0,0,0,0,0,0,0,0,1,
3,0,0,0,0,0,0,0,0,0,0,0,0,0,0,0,0,0,0,0,0,
3,0,0,0,0,0,0,0,0,0,0,0,0,0,0,0,0,0,0,0,0,
3,0,1,0,1,1,1,0,0,0,1,0,0,0,0,0,0,1,1,0,1,
3,0,1,0,1,0,1,0,1,0,0,0,1,0,0,0,0,0,1,0,1,
3,0,1,0,1,0,1,0,0,0,0,0,1,0,0,0,0,0,0,0,1,
2,0,1,1,1,0,1,1,1,0,1,1,1,0,0,1,0,0,0,0,1,
12,0,1,0,0,0,1,0,0,0,1,0,0,0,0,0,0,0,1,0,0,
2,1,1,1,1,1,1,1,1,0,1,0,1,0,1,1,1,0,1,0,1,
2,0,1,0,1,0,1,0,0,0,1,0,1,0,0,0,0,0,1,0,1,
2,0,1,1,1,1,1,1,1,0,1,0,1,0,1,0,0,0,1,0,1,
2,0,1,0,1,0,1,1,0,0,1,0,1,0,0,0,0,0,1,0,1,
2,1,1,1,1,1,1,1,1,0,1,0,1,0,1,1,1,0,1,0,1,
2,0,1,1,1,1,1,1,1,0,1,0,1,0,0,0,0,0,1,0,1,
2,1,1,1,1,1,1,1,1,0,1,0,1,0,1,1,1,1,1,0,1,
2,1,1,1,1,1,1,1,1,0,1,0,1,0,1,1,1,1,1,0,1,
2,1,1,1,1,1,1,1,1,0,1,0,1,0,1,1,1,0,1,0,1,
4,0,1,0,1,0,1,1,1,0,1,0,1,0,0,0,0,0,1,0,1,
2,1,1,1,1,1,1,1,1,0,1,1,1,1,1,1,1,1,1,1,1,
5,2,2,0,2,2,2,0,2,2,2,0,2,2,2,0,2,2,2,0,2,
2,0,0,0,0,0,0,0,0,0,0,0,0,0,0,0,0,0,0,0,0,
2,0,0,0,0,0,0,0,0,0,0,0,0,0,0,0,0,0,0,0,0,
2,0,0,0,0,0,0,0,0,0,0,0,0,0,0,0,0,0,0,0,0,
3,0,0,0,0,0,0,0,0,0,0,0,0,0,0,0,0,0,0,0,0,
3,0,0,0,0,0,0,0,0,0,0,0,0,0,0,0,0,0,0,0,0,
3,0,0,0,0,0,0,0,0,0,0,0,0,0,0,0,0,0,0,0,0,
3,0,0,0,0,0,0,0,0,0,0,0,0,0,0,0,0,0,0,0,0,
3,0,0,0,0,0,0,0,0,0,0,0,0,0,0,0,0,0,0,0,0,
3,0,1,0,1,0,1,0,1,0,0,0,1,0,0,0,0,0,1,0,1,
3,0,0,0,0,0,0,0,0,0,0,0,0,0,0,0,0,0,0,0,0,
3,0,0,0,0,0,0,0,0,0,0,0,0,0,0,0,0,0,0,0,0,
5,0,0,0,0,0,0,0,0,0,0,0,0,0,0,0,0,0,0,0,0,
3,0,0,0,0,0,0,0,0,0,0,0,0,0,0,0,0,0,0,0,0,
3,0,0,0,0,0,0,0,0,0,0,0,0,0,0,0,0,0,0,0,0,
3,0,0,0,0,0,0,0,0,0,0,0,0,0,0,0,0,0,0,0,0,
3,0,0,0,0,0,0,0,0,0,0,0,0,0,0,0,0,0,0,0,0,
2,0,0,0,0,0,0,0,0,0,0,0,0,0,0,0,0,0,0,0,0,
8,0,3,3,3,0,3,3,3,0,3,0,3,0,0,0,3,0,3,0,3,
2,0,0,0,1,0,0,0,1,0,0,0,0,0,0,0,0,0,0,0,1,
2,0,1,0,1,0,1,0,1,0,0,0,0,0,0,0,0,0,0,0,1,
2,0,1,0,1,0,1,1,1,0,1,0,1,0,0,0,0,0,1,0,1,
2,0,1,0,1,0,1,1,1,0,1,0,1,0,0,0,0,0,1,0,1,
3,1,1,1,1,1,1,1,1,0,1,1,1,1,1,1,1,1,1,1,1,
3,1,1,1,1,1,1,1,1,0,1,1,1,1,1,1,1,1,1,1,1,
3,0,0,0,0,0,0,0,0,0,0,0,0,0,0,0,0,0,0,0,0,
3,0,0,0,0,0,0,0,0,0,0,0,0,0,0,0,0,0,0,0,0,
2,1,1,1,1,1,1,1,1,0,1,0,1,0,1,1,1,0,1,0,1,
3,1,1,1,1,1,1,1,1,0,1,1,1,1,1,1,1,1,1,0,1,
3,0,0,0,0,0,0,0,0,0,0,0,0,0,0,0,0,0,0,0,0,
3,0,0,0,0,0,0,0,0,0,0,0,0,0,0,0,0,0,0,0,0,
3,0,0,0,0,0,0,0,0,0,0,0,0,0,0,0,0,0,0,0,0,
3,0,0,0,0,0,0,0,0,0,0,0,0,0,0,0,0,0,0,0,0,
2,0,0,0,0,0,0,0,0,0,0,0,0,0,0,0,0,0,0,0,0,
3,0,0,0,0,0,0,0,1,0,0,0,0,0,0,0,0,0,0,0,1,
3,0,0,0,0,0,0,0,0,0,0,0,0,0,0,0,0,0,0,0,0,
3,0,0,0,0,0,0,0,0,0,0,0,0,0,0,0,0,0,0,0,0,
4,1,1,0,1,1,1,0,1,1,1,0,1,1,1,0,1,1,1,0,1,
3,0,0,0,0,0,0,0,0,0,0,0,0,0,0,0,0,0,0,0,0,
3,0,0,0,0,0,0,0,0,0,0,0,0,0,0,0,0,0,0,0,0,
3,0,0,0,0,0,0,0,0,0,0,0,0,0,0,0,0,0,0,0,0,
3,0,0,0,1,0,0,0,0,0,0,0,0,0,0,0,0,0,0,0,0,
6,2,2,2,3,1,2,2,0,0,0,1,1,0,0,1,0,0,1,0,1,
4,0,0,0,0,0,0,0,0,0,0,0,0,0,0,0,0,0,0,0,0,
3,1,1,0,1,1,1,0,1,0,0,0,1,1,0,0,0,1,1,0,1,
3,0,0,0,1,1,1,0,1,0,0,0,0,0,0,0,0,0,0,0,1,
3,0,0,0,1,0,0,0,1,0,0,0,0,0,0,0,0,0,0,0,1,
2,0,0,0,1,0,0,0,1,0,0,0,0,0,0,0,0,0,0,0,1,
2,0,0,0,1,0,0,0,0,0,0,0,0,0,0,0,0,0,0,0,1,
3,0,0,0,0,0,0,0,0,0,0,0,0,0,0,0,0,0,0,0,0,
2,0,1,0,1,0,1,0,1,0,0,0,1,0,0,0,0,0,0,0,1,
2,0,1,0,1,0,1,0,1,0,1,0,1,0,0,0,1,0,1,0,1,
3,0,1,0,1,0,1,0,1,0,0,0,1,0,0,0,0,0,1,0,1,
3,0,1,2,1,1,1,1,1,0,1,0,1,0,1,1,1,0,1,0,1,
3,0,0,0,0,0,0,0,0,0,1,0,0,0,0,0,0,0,0,0,0,
3,0,0,0,0,0,0,0,0,0,0,0,0,0,0,0,0,0,0,0,0,
3,1,1,1,1,1,1,1,1,0,1,0,1,0,1,1,1,1,1,0,1,
3,1,1,1,1,1,1,1,1,1,1,1,1,1,1,1,1,1,1,0,1,
2,1,1,1,1,1,1,1,1,0,1,1,1,1,1,1,1,1,1,0,1,
3,1,1,1,1,1,1,1,1,0,1,1,1,1,1,1,1,1,1,0,1,
3,0,0,0,0,0,0,0,0,0,0,0,0,0,0,0,0,0,0,0,0,
3,0,0,0,0,0,0,0,0,0,0,0,0,0,0,0,0,0,0,0,0,
3,0,0,0,1,0,0,0,0,0,0,0,0,1,0,0,0,0,0,0,1,
3,0,0,0,0,0,0,0,0,0,0,0,0,0,0,0,0,0,0,0,0,
3,0,0,0,0,0,0,0,0,0,0,0,0,0,0,0,0,0,0,0,0,
3,0,0,0,0,0,0,0,0,0,0,0,0,0,0,0,0,0,0,0,0,
3,0,0,0,0,0,0,0,0,0,0,0,0,0,0,0,0,0,0,0,0,
3,0,0,0,0,0,0,0,0,0,0,0,0,0,0,0,0,0,0,0,0,
3,0,0,0,0,0,0,0,0,0,0,0,0,1,0,0,0,0,0,0,0,
4,0,1,0,1,0,1,0,0,0,1,0,0,0,1,0,0,0,1,0,0,
3,0,0,0,0,0,0,0,0,0,0,0,0,0,0,0,0,0,0,0,0,
3,0,0,0,0,0,0,0,0,0,0,0,0,0,0,0,0,0,0,0,0,
3,0,0,0,1,0,0,0,0,0,0,0,0,0,0,0,0,0,0,0,0,
3,0,0,0,0,0,0,0,0,0,0,0,0,0,0,0,0,0,0,0,0,
3,0,0,0,1,0,0,0,0,0,0,0,0,0,0,0,0,0,0,0,1,
3,0,0,0,0,0,0,0,0,0,0,0,0,0,0,0,0,0,0,0,1,
3,0,0,0,1,0,0,0,1,0,0,0,0,0,0,0,0,0,0,0,1,
3,0,0,0,1,0,0,0,0,0,0,0,0,0,0,0,0,0,0,0,1,
2,0,0,0,1,0,0,0,1,0,0,0,0,0,0,0,0,0,0,0,1,
2,0,0,0,1,0,0,0,1,0,0,0,1,0,0,0,0,0,0,0,1,
2,0,0,0,1,0,1,0,1,0,0,0,1,0,0,0,0,0,0,0,1,
2,0,1,1,1,0,1,1,1,0,1,0,1,0,0,0,1,0,0,0,1,
2,0,1,1,1,1,1,1,1,0,1,1,1,0,0,1,1,0,0,0,1,
2,1,1,1,1,1,1,1,1,0,1,0,1,1,1,1,1,1,1,0,1,
2,1,1,0,1,1,1,0,1,0,1,0,1,1,1,0,1,1,1,0,1,
2,1,1,1,1,1,1,1,1,0,1,0,1,0,1,0,1,0,1,0,1,
2,1,1,1,1,1,1,1,1,0,1,0,1,1,1,1,1,0,1,0,1,
2,0,0,0,0,0,0,0,0,0,0,0,0,0,0,0,0,0,0,0,0,
2,0,0,0,0,0,0,0,0,0,0,0,0,0,0,0,0,0,0,0,0,
2,1,1,1,1,1,1,1,1,0,1,0,1,1,1,1,1,1,1,0,1,
25,1,1,1,1,1,1,1,1,0,1,0,1,1,23,1,1,0,24,0,1,
3,0,1,0,0,0,1,0,0,0,1,0,0,0,0,0,0,0,0,0,0,
2,1,1,1,1,1,1,1,1,0,1,1,1,1,1,1,1,1,1,1,1,
3,0,0,0,0,0,0,0,0,0,0,0,0,0,0,0,0,0,0,0,0,
3,0,0,0,0,0,0,0,0,0,0,0,0,0,0,0,0,0,0,0,0,
3,0,0,0,0,0,0,0,0,0,0,0,0,0,0,0,0,0,0,0,0,
3,0,0,0,1,0,0,0,0,0,0,0,0,0,0,0,0,0,0,0,0,
3,0,0,0,0,0,0,0,0,0,0,0,0,0,0,0,0,0,0,0,0,
3,0,0,0,0,0,0,0,0,0,0,0,0,0,0,0,0,0,0,0,0,
3,0,0,0,0,0,0,0,0,0,0,0,0,0,0,0,0,0,0,0,0,
3,0,0,0,1,0,0,0,0,0,0,0,0,0,0,0,0,0,0,0,0,
3,0,1,1,1,0,1,1,1,0,0,1,1,0,0,1,1,0,1,0,1,
3,0,1,1,1,0,1,1,1,0,0,1,1,0,0,1,1,0,0,0,1,
3,0,1,1,1,0,1,1,1,0,1,0,1,0,0,1,0,0,1,0,1,
3,0,0,0,1,0,0,0,0,0,0,0,0,0,0,0,0,0,0,0,1,
3,0,0,0,1,0,0,0,0,0,0,0,0,0,0,0,0,0,0,0,1,
3,0,0,0,1,0,0,0,1,0,0,0,0,0,0,0,0,0,0,0,1,
4,0,0,3,1,0,0,3,1,0,0,3,0,0,0,3,0,0,0,3,1,
2,0,0,0,1,0,0,0,1,0,0,0,1,0,0,0,0,0,0,0,1,
2,0,1,0,1,0,0,0,1,0,0,0,1,0,0,0,0,0,0,0,1,
2,0,1,0,1,0,0,0,1,0,1,0,1,0,0,0,0,0,0,0,1,
2,0,0,0,1,0,1,0,1,0,1,0,1,0,0,0,1,0,0,0,1,
2,0,0,1,1,0,1,0,1,0,1,0,1,0,0,0,1,0,0,0,1,
3,0,1,1,1,1,1,1,1,0,1,0,1,0,0,0,1,0,1,0,1,
32,30,30,0,30,30,29,1,29,29,29,0,29,30,29,0,29,30,29,0,30,
2,1,1,1,1,1,1,1,1,1,1,0,1,1,1,0,1,1,1,0,1,
2,0,1,1,1,1,1,1,1,0,1,0,1,0,1,1,1,0,1,0,1,
2,1,1,1,1,1,1,1,1,0,1,0,1,1,1,1,1,0,1,0,1,
2,1,1,1,1,1,1,1,1,0,1,0,1,0,1,0,1,0,1,0,1,
2,1,1,1,1,1,1,1,1,0,1,0,1,1,1,1,1,1,1,0,1,
2,1,1,1,1,1,1,1,1,0,1,1,1,1,1,1,1,1,1,0,1,
3,1,1,1,1,1,1,1,1,1,1,1,1,1,1,1,1,1,1,0,1,
3,0,0,0,0,0,0,0,0,0,0,0,0,0,0,0,0,0,0,0,0,
3,0,0,0,0,0,0,0,0,0,0,0,0,0,0,0,0,0,0,0,0,
2,0,0,0,0,0,0,0,0,0,0,0,0,0,0,0,0,0,0,0,0,
3,0,0,0,0,0,0,0,0,0,0,0,0,0,0,0,0,0,0,0,0,
3,0,0,0,0,0,0,0,0,0,0,0,0,0,0,0,0,0,0,0,0,
3,0,0,0,0,0,0,0,0,0,0,0,0,0,0,0,0,0,0,0,0,
4,0,0,0,0,0,0,0,0,0,0,0,0,0,0,0,0,0,0,0,0,
3,0,0,0,0,0,0,0,0,0,0,0,0,0,0,0,0,0,0,0,0,
4,0,0,0,0,0,0,0,0,0,0,0,0,0,0,0,0,0,0,0,0,
5,0,0,0,0,0,0,0,0,0,0,0,0,0,0,0,0,0,0,0,0,
5,3,3,0,3,3,3,0,3,2,3,0,3,3,3,0,3,2,3,0,3,
3,0,0,0,1,0,0,0,1,0,0,0,0,0,0,0,0,0,0,0,1,
3,0,0,0,1,0,0,0,0,0,0,0,0,0,0,0,0,0,0,0,1,
3,0,0,0,1,0,0,0,0,0,0,0,0,0,0,0,0,0,0,0,1,
3,0,0,0,1,0,0,0,0,0,0,0,0,0,0,0,0,0,0,0,1,
3,0,0,0,1,0,0,0,0,0,0,0,0,0,0,0,0,0,0,0,1,
2,0,0,0,1,0,0,0,0,0,0,0,0,0,0,0,0,0,0,0,1,
2,1,1,1,1,0,1,1,1,0,1,0,1,0,1,0,1,0,1,0,1,
3,1,1,1,1,1,1,1,1,0,1,1,1,1,1,1,1,0,1,0,1,
3,1,1,1,1,1,1,1,1,0,1,1,1,1,1,1,1,1,1,1,1,
2,1,1,1,1,0,1,1,1,0,1,1,1,0,1,1,1,0,1,1,1,
2,1,1,1,1,0,1,1,1,0,1,1,1,0,1,1,1,0,1,0,1,
2,1,1,1,1,1,1,1,1,0,1,1,1,0,1,1,1,0,1,1,1,
2,1,1,1,1,1,1,1,1,0,1,1,1,0,1,1,1,0,1,0,1,
2,1,1,1,1,1,1,1,1,0,1,0,1,0,1,0,1,0,1,0,1,
2,1,1,1,1,0,1,1,1,0,1,0,1,0,1,1,1,0,1,0,1,
2,1,1,1,1,1,1,1,1,0,1,0,1,0,1,0,1,1,1,0,1,
2,1,1,1,1,1,1,1,1,0,1,1,1,0,1,1,1,1,1,0,1,
2,1,1,1,1,1,1,1,1,0,1,1,1,1,1,1,1,1,1,1,1,
5,0,0,0,0,0,0,0,0,0,0,0,0,0,0,0,0,0,0,0,0,
3,0,0,0,0,0,0,0,0,0,0,0,0,0,0,0,0,0,0,0,0,
3,0,0,0,0,0,0,0,0,0,0,0,0,0,0,0,0,0,0,0,0,
2,0,0,0,0,0,0,0,0,0,0,0,0,0,0,0,0,0,0,0,0,
3,0,0,0,1,0,0,0,0,0,0,0,0,0,0,0,0,0,0,0,0,
4,0,0,0,1,0,2,0,0,0,0,0,0,0,0,0,0,0,1,0,0,
3,0,1,0,0,0,0,0,0,0,0,0,0,0,0,0,0,0,0,0,1,
3,0,0,0,1,0,0,0,0,0,0,0,0,0,0,0,0,0,0,0,1,
3,0,0,0,0,0,0,0,0,0,0,0,0,0,0,0,0,0,0,0,0,
3,0,0,0,1,0,0,0,0,0,0,0,0,0,0,0,0,0,0,0,1,
3,0,0,0,0,0,0,0,0,0,0,0,0,0,0,0,0,0,0,0,1,
3,0,0,0,1,1,0,0,0,0,0,0,0,0,0,0,0,0,0,0,1,
3,0,0,0,1,0,0,0,0,0,0,0,0,0,0,0,1,0,0,0,1,
3,0,0,0,1,0,0,1,1,0,1,0,1,0,0,0,1,0,0,0,1,
3,0,0,0,1,0,0,0,0,0,0,0,0,0,0,0,0,0,0,0,1,
4,0,1,2,1,0,1,2,0,0,1,0,1,0,0,0,1,2,0,0,1,
3,0,1,1,1,0,1,1,1,0,1,0,1,0,0,1,1,0,1,0,1,
2,0,0,0,1,1,0,0,0,0,0,0,1,0,0,0,1,0,0,0,1,
3,1,1,0,1,1,1,0,1,0,2,0,1,0,1,0,1,0,1,0,1,
2,0,1,0,1,1,1,0,1,0,1,0,1,0,0,0,1,0,1,0,1,
5,0,1,1,1,1,1,1,1,0,1,0,1,0,0,1,1,0,1,0,1,
2,0,1,1,1,0,1,1,1,0,1,0,1,0,0,1,1,0,0,0,1,
2,1,1,1,1,1,1,1,1,0,1,1,1,1,1,1,1,1,1,1,1,
2,1,1,1,1,1,1,1,1,0,1,1,1,1,1,1,1,0,1,1,1,
2,0,1,1,1,0,1,1,1,0,1,0,1,0,0,1,1,0,1,0,1,
2,0,1,1,1,0,1,1,1,0,1,0,1,0,0,1,1,0,1,0,1,
4,1,1,1,1,1,1,1,1,0,1,1,1,1,1,1,1,1,1,0,1,
3,0,0,0,0,0,0,0,0,0,0,0,0,0,0,0,0,0,0,0,0,
3,0,0,0,0,0,0,0,0,0,0,0,0,0,0,0,0,0,0,0,0,
2,1,1,1,1,1,1,1,1,0,1,1,1,1,1,1,1,1,1,0,1,
3,0,0,0,1,0,0,0,0,0,0,0,0,0,0,0,0,0,0,0,1,
3,0,0,0,0,0,0,0,0,0,0,0,0,0,0,0,0,0,0,0,0,
3,0,0,0,0,0,0,0,0,0,0,0,0,0,0,0,0,0,0,0,0,
2,0,0,0,0,0,0,0,0,0,0,0,0,0,0,0,0,0,0,0,0,
3,0,0,0,0,0,0,0,0,0,0,0,0,0,0,0,0,0,0,0,0,
6,0,0,3,0,0,0,3,0,0,0,3,0,0,0,3,0,0,0,3,0,
3,0,0,0,0,0,0,0,0,0,0,0,0,0,0,0,0,0,0,0,0,
3,0,0,0,0,0,0,0,0,0,0,0,0,0,0,0,0,0,0,0,0,
3,0,0,0,0,0,0,0,0,0,0,0,0,0,0,0,0,0,0,0,0,
3,0,0,0,0,0,0,0,0,0,0,0,0,0,0,0,0,0,0,0,0,
3,0,0,0,0,0,0,0,0,0,0,0,0,0,0,0,0,0,0,0,0,
4,0,0,0,0,0,0,0,0,0,0,0,0,0,0,0,0,0,0,0,0,
3,0,0,0,0,0,0,0,0,0,0,0,0,0,0,0,0,0,0,0,0,
3,0,0,0,0,0,0,0,0,0,0,0,0,0,0,0,0,0,0,0,1,
3,0,0,0,0,0,0,0,0,0,0,0,0,0,0,0,1,0,0,0,1,
3,0,0,0,1,0,0,0,0,0,0,0,0,0,0,0,1,0,0,0,1,
3,0,0,0,1,0,0,0,0,0,0,0,0,0,0,0,1,0,0,0,1,
3,0,1,0,1,1,0,0,1,0,0,0,1,0,0,0,1,0,0,0,1,
2,1,1,0,1,1,1,0,1,0,0,0,1,1,0,0,1,1,0,0,1,
3,0,1,0,1,1,0,0,1,0,0,0,1,0,0,0,1,0,0,0,1,
2,1,1,1,1,1,1,1,1,0,1,0,0,0,0,0,1,1,0,0,1,
2,0,1,1,1,0,0,1,1,0,0,0,1,0,0,0,1,0,1,0,1,
2,0,1,1,1,0,1,1,1,0,0,0,1,0,0,0,1,0,0,0,1,
2,0,1,1,1,0,1,1,1,0,0,0,0,0,0,0,1,0,0,0,1,
2,0,1,0,1,0,1,1,1,0,1,0,1,0,0,1,1,0,1,0,1,
2,0,1,1,1,0,1,1,1,0,1,0,1,0,0,1,1,0,1,0,1,
2,0,1,1,1,0,1,1,1,0,1,0,1,0,0,1,1,0,1,0,1,
2,0,1,1,1,0,1,1,1,0,1,0,1,0,0,1,1,0,1,0,1,
4,1,1,1,1,1,1,1,1,0,1,0,1,0,0,1,1,0,1,0,1,
2,1,1,1,1,1,1,1,1,0,1,0,1,0,1,1,1,0,1,0,1,
6,3,3,0,3,3,3,1,3,2,3,0,3,3,3,0,3,3,3,0,3,
3,0,0,0,0,0,0,0,0,0,0,0,0,0,0,0,0,0,0,0,0,
2,0,0,0,0,0,0,0,0,0,0,0,0,0,0,0,0,0,0,0,0,
2,0,0,0,0,0,0,0,0,0,0,0,0,0,0,0,0,0,0,0,0,
2,0,0,0,0,0,0,0,0,0,0,0,0,0,0,0,0,0,0,0,0,
2,0,0,0,0,0,0,0,0,0,0,0,0,0,0,0,0,0,0,0,0,
2,0,0,0,0,0,0,0,0,0,0,0,0,0,0,0,0,0,0,0,0,
5,0,0,0,0,0,0,0,0,0,0,0,0,0,0,0,0,0,0,0,0,
3,0,0,0,0,0,0,0,0,0,0,0,0,0,0,0,0,0,0,0,1,
3,0,1,0,1,0,0,0,0,0,0,0,0,0,0,0,0,0,1,0,1,
3,0,0,0,0,0,0,0,0,0,0,0,0,0,0,0,0,0,0,0,0,
3,0,0,1,0,0,0,0,0,0,0,0,0,0,0,1,0,0,0,0,0,
4,0,1,0,1,0,0,0,1,0,0,0,1,0,0,0,1,0,0,0,1,
3,0,0,0,0,0,0,0,0,0,0,0,0,0,0,0,0,0,0,0,1,
3,0,0,0,1,0,0,0,1,0,0,0,0,0,0,0,0,0,0,0,1,
3,0,0,0,0,0,0,0,0,0,0,0,0,0,0,0,0,0,0,0,1,
3,0,0,0,1,0,0,0,1,0,0,0,0,0,0,0,0,0,0,0,1,
3,0,0,0,1,0,0,0,1,0,0,0,0,0,0,0,0,0,0,0,1,
4,0,1,0,1,0,0,0,1,0,0,0,1,0,0,0,0,0,0,0,1,
2,0,0,0,1,0,0,0,1,0,0,0,0,0,0,0,0,0,0,0,1,
2,0,1,0,1,0,0,0,1,0,0,0,1,0,0,0,0,0,0,0,1,
2,0,1,0,1,0,0,0,1,0,0,0,1,0,0,0,0,0,0,0,1,
3,0,1,1,1,0,2,1,1,0,0,0,1,0,0,0,0,0,1,0,1,
2,1,1,1,1,1,1,1,1,0,1,1,1,1,1,1,1,1,1,0,1,
2,1,1,1,1,1,1,1,1,0,1,0,1,1,1,1,1,1,1,0,1,
2,1,1,1,1,1,1,1,1,0,1,0,1,1,1,1,1,1,1,0,1,
2,1,1,1,1,1,1,1,1,0,1,0,1,0,1,1,1,0,1,0,1,
2,1,1,1,1,1,1,1,1,0,1,0,1,1,1,1,1,1,1,0,1,
2,1,1,1,1,1,1,1,1,0,1,1,1,1,1,1,1,1,1,1,1,
2,0,0,0,0,0,0,0,0,0,0,0,0,0,0,0,0,0,0,0,0,
3,0,0,0,0,1,0,0,0,0,0,0,0,0,0,0,0,0,0,0,0,
2,0,0,0,0,0,0,0,0,0,0,0,0,0,0,0,0,0,0,0,0,
2,0,0,0,0,0,0,0,0,0,0,0,0,0,0,0,0,0,0,0,0,
2,0,0,0,0,0,0,0,0,0,0,0,0,0,0,0,0,0,0,0,0,
5,1,1,1,1,1,0,1,1,1,1,1,1,0,1,1,1,1,0,1,1,
5,1,1,1,1,1,1,1,1,0,1,0,1,0,1,1,1,0,1,0,1,
4,0,0,0,1,0,0,0,1,0,0,0,1,0,0,0,1,0,0,0,1,
2,0,0,0,0,0,0,0,0,0,0,0,0,0,0,0,0,0,0,0,0,
2,0,0,0,0,0,0,0,0,0,0,0,0,0,0,0,0,0,0,0,0,
3,0,0,0,0,0,0,0,0,0,0,0,0,0,0,0,0,0,0,0,0,
3,0,0,0,0,0,0,0,0,0,0,0,0,0,0,0,0,0,0,0,0,
3,0,0,0,0,0,0,0,0,0,0,0,0,0,0,0,0,0,0,0,0,
3,0,0,0,0,0,0,0,0,0,0,0,0,0,0,0,0,0,0,0,1,
3,0,0,0,0,0,0,0,0,0,0,0,0,0,0,0,0,0,0,0,1,
3,0,0,0,0,0,0,0,0,0,0,0,0,0,0,0,0,0,0,0,1,
4,0,0,1,1,0,2,1,0,0,2,0,0,0,0,1,0,0,0,0,1,
3,1,1,1,1,1,1,1,1,0,1,0,1,1,1,1,1,1,1,0,1,
2,0,1,1,1,0,1,1,1,0,1,0,0,0,0,1,0,0,1,0,1,
4,0,0,1,2,0,1,1,2,0,1,0,0,0,0,1,0,0,1,0,2,
2,0,1,0,1,0,1,0,0,0,0,0,1,0,0,0,0,0,0,0,1,
2,0,1,0,1,0,1,1,1,0,0,0,1,0,0,0,0,0,1,0,1,
2,0,1,0,1,0,1,0,1,0,0,0,0,0,0,0,0,0,1,0,1,
2,1,1,0,1,0,1,0,1,0,1,0,1,0,0,0,1,0,1,0,1,
2,0,1,0,1,0,1,1,1,0,1,0,1,0,0,0,0,0,1,0,1,
2,0,1,0,1,0,1,0,1,0,1,0,1,0,0,0,0,0,1,0,1,
2,0,1,0,1,1,1,1,1,0,1,0,1,0,0,1,1,0,1,0,1,
4,0,1,1,1,0,1,1,1,0,1,0,1,0,1,1,1,0,1,0,1,
2,0,1,1,1,1,1,1,1,0,1,0,1,0,1,1,1,0,1,0,1,
2,1,1,1,1,1,1,1,1,0,1,0,1,0,1,1,1,0,1,0,1,
2,1,1,1,1,1,1,1,1,0,1,1,1,1,1,1,1,1,1,1,1,
4,1,0,0,0,1,0,0,0,0,0,0,0,1,0,0,0,0,0,0,0,
3,0,0,0,0,0,0,0,0,0,0,0,0,0,0,0,0,0,0,0,0,
3,0,0,0,0,0,0,0,0,0,0,0,0,0,0,0,0,0,0,0,0,
2,0,0,0,0,0,0,0,0,0,0,0,0,0,0,0,0,0,0,0,0,
2,0,0,0,0,0,0,0,0,0,0,0,0,0,0,0,0,0,0,0,0,
7,0,3,3,0,3,3,3,0,0,4,0,0,0,3,3,0,4,3,0,4,
4,0,1,1,0,0,1,1,0,0,1,0,0,0,0,0,0,1,1,0,1,
4,1,1,1,1,1,2,2,1,0,2,1,1,1,1,1,1,1,1,1,1,
3,0,0,0,0,0,1,1,0,0,0,0,0,0,0,1,0,0,0,0,1,
4,0,0,0,0,0,0,0,0,0,0,0,0,0,0,0,0,0,0,0,0,
3,0,0,0,0,0,0,0,0,0,0,0,0,0,0,0,0,0,0,0,0,
3,0,0,0,0,0,0,0,0,0,0,0,0,0,0,0,0,0,0,0,0,
3,1,1,1,1,1,1,1,1,0,1,1,1,1,1,1,1,1,1,0,1,
3,0,0,1,0,0,0,1,0,0,0,0,0,0,0,0,0,0,0,0,0,
4,0,0,0,0,0,0,1,0,0,0,1,0,0,0,1,0,0,0,0,1,
3,1,1,1,1,1,1,1,1,0,1,1,1,1,1,1,1,1,1,1,1,
3,0,1,1,1,0,1,1,0,0,0,0,1,0,0,0,0,0,0,0,1,
2,0,0,0,0,0,0,0,0,0,0,0,0,0,0,0,0,0,0,0,1,
2,0,1,0,1,0,1,0,0,0,1,0,1,0,0,0,0,0,0,0,1,
2,0,1,1,1,0,1,1,1,0,1,0,1,0,0,1,0,0,1,0,1,
4,0,0,2,1,0,0,2,0,0,0,1,0,0,0,2,0,0,0,1,1,
2,1,1,1,1,1,1,1,1,0,1,1,1,1,1,1,1,1,1,1,1,
2,1,1,1,1,0,1,1,1,0,1,0,1,0,1,1,1,1,1,0,1,
3,0,0,1,1,0,1,1,0,0,0,0,1,0,0,1,0,0,0,0,1,
3,0,0,0,0,0,0,0,0,0,0,0,0,0,0,0,0,0,0,0,0,
4,1,1,1,1,0,2,1,1,0,1,0,1,0,1,1,1,1,1,1,1,
13,1,1,7,2,0,1,7,2,0,7,1,2,0,1,7,2,0,1,1,2,
13,0,1,2,2,0,1,5,2,0,2,0,2,0,0,1,2,0,2,0,3,
8,2,1,2,2,2,2,2,2,0,1,1,2,1,1,2,2,1,1,1,2,
5,1,2,1,1,1,1,1,1,0,1,1,1,1,1,1,1,1,1,1,1,
6,0,2,3,1,0,2,2,1,0,3,0,1,0,3,0,1,0,2,0,1,
4,0,1,0,1,0,1,0,1,0,0,0,1,0,0,0,1,0,1,0,1,
4,0,0,0,1,0,1,0,1,0,0,0,1,0,0,0,1,0,0,0,1,
6,0,0,0,0,0,1,0,0,0,0,0,0,0,0,0,0,0,1,0,1,
4,0,0,0,0,0,0,0,0,0,0,0,0,0,0,0,0,0,0,0,0,
4,0,0,0,0,0,0,0,0,0,0,0,0,0,0,0,0,0,0,0,0,
4,0,0,0,0,0,0,0,0,0,0,0,0,0,0,0,0,0,0,0,0,
8,0,0,0,0,0,1,0,4,0,0,0,0,0,0,0,0,0,1,0,4,
3,1,1,1,1,1,1,1,1,0,1,1,1,0,1,1,1,1,1,1,1,
5,3,3,1,3,3,3,1,3,2,3,0,3,2,3,1,3,2,3,0,3,
7,0,0,0,0,0,0,0,0,0,0,0,0,0,0,0,0,0,0,0,4,
3,0,0,0,0,0,0,0,0,0,0,0,0,0,0,0,0,0,0,0,0,
3,0,0,0,0,0,0,0,0,0,0,0,0,0,0,0,0,0,0,0,1,
3,0,1,0,0,0,1,1,0,0,1,0,0,0,1,0,0,0,1,0,1,
3,0,0,0,0,0,1,0,0,0,0,0,0,0,0,0,0,0,0,0,0,
3,0,1,1,1,0,1,1,1,0,1,1,1,0,1,0,0,0,1,0,1,
3,1,1,1,1,1,1,1,1,0,1,1,1,1,1,0,1,1,1,0,1,
4,1,1,1,1,1,1,1,1,0,1,1,1,1,1,1,1,1,1,1,1,
3,0,0,1,1,1,1,0,1,0,1,1,1,0,1,1,1,1,0,1,1,
4,0,0,0,0,0,0,0,0,0,0,0,0,0,0,0,0,0,0,0,0,
2,1,1,1,1,1,1,1,1,0,1,1,1,1,1,1,1,1,1,0,1,
5,3,4,1,4,3,4,1,3,3,4,0,3,3,3,0,3,3,4,0,3,
2,1,1,0,1,0,1,1,1,0,1,0,1,0,1,0,0,0,1,0,1,
2,1,1,1,1,1,1,1,1,0,1,0,1,0,1,1,1,0,1,0,1,
2,1,1,1,1,0,1,1,1,0,1,0,1,0,1,0,0,0,1,0,1,
2,1,1,1,1,1,1,1,1,0,1,1,1,1,1,1,1,1,1,0,1,
2,1,1,1,1,0,1,1,1,0,1,0,1,0,1,0,1,0,1,0,1,
2,1,1,1,1,1,1,1,1,0,1,1,1,1,1,1,1,1,1,1,1,
2,1,1,1,1,1,1,1,1,0,1,1,1,1,1,1,1,1,1,0,1,
2,1,1,1,1,1,1,1,1,0,1,1,1,1,1,1,1,1,1,0,1,
2,0,0,0,0,0,0,0,0,0,0,0,0,0,0,0,0,0,0,0,0,
2,1,1,1,1,1,1,1,1,0,1,1,1,1,1,1,1,1,1,0,1,
2,0,0,0,0,0,0,0,0,0,0,0,0,0,0,0,0,0,0,0,0,
3,0,0,0,0,0,0,0,0,0,0,0,0,0,0,0,0,0,0,0,0,
3,0,1,0,0,0,1,0,0,0,1,0,0,0,0,0,0,0,1,0,0,
3,0,0,0,0,0,1,0,0,0,0,0,0,0,0,0,0,0,0,0,0,
2,0,0,0,0,0,0,0,0,0,0,0,0,0,0,0,0,0,0,0,0,
3,0,0,0,0,0,0,1,0,0,0,0,0,0,0,0,0,0,0,0,0,
3,1,0,0,0,0,0,0,0,0,0,0,0,0,0,0,0,0,0,0,0,
5,0,1,1,1,0,1,1,1,0,1,0,1,0,0,1,0,0,1,0,1,
3,0,0,0,0,0,1,0,0,0,0,0,0,0,0,0,0,0,0,0,0,
2,0,0,0,0,0,0,0,0,0,0,0,0,0,0,0,0,0,0,0,0,
3,0,0,0,0,0,0,0,0,0,0,0,0,0,0,0,0,0,0,0,0,
2,0,0,0,0,0,0,0,0,0,0,0,0,0,0,0,0,0,0,0,0,
2,0,0,0,0,0,0,0,0,0,0,0,0,0,0,0,0,0,0,0,0,
3,0,0,0,0,0,0,0,0,0,0,0,0,0,0,0,0,0,0,0,1,
3,0,0,0,0,0,0,0,0,0,0,0,0,0,0,0,0,0,0,0,1,
3,0,0,0,0,0,0,0,0,0,0,0,0,0,0,0,0,0,0,0,1,
2,0,0,0,1,0,0,0,1,0,0,0,1,0,0,0,0,0,0,0,1,
2,0,1,1,1,0,1,0,0,0,1,0,0,0,0,0,0,0,0,0,1,
2,1,1,1,1,1,1,0,1,0,1,0,1,0,1,0,0,0,0,0,1,
2,0,1,1,1,0,1,1,1,0,1,0,1,0,0,0,1,0,0,0,1,
2,1,1,1,1,1,1,1,1,0,1,0,1,0,1,0,0,0,1,0,1,
2,1,1,1,1,1,1,1,1,0,1,0,1,0,0,0,0,0,1,0,1,
2,0,0,0,0,0,0,0,0,0,0,0,0,0,0,0,0,0,0,0,0,
5,0,0,0,0,0,0,0,0,0,0,0,0,0,0,0,0,0,0,0,0,
5,0,3,3,0,0,3,3,0,0,3,3,0,0,3,3,0,0,3,3,0,
2,1,1,1,1,1,1,1,1,1,1,0,1,1,1,1,1,1,1,0,1,
7,3,6,1,6,3,6,1,6,3,6,0,6,3,3,0,6,3,6,0,6,
2,1,1,1,1,1,1,1,1,1,1,1,1,1,1,1,1,1,1,0,1,
2,1,1,1,1,1,1,1,1,1,1,1,1,1,1,1,1,1,1,0,1,
2,0,0,0,0,0,0,0,0,0,0,0,0,0,0,0,0,0,0,0,0,
2,0,0,0,0,0,0,0,0,0,0,0,0,0,0,0,0,0,0,0,0,
2,0,0,0,0,0,0,0,0,0,0,0,0,0,0,0,0,0,0,0,0,
2,0,0,0,0,0,0,0,0,0,0,0,0,0,0,0,0,0,0,0,0,
2,0,0,0,0,0,0,0,0,0,0,0,0,0,0,0,0,0,0,0,0,
2,0,0,0,0,0,0,0,0,0,0,0,0,0,0,0,0,0,0,0,0,
3,0,0,1,0,0,0,1,0,0,0,0,0,0,0,0,0,0,0,0,0,
2,0,0,0,0,0,0,0,0,0,0,0,0,0,0,0,0,0,0,0,0,
2,0,0,0,0,0,0,0,0,0,0,0,0,0,0,0,0,0,0,0,0,
3,0,0,0,0,0,0,0,0,0,0,0,0,0,0,0,0,0,0,0,0,
5,0,3,0,3,0,3,0,3,0,3,0,3,0,3,0,0,0,0,0,3,
3,0,1,0,1,0,1,0,1,0,1,0,1,0,0,0,0,0,1,0,1,
3,0,0,0,1,0,0,0,0,0,0,0,0,0,0,0,0,0,0,0,1,
3,0,0,0,0,0,0,0,0,0,0,0,0,0,0,0,0,0,0,0,1,
3,0,0,0,0,0,1,0,0,0,0,0,0,0,0,0,0,0,0,0,0,
4,0,0,0,0,0,0,0,0,0,0,0,0,0,0,0,0,0,0,0,0,
4,0,0,0,0,0,0,1,0,0,0,0,0,0,0,0,0,0,0,0,0,
2,0,1,0,1,0,1,1,1,0,1,0,1,0,1,0,0,0,1,0,1,
2,0,1,0,0,0,1,0,0,0,0,0,0,0,0,0,0,0,0,0,0,
2,0,1,0,1,0,1,0,1,0,1,0,1,0,0,0,0,0,0,0,1,
2,0,1,0,1,0,1,0,0,0,1,0,1,0,0,0,0,0,0,0,1,
2,0,1,0,1,0,1,0,0,0,1,0,1,0,0,0,0,0,0,0,1,
2,0,1,1,1,0,1,0,1,0,1,0,1,0,1,0,0,0,1,0,1,
2,1,1,0,1,1,1,1,1,0,1,0,1,0,1,0,0,0,1,0,1,
2,1,1,1,1,1,1,0,1,0,1,0,1,0,1,0,0,0,1,0,1,
2,1,1,1,1,1,1,1,1,0,1,1,1,0,1,1,1,1,1,0,1,
2,1,1,1,1,1,1,1,1,0,1,0,1,1,1,1,1,1,1,0,1,
2,1,1,1,1,1,1,1,1,0,1,0,1,0,1,1,1,1,1,0,1,
2,1,1,1,1,1,1,1,1,0,1,1,1,1,1,1,1,1,1,0,1,
2,1,1,1,1,1,1,1,1,0,1,1,1,1,1,1,1,1,1,0,1,
2,0,0,0,0,0,0,0,0,0,0,0,0,0,0,0,0,0,0,0,0,
2,0,0,0,0,0,0,0,0,0,0,0,0,0,0,0,0,0,0,0,0,
4,0,0,0,0,0,0,0,0,0,0,0,0,0,0,0,0,0,0,0,0,
2,0,0,0,0,0,0,0,0,0,0,0,0,0,0,0,0,0,0,0,0,
4,2,2,0,2,2,2,0,2,2,2,0,2,2,2,0,2,2,2,0,2,
2,0,0,0,0,0,0,0,0,0,0,0,0,0,0,0,0,0,0,0,0,
2,0,0,0,0,0,0,0,0,0,0,0,0,0,0,0,0,0,0,0,0,
2,0,0,0,0,0,0,0,0,0,0,0,0,0,0,0,0,0,0,0,0,
2,0,0,0,0,0,0,0,0,0,0,0,0,0,0,0,0,0,0,0,0,
2,0,0,0,0,0,0,0,0,0,0,0,0,0,0,0,0,0,0,0,0,
2,0,0,0,0,0,0,0,0,0,0,0,0,0,0,0,0,0,0,0,0,
2,0,0,0,0,0,0,0,0,0,0,0,0,0,0,0,0,0,0,0,0,
2,0,0,0,0,0,0,0,0,0,0,0,0,0,0,0,0,0,0,0,0,
2,0,0,0,0,0,0,0,0,0,0,0,0,0,0,0,0,0,0,0,0,
2,0,0,0,0,0,0,0,0,0,0,0,0,0,0,0,0,0,0,0,0,
2,0,0,0,0,0,0,0,0,0,0,0,0,0,0,0,0,0,0,0,0,
3,1,1,1,1,1,1,1,1,0,1,0,1,0,1,1,1,0,1,0,1,
1,0,0,0,0,0,0,0,0,0,0,0,0,0,0,0,0,0,0,0,0,
25,0,0,23,0,0,1,24,0,0,0,0,0,0,0,23,0,0,0,23,1,
2,0,0,0,0,0,0,0,0,0,0,0,0,0,0,0,0,0,0,0,0,
2,1,1,0,1,0,1,1,1,0,1,0,1,1,1,0,0,0,0,0,1,
2,0,1,0,1,0,1,1,1,0,1,0,1,0,1,0,0,0,1,0,1,
3,0,0,0,0,0,0,0,0,0,0,0,0,0,0,0,0,0,0,0,0,
2,0,1,1,1,1,1,1,1,0,1,0,1,0,1,0,1,0,1,0,1,
2,1,1,1,1,1,1,1,1,0,1,1,1,1,1,1,1,0,1,0,1,
2,1,1,1,1,1,1,1,1,0,1,1,1,1,1,1,1,1,1,1,1,
2,1,1,1,1,1,1,1,1,0,1,0,1,1,1,1,1,0,1,0,1,
2,1,1,1,1,1,1,1,1,0,1,0,1,0,1,1,1,1,1,0,1,
2,1,1,1,1,1,1,1,1,0,1,0,1,1,1,1,1,1,1,0,1,
3,0,1,1,1,1,1,1,1,0,1,0,1,0,1,1,1,1,1,0,1,
2,0,0,0,0,0,0,0,0,0,0,0,0,0,0,0,0,0,0,0,0,
2,0,0,0,0,0,0,0,0,0,0,0,0,0,0,0,0,0,0,0,0,
2,0,0,0,0,0,0,0,0,0,0,0,0,0,0,0,0,0,0,0,0,
3,0,0,0,1,0,0,1,0,0,0,0,0,0,0,0,0,0,0,0,1,
8,5,5,1,0,0,5,5,0,0,5,1,0,0,5,5,0,0,1,0,5,
8,0,2,1,1,0,2,0,1,0,1,0,1,0,2,0,1,0,1,0,1,
4,0,1,0,1,0,1,0,1,0,1,0,1,0,1,0,0,0,0,0,1,
4,1,0,0,0,0,0,1,0,0,0,0,0,0,0,0,0,0,0,0,0,
4,0,0,0,1,0,0,0,1,0,0,0,0,0,0,0,0,0,0,0,1,
5,0,1,1,1,0,1,0,1,0,1,0,1,0,0,0,1,1,1,0,1,
4,1,1,1,1,1,1,0,1,1,1,0,1,1,1,0,1,1,1,0,1,
6,3,3,1,3,3,3,0,3,3,3,0,3,3,3,1,3,3,3,1,3,
3,0,1,1,1,0,1,1,1,0,0,1,1,0,0,1,1,0,0,1,1,
4,0,0,0,0,0,0,0,0,0,0,0,0,0,0,0,0,0,0,0,0,
3,0,0,0,0,0,0,0,0,0,0,0,0,0,0,0,0,0,0,0,0,
3,0,1,1,1,1,1,1,1,0,1,1,1,0,0,1,1,1,1,0,1,
4,1,1,1,1,1,1,1,1,1,1,0,1,1,1,1,1,1,1,1,1,
4,0,0,0,0,0,0,0,0,0,0,0,0,0,0,0,0,0,0,0,0,
2,0,1,1,1,1,1,1,1,0,1,1,1,0,1,1,1,0,1,1,1,
2,1,1,1,1,1,1,1,1,1,1,0,1,1,1,1,1,1,1,0,1,
2,0,0,0,0,0,0,0,0,0,0,0,0,0,0,0,0,0,0,0,0,
2,1,1,1,1,1,1,1,1,1,1,0,1,1,1,1,1,1,1,0,1,
3,0,1,0,0,1,1,0,0,0,1,0,1,0,1,0,0,0,0,0,0,
3,0,0,0,0,0,0,0,0,0,0,0,0,0,0,0,0,0,0,0,0,
3,0,1,0,1,0,0,0,0,0,0,0,1,0,0,0,0,0,0,0,1,
4,1,1,1,1,1,1,1,1,1,1,0,1,1,1,1,1,1,1,0,1,
3,1,1,0,0,1,0,0,0,0,0,0,1,0,0,1,0,1,0,0,0,
3,1,0,0,1,1,0,0,0,1,0,0,1,0,0,1,0,1,0,0,0,
3,1,1,1,0,1,0,0,0,0,1,1,1,1,0,1,0,1,0,0,0,
4,1,1,1,1,1,1,1,1,0,1,1,1,1,1,1,1,1,1,1,1,
2,0,0,0,0,0,0,0,0,0,0,0,0,0,0,0,0,0,0,0,0,
2,0,0,0,0,0,0,0,0,0,0,0,0,0,0,0,0,0,0,0,0,
5,0,0,0,0,0,0,0,0,0,0,0,0,0,0,0,0,0,0,0,0,
2,0,0,0,0,0,0,0,0,0,0,0,0,0,0,0,0,0,0,0,0,
2,0,0,0,0,0,0,0,0,0,0,0,0,0,0,0,0,0,0,0,0,
2,0,0,0,0,0,0,0,0,0,0,0,0,0,0,0,0,0,0,0,0,
2,0,0,0,0,0,0,0,0,0,0,0,0,0,0,0,0,0,0,0,0,
2,0,0,0,0,0,0,0,0,0,0,0,0,0,0,0,0,0,0,0,0,
2,0,0,0,0,0,0,0,0,0,0,0,0,0,0,0,0,0,0,0,0,
2,0,0,0,0,0,0,0,0,0,0,0,0,0,0,0,0,0,0,0,0,
3,0,1,1,0,0,0,0,0,0,1,0,0,0,0,1,0,0,0,0,0,
3,0,1,0,0,0,0,1,0,0,1,0,0,0,1,1,0,0,1,0,0,
3,0,0,0,0,0,0,0,0,0,1,0,0,0,0,0,0,0,0,0,0,
3,0,1,0,0,0,1,1,0,1,1,0,0,0,0,0,0,0,1,0,0,
3,0,1,1,0,0,0,0,0,0,1,1,0,0,0,1,0,0,0,0,0,
6,0,0,0,0,0,0,0,0,0,0,0,0,0,0,0,0,0,0,0,0,
6,0,1,1,0,0,1,1,0,0,1,0,0,0,1,1,0,0,0,0,0,
3,1,1,1,1,1,1,1,1,0,1,1,1,0,1,1,0,0,1,1,1,
4,3,1,1,1,3,1,1,0,0,1,1,1,3,0,1,0,3,1,0,1,
2,1,1,1,1,1,1,1,1,0,1,1,1,0,1,1,1,0,1,0,1,
2,0,0,0,0,0,0,0,0,0,0,0,0,0,0,0,0,0,0,0,0,
5,0,0,0,3,0,0,0,3,0,0,0,3,0,0,0,3,0,0,0,3,
2,1,1,1,1,1,1,1,1,0,1,0,1,0,1,1,1,1,1,0,1,
2,1,1,1,1,1,1,1,1,0,1,1,1,1,1,1,1,1,1,1,1,
2,1,1,1,1,1,1,1,1,0,1,1,1,1,1,1,1,1,1,0,1,
2,1,1,1,1,1,1,1,1,0,1,0,1,1,1,1,1,1,1,0,1,
2,1,1,1,1,1,1,1,1,0,1,1,1,1,1,1,1,1,1,0,1,
3,1,1,1,1,1,1,1,1,0,1,1,1,1,1,1,1,1,1,1,1,
2,1,1,1,1,1,1,1,1,0,1,1,1,1,1,1,1,1,1,1,1,
2,0,0,0,0,0,0,0,0,0,0,0,0,0,0,0,0,0,0,0,0,
4,0,0,0,1,0,0,0,0,0,0,0,1,0,0,0,0,0,0,0,1,
2,0,0,0,0,0,0,0,0,0,0,0,0,0,0,0,0,0,0,0,0,
2,0,0,0,0,0,0,0,0,0,0,0,0,0,0,0,0,0,0,0,0,
2,0,0,0,0,0,0,0,0,0,0,0,0,0,0,0,0,0,0,0,0,
2,0,0,0,0,0,0,0,0,0,0,0,0,0,0,0,0,0,0,0,0,
2,0,0,0,0,0,0,0,0,0,0,0,0,0,0,0,0,0,0,0,0,
5,1,1,1,1,1,1,1,1,0,1,1,1,1,1,1,1,1,1,1,1,
2,0,0,0,0,0,0,0,0,0,0,0,0,0,0,0,0,0,0,0,0,
2,0,0,0,0,0,0,0,0,0,0,0,0,0,0,0,0,0,0,0,0,
2,0,0,0,0,0,0,0,0,0,0,0,0,0,0,0,0,0,0,0,0,
4,0,0,0,1,0,0,0,2,0,0,0,1,0,0,0,0,0,0,0,1,
4,1,1,1,1,1,1,1,1,0,1,1,1,0,1,1,1,1,1,1,2,
3,1,1,1,1,1,1,1,1,0,1,1,1,1,1,1,1,1,1,1,1,
4,1,1,2,1,1,1,2,1,0,1,1,1,0,1,2,1,0,1,1,1,
2,0,0,0,0,0,0,0,0,0,0,0,0,0,0,0,0,0,0,0,0,
2,0,0,0,0,0,0,0,0,0,0,0,0,0,0,0,0,0,0,0,0,
2,0,0,0,0,0,0,0,0,0,0,0,0,0,0,0,0,0,0,0,0,
2,0,0,0,0,0,0,0,0,0,0,0,0,0,0,0,0,0,0,0,0,
1,0,0,0,0,0,0,1,0,0,0,0,0,0,0,0,0,0,0,0,0,
2,0,1,1,1,0,1,0,1,0,1,0,0,0,1,1,0,0,0,0,1,
2,1,1,1,1,1,1,1,1,0,1,0,1,0,1,1,1,1,1,0,1,
3,0,0,0,0,0,0,0,0,0,0,0,0,0,0,0,0,0,0,0,0,
7,0,0,0,1,0,0,0,0,0,0,0,0,0,0,0,0,0,0,0,1,
5,0,0,0,0,0,0,0,0,0,0,0,0,0,0,0,0,0,0,0,0,
2,1,1,1,1,1,1,1,1,0,1,1,1,1,1,1,1,1,1,0,1,
5,4,4,1,4,4,4,1,4,3,4,0,4,4,4,1,4,4,4,0,4,
2,1,1,1,1,1,1,1,1,0,1,0,1,1,1,1,1,1,1,0,1,
2,1,1,1,1,1,1,1,1,0,1,0,1,1,1,1,1,1,1,0,1,
2,1,1,1,1,1,1,1,1,0,1,0,1,0,1,1,1,1,1,0,1,
3,1,1,1,1,1,1,1,1,1,1,1,1,1,1,1,1,1,1,0,1,
3,2,1,1,1,2,1,1,1,1,1,1,1,1,1,1,1,1,1,0,1,
3,1,0,0,1,1,0,0,1,0,0,0,1,0,0,0,0,1,0,0,1,
3,1,1,1,1,1,1,1,1,0,1,1,1,1,1,1,1,1,1,0,1,
3,0,1,1,1,0,1,1,1,0,0,1,1,0,0,1,1,0,1,1,1,
3,0,0,1,0,0,0,1,0,0,0,1,0,0,0,1,0,0,0,0,0,
2,0,0,0,0,0,0,0,0,0,0,0,0,0,0,0,0,0,0,0,0,
2,0,0,0,0,0,0,0,0,0,0,0,0,0,0,0,0,0,0,0,0,
3,0,0,0,0,0,0,0,0,0,0,0,0,0,0,0,0,0,0,0,0,
2,0,0,0,0,0,0,0,0,0,0,0,0,0,0,0,0,0,0,0,0,
2,0,0,0,0,0,0,0,0,0,0,0,0,0,0,0,0,0,0,0,0,
2,0,0,0,0,0,0,0,0,0,0,0,0,0,0,0,0,0,0,0,0,
3,0,0,0,0,0,0,0,0,0,0,0,0,0,0,0,0,0,0,0,0,
3,1,1,0,1,1,1,0,0,0,0,0,0,0,0,0,0,1,1,0,1,
4,0,0,0,0,0,1,0,0,0,0,0,0,0,0,0,0,0,0,0,0,
2,0,0,0,0,0,0,0,0,0,0,0,0,0,0,0,0,0,0,0,0,
2,0,0,0,0,0,0,0,0,0,0,0,0,0,0,0,0,0,0,0,0,
3,0,1,1,1,1,1,1,1,0,1,0,1,0,1,0,1,1,1,0,1,
2,0,0,0,0,0,0,0,0,0,0,0,0,0,0,0,0,0,0,0,0,
2,0,1,0,0,0,1,0,0,0,1,0,0,0,0,0,0,0,1,0,1,
3,0,1,0,0,0,1,0,0,0,1,0,0,0,1,0,0,0,1,0,0,
4,0,1,0,0,0,2,0,0,0,2,0,0,0,1,0,0,0,1,0,0,
2,0,0,0,0,0,0,0,0,0,0,0,0,0,0,0,0,0,0,0,0,
3,1,0,0,0,0,0,0,0,0,0,0,0,0,0,0,0,1,0,0,0,
24,1,1,1,1,2,1,1,1,1,1,0,22,1,1,1,1,1,1,0,1,
2,1,1,1,1,1,1,1,1,0,1,1,1,1,1,1,1,1,1,0,1,
2,1,1,1,1,1,1,1,1,0,1,1,1,0,1,1,1,1,1,1,1,
23,1,1,1,1,1,1,1,1,0,1,0,1,0,1,1,1,1,1,0,22,
2,0,0,0,0,0,0,0,0,0,0,0,0,0,0,0,0,0,0,0,0,
2,1,1,1,1,1,1,1,1,0,1,0,1,1,1,1,1,1,1,0,1,
5,0,0,0,0,0,0,0,0,0,0,0,0,0,0,0,0,0,0,0,0,
7,1,4,1,1,1,5,1,1,0,4,0,1,0,4,1,1,1,4,0,1,
3,0,1,0,0,0,0,0,0,0,0,1,0,0,0,0,0,0,0,0,0,
5,0,0,0,0,0,0,0,0,0,0,0,0,0,0,0,0,0,0,0,0,
2,0,0,0,0,0,0,0,0,0,0,0,0,0,0,0,0,0,0,0,0,
4,0,1,0,1,1,1,1,1,0,1,0,1,0,0,0,0,0,1,0,1,
2,0,0,0,0,0,0,0,0,0,0,0,0,0,0,0,0,0,0,0,0,
2,0,0,0,0,0,0,0,0,0,0,0,0,0,0,0,0,0,0,0,0,
2,0,0,0,0,0,0,0,0,0,0,0,0,0,0,0,0,0,0,0,0,
2,0,0,0,0,0,0,0,0,0,0,0,0,0,0,0,0,0,0,0,0,
2,0,0,0,0,0,0,0,0,0,0,0,0,0,0,0,0,0,0,0,0,
3,0,1,0,0,1,1,1,0,0,1,0,1,0,1,0,0,0,1,0,1,
4,0,1,0,0,0,1,0,0,0,1,0,0,0,0,0,0,0,1,0,0,
9,3,4,0,3,4,3,4,3,0,3,0,3,0,4,3,0,3,3,4,3,
7,0,0,0,0,0,0,0,0,0,0,0,3,0,0,0,0,0,0,0,3,
5,0,0,0,0,0,0,0,0,0,0,0,0,0,0,0,0,0,0,0,0,
7,0,0,4,0,4,4,4,0,0,4,0,0,0,0,0,0,0,0,0,0,
4,0,0,0,0,0,0,0,0,0,0,0,0,0,0,0,0,0,0,0,1,
4,1,1,1,1,1,1,1,1,0,1,1,1,1,1,1,1,0,1,1,1,
3,0,0,0,0,0,0,0,0,0,0,0,0,0,0,0,0,0,0,0,0,
3,0,0,0,0,0,0,0,0,0,0,0,1,0,0,0,0,0,0,0,0,
5,0,0,1,0,0,0,1,0,0,0,0,1,0,0,0,0,0,0,0,0,
3,0,0,0,1,0,0,0,0,0,0,0,1,0,0,0,0,0,0,0,1,
6,0,0,0,1,0,1,0,0,0,0,0,0,0,0,1,0,0,0,0,1,
6,1,1,1,1,1,1,1,1,4,1,1,1,1,2,1,1,1,1,0,1,
3,1,1,1,1,1,1,1,1,0,1,0,1,1,1,1,1,0,1,0,1,
2,1,1,1,1,1,1,1,1,1,1,0,1,1,1,0,1,1,1,0,1,
2,1,1,1,1,1,1,1,1,1,1,1,1,1,1,1,1,1,1,0,1,
2,0,0,0,0,0,0,0,0,0,0,0,0,0,0,0,0,0,0,0,0,
2,0,0,0,0,0,0,0,0,0,0,0,0,0,0,0,0,0,0,0,0,
2,0,0,0,0,0,0,0,0,0,0,0,0,0,0,0,0,0,0,0,0,
2,0,0,0,0,0,0,0,0,0,0,0,0,0,0,0,0,0,0,0,0,
2,0,0,0,0,0,0,0,0,0,0,0,0,0,0,0,0,0,0,0,0,
2,0,0,0,0,0,0,0,0,0,0,0,0,0,0,0,0,0,0,0,0,
2,0,0,0,0,0,0,0,0,0,0,0,0,0,0,0,0,0,0,0,0,
2,0,0,0,0,0,0,0,0,0,0,0,0,0,0,0,0,0,0,0,0,
2,0,0,0,0,0,0,0,0,0,0,0,0,0,0,0,0,0,0,0,0,
5,0,0,0,1,0,0,0,1,0,1,0,1,0,0,0,1,0,0,0,1,
5,0,3,0,0,0,3,0,0,0,3,0,0,0,3,0,0,0,3,0,0,
2,0,0,0,0,0,0,0,0,0,0,0,0,0,0,0,0,0,0,0,0,
5,3,0,0,0,3,0,0,0,3,0,0,0,3,0,0,0,3,0,0,0,
2,0,0,0,0,0,0,0,0,0,0,0,0,0,0,0,0,0,0,0,0,
2,0,0,0,0,0,0,0,0,0,0,0,0,0,0,0,0,0,0,0,0,
2,0,0,0,0,0,0,0,0,0,0,0,0,0,0,0,0,0,0,0,0,
2,0,0,0,0,0,0,0,0,0,0,0,0,0,0,0,0,0,0,0,1,
2,0,0,0,0,0,0,0,0,0,0,0,0,0,0,0,0,0,0,0,0,
2,0,0,0,0,0,0,0,0,0,0,0,0,0,0,0,0,0,0,0,1,
3,0,1,0,0,0,0,0,0,0,0,0,0,0,0,0,0,1,0,0,1,
3,0,1,0,1,0,1,0,1,0,0,0,1,0,0,0,0,0,0,0,1,
2,0,1,0,1,0,1,0,1,0,1,0,1,0,0,0,0,0,0,0,1,
2,0,1,0,1,0,1,0,1,0,1,0,1,0,0,0,0,1,0,0,1,
2,1,1,1,1,1,1,1,1,0,1,0,1,1,1,1,1,0,1,0,1,
3,0,0,0,0,0,0,0,0,0,0,0,0,0,0,0,0,0,0,0,0,
2,0,1,1,1,0,1,1,1,0,1,0,1,0,1,1,0,0,1,0,1,
4,0,3,3,3,3,3,3,3,0,3,0,3,3,3,3,3,0,3,0,3,
3,0,1,1,1,1,1,1,1,0,1,0,1,0,1,1,1,1,1,0,1,
2,1,1,1,1,1,1,1,1,0,1,0,1,0,1,1,1,1,1,0,1,
2,1,1,1,1,1,1,1,1,0,1,0,1,1,1,1,1,0,1,0,1,
4,0,0,0,0,0,0,0,0,0,0,0,0,0,0,0,0,0,0,0,0,
2,1,1,1,1,1,1,1,1,0,1,0,1,1,1,1,1,1,1,0,1,
2,1,1,1,1,1,1,1,1,0,1,1,1,1,1,1,1,1,1,0,1,
2,0,0,0,0,0,0,0,0,0,0,0,0,0,0,0,0,0,0,0,0,
2,0,0,0,0,0,0,0,0,0,0,0,0,0,0,0,0,0,0,0,0,
2,0,0,0,0,0,0,0,0,0,0,0,0,0,0,0,0,0,0,0,0,
2,0,0,0,0,0,0,0,0,0,0,0,0,0,0,0,0,0,0,0,0,
2,0,0,0,0,0,0,0,0,0,0,0,0,0,0,0,0,0,0,0,0,
2,0,0,0,0,0,0,0,0,0,0,0,0,0,0,0,0,0,0,0,0,
2,0,0,0,0,0,0,0,0,0,0,0,0,0,0,0,0,0,0,0,0,
2,0,0,0,0,0,0,0,0,0,0,0,0,0,0,0,0,0,0,0,0,
2,0,0,0,0,0,0,0,0,0,0,0,0,0,0,0,0,0,0,0,0,
3,0,1,0,1,0,1,0,1,0,1,0,0,0,0,0,0,0,1,0,1,
3,0,0,0,0,0,0,0,0,0,0,0,1,0,0,0,0,0,0,0,1,
2,0,0,0,1,0,0,0,0,0,0,0,0,0,0,0,0,0,0,0,0,
3,0,0,0,0,0,0,0,0,0,0,0,0,0,0,0,0,0,0,0,1,
5,0,0,0,1,0,0,0,1,0,1,0,1,0,0,0,1,1,0,0,1,
5,0,3,0,1,0,3,0,0,0,3,0,0,0,3,0,0,0,3,0,1,
3,0,1,0,1,0,0,0,1,0,0,0,0,0,0,0,0,0,0,0,1,
5,0,1,0,1,0,1,0,0,0,0,0,1,0,0,0,0,0,0,0,1,
3,0,1,0,1,0,1,0,1,0,0,0,0,0,0,0,0,0,0,0,1,
2,0,1,0,1,0,1,0,1,0,1,0,0,0,0,0,0,0,0,0,1,
2,0,1,1,1,0,1,0,1,0,1,0,1,0,0,0,0,0,0,0,1,
2,0,1,1,1,0,1,1,1,0,1,0,1,0,1,0,0,1,1,0,1,
2,0,1,1,1,0,1,1,1,0,1,0,1,0,1,1,1,1,1,0,1,
2,0,1,1,1,1,1,1,1,0,1,0,1,0,1,1,1,1,1,0,1,
2,0,1,1,1,1,1,1,1,0,1,0,1,0,1,1,1,1,1,0,1,
2,1,1,1,1,1,1,1,1,0,1,0,1,1,1,1,1,0,1,0,1,
2,1,1,1,1,1,1,1,1,0,1,0,1,0,1,1,1,1,1,0,1,
2,1,1,1,1,1,1,1,1,0,1,0,1,1,1,1,1,1,1,0,1,
2,1,1,1,1,1,1,1,1,0,1,0,1,1,1,1,1,1,1,0,1,
4,1,1,1,1,1,1,1,1,0,1,0,1,1,1,1,1,1,1,0,1,
2,0,0,0,0,0,0,0,0,0,0,0,0,0,0,0,0,0,0,0,0,
2,0,0,0,0,0,0,0,0,0,0,0,0,0,0,0,0,0,0,0,0,
4,0,2,0,0,0,2,0,0,0,2,0,0,0,0,0,0,0,0,0,0,
2,0,0,0,0,0,0,0,0,0,0,0,0,0,0,0,0,0,0,0,0,
2,0,0,0,0,0,0,0,0,0,0,0,0,0,0,0,0,0,0,0,0,
4,0,0,0,0,0,0,0,0,0,0,0,0,0,0,0,0,0,0,0,0,
2,0,0,0,0,0,0,0,0,0,0,0,0,0,0,0,0,0,0,0,0,
2,0,0,0,0,0,0,0,0,0,0,0,0,0,0,0,0,0,0,0,0,
2,0,0,0,0,0,0,0,0,0,0,0,0,0,0,0,0,0,0,0,0,
2,0,0,0,0,0,0,0,0,0,0,0,0,0,0,0,0,0,0,0,0,
2,0,0,0,0,0,0,0,0,0,0,0,0,0,0,0,0,0,0,0,0,
2,0,0,0,0,0,0,0,0,0,0,0,0,0,0,0,0,0,0,0,0,
2,0,0,0,0,0,0,0,0,0,0,0,0,0,0,0,0,0,0,0,0,
2,0,0,0,0,0,0,0,0,0,0,0,0,0,0,0,0,0,0,0,0,
2,0,0,0,1,0,0,0,0,0,0,0,0,0,0,0,0,0,0,0,1,
2,0,1,0,1,0,1,0,0,0,0,0,0,0,0,0,0,0,0,0,1,
2,0,1,0,1,0,0,0,0,0,0,0,0,0,0,0,0,0,0,0,1,
2,0,1,0,1,0,1,0,1,0,0,0,0,0,0,0,0,0,0,0,1,
3,0,1,1,1,0,1,0,1,0,1,0,1,0,1,0,0,0,0,0,1,
3,0,1,0,1,0,1,0,1,0,1,0,1,0,1,0,0,0,1,0,1,
3,0,1,1,2,0,1,0,2,0,1,0,1,0,1,0,0,0,1,0,2,
5,0,0,0,1,0,0,0,1,0,0,0,1,0,0,0,1,0,0,0,1,
5,1,1,1,1,1,1,1,1,0,1,1,1,1,1,1,1,0,1,0,1,
2,0,1,1,1,0,1,1,1,0,1,0,1,0,1,0,1,1,1,0,1,
4,1,1,1,1,1,1,1,1,0,1,0,1,0,1,1,1,1,1,0,1,
2,0,1,1,1,1,1,1,1,0,1,0,1,0,1,0,1,1,1,0,1,
2,1,1,1,1,1,1,1,1,0,1,0,1,1,1,1,1,1,1,0,1,
2,1,1,1,1,1,1,1,1,1,1,1,1,1,1,1,1,1,1,0,1,
2,1,1,1,1,1,1,1,1,0,1,1,1,1,1,1,1,1,1,1,1,
2,0,0,0,0,0,0,0,0,0,0,0,0,0,0,0,0,0,0,0,0,
2,0,0,0,0,0,0,0,0,0,0,0,0,0,0,0,0,0,0,0,0,
2,0,0,0,0,0,0,0,0,0,0,0,0,0,0,0,0,0,0,0,0,
2,0,0,0,0,0,0,0,0,0,0,0,0,0,0,0,0,0,0,0,0,
2,0,0,0,0,0,0,0,0,0,0,0,0,0,0,0,0,0,0,0,0,
2,0,0,0,0,0,0,0,0,0,0,0,0,0,0,0,0,0,0,0,0,
2,0,0,0,0,0,0,0,0,0,0,0,0,0,0,0,0,0,0,0,0,
4,0,0,1,1,0,0,0,1,0,1,0,0,0,0,0,0,0,0,0,1,
2,0,0,0,0,0,0,0,0,0,0,0,0,0,0,0,0,0,0,0,0,
2,0,0,0,0,0,0,0,0,0,0,0,0,0,0,0,0,0,0,0,1,
2,0,0,0,0,0,0,0,0,0,0,0,0,0,0,0,0,0,0,0,0,
3,0,0,0,1,0,0,0,1,0,0,0,0,0,0,0,0,0,0,0,1,
2,0,0,0,0,0,0,0,0,0,0,0,0,0,0,0,0,0,0,0,0,
5,0,0,0,0,0,0,0,0,0,0,0,0,0,0,0,0,0,0,0,0,
2,0,0,0,0,0,0,0,0,0,0,0,0,0,0,0,0,0,0,0,0,
2,0,0,0,1,0,0,0,1,0,0,0,0,0,0,0,0,0,0,0,1,
2,0,0,0,0,0,0,0,0,0,0,0,0,0,0,0,0,0,0,0,1,
2,0,1,1,1,1,1,0,0,0,1,0,0,0,0,0,0,0,1,0,1,
3,0,0,0,1,0,0,0,1,0,1,0,1,0,0,0,0,0,0,0,1,
3,0,1,0,1,0,0,0,1,0,1,0,1,0,0,0,0,0,1,0,1,
3,0,1,0,1,0,1,0,1,0,1,0,1,0,0,0,1,0,1,0,1,
2,0,1,0,1,0,1,0,1,0,1,0,1,0,0,0,0,0,1,0,1,
3,1,1,1,1,1,1,1,1,0,1,0,1,0,1,1,1,0,1,0,1,
4,1,1,1,1,1,1,1,1,0,1,1,1,1,1,1,1,0,1,1,1,
2,1,1,1,1,1,1,1,1,0,1,0,1,0,1,1,0,1,1,0,1,
2,0,0,0,0,0,0,0,0,0,0,0,0,0,0,0,0,0,0,0,0,
2,0,0,0,0,0,0,0,0,0,0,0,0,0,0,0,0,0,0,0,0,
2,0,0,0,0,0,0,0,0,0,0,0,0,0,0,0,0,0,0,0,0,
3,0,0,0,0,0,0,1,0,0,0,0,0,0,0,0,0,0,0,0,0,
5,3,3,3,3,3,3,3,3,0,3,3,3,3,3,3,3,3,3,3,3,
5,0,0,0,0,0,0,0,0,0,0,0,0,0,0,0,0,0,0,0,0,
2,0,0,0,0,0,0,0,0,0,0,0,0,0,0,0,0,0,0,0,0,
5,3,3,0,3,3,3,0,3,3,3,0,3,3,3,0,3,3,3,0,3,
2,0,0,0,0,0,0,0,0,0,0,0,0,0,0,0,0,0,0,0,0,
2,0,0,0,0,0,0,0,0,0,0,0,0,0,0,0,0,0,0,0,0,
3,0,0,0,0,0,0,0,0,0,1,0,0,0,0,0,0,0,0,0,0,
2,0,0,0,0,0,0,0,0,0,0,0,0,0,0,0,0,0,0,0,0,
2,0,0,0,0,0,0,0,0,0,0,0,0,0,0,0,0,0,0,0,0,
2,0,0,0,0,0,0,0,0,0,0,0,0,0,0,0,0,0,0,0,0,
2,0,0,0,0,0,0,0,0,0,0,0,0,0,0,0,0,0,0,0,0,
2,0,0,0,0,0,0,0,0,0,0,0,0,0,0,0,0,0,0,0,0,
2,0,0,0,0,0,0,0,0,0,0,0,0,0,0,0,0,0,0,0,0,
2,0,0,0,0,0,0,0,0,0,0,0,0,0,0,0,0,0,0,0,0,
2,0,0,0,0,0,0,0,0,0,0,0,0,0,0,0,0,0,0,0,0,
24,1,1,1,22,1,1,1,1,0,1,0,1,1,1,0,0,0,1,0,1,
3,0,0,0,0,0,0,0,0,0,0,0,0,0,0,0,0,0,0,0,0,
2,0,0,0,0,0,0,0,0,0,0,0,0,0,0,0,0,0,0,0,0,
3,1,1,0,1,1,1,0,1,0,1,0,0,0,1,0,0,1,1,0,1,
3,1,1,1,1,1,1,1,1,0,1,0,1,1,1,1,1,1,1,0,1,
3,1,1,0,1,1,1,1,1,1,1,0,1,1,1,0,1,1,1,0,1,
4,0,1,0,0,0,1,1,0,0,1,0,0,0,0,0,0,0,0,0,0,
2,1,1,1,1,1,1,1,1,0,1,0,1,1,1,1,1,1,1,0,1,
2,1,1,1,1,1,1,1,1,0,1,0,1,0,1,1,1,1,1,1,1,
2,1,1,1,1,1,1,1,1,0,1,0,1,0,1,1,0,0,1,1,1,
2,1,1,1,1,1,1,1,1,0,1,0,1,0,1,1,0,0,1,0,1,
2,1,1,1,1,1,1,1,1,0,1,0,1,0,1,1,1,0,1,0,1,
2,1,1,1,1,1,1,1,1,0,1,1,1,0,1,1,1,1,1,0,1,
2,0,0,0,0,0,0,0,0,0,0,0,0,0,0,0,0,0,0,0,0,
2,0,0,0,0,0,0,0,0,0,0,0,0,0,0,0,0,0,0,0,0,
2,0,0,0,0,0,0,0,0,0,0,0,0,0,0,0,0,0,0,0,0,
2,0,0,0,0,0,0,0,0,0,0,0,0,0,0,0,0,0,0,0,0,
2,0,0,0,0,0,0,0,0,0,0,0,0,0,0,0,0,0,0,0,0,
2,0,0,0,0,0,0,0,0,0,0,0,0,0,0,0,0,0,0,0,0,
2,0,0,0,0,0,0,0,0,0,0,0,0,0,0,0,0,0,0,0,0,
2,0,0,0,0,0,0,0,0,0,0,0,0,0,0,0,0,0,0,0,0,
2,0,0,0,0,0,0,0,0,0,0,0,0,0,0,0,0,0,0,0,0,
3,0,1,0,0,0,1,0,0,0,1,0,0,0,1,0,0,0,0,0,0,
4,0,1,0,1,0,1,0,0,0,1,0,0,0,0,0,0,0,1,0,0,
3,0,1,0,0,0,1,0,0,0,0,0,0,0,0,0,0,0,0,0,0,
4,2,2,0,2,2,2,0,2,2,2,0,2,2,2,0,2,2,2,0,2,
2,0,0,0,0,0,0,0,0,0,0,0,0,0,0,0,0,0,0,0,0,
2,0,0,0,0,0,0,0,0,0,0,0,0,0,0,0,0,0,0,0,0,
2,0,0,0,0,0,0,0,0,0,0,0,0,0,0,0,0,0,0,0,0,
2,0,0,0,0,0,0,1,0,0,0,0,0,0,0,0,0,0,0,0,1,
2,0,0,0,0,0,0,0,0,0,0,0,0,0,0,0,0,0,0,0,0,
2,0,1,0,0,0,0,0,0,0,0,0,0,0,0,0,0,0,0,0,0,
2,0,1,0,0,0,1,1,0,0,0,0,0,0,0,0,0,0,0,0,0,
2,0,1,0,0,0,1,1,0,0,0,0,0,0,0,0,0,0,0,0,1,
3,0,1,0,1,0,1,0,1,0,1,0,1,0,0,1,0,0,0,0,1,
3,0,1,0,1,0,1,0,1,0,0,0,0,0,0,0,0,0,0,0,1,
3,0,1,0,1,0,1,0,1,0,0,0,1,0,0,0,0,0,0,0,1,
2,0,1,1,1,0,1,1,1,0,1,0,1,0,0,1,0,0,1,0,1,
2,0,1,1,1,1,1,1,1,0,1,0,1,0,0,1,1,0,1,0,1,
2,0,1,1,1,1,1,1,1,0,1,0,1,0,1,1,1,0,1,0,1,
5,0,3,3,4,3,3,3,4,0,3,0,4,0,1,3,3,0,1,0,4,
2,1,1,1,1,1,1,1,1,0,1,0,1,1,1,1,1,1,1,0,1,
4,0,1,1,2,1,2,1,1,0,1,0,1,0,1,1,0,0,1,0,2,
3,0,0,0,0,0,0,0,0,0,0,0,0,0,0,0,0,0,0,0,0,
2,0,0,0,0,0,0,0,0,0,0,0,0,0,0,0,0,0,0,0,0,
2,0,0,0,0,0,0,0,0,0,0,0,0,0,0,0,0,0,0,0,0,
2,0,0,0,0,0,0,0,0,0,0,0,0,0,0,0,0,0,0,0,0,
2,0,0,0,0,0,0,0,0,0,0,0,0,0,0,0,0,0,0,0,0,
2,0,0,0,0,0,0,0,0,0,0,0,0,0,0,0,0,0,0,0,0,
2,0,0,0,0,0,0,0,0,0,0,0,0,0,0,0,0,0,0,0,0,
2,0,0,0,0,0,0,0,0,0,0,0,0,0,0,0,0,0,0,0,0,
2,0,0,0,0,0,0,0,0,0,0,0,0,0,0,0,0,0,0,0,0,
2,0,0,0,0,0,0,0,0,0,0,0,0,0,0,0,0,0,0,0,0,
2,0,0,0,0,0,0,0,0,0,0,0,0,0,0,0,0,0,0,0,0,
2,0,0,0,0,0,0,0,0,0,0,0,0,0,0,0,0,0,0,0,0,
2,0,0,0,0,0,0,0,0,0,0,0,0,0,0,0,0,0,0,0,0,
2,0,0,0,0,0,0,0,0,0,0,0,0,0,0,0,0,0,0,0,0,
2,0,0,0,0,0,0,1,0,0,0,0,0,0,0,0,0,0,0,0,0,
2,0,0,0,0,0,0,0,0,0,0,0,0,0,0,0,0,0,0,0,0,
4,0,0,0,1,0,0,0,0,0,0,0,0,0,0,0,0,0,0,0,1,
6,0,0,0,1,0,0,0,1,0,1,0,0,0,0,0,0,0,0,0,1,
3,0,0,0,0,0,0,0,0,0,0,0,0,0,0,0,0,0,0,0,0,
5,3,0,0,0,3,0,0,0,0,0,0,0,3,0,0,0,0,0,0,1,
3,1,1,1,1,1,1,1,1,0,1,1,1,1,1,1,1,1,1,0,1,
3,0,1,0,1,1,1,0,1,0,1,0,1,0,0,0,0,0,1,0,1,
3,0,1,1,1,1,1,1,1,0,1,0,1,0,0,1,1,0,1,0,1,
3,1,1,1,1,1,1,1,1,0,1,0,1,0,1,1,0,0,1,0,1,
2,0,1,0,1,1,1,1,1,0,1,0,1,0,0,0,0,0,1,0,1,
2,1,1,1,1,1,1,1,1,0,1,0,1,0,1,0,0,0,1,0,1,
2,1,1,1,1,1,1,1,1,0,1,0,1,0,1,1,1,0,1,0,1,
1,1,1,1,1,1,1,1,1,0,1,0,1,0,1,0,0,0,1,0,1,
2,1,1,1,1,1,1,1,1,0,1,0,1,1,1,1,1,0,1,0,1,
2,1,1,1,1,1,1,1,1,0,1,0,1,1,1,1,1,0,1,0,1,
2,1,1,1,1,1,1,1,1,0,1,0,1,1,1,1,1,1,1,0,1,
3,0,0,0,0,0,0,0,0,0,0,0,0,0,0,0,0,0,0,0,0,
2,1,1,1,1,1,1,1,1,0,1,1,1,1,1,1,1,1,1,0,1,
2,0,0,0,0,0,0,0,0,0,0,0,0,0,0,0,0,0,0,0,0,
2,0,0,0,0,0,0,0,0,0,0,0,0,0,0,0,0,0,0,0,0,
2,0,0,0,0,0,0,0,0,0,0,0,0,0,0,0,0,0,0,0,0,
2,0,0,0,0,0,0,0,0,0,0,0,0,0,0,0,0,0,0,0,0,
4,1,1,1,1,1,1,1,1,0,1,1,1,1,1,1,1,1,1,0,1,
2,0,0,0,0,0,0,0,0,0,0,0,0,0,0,0,0,0,0,0,0,
2,0,0,0,0,0,0,0,0,0,0,0,0,0,0,0,0,0,0,0,0,
2,0,0,0,0,0,0,0,0,0,0,0,0,0,0,0,0,0,0,0,0,
2,0,0,0,0,0,0,0,0,0,0,0,0,0,0,0,0,0,0,0,0,
2,0,0,0,0,0,0,0,0,0,0,0,0,0,0,0,0,0,0,0,0,
2,0,0,0,0,0,0,0,0,0,0,0,0,0,0,0,0,0,0,0,0,
2,0,0,0,0,0,0,0,0,0,0,0,0,0,0,0,0,0,0,0,0,
2,0,0,0,0,0,0,0,0,0,0,0,0,0,0,0,0,0,0,0,0,
2,0,0,0,0,0,1,0,0,0,0,0,0,0,0,0,0,0,0,0,0,
2,0,0,0,0,0,1,0,0,0,0,0,0,0,0,0,0,0,0,0,0,
2,0,0,0,0,0,0,0,0,0,0,0,0,0,0,0,0,0,0,0,0,
2,0,0,0,0,0,0,0,0,0,0,0,0,0,0,0,0,0,0,0,0,
2,0,0,0,0,0,0,0,0,0,0,0,0,0,0,0,0,0,0,0,0,
3,0,0,0,1,0,1,0,0,0,0,0,0,0,0,0,0,0,0,0,1,
2,0,1,1,1,0,1,0,0,0,1,0,0,0,0,0,0,0,0,0,1,
5,0,0,0,0,0,0,0,0,0,0,0,0,0,0,0,0,0,0,0,0,
5,1,4,0,1,1,4,1,1,0,4,1,1,0,3,0,1,0,4,0,1,
1,0,1,1,1,0,1,1,1,0,1,0,1,0,0,0,0,0,1,0,1,
2,1,1,0,1,0,1,1,1,0,1,1,1,0,1,0,0,0,1,0,1,
2,1,1,0,1,1,1,1,1,0,1,1,1,0,1,0,1,0,1,0,1,
2,1,1,1,1,1,1,1,1,0,1,1,1,1,1,1,1,0,1,0,1,
4,1,1,1,3,1,1,1,3,0,1,1,3,1,1,1,3,1,1,0,3,
2,0,0,0,0,0,0,0,0,0,0,0,0,0,0,0,0,0,0,0,0,
2,0,0,0,0,0,0,0,0,0,0,0,0,0,0,0,0,0,0,0,0,
2,0,0,0,0,0,0,0,0,0,0,0,0,0,0,0,0,0,0,0,0,
3,0,0,0,0,0,0,0,0,0,0,0,0,1,0,0,0,0,0,0,0,
2,0,0,0,0,0,0,0,0,0,0,0,0,0,0,0,0,0,0,0,0,
2,0,0,0,0,0,0,0,0,0,0,0,0,0,0,0,0,0,0,0,0,
2,0,0,0,0,0,0,0,0,0,0,0,0,0,0,0,0,0,0,0,0,
2,0,0,0,0,0,0,0,0,0,0,0,0,0,0,0,0,0,0,0,0,
3,0,0,0,0,0,0,0,0,0,0,0,0,0,0,0,0,0,0,0,0,
2,0,0,0,0,0,0,0,0,0,0,0,0,0,0,0,0,0,0,0,0,
2,0,0,0,0,0,0,0,0,0,0,0,0,0,0,0,0,0,0,0,0,
2,0,0,0,0,0,0,0,0,0,0,0,0,0,0,0,0,0,0,0,0,
2,0,0,0,0,0,0,0,0,0,0,0,0,0,0,0,0,0,0,0,0,
2,0,0,0,0,0,0,0,0,0,0,0,0,0,0,0,0,0,0,0,0,
5,1,1,0,1,1,1,1,1,0,1,0,1,1,1,0,1,0,1,0,1,
2,0,0,0,0,0,0,0,0,0,0,0,0,0,0,0,0,0,0,0,0,
2,0,0,0,0,0,0,0,0,0,0,0,0,0,0,0,0,0,0,0,0,
2,0,0,0,0,0,0,0,0,0,0,0,0,0,0,0,0,0,0,0,0,
2,0,0,0,0,0,0,0,0,0,0,0,0,0,0,0,0,0,0,0,1,
2,0,0,0,0,0,0,0,1,0,0,0,0,0,0,0,0,0,0,0,1,
3,1,1,0,1,1,1,1,1,0,1,0,1,0,0,1,0,0,1,0,1,
3,1,1,0,1,1,1,0,1,0,1,0,1,1,1,0,0,0,1,0,1,
2,1,1,0,1,0,1,1,1,0,1,0,0,0,0,0,0,0,1,0,1,
3,1,1,1,1,1,1,1,1,0,1,1,1,1,1,1,1,1,1,1,1,
2,0,1,0,1,0,1,0,1,0,1,0,1,0,0,0,0,0,0,0,1,
2,1,1,1,1,1,1,1,1,0,1,0,1,1,1,1,1,0,1,0,1,
2,1,1,1,1,1,1,1,1,0,1,0,1,1,1,1,1,0,1,0,1,
2,1,1,1,1,1,1,1,1,0,1,0,1,0,1,1,0,0,1,0,1,
2,1,1,1,1,1,1,1,1,0,1,1,1,1,1,1,1,1,1,0,1,
3,1,1,1,1,1,1,2,1,0,1,0,1,0,1,1,1,0,1,0,1,
3,0,0,0,0,0,0,0,0,0,0,0,0,0,0,0,0,0,0,0,0,
4,0,0,0,0,0,0,0,0,0,0,0,0,0,0,0,0,0,0,0,0,
2,1,1,1,1,1,1,1,1,0,1,1,1,1,1,1,1,1,1,0,1,
4,2,2,0,2,2,2,0,2,2,2,0,2,2,2,0,2,2,2,0,2,
2,0,0,0,0,0,0,0,0,0,0,0,0,0,0,0,0,0,0,0,0,
5,0,0,0,3,0,0,0,3,0,0,0,0,0,0,0,0,0,0,0,3,
2,0,0,0,0,0,0,0,0,0,0,0,0,0,0,0,0,0,0,0,0,
2,0,0,0,0,0,0,0,0,0,0,0,0,0,0,0,0,0,0,0,0,
2,0,0,0,0,0,0,0,0,0,0,0,0,0,0,0,0,0,0,0,0,
3,0,0,0,0,0,1,1,0,0,0,0,0,0,0,0,0,0,0,0,0,
2,0,1,0,0,0,1,0,1,0,1,0,0,0,0,0,0,0,0,0,1,
2,0,0,0,0,0,0,0,0,0,0,0,0,0,0,0,0,0,0,0,0,
2,1,0,0,1,0,1,0,1,0,0,0,0,0,0,0,0,0,0,0,1,
2,0,0,0,0,0,1,1,0,0,1,0,0,0,0,0,0,0,0,0,0,
2,0,1,0,0,0,1,0,1,0,1,0,0,0,0,0,0,0,0,0,1,
3,0,0,0,0,0,0,0,0,0,0,0,0,0,0,0,0,0,0,0,0,
2,0,0,0,0,0,1,0,0,0,0,0,0,0,0,0,0,0,0,0,0,
2,0,0,0,0,0,0,0,0,0,0,0,0,0,0,0,0,0,0,0,0,
2,0,0,0,0,0,1,0,0,0,0,0,0,0,0,0,0,0,0,0,0,
2,0,0,0,0,0,1,0,0,0,0,0,0,0,0,0,0,0,0,0,0,
3,0,1,0,1,0,1,0,1,0,1,0,0,0,0,0,0,0,0,0,1,
5,0,1,1,1,1,1,0,1,0,1,0,1,0,1,1,0,1,1,0,1,
2,0,1,0,1,0,1,0,1,0,1,0,0,0,0,0,0,0,0,0,1,
4,0,0,0,0,0,0,0,0,0,0,0,0,0,0,0,0,0,0,0,0,
2,0,0,0,0,0,0,0,0,0,0,0,0,0,0,0,0,0,0,0,0,
2,1,1,0,1,1,1,1,1,0,1,1,1,1,1,0,1,1,1,0,1,
2,1,1,1,1,1,1,1,1,0,1,1,1,1,1,1,1,1,1,1,1,
2,1,1,1,1,1,1,1,1,0,1,1,1,0,1,1,1,0,1,0,1,
2,1,1,1,1,1,1,1,1,0,1,1,1,0,1,1,1,1,1,1,1,
2,1,1,1,1,1,1,1,1,0,1,0,1,0,1,0,1,1,1,0,1,
2,1,1,1,1,1,1,1,1,0,1,0,1,1,1,1,1,1,1,0,1,
2,1,1,1,1,1,1,1,1,0,1,0,1,1,1,1,1,1,1,1,1,
2,0,0,0,0,0,0,0,0,0,0,0,0,0,0,0,0,0,0,0,0,
3,0,0,0,0,0,1,0,0,0,1,0,0,0,0,1,0,0,0,0,0,
2,0,0,0,0,0,0,0,0,0,0,0,0,0,0,0,0,0,0,0,0,
2,0,0,0,0,0,0,0,0,0,0,0,0,0,0,0,0,0,0,0,0,
5,0,0,0,0,0,0,3,0,0,0,0,0,0,0,3,0,0,0,0,0,
2,0,0,0,0,0,0,0,0,0,0,0,0,0,0,0,0,0,0,0,0,
2,0,0,0,0,0,0,0,0,0,0,0,0,0,0,0,0,0,0,0,0,
3,0,1,0,0,0,1,0,0,0,0,0,0,0,0,0,0,0,0,0,0,
2,0,0,0,0,0,0,0,0,0,0,0,0,0,0,0,0,0,0,0,0,
2,0,1,0,0,0,1,0,0,0,0,0,0,0,0,0,0,0,0,0,0,
2,0,0,0,0,0,0,0,0,0,0,0,0,0,0,0,0,0,0,0,0,
2,0,0,0,0,0,0,0,0,0,0,0,0,0,0,0,0,0,0,0,0,
2,0,1,0,0,0,1,0,0,0,0,0,0,0,0,0,0,0,0,0,0,
2,0,0,0,0,0,0,0,0,0,0,0,0,0,0,0,0,0,0,0,0,
2,0,0,0,0,0,0,0,0,0,0,0,0,0,0,0,0,0,0,0,0,
3,0,1,1,1,0,1,1,1,0,1,0,1,0,0,0,0,0,0,0,1,
3,0,1,1,1,0,1,1,1,0,1,1,1,0,0,1,1,1,1,0,1,
3,0,1,0,1,0,1,0,0,0,0,0,1,0,0,0,0,0,0,0,1,
3,0,1,0,1,0,1,0,1,0,1,0,1,0,0,0,0,0,0,0,1,
3,0,1,0,1,0,1,1,1,0,1,0,1,0,0,0,0,1,0,0,1,
3,0,1,0,1,0,1,0,1,0,1,0,1,0,0,0,0,0,0,0,1,
3,0,1,0,1,0,1,0,1,0,0,0,1,0,0,0,0,0,0,0,1,
3,1,1,0,1,0,1,0,1,0,1,0,1,0,0,0,0,0,1,0,1,
3,1,1,0,1,0,1,0,1,0,1,0,1,0,0,0,0,0,1,0,1,
3,0,1,1,1,1,1,1,1,0,1,1,1,0,1,0,0,1,1,0,1,
2,1,1,0,1,1,1,1,1,0,1,0,1,0,1,0,0,0,1,0,1,
2,1,1,1,1,0,1,1,1,0,1,0,1,0,1,0,1,0,1,0,1,
5,0,3,0,0,0,3,0,0,0,0,0,1,0,0,0,0,0,0,0,0,
2,1,1,1,1,1,1,1,1,0,1,0,1,1,1,1,1,1,1,1,1,
2,1,1,1,1,1,1,1,1,0,1,0,1,1,1,1,1,1,1,1,1,
2,1,1,1,1,1,1,1,1,0,1,0,1,1,1,1,1,1,1,1,1,
2,1,1,1,1,1,1,1,1,0,1,0,1,1,1,1,1,1,1,1,1,
2,0,0,0,0,0,0,0,0,0,0,0,0,0,0,0,0,0,0,0,0,
2,0,0,0,0,0,0,0,0,0,0,0,0,0,0,0,0,0,0,0,0,
2,0,0,0,0,0,0,0,0,0,0,0,0,0,0,0,0,0,0,0,0,
3,0,0,0,0,0,0,0,0,0,0,0,0,0,0,0,0,1,0,0,0,
2,0,0,0,0,0,0,0,0,0,0,0,0,0,0,0,0,0,0,0,0,
3,1,1,0,1,0,1,0,1,0,0,0,0,0,0,0,0,0,1,0,1,
2,0,0,0,0,0,0,0,0,0,0,0,0,0,0,0,0,0,0,0,0,
2,0,0,0,0,0,0,0,0,0,0,0,0,0,0,0,0,0,0,0,0,
2,0,0,0,0,0,0,0,0,0,0,0,0,0,0,0,0,0,0,0,0,
5,1,1,1,1,1,1,1,1,0,1,0,1,0,1,1,1,0,1,0,1,
3,0,0,0,0,0,0,0,0,0,1,0,0,0,0,0,0,0,0,0,0,
2,0,0,0,0,0,0,0,0,0,0,0,0,0,0,0,0,0,0,0,0,
2,0,0,0,0,0,0,0,0,0,0,0,0,0,0,0,0,0,0,0,0,
2,0,0,0,0,0,0,0,0,0,0,0,0,0,0,0,0,0,0,0,0,
2,0,0,0,1,0,0,0,0,0,0,0,0,0,0,0,0,0,0,0,1,
5,0,0,0,1,0,0,0,0,0,0,0,0,0,0,0,0,0,0,0,0,
2,0,0,0,1,0,0,0,1,0,0,0,0,0,0,0,0,0,0,0,1,
2,0,0,0,1,0,0,0,0,0,0,0,0,0,0,0,0,0,0,0,1,
2,0,0,0,1,0,0,0,1,0,0,0,0,0,0,0,0,0,0,0,1,
2,0,1,0,1,0,1,0,1,0,1,0,1,0,0,0,0,0,0,0,1,
3,0,1,0,1,0,1,0,1,0,1,0,0,0,0,0,0,0,0,0,1,
3,1,1,1,1,1,1,1,1,0,1,0,1,0,1,1,1,0,1,0,1,
4,1,2,1,1,1,1,1,1,0,2,1,1,1,1,1,1,1,1,1,1,
2,1,1,1,1,1,1,1,1,0,1,0,1,0,1,1,1,1,1,0,1,
2,0,1,1,1,0,1,1,1,0,1,1,1,0,1,1,1,1,1,0,1,
2,1,1,1,1,1,1,1,1,0,1,1,1,0,1,1,1,0,1,0,1,
2,0,0,0,0,0,0,0,0,0,0,0,0,0,0,0,0,0,0,0,0,
2,0,0,0,0,0,0,0,0,0,0,0,0,0,0,0,0,0,0,0,0,
4,1,1,1,1,1,3,1,1,0,1,1,1,0,1,1,1,1,1,0,1,
2,1,1,1,1,1,1,1,1,1,1,1,1,1,1,1,1,1,1,0,1,
2,0,0,0,0,0,0,0,0,0,0,0,0,0,0,0,0,0,0,0,0,
5,0,0,0,3,0,0,0,0,0,0,0,0,0,0,0,0,0,0,0,0,
5,0,0,0,0,0,0,0,0,0,0,0,0,0,0,0,0,0,0,0,0,
2,0,0,0,0,0,0,0,0,0,0,0,0,0,0,0,0,0,0,0,0,
5,3,0,0,0,3,0,0,0,3,0,0,0,3,0,0,0,3,0,0,0,
2,0,0,0,0,0,0,0,0,0,0,0,0,0,0,0,0,0,0,0,0,
2,0,0,0,0,0,0,0,0,0,0,0,0,0,0,0,0,0,0,0,0,
2,0,0,0,0,0,0,0,0,0,0,0,0,0,0,0,0,0,0,0,0,
2,0,0,0,0,0,0,0,0,0,0,0,0,0,0,0,0,0,0,0,0,
2,0,0,0,0,0,0,0,0,0,0,0,0,0,0,0,0,0,0,0,0,
2,0,0,0,0,0,0,0,0,0,0,0,0,0,0,0,0,0,0,0,0,
2,0,0,0,0,0,0,0,0,0,0,0,0,0,0,0,0,0,0,0,0,
2,0,0,0,0,0,0,0,0,0,0,0,0,0,0,0,0,0,0,0,0,
2,0,0,0,1,0,0,0,0,0,0,0,0,0,0,0,0,0,0,0,0,
2,0,0,0,1,0,0,0,0,0,0,0,0,0,0,0,0,0,0,0,1,
2,0,0,0,1,0,0,0,1,0,0,0,0,0,0,0,0,0,0,0,1,
4,1,1,0,1,1,1,0,1,0,1,0,1,0,0,0,1,0,1,0,1,
2,0,0,0,1,0,1,0,1,0,0,0,0,0,0,0,0,0,0,0,1,
2,0,1,0,1,0,1,0,1,0,1,0,1,0,0,0,0,0,0,0,1,
2,0,1,0,1,0,1,0,1,0,1,0,1,0,0,0,0,0,0,0,1,
3,0,1,0,1,1,1,0,1,0,1,0,1,0,0,0,1,0,0,0,1,
3,0,0,0,0,0,0,0,0,0,0,0,0,0,0,0,0,0,0,0,0,
5,0,1,0,1,0,1,0,1,0,1,0,1,0,0,0,0,0,0,0,1,
2,1,1,1,1,1,1,1,1,0,1,0,1,0,1,0,1,1,1,0,1,
2,1,1,1,1,1,1,1,1,0,1,0,1,0,1,1,1,0,1,0,1,
2,1,1,1,1,1,1,1,1,0,1,1,1,0,1,1,1,0,1,1,1,
2,0,0,0,0,0,0,0,0,0,0,0,0,0,0,0,0,0,0,0,0,
2,1,1,1,1,1,1,1,1,0,1,1,1,1,1,1,1,1,1,0,1,
2,0,0,0,0,0,0,0,0,0,0,0,0,0,0,0,0,0,0,0,0,
2,1,1,1,1,1,1,1,1,0,1,1,1,1,1,1,1,1,1,1,1,
2,0,0,0,0,0,0,0,0,0,0,0,0,0,0,0,0,0,0,0,0,
2,0,0,0,0,0,0,0,0,0,0,0,0,0,0,0,0,0,0,0,0,
2,0,0,0,0,0,0,0,0,0,0,0,0,0,0,0,0,0,0,0,0,
2,0,0,0,0,0,0,0,0,0,0,0,0,0,0,0,0,0,0,0,0,
2,0,0,0,0,0,0,0,0,0,0,0,0,0,0,0,0,0,0,0,0,
2,0,0,0,0,0,0,0,0,0,0,0,0,0,0,0,0,0,0,0,0,
2,0,0,0,0,0,0,0,0,0,0,0,0,0,0,0,0,0,0,0,0,
2,0,0,0,0,0,0,0,0,0,0,0,0,0,0,0,0,0,0,0,0,
5,3,3,3,3,3,3,3,3,0,3,0,3,0,3,3,3,0,3,0,3,
5,0,3,0,0,0,3,0,0,0,3,0,0,0,0,0,0,0,0,0,0,
2,0,0,0,0,0,0,0,0,0,0,0,0,0,0,0,0,0,0,0,0,
5,0,0,0,0,0,0,0,0,0,0,0,0,0,0,0,0,0,0,0,0,
2,0,0,0,0,0,0,0,0,0,0,0,0,0,0,0,0,0,0,0,1,
2,0,0,0,0,0,0,0,0,0,0,0,0,0,0,0,0,0,0,0,1,
2,0,0,0,0,0,0,0,1,0,0,0,0,0,0,0,0,0,0,0,1,
2,0,0,0,0,0,0,0,1,0,0,0,0,0,0,0,0,0,0,0,1,
2,0,0,0,1,0,0,0,1,0,0,0,0,0,0,0,0,0,0,0,1,
2,0,0,0,1,0,1,0,1,0,0,0,0,0,0,0,0,0,0,0,1,
2,0,0,0,1,0,1,0,1,0,0,0,1,0,0,0,0,0,0,0,1,
2,0,1,0,1,0,1,0,1,0,1,0,1,0,0,0,0,0,0,0,1,
3,0,1,0,1,0,1,0,1,0,1,0,1,0,0,0,1,0,0,0,1,
3,0,1,0,1,0,1,0,1,0,1,0,1,0,0,0,1,0,1,0,1,
3,1,1,1,1,1,1,1,1,0,1,0,1,0,1,0,1,0,1,0,1,
2,0,0,0,0,0,0,0,0,0,0,0,0,0,0,0,0,0,0,0,1,
2,1,1,1,1,1,1,1,1,0,1,0,1,1,1,1,1,1,1,0,1,
2,1,1,1,1,1,1,1,1,0,1,0,1,1,1,1,1,1,1,0,1,
2,1,1,1,1,1,1,1,1,0,1,0,1,1,1,1,1,1,1,0,1,
2,1,1,1,1,1,1,1,1,0,1,0,1,1,1,1,1,1,1,0,1,
4,1,1,3,1,1,1,3,1,0,1,3,1,1,1,3,1,1,1,3,1,
4,0,0,0,1,0,0,0,1,0,0,0,0,0,0,0,0,0,0,0,1,
7,0,3,0,3,0,3,3,3,0,3,0,3,0,0,0,3,0,3,0,3,
2,0,0,0,0,0,0,0,0,0,0,0,0,0,0,0,0,0,0,0,0,
2,0,0,0,0,0,0,0,0,0,0,0,0,0,0,0,0,0,0,0,0,
2,0,0,0,0,0,0,0,0,0,0,0,0,0,0,0,0,0,0,0,0,
2,0,0,0,0,0,0,0,0,0,0,0,0,0,0,0,0,0,0,0,0,
2,0,0,0,0,0,0,0,0,0,0,0,0,0,0,0,0,0,0,0,0,
2,0,0,0,0,0,0,0,0,0,0,0,0,0,0,0,0,0,0,0,0,
2,0,0,0,0,0,0,0,0,0,0,0,0,0,0,0,0,0,0,0,0,
2,0,0,0,0,0,0,0,0,0,0,0,0,0,0,0,0,0,0,0,0,
2,0,0,0,0,0,0,0,0,0,0,0,0,0,0,0,0,0,0,0,0,
2,0,0,0,0,0,0,0,0,0,0,0,0,0,0,0,0,0,0,0,0,
3,1,1,0,1,1,1,0,1,0,1,0,1,1,1,0,1,1,1,0,1,
2,0,1,0,0,0,1,0,0,0,0,0,0,0,0,0,0,0,0,0,0,
2,0,0,0,0,0,0,0,0,0,0,0,0,0,0,0,0,0,0,0,0,
2,0,0,0,0,0,0,0,0,0,0,0,0,0,0,0,0,0,0,0,0,
4,0,0,0,0,0,0,0,0,0,0,0,0,0,0,0,0,0,0,0,0,
5,0,3,0,0,0,3,0,0,0,3,0,0,0,3,0,0,0,3,0,1,
2,0,1,0,1,0,1,0,1,0,1,0,0,0,0,0,0,0,0,0,1,
5,3,0,0,0,3,0,0,0,2,0,0,0,3,0,0,0,3,0,0,0,
2,0,1,0,1,0,1,0,1,0,0,0,0,0,0,0,0,0,0,0,1,
3,0,1,1,1,1,1,1,1,0,1,0,1,0,0,0,1,0,1,0,1,
2,0,1,0,1,0,1,0,1,0,1,0,0,0,0,0,0,0,0,0,1,
3,0,1,1,1,1,1,1,1,0,1,0,1,0,1,1,1,0,1,0,1,
2,0,1,1,1,0,1,1,1,0,1,0,1,0,0,0,0,0,0,0,1,
2,0,1,1,1,1,1,1,1,0,1,0,1,0,1,0,1,0,1,0,1,
1,0,1,1,1,1,1,1,1,0,1,0,1,0,0,0,0,0,1,0,1,
2,1,1,1,1,1,1,1,1,0,1,0,1,0,1,1,1,1,1,0,1,
2,0,1,1,1,1,1,1,1,0,1,0,1,0,1,1,1,0,1,0,1,
4,1,1,1,1,1,1,1,1,0,1,0,1,0,1,1,1,0,1,0,1,
2,1,1,1,1,1,1,1,1,0,1,0,1,1,1,1,1,1,1,0,1,
3,0,0,0,0,0,0,0,0,0,0,0,0,0,0,0,0,0,0,0,0,
2,0,0,0,0,0,0,0,0,0,0,0,0,0,0,0,0,0,0,0,0,
2,0,0,0,0,0,0,0,0,0,0,0,0,0,0,0,0,0,0,0,0,
2,0,0,0,0,0,0,0,0,0,0,0,0,0,0,0,0,0,0,0,0,
2,0,0,0,0,0,0,0,0,0,0,0,0,0,0,0,0,0,0,0,0,
2,0,0,0,0,0,0,0,0,0,0,0,0,0,0,0,0,0,0,0,0,
3,0,0,0,0,0,0,0,0,0,0,0,0,0,0,0,0,0,0,0,0,
2,0,0,0,0,0,0,0,0,0,0,0,0,0,0,0,0,0,0,0,0,
2,0,0,0,0,0,0,0,0,0,0,0,0,0,0,0,0,0,0,0,0,
2,0,0,0,0,0,0,0,0,0,0,0,0,0,0,0,0,0,0,0,0,
2,0,0,0,0,0,0,0,0,0,0,0,0,0,0,0,0,0,0,0,0,
2,0,0,0,0,0,0,0,0,0,0,0,0,0,0,0,0,0,0,0,0,
2,0,0,0,0,0,0,0,0,0,0,0,0,0,0,0,0,0,0,0,0,
2,0,0,0,0,0,0,0,0,0,0,0,0,0,0,0,0,0,0,0,0,
2,0,0,0,0,0,0,0,0,0,0,0,0,0,0,0,0,0,0,0,0,
2,0,0,0,0,0,0,0,0,0,0,0,0,0,0,0,0,0,0,0,0,
2,0,0,0,0,0,0,0,0,0,0,0,0,0,0,0,0,0,0,0,1,
2,0,0,0,0,0,0,0,0,0,0,0,0,0,0,0,0,0,0,0,1,
2,0,0,0,0,0,0,0,0,0,0,0,0,0,0,0,0,0,0,0,1,
2,0,0,0,0,0,1,0,0,0,0,0,0,0,0,0,0,0,0,0,1,
2,0,1,0,1,0,1,1,1,0,1,0,1,0,0,0,0,0,1,0,1,
3,1,1,1,1,1,1,1,1,0,1,1,1,0,1,1,1,0,1,0,1,
5,0,0,0,0,0,0,0,0,0,0,0,0,0,0,0,0,0,0,0,0,
3,1,1,1,1,1,1,1,1,0,1,1,1,0,1,1,1,0,1,0,1,
3,1,1,1,1,1,1,1,1,0,1,1,1,0,1,1,1,0,1,0,1,
5,0,1,1,1,1,1,1,1,0,1,1,1,0,1,1,0,0,1,0,1,
2,1,1,1,1,1,1,1,1,0,1,1,1,0,1,1,1,1,1,0,1,
2,1,1,1,1,1,1,1,1,0,1,1,1,1,1,1,1,1,1,0,1,
2,1,1,1,1,1,1,1,1,0,1,1,1,1,1,1,1,1,1,0,1,
2,1,1,1,1,1,1,1,1,0,1,1,1,1,1,1,1,1,1,0,1,
2,1,1,1,1,1,1,1,1,0,1,1,1,1,1,1,1,1,1,0,1,
2,0,0,0,0,0,0,0,0,0,0,0,0,0,0,0,0,0,0,0,0,
2,0,0,0,0,0,0,0,0,0,0,0,0,0,0,0,0,0,0,0,0,
2,0,0,0,0,0,0,0,0,0,0,0,0,0,0,0,0,0,0,0,0,
2,0,0,0,0,0,0,0,0,0,0,0,0,0,0,0,0,0,0,0,0,
2,0,0,0,0,0,0,0,0,0,0,0,0,0,0,0,0,0,0,0,0,
2,0,0,0,0,0,0,0,0,0,0,0,0,0,0,0,0,0,0,0,0,
4,0,0,0,0,0,0,0,0,0,0,0,0,0,0,0,0,0,0,0,0,
2,0,0,0,0,0,0,0,0,0,0,0,0,0,0,0,0,0,0,0,0,
3,0,0,0,0,0,0,0,0,0,0,0,0,0,0,0,0,0,0,0,0,
2,0,0,0,0,0,0,0,0,0,0,0,0,0,0,0,0,0,0,0,0,
2,0,0,0,0,0,0,0,0,0,0,0,0,0,0,0,0,0,0,0,0,
2,0,0,0,0,0,0,0,0,0,0,0,0,0,0,0,0,0,0,0,0,
5,0,0,0,0,0,0,0,0,0,0,0,0,0,0,0,0,0,0,0,0,
2,0,0,0,0,0,0,0,0,0,0,0,0,0,0,0,0,0,0,0,0,
5,0,1,1,0,3,1,1,0,0,1,0,0,0,0,1,0,0,0,0,1,
3,0,0,0,0,0,0,0,0,0,0,0,0,0,0,0,0,0,0,0,0,
2,0,1,0,1,0,1,0,1,0,1,0,0,0,0,0,0,0,0,0,1,
2,0,0,0,0,0,0,0,0,0,0,0,0,0,0,0,0,0,0,0,1,
2,0,0,0,0,0,1,0,1,0,0,0,0,0,0,0,0,0,0,0,1,
2,0,1,0,1,0,1,0,1,0,0,0,0,0,0,0,0,0,0,0,1,
2,0,1,0,1,0,1,0,1,0,1,0,0,0,0,0,0,0,0,0,1,
2,0,1,0,1,1,1,0,1,0,1,0,0,0,0,0,0,0,0,0,1,
2,1,1,1,1,1,1,1,1,0,1,0,1,0,1,1,1,0,1,0,1,
3,1,1,1,1,1,1,1,1,0,1,0,1,0,1,1,1,0,1,0,1,
1,1,1,1,1,1,1,1,1,0,1,0,1,0,1,0,1,0,1,0,1,
2,1,1,1,1,1,1,1,1,0,1,0,1,1,1,1,1,0,1,0,1,
2,1,1,1,1,1,1,1,1,0,1,0,1,1,1,1,1,0,1,0,1,
5,0,3,0,3,0,3,0,3,0,3,0,3,0,3,0,3,0,3,0,3,
6,0,0,0,1,0,0,0,1,0,0,0,0,0,0,0,0,0,0,0,1,
7,1,4,1,1,1,4,1,1,0,1,1,1,1,1,1,1,0,1,1,1,
2,0,0,0,0,0,0,0,0,0,0,0,0,0,0,0,0,0,0,0,0,
5,0,0,0,0,0,0,0,0,0,0,0,0,0,0,0,0,0,0,0,0,
2,0,0,0,0,0,0,0,0,0,0,0,0,0,0,0,0,0,0,0,0,
2,0,0,0,0,0,0,0,0,0,0,0,0,0,0,0,0,0,0,0,0,
23,0,0,0,0,0,21,0,0,0,0,0,0,0,0,0,0,0,0,0,21,
2,0,0,0,0,0,0,0,0,0,0,0,0,0,0,0,0,0,0,0,1,
2,0,0,0,0,0,0,0,0,0,0,0,0,0,0,0,0,0,0,0,0,
2,0,0,0,0,0,0,0,0,0,0,0,0,0,0,0,0,0,0,0,0,
2,0,0,0,0,0,0,0,0,0,0,0,0,0,0,0,0,0,0,0,0,
2,0,0,0,0,0,0,0,0,0,0,0,0,0,0,0,0,0,0,0,0,
2,0,0,0,0,0,0,0,0,0,0,0,0,0,0,0,0,0,0,0,0,
2,0,0,0,0,0,0,0,0,0,0,0,0,0,0,0,0,0,0,0,0,
2,0,0,0,0,0,1,0,0,0,0,0,0,0,0,0,0,0,0,0,0,
2,0,0,0,0,0,0,0,0,0,0,0,0,0,0,0,0,0,0,0,1,
2,0,0,0,0,0,0,0,0,0,0,0,0,0,0,0,0,0,0,0,1,
2,0,0,0,0,0,0,0,0,0,0,0,0,0,0,0,0,0,0,0,1,
2,0,1,0,0,0,1,0,1,0,0,0,0,0,0,0,0,0,0,0,1,
3,0,1,0,1,1,1,0,1,0,0,0,0,0,0,0,0,1,0,0,1,
3,1,1,0,1,1,1,0,1,0,1,0,1,1,0,0,1,1,1,0,1,
4,0,0,0,0,0,0,0,0,0,0,0,0,0,0,0,0,0,0,0,0,
3,1,1,0,1,1,1,1,1,0,1,0,1,0,1,0,1,1,1,0,1,
2,1,1,0,1,1,1,1,1,0,1,0,1,0,0,0,0,0,1,0,1,
2,0,1,0,1,1,1,1,1,0,1,0,1,0,0,0,0,1,1,0,1,
2,0,1,1,1,1,1,1,1,0,1,0,1,0,1,1,0,1,1,0,1,
3,0,1,1,1,1,1,1,1,0,1,0,1,0,1,1,0,1,1,0,1,
2,1,1,1,1,1,1,1,1,0,1,0,1,0,1,1,1,1,1,0,1,
2,0,0,0,0,0,0,0,0,0,0,0,0,0,0,0,0,0,0,0,0,
2,1,1,1,1,1,1,1,1,0,1,0,1,1,1,1,1,1,1,0,1,
2,0,0,0,0,0,0,0,0,0,0,0,0,0,0,0,0,0,0,0,0,
2,0,0,0,0,0,0,0,0,0,0,0,0,0,0,0,0,0,0,0,0,
2,0,0,0,0,0,0,0,0,0,0,0,0,0,0,0,0,0,0,0,0,
2,0,0,0,0,0,0,0,0,0,0,0,0,0,0,0,0,0,0,0,0,
2,0,0,0,0,0,0,0,0,0,0,0,0,0,0,0,0,0,0,0,0,
2,0,0,0,0,0,0,0,0,0,0,0,0,0,0,0,0,0,0,0,0,
2,0,0,0,0,0,0,0,0,0,0,0,0,0,0,0,0,0,0,0,0,
4,0,0,0,0,0,0,0,0,0,0,0,0,0,0,0,0,0,0,0,0,
6,0,1,1,1,1,2,1,1,0,1,0,1,0,1,0,0,0,1,0,1,
2,0,0,0,0,0,1,0,0,0,1,0,0,0,0,0,0,0,0,0,0,
4,2,3,0,2,2,3,0,2,2,3,0,2,2,2,0,2,2,2,0,3,
2,0,0,0,0,0,0,0,0,0,0,0,0,0,0,0,0,0,0,0,0,
2,0,0,0,0,0,0,0,0,0,0,0,0,0,0,0,0,0,0,0,0,
2,0,0,1,1,0,1,1,1,0,0,1,1,0,0,1,0,0,0,0,1,
2,0,0,0,0,0,0,0,1,0,0,0,0,0,0,0,0,0,0,0,1,
2,0,0,0,0,0,0,0,0,0,0,0,0,0,0,0,0,0,0,0,1,
2,0,0,0,0,0,0,0,0,0,0,0,0,0,0,0,0,0,0,0,0,
2,0,1,0,1,0,1,0,1,0,0,0,0,0,0,0,0,0,0,0,1,
2,0,1,0,1,0,1,0,1,0,0,0,0,0,0,0,0,0,0,0,1,
2,0,1,1,1,0,1,0,1,0,1,0,1,0,0,0,0,0,0,0,1,
2,0,1,0,0,0,1,1,1,0,1,0,0,0,0,0,0,0,0,0,1,
2,0,1,0,1,0,1,1,1,0,1,0,1,0,0,0,0,0,1,0,1,
3,1,1,1,1,1,1,1,1,0,1,0,1,1,1,1,1,1,1,0,1,
2,0,1,1,1,1,1,1,1,0,1,0,1,1,1,0,0,0,1,0,1,
2,0,1,1,1,1,1,1,1,0,1,0,1,1,0,0,1,0,1,0,1,
2,1,1,1,1,1,1,1,1,0,1,0,1,1,0,0,1,1,1,0,1,
2,1,1,0,1,1,1,1,1,0,1,0,1,0,0,0,1,1,1,0,1,
2,1,1,1,1,1,1,1,1,0,1,1,1,1,1,1,1,1,1,1,1,
4,0,0,0,0,0,0,0,0,0,0,0,0,0,0,0,0,0,0,0,0,
2,0,0,0,0,0,0,0,0,0,0,0,0,0,0,0,0,0,0,0,0,
2,0,0,0,0,0,0,0,0,0,0,0,0,0,0,0,0,0,0,0,0,
2,0,0,0,0,0,0,0,0,0,0,0,0,0,0,0,0,0,0,0,0,
2,0,0,0,0,0,0,0,0,0,0,0,0,0,0,0,0,0,0,0,0,
2,0,0,0,0,0,0,0,0,0,0,0,0,0,0,0,0,0,0,0,0,
2,0,0,0,0,0,0,0,0,0,0,0,0,0,0,0,0,0,0,0,0,
2,0,0,0,0,0,0,0,0,0,0,0,0,0,0,0,0,0,0,0,0,
2,0,0,0,0,0,0,0,0,0,0,0,0,0,0,0,0,0,0,0,0,
2,0,0,0,0,0,0,0,0,0,0,0,0,0,0,0,0,0,0,0,0,
2,0,0,0,0,0,1,0,0,0,0,0,0,0,0,0,0,0,0,0,0,
2,0,0,0,0,0,0,0,0,0,0,0,0,0,0,0,0,0,0,0,0,
2,0,0,0,0,0,0,0,0,0,0,0,0,0,0,0,0,0,0,0,0,
2,0,0,0,0,0,0,0,0,0,0,0,0,0,0,0,0,0,0,0,0,
3,0,0,0,0,0,0,0,0,0,0,0,0,0,0,1,0,0,0,0,0,
3,1,1,0,1,1,1,1,1,0,1,0,1,0,0,0,0,1,1,0,1,
4,1,1,1,1,1,0,1,1,1,1,1,1,1,1,1,1,1,0,1,1,
5,0,0,0,1,0,0,0,1,0,0,0,0,0,0,0,0,0,0,0,1,
2,0,0,0,0,0,0,0,0,0,0,0,0,0,0,0,0,0,0,0,0,
5,3,3,0,3,3,3,0,3,3,3,0,3,3,3,0,3,3,3,0,3,
2,0,1,0,1,0,1,0,1,0,1,0,0,0,0,0,0,0,1,0,1,
2,0,1,0,1,0,1,1,1,0,1,0,1,0,0,0,0,0,1,0,1,
2,0,1,0,1,1,1,1,1,0,1,0,0,0,0,0,0,0,1,0,1,
2,0,1,1,1,1,1,1,1,0,1,0,1,0,0,1,1,1,1,0,1,
3,1,1,1,1,1,1,1,1,0,1,0,1,0,1,1,1,1,1,0,1,
3,1,1,1,1,1,1,1,1,0,1,0,1,1,1,1,1,1,1,0,1,
3,1,1,1,1,1,1,1,1,0,1,0,1,0,1,1,1,1,1,0,1,
3,1,1,1,1,1,1,1,1,0,1,0,1,0,1,1,1,1,1,0,1,
3,1,1,1,1,1,1,1,1,0,1,0,1,0,1,0,1,1,1,0,1,
2,0,0,0,0,0,0,0,0,0,0,0,0,0,0,0,0,0,0,0,0,
2,1,1,1,1,1,1,1,1,0,1,0,1,1,1,1,1,1,1,0,1,
3,0,0,0,0,0,0,0,0,0,0,0,0,0,0,0,0,0,0,0,0,
2,1,1,1,1,1,1,1,1,0,1,1,1,1,1,1,1,1,1,0,1,
2,0,0,0,0,0,0,0,0,0,0,0,0,0,0,0,0,0,0,0,0,
2,0,0,0,0,0,0,0,0,0,0,0,0,0,0,0,0,0,0,0,0,
2,0,0,0,0,0,0,0,0,0,0,0,0,0,0,0,0,0,0,0,0,
2,0,0,0,0,0,0,0,0,0,0,0,0,0,0,0,0,0,0,0,0,
5,0,0,0,0,0,0,0,0,0,0,0,0,0,0,0,0,0,0,0,0,
2,0,0,0,0,0,0,0,0,0,0,0,0,0,0,0,0,0,0,0,0,
2,0,0,0,0,0,0,0,0,0,0,0,0,0,0,0,0,0,0,0,0,
2,0,0,0,0,0,0,0,0,0,0,0,0,0,0,0,0,0,0,0,0,
2,0,0,0,0,0,0,0,0,0,0,0,0,0,0,0,0,0,0,0,0,
3,0,0,0,1,0,0,0,0,0,0,0,0,1,0,0,0,0,0,0,1,
2,0,0,0,0,0,0,0,0,0,0,0,0,0,0,0,0,0,0,0,0,
2,0,0,0,0,0,0,0,0,0,0,0,0,0,0,0,0,0,0,0,0,
2,0,0,0,0,0,0,0,0,0,0,0,0,0,0,0,0,0,0,0,0,
2,0,0,0,0,0,0,0,0,0,0,0,0,0,0,0,0,0,0,0,0,
3,0,0,0,1,0,0,0,1,0,0,1,0,0,0,0,0,0,0,0,1,
2,0,1,0,1,0,1,0,1,0,0,0,0,0,0,0,0,0,0,0,1,
3,0,1,0,1,0,1,0,1,0,0,0,0,0,0,0,0,0,0,0,1,
2,0,1,0,1,0,1,0,1,0,0,0,0,0,0,0,0,0,0,0,1,
2,0,1,0,1,0,1,1,1,0,1,0,1,0,0,0,0,0,0,0,1,
2,0,1,0,1,0,1,1,1,0,1,0,1,1,0,0,0,0,0,0,1,
5,3,4,4,4,4,3,4,4,0,4,0,4,3,4,4,4,3,4,0,4,
5,0,3,0,1,1,4,1,1,0,3,0,1,0,1,0,1,0,3,0,1,
2,1,1,1,1,1,1,1,1,0,1,0,1,0,1,1,1,0,1,0,1,
5,0,1,1,1,1,1,1,1,0,1,0,1,0,0,0,1,0,1,0,1,
2,0,1,1,1,1,1,1,1,0,1,0,1,0,1,0,1,0,1,0,1,
5,0,0,0,0,0,0,0,0,0,0,0,0,0,0,0,0,0,0,0,0,
2,0,1,1,1,0,1,1,1,0,1,0,1,0,0,0,1,0,1,0,1,
3,0,0,0,0,0,0,1,0,0,0,0,0,0,0,1,0,0,0,0,0,
2,0,0,0,0,0,0,0,0,0,0,0,0,0,0,0,0,0,0,0,0,
2,0,0,0,0,0,0,0,0,0,0,0,0,0,0,0,0,0,0,0,0,
2,0,0,0,0,0,0,0,0,0,0,0,0,0,0,0,0,0,0,0,0,
2,0,0,0,0,0,0,0,0,0,0,0,0,0,0,0,0,0,0,0,0,
2,0,0,0,0,0,0,0,0,0,0,0,0,0,0,0,0,0,0,0,0,
2,0,0,0,0,0,0,0,0,0,0,0,0,0,0,0,0,0,0,0,0,
2,0,0,0,0,0,0,0,0,0,0,0,0,0,0,0,0,0,0,0,0,
2,0,0,0,0,0,0,0,0,0,0,0,0,0,0,0,0,0,0,0,0,
2,0,0,0,0,0,0,0,0,0,0,0,0,0,0,0,0,0,0,0,0,
2,0,0,0,0,0,0,0,0,0,0,0,0,0,0,0,0,0,0,0,0,
2,0,0,0,0,0,0,0,0,0,0,0,0,0,0,0,0,0,0,0,0,
2,0,0,0,0,0,0,0,0,0,0,0,0,0,0,0,0,0,0,0,0,
2,0,0,0,0,0,0,0,0,0,0,0,0,0,0,0,0,0,0,0,0,
4,1,1,1,1,1,1,1,1,0,1,0,1,1,1,1,1,1,1,1,1,
3,1,1,1,1,1,1,1,1,0,1,1,1,1,1,1,1,1,1,1,1,
2,0,0,0,0,0,0,0,0,0,0,0,0,0,0,0,0,0,0,0,0,
2,0,0,0,0,0,0,0,0,0,0,0,0,0,0,0,0,0,0,0,1,
2,0,0,0,0,0,0,0,0,0,0,0,0,0,0,0,0,0,0,0,0,
2,0,1,0,1,0,1,0,1,0,0,0,0,0,0,0,0,0,0,0,1,
2,0,1,0,1,0,1,0,1,0,0,0,1,0,0,0,0,0,0,0,1,
3,1,1,0,1,1,1,1,1,0,1,0,1,1,0,0,1,1,1,0,1,
2,0,1,0,1,1,1,1,1,0,1,0,1,0,0,0,0,0,1,0,1,
2,0,1,0,1,0,1,1,1,0,1,0,1,0,0,0,0,0,0,0,1,
2,0,1,1,1,1,1,1,1,0,1,0,1,0,0,1,0,0,0,0,1,
2,0,1,1,1,1,1,1,1,0,1,0,1,0,0,1,0,0,1,0,1,
2,0,1,1,1,1,1,1,1,0,1,0,1,0,0,1,0,0,1,0,1,
2,0,1,1,1,1,1,1,1,0,1,0,1,0,1,1,1,0,1,0,1,
2,0,1,1,1,1,1,1,1,0,1,0,1,0,1,1,1,0,1,0,1,
2,1,1,1,1,1,1,1,1,0,1,0,1,0,1,1,1,1,1,0,1,
3,0,0,1,1,1,0,0,1,0,1,1,1,0,1,0,1,1,0,1,1,
4,0,0,0,0,0,0,0,0,0,0,0,0,0,0,0,0,0,0,0,0,
2,0,0,0,0,0,0,0,0,0,0,0,0,0,0,0,0,0,0,0,0,
4,2,2,0,2,2,2,0,2,2,2,0,2,2,2,0,2,2,2,0,2,
2,0,0,0,0,0,0,0,0,0,0,0,0,0,0,0,0,0,0,0,0,
2,0,0,0,0,0,0,0,0,0,0,0,0,0,0,0,0,0,0,0,0,
2,0,0,0,0,0,0,0,0,0,0,0,0,0,0,0,0,0,0,0,0,
2,0,0,0,0,0,0,0,0,0,0,0,0,0,0,0,0,0,0,0,0,
2,0,0,0,0,0,0,0,0,0,0,0,0,0,0,0,0,0,0,0,0,
2,0,0,0,0,0,0,0,0,0,0,0,0,0,0,0,0,0,0,0,0,
2,0,0,0,1,0,0,0,0,0,0,0,0,0,0,0,0,0,0,0,1,
3,0,1,1,1,0,1,1,1,0,1,1,1,0,0,1,1,0,1,1,1,
3,0,1,1,1,1,1,1,1,0,1,1,1,1,0,1,1,0,1,1,1,
3,0,1,1,1,0,1,1,1,0,1,1,1,0,0,1,1,0,1,1,1,
3,0,1,1,1,0,1,1,1,0,1,1,1,0,0,1,1,0,1,1,1,
3,1,1,1,1,1,1,1,1,0,1,1,1,1,1,1,1,0,1,1,1,
4,1,1,2,1,1,1,2,1,0,1,1,1,1,1,2,1,1,1,1,1,
3,0,0,0,1,0,0,0,0,0,0,0,0,0,0,1,0,0,0,0,0,
3,0,0,0,0,0,0,1,0,0,0,0,0,0,0,1,0,0,0,0,0,
3,0,0,0,1,0,0,1,0,0,0,0,0,0,0,1,0,0,0,0,0,
3,0,0,0,0,0,0,1,0,0,0,0,0,0,0,0,0,0,0,0,0,
5,0,0,0,0,0,0,1,0,0,0,0,0,0,0,0,0,0,0,0,0,
3,0,1,1,1,1,1,1,1,0,1,1,1,0,0,1,1,0,1,1,1,
3,1,1,1,1,1,1,1,1,0,1,1,1,1,1,1,1,1,1,1,1,
3,0,1,1,1,1,1,1,1,0,1,0,1,1,1,1,1,0,1,0,1,
3,0,1,1,1,1,1,1,1,0,1,0,1,1,1,1,1,0,1,0,1,
2,0,1,1,1,1,1,1,1,0,1,0,1,0,1,1,0,0,1,0,1,
3,0,0,0,0,0,0,0,0,0,0,0,0,0,0,0,0,0,0,0,0,
3,0,0,0,0,0,0,0,0,0,0,0,0,0,0,0,0,0,0,0,0,
2,0,0,0,0,0,0,0,0,0,0,0,0,0,0,0,0,0,0,0,0,
2,0,0,0,0,0,0,0,0,0,0,0,0,0,0,0,0,0,0,0,0,
4,2,2,0,2,2,2,0,2,1,2,0,2,2,2,0,2,1,2,0,2,
2,0,0,0,0,0,0,0,0,0,0,0,0,0,0,0,0,0,0,0,0,
2,0,0,0,1,0,0,0,0,0,0,0,0,0,0,0,0,0,0,0,0,
2,0,0,0,1,0,0,0,0,0,0,0,0,0,0,0,0,0,0,0,0,
2,0,0,0,1,0,0,0,0,0,0,0,0,0,0,0,0,0,0,0,0,
2,0,0,0,1,0,0,0,0,0,0,0,0,0,0,0,0,0,0,0,0,
4,0,0,0,0,0,0,0,0,0,0,0,0,0,0,0,0,0,0,0,0,
5,0,0,0,0,0,0,0,0,0,0,0,0,0,0,0,0,0,0,0,0,
2,0,0,0,0,0,0,0,0,0,0,0,0,0,0,0,0,0,0,0,0,
5,3,3,0,3,3,3,0,3,3,3,0,3,3,3,0,3,3,3,0,3,
2,0,0,0,0,0,0,0,0,0,0,0,0,0,0,0,0,0,0,0,0,
2,0,0,0,0,0,0,0,0,0,0,0,0,0,0,0,0,0,0,0,0,
2,0,0,0,0,0,0,0,0,0,0,0,0,0,0,0,0,0,0,0,0,
2,0,0,0,0,0,0,0,0,0,0,0,0,0,0,0,0,0,0,0,0,
2,0,0,0,0,0,0,0,0,0,0,0,0,0,0,0,0,0,0,0,0,
2,0,0,0,0,0,0,0,0,0,0,0,0,0,0,0,0,0,0,0,0,
9,1,1,1,7,1,0,1,1,0,1,0,1,0,1,1,1,0,0,0,1,
4,0,0,0,1,0,0,1,1,0,0,0,1,0,0,0,0,0,0,0,1,
6,0,1,0,1,0,3,0,1,0,2,0,1,0,0,0,0,0,0,0,1,
4,0,0,0,1,0,1,0,1,0,0,0,0,0,0,0,0,0,0,0,0,
4,0,0,0,1,0,1,0,1,0,0,0,0,0,0,0,0,0,0,0,0,
4,0,0,0,0,0,1,0,0,0,0,0,1,0,0,0,0,0,0,0,0,
4,0,0,0,1,0,1,0,1,0,1,0,1,0,0,0,1,0,1,0,1,
4,0,1,1,1,0,1,0,1,0,1,0,1,0,0,0,1,0,1,0,1,
4,0,1,1,1,0,2,1,2,0,1,0,1,0,1,1,1,0,1,0,1,
4,0,1,0,1,0,1,0,1,0,1,0,1,0,0,0,1,0,1,0,1,
4,0,1,0,1,0,1,0,1,0,1,0,1,0,0,0,1,0,1,0,1,
6,0,0,0,1,0,1,0,0,0,1,0,0,0,0,0,0,0,1,0,0,
6,0,1,0,1,0,1,0,0,0,1,0,0,0,0,0,0,0,1,0,0,
3,0,0,0,0,0,1,0,0,0,0,0,0,0,0,0,0,0,1,0,0,
2,0,0,0,0,0,1,0,0,0,0,0,0,0,0,0,0,0,0,0,0,
2,0,0,0,0,0,1,0,0,0,0,0,0,0,0,0,0,0,0,0,0,
2,0,0,0,0,0,0,0,0,0,0,0,0,0,0,0,0,0,0,0,0,
2,0,0,0,0,0,0,0,0,0,0,0,0,0,0,0,0,0,0,0,0,
2,0,0,0,0,0,0,0,0,0,0,0,0,0,0,0,0,0,0,0,0,
2,0,0,0,0,0,0,0,0,0,0,0,0,0,0,0,0,1,0,0,0,
2,0,0,0,0,0,0,0,0,0,0,0,0,0,0,0,0,0,0,0,0,
3,1,1,0,0,1,0,0,0,0,0,0,0,1,0,0,0,1,0,0,1,
3,0,1,0,1,1,1,0,1,0,0,0,0,1,0,0,0,1,0,0,1,
3,1,1,0,1,1,1,0,1,0,1,0,1,1,1,0,0,1,1,0,1,
3,0,1,0,0,1,1,0,1,0,1,0,0,1,0,0,0,1,1,0,1,
3,0,1,0,0,1,0,0,0,0,1,0,0,1,0,0,0,1,0,0,0,
3,0,1,0,1,1,1,0,1,0,1,0,1,1,0,0,0,1,0,0,1,
5,0,0,0,1,0,0,0,1,0,0,0,1,0,0,0,1,0,0,0,1,
5,0,3,0,1,1,3,0,1,0,3,0,1,1,3,0,1,1,3,0,1,
3,1,1,0,1,1,1,0,1,1,1,0,1,1,1,0,0,1,1,0,1,
6,4,1,0,1,4,1,0,1,4,1,0,1,4,0,0,1,4,1,0,1,
3,0,1,0,1,1,1,0,1,0,1,0,1,1,1,0,1,1,1,0,1,
2,1,1,1,1,1,1,0,1,0,1,0,1,1,1,0,1,1,1,0,1,
2,0,1,1,1,1,1,0,1,0,1,0,1,1,0,0,0,1,0,0,1,
4,1,0,1,0,1,0,0,0,0,0,0,0,0,0,0,0,0,0,0,0,
2,1,1,1,1,1,1,1,1,0,1,0,1,1,0,1,1,1,1,0,1,
2,1,1,1,1,1,1,1,1,0,1,0,1,0,0,0,0,1,1,0,1,
2,0,1,1,1,1,1,1,1,0,1,0,1,0,0,0,0,0,1,0,1,
3,1,1,1,1,1,1,1,1,0,1,0,1,0,1,1,1,0,1,0,1,
4,0,1,0,0,0,1,0,0,0,1,0,0,0,1,0,0,0,1,0,0,
5,0,1,0,0,0,2,0,0,0,1,0,0,0,0,0,0,0,1,0,0,
4,0,1,0,0,0,1,0,0,0,1,0,0,0,0,0,0,0,1,0,0,
5,0,1,1,0,0,1,2,0,0,1,0,0,0,1,1,0,0,1,0,1,
3,0,0,0,0,0,1,0,0,0,0,0,0,0,0,0,0,0,0,0,0,
2,0,0,0,0,0,1,0,0,0,0,0,0,0,0,0,0,0,0,0,0,
2,0,0,0,0,0,1,0,0,0,0,0,0,0,0,0,0,0,0,0,0,
7,1,1,2,1,1,4,1,1,0,1,1,1,0,1,1,0,0,1,2,5,
7,4,4,4,4,4,4,4,4,0,4,4,4,4,4,1,1,4,4,0,4,
5,1,2,1,0,1,2,1,0,0,1,0,0,0,1,0,0,0,1,0,1,
3,1,1,1,1,1,2,1,1,0,1,1,1,0,1,1,0,0,1,0,1,
3,2,1,0,1,0,1,0,1,0,1,0,1,1,1,0,0,2,1,0,1,
3,0,1,0,1,0,1,0,1,0,1,0,1,0,1,0,0,0,1,0,1,
2,0,1,0,1,0,1,0,0,0,1,0,0,0,0,0,0,0,1,0,1,
2,0,0,0,1,0,1,0,0,0,1,0,0,0,1,0,0,0,0,0,1,
2,0,0,0,0,0,0,0,0,0,0,0,0,0,0,0,0,0,0,0,0,
2,0,0,0,0,0,0,0,0,0,0,0,0,0,0,0,0,0,0,0,0,
2,0,0,0,0,0,0,0,0,0,0,0,0,0,0,0,0,0,0,0,0,
2,0,0,0,0,0,0,0,0,0,0,0,0,0,0,0,0,0,0,0,0,
2,0,0,0,0,0,0,0,1,0,0,0,0,0,0,0,0,0,0,0,0,
2,0,0,0,1,0,0,0,1,0,0,0,0,0,0,0,0,0,0,0,0,
2,0,0,0,1,0,0,0,1,0,0,0,1,0,0,0,0,0,0,0,1,
2,0,1,0,1,0,1,1,1,0,1,0,0,0,0,0,0,0,0,0,1,
3,1,1,0,2,2,1,0,1,1,2,0,1,1,1,0,1,1,1,0,2,
2,0,0,0,1,0,0,0,1,0,0,0,1,0,0,0,0,0,0,0,1,
5,0,0,0,4,1,1,0,1,0,1,0,1,0,0,0,0,0,0,0,1,
2,0,0,0,0,0,0,0,0,0,0,0,0,0,0,0,0,0,0,0,0,
2,1,1,1,1,1,1,1,1,0,1,0,1,0,1,0,1,0,1,0,1,
6,4,4,0,4,4,4,1,4,3,4,0,4,4,4,0,4,4,4,0,4,
2,1,1,1,1,1,1,1,1,0,1,0,1,1,1,1,1,1,1,0,1,
2,1,1,1,1,1,1,1,1,0,1,0,1,1,1,1,1,1,1,0,1,
2,1,1,1,1,1,1,1,1,0,1,0,1,1,1,1,1,0,1,0,1,
3,1,1,1,1,1,1,1,1,0,1,0,1,1,1,1,1,1,1,0,1,
2,1,1,1,1,1,1,1,1,0,1,0,1,1,1,1,1,1,1,0,1,
2,0,0,0,0,0,0,0,0,0,0,0,0,0,0,0,0,0,0,0,0,
2,0,0,0,0,0,0,0,0,0,0,0,0,0,0,0,0,0,0,0,0,
2,0,0,0,0,0,0,0,0,0,0,0,0,0,0,0,0,0,0,0,0,
2,0,0,0,0,0,0,0,0,0,0,0,0,0,0,0,0,0,0,0,0,
2,0,0,0,0,0,0,0,0,0,0,0,0,0,0,0,0,0,0,0,0,
2,0,0,0,0,0,0,0,0,0,0,0,0,0,0,0,0,0,0,0,0,
3,0,0,0,0,0,0,0,0,0,0,0,0,0,0,0,0,0,0,0,0,
2,0,0,0,0,0,0,0,0,0,0,0,0,0,0,0,0,0,0,0,0,
4,0,0,0,2,0,0,0,2,0,0,0,0,0,0,0,0,0,0,0,2,
2,0,0,0,0,0,0,0,0,0,0,0,0,0,0,0,0,0,0,0,0,
2,0,0,0,0,0,0,0,0,0,0,0,0,0,0,0,0,0,0,0,0,
2,0,0,0,0,0,0,0,0,0,0,0,0,0,0,0,0,0,0,0,1,
5,0,0,0,0,0,0,0,0,0,0,0,0,0,0,0,0,0,0,0,0,
2,0,0,0,0,0,0,0,0,0,0,0,0,0,0,0,0,0,0,0,1,
2,0,0,0,0,0,0,0,0,0,0,0,0,0,0,0,0,0,0,0,1,
2,0,0,0,0,0,0,0,0,0,0,0,0,0,0,0,0,0,0,0,1,
2,0,0,0,0,0,0,0,0,0,0,0,0,0,0,0,0,0,0,0,1,
2,0,0,0,0,0,0,0,1,0,0,0,0,0,0,0,0,0,0,0,1,
2,0,0,0,0,0,0,0,0,0,0,0,0,0,0,0,0,0,0,0,1,
2,0,1,0,0,0,1,1,1,0,1,0,0,0,0,0,0,0,0,0,1,
2,0,1,0,0,0,0,1,0,0,1,0,0,0,0,0,0,0,0,0,1,
2,0,0,0,0,0,0,0,1,0,0,0,0,0,0,0,0,0,0,0,1,
2,0,1,0,0,0,1,0,1,0,1,0,0,0,0,0,0,0,0,0,1,
5,1,4,1,4,1,4,4,4,0,4,0,4,1,1,1,1,1,4,0,4,
3,1,1,1,1,1,1,1,1,0,1,0,1,0,1,1,1,0,1,0,1,
2,0,1,0,1,1,1,1,1,0,1,0,1,0,0,0,0,0,1,0,1,
3,0,0,0,0,0,0,0,0,0,0,0,0,0,0,0,0,0,0,0,0,
3,1,1,1,1,1,1,1,1,0,1,0,1,1,1,1,1,1,1,0,1,
5,0,0,0,0,0,0,0,0,0,0,0,0,0,0,0,0,0,0,0,0,
2,0,1,0,1,0,1,0,1,0,1,0,1,0,0,0,0,0,0,0,1,
2,1,1,1,1,1,1,1,1,0,1,0,1,1,1,1,1,0,1,0,1,
4,0,0,0,0,0,0,0,0,0,0,0,0,0,0,0,0,0,0,0,0,
2,0,0,0,0,0,0,0,0,0,0,0,0,0,0,0,0,0,0,0,0,
2,0,0,0,0,0,0,0,0,0,0,0,0,0,0,0,0,0,0,0,0,
2,0,0,0,0,0,0,0,0,0,0,0,0,0,0,0,0,0,0,0,0,
2,0,0,0,0,0,0,0,0,0,0,0,0,0,0,0,0,0,0,0,0,
2,0,0,0,0,0,0,0,0,0,0,0,0,0,0,0,0,0,0,0,0,
2,0,0,0,0,0,0,0,0,0,0,0,0,0,0,0,0,0,0,0,0,
2,0,0,0,0,0,0,0,0,0,0,0,0,0,0,0,0,0,0,0,0,
2,0,0,0,0,0,0,0,0,0,0,0,0,0,0,0,0,0,0,0,0,
2,0,0,0,0,0,0,0,0,0,0,0,0,0,0,0,0,0,0,0,0,
2,0,0,0,0,0,0,0,0,0,0,0,0,0,0,0,0,0,0,0,0,
2,0,0,0,0,0,0,0,0,0,0,0,0,0,0,0,0,0,0,0,0,
3,1,1,1,1,1,1,1,1,0,1,0,1,1,1,1,1,1,1,0,1,
2,0,0,0,0,0,0,0,1,0,0,0,0,0,0,0,0,0,0,0,0,
2,0,0,0,0,0,0,0,1,0,0,0,0,0,0,0,0,0,0,0,0,
2,0,0,0,0,0,0,0,0,0,1,0,0,0,0,0,0,0,0,0,1,
2,0,1,0,1,0,1,1,1,0,1,0,0,0,0,0,0,0,0,0,1,
2,0,1,1,1,0,1,1,1,0,0,0,0,0,0,0,0,0,0,0,1,
5,0,0,0,0,0,1,1,1,0,0,0,0,0,0,0,0,0,0,0,0,
2,0,1,0,1,0,1,1,1,0,1,0,0,0,0,0,0,0,0,0,1,
2,0,1,0,1,0,1,1,1,0,1,0,0,0,0,0,0,0,0,0,1,
2,0,1,0,1,0,1,1,1,0,1,0,0,0,0,0,0,0,1,0,1,
2,0,1,1,1,1,1,1,1,0,1,0,1,0,1,0,0,0,0,0,1,
2,0,1,1,1,1,1,1,1,0,1,0,1,0,1,1,0,0,1,0,1,
2,1,1,1,1,1,1,1,1,0,1,0,1,1,1,1,1,1,1,0,1,
2,1,1,1,1,1,1,1,1,0,1,0,1,0,1,1,0,1,1,0,1,
2,1,1,1,1,1,1,1,1,0,1,0,1,1,1,1,1,1,1,0,1,
3,0,0,0,0,0,0,0,0,0,0,0,0,0,0,0,0,0,0,0,0,
1,1,1,1,1,1,1,1,1,0,1,0,1,1,1,1,1,1,1,0,1,
1,0,0,0,0,0,0,0,0,0,0,0,0,0,0,0,0,0,0,0,0,
1,0,0,0,0,0,0,0,0,0,0,0,0,0,0,0,0,0,0,0,0,
2,1,0,0,0,0,0,0,0,0,0,0,0,0,0,0,0,0,0,0,0,
2,0,0,0,0,0,0,0,0,0,0,0,0,0,0,0,0,0,0,0,0,
2,0,0,0,0,0,0,0,0,0,0,0,0,0,0,0,0,0,0,0,0,
5,0,0,0,0,0,0,0,0,0,0,0,0,0,0,0,0,0,0,0,0,
2,0,1,0,1,1,1,1,1,0,1,0,0,0,0,0,0,0,0,0,1,
2,0,0,0,0,0,0,0,0,0,0,0,0,0,0,0,0,0,0,0,0,
4,0,0,0,0,3,0,0,0,0,0,0,0,0,0,0,0,0,0,0,0,
2,0,0,0,0,0,0,0,0,0,0,0,0,0,0,0,0,0,0,0,0,
2,0,0,0,0,0,0,0,0,0,0,0,0,0,0,0,0,0,0,0,0,
2,0,0,0,0,0,0,0,0,0,0,0,0,0,0,0,0,0,0,0,0,
2,0,0,0,0,0,0,0,0,0,0,0,0,0,0,0,0,0,0,0,0,
2,0,0,0,0,0,0,0,0,0,0,0,0,0,0,0,0,0,0,0,0,
2,0,0,0,0,0,0,0,0,0,0,0,0,0,0,0,0,0,0,0,0,
2,0,0,0,0,0,0,0,1,0,0,0,0,0,0,0,0,0,0,0,1,
4,0,0,2,0,0,0,2,0,0,0,2,0,0,0,2,0,0,0,2,0,
2,0,0,0,0,0,0,0,1,0,0,0,0,0,0,0,0,0,0,0,1,
2,0,1,0,0,0,1,0,1,0,1,0,0,0,0,0,0,0,1,0,1,
2,0,1,0,1,0,1,1,1,0,1,0,0,0,0,0,0,0,1,0,1,
2,0,0,0,0,0,0,0,1,0,0,0,0,0,0,0,0,0,0,0,1,
2,0,1,0,1,0,1,1,1,0,1,0,0,0,0,0,0,0,0,0,1,
2,0,1,0,1,0,1,1,1,0,1,0,0,0,0,0,0,0,1,0,1,
2,0,1,0,1,1,1,1,1,0,1,0,1,0,0,0,0,0,1,0,1,
2,0,1,1,1,1,1,1,1,0,1,0,1,0,1,0,0,0,1,0,1,
2,0,0,0,0,0,0,0,0,0,0,0,0,0,0,0,0,0,0,0,0,
4,0,0,0,0,0,0,0,0,0,0,0,0,0,0,0,0,0,0,0,1,
3,0,0,0,0,0,0,0,0,0,0,0,0,0,0,0,0,0,0,0,0,
3,0,0,0,0,0,0,0,0,0,0,0,0,0,0,0,0,0,0,0,0,
3,0,0,0,0,0,0,0,0,0,0,0,0,0,0,0,0,0,0,0,0,
1,0,0,0,0,0,0,0,0,0,0,0,0,0,0,0,0,0,0,0,0,
2,0,0,0,0,0,0,0,0,0,0,0,0,0,0,0,0,0,0,0,0,
2,0,0,0,0,0,0,0,0,0,0,0,0,0,0,0,0,0,0,0,0,
2,0,0,0,0,0,0,0,0,0,0,0,0,0,0,0,0,0,0,0,0,
2,0,0,0,0,0,0,0,0,0,0,0,0,0,0,0,0,0,0,0,0,
2,0,0,0,0,0,0,0,0,0,0,0,0,0,0,0,0,0,0,0,0,
2,0,0,0,0,0,0,0,0,0,0,0,0,0,0,0,0,0,0,0,0,
2,0,0,0,0,0,0,0,0,0,0,0,0,0,0,0,0,0,0,0,0,
2,0,0,0,0,0,0,0,0,0,0,0,0,0,0,0,0,0,0,0,0,
2,0,0,0,0,0,0,0,0,0,0,0,0,0,0,0,0,0,0,0,0,
2,0,0,0,0,0,0,0,0,0,0,0,0,0,0,0,0,0,0,0,0,
2,0,0,0,0,0,0,0,0,0,0,0,0,0,0,0,0,0,0,0,0,
9,0,0,0,0,0,0,3,0,0,0,0,0,0,0,0,0,0,0,0,3,
8,1,1,1,1,1,1,1,1,1,2,0,1,1,1,0,1,1,1,0,2,
3,0,0,0,0,0,1,0,0,0,1,0,0,0,0,0,0,0,0,0,0,
5,0,0,1,1,1,0,0,1,0,1,1,1,0,1,0,1,1,0,0,1,
2,1,1,1,1,1,1,1,1,0,1,0,1,1,1,1,1,1,1,0,1,
2,1,1,1,1,1,1,1,1,0,1,0,1,1,1,1,1,0,1,0,1,
2,1,1,1,1,1,1,1,1,0,1,0,1,0,1,1,0,0,1,0,1,
5,1,4,1,4,1,4,1,1,0,1,0,1,1,1,1,1,0,4,0,4,
2,1,1,1,1,1,1,1,1,0,1,0,1,0,1,1,0,0,1,0,1,
2,1,1,1,1,1,1,1,1,0,1,0,1,1,1,1,1,0,1,0,1,
2,1,1,1,1,1,1,0,1,0,1,0,1,0,1,1,0,0,0,0,1,
2,0,1,1,1,1,1,1,1,0,1,0,1,0,1,0,1,0,1,0,1,
2,1,1,1,1,1,1,1,1,0,1,0,1,1,1,1,1,0,1,0,1,
2,1,1,1,1,1,1,1,1,0,1,0,1,1,1,1,1,0,1,0,1,
2,1,1,1,1,1,1,1,1,0,1,0,1,1,1,1,1,0,1,0,1,
2,1,1,1,1,1,1,1,1,0,1,0,1,1,1,1,1,0,1,0,1,
2,1,1,1,1,1,1,1,1,0,1,0,1,1,1,1,1,1,1,0,1,
2,1,1,1,1,1,1,1,1,0,1,0,1,1,1,1,1,1,1,0,1,
1,0,0,0,0,0,0,0,0,0,0,0,0,0,0,0,0,0,0,0,0,
1,0,0,0,0,0,0,0,0,0,0,0,0,0,0,0,0,0,0,0,0,
2,0,0,0,0,0,0,0,0,0,0,0,0,0,0,0,0,0,0,0,0,
2,0,0,1,1,0,0,0,1,0,0,0,0,0,0,0,0,0,0,0,1,
3,0,0,1,0,0,1,1,0,0,0,0,0,0,0,0,0,0,0,0,1,
2,0,0,0,0,0,0,0,0,0,0,0,0,0,0,0,0,0,0,0,0,
2,0,0,0,0,0,0,0,0,0,0,0,0,0,0,0,0,0,0,0,0,
2,0,0,0,0,0,0,0,0,0,0,0,0,0,0,0,0,0,0,0,0,
2,0,0,0,0,0,0,0,0,0,0,0,0,0,0,0,0,0,0,0,0,
2,0,0,0,0,0,0,0,0,0,0,0,0,0,0,0,0,0,0,0,0,
2,0,0,0,0,0,0,0,0,0,0,0,0,0,0,0,0,0,0,0,0,
2,0,0,0,0,0,0,0,0,0,0,0,0,0,0,0,0,0,0,0,0,
2,0,0,0,0,0,0,0,0,0,0,0,0,0,0,0,0,0,0,0,0,
2,0,0,0,0,0,0,0,0,0,0,0,0,0,0,0,0,0,0,0,0,
2,0,0,0,0,0,0,0,0,0,0,0,0,0,0,0,0,0,0,0,0,
2,0,0,0,0,0,0,0,0,0,0,0,0,0,0,0,0,0,0,0,1,
2,0,0,0,0,0,0,0,0,0,0,0,0,0,0,0,0,0,0,0,1,
2,0,0,0,0,0,0,0,0,0,1,0,0,0,0,0,0,0,0,0,1,
2,0,1,0,0,0,1,0,0,0,1,0,0,0,0,0,0,0,0,0,1,
2,0,1,1,1,1,1,0,1,0,1,0,0,0,1,1,0,0,0,0,1,
2,0,1,1,1,1,1,0,1,0,1,0,0,0,1,1,0,0,0,0,1,
2,0,1,1,1,1,1,0,1,0,1,0,0,0,0,0,0,0,0,0,1,
2,1,1,1,1,1,1,1,1,0,1,0,1,1,1,1,1,1,1,0,1,
2,1,1,1,1,1,1,1,1,1,1,0,1,1,1,1,1,1,1,0,1,
2,1,1,1,1,1,1,1,1,1,1,0,1,1,1,0,1,1,1,0,1,
2,0,0,0,0,0,0,0,0,0,0,0,0,0,0,0,0,0,0,0,0,
2,1,1,1,1,1,1,1,1,0,1,0,1,1,1,1,1,1,1,0,1,
2,0,0,0,0,0,0,0,0,0,0,0,0,0,0,0,0,0,0,0,0,
2,1,1,1,1,1,1,1,1,0,1,0,1,1,1,1,1,0,1,0,1,
2,0,0,0,0,0,0,0,0,0,0,0,0,0,0,0,0,0,0,0,0,
1,0,0,0,0,0,0,0,0,0,0,0,0,0,0,0,0,0,0,0,0,
1,0,0,0,0,0,0,0,0,0,0,0,0,0,0,0,0,0,0,0,0,
1,0,0,0,0,0,0,0,0,0,0,0,0,0,0,0,0,0,0,0,0,
2,0,0,0,0,0,0,0,0,0,0,0,0,0,0,0,0,0,0,0,0,
2,0,0,0,0,0,0,0,0,0,0,0,0,0,0,0,0,0,0,0,0,
2,0,0,0,0,0,0,0,0,0,0,0,0,0,0,0,0,0,0,0,0,
2,0,0,0,0,0,0,0,0,0,0,0,0,0,0,0,0,0,0,0,0,
2,0,0,0,0,0,0,0,0,0,0,0,0,0,0,0,0,0,0,0,0,
2,0,0,0,0,0,0,0,0,0,0,0,0,0,0,0,0,0,0,0,0,
2,0,0,0,0,0,0,0,0,0,0,0,0,0,0,0,0,0,0,0,0,
2,0,0,0,0,0,0,0,0,0,0,0,0,0,0,0,0,0,0,0,0,
4,1,1,1,1,1,1,1,1,0,1,0,1,1,1,1,1,1,1,0,1,
2,0,1,0,1,0,1,0,1,0,1,0,0,0,1,0,0,0,1,0,1,
2,0,1,0,1,0,1,0,1,0,1,0,0,0,0,0,0,0,0,0,1,
2,1,0,1,1,1,1,0,1,0,1,0,0,0,1,1,0,0,0,0,1,
2,1,1,1,1,1,1,1,1,0,1,1,1,0,1,1,1,0,1,1,1,
2,1,1,1,1,1,0,1,1,0,1,0,0,0,1,1,0,0,0,0,1,
2,1,0,1,1,1,1,1,1,0,1,1,0,0,1,1,0,0,0,1,1,
2,0,0,1,1,1,1,0,1,0,1,0,0,0,1,0,0,0,0,0,1,
2,1,1,1,1,1,1,1,1,0,1,0,0,0,1,1,0,0,1,0,1,
2,1,1,1,1,1,1,1,1,0,1,0,0,0,1,1,0,0,1,0,1,
2,1,1,1,1,1,1,1,1,0,1,0,0,0,1,1,0,0,1,0,1,
2,1,1,1,1,1,1,1,1,0,1,0,1,0,1,1,0,0,1,0,1,
2,1,1,1,1,1,1,1,1,0,1,0,1,0,1,1,0,0,1,0,1,
2,1,1,1,1,1,1,1,1,0,1,0,1,0,1,1,0,0,1,0,1,
2,1,1,1,1,1,1,1,1,0,1,0,1,1,1,1,1,0,1,0,1,
2,1,1,1,1,1,1,1,1,0,1,0,1,1,1,1,1,1,1,0,1,
4,1,1,1,1,1,1,0,1,0,1,0,0,0,1,1,0,0,0,0,1,
2,1,1,1,1,1,1,1,1,0,1,1,1,1,1,1,1,1,1,0,1,
4,1,1,0,1,1,1,0,1,1,1,0,1,1,1,0,1,1,1,0,1,
2,0,0,0,0,0,0,0,0,0,0,0,0,0,0,0,0,0,0,0,0,
1,0,0,0,0,0,0,0,0,0,0,0,0,0,0,0,0,0,0,0,0,
2,0,0,0,0,0,0,0,0,0,0,0,0,0,0,0,0,0,0,0,0,
2,0,0,0,0,0,0,0,0,0,0,0,0,0,0,0,0,0,0,0,0,
2,0,0,0,0,0,0,0,0,0,0,0,0,0,0,0,0,0,0,0,0,
2,0,0,0,0,0,0,0,0,0,0,0,0,0,0,0,0,0,0,0,0,
2,0,0,0,0,0,0,0,0,0,0,0,0,0,0,0,0,0,0,0,0,
2,0,0,0,0,0,0,0,0,0,0,0,0,0,0,0,0,0,0,0,0,
2,0,0,0,0,0,0,0,0,0,0,0,0,0,0,0,0,0,0,0,0,
2,0,0,0,0,0,0,0,0,0,0,0,0,0,0,0,0,0,0,0,0,
2,0,0,0,0,0,0,0,0,0,0,0,0,0,0,0,0,0,0,0,0,
2,0,0,0,0,0,0,0,0,0,0,0,0,0,0,0,0,0,0,0,0,
2,0,0,0,0,0,0,0,0,0,0,0,0,0,0,0,0,0,0,0,0,
2,1,0,0,0,0,0,0,0,0,0,0,0,0,0,0,0,0,0,0,1,
2,0,0,0,0,0,0,0,0,0,0,0,0,0,0,0,0,0,0,0,0,
2,0,0,0,0,0,0,0,0,0,0,0,0,0,0,0,0,0,0,0,1,
2,0,0,1,1,0,1,1,0,0,1,0,0,0,0,0,0,0,0,0,1,
2,0,0,0,0,0,0,0,0,0,0,0,0,0,0,0,0,0,0,0,1,
4,0,0,0,0,0,1,0,0,0,0,0,0,0,0,0,0,0,0,0,1,
2,0,0,1,1,0,1,0,1,0,1,0,1,0,0,0,0,0,0,0,1,
2,0,1,1,1,0,1,0,0,0,1,0,0,0,0,0,0,0,0,0,1,
2,0,0,0,1,1,1,0,1,0,1,0,0,0,0,0,0,0,0,0,1,
2,1,1,1,1,1,1,1,1,0,1,0,1,0,1,1,1,0,1,0,1,
2,1,1,1,1,1,1,1,1,0,1,1,1,0,1,1,1,0,1,0,1,
3,1,1,1,1,1,1,1,1,0,1,0,1,1,1,1,1,0,1,0,1,
2,0,0,0,0,0,0,0,0,0,0,0,0,0,0,0,0,0,0,0,0,
2,1,1,1,1,1,1,1,1,0,1,0,1,1,1,1,1,1,1,0,1,
3,0,0,0,0,0,0,0,0,0,0,0,0,0,0,0,0,0,0,0,0,
2,0,0,0,0,0,0,0,0,0,0,0,0,0,0,0,0,0,0,0,0,
2,0,0,0,0,0,0,0,0,0,0,0,0,0,0,0,0,0,0,0,0,
2,0,0,0,0,0,0,0,0,0,0,0,0,0,0,0,0,0,0,0,0,
2,0,0,0,0,0,0,0,0,0,0,0,0,0,0,0,0,0,0,0,0,
2,0,0,0,0,0,0,0,0,0,0,0,0,0,0,0,0,0,0,0,0,
2,0,0,0,0,0,0,0,0,0,0,0,0,0,0,0,0,0,0,0,0,
3,0,0,0,0,0,0,0,0,0,0,0,0,0,0,0,0,0,0,0,0,
2,0,0,0,0,0,0,0,0,0,0,0,0,0,0,0,0,0,0,0,0,
2,0,0,0,0,0,0,0,0,0,0,0,0,0,0,0,0,0,0,0,0,
2,0,0,0,0,0,0,0,0,0,0,0,0,0,0,0,0,0,0,0,0,
2,0,0,0,0,0,0,0,0,0,0,0,0,0,0,0,0,0,0,0,0,
2,0,0,0,0,0,0,0,0,0,0,0,0,0,0,0,0,0,0,0,0,
2,0,0,0,0,0,0,0,0,0,0,0,0,0,0,0,0,0,0,0,0,
2,0,0,0,0,0,0,0,0,0,0,0,0,0,0,0,0,0,0,0,0,
2,0,0,0,0,0,0,0,0,0,0,0,0,0,0,0,0,0,0,0,0,
2,0,0,1,0,0,0,0,0,0,0,0,0,0,0,0,0,0,0,0,1,
2,0,0,0,1,1,1,0,0,0,1,0,0,1,0,0,0,0,0,0,1,
2,0,1,0,1,1,1,0,1,0,1,0,1,0,0,0,0,0,0,0,1,
4,1,1,0,1,1,1,0,1,0,1,0,1,0,1,0,1,0,1,0,1,
2,0,0,0,0,0,0,0,0,0,0,0,1,0,0,0,0,0,0,0,0,
2,1,0,0,0,0,0,0,1,0,0,0,1,0,0,0,0,0,0,0,1,
2,0,0,1,1,1,1,0,1,0,1,0,1,0,0,0,0,0,0,0,1,
25,4,1,16,8,1,4,4,16,7,16,1,1,0,0,21,0,16,16,0,1,
18,1,3,1,1,1,2,1,1,0,1,3,1,1,3,0,1,1,2,0,2,
6,0,1,0,0,0,1,1,0,0,1,0,0,0,0,0,0,0,1,0,1,
4,0,0,0,0,0,0,0,0,0,0,0,0,0,0,0,0,0,0,0,0,
4,1,1,0,1,1,1,1,1,0,1,0,1,1,1,0,0,0,1,0,1,
5,0,1,0,1,0,1,0,0,0,1,0,0,0,0,0,0,0,0,0,1,
3,0,1,0,0,0,0,0,0,0,0,0,0,0,0,0,0,0,0,0,1,
4,1,1,0,1,1,1,1,1,0,1,1,1,0,1,0,1,0,1,0,1,
4,0,0,0,0,0,0,0,0,0,0,0,0,0,0,0,0,0,0,0,0,
4,1,1,1,1,1,1,1,1,0,1,1,1,1,1,1,1,1,1,1,1,
3,0,0,0,0,0,0,0,0,0,0,0,0,0,0,0,0,0,0,0,0,
2,0,1,0,0,0,1,1,0,0,1,1,0,0,1,0,0,0,0,0,1,
2,0,0,0,0,0,0,0,0,0,0,0,0,0,0,0,0,0,0,0,0,
2,0,0,0,0,0,0,0,0,0,0,0,0,0,0,0,0,0,0,0,0,
2,0,0,0,0,0,0,0,0,0,0,0,0,0,0,0,0,0,0,0,0,
2,0,0,0,1,0,0,0,0,0,0,0,1,0,0,0,0,0,0,0,0,
2,0,0,0,0,0,0,0,0,0,0,0,0,0,0,0,0,0,0,0,0,
2,0,0,0,0,0,0,0,0,0,0,0,0,0,0,0,0,0,0,0,0,
2,0,0,0,0,0,0,0,0,0,0,0,0,0,0,0,0,0,0,0,0,
2,0,0,0,0,0,0,0,0,0,0,0,0,0,0,0,0,0,0,0,0,
2,0,0,0,0,0,0,0,0,0,0,0,0,0,0,0,0,0,0,0,0,
3,0,0,0,0,0,0,0,0,0,0,0,0,0,0,0,0,0,0,0,0,
2,0,0,0,0,0,0,0,0,0,0,0,0,0,0,0,0,0,0,0,0,
2,1,1,0,1,1,1,0,1,0,1,0,1,1,1,0,1,1,1,0,1,
2,0,0,0,0,0,0,0,0,0,0,0,0,0,0,0,0,0,0,0,0,
2,0,1,0,1,0,1,0,1,0,1,0,0,0,1,0,0,0,0,0,1,
2,0,1,0,1,1,1,0,1,0,1,0,1,0,1,0,0,0,1,0,1,
2,0,1,1,1,1,1,1,1,0,1,0,1,0,1,0,1,0,1,0,1,
2,0,1,1,1,1,1,1,1,0,1,0,1,0,1,0,1,0,1,0,1,
2,0,1,1,1,1,1,1,1,0,1,0,1,0,0,0,1,0,1,0,1,
3,0,1,1,1,1,1,0,1,0,1,0,1,0,1,0,1,0,1,0,1,
2,1,1,1,1,1,1,1,1,0,1,0,1,0,1,1,1,0,1,0,1,
3,1,1,1,1,1,1,1,1,0,1,0,1,1,1,0,1,1,1,0,1,
5,1,1,1,4,1,1,1,1,0,1,0,1,1,1,1,1,1,1,0,1,
2,1,1,1,1,1,1,1,1,0,1,0,1,1,1,1,1,1,1,0,1,
2,1,1,1,1,1,1,1,1,0,1,0,1,1,1,1,1,1,1,0,1,
2,1,1,1,1,1,1,1,1,0,1,1,1,1,1,1,1,1,1,1,1,
2,1,1,1,1,1,1,1,1,0,1,1,1,1,1,1,1,1,1,0,1,
2,1,1,1,1,1,1,1,1,0,1,1,1,1,1,1,1,1,1,0,1,
3,0,0,0,0,0,0,0,0,0,0,0,0,0,0,0,0,0,0,0,0,
2,0,0,0,0,0,0,0,0,0,0,0,0,0,0,0,0,0,0,0,0,
2,1,1,1,1,1,1,1,1,0,1,0,1,1,1,1,1,1,1,0,1,
3,0,0,0,0,0,0,1,0,0,0,0,0,0,0,0,0,0,0,0,0,
4,0,0,0,0,0,0,0,0,0,0,0,0,0,0,0,0,0,0,0,0,
2,0,0,0,0,0,0,0,0,0,0,0,0,0,0,0,0,0,0,0,0,
2,0,0,0,1,0,0,1,1,0,0,0,1,0,0,0,1,0,0,0,1,
2,0,1,0,0,0,0,0,0,0,1,0,0,0,0,0,0,0,0,0,0,
2,0,0,0,0,0,0,0,0,0,0,0,0,0,0,0,0,0,0,0,0,
2,0,0,0,0,0,0,0,0,0,0,0,0,0,0,0,0,0,0,0,0,
2,0,0,0,0,0,0,0,0,0,0,0,0,0,0,0,0,0,0,0,0,
2,0,0,0,0,0,0,0,0,0,0,0,0,0,0,0,0,0,0,0,0,
2,1,1,1,1,1,1,1,1,0,1,0,1,0,1,0,1,0,1,0,1,
2,0,1,0,1,0,1,1,1,0,1,0,0,0,0,0,0,0,1,0,1,
2,0,0,1,1,1,0,1,1,0,1,1,1,0,0,0,1,1,0,1,1,
2,0,0,0,0,0,0,0,0,0,0,0,0,0,0,0,0,0,0,0,0,
2,0,0,0,1,0,0,0,0,0,0,0,1,0,0,0,0,0,0,0,1,
2,0,0,0,1,0,0,0,0,0,0,0,0,0,0,0,0,0,0,0,1,
2,1,1,1,1,1,1,1,1,0,1,0,1,0,1,0,0,0,1,0,1,
4,0,0,0,0,0,0,0,0,0,0,0,0,0,0,0,0,0,0,0,0,
2,1,1,1,1,1,1,1,1,0,1,0,1,0,1,1,1,0,1,0,1,
3,2,2,0,2,2,2,0,2,1,2,0,2,1,2,0,2,1,2,0,2,
2,1,1,1,1,1,1,1,1,0,1,0,1,0,1,1,1,1,1,0,1,
2,1,1,1,1,1,1,1,1,0,1,0,1,0,1,1,1,0,1,0,1,
2,1,1,1,1,1,1,1,1,0,1,0,1,1,1,1,1,1,1,0,1,
2,1,1,1,1,1,1,1,1,0,1,0,1,1,1,1,1,1,1,0,1,
2,1,1,1,1,1,1,1,1,0,1,1,1,1,1,1,1,1,1,0,1,
2,1,1,1,1,1,1,1,1,0,1,0,1,0,1,1,1,0,1,0,1,
2,1,1,1,1,1,1,1,1,0,1,1,1,1,1,1,1,1,1,1,1,
2,0,0,0,0,0,0,0,0,0,0,0,0,0,0,0,0,0,0,0,0,
3,0,0,0,0,0,0,0,0,0,0,0,0,0,0,0,0,0,0,0,0,
2,0,0,0,0,0,0,0,0,0,0,0,0,0,0,0,0,0,0,0,0,
2,0,0,0,0,0,0,0,0,0,0,0,0,0,0,0,0,0,0,0,0,
2,0,0,0,0,0,0,0,0,0,0,0,0,0,0,0,0,0,0,0,0,
2,0,0,0,0,0,0,0,0,0,0,0,0,0,0,0,0,0,0,0,0,
2,0,0,0,0,0,0,0,0,0,0,0,0,0,0,0,0,0,0,0,0,
2,0,0,0,0,0,0,0,0,0,0,0,0,0,0,0,0,0,0,0,0,
2,0,0,0,0,0,0,0,0,0,0,0,0,0,0,0,0,0,0,0,0,
2,0,0,0,0,0,0,0,0,0,0,0,0,0,0,0,0,0,0,0,0,
2,0,1,1,1,1,1,1,1,0,1,0,0,0,0,0,0,0,1,0,1,
2,0,0,0,1,0,0,0,0,0,0,0,0,0,0,0,0,0,0,0,1,
2,0,1,1,1,0,1,1,1,0,1,0,1,0,0,0,0,0,0,0,1,
2,0,0,0,0,0,0,0,0,0,0,0,0,0,0,0,0,0,0,0,0,
2,0,1,0,0,0,1,0,0,0,1,0,0,0,0,0,0,0,0,0,0,
2,0,0,0,0,0,0,0,0,0,0,0,0,0,0,0,0,0,0,0,1,
2,0,1,0,1,0,1,0,1,0,1,0,0,0,1,0,0,0,1,0,1,
2,0,1,0,1,1,1,1,1,0,1,0,1,0,0,0,0,0,1,0,1,
2,0,1,0,0,0,0,0,0,0,1,0,0,0,0,0,0,0,0,0,1,
2,0,1,1,1,1,1,1,1,0,1,0,1,0,1,1,0,0,1,0,1,
2,1,1,1,1,1,1,1,1,0,1,0,1,1,1,1,0,1,1,0,1,
4,1,1,1,1,1,1,1,1,0,1,1,1,1,1,1,1,1,1,1,1,
3,0,0,0,0,0,0,0,0,0,0,0,0,0,0,0,0,0,0,0,1,
3,0,0,0,0,0,0,1,0,0,0,0,0,0,0,0,0,0,0,0,0,
2,1,1,1,1,1,1,1,1,0,1,1,1,1,1,1,1,1,1,1,1,
2,1,1,1,1,1,1,1,1,0,1,1,1,0,1,1,1,1,1,0,1,
4,0,0,0,0,0,0,0,0,0,0,0,0,0,0,0,0,0,0,0,0,
5,1,4,1,1,1,4,1,1,0,4,0,1,1,3,1,1,1,3,0,1,
4,1,1,1,1,1,1,1,1,0,1,0,1,1,1,1,1,1,1,0,1,
5,3,3,1,3,3,3,1,3,3,3,0,3,3,3,1,3,3,3,0,3,
5,0,0,0,2,0,0,0,0,0,0,0,0,0,0,0,0,0,0,0,0,
3,0,1,1,1,1,1,1,1,0,1,1,1,0,1,1,1,1,1,0,1,
3,0,0,0,1,0,0,1,1,0,0,0,0,0,0,0,0,0,0,0,1,
2,0,0,0,1,0,0,0,0,0,0,0,0,0,0,0,0,0,0,0,0,
2,0,0,0,0,0,0,0,0,0,0,0,0,0,0,0,0,0,0,0,0,
1,0,0,0,0,0,0,0,0,0,0,0,0,0,0,0,0,0,0,0,0,
1,0,0,0,0,0,0,0,0,0,0,0,0,0,0,0,0,0,0,0,0,
2,0,0,0,0,0,0,0,0,0,0,0,0,0,0,0,0,0,0,0,0,
1,0,0,0,0,0,0,0,0,0,0,0,0,0,0,0,0,0,0,0,0,
5,0,3,3,3,3,3,3,3,0,3,0,3,0,3,3,0,0,3,0,3,
2,0,0,0,0,0,0,0,0,0,0,0,0,0,0,0,0,0,0,0,0,
7,5,5,1,5,5,5,1,5,2,5,1,5,5,2,1,2,5,5,0,5,
3,1,1,1,1,1,1,1,2,1,1,0,1,1,1,0,1,1,1,0,2,
4,0,0,2,1,0,0,1,0,0,0,2,0,0,0,2,0,0,0,0,1,
3,1,1,1,1,1,1,1,1,0,1,1,1,1,1,1,1,0,1,1,1,
2,0,1,1,1,0,1,1,1,0,1,1,1,0,0,1,0,0,1,0,1,
2,0,1,0,0,0,1,0,0,0,0,0,0,0,0,0,0,0,0,0,1,
4,0,1,0,1,0,1,1,1,0,0,0,0,0,0,1,0,0,0,0,1,
2,0,1,1,1,1,1,1,1,0,1,0,0,0,0,1,0,0,1,0,1,
2,0,1,1,1,0,1,1,1,0,1,0,1,0,0,1,0,0,1,0,1,
2,1,1,0,1,1,1,1,1,0,1,0,0,0,0,0,0,1,0,0,1,
2,1,1,1,1,1,1,1,1,1,1,0,1,1,1,1,1,1,1,0,1,
3,1,1,0,1,1,1,1,1,1,1,0,1,1,1,1,1,1,1,0,1,
2,1,1,1,1,1,1,1,1,1,1,1,1,1,1,1,1,1,1,0,1,
3,0,0,0,0,0,0,0,0,0,0,0,0,0,0,0,0,0,0,0,0,
2,0,0,0,0,0,0,0,0,0,0,0,0,0,0,0,0,0,0,0,0,
3,0,0,0,0,0,0,0,0,0,0,0,0,0,0,0,0,0,0,0,0,
2,0,0,0,0,0,0,0,0,0,0,0,0,0,0,0,0,0,0,0,0,
3,0,0,0,0,0,0,0,0,0,0,0,0,0,0,0,0,0,0,0,0,
4,0,1,0,0,0,1,0,0,0,1,0,0,0,1,1,0,0,1,0,0,
4,0,1,1,1,1,1,1,1,0,1,0,0,0,1,1,0,1,1,0,1,
4,1,1,0,1,1,1,0,1,1,1,0,1,1,1,0,1,1,1,0,1,
3,0,0,0,1,0,0,0,1,0,0,0,1,0,0,0,0,0,0,0,1,
4,0,0,0,0,0,0,0,0,0,0,0,0,0,0,0,0,0,0,0,0,
6,0,0,0,0,0,0,0,0,0,0,0,0,0,0,0,0,0,0,0,0,
2,0,0,0,1,0,0,0,1,0,0,0,0,0,0,0,0,0,0,0,1,
6,3,0,0,4,3,0,0,4,3,0,0,4,3,0,0,3,3,0,0,4,
2,0,0,0,1,0,0,1,1,0,0,0,0,0,0,0,0,0,0,0,1,
3,0,0,0,1,0,0,1,1,0,0,1,0,0,0,0,0,0,0,0,1,
2,0,0,0,0,0,0,0,0,0,0,0,0,0,0,0,0,0,0,0,1,
4,1,2,1,1,1,1,1,1,0,1,1,1,1,1,1,1,1,1,1,1,
3,1,1,1,1,1,1,1,1,0,1,1,1,1,1,1,1,1,1,1,2,
3,0,1,1,1,0,1,1,1,0,1,1,1,0,0,1,0,0,1,0,1,
2,0,0,0,0,0,0,0,1,0,0,0,0,0,0,0,0,0,0,0,1,
2,0,0,0,1,0,1,1,1,0,1,1,0,0,0,1,0,0,0,0,1,
2,0,1,1,1,0,1,1,1,0,0,1,1,0,0,1,1,0,0,1,1,
2,0,1,1,1,0,0,1,0,0,0,1,0,0,0,0,0,0,0,0,1,
3,1,1,1,1,0,1,1,1,0,1,1,1,0,1,1,1,0,1,1,1,
4,0,1,1,1,1,1,1,1,0,1,1,1,0,1,1,1,0,1,1,1,
2,0,1,1,1,1,1,1,1,0,1,0,1,0,0,1,1,0,1,0,1,
3,1,1,1,1,1,1,1,1,0,1,1,1,0,1,1,1,1,1,0,1,
4,0,1,0,0,0,1,0,0,0,1,0,0,0,1,0,0,0,2,0,0,
4,0,1,0,0,0,1,0,0,0,1,0,0,0,0,0,0,0,1,0,1,
3,0,0,0,0,0,0,0,0,0,0,0,0,0,0,0,0,0,0,0,0,
4,0,0,0,0,0,0,0,0,0,0,0,0,0,0,0,0,0,0,0,0,
3,0,0,0,0,0,0,0,0,0,0,0,0,0,0,0,0,0,0,0,0,
3,0,0,0,1,0,0,0,1,0,0,0,1,0,0,0,0,0,0,0,1,
4,0,0,0,1,0,0,0,1,0,0,0,1,0,0,0,1,0,0,0,1,
3,0,0,0,1,0,0,0,1,0,0,0,1,0,0,0,0,0,0,0,1,
3,0,0,0,1,0,0,0,1,0,0,0,1,0,0,0,0,0,0,0,0,
3,0,0,0,0,0,0,0,0,0,0,0,0,0,0,0,0,0,0,0,0,
3,0,0,0,0,0,0,0,0,0,0,0,0,0,0,0,0,0,0,0,0,
3,0,0,0,1,0,0,0,0,0,0,0,0,0,0,0,0,0,0,0,1,
2,0,0,0,1,0,0,0,1,0,0,0,0,0,0,0,0,0,0,0,1,
2,0,1,1,1,0,1,1,1,0,1,0,1,1,0,1,0,0,0,0,1,
3,0,1,0,1,1,1,0,1,0,1,0,1,0,0,0,0,0,1,0,2,
3,0,0,0,1,0,0,0,1,0,0,0,1,0,0,0,1,0,0,0,1,
2,0,0,0,1,0,0,0,0,0,0,0,1,0,0,0,0,0,0,0,1,
2,1,0,0,1,0,0,0,0,0,0,0,1,0,0,0,0,0,0,0,1,
3,1,0,0,1,1,0,0,0,0,0,0,1,0,0,0,0,0,0,0,1,
6,0,0,0,1,0,0,0,1,0,0,0,1,0,0,0,1,0,0,0,1,
5,0,0,0,0,0,0,0,0,0,0,0,0,0,0,0,0,0,0,0,0,
2,1,1,0,1,1,1,0,1,0,1,0,1,1,0,0,0,0,1,0,1,
4,2,2,0,2,2,2,0,2,2,2,0,2,2,2,0,2,2,2,0,2,
2,1,1,0,1,0,1,0,1,0,1,0,0,0,1,0,0,0,1,0,1,
3,1,1,0,1,1,1,1,1,1,1,0,1,1,1,0,1,1,1,0,1,
3,1,1,1,1,1,1,1,1,1,1,0,1,1,1,1,1,1,1,0,1,
3,1,1,1,1,1,1,1,1,0,1,0,1,1,1,0,1,1,1,0,1,
2,1,1,0,1,1,1,0,1,1,1,0,1,1,1,0,1,1,1,0,1,
3,1,2,1,1,1,1,1,1,1,1,0,1,1,1,1,1,1,1,0,1,
2,1,1,0,1,1,1,0,1,1,1,0,1,1,1,0,1,1,1,0,1,
3,1,1,1,1,1,1,1,1,1,1,0,1,1,1,1,1,1,1,0,1,
3,0,1,0,0,0,0,0,0,0,0,0,0,0,0,0,0,0,0,0,0,
3,1,1,1,1,1,1,1,1,1,1,0,1,1,1,1,1,1,1,0,1,
3,1,1,1,1,1,1,1,1,1,1,0,1,1,1,1,1,1,1,0,1,
3,0,0,0,0,0,0,0,0,0,0,0,0,0,0,0,0,0,0,0,0,
2,1,1,1,1,1,1,1,1,1,1,0,1,1,1,1,1,1,1,0,1,
3,0,1,0,0,0,1,0,0,0,1,0,0,0,0,0,0,0,0,0,0,
3,1,1,1,1,1,1,1,1,1,1,0,1,1,1,1,1,1,1,0,1,
3,1,1,1,1,1,1,1,1,1,1,1,1,1,1,1,1,1,1,0,1,
3,0,1,0,0,0,0,0,0,0,1,0,0,0,0,0,0,0,0,0,0,
4,1,1,0,1,0,1,0,1,0,1,0,0,0,0,0,0,1,1,0,1,
3,0,0,0,0,0,0,0,0,0,0,0,0,0,0,0,0,0,0,0,0,
2,0,0,0,0,0,0,0,0,0,0,0,0,0,0,0,0,0,0,0,0,
3,1,2,1,0,1,0,0,0,0,1,1,1,0,0,0,0,0,1,0,0,
3,1,1,0,1,1,1,0,1,0,1,0,1,1,0,0,0,0,1,0,1,
2,0,1,0,0,0,0,0,0,0,1,0,0,0,0,0,0,0,0,0,0,
3,1,1,0,1,1,1,0,1,0,1,0,0,1,0,0,0,0,1,0,1,
3,1,1,1,1,1,1,0,1,0,1,0,1,1,1,0,1,0,1,0,1,
2,1,1,1,1,1,1,0,1,0,1,0,0,1,0,0,0,0,1,0,1,
3,0,1,1,1,1,1,1,1,0,1,0,1,0,1,0,0,0,1,0,1,
2,1,1,1,1,1,1,1,1,0,1,0,1,0,1,1,1,1,1,0,1,
2,0,1,0,1,0,1,0,0,0,1,0,0,0,0,0,0,0,0,0,1,
2,0,1,1,1,0,1,0,0,0,1,0,0,0,0,0,0,0,1,0,1,
2,0,1,0,1,0,1,0,1,0,1,0,0,0,1,0,0,0,1,0,1,
2,0,1,1,1,0,1,0,1,0,1,0,1,0,1,0,1,1,1,0,1,
2,0,1,1,1,0,1,1,1,0,1,0,0,0,1,0,0,0,1,0,1,
3,1,1,1,1,1,0,1,1,1,1,1,1,1,1,1,1,1,0,1,1,
5,0,3,0,0,0,3,0,0,0,3,0,0,0,3,0,0,0,3,0,0,
2,1,1,1,1,1,1,1,1,0,1,0,1,0,1,0,0,0,1,0,1,
5,3,3,0,3,3,3,0,3,3,3,0,3,3,3,0,3,3,3,0,3,
2,1,1,1,1,1,1,1,1,0,1,1,1,1,1,1,1,1,1,0,1,
2,0,0,0,0,0,0,0,0,0,0,0,0,0,0,0,0,0,0,0,0,
2,1,1,1,1,1,1,1,1,0,1,1,1,1,1,1,1,1,1,0,1,
3,0,0,0,0,0,0,0,0,0,0,0,0,0,0,0,0,0,0,0,0,
2,1,1,1,1,1,1,1,1,0,1,0,1,1,1,1,1,1,1,0,1,
2,1,1,1,1,1,1,1,1,1,1,0,1,1,1,1,1,1,1,0,1,
2,1,1,1,1,1,1,1,1,0,1,0,1,1,1,1,1,1,1,0,1,
2,1,1,1,1,1,1,1,1,1,1,0,1,1,1,1,1,1,1,0,1,
2,1,1,1,1,1,1,1,1,1,1,1,1,1,1,1,1,1,1,0,1,
2,1,1,1,1,1,1,1,1,1,1,1,1,1,1,1,1,1,1,0,1,
3,0,0,0,0,0,0,0,0,0,0,0,0,0,0,0,0,0,0,0,0,
3,0,1,1,1,0,1,1,1,0,1,0,1,0,0,0,0,1,1,0,1,
4,0,0,0,0,0,0,0,0,0,0,0,0,0,0,0,0,0,0,0,0,
2,0,0,0,0,0,0,0,0,0,0,0,0,0,0,0,0,0,0,0,0,
2,0,0,0,0,0,0,0,0,0,0,0,0,0,0,0,0,0,0,0,0,
2,0,0,0,0,0,0,0,0,0,0,0,0,0,0,0,0,0,0,0,0,
2,0,0,0,0,0,0,0,0,0,0,0,0,0,0,0,0,0,0,0,0,
4,0,0,0,0,0,0,0,0,0,0,0,0,0,0,0,0,0,0,0,0,
2,0,0,0,0,0,0,0,0,0,0,0,0,0,0,0,0,0,0,0,0,
2,0,1,0,1,0,1,0,1,0,0,0,1,0,0,0,0,0,0,0,1,
2,0,1,0,1,0,0,0,1,0,0,0,0,0,0,0,0,0,0,0,1,
2,0,1,0,0,0,0,0,0,0,0,0,0,0,0,0,0,0,0,0,1,
2,0,0,0,1,0,0,0,1,0,0,0,0,0,0,0,0,0,0,0,1,
2,0,1,0,1,0,1,0,1,0,1,0,1,0,0,0,0,0,1,0,1,
2,0,1,0,1,0,1,0,1,0,0,0,0,0,0,0,0,0,0,0,1,
2,0,1,0,1,0,1,0,1,0,1,0,0,0,0,0,0,0,0,0,1,
2,0,1,0,1,1,1,1,1,0,1,0,1,0,1,0,1,0,1,0,1,
2,0,1,1,1,1,1,1,1,0,1,0,1,0,1,0,0,1,1,0,1,
2,0,1,1,1,1,1,1,1,0,1,0,1,0,1,0,0,0,1,0,1,
2,0,1,0,1,1,1,1,1,0,1,0,1,0,1,0,1,1,1,0,1,
2,1,1,1,1,1,1,1,1,0,1,0,1,1,1,1,1,1,1,0,1,
2,1,1,1,1,1,1,1,1,0,1,0,1,0,1,1,1,1,1,0,1,
2,1,1,1,1,1,1,1,1,0,1,1,1,1,1,1,1,1,1,0,1,
3,0,0,0,0,0,0,0,0,0,0,0,0,0,0,0,0,0,0,0,0,
5,0,1,1,1,1,1,1,1,0,1,0,1,0,1,0,1,0,1,0,1,
2,0,0,0,0,0,0,0,0,0,0,0,0,0,0,0,0,0,0,0,0,
4,3,3,1,3,3,3,1,3,3,3,1,3,3,3,1,3,3,3,0,3,
2,0,0,0,0,0,0,0,0,0,0,0,0,0,0,0,0,0,0,0,0,
2,1,1,1,1,1,1,1,1,1,1,1,1,1,1,1,1,1,1,0,1,
3,0,0,0,0,0,0,0,0,0,0,0,0,0,0,0,0,0,0,0,0,
3,0,0,0,0,0,0,0,0,0,0,0,0,0,0,0,0,0,0,0,0,
3,0,0,0,0,0,0,0,0,0,0,0,0,0,0,0,0,0,0,0,0,
2,0,0,0,0,0,0,0,0,0,0,0,0,0,0,0,0,0,0,0,0,
2,0,0,0,0,0,0,0,0,0,0,0,0,0,0,0,0,0,0,0,0,
2,0,0,0,0,0,0,0,0,0,0,0,0,0,0,0,0,0,0,0,0,
2,0,0,0,0,0,0,0,0,0,0,0,0,0,0,0,0,0,0,0,0,
2,0,0,0,0,0,0,0,0,0,0,0,0,0,0,0,0,0,0,0,0,
2,0,0,0,1,0,1,1,1,1,0,0,0,0,1,0,1,0,0,0,0,
3,0,0,0,0,0,0,0,0,0,0,0,0,0,0,0,0,0,0,0,0,
2,0,0,0,0,0,0,0,0,0,0,0,0,0,0,0,0,0,0,0,0,
2,0,0,0,0,0,0,0,1,0,0,0,0,0,0,0,0,0,0,0,1,
2,0,1,1,1,1,1,1,1,0,1,0,1,0,1,0,1,0,1,0,1,
2,0,1,0,1,0,1,0,1,0,0,0,0,0,0,0,0,0,0,0,1,
2,0,1,0,0,0,1,0,1,0,1,0,0,0,0,0,0,0,0,0,1,
4,0,0,0,0,0,0,0,0,0,0,0,0,0,0,0,0,0,0,0,0,
2,0,1,0,1,0,1,0,1,0,1,0,1,0,0,0,0,0,1,0,1,
2,1,1,1,1,1,1,1,1,0,1,1,1,1,1,1,1,1,1,0,1,
3,2,1,1,1,2,1,1,1,0,1,1,0,2,0,0,0,0,1,0,1,
2,1,1,1,1,1,1,1,1,1,1,0,1,1,1,1,1,1,1,0,1,
2,1,1,1,1,1,1,1,1,0,1,0,1,0,1,1,1,1,1,0,1,
2,1,1,1,1,1,1,1,1,1,1,0,1,1,1,1,1,1,1,0,1,
2,1,1,1,1,1,1,1,1,0,1,0,1,0,1,1,0,0,1,0,1,
2,1,1,1,1,1,1,1,1,0,1,1,1,1,1,1,1,1,1,0,1,
2,1,1,1,1,1,1,1,1,1,1,1,1,1,1,1,1,1,1,0,1,
3,1,1,1,1,1,1,1,1,1,1,1,1,1,1,1,1,1,1,0,1,
4,0,0,0,0,0,0,0,0,0,0,0,0,0,0,0,0,0,0,0,0,
2,1,1,1,1,1,1,1,1,1,1,1,1,1,1,1,1,1,1,0,1,
2,0,0,0,0,0,0,0,0,0,0,0,0,0,0,0,0,0,0,0,0,
2,0,0,0,0,0,0,0,0,0,0,0,0,0,0,0,0,0,0,0,0,
2,0,0,0,0,0,0,0,0,0,0,0,0,0,0,0,0,0,0,0,0,
5,1,1,1,1,1,0,1,1,0,1,1,1,0,1,1,1,1,0,1,1,
5,0,0,0,0,0,0,0,0,0,0,0,0,0,0,0,0,0,0,0,1,
2,0,0,0,0,0,0,0,0,0,0,0,0,0,0,0,0,0,0,0,0,
3,2,2,0,2,2,2,0,2,2,2,0,2,2,2,0,2,2,2,0,2,
2,0,0,0,0,0,0,0,0,0,0,0,0,0,0,0,0,0,0,0,0,
2,0,0,0,0,0,0,0,0,0,0,0,0,0,0,0,0,0,0,0,0,
2,0,1,1,1,1,1,1,1,0,1,1,1,0,1,1,1,0,1,1,1,
2,0,0,0,0,0,0,0,0,0,0,0,0,0,0,0,0,0,0,0,0,
2,0,1,1,1,0,1,1,1,0,1,0,0,0,0,1,0,0,0,0,1,
2,0,0,1,1,0,0,0,0,0,0,0,0,0,0,1,0,0,0,0,1,
2,0,1,1,1,0,0,0,1,0,1,0,0,0,0,1,0,0,0,0,1,
2,0,1,1,1,0,1,1,1,0,1,0,1,0,0,1,0,0,1,0,1,
2,0,1,1,1,1,1,1,1,0,1,0,1,0,0,1,1,0,1,0,1,
2,1,1,1,1,1,1,1,1,0,1,1,1,1,1,1,1,1,1,1,1,
2,0,0,0,0,0,0,0,0,0,0,0,0,0,0,0,0,0,0,0,0,
3,0,0,0,0,0,0,0,0,0,0,0,0,0,0,0,0,0,0,0,0,
2,1,1,1,1,1,1,1,1,0,1,0,1,0,1,1,1,1,1,0,1,
2,0,1,1,1,1,1,1,1,0,1,1,1,0,1,1,1,1,1,0,1,
2,0,0,0,0,0,0,0,0,0,0,0,0,0,0,0,0,0,0,0,0,
2,1,1,1,1,1,1,1,1,0,1,1,1,1,1,1,1,1,1,0,1,
2,0,0,0,0,0,0,0,0,0,0,0,0,0,0,0,0,0,0,0,0,
4,0,0,0,0,0,0,0,0,0,0,0,0,0,0,0,0,0,0,0,0,
2,0,0,0,0,0,0,0,0,0,0,0,0,0,0,0,0,0,0,0,0,
2,0,0,0,0,0,0,0,0,0,0,0,0,0,0,0,0,0,0,0,0,
2,0,0,0,0,0,0,0,0,0,0,0,0,0,0,0,0,0,0,0,0,
2,1,1,1,1,1,1,1,1,1,1,0,1,1,1,1,1,1,1,0,1,
3,2,2,1,2,2,2,1,2,1,1,1,1,1,1,1,1,2,1,0,2,
3,1,1,1,1,1,1,1,1,1,1,0,1,1,1,1,1,1,1,0,1,
3,0,0,0,0,0,0,0,0,0,0,0,0,0,0,0,0,0,0,0,0,
3,0,0,0,0,0,0,0,0,0,0,0,0,0,0,0,0,0,0,0,0,
3,0,0,0,0,0,0,0,0,0,0,0,0,0,0,0,0,0,0,0,0,
3,0,0,0,0,0,0,0,0,0,0,0,0,0,0,0,0,0,0,0,0,
2,0,0,0,0,0,0,0,0,0,0,0,0,0,0,0,0,0,0,0,0,
2,1,0,0,0,0,0,0,0,0,0,0,0,0,0,0,0,1,0,0,1,
2,0,0,0,0,0,0,0,0,0,0,0,0,0,0,0,0,0,0,0,0,
2,1,0,0,1,0,0,0,0,0,0,0,0,0,0,0,0,1,0,0,1,
2,1,1,0,1,0,1,0,0,0,0,0,0,0,0,0,0,1,0,0,1,
4,0,0,0,0,0,0,0,0,0,0,0,0,0,0,0,0,0,0,0,0,
4,0,3,0,0,0,3,0,0,0,3,0,0,0,3,0,0,0,3,0,0,
2,0,0,0,0,0,0,0,0,0,0,0,0,0,0,0,0,0,0,0,0,
4,3,3,0,3,3,3,0,3,3,3,0,3,3,3,0,3,3,3,0,3,
2,0,0,0,0,0,0,0,0,0,0,0,0,0,0,0,0,0,0,0,1,
2,0,0,0,1,0,0,0,1,0,0,0,0,0,0,0,0,0,0,0,1,
2,0,1,0,1,0,0,0,1,0,1,0,0,0,0,0,0,0,0,0,1,
2,0,1,1,1,1,1,1,1,0,1,0,1,0,1,0,0,0,1,0,1,
3,1,2,1,1,1,1,1,1,0,2,1,1,1,1,1,1,1,2,1,1,
2,1,1,1,1,1,1,1,1,0,1,0,1,1,1,1,1,1,1,0,1,
2,1,1,1,1,1,1,1,1,0,1,1,1,1,1,1,1,1,1,0,1,
2,1,1,1,1,1,1,1,1,0,1,1,1,1,1,1,1,1,1,0,1,
2,1,1,1,1,1,1,1,1,0,1,1,1,1,1,1,1,1,1,1,1,
2,1,1,1,1,1,1,1,1,0,1,1,1,1,1,1,1,1,1,0,1,
2,1,1,1,1,1,1,1,1,0,1,0,1,1,1,1,1,1,1,0,1,
3,1,1,1,1,1,1,1,1,0,1,0,1,1,1,1,1,1,1,0,1,
2,1,1,1,1,1,1,1,1,0,1,0,1,1,1,1,1,1,1,0,1,
2,1,1,1,1,1,1,1,1,0,1,0,1,1,1,1,1,1,1,0,1,
2,1,1,1,1,1,1,1,1,0,1,1,1,1,1,1,1,1,1,1,1,
2,0,0,0,0,0,0,0,0,0,0,0,0,0,0,0,0,0,0,0,0,
2,0,0,0,0,0,0,0,0,0,0,0,0,0,0,0,0,0,0,0,0,
5,1,1,1,1,1,1,1,1,0,1,0,1,1,1,1,1,1,1,0,1,
2,0,0,0,0,0,0,0,0,0,0,0,0,0,0,0,0,0,0,0,0,
2,0,0,0,0,0,0,0,0,0,0,0,0,0,0,0,0,0,0,0,0,
2,0,0,0,0,0,0,0,0,0,0,0,0,0,0,0,0,0,0,0,0,
1,0,0,0,0,0,0,0,0,0,0,0,0,0,0,0,0,0,0,0,0,
1,0,0,0,0,0,0,0,0,0,0,0,0,0,0,0,0,0,0,0,0,
2,0,0,0,0,0,0,0,0,0,0,0,0,0,0,0,0,0,0,0,0,
2,0,0,0,0,0,0,0,0,0,0,0,0,0,0,0,0,0,0,0,0,
