33,0,6,0,2,0,6,0,2,0,5,0,2,0,2,0,2,0,5,0,3,
12,2,3,1,4,2,3,1,4,1,3,0,3,2,3,1,3,2,3,0,4,
12,1,2,1,3,1,2,1,3,0,2,0,2,1,2,1,2,1,2,0,3,
13,1,2,1,3,1,3,1,3,1,2,0,3,1,2,1,2,1,2,0,3,
15,1,5,1,6,1,5,1,6,1,5,0,6,1,5,1,5,1,5,0,6,
12,1,2,1,3,1,2,1,3,1,2,0,2,1,2,1,2,1,2,0,3,
12,1,2,1,3,1,2,1,3,1,2,0,2,1,2,1,2,1,2,0,3,
12,1,2,1,3,1,2,1,3,1,2,0,3,1,2,1,2,1,2,0,3,
12,1,2,4,3,1,2,4,3,1,2,0,3,1,2,4,2,1,2,0,3,
11,1,2,1,3,1,2,1,3,1,2,0,3,1,2,1,2,1,2,0,3,
11,1,2,1,3,1,3,1,3,1,2,0,3,1,2,1,2,1,2,0,3,
11,1,2,1,3,1,3,1,3,1,2,0,3,1,2,1,2,1,2,0,3,
13,1,2,1,3,1,3,1,3,1,2,0,3,1,2,1,2,1,2,0,3,
11,1,2,1,3,1,3,1,3,1,2,0,3,1,2,1,2,1,2,0,3,
11,1,3,1,3,1,3,1,3,1,3,0,3,1,2,1,2,1,2,0,3,
11,1,3,1,3,2,3,1,3,1,3,0,3,1,2,1,3,1,2,1,3,
11,1,3,1,3,2,3,1,3,1,3,0,3,1,2,1,3,1,2,0,3,
11,0,2,0,2,1,2,0,2,0,2,0,2,0,1,0,2,0,1,0,2,
12,1,3,1,3,2,3,1,3,1,3,0,3,1,2,1,3,1,2,0,3,
11,1,3,1,3,2,3,1,3,1,3,0,3,1,2,1,3,1,2,0,3,
11,0,2,0,2,1,2,0,2,0,2,0,2,1,1,0,2,1,1,0,2,
11,0,2,0,2,1,2,0,2,0,2,0,2,0,1,0,2,0,1,0,2,
12,0,2,0,2,1,2,1,2,0,2,0,2,1,1,0,2,0,1,0,2,
11,0,2,0,2,1,2,0,2,0,2,0,2,0,1,0,2,0,1,0,2,
30,0,2,21,2,1,2,0,2,0,2,0,2,0,1,0,2,0,1,0,2,
30,1,2,1,2,1,2,21,2,0,2,0,2,1,2,1,2,1,2,0,3,
30,1,2,1,3,2,2,1,3,0,2,0,2,1,2,1,2,21,2,0,3,
12,1,2,0,2,1,2,0,3,1,2,0,2,1,2,0,2,1,2,0,3,
30,1,2,0,3,1,3,0,3,1,2,0,3,1,2,0,2,1,21,0,3,
12,1,3,1,3,1,3,1,3,1,3,0,3,1,3,1,3,1,2,0,3,
12,0,2,0,2,0,2,0,2,0,2,0,2,0,1,0,2,0,1,0,2,
14,1,2,0,3,1,2,1,3,1,2,0,2,1,2,1,2,1,2,0,3,
12,1,2,0,3,1,2,1,3,1,2,0,2,1,2,0,2,1,2,0,3,
12,1,2,0,3,1,2,1,3,1,2,0,2,1,2,1,2,1,2,0,3,
12,1,2,1,3,1,2,1,3,1,2,0,2,1,2,1,2,1,2,0,3,
15,4,4,4,5,4,4,4,5,4,4,0,5,4,4,4,5,4,4,0,5,
12,1,2,1,3,1,2,1,3,1,2,0,3,1,2,1,2,1,2,0,3,
11,1,2,1,3,1,2,1,3,1,2,0,3,1,2,1,2,1,2,0,3,
11,1,2,1,3,1,2,1,3,1,2,0,3,1,2,1,2,1,2,0,3,
12,1,2,4,3,1,2,4,3,1,2,0,3,1,2,4,2,1,2,0,3,
11,1,2,1,3,1,2,1,3,1,2,0,3,1,2,1,2,1,2,0,3,
11,0,1,2,2,0,1,2,2,0,1,1,2,0,1,2,1,0,1,1,2,
11,1,3,1,3,1,3,1,3,1,3,0,3,1,2,1,3,1,2,0,3,
33,1,3,1,3,24,3,1,3,1,3,0,3,1,2,1,3,1,2,1,3,
31,1,23,1,3,2,3,1,3,1,3,0,3,2,2,1,3,1,2,0,3,
11,0,2,0,2,0,2,0,2,0,2,0,2,0,1,0,2,0,2,0,2,
11,1,3,1,3,1,3,1,3,1,3,0,3,1,2,1,3,1,2,0,3,
11,1,3,1,3,1,3,1,3,1,3,0,3,1,2,1,3,1,2,1,3,
11,1,3,1,3,1,3,1,3,1,3,0,3,1,2,1,3,1,2,0,3,
11,1,3,1,3,1,3,1,3,1,3,0,3,1,2,1,3,1,2,0,3,
30,0,2,0,2,0,2,1,2,0,2,21,2,0,1,0,2,0,1,0,2,
12,1,2,1,2,1,2,1,3,0,2,0,2,1,2,1,2,1,2,0,3,
12,0,2,0,2,0,2,0,2,0,2,0,2,0,1,0,2,0,1,0,2,
12,0,2,0,2,0,2,0,2,0,2,0,2,0,1,0,2,0,1,0,2,
12,0,2,0,2,0,2,0,2,0,2,0,2,0,1,0,2,0,1,0,3,
12,1,2,0,2,1,2,0,2,0,2,0,2,0,1,0,2,1,2,0,3,
12,1,2,0,2,1,2,0,2,0,2,0,2,1,1,0,2,1,2,0,3,
12,1,2,0,2,1,2,0,2,0,2,0,2,1,2,0,2,1,2,0,3,
12,1,2,0,3,1,2,1,3,0,2,0,2,1,2,0,2,1,2,0,3,
32,1,2,0,2,1,23,0,3,0,2,0,2,1,2,0,2,1,2,0,3,
12,1,3,1,3,1,3,1,3,1,3,0,3,1,2,1,2,1,2,0,3,
12,1,2,0,2,1,2,1,3,0,2,0,2,1,2,0,2,1,2,0,3,
31,19,2,0,2,1,2,1,2,1,2,0,2,1,2,0,2,1,2,0,3,
12,1,2,1,3,2,2,1,3,1,2,0,3,1,2,1,2,1,2,0,3,
12,1,2,0,3,1,2,1,3,1,2,0,2,1,2,0,2,1,2,0,3,
21,1,2,0,2,1,2,0,2,0,2,0,2,0,1,0,2,1,1,0,2,
14,1,5,1,6,1,6,1,6,1,6,0,6,1,2,1,6,1,2,0,6,
11,1,3,1,3,1,3,1,3,1,3,0,3,1,2,1,3,1,2,0,3,
12,1,3,1,3,1,3,1,3,1,3,0,3,1,2,1,3,1,3,0,4,
11,1,3,1,3,1,3,1,3,1,3,0,3,1,2,1,3,1,2,0,3,
12,1,3,1,3,1,3,1,3,1,3,0,3,1,2,1,3,1,3,0,4,
12,1,3,1,3,1,3,1,3,1,3,0,3,1,2,1,3,1,3,0,4,
12,1,3,1,3,1,3,1,3,1,3,0,3,1,2,1,3,1,3,0,4,
12,1,3,1,3,1,3,1,3,1,3,0,3,1,3,1,3,1,3,0,4,
12,1,3,1,3,1,3,1,3,1,3,0,3,1,3,1,3,1,3,0,4,
12,1,3,1,3,1,3,1,4,1,3,0,3,1,3,1,3,1,3,0,4,
12,1,3,1,4,1,3,1,4,1,3,0,3,1,3,1,3,1,3,0,4,
12,1,2,0,3,1,2,1,3,0,2,0,3,0,2,0,2,1,2,0,3,
12,1,3,1,4,2,3,1,4,1,3,0,4,1,3,1,3,1,3,0,4,
12,1,3,1,4,1,3,1,4,1,3,0,3,1,3,1,3,1,3,0,4,
12,0,2,0,3,1,2,0,3,0,2,0,2,0,2,0,2,0,2,0,3,
12,1,3,1,4,1,3,1,4,1,3,0,3,1,3,1,3,1,3,0,4,
12,1,3,1,4,2,3,1,4,1,3,0,4,1,3,1,3,2,3,0,4,
12,1,2,0,3,1,2,0,3,0,2,0,3,0,2,0,2,1,2,0,3,
12,1,2,0,3,1,2,1,3,1,2,0,3,0,2,0,2,1,2,0,3,
12,1,2,0,3,1,3,1,3,1,2,0,3,1,2,0,2,1,2,0,3,
12,1,2,0,3,1,3,1,3,1,2,0,3,1,2,0,2,1,2,0,3,
12,1,2,0,3,1,3,1,3,1,2,0,3,1,2,0,3,1,2,0,3,
12,1,2,0,3,1,3,1,3,1,2,0,3,1,2,0,3,1,2,0,3,
12,1,2,0,3,1,3,1,3,1,2,0,3,1,2,0,3,1,2,0,3,
12,1,2,0,3,1,2,1,3,1,2,0,3,1,2,0,2,1,2,0,3,
12,1,2,1,3,1,2,1,3,1,2,0,3,1,2,1,2,1,2,0,3,
14,0,2,0,2,1,2,1,2,0,2,0,2,0,1,0,2,0,1,0,2,
13,1,4,0,2,1,4,1,2,1,4,0,2,1,4,0,2,1,4,0,3,
12,1,2,0,3,1,2,1,3,1,2,0,2,1,2,0,2,1,2,0,3,
12,1,2,1,3,1,2,1,3,1,2,0,3,1,2,1,2,1,2,0,3,
11,0,1,1,2,0,2,1,2,0,1,1,2,0,1,1,1,0,1,1,2,
13,1,2,1,3,1,3,1,3,1,2,0,3,1,2,1,3,1,2,0,3,
13,1,3,1,3,1,3,1,3,1,3,0,3,1,2,1,2,1,2,0,3,
11,1,2,1,3,1,3,1,3,1,2,0,3,1,2,1,3,1,2,0,3,
14,4,5,1,6,4,6,1,6,4,6,0,6,4,5,1,6,4,5,0,6,
11,1,2,1,3,1,3,1,3,1,2,0,3,1,2,1,2,1,2,0,3,
11,1,2,1,3,1,3,1,3,1,3,0,3,1,2,1,3,1,2,0,3,
11,1,3,1,3,1,3,1,3,1,3,0,3,1,2,1,3,1,2,0,3,
11,1,3,1,3,1,3,1,3,1,3,0,3,1,2,1,3,1,2,0,3,
11,1,3,1,3,1,3,1,3,1,3,1,3,1,2,1,3,1,2,0,3,
12,1,3,1,3,1,3,1,3,1,3,0,3,1,2,1,3,1,2,0,3,
12,0,2,0,2,0,2,0,2,0,2,0,2,0,1,0,2,0,2,0,2,
12,0,2,0,2,0,2,0,2,0,2,0,2,0,1,0,2,0,1,0,3,
11,0,2,0,2,0,2,0,2,0,2,0,2,0,1,0,2,1,2,0,2,
12,2,3,1,3,2,3,1,3,2,3,0,3,2,2,1,3,2,3,1,4,
12,1,2,0,2,1,2,0,2,1,2,0,2,1,2,0,2,1,2,0,3,
12,1,2,0,2,1,2,0,2,0,2,0,2,1,1,0,2,1,1,0,3,
12,1,2,0,2,1,2,1,2,0,2,0,2,1,1,0,2,1,2,0,3,
12,1,2,0,2,1,2,0,2,0,2,0,2,1,1,0,2,1,2,0,3,
12,1,2,1,2,1,2,1,2,0,2,0,2,1,1,1,2,1,2,0,3,
12,1,2,0,2,1,2,1,3,0,2,0,2,1,2,0,2,1,2,0,3,
12,1,2,0,2,1,2,1,2,0,2,0,2,1,2,0,2,1,2,0,3,
12,1,2,0,3,1,2,1,3,1,2,0,2,1,2,0,2,1,2,0,3,
12,1,2,0,2,1,2,1,3,1,2,0,2,1,2,0,2,1,2,0,3,
12,1,2,0,3,1,2,1,3,1,2,0,2,1,2,0,2,1,2,0,3,
12,1,2,1,3,1,3,1,3,1,2,0,3,1,2,1,2,1,2,0,3,
12,1,2,1,3,1,3,1,3,1,2,0,3,1,2,1,2,1,2,0,3,
14,1,1,1,2,1,0,0,2,0,1,0,2,0,1,1,2,1,0,0,2,
12,1,2,1,3,1,2,1,3,1,2,0,3,1,2,1,2,1,2,0,3,
11,1,2,1,3,1,2,1,3,1,2,0,3,1,2,1,2,1,2,0,3,
11,1,2,1,3,1,3,1,3,1,2,0,3,2,2,1,2,1,2,0,3,
12,0,1,3,2,0,2,3,2,0,1,2,2,0,1,3,1,0,1,2,2,
11,1,2,1,3,1,3,1,3,1,2,0,3,1,2,1,3,1,2,0,3,
11,1,3,1,3,1,3,1,3,1,3,0,3,1,2,1,3,1,2,0,3,
11,1,3,1,3,1,3,1,3,1,3,0,3,1,2,1,3,1,2,0,3,
13,1,2,1,3,1,3,1,3,1,3,0,3,1,2,1,3,1,2,0,3,
11,0,2,0,2,0,2,0,2,0,2,0,2,0,1,0,2,0,1,0,2,
11,1,3,1,3,1,3,1,3,1,3,0,3,1,2,1,3,1,2,0,3,
11,0,2,0,2,0,2,0,2,0,2,0,2,0,1,0,2,0,1,0,2,
11,1,3,1,3,1,3,1,3,1,3,0,3,1,2,1,3,1,2,0,3,
13,1,2,1,3,1,3,1,3,1,2,0,3,1,2,1,2,1,2,0,3,
12,0,2,0,2,0,2,1,2,0,2,0,2,0,1,0,2,0,1,0,2,
11,0,2,0,2,0,2,0,2,0,2,0,2,0,1,0,2,0,1,0,2,
11,0,2,0,2,0,2,0,2,0,2,0,2,0,1,0,2,0,1,0,2,
11,0,2,0,2,0,2,0,2,0,2,0,2,0,1,0,2,0,1,0,2,
11,1,2,0,2,1,2,0,2,0,2,0,2,0,1,0,2,1,2,0,2,
12,1,2,0,2,1,2,1,2,0,2,0,2,0,1,0,2,1,2,0,3,
12,1,2,0,2,1,2,1,2,1,2,0,2,1,2,0,2,1,2,0,3,
12,1,2,0,2,1,2,1,2,0,2,0,2,1,1,0,2,1,2,0,3,
12,1,2,0,2,1,2,1,3,1,2,0,2,1,2,0,2,1,2,0,3,
12,1,2,0,2,1,2,1,3,1,2,0,2,1,2,0,2,1,2,0,3,
14,1,4,0,5,1,4,1,5,0,4,0,5,1,4,0,4,1,4,0,5,
12,1,2,0,3,1,2,1,3,0,2,0,2,1,2,0,2,1,2,0,3,
12,1,2,1,3,1,3,1,3,1,2,0,3,1,2,1,2,1,2,0,3,
14,1,2,0,2,1,2,0,2,1,2,0,2,1,1,0,2,1,2,0,3,
12,1,2,0,3,1,2,1,3,1,2,0,2,1,2,1,2,1,2,0,3,
12,1,2,1,3,1,2,1,3,1,2,0,3,1,2,1,2,1,2,0,3,
13,0,2,0,2,0,2,0,2,0,2,0,2,0,1,0,2,1,1,0,2,
15,1,2,1,3,1,3,1,3,1,2,0,3,1,2,1,2,1,2,0,3,
11,1,2,1,3,1,3,1,3,1,2,0,3,1,2,1,2,1,2,0,3,
11,1,2,1,3,1,3,1,3,1,2,0,3,1,2,1,2,1,2,0,3,
11,1,2,1,3,1,3,1,3,1,2,0,3,1,2,1,2,1,2,0,3,
11,1,2,1,3,1,3,1,3,1,2,0,3,1,2,1,2,1,2,0,3,
11,1,2,1,3,1,3,1,3,1,2,0,3,1,2,1,2,1,2,0,3,
11,1,3,1,3,1,3,1,3,1,3,0,3,1,2,1,3,1,2,0,3,
11,1,2,1,3,1,3,1,3,1,3,0,3,1,2,1,3,1,2,0,3,
11,1,3,1,3,1,3,1,3,1,3,0,3,1,2,1,3,1,2,0,3,
11,1,3,1,3,1,3,1,3,1,3,0,3,1,2,1,3,1,2,0,3,
11,0,2,0,2,0,2,0,2,0,2,0,2,0,1,0,2,0,1,0,2,
11,0,2,0,2,1,2,0,2,0,2,0,2,0,1,0,2,0,1,0,2,
11,0,2,0,2,0,2,0,2,0,2,0,2,0,1,0,2,0,1,0,2,
11,0,2,0,2,1,2,0,2,0,2,0,2,0,1,0,2,0,1,0,2,
11,0,2,0,2,0,2,0,2,0,2,0,2,0,1,0,2,0,1,0,2,
11,0,2,0,2,0,2,0,2,0,2,0,2,0,1,0,2,0,1,0,2,
12,1,2,0,2,1,2,0,2,1,2,0,2,1,1,0,2,1,2,0,3,
11,0,2,0,2,1,2,0,2,0,2,0,2,0,1,0,2,1,2,0,3,
12,1,2,0,2,1,2,1,2,1,2,0,2,1,2,0,2,1,2,0,3,
12,1,2,0,2,1,2,1,2,1,2,0,2,1,2,0,2,1,2,0,3,
12,1,2,0,2,1,2,1,2,0,2,0,2,1,2,0,2,1,2,0,3,
12,1,2,0,3,1,2,1,3,0,2,0,2,1,2,1,2,1,2,0,3,
12,1,2,0,2,1,2,1,3,1,2,0,2,1,2,0,2,1,2,0,3,
12,1,2,0,2,1,2,1,2,1,2,0,2,1,2,0,2,1,2,0,3,
12,1,2,0,3,1,2,1,3,1,2,0,2,1,2,0,2,1,2,0,3,
12,1,2,0,3,1,2,1,3,1,2,0,2,1,2,0,2,1,2,0,3,
15,1,2,0,2,1,2,1,3,1,2,0,2,1,2,0,2,1,2,0,3,
14,1,5,1,3,1,5,1,3,1,5,0,3,1,4,1,2,1,4,0,3,
12,1,2,1,3,1,2,1,3,1,2,0,3,1,2,1,2,1,2,0,3,
12,1,2,1,3,1,3,1,3,1,3,0,3,1,2,1,2,1,2,0,3,
11,0,1,2,2,0,2,2,2,0,1,1,2,0,1,2,1,0,1,1,2,
14,1,2,1,3,1,3,1,3,1,3,0,3,1,2,1,2,1,2,0,3,
14,1,2,1,3,1,3,1,3,1,2,0,3,1,2,1,2,1,2,0,3,
11,1,2,1,3,1,3,1,3,1,3,0,3,1,2,1,2,1,2,0,3,
14,4,5,1,5,4,5,1,5,4,5,0,5,4,4,1,5,4,5,0,6,
11,1,2,1,3,1,3,1,3,1,3,0,3,1,2,1,3,1,2,0,3,
11,1,3,1,3,1,3,1,3,1,3,0,3,1,2,1,3,1,2,0,3,
11,1,3,1,3,1,3,1,3,1,3,0,3,1,2,1,3,1,2,0,3,
11,1,3,1,3,1,3,1,3,1,3,0,3,1,2,1,3,1,2,0,3,
11,1,3,1,3,1,3,1,3,1,3,0,3,1,2,1,3,1,2,0,3,
11,1,3,1,3,1,3,1,3,1,3,1,3,1,2,1,3,1,2,0,3,
11,0,2,0,2,0,2,0,2,0,2,0,2,0,1,0,2,0,1,0,2,
14,1,2,0,2,1,2,1,2,0,2,0,2,1,2,0,2,1,2,0,3,
11,0,2,0,2,0,2,0,2,0,2,0,2,0,1,0,2,0,1,0,2,
11,0,2,0,2,0,2,0,2,0,2,0,2,0,1,0,2,0,1,0,2,
11,1,2,0,2,1,2,0,2,0,2,0,2,0,1,0,2,1,2,0,2,
11,1,2,0,2,1,2,1,2,1,2,0,2,1,1,0,2,1,1,0,3,
12,1,2,0,2,1,2,1,2,1,2,0,2,1,1,0,2,1,1,0,3,
12,1,2,0,2,1,2,1,2,0,2,0,2,1,1,0,2,1,2,0,3,
12,1,2,0,2,1,2,1,2,0,2,0,2,1,2,0,2,1,2,0,3,
12,1,2,0,2,1,2,1,3,0,2,0,2,1,2,0,2,1,2,0,3,
12,1,2,0,2,1,2,1,3,0,2,0,2,1,2,0,2,1,2,0,3,
12,1,2,0,2,1,2,1,3,0,2,0,2,1,2,0,2,1,2,0,3,
13,0,2,0,2,0,2,0,2,0,2,0,2,0,1,0,2,0,1,0,2,
12,1,2,1,3,1,2,1,3,1,2,0,3,1,2,1,2,1,2,0,3,
12,1,2,0,3,1,2,1,3,1,2,0,2,1,2,1,2,1,2,0,3,
12,1,2,1,3,1,2,1,3,1,2,0,3,1,2,1,2,1,2,0,3,
15,1,5,1,6,1,5,1,6,1,5,0,6,1,2,1,5,1,5,0,6,
12,1,2,1,3,1,2,1,3,1,2,0,3,1,2,1,2,1,2,0,3,
12,1,2,1,3,1,2,1,3,1,2,0,3,1,2,1,2,1,2,0,3,
12,1,2,1,3,1,2,1,3,1,2,0,3,1,2,1,2,1,2,0,3,
11,1,2,1,3,1,2,1,3,1,2,0,3,1,2,1,2,1,2,0,3,
11,1,2,1,3,1,3,1,3,1,3,0,3,1,2,1,2,1,2,0,3,
11,1,2,1,3,1,3,1,3,1,3,0,3,1,2,1,3,1,2,0,3,
11,1,2,1,3,1,3,1,3,1,3,0,3,1,2,1,2,1,2,0,3,
11,1,2,1,3,1,3,1,3,1,3,0,3,1,2,1,3,1,2,0,3,
11,1,3,1,3,1,3,1,3,1,3,0,3,1,2,1,3,1,2,0,3,
11,1,3,1,3,1,3,1,3,1,3,0,3,1,2,1,3,1,2,0,3,
11,1,3,1,3,1,3,1,3,1,3,0,3,1,2,1,3,1,2,0,3,
11,1,3,1,3,1,3,1,3,1,3,0,3,1,2,1,3,1,2,0,3,
11,0,2,0,2,0,2,0,2,0,2,0,2,0,1,0,2,0,1,0,2,
13,0,2,0,2,0,2,0,2,0,2,0,2,0,1,0,2,0,1,0,2,
11,0,2,0,2,0,2,0,2,0,2,0,2,0,1,0,2,0,1,0,2,
11,0,2,0,2,0,2,0,2,0,2,0,2,0,1,0,2,0,1,0,2,
12,1,2,0,2,1,2,1,3,0,2,0,2,1,2,0,2,1,2,0,3,
12,1,2,0,2,1,2,0,2,0,2,0,2,1,1,0,2,1,2,0,3,
12,1,2,0,2,1,2,0,3,0,2,0,2,1,2,0,2,1,2,0,3,
12,1,2,0,2,1,2,0,2,0,2,0,2,1,2,0,2,1,2,0,3,
12,1,2,0,2,1,2,1,2,0,2,0,2,1,2,0,2,1,2,0,3,
12,1,2,0,2,1,2,1,3,1,2,0,2,1,2,0,2,1,2,0,3,
12,1,2,0,3,1,2,1,3,1,2,0,3,1,2,0,2,1,2,0,3,
12,1,2,1,3,1,3,1,3,1,2,0,3,1,2,1,2,1,2,0,3,
12,1,2,0,3,1,2,1,3,1,2,0,2,1,2,1,2,1,2,0,3,
13,1,2,0,2,1,2,1,3,0,2,0,2,1,2,0,2,1,2,0,3,
14,1,3,1,3,1,3,1,3,1,3,0,3,1,2,1,3,1,2,0,3,
12,1,2,1,3,1,2,1,3,1,2,0,2,1,2,1,2,1,2,0,3,
12,1,2,1,3,1,2,1,3,1,2,0,3,1,2,1,2,1,2,0,3,
13,1,2,1,3,1,3,1,3,1,3,0,3,1,2,1,3,1,2,0,3,
15,1,2,1,6,1,2,1,6,1,2,0,3,1,2,1,2,1,2,0,6,
11,1,2,1,3,1,2,1,3,1,2,0,3,1,2,1,2,1,2,0,3,
11,1,2,1,3,1,3,1,3,1,3,0,3,1,2,1,3,1,2,0,3,
11,1,2,1,3,1,3,1,3,1,3,0,3,1,2,1,3,1,2,0,3,
35,1,2,1,3,1,3,1,3,1,3,0,27,1,2,1,3,1,2,0,24,
11,0,1,0,2,0,2,0,2,0,2,0,2,0,1,0,2,0,1,0,2,
11,1,3,1,3,1,3,1,3,1,3,0,3,1,2,1,3,1,2,0,3,
11,1,3,1,3,1,3,1,3,1,3,0,3,1,2,1,3,1,2,0,3,
13,1,3,1,3,1,3,1,3,1,3,0,3,1,2,1,3,1,2,0,3,
11,0,2,0,2,0,2,0,2,0,2,0,2,0,1,0,2,0,1,0,2,
11,0,2,0,2,1,2,0,2,0,2,0,2,0,1,0,2,0,1,0,2,
11,0,2,0,2,0,2,0,2,0,2,0,2,0,1,0,2,0,1,0,2,
12,0,2,1,2,1,2,1,2,0,2,0,2,0,1,1,2,1,2,0,3,
14,1,2,0,3,1,2,1,3,0,2,0,2,1,2,1,2,1,2,0,3,
12,1,2,0,3,1,2,1,3,0,2,0,2,1,2,0,2,1,2,0,3,
11,0,2,0,2,0,2,0,2,0,2,0,2,0,1,0,2,0,1,0,2,
12,1,2,0,2,1,2,0,2,0,2,0,2,1,1,0,2,1,2,0,3,
12,1,2,0,2,1,2,0,2,0,2,0,2,1,1,0,2,1,2,0,3,
12,1,2,0,2,1,2,1,2,0,2,0,2,1,1,0,2,1,2,0,3,
12,1,2,0,2,1,2,0,2,0,2,0,2,1,1,0,2,1,2,0,3,
12,1,2,0,3,1,2,1,3,0,2,0,2,1,2,0,2,1,2,0,3,
14,1,2,1,5,1,5,1,5,1,2,0,5,1,2,1,2,1,2,0,5,
12,1,2,0,2,1,2,1,3,0,2,0,2,1,2,0,2,1,2,0,3,
12,1,2,1,3,1,2,1,3,1,2,0,2,1,2,1,2,1,2,0,3,
12,1,2,0,3,1,2,1,3,0,2,0,2,1,2,0,2,1,2,0,3,
12,1,2,0,3,1,2,1,3,0,2,0,2,1,2,0,2,1,2,0,3,
12,1,2,1,3,1,2,1,3,1,2,0,3,1,2,1,2,1,2,0,3,
12,1,2,1,3,1,2,1,3,1,2,0,2,1,2,1,2,1,2,0,3,
12,1,2,1,3,1,2,1,3,1,2,0,3,1,2,1,2,1,2,0,3,
12,1,2,1,3,1,2,1,3,1,2,0,3,1,2,1,2,1,2,0,3,
12,0,2,0,2,0,2,0,2,0,2,0,2,0,1,0,2,0,1,0,2,
12,0,0,0,1,0,1,0,2,0,1,0,1,0,0,0,1,0,0,0,2,
14,1,5,1,3,1,6,1,3,1,5,0,3,1,5,1,3,1,5,0,3,
11,1,2,1,3,1,3,1,3,1,2,0,3,1,2,1,2,1,2,0,3,
11,1,3,1,3,1,3,1,3,1,3,0,3,1,2,1,3,1,2,0,3,
11,0,2,2,2,0,2,2,2,0,2,1,2,0,1,2,2,0,1,1,2,
12,1,3,1,3,1,3,1,3,1,3,0,3,1,2,1,3,1,2,0,3,
12,1,2,1,3,2,3,1,3,1,3,0,3,1,2,1,3,1,2,0,3,
11,1,3,1,3,1,3,1,3,1,3,1,3,1,2,1,3,1,2,0,3,
14,4,5,1,6,4,5,2,6,3,5,0,6,4,5,2,6,4,5,0,6,
12,1,2,2,3,2,2,2,3,0,2,1,3,1,2,2,2,1,2,1,3,
35,1,2,1,26,1,2,1,2,0,2,0,2,1,1,1,2,1,2,0,3,
12,1,2,0,3,1,2,1,3,0,2,0,2,1,1,0,2,1,1,0,3,
12,0,2,0,2,1,2,0,2,0,2,0,2,0,1,0,2,0,2,0,3,
13,3,4,1,5,3,4,1,5,2,4,0,4,3,4,1,4,3,4,0,5,
12,0,2,0,2,1,2,0,3,0,2,0,2,0,1,0,2,1,1,0,3,
12,1,2,0,3,1,2,0,3,0,2,0,2,1,1,0,2,1,2,0,3,
12,1,2,0,3,1,2,1,3,0,2,0,2,1,2,0,2,1,2,0,3,
12,1,2,0,3,1,2,1,3,0,2,0,2,1,2,0,2,1,2,0,3,
12,1,2,0,3,1,2,1,3,0,2,0,2,1,2,0,2,1,2,0,3,
15,5,1,0,3,5,2,0,3,0,1,0,2,5,1,0,2,1,1,0,3,
12,1,2,1,3,1,2,1,3,1,2,0,3,1,2,1,2,1,2,0,3,
12,1,2,1,3,1,2,1,3,1,2,0,2,1,2,1,2,1,2,0,3,
12,1,2,0,3,1,2,1,3,1,2,0,2,1,2,0,2,1,2,0,3,
12,1,2,0,3,1,2,1,3,1,2,0,2,1,2,0,2,1,2,0,3,
12,1,2,1,3,1,2,1,3,1,2,0,2,1,2,1,2,1,2,0,3,
12,1,2,1,3,1,2,1,3,1,2,0,2,1,2,1,2,1,2,0,3,
12,1,2,1,3,1,2,1,3,1,2,0,2,1,2,1,2,1,2,0,3,
15,1,3,1,3,2,3,1,4,1,3,0,3,1,2,1,3,1,2,0,4,
14,1,2,1,4,1,3,1,4,1,2,0,3,1,2,1,3,1,2,0,5,
13,1,1,0,3,1,2,0,3,0,2,0,2,1,1,0,2,0,1,0,4,
13,1,2,1,3,1,2,2,3,0,2,0,2,0,1,1,2,0,1,0,3,
15,1,5,0,6,1,5,1,6,0,5,0,5,0,1,1,5,1,1,0,6,
11,1,2,1,3,1,3,1,3,1,2,0,3,1,2,1,2,1,2,0,3,
11,1,2,1,3,1,3,1,3,1,2,0,3,1,2,1,2,1,2,0,3,
11,1,2,1,3,1,2,1,3,1,2,0,3,1,2,1,3,1,2,0,3,
12,1,2,3,2,1,2,3,2,1,2,0,2,0,1,3,2,1,1,0,3,
11,0,2,0,2,1,2,0,2,0,2,0,2,0,1,0,2,0,1,0,3,
12,0,2,0,3,1,2,1,3,0,2,0,2,1,1,0,2,0,1,0,3,
12,0,2,0,2,1,2,0,3,0,2,0,2,0,1,0,2,0,2,0,3,
13,1,2,0,3,1,2,0,3,1,2,0,2,1,1,0,2,1,2,0,3,
12,0,2,0,2,1,2,0,3,0,2,0,2,0,1,0,2,0,1,0,3,
32,0,2,0,2,0,3,0,3,0,23,0,2,0,1,0,2,0,2,0,3,
12,1,2,0,3,1,2,1,3,1,2,0,2,0,2,0,2,1,2,0,3,
12,0,2,0,3,1,2,0,3,0,2,0,2,0,1,0,2,1,1,0,3,
12,1,2,0,3,1,2,0,3,1,2,0,2,1,1,0,2,1,2,0,3,
12,1,2,0,3,1,2,1,3,1,2,0,2,1,2,0,2,1,2,0,3,
12,1,2,0,3,1,3,1,3,1,3,0,2,1,2,0,2,1,2,0,3,
13,2,4,0,4,2,4,1,4,2,4,0,3,3,3,0,3,2,3,0,4,
12,1,2,0,3,1,2,1,3,1,2,0,2,1,2,0,2,1,2,0,3,
12,2,2,1,3,2,3,1,3,2,2,0,2,1,2,1,2,1,2,0,3,
14,1,2,1,3,2,3,1,3,1,2,0,2,1,2,1,2,1,2,0,3,
176,52,85,83,80,78,112,110,86,1,88,0,58,54,39,87,35,29,69,6,110,
124,52,85,85,84,75,109,107,83,0,85,3,55,51,37,85,33,26,66,3,107,
72,4,38,37,36,27,61,60,36,0,38,0,10,4,1,37,2,0,18,0,59,
20,0,2,0,2,0,9,7,2,0,2,0,2,0,1,0,2,0,1,0,6,
12,0,2,0,2,0,2,0,2,0,2,0,2,0,1,0,2,0,1,0,2,
13,1,2,1,3,1,3,1,3,0,2,0,2,0,2,1,2,0,2,0,3,
15,1,3,1,3,1,3,1,3,1,3,0,3,1,2,1,3,1,2,1,3,
14,1,5,1,3,1,5,1,3,1,5,0,3,1,4,1,3,1,4,1,3,
11,1,2,1,3,1,3,1,3,1,2,0,3,1,2,1,3,1,2,0,3,
11,1,2,1,3,1,3,1,3,1,2,0,3,1,2,1,2,1,2,0,3,
14,1,2,1,3,1,3,1,3,1,2,0,3,1,2,1,2,1,2,0,3,
11,1,2,1,3,2,3,1,3,1,2,0,3,1,2,1,3,1,2,0,3,
12,1,2,1,3,1,3,1,3,1,2,0,3,1,2,1,3,1,2,1,3,
11,1,3,1,3,2,3,1,3,1,3,0,3,1,2,1,3,1,3,0,3,
13,3,4,1,5,4,5,1,5,3,5,0,5,3,4,1,5,4,4,0,5,
33,0,2,23,2,1,4,24,2,0,2,0,2,0,2,23,2,0,2,0,2,
14,1,5,1,3,1,5,1,3,1,5,0,3,1,3,1,2,1,4,0,3,
11,0,2,0,2,1,2,0,2,0,2,0,2,0,2,0,2,1,2,0,3,
11,1,2,0,2,1,2,0,2,0,2,0,2,0,1,0,2,0,1,0,2,
12,2,3,1,3,2,3,1,3,1,3,0,3,2,2,1,3,2,3,0,4,
11,1,2,0,2,1,2,0,2,0,2,0,2,1,1,0,2,0,1,0,2,
11,1,2,0,2,1,2,0,2,0,2,0,2,1,1,0,2,0,2,0,2,
12,1,2,0,3,1,2,0,3,0,2,0,2,1,1,0,2,1,2,0,3,
12,1,2,0,3,1,2,1,3,1,2,0,3,1,2,0,2,1,2,0,3,
12,1,2,0,3,1,3,1,3,1,2,0,3,1,2,0,2,1,2,0,3,
12,1,2,0,3,1,2,1,3,1,2,0,2,1,2,0,2,1,2,0,3,
12,1,2,0,3,1,2,1,3,1,2,0,2,1,2,0,2,1,2,0,3,
12,1,2,0,3,1,2,1,3,1,2,0,2,1,2,0,2,1,2,0,3,
12,1,2,0,3,1,2,1,3,1,2,0,3,1,2,0,2,1,2,0,3,
12,1,2,0,3,1,2,1,3,1,2,0,2,1,2,0,2,1,2,0,3,
12,1,2,1,3,1,2,1,3,1,2,0,2,1,2,1,2,1,2,0,3,
12,1,2,1,3,1,2,1,3,1,2,0,2,1,2,1,2,1,2,0,3,
12,1,2,1,3,1,2,1,3,1,2,0,2,1,2,1,2,1,2,0,3,
14,1,2,1,3,1,3,1,3,1,2,0,3,1,2,1,2,1,2,0,3,
12,1,2,1,3,1,3,1,3,1,2,0,3,1,2,1,2,1,2,0,3,
12,1,2,1,3,1,3,1,3,1,2,0,3,1,2,1,3,1,2,0,3,
12,1,2,1,3,1,3,1,3,1,2,0,3,1,2,1,3,1,2,0,3,
13,1,1,1,2,1,1,1,2,1,1,0,2,1,1,1,2,1,1,0,3,
14,2,3,1,3,2,6,1,3,1,3,0,3,1,2,1,3,2,2,0,3,
12,2,3,1,3,2,3,1,3,1,3,0,3,1,2,1,3,1,2,0,4,
11,2,3,1,3,2,3,1,3,1,3,0,3,1,2,1,3,1,2,0,3,
12,1,2,3,2,1,2,3,2,0,2,2,2,0,1,3,2,0,2,2,2,
12,1,2,0,3,1,3,1,3,1,2,0,2,1,2,0,2,1,2,0,3,
12,1,2,1,2,1,3,1,2,1,2,0,2,1,2,1,2,1,2,0,3,
12,0,2,0,2,1,2,0,2,0,2,0,2,0,1,0,2,0,2,0,3,
13,1,3,1,3,2,3,1,3,1,3,0,3,1,2,1,3,1,3,0,3,
11,0,2,0,2,1,2,0,2,0,2,0,2,0,1,0,2,0,2,0,3,
11,0,2,0,2,1,2,0,2,0,2,0,2,0,1,0,2,0,2,0,3,
12,0,2,0,2,1,2,0,2,0,2,0,2,0,2,0,2,0,2,0,3,
12,0,2,0,2,1,2,0,2,0,2,0,2,0,2,0,2,1,2,0,3,
12,1,2,0,2,1,2,0,2,0,2,0,2,0,2,0,2,1,2,0,3,
12,1,2,0,2,1,2,0,2,1,2,0,2,1,2,0,2,1,2,0,3,
12,1,2,0,2,1,2,0,2,1,2,0,2,1,2,0,2,1,2,0,3,
11,1,2,0,3,1,2,0,3,1,2,0,2,1,2,0,2,1,2,0,3,
12,1,2,0,3,1,2,1,3,1,2,0,2,1,2,0,2,1,2,0,3,
12,1,2,0,3,1,2,1,3,1,2,0,2,1,2,0,2,1,2,0,3,
12,1,2,0,3,1,2,1,3,1,2,0,2,1,2,0,2,1,2,0,3,
12,1,2,0,3,1,2,1,3,1,2,0,2,1,2,1,2,1,2,0,3,
12,1,2,1,3,1,3,1,3,1,2,0,2,1,2,1,2,1,2,0,3,
12,1,2,1,3,1,3,1,3,1,3,0,3,1,2,1,3,1,3,0,3,
12,1,2,1,3,1,3,1,3,1,2,0,3,1,2,1,2,1,2,0,3,
12,1,2,1,3,1,3,1,3,1,2,0,3,1,2,1,2,1,2,0,3,
12,1,2,1,3,1,3,1,3,1,2,0,3,1,2,1,2,1,2,0,3,
12,1,2,1,3,1,3,1,3,1,2,0,3,1,2,1,2,1,2,0,3,
15,1,3,1,3,2,3,1,3,1,3,0,3,1,2,1,3,2,3,0,3,
12,1,2,1,3,1,3,1,3,1,2,0,3,1,2,1,2,1,2,0,3,
12,1,2,1,3,1,3,1,3,1,2,0,3,1,2,1,2,1,2,0,3,
11,1,2,0,3,1,2,1,3,1,2,0,2,1,1,0,2,1,2,0,3,
14,1,7,1,8,1,7,1,8,1,7,0,8,1,2,1,7,1,7,0,8,
11,1,2,1,3,1,3,1,3,1,3,0,3,1,2,1,3,1,3,0,3,
11,1,3,1,3,1,3,1,3,1,3,0,3,1,2,1,3,1,3,0,3,
11,1,3,1,3,1,3,1,3,1,3,0,3,1,2,1,3,1,3,0,3,
11,1,3,1,3,2,3,1,3,1,3,0,3,1,2,1,3,2,3,0,3,
11,1,3,1,3,2,3,1,3,1,3,0,3,1,2,1,3,1,3,0,3,
11,1,3,1,3,2,3,1,3,1,3,0,3,1,2,1,3,2,3,0,3,
11,1,3,1,3,2,3,1,3,1,3,0,3,1,2,1,3,2,3,0,3,
11,0,2,0,2,1,2,0,2,0,2,0,2,0,1,0,2,0,2,0,2,
11,0,2,0,2,1,2,0,2,0,2,0,2,0,1,0,2,0,2,0,2,
11,0,2,0,2,1,2,0,2,0,2,0,2,0,1,0,2,0,2,0,2,
11,1,2,0,2,1,2,0,2,0,2,0,2,0,1,0,2,0,2,0,2,
11,1,2,0,2,1,2,0,3,0,2,0,2,0,2,0,2,1,2,0,3,
11,1,2,0,2,1,2,1,3,1,2,0,2,0,1,0,2,1,2,0,3,
34,0,2,4,2,1,3,4,2,0,2,0,2,0,2,4,2,1,2,0,2,
12,1,2,1,3,1,2,1,3,1,2,0,2,1,2,1,2,1,2,0,3,
12,1,2,0,3,1,2,1,3,1,2,0,2,1,2,0,2,1,2,0,3,
12,1,2,1,3,1,2,1,3,1,2,0,2,1,2,1,2,1,2,0,3,
12,1,2,1,3,1,3,1,3,1,2,0,2,1,2,1,2,1,2,0,3,
12,1,2,1,3,1,3,1,3,1,2,0,2,1,2,1,2,1,2,0,3,
12,1,2,1,3,1,3,1,3,1,2,0,3,1,2,1,2,1,2,0,3,
12,1,2,1,3,1,3,1,3,1,2,0,3,1,2,1,2,1,2,0,3,
12,1,3,1,3,1,3,1,3,1,2,0,3,1,2,1,2,1,2,0,3,
12,1,2,1,3,1,3,1,3,1,2,0,2,1,2,1,2,1,2,0,3,
12,1,2,1,3,1,3,1,3,1,2,0,3,1,2,1,2,1,2,0,3,
12,1,2,1,3,1,3,1,3,1,2,0,3,1,2,1,2,1,2,0,3,
14,0,1,0,1,0,1,0,1,0,1,0,1,0,0,0,1,0,1,0,1,
14,1,5,1,2,1,5,1,3,1,5,0,2,1,4,1,2,1,5,0,3,
11,1,2,1,3,1,3,1,3,1,2,0,3,1,2,1,2,1,2,0,3,
11,1,2,1,3,1,3,1,3,1,2,0,3,1,2,1,2,1,2,0,3,
11,0,2,1,2,0,2,1,2,0,2,0,2,0,1,1,2,0,2,0,2,
13,1,2,1,3,1,3,1,3,1,3,0,3,1,2,1,3,1,3,0,3,
13,0,2,0,2,1,2,0,2,0,2,0,2,0,1,0,2,1,2,0,2,
11,1,3,1,3,2,3,1,3,1,3,0,3,1,2,1,3,1,2,0,3,
14,4,5,1,6,4,6,1,6,4,5,0,6,4,5,1,6,4,5,0,6,
11,1,3,1,3,2,3,1,3,1,3,0,3,1,2,1,3,1,2,0,3,
11,1,3,1,3,2,3,1,3,1,3,0,3,1,2,1,3,1,2,0,3,
11,1,3,1,3,2,3,1,3,1,3,0,3,1,2,1,3,1,2,0,3,
11,0,2,0,2,1,2,1,2,0,2,0,2,0,1,0,2,0,2,0,2,
11,0,2,0,2,1,2,1,2,0,2,0,2,0,1,0,2,0,2,0,2,
11,0,2,0,2,1,2,0,2,0,2,0,2,0,1,0,2,0,2,0,2,
11,0,2,0,2,1,2,1,3,0,2,0,2,0,1,0,2,1,2,0,3,
11,0,2,0,2,1,2,1,3,0,2,0,2,0,1,0,2,1,2,0,3,
11,1,2,0,2,1,2,1,2,1,2,0,2,1,1,0,2,1,2,0,3,
11,1,2,0,3,1,2,1,3,1,2,0,2,1,2,0,2,1,2,0,3,
11,1,2,0,2,1,2,1,3,1,2,0,2,1,2,0,2,1,2,0,3,
12,1,2,0,2,1,2,1,3,1,2,0,2,1,2,0,2,1,2,0,3,
12,1,2,0,2,1,2,1,3,1,2,0,2,1,2,1,2,1,2,0,3,
12,1,2,1,2,1,2,1,3,1,2,0,2,1,2,1,2,1,2,0,3,
13,2,4,1,4,3,4,1,4,2,4,0,4,2,3,1,4,3,4,0,4,
12,1,2,1,3,1,2,1,3,1,2,0,2,1,2,1,2,1,2,0,3,
12,1,2,1,3,1,2,1,3,1,2,0,2,1,2,1,2,1,2,0,3,
12,1,2,1,3,1,2,1,3,1,2,0,3,1,2,1,2,1,2,0,3,
14,1,2,0,2,1,2,1,3,1,2,0,2,1,2,0,2,1,2,0,3,
12,1,2,1,3,1,2,1,3,1,2,0,2,1,2,1,2,1,2,0,3,
12,1,2,1,3,1,2,1,3,1,2,0,2,1,2,1,2,1,2,0,3,
13,1,2,1,3,1,3,1,3,1,2,0,3,1,2,1,2,1,2,0,3,
14,1,2,1,3,1,3,1,3,1,2,0,3,1,2,1,2,1,2,0,6,
11,1,2,1,3,1,3,1,3,1,2,0,3,1,2,1,3,1,2,0,3,
11,1,2,1,3,1,3,1,3,1,2,0,3,1,2,1,2,1,2,0,3,
11,1,2,1,3,2,3,1,3,1,3,0,3,1,2,1,3,2,2,0,3,
11,1,2,1,3,2,3,1,3,1,2,0,3,1,2,1,3,1,2,0,3,
11,1,3,1,3,2,3,2,3,1,3,0,3,1,2,1,3,2,3,0,3,
11,0,2,0,2,1,2,1,2,0,2,0,2,0,1,0,2,0,2,0,2,
11,0,2,0,2,1,2,1,3,0,2,0,2,0,1,0,2,1,2,0,3,
11,1,3,1,3,2,3,2,3,1,3,0,3,1,2,1,3,2,3,0,3,
11,0,2,0,2,1,2,1,2,0,2,0,2,0,1,0,2,0,2,0,2,
11,0,2,0,2,1,2,1,2,0,2,0,2,0,1,0,2,0,2,0,2,
11,1,2,0,2,1,2,1,2,1,2,0,2,1,2,0,2,1,2,0,3,
11,1,2,0,2,1,2,1,2,1,2,0,2,1,1,0,2,1,2,0,3,
11,1,2,0,2,1,2,1,2,1,2,0,2,1,2,0,2,1,2,0,3,
11,1,2,0,2,1,2,1,3,1,2,0,2,1,2,0,2,1,2,0,3,
11,1,2,0,2,1,2,1,3,1,2,0,2,1,2,0,2,1,2,0,3,
11,1,2,0,2,1,2,1,3,1,2,0,2,1,2,0,2,1,2,0,3,
11,1,2,0,2,1,2,1,2,1,2,0,2,1,2,0,2,1,2,0,3,
12,0,1,1,1,0,1,2,2,0,1,1,1,0,1,1,1,0,1,1,2,
12,1,2,0,2,1,2,1,3,1,2,0,2,1,2,1,2,1,2,0,3,
11,1,2,1,2,1,2,1,3,1,2,0,2,1,2,1,2,1,2,0,3,
12,1,3,1,3,1,2,1,3,1,3,0,2,1,2,1,2,1,2,0,3,
12,1,2,1,2,1,2,1,3,1,2,0,2,1,2,1,2,1,2,0,3,
12,1,2,1,3,1,2,1,3,1,2,0,2,1,2,1,2,1,2,0,3,
12,1,2,1,3,1,2,1,3,1,2,0,2,1,2,1,2,1,2,0,3,
12,1,2,1,3,1,2,1,3,1,2,0,3,1,2,1,2,1,2,0,3,
15,1,2,1,3,1,3,1,3,1,2,0,3,1,2,1,3,1,2,0,3,
14,1,5,1,3,1,5,1,3,1,5,0,3,1,5,1,2,1,5,0,3,
12,1,2,1,3,1,3,1,3,1,2,0,3,1,2,1,2,1,2,0,3,
12,1,2,1,3,1,3,1,3,1,2,0,3,1,2,1,3,1,2,0,3,
11,0,1,2,2,0,2,2,2,0,1,1,2,0,1,2,1,0,1,1,2,
14,1,2,1,3,1,3,1,3,1,3,0,3,1,2,1,3,1,2,0,3,
14,1,3,1,3,2,3,2,3,1,3,1,3,1,2,1,3,1,2,0,3,
11,0,2,0,2,1,2,1,2,0,2,0,2,1,1,0,2,1,1,0,2,
14,3,4,0,5,3,4,1,5,3,4,0,4,3,3,0,4,3,4,0,5,
11,0,2,0,2,1,2,1,2,0,2,0,2,0,1,0,2,0,1,0,2,
13,0,2,0,2,1,2,1,2,0,2,0,2,0,1,0,2,0,2,0,2,
11,0,2,0,2,1,2,1,2,0,2,0,2,0,1,0,2,0,1,0,2,
11,0,2,0,2,1,2,1,2,0,2,0,2,0,1,0,2,0,2,0,2,
11,0,2,0,2,1,2,1,2,0,2,0,2,0,1,0,2,0,2,0,2,
11,0,2,0,2,1,2,1,2,0,2,0,2,0,1,0,2,0,2,0,2,
11,0,2,0,2,1,2,1,2,0,2,0,2,0,1,0,2,0,2,0,2,
11,1,2,0,2,1,2,1,2,1,2,0,2,1,1,0,2,1,2,0,2,
11,1,2,0,2,1,2,1,2,1,2,0,2,1,1,0,2,1,2,0,3,
11,1,2,0,2,1,2,1,2,1,2,0,2,1,1,0,2,1,2,0,3,
12,2,3,1,3,2,3,1,3,2,3,0,3,2,2,1,3,1,2,0,3,
11,1,2,0,2,1,2,1,2,0,2,0,2,1,2,0,2,1,2,0,3,
11,1,2,0,2,1,2,1,3,0,2,0,2,1,2,0,2,1,2,0,3,
12,1,2,1,3,2,3,1,3,1,2,0,3,1,2,1,3,1,2,0,3,
12,1,2,1,3,1,3,1,3,1,2,0,3,1,2,1,2,1,2,0,3,
12,1,3,1,3,2,3,1,3,1,3,0,3,1,2,1,3,2,2,1,3,
12,1,2,1,3,1,3,1,3,1,2,0,3,1,2,1,2,1,2,0,3,
12,0,2,0,2,1,2,1,2,0,2,0,2,1,1,0,2,1,1,0,2,
15,1,2,1,3,1,2,1,3,1,2,0,2,1,2,1,2,1,2,0,3,
12,1,2,1,3,1,2,1,3,1,2,0,2,1,2,1,2,1,2,0,3,
12,1,2,1,3,2,3,1,3,1,2,0,3,1,2,1,3,1,2,0,3,
13,1,2,1,3,2,3,1,3,1,2,0,3,1,2,1,2,1,2,0,3,
15,1,2,1,3,1,3,1,6,1,2,0,3,1,2,1,3,1,2,0,6,
12,1,3,1,3,2,3,1,3,1,3,0,3,2,2,1,3,1,2,0,3,
11,0,2,0,2,1,2,0,2,0,2,0,2,1,1,0,2,1,1,0,2,
11,1,3,1,3,2,3,1,3,1,3,0,3,1,2,1,3,1,2,0,3,
11,1,3,1,3,2,3,1,3,1,3,0,3,2,2,1,3,2,2,0,3,
11,1,3,1,3,2,3,1,3,1,3,0,3,2,2,1,3,2,2,0,3,
11,0,2,0,2,1,2,0,2,0,2,0,2,1,1,0,2,1,2,0,2,
11,1,2,0,2,1,2,1,2,0,2,0,2,1,2,0,2,1,2,0,3,
11,0,2,0,2,1,2,1,2,0,2,0,2,1,1,0,2,1,2,0,2,
11,1,2,0,2,1,2,1,2,0,2,0,2,1,1,0,2,1,2,0,3,
11,1,2,1,2,1,2,1,2,0,2,0,2,1,1,1,2,1,2,0,2,
13,1,2,0,2,1,2,1,2,0,2,0,2,1,1,0,2,1,2,0,2,
11,1,2,1,2,1,2,1,2,0,2,0,2,1,1,1,2,1,2,0,3,
11,1,2,1,2,1,2,1,2,0,2,0,2,1,1,1,2,1,2,0,3,
12,1,2,1,3,1,2,1,3,1,2,0,2,1,2,1,2,1,2,0,3,
12,1,2,1,2,1,2,1,3,0,2,0,2,1,2,1,2,1,2,0,3,
12,1,2,1,3,1,2,1,3,1,2,0,2,1,2,1,2,1,2,0,3,
11,1,2,1,2,1,2,1,2,0,2,0,2,1,2,1,2,1,2,0,3,
12,1,2,1,3,1,2,1,3,0,2,0,2,1,2,1,2,1,2,0,3,
12,1,2,1,2,1,2,1,3,0,2,0,2,1,2,1,2,1,2,0,3,
12,1,2,1,3,1,2,1,3,1,2,0,2,1,2,1,2,1,2,0,3,
12,1,2,1,3,1,3,1,3,1,2,0,3,1,2,1,2,1,2,1,3,
12,1,2,1,3,1,3,1,3,1,2,0,3,1,2,1,2,1,2,1,3,
12,1,2,1,3,1,3,1,3,1,2,0,3,1,2,1,2,1,2,0,3,
12,0,1,0,2,1,2,0,2,0,1,0,2,0,1,0,2,0,1,0,2,
12,1,2,1,3,1,3,1,3,1,2,0,3,1,2,1,2,1,2,0,3,
14,1,2,1,3,1,2,1,3,1,2,0,2,1,2,1,2,1,2,0,3,
18,1,2,1,3,1,3,1,3,1,2,0,3,1,2,1,3,1,2,0,3,
12,1,2,1,3,1,3,1,3,1,2,0,3,1,2,1,3,1,2,0,3,
12,1,2,1,3,1,3,1,3,1,3,0,3,1,2,1,3,1,2,1,3,
32,1,2,1,22,1,2,1,22,0,2,0,2,1,1,1,2,1,1,0,22,
16,4,4,4,6,4,4,4,6,0,4,0,6,4,4,4,5,4,4,0,6,
11,1,2,1,2,1,2,1,2,0,2,0,2,1,1,1,2,1,2,0,3,
11,1,2,1,2,1,2,1,2,0,2,0,2,1,1,1,2,1,2,0,2,
11,1,2,1,2,1,2,1,2,0,2,0,2,1,1,1,2,1,2,0,2,
13,1,2,4,2,1,2,4,2,0,2,0,2,1,1,4,2,1,2,0,2,
32,1,2,1,2,1,2,2,3,0,2,0,2,1,2,1,2,1,2,0,3,
12,1,2,1,3,1,3,2,3,1,2,0,3,1,2,1,2,1,2,1,3,
11,1,2,1,2,1,2,1,3,0,2,0,2,1,2,1,2,1,2,0,3,
11,1,2,1,2,1,2,1,3,1,2,0,2,1,2,1,2,1,2,1,3,
11,1,2,1,2,1,2,1,3,0,2,0,2,1,2,1,2,1,2,0,3,
11,1,2,1,2,1,2,1,2,0,2,0,2,1,1,1,2,1,2,0,2,
11,1,2,0,2,1,2,1,2,0,2,0,2,1,1,0,2,1,2,0,2,
11,1,2,0,2,1,2,1,2,0,2,0,2,1,1,0,2,1,2,0,2,
11,1,2,0,2,1,2,1,2,0,2,0,2,1,1,1,2,1,2,0,2,
11,1,2,0,2,1,2,1,2,0,2,0,2,1,1,0,2,1,2,0,2,
37,26,26,0,27,26,26,1,27,26,26,0,27,26,26,0,27,26,26,0,28,
11,1,2,1,2,1,2,1,2,0,2,0,2,1,1,1,2,1,2,0,3,
13,1,2,1,2,1,2,1,2,0,2,0,2,1,1,1,2,1,2,0,3,
12,1,2,1,2,1,2,1,2,0,2,0,2,1,1,0,2,1,2,0,3,
11,1,2,1,2,1,2,1,2,0,2,0,2,1,2,1,2,1,2,0,3,
13,1,2,1,3,1,2,1,3,1,2,0,2,1,2,1,2,1,2,0,3,
12,0,1,0,2,0,2,1,2,0,1,0,2,0,1,0,1,0,1,0,2,
12,1,2,1,3,1,3,2,3,1,2,0,3,1,2,1,2,1,2,0,3,
12,1,2,1,3,1,2,2,3,1,2,0,3,1,2,1,2,1,2,1,3,
12,1,2,1,3,1,2,2,3,1,2,0,3,1,2,1,2,1,2,0,3,
12,1,2,1,3,2,2,1,3,1,2,0,3,1,2,1,2,1,2,1,3,
12,1,2,1,3,1,3,2,3,1,2,0,3,1,2,1,2,1,2,0,3,
13,1,2,1,2,1,2,1,2,0,2,0,2,1,1,1,2,1,2,0,3,
12,1,2,1,3,1,3,1,3,1,2,0,3,1,2,1,2,1,2,1,3,
12,0,2,0,2,0,2,0,2,0,2,0,2,0,1,0,2,0,1,0,2,
12,1,2,1,3,1,3,1,3,1,2,0,3,1,2,1,3,1,2,0,3,
14,1,5,1,6,1,5,1,6,1,5,0,6,1,5,1,5,1,5,0,6,
11,1,2,1,3,1,3,1,3,1,2,0,3,1,2,1,3,1,2,0,3,
11,1,2,1,2,1,2,1,2,0,2,0,2,1,1,1,2,1,1,0,2,
11,1,2,1,2,1,2,1,2,0,2,0,2,1,1,1,2,1,1,0,2,
12,1,2,3,2,1,2,3,2,0,2,0,2,1,1,3,2,1,1,0,2,
11,1,2,0,2,1,2,1,2,0,2,0,2,1,1,1,2,1,1,0,2,
11,1,2,0,2,1,2,1,2,0,2,0,2,1,1,1,2,0,1,0,2,
11,1,2,0,2,1,2,1,2,0,2,0,2,1,1,0,2,1,1,0,2,
14,1,2,1,2,1,2,1,2,0,2,0,2,1,1,1,2,1,1,0,2,
11,1,2,1,2,1,2,1,2,0,2,0,2,1,1,1,2,1,2,0,2,
11,1,2,1,2,1,2,1,3,0,2,0,2,1,1,1,2,1,2,0,3,
11,1,2,1,2,1,2,1,2,0,2,0,2,1,1,1,2,1,2,0,2,
11,1,2,1,2,1,2,1,2,0,2,0,2,1,1,1,2,1,2,0,3,
12,0,1,1,2,1,1,0,2,0,1,0,2,0,1,0,1,0,1,0,2,
12,1,2,1,3,1,3,1,3,1,2,0,3,1,2,1,2,1,2,1,3,
12,0,1,0,2,1,2,1,2,0,1,0,2,0,1,1,1,0,1,0,2,
12,0,1,0,2,0,2,1,2,0,1,0,2,0,1,1,1,0,1,0,2,
12,0,2,1,2,1,2,1,2,0,1,0,2,0,1,1,2,0,1,0,2,
12,1,2,1,3,1,3,1,3,1,2,0,3,1,2,1,2,1,2,0,3,
12,1,2,1,3,1,3,1,3,1,2,0,3,1,2,1,2,1,2,0,3,
12,1,2,1,3,1,3,1,3,1,2,0,3,1,2,1,2,1,2,0,3,
12,1,2,1,3,1,2,1,3,1,2,0,3,1,2,1,2,1,2,0,3,
12,1,2,1,2,1,2,1,2,0,2,0,2,1,1,1,2,1,2,0,2,
12,0,1,0,2,1,2,0,2,0,1,0,2,0,1,0,2,0,1,0,2,
12,1,2,1,3,1,3,1,3,1,2,0,3,1,2,1,2,1,2,1,3,
12,0,2,0,2,1,2,1,2,0,2,0,2,0,1,1,2,0,1,0,2,
14,4,4,4,5,4,4,4,5,4,4,0,5,4,4,4,5,4,4,4,5,
12,1,2,0,2,1,2,1,2,0,2,0,2,0,1,0,2,1,1,0,2,
11,1,2,0,2,1,2,1,2,0,2,0,2,1,1,1,2,1,1,0,2,
11,1,2,0,2,1,2,1,2,0,2,0,2,1,1,1,2,1,1,0,2,
12,0,2,3,2,1,2,3,2,0,2,3,2,0,1,3,2,0,1,3,2,
11,1,2,0,2,1,2,1,2,0,2,0,2,1,1,1,2,1,1,0,2,
11,1,2,1,2,1,2,1,3,0,2,0,2,1,1,1,2,1,2,0,3,
11,1,2,1,2,1,2,1,2,0,2,0,2,1,1,1,2,1,2,0,3,
13,1,2,1,2,1,2,1,2,0,2,0,2,1,2,1,2,1,2,0,3,
11,1,2,1,2,1,3,1,2,0,2,0,2,1,1,1,2,1,2,0,3,
11,1,2,1,2,1,2,1,2,0,2,0,2,1,2,1,2,1,2,0,3,
11,1,2,1,2,1,2,1,2,0,2,0,2,1,1,1,2,1,2,0,3,
11,1,2,1,2,1,2,1,2,0,2,0,2,1,1,1,2,1,2,0,3,
11,1,2,1,2,1,2,1,2,0,2,0,2,1,1,1,2,1,2,0,3,
11,1,2,1,2,1,2,1,2,0,2,0,2,1,1,1,2,1,2,0,3,
12,1,2,1,3,1,2,1,3,0,2,0,2,1,2,1,2,1,2,1,3,
12,1,2,1,3,1,2,1,3,1,2,0,3,1,2,1,2,1,2,0,3,
32,1,2,1,3,1,2,1,3,1,2,0,2,1,23,1,2,1,2,0,3,
12,0,2,1,2,1,2,1,2,0,2,0,2,0,1,1,2,0,2,0,2,
12,1,2,1,3,1,2,1,3,1,2,0,3,1,2,1,3,1,2,1,3,
12,1,2,1,3,2,2,2,3,1,2,0,3,1,2,2,2,1,2,1,3,
12,1,2,1,3,1,2,1,3,1,2,0,3,1,2,1,2,1,2,1,3,
12,0,1,0,2,1,2,1,2,0,1,0,2,0,1,1,2,0,1,0,2,
12,0,1,1,2,0,2,1,2,0,1,0,2,0,1,1,2,0,1,0,2,
12,0,1,1,2,0,2,1,2,0,1,0,2,0,1,1,2,0,1,0,2,
12,0,1,1,2,0,2,1,2,0,1,0,2,0,1,1,2,1,1,0,2,
13,0,2,1,2,1,2,1,2,0,2,0,2,0,1,1,2,1,2,0,2,
14,2,3,1,3,2,3,1,3,1,3,1,3,1,2,1,3,1,2,0,3,
12,1,2,1,3,1,3,1,3,1,2,0,3,1,2,1,2,1,2,0,3,
12,1,2,1,3,1,2,1,3,1,2,0,3,1,2,1,2,1,2,0,3,
12,1,2,0,2,1,2,1,2,0,2,0,2,1,1,0,2,1,1,0,2,
14,1,5,1,6,1,5,1,6,1,5,0,6,1,2,1,5,1,2,0,6,
11,1,2,1,3,2,2,1,3,1,2,0,3,1,2,1,3,1,2,0,3,
11,1,3,1,3,2,3,1,3,1,3,0,3,1,2,1,3,1,2,0,3,
11,1,3,1,3,2,3,1,3,1,3,0,3,1,2,1,3,1,2,1,3,
11,1,3,1,3,2,3,1,3,1,3,0,3,1,2,1,3,1,2,0,3,
11,0,2,0,2,1,2,0,2,0,2,0,2,1,1,0,2,1,1,0,2,
11,1,2,0,2,1,2,0,2,0,2,0,2,1,1,0,2,1,1,0,2,
11,1,2,0,2,1,2,0,2,0,2,0,2,1,1,0,2,1,1,0,2,
14,1,2,0,2,1,2,0,2,0,2,0,2,1,1,0,2,1,1,0,2,
11,1,2,0,2,1,2,1,2,0,2,0,2,1,1,0,2,1,2,0,2,
11,1,2,1,2,1,2,1,2,0,2,0,2,1,1,1,2,1,2,0,3,
11,1,2,1,2,1,2,1,2,0,2,0,2,1,1,0,2,1,2,0,3,
11,0,2,0,2,1,2,1,2,0,2,0,2,1,1,0,2,1,2,0,2,
11,1,2,0,2,1,2,1,2,0,2,0,2,1,1,0,2,1,2,0,3,
11,1,2,1,2,1,2,1,2,0,2,0,2,1,1,1,2,1,2,0,3,
11,1,2,1,3,1,2,1,3,0,2,0,2,1,2,1,2,1,2,0,3,
11,1,2,1,2,1,2,1,2,0,2,0,2,1,1,1,2,1,2,0,3,
11,1,2,1,2,1,2,1,2,0,2,0,2,1,2,1,2,1,2,0,3,
11,1,2,1,2,1,2,1,3,0,2,0,2,1,2,1,2,1,2,0,3,
11,1,2,1,2,1,2,1,3,0,2,0,2,1,2,1,2,1,2,0,3,
11,1,2,1,2,1,2,1,3,1,2,0,2,1,2,1,2,1,2,0,3,
12,1,3,1,3,1,2,1,3,1,2,0,3,1,2,1,2,1,2,0,3,
12,1,2,1,3,1,3,1,3,1,2,0,3,1,2,1,2,1,2,0,3,
12,1,2,1,3,1,2,1,3,1,2,0,3,1,2,1,2,1,2,0,3,
12,1,2,1,3,1,2,1,3,1,2,0,3,1,2,1,2,1,2,0,3,
12,1,2,1,3,1,2,1,3,1,2,0,3,1,2,1,2,1,2,0,3,
13,0,0,0,1,0,0,0,1,0,0,0,1,0,0,0,1,0,0,0,1,
14,1,5,1,3,2,6,1,3,1,5,0,3,1,5,1,2,1,5,0,3,
12,1,2,1,3,2,3,1,3,1,2,0,3,1,2,1,2,1,2,0,3,
12,1,2,1,3,1,3,1,3,1,2,0,3,1,2,1,2,1,2,0,3,
12,0,2,2,2,1,2,2,2,0,1,2,2,0,1,2,1,0,1,2,2,
11,1,2,1,3,1,3,1,3,1,2,0,3,1,2,1,2,1,2,0,3,
11,1,3,1,3,2,3,1,3,1,2,0,3,1,2,1,3,1,2,0,3,
11,1,3,1,3,2,3,1,3,1,3,0,3,1,2,1,3,1,2,0,3,
13,3,4,0,4,3,4,0,4,2,4,0,4,3,3,0,4,3,3,0,4,
11,1,2,0,2,1,2,0,2,0,2,0,2,1,1,0,2,1,1,0,2,
11,1,2,0,2,1,2,1,2,0,2,0,2,0,1,0,2,1,1,0,2,
11,1,2,0,2,1,2,0,2,0,2,0,2,1,1,0,2,1,1,0,2,
11,1,2,0,2,1,2,1,2,0,2,0,2,1,1,0,2,1,1,0,2,
11,1,2,0,2,1,2,1,2,0,2,0,2,0,1,0,2,1,2,0,2,
11,1,2,0,2,1,2,1,2,0,2,0,2,1,1,0,2,1,2,0,2,
11,1,2,1,2,1,2,1,2,0,2,0,2,1,2,1,2,1,2,0,3,
29,1,2,1,2,1,2,2,2,0,2,0,2,1,2,1,2,1,2,21,3,
11,1,2,1,2,1,2,1,3,1,2,0,2,1,2,1,2,1,2,0,3,
11,1,2,1,2,1,2,1,2,0,2,0,2,1,2,1,2,1,2,0,3,
11,1,2,1,2,1,2,1,2,0,2,0,2,1,2,1,2,1,2,0,3,
11,1,2,1,2,1,2,1,2,0,2,0,2,1,2,0,2,1,2,0,3,
11,1,2,1,2,1,2,1,2,0,2,0,2,1,2,1,2,1,2,0,3,
11,1,2,1,2,1,2,1,3,0,2,0,2,1,2,1,2,1,2,0,3,
12,1,2,1,3,1,2,1,3,0,2,0,3,1,2,1,2,1,2,0,3,
11,1,2,1,2,1,2,1,3,0,2,0,2,1,2,1,2,1,2,0,3,
11,1,2,1,2,1,2,1,3,0,2,0,2,1,2,1,2,1,2,0,3,
11,1,2,1,2,1,2,1,3,1,2,0,2,1,2,1,2,1,2,0,3,
14,1,2,1,3,1,3,1,3,1,2,0,3,1,2,1,3,1,2,0,3,
12,1,2,1,3,1,2,1,3,1,2,0,2,1,2,1,2,1,2,0,3,
12,0,1,2,2,0,1,2,2,0,1,1,2,0,1,2,1,0,1,1,2,
12,2,3,1,3,2,3,1,3,1,3,0,3,2,2,1,3,2,2,0,3,
15,1,5,1,6,1,5,1,6,1,5,0,6,1,2,1,5,1,2,0,6,
12,1,2,1,3,1,3,1,3,1,2,0,3,1,2,1,2,1,2,0,3,
12,1,2,1,3,1,3,1,3,1,2,0,3,1,2,1,2,1,2,0,3,
11,1,2,1,3,2,3,1,3,1,2,0,3,1,2,1,2,1,2,0,3,
11,1,2,1,3,2,3,1,3,1,2,0,3,1,2,1,2,1,2,0,3,
11,1,3,1,3,2,3,1,3,1,3,0,3,1,2,1,3,1,2,0,3,
11,1,3,1,3,1,3,1,3,1,3,0,3,1,2,1,3,1,2,0,3,
11,1,3,1,3,1,3,1,3,1,3,0,3,1,2,1,3,1,2,0,3,
11,2,3,1,3,2,3,1,3,1,3,0,3,1,2,1,3,2,2,0,3,
11,2,3,1,3,2,3,1,3,1,3,0,3,2,2,1,3,2,2,0,3,
11,2,3,1,3,2,3,1,3,1,3,0,3,2,2,1,3,2,2,0,3,
11,1,2,0,2,1,2,0,2,0,2,0,2,1,1,0,2,1,2,0,2,
11,1,2,0,2,1,2,0,2,0,2,0,2,1,1,0,2,1,2,0,2,
11,0,2,0,2,1,2,0,2,0,2,0,2,0,1,0,2,1,2,0,2,
11,1,2,0,2,1,2,0,2,0,2,0,2,0,1,0,2,1,2,0,3,
11,1,2,0,2,1,2,0,2,0,2,0,2,1,1,0,2,1,2,0,3,
12,0,3,1,2,1,4,1,2,0,4,0,2,1,3,1,2,0,3,0,2,
11,1,2,1,2,1,2,1,3,1,2,0,2,1,2,1,2,1,2,0,3,
11,1,2,1,3,1,3,1,3,1,2,0,3,1,2,1,2,1,2,0,3,
12,1,2,1,3,1,2,1,3,1,2,0,2,1,2,1,2,1,2,0,3,
12,1,2,1,3,1,2,1,3,1,2,0,3,1,2,1,2,1,2,0,3,
12,1,2,1,3,1,3,1,3,1,2,0,3,1,2,1,2,1,2,0,3,
12,1,2,0,2,1,2,0,2,0,2,0,2,1,2,0,2,1,2,0,3,
12,1,2,1,3,1,3,1,3,1,2,0,3,1,2,1,2,1,2,0,3,
12,1,2,1,3,1,2,1,3,1,2,0,3,1,2,1,2,1,2,0,3,
12,1,2,1,3,1,3,1,3,1,2,0,3,1,2,1,3,1,2,0,3,
14,0,0,0,1,0,0,0,1,0,0,0,1,0,0,0,1,0,0,0,2,
12,1,3,1,3,1,3,1,3,1,3,0,3,1,2,1,3,1,3,0,3,
12,1,3,1,3,2,3,1,3,1,3,0,3,1,2,1,3,1,3,0,3,
12,2,3,1,3,2,3,1,3,1,3,0,3,2,2,1,3,2,2,0,3,
13,0,2,3,2,1,2,3,2,0,2,2,2,0,1,3,2,0,2,2,2,
12,1,3,1,3,1,3,1,3,1,3,0,3,1,2,1,3,1,3,0,3,
11,1,3,1,3,1,3,1,3,1,3,0,3,1,2,1,3,1,3,0,3,
11,1,3,1,3,2,3,1,3,1,3,0,3,1,2,1,3,1,3,0,3,
11,1,3,1,3,2,3,1,3,1,3,0,3,1,2,1,3,1,3,0,3,
11,1,3,1,3,2,3,1,3,1,3,0,3,2,2,1,3,2,3,0,3,
11,2,3,1,3,2,3,1,3,1,3,0,3,2,2,1,3,2,3,0,3,
11,1,3,1,3,2,3,1,3,1,3,0,3,2,2,1,3,2,3,0,3,
11,2,3,1,3,2,3,1,3,1,3,0,3,2,2,1,3,2,3,0,3,
11,1,3,1,3,2,3,1,3,1,3,0,3,2,2,1,3,2,3,0,3,
11,2,3,1,3,2,3,1,3,1,3,0,3,2,2,1,3,2,3,0,3,
11,0,2,0,2,1,2,0,2,0,2,0,2,1,1,0,2,1,2,0,2,
11,0,2,0,2,1,2,0,2,0,2,0,2,1,1,0,2,1,2,0,2,
11,0,2,0,2,1,2,1,2,0,2,0,2,1,1,0,2,1,2,0,2,
11,1,2,0,2,1,2,1,2,0,2,0,2,1,1,0,2,1,2,0,3,
11,1,2,0,2,1,2,1,2,0,2,0,2,1,1,0,2,1,2,0,3,
11,1,2,1,2,1,2,1,3,1,2,0,2,1,2,1,2,1,2,0,3,
11,1,2,1,2,1,2,1,2,0,2,0,2,1,2,1,2,1,2,0,3,
11,1,2,1,2,1,2,1,3,0,2,0,2,1,2,1,2,1,2,0,3,
11,1,2,1,2,1,2,1,3,0,2,0,2,1,2,0,2,1,2,0,3,
12,1,2,1,3,1,2,1,3,1,2,0,3,1,2,1,2,1,2,0,3,
12,1,2,1,3,1,3,1,3,1,2,0,3,1,2,1,2,1,2,0,3,
13,0,2,0,2,1,2,0,2,0,2,0,2,1,1,0,2,1,2,0,2,
14,1,2,0,2,1,2,0,2,0,2,0,2,1,1,0,2,1,2,0,2,
11,1,2,1,3,1,2,1,3,0,2,0,3,1,2,1,2,1,2,0,3,
11,1,2,1,3,1,2,1,3,1,2,1,2,1,2,1,2,1,2,0,3,
13,1,2,1,3,2,3,1,3,1,3,0,3,1,2,1,3,1,2,0,3,
12,1,2,1,3,1,3,1,3,1,2,0,3,1,2,1,2,1,2,0,3,
12,1,2,1,3,1,3,1,3,1,2,0,3,1,2,1,2,1,2,0,3,
12,1,2,1,3,2,3,1,3,1,2,0,3,1,2,1,2,1,2,0,3,
12,1,2,1,3,2,3,1,3,1,2,0,3,1,2,1,3,1,2,0,3,
12,1,2,4,3,2,3,4,3,1,3,0,3,1,2,4,3,1,2,0,3,
11,1,2,1,3,1,3,1,3,1,3,0,3,1,2,1,3,1,2,0,3,
11,1,3,1,3,2,3,1,3,1,3,0,3,2,2,1,3,2,2,0,3,
11,1,3,1,3,2,3,1,3,1,3,0,3,1,2,1,3,1,2,0,3,
13,1,3,1,3,2,3,1,3,1,3,0,3,2,2,1,3,2,3,0,3,
11,0,2,0,2,1,2,0,2,0,2,0,2,1,1,0,2,1,2,0,2,
11,0,2,0,2,1,2,0,2,0,2,0,2,1,1,0,2,1,2,0,2,
11,0,2,0,2,1,2,1,2,0,2,0,2,1,2,0,2,1,2,0,3,
11,0,2,0,2,1,2,0,2,0,2,0,2,1,1,0,2,1,2,0,2,
11,0,2,0,2,1,2,0,2,0,2,0,2,1,1,0,2,1,1,0,2,
11,0,2,0,2,1,2,0,2,0,2,0,2,1,1,0,2,1,1,0,2,
11,0,2,0,2,1,2,0,2,0,2,0,2,1,1,0,2,1,2,0,2,
11,1,2,0,2,1,2,1,2,0,2,0,2,1,1,0,2,1,2,0,2,
11,1,2,0,2,1,2,0,2,0,2,0,2,1,1,0,2,1,2,0,3,
11,1,2,0,2,1,2,1,2,0,2,0,2,1,1,0,2,1,2,0,2,
11,1,2,0,2,1,2,1,2,0,2,0,2,1,1,0,2,1,2,0,3,
11,1,2,0,2,1,2,1,2,0,2,0,2,1,1,0,2,1,2,0,3,
11,1,2,0,2,1,2,1,2,0,2,0,2,1,1,0,2,1,2,0,3,
11,1,2,0,2,1,2,1,2,0,2,0,2,1,1,0,2,1,2,0,3,
11,1,2,0,2,1,2,1,2,0,2,0,2,1,2,0,2,1,2,0,3,
11,1,2,1,2,1,2,1,2,0,2,0,2,1,2,1,2,1,2,0,3,
11,1,2,1,2,1,2,1,3,0,2,0,2,1,2,1,2,1,2,0,3,
12,1,1,1,2,1,1,0,2,0,1,1,2,0,1,1,2,1,1,1,2,
14,1,5,1,3,1,5,1,3,1,5,0,2,1,5,1,2,1,5,0,3,
12,1,2,1,3,1,2,1,3,1,2,0,2,1,2,1,2,1,2,0,3,
12,1,2,1,3,1,3,1,3,1,2,0,3,1,2,1,2,1,2,0,3,
12,0,1,2,2,0,2,2,2,0,1,1,2,0,1,2,1,0,1,1,2,
12,1,2,1,3,1,2,1,3,1,2,0,3,1,2,1,2,1,2,0,3,
15,1,2,1,3,1,3,1,3,1,2,0,3,1,2,1,3,1,2,0,3,
12,1,2,1,3,1,3,1,3,1,2,0,3,1,2,1,2,1,2,0,3,
12,1,2,1,3,1,3,1,3,1,2,0,3,1,2,1,2,1,2,0,3,
12,1,2,1,3,1,3,1,3,1,2,0,3,1,2,1,2,1,2,0,3,
11,1,2,1,3,1,3,1,3,1,2,0,3,1,2,1,2,1,2,0,3,
11,1,2,1,3,1,3,1,3,1,2,0,3,1,2,1,3,1,2,0,3,
12,0,1,1,2,1,2,2,2,0,1,1,2,0,1,1,2,0,1,1,3,
11,1,3,1,3,2,3,1,3,1,3,0,3,1,2,1,3,1,2,0,3,
11,1,2,0,2,1,2,0,2,0,2,0,2,1,1,0,2,1,1,0,2,
11,1,3,1,3,2,3,1,3,1,3,0,3,2,2,1,3,2,2,0,3,
11,2,3,1,3,2,3,1,3,1,3,0,3,2,2,1,3,2,2,0,3,
11,1,3,1,3,2,3,1,3,1,3,0,3,2,2,1,3,2,2,0,3,
11,1,2,0,2,1,2,0,2,0,2,0,2,1,1,0,2,1,1,0,2,
11,1,2,0,2,1,2,1,2,0,2,0,2,1,1,0,2,1,1,0,2,
11,0,2,0,2,1,2,0,2,0,2,0,2,1,1,0,2,1,2,0,2,
11,0,2,0,2,1,2,0,2,0,2,0,2,1,1,0,2,1,2,0,2,
11,1,2,0,2,1,2,1,2,0,2,0,2,1,1,0,2,1,2,0,2,
11,1,2,0,2,1,2,1,2,0,2,0,2,1,2,0,2,1,2,0,3,
12,1,2,0,2,1,2,1,2,0,2,0,2,1,2,0,2,1,2,0,4,
11,1,2,0,2,1,2,1,2,0,2,0,2,1,1,0,2,1,2,0,3,
13,1,2,1,3,2,3,1,3,1,3,0,3,2,2,1,3,2,2,0,3,
14,1,2,1,3,2,3,1,3,1,2,0,3,1,2,1,3,1,2,0,3,
12,1,2,1,3,1,2,1,3,1,2,0,2,1,2,1,2,1,2,0,3,
11,1,2,1,3,1,2,1,3,0,2,0,2,1,2,1,2,1,2,0,3,
13,1,2,0,2,1,2,1,2,0,2,0,2,1,1,0,2,1,2,0,2,
11,1,2,1,3,1,2,1,3,0,2,0,2,1,2,1,2,1,2,0,3,
11,1,2,1,2,1,2,1,3,0,2,0,2,1,2,1,2,1,2,0,3,
11,1,2,1,3,1,2,1,3,1,2,0,2,1,2,1,2,1,2,0,3,
11,1,2,1,3,1,2,1,3,1,2,0,2,1,2,1,2,1,2,0,3,
11,1,2,1,3,1,2,1,3,1,2,0,2,1,2,1,2,1,2,0,3,
11,1,2,1,3,1,2,1,3,1,2,0,2,1,2,1,2,1,2,0,3,
12,1,2,1,3,1,2,1,3,1,2,0,2,1,2,1,2,1,2,0,3,
12,1,2,1,3,1,2,1,3,1,2,0,2,1,2,1,2,1,2,0,3,
12,1,2,1,3,1,3,1,3,1,2,0,3,1,2,1,2,1,2,0,3,
12,1,2,1,3,1,2,1,3,1,2,0,2,1,2,1,2,1,2,0,3,
12,1,2,1,3,1,3,1,3,1,2,0,3,1,2,1,2,1,2,0,3,
11,1,2,1,3,1,3,1,3,1,2,0,3,1,2,1,3,1,2,0,3,
11,1,2,1,3,1,3,1,3,1,2,0,3,1,2,1,3,2,2,0,3,
11,1,2,1,3,1,3,1,3,1,2,0,3,1,2,1,3,1,2,0,3,
11,1,2,1,3,1,3,1,3,1,2,0,3,1,2,1,3,1,2,0,3,
11,1,2,1,3,2,3,1,3,1,3,0,3,1,2,1,3,1,2,0,3,
11,2,3,1,3,2,3,1,3,1,3,0,3,2,2,1,3,2,2,0,3,
11,1,3,1,3,2,3,1,3,1,3,0,3,1,2,1,3,2,2,0,3,
11,1,2,0,2,1,2,0,2,0,2,0,2,1,1,0,2,1,2,0,2,
11,1,2,0,2,1,2,0,2,0,2,0,2,1,1,0,2,1,2,0,2,
11,1,2,0,2,1,2,1,2,0,2,0,2,0,1,0,2,1,2,0,2,
11,0,2,0,2,1,2,1,2,0,2,0,2,1,1,0,2,1,2,0,2,
13,1,2,1,3,1,2,1,3,1,2,0,2,1,2,1,2,1,2,0,3,
11,1,2,0,2,1,2,1,2,0,2,0,2,1,1,0,2,1,2,0,2,
11,1,2,0,2,1,2,1,2,0,2,0,2,1,2,0,2,1,2,0,3,
11,1,2,1,3,1,2,1,3,1,2,0,2,1,2,1,2,1,2,0,3,
14,1,5,0,6,1,5,1,6,0,5,0,5,1,2,0,5,1,5,0,6,
11,1,2,1,2,1,2,1,3,0,2,0,2,1,2,1,2,1,2,0,3,
12,1,2,1,3,2,2,1,3,1,2,0,2,1,2,1,2,1,2,0,3,
13,3,3,1,4,3,3,1,5,1,3,0,4,3,3,1,4,3,3,0,5,
12,1,2,1,3,1,2,1,3,1,2,0,2,1,2,1,2,1,2,0,3,
12,1,2,0,2,1,2,1,2,0,2,0,2,1,2,0,2,1,2,0,3,
12,1,2,1,3,1,2,1,3,1,2,0,3,1,2,1,2,1,2,0,3,
11,1,2,1,3,1,2,1,3,1,2,0,2,1,2,1,2,1,2,0,3,
12,1,2,1,3,2,2,1,3,1,2,0,2,1,2,1,2,1,2,0,3,
11,1,2,1,3,1,2,1,3,1,2,0,2,1,2,1,2,1,2,0,3,
11,1,2,1,3,1,3,1,3,1,2,0,3,1,2,1,3,1,2,0,3,
11,1,2,1,3,1,3,1,3,1,2,0,3,1,2,1,3,1,2,0,3,
11,1,2,1,3,2,3,1,3,1,2,0,3,1,2,1,3,1,2,0,3,
11,1,2,1,3,2,3,1,3,1,2,0,3,1,2,1,3,1,2,0,3,
11,1,3,1,3,2,3,1,3,1,3,0,3,1,2,1,3,1,2,0,3,
11,1,2,1,3,2,3,1,3,1,2,0,3,1,2,1,3,1,2,0,3,
11,1,2,0,2,1,2,0,2,0,2,0,2,1,1,0,2,1,1,0,2,
11,0,2,0,2,1,2,0,2,0,2,0,2,0,1,0,2,1,1,0,2,
11,0,2,0,2,1,2,1,2,0,2,0,2,0,1,0,2,1,2,0,2,
11,2,3,1,3,2,3,1,3,1,3,1,3,2,2,1,3,2,3,0,3,
11,0,2,0,2,1,2,0,2,0,2,0,2,1,1,0,2,1,2,0,3,
11,0,2,0,2,1,2,0,2,0,2,0,2,1,1,0,2,1,2,0,3,
12,1,2,0,2,1,2,1,3,1,2,0,2,1,2,0,2,1,2,0,3,
11,1,2,0,2,1,2,0,2,0,2,0,2,1,2,0,2,1,2,0,3,
12,1,2,0,2,1,2,1,3,0,2,0,2,1,1,0,2,1,2,0,3,
11,1,2,0,2,1,2,1,3,0,2,0,2,1,2,0,2,1,2,0,3,
14,4,4,0,5,4,4,1,5,4,4,0,5,4,4,0,5,4,4,0,5,
12,1,2,1,3,1,2,1,3,1,2,0,2,1,2,1,2,1,2,0,3,
12,1,2,1,3,1,2,1,3,1,2,0,2,1,2,1,2,1,2,0,3,
11,1,2,1,3,1,2,1,3,1,2,0,2,1,2,1,2,1,2,0,3,
12,1,2,1,3,1,2,1,3,1,2,0,2,1,2,1,2,1,2,0,3,
12,1,2,1,3,1,2,1,3,1,2,0,3,1,2,1,2,1,2,0,3,
12,1,2,1,3,1,2,1,3,1,2,0,3,1,2,1,2,1,2,0,3,
33,1,2,1,3,1,3,1,3,1,2,0,3,1,2,1,24,1,2,0,3,
12,1,2,1,3,1,3,1,3,1,2,0,3,1,2,1,2,1,2,0,3,
11,1,2,1,3,1,3,1,3,1,2,0,3,1,2,1,2,1,2,0,3,
11,2,2,1,3,2,3,1,3,1,3,0,3,2,2,1,3,2,2,0,4,
12,1,2,1,2,1,2,1,3,0,2,0,2,1,1,1,2,1,2,0,3,
11,1,2,1,2,1,2,1,2,0,2,0,2,1,1,1,2,1,1,0,2,
11,1,2,1,3,2,3,1,3,1,3,0,3,2,2,1,3,2,2,0,3,
11,0,2,0,2,1,2,0,2,0,2,0,2,1,1,0,2,1,1,0,2,
11,1,3,1,3,2,3,1,3,1,3,0,3,1,2,1,3,1,2,0,3,
11,1,2,0,2,1,2,0,2,0,2,0,2,1,1,0,2,1,2,0,3,
11,1,2,0,2,1,2,0,2,0,2,0,2,1,1,0,2,1,2,0,3,
11,1,2,0,2,1,2,1,2,0,2,0,2,1,1,0,2,1,2,0,3,
11,1,2,0,2,1,2,1,2,0,2,0,2,1,1,0,2,1,2,0,3,
11,1,2,0,2,1,2,1,3,0,2,0,2,1,1,0,2,1,2,0,3,
11,1,2,0,2,1,2,1,2,0,2,0,2,1,2,0,2,1,2,0,3,
13,1,2,1,3,1,2,1,3,1,2,0,3,1,2,1,2,1,2,0,3,
11,1,2,0,3,1,2,1,3,0,2,0,2,1,2,1,2,1,2,0,3,
12,1,2,1,3,1,2,1,3,1,2,0,2,1,2,1,2,1,2,0,3,
12,1,2,0,3,1,2,1,3,1,2,0,2,1,2,1,2,1,2,0,3,
14,4,4,1,5,4,4,4,5,4,4,0,5,4,4,4,5,4,4,0,5,
12,1,2,1,3,1,2,1,3,1,2,0,3,1,2,1,2,1,2,0,3,
12,1,2,1,3,1,2,1,3,1,2,0,3,1,2,1,2,1,2,0,3,
12,1,2,1,3,1,2,1,3,1,2,0,3,1,2,1,2,1,2,0,3,
13,1,2,4,3,2,3,4,3,1,2,0,3,1,2,4,2,1,2,0,3,
11,1,2,1,3,1,3,1,3,1,2,0,3,1,2,1,2,1,2,0,3,
11,1,2,1,3,1,3,1,3,1,2,0,3,1,2,1,3,1,2,0,3,
11,1,2,1,3,1,3,1,3,1,2,0,3,1,2,1,2,1,2,0,3,
13,1,2,1,3,2,3,1,3,1,2,0,3,1,2,1,3,2,2,0,3,
11,1,2,1,3,1,3,1,3,1,3,0,3,1,2,1,3,1,2,0,3,
11,0,1,0,2,0,2,0,2,0,2,0,2,0,1,0,2,1,1,0,2,
11,1,2,0,2,1,2,1,2,0,2,0,2,1,1,0,2,1,2,0,2,
11,0,2,0,2,1,2,1,2,0,2,0,2,1,1,0,2,1,2,0,2,
11,0,2,0,2,1,2,0,2,0,2,0,2,1,1,0,2,1,2,0,3,
11,1,2,0,2,1,2,1,2,0,2,0,2,1,1,0,2,1,2,0,3,
11,1,2,0,2,1,2,1,2,0,2,0,2,1,2,1,2,1,2,0,3,
11,1,2,0,3,1,2,1,3,0,2,0,2,1,2,1,2,1,2,0,3,
11,1,2,0,2,1,2,1,2,0,2,0,2,1,2,1,2,1,2,0,3,
11,1,2,1,3,1,2,1,3,1,2,0,2,1,2,1,2,1,2,0,3,
11,1,2,0,3,1,2,1,3,1,2,0,2,1,2,1,2,1,2,0,3,
11,1,2,1,3,1,2,1,3,1,2,0,2,1,2,1,2,1,2,0,3,
11,1,2,1,3,1,2,1,3,1,2,0,2,1,2,1,2,1,2,0,3,
12,1,2,1,3,1,3,1,3,1,2,0,3,1,2,1,3,1,2,0,3,
12,1,3,1,3,1,3,1,3,1,3,0,3,1,2,1,3,1,2,0,3,
12,1,2,1,3,1,3,1,3,1,2,0,3,1,2,1,3,1,2,0,3,
11,1,2,1,3,1,3,1,3,1,2,0,3,1,2,1,2,1,2,0,3,
12,0,1,0,2,0,1,0,2,0,1,0,2,0,0,0,1,0,0,0,2,
13,1,5,1,3,1,6,1,3,1,5,0,3,1,5,1,3,1,5,0,3,
11,1,3,1,3,2,3,1,3,1,3,0,3,2,3,1,3,2,2,0,3,
11,2,3,1,3,2,3,2,3,1,3,0,3,2,2,1,3,2,2,0,3,
11,1,2,2,2,1,2,2,2,0,2,1,2,1,2,2,2,1,2,1,3,
11,1,2,0,3,1,2,0,2,0,2,0,2,1,1,0,2,1,2,0,3,
14,1,2,0,2,1,2,1,2,0,2,0,2,1,1,0,2,1,2,0,3,
11,1,2,0,2,1,2,1,2,0,2,0,2,1,1,0,2,1,2,0,3,
14,4,4,0,5,4,5,1,5,3,4,0,5,4,4,0,5,4,4,0,6,
11,1,2,0,2,1,2,1,2,0,2,0,2,1,2,0,2,1,2,0,3,
11,1,2,0,2,1,2,1,3,0,2,0,2,1,2,0,2,1,2,0,3,
11,1,2,0,2,1,2,1,3,0,2,0,2,1,2,0,2,1,2,0,3,
12,1,2,1,3,1,2,1,3,1,2,0,2,1,2,1,2,1,2,0,3,
11,1,2,1,3,1,2,1,3,1,2,0,2,1,2,1,2,1,2,0,3,
11,1,2,1,3,1,2,1,3,1,2,0,2,1,2,1,2,1,2,0,3,
12,1,2,1,3,1,2,1,3,1,2,0,2,1,2,1,2,1,2,0,3,
12,1,2,1,3,1,2,1,3,1,2,0,2,1,2,1,2,1,2,0,3,
12,1,2,1,3,1,3,1,3,1,2,0,2,1,2,1,2,1,2,0,3,
12,1,2,1,3,1,3,1,3,1,2,0,3,1,2,1,2,1,2,0,3,
11,2,3,1,3,2,3,1,3,1,3,0,3,2,2,1,3,2,2,0,3,
12,1,2,1,3,2,3,1,3,1,2,0,3,1,2,1,3,2,2,0,3,
11,1,2,1,3,2,3,1,3,1,3,0,3,1,2,1,3,2,2,0,3,
11,2,3,1,3,2,3,1,3,1,3,0,3,2,2,1,3,2,2,0,3,
11,2,3,1,3,2,3,1,3,1,3,0,3,2,2,1,3,2,3,0,4,
13,1,2,0,2,1,2,0,2,0,2,0,2,1,1,0,2,1,2,0,2,
11,1,2,0,2,1,2,0,2,0,2,0,2,1,1,0,2,1,2,0,2,
13,1,2,1,3,1,3,1,3,1,2,0,3,1,2,1,2,1,2,0,3,
14,2,3,1,3,2,3,1,3,1,3,0,3,2,2,1,3,2,2,0,3,
11,1,2,0,2,1,2,1,2,0,2,0,2,1,2,0,2,1,2,0,3,
11,1,2,0,2,1,2,1,2,0,2,0,2,1,2,0,2,1,2,0,3,
14,2,3,1,3,2,3,1,3,1,3,0,3,2,2,1,3,2,2,0,3,
16,1,2,0,2,1,2,1,2,0,2,0,2,1,1,0,2,1,2,0,2,
11,1,2,0,2,1,2,1,3,1,2,0,2,1,2,1,2,1,2,0,3,
11,1,2,1,3,1,2,1,3,1,2,0,2,1,2,1,2,1,2,0,3,
12,3,4,1,5,3,4,1,5,3,4,0,4,3,4,1,4,3,4,0,5,
12,1,2,1,3,1,2,1,3,1,2,0,2,1,2,1,2,1,2,0,3,
12,1,2,1,3,1,3,1,3,1,2,0,3,1,2,1,2,1,2,0,3,
12,1,2,1,3,1,3,1,3,1,2,0,3,1,2,1,2,1,2,0,3,
12,1,3,1,3,2,3,1,3,1,3,0,3,1,2,1,3,1,2,0,3,
12,1,3,1,3,2,3,1,3,1,3,0,3,2,3,1,3,2,3,0,3,
11,1,3,1,3,2,3,1,3,1,3,0,3,2,3,1,3,2,3,0,3,
11,1,3,1,3,1,3,1,3,1,3,0,3,1,2,1,3,1,2,0,3,
11,1,3,1,3,2,3,1,3,1,3,0,3,2,2,1,3,2,3,0,3,
11,0,2,0,2,1,2,1,2,0,2,0,2,0,1,0,2,1,2,0,2,
11,0,2,0,2,1,2,0,2,0,2,0,2,1,1,0,2,1,2,0,2,
12,0,2,0,2,1,3,1,2,0,2,0,2,1,1,0,2,1,2,0,2,
11,1,2,0,2,1,2,1,2,0,2,0,2,1,2,0,2,1,2,0,3,
11,1,2,0,2,1,2,0,2,1,2,0,2,1,2,0,2,1,2,0,3,
11,1,2,0,2,1,2,1,2,0,2,0,2,1,1,0,2,1,2,0,3,
11,1,2,0,2,1,2,1,2,0,2,0,2,1,2,0,2,1,2,0,3,
11,1,2,0,2,1,2,1,2,0,2,0,2,1,2,0,2,1,2,0,3,
11,1,2,0,2,1,2,1,2,0,2,0,2,1,2,0,2,1,2,0,3,
11,1,2,0,2,1,2,1,2,0,2,0,2,1,2,1,2,1,2,0,3,
14,1,2,0,2,1,2,1,2,0,2,0,2,1,1,0,2,1,2,0,2,
11,1,2,1,2,1,2,1,3,1,2,0,2,1,2,1,2,1,2,0,3,
11,1,2,1,2,1,2,1,3,1,2,0,2,1,2,1,2,1,2,0,3,
12,1,2,1,3,1,3,1,3,1,2,0,2,1,2,1,2,1,2,0,3,
14,1,2,1,5,1,5,1,6,1,2,0,5,1,2,1,2,1,2,0,6,
12,1,2,1,3,1,3,1,3,1,2,0,2,1,2,1,2,1,2,0,3,
12,1,2,1,3,1,3,1,3,1,2,0,3,1,2,1,2,1,2,0,3,
12,1,2,1,3,1,3,1,3,1,2,0,3,1,2,1,2,1,2,0,3,
12,0,0,1,2,1,1,0,2,0,1,1,2,0,1,1,2,1,0,1,2,
11,2,3,1,3,2,3,1,3,1,3,0,3,2,2,1,3,2,2,0,3,
13,1,2,1,3,1,3,1,3,1,2,0,3,1,2,1,2,1,2,0,3,
11,0,2,0,2,1,2,0,2,0,2,0,2,0,1,0,2,1,2,0,2,
11,0,2,0,2,1,2,0,2,0,2,0,2,1,1,0,2,1,2,0,2,
11,1,2,0,2,1,2,0,2,0,2,0,2,1,1,0,2,1,2,0,2,
11,0,2,0,2,1,2,0,2,0,2,0,2,1,1,0,2,1,2,0,2,
11,1,2,0,2,1,2,0,3,0,2,0,2,1,1,0,2,1,2,0,3,
11,1,2,0,2,1,2,1,2,0,2,0,2,1,2,0,2,1,2,0,3,
11,1,2,0,2,1,2,1,2,0,2,0,2,1,2,0,2,1,2,0,3,
11,1,2,0,2,1,2,1,2,0,2,0,2,1,2,0,2,1,2,0,3,
11,1,2,0,2,1,2,1,3,0,2,0,2,1,2,1,2,1,2,0,3,
11,1,2,0,2,1,2,1,3,1,2,0,2,1,2,1,2,1,2,0,3,
11,1,2,1,3,1,2,1,3,1,2,0,2,1,2,1,2,1,2,0,3,
11,1,2,1,3,1,2,1,3,1,2,0,2,1,2,1,2,1,2,0,3,
12,1,2,1,3,1,2,1,3,1,2,0,2,1,2,1,2,1,2,0,3,
12,1,2,1,3,1,3,1,3,1,2,0,2,1,2,1,2,1,2,0,3,
12,1,2,1,3,1,3,1,3,1,2,0,3,1,2,1,2,1,2,0,3,
13,0,2,0,2,1,2,0,2,0,2,0,2,1,1,0,2,1,2,0,2,
12,1,2,1,3,1,3,1,3,1,2,0,3,1,2,1,2,1,2,0,3,
11,1,2,1,2,1,2,1,3,1,2,0,2,1,2,1,2,1,2,0,3,
11,1,2,1,3,1,3,1,3,1,2,1,3,1,2,1,3,1,2,0,3,
14,1,5,1,6,5,5,1,6,1,5,0,5,1,5,1,5,1,5,0,6,
15,3,4,1,5,3,7,1,5,3,4,0,4,3,4,1,4,3,4,0,5,
11,1,3,1,3,2,3,1,3,1,3,0,3,1,2,1,3,1,3,0,3,
11,0,2,0,2,1,2,0,2,0,2,0,2,1,1,0,2,0,2,0,2,
12,0,2,3,2,1,2,3,2,0,2,0,2,1,1,3,2,0,2,0,2,
11,0,2,0,2,1,2,0,2,0,2,0,2,0,1,0,2,0,2,0,3,
11,0,2,0,2,1,2,1,2,0,2,0,2,0,1,0,2,0,2,0,3,
11,1,2,0,2,1,2,0,2,0,2,0,2,1,2,0,2,1,2,0,3,
14,1,2,0,2,1,2,1,2,0,2,0,2,1,2,0,2,1,2,0,3,
11,1,2,0,2,1,2,1,3,0,2,0,2,1,2,0,2,1,2,0,3,
11,1,2,0,2,1,2,1,2,0,2,0,2,1,2,0,2,1,2,0,3,
11,1,2,1,3,1,2,1,3,1,2,0,2,1,2,1,2,1,2,0,3,
11,1,2,1,2,1,2,1,3,1,2,0,2,1,2,1,2,1,2,0,3,
11,1,2,1,3,1,2,1,3,1,2,0,2,1,2,1,2,1,2,0,3,
12,1,2,1,3,1,2,1,3,1,2,0,2,1,2,1,2,1,2,0,3,
12,1,2,1,3,1,2,1,3,1,2,0,2,1,2,1,2,1,2,0,3,
12,1,2,1,3,1,2,1,3,1,2,0,2,1,2,1,2,1,2,0,3,
12,1,2,1,3,1,3,1,3,1,2,0,3,1,2,1,2,1,2,0,3,
12,1,2,1,3,1,3,1,3,1,2,0,3,1,2,1,2,1,2,0,3,
11,1,2,1,3,1,3,1,3,1,2,0,3,1,2,1,2,1,2,0,3,
11,1,2,1,3,1,3,1,3,1,3,0,3,1,2,1,3,1,2,0,3,
11,1,3,1,3,2,3,1,3,1,3,0,3,1,2,1,3,1,2,0,3,
11,0,2,0,2,1,2,0,2,0,2,0,2,0,1,0,2,0,2,0,2,
11,0,2,0,2,1,2,0,2,0,2,0,2,0,1,0,2,0,2,0,2,
11,0,2,0,2,1,2,0,2,0,2,0,2,0,1,0,2,0,2,0,2,
11,0,2,0,2,1,2,0,2,0,2,0,2,0,1,0,2,0,2,0,2,
13,0,0,0,1,0,0,0,1,0,0,0,1,0,0,0,1,0,0,0,2,
11,1,2,0,2,1,2,1,3,0,2,0,2,1,2,0,2,1,2,0,3,
11,1,2,0,2,1,2,1,2,0,2,0,2,1,2,0,2,1,2,0,3,
11,1,2,1,2,1,2,1,3,0,2,0,2,1,2,0,2,1,2,0,3,
12,0,1,3,1,0,1,3,2,0,1,2,1,0,1,2,1,0,1,2,2,
11,1,2,1,3,1,2,1,3,1,2,0,2,1,2,1,2,1,2,0,3,
11,1,2,1,3,1,2,1,3,1,2,0,2,1,2,1,2,1,2,0,3,
12,1,2,1,3,1,3,1,3,1,2,0,2,1,2,1,2,1,2,0,3,
12,1,2,1,3,1,3,1,3,1,2,0,3,1,2,1,2,1,2,0,3,
12,1,2,1,3,1,3,1,3,1,2,0,3,1,2,1,2,1,2,0,3,
11,1,3,1,3,2,3,1,3,1,3,0,3,1,2,1,3,1,2,0,3,
12,1,2,1,3,1,2,1,3,1,2,0,2,1,2,1,2,1,2,0,3,
11,0,2,0,2,1,2,0,2,0,2,0,2,0,1,0,2,0,1,0,2,
11,1,2,0,2,1,2,0,2,0,2,0,2,0,1,0,2,1,2,0,2,
11,0,2,0,2,1,2,0,2,0,2,0,2,0,1,0,2,0,2,0,2,
11,0,2,0,2,1,2,1,2,0,2,0,2,0,1,0,2,1,2,0,3,
11,1,2,0,2,1,2,1,2,0,2,0,2,1,2,0,2,1,2,0,3,
11,1,2,0,2,1,2,1,2,0,2,0,2,1,2,0,2,1,2,0,3,
11,1,2,0,2,1,2,1,2,0,2,0,2,1,2,0,2,1,2,0,3,
12,1,4,1,3,1,4,1,3,1,4,0,2,1,3,1,2,1,4,0,3,
11,1,2,1,2,1,2,1,3,1,2,0,2,1,2,1,2,1,2,0,3,
12,1,2,1,3,1,2,1,3,1,2,0,2,1,2,1,2,1,2,0,3,
12,1,2,1,3,1,2,1,3,1,2,0,2,1,2,1,2,1,2,0,3,
12,1,2,1,3,1,3,1,3,1,2,0,3,1,2,1,2,1,2,0,3,
12,1,2,1,3,1,2,1,3,1,2,0,3,1,2,1,2,1,2,0,3,
12,1,2,1,3,1,3,1,3,1,2,0,3,1,2,1,2,1,2,0,3,
11,1,2,0,2,1,2,1,2,0,2,0,2,1,2,0,2,1,2,0,3,
14,0,2,0,2,1,2,1,2,0,2,0,2,0,1,0,2,0,2,0,3,
11,1,3,1,3,2,3,1,3,1,3,0,3,1,2,1,3,1,2,0,3,
11,0,2,0,2,1,2,0,2,0,2,0,2,0,1,0,2,0,2,0,3,
12,1,2,1,2,1,2,1,3,0,2,0,2,1,2,1,2,1,2,0,3,
11,1,2,0,2,1,2,1,2,0,2,0,2,1,1,0,2,1,2,0,3,
11,1,2,0,2,1,2,1,2,0,2,0,2,1,2,0,2,1,2,0,3,
11,1,2,0,2,1,2,1,2,0,2,0,2,1,2,0,2,1,2,0,3,
12,2,3,1,4,2,4,1,4,2,3,0,4,2,3,1,3,2,3,1,4,
11,1,2,1,2,1,2,1,3,1,2,0,2,1,2,1,2,1,2,0,3,
11,1,2,1,3,1,2,1,3,1,2,0,2,1,2,1,2,1,2,0,3,
12,1,2,1,3,1,2,1,3,1,2,0,2,1,2,1,2,1,2,0,3,
12,1,2,1,3,1,2,1,3,1,2,0,2,1,2,1,2,1,2,0,3,
12,1,2,1,3,1,3,1,3,1,2,0,3,1,2,1,2,1,2,0,3,
12,1,2,1,3,1,3,1,3,1,3,0,3,1,2,1,3,1,2,0,3,
11,1,2,1,3,1,3,1,3,1,2,0,3,1,2,1,3,1,2,0,3,
11,0,2,0,2,1,2,0,2,0,2,0,2,1,1,0,2,0,1,0,2,
11,0,2,0,2,1,2,1,2,0,2,0,2,1,1,0,2,0,2,0,2,
11,0,2,0,2,1,2,0,2,0,2,0,2,0,1,0,2,0,2,0,2,
11,0,2,0,2,1,2,1,2,0,2,0,2,0,1,0,2,0,2,0,2,
11,0,2,0,2,1,2,0,2,0,2,0,2,0,1,0,2,0,2,0,2,
11,1,2,0,2,1,2,0,2,0,2,0,2,1,1,0,2,1,2,0,3,
11,1,2,0,2,1,2,1,2,0,2,0,2,1,2,0,2,1,2,0,3,
14,1,2,1,3,1,2,1,3,1,2,0,2,1,2,1,2,1,2,0,5,
11,1,2,0,3,1,2,1,3,0,2,0,2,1,2,1,2,1,2,0,3,
11,1,2,1,3,1,2,1,3,1,3,0,2,1,2,1,2,1,2,0,3,
11,1,2,1,3,1,2,1,3,1,2,0,2,1,2,1,2,1,2,0,3,
13,1,3,1,3,2,3,1,3,1,3,0,3,1,2,1,3,1,2,0,3,
12,1,3,1,3,1,3,1,3,1,3,0,3,1,2,1,3,1,2,0,3,
12,1,2,1,3,1,3,1,3,1,2,0,3,1,2,1,3,1,2,0,3,
12,1,2,1,3,1,3,1,3,1,2,0,3,1,2,1,2,1,2,0,3,
14,4,4,1,6,4,4,4,6,1,4,0,6,4,4,1,5,4,4,0,6,
11,1,3,1,3,2,3,1,3,1,3,0,3,1,2,1,3,1,2,0,3,
11,0,2,0,2,1,2,0,2,0,2,0,2,0,1,0,2,0,2,0,2,
11,1,2,0,2,1,2,1,2,0,2,0,2,1,2,0,2,1,2,0,3,
12,1,2,0,2,1,2,3,2,1,2,0,2,1,2,0,2,1,2,0,3,
11,1,2,0,2,1,2,0,2,1,2,0,2,1,2,0,2,1,2,0,3,
11,1,2,0,2,1,2,1,2,0,2,0,2,1,1,0,2,1,2,0,3,
11,1,2,0,2,1,2,1,2,0,2,0,2,1,2,0,2,1,2,0,3,
14,1,2,0,2,1,2,1,2,0,2,0,2,1,2,1,2,1,2,0,3,
11,1,2,1,3,1,2,1,3,1,2,0,2,1,2,1,2,1,2,0,3,
11,1,2,1,3,1,2,1,3,1,2,0,2,1,2,1,2,1,2,0,3,
11,1,2,1,3,1,2,1,3,1,2,0,2,1,2,1,2,1,2,0,3,
12,1,2,1,3,1,2,1,3,1,2,0,3,1,2,1,2,1,2,0,3,
12,1,2,1,3,1,2,1,3,1,2,0,2,1,2,1,2,1,2,0,3,
12,1,2,1,3,1,3,1,3,1,2,0,3,1,2,1,2,1,2,0,3,
13,1,2,1,4,3,3,1,4,1,3,0,4,3,2,1,4,3,2,0,4,
11,1,2,1,3,1,3,1,3,1,2,0,3,1,2,1,3,1,2,0,3,
11,1,3,1,3,2,3,1,3,1,3,0,3,1,2,1,3,1,2,1,3,
11,0,2,0,2,1,2,0,2,0,2,0,2,1,1,0,2,0,2,0,2,
11,1,2,0,2,1,2,0,2,0,2,0,2,1,1,0,2,1,2,0,2,
11,0,2,0,2,1,2,0,2,0,2,0,2,1,1,0,2,1,2,0,2,
11,0,2,0,2,1,2,0,2,0,2,0,2,1,1,0,2,1,2,0,2,
12,1,3,1,3,1,3,1,3,1,3,0,3,1,3,1,2,1,3,0,3,
11,1,2,0,2,1,3,1,2,0,3,0,2,1,2,0,2,1,2,0,3,
11,1,2,1,3,1,3,1,3,1,2,0,2,1,2,1,2,1,2,0,3,
11,1,2,0,2,1,2,1,3,0,2,0,2,1,2,0,2,1,2,0,3,
14,4,3,4,5,4,3,3,5,3,4,3,5,3,4,4,5,4,3,0,5,
11,1,2,0,2,1,3,1,3,1,2,0,2,1,2,1,2,1,2,0,3,
11,1,3,1,3,1,3,1,3,1,3,0,2,1,2,1,2,1,2,0,3,
12,1,3,1,3,1,3,1,3,1,3,0,2,1,2,1,2,1,2,0,3,
13,0,1,3,2,0,2,3,2,0,2,3,1,0,1,3,1,0,2,3,2,
12,1,2,1,3,1,3,1,3,1,2,1,3,1,2,1,2,1,2,0,3,
12,1,2,1,3,2,3,1,3,1,2,0,3,2,2,1,2,1,2,0,3,
12,1,3,1,3,1,3,1,3,1,3,0,3,1,2,1,2,1,3,0,3,
13,1,2,1,3,1,3,1,3,1,3,0,3,1,2,1,2,1,2,0,3,
12,1,2,1,3,1,3,1,3,1,2,0,3,1,2,1,2,1,2,0,3,
11,2,3,1,3,2,3,1,3,1,3,0,3,2,2,1,3,2,2,0,3,
11,2,3,1,3,2,3,1,3,1,3,0,3,2,2,1,3,2,2,0,3,
11,1,2,0,2,1,2,0,2,0,2,0,2,1,1,0,2,1,2,0,2,
11,1,2,0,2,1,2,0,2,0,2,0,2,1,1,0,2,1,2,0,2,
11,0,2,0,2,1,2,0,2,0,2,0,2,1,1,0,2,1,2,0,2,
11,1,2,0,2,1,2,0,2,0,2,0,2,1,1,0,2,1,2,0,2,
11,0,2,0,2,1,2,0,2,0,2,0,2,1,1,0,2,1,2,0,2,
11,1,2,0,2,1,2,0,2,0,2,0,2,1,1,0,2,1,2,0,2,
11,0,2,0,2,1,2,0,2,0,2,0,2,1,1,0,2,1,2,0,3,
11,1,2,0,2,1,2,0,2,0,2,0,2,1,1,0,2,1,2,0,2,
11,1,2,0,2,1,2,0,2,0,2,0,2,1,2,0,2,1,2,0,3,
11,1,2,0,2,1,2,1,2,0,2,0,2,1,2,0,2,1,2,0,3,
11,1,2,0,2,1,2,1,3,0,2,0,2,1,2,0,2,1,2,0,3,
11,1,2,0,2,1,2,1,3,1,2,0,2,1,2,0,2,1,2,0,3,
11,1,2,0,3,1,2,1,3,0,2,0,2,1,2,0,2,1,2,0,3,
11,1,2,0,2,1,2,1,3,1,2,0,2,1,2,1,2,1,2,0,3,
13,0,1,0,2,0,1,0,2,0,1,0,2,0,0,0,1,0,1,0,2,
14,1,5,1,3,1,5,1,3,1,5,0,2,1,2,1,2,1,5,0,3,
12,1,2,1,3,2,3,2,3,1,2,0,3,1,2,1,2,1,2,1,3,
12,1,2,1,3,1,3,1,3,1,2,0,3,1,2,1,2,1,2,0,3,
12,0,1,2,2,0,2,2,2,0,1,1,2,0,1,2,1,0,1,1,2,
11,1,2,1,3,1,3,1,3,1,2,0,2,1,2,1,2,1,2,0,3,
11,1,2,1,3,1,3,1,3,1,2,0,3,1,2,1,2,1,2,0,3,
12,1,2,1,3,1,3,1,3,1,2,0,3,1,2,1,2,1,2,0,3,
14,1,2,1,5,4,3,1,5,1,2,0,5,4,2,1,5,1,2,0,5,
32,23,23,1,23,23,23,23,23,23,23,0,23,23,23,1,23,23,23,0,23,
12,0,2,0,2,1,2,0,2,0,2,0,2,0,1,0,2,1,1,0,3,
12,1,2,1,3,2,3,1,3,1,3,0,3,1,2,1,3,1,2,0,3,
11,1,3,1,3,2,3,1,3,1,3,0,3,1,2,1,3,2,3,0,3,
11,1,3,1,3,2,3,1,3,1,3,0,3,1,2,1,3,2,2,0,3,
11,1,3,1,3,2,3,1,3,1,3,1,3,2,2,1,3,2,3,0,3,
11,0,2,0,2,1,2,0,2,0,2,0,2,0,1,0,2,0,2,0,2,
11,0,2,0,2,1,2,0,2,0,2,0,2,0,1,0,2,0,2,0,2,
11,1,2,1,2,1,2,1,2,0,2,0,2,1,1,1,2,1,2,0,3,
11,1,2,0,2,1,2,1,2,0,2,0,2,1,1,0,2,1,2,0,3,
11,0,2,0,2,1,2,0,2,0,2,0,2,0,1,0,2,0,2,0,2,
11,1,2,0,2,1,2,0,2,0,2,0,2,1,1,0,2,1,2,0,3,
11,1,2,0,2,1,2,0,2,0,2,0,2,1,1,0,2,1,2,0,2,
11,1,2,0,2,1,2,0,2,0,2,0,2,1,2,0,2,1,2,0,3,
31,0,2,0,2,1,2,0,2,0,2,0,2,0,2,0,2,0,2,0,2,
11,1,2,0,2,1,2,1,2,0,2,0,2,1,1,0,2,1,2,0,3,
11,1,2,0,2,1,2,1,2,1,2,0,2,1,2,0,2,1,2,0,3,
13,1,3,1,3,2,3,1,3,1,3,0,3,1,2,1,3,1,2,0,3,
14,1,3,1,3,2,3,1,3,1,3,0,3,1,2,1,3,1,2,0,3,
12,1,2,1,3,1,3,1,3,1,3,0,3,1,2,1,3,1,2,0,3,
11,1,2,1,3,1,3,1,3,1,2,0,2,1,2,1,2,1,2,0,3,
12,0,2,0,2,1,2,0,2,0,2,0,2,0,1,0,2,1,2,0,2,
14,1,2,1,3,1,2,1,3,1,2,0,2,1,2,1,2,1,2,0,6,
11,1,2,1,3,1,3,1,3,1,2,0,2,1,2,1,2,1,2,0,3,
12,1,2,1,3,1,3,1,3,1,2,0,3,1,2,1,2,1,2,0,3,
11,1,2,1,3,1,3,1,3,1,2,0,2,1,2,1,2,1,2,0,3,
11,1,2,1,3,1,3,1,3,1,2,0,2,1,2,1,2,1,2,0,3,
12,1,2,1,3,1,3,1,3,1,3,0,3,1,2,1,3,1,2,0,3,
12,1,2,1,3,2,3,1,3,1,2,0,3,1,2,1,2,1,2,0,3,
12,1,2,1,3,1,3,1,3,1,2,0,3,1,2,1,2,1,2,0,3,
12,1,2,1,3,1,3,1,3,1,3,0,3,1,2,1,3,1,2,0,3,
12,1,2,1,3,1,3,1,3,1,3,0,3,1,2,1,3,1,2,0,3,
11,1,2,1,3,1,3,1,3,1,3,0,3,1,2,1,3,1,2,0,3,
11,1,3,1,3,2,3,1,3,1,3,0,3,1,2,1,3,2,2,0,3,
11,1,3,1,3,2,3,1,3,1,3,0,3,1,2,1,3,2,2,0,3,
11,1,3,1,3,2,3,1,3,1,3,0,3,1,2,1,3,1,2,0,3,
11,1,3,1,3,2,3,1,3,1,3,1,3,1,2,1,3,2,3,0,3,
11,0,2,0,2,1,2,0,2,0,2,0,2,1,1,0,2,1,2,0,2,
11,0,2,0,2,1,2,1,2,0,2,0,2,0,1,0,2,1,2,0,2,
11,0,2,0,2,1,2,0,2,0,2,0,2,0,1,0,2,1,2,0,2,
11,0,2,0,2,1,2,0,2,0,2,0,2,1,1,0,2,1,2,0,2,
11,1,2,0,2,1,2,1,2,0,2,0,2,1,1,0,2,1,2,0,3,
11,0,2,0,2,1,2,1,2,0,2,0,2,1,1,0,2,1,2,0,3,
11,1,2,0,2,1,2,1,3,0,2,0,2,1,2,0,2,1,2,0,3,
11,1,2,1,3,1,2,1,3,1,2,0,2,1,2,1,2,1,2,0,3,
11,1,2,0,3,1,2,1,3,0,2,0,2,1,2,0,2,1,2,0,3,
11,1,2,0,2,1,2,1,3,0,2,0,2,1,2,1,2,1,2,0,3,
12,1,2,1,3,1,3,1,3,1,2,0,2,1,2,1,2,1,2,0,3,
14,0,0,0,2,0,0,0,2,0,0,0,2,0,0,0,1,0,0,0,2,
11,1,2,1,3,1,2,1,3,1,2,0,2,1,2,1,2,1,2,0,3,
11,1,2,1,3,1,2,1,3,1,2,0,2,1,2,1,2,1,2,0,3,
11,1,2,1,3,1,2,1,3,1,2,0,2,1,2,1,2,1,2,0,3,
12,0,1,3,2,0,1,3,2,0,1,2,1,0,1,3,1,0,1,2,2,
12,1,2,1,3,2,3,1,3,1,2,0,3,1,2,1,2,2,2,0,3,
11,1,2,1,3,2,3,1,3,1,2,0,2,1,2,1,2,2,2,0,3,
12,1,2,1,3,2,3,1,3,1,2,0,3,1,2,1,2,2,2,0,3,
14,1,2,1,3,2,2,1,3,1,2,0,2,1,2,1,2,2,2,0,3,
12,1,2,1,3,2,3,1,3,1,2,0,3,1,2,1,2,2,2,0,3,
12,1,2,1,3,2,3,1,3,1,2,0,3,1,2,1,2,2,2,0,3,
12,1,2,1,3,2,3,1,3,1,3,0,3,1,2,1,3,2,2,0,3,
12,1,2,1,3,2,3,1,3,1,3,0,3,1,2,1,3,2,2,0,3,
11,1,2,1,3,2,3,1,3,1,3,0,3,1,2,1,3,2,2,0,3,
11,1,2,1,3,2,3,1,3,1,3,0,3,1,2,1,3,2,2,0,3,
11,1,2,0,2,1,2,0,2,0,2,0,2,1,1,0,2,1,1,0,2,
11,2,3,1,3,2,3,1,3,1,3,0,3,2,2,1,3,2,2,0,3,
11,1,2,0,2,1,2,1,2,0,2,0,2,1,1,0,2,1,1,0,2,
11,1,2,0,2,1,2,0,2,0,2,0,2,1,1,0,2,1,2,0,2,
12,0,1,0,2,0,1,0,2,0,1,0,2,0,0,0,1,0,1,0,2,
11,1,2,0,2,1,2,1,2,0,2,0,2,1,1,0,2,1,2,0,2,
12,1,2,0,2,1,2,1,3,0,2,0,2,1,2,1,2,1,2,0,3,
11,1,2,0,2,1,2,1,2,0,2,0,2,1,1,0,2,1,2,0,2,
11,1,2,0,2,1,2,1,2,0,2,0,2,1,1,0,2,1,2,0,3,
11,1,2,0,2,1,2,1,2,0,2,0,2,1,2,0,2,1,2,0,3,
11,1,2,0,2,1,2,1,2,0,2,0,2,1,1,0,2,1,2,0,3,
12,0,0,0,2,0,0,0,2,0,0,0,1,0,0,0,1,0,0,0,2,
14,1,5,1,2,1,5,1,3,0,5,0,2,1,2,1,2,1,5,0,3,
11,1,2,1,2,1,2,1,3,0,2,0,2,1,2,1,2,1,2,0,3,
11,1,2,1,3,1,2,1,3,0,2,0,2,1,2,1,2,1,2,0,3,
11,0,1,2,1,0,1,2,2,0,1,1,1,0,1,2,1,0,1,1,2,
11,1,2,1,3,1,2,1,3,0,2,0,2,1,2,1,2,1,2,0,3,
11,1,2,1,3,1,2,1,3,1,2,0,2,1,2,1,2,1,2,0,3,
11,1,2,1,3,1,3,1,3,1,2,0,2,1,2,1,2,1,2,0,3,
14,4,2,1,5,4,2,1,5,1,2,0,5,4,2,1,4,4,2,0,5,
12,1,2,1,3,1,3,1,3,1,2,0,3,1,2,1,2,1,2,0,3,
12,1,2,1,3,1,3,1,3,1,2,0,3,1,2,1,2,1,2,0,3,
32,1,2,23,3,2,3,23,3,1,3,0,3,1,2,1,2,1,2,0,3,
33,1,2,1,2,1,2,1,2,0,2,0,2,0,1,1,2,23,2,0,2,
12,2,3,1,3,2,3,1,3,1,3,0,3,2,2,1,3,2,3,0,3,
12,1,2,1,3,1,3,1,3,1,2,0,3,1,2,1,2,1,2,0,3,
31,1,2,1,3,1,3,1,3,1,2,0,3,1,2,1,3,1,23,0,3,
12,0,2,0,2,1,2,0,2,0,2,0,2,1,2,0,2,1,2,0,2,
11,1,2,1,3,1,3,1,3,1,3,0,3,1,2,1,3,2,2,0,3,
11,1,2,1,3,1,3,1,3,1,3,0,3,1,2,1,3,1,2,0,3,
11,1,2,1,3,2,3,1,3,1,3,0,3,2,2,1,3,2,2,1,3,
11,2,3,1,3,2,3,1,3,1,3,0,3,2,2,1,3,2,2,1,3,
11,0,2,0,2,1,2,0,2,0,2,0,2,1,1,0,2,1,1,0,2,
11,1,2,0,2,1,2,0,2,0,2,0,2,1,1,0,2,1,2,0,2,
11,1,2,0,2,1,2,1,2,0,2,0,2,1,1,0,2,1,2,0,3,
11,1,2,0,2,1,2,1,2,0,2,0,2,1,2,0,2,1,2,0,3,
11,1,2,0,2,1,2,1,2,0,2,0,2,1,1,0,2,1,2,0,3,
13,1,2,1,3,1,2,1,3,1,2,0,2,1,2,1,2,1,2,0,3,
14,1,2,0,2,1,2,1,2,0,2,0,2,1,1,0,2,1,2,0,2,
11,1,2,0,2,1,2,1,2,0,2,0,2,1,1,0,2,1,2,0,3,
29,1,2,0,2,21,2,1,2,0,2,0,2,1,2,0,2,1,2,0,3,
13,2,2,1,3,1,3,1,3,1,3,0,3,2,2,1,3,2,2,0,3,
30,1,22,0,3,1,2,1,3,0,2,0,2,1,2,1,2,1,2,0,3,
11,1,3,1,3,1,3,1,3,1,3,0,3,1,2,1,2,1,2,0,3,
11,1,2,0,3,1,2,1,3,1,2,0,2,1,2,1,2,1,2,0,3,
12,3,4,1,4,3,4,1,4,2,4,0,4,3,3,1,4,3,3,1,4,
11,1,2,1,3,1,2,1,3,1,2,0,2,1,2,1,2,1,2,0,3,
11,1,2,1,3,1,2,1,3,1,2,0,2,1,2,1,2,1,2,0,3,
29,1,2,1,3,1,2,2,3,1,2,20,3,1,2,1,2,1,2,0,3,
12,0,1,0,2,0,2,1,2,0,1,0,2,0,1,0,2,0,1,0,2,
12,1,2,1,3,1,3,1,3,1,2,0,3,1,2,1,2,1,2,0,3,
11,1,2,1,3,1,3,1,3,1,2,0,3,1,2,1,2,1,2,0,3,
12,1,3,1,3,1,3,1,3,1,3,0,3,1,3,1,3,1,3,0,3,
12,0,2,2,3,1,2,2,2,0,2,1,2,1,2,2,2,2,2,1,3,
12,1,2,2,3,1,2,2,2,0,2,0,2,1,2,1,2,1,2,1,3,
12,1,3,1,3,2,3,1,3,1,3,0,3,1,2,1,3,1,2,1,3,
12,1,3,1,3,1,3,1,3,1,3,0,3,1,2,1,3,1,2,0,3,
32,0,2,0,2,1,23,0,2,0,2,0,2,0,1,0,2,0,2,0,2,
11,1,2,0,2,1,2,0,2,0,2,0,2,1,2,0,2,1,2,0,3,
11,0,2,0,2,1,2,0,2,0,2,0,2,0,1,0,2,0,1,0,2,
28,19,2,0,3,1,2,0,2,0,2,0,2,1,1,0,2,0,2,0,2,
11,1,2,0,3,1,2,0,3,0,2,0,2,1,2,0,2,1,2,0,3,
11,1,2,0,2,1,2,1,2,0,2,0,2,1,1,0,2,1,2,0,3,
11,0,2,0,2,1,2,0,2,0,2,0,2,0,1,0,2,0,2,0,3,
15,1,2,1,3,1,2,1,3,1,2,0,2,1,2,1,2,1,2,0,3,
11,0,2,0,2,1,2,0,2,0,2,0,2,0,1,0,2,0,2,0,2,
11,1,2,0,2,1,2,0,2,0,2,0,2,1,1,0,2,1,2,0,3,
11,1,2,1,3,1,3,1,3,1,2,0,2,1,2,1,2,1,2,0,3,
14,1,2,0,6,1,2,0,6,0,2,0,2,1,2,0,2,1,2,0,6,
11,1,2,0,2,1,2,1,3,0,2,0,2,1,2,0,2,1,2,0,3,
11,1,2,0,3,1,2,1,3,0,2,0,2,1,2,0,2,1,2,0,3,
11,1,2,0,3,1,2,1,3,0,2,0,2,1,2,0,2,0,2,0,3,
12,1,2,1,3,2,3,1,3,1,2,0,3,1,2,1,2,1,2,0,3,
12,1,2,1,3,1,3,1,3,1,2,0,3,1,2,1,2,1,2,0,3,
11,1,2,1,3,1,2,1,3,1,2,0,2,1,2,1,2,1,2,0,3,
11,1,2,1,3,1,3,1,3,1,2,0,3,1,2,1,2,1,2,0,3,
11,1,2,1,3,1,3,1,3,1,2,0,3,1,2,1,2,1,2,0,3,
11,1,2,1,3,1,3,1,3,1,2,0,3,1,2,1,2,1,2,0,3,
11,1,2,1,3,1,3,1,3,1,2,0,3,1,2,1,2,1,2,0,3,
11,1,2,1,3,1,3,1,3,1,2,0,3,1,2,1,2,1,2,0,3,
12,1,2,1,3,1,3,2,3,1,2,0,3,1,2,2,2,1,2,0,3,
12,1,2,1,3,1,3,1,3,1,2,0,3,1,2,1,2,1,2,0,3,
12,1,2,1,3,1,3,1,3,1,2,0,3,1,2,1,2,1,2,0,3,
12,1,3,1,3,1,3,1,3,1,3,0,3,1,2,1,3,1,2,0,3,
12,1,3,1,3,1,3,1,3,1,3,0,3,1,2,1,3,1,2,0,3,
12,1,3,1,3,2,3,1,3,1,3,1,3,1,2,1,3,1,2,0,3,
17,0,2,0,2,1,2,0,2,0,2,0,2,0,1,0,2,0,2,0,2,
11,0,2,0,2,1,2,0,2,0,2,0,2,0,1,0,2,0,2,0,2,
11,1,2,0,2,1,2,0,2,0,2,0,2,1,1,0,2,0,2,0,2,
11,0,2,1,2,1,2,1,2,0,2,0,2,0,1,1,2,0,2,0,2,
13,0,2,0,2,1,2,0,2,0,2,0,2,1,1,0,2,0,2,0,2,
11,1,2,0,2,1,3,1,3,0,2,0,2,1,2,0,2,1,3,0,3,
11,1,3,1,3,1,3,1,3,1,3,0,3,1,2,1,2,1,3,0,3,
11,1,2,0,2,1,2,0,2,0,2,0,2,0,2,0,2,1,2,0,3,
14,0,5,0,5,1,4,1,5,0,5,0,5,0,4,0,5,0,5,0,6,
11,1,2,0,2,1,2,1,2,0,2,0,2,1,1,0,2,1,2,0,2,
11,1,2,0,2,1,2,0,2,0,2,0,2,1,1,0,2,1,2,0,3,
11,1,2,0,2,1,2,1,2,0,2,0,2,1,2,0,2,1,2,0,3,
12,1,2,0,2,1,2,4,3,0,2,0,2,1,2,0,2,1,2,0,3,
11,1,2,0,3,1,2,1,3,0,2,0,2,1,2,0,2,1,2,0,3,
11,1,2,1,3,1,3,1,3,0,2,0,2,1,2,1,2,1,2,0,3,
11,1,2,1,3,1,2,1,3,1,2,0,2,1,2,0,2,1,2,0,3,
14,1,2,1,3,1,2,1,3,0,2,0,2,1,2,0,2,1,2,0,3,
11,1,2,1,2,1,2,1,3,1,2,0,2,1,2,1,2,1,2,0,3,
11,1,2,1,3,1,3,1,3,1,3,0,2,1,2,1,2,1,2,0,3,
11,1,2,1,3,1,3,1,3,1,3,0,3,1,2,1,2,1,2,0,3,
12,1,3,1,3,1,3,1,3,1,3,0,3,1,2,1,2,1,2,0,3,
12,1,3,1,3,1,3,1,3,1,3,0,3,1,2,1,2,1,2,0,3,
12,1,3,1,3,1,3,1,3,1,3,0,3,1,2,1,3,1,2,0,3,
12,1,3,1,3,1,3,1,3,1,3,0,3,1,2,1,3,1,2,0,3,
12,1,3,1,3,1,3,1,3,1,3,0,3,1,2,1,3,1,2,0,3,
12,1,3,1,3,2,3,1,3,1,3,0,3,1,2,1,3,1,2,0,3,
12,1,3,1,3,2,3,1,3,1,3,0,3,1,2,1,3,1,2,0,3,
12,1,3,1,3,2,3,1,3,1,3,0,3,1,2,1,3,1,2,0,3,
11,0,2,0,2,0,2,0,2,0,2,0,2,0,1,0,2,0,2,0,2,
11,1,3,1,3,2,3,1,3,1,3,0,3,1,2,1,3,1,3,0,3,
11,0,2,0,2,1,2,0,2,0,2,0,2,0,1,0,2,0,2,0,2,
11,0,2,0,2,0,2,0,2,0,2,0,2,0,1,0,2,0,2,0,2,
11,0,2,0,2,1,2,0,2,0,2,0,2,0,1,0,2,0,2,0,3,
11,0,2,0,2,0,2,0,2,0,2,0,2,0,1,0,2,0,2,0,2,
12,1,1,1,2,1,1,1,2,0,1,1,2,0,1,1,2,1,1,1,2,
13,0,5,0,2,0,5,0,2,0,5,0,2,0,1,0,2,0,4,0,2,
11,0,2,0,2,1,2,0,2,0,2,0,2,0,1,0,2,1,2,0,2,
11,0,2,0,2,1,2,0,2,0,2,0,2,0,1,0,2,1,2,0,3,
11,0,1,2,2,0,1,2,2,0,1,1,1,0,1,2,1,0,1,1,2,
11,1,2,0,2,1,2,1,2,0,2,0,2,1,1,0,2,1,2,0,3,
11,1,2,0,2,1,2,1,2,0,2,0,2,1,1,0,2,1,2,0,3,
11,1,2,0,3,1,2,1,3,0,2,0,2,1,1,0,2,1,2,0,3,
12,1,2,0,2,1,2,1,3,0,2,0,2,1,2,0,2,1,2,0,3,
11,1,2,1,2,1,2,1,3,0,2,0,2,1,2,0,2,1,2,0,3,
11,1,2,1,3,1,2,1,3,1,2,0,2,1,2,1,2,1,2,0,3,
11,1,2,1,3,1,2,1,3,1,2,0,2,1,2,1,2,1,2,0,3,
11,1,2,1,3,1,3,1,3,1,3,0,2,1,2,1,2,1,2,0,3,
11,1,3,1,3,1,3,1,3,1,3,0,2,1,2,1,2,1,2,0,3,
11,1,2,1,3,1,3,1,3,1,3,0,2,1,2,1,2,1,2,0,3,
11,1,2,1,3,1,3,1,3,1,2,0,2,1,2,1,2,1,2,0,3,
11,1,2,1,3,1,3,1,3,1,3,0,2,1,2,1,2,1,2,0,3,
11,1,3,1,3,1,3,1,3,1,3,0,3,1,2,1,2,1,2,0,3,
12,0,2,0,2,1,2,0,2,0,2,0,2,0,1,0,2,0,2,0,2,
12,0,2,0,2,0,2,0,2,0,2,0,2,0,1,0,2,0,1,0,2,
12,0,2,0,2,0,2,0,2,0,2,0,2,0,1,0,2,0,2,0,2,
12,1,3,1,3,1,3,1,3,1,3,0,3,1,2,1,3,1,2,1,3,
12,0,2,0,2,0,2,0,2,0,2,0,2,0,1,0,2,0,2,0,2,
12,0,2,0,2,0,2,0,2,0,2,0,2,0,1,0,2,1,2,0,2,
11,1,2,0,2,1,2,0,2,0,2,0,2,1,1,0,2,1,2,0,3,
11,0,2,0,2,1,2,0,2,0,2,0,2,0,1,0,2,0,2,0,2,
14,0,2,0,2,0,2,0,2,0,2,0,2,0,1,0,2,0,2,0,2,
13,0,5,0,2,0,5,0,2,0,5,0,2,0,4,0,2,0,4,0,2,
11,0,2,0,2,0,2,0,2,0,2,0,2,0,1,0,2,1,2,0,2,
11,1,2,0,2,1,2,1,2,0,2,0,2,1,1,0,2,1,2,0,2,
11,0,2,1,2,0,2,2,2,0,2,1,2,0,1,1,2,0,2,1,2,
11,0,2,0,2,1,2,0,2,0,2,0,2,0,1,0,2,0,2,0,2,
13,1,2,0,2,1,2,0,2,0,2,0,2,1,1,0,2,1,2,0,2,
11,1,2,0,2,1,2,1,2,0,2,0,2,1,1,0,2,1,2,0,3,
14,3,5,0,5,3,5,1,5,3,5,0,5,3,4,0,5,3,5,0,5,
11,1,2,0,2,1,2,1,3,0,2,0,2,1,2,0,2,1,2,0,3,
11,1,2,0,2,1,2,1,3,0,2,0,2,1,2,0,2,1,2,0,3,
11,1,2,1,3,1,3,1,3,1,2,0,2,1,2,0,2,1,2,0,3,
11,1,2,1,3,1,3,1,3,1,2,0,2,1,2,1,2,1,2,0,3,
11,1,2,1,3,1,3,1,3,1,2,0,2,1,2,1,2,1,2,0,3,
11,1,2,1,3,1,3,1,3,1,2,0,2,1,2,1,2,1,2,0,3,
11,1,2,1,3,1,3,1,3,1,2,0,2,1,2,1,2,1,2,0,3,
11,1,2,1,3,1,3,1,3,1,2,0,2,1,2,1,2,1,2,0,3,
11,1,2,1,3,1,3,1,3,1,2,0,2,1,2,1,2,1,2,0,3,
12,1,2,1,3,1,3,1,3,1,2,0,2,1,2,1,2,1,2,0,3,
11,1,2,1,3,1,3,1,3,1,2,0,2,1,2,1,2,1,2,0,3,
11,1,2,1,3,1,3,1,3,1,2,0,2,1,2,1,2,1,2,0,3,
11,1,2,1,3,1,3,1,3,1,2,0,3,1,2,1,2,1,2,0,3,
11,1,3,1,3,1,3,1,3,1,3,0,3,1,2,1,2,1,2,0,3,
12,1,3,1,3,1,3,1,3,1,3,0,3,1,2,1,3,1,2,1,3,
12,1,3,1,3,1,3,1,3,1,3,0,3,1,2,1,3,1,3,0,3,
12,1,3,1,3,1,3,1,3,1,3,0,3,1,2,1,3,1,3,0,3,
14,1,2,0,2,1,2,1,3,0,2,0,2,1,1,0,2,1,2,0,3,
14,1,2,0,3,1,2,1,3,0,2,0,2,1,2,0,2,1,2,0,3,
11,0,2,0,2,1,2,0,2,0,2,0,2,0,1,0,2,0,2,0,2,
11,0,2,0,2,0,2,0,2,0,2,0,2,0,1,0,2,0,2,0,2,
12,1,2,0,2,1,2,1,2,0,2,0,2,1,1,0,2,1,2,0,3,
15,1,2,0,3,1,2,1,3,0,2,0,2,1,1,0,2,1,2,0,3,
31,1,2,0,2,1,2,1,2,0,2,0,2,0,1,0,2,1,2,0,22,
11,1,2,0,3,1,2,0,3,0,2,0,2,1,1,0,2,1,2,0,3,
11,1,2,0,2,1,3,0,3,0,2,0,2,1,2,0,2,1,2,0,3,
11,1,2,0,2,1,2,0,2,0,2,0,2,1,1,0,2,1,2,0,2,
11,1,2,0,2,1,2,1,2,0,2,0,2,1,1,0,2,1,2,0,3,
11,1,2,0,2,1,2,1,2,0,2,0,2,1,1,0,2,1,2,0,3,
30,21,2,0,2,20,2,1,2,0,2,0,2,20,1,0,2,1,2,0,3,
11,1,2,1,3,1,3,1,3,1,2,0,2,1,2,1,2,1,2,0,3,
11,1,2,1,3,1,3,1,3,0,2,0,2,1,2,0,2,1,2,0,3,
11,1,2,1,3,1,3,1,3,0,2,0,2,1,2,0,2,1,2,0,3,
11,1,2,1,3,1,3,1,3,1,2,0,2,1,2,1,2,1,2,0,3,
11,1,2,1,3,1,3,1,3,1,2,0,2,1,2,1,2,1,2,0,3,
11,0,1,2,2,0,2,2,2,0,1,1,1,0,1,2,1,0,1,1,2,
11,1,2,1,3,1,3,1,3,1,2,0,2,1,2,1,2,1,2,0,3,
11,1,2,1,3,1,3,1,3,1,2,0,2,1,2,1,2,1,2,0,3,
11,1,2,1,3,1,3,1,3,1,2,0,2,1,2,1,2,1,2,0,3,
11,1,2,1,3,1,3,1,3,1,2,0,2,1,2,1,2,1,2,0,3,
12,1,2,1,3,1,3,1,3,1,2,0,3,1,2,1,3,1,2,0,3,
12,1,3,1,3,1,3,1,3,1,3,0,3,1,2,1,3,1,2,0,3,
12,1,3,1,3,1,3,1,3,1,3,0,3,1,2,1,3,1,2,0,3,
12,1,3,1,3,1,3,1,3,1,3,0,3,1,2,1,3,1,2,0,3,
14,1,2,1,3,1,3,1,3,1,2,0,2,1,2,1,2,1,2,0,3,
13,0,2,0,2,1,2,0,2,0,2,0,2,0,1,0,2,0,2,0,2,
11,0,2,0,2,1,2,0,2,0,2,0,2,1,1,0,2,0,2,0,2,
11,0,2,0,2,1,2,0,2,0,2,0,2,0,1,0,2,0,2,0,2,
14,0,2,0,5,1,5,0,5,0,2,0,2,0,1,0,2,0,2,0,5,
11,0,2,0,2,1,2,0,2,0,2,0,2,1,1,0,2,0,2,0,2,
11,1,2,0,2,1,2,0,2,0,2,0,2,1,1,0,2,1,2,0,2,
11,1,2,0,2,1,2,1,3,0,2,0,2,1,2,0,2,1,2,0,3,
31,0,21,2,2,0,22,3,2,0,22,2,1,0,1,2,1,0,1,2,2,
11,1,2,1,3,1,3,1,3,1,3,0,2,1,2,1,2,1,3,0,3,
11,1,2,0,2,1,2,0,2,0,2,0,2,1,1,0,2,1,2,0,3,
11,1,2,0,2,1,2,0,2,0,2,0,2,1,1,0,2,1,2,0,3,
14,1,2,0,2,1,2,1,2,0,2,0,2,1,1,0,2,1,2,0,3,
11,1,2,0,3,1,2,1,3,0,2,0,2,1,2,0,2,1,2,0,3,
11,1,2,0,3,1,2,1,3,0,2,0,2,1,2,0,2,1,2,0,3,
11,1,2,0,3,1,2,1,3,1,2,0,2,1,2,0,2,1,2,0,3,
11,1,2,1,3,1,3,1,3,1,2,0,2,1,2,1,2,1,2,0,3,
11,1,2,1,3,1,2,1,3,1,2,0,2,1,2,1,2,1,2,0,3,
11,1,2,1,3,1,2,1,3,1,2,0,2,1,2,1,2,1,2,0,3,
11,1,2,1,3,1,3,1,3,1,2,0,2,1,2,1,2,1,2,0,3,
11,1,2,1,3,1,2,1,3,1,2,0,2,1,2,1,2,1,2,0,3,
11,1,2,1,3,1,3,1,3,1,2,0,2,1,2,1,2,1,2,0,3,
11,1,2,1,3,1,3,1,3,1,2,0,2,1,2,1,2,1,2,0,3,
11,1,2,1,3,1,3,1,3,1,2,0,3,1,2,1,2,1,3,0,3,
11,1,2,1,3,1,3,1,3,1,2,0,2,1,2,1,2,1,2,0,3,
12,0,2,0,3,0,2,0,3,0,2,0,2,0,1,0,2,0,2,0,3,
12,0,2,0,2,0,2,0,2,0,2,0,2,0,1,0,2,0,2,0,2,
12,1,3,1,3,2,3,1,3,1,3,0,3,1,2,1,3,1,3,1,3,
30,1,3,1,3,2,3,4,3,1,3,0,3,1,2,21,3,1,3,1,3,
12,0,2,1,2,1,2,1,2,0,2,0,2,0,1,0,2,0,2,0,2,
12,0,1,0,2,0,1,0,2,0,1,0,1,0,0,0,1,0,1,0,2,
13,0,5,0,2,1,5,0,2,0,5,0,2,0,4,0,2,0,5,0,2,
11,0,2,0,2,1,2,0,2,0,2,0,2,0,1,0,2,0,1,0,2,
11,0,2,0,2,1,2,0,2,0,2,0,2,0,1,0,2,0,2,0,2,
11,0,2,2,2,1,2,2,2,0,2,2,2,0,1,2,2,0,2,2,2,
11,1,2,0,2,1,2,0,2,0,2,0,2,1,1,0,2,1,2,0,3,
11,1,2,0,3,1,2,1,3,0,2,1,2,1,1,0,2,1,2,0,3,
11,1,2,1,3,1,2,1,3,0,2,0,2,1,2,1,2,1,2,0,3,
13,3,3,0,4,3,3,3,4,0,3,0,4,3,3,0,4,3,3,0,4,
11,1,2,0,3,1,2,1,3,0,2,0,2,1,1,0,2,1,2,0,3,
11,1,2,0,3,1,2,1,3,0,2,0,2,1,1,0,2,1,2,0,3,
11,1,2,0,3,1,2,1,3,0,2,0,2,1,2,0,2,1,2,0,3,
11,1,2,0,3,1,2,1,3,0,2,0,2,1,2,0,2,1,2,0,3,
11,1,2,0,3,1,2,1,3,1,2,0,2,1,2,1,2,1,2,0,3,
11,1,2,1,3,1,2,1,3,1,2,0,2,1,2,1,2,1,2,0,3,
12,1,2,1,3,1,2,1,3,1,2,1,3,1,2,1,2,1,2,0,3,
13,0,1,0,3,1,2,1,2,0,2,0,2,1,1,0,2,0,1,0,2,
12,1,2,1,3,1,3,2,3,1,2,1,3,1,2,1,3,1,2,0,3,
11,1,2,1,3,1,3,1,3,1,2,0,2,1,2,1,2,1,2,0,3,
11,1,2,1,3,1,3,1,3,1,2,0,2,1,2,1,2,1,2,0,3,
11,1,2,1,3,1,3,1,3,1,2,0,2,1,2,1,2,1,2,0,3,
12,1,2,1,3,1,3,1,3,1,2,0,2,1,2,1,2,1,2,0,3,
12,1,2,1,3,1,3,1,3,1,3,0,3,1,2,1,2,1,2,0,3,
13,1,3,1,3,1,3,1,3,1,3,0,3,1,2,1,3,1,3,1,3,
12,1,3,1,3,2,3,1,3,1,3,0,3,1,2,1,3,1,3,1,3,
12,1,2,1,3,1,2,1,2,0,2,0,2,0,1,1,2,0,1,0,3,
15,1,2,1,3,1,2,1,3,0,2,0,2,0,1,1,2,1,2,0,3,
14,1,4,0,2,1,5,1,2,0,4,0,2,0,4,0,2,1,4,0,3,
12,1,3,1,3,2,3,1,3,1,3,0,3,1,2,1,3,1,2,0,3,
12,2,3,1,3,2,3,1,3,1,3,0,3,1,2,1,3,2,3,0,4,
12,1,2,1,2,1,2,1,2,0,2,0,2,0,1,1,2,0,2,0,2,
14,2,3,1,3,2,3,1,3,1,3,0,3,1,2,1,3,2,3,1,4,
13,2,3,1,3,2,3,1,3,1,3,0,3,1,2,1,3,2,3,0,4,
11,2,3,1,3,2,3,1,3,1,3,0,3,1,2,1,3,2,3,1,4,
12,2,3,1,3,2,3,1,3,1,3,0,3,1,2,1,3,2,3,1,4,
12,1,2,0,3,1,2,0,3,1,2,0,2,1,2,0,2,1,2,0,3,
12,0,1,0,2,0,1,1,2,0,1,0,1,0,1,0,1,0,1,0,2,
12,1,3,1,3,1,3,1,3,1,3,0,3,1,2,1,3,1,3,0,3,
11,1,2,1,2,1,2,1,3,0,2,0,2,1,2,1,2,1,2,0,3,
11,1,2,0,3,1,2,1,3,0,2,0,2,1,2,0,2,1,2,0,3,
11,1,2,0,3,1,2,1,3,0,2,0,2,1,2,0,2,1,2,0,3,
11,1,2,0,3,1,2,1,3,0,2,0,2,1,2,0,2,1,2,0,3,
11,1,2,0,3,1,2,1,3,0,2,0,2,1,2,1,2,1,2,0,3,
11,1,2,1,3,1,2,1,3,1,2,0,2,1,2,1,2,1,2,0,3,
12,1,3,1,4,1,3,1,4,1,3,0,3,1,2,1,3,1,3,0,4,
12,1,3,1,4,1,3,1,4,1,3,0,3,1,3,1,3,1,3,0,4,
12,1,3,1,4,1,3,1,4,1,3,0,3,1,3,1,3,1,3,0,4,
12,0,3,1,3,1,3,1,3,1,3,0,3,0,2,1,3,0,3,0,4,
12,0,3,1,4,1,3,1,4,1,3,0,3,0,2,1,3,1,3,0,4,
12,0,3,1,4,1,3,1,4,1,3,0,3,1,3,1,3,1,3,0,4,
12,1,3,1,4,2,4,1,4,2,3,1,3,1,3,1,3,1,3,0,4,
12,0,3,1,4,1,3,1,4,1,3,0,3,1,3,1,3,1,3,0,4,
14,1,4,1,4,1,4,1,4,1,4,1,3,1,3,1,3,1,4,0,4,
16,0,4,1,4,1,4,1,4,1,4,1,3,1,3,1,3,1,3,0,4,
187,0,3,0,178,1,3,1,169,1,3,0,148,1,2,0,135,1,3,0,157,
136,0,2,0,126,1,3,1,117,1,2,0,97,0,2,0,83,0,2,0,106,
84,2,3,1,74,2,3,1,66,1,3,1,45,2,2,1,31,2,3,0,54,
32,0,2,0,22,1,2,1,14,0,2,0,2,0,1,0,2,1,2,0,14,
12,0,2,0,2,1,2,1,2,0,2,0,2,0,1,1,2,0,2,0,3,
12,0,2,0,2,1,2,0,2,0,2,0,2,0,1,0,2,0,2,0,3,
12,2,3,1,4,3,4,1,4,2,3,0,4,2,3,1,3,2,3,0,4,
11,1,2,0,2,1,2,1,2,0,2,0,2,1,1,0,2,1,2,0,3,
13,1,3,1,3,2,3,1,3,1,3,1,3,1,2,1,3,1,3,0,3,
13,1,5,1,3,1,5,1,3,1,4,0,3,1,4,1,2,1,4,0,3,
11,1,2,1,3,1,2,1,3,0,3,0,2,1,2,1,2,1,2,0,3,
11,1,2,0,3,1,2,1,3,0,2,0,2,1,1,0,2,1,2,0,3,
11,1,2,0,3,1,2,1,3,0,2,0,2,1,2,0,2,1,2,0,3,
12,0,2,0,2,1,2,0,2,0,2,0,2,0,1,0,2,0,1,0,2,
11,1,2,0,3,1,2,1,3,0,2,0,2,1,2,0,2,1,2,0,3,
11,1,2,0,3,1,2,1,3,1,2,0,2,1,2,1,2,1,2,0,3,
11,1,2,1,3,1,2,1,3,1,2,0,2,1,2,1,2,1,2,0,3,
12,3,4,1,4,3,4,1,4,2,4,0,4,2,3,1,4,3,3,0,4,
11,1,2,1,3,1,2,1,3,1,2,0,2,1,2,1,2,1,2,0,3,
12,0,2,0,2,1,3,0,2,0,2,0,2,0,2,0,2,0,2,0,2,
12,1,3,1,3,1,3,1,3,1,3,0,3,1,2,1,3,1,3,0,3,
13,1,4,1,3,1,4,1,3,1,4,0,3,1,4,1,3,1,4,0,3,
12,1,2,1,3,1,3,1,3,1,2,0,3,1,2,1,2,1,2,0,3,
11,1,2,1,3,1,3,1,3,1,2,0,3,1,2,1,2,1,2,0,3,
12,1,3,1,3,1,3,1,3,1,3,0,3,1,2,1,2,1,2,0,3,
14,1,2,0,2,1,2,1,2,0,2,0,2,0,1,0,2,1,2,0,3,
12,1,3,1,3,2,3,1,3,1,3,0,3,1,2,1,3,2,2,0,3,
12,1,3,1,3,1,3,1,3,1,3,0,3,1,2,1,3,2,2,0,3,
12,2,3,1,3,2,3,1,3,1,3,0,3,1,2,1,3,2,2,0,3,
15,1,6,1,6,2,6,1,6,1,6,0,6,1,2,1,6,2,3,0,6,
12,1,3,1,3,2,3,1,3,1,3,0,3,1,2,1,3,2,2,0,3,
12,1,3,1,3,2,3,1,3,1,3,0,3,1,2,1,3,2,3,0,3,
12,1,3,1,3,2,3,1,3,1,3,0,3,1,2,1,3,2,2,0,3,
12,1,3,1,3,2,3,1,3,1,3,0,3,1,2,1,3,2,3,1,3,
12,0,2,0,2,1,2,0,2,0,2,0,2,0,1,0,2,1,2,0,3,
11,0,2,0,2,1,2,0,2,0,2,0,2,0,1,0,2,1,2,0,3,
11,1,2,0,3,1,2,0,3,0,2,0,2,1,1,0,2,1,2,0,3,
11,1,2,0,3,1,2,1,3,0,2,0,2,1,1,0,2,1,2,0,3,
11,1,2,0,2,1,2,0,2,0,2,0,2,1,1,0,2,1,2,0,3,
11,1,2,0,3,1,2,1,3,0,2,0,2,1,2,0,2,1,2,0,3,
11,1,2,0,3,1,2,1,3,1,2,0,2,1,2,1,2,1,2,0,3,
11,1,2,0,3,1,2,1,3,0,2,0,2,1,2,0,2,1,2,0,3,
11,1,2,0,3,1,3,1,3,1,2,0,2,1,2,0,2,1,2,0,3,
13,0,2,0,2,1,2,1,2,0,2,0,2,0,2,0,2,1,2,0,3,
11,1,2,1,3,1,2,1,3,1,2,0,2,1,2,1,2,1,2,0,3,
11,1,2,1,3,1,2,1,3,1,2,0,2,1,2,1,2,1,2,0,3,
11,1,2,1,3,1,3,1,3,1,2,0,3,1,2,1,2,1,2,0,3,
11,1,2,1,3,1,3,1,3,1,2,0,3,1,2,1,2,1,2,0,3,
11,1,2,1,3,1,2,1,3,1,2,0,3,1,2,1,2,1,2,0,3,
11,1,2,1,3,1,3,1,3,1,2,0,3,1,2,1,2,1,2,0,3,
11,1,2,1,3,1,3,1,3,1,2,0,3,1,2,1,2,1,2,0,3,
12,1,2,1,3,1,3,1,3,1,3,0,3,1,2,1,2,1,2,0,3,
12,1,2,1,3,1,3,1,3,1,3,0,3,1,2,1,2,1,2,0,3,
12,1,3,1,3,1,3,1,3,1,3,0,3,1,2,1,3,1,2,0,3,
13,1,3,1,3,1,3,1,3,1,3,0,3,1,2,1,3,1,2,0,3,
14,4,4,4,5,4,4,4,5,4,4,0,5,4,4,4,5,4,4,0,5,
12,1,3,1,3,1,3,1,3,1,3,0,3,1,2,1,3,1,2,0,3,
12,1,3,1,3,2,3,1,3,1,3,0,3,1,2,1,3,2,2,0,3,
12,1,3,1,3,2,3,1,3,1,3,0,3,1,2,1,3,2,2,0,3,
13,0,2,3,2,1,2,3,2,0,2,2,2,0,1,3,2,1,1,2,2,
12,1,3,1,3,2,3,2,3,1,3,1,3,1,2,1,3,1,2,0,3,
12,1,3,1,3,2,3,1,3,1,3,0,3,1,2,1,3,1,2,0,3,
12,1,3,1,3,2,3,1,3,1,3,0,3,1,2,1,3,1,2,0,3,
13,0,2,0,2,1,2,0,2,0,2,0,2,0,1,0,2,0,2,0,2,
11,1,3,1,3,2,3,1,3,1,3,0,3,1,2,1,3,1,3,1,4,
11,1,3,1,3,2,3,1,3,1,3,0,3,1,2,1,3,1,3,1,4,
11,1,3,1,3,2,3,1,3,1,3,0,3,1,2,1,3,2,3,1,4,
11,1,2,0,3,1,2,1,3,1,2,0,2,1,2,0,2,1,2,0,3,
11,1,2,0,2,1,2,1,3,0,2,0,2,1,2,0,2,1,2,0,3,
11,1,2,0,3,1,2,1,3,0,2,0,2,1,2,0,2,1,2,0,3,
11,1,2,0,3,1,2,1,3,0,2,0,2,1,2,0,2,1,2,0,3,
13,1,2,0,3,1,2,1,3,0,2,0,2,1,2,0,2,1,2,0,3,
11,1,2,1,3,1,2,1,3,1,2,0,2,1,2,1,2,1,2,0,3,
11,1,2,1,3,1,2,1,3,1,2,0,2,1,2,1,2,1,2,0,3,
11,1,2,1,3,1,2,1,3,1,2,0,2,1,2,1,2,1,2,0,3,
11,1,2,1,3,1,2,1,3,1,2,0,2,1,2,1,2,1,2,0,3,
11,1,2,1,3,1,2,1,3,1,2,0,2,1,2,1,2,1,2,0,3,
11,1,2,1,3,1,2,1,3,1,2,0,3,1,2,1,2,1,2,0,3,
11,1,2,1,3,1,2,1,3,1,2,0,3,1,2,1,2,1,2,0,3,
12,1,2,1,3,1,3,1,3,1,2,0,3,1,2,1,2,1,2,0,3,
11,1,2,1,3,1,3,1,3,1,3,0,3,1,2,1,2,1,2,0,3,
14,1,2,1,3,2,2,1,3,1,2,0,3,1,2,1,2,2,2,0,3,
14,1,5,1,3,1,5,1,3,1,5,0,3,1,5,1,3,1,5,0,3,
12,1,3,1,3,2,3,1,3,1,3,0,3,1,2,1,3,1,2,0,3,
12,2,3,1,3,2,3,1,3,1,3,0,3,1,2,1,3,1,2,0,3,
12,1,2,1,2,1,2,1,2,0,2,0,2,0,1,1,2,0,1,0,2,
14,1,3,1,3,2,3,1,3,1,3,0,3,1,2,1,3,1,2,0,3,
13,1,3,1,3,2,3,1,3,1,3,0,3,1,2,1,3,1,2,0,3,
12,1,3,1,3,2,3,1,3,1,3,0,3,1,2,1,3,1,2,0,3,
35,4,5,1,26,4,5,1,26,4,5,0,6,4,5,1,6,4,5,0,26,
12,2,3,1,3,2,3,1,3,1,3,0,3,1,2,1,3,2,2,1,4,
12,1,3,1,3,2,3,1,3,1,3,0,3,1,2,1,3,2,3,1,3,
12,1,3,1,3,2,3,1,3,1,3,0,3,1,2,1,3,2,3,1,4,
11,1,3,1,3,2,3,1,3,1,3,0,3,1,2,1,3,1,3,1,3,
11,1,2,0,2,1,2,1,2,0,2,0,2,0,1,0,2,1,2,0,3,
11,1,2,0,2,1,2,1,3,0,2,0,2,1,2,0,2,1,2,0,3,
11,1,2,0,2,1,2,1,2,0,2,0,2,1,2,0,2,1,2,0,3,
11,1,2,0,2,1,2,1,3,0,2,0,2,1,2,0,2,1,2,0,3,
11,1,2,0,2,1,2,1,3,0,2,0,2,1,2,0,2,1,2,0,3,
11,1,2,1,2,1,2,1,3,0,2,0,2,1,2,1,2,1,2,0,3,
11,1,2,1,2,1,2,1,3,0,2,0,2,1,2,1,2,1,2,0,3,
11,1,2,1,3,1,2,1,3,1,2,0,2,1,2,1,2,1,2,0,3,
11,1,2,1,3,1,2,1,3,1,2,0,2,1,2,1,2,1,2,0,3,
11,1,2,1,3,1,2,1,3,1,2,0,2,1,2,1,2,1,2,0,3,
11,1,2,1,3,1,2,1,3,1,2,0,2,1,2,1,2,1,2,0,3,
11,1,2,1,3,1,2,1,3,1,2,0,3,1,2,1,2,1,2,0,3,
11,1,2,1,3,1,3,1,3,1,2,0,3,1,2,1,2,1,2,0,3,
13,1,2,1,3,1,3,1,3,1,3,0,3,1,2,1,2,1,2,0,3,
14,1,2,1,2,1,2,1,2,0,2,0,2,1,2,0,2,1,2,0,3,
12,1,2,1,3,1,3,1,3,1,3,0,3,1,2,1,3,1,2,0,3,
12,2,3,1,3,2,3,1,3,1,3,0,3,1,2,1,3,2,2,0,3,
12,1,3,1,3,1,3,1,3,1,3,0,3,1,2,1,3,1,2,0,3,
13,0,0,0,1,0,0,0,2,0,0,0,1,0,0,0,1,0,0,0,2,
14,2,3,1,3,2,6,1,3,1,6,0,3,1,2,1,3,1,2,0,3,
12,2,3,1,3,2,3,1,3,1,3,0,3,1,2,1,3,2,2,0,3,
12,2,3,1,3,2,3,1,3,1,3,0,3,1,2,1,3,1,2,0,3,
13,0,2,3,2,1,2,3,2,0,2,2,2,0,1,3,2,1,2,2,3,
12,2,3,1,3,2,3,2,3,1,3,0,3,2,3,1,3,2,3,1,4,
13,0,4,0,2,1,4,1,2,0,4,0,2,0,3,0,2,1,4,0,2,
15,1,3,1,7,2,3,1,7,1,3,0,6,1,2,1,3,2,3,1,7,
14,0,2,0,2,1,2,1,2,0,2,0,2,0,1,0,2,1,2,0,3,
12,1,3,1,3,2,3,2,3,1,3,0,3,1,2,1,3,2,3,1,4,
11,1,2,0,2,1,2,1,2,0,2,0,2,1,2,0,2,1,2,0,3,
11,1,2,0,2,1,2,1,3,0,2,0,2,1,2,0,2,1,2,0,3,
11,1,2,1,2,1,2,1,3,0,2,0,2,1,2,1,2,1,2,0,3,
11,1,2,1,2,1,2,1,3,0,2,0,2,1,2,1,2,1,2,0,3,
11,1,2,0,2,1,2,1,2,0,2,0,2,1,2,0,2,1,2,0,3,
11,1,2,0,2,1,2,1,3,0,2,0,2,1,2,1,2,1,2,0,3,
11,1,2,0,2,1,2,1,3,0,2,0,2,1,2,1,2,1,2,0,3,
11,1,2,1,2,1,2,1,3,1,2,0,2,1,2,1,2,1,2,0,3,
11,1,2,0,2,1,2,1,3,1,2,0,2,1,2,1,2,1,2,0,3,
11,1,2,1,3,1,2,1,3,1,2,0,2,1,2,1,2,1,2,0,3,
11,1,2,1,3,1,2,1,3,1,2,0,2,1,2,1,2,1,2,0,3,
11,1,2,1,3,1,2,1,3,1,2,0,2,1,2,1,2,1,2,0,3,
12,1,2,1,3,1,3,1,3,1,2,0,3,1,2,1,2,1,2,0,3,
11,1,2,1,3,1,3,1,3,1,3,0,3,1,2,1,2,1,2,0,3,
11,1,2,1,3,1,3,1,3,1,2,0,3,1,2,1,2,1,2,0,3,
11,1,3,1,3,1,3,1,3,1,3,0,3,1,3,1,3,1,2,0,3,
12,0,0,0,1,0,1,0,2,0,1,0,1,0,1,0,1,0,0,0,2,
14,1,6,1,3,1,6,1,3,1,6,0,3,1,6,1,3,1,5,0,3,
14,1,3,1,3,2,3,1,3,1,3,0,3,1,3,1,3,1,2,0,3,
11,1,3,1,3,1,3,1,3,1,3,0,3,1,3,1,3,2,2,0,3,
32,19,20,1,20,19,20,1,20,19,20,0,20,19,20,1,20,19,20,0,21,
12,1,3,1,3,2,3,1,3,1,3,0,3,1,3,1,3,1,2,0,3,
13,2,4,1,4,3,4,1,4,2,4,0,4,2,4,1,4,2,3,0,4,
12,1,3,1,3,2,3,1,3,1,3,0,3,1,3,1,3,1,2,0,3,
13,0,2,0,2,1,2,1,2,0,2,0,2,0,2,0,2,0,1,0,2,
12,1,3,1,3,2,3,2,3,1,3,0,3,1,3,1,3,1,2,1,3,
12,0,2,0,2,1,2,1,2,0,2,0,2,0,2,0,2,0,1,0,2,
12,0,2,0,2,1,2,1,2,0,2,0,2,0,2,0,2,0,2,0,2,
11,0,2,0,2,1,2,1,2,0,2,0,2,0,2,0,2,0,2,0,2,
11,0,2,0,2,1,2,1,2,0,2,0,2,0,2,0,2,1,2,0,2,
11,1,2,0,2,1,2,1,2,0,2,0,2,1,2,0,2,1,2,0,2,
11,1,2,0,2,1,2,1,2,0,2,0,2,1,2,0,2,1,2,0,3,
11,1,2,0,3,1,2,1,3,0,2,0,2,1,2,0,2,1,2,0,3,
11,1,2,1,3,1,2,1,3,0,2,0,2,1,2,1,2,1,2,0,3,
11,1,2,1,2,1,2,1,3,0,2,0,2,1,2,1,2,1,2,0,3,
11,1,2,0,2,1,2,1,3,0,2,0,2,1,2,0,2,1,2,0,3,
11,1,2,0,2,1,2,1,3,0,2,0,2,1,2,0,2,1,2,0,3,
11,1,2,0,2,1,2,1,3,0,2,0,2,1,2,0,2,1,2,0,3,
11,1,2,1,3,1,2,1,3,0,2,0,2,1,2,1,2,1,2,0,3,
11,1,2,1,3,1,2,1,3,1,2,0,3,1,2,1,2,1,2,0,3,
11,1,2,1,3,1,3,1,3,1,2,0,3,1,2,1,2,1,2,0,3,
11,1,2,1,3,1,2,1,3,1,2,0,3,1,2,1,2,1,2,0,3,
14,1,2,1,3,1,2,1,3,1,2,0,3,1,2,1,2,1,2,0,3,
14,0,3,3,2,0,3,3,2,0,3,2,1,0,2,2,1,0,2,2,2,
11,1,2,1,3,1,3,1,3,1,3,0,3,1,2,1,2,1,2,0,3,
11,1,2,1,3,1,3,1,3,1,3,0,3,1,2,1,2,1,2,0,3,
14,1,2,0,2,1,2,1,2,0,2,0,2,1,1,0,2,1,2,0,2,
12,1,3,1,3,1,3,1,3,1,3,0,3,1,2,1,3,1,2,0,3,
11,1,3,1,3,1,3,1,3,1,3,0,3,1,2,1,3,1,2,0,3,
12,1,3,1,3,1,3,1,3,1,3,0,3,1,2,1,3,1,2,0,3,
13,3,4,1,4,3,4,1,4,2,4,0,4,3,3,0,4,3,4,0,4,
12,1,3,1,3,2,3,1,3,1,3,0,3,1,2,1,3,1,2,0,3,
12,2,3,1,3,2,3,1,3,2,3,0,3,2,2,1,3,2,3,0,3,
12,2,3,1,3,2,3,1,3,1,3,0,3,1,2,1,3,1,3,1,3,
12,1,3,1,3,2,3,1,3,1,3,0,3,1,2,1,3,1,3,1,3,
12,2,3,1,3,2,3,1,3,1,3,0,3,1,2,1,3,1,3,1,3,
12,2,3,1,3,2,3,1,3,1,3,0,3,1,2,1,3,2,3,1,3,
11,2,3,1,3,2,3,1,3,1,3,0,3,2,2,1,3,2,3,1,3,
11,2,3,1,3,2,3,1,3,2,3,0,3,2,3,1,3,2,3,1,4,
11,1,2,1,3,1,2,1,3,0,2,0,2,1,2,0,2,1,2,0,3,
11,1,2,0,2,1,2,1,2,1,2,0,2,1,2,0,2,1,2,0,3,
11,1,2,0,3,1,2,1,3,0,2,0,2,1,2,0,2,1,2,0,3,
11,1,2,0,2,1,2,1,2,0,2,0,2,1,2,0,2,1,2,0,3,
11,1,2,1,3,1,2,1,3,1,2,0,2,1,2,0,2,1,2,0,3,
11,1,2,1,3,1,2,1,3,1,2,0,2,1,2,1,2,1,2,0,3,
11,1,2,0,3,1,2,1,3,1,2,0,2,1,2,1,2,1,2,0,3,
11,1,2,0,3,1,2,1,3,1,2,0,2,1,2,1,2,1,2,0,3,
11,1,2,1,3,1,2,1,3,1,2,0,2,1,2,1,2,1,2,0,3,
13,1,3,1,3,2,3,1,3,1,3,0,3,1,2,1,3,2,2,0,3,
14,1,2,1,3,1,2,1,3,1,2,0,2,1,2,1,2,1,2,0,3,
11,1,3,1,3,1,3,1,3,1,3,0,3,1,2,1,2,1,2,0,3,
11,1,3,1,3,1,3,1,3,1,3,0,3,1,2,1,2,1,3,0,3,
11,1,3,1,3,1,3,1,3,1,3,0,3,1,2,1,2,1,2,0,3,
14,1,3,1,3,1,3,1,3,1,3,0,3,1,2,1,3,1,2,0,6,
11,1,3,1,3,1,3,1,3,1,3,0,3,1,2,1,3,1,2,0,3,
11,1,3,1,3,1,3,1,3,1,3,0,3,1,2,1,3,1,2,0,3,
11,1,3,1,3,1,3,1,3,1,3,0,3,1,2,1,3,1,2,0,3,
12,2,3,1,3,2,3,1,3,1,3,0,3,1,2,1,3,1,3,0,3,
12,1,2,0,2,1,2,1,2,0,2,0,2,1,2,0,2,1,2,0,3,
12,2,3,1,3,2,3,1,3,1,3,0,3,1,2,1,3,1,3,0,3,
12,0,2,0,2,0,2,1,2,0,2,0,2,0,1,0,2,0,2,0,2,
12,1,3,1,3,2,3,1,3,1,3,0,3,1,2,1,3,1,3,0,3,
12,2,3,1,3,2,3,1,3,1,3,0,3,1,2,1,3,2,2,0,3,
12,2,3,1,3,2,3,1,3,1,3,0,3,1,2,1,3,1,3,1,3,
12,1,3,1,3,2,3,1,3,1,3,0,3,1,2,1,3,2,3,1,3,
12,2,3,1,3,2,3,1,3,2,3,0,3,1,2,1,3,2,3,1,3,
11,2,3,1,3,2,3,1,3,2,3,0,3,2,2,1,3,2,3,1,3,
11,2,3,1,3,2,3,1,3,1,3,0,3,2,2,1,3,2,3,1,4,
11,1,2,0,2,1,2,0,2,0,2,0,2,1,1,0,2,1,2,0,3,
12,3,2,0,4,3,2,1,4,3,2,0,4,3,2,0,3,3,2,0,4,
11,1,2,0,2,1,2,1,2,0,2,0,2,1,2,0,2,1,2,0,3,
11,1,2,0,3,1,2,1,3,1,2,0,2,1,2,1,2,1,2,0,3,
11,1,2,1,3,1,2,1,3,1,2,0,3,1,2,1,2,1,2,0,3,
11,1,2,1,3,1,2,1,3,1,2,0,2,1,2,1,2,1,2,0,3,
11,1,2,0,3,1,2,1,3,1,2,0,2,1,2,1,2,1,2,0,3,
12,1,3,1,3,2,3,1,3,1,3,0,3,1,2,1,3,1,3,1,3,
11,1,2,1,3,1,2,1,3,1,2,0,3,1,2,1,2,1,2,0,3,
11,1,2,1,3,1,2,1,3,1,2,0,3,1,2,1,2,1,2,0,3,
12,0,3,1,4,1,3,1,4,1,3,0,4,0,3,1,3,0,3,0,4,
13,0,0,0,2,0,0,0,2,0,0,0,2,0,0,0,1,0,0,0,2,
11,1,2,1,3,1,2,1,3,1,2,0,3,1,2,1,2,1,2,0,3,
11,1,2,1,3,1,2,1,3,1,2,0,3,1,2,1,2,1,2,0,3,
11,1,2,1,3,1,2,1,3,1,2,0,3,1,2,1,2,1,2,0,3,
12,0,1,3,2,0,1,3,2,0,1,2,2,0,1,3,1,0,1,2,2,
11,1,2,1,3,1,2,1,3,1,2,0,3,1,2,1,2,1,2,0,3,
11,1,2,1,3,1,3,1,3,1,2,0,3,1,2,1,2,1,2,0,3,
11,1,2,1,3,1,3,1,3,1,2,0,3,1,2,1,2,1,2,0,3,
13,1,2,1,3,1,3,1,3,1,3,0,3,1,2,1,3,1,2,1,3,
11,1,2,1,3,1,3,1,3,1,3,0,3,1,2,1,3,1,2,1,3,
11,1,2,1,3,1,3,1,3,1,3,0,3,1,2,1,3,1,2,1,3,
11,1,2,1,3,1,3,1,3,1,3,0,3,1,2,1,3,1,2,1,3,
12,1,3,1,3,1,3,1,3,1,3,0,3,1,2,1,3,1,2,1,3,
12,0,2,0,2,0,2,1,2,0,2,0,2,0,1,0,2,1,2,0,2,
12,0,2,0,2,0,2,1,2,0,2,0,2,0,1,0,2,0,2,0,2,
12,0,2,0,2,0,2,1,2,0,2,0,2,0,1,0,2,0,2,0,2,
11,0,2,2,2,0,2,3,2,0,2,2,2,0,1,2,2,0,2,2,2,
11,0,2,0,2,1,2,1,2,0,2,0,2,0,1,0,2,1,2,0,2,
11,1,2,0,2,1,2,1,2,0,2,0,2,1,1,0,2,1,2,0,3,
11,1,2,1,2,1,2,1,2,0,2,0,2,1,1,1,2,1,2,0,2,
11,1,2,1,2,1,2,1,2,0,2,0,2,1,1,0,2,1,2,0,3,
11,1,2,0,2,1,2,1,2,0,2,0,2,1,1,0,2,1,2,0,2,
11,1,2,1,2,1,2,1,3,1,2,0,2,1,1,0,2,1,2,0,3,
11,1,2,0,2,1,2,1,2,1,2,0,2,1,2,0,2,1,2,0,3,
11,1,2,1,3,1,2,1,3,1,2,0,2,1,2,0,2,1,2,0,3,
11,1,2,0,2,1,2,1,3,1,2,0,2,1,2,1,2,1,2,0,3,
11,1,1,1,2,1,1,1,2,0,1,1,2,0,1,1,2,1,1,1,2,
13,1,5,1,3,1,5,1,3,1,5,0,2,1,5,1,2,1,5,0,3,
11,1,2,1,3,1,2,1,3,1,2,0,3,1,2,1,2,1,2,0,3,
11,1,2,1,3,1,2,1,3,1,2,0,3,1,2,1,2,1,2,0,3,
11,0,2,2,2,0,1,2,2,0,1,1,1,0,1,2,1,0,1,1,2,
11,1,2,1,3,1,2,1,3,1,2,0,3,1,2,1,2,1,2,0,3,
11,1,2,1,3,1,3,1,3,1,2,0,3,1,2,1,2,1,2,0,3,
12,0,1,1,2,0,2,1,2,0,1,0,2,0,1,1,2,0,1,0,2,
14,1,2,1,5,1,3,1,5,1,2,0,5,1,2,1,5,1,2,0,5,
11,1,2,1,3,1,3,1,3,1,2,0,3,1,2,1,2,1,2,0,3,
11,1,2,1,3,1,3,1,3,1,2,0,3,1,2,1,2,1,2,0,3,
11,1,2,1,3,1,3,1,3,1,2,0,3,1,2,1,3,1,2,0,3,
11,1,2,1,3,1,3,1,3,1,2,0,3,1,2,1,3,1,2,1,3,
11,1,2,1,3,1,3,1,3,1,3,0,3,1,2,1,3,1,2,0,3,
12,2,3,1,3,1,3,1,3,1,3,0,3,1,2,1,3,1,2,0,3,
31,1,2,22,2,0,2,22,2,0,2,21,2,0,1,22,2,0,1,21,2,
12,1,2,0,2,0,2,1,2,0,2,0,2,0,1,0,2,1,2,0,2,
12,1,2,0,2,0,2,0,2,0,2,0,2,0,1,0,2,0,1,0,2,
12,1,2,0,2,0,2,0,2,0,2,0,2,0,1,0,2,0,2,0,2,
11,1,2,0,2,0,2,1,2,0,2,0,2,0,2,0,2,0,2,0,2,
11,1,2,1,2,0,2,1,2,0,2,0,2,0,1,0,2,0,2,0,2,
11,1,2,0,2,0,2,1,2,0,2,0,2,0,1,0,2,0,2,0,2,
11,1,2,0,2,1,2,1,2,1,2,0,2,1,1,0,2,1,2,0,3,
11,1,2,1,2,1,2,1,2,1,2,0,2,1,1,0,2,1,2,0,2,
11,1,2,1,2,1,2,1,2,1,2,0,2,1,2,0,2,1,2,0,3,
11,1,2,0,2,1,2,1,2,1,2,0,2,1,2,1,2,1,2,0,3,
13,1,2,1,2,1,2,1,3,1,2,0,2,1,2,1,2,1,2,0,3,
15,0,2,0,2,0,2,1,2,0,2,0,2,0,1,0,2,0,2,0,2,
11,1,2,1,3,1,2,1,3,1,2,0,2,1,2,1,2,1,2,0,3,
11,1,2,1,3,1,2,1,3,1,2,0,2,1,2,1,2,1,2,0,3,
12,1,2,1,3,1,3,1,3,1,2,0,2,1,2,1,2,1,2,0,3,
11,1,2,1,3,1,2,1,3,1,2,0,2,1,2,1,2,1,2,0,3,
11,1,2,1,3,1,2,1,3,1,2,0,3,1,2,1,2,1,2,0,3,
11,1,2,1,3,1,2,1,3,1,2,0,2,1,2,1,2,1,2,0,3,
12,1,3,0,3,1,3,1,3,1,3,0,3,1,2,0,3,1,3,0,3,
11,1,2,1,3,1,3,1,3,1,2,0,3,1,2,1,2,1,2,0,3,
11,1,2,1,3,1,3,1,3,1,2,0,3,1,2,1,2,1,2,0,3,
12,0,0,0,1,0,1,0,2,0,0,0,1,0,0,0,1,0,0,0,2,
11,1,3,1,3,1,3,1,3,1,3,0,3,1,2,1,3,1,3,0,3,
11,1,2,1,3,1,3,1,3,1,2,0,3,1,2,1,2,1,2,0,3,
11,1,3,1,3,1,3,1,3,1,2,0,3,1,2,1,3,1,2,1,3,
11,1,2,1,3,1,3,1,3,1,2,0,3,1,2,1,3,1,2,0,3,
11,1,2,1,3,1,3,1,3,1,3,0,3,1,2,1,3,1,2,1,3,
12,2,3,1,3,1,3,1,3,1,3,0,3,1,2,1,3,1,2,0,3,
12,1,2,1,2,0,2,1,2,0,2,0,2,0,1,0,2,0,1,0,2,
12,1,2,0,2,0,2,1,2,0,2,0,2,0,1,0,2,0,2,0,2,
12,1,2,0,2,0,2,1,2,0,2,0,2,0,1,0,2,0,2,0,2,
12,1,2,0,2,0,2,1,2,0,2,0,2,0,1,0,2,0,2,0,2,
11,1,2,0,2,0,2,1,2,0,2,0,2,0,1,0,2,0,2,0,2,
11,1,2,0,2,0,2,1,2,0,2,0,2,0,1,0,2,0,2,0,2,
11,1,2,1,2,1,2,1,2,1,2,0,2,1,1,0,2,1,2,0,2,
11,1,2,0,2,1,2,1,2,1,2,0,2,1,1,0,2,1,2,0,3,
11,1,2,0,2,1,2,1,2,1,2,0,2,1,1,0,2,1,2,0,3,
12,1,2,1,3,1,3,1,3,1,2,0,3,1,2,1,2,1,2,0,3,
11,1,2,1,3,1,2,1,3,1,2,0,2,1,2,1,2,1,2,0,3,
11,1,2,1,3,1,2,1,3,1,2,0,2,1,2,1,2,1,2,0,3,
11,1,2,1,3,1,2,1,3,1,2,0,2,1,2,1,2,1,2,0,3,
14,1,2,1,3,1,2,1,3,1,2,0,2,1,2,1,2,1,2,0,3,
11,1,2,1,3,1,2,1,3,0,2,0,2,1,2,1,2,1,2,0,3,
11,1,2,1,3,1,2,1,3,1,2,0,2,1,2,1,2,1,2,0,3,
11,1,2,1,3,1,2,1,3,1,2,0,3,1,2,1,2,1,2,0,3,
11,1,2,1,3,1,2,1,3,1,2,0,3,1,2,1,2,1,2,0,3,
11,1,2,1,3,1,3,1,3,1,2,0,3,1,2,1,2,1,2,0,3,
11,1,2,1,3,1,3,1,3,1,2,0,3,1,2,1,2,1,2,0,3,
11,1,2,1,3,1,3,1,3,1,2,0,3,1,2,1,2,1,2,0,3,
12,1,2,1,3,1,3,1,3,1,2,0,3,1,2,1,3,1,2,1,3,
11,1,2,1,3,1,3,1,3,1,2,0,3,1,2,1,3,1,2,0,3,
12,1,2,1,3,1,3,1,3,1,3,0,3,1,2,1,3,1,2,0,3,
12,1,3,1,3,1,3,1,3,1,3,0,3,1,2,1,3,1,2,0,3,
12,0,2,0,2,0,2,0,2,0,2,0,2,0,1,0,2,0,2,0,2,
11,1,3,1,3,1,3,1,3,1,3,1,3,1,2,1,3,1,2,0,3,
11,1,2,1,3,1,3,1,3,1,3,0,3,1,2,1,3,1,2,1,3,
12,1,3,1,3,1,3,1,3,1,3,0,3,1,2,1,3,1,2,1,3,
12,0,2,0,2,0,2,1,2,0,2,0,2,0,1,0,2,0,1,0,2,
12,0,2,0,2,0,2,1,2,0,2,0,2,0,1,0,2,0,1,0,2,
12,0,2,0,2,0,2,1,2,0,2,0,2,0,1,0,2,0,2,0,2,
12,0,2,0,2,0,2,1,2,0,2,0,2,0,1,0,2,0,2,0,2,
11,0,2,0,2,0,2,1,2,0,2,0,2,0,1,0,2,1,2,0,2,
11,1,2,0,2,1,2,1,2,1,2,0,2,0,1,0,2,1,2,0,2,
11,1,2,1,3,1,3,1,3,1,2,0,3,1,2,1,2,1,2,0,3,
11,1,2,0,2,1,2,1,3,1,2,0,2,1,1,0,2,1,2,0,3,
11,1,2,1,2,1,2,1,2,1,2,0,2,1,1,0,2,1,2,0,3,
11,1,2,1,2,1,2,1,3,1,2,0,2,1,2,1,2,1,2,0,3,
14,4,4,4,5,4,4,4,5,4,4,0,5,1,4,1,5,4,4,0,5,
11,1,2,1,3,1,2,1,3,0,2,0,2,1,2,1,2,1,2,0,3,
11,1,3,1,3,1,3,1,3,1,3,0,3,1,2,1,3,1,2,0,3,
11,1,2,1,3,1,2,1,3,1,2,0,2,1,2,1,2,1,2,0,3,
12,0,1,3,2,0,1,3,2,0,1,2,1,0,1,3,1,0,1,2,2,
11,1,2,1,3,1,3,1,3,1,2,0,3,1,2,1,2,1,2,0,3,
11,1,2,1,3,1,3,1,3,1,2,0,3,1,2,1,2,1,2,0,3,
11,1,2,1,3,1,3,1,3,1,2,0,3,1,2,1,2,1,2,0,3,
13,1,2,1,3,1,3,1,3,1,2,0,3,1,2,1,2,1,2,0,3,
11,1,2,1,3,1,3,1,3,1,2,0,3,1,2,1,2,1,2,0,3,
11,1,2,1,3,1,3,1,3,1,3,0,3,1,2,1,3,1,2,0,3,
11,1,3,1,3,1,3,1,3,1,3,0,3,1,2,1,3,1,2,0,3,
11,1,3,1,3,1,3,1,3,1,3,0,3,1,2,1,3,1,2,0,3,
11,1,3,1,3,1,3,1,3,1,3,1,3,1,2,1,3,1,2,0,3,
11,1,3,1,3,1,3,1,3,1,3,0,3,1,2,1,3,1,2,0,3,
11,1,3,1,3,1,3,1,3,1,3,0,3,1,2,1,3,1,2,1,3,
12,1,3,1,3,1,3,1,3,1,3,0,3,1,2,1,3,1,2,1,3,
12,1,3,1,3,1,3,1,3,1,3,0,3,1,2,1,3,1,2,0,3,
11,1,3,1,3,1,3,2,3,1,3,0,3,1,2,1,3,1,2,1,3,
12,0,2,0,2,0,2,0,2,0,2,0,2,0,1,0,2,0,1,0,2,
12,0,2,0,2,0,2,0,2,0,2,0,2,0,1,0,2,0,2,0,2,
13,0,3,0,2,0,3,0,2,0,3,0,2,0,3,0,2,0,3,0,2,
11,1,2,0,2,1,2,0,2,0,2,0,2,0,1,0,2,1,2,0,2,
11,1,2,0,2,1,2,1,3,1,2,0,2,1,1,0,2,1,2,0,3,
11,1,2,0,2,1,2,1,3,1,2,0,2,1,2,0,2,1,2,0,3,
11,1,2,1,3,1,2,1,3,1,2,0,2,1,2,1,2,1,2,0,3,
11,0,1,1,2,1,1,0,2,0,1,1,2,0,1,0,2,1,1,0,2,
13,1,2,0,3,1,5,1,3,1,2,0,2,1,1,0,2,1,2,0,3,
11,1,2,1,3,1,2,1,3,0,2,0,2,1,2,1,2,1,2,0,3,
11,1,2,1,2,1,2,1,3,0,2,0,2,1,2,1,2,1,2,0,3,
11,0,2,2,2,1,2,2,3,0,2,2,2,1,2,2,2,1,2,2,3,
11,1,2,1,3,1,2,1,3,1,2,0,2,1,2,1,2,1,2,0,3,
11,1,2,1,3,1,2,1,3,1,2,0,2,1,2,1,2,1,2,0,3,
11,1,2,1,3,1,2,1,3,1,2,0,2,1,2,1,2,1,2,0,3,
13,3,2,1,5,3,2,1,5,1,2,0,4,3,2,1,4,3,2,0,5,
11,1,2,1,3,1,3,1,3,1,2,0,3,1,2,1,2,1,2,0,3,
11,1,2,1,3,1,3,1,3,1,2,0,3,1,2,1,2,1,2,0,3,
11,1,3,1,3,1,3,1,3,1,3,0,3,1,2,1,3,1,3,0,3,
11,1,2,1,3,1,3,1,3,1,2,0,3,1,2,1,2,1,2,0,3,
11,1,2,1,3,1,3,1,3,1,2,0,3,1,2,1,3,1,2,0,3,
11,1,3,1,3,1,3,1,3,1,3,0,3,1,2,1,3,1,2,0,3,
11,1,3,1,3,1,3,1,3,1,3,0,3,1,2,1,3,1,2,0,3,
11,1,3,1,3,1,3,1,3,1,3,0,3,1,2,1,3,1,2,0,3,
13,1,3,1,3,1,3,1,3,1,3,0,3,1,2,1,3,1,2,0,3,
11,1,3,1,3,1,3,1,3,1,3,0,3,1,2,1,3,1,2,0,3,
12,1,3,1,3,1,3,1,3,1,3,0,3,1,2,1,3,1,2,0,3,
11,1,3,1,3,1,3,1,3,1,3,0,3,1,2,1,3,1,2,0,3,
11,1,3,1,3,1,3,1,3,1,3,1,3,1,2,1,3,1,2,0,3,
11,1,3,1,3,1,3,1,3,1,3,0,3,1,2,1,3,1,3,1,3,
12,0,2,0,2,0,2,1,2,0,2,0,2,0,1,0,2,0,2,0,2,
12,0,2,0,2,0,2,0,2,0,2,0,2,0,1,0,2,1,2,0,2,
11,0,2,0,2,0,2,0,2,0,2,0,2,0,1,0,2,1,2,0,2,
13,1,3,1,3,1,3,1,3,1,3,0,3,1,2,1,3,1,2,1,3,
13,1,5,0,2,1,5,1,2,0,5,0,2,0,4,0,2,1,5,0,2,
11,1,2,0,3,1,2,1,3,1,2,0,2,1,2,0,2,1,2,0,3,
11,1,2,1,3,1,2,1,3,0,2,0,2,1,2,1,2,1,2,0,3,
11,0,2,2,3,1,2,2,3,0,2,1,2,0,2,2,2,0,2,1,3,
11,1,2,1,3,1,2,1,3,1,2,0,2,1,2,1,2,1,2,0,3,
14,1,2,1,3,1,2,1,3,1,2,0,2,1,2,1,2,1,2,0,3,
11,1,2,1,3,1,2,1,3,1,2,0,2,1,2,1,2,1,2,0,3,
14,3,5,0,5,4,5,1,5,3,5,0,5,3,4,0,5,3,4,0,5,
11,1,2,1,3,1,2,1,3,1,2,0,2,1,2,1,2,1,2,0,3,
11,1,2,1,3,1,3,1,3,1,2,0,3,1,2,1,2,1,2,0,3,
11,1,2,1,3,1,3,1,3,1,2,0,3,1,2,1,2,1,2,0,3,
11,1,2,1,3,1,3,1,3,1,3,0,3,1,2,1,3,1,2,0,3,
31,1,3,0,3,1,3,1,3,0,3,0,2,1,2,0,2,1,2,0,3,
11,1,2,1,3,1,3,1,3,1,2,0,3,1,2,1,2,1,2,0,3,
11,1,3,1,3,1,3,1,3,1,3,0,3,1,2,1,3,1,2,0,3,
11,1,3,1,3,1,3,1,3,1,3,0,3,1,2,1,3,1,2,0,3,
11,1,3,1,3,1,3,1,3,1,3,0,3,1,2,1,3,1,2,0,3,
11,1,3,1,3,1,3,1,3,1,3,0,3,1,2,1,3,1,2,0,3,
11,1,3,1,3,1,3,1,3,1,3,0,3,1,2,1,3,1,3,0,3,
11,1,3,1,3,1,3,1,3,1,3,0,3,1,2,1,3,1,3,0,3,
11,1,3,1,3,1,3,1,3,1,3,0,3,1,2,1,3,1,3,0,3,
11,1,3,1,3,1,3,1,3,1,3,0,3,1,2,1,3,1,3,0,3,
11,1,3,1,3,1,3,1,3,1,3,0,3,1,2,1,3,1,2,1,3,
12,0,2,0,2,0,2,1,2,0,2,0,2,0,1,0,2,0,2,0,2,
11,1,3,1,3,1,3,1,3,1,3,0,3,1,2,1,3,1,3,0,3,
12,1,3,1,3,1,3,1,3,1,3,0,3,1,2,1,3,1,3,1,3,
15,0,2,0,2,1,2,0,2,0,2,0,2,0,1,0,2,0,2,0,2,
11,0,2,0,2,0,2,1,2,0,2,0,2,0,1,0,2,0,2,0,2,
11,0,2,0,2,0,2,1,2,0,2,0,2,0,1,0,2,0,2,0,2,
11,1,3,1,3,1,3,1,3,1,3,0,3,1,2,1,3,1,3,0,3,
11,1,2,0,2,1,2,1,2,0,2,0,2,0,1,0,2,1,2,0,2,
32,1,2,0,2,1,2,1,2,1,2,0,2,1,2,0,23,1,2,0,3,
11,1,2,0,3,1,2,1,3,0,2,0,3,1,2,0,2,1,2,0,3,
11,2,4,1,4,3,4,1,4,2,4,0,4,2,3,1,4,2,3,0,4,
11,1,2,0,3,1,2,1,3,1,2,0,2,1,2,1,2,1,2,0,3,
11,1,2,1,3,1,2,1,3,1,2,0,2,1,2,1,2,1,2,0,3,
11,1,2,1,3,1,2,1,3,1,2,0,2,1,2,1,2,1,2,0,3,
11,1,2,1,3,1,2,1,3,1,2,0,2,1,2,1,2,1,2,0,3,
12,1,2,1,3,1,3,1,3,1,3,0,3,1,2,1,2,1,2,0,3,
11,1,2,1,3,1,3,1,3,1,2,0,3,1,2,1,2,1,2,0,3,
11,1,2,1,3,1,3,1,3,1,2,0,3,1,2,1,2,1,2,0,3,
11,1,3,1,3,1,3,1,3,1,3,0,3,1,2,1,3,1,3,0,3,
13,1,3,1,5,1,3,1,5,1,3,0,4,1,3,1,4,1,3,0,5,
11,1,3,1,3,1,3,1,3,1,3,0,3,1,2,1,3,1,3,0,3,
11,1,3,1,3,1,3,1,3,1,3,0,3,1,2,1,3,1,3,0,3,
11,1,3,1,3,1,3,1,3,1,3,0,3,1,2,1,3,1,3,0,3,
11,1,3,1,3,1,3,1,3,1,3,0,3,1,2,1,3,1,3,0,3,
11,1,3,1,3,1,3,1,3,1,3,0,3,1,2,1,3,1,3,0,3,
11,1,3,1,3,1,3,1,3,1,3,0,3,1,2,1,3,1,3,0,3,
11,1,3,1,3,1,3,1,3,1,3,0,3,1,2,1,3,1,2,0,3,
11,1,3,1,3,1,3,1,3,1,3,1,3,1,2,1,3,1,3,0,3,
11,1,3,1,3,1,3,1,3,1,3,0,3,1,2,1,3,1,2,0,3,
13,1,2,1,3,1,2,1,3,1,2,0,2,1,2,1,2,1,2,0,3,
11,0,2,0,2,0,2,0,2,0,2,0,2,0,1,0,2,0,2,0,2,
11,0,2,0,2,0,2,1,2,0,2,0,2,0,1,0,2,0,2,0,2,
12,0,2,0,2,0,2,1,2,0,2,0,2,0,1,0,2,0,2,0,2,
14,0,2,0,5,0,2,1,5,0,2,0,2,0,1,0,2,0,2,0,5,
11,0,2,0,2,1,2,1,2,0,2,0,2,0,1,0,2,1,2,0,2,
11,1,2,0,2,1,2,1,2,1,2,0,2,1,2,0,2,1,2,0,3,
11,1,2,0,2,1,2,1,2,1,2,0,2,1,1,0,2,1,2,0,2,
11,1,2,0,2,1,2,1,2,1,2,0,2,1,2,1,2,1,2,0,3,
13,1,2,0,2,1,2,1,2,1,2,0,2,1,2,1,2,1,2,0,2,
11,1,2,1,3,1,2,1,3,0,2,0,2,1,2,1,2,1,2,0,3,
11,1,2,1,2,1,2,1,3,0,2,0,2,1,2,1,2,1,2,0,3,
11,1,2,1,3,1,2,1,3,0,2,0,2,1,2,1,2,1,2,0,3,
11,1,2,1,3,1,2,1,3,0,2,0,2,1,2,1,2,1,2,0,3,
11,1,2,1,3,1,2,1,3,1,2,0,2,1,2,1,2,1,2,0,3,
11,1,2,1,3,1,2,1,3,1,2,0,2,1,2,1,2,1,2,0,3,
12,1,2,1,3,1,3,1,3,1,2,0,3,1,2,1,2,1,2,0,3,
11,1,2,1,3,1,3,1,3,1,2,0,3,1,2,1,2,1,2,0,3,
11,1,2,1,3,1,3,1,3,1,2,0,3,1,2,1,2,1,2,0,3,
11,1,2,1,3,1,3,1,3,1,2,0,3,1,2,1,2,1,2,0,3,
11,1,2,1,3,1,3,1,3,1,2,0,3,1,2,1,2,1,2,0,3,
11,1,2,1,3,1,3,1,3,1,2,0,3,1,2,1,2,1,2,0,3,
11,1,2,1,3,1,3,1,3,1,2,0,3,1,2,1,2,1,2,0,3,
11,1,2,1,3,1,3,1,3,1,2,0,3,1,2,1,2,1,2,0,3,
11,1,3,1,3,1,3,1,3,1,3,0,3,1,2,1,3,1,2,0,3,
11,1,3,1,3,1,3,1,3,1,3,0,3,1,2,1,3,1,2,0,3,
12,1,2,1,2,1,2,1,2,0,2,0,2,1,2,1,2,1,2,0,3,
11,1,3,1,3,1,3,1,3,1,3,0,3,1,2,1,3,1,2,0,3,
11,1,3,1,3,1,3,1,3,1,3,0,3,1,2,1,3,1,3,0,3,
11,1,3,1,3,1,3,1,3,1,3,0,3,1,2,1,3,1,3,0,3,
14,0,4,0,5,0,4,1,5,0,4,0,5,0,4,0,5,0,4,0,5,
12,0,2,0,2,0,2,1,2,0,2,0,2,0,1,0,2,0,2,0,2,
12,0,2,0,2,0,2,1,2,0,2,0,2,0,1,0,2,0,2,0,2,
11,0,2,0,2,0,2,1,2,0,2,0,2,0,1,0,2,1,2,0,2,
12,1,2,3,2,1,2,4,2,0,2,0,2,0,1,3,2,1,2,0,3,
11,1,2,0,2,1,2,1,2,0,2,0,2,1,1,1,2,1,2,0,3,
11,1,2,1,3,1,2,1,3,0,2,0,2,1,2,1,2,1,2,0,3,
11,1,2,1,2,1,2,1,2,0,2,0,2,1,2,1,2,1,2,0,3,
13,1,2,0,2,1,2,1,2,0,2,0,2,1,2,1,2,1,2,0,3,
11,1,2,1,2,1,2,1,3,0,2,0,2,1,2,1,2,1,2,0,3,
11,1,2,1,3,1,2,1,3,0,2,0,2,1,2,1,2,1,2,0,3,
11,1,2,1,3,1,2,1,3,0,2,0,2,1,2,1,2,1,2,0,3,
11,1,2,1,3,1,2,1,3,0,2,0,2,1,2,1,2,1,2,0,3,
11,1,2,1,3,1,2,1,3,0,2,0,2,1,2,1,2,1,2,0,3,
11,1,2,1,3,1,3,1,3,1,2,0,3,1,2,1,2,1,2,0,3,
11,1,2,1,3,1,3,1,3,1,2,0,3,1,2,1,2,1,2,0,3,
11,1,2,1,3,1,3,1,3,1,2,0,3,1,2,1,2,1,2,0,3,
11,1,2,1,3,1,3,1,3,1,2,0,3,1,2,1,2,1,2,0,3,
12,2,3,0,3,2,3,0,4,1,3,0,3,2,3,0,3,2,3,0,4,
11,1,2,1,3,1,3,1,3,1,2,0,3,1,2,1,2,1,2,0,3,
11,1,2,1,3,1,3,1,3,1,2,0,3,1,2,1,2,1,2,0,3,
11,1,2,1,3,1,3,1,3,1,2,0,3,1,2,1,2,1,2,0,3,
12,1,4,1,3,1,4,1,3,1,4,0,3,1,4,1,3,1,4,0,3,
11,1,3,1,3,1,3,1,3,1,3,0,3,1,2,1,3,1,2,0,3,
11,1,3,1,3,1,3,1,3,1,3,0,3,1,2,1,3,1,2,0,3,
11,1,3,1,3,1,3,1,3,1,3,0,3,1,2,1,3,1,3,0,3,
13,0,0,0,2,0,0,0,2,0,0,0,2,0,0,0,2,0,0,0,2,
11,1,3,1,3,1,3,1,3,1,3,0,3,1,2,1,3,1,2,0,3,
12,0,2,0,2,0,2,1,2,0,2,0,2,0,1,0,2,0,2,0,2,
12,0,2,0,2,0,2,1,2,0,2,0,2,0,1,0,2,0,2,0,2,
12,0,2,3,2,0,2,3,2,0,2,2,2,0,1,3,2,0,2,2,2,
12,0,2,0,2,0,2,1,2,0,2,0,2,0,1,0,2,0,2,0,2,
11,0,2,0,2,1,2,0,2,0,2,0,2,0,1,0,2,1,2,0,2,
11,0,2,0,2,1,2,1,2,0,2,0,2,0,1,0,2,1,2,0,2,
11,1,2,0,2,1,2,1,2,0,2,0,2,1,2,1,2,1,2,0,3,
11,1,2,0,2,1,2,1,2,0,2,0,2,1,2,1,2,1,2,0,3,
11,1,2,0,2,1,2,1,3,0,2,0,2,1,2,1,2,1,2,0,3,
11,1,2,0,2,1,2,1,3,0,2,0,2,1,2,1,2,1,2,0,3,
11,1,2,0,3,1,2,1,3,0,2,0,2,1,2,1,2,1,2,0,3,
11,1,2,0,2,1,2,1,3,0,2,0,2,1,2,1,2,1,2,0,3,
11,1,2,1,3,1,2,1,3,0,2,0,2,1,2,1,2,1,2,0,3,
12,1,2,1,3,1,2,1,3,0,2,0,2,1,2,1,2,1,2,0,3,
11,1,2,1,3,1,3,1,3,1,2,0,3,1,2,1,2,1,2,0,3,
11,1,2,1,3,1,3,1,3,1,3,0,3,1,2,1,2,1,2,0,3,
13,1,2,1,3,1,3,1,3,0,2,0,3,1,2,1,2,1,2,0,3,
11,1,2,1,3,1,3,1,3,1,2,0,3,1,2,1,2,1,2,0,3,
11,1,2,1,3,1,3,1,3,1,2,0,3,1,2,1,2,1,2,0,3,
11,1,2,1,3,1,3,1,3,1,2,0,3,1,2,1,2,1,2,0,3,
11,1,2,1,3,1,3,1,3,1,2,0,3,1,2,1,2,1,2,0,3,
11,1,2,1,3,1,3,1,3,1,2,0,3,1,2,1,2,1,2,0,3,
11,1,2,1,3,1,3,1,3,1,3,0,3,1,2,1,2,1,2,0,3,
11,1,2,1,3,1,3,1,3,1,2,0,3,1,2,1,2,1,2,0,3,
11,0,1,0,1,0,1,0,1,0,1,0,1,0,0,0,1,0,0,0,1,
14,1,6,1,3,1,6,1,3,1,6,0,3,1,5,1,3,1,5,0,3,
12,1,3,1,3,1,3,1,3,1,3,0,3,1,2,1,3,1,2,0,3,
13,1,3,1,3,1,3,1,3,1,3,0,3,1,2,1,3,1,2,0,3,
12,0,2,1,2,0,2,1,2,0,2,0,2,0,1,1,2,0,2,0,2,
12,0,2,0,2,0,2,0,2,0,2,0,2,0,1,0,2,0,2,0,2,
14,0,2,0,2,0,2,0,2,0,2,0,2,0,1,0,2,0,2,0,2,
12,0,2,0,2,0,2,0,2,0,2,0,2,0,1,0,2,0,2,0,2,
14,4,6,1,6,4,6,1,6,4,6,0,6,4,5,1,6,4,6,1,6,
11,1,2,0,2,1,2,0,2,1,2,0,2,1,1,0,2,1,2,0,2,
