39,2,0,0,2,2,1,0,2,2,0,
10,2,0,0,2,2,1,0,2,2,1,
9,3,0,1,2,3,2,1,2,3,1,
9,2,0,0,2,2,1,0,2,2,1,
9,2,0,1,2,3,1,1,2,2,1,
11,3,0,1,2,3,1,1,2,3,1,
9,2,0,0,2,2,1,0,2,2,1,
10,3,0,1,2,3,1,1,2,3,1,
9,2,0,0,2,2,1,0,2,2,1,
9,2,0,0,2,2,1,0,2,2,1,
9,2,0,0,2,2,1,0,2,2,1,
9,2,0,0,2,2,1,0,2,2,1,
9,2,0,0,2,2,1,0,2,2,1,
10,2,0,3,2,2,1,0,2,2,1,
9,2,0,0,2,2,1,0,2,2,1,
11,2,0,0,2,2,1,0,2,2,1,
9,2,0,0,2,2,1,0,2,2,1,
9,2,0,0,2,2,1,0,2,2,1,
9,2,0,0,2,2,1,0,2,2,1,
9,2,0,0,2,2,1,0,2,2,1,
9,2,0,0,2,2,1,0,2,2,1,
9,2,0,0,2,2,1,0,2,2,1,
9,2,0,0,1,2,1,0,1,2,0,
9,2,0,0,2,2,1,0,2,2,1,
11,5,0,0,2,5,1,0,2,5,1,
10,3,0,1,4,3,1,0,4,3,1,
9,2,0,1,2,2,1,1,2,2,1,
9,2,0,0,2,2,1,0,2,2,1,
9,2,0,0,2,2,1,0,2,2,1,
9,2,0,0,2,2,1,0,2,2,1,
9,2,0,0,2,2,1,0,2,2,1,
9,2,0,0,2,2,1,0,2,2,1,
11,2,1,0,4,2,1,0,4,2,0,
10,0,0,0,1,0,0,0,1,0,0,
9,2,0,0,2,2,1,0,2,2,1,
12,2,0,0,2,2,1,0,2,2,1,
9,2,0,2,2,2,1,1,2,2,1,
9,3,0,1,3,3,2,1,2,3,2,
9,2,0,0,2,2,1,0,2,2,1,
9,2,0,0,2,2,1,0,2,2,1,
9,2,0,0,2,2,1,0,2,2,1,
9,2,0,0,2,2,1,0,2,2,1,
9,2,0,0,2,2,1,0,2,2,1,
9,2,0,0,1,2,1,0,1,2,0,
9,2,0,3,2,2,1,3,2,2,1,
9,2,0,0,2,2,1,0,2,2,1,
9,2,0,2,2,2,1,1,2,2,1,
9,3,0,2,2,3,1,0,2,2,1,
9,2,0,0,2,3,1,0,2,2,1,
9,2,0,0,2,2,1,0,2,2,1,
9,2,0,0,2,2,1,0,2,2,1,
9,2,0,0,2,2,1,0,2,2,1,
9,2,0,0,2,2,1,0,2,2,1,
9,2,0,0,2,2,1,0,2,2,1,
11,2,0,0,2,2,1,0,2,2,1,
14,5,0,1,2,5,2,1,2,5,1,
9,2,0,0,2,2,1,0,2,2,1,
9,2,0,0,2,2,1,0,2,2,1,
14,3,0,1,2,3,2,1,2,3,1,
9,2,0,0,2,2,1,0,2,2,1,
9,2,0,0,2,2,1,0,2,2,1,
10,2,0,0,2,2,1,0,2,2,1,
9,2,0,1,2,2,1,0,2,2,1,
9,2,0,0,2,2,1,0,2,2,1,
9,2,0,0,2,2,1,0,2,2,1,
16,2,0,0,2,2,1,0,2,2,1,
9,2,0,0,2,2,1,0,2,2,1,
12,2,1,0,2,2,1,0,2,2,1,
9,2,0,0,2,2,1,0,2,2,1,
9,3,0,1,3,3,2,1,3,3,2,
9,2,0,0,2,2,1,0,2,2,1,
9,3,0,1,3,3,2,1,3,3,2,
10,2,0,0,2,2,1,0,2,2,1,
9,2,0,0,2,2,1,0,2,2,1,
9,3,0,1,3,3,2,1,3,3,2,
12,2,0,0,2,2,1,0,2,2,1,
9,2,0,0,2,2,1,0,2,2,1,
9,3,0,1,3,3,2,1,3,3,2,
9,2,0,0,2,2,1,0,2,2,1,
9,3,0,1,3,3,2,1,2,3,2,
11,2,0,0,2,2,1,0,2,2,1,
10,3,0,1,2,3,2,1,2,3,2,
9,2,0,0,2,2,1,0,2,2,1,
9,2,0,0,2,2,1,0,2,2,1,
9,3,0,1,3,3,2,1,3,3,2,
9,2,0,0,2,2,1,0,2,2,1,
9,2,0,0,2,2,1,0,2,2,1,
9,3,0,1,3,3,2,1,3,3,2,
9,2,0,1,2,2,1,1,2,2,1,
9,3,0,1,2,3,2,1,2,3,2,
9,2,0,0,2,2,1,0,2,2,1,
9,3,0,1,3,3,2,1,3,3,2,
9,3,0,1,2,3,2,1,2,3,2,
16,2,0,1,2,3,1,1,2,2,1,
9,3,0,1,3,3,2,1,3,3,2,
9,3,0,1,3,3,2,1,3,3,2,
9,2,0,0,2,2,1,0,2,2,1,
9,3,0,1,2,3,2,1,2,3,1,
9,3,0,1,3,3,2,1,3,3,2,
9,3,0,1,2,3,2,1,2,3,2,
11,3,0,1,3,3,2,1,3,3,2,
10,3,0,4,2,3,2,1,2,3,2,
9,3,0,1,3,3,2,1,3,3,2,
9,2,0,0,2,2,1,0,2,2,1,
9,3,0,1,3,3,2,1,3,3,2,
9,2,0,0,3,2,2,0,3,2,1,
9,2,0,1,2,3,1,0,2,3,1,
9,3,0,1,2,3,2,1,2,3,2,
9,3,0,1,3,3,2,1,3,3,2,
9,2,0,0,2,2,1,0,2,2,1,
9,3,0,1,3,3,2,1,3,3,2,
9,3,0,1,3,3,2,1,2,3,1,
9,3,0,1,2,3,2,1,2,3,2,
9,3,0,1,2,3,2,1,2,3,2,
9,3,0,1,3,3,2,1,3,3,2,
8,3,0,1,2,3,2,1,2,3,1,
8,3,0,1,2,3,2,1,2,3,1,
10,3,0,1,2,3,2,1,2,3,1,
9,3,0,1,2,3,2,1,2,3,1,
9,3,0,1,2,3,2,1,2,3,1,
9,2,0,0,2,2,1,0,2,2,1,
14,5,0,1,5,5,2,1,5,5,1,
9,3,0,1,2,3,2,1,2,3,1,
8,3,0,1,2,3,2,1,2,3,1,
9,3,0,1,2,3,2,1,2,3,1,
8,3,0,1,2,3,2,1,2,3,1,
9,3,0,1,3,3,2,1,2,3,2,
11,2,0,1,2,3,2,1,2,2,1,
9,3,0,1,2,3,2,1,2,3,1,
8,3,0,1,2,3,2,1,2,3,1,
9,3,0,1,2,3,2,1,2,3,1,
9,3,0,1,2,3,2,1,2,3,1,
8,3,0,1,2,3,2,1,2,3,1,
8,3,0,1,2,3,2,1,2,3,1,
8,3,0,1,2,3,2,1,2,3,1,
8,3,0,1,2,3,2,1,2,3,1,
8,3,0,1,2,3,2,1,2,3,1,
10,2,0,0,2,2,1,0,2,2,1,
9,3,0,1,2,3,2,1,2,3,1,
8,3,0,1,2,3,2,1,2,3,1,
8,3,0,1,2,3,2,1,2,3,1,
8,3,0,1,2,3,2,1,2,3,1,
8,3,0,1,2,3,2,1,2,3,1,
8,3,0,1,2,3,2,1,2,3,1,
9,3,0,1,2,3,2,1,2,3,1,
9,3,0,1,3,3,2,1,2,3,2,
9,3,0,1,2,3,2,1,2,3,1,
9,3,0,1,2,3,2,1,2,3,1,
9,3,0,1,3,3,2,1,2,3,1,
9,3,0,1,2,3,2,1,2,3,1,
10,2,0,0,2,2,1,0,2,2,1,
8,3,0,1,2,3,2,1,2,3,1,
9,3,0,1,3,3,2,1,2,3,2,
8,3,0,1,2,3,2,1,2,3,1,
8,3,0,1,2,3,2,1,2,3,1,
8,3,0,1,2,3,2,1,2,3,1,
8,3,0,1,2,3,2,1,2,3,1,
8,3,0,1,2,3,2,1,2,3,1,
14,2,0,0,2,2,1,0,2,2,1,
10,4,0,1,2,4,2,1,2,4,1,
8,3,0,1,2,3,2,1,2,3,1,
8,3,0,1,2,3,2,1,2,3,1,
9,3,0,1,2,3,2,1,2,3,1,
8,3,0,1,2,3,2,1,2,3,1,
8,3,0,1,2,3,2,1,2,3,1,
8,3,0,1,2,3,2,1,2,3,1,
8,3,0,1,2,3,2,1,2,3,1,
10,3,0,1,2,3,2,1,2,3,1,
8,3,0,1,2,3,2,1,2,3,1,
10,4,0,1,2,4,2,1,2,4,1,
8,3,0,1,2,3,2,1,2,3,1,
8,3,0,1,2,3,2,1,2,3,1,
8,3,0,1,2,3,2,1,2,3,1,
8,3,0,1,2,3,2,1,2,3,1,
8,3,0,1,2,3,2,1,2,3,1,
8,3,0,1,2,3,2,1,2,3,1,
8,3,0,1,2,3,2,1,2,3,1,
8,3,0,1,2,3,2,1,2,3,1,
8,2,0,0,1,2,0,0,1,2,0,
8,3,0,1,2,3,2,1,2,3,1,
9,1,0,0,1,1,0,0,1,1,0,
11,3,0,1,2,3,1,0,2,3,1,
9,3,0,1,2,3,2,1,2,3,1,
9,3,0,1,2,3,2,1,2,3,1,
9,3,0,1,2,3,2,1,2,3,1,
8,3,0,1,2,3,2,1,2,3,1,
8,3,0,1,2,3,2,1,2,3,1,
8,3,0,1,2,3,2,1,2,3,1,
8,3,0,1,2,3,2,1,2,3,1,
11,3,0,1,2,3,2,1,2,3,1,
10,3,0,1,2,3,2,1,2,3,1,
9,3,0,1,2,3,2,1,2,3,1,
9,3,0,1,2,3,2,1,2,3,1,
8,3,0,1,2,3,1,1,2,3,1,
11,3,0,1,3,3,2,1,2,3,2,
8,3,0,1,2,3,2,1,2,3,1,
8,3,0,1,2,3,1,1,2,3,1,
9,3,0,1,2,3,2,1,2,3,1,
9,3,0,1,2,3,2,1,2,3,1,
8,3,0,1,2,3,1,1,2,3,1,
13,3,0,1,2,3,2,1,2,3,1,
8,3,0,1,2,3,2,1,2,3,1,
8,3,0,1,2,3,2,1,2,3,1,
8,3,0,1,2,3,1,1,2,3,1,
8,3,0,1,2,3,1,1,2,3,1,
8,3,0,1,2,3,1,1,2,3,1,
9,2,0,0,2,2,1,0,2,2,1,
11,3,0,1,2,3,2,1,2,3,1,
8,3,0,1,2,3,1,1,2,3,1,
8,3,0,1,2,3,1,1,2,3,1,
8,3,0,1,2,3,2,1,2,3,1,
28,3,0,22,2,3,2,22,2,3,1,
9,3,0,1,2,3,2,1,2,3,1,
8,3,0,1,2,3,1,1,2,3,1,
8,2,0,0,1,2,1,0,1,2,0,
9,2,0,3,1,2,1,0,1,2,0,
10,5,0,1,2,5,2,1,2,5,1,
8,3,0,1,2,3,1,1,2,3,1,
8,3,0,1,2,3,1,1,2,3,1,
8,3,0,1,2,3,2,1,2,3,1,
8,3,0,1,2,3,1,1,2,3,1,
8,3,0,1,2,3,2,1,2,3,1,
8,3,0,1,2,3,2,1,2,3,1,
8,3,0,1,2,3,1,1,2,3,1,
8,3,0,1,2,3,1,1,2,3,1,
10,3,0,1,2,3,1,1,2,3,1,
8,3,0,1,2,3,2,1,2,3,1,
8,3,0,1,2,3,1,1,2,3,1,
8,3,0,1,2,3,2,1,2,3,1,
8,2,0,0,2,2,1,0,2,2,1,
8,3,0,1,2,3,2,1,2,3,1,
8,3,0,1,2,3,1,1,2,3,1,
8,3,0,1,2,3,2,1,2,3,1,
8,3,0,1,2,3,1,1,2,3,1,
8,3,0,1,2,3,1,1,2,3,1,
11,5,0,1,5,5,1,1,5,5,1,
9,3,0,1,2,3,2,1,2,3,1,
8,2,0,0,2,2,1,0,2,2,1,
11,2,0,1,2,3,1,1,2,2,1,
8,2,0,1,2,3,1,1,2,2,1,
8,3,0,1,2,3,2,1,2,3,1,
9,2,0,0,1,2,1,0,1,2,0,
8,3,0,1,2,3,1,1,2,3,1,
8,3,0,1,2,3,1,1,2,3,1,
9,3,0,1,2,3,2,1,2,3,1,
8,3,0,1,2,3,2,1,2,3,1,
10,3,0,1,2,3,1,1,2,3,1,
8,3,0,1,2,3,1,1,2,3,1,
8,3,0,1,2,3,1,1,2,3,1,
11,3,0,1,2,3,1,1,2,3,1,
8,3,0,1,2,3,1,1,2,3,1,
10,3,0,1,2,3,2,1,2,3,1,
9,3,0,1,2,3,2,1,2,3,1,
8,2,0,0,1,2,1,0,1,2,0,
9,3,0,1,2,3,2,1,2,3,1,
11,3,0,1,2,3,2,1,2,3,1,
9,3,0,1,2,3,2,1,2,3,1,
8,3,0,1,2,3,1,1,2,3,1,
13,2,0,0,2,2,1,0,2,2,1,
10,3,0,1,2,3,2,1,2,3,1,
8,3,0,1,2,3,1,1,2,3,1,
8,2,0,1,2,3,1,1,2,2,1,
8,3,0,1,2,3,1,1,2,3,1,
8,3,0,1,2,3,1,1,2,3,1,
8,3,0,1,2,3,1,1,2,3,1,
8,3,0,1,2,3,1,1,2,3,1,
9,0,0,0,1,0,0,0,1,0,0,
8,2,0,1,2,3,1,1,2,2,1,
8,3,0,1,2,3,2,1,2,3,1,
8,2,0,1,2,2,1,1,2,2,1,
8,3,0,1,2,3,2,1,2,3,1,
28,3,0,1,2,3,2,1,2,3,1,
9,3,0,1,2,3,2,1,2,3,1,
8,2,0,1,2,3,1,1,2,2,1,
8,2,0,1,2,3,1,1,2,2,1,
8,3,0,1,2,3,1,0,2,2,1,
8,3,0,1,2,2,1,1,2,2,1,
8,2,0,0,2,2,1,0,2,2,1,
8,3,0,1,2,2,1,1,2,2,1,
8,2,0,0,2,2,1,0,2,2,1,
8,3,0,1,2,3,1,1,2,2,1,
8,2,0,1,2,2,1,1,2,2,1,
8,3,0,1,2,2,1,1,2,2,1,
9,4,0,1,2,4,1,1,2,4,1,
8,3,0,1,2,2,1,1,2,2,1,
8,2,0,1,2,2,1,0,2,2,1,
8,2,0,0,2,2,1,0,2,2,1,
8,2,0,0,2,2,1,0,2,2,1,
8,3,0,1,2,3,1,1,2,2,1,
8,2,0,0,2,2,1,0,2,2,1,
8,2,0,1,2,2,1,1,2,2,1,
8,2,0,1,2,2,1,1,2,2,1,
8,2,0,1,2,2,1,1,2,2,1,
8,2,0,0,2,2,1,0,2,2,1,
8,2,0,1,2,2,1,0,2,2,1,
8,2,0,1,2,3,2,1,2,2,1,
8,2,0,0,2,2,1,0,2,2,1,
8,2,0,0,2,2,1,0,2,2,1,
8,2,0,1,2,3,1,1,2,2,1,
8,3,0,1,2,3,2,1,2,3,1,
8,2,0,0,2,2,1,0,2,2,1,
8,2,0,1,2,2,1,0,2,2,1,
8,2,0,1,2,2,1,1,2,2,1,
8,2,0,3,2,2,1,2,2,2,1,
9,2,0,0,2,2,1,0,2,2,1,
8,2,0,0,2,2,1,0,2,2,1,
8,2,0,1,2,2,1,0,2,2,1,
8,2,0,1,2,2,1,0,2,2,1,
8,2,0,0,2,2,1,0,2,2,1,
8,2,0,0,2,2,1,0,2,2,1,
8,2,0,0,2,2,1,0,2,2,1,
8,2,0,0,2,2,1,0,2,2,1,
8,2,0,0,2,2,1,0,2,2,1,
9,2,0,0,2,2,1,0,2,2,1,
8,2,0,0,2,2,1,0,2,2,1,
8,2,0,0,2,2,1,0,2,2,1,
8,2,0,0,2,2,1,0,2,2,1,
8,2,0,0,2,2,1,0,2,2,1,
8,2,0,1,2,2,1,1,2,2,1,
8,2,0,0,2,2,1,0,2,2,1,
8,2,0,1,2,2,1,0,2,2,1,
12,2,0,0,2,2,1,0,2,2,1,
8,2,0,0,2,2,1,0,2,2,1,
10,4,0,0,5,4,1,0,5,4,1,
8,2,0,0,2,2,1,0,2,2,1,
8,2,0,0,2,2,1,0,2,2,1,
8,2,0,0,2,2,1,0,2,2,1,
8,2,0,0,2,2,1,0,2,2,1,
8,2,0,0,2,2,1,0,2,2,1,
10,2,0,1,2,3,1,1,2,2,1,
8,2,0,0,2,2,1,0,2,2,1,
8,2,0,0,2,2,1,0,2,2,1,
8,2,0,0,2,2,1,0,2,2,1,
8,2,0,0,2,2,1,0,2,2,1,
8,2,0,0,2,2,1,0,2,2,1,
8,2,0,0,2,2,1,0,2,2,1,
8,2,0,0,2,2,1,0,2,2,1,
8,2,0,0,2,2,1,0,2,2,1,
8,2,0,0,2,2,1,0,2,2,1,
12,2,0,0,2,2,1,0,2,2,1,
8,2,0,1,2,3,1,0,2,3,1,
8,2,0,0,2,2,1,0,2,2,1,
8,2,0,0,2,2,1,0,2,2,1,
8,2,0,0,2,2,1,0,2,2,1,
8,2,0,0,2,2,1,0,2,2,1,
10,2,0,0,2,2,1,0,2,2,1,
8,2,0,0,2,2,1,0,2,2,1,
8,2,0,0,2,2,1,0,2,2,1,
8,2,0,0,2,2,1,0,2,2,1,
8,2,0,0,2,2,1,0,2,2,1,
8,2,0,0,2,2,1,0,2,2,1,
8,2,0,0,2,2,1,0,2,2,1,
11,2,0,0,2,2,1,0,2,2,1,
8,2,0,0,2,2,1,0,2,2,1,
8,2,0,0,2,2,1,0,2,2,1,
8,2,0,0,2,2,1,0,2,2,1,
8,2,0,0,2,2,1,0,2,2,1,
8,2,0,0,2,2,1,0,2,2,1,
13,3,0,1,2,3,2,1,2,3,1,
8,2,0,0,2,2,1,0,2,2,1,
12,3,0,1,2,3,1,1,2,3,1,
8,2,0,0,2,2,1,0,2,2,1,
8,2,0,0,2,2,1,0,2,2,1,
8,2,0,0,2,3,1,0,2,2,1,
8,2,0,0,2,2,1,0,2,2,1,
8,2,0,0,2,2,1,0,2,2,1,
8,2,0,0,2,2,1,0,2,2,1,
8,2,0,0,2,2,1,0,2,2,1,
8,2,0,0,2,2,1,0,2,2,1,
8,2,0,0,2,2,1,0,2,2,1,
8,2,0,0,2,2,1,0,2,2,1,
12,6,0,0,2,6,1,0,2,6,1,
8,2,0,0,2,2,1,0,2,2,1,
8,2,0,0,2,2,1,0,2,2,1,
9,3,0,1,3,3,1,1,3,3,1,
8,2,0,0,2,2,1,0,2,2,1,
8,2,0,0,2,2,1,0,2,2,1,
11,2,0,0,2,2,1,0,2,2,1,
10,3,0,1,3,3,1,0,3,3,2,
8,2,0,0,2,3,1,0,2,3,1,
9,0,0,0,0,0,0,0,0,0,0,
8,2,0,0,2,2,1,0,2,2,1,
8,2,0,0,2,2,1,0,2,2,1,
11,5,0,0,2,5,1,0,2,5,1,
10,2,0,0,2,2,1,0,2,2,1,
8,2,0,0,2,2,1,0,2,2,1,
9,2,0,0,2,2,1,0,2,2,1,
8,2,0,0,2,2,1,0,2,2,1,
8,2,0,0,2,2,1,0,2,2,1,
8,2,0,0,2,2,1,0,2,2,1,
8,2,0,0,2,2,1,0,2,2,1,
8,3,0,1,3,3,2,1,3,3,2,
8,3,0,1,3,3,2,1,3,3,2,
8,3,0,1,3,3,2,1,3,3,2,
8,2,0,0,2,2,1,0,2,2,1,
8,2,0,1,2,3,2,1,2,2,1,
8,2,0,0,2,2,1,0,2,2,1,
10,5,0,1,3,5,2,1,3,5,2,
8,3,0,1,3,3,2,1,3,3,2,
8,2,0,0,2,2,1,0,2,2,1,
10,3,0,1,3,3,2,1,3,3,2,
8,3,0,1,3,3,2,1,3,3,2,
8,2,0,0,2,2,1,0,2,2,1,
8,3,0,1,3,3,2,1,3,3,2,
8,3,0,1,3,3,2,1,3,3,2,
8,2,0,0,2,2,1,0,2,2,1,
8,2,0,0,2,2,1,0,2,2,1,
8,2,0,0,2,2,2,0,2,2,1,
8,3,0,1,3,3,2,1,3,3,2,
11,3,0,1,3,3,2,1,2,3,2,
8,2,0,0,2,2,1,0,2,2,1,
8,2,0,0,2,2,1,0,2,2,1,
8,2,0,0,2,2,1,0,1,2,1,
8,2,0,0,2,2,1,0,2,2,1,
8,3,0,1,3,3,2,1,3,3,2,
8,3,0,1,3,3,2,1,2,3,2,
9,3,0,1,2,3,2,1,2,3,1,
9,3,0,4,3,3,2,4,2,3,2,
8,2,0,0,2,2,1,0,1,2,1,
8,3,0,1,2,3,2,1,2,3,2,
8,3,0,1,3,3,2,1,2,3,2,
8,3,0,1,3,3,2,1,2,3,2,
8,3,0,1,3,3,2,1,3,3,2,
8,3,0,1,3,3,2,1,2,3,2,
8,3,0,1,3,3,2,1,2,3,2,
8,3,0,1,2,3,2,1,2,3,2,
8,3,0,1,3,3,2,1,2,3,2,
8,3,0,1,2,3,2,1,2,3,2,
8,3,0,1,3,3,2,1,2,3,2,
8,3,0,1,3,3,2,1,2,3,2,
8,3,0,1,3,3,2,1,2,3,2,
8,3,0,1,3,3,2,1,2,3,2,
9,3,0,3,4,3,3,3,4,3,3,
8,2,0,0,2,2,1,0,2,2,1,
8,3,0,1,3,3,2,1,2,3,2,
8,2,0,0,2,2,1,0,2,2,1,
8,3,0,1,3,3,2,1,3,3,2,
9,1,0,0,1,1,0,0,1,1,0,
8,3,0,1,3,3,2,1,2,3,2,
30,3,0,1,3,25,2,1,2,25,2,
10,5,0,1,5,5,4,1,4,5,2,
8,3,0,1,2,3,2,1,2,3,2,
10,2,0,1,2,3,1,1,2,2,1,
8,3,0,1,3,3,2,1,2,3,2,
8,3,0,1,3,3,2,1,2,3,2,
8,3,0,1,3,3,2,1,2,3,2,
8,2,0,0,2,2,1,0,2,2,1,
8,3,0,1,3,3,2,1,2,3,2,
9,3,0,4,2,3,2,4,2,3,2,
8,3,0,1,3,3,2,1,2,3,2,
8,3,0,1,3,3,2,1,2,3,2,
8,3,0,1,3,3,2,1,2,3,2,
8,3,0,1,2,3,2,1,2,3,1,
8,3,0,1,2,3,2,1,2,3,1,
8,3,0,1,2,3,2,1,2,3,1,
8,3,0,1,3,3,2,1,2,3,2,
8,3,0,1,3,3,2,1,3,3,2,
8,2,0,0,2,2,2,0,2,2,1,
9,2,0,0,2,2,1,0,2,2,1,
8,3,0,1,2,3,2,1,2,3,1,
8,3,0,1,2,3,2,1,2,3,1,
8,3,0,1,2,3,2,1,2,3,1,
8,3,0,1,3,3,2,1,2,3,2,
8,3,0,1,2,3,2,1,2,3,1,
8,3,0,1,2,3,2,1,2,3,1,
8,3,0,1,2,3,2,1,2,3,1,
8,3,0,1,2,3,2,1,2,3,1,
8,3,0,1,2,3,2,1,2,3,1,
10,5,0,1,5,5,5,1,5,5,2,
8,3,0,1,2,3,2,1,2,3,1,
8,3,0,1,2,3,2,1,2,3,1,
8,3,0,1,2,3,2,1,2,3,1,
8,3,0,1,2,3,2,1,2,3,1,
8,3,0,1,2,3,2,1,2,3,1,
10,2,0,0,2,2,1,0,2,2,1,
8,3,0,1,2,3,2,1,2,3,1,
8,3,0,1,2,3,2,1,2,3,1,
8,3,0,1,2,3,2,1,2,3,1,
9,3,0,1,3,3,2,1,2,3,2,
8,3,0,1,2,3,2,1,2,3,1,
8,3,0,1,2,3,2,1,2,3,1,
8,3,0,1,2,3,2,1,2,3,1,
8,3,0,1,2,3,2,1,2,3,1,
8,3,0,1,2,3,2,1,2,3,1,
8,3,0,1,3,3,2,1,2,3,2,
8,3,0,1,2,3,2,1,2,3,1,
8,3,0,1,3,3,2,1,2,3,2,
22,3,0,1,2,3,2,1,2,3,1,
8,3,0,1,3,3,2,1,2,3,2,
8,3,0,1,2,3,2,1,2,3,1,
8,2,0,0,2,2,1,0,2,2,1,
8,3,0,1,2,3,2,1,2,3,1,
8,3,0,1,2,3,2,1,2,3,2,
8,3,0,1,2,3,2,1,2,3,1,
9,0,0,0,1,0,0,0,0,0,0,
8,3,0,1,2,3,2,1,2,3,1,
8,3,0,1,2,3,2,1,2,3,1,
8,3,0,1,2,3,2,1,2,3,1,
8,3,0,1,2,3,2,1,2,3,1,
8,3,0,1,2,3,2,1,2,3,1,
10,3,0,1,2,3,2,1,2,3,2,
8,3,0,1,2,3,2,1,2,3,1,
8,3,0,1,2,3,2,1,2,3,1,
8,3,0,1,2,3,2,1,2,3,1,
8,3,0,1,2,3,2,1,2,3,1,
8,3,0,1,2,3,2,1,2,3,1,
8,3,0,1,2,3,2,1,2,3,1,
8,3,0,3,2,3,2,1,2,3,1,
8,3,0,1,2,3,2,1,2,3,1,
8,3,0,1,2,3,2,1,2,3,1,
8,3,0,1,2,3,2,1,2,3,2,
10,5,0,1,2,5,2,1,2,5,1,
8,3,0,1,2,3,2,1,2,3,1,
8,3,0,1,2,3,2,1,2,3,1,
8,3,0,1,2,3,2,1,2,3,1,
28,3,0,1,23,3,2,1,23,3,1,
8,2,0,1,2,2,1,1,2,2,1,
8,3,0,1,2,3,2,1,2,3,1,
8,3,0,1,2,3,2,1,2,3,1,
8,3,0,1,2,3,2,1,2,3,1,
8,3,0,1,2,3,2,1,2,3,1,
8,3,0,1,2,3,2,1,2,3,1,
8,3,0,1,2,3,2,1,2,3,1,
10,3,0,1,2,3,2,1,2,3,2,
8,3,0,1,2,3,2,1,2,3,1,
8,3,0,1,2,3,2,1,2,3,1,
8,3,0,1,2,3,2,1,2,3,1,
8,3,0,1,2,3,2,1,2,3,1,
8,2,1,0,2,2,1,0,2,2,1,
8,3,0,1,2,3,2,1,2,3,1,
8,3,0,1,2,3,2,1,2,3,1,
9,3,0,4,2,3,2,4,2,3,1,
8,3,0,1,2,3,2,1,2,3,1,
8,3,0,1,2,3,2,1,2,3,1,
8,3,0,1,2,3,2,1,2,3,1,
8,3,0,1,2,3,2,1,2,3,1,
8,3,0,1,2,3,2,1,2,3,1,
8,2,0,0,2,2,1,0,2,2,1,
8,3,0,1,2,3,2,1,2,3,1,
8,3,0,1,2,3,2,1,2,3,1,
9,3,0,1,2,3,2,1,2,3,1,
9,3,0,1,2,3,2,1,2,3,1,
9,3,0,1,2,3,2,1,2,3,1,
9,3,0,1,2,3,2,1,2,3,1,
9,3,0,1,2,3,2,1,2,3,1,
9,3,0,1,2,3,2,1,2,3,1,
9,3,0,1,2,3,2,1,2,3,1,
9,3,0,1,2,3,2,1,2,3,1,
9,3,0,1,2,3,2,1,2,3,1,
9,3,0,1,2,3,2,1,2,3,1,
9,3,0,1,2,3,2,1,2,3,1,
9,0,0,0,1,0,0,0,1,0,0,
9,3,0,1,2,3,2,1,2,3,1,
9,3,0,1,2,3,2,1,2,3,1,
11,5,0,1,2,5,2,1,2,5,1,
9,3,0,1,2,3,2,1,2,3,1,
9,3,0,1,2,3,2,1,2,3,1,
9,3,0,1,3,3,2,1,2,3,2,
30,2,0,0,2,2,1,0,2,2,1,
9,3,0,1,2,3,2,1,2,3,1,
9,3,0,1,2,3,2,1,2,3,1,
9,3,0,1,2,3,2,1,2,3,1,
9,3,0,1,2,3,2,1,2,3,1,
8,2,0,1,2,3,2,1,2,3,1,
9,3,0,1,2,3,2,1,2,3,1,
9,3,0,1,2,3,2,1,2,3,1,
9,3,0,1,2,3,2,1,2,3,1,
9,3,0,1,2,3,2,1,2,3,1,
11,5,0,1,2,5,2,1,2,5,1,
9,3,0,1,2,3,1,1,2,3,1,
9,3,0,1,2,3,2,1,2,3,1,
9,3,0,1,2,3,2,1,2,3,1,
9,3,0,1,2,3,2,1,2,3,1,
9,3,0,1,2,3,2,1,2,3,1,
8,2,0,1,2,3,2,1,2,3,1,
10,3,0,1,2,3,2,1,2,3,1,
9,3,0,1,2,3,2,1,2,3,1,
9,3,0,1,2,3,2,1,2,3,1,
9,3,0,1,2,3,1,1,2,3,1,
12,3,0,1,2,3,2,1,2,3,1,
11,2,0,1,2,3,1,1,2,3,1,
9,3,0,1,2,3,2,1,2,3,1,
9,3,0,1,2,3,1,1,2,3,1,
8,2,0,1,2,3,2,1,2,3,1,
9,3,0,1,2,3,1,1,2,3,1,
9,3,0,1,2,3,2,1,2,3,1,
9,3,0,1,2,3,2,1,2,3,1,
9,3,0,1,2,3,2,1,2,3,1,
11,2,0,1,2,3,1,1,2,3,1,
9,2,0,1,2,3,2,1,2,3,1,
9,2,0,1,2,3,1,1,2,3,1,
8,2,0,1,2,3,1,1,2,2,1,
8,2,0,1,2,3,1,1,2,3,1,
10,2,0,1,2,2,1,1,2,2,1,
9,3,0,1,2,3,2,1,2,3,1,
8,3,0,1,3,3,2,1,2,3,2,
9,2,0,1,2,3,2,1,2,2,1,
12,2,0,1,2,3,2,1,2,3,1,
11,2,0,0,2,2,1,0,2,2,1,
9,3,0,1,3,3,2,1,3,3,2,
9,3,0,1,3,3,2,1,2,3,1,
9,3,0,1,3,3,2,1,2,3,2,
9,3,0,1,3,3,2,1,2,3,2,
9,3,0,1,3,3,2,1,2,3,2,
9,3,0,3,2,3,2,3,2,3,1,
9,3,0,1,2,3,2,1,2,3,1,
9,3,0,1,2,3,2,1,2,3,1,
9,3,0,1,2,3,2,1,2,3,1,
9,3,0,1,2,3,1,1,2,3,1,
10,2,0,1,2,3,1,1,2,3,1,
9,3,0,1,2,3,1,1,2,3,1,
8,2,0,1,2,3,2,1,2,2,1,
9,2,0,1,2,3,1,1,2,3,1,
8,2,0,1,2,3,2,1,2,2,1,
11,3,0,0,2,2,1,0,2,2,1,
9,3,0,1,2,3,2,1,2,3,1,
9,3,0,1,2,3,1,1,2,3,1,
9,3,0,1,2,3,2,1,2,3,1,
9,3,0,1,2,3,1,1,2,3,1,
9,3,0,1,2,3,1,1,2,3,1,
9,2,0,1,2,3,2,1,2,3,1,
8,2,0,1,2,3,2,1,2,2,1,
9,2,0,1,2,3,1,1,2,2,1,
9,2,0,1,2,3,1,1,2,3,1,
9,2,0,1,2,3,2,1,2,2,1,
9,2,0,0,1,2,1,0,1,2,0,
9,2,0,1,2,3,1,1,2,2,1,
9,2,0,1,2,3,1,1,2,2,1,
9,2,0,1,2,3,1,1,2,2,1,
9,2,0,1,2,3,1,1,2,2,1,
9,2,0,1,2,3,1,1,2,2,1,
9,2,0,1,2,3,1,1,2,2,1,
9,2,0,1,2,3,2,1,2,2,1,
8,2,0,1,2,3,2,1,2,2,1,
11,4,0,1,5,4,4,1,5,4,4,
9,2,0,1,2,3,2,0,2,3,1,
8,3,0,1,2,3,2,1,2,3,1,
12,2,0,1,2,3,2,1,2,3,1,
9,2,0,1,2,3,2,1,2,3,1,
9,3,0,1,2,3,2,1,2,3,1,
10,2,0,1,2,3,1,1,2,3,1,
9,2,0,1,2,3,1,0,2,2,1,
13,2,0,0,2,2,1,0,2,2,1,
9,2,0,1,2,3,1,1,2,2,1,
9,2,0,1,2,3,1,1,2,2,1,
8,2,0,1,2,3,1,1,2,2,1,
9,2,0,1,2,3,2,1,2,2,1,
15,2,0,1,2,3,1,1,2,2,1,
9,2,0,1,2,3,2,1,2,3,1,
8,2,0,1,2,3,1,1,2,2,1,
8,2,0,1,2,3,1,0,2,2,1,
8,2,0,1,2,3,1,0,2,2,1,
8,2,0,1,2,3,1,1,2,2,1,
8,2,0,1,2,3,1,1,2,2,1,
8,2,0,1,2,2,1,0,2,2,1,
9,3,0,4,2,3,2,3,2,3,1,
8,2,0,1,2,2,1,0,2,2,1,
8,2,0,1,2,3,1,0,2,2,1,
9,2,0,1,2,3,1,1,2,2,1,
8,2,0,0,2,3,1,0,2,3,1,
9,2,0,1,2,3,2,1,2,3,1,
9,2,0,1,2,3,2,1,2,3,1,
8,2,0,1,2,3,1,1,2,2,1,
8,3,0,1,2,3,2,1,2,3,2,
8,2,0,0,2,2,1,0,2,2,1,
8,2,0,1,2,2,1,0,2,2,1,
11,2,0,1,2,6,2,1,2,2,1,
8,2,0,0,2,2,1,0,2,2,1,
8,2,0,1,2,3,1,0,2,2,1,
8,2,0,0,2,2,1,0,2,2,1,
8,2,0,1,2,3,1,0,2,2,1,
8,2,0,1,2,3,1,1,2,2,1,
8,2,0,1,2,3,1,1,2,2,1,
8,2,0,0,2,2,1,0,2,2,1,
8,2,0,0,2,2,1,0,2,2,1,
9,0,0,0,1,0,0,0,1,0,0,
8,2,0,0,2,2,1,0,2,2,1,
8,2,0,0,2,2,1,0,2,2,1,
11,5,0,0,2,5,1,0,2,5,1,
8,2,0,0,2,2,1,0,2,2,1,
9,2,0,1,2,3,1,1,2,2,1,
9,3,0,1,2,3,2,1,2,3,1,
9,2,0,1,2,3,1,0,2,2,1,
9,2,0,0,2,2,1,0,2,2,1,
8,2,0,0,2,2,1,0,2,2,1,
8,2,0,1,2,2,1,0,2,2,1,
9,2,0,1,2,2,1,0,2,2,1,
8,2,0,0,2,2,1,0,2,2,1,
8,2,0,0,2,2,1,0,2,2,1,
8,2,0,0,2,2,1,0,2,2,1,
8,2,0,0,2,2,1,0,2,2,1,
9,2,0,0,2,2,1,0,2,2,1,
11,4,0,0,2,5,1,0,2,5,1,
8,2,0,0,2,2,1,0,2,2,1,
8,2,0,0,2,2,1,0,2,2,1,
8,2,0,0,2,2,1,0,2,2,1,
8,2,0,0,2,2,1,0,2,2,1,
8,2,0,0,2,2,1,0,2,2,1,
8,2,0,0,2,2,1,0,2,2,1,
8,2,0,0,2,2,1,0,2,2,1,
19,2,0,0,2,3,1,0,2,2,1,
8,2,0,1,2,3,1,1,2,2,1,
8,2,0,0,2,2,1,0,2,2,1,
8,2,0,0,2,2,1,0,2,2,1,
9,2,0,0,2,2,1,0,2,2,1,
8,2,0,0,2,2,1,0,2,2,1,
11,5,0,0,5,5,1,0,5,5,1,
9,2,0,0,2,3,1,0,2,3,1,
8,2,0,0,2,2,1,0,2,2,1,
8,2,0,0,2,2,1,0,2,2,1,
8,2,0,0,2,2,1,0,2,2,1,
8,2,0,0,2,2,1,0,2,2,1,
11,3,0,1,3,3,2,1,2,3,2,
8,2,0,0,2,2,1,0,2,2,1,
8,2,0,0,2,2,1,0,2,2,1,
8,2,0,0,2,2,1,0,2,2,1,
8,2,0,0,2,2,1,0,2,2,1,
8,2,0,0,2,2,1,0,2,2,1,
8,2,0,0,2,2,1,0,2,2,1,
8,2,0,0,2,2,1,0,2,2,1,
9,2,0,1,2,3,1,0,2,2,1,
8,2,0,0,2,2,1,0,2,2,1,
8,2,0,0,2,2,1,0,2,2,1,
8,2,0,0,2,2,1,0,2,2,1,
8,2,0,0,2,2,1,0,2,2,1,
8,2,0,0,2,2,1,0,2,2,1,
11,2,0,0,2,2,1,0,2,2,1,
8,2,0,0,2,2,1,0,2,2,1,
10,3,0,0,3,4,1,0,3,3,1,
8,2,0,0,2,2,1,0,2,2,1,
8,2,0,0,2,2,1,0,2,2,1,
8,2,0,0,2,2,1,0,2,2,1,
10,0,0,0,1,0,0,0,1,0,0,
8,2,0,0,2,2,1,0,2,2,1,
8,2,0,0,2,2,1,0,2,2,1,
8,2,0,0,2,2,1,0,2,2,1,
8,2,0,0,2,2,1,0,2,2,1,
8,2,0,0,2,2,1,0,2,2,1,
10,2,0,1,2,3,1,0,2,2,1,
9,3,0,0,2,3,1,0,2,3,1,
9,2,0,0,2,2,1,0,2,2,1,
8,2,0,0,2,2,1,0,2,2,1,
9,2,0,1,2,3,1,0,2,2,1,
8,2,0,0,2,2,1,0,2,2,1,
8,2,0,0,2,2,1,0,2,2,1,
8,2,0,0,2,2,1,0,2,2,1,
8,2,0,0,2,2,1,0,2,2,1,
8,2,0,0,2,2,1,0,2,2,1,
11,3,0,1,3,3,2,1,2,3,2,
9,3,0,0,2,3,1,0,2,3,1,
8,2,0,0,2,2,1,0,2,2,1,
8,2,0,0,2,2,1,0,2,2,1,
8,2,0,0,2,2,1,0,2,2,1,
8,2,0,0,2,2,1,0,2,2,1,
8,2,0,0,2,2,1,0,2,2,1,
8,2,0,0,2,2,1,0,2,2,1,
8,2,0,0,2,2,1,0,2,2,1,
8,2,0,0,2,2,1,0,2,2,1,
8,2,0,0,2,2,1,0,2,2,1,
8,2,0,0,2,2,1,0,2,2,1,
8,2,0,0,2,2,1,0,2,2,1,
11,3,0,1,2,3,2,1,2,3,1,
8,2,0,0,2,2,1,0,2,2,1,
8,2,0,0,2,2,1,0,2,2,1,
8,2,0,0,2,2,1,0,2,2,1,
8,2,0,0,2,2,1,0,2,2,1,
11,2,0,0,2,2,1,0,2,2,1,
12,2,0,0,2,2,1,0,2,2,1,
9,2,0,1,2,3,1,0,2,2,1,
10,2,0,0,2,2,1,0,2,2,1,
8,2,0,0,2,2,1,0,2,2,1,
8,2,0,0,2,2,1,0,2,2,1,
8,2,0,0,2,2,1,0,2,2,1,
8,2,0,0,2,2,1,0,2,2,1,
9,3,0,1,2,3,2,1,2,3,1,
8,2,0,0,2,2,1,0,2,2,1,
8,2,0,0,2,2,1,0,2,2,1,
8,2,0,0,2,2,1,0,2,2,1,
10,2,0,0,2,2,1,0,2,2,1,
10,2,0,1,2,3,1,1,2,3,1,
9,3,0,1,3,3,2,1,2,3,2,
8,3,0,1,3,3,2,1,2,3,2,
8,3,0,1,3,3,2,1,2,3,2,
8,3,0,1,3,3,2,1,2,3,2,
11,3,0,1,2,3,2,1,2,3,1,
8,3,0,1,3,3,2,1,2,3,2,
8,3,0,1,3,3,2,1,2,3,2,
8,3,0,1,3,3,2,1,2,3,2,
8,3,0,1,3,3,2,1,2,3,2,
8,3,0,1,3,3,2,1,3,3,2,
8,2,0,0,2,2,1,0,2,2,1,
8,2,0,0,2,2,1,0,2,2,1,
9,3,0,1,2,3,2,1,2,3,1,
8,2,0,0,2,2,1,0,2,2,1,
8,2,0,0,2,2,1,0,2,2,1,
8,3,0,1,3,3,2,1,2,3,2,
8,2,0,0,2,2,1,0,2,2,1,
10,5,0,1,3,5,2,1,2,5,2,
8,2,0,0,2,2,1,0,1,2,1,
8,3,0,1,3,3,2,1,2,3,2,
9,3,0,3,3,3,2,3,2,3,2,
8,2,0,0,2,2,1,0,1,2,1,
8,3,0,1,3,3,2,1,2,3,2,
8,3,0,1,3,3,2,1,2,3,2,
8,3,0,1,3,3,2,1,2,3,2,
8,3,0,1,3,3,2,1,2,3,2,
8,3,0,1,3,3,2,1,2,3,2,
8,3,0,1,3,3,2,1,2,3,2,
8,3,0,1,3,3,2,1,2,3,2,
8,3,0,1,2,3,2,1,2,3,1,
11,2,0,1,2,3,1,1,2,2,1,
8,3,0,1,3,3,2,1,2,3,2,
8,3,0,1,3,3,2,1,2,3,2,
8,3,0,1,3,3,2,1,2,3,2,
8,3,0,1,3,3,2,1,2,3,2,
8,3,0,1,3,3,2,1,3,3,2,
8,2,0,0,2,2,1,0,2,2,1,
8,2,0,0,2,2,1,0,2,2,1,
8,3,0,1,3,3,2,1,3,3,2,
8,3,0,1,3,3,2,1,2,3,2,
11,3,0,1,3,6,2,1,3,3,2,
8,3,0,1,3,3,2,1,2,3,2,
8,3,0,1,3,3,2,1,2,3,2,
29,23,0,1,2,3,1,1,2,2,1,
8,3,0,1,3,3,2,1,2,3,2,
8,3,0,1,3,3,2,1,2,3,2,
12,3,0,1,2,3,2,1,2,3,1,
8,3,0,1,2,3,2,1,2,3,2,
8,3,0,1,3,3,2,1,2,3,2,
8,3,0,1,3,3,2,1,2,3,2,
8,3,0,1,3,3,2,1,2,3,2,
8,3,0,1,2,3,2,1,2,3,2,
8,3,0,1,3,3,2,1,2,3,2,
8,3,0,1,2,3,2,1,2,3,1,
8,3,0,1,2,3,2,1,2,3,1,
8,3,0,1,3,3,2,1,2,3,2,
9,3,0,1,3,3,2,1,2,3,2,
8,3,0,1,2,3,2,1,2,3,2,
8,3,0,1,3,3,2,1,2,3,2,
8,3,0,1,2,3,2,1,2,3,2,
8,3,0,1,3,3,2,1,2,3,2,
8,3,0,1,2,3,2,1,2,3,2,
8,2,0,0,2,2,1,0,2,2,1,
8,3,0,1,2,3,2,1,2,3,2,
8,3,0,1,2,3,2,1,2,3,2,
8,3,0,1,2,3,2,1,2,3,2,
8,2,0,0,2,2,1,0,1,2,1,
8,3,0,1,3,3,2,1,2,3,2,
8,3,0,1,2,3,2,1,2,3,1,
32,5,2,20,4,26,4,0,4,5,3,
27,2,0,0,2,3,20,0,2,2,1,
8,2,0,0,2,2,1,0,2,2,1,
28,2,20,0,2,2,1,0,1,2,1,
8,2,0,0,2,2,1,0,2,2,1,
8,3,0,1,2,3,2,1,2,3,2,
8,3,0,1,2,3,2,1,2,3,1,
8,3,0,1,2,3,2,1,2,3,1,
8,3,0,1,2,3,2,1,2,3,1,
10,4,0,1,5,4,2,1,5,4,1,
8,3,0,1,2,3,2,1,2,3,1,
8,3,0,1,2,3,2,1,2,3,2,
8,3,0,1,2,3,2,1,2,3,1,
11,2,0,1,2,3,1,1,2,3,1,
12,2,0,0,2,2,1,0,2,2,1,
8,3,0,1,3,3,2,1,2,3,1,
8,3,0,1,2,3,2,1,2,3,2,
8,3,0,1,2,3,2,1,2,3,1,
9,3,0,1,2,3,2,1,2,3,1,
8,3,0,1,2,3,2,1,2,3,1,
8,3,0,1,2,3,2,1,2,3,1,
8,3,0,1,2,3,2,1,2,3,1,
8,3,0,1,2,3,2,1,2,3,1,
8,3,0,1,2,3,2,1,2,3,1,
8,3,0,1,2,3,2,1,2,3,1,
8,3,0,1,2,3,2,1,2,3,1,
8,3,0,1,2,3,2,1,2,3,1,
8,3,0,1,2,3,2,1,2,3,1,
10,5,0,1,5,5,2,1,5,5,1,
8,3,0,1,2,3,2,1,2,3,1,
8,3,0,1,2,3,2,1,2,3,1,
8,3,0,1,2,3,2,1,2,3,1,
8,3,0,1,2,3,2,1,2,3,1,
8,3,0,1,2,3,2,1,2,3,1,
13,4,1,0,3,4,3,0,3,4,2,
8,3,0,1,2,3,2,1,2,3,1,
8,3,0,1,2,3,2,1,2,3,1,
8,3,0,1,2,3,2,1,2,3,1,
8,3,0,1,2,3,2,1,2,3,1,
8,3,0,1,2,3,2,1,2,3,1,
8,3,0,1,2,3,2,1,2,3,1,
8,3,0,1,2,3,2,1,2,3,1,
8,3,0,1,2,3,2,1,2,3,1,
8,3,0,1,2,3,2,1,2,3,1,
8,3,0,1,2,3,2,1,2,3,1,
13,8,0,1,2,8,2,1,2,8,1,
8,3,0,1,2,3,2,1,2,3,1,
8,3,0,1,2,3,2,1,2,3,1,
8,3,0,1,2,3,2,1,2,3,1,
8,3,0,1,2,3,2,1,2,3,1,
8,3,0,1,2,3,2,1,2,3,1,
8,3,0,1,2,3,2,1,2,3,1,
8,3,0,1,2,3,2,1,2,3,1,
8,3,0,1,2,3,2,1,2,3,1,
9,0,0,0,1,0,0,0,1,0,0,
8,3,0,1,2,3,2,1,2,3,1,
11,3,0,1,2,3,2,1,2,3,1,
8,3,0,1,2,3,2,1,2,3,1,
9,2,0,0,2,2,1,0,2,2,1,
8,3,0,1,2,3,2,1,2,3,1,
10,2,0,1,2,3,2,1,2,3,1,
8,3,0,1,2,3,2,1,2,3,1,
11,5,0,1,2,5,2,1,2,5,1,
8,2,0,0,2,2,1,0,2,2,1,
8,3,0,1,2,3,2,1,2,3,1,
8,3,0,1,2,3,2,1,2,3,1,
8,3,0,1,2,3,2,1,2,3,1,
8,3,0,1,2,3,2,1,2,3,1,
8,3,0,1,2,3,2,1,2,3,1,
8,3,0,1,2,3,2,1,2,3,1,
8,3,0,1,2,3,2,1,2,3,1,
8,3,0,1,2,3,2,1,2,3,1,
8,2,0,1,2,3,1,1,2,3,1,
8,3,0,1,2,3,2,1,2,3,1,
8,3,0,1,2,3,2,1,2,3,1,
11,3,0,1,2,3,2,1,2,3,1,
8,3,0,1,2,3,2,1,2,3,1,
16,3,0,1,2,3,2,1,2,3,1,
8,3,0,1,2,3,2,1,2,3,1,
8,3,0,1,2,3,2,1,2,3,1,
8,3,0,1,2,3,2,1,2,3,1,
8,3,0,1,2,3,2,1,2,3,1,
8,3,0,1,2,3,2,1,2,3,1,
8,3,0,1,2,3,2,1,2,3,1,
8,3,0,1,2,3,2,1,2,3,1,
11,3,0,1,2,6,2,1,2,6,1,
8,3,0,1,2,3,2,1,2,3,1,
8,3,0,1,2,3,2,1,2,3,1,
8,3,0,1,2,3,2,1,2,3,1,
8,2,0,1,2,3,2,1,2,3,1,
8,3,0,1,2,3,2,1,2,3,1,
11,2,0,1,2,3,1,1,2,2,1,
8,3,0,1,2,3,2,1,2,3,1,
8,3,0,1,2,3,2,1,2,3,1,
8,3,0,1,2,3,2,1,2,3,1,
8,3,0,1,2,3,2,1,2,3,1,
8,3,0,1,2,3,2,1,2,3,1,
8,3,0,1,2,3,2,1,2,3,1,
8,3,0,1,2,3,2,1,2,3,1,
8,3,0,1,2,3,2,1,2,3,1,
8,3,0,1,2,3,2,1,2,3,1,
8,3,0,1,2,3,2,1,2,3,1,
12,3,0,1,2,6,2,1,2,3,1,
8,3,0,1,2,3,2,1,2,3,1,
8,3,0,1,2,3,2,1,2,3,1,
8,3,0,2,2,3,2,2,2,3,1,
8,3,0,1,2,3,2,1,2,3,1,
8,2,0,1,2,3,1,1,2,3,1,
8,2,0,1,2,3,2,1,2,3,1,
8,2,0,1,2,3,2,1,2,3,1,
8,2,0,1,2,3,1,1,2,3,1,
8,3,0,1,2,3,1,1,2,3,1,
8,3,0,1,2,3,1,1,2,3,1,
8,2,0,1,2,3,2,1,2,3,1,
11,2,0,0,2,3,1,0,2,2,1,
8,2,0,1,2,3,2,1,2,3,1,
11,5,0,0,5,5,1,0,5,5,1,
8,3,0,1,2,3,2,1,2,3,1,
8,3,0,1,2,3,2,1,2,3,1,
8,3,0,1,2,3,1,1,2,3,1,
8,3,0,1,2,3,2,1,2,3,1,
8,2,0,1,2,3,2,1,2,3,1,
10,2,0,0,2,2,1,0,2,2,1,
8,3,0,1,2,3,2,1,2,3,1,
8,3,0,1,2,3,2,1,2,3,1,
8,3,0,1,2,3,2,1,2,3,1,
8,2,0,1,2,3,1,1,2,3,1,
8,3,0,1,2,3,1,1,2,3,1,
8,2,0,1,2,3,2,1,2,2,1,
8,2,0,1,2,3,2,1,2,2,1,
8,2,0,1,2,3,2,1,2,2,1,
8,2,0,1,2,3,1,1,2,2,1,
8,2,0,1,2,3,1,1,2,2,1,
8,3,0,1,3,3,2,1,2,3,2,
8,3,0,1,2,3,2,1,2,3,1,
8,3,0,1,2,3,2,1,2,3,1,
8,3,0,1,2,3,2,1,2,3,1,
8,3,0,1,2,3,2,1,2,3,1,
8,2,0,1,2,3,1,1,2,2,1,
8,2,0,1,2,3,2,1,2,3,1,
8,2,0,1,2,3,1,1,2,2,1,
8,2,0,1,2,3,2,1,2,3,1,
10,4,0,4,4,4,4,4,4,4,4,
9,2,0,1,2,3,2,1,2,2,1,
8,2,0,1,2,3,2,1,2,2,1,
8,2,0,1,2,3,1,1,2,2,1,
8,2,0,1,2,3,1,1,2,2,1,
8,2,0,1,2,3,2,1,2,2,1,
10,2,0,1,2,3,1,1,2,2,1,
8,2,0,1,2,3,2,1,2,2,1,
8,2,0,1,2,3,1,1,2,2,1,
8,2,0,1,2,3,1,1,2,2,1,
10,2,0,1,2,2,1,1,2,2,1,
8,2,0,1,2,3,2,1,2,2,1,
8,2,0,1,2,3,1,1,2,2,1,
8,2,0,1,2,3,1,1,2,2,1,
10,2,0,1,2,3,1,1,2,2,1,
8,2,0,1,2,3,1,1,2,2,1,
8,2,0,1,2,3,1,1,2,2,1,
8,2,0,1,2,3,1,1,2,2,1,
8,2,0,1,2,3,2,1,2,3,1,
9,2,0,1,2,3,2,1,2,2,1,
8,2,0,1,2,3,2,1,2,2,1,
8,2,0,1,2,3,1,1,2,2,1,
8,2,0,1,2,2,1,0,2,2,1,
8,2,0,0,2,2,1,0,2,2,1,
8,2,0,1,2,3,1,1,2,2,1,
8,2,0,1,2,3,1,1,2,2,1,
8,1,0,0,1,1,0,0,1,1,0,
8,2,0,1,2,3,2,0,2,3,1,
8,2,0,0,2,2,1,0,2,2,1,
10,4,0,1,4,5,1,1,4,4,1,
9,2,0,0,2,2,1,0,2,2,1,
8,2,0,1,2,3,1,1,2,2,1,
12,2,0,1,2,3,1,1,2,2,1,
8,2,0,0,2,2,1,0,2,2,1,
8,2,0,0,2,2,1,0,2,2,1,
8,2,0,1,2,3,1,0,2,2,1,
8,2,0,1,2,3,1,0,2,2,1,
10,2,0,1,2,3,1,0,2,2,1,
8,2,0,0,2,3,1,0,2,2,1,
8,2,0,2,2,3,1,2,2,2,1,
8,3,0,1,2,3,2,1,2,3,1,
8,2,0,1,2,2,1,0,2,2,1,
9,3,0,1,2,3,2,1,2,3,2,
9,3,0,0,2,4,1,0,2,3,1,
8,2,0,0,2,2,1,0,2,2,1,
8,2,0,0,2,2,1,0,2,2,1,
8,2,0,0,2,2,1,0,2,2,1,
8,2,0,1,2,2,1,0,2,2,1,
8,2,0,0,2,2,1,0,2,2,1,
8,2,0,0,2,2,1,0,2,2,1,
8,2,0,0,2,2,1,0,2,2,1,
12,2,0,0,2,2,1,0,1,2,1,
8,2,0,0,2,2,1,0,2,2,1,
8,2,0,0,2,2,1,0,2,2,1,
8,2,0,0,2,2,1,0,2,2,1,
8,2,0,0,2,2,1,0,2,2,1,
8,2,0,0,2,2,1,0,2,2,1,
10,4,0,1,5,4,4,1,5,4,1,
8,2,0,0,2,2,1,0,2,2,1,
8,2,0,0,2,2,1,0,2,2,1,
8,2,0,0,2,2,1,0,2,2,1,
8,2,0,0,2,2,1,0,2,2,1,
8,2,0,0,2,2,1,0,2,2,1,
9,3,0,1,3,3,2,1,2,3,2,
8,2,0,0,2,2,1,0,2,2,1,
8,2,0,0,2,2,1,0,2,2,1,
8,2,0,0,2,2,1,0,2,2,1,
8,2,0,0,2,2,1,0,2,2,1,
8,2,0,0,2,2,1,0,2,2,1,
8,2,0,0,2,2,1,0,2,2,1,
8,2,0,0,2,2,1,0,2,2,1,
21,2,0,0,2,2,1,0,2,2,1,
13,2,0,0,2,2,1,0,2,2,1,
8,2,0,0,2,2,1,0,2,2,1,
8,3,0,1,2,3,2,0,2,3,1,
8,2,0,0,2,2,1,0,2,2,1,
8,2,0,0,2,2,1,0,2,2,1,
8,2,0,0,2,2,1,0,2,2,1,
10,2,0,1,2,3,1,1,2,2,1,
8,2,0,1,2,3,1,1,2,2,1,
8,2,0,0,2,2,1,0,2,2,1,
8,2,0,0,2,2,1,0,2,2,1,
8,2,0,0,2,2,1,0,2,2,1,
8,2,0,0,2,2,1,0,2,2,1,
8,2,0,0,2,2,1,0,2,2,1,
8,2,0,0,2,2,1,0,2,2,1,
8,2,0,0,2,2,1,0,2,2,1,
8,2,0,0,2,2,1,0,2,2,1,
8,2,0,0,2,2,1,0,2,2,1,
8,2,0,0,2,2,1,0,2,2,1,
8,2,0,0,2,2,1,0,2,2,1,
8,2,0,0,2,2,1,0,2,2,1,
8,2,0,0,2,2,1,0,2,2,1,
27,2,0,0,2,2,1,0,2,2,1,
10,3,0,1,2,3,2,1,2,3,1,
8,2,0,0,2,2,1,0,2,2,1,
8,2,0,0,2,2,1,0,2,2,1,
8,2,0,0,2,2,1,0,2,2,1,
8,2,0,0,2,2,1,0,2,2,1,
9,2,0,0,2,2,1,0,2,2,1,
9,2,0,0,2,2,1,0,2,2,1,
9,2,0,0,2,2,1,0,2,2,1,
9,2,0,0,2,2,1,0,2,2,1,
9,2,0,0,2,2,1,0,2,2,1,
9,2,0,0,2,2,1,0,2,2,1,
9,2,0,0,2,2,1,0,2,2,1,
9,2,0,0,2,2,1,0,2,2,1,
9,2,0,0,2,2,1,0,2,2,1,
9,2,0,0,2,2,1,0,2,2,1,
9,2,0,0,2,2,1,0,2,2,1,
9,2,0,0,2,2,1,0,2,2,1,
9,2,0,0,2,2,1,0,2,2,1,
9,1,0,0,1,1,0,0,1,1,0,
9,2,0,0,2,3,1,0,2,2,1,
11,4,0,0,5,4,4,0,5,4,1,
9,2,0,0,2,2,1,0,2,2,1,
9,2,0,0,2,2,1,0,2,2,1,
9,2,0,0,2,2,1,0,2,2,1,
9,2,0,0,2,2,1,0,2,2,1,
8,1,0,0,1,1,0,0,1,1,0,
10,3,0,1,2,3,2,1,2,3,1,
9,2,0,0,2,2,1,0,2,2,1,
9,2,0,0,2,2,1,0,2,2,1,
9,2,0,0,2,2,1,0,2,2,1,
9,2,0,0,2,2,1,0,2,2,1,
29,23,21,0,22,23,22,0,22,23,21,
9,2,0,0,2,2,1,0,2,2,1,
9,2,0,0,2,2,1,0,2,2,1,
9,2,0,0,2,2,1,0,2,2,1,
9,2,0,0,2,2,1,0,2,2,1,
8,3,0,1,3,3,2,1,2,3,2,
11,5,0,0,2,5,1,0,2,5,1,
9,2,0,0,2,2,1,0,2,2,1,
9,2,0,0,2,2,1,0,2,2,1,
9,2,0,0,2,2,1,0,2,2,1,
9,2,0,0,2,2,1,0,2,2,1,
9,2,0,0,2,2,1,0,2,2,1,
9,2,0,0,2,2,1,0,2,2,1,
8,2,0,0,2,2,1,0,2,2,1,
9,2,0,0,2,2,1,0,2,2,1,
9,2,0,0,2,2,1,0,2,2,1,
9,2,0,0,2,2,1,0,2,2,1,
9,2,0,0,2,2,1,0,2,2,1,
11,3,0,1,3,3,2,1,2,3,2,
9,2,0,0,2,2,1,0,2,2,1,
9,2,0,0,2,2,1,0,2,2,1,
9,2,0,0,2,2,1,0,2,2,1,
9,2,0,0,2,2,1,0,2,2,1,
9,2,0,0,2,2,1,0,2,2,1,
9,2,0,0,2,2,1,0,2,2,1,
9,2,0,0,2,2,1,0,2,2,1,
17,3,0,1,2,3,2,1,2,3,1,
9,2,0,0,2,2,1,0,2,2,1,
9,2,0,0,2,2,1,0,2,2,1,
9,2,0,0,2,2,1,0,2,2,1,
9,2,0,0,2,2,1,0,2,2,1,
9,2,0,0,2,2,1,0,2,2,1,
9,2,0,0,2,2,1,0,2,2,1,
9,2,0,0,2,2,1,0,2,2,1,
9,2,0,0,2,2,1,0,2,2,1,
9,2,0,0,2,2,1,0,2,2,1,
9,2,0,0,2,2,1,0,2,2,1,
9,3,0,1,3,3,2,1,2,3,2,
9,3,0,1,3,3,2,1,2,3,2,
9,3,0,1,3,3,2,1,3,3,2,
30,24,22,0,23,24,23,0,23,24,22,
9,2,0,0,2,2,1,0,2,2,1,
9,3,0,1,3,3,2,1,2,3,2,
8,3,0,1,3,3,2,1,2,3,2,
28,2,0,0,21,2,1,0,2,2,1,
8,2,0,0,2,2,1,0,2,2,1,
11,5,0,1,5,5,5,1,5,5,2,
8,3,0,1,3,3,2,1,2,3,2,
8,3,0,1,3,3,2,1,2,3,2,
8,3,0,1,3,3,2,1,2,3,2,
9,2,0,0,2,2,1,0,2,2,1,
8,3,0,1,3,3,2,1,2,3,2,
10,2,0,1,2,3,1,1,2,3,1,
8,3,0,1,3,3,2,1,2,3,2,
8,3,0,1,3,3,2,1,2,3,2,
8,3,0,1,2,3,2,1,2,3,2,
8,3,0,1,3,3,2,1,2,3,2,
9,2,0,0,2,2,1,0,2,2,1,
9,2,0,0,2,2,1,0,2,2,1,
8,3,0,1,2,3,2,1,2,3,1,
9,2,0,0,2,2,1,0,2,2,1,
9,2,0,1,2,2,1,1,2,2,1,
9,3,0,1,3,3,2,1,2,3,2,
8,3,0,1,2,3,2,1,2,3,2,
9,2,0,0,2,2,1,0,1,2,1,
9,3,0,1,3,3,2,1,2,3,2,
8,3,0,1,3,3,2,1,2,3,2,
9,2,1,0,2,2,1,0,2,2,1,
12,2,0,0,2,2,1,0,2,2,1,
8,3,0,1,3,3,2,1,2,3,2,
8,3,0,1,2,3,2,1,2,3,2,
9,2,0,0,2,2,1,0,2,2,1,
9,0,0,0,1,0,0,0,1,0,0,
9,3,0,1,2,3,2,1,2,3,1,
9,3,0,1,2,3,2,1,2,3,2,
11,5,0,1,5,5,4,1,5,5,2,
8,3,0,1,2,3,2,1,2,3,1,
8,3,0,1,2,3,2,1,2,3,1,
9,1,0,0,1,2,1,0,1,1,0,
9,2,0,0,2,2,1,0,2,2,1,
9,2,0,0,2,2,1,0,1,2,1,
9,3,0,1,3,3,2,1,2,3,2,
9,2,0,0,2,2,1,0,1,2,1,
9,3,0,1,2,3,2,1,2,3,1,
8,3,0,1,2,3,1,1,2,3,1,
9,2,0,0,2,2,1,0,1,2,1,
8,3,0,1,2,3,2,1,2,3,1,
8,2,0,0,2,2,1,0,1,2,0,
10,2,0,0,2,2,1,0,2,2,1,
10,4,0,1,2,4,2,1,2,4,1,
8,3,0,1,2,3,2,1,2,3,1,
9,3,0,1,3,3,2,1,2,3,2,
8,3,0,1,2,3,2,1,2,3,1,
9,3,0,1,2,3,2,1,2,3,1,
9,3,0,1,2,3,2,1,2,3,1,
9,3,0,1,2,3,2,1,2,3,1,
8,3,0,1,2,3,2,1,2,3,1,
9,2,0,0,2,2,1,0,2,2,1,
8,3,0,1,2,3,2,1,2,3,1,
8,3,0,1,2,3,2,1,2,3,1,
8,3,0,1,2,3,2,1,2,3,2,
10,3,0,1,3,3,2,1,2,3,2,
8,3,0,1,2,3,2,1,2,3,1,
8,3,0,1,2,3,2,1,2,3,1,
8,3,0,1,2,3,2,1,2,3,1,
8,3,0,1,2,3,2,1,2,3,1,
9,3,0,1,2,3,2,1,2,3,1,
8,3,0,1,2,3,2,1,2,3,1,
9,3,0,1,3,3,2,1,2,3,2,
9,3,0,4,2,3,2,4,2,3,1,
8,3,0,1,2,3,2,1,2,3,1,
8,3,0,1,2,3,2,1,2,3,1,
8,3,0,1,2,3,2,1,2,3,1,
8,3,0,1,2,3,2,1,2,3,1,
8,3,0,1,2,3,2,1,2,3,1,
8,3,0,1,2,3,2,1,2,3,1,
8,3,0,1,2,3,2,1,2,3,1,
8,3,0,1,2,3,2,1,2,3,1,
8,3,0,1,2,3,2,1,2,3,1,
8,3,0,1,2,3,2,1,2,3,1,
8,3,0,1,2,3,2,1,2,3,1,
8,3,0,1,2,3,2,1,2,3,1,
8,3,0,1,2,3,2,1,2,3,1,
8,3,0,1,2,3,2,1,2,3,1,
8,3,0,1,2,3,2,1,2,3,1,
8,3,0,1,2,3,2,1,2,3,2,
9,3,0,1,2,3,2,1,2,3,1,
9,3,0,1,2,3,2,1,2,3,1,
8,3,0,1,2,3,2,1,2,3,1,
11,5,0,1,5,5,5,1,5,5,5,
8,3,0,1,2,3,2,1,2,3,1,
8,3,0,1,2,3,2,1,2,3,1,
8,3,0,1,2,3,2,1,2,3,1,
8,3,0,1,2,3,2,1,2,3,1,
8,3,0,1,2,3,2,1,2,3,1,
10,2,0,0,2,2,1,0,2,2,1,
8,3,0,1,2,3,2,1,2,3,1,
8,3,0,1,2,3,2,1,2,3,1,
9,3,0,1,2,3,2,1,2,3,1,
8,3,0,1,2,3,2,1,2,3,1,
9,3,0,1,3,3,2,1,2,3,2,
8,2,0,0,2,2,1,0,1,2,0,
9,3,0,1,3,3,2,1,2,3,1,
9,3,0,1,2,3,2,1,2,3,1,
8,3,0,1,2,3,2,1,2,3,1,
8,3,0,1,2,3,2,1,2,3,1,
8,3,0,1,2,3,2,1,2,3,1,
8,3,0,1,2,3,2,1,2,3,1,
8,3,0,1,2,3,2,1,2,3,1,
8,3,0,1,2,3,2,1,2,3,1,
8,3,0,1,2,3,2,1,2,3,1,
8,3,0,1,2,3,2,1,2,3,1,
8,3,0,1,2,3,2,1,2,3,1,
8,3,0,1,2,3,2,1,2,3,1,
8,3,0,1,2,3,2,1,2,3,1,
9,1,0,0,1,1,0,0,1,0,0,
8,3,0,1,2,3,2,1,2,3,1,
8,3,0,1,2,3,2,1,2,3,1,
10,4,0,1,4,5,4,1,4,5,1,
8,3,0,1,2,3,2,1,2,3,1,
8,3,0,1,2,3,2,1,2,3,1,
8,3,0,1,2,3,2,1,2,3,1,
8,3,0,1,2,3,2,1,2,3,1,
8,3,0,1,2,3,2,1,2,3,1,
8,3,0,1,2,3,2,1,2,3,1,
8,3,0,1,2,3,2,1,2,3,1,
8,3,0,1,2,3,2,1,2,3,1,
8,3,0,1,2,3,2,1,2,3,1,
8,3,0,1,2,3,2,1,2,3,1,
8,3,0,1,2,3,2,1,2,3,1,
8,3,0,1,2,3,2,1,2,3,1,
11,2,0,1,2,3,1,1,2,2,1,
11,5,0,1,2,6,2,1,2,5,1,
8,3,0,1,2,3,2,1,2,3,1,
8,3,0,1,2,3,2,1,2,3,1,
8,2,0,1,2,3,2,1,2,3,1,
8,3,0,1,2,3,1,1,2,3,1,
8,2,0,1,2,3,2,1,2,3,1,
8,3,0,1,2,3,2,1,2,3,1,
8,3,0,1,2,3,2,1,2,3,1,
8,3,0,1,2,3,2,1,2,3,1,
8,3,0,1,2,3,2,1,2,3,1,
8,3,0,1,2,3,2,1,2,3,1,
8,2,0,1,2,3,1,1,2,3,1,
11,2,0,1,2,3,1,1,2,2,1,
8,2,0,1,2,3,1,1,2,3,1,
8,2,0,1,2,3,1,1,2,3,1,
8,2,0,1,2,3,2,1,2,3,1,
10,4,0,1,4,4,4,1,4,4,1,
8,2,0,1,2,3,1,1,2,3,1,
8,2,0,1,2,3,1,1,2,3,1,
8,2,0,1,2,3,2,1,2,3,1,
10,2,0,1,2,3,1,1,2,3,1,
8,2,0,1,2,3,1,1,2,3,1,
8,2,0,1,2,3,1,1,2,3,1,
8,3,0,1,2,3,2,1,2,3,1,
8,2,0,1,2,3,1,1,2,3,1,
9,3,0,1,2,3,2,1,2,3,1,
11,4,0,1,2,4,2,1,2,4,1,
8,2,0,1,2,3,1,1,2,2,1,
8,3,0,1,2,3,2,1,2,3,1,
8,2,0,1,2,3,1,1,2,2,1,
8,2,0,1,2,3,1,1,2,3,1,
8,2,0,1,2,3,1,1,2,3,1,
8,2,0,1,2,3,1,1,2,3,1,
15,2,0,0,2,2,1,0,2,2,1,
8,2,0,1,2,3,1,1,2,3,1,
8,3,0,1,2,3,1,1,2,3,1,
8,2,0,1,2,3,1,1,2,3,1,
8,2,0,1,2,3,1,1,2,3,1,
8,3,0,1,2,3,2,1,2,3,1,
21,2,0,1,2,3,2,1,2,2,1,
8,3,0,1,2,3,2,1,2,3,1,
8,2,0,1,2,3,1,1,2,3,1,
8,2,0,1,2,3,1,1,2,2,1,
8,2,0,1,2,3,1,1,2,2,1,
8,2,0,1,2,3,1,1,2,3,1,
8,2,0,1,2,3,1,1,2,2,1,
9,3,0,4,2,3,2,3,2,3,1,
8,2,0,1,2,3,1,1,2,3,1,
8,3,0,1,2,3,1,1,2,3,1,
8,2,0,1,2,3,1,1,2,3,1,
8,2,0,1,2,3,1,1,2,3,1,
8,2,0,1,2,3,1,1,2,2,1,
8,2,0,1,2,3,1,1,2,3,1,
8,2,0,1,2,3,1,1,2,2,1,
8,2,0,1,2,3,1,1,2,2,1,
8,2,0,1,2,3,1,1,2,2,1,
10,2,0,1,2,3,1,1,2,3,1,
8,2,0,1,2,3,1,1,2,2,1,
8,2,0,1,2,3,1,1,2,3,1,
8,2,0,1,2,3,1,1,2,2,1,
8,2,0,1,2,3,1,1,2,2,1,
8,2,0,1,2,3,1,1,2,3,1,
8,2,0,1,2,3,1,1,2,3,1,
8,2,0,1,2,3,1,1,2,2,1,
8,2,0,1,2,3,1,1,2,2,1,
8,3,0,1,2,3,2,1,2,3,1,
10,0,0,0,1,0,0,0,1,0,0,
8,2,0,1,2,3,1,1,2,2,1,
8,2,0,1,2,3,1,1,2,2,1,
8,2,0,1,2,3,1,1,2,2,1,
9,2,0,1,2,3,1,1,2,2,1,
8,2,0,1,2,3,1,1,2,2,1,
9,3,0,1,3,3,2,1,2,3,2,
8,2,0,1,2,3,1,1,2,2,1,
8,2,0,1,2,3,1,1,2,2,1,
8,2,0,1,2,3,1,1,2,2,1,
8,2,0,1,2,3,1,1,2,2,1,
8,2,0,1,2,3,1,1,2,2,1,
8,2,0,0,1,2,1,0,1,2,0,
8,2,0,1,2,3,1,1,2,2,1,
8,2,0,1,2,3,1,1,2,2,1,
8,2,0,1,2,2,1,1,2,2,1,
8,2,0,1,2,3,1,1,2,2,1,
11,2,0,1,2,6,1,1,2,2,1,
8,2,0,1,2,3,1,1,2,2,1,
8,2,0,1,2,3,1,1,2,2,1,
8,2,0,1,2,3,1,1,2,2,1,
8,2,0,1,2,3,1,1,2,2,1,
8,2,0,1,2,3,1,1,2,2,1,
8,2,0,1,2,2,1,1,2,2,1,
8,2,0,1,2,3,2,0,2,2,1,
8,2,0,1,2,2,1,0,2,2,1,
8,1,0,0,1,2,0,0,1,1,0,
8,2,0,1,2,3,1,0,2,2,1,
8,2,0,1,2,3,1,1,2,2,1,
11,2,0,0,2,3,1,0,2,2,1,
8,2,0,1,2,2,1,0,2,2,1,
8,2,0,1,2,3,1,0,2,2,1,
8,2,0,1,2,3,2,1,2,2,1,
8,2,0,1,2,2,1,0,2,2,1,
8,2,0,1,2,3,1,0,2,2,1,
10,2,0,0,2,2,1,0,2,2,1,
8,2,0,1,2,3,1,1,2,2,1,
11,2,0,1,2,2,1,0,2,2,1,
8,2,0,1,2,3,1,1,2,2,1,
8,2,0,1,2,3,1,1,2,2,1,
8,2,0,1,2,3,1,1,2,2,1,
13,2,0,0,2,2,1,0,1,2,1,
8,2,0,1,2,3,1,1,2,2,1,
8,2,0,1,2,2,1,1,2,2,1,
8,2,0,0,2,2,1,0,2,2,1,
8,2,0,1,2,2,1,0,2,2,1,
8,2,0,1,2,3,1,1,2,2,1,
9,2,0,0,2,2,1,0,2,2,1,
8,2,0,0,2,2,1,0,2,2,1,
8,2,0,1,2,3,1,0,2,2,1,
8,2,0,0,2,2,1,0,2,2,1,
8,2,0,0,2,2,1,0,2,2,1,
8,2,0,1,2,3,1,1,2,2,1,
8,2,0,0,2,2,1,0,2,2,1,
8,2,0,0,2,2,1,0,2,2,1,
8,2,0,0,2,2,1,0,2,2,1,
8,2,0,0,2,2,1,0,2,2,1,
11,2,0,0,2,2,1,0,2,2,1,
8,2,0,0,2,2,1,0,2,2,1,
8,2,0,0,2,2,1,0,2,2,1,
8,2,0,1,2,2,1,1,2,2,1,
8,2,0,0,2,2,1,0,2,2,1,
8,2,0,0,2,2,1,0,2,2,1,
11,2,0,0,2,2,1,0,2,2,1,
10,2,0,0,2,2,1,0,2,2,1,
8,2,0,0,2,2,1,0,2,2,1,
8,2,0,0,2,2,1,0,2,2,1,
8,2,0,0,2,2,1,0,2,2,1,
8,2,0,1,2,2,1,0,2,2,1,
8,2,0,0,2,2,1,0,2,2,1,
8,2,0,0,2,2,1,0,2,2,1,
8,2,0,0,2,2,1,0,2,2,1,
8,2,0,0,2,2,1,0,2,2,1,
8,2,0,0,2,2,1,0,2,2,1,
8,2,0,0,2,2,1,0,2,2,1,
8,2,0,0,2,2,1,0,2,2,1,
8,2,0,0,2,2,1,0,2,2,1,
8,2,0,0,2,2,1,0,2,2,1,
8,2,0,0,2,2,1,0,2,2,1,
8,2,0,0,2,2,1,0,2,2,1,
8,2,0,0,2,2,1,0,2,2,1,
8,2,0,0,2,2,1,0,2,2,1,
8,2,0,0,2,2,1,0,2,2,1,
12,4,0,0,4,4,4,0,4,4,4,
8,2,0,0,2,2,1,0,2,2,1,
8,2,0,0,2,2,1,0,2,2,1,
8,2,0,0,2,2,1,0,2,2,1,
10,4,0,0,2,4,1,0,2,4,1,
8,2,0,0,2,2,1,0,2,2,1,
10,3,0,1,3,3,2,1,2,3,1,
8,2,0,0,2,2,1,0,2,2,1,
8,2,0,0,2,2,1,0,2,2,1,
8,2,0,0,2,2,1,0,2,2,1,
8,2,0,0,2,2,1,0,2,2,1,
8,2,0,0,2,2,1,0,2,2,1,
8,2,0,0,2,2,1,0,2,2,1,
8,2,0,1,2,3,2,1,2,3,1,
8,2,0,0,2,2,1,0,2,2,1,
8,2,0,0,2,2,1,0,2,2,1,
9,2,0,0,2,2,1,0,2,2,1,
10,4,0,0,2,4,1,0,2,4,1,
8,2,0,0,2,2,1,0,2,2,1,
8,2,0,0,2,2,1,0,2,2,1,
8,2,0,0,2,2,1,0,2,2,1,
8,2,0,0,2,2,1,0,2,2,1,
8,2,0,0,2,2,1,0,2,2,1,
8,2,0,0,2,2,1,0,2,2,1,
8,2,0,0,2,2,1,0,2,2,1,
8,2,0,0,2,2,1,0,2,2,1,
8,2,0,0,2,2,1,0,2,2,1,
8,2,0,0,2,2,1,0,2,2,1,
8,2,0,0,2,2,1,0,2,2,1,
10,3,0,1,3,3,2,1,2,3,2,
8,2,0,0,2,2,1,0,2,2,1,
8,2,0,0,2,2,1,0,2,2,1,
8,2,0,0,2,2,1,0,2,2,1,
8,2,0,0,2,2,1,0,2,2,1,
8,2,0,0,2,2,1,0,2,2,1,
8,2,0,0,2,2,1,0,2,2,1,
8,2,0,0,2,2,1,0,2,2,1,
9,2,0,3,2,2,1,3,2,2,1,
8,2,0,0,2,2,1,0,2,2,1,
8,2,0,0,2,2,1,0,2,2,1,
8,2,0,0,2,2,1,0,2,2,1,
8,2,0,0,2,2,1,0,2,2,1,
8,2,0,0,2,2,1,0,2,2,1,
8,2,0,0,2,3,1,0,2,2,1,
8,2,0,0,2,2,1,0,2,2,1,
8,2,0,0,2,2,1,0,2,2,1,
8,2,0,0,2,2,1,0,2,2,1,
11,2,0,0,2,2,1,0,2,2,1,
8,2,0,0,2,2,1,0,2,2,1,
10,2,0,0,2,2,1,0,2,2,1,
8,2,0,0,2,2,1,0,2,2,1,
8,2,0,0,2,2,1,0,2,2,1,
8,2,0,0,2,2,1,0,2,2,1,
8,2,0,0,2,2,1,0,2,2,1,
8,2,0,0,2,2,1,0,2,2,1,
8,2,0,0,2,2,1,0,2,2,1,
8,2,0,0,2,2,1,0,2,2,1,
8,2,0,0,2,2,1,0,2,2,1,
10,2,0,0,2,2,1,0,2,2,1,
8,2,0,0,2,2,1,0,2,2,1,
8,2,0,0,2,2,1,0,2,2,1,
8,2,0,0,2,2,1,0,2,2,1,
8,2,0,0,2,2,1,0,1,2,1,
11,2,0,0,2,2,1,0,1,2,1,
8,2,0,0,2,2,1,0,2,2,1,
8,2,0,0,2,2,1,0,2,2,1,
8,2,0,0,2,2,1,0,2,2,1,
9,2,0,0,2,2,1,0,2,2,1,
8,2,0,0,2,2,1,0,2,2,1,
8,2,0,0,2,2,1,0,2,2,1,
13,2,0,0,2,2,1,0,2,2,1,
12,2,0,0,2,2,1,0,2,2,1,
8,2,0,0,2,2,1,0,2,2,1,
8,2,0,0,2,2,1,0,2,2,1,
8,2,0,0,2,2,1,0,2,2,1,
8,2,0,0,2,2,1,0,2,2,1,
8,2,0,0,2,2,1,0,2,2,1,
8,2,0,0,2,2,1,0,2,2,1,
8,2,0,2,2,2,1,2,2,2,1,
8,2,0,0,2,2,1,0,2,2,1,
8,2,0,0,2,2,1,0,2,2,1,
8,2,0,0,2,2,1,0,2,2,1,
8,2,0,0,2,2,1,0,2,2,1,
9,0,0,0,1,0,0,0,1,0,0,
8,2,0,0,2,2,1,0,1,2,1,
8,2,0,0,2,2,1,0,1,2,1,
26,4,0,20,2,5,1,20,1,4,1,
8,2,0,0,2,2,1,0,2,2,1,
8,2,0,0,2,2,1,0,2,2,1,
8,2,0,0,2,3,1,0,2,2,1,
8,2,0,0,2,2,1,0,2,2,1,
8,2,0,0,2,2,1,0,1,2,1,
8,3,0,1,3,3,2,1,2,3,2,
8,2,0,0,2,2,1,0,2,2,1,
8,2,0,0,2,2,1,0,1,2,1,
8,2,0,0,2,2,1,0,1,2,1,
8,2,0,0,2,2,1,0,1,2,1,
8,2,0,0,2,2,1,0,1,2,1,
8,2,0,0,2,2,1,0,1,2,1,
8,2,0,0,2,2,1,0,2,2,1,
11,3,0,1,3,6,2,1,2,3,2,
9,3,0,1,2,3,2,1,2,3,1,
8,2,0,0,2,2,1,0,1,2,1,
11,2,0,0,2,2,1,0,1,2,1,
8,2,0,0,2,2,1,0,1,2,1,
8,3,0,1,3,3,2,1,2,3,2,
8,3,0,1,3,3,2,1,2,3,2,
9,3,0,1,3,3,2,1,2,3,2,
8,2,0,0,2,2,1,0,2,2,1,
8,2,0,0,2,2,1,0,1,2,1,
8,2,0,1,2,3,1,1,2,2,1,
8,2,0,0,2,2,1,0,1,2,1,
8,2,0,0,2,2,1,0,1,2,1,
8,3,0,1,3,3,2,1,2,3,2,
8,2,0,0,1,2,1,0,1,2,1,
8,2,0,0,2,2,1,0,1,2,1,
8,3,0,1,3,3,2,1,2,3,2,
8,3,0,1,3,3,2,1,2,3,2,
8,2,0,0,2,2,1,0,1,2,1,
8,3,0,1,3,3,2,1,2,3,2,
8,2,0,2,1,2,1,2,1,2,1,
8,2,0,0,2,2,1,0,2,2,1,
8,3,0,1,3,3,2,1,2,3,2,
8,3,0,1,3,3,2,1,2,3,2,
8,3,0,1,2,3,2,1,2,3,2,
8,3,0,1,3,3,2,1,2,3,2,
8,2,0,0,1,2,1,0,1,2,1,
8,3,0,1,3,3,2,1,2,3,2,
8,2,0,0,2,2,1,0,1,2,1,
8,2,0,0,2,2,1,0,1,2,1,
9,2,0,0,2,2,1,0,1,2,1,
8,2,0,0,1,2,1,0,1,2,1,
8,2,0,0,1,2,1,0,1,2,1,
8,2,0,0,2,2,1,0,1,2,1,
8,2,0,0,1,2,1,0,1,2,1,
8,2,0,0,1,2,1,0,1,2,0,
8,2,0,0,1,2,1,0,1,2,0,
11,2,0,0,1,2,1,0,1,2,0,
8,3,0,1,2,3,2,1,2,3,2,
8,2,0,0,1,2,1,0,1,2,0,
10,4,0,0,4,4,1,0,4,4,0,
8,2,0,0,2,2,1,0,1,2,1,
8,2,0,0,1,2,1,0,1,2,1,
8,3,0,1,3,3,2,1,2,3,2,
8,2,0,0,1,2,1,0,1,2,0,
8,2,0,0,2,2,1,0,1,2,1,
10,2,0,1,2,2,1,0,2,2,1,
8,2,0,0,1,2,1,0,1,2,0,
8,2,0,0,2,3,1,0,2,2,1,
8,2,0,0,1,2,1,0,1,2,0,
8,3,0,1,2,3,2,1,2,3,2,
8,2,0,0,2,2,1,0,1,2,0,
8,2,0,0,1,2,1,0,1,2,1,
9,3,0,1,2,3,2,1,2,3,1,
8,3,0,1,3,3,2,1,2,3,2,
8,2,0,0,1,2,1,0,1,2,0,
8,2,0,0,1,2,1,0,1,2,0,
11,2,0,0,1,5,1,0,1,2,0,
8,2,0,0,1,2,1,0,1,2,0,
8,2,0,0,1,2,1,0,1,2,1,
8,2,0,0,1,2,1,0,1,2,0,
8,3,0,1,3,3,2,1,2,3,2,
8,3,0,1,2,3,2,1,2,3,2,
8,2,0,0,1,2,1,0,1,2,0,
8,2,0,0,1,2,1,0,1,2,0,
8,3,0,1,2,3,2,1,2,3,1,
8,2,0,0,1,2,1,0,1,2,0,
8,2,0,0,2,2,1,0,1,2,0,
12,2,0,0,1,2,1,0,1,2,0,
11,3,0,1,3,3,2,1,2,3,2,
8,2,0,0,1,2,1,0,1,2,0,
8,2,0,0,1,2,1,0,1,2,0,
8,2,0,0,1,2,1,0,1,2,0,
8,3,0,1,2,3,2,1,2,3,1,
8,2,0,0,1,2,1,0,1,2,0,
8,2,0,2,1,2,1,2,1,2,0,
8,2,0,0,1,2,1,0,1,2,0,
10,2,0,0,1,2,1,0,1,2,0,
8,2,0,0,1,2,1,0,1,2,0,
8,2,0,0,1,2,1,0,1,2,0,
8,2,0,0,1,2,1,0,1,2,0,
8,2,0,0,1,2,1,0,1,2,0,
10,3,0,1,2,3,2,1,2,3,1,
10,4,0,0,1,4,1,0,1,4,0,
8,2,0,0,1,2,1,0,1,2,0,
8,3,0,1,3,3,2,1,2,3,2,
8,2,0,0,1,2,1,0,1,2,0,
8,3,0,1,3,3,2,1,2,3,2,
8,2,0,0,1,2,1,0,1,2,0,
8,3,0,1,2,3,2,1,2,3,1,
8,2,0,0,1,2,1,0,1,2,0,
8,2,0,0,1,2,1,0,1,2,0,
8,2,0,0,1,2,1,0,1,2,0,
8,2,0,0,1,2,1,0,1,2,0,
8,2,0,0,1,2,1,0,1,2,0,
11,2,0,1,2,3,1,1,2,3,1,
8,2,0,0,1,2,1,0,1,2,0,
8,2,0,0,1,2,1,0,1,2,0,
8,2,0,0,1,2,1,0,1,2,0,
8,2,0,0,1,2,1,0,1,2,0,
8,2,0,0,1,2,1,0,1,2,0,
8,3,0,1,2,3,2,1,2,3,1,
8,2,0,0,1,2,1,0,1,2,0,
9,3,0,4,2,3,2,4,2,3,1,
8,3,0,1,2,3,2,1,2,3,1,
8,3,0,1,2,3,2,1,2,3,1,
8,3,0,1,2,3,2,1,2,3,1,
8,2,0,0,1,2,1,0,1,2,0,
9,2,0,0,1,2,1,0,1,2,0,
8,2,0,0,1,2,1,0,1,2,0,
8,3,0,1,2,3,2,1,2,3,1,
8,2,0,0,2,2,1,0,1,2,1,
8,3,0,1,2,3,2,1,2,3,1,
8,2,0,0,1,2,1,0,1,2,0,
8,3,0,1,2,3,2,1,2,3,1,
9,2,0,0,1,2,1,0,1,2,0,
9,2,0,0,1,2,1,0,1,2,0,
9,2,0,0,1,2,1,0,1,2,0,
9,3,0,1,2,3,2,1,2,3,1,
9,2,0,0,1,2,1,0,1,2,0,
9,3,0,1,2,3,2,1,2,3,1,
9,3,0,1,2,3,2,1,2,3,1,
11,3,0,1,2,3,2,1,2,3,1,
11,5,0,1,5,5,5,1,5,5,1,
9,3,0,1,2,3,2,1,2,3,1,
9,2,0,0,1,2,1,0,1,2,0,
9,2,0,0,1,2,1,0,1,2,0,
9,2,0,0,1,2,1,0,1,2,0,
9,3,0,1,2,3,2,1,2,3,1,
11,2,0,0,2,2,1,0,1,2,1,
9,3,0,1,2,3,2,1,2,3,1,
9,3,0,1,2,3,2,1,2,3,1,
9,3,0,1,2,3,1,1,2,3,1,
9,3,0,1,2,3,2,1,2,3,1,
9,3,0,1,2,3,2,1,2,3,1,
9,3,0,1,2,3,2,1,2,3,1,
9,3,0,1,2,3,2,1,2,3,1,
9,3,0,1,2,3,2,1,2,3,1,
9,3,0,1,2,3,2,1,2,3,1,
9,3,0,1,2,3,2,1,2,3,1,
8,2,0,1,2,3,1,1,2,3,1,
9,3,0,1,2,3,2,1,2,3,1,
9,3,0,1,2,3,2,1,2,3,1,
9,3,0,1,2,3,2,1,2,3,1,
9,3,0,1,2,3,2,1,2,3,1,
9,2,0,0,1,2,1,0,1,2,0,
9,3,0,1,2,3,2,1,2,3,1,
8,2,0,0,2,2,1,0,2,2,1,
9,2,0,0,1,2,1,0,1,2,0,
10,4,0,4,4,4,4,4,4,4,4,
8,2,0,1,2,3,1,1,2,3,1,
9,3,0,1,2,3,2,1,2,3,1,
9,2,0,1,2,3,1,1,2,3,1,
12,3,0,1,2,3,2,1,2,3,1,
9,2,0,1,2,3,1,1,2,3,1,
10,3,0,1,2,3,2,1,2,3,1,
30,24,0,1,2,24,2,1,2,24,1,
8,2,0,1,2,3,1,1,2,3,1,
9,3,0,1,2,3,2,1,2,3,1,
8,2,0,1,2,3,1,1,2,3,1,
8,2,0,1,2,3,1,1,2,2,1,
9,2,0,1,2,3,1,1,2,3,1,
8,2,0,1,2,3,1,1,2,2,1,
8,2,0,1,2,3,1,1,2,3,1,
8,2,0,1,2,3,1,1,2,2,1,
8,2,0,1,2,3,1,1,2,2,1,
8,2,0,1,2,3,1,1,2,3,1,
8,2,0,1,2,3,1,1,2,2,1,
8,2,0,1,2,3,1,1,2,2,1,
8,2,0,0,2,2,1,0,2,2,1,
8,2,0,1,2,3,1,1,2,2,1,
9,2,0,1,2,3,1,1,2,3,1,
10,2,0,1,2,3,1,1,2,2,1,
9,2,0,1,2,3,1,1,2,3,1,
8,2,0,1,2,3,1,1,2,3,1,
9,2,0,1,2,3,1,1,2,3,1,
8,2,0,1,2,3,1,1,2,3,1,
8,2,0,1,2,3,1,1,2,2,1,
11,2,0,0,2,2,1,0,1,2,1,
9,2,0,1,2,3,1,1,2,2,1,
8,2,0,1,2,3,1,1,2,2,1,
9,3,0,1,2,3,1,1,2,3,1,
11,2,0,1,2,3,1,1,2,3,1,
9,2,0,1,2,3,1,1,2,3,1,
8,2,0,1,2,3,1,1,2,2,1,
8,2,0,1,2,3,1,1,2,2,1,
10,2,0,1,2,3,1,1,2,2,1,
8,2,0,1,2,3,1,1,2,2,1,
8,2,0,1,2,3,1,1,2,2,1,
8,2,0,1,2,3,1,1,2,2,1,
8,2,0,1,2,3,1,1,2,2,1,
9,2,0,0,2,2,1,0,2,2,1,
9,3,0,1,2,3,2,1,2,3,1,
8,2,0,1,2,3,1,1,2,2,1,
8,2,0,1,2,3,1,1,2,2,1,
10,4,0,1,4,4,1,1,4,4,1,
8,2,0,1,2,3,2,1,2,2,1,
8,2,0,1,2,3,1,1,2,2,1,
8,2,0,1,2,3,1,1,2,2,1,
9,2,0,1,2,3,1,1,2,2,1,
8,2,0,1,2,3,1,1,2,2,1,
8,2,0,1,2,3,1,1,2,2,1,
8,2,0,1,2,3,1,1,2,2,1,
8,2,0,1,2,3,1,1,2,2,1,
8,2,0,1,2,3,1,1,2,2,1,
8,2,0,1,2,3,1,1,2,2,1,
9,0,0,0,1,1,0,0,1,0,0,
8,2,0,1,2,3,1,1,2,2,1,
8,2,0,1,2,3,1,1,2,2,1,
11,5,0,1,2,5,1,1,2,5,1,
8,2,0,1,2,3,1,1,2,2,1,
9,2,0,1,2,3,1,1,2,3,1,
9,3,0,1,2,3,2,1,2,3,1,
9,1,0,0,1,2,1,0,1,2,0,
8,2,0,1,2,3,1,1,2,2,1,
8,2,0,1,2,3,1,1,2,2,1,
8,2,0,1,2,2,1,1,2,2,1,
9,2,0,1,2,3,1,1,2,3,1,
9,2,0,1,2,3,1,1,2,3,1,
10,2,0,0,2,2,1,0,2,2,1,
9,2,0,1,2,3,2,1,2,3,1,
8,2,0,1,2,3,1,1,2,2,1,
8,2,0,1,2,3,1,1,2,2,1,
12,2,0,1,2,6,1,1,2,6,1,
8,2,0,1,2,3,1,1,2,2,1,
28,2,0,1,2,3,1,1,22,2,1,
8,2,0,1,2,2,1,0,2,2,1,
8,2,0,1,2,3,1,1,2,2,1,
8,2,0,1,2,3,1,1,2,2,1,
9,3,0,1,2,3,1,1,2,3,1,
8,2,0,1,2,3,1,1,2,2,1,
9,2,0,1,2,3,1,1,2,2,1,
12,2,0,1,2,3,1,1,2,2,1,
8,2,0,1,2,3,1,1,2,2,1,
8,2,0,0,2,2,1,0,2,2,1,
10,3,0,1,2,3,2,1,2,3,1,
8,2,0,0,2,3,1,0,2,2,1,
8,2,0,0,2,2,1,0,2,2,1,
8,2,0,1,2,2,1,0,2,2,1,
8,2,0,0,2,2,1,0,2,2,1,
10,2,0,1,2,3,1,1,2,2,1,
8,2,0,1,2,2,1,0,2,2,1,
8,2,0,1,2,2,1,0,2,2,1,
10,2,0,3,2,2,1,3,2,2,1,
8,2,0,0,2,2,1,0,2,2,1,
8,2,0,1,2,3,1,1,2,2,1,
8,2,0,1,2,2,1,0,2,2,1,
8,2,0,1,2,2,1,1,2,2,1,
8,3,0,1,3,3,2,1,2,3,2,
8,2,0,1,2,3,1,0,2,2,1,
8,2,0,1,2,2,1,1,2,2,1,
8,2,0,1,2,2,1,1,2,2,1,
8,2,0,1,2,2,1,0,2,2,1,
15,2,0,1,2,2,1,0,2,2,1,
8,2,0,1,2,2,1,1,2,2,1,
8,2,0,0,2,2,1,0,2,2,1,
9,2,0,1,2,3,1,0,2,2,1,
8,2,0,0,2,2,1,0,2,2,1,
8,2,0,0,2,2,1,0,2,2,1,
8,2,0,1,2,3,2,1,2,2,1,
8,2,0,0,2,3,1,0,2,2,1,
8,2,0,0,2,2,1,0,2,2,1,
8,2,0,1,2,3,1,1,2,2,1,
8,2,0,1,2,2,1,0,2,2,1,
8,2,0,0,2,2,1,0,2,2,1,
8,2,0,0,2,2,1,0,2,2,1,
8,2,0,0,2,2,1,0,2,2,1,
8,2,0,0,2,2,1,0,2,2,1,
8,2,0,0,2,2,1,0,2,2,1,
11,3,0,3,3,3,2,3,2,3,2,
8,2,0,0,2,2,1,0,2,2,1,
8,2,0,0,2,2,1,0,2,2,1,
8,2,0,0,2,2,1,0,2,2,1,
8,2,0,0,2,2,1,0,2,2,1,
8,2,0,0,2,2,1,0,2,2,1,
8,2,0,0,2,2,1,0,2,2,1,
8,2,0,0,2,2,1,0,2,2,1,
8,2,0,0,2,2,1,0,2,2,1,
8,2,0,0,2,2,1,0,2,2,1,
10,2,0,1,2,3,1,1,2,3,1,
8,2,0,0,2,2,1,0,2,2,1,
8,2,0,0,2,2,1,0,2,2,1,
8,2,0,0,2,2,1,0,2,2,1,
8,2,0,0,2,2,1,0,2,2,1,
8,2,0,0,2,2,1,0,2,2,1,
8,2,0,0,2,2,1,0,2,2,1,
8,2,0,0,2,2,1,0,2,2,1,
8,2,0,0,2,2,1,0,2,2,1,
8,2,0,0,2,2,1,0,2,2,1,
23,4,0,0,5,4,4,0,5,4,4,
11,2,0,1,2,3,1,1,2,2,1,
8,2,0,0,2,2,1,0,2,2,1,
9,2,0,1,2,2,1,0,2,2,1,
8,2,0,0,2,2,1,0,2,2,1,
8,2,0,0,2,2,1,0,2,2,1,
10,2,0,1,2,3,1,1,2,2,1,
8,2,0,0,2,2,1,0,2,2,1,
9,2,0,1,2,3,2,0,2,2,1,
8,2,0,1,2,2,1,0,2,2,1,
9,2,0,0,2,2,1,0,2,2,1,
8,2,0,0,2,2,1,0,2,2,1,
8,2,0,0,2,2,1,0,2,2,1,
12,2,0,0,2,2,1,0,2,2,1,
8,2,0,0,2,2,1,0,2,2,1,
8,2,0,0,2,2,1,0,2,2,1,
8,2,0,0,2,2,1,0,2,2,1,
11,2,0,0,2,5,1,0,2,2,1,
8,2,0,0,2,2,1,0,2,2,1,
10,2,0,0,2,4,1,0,2,2,1,
8,2,0,0,2,2,1,0,2,2,1,
8,2,0,0,2,2,1,0,2,2,1,
8,2,0,0,2,2,1,0,2,2,1,
8,2,0,0,2,2,1,0,2,2,1,
8,2,0,0,2,2,1,0,2,2,1,
8,2,0,0,2,2,1,0,2,2,1,
8,1,0,0,1,1,0,0,1,1,0,
10,4,0,0,2,4,1,0,2,4,1,
8,2,0,0,2,2,1,0,2,2,1,
11,2,0,0,2,2,1,0,2,2,1,
8,2,0,0,2,2,1,0,2,2,1,
8,2,0,0,2,2,1,0,2,2,1,
8,2,0,0,2,2,1,0,2,2,1,
8,2,0,0,2,2,1,0,2,2,1,
8,2,0,0,2,2,1,0,2,2,1,
8,2,0,0,2,2,1,0,2,2,1,
8,2,0,0,2,2,1,0,2,2,1,
8,2,0,0,2,2,1,0,2,2,1,
8,2,0,0,2,2,1,0,2,2,1,
8,2,0,0,2,2,1,0,2,2,1,
8,2,0,0,2,2,1,0,2,2,1,
8,2,0,0,2,2,1,0,2,2,1,
11,2,0,1,2,3,1,1,2,3,1,
11,5,0,0,2,5,1,0,2,5,1,
8,2,0,0,2,2,1,0,2,2,1,
8,2,0,0,2,2,1,0,2,2,1,
8,2,0,0,2,2,1,0,2,2,1,
8,2,0,0,2,2,1,0,2,2,1,
8,2,0,0,2,2,1,0,2,2,1,
8,2,0,0,2,2,1,0,2,2,1,
8,2,0,0,2,2,1,0,2,2,1,
8,2,0,0,2,2,1,0,2,2,1,
8,2,0,0,2,2,1,0,2,2,1,
8,2,0,0,2,2,1,0,2,2,1,
8,2,0,0,2,2,1,0,2,2,1,
8,2,0,0,2,2,1,0,2,2,1,
8,2,0,0,2,2,1,0,2,2,1,
8,2,0,0,2,2,1,0,2,2,1,
8,2,0,0,2,2,1,0,1,2,1,
8,2,0,0,2,2,1,0,1,2,1,
8,2,0,0,2,2,1,0,2,2,1,
8,2,0,0,2,2,1,0,2,2,1,
8,2,0,0,2,2,1,0,2,2,1,
11,3,0,1,2,3,2,1,2,3,1,
8,2,0,0,2,2,1,0,2,2,1,
8,2,0,0,2,2,1,0,2,2,1,
8,2,0,0,2,2,1,0,2,2,1,
8,2,0,0,2,2,1,0,1,2,1,
8,2,0,0,2,2,1,0,2,2,1,
8,2,0,0,2,2,1,0,2,2,1,
8,2,0,0,2,2,1,0,2,2,1,
8,2,0,0,2,2,1,0,2,2,1,
8,2,0,0,2,2,1,0,2,2,1,
9,2,0,0,2,2,1,0,1,2,1,
8,2,0,0,2,2,1,0,2,2,1,
8,2,0,0,2,2,1,0,1,2,1,
8,2,0,0,2,2,1,0,1,2,1,
8,2,0,0,2,2,1,0,2,2,1,
8,2,0,0,2,2,1,0,2,2,1,
8,2,0,0,2,2,1,0,2,2,1,
8,2,0,0,2,2,1,0,2,2,1,
8,2,0,0,2,2,1,0,2,2,1,
8,2,0,0,2,2,1,0,2,2,1,
10,5,0,1,5,5,5,1,5,5,5,
8,2,0,0,2,2,1,0,2,2,1,
8,2,0,0,2,2,1,0,2,2,1,
8,2,0,0,2,2,1,0,2,2,1,
8,2,0,0,2,2,1,0,2,2,1,
8,2,0,0,2,2,1,0,2,2,1,
10,2,0,0,2,2,1,0,1,2,1,
8,2,0,0,2,2,1,0,2,2,1,
8,2,0,0,2,2,1,0,1,2,1,
8,3,0,1,3,3,2,1,2,3,2,
8,3,0,1,3,3,2,1,2,3,2,
8,3,0,1,3,3,2,1,2,3,2,
8,3,0,1,3,3,2,1,2,3,2,
8,3,0,1,2,3,2,1,2,3,1,
8,3,0,1,3,3,2,1,2,3,2,
8,2,0,0,2,2,1,0,1,2,1,
9,2,0,1,2,3,1,1,2,2,1,
12,6,0,0,2,6,1,0,1,6,1,
8,3,0,1,3,3,2,1,2,3,2,
8,2,0,0,2,2,1,0,2,2,1,
8,3,0,1,3,3,2,1,2,3,2,
8,3,0,1,3,3,2,1,2,3,2,
8,3,0,1,3,3,2,1,2,3,2,
8,3,0,1,3,3,2,1,2,3,2,
8,3,0,1,2,3,2,1,2,3,2,
8,3,0,1,3,3,2,1,2,3,2,
8,3,0,1,3,3,2,1,2,3,2,
10,3,0,1,3,3,2,1,2,3,2,
8,3,0,1,3,3,2,1,2,3,2,
9,2,0,0,2,2,1,0,2,2,1,
8,3,0,1,3,3,2,1,2,3,2,
8,3,0,1,3,3,2,1,2,3,2,
8,3,0,1,2,3,2,1,2,3,2,
10,4,0,0,2,4,1,0,2,4,1,
8,2,0,0,1,2,1,0,1,2,1,
8,3,0,1,2,3,2,1,2,3,2,
8,3,0,1,2,3,2,1,2,3,1,
9,3,0,4,3,3,2,4,2,3,2,
8,3,0,1,3,3,2,1,2,3,2,
8,3,0,1,3,3,2,1,2,3,2,
8,2,0,0,2,2,1,0,1,2,1,
11,3,0,1,2,3,2,1,2,3,1,
8,3,0,1,2,3,2,1,2,3,2,
8,3,0,1,2,3,2,1,2,3,2,
8,3,0,1,2,3,2,1,2,3,2,
8,3,0,1,3,3,2,1,2,3,2,
8,3,0,1,2,3,2,1,2,3,2,
11,3,0,1,3,3,2,1,2,3,2,
8,3,0,1,2,3,2,1,2,3,2,
8,3,0,1,2,3,2,1,2,3,1,
8,3,0,1,2,3,2,1,2,3,2,
8,3,0,1,2,3,2,1,2,3,2,
8,3,0,1,2,3,2,1,2,3,1,
29,2,1,1,2,3,2,0,2,2,1,
8,3,0,1,2,3,2,1,2,3,2,
11,3,0,1,2,3,2,1,2,3,1,
8,3,0,1,2,3,2,1,2,3,1,
8,3,0,1,2,3,2,1,2,3,1,
8,2,0,0,1,2,1,0,1,2,0,
8,3,0,1,2,3,2,1,2,3,1,
8,2,0,0,2,2,1,0,1,2,1,
8,3,0,1,3,3,2,1,2,3,1,
8,2,0,0,1,2,1,0,1,2,0,
11,2,0,1,2,3,1,1,2,2,1,
8,3,0,1,2,3,2,1,2,3,1,
8,2,0,0,1,2,1,0,1,2,0,
8,3,0,1,2,3,2,1,2,3,2,
8,3,0,1,2,3,2,1,2,3,1,
8,3,0,1,2,3,2,1,2,3,1,
8,3,0,1,2,3,2,1,2,3,1,
8,2,0,0,1,2,1,0,1,2,1,
8,2,0,0,2,2,1,0,1,2,1,
8,2,0,0,1,2,1,0,1,2,0,
8,3,0,1,2,3,2,1,2,3,2,
8,3,0,1,2,3,2,1,2,3,1,
8,3,0,1,2,3,2,1,2,3,1,
8,3,0,1,2,3,2,1,2,3,1,
8,3,0,1,2,3,2,1,2,3,1,
8,3,0,1,2,3,2,1,2,3,1,
8,3,0,1,3,3,2,1,2,3,1,
8,2,0,0,1,2,1,0,1,2,0,
8,2,0,0,1,2,1,0,1,2,0,
8,3,0,1,2,3,2,1,2,3,1,
9,1,0,0,1,1,0,0,1,1,0,
8,2,0,0,1,2,1,0,1,2,0,
8,2,0,0,1,2,1,0,1,2,0,
10,4,0,0,3,4,3,0,3,4,0,
8,2,0,0,1,2,1,0,1,2,0,
8,2,0,0,1,2,1,0,1,2,0,
8,3,0,1,3,3,2,1,2,3,2,
8,2,0,0,1,2,1,0,1,2,0,
