22,0,0,0,1,1,1,0,1,0,2,
7,0,0,0,1,0,1,0,1,0,1,
7,0,1,1,1,1,1,1,1,0,1,
8,0,1,1,1,1,1,1,1,0,1,
8,0,0,1,1,1,2,2,2,0,2,
6,0,1,1,1,2,2,2,2,1,2,
8,0,1,1,4,2,2,2,2,1,4,
6,0,1,1,1,2,2,2,2,1,2,
7,0,1,1,2,2,2,2,2,1,2,
6,0,1,1,2,2,2,2,2,1,2,
7,0,1,1,2,2,2,2,2,1,2,
7,0,1,1,2,2,2,2,2,1,2,
6,0,1,1,2,2,2,2,2,1,2,
6,0,0,0,1,1,1,1,2,0,1,
6,0,0,0,1,1,1,1,2,0,1,
6,0,0,0,1,1,1,1,2,0,1,
9,0,0,0,1,1,1,1,1,0,1,
6,0,0,0,1,1,1,1,2,0,1,
8,0,0,0,4,4,4,4,4,0,4,
6,0,0,0,1,1,1,1,2,0,1,
6,0,0,0,1,1,1,1,2,0,1,
6,0,0,0,1,1,1,1,2,0,1,
9,0,1,1,2,2,2,2,2,1,2,
6,0,0,0,1,1,1,1,2,0,1,
7,0,0,0,1,3,1,1,2,0,1,
6,0,0,1,1,1,2,2,2,0,1,
7,0,0,1,1,1,2,2,2,0,1,
6,0,0,1,1,1,2,2,2,0,1,
6,0,0,1,1,1,2,2,2,0,1,
6,0,0,1,1,1,2,2,2,0,1,
6,0,0,1,1,1,2,2,2,0,1,
9,0,0,1,1,2,2,2,4,0,2,
6,0,1,1,1,2,2,2,2,0,2,
6,0,1,1,1,2,2,2,2,0,2,
6,0,1,1,2,2,2,2,2,1,2,
6,0,1,1,1,2,2,2,2,1,2,
6,0,1,1,2,2,2,2,2,1,2,
6,0,0,1,1,1,2,2,2,0,1,
6,0,1,1,2,2,2,2,3,1,2,
8,0,1,1,5,5,5,5,5,1,5,
6,0,0,0,1,1,1,1,2,0,1,
6,0,0,0,1,1,1,1,2,0,1,
6,0,0,0,1,1,1,1,2,0,1,
6,0,0,1,1,2,2,2,2,0,2,
6,0,0,0,1,1,1,1,2,0,1,
6,0,0,0,1,1,1,1,2,0,1,
6,0,0,0,1,1,1,1,2,0,1,
6,0,0,0,1,1,1,1,2,0,1,
6,0,0,0,1,1,1,1,2,0,1,
6,0,0,0,1,1,2,2,2,0,1,
8,0,0,1,1,3,3,3,4,0,1,
6,0,0,1,1,1,2,2,2,0,1,
8,0,0,1,1,1,2,2,3,0,1,
6,0,0,1,1,2,2,2,2,0,2,
6,0,0,1,1,2,2,2,2,0,2,
6,0,0,1,1,2,2,2,2,0,2,
6,0,0,1,1,2,2,2,2,1,2,
6,0,0,1,1,2,2,2,2,1,2,
6,0,1,1,1,2,2,2,2,1,2,
7,0,0,0,1,1,1,1,2,0,1,
6,0,0,1,0,1,1,1,1,0,1,
6,0,0,0,0,0,0,0,0,0,0,
6,0,1,1,2,2,2,2,2,1,2,
8,0,0,0,1,1,1,1,1,0,1,
6,0,0,0,1,1,1,1,1,0,1,
6,0,0,0,1,1,1,1,2,0,1,
6,0,0,0,1,1,1,1,2,0,1,
6,0,0,0,1,1,1,1,2,0,1,
6,0,0,0,1,1,1,1,2,0,1,
7,0,0,0,1,1,1,1,2,0,1,
6,0,0,0,1,1,1,2,2,0,1,
6,0,0,0,1,1,1,1,2,0,1,
7,0,0,0,1,1,1,1,2,0,1,
6,0,0,1,1,1,2,2,2,0,1,
6,0,0,0,1,1,1,1,2,0,1,
6,0,0,0,1,1,1,2,2,0,1,
6,0,0,1,1,1,2,2,2,0,1,
6,0,0,1,1,1,2,2,2,0,1,
6,0,0,1,1,1,2,2,2,0,1,
6,0,0,1,1,1,2,2,2,0,1,
6,0,0,1,1,2,2,2,2,0,2,
6,0,0,1,1,2,2,2,2,0,2,
6,0,0,1,1,2,2,2,2,0,2,
6,0,1,1,1,2,2,2,2,1,2,
7,0,1,1,1,2,2,2,2,1,2,
8,0,1,1,2,2,2,2,2,1,2,
6,0,0,0,1,1,1,1,2,0,1,
6,0,1,1,2,2,2,2,2,1,2,
6,1,0,0,1,1,1,1,1,1,1,
6,0,0,2,1,1,1,1,1,0,1,
6,0,0,0,1,1,1,1,2,0,1,
6,0,0,0,1,1,1,1,2,0,1,
6,0,0,0,1,1,1,1,2,0,1,
7,0,0,1,1,1,2,2,2,0,1,
6,0,0,0,1,1,1,1,2,0,1,
6,0,0,0,1,1,1,1,2,0,1,
6,0,0,0,1,1,1,1,2,0,1,
6,0,0,0,1,1,1,1,2,0,1,
6,0,0,0,1,1,1,1,2,0,1,
6,0,0,0,1,1,2,1,2,0,1,
6,0,0,0,1,1,2,2,2,0,1,
6,0,0,1,1,1,2,2,2,0,1,
6,0,0,1,1,1,2,2,2,0,1,
6,0,0,1,1,1,2,2,2,0,1,
6,0,0,1,1,2,2,2,2,0,2,
6,0,0,1,1,2,2,2,2,0,2,
6,0,1,1,1,2,2,2,2,0,2,
6,0,1,1,1,2,2,2,2,0,2,
6,0,1,1,1,2,2,2,2,0,2,
6,0,1,1,1,2,2,2,2,1,2,
7,0,1,1,2,2,2,2,2,1,2,
8,0,0,1,1,1,2,2,2,0,1,
6,0,0,0,1,1,1,1,1,0,1,
6,0,0,0,1,2,1,1,1,0,1,
6,0,0,0,1,1,1,1,1,0,1,
6,0,0,0,1,1,1,1,1,0,1,
6,0,0,0,1,1,1,1,2,0,1,
6,0,0,0,1,1,1,1,2,0,1,
6,0,0,0,1,1,1,1,2,0,1,
6,0,0,0,1,1,1,1,2,0,1,
8,0,0,0,1,1,1,1,4,0,1,
6,0,0,0,1,1,1,1,2,0,1,
6,0,0,0,1,1,1,1,2,0,1,
6,0,0,0,1,1,1,1,2,0,1,
6,0,0,0,1,1,2,2,2,0,1,
6,0,0,0,1,1,2,2,2,0,1,
9,0,0,1,1,1,2,2,2,0,1,
6,0,0,1,1,1,2,2,2,0,1,
9,0,0,1,1,2,2,5,2,0,2,
6,0,0,1,1,2,2,2,2,0,2,
6,0,0,1,1,2,2,2,2,0,2,
6,0,1,1,1,2,2,2,2,1,2,
6,0,1,1,1,2,2,2,2,1,2,
6,0,1,1,1,2,2,2,2,0,2,
6,0,1,1,1,2,2,2,2,1,2,
7,0,1,1,2,2,2,2,2,1,2,
6,0,0,0,1,1,1,1,1,0,1,
6,0,0,0,1,1,1,1,1,0,1,
6,0,0,0,1,1,1,1,1,0,1,
6,0,0,0,1,1,1,1,1,0,1,
7,0,0,0,1,1,1,1,1,0,1,
6,0,0,0,1,1,1,1,2,0,1,
6,0,0,0,1,1,1,1,2,0,1,
6,0,0,0,1,1,1,1,2,0,1,
6,0,0,0,1,1,1,1,2,0,1,
6,0,0,0,1,1,1,1,2,0,1,
6,0,0,0,1,1,1,1,2,0,1,
6,0,1,0,1,1,1,1,2,0,1,
6,0,0,0,1,1,1,1,2,0,1,
8,0,0,1,1,4,4,4,4,0,4,
7,0,0,2,1,1,3,2,2,0,1,
7,0,0,1,2,1,2,2,2,0,3,
6,0,0,1,1,1,2,2,2,0,1,
6,0,0,1,1,1,2,2,2,0,2,
6,0,0,1,1,2,2,2,2,0,2,
6,0,0,1,1,2,2,2,2,0,2,
6,0,1,1,1,2,2,2,2,0,2,
6,0,1,1,1,2,2,2,2,0,2,
6,0,1,1,1,2,2,2,2,1,2,
6,0,1,1,1,2,2,2,2,0,2,
7,0,1,1,1,2,2,2,2,1,2,
7,0,1,1,2,2,2,2,2,1,2,
6,0,0,0,1,1,1,1,1,0,1,
7,0,0,0,2,1,1,1,1,0,2,
6,0,0,0,1,1,1,1,1,0,1,
6,0,0,0,1,1,1,1,1,0,1,
6,0,0,0,1,1,1,1,2,0,1,
6,0,0,0,1,1,1,1,2,0,1,
6,0,0,0,1,1,1,1,2,0,1,
6,0,0,0,1,1,1,1,2,0,1,
7,0,0,0,0,0,1,0,0,0,0,
6,0,0,0,1,1,1,1,2,0,1,
6,0,0,0,1,1,1,1,2,0,1,
6,0,0,0,1,1,1,1,2,0,1,
6,0,0,1,1,2,2,1,2,0,1,
6,0,0,1,1,1,2,2,2,0,1,
7,0,0,0,1,1,1,1,2,0,1,
6,0,0,1,1,2,2,2,2,0,2,
6,0,0,1,1,2,2,2,2,0,2,
6,0,0,1,1,1,2,2,2,0,2,
6,0,0,1,1,2,2,2,2,0,2,
6,0,1,1,1,2,2,2,2,1,2,
7,0,0,0,1,1,1,1,2,0,1,
6,0,1,1,1,2,2,2,2,1,2,
6,0,1,1,1,2,2,2,2,1,2,
7,0,0,0,1,1,1,1,1,0,1,
7,0,1,1,2,2,2,2,2,1,2,
7,0,0,0,1,1,1,1,2,0,1,
6,0,1,1,2,2,2,2,2,1,2,
6,0,1,1,2,2,2,2,2,1,2,
6,0,0,0,1,1,1,1,1,0,1,
6,0,0,0,1,1,1,1,2,0,1,
6,0,0,0,1,1,1,1,2,0,1,
6,0,0,0,1,1,2,1,2,0,1,
7,0,0,0,1,1,2,1,2,0,1,
6,0,0,0,1,1,1,1,2,0,1,
6,0,0,0,1,1,1,1,2,0,1,
6,0,0,0,1,1,1,1,2,0,1,
7,0,0,0,1,1,2,1,2,3,1,
6,0,0,1,1,1,2,2,2,0,1,
6,0,0,1,1,1,2,2,2,0,1,
8,0,0,1,1,1,2,2,4,0,1,
6,0,0,1,1,2,2,2,2,0,2,
6,0,1,1,1,2,2,2,2,0,2,
7,0,0,0,1,1,1,1,2,0,1,
6,1,0,1,1,2,2,2,2,1,2,
6,0,1,1,1,2,2,2,2,1,2,
9,0,1,1,1,2,2,2,2,0,2,
6,0,0,1,1,2,2,2,2,0,2,
7,0,0,1,1,2,2,2,3,1,1,
7,0,1,1,2,2,2,2,2,1,2,
7,0,1,1,2,2,2,2,2,1,2,
6,0,1,1,2,2,2,2,2,1,2,
6,0,1,1,2,2,2,2,2,1,2,
6,0,1,1,2,2,2,2,3,1,2,
6,0,0,0,1,1,1,1,2,0,1,
6,0,0,0,1,1,1,1,2,0,1,
6,0,0,0,1,1,1,1,2,0,1,
6,0,0,0,1,1,1,1,2,0,1,
6,1,0,0,1,1,1,1,2,2,1,
7,0,0,3,1,1,1,1,2,0,1,
7,0,3,0,1,1,1,1,2,0,1,
6,0,0,0,1,1,1,1,2,0,1,
7,1,0,0,1,3,2,1,2,1,1,
6,0,0,1,1,1,2,2,2,0,1,
6,0,0,1,1,1,2,2,2,0,1,
6,0,0,1,1,1,2,2,2,0,1,
6,0,0,1,1,2,2,2,2,0,2,
7,0,0,1,1,2,2,2,2,0,2,
9,0,0,1,1,2,2,2,2,0,2,
6,0,0,1,1,1,2,2,2,0,2,
6,0,0,1,1,2,2,2,2,0,2,
6,0,0,1,1,2,2,2,2,0,2,
6,0,1,1,1,2,2,2,2,0,2,
6,0,1,1,1,2,2,2,2,1,2,
6,0,1,1,1,2,2,2,2,0,2,
6,0,1,1,1,2,2,2,2,0,2,
7,0,1,1,2,2,2,2,2,1,2,
6,0,1,1,2,2,2,2,2,1,2,
6,0,1,1,2,2,2,2,2,1,2,
6,0,1,1,2,2,2,2,2,1,2,
6,0,0,0,1,1,1,1,2,0,1,
6,0,2,0,1,1,1,1,2,0,1,
6,0,0,0,1,1,1,1,2,0,1,
6,0,0,0,1,2,1,1,2,0,1,
6,0,0,0,1,1,1,1,2,0,1,
6,0,0,0,1,1,2,1,2,0,1,
6,0,0,1,1,1,2,1,2,0,1,
6,0,0,1,1,1,2,2,2,0,1,
7,0,1,1,1,2,2,2,2,1,2,
8,0,0,1,1,1,2,2,2,0,1,
6,0,0,1,1,2,2,2,2,0,2,
8,0,1,1,4,2,2,2,2,1,4,
6,0,0,1,1,1,2,2,2,0,1,
6,0,0,1,1,2,2,2,2,0,2,
6,0,0,1,1,2,2,2,2,0,2,
6,0,1,1,1,2,2,2,2,1,2,
6,0,0,1,1,2,2,2,2,0,2,
6,0,1,1,1,2,2,2,2,0,2,
7,0,0,0,0,0,1,0,0,0,0,
6,0,1,1,2,2,2,2,2,1,2,
7,0,1,1,2,2,2,2,2,1,2,
7,0,1,1,2,2,2,2,2,1,2,
6,0,0,0,1,1,1,1,2,0,1,
6,0,1,1,2,2,2,2,3,1,2,
6,0,1,1,2,2,2,2,2,1,2,
6,0,0,0,1,1,1,1,2,0,1,
6,0,0,0,1,1,1,1,2,0,1,
6,0,0,0,1,1,1,1,2,0,1,
6,0,0,0,1,1,1,1,2,0,1,
7,0,0,0,1,1,2,1,2,0,1,
7,0,0,1,1,1,1,1,2,0,1,
6,0,0,1,1,1,2,2,2,0,1,
7,0,0,0,3,1,2,1,2,0,3,
6,0,0,1,1,1,2,2,2,0,1,
6,0,0,1,1,1,2,2,2,0,1,
6,0,0,1,1,1,2,2,2,0,1,
10,0,0,3,3,3,3,3,3,0,3,
6,0,0,1,1,1,2,2,2,0,1,
6,0,0,1,1,1,2,2,2,0,1,
6,0,0,1,1,1,2,2,2,0,1,
6,0,0,1,1,2,2,2,2,0,2,
6,0,0,1,1,2,2,2,2,0,2,
7,0,0,1,1,2,2,2,2,0,2,
6,0,1,1,1,2,2,2,2,0,2,
6,0,1,1,1,2,2,2,2,1,2,
7,0,1,1,1,2,2,2,2,1,2,
7,0,1,1,2,2,2,2,2,1,2,
6,0,1,1,2,2,2,2,2,1,2,
6,0,1,1,2,2,2,2,2,1,2,
6,0,0,0,1,1,1,1,2,0,1,
6,0,0,0,1,1,1,1,2,0,1,
6,0,0,0,1,1,1,1,2,0,1,
6,0,0,0,1,1,1,1,2,0,1,
6,0,0,0,2,1,1,1,2,0,2,
6,0,0,0,1,1,1,1,2,0,1,
6,0,0,0,1,1,1,1,2,0,1,
6,0,0,0,1,1,2,2,2,0,1,
9,0,0,1,1,1,2,2,2,0,1,
6,0,0,1,1,1,2,2,2,0,1,
6,0,0,1,1,1,2,2,2,0,1,
6,0,0,1,1,1,2,2,2,0,1,
6,0,0,1,1,1,2,2,2,0,1,
6,0,0,1,1,1,2,2,2,0,1,
6,0,0,1,1,2,2,2,2,0,2,
6,0,0,1,1,2,2,2,2,0,2,
6,0,1,1,2,2,2,2,2,0,2,
6,0,1,1,1,2,2,2,2,0,2,
6,0,0,1,1,1,2,2,2,0,2,
6,0,0,1,1,2,2,2,2,0,2,
6,0,1,1,1,2,2,2,2,1,2,
6,0,1,1,2,2,2,2,2,1,2,
6,0,1,1,2,2,2,2,2,1,2,
6,0,1,1,2,2,2,2,2,1,2,
6,0,1,1,2,2,2,2,2,1,2,
6,0,0,0,2,1,1,1,2,0,2,
6,0,0,0,1,1,1,1,2,0,1,
6,0,0,0,1,1,1,1,2,0,1,
6,0,0,0,1,1,1,1,2,0,1,
9,0,0,0,1,3,1,1,2,0,1,
6,0,0,0,1,1,2,1,2,0,1,
6,0,0,0,1,1,1,1,2,0,1,
6,0,0,0,1,1,2,1,2,0,1,
6,0,0,0,1,1,2,1,2,0,1,
8,0,1,1,2,2,2,2,2,1,2,
6,0,0,0,1,1,1,1,2,0,1,
7,0,0,1,1,2,2,2,2,0,2,
6,0,0,1,1,2,2,2,2,0,2,
6,0,1,1,1,2,2,2,2,0,2,
6,0,1,1,1,2,2,2,2,1,2,
7,0,1,1,2,2,2,2,2,1,2,
8,0,1,1,1,2,2,2,2,0,2,
6,0,0,0,1,1,1,1,1,0,1,
6,0,0,0,1,1,1,1,2,0,1,
6,0,0,0,1,1,1,1,2,0,1,
6,0,0,0,1,1,1,1,2,0,1,
6,0,0,0,1,1,1,1,2,0,1,
6,0,0,0,1,1,1,1,2,0,1,
6,0,0,0,1,1,2,2,2,0,1,
7,0,0,1,1,1,2,2,2,0,1,
6,0,0,1,1,2,2,2,2,0,2,
6,0,0,1,1,1,2,2,2,0,1,
6,0,0,1,1,2,2,2,2,0,2,
6,0,0,1,1,2,2,2,2,0,2,
6,0,1,1,1,2,2,2,2,1,2,
6,0,0,0,0,1,1,1,1,0,1,
7,0,1,1,2,2,2,2,2,1,2,
6,0,1,1,2,2,2,2,2,1,2,
7,0,0,0,0,0,0,0,0,0,0,
6,0,0,0,1,1,1,1,2,0,1,
6,0,0,0,1,1,1,1,2,0,1,
8,0,0,2,1,1,1,1,2,0,1,
6,0,0,0,1,1,1,1,2,0,1,
6,0,0,0,1,1,1,1,2,0,1,
6,0,0,1,1,1,2,2,2,0,1,
6,0,0,1,1,1,2,2,2,0,1,
6,0,0,1,1,1,2,2,2,0,1,
6,0,0,1,1,2,2,2,2,0,2,
6,0,0,1,1,1,2,2,2,0,1,
6,0,0,1,1,2,2,2,2,0,2,
7,0,1,1,2,2,2,2,2,1,2,
7,0,1,1,2,2,2,2,2,1,2,
8,0,1,1,4,2,2,2,2,1,5,
6,0,1,1,2,2,2,2,2,1,2,
6,0,1,1,2,2,2,2,2,1,2,
6,0,0,0,1,1,1,1,2,0,1,
6,0,0,0,1,1,1,1,2,0,1,
6,0,0,0,1,1,1,1,2,0,1,
6,0,0,0,1,1,2,2,2,0,1,
6,0,0,1,1,1,2,2,2,0,1,
6,0,0,1,1,2,2,2,2,0,2,
6,0,1,1,2,2,2,2,2,0,2,
7,0,0,1,1,2,2,2,2,1,2,
6,0,0,1,1,2,2,2,2,0,2,
6,0,1,1,1,2,2,2,2,0,2,
8,0,1,3,3,3,4,3,3,1,3,
6,0,0,0,1,1,1,1,2,0,1,
6,0,1,1,2,2,2,2,2,1,2,
6,0,0,0,1,1,1,1,2,0,1,
6,0,0,0,1,1,1,1,2,0,1,
6,0,0,0,1,1,1,1,2,0,1,
7,0,0,0,1,1,2,2,2,0,1,
6,0,0,1,1,1,2,2,2,0,1,
6,0,0,1,1,1,2,2,2,0,1,
6,0,0,1,1,1,2,2,2,0,1,
6,0,0,1,1,2,2,2,2,0,2,
6,0,1,1,1,2,2,2,2,0,2,
7,0,1,1,1,2,2,2,2,1,2,
7,0,1,1,2,2,2,2,2,1,2,
6,0,1,1,2,2,2,2,2,1,2,
6,0,0,0,1,1,1,1,2,0,1,
6,0,0,0,1,1,1,1,2,0,1,
6,0,0,0,1,1,2,1,2,0,1,
6,0,2,0,1,1,1,1,2,0,1,
6,0,0,0,1,1,1,2,2,0,1,
6,0,0,1,1,1,2,2,2,0,1,
6,0,0,1,1,1,2,2,2,0,1,
7,3,0,1,1,1,2,2,2,3,1,
8,0,0,4,1,2,2,2,2,0,2,
6,0,0,1,1,2,2,2,2,0,2,
7,0,1,1,1,2,2,2,2,0,2,
7,0,1,1,2,2,2,2,2,1,2,
6,0,0,1,1,1,2,2,2,0,1,
6,0,0,0,1,1,1,1,1,0,1,
6,0,0,0,1,1,1,1,2,0,1,
6,0,0,0,1,1,1,1,2,0,1,
6,0,0,0,1,1,1,1,2,0,1,
6,0,0,0,1,1,2,2,2,0,1,
8,0,0,1,1,1,2,2,4,0,1,
6,0,0,1,1,1,2,2,2,0,1,
6,0,0,1,1,2,2,2,2,0,2,
6,0,0,1,1,2,2,2,2,0,2,
6,0,0,1,1,2,2,2,2,0,2,
7,0,0,0,1,1,1,2,2,0,1,
6,0,0,1,1,1,2,2,2,0,1,
6,0,1,1,2,2,2,2,2,1,2,
6,0,0,0,1,1,1,1,2,0,1,
6,0,0,0,1,1,1,1,2,0,1,
6,0,0,0,1,1,1,1,2,0,1,
6,0,0,0,1,1,1,1,2,0,1,
9,0,0,0,1,1,1,1,2,0,1,
6,0,0,1,1,1,2,2,2,0,1,
7,0,0,1,1,3,2,2,2,0,1,
6,0,0,1,1,2,2,2,2,0,2,
6,0,0,1,1,2,2,2,2,0,2,
6,0,1,1,1,2,2,2,2,0,2,
6,0,1,1,2,2,2,2,2,1,2,
9,0,1,1,1,2,2,2,2,1,2,
6,0,1,1,2,2,2,2,2,1,2,
6,0,1,1,2,2,2,2,2,1,2,
6,0,0,0,1,1,1,1,2,0,1,
6,0,0,0,1,1,1,1,2,0,1,
6,0,0,0,1,1,1,1,2,0,1,
6,0,0,0,1,1,1,1,2,0,1,
6,0,0,0,1,1,2,1,2,0,1,
6,0,0,0,1,1,2,2,2,0,1,
6,0,0,1,1,1,2,2,2,0,1,
9,0,0,1,1,4,5,4,4,0,4,
6,0,0,1,1,1,2,2,2,0,2,
6,0,0,1,1,2,2,2,2,0,2,
6,0,0,1,1,2,2,2,2,0,2,
7,0,0,0,1,1,1,1,2,0,1,
6,0,1,1,2,2,2,2,2,1,2,
5,0,1,1,2,2,2,2,2,1,2,
6,0,1,1,2,2,2,2,2,1,2,
6,0,1,1,2,2,2,2,2,1,2,
6,0,0,0,1,1,1,1,2,0,1,
6,0,0,0,1,1,1,1,2,0,1,
6,0,0,0,1,1,1,1,2,0,1,
7,0,0,0,1,1,1,1,2,0,1,
6,0,0,0,1,1,2,2,2,0,1,
6,0,0,1,1,1,2,2,2,0,1,
6,0,0,1,1,1,2,2,2,0,1,
6,0,0,1,1,1,2,2,2,0,2,
6,0,0,1,1,1,2,2,2,0,1,
6,0,0,1,1,2,2,2,2,0,2,
6,0,1,1,1,2,2,2,2,1,2,
7,0,1,1,1,2,2,2,2,0,2,
6,0,0,0,1,1,1,1,1,0,1,
6,0,1,1,2,2,2,2,3,1,2,
6,0,0,0,1,1,1,1,1,0,1,
7,0,0,0,1,1,1,1,2,0,1,
6,0,0,0,1,1,1,1,2,0,1,
6,0,0,0,1,1,1,1,2,0,1,
6,0,0,0,1,1,1,1,2,0,1,
6,0,0,0,1,1,1,1,2,0,1,
6,0,0,1,1,1,2,2,2,0,1,
6,0,0,1,1,1,2,2,2,0,1,
6,0,0,1,1,1,2,2,2,0,1,
6,0,0,1,1,1,2,2,2,0,1,
6,0,0,1,1,2,2,2,2,0,2,
6,0,1,1,1,2,2,2,2,1,2,
6,0,1,1,2,2,2,2,2,1,2,
7,0,1,1,2,2,2,2,2,1,2,
6,0,1,1,2,2,2,2,2,1,2,
6,0,1,1,2,2,2,2,2,1,2,
9,0,0,0,1,1,1,1,4,0,1,
6,0,0,0,1,1,1,1,2,0,1,
6,0,0,0,1,1,1,1,2,0,1,
6,0,0,0,1,1,1,1,2,0,1,
6,0,0,0,1,1,1,1,2,0,1,
6,0,0,0,1,1,2,2,2,0,1,
7,0,0,1,1,1,2,2,2,0,1,
6,0,0,1,1,1,2,2,2,0,1,
8,0,0,1,3,1,2,2,2,0,3,
6,0,0,1,1,1,2,2,2,0,1,
6,0,1,1,1,2,2,2,2,0,2,
6,0,1,1,1,2,2,2,2,1,2,
6,0,1,1,1,2,2,2,2,1,2,
7,0,1,1,2,2,2,2,2,1,2,
8,0,1,1,2,5,2,2,2,1,2,
7,0,0,1,1,2,2,2,2,0,2,
6,0,0,0,1,1,1,1,2,0,1,
6,0,0,0,1,1,1,1,2,0,1,
6,0,0,0,1,1,1,1,2,0,1,
6,0,0,0,1,1,1,1,2,0,1,
6,0,0,0,1,1,1,1,2,0,1,
9,0,0,0,1,1,2,1,5,0,1,
6,0,0,1,1,1,2,2,2,0,1,
6,0,0,1,1,1,2,2,2,0,1,
8,0,0,1,1,1,2,2,2,0,1,
6,0,0,1,1,2,2,2,2,0,2,
6,0,1,1,1,2,2,2,2,1,2,
6,0,0,1,1,2,2,2,2,0,2,
6,0,1,1,1,2,2,2,2,1,2,
7,0,1,1,2,2,2,2,2,1,2,
6,0,1,1,2,2,2,2,3,1,2,
6,0,1,1,2,2,2,2,3,1,2,
6,0,0,0,1,1,1,1,2,0,1,
9,0,1,1,2,2,2,2,2,1,2,
6,0,0,0,1,1,1,1,2,0,1,
8,0,0,0,1,4,2,2,2,0,1,
6,0,0,0,1,1,2,1,2,0,1,
6,0,0,0,1,1,2,2,2,0,1,
6,0,0,1,1,1,2,2,2,0,1,
6,0,0,1,1,1,2,2,2,0,1,
7,0,0,1,1,2,2,3,2,0,2,
6,0,0,1,1,2,2,2,2,0,2,
6,0,0,1,1,2,2,2,2,0,2,
6,0,0,1,1,2,2,2,2,1,2,
7,0,1,1,2,2,2,2,2,1,2,
7,0,1,1,2,2,2,2,2,1,2,
6,0,1,1,2,2,2,2,2,1,2,
6,0,1,1,2,2,2,2,3,1,2,
6,0,0,0,1,1,1,1,2,0,1,
6,0,0,0,1,1,1,1,2,0,1,
6,0,0,0,1,1,1,1,2,0,1,
6,0,0,0,1,1,1,1,2,0,1,
6,0,0,0,1,1,2,1,2,0,1,
6,0,0,1,1,1,2,2,2,0,1,
6,0,0,1,1,1,2,2,2,0,1,
6,0,0,1,1,1,2,2,2,0,1,
6,0,0,1,1,1,2,2,2,0,1,
6,0,0,1,1,2,2,2,2,0,2,
6,0,1,1,1,2,2,2,2,1,2,
6,0,1,1,1,2,2,2,2,1,2,
6,0,1,1,2,2,2,2,2,1,2,
6,0,1,1,2,2,2,2,2,1,2,
8,0,1,1,2,2,2,2,2,1,2,
6,0,0,0,1,1,1,1,1,0,1,
6,0,0,0,1,1,1,1,2,0,1,
6,0,0,0,1,1,1,1,2,0,1,
6,0,0,0,1,1,1,1,2,0,1,
6,0,0,0,1,1,1,1,2,0,1,
6,0,0,0,1,1,1,1,2,0,1,
6,0,0,0,1,1,2,2,2,0,1,
6,0,0,1,1,1,2,2,2,0,1,
6,0,0,1,1,2,2,2,2,0,2,
6,0,0,1,1,2,2,2,2,0,2,
6,0,1,1,2,2,2,2,2,1,2,
6,0,0,1,1,2,2,2,2,0,2,
6,0,1,1,1,2,2,2,2,0,2,
6,0,1,1,1,2,2,2,2,0,2,
6,0,1,1,1,2,2,2,2,1,2,
6,1,0,0,1,1,1,1,2,2,1,
7,0,0,2,1,1,1,1,1,0,1,
6,0,0,0,1,1,1,1,2,0,1,
6,0,0,0,1,1,1,1,2,0,1,
6,0,0,0,1,1,1,1,2,0,1,
7,0,1,1,2,2,2,2,2,1,2,
6,0,0,0,1,1,1,1,2,0,1,
6,0,0,1,1,1,1,1,2,0,1,
6,0,0,1,1,1,2,2,2,0,1,
6,0,0,1,1,1,2,2,2,0,1,
6,0,0,1,1,1,2,2,2,0,1,
8,0,0,1,1,1,2,2,4,0,1,
6,0,0,1,1,1,2,2,2,0,1,
6,0,1,1,1,2,2,2,2,1,2,
6,0,1,1,1,2,2,2,2,1,2,
6,0,1,1,1,2,2,2,2,1,2,
6,0,1,1,2,2,2,2,2,1,2,
6,0,1,1,2,2,2,2,2,1,2,
6,0,0,0,1,1,1,1,1,0,1,
10,0,0,0,1,4,4,4,4,0,4,
6,0,0,0,1,1,1,1,2,0,1,
6,0,0,0,1,1,1,1,2,0,1,
6,0,0,0,1,1,1,1,2,0,1,
7,0,0,1,1,1,2,2,2,0,2,
6,0,0,0,1,1,2,1,2,0,1,
6,0,0,0,1,1,2,2,2,0,1,
6,0,0,1,1,1,2,2,2,0,1,
7,0,0,1,1,2,2,2,2,0,2,
6,0,0,1,1,1,2,2,2,0,2,
6,0,0,1,1,2,2,2,2,0,2,
6,0,1,1,1,2,2,2,2,1,2,
6,0,1,1,1,2,2,2,2,1,2,
6,0,1,1,2,2,2,2,2,1,2,
6,0,1,1,2,2,2,2,2,1,2,
6,0,1,1,2,2,2,2,2,1,2,
6,0,0,0,1,1,1,1,2,0,1,
6,0,0,0,1,1,1,1,2,0,1,
6,0,0,0,1,1,1,1,2,0,1,
6,0,0,0,1,1,1,1,2,0,1,
7,0,0,0,1,1,1,1,2,0,1,
7,0,0,0,0,0,1,0,0,0,0,
6,0,0,0,1,1,2,1,2,0,1,
6,0,0,1,1,1,2,2,2,0,1,
9,0,0,1,1,1,2,2,2,0,1,
6,0,0,1,1,1,2,2,2,0,1,
6,0,0,1,1,1,2,2,2,0,1,
6,0,0,1,1,1,2,2,2,0,1,
37,0,1,1,1,31,31,31,32,0,1,
8,0,1,4,2,2,2,2,2,1,2,
6,0,0,1,1,2,2,2,2,0,2,
6,0,0,1,1,2,2,2,2,1,2,
6,0,1,1,1,2,2,2,2,0,2,
7,0,1,1,2,2,2,2,2,1,2,
6,0,1,1,1,2,2,2,2,1,2,
6,0,1,1,3,2,2,2,2,1,3,
6,0,1,1,2,2,2,2,2,1,2,
6,0,1,1,2,2,2,2,2,1,2,
6,0,1,1,2,2,2,2,2,1,2,
6,0,0,0,1,1,1,1,2,0,1,
6,0,1,0,1,1,1,1,2,0,1,
6,0,0,0,1,1,1,1,2,0,1,
6,0,0,0,1,1,1,1,2,0,1,
6,0,0,0,1,1,1,1,2,0,1,
6,0,0,0,1,1,1,1,2,0,1,
6,0,0,0,1,1,1,1,2,0,1,
6,0,0,0,1,1,1,1,2,0,1,
8,0,0,0,0,0,0,0,0,0,0,
6,0,0,1,1,1,2,2,2,0,1,
6,0,0,1,1,1,2,2,2,0,1,
6,0,0,1,1,2,2,2,2,0,2,
6,0,0,1,1,2,2,2,2,0,2,
6,0,0,1,1,2,2,2,2,0,2,
7,0,0,0,1,1,1,1,2,0,1,
5,0,1,1,1,2,2,2,2,1,2,
5,0,1,1,1,2,2,2,2,1,2,
6,0,1,1,2,2,2,2,2,1,2,
6,0,1,1,2,2,2,2,2,1,2,
7,0,0,1,1,1,2,2,2,0,1,
6,0,0,0,1,1,1,1,1,0,1,
6,0,0,0,1,1,1,1,2,0,1,
6,0,0,0,1,1,1,1,2,0,1,
6,0,0,0,1,1,1,1,2,0,1,
6,0,0,0,1,1,1,1,2,0,1,
6,0,0,0,1,1,1,1,2,0,1,
6,0,0,0,1,1,1,1,2,0,1,
6,0,0,0,1,1,1,1,2,0,1,
6,0,0,1,1,1,2,2,2,0,1,
6,0,0,1,1,1,2,2,2,0,1,
6,0,0,1,1,1,2,2,2,0,1,
6,0,0,1,1,1,2,2,2,0,1,
8,0,0,1,1,1,2,2,2,0,1,
6,0,0,1,1,2,2,2,2,0,2,
6,0,0,1,1,2,2,2,2,0,2,
6,0,0,1,1,2,2,2,2,0,2,
6,0,1,1,1,2,2,2,2,1,2,
5,0,0,0,0,0,0,0,0,0,0,
5,0,1,1,2,2,2,2,2,1,2,
6,0,1,1,2,2,2,2,2,1,2,
6,0,1,1,2,2,2,2,2,1,2,
8,0,1,1,2,2,2,2,2,1,2,
6,0,0,0,1,1,1,1,1,0,1,
6,0,0,0,1,1,1,1,2,0,1,
6,0,0,0,1,1,1,1,2,0,1,
7,0,0,0,1,1,1,1,2,0,1,
6,0,0,0,1,1,1,1,2,0,1,
6,0,0,0,1,1,1,1,2,0,1,
7,0,0,0,3,1,1,1,2,0,3,
6,0,0,0,1,1,1,2,2,0,1,
6,0,0,0,1,1,2,2,2,0,1,
6,0,0,1,1,1,2,2,2,0,1,
6,0,0,1,1,1,2,2,2,0,1,
6,0,0,1,1,1,2,2,2,0,1,
6,0,0,1,1,2,2,2,2,0,2,
6,0,0,1,1,2,2,2,2,0,2,
6,0,0,1,1,2,2,2,2,0,2,
5,0,0,1,1,2,2,2,2,0,2,
6,0,1,1,1,2,2,2,2,1,2,
6,0,1,1,2,2,2,2,2,1,2,
6,0,1,1,2,2,2,2,2,1,2,
6,0,1,1,2,2,2,2,2,1,2,
6,0,0,0,1,1,1,1,1,0,1,
6,0,0,0,1,1,1,1,2,0,1,
6,0,0,0,1,1,1,1,2,0,2,
6,0,0,0,1,1,1,1,2,0,1,
6,0,0,0,1,1,1,1,2,1,2,
6,0,0,0,1,1,1,1,2,0,1,
8,0,0,1,1,1,2,2,4,0,1,
6,0,0,1,1,1,2,2,2,0,1,
6,0,0,1,1,1,2,2,2,0,2,
6,0,0,1,1,2,2,2,2,0,2,
6,0,1,1,1,2,2,2,2,0,2,
6,0,1,1,1,2,2,2,2,0,2,
6,0,1,1,2,2,2,2,2,1,2,
6,0,0,0,1,1,1,1,2,0,1,
6,0,0,0,1,1,1,1,2,0,1,
6,0,1,1,2,2,2,2,2,1,2,
7,0,0,0,1,1,1,1,2,3,1,
8,0,0,3,1,1,1,1,2,0,1,
7,0,3,0,1,1,1,1,2,0,1,
6,0,0,0,1,1,1,1,2,0,1,
8,0,0,0,1,4,1,1,2,0,1,
6,0,0,0,1,1,1,1,2,0,1,
6,0,0,1,1,2,2,2,2,0,2,
6,0,0,1,1,1,2,2,2,0,1,
6,0,0,1,1,1,2,2,2,0,1,
6,0,0,1,1,1,2,2,2,0,1,
6,0,0,1,1,2,2,2,2,0,2,
9,0,1,1,1,2,2,2,5,0,2,
6,0,1,1,2,2,2,2,2,1,2,
7,0,0,0,1,1,1,1,2,0,1,
6,0,1,1,2,2,2,2,2,1,2,
6,0,1,1,2,2,2,2,2,1,2,
6,0,0,0,1,1,1,1,2,0,1,
6,0,0,0,1,1,1,1,2,0,1,
6,0,0,0,1,1,2,1,2,0,1,
7,0,0,0,0,0,0,0,0,0,0,
8,0,0,1,1,1,2,2,4,0,1,
6,0,0,1,1,2,2,2,2,0,2,
6,0,0,1,1,2,2,2,2,0,2,
7,0,0,0,1,1,1,1,2,0,1,
6,0,1,1,1,2,2,2,2,0,2,
5,0,1,1,1,2,2,2,2,0,2,
5,0,1,1,1,2,2,2,2,0,2,
6,0,1,1,2,2,2,2,2,1,2,
6,0,1,1,2,2,2,2,2,1,2,
6,0,1,1,2,2,2,2,2,1,2,
7,0,0,1,1,1,2,2,2,0,1,
8,0,0,0,1,1,1,1,2,0,1,
6,0,0,0,1,1,1,1,2,0,1,
6,0,0,0,1,1,1,1,2,0,1,
6,0,0,0,1,1,1,1,2,0,1,
6,0,0,0,1,1,1,1,2,0,1,
6,0,0,1,1,1,2,2,2,0,1,
6,0,0,1,1,1,2,2,2,0,1,
6,0,0,1,1,1,2,2,2,0,1,
6,0,0,1,1,2,2,2,2,0,2,
8,0,3,4,3,3,4,3,4,0,4,
5,0,1,1,1,2,2,2,2,0,2,
6,0,1,1,2,2,2,2,2,1,2,
6,0,1,1,2,2,2,2,2,1,2,
6,0,1,1,2,2,2,2,2,1,2,
6,0,1,1,2,2,2,2,2,1,2,
6,0,0,0,1,1,1,1,2,0,1,
6,0,0,0,1,1,1,1,2,0,1,
6,0,0,0,1,1,1,1,2,0,1,
6,0,0,0,1,1,1,1,2,0,1,
6,0,0,0,1,1,1,2,2,0,1,
6,0,0,1,1,1,2,2,2,0,1,
6,0,0,1,1,2,2,2,2,0,2,
6,0,0,1,1,1,2,2,2,0,1,
6,0,0,1,1,1,2,2,2,0,1,
6,0,0,1,1,2,2,2,2,1,2,
6,0,1,1,1,2,2,2,2,0,2,
5,0,1,1,1,2,2,2,2,1,2,
6,0,1,1,2,2,2,2,2,1,2,
6,0,1,1,2,2,2,2,2,1,2,
6,0,1,1,2,2,2,2,2,1,2,
6,0,0,0,1,1,1,1,1,0,1,
6,0,0,0,1,1,1,1,2,0,1,
6,0,0,0,1,1,1,1,2,0,1,
6,0,0,0,1,1,1,1,2,0,1,
7,0,0,0,1,1,1,1,2,0,1,
6,0,0,0,1,1,1,1,2,0,1,
6,0,0,1,1,1,2,2,2,0,1,
6,0,0,1,1,1,2,2,2,0,1,
6,0,0,1,1,1,2,2,2,0,1,
6,0,0,1,1,1,2,2,2,0,2,
6,0,0,1,1,2,2,2,2,0,2,
6,0,0,1,1,2,2,2,2,0,2,
6,0,1,1,1,2,2,2,2,0,2,
6,0,1,1,2,2,2,2,2,1,2,
7,0,2,1,3,2,2,2,2,1,3,
6,0,0,0,1,1,1,1,1,0,1,
6,0,0,0,1,1,1,1,1,0,1,
6,0,0,0,1,1,1,1,2,0,1,
6,0,0,0,1,1,1,1,2,0,1,
6,0,0,0,1,1,1,1,2,0,1,
6,0,0,0,1,1,1,1,2,0,1,
6,0,0,0,1,1,1,1,2,0,1,
6,0,0,0,1,1,1,1,2,0,1,
6,0,0,1,1,1,1,2,2,0,1,
6,0,0,1,1,1,2,2,2,0,1,
6,0,0,1,1,2,2,2,2,0,2,
6,0,0,1,1,1,2,2,2,0,2,
6,0,1,1,1,2,2,2,2,1,2,
6,0,0,1,1,2,2,2,2,0,2,
5,0,1,1,2,2,2,2,2,1,2,
6,0,1,1,2,2,2,2,2,1,2,
6,0,1,1,2,2,2,2,2,1,2,
6,0,1,1,2,2,2,2,2,1,2,
6,0,1,1,2,2,2,2,3,1,2,
6,0,0,0,1,1,1,1,2,0,1,
6,0,0,0,1,1,1,1,2,0,1,
6,0,0,0,1,1,1,1,2,0,1,
6,0,0,0,1,1,1,1,2,0,1,
6,0,0,0,1,1,1,1,2,0,1,
9,0,0,1,1,3,2,2,5,0,1,
6,0,0,1,1,1,2,2,2,0,1,
6,0,0,1,1,1,2,2,2,0,1,
6,0,0,1,1,1,2,2,2,0,2,
6,0,1,1,1,2,2,2,2,0,2,
5,0,1,1,1,2,2,2,2,1,2,
5,0,1,1,1,2,2,2,2,1,2,
6,0,1,1,2,2,2,2,2,1,2,
6,0,1,1,2,2,2,2,2,1,2,
6,0,1,1,2,2,2,2,2,1,2,
6,0,0,0,1,1,1,1,2,0,1,
6,0,0,0,1,1,1,1,2,0,1,
7,0,1,1,1,2,2,2,2,0,2,
6,0,0,0,1,1,1,1,2,0,1,
7,0,0,0,1,2,1,1,2,0,1,
6,0,0,1,1,1,2,2,2,0,1,
6,0,1,1,1,1,2,2,2,1,1,
6,0,0,1,1,1,2,2,2,0,1,
6,0,0,1,1,1,2,2,2,0,1,
6,0,0,1,1,1,2,2,2,0,1,
6,0,0,1,1,2,2,2,2,0,2,
9,0,0,1,1,2,2,2,5,0,2,
5,0,1,1,1,2,2,2,2,1,2,
6,0,1,1,2,2,2,2,2,1,2,
6,0,1,1,2,2,2,2,2,1,2,
6,0,1,1,2,2,2,2,2,1,2,
6,0,0,0,1,1,1,1,2,0,1,
6,0,0,0,1,1,1,1,2,0,1,
6,0,0,0,1,1,1,1,2,0,1,
8,0,0,0,1,1,4,4,4,0,1,
7,0,1,1,1,2,2,2,2,1,2,
6,0,0,0,1,1,1,1,2,0,1,
6,0,0,1,1,1,2,2,2,0,1,
8,0,0,1,1,2,2,2,2,0,2,
6,0,0,1,1,1,2,2,2,0,1,
8,0,0,1,1,3,2,2,2,0,1,
6,0,0,1,1,2,2,2,2,0,2,
6,0,1,1,1,2,2,2,2,1,2,
6,0,1,1,1,2,2,2,2,1,2,
5,0,1,1,1,2,2,2,2,1,2,
8,0,0,0,1,1,1,1,1,0,1,
8,0,1,1,2,2,2,2,2,1,2,
6,0,0,0,1,1,1,1,2,0,1,
6,0,0,0,1,1,1,1,2,0,1,
6,0,0,0,1,1,1,1,2,0,1,
6,0,0,0,1,1,1,1,2,0,1,
6,0,0,0,1,1,1,2,2,0,1,
6,0,0,0,1,1,1,2,2,0,1,
6,0,0,0,1,1,1,1,2,0,1,
6,0,0,1,1,1,2,2,2,0,1,
6,0,0,1,1,2,2,2,2,0,2,
6,0,0,1,1,1,2,2,2,0,2,
6,0,0,1,1,2,2,2,2,0,2,
7,0,0,1,1,2,2,2,2,1,2,
5,0,1,1,1,2,2,2,2,1,2,
5,0,1,1,1,2,2,2,2,1,2,
6,0,1,1,2,2,2,2,2,1,2,
6,0,1,1,2,2,2,2,2,1,2,
6,0,1,1,2,2,2,2,3,1,2,
6,0,0,0,1,1,1,1,2,0,1,
6,0,0,0,1,1,1,1,2,0,1,
6,0,0,0,1,1,1,1,2,0,1,
7,0,0,0,1,1,1,1,2,0,1,
26,0,1,3,2,2,2,2,2,1,2,
7,0,0,1,1,1,2,2,2,0,1,
6,0,0,1,1,1,2,2,2,0,1,
6,0,0,1,2,1,2,2,2,0,2,
6,0,0,1,1,2,2,2,2,0,2,
6,0,0,1,1,2,2,2,2,0,2,
6,0,0,1,1,2,2,2,2,0,2,
5,0,0,1,1,2,2,2,2,0,2,
5,0,1,1,2,2,2,2,2,1,2,
6,0,1,1,2,2,2,2,2,1,2,
6,0,1,1,2,2,2,2,2,1,2,
7,0,1,1,2,2,2,2,2,1,2,
6,0,0,0,1,1,1,1,2,0,1,
6,0,0,0,1,1,1,1,2,0,1,
6,0,0,0,1,1,1,1,2,0,1,
6,0,0,0,1,1,1,1,2,0,1,
6,0,0,0,1,1,1,1,2,0,1,
6,0,0,0,1,1,1,2,2,0,1,
6,0,0,1,1,1,2,2,2,0,1,
6,0,0,1,1,1,2,2,2,0,1,
6,0,0,1,1,2,2,2,2,0,2,
6,0,0,1,1,2,2,2,2,0,2,
6,0,0,1,3,1,2,2,2,0,3,
5,0,1,1,1,2,2,2,2,0,2,
5,0,1,1,1,2,2,2,2,1,2,
5,0,1,1,2,2,2,2,2,1,2,
6,0,1,1,2,2,2,2,2,1,2,
6,0,1,1,2,2,2,2,2,1,2,
6,0,0,0,1,1,1,1,2,0,1,
6,0,0,0,1,1,1,1,2,0,1,
6,0,0,0,1,1,1,1,2,0,1,
6,0,0,0,1,1,1,1,2,0,1,
7,0,0,0,1,1,1,1,2,0,1,
6,0,0,1,1,1,1,2,2,0,1,
6,0,0,1,1,1,2,2,2,0,1,
7,0,0,1,1,3,2,2,2,0,1,
6,0,0,1,1,1,2,2,2,0,1,
6,0,0,1,1,2,2,2,2,0,2,
5,0,0,1,1,2,2,2,2,0,2,
5,0,0,1,1,2,2,2,2,0,2,
5,0,1,1,1,2,2,2,2,1,2,
5,0,1,1,2,2,2,2,2,1,2,
6,0,1,1,2,2,2,2,2,1,2,
6,0,1,1,2,2,2,2,2,1,2,
6,0,1,1,2,2,2,2,3,1,2,
6,0,0,0,1,1,1,1,2,0,1,
6,0,0,0,1,1,1,1,2,0,1,
6,0,0,0,1,1,1,1,2,0,1,
6,0,0,0,1,1,1,1,2,0,1,
6,0,0,1,1,1,2,2,2,0,1,
6,0,0,1,1,1,2,2,2,0,1,
6,0,0,1,1,1,2,2,2,0,1,
6,0,0,1,1,1,2,2,2,0,1,
9,0,0,1,1,1,2,2,2,0,1,
5,0,0,1,1,2,2,2,2,0,2,
8,0,1,1,4,4,5,4,4,0,4,
5,0,1,1,1,2,2,2,2,1,2,
6,0,1,1,2,2,2,2,2,1,2,
6,0,1,1,2,2,2,2,2,1,2,
6,0,0,0,1,1,1,1,2,0,1,
6,0,0,0,1,1,1,1,2,0,1,
6,0,0,0,1,1,1,1,2,0,1,
6,0,0,0,1,1,1,1,2,0,1,
6,0,0,0,1,1,1,1,2,0,1,
6,0,0,1,1,1,2,2,2,0,1,
6,0,0,1,1,1,2,2,2,0,1,
9,0,0,0,1,1,1,1,2,0,1,
6,0,0,1,1,1,2,2,2,0,1,
6,0,0,1,1,1,2,2,2,0,1,
7,0,0,1,1,2,2,2,2,0,2,
5,0,1,1,1,2,2,2,2,0,2,
5,0,0,1,1,1,2,2,2,0,2,
5,0,1,1,1,2,2,2,2,1,2,
5,0,1,1,2,2,2,2,2,1,2,
6,0,1,1,2,2,2,2,2,1,2,
6,0,0,0,1,1,1,1,1,0,1,
7,0,0,0,0,0,1,0,0,0,0,
6,0,0,0,1,1,1,1,2,0,1,
6,0,0,0,1,1,1,1,2,0,1,
6,0,0,0,1,1,1,1,2,0,1,
6,0,0,1,1,1,2,2,2,0,1,
6,0,0,0,1,1,1,2,2,0,1,
6,0,0,1,1,1,2,2,2,0,1,
6,0,0,1,1,1,2,2,2,0,1,
6,0,0,1,1,2,2,2,2,0,2,
6,0,0,1,1,2,2,2,2,0,2,
5,0,0,1,1,2,2,2,2,0,2,
5,0,1,1,1,2,2,2,2,0,2,
5,0,1,1,1,2,2,2,2,1,2,
6,0,1,1,2,2,2,2,2,1,2,
8,0,1,1,4,2,2,2,2,1,5,
6,0,1,1,2,2,2,2,2,1,2,
6,0,0,0,1,1,1,1,1,0,1,
6,0,0,0,1,1,1,1,2,0,1,
6,0,0,0,1,1,1,1,2,0,1,
6,0,0,0,1,1,1,1,2,0,1,
6,0,0,0,1,1,1,1,2,0,1,
6,0,0,0,0,0,1,1,1,0,0,
6,0,0,1,1,1,2,2,2,0,1,
6,0,1,1,2,2,2,2,2,1,2,
8,0,1,1,1,2,2,2,2,0,2,
6,0,0,1,1,2,2,2,2,1,2,
5,0,0,1,1,2,2,2,2,0,2,
5,0,1,1,1,2,2,2,2,1,2,
6,0,1,1,2,2,2,2,2,1,2,
6,0,1,1,2,2,2,2,2,1,2,
6,0,1,1,2,2,2,2,2,1,2,
6,0,0,0,1,1,1,1,1,0,1,
6,0,0,0,1,1,1,1,2,0,1,
6,0,0,0,1,1,1,1,2,0,1,
6,0,0,0,1,1,1,1,2,0,1,
8,0,0,0,4,1,1,1,2,0,4,
6,0,0,0,1,1,1,1,2,0,1,
6,0,0,1,1,1,2,2,2,0,1,
6,0,0,1,1,1,2,2,2,0,1,
6,0,0,1,1,1,2,2,2,0,1,
6,0,0,1,1,1,2,2,2,0,1,
6,0,0,1,1,1,2,2,2,0,2,
5,0,1,1,1,2,2,2,2,0,2,
5,0,1,1,2,2,2,2,2,1,2,
5,0,1,1,1,2,2,2,2,1,2,
6,0,1,1,2,2,2,2,2,1,2,
6,0,1,1,2,2,2,2,2,1,2,
8,0,0,0,1,1,1,1,2,0,1,
6,0,0,0,1,1,1,1,2,0,1,
6,0,0,0,1,1,1,1,2,0,1,
6,0,0,0,1,1,1,1,2,0,1,
6,0,0,0,1,1,1,1,2,0,1,
6,0,0,1,1,1,2,2,2,0,1,
8,0,0,1,3,3,4,3,3,0,3,
6,0,0,1,1,1,2,2,2,0,1,
6,0,0,1,1,1,2,2,2,0,2,
6,0,0,1,1,2,2,2,2,0,2,
6,0,1,1,1,2,2,2,2,0,2,
5,0,1,1,1,2,2,2,2,0,2,
6,0,1,1,2,2,2,2,2,1,2,
8,0,1,1,2,2,2,2,5,1,2,
6,0,1,1,2,2,2,2,2,1,2,
6,0,1,1,2,2,2,2,2,1,2,
6,0,0,0,1,1,1,1,2,0,1,
6,0,0,0,1,1,1,1,2,0,1,
6,0,0,0,1,1,1,1,2,0,1,
6,0,0,0,1,1,1,1,2,0,1,
6,0,0,0,1,1,1,2,2,0,1,
6,0,0,1,1,1,1,2,2,0,1,
6,0,0,1,1,1,2,2,2,0,1,
6,1,0,1,1,1,2,2,2,1,1,
6,0,1,1,1,2,2,2,2,1,2,
9,0,1,1,2,2,2,2,2,1,2,
5,0,1,1,1,2,2,2,2,0,2,
7,0,1,1,1,4,2,2,2,0,2,
5,0,1,1,2,2,2,2,2,1,2,
6,0,1,1,2,2,2,2,2,1,2,
6,0,1,1,2,2,2,2,2,1,2,
6,0,0,0,1,1,1,1,2,0,1,
6,0,0,0,1,1,1,1,2,0,1,
6,0,0,0,1,1,1,1,2,0,1,
9,0,0,0,1,1,1,1,2,0,1,
6,0,0,0,1,1,1,1,2,0,1,
6,0,0,1,1,1,2,2,2,0,1,
6,0,0,0,1,1,1,2,2,0,1,
6,0,0,1,1,1,2,2,2,0,1,
6,0,0,1,1,1,2,2,2,0,1,
6,0,0,1,1,2,2,2,2,0,2,
6,0,0,1,1,2,2,2,2,0,2,
8,0,0,1,1,2,5,5,5,0,2,
5,0,1,1,1,2,2,2,2,0,2,
5,0,1,1,2,2,2,2,2,1,2,
6,0,1,1,2,2,2,2,2,1,2,
8,0,1,1,2,2,2,2,2,1,2,
6,0,1,1,2,2,2,2,2,1,2,
7,0,0,0,1,3,1,1,2,0,1,
6,0,0,0,1,1,1,1,2,0,1,
6,0,0,0,1,1,1,1,2,0,1,
6,0,0,0,1,1,1,1,2,0,1,
6,0,0,0,1,1,2,2,2,0,1,
8,0,0,0,1,1,1,1,2,0,1,
8,0,0,1,1,1,2,2,2,0,1,
6,0,0,1,1,1,2,2,2,0,1,
6,0,0,1,1,2,2,2,2,0,2,
6,0,0,1,1,2,2,2,2,0,2,
5,0,0,1,1,2,2,2,2,0,2,
5,0,1,1,1,2,2,2,2,1,2,
6,0,1,1,2,2,2,2,2,1,2,
6,0,1,1,2,2,2,2,2,1,2,
6,0,1,1,2,2,2,2,2,1,2,
6,0,1,1,2,2,2,2,3,1,2,
6,0,0,0,1,1,1,1,2,0,1,
6,0,0,0,1,1,1,1,2,0,1,
6,0,0,0,1,1,1,1,2,0,1,
6,0,0,0,1,1,1,1,2,0,1,
7,0,0,0,1,1,1,2,2,0,1,
6,0,0,1,1,1,2,2,2,0,1,
6,0,0,1,1,1,2,2,2,0,1,
6,0,0,1,1,1,2,2,2,0,1,
6,0,0,1,1,2,2,2,2,0,2,
6,0,0,1,1,2,2,2,2,0,2,
6,0,0,0,1,1,1,1,2,0,1,
7,0,1,1,2,2,2,2,2,1,2,
6,0,1,1,2,2,2,2,2,1,2,
6,0,1,1,2,2,2,2,2,1,2,
6,0,1,1,2,2,2,2,2,1,2,
6,0,0,0,1,1,1,1,2,0,1,
6,0,0,0,1,1,1,1,2,0,1,
6,0,0,0,1,1,1,1,2,0,1,
6,0,0,0,1,1,1,1,2,0,1,
6,0,0,0,1,1,1,1,2,0,1,
6,0,0,0,1,1,1,2,2,0,1,
6,0,0,1,1,1,2,2,2,0,1,
6,0,0,1,1,1,2,2,2,0,1,
7,0,0,1,1,1,2,2,2,0,1,
6,0,0,1,1,2,2,2,2,0,2,
6,0,0,1,1,2,2,2,2,0,2,
5,0,0,1,1,2,2,2,2,0,2,
5,0,1,1,1,2,2,2,2,0,2,
5,0,1,1,1,2,2,2,2,1,2,
5,0,1,1,2,2,2,2,2,1,2,
6,0,1,1,2,2,2,2,2,1,2,
6,0,0,0,1,1,1,1,2,0,1,
6,0,0,0,1,1,1,1,2,0,1,
6,0,0,0,1,1,1,1,2,0,1,
7,0,0,1,2,1,1,2,2,0,2,
6,0,0,0,1,1,1,1,2,0,1,
6,0,0,1,1,1,1,2,2,0,1,
6,0,0,1,1,1,2,2,2,0,1,
6,0,0,1,1,1,2,2,2,0,1,
6,0,0,1,1,1,2,2,2,0,1,
7,0,0,0,0,0,0,0,0,0,0,
6,0,0,1,1,2,2,2,2,0,2,
5,0,0,1,1,2,2,2,2,0,2,
5,0,1,1,1,2,2,2,2,1,2,
7,0,1,1,1,2,2,2,2,1,2,
6,0,1,1,2,2,2,2,2,1,2,
6,0,1,1,2,2,2,2,2,1,2,
6,0,0,0,1,1,1,1,2,0,1,
6,0,0,0,1,1,1,1,2,0,1,
6,0,0,0,1,1,1,1,2,0,1,
6,0,0,0,1,1,1,1,2,0,1,
6,0,0,0,1,1,1,1,2,0,1,
6,0,0,1,1,1,2,2,2,0,1,
6,0,0,1,1,1,2,2,2,0,1,
6,0,0,1,1,1,2,2,2,0,1,
6,0,0,1,1,1,2,2,2,0,1,
6,0,0,1,2,2,2,2,2,0,2,
6,0,0,1,1,2,2,2,2,1,2,
6,0,1,1,1,2,2,2,2,0,2,
6,0,1,1,2,2,2,2,2,1,2,
5,0,1,1,2,2,2,2,2,1,2,
6,0,1,1,2,2,2,2,2,1,2,
6,0,1,1,2,2,2,2,2,1,2,
6,0,0,0,1,1,1,1,1,0,1,
6,0,0,0,1,1,1,1,2,0,1,
9,0,0,0,1,1,1,1,2,0,1,
6,0,0,0,1,1,1,1,2,0,1,
8,0,0,0,4,4,4,4,4,0,4,
6,0,0,0,1,1,1,1,2,0,1,
6,0,0,0,1,1,1,2,2,0,1,
6,0,0,1,1,1,2,2,2,0,1,
6,0,1,1,1,2,2,2,2,0,2,
6,0,0,1,1,2,2,2,2,0,2,
6,0,0,1,1,2,2,2,2,0,2,
5,0,0,1,1,2,2,2,2,0,2,
5,0,0,1,1,2,2,2,2,0,2,
5,0,1,1,2,2,2,2,2,1,2,
6,0,1,1,2,2,2,2,2,1,2,
7,0,1,1,2,2,2,3,2,1,2,
6,0,0,0,1,1,1,1,1,0,1,
6,0,0,0,1,1,1,1,2,0,1,
6,0,0,0,1,1,1,1,2,0,1,
6,0,0,0,1,1,1,1,2,0,1,
7,0,0,0,1,3,1,1,2,0,1,
6,0,0,0,1,1,1,1,2,0,1,
6,0,0,0,1,1,1,2,2,0,1,
6,0,0,1,1,1,2,2,2,0,1,
6,0,0,1,1,1,2,2,2,0,1,
8,0,0,3,3,3,4,3,3,0,3,
6,0,0,1,1,1,2,2,2,0,1,
5,0,0,1,1,2,2,2,2,0,2,
5,0,1,1,1,2,2,2,2,1,2,
8,0,0,1,1,2,2,2,2,0,2,
6,0,1,1,2,2,2,2,2,1,2,
6,0,0,0,1,1,1,1,1,0,1,
6,0,0,0,1,1,1,1,2,0,1,
6,0,0,0,1,1,1,1,2,0,1,
6,0,0,0,1,1,1,1,2,0,1,
6,0,0,0,1,1,1,1,2,0,1,
6,0,1,1,2,2,2,2,2,1,2,
8,0,0,0,1,1,1,2,2,0,1,
6,0,0,1,1,1,2,2,2,0,1,
6,0,0,1,1,1,2,2,2,0,1,
6,0,0,1,1,1,2,2,2,0,1,
6,0,0,1,1,1,2,2,2,0,1,
6,0,0,1,1,2,2,2,2,0,2,
5,0,1,1,1,2,2,2,2,1,2,
8,0,1,1,2,2,2,2,2,1,2,
5,0,1,1,2,2,2,2,2,1,2,
7,0,1,1,1,1,1,1,1,0,1,
6,0,0,0,1,1,1,1,2,0,1,
6,0,0,0,1,1,1,1,2,0,1,
9,0,0,0,1,1,1,1,2,0,1,
6,0,0,0,1,1,1,1,2,0,1,
6,0,0,0,1,1,1,1,2,0,1,
6,0,0,0,1,1,1,1,2,0,1,
6,0,0,0,1,1,2,2,2,0,1,
6,0,0,1,1,1,2,2,2,0,1,
6,0,0,1,1,1,2,2,2,0,1,
6,0,0,1,1,1,2,2,2,0,1,
7,0,0,0,1,1,1,1,2,0,1,
8,0,0,1,1,2,2,2,2,0,2,
5,0,1,1,1,2,2,2,2,1,2,
6,0,1,1,2,2,2,2,2,1,2,
5,0,1,1,2,2,2,2,2,1,2,
6,0,1,1,2,2,2,2,2,1,2,
6,0,0,0,1,1,1,1,1,0,1,
6,0,1,1,2,2,2,2,2,1,2,
6,0,0,0,1,1,1,1,2,0,1,
6,0,0,0,1,1,1,1,2,0,1,
6,0,0,0,1,1,1,1,2,0,1,
6,0,0,0,1,1,1,1,2,0,1,
6,0,0,0,1,1,1,2,2,0,1,
6,0,0,1,1,1,2,2,2,0,1,
6,0,0,1,1,1,2,2,2,0,1,
6,0,0,1,1,1,2,2,2,0,1,
6,0,0,1,1,2,2,2,2,0,2,
6,0,0,1,1,2,2,2,2,0,2,
5,0,0,0,0,1,1,1,1,0,1,
5,0,1,1,1,2,2,2,2,0,2,
5,0,1,1,2,2,2,2,2,1,2,
5,0,1,1,2,2,2,2,2,1,2,
7,0,0,0,1,1,1,1,2,0,1,
6,0,1,1,2,2,2,2,2,1,2,
6,0,1,1,2,2,2,2,2,1,2,
6,0,0,0,1,1,1,1,2,0,1,
8,0,0,0,1,1,1,1,2,0,1,
6,0,0,0,1,1,1,1,2,0,1,
8,0,0,0,1,1,1,1,3,0,1,
6,0,0,0,1,1,1,1,2,0,1,
6,0,0,0,1,1,1,1,2,0,1,
6,0,0,1,1,1,2,2,2,0,1,
6,0,0,1,1,1,2,2,2,0,1,
6,0,0,1,1,1,2,2,2,0,1,
6,0,1,1,1,1,2,2,2,1,1,
6,0,0,1,1,2,2,2,2,0,2,
6,0,0,1,1,1,2,2,2,0,2,
5,0,1,1,1,2,2,2,2,0,2,
5,0,1,1,1,2,2,2,2,0,2,
7,0,1,4,2,2,2,2,2,1,2,
6,0,3,1,2,2,3,2,3,1,2,
6,0,1,1,2,2,2,2,2,1,2,
7,0,0,0,1,3,1,1,2,0,1,
6,0,0,0,1,1,1,1,2,0,1,
6,0,0,0,1,1,1,1,2,0,1,
6,0,0,0,1,1,1,1,2,0,1,
6,0,0,0,1,1,1,2,2,0,1,
6,0,0,0,1,1,1,2,2,0,1,
6,0,0,1,1,1,2,2,2,0,1,
9,0,0,1,1,1,2,2,4,0,1,
6,0,0,1,1,1,2,2,2,0,1,
6,0,0,1,1,1,2,2,2,0,1,
6,0,0,1,1,1,2,2,2,0,1,
5,0,0,1,1,2,2,2,2,1,2,
5,0,1,1,1,2,2,2,2,1,2,
5,0,1,1,2,2,2,2,2,1,2,
6,0,1,1,2,2,2,2,2,1,2,
8,0,1,1,4,4,5,4,4,1,4,
6,0,0,0,1,1,1,1,2,0,1,
6,0,0,0,1,1,1,1,2,0,1,
6,0,0,0,1,1,1,1,2,0,1,
6,0,0,0,1,1,1,1,2,0,1,
6,0,0,0,1,1,1,1,2,0,1,
6,0,0,0,1,1,1,1,2,0,1,
6,0,0,0,1,1,1,2,2,0,1,
6,0,0,0,1,1,1,2,2,0,1,
6,0,0,1,1,1,2,2,2,0,1,
6,0,0,1,1,1,2,2,2,0,1,
7,0,0,1,1,1,2,3,2,0,1,
6,0,0,1,1,2,2,2,2,0,2,
8,0,0,1,1,2,2,2,3,0,2,
5,0,1,1,2,2,2,2,2,0,2,
5,0,1,1,1,2,2,2,2,0,2,
5,0,1,1,1,2,2,2,2,0,2,
5,0,1,1,2,2,2,2,2,1,2,
6,0,1,1,2,2,2,2,2,1,2,
6,0,1,1,2,2,2,2,2,1,2,
6,0,0,0,1,1,1,1,1,0,1,
6,0,0,0,1,1,1,1,2,0,1,
7,0,0,0,1,1,1,1,2,0,1,
6,0,0,0,1,1,1,1,2,0,1,
6,0,0,0,1,1,1,1,2,0,1,
6,0,0,0,1,1,1,1,2,0,1,
6,0,0,0,1,1,1,1,2,0,1,
6,0,0,0,1,1,1,2,2,0,1,
6,0,0,0,1,1,2,2,2,0,1,
6,0,0,1,1,1,2,2,2,0,1,
6,0,0,1,1,1,2,2,2,0,1,
6,0,0,1,1,1,2,2,2,0,1,
8,0,0,1,1,1,2,2,2,0,1,
9,0,0,1,1,2,2,2,2,0,2,
5,0,0,1,1,2,2,2,2,0,2,
5,0,1,1,1,2,2,2,2,0,2,
5,0,1,1,1,2,2,2,2,1,2,
5,0,1,1,1,2,2,2,2,1,2,
5,0,1,1,2,2,2,2,2,1,2,
6,0,1,1,2,2,2,2,2,1,2,
6,0,1,1,2,2,2,2,3,1,2,
6,0,0,0,1,1,1,1,2,0,1,
6,0,0,0,1,1,1,1,2,0,1,
6,0,0,0,1,1,1,1,2,0,1,
6,2,0,0,1,1,1,1,2,2,1,
9,0,0,0,1,1,1,1,2,0,1,
6,0,0,0,1,1,1,1,2,0,1,
6,0,0,0,1,1,1,1,2,0,1,
5,0,0,1,1,2,2,2,2,0,2,
6,0,0,1,1,1,2,2,2,0,1,
6,0,0,1,1,1,2,2,2,0,1,
6,0,0,1,1,1,2,2,2,0,1,
7,0,0,1,1,1,2,2,2,0,2,
6,0,0,1,1,2,2,2,2,0,2,
6,0,0,1,1,2,2,2,2,0,2,
5,0,1,1,1,2,2,2,2,0,2,
6,0,0,1,3,1,2,2,2,0,3,
5,0,1,1,1,2,2,2,2,1,2,
5,0,1,1,2,2,2,2,2,1,2,
5,0,1,1,2,2,2,2,2,1,2,
6,0,1,1,2,2,2,2,2,1,2,
6,0,0,0,1,1,1,1,2,0,1,
6,0,0,0,1,1,1,1,2,0,1,
6,0,0,0,1,1,1,1,2,0,1,
6,0,0,0,1,1,1,1,2,0,1,
6,0,0,0,1,1,1,1,2,0,1,
7,0,0,0,1,1,1,1,2,0,1,
6,0,0,0,1,1,1,1,2,0,1,
6,0,0,0,1,1,1,1,2,0,1,
6,0,0,1,1,1,2,2,2,0,1,
7,0,0,1,2,1,2,2,2,0,3,
6,0,0,1,1,1,2,2,2,0,1,
6,0,0,1,1,1,2,2,2,0,1,
6,0,0,1,1,1,2,2,2,0,1,
6,0,0,1,1,2,2,2,2,0,2,
9,0,0,3,1,2,2,2,2,0,2,
5,0,0,1,1,2,2,2,2,0,2,
7,0,0,0,1,1,1,1,2,0,1,
5,0,1,1,1,2,2,2,2,1,2,
6,0,0,0,0,0,1,0,0,0,0,
6,0,1,1,2,2,2,2,2,1,2,
6,0,1,1,2,2,2,2,2,1,2,
6,0,1,1,2,2,2,2,2,1,2,
6,0,0,0,1,1,1,1,1,0,1,
6,0,0,0,1,1,1,1,2,0,1,
6,0,0,0,1,1,1,1,2,0,1,
6,0,0,0,1,1,1,1,2,0,1,
6,0,0,0,1,1,1,1,2,0,1,
6,0,0,0,1,1,1,1,2,0,1,
6,0,0,0,1,1,1,1,2,0,1,
6,0,0,0,1,1,2,2,2,0,1,
6,0,0,0,1,1,1,2,2,0,1,
6,0,0,1,1,1,2,2,2,0,1,
6,0,0,1,1,1,2,2,2,0,1,
6,0,0,1,1,1,2,2,2,0,1,
6,0,0,1,1,2,2,2,2,0,2,
6,0,0,1,1,2,2,2,2,1,2,
6,0,1,2,1,2,3,2,2,0,2,
6,0,1,1,2,2,2,2,2,1,3,
6,0,1,1,1,2,2,2,3,1,2,
6,0,1,1,2,2,2,2,2,1,2,
5,0,1,1,2,2,2,2,2,1,2,
8,0,1,1,2,3,2,2,5,1,2,
6,0,1,1,2,2,2,2,2,1,2,
6,0,0,0,1,1,1,1,2,0,1,
6,0,0,0,1,1,1,1,2,0,1,
6,0,0,0,1,1,1,1,2,0,1,
6,0,0,0,1,1,1,1,2,0,1,
6,0,0,0,1,1,1,1,2,0,1,
6,0,0,0,1,1,1,1,2,0,1,
6,0,0,0,1,1,1,1,2,0,1,
6,0,0,0,1,1,1,1,2,0,1,
6,0,0,1,1,1,2,2,2,0,1,
7,0,0,3,1,2,2,2,2,0,2,
7,0,3,1,1,1,2,2,2,0,1,
6,0,0,1,1,1,2,2,2,0,2,
7,0,0,1,1,3,2,2,2,0,1,
6,0,0,1,1,2,2,2,2,0,2,
5,0,0,1,1,2,2,2,2,0,2,
5,0,1,1,1,2,2,2,2,1,2,
8,0,1,1,2,2,2,2,4,1,2,
8,0,1,3,4,5,5,5,5,1,4,
5,0,1,1,2,2,2,2,2,1,2,
6,0,0,0,1,1,1,1,2,0,1,
6,0,0,0,1,1,1,1,2,0,1,
6,0,0,0,1,1,1,1,1,0,1,
6,0,0,0,1,1,1,1,2,0,1,
6,0,0,0,1,1,1,1,2,0,1,
6,0,0,1,1,1,2,2,2,0,1,
6,0,0,0,1,1,1,1,2,0,1,
6,0,0,0,1,1,1,1,2,0,1,
9,0,0,0,1,1,1,1,5,0,1,
6,0,0,0,1,1,2,2,2,0,1,
6,0,0,1,1,1,2,2,2,0,1,
6,0,0,1,1,2,2,2,2,0,2,
6,0,0,1,1,1,2,2,2,0,1,
6,0,0,1,1,1,2,2,2,0,1,
6,0,0,1,1,1,2,2,2,0,2,
6,0,1,1,1,2,2,2,2,0,2,
5,0,1,1,2,2,2,2,2,0,2,
6,0,1,1,1,2,2,2,3,1,2,
5,0,1,1,2,2,2,2,2,1,2,
5,0,0,0,1,1,1,1,1,0,1,
5,0,1,1,2,2,2,2,2,1,2,
6,0,1,1,2,2,2,2,2,1,2,
8,0,0,0,1,1,1,1,2,0,4,
6,0,1,1,2,2,2,2,2,1,2,
6,0,0,0,1,1,1,1,2,0,1,
6,0,0,0,1,1,1,1,2,0,1,
6,0,0,0,1,1,2,2,2,0,1,
6,0,0,0,2,1,1,1,2,0,2,
6,0,0,0,1,1,2,1,2,0,1,
7,0,0,0,0,0,0,0,0,0,0,
6,0,0,0,1,1,2,2,2,0,1,
6,0,0,1,1,1,2,2,2,0,1,
9,0,0,1,1,1,2,2,2,0,1,
6,0,0,1,1,1,2,2,2,0,1,
6,0,0,1,1,1,2,2,2,0,1,
6,0,0,1,1,1,2,2,2,0,2,
6,0,0,1,1,2,2,2,2,0,2,
5,0,1,1,1,2,2,2,2,0,2,
6,0,1,1,2,2,2,2,3,1,2,
5,0,1,1,2,2,2,2,2,1,2,
5,0,1,1,2,2,2,2,2,1,2,
8,0,0,1,1,1,2,2,2,0,1,
6,0,0,0,1,1,1,1,1,0,1,
7,0,0,0,2,1,1,1,1,0,2,
6,0,0,0,1,1,1,1,2,0,1,
6,0,0,0,1,1,1,1,2,0,1,
6,0,0,0,1,1,1,1,2,0,1,
6,0,0,0,1,1,1,1,2,0,1,
6,0,0,0,1,1,2,2,2,0,1,
6,0,0,0,1,1,1,1,2,0,1,
6,0,0,0,1,1,2,1,2,0,1,
6,0,0,1,1,1,2,2,2,0,1,
7,0,0,1,1,1,2,2,2,0,1,
6,0,0,1,1,2,2,2,2,0,2,
6,0,0,0,0,0,1,1,1,0,0,
6,0,0,1,1,2,2,2,2,0,2,
6,0,0,1,1,2,2,2,2,0,2,
6,0,0,1,1,2,2,2,2,0,2,
6,0,0,3,1,2,2,2,2,0,2,
6,0,3,1,1,2,2,2,2,0,2,
5,0,1,1,1,2,2,2,2,1,2,
5,0,1,1,2,2,2,2,2,1,2,
8,0,0,0,1,1,1,1,2,0,1,
6,0,1,1,2,2,2,2,2,1,2,
6,0,0,0,1,1,1,1,1,0,1,
6,0,0,0,1,1,1,1,1,0,1,
6,0,0,0,1,1,1,1,2,0,1,
6,0,0,0,1,1,1,1,2,0,1,
6,0,0,0,1,1,1,1,2,0,1,
6,0,0,0,1,1,1,1,2,0,1,
6,0,0,0,1,1,1,1,2,0,1,
6,0,0,0,1,1,1,1,2,0,1,
6,0,0,1,1,1,2,2,2,0,1,
6,0,0,0,1,1,2,2,2,0,1,
6,0,0,1,1,1,2,2,2,0,1,
6,0,0,1,1,1,2,2,2,0,1,
6,0,0,1,1,1,2,2,2,0,1,
6,0,0,1,1,1,2,2,2,0,1,
7,3,0,1,1,2,2,2,2,3,2,
5,0,0,2,1,2,2,2,2,0,2,
6,0,2,1,1,2,2,2,2,0,2,
5,0,1,1,1,2,2,2,2,0,2,
5,0,1,1,1,2,2,2,2,1,2,
6,0,0,1,1,1,2,2,2,0,1,
5,0,1,1,2,2,2,2,2,1,2,
6,0,0,0,1,1,1,1,1,0,1,
6,0,0,0,1,1,1,1,2,0,1,
6,0,0,0,1,1,1,1,2,0,1,
6,0,0,0,1,1,1,1,2,0,1,
6,0,0,0,1,1,1,1,2,0,1,
6,0,0,0,1,1,1,1,2,0,1,
6,0,0,0,1,1,1,1,2,0,1,
6,0,0,0,1,1,1,1,2,0,1,
6,0,0,0,1,1,1,2,2,0,1,
6,0,0,0,1,1,2,2,2,0,1,
7,0,0,1,1,1,2,2,2,0,1,
6,0,0,1,1,1,2,2,2,0,1,
8,0,0,4,4,4,4,4,4,0,4,
6,0,0,1,1,1,2,2,2,0,1,
6,0,0,1,1,2,2,2,2,0,2,
5,0,0,1,1,2,2,2,2,0,2,
6,0,0,1,1,2,2,2,2,0,2,
5,0,1,1,1,2,2,2,2,1,2,
5,0,1,1,1,2,2,2,2,1,2,
5,0,1,1,2,2,2,2,2,1,2,
5,0,1,1,2,2,2,2,2,1,2,
6,0,1,1,2,2,2,2,2,1,2,
6,0,0,0,1,1,1,1,1,0,1,
6,0,0,0,1,1,1,1,1,0,1,
6,0,0,0,1,1,1,1,2,0,1,
9,0,0,0,1,1,1,1,5,0,1,
6,0,0,0,1,1,1,1,2,0,1,
6,0,0,0,1,1,1,1,2,0,1,
6,0,0,0,1,1,1,1,2,0,1,
6,0,0,0,1,1,1,1,2,0,1,
6,0,0,1,1,1,2,2,2,0,1,
6,0,0,1,1,1,2,2,2,0,1,
6,0,0,1,1,1,2,2,2,0,1,
8,0,0,4,4,4,4,4,4,0,4,
6,0,0,1,1,2,2,2,2,0,2,
6,0,0,1,1,2,2,2,2,0,2,
5,0,0,1,1,2,2,2,2,1,2,
6,0,0,0,1,1,1,1,2,0,1,
5,0,0,1,1,2,2,2,2,0,2,
5,0,1,1,2,2,2,2,2,1,2,
6,0,1,1,2,2,2,2,2,1,2,
6,0,1,1,2,2,2,2,2,1,2,
6,0,0,0,1,1,1,1,1,0,1,
6,0,0,0,1,1,1,1,2,0,1,
6,0,0,0,1,1,1,1,1,0,1,
6,0,0,0,1,1,1,1,2,0,1,
7,0,0,0,1,1,1,1,2,0,1,
6,0,0,0,1,1,1,1,2,0,1,
6,0,0,0,1,1,1,1,2,0,1,
6,0,0,0,1,1,1,2,2,0,1,
6,0,0,1,1,1,2,2,2,0,1,
6,0,0,1,1,1,2,2,2,0,1,
6,0,0,1,1,1,2,2,2,0,1,
6,0,0,1,1,1,2,2,2,0,1,
7,0,0,0,0,0,0,0,0,0,0,
6,0,0,1,1,2,2,2,2,0,2,
6,0,0,1,1,2,2,2,2,0,2,
5,0,0,1,1,2,2,2,2,1,2,
5,0,1,1,1,2,2,2,2,0,2,
6,0,1,1,2,2,2,2,2,1,2,
5,0,1,1,2,2,2,2,2,1,2,
6,0,1,1,2,2,2,2,2,1,2,
6,0,1,1,2,2,2,2,2,1,2,
6,0,1,1,2,2,2,2,2,1,2,
6,0,0,0,1,1,1,1,2,0,1,
7,0,2,0,1,1,3,3,3,0,1,
6,0,0,0,1,1,1,1,2,0,1,
8,0,0,0,1,1,3,3,3,0,1,
6,0,0,0,1,1,1,1,2,0,1,
6,0,0,0,1,1,1,1,2,0,1,
6,0,0,0,1,1,1,1,2,0,1,
6,0,0,0,1,1,2,2,2,0,1,
6,0,0,1,1,1,2,2,2,0,1,
6,0,0,1,1,1,2,2,2,0,1,
6,0,0,1,1,1,2,2,2,0,1,
6,0,0,0,0,0,1,1,1,0,0,
6,0,0,1,1,2,2,2,2,0,2,
8,0,0,1,1,2,2,2,2,0,4,
5,0,1,1,1,2,2,2,2,0,2,
5,0,0,1,1,2,2,2,2,0,2,
5,0,1,1,1,2,2,2,2,1,2,
5,0,1,1,2,2,2,2,2,1,2,
6,0,1,1,2,2,2,2,2,1,2,
6,0,1,1,2,2,2,2,2,1,2,
6,0,1,1,2,2,2,2,2,1,2,
6,0,0,0,1,1,1,1,1,0,1,
8,0,0,0,1,1,1,1,2,0,1,
7,0,0,0,1,1,1,1,2,0,1,
6,0,0,0,1,1,1,1,2,0,1,
8,0,0,0,4,1,1,1,2,0,4,
7,0,0,0,1,3,1,1,2,0,1,
6,0,0,0,1,1,1,1,2,0,1,
6,0,0,0,1,1,2,2,2,0,1,
6,0,0,0,1,1,2,2,2,0,1,
6,0,0,1,1,1,2,2,2,0,1,
6,0,0,1,1,1,2,2,2,0,1,
6,0,0,1,1,1,2,2,2,0,1,
6,0,0,1,1,1,2,2,2,0,1,
6,0,0,1,1,2,2,2,2,0,2,
9,0,1,1,1,2,2,2,2,1,2,
5,0,0,1,1,2,2,2,2,0,2,
5,0,1,1,1,2,2,2,2,0,2,
5,0,1,1,1,2,2,2,2,0,2,
5,0,1,1,2,2,2,2,2,1,2,
5,0,1,1,1,2,2,2,2,1,2,
6,0,0,0,1,1,1,1,1,0,1,
6,0,0,0,1,1,1,1,1,0,1,
6,0,0,0,1,1,1,1,2,0,1,
6,0,0,0,1,1,1,1,2,0,1,
6,0,0,0,1,1,1,1,2,0,1,
6,0,0,1,2,1,2,2,2,0,2,
6,0,0,1,1,1,2,2,2,0,1,
6,0,0,0,1,1,1,1,2,0,1,
6,0,0,0,1,1,2,2,2,0,1,
6,0,0,1,1,1,2,2,2,0,1,
6,0,0,1,1,1,2,2,2,0,1,
6,0,0,1,1,1,2,2,2,0,1,
6,0,0,1,1,1,2,2,2,0,1,
6,0,0,1,1,1,2,2,2,0,2,
6,0,0,1,1,2,2,2,2,0,2,
8,0,0,1,1,2,2,2,2,0,2,
5,0,1,1,1,2,2,2,2,0,2,
5,0,1,1,1,2,2,2,2,0,2,
5,0,1,1,2,2,2,2,2,1,2,
6,0,0,0,1,1,1,1,1,0,1,
32,0,1,27,28,28,28,28,28,1,28,
6,0,0,0,1,1,1,1,2,0,1,
6,0,0,0,1,1,1,1,1,0,1,
6,0,0,0,1,1,1,1,2,0,1,
7,0,1,1,2,2,2,2,2,1,2,
6,0,0,0,1,1,1,1,2,0,1,
6,0,0,0,1,1,1,1,2,0,1,
6,0,0,0,1,1,1,1,2,0,1,
6,0,0,0,1,1,1,1,2,0,1,
6,0,0,1,1,1,2,2,2,0,1,
6,0,0,1,1,1,2,2,2,0,1,
6,0,0,1,1,1,2,2,2,0,1,
6,0,0,1,1,2,2,2,2,0,2,
6,0,0,1,1,1,2,2,2,0,1,
5,0,0,1,1,2,2,2,2,0,2,
5,0,1,1,1,2,2,2,2,0,2,
6,0,1,1,2,2,2,2,2,1,2,
5,0,1,1,2,2,2,2,2,1,2,
5,0,1,1,2,2,2,2,2,1,2,
6,0,0,0,1,1,1,1,2,0,1,
6,0,0,0,1,1,1,1,2,0,1,
6,0,0,1,1,1,1,1,2,0,1,
8,0,1,1,2,2,2,2,2,1,2,
6,0,0,0,1,1,1,1,2,0,1,
7,0,0,0,1,3,2,2,2,0,1,
6,0,0,1,1,1,2,2,2,0,1,
6,0,0,1,1,1,2,2,2,0,1,
6,0,0,1,1,1,2,2,2,0,1,
6,0,0,1,1,2,2,2,2,0,2,
6,0,0,1,1,2,2,2,2,0,2,
5,0,0,1,1,2,2,2,2,0,2,
5,0,1,1,1,2,2,2,2,0,2,
6,0,1,1,2,2,2,2,2,1,2,
6,0,1,1,2,2,2,2,2,1,2,
5,0,0,0,1,1,1,1,1,0,1,
6,0,0,0,1,1,1,1,1,0,1,
6,0,0,0,1,1,1,1,2,0,1,
6,0,0,1,1,1,2,2,2,0,1,
8,0,0,0,1,1,1,1,2,0,1,
6,0,0,0,1,1,1,1,2,0,1,
8,0,0,0,1,3,4,3,3,0,3,
6,2,0,1,1,1,2,2,2,2,1,
6,0,0,1,1,1,2,2,2,0,1,
9,0,1,1,2,2,2,2,2,1,2,
6,0,0,1,1,1,2,2,2,0,1,
7,0,0,1,1,3,2,2,2,0,1,
6,0,0,1,1,2,2,2,2,0,2,
5,0,0,1,1,2,2,2,2,0,2,
5,0,0,1,1,2,2,2,2,0,2,
5,0,1,1,1,2,2,2,2,1,2,
5,0,1,1,2,2,2,2,2,1,2,
5,0,1,1,2,2,2,2,2,1,2,
7,0,0,0,1,1,1,1,3,0,1,
6,0,0,0,1,1,1,1,1,0,1,
6,0,0,0,1,1,1,1,2,0,1,
6,0,0,0,1,1,1,1,2,0,1,
6,0,0,0,1,1,1,1,2,0,1,
6,0,0,0,1,1,1,1,2,0,1,
6,0,0,0,1,1,1,1,2,0,1,
6,0,0,0,1,1,1,2,2,0,1,
6,0,0,1,1,1,2,2,2,0,1,
6,0,0,1,1,1,2,2,2,0,1,
6,1,0,1,1,2,2,2,2,2,2,
6,0,0,1,1,2,2,2,2,0,2,
7,0,0,1,1,2,2,2,2,1,2,
5,0,1,1,1,2,2,2,2,1,2,
5,0,0,0,1,1,1,1,1,0,1,
5,0,0,0,1,1,1,1,1,0,1,
6,0,0,0,1,1,1,1,1,0,1,
6,0,0,0,1,1,1,1,2,0,1,
6,0,0,0,1,1,1,1,2,0,1,
9,0,0,0,1,1,1,1,2,0,1,
6,0,0,0,1,1,1,1,2,0,1,
6,0,0,0,1,1,1,2,2,0,1,
6,0,0,1,1,1,2,2,2,0,1,
6,0,0,1,1,1,2,2,2,0,1,
6,0,0,1,1,2,2,2,2,0,2,
6,0,0,1,1,2,2,2,2,0,2,
5,0,1,1,1,2,2,2,2,0,2,
6,0,0,1,1,2,2,2,2,0,2,
5,0,1,1,2,2,2,2,2,1,2,
8,0,1,1,2,2,5,5,5,1,2,
6,0,0,0,1,1,1,1,1,0,1,
6,0,0,0,1,1,1,1,1,0,1,
6,0,0,0,1,1,1,1,2,0,1,
6,0,0,0,1,1,1,1,2,0,1,
6,0,0,0,1,1,1,1,2,0,1,
7,0,0,1,1,1,2,2,2,0,1,
6,0,0,0,1,1,1,1,2,0,1,
6,0,0,0,1,1,1,2,2,0,1,
6,0,0,1,1,1,2,2,2,0,1,
6,0,0,1,1,1,2,2,2,0,1,
6,0,0,1,1,2,2,2,2,0,2,
5,0,0,1,1,2,2,2,2,0,2,
5,0,1,1,2,2,2,2,2,1,2,
5,0,1,1,1,2,2,2,2,0,2,
5,0,1,1,2,2,2,2,2,1,2,
5,0,1,1,2,2,2,2,2,1,2,
6,0,0,0,1,1,1,1,1,0,1,
6,0,0,0,1,1,1,1,1,0,1,
6,0,0,0,1,1,1,1,2,0,1,
6,0,0,0,1,1,1,1,2,0,1,
7,0,0,0,0,0,0,0,0,0,0,
6,0,0,0,1,1,1,1,2,0,1,
6,0,0,0,1,1,1,1,2,0,1,
6,0,0,1,1,1,2,2,2,0,1,
7,0,0,1,1,1,2,2,2,0,1,
6,0,0,1,1,1,2,2,2,0,1,
6,0,0,1,1,2,2,2,2,0,2,
5,0,0,1,1,2,2,2,2,0,2,
5,0,0,1,1,2,2,2,2,1,2,
5,0,1,1,2,2,2,2,2,1,2,
6,0,1,1,2,2,2,2,2,1,2,
5,0,1,1,2,2,2,2,2,1,2,
6,0,1,1,2,2,2,2,2,1,2,
6,0,0,0,1,1,1,1,1,0,1,
8,0,0,0,3,1,1,1,2,0,3,
6,0,0,0,1,1,1,1,2,0,1,
6,0,0,0,1,1,1,1,2,0,1,
6,0,0,0,1,1,1,1,2,0,1,
6,0,0,0,1,1,1,1,2,0,1,
6,0,0,1,1,1,2,2,2,0,1,
6,0,0,1,1,1,2,2,2,0,1,
17,0,0,0,1,1,1,1,2,0,1,
5,0,1,1,1,2,2,2,2,1,2,
5,0,1,1,1,2,2,2,2,0,2,
7,0,0,1,1,1,2,2,2,0,1,
5,0,1,1,2,2,2,2,2,1,2,
7,0,0,0,0,0,1,0,0,0,0,
6,0,0,0,1,1,1,1,2,0,1,
8,0,0,0,1,1,1,1,2,0,4,
6,0,0,0,1,1,1,1,2,0,1,
6,0,0,0,1,1,1,1,2,0,1,
6,0,0,0,1,1,1,1,2,0,1,
6,0,0,1,1,1,2,2,2,0,1,
6,0,0,1,1,1,2,2,2,0,1,
6,0,0,1,1,1,2,2,2,0,1,
5,0,0,1,1,2,2,2,2,0,2,
5,0,0,1,1,2,2,2,2,0,2,
7,0,0,1,1,2,2,2,2,0,2,
6,0,1,1,2,2,2,2,2,1,2,
5,0,1,1,2,2,2,2,2,1,2,
6,0,0,0,1,1,1,1,1,0,1,
6,0,0,0,1,1,1,1,1,0,1,
6,0,0,0,1,1,1,1,2,0,1,
6,0,0,0,1,1,1,1,2,0,1,
6,0,0,0,1,1,2,2,2,0,1,
6,0,0,0,1,1,1,1,2,0,1,
6,0,0,0,1,1,1,2,2,0,1,
9,0,0,1,1,1,2,2,5,0,1,
6,0,0,1,1,1,2,2,2,0,1,
6,0,0,1,1,1,2,2,2,0,1,
5,0,0,1,1,2,2,2,2,0,2,
5,0,0,1,1,2,2,2,2,0,2,
5,0,1,1,1,2,2,2,2,0,2,
5,0,1,1,2,2,2,2,2,1,2,
5,0,1,1,2,2,2,2,2,1,2,
6,0,0,0,1,1,1,1,1,0,1,
6,0,0,0,1,1,1,1,2,0,1,
6,0,0,0,1,1,1,1,2,0,1,
8,0,0,1,1,1,2,2,2,0,1,
8,0,0,0,1,1,1,1,2,0,1,
6,0,0,0,1,1,1,1,2,0,1,
6,0,0,0,1,1,1,2,2,0,1,
6,0,0,1,1,1,2,2,2,0,1,
6,0,0,1,1,1,2,2,2,0,1,
6,0,0,1,1,1,2,2,2,0,1,
6,0,0,1,1,2,2,2,2,0,2,
5,0,0,1,1,2,2,2,2,0,2,
5,0,1,1,1,2,2,2,2,1,2,
5,0,0,0,1,1,1,1,1,0,1,
6,0,1,1,2,2,2,2,2,1,2,
5,0,1,1,2,2,2,2,2,1,2,
8,0,1,1,2,2,2,2,2,1,2,
6,0,0,0,1,1,1,1,2,0,1,
6,0,0,0,1,1,1,1,2,0,1,
6,0,0,0,1,1,1,1,2,0,1,
6,0,0,0,1,1,1,1,2,0,1,
6,0,0,0,1,1,1,1,2,0,1,
9,0,0,0,1,1,1,1,4,0,1,
6,0,0,1,1,1,2,2,2,0,1,
8,0,0,0,1,1,2,2,2,0,1,
7,0,0,1,1,2,2,2,2,0,2,
6,0,1,1,1,2,2,2,2,0,2,
7,0,1,1,4,2,2,2,2,0,4,
5,0,1,1,1,2,2,2,2,0,2,
5,0,1,1,1,2,2,2,2,1,2,
6,0,1,1,2,2,2,2,2,1,2,
5,0,1,1,2,2,2,2,2,1,2,
6,0,0,0,1,1,1,1,1,0,1,
6,0,0,0,1,1,1,1,2,0,1,
6,0,0,0,0,0,0,0,1,0,0,
6,0,0,0,1,1,1,1,2,0,1,
6,0,0,0,1,1,1,1,2,0,1,
6,0,0,0,1,1,1,1,2,0,1,
6,0,0,1,1,1,1,2,2,0,1,
6,0,0,1,1,1,2,2,2,1,1,
6,0,0,1,1,1,2,2,2,0,1,
6,0,0,1,1,1,2,2,2,0,1,
6,0,0,1,1,1,2,2,2,0,2,
5,0,0,1,1,2,2,2,2,0,2,
5,0,0,1,1,1,2,2,2,0,2,
5,0,1,1,2,2,2,2,2,1,2,
5,0,1,1,1,2,2,2,2,1,2,
5,0,1,1,2,2,2,2,2,1,2,
7,0,1,1,4,2,2,2,2,1,4,
6,0,0,0,1,1,1,1,2,0,1,
6,0,0,0,1,1,1,1,2,0,1,
6,0,0,0,1,1,1,1,2,0,1,
6,0,0,0,1,1,1,1,2,0,1,
6,0,0,0,1,1,1,1,2,0,1,
6,0,0,0,1,1,1,2,2,0,1,
6,0,0,0,0,0,1,1,1,0,0,
6,0,0,1,1,1,2,2,2,0,1,
6,0,0,1,1,1,2,2,2,0,1,
7,0,0,1,1,2,2,2,2,0,2,
5,0,0,1,1,2,2,2,2,0,2,
5,0,1,1,1,2,2,2,2,1,2,
5,0,1,1,2,2,2,2,2,1,2,
5,0,1,1,2,2,2,2,2,1,2,
5,0,1,1,2,2,2,2,2,1,2,
6,0,0,0,1,1,1,1,1,0,1,
6,0,0,0,1,1,1,1,2,0,1,
6,0,0,0,1,1,1,1,2,0,1,
6,0,0,0,1,1,1,1,2,0,1,
6,0,0,0,1,1,1,1,2,0,1,
8,0,0,0,4,1,1,2,2,0,4,
6,0,0,1,1,1,2,2,2,0,1,
6,0,0,1,1,1,2,2,2,0,1,
6,0,0,1,1,1,2,2,2,0,1,
5,0,0,1,1,1,2,2,2,0,1,
5,0,0,1,1,2,2,2,2,0,2,
5,0,1,1,1,2,2,2,2,1,2,
6,0,0,0,1,1,1,1,1,0,1,
5,0,1,0,1,1,1,1,1,0,1,
6,0,0,0,1,1,1,1,1,0,1,
7,0,0,0,1,1,1,1,2,0,1,
6,0,0,0,1,1,1,1,2,0,1,
6,0,0,0,1,1,1,1,2,0,1,
6,0,0,0,1,1,1,1,2,0,1,
6,0,0,1,1,1,2,2,2,0,1,
6,0,0,1,1,1,2,2,2,0,1,
6,0,0,1,1,2,2,2,2,0,2,
5,0,0,1,1,2,2,2,2,0,2,
5,0,1,1,1,2,2,2,2,0,2,
7,0,0,0,1,1,1,1,2,0,1,
5,0,1,1,2,2,2,2,2,1,2,
5,0,1,1,2,2,2,2,2,1,2,
6,0,0,0,1,1,1,1,2,0,1,
6,0,0,0,1,1,1,1,2,0,1,
6,0,0,0,1,1,1,1,2,0,1,
6,0,0,0,1,1,1,1,2,0,1,
6,0,0,0,1,1,1,2,2,0,1,
6,0,0,1,1,1,2,2,2,0,1,
6,0,0,1,1,1,2,2,2,0,1,
6,0,0,1,1,2,2,2,2,0,2,
5,0,0,1,1,2,2,2,2,0,2,
5,0,1,1,1,2,2,2,2,0,2,
5,0,1,1,2,2,2,2,2,1,2,
5,0,1,1,2,2,2,2,2,1,2,
6,0,0,0,1,1,1,1,1,0,1,
6,0,0,0,1,1,1,1,2,0,1,
6,0,0,0,1,1,1,1,2,0,1,
6,0,0,0,1,1,1,1,2,0,1,
6,0,0,0,1,1,1,1,2,0,1,
6,0,0,0,1,1,2,2,2,0,1,
6,0,0,1,1,1,2,2,2,0,1,
6,0,0,1,1,1,2,2,2,0,1,
6,0,0,1,1,2,2,2,2,0,2,
5,0,0,1,1,2,2,2,2,0,2,
5,0,1,1,1,2,2,2,2,1,2,
5,0,1,1,2,2,2,2,2,1,2,
5,0,1,1,2,2,2,2,2,1,2,
5,0,1,1,2,2,2,2,2,1,2,
6,0,0,0,1,1,1,1,1,0,1,
6,0,0,0,1,1,1,1,2,0,1,
6,0,0,0,1,1,1,1,2,0,1,
6,0,0,0,1,1,1,1,2,0,1,
6,0,0,0,1,1,1,1,2,0,1,
6,0,0,0,1,1,1,2,2,0,1,
6,0,0,1,1,1,2,2,2,0,1,
6,0,0,1,1,1,2,2,2,0,1,
6,2,0,1,1,1,2,2,2,2,2,
6,0,0,1,1,2,2,2,2,0,2,
7,0,1,1,2,2,2,2,2,1,2,
5,0,0,1,1,2,2,2,2,0,2,
6,0,1,1,2,3,2,2,2,1,2,
6,0,1,1,3,2,2,2,2,1,3,
6,0,0,0,1,1,1,1,1,0,1,
6,0,0,0,1,1,1,1,1,0,1,
6,0,0,0,1,1,1,1,2,0,1,
6,0,0,0,1,1,1,1,2,0,1,
6,0,0,0,1,1,1,1,2,0,1,
9,0,0,0,1,1,1,1,2,0,1,
6,0,0,0,1,1,1,2,2,0,1,
6,0,0,1,1,1,2,2,2,0,1,
6,0,0,1,1,1,2,2,2,0,1,
6,0,0,1,1,2,2,2,2,0,2,
5,0,0,1,1,2,2,2,2,0,2,
6,0,0,1,1,1,2,2,2,0,2,
5,1,0,0,0,1,1,1,1,1,1,
5,0,1,1,2,2,2,2,2,1,2,
6,0,0,0,1,1,1,1,1,0,1,
6,0,0,0,1,1,1,1,2,0,1,
6,0,0,0,1,1,1,1,2,0,1,
6,0,0,0,1,1,1,1,2,0,1,
6,0,0,0,1,1,1,1,2,0,1,
6,0,0,1,1,1,1,2,2,0,1,
6,0,0,1,1,1,2,2,2,0,1,
8,0,0,1,1,2,2,2,2,0,2,
6,0,0,1,1,1,2,2,2,0,1,
5,0,0,1,1,2,2,2,2,0,2,
8,0,0,0,1,1,1,1,1,0,1,
8,0,1,1,2,2,2,2,2,1,2,
5,0,1,1,2,2,2,2,2,1,2,
6,0,0,0,1,1,1,1,1,0,1,
6,0,0,0,1,1,1,1,2,0,1,
6,0,0,0,1,1,1,1,2,0,1,
6,0,0,0,1,1,1,1,2,0,1,
6,0,0,0,1,1,1,2,2,0,1,
6,0,0,1,1,1,1,2,2,0,1,
6,0,0,1,1,1,2,2,2,0,1,
6,0,0,0,0,0,0,0,0,0,0,
5,0,0,1,1,2,2,2,2,0,2,
5,0,0,1,1,2,2,2,2,0,2,
5,0,1,1,1,2,2,2,2,0,2,
5,0,1,1,2,2,2,2,2,1,2,
6,0,0,0,1,1,1,1,1,0,1,
6,0,0,0,1,1,1,1,1,0,1,
6,0,0,0,1,1,1,1,2,0,1,
6,0,0,0,1,1,1,1,2,0,1,
6,0,0,0,1,1,1,1,2,0,1,
8,0,0,1,1,1,2,2,2,0,1,
6,0,0,1,1,1,2,2,2,0,1,
7,0,0,1,3,3,3,3,3,0,3,
6,0,0,1,1,1,2,2,2,0,1,
8,0,0,1,4,1,2,2,2,0,4,
5,0,0,1,1,2,2,2,2,0,2,
5,0,0,1,1,1,2,2,2,0,1,
5,0,1,1,1,2,2,2,2,0,2,
5,0,1,1,1,2,2,2,2,1,2,
5,0,1,1,2,2,2,2,2,1,2,
6,0,0,0,1,1,1,1,1,0,1,
8,0,0,0,4,4,4,4,4,0,4,
6,0,0,0,1,1,1,1,2,0,1,
6,0,0,0,1,1,1,1,2,0,1,
6,0,0,0,1,1,1,1,2,0,1,
6,0,0,0,1,1,1,1,2,0,1,
6,0,0,0,1,1,1,2,2,0,1,
6,0,0,0,1,1,2,2,2,0,1,
6,0,0,1,1,1,2,2,2,0,1,
6,0,0,1,1,1,2,2,2,0,1,
6,0,0,1,1,2,2,2,2,0,2,
5,0,0,1,1,2,2,2,2,0,2,
6,0,0,1,1,2,2,2,2,0,2,
7,0,0,1,1,2,2,2,2,0,2,
5,0,1,1,2,2,2,2,2,1,2,
6,0,0,0,1,1,1,1,1,0,1,
5,0,1,1,2,2,2,2,2,1,2,
6,0,0,0,1,1,1,1,1,0,1,
6,0,0,0,1,1,1,1,2,0,1,
6,0,0,0,1,1,1,1,2,0,1,
6,0,0,0,1,1,1,1,2,0,1,
6,0,0,0,1,1,1,1,2,0,1,
6,0,0,0,1,1,1,2,2,0,1,
6,0,0,0,1,1,2,2,2,0,1,
6,0,0,1,1,1,2,2,2,0,1,
7,0,0,1,1,1,2,2,2,0,1,
6,0,0,1,1,2,2,2,2,0,2,
5,0,0,1,1,2,2,2,2,0,2,
5,0,0,1,1,2,2,2,2,0,2,
5,0,1,1,1,2,2,2,2,0,2,
5,0,1,1,2,2,2,2,2,1,2,
5,0,1,1,2,2,2,2,2,1,2,
5,0,1,1,2,2,2,2,2,1,2,
6,0,0,0,1,1,1,1,1,0,1,
6,0,0,0,1,1,1,1,2,0,1,
6,0,0,0,1,1,1,1,2,0,1,
6,0,0,0,1,1,1,1,2,0,2,
6,0,0,0,1,1,1,1,2,0,1,
6,0,0,0,1,1,1,1,2,0,1,
7,0,0,0,1,1,1,1,2,0,1,
6,0,0,1,1,1,2,2,2,0,1,
6,0,0,1,1,1,2,2,2,0,1,
6,0,0,1,1,1,2,2,2,0,1,
5,0,0,1,1,1,2,2,2,0,1,
5,0,1,1,1,2,2,2,2,0,2,
5,0,1,1,1,2,2,2,2,1,2,
8,0,1,1,2,2,2,2,2,1,2,
6,0,0,0,1,1,1,1,1,0,1,
6,0,0,0,1,1,1,1,2,0,1,
6,0,0,0,1,1,1,1,2,0,1,
6,0,0,0,1,1,1,1,2,0,1,
6,0,0,0,1,1,1,1,2,0,1,
6,0,0,0,1,1,1,1,2,0,1,
6,0,0,0,1,1,2,2,2,0,1,
6,0,0,1,1,1,2,2,2,0,1,
6,0,0,1,1,1,2,2,2,0,1,
5,0,0,1,1,2,2,2,2,0,2,
6,0,0,1,3,1,2,2,2,0,3,
5,0,0,1,1,2,2,2,2,0,2,
6,0,1,1,2,2,2,2,2,1,2,
5,0,1,1,2,2,2,2,2,1,2,
6,0,0,0,1,1,1,1,1,0,1,
6,0,0,0,1,1,1,1,2,0,1,
6,0,0,0,1,1,1,1,2,0,1,
6,0,0,0,1,1,1,1,2,0,1,
6,0,0,0,1,1,1,1,2,0,1,
6,0,0,0,1,1,1,2,2,0,1,
6,0,0,1,1,1,2,2,2,0,1,
6,0,0,1,1,1,2,2,2,0,1,
6,0,0,1,1,2,2,2,2,0,2,
5,0,0,1,1,2,2,2,2,0,2,
5,0,1,1,1,2,2,2,2,0,2,
5,0,1,1,2,2,2,2,2,1,2,
5,0,1,1,2,2,2,2,2,1,2,
6,0,0,0,1,1,1,1,1,0,1,
6,0,0,0,1,1,1,1,2,0,1,
6,0,0,1,1,1,2,2,2,0,1,
6,0,0,0,1,1,1,1,2,0,1,
6,0,0,0,1,1,1,1,2,0,1,
6,0,0,0,1,1,1,2,2,0,1,
6,0,0,1,1,1,2,2,2,0,1,
6,0,0,1,1,1,2,2,2,0,1,
6,0,0,1,1,1,2,2,2,0,1,
5,0,0,1,1,2,2,2,2,0,2,
5,0,1,1,1,2,2,2,2,0,2,
5,0,1,1,1,2,2,2,2,0,2,
5,0,1,1,2,2,2,2,2,1,2,
5,0,0,0,1,1,1,1,1,0,1,
6,0,0,0,1,1,1,1,1,0,1,
6,0,0,0,1,1,1,1,2,0,1,
6,0,0,0,1,1,1,1,2,0,1,
6,0,0,0,1,1,1,1,2,0,1,
6,0,0,0,1,1,1,1,2,0,1,
6,0,0,1,1,1,2,2,2,0,1,
6,0,0,1,1,2,2,2,2,0,2,
6,0,0,1,1,1,2,2,2,0,2,
5,0,0,1,1,2,2,2,2,0,2,
8,0,0,1,1,1,2,2,2,0,1,
6,0,0,1,1,2,2,2,2,0,2,
6,0,1,1,2,2,2,2,2,1,2,
5,0,1,1,2,2,2,2,2,1,2,
6,0,1,1,2,2,2,2,2,1,2,
5,0,0,0,1,1,1,1,1,0,1,
6,0,0,0,1,1,1,1,1,0,1,
6,0,0,0,1,1,1,1,2,0,1,
6,0,0,0,1,1,1,1,2,0,1,
6,0,0,0,1,1,1,1,2,0,1,
6,0,0,0,1,1,1,1,2,0,1,
