111701000,10263000,26878000,34330000,38842000,41656000,0,49464000,46089000,47024000,47084000,
94796000,19141000,28668000,34858000,38102000,39255000,0,49728000,43464000,44058000,45854000,
91802000,17806000,30234000,36156000,39332000,40441000,0,48770000,45455000,46302000,46694000,
101168000,17166000,32594000,35000000,38935000,40028000,0,48452000,45082000,45897000,46293000,
91787000,17588000,29975000,36853000,38635000,40216000,0,48574000,44850000,46049000,47603000,
101551000,20577000,29952000,36219000,38890000,40444000,0,49302000,44713000,45377000,45799000,
92658000,17373000,29269000,35473000,38234000,39514000,0,50273000,44097000,44744000,45145000,
95604000,16990000,27615000,36007000,37290000,38828000,0,49820000,43910000,44285000,44671000,
91556000,17356000,29252000,35055000,38166000,39163000,0,49102000,43837000,44480000,44896000,
92711000,17920000,30240000,37796000,39176000,39853000,0,50388000,44623000,45367000,45804000,
93370000,17272000,29267000,35329000,38087000,39077000,0,50309000,43856000,44662000,45042000,
94866000,17635000,29771000,35666000,41747000,40137000,0,49939000,45325000,45528000,45850000,
93486000,18100000,28389000,34808000,37902000,38419000,0,50150000,43597000,44720000,44647000,
93071000,17042000,29227000,34955000,38092000,38766000,0,50417000,43533000,44277000,44592000,
96507000,16677000,28362000,35208000,37741000,38704000,0,49616000,43547000,47088000,44715000,
92829000,13177000,24882000,30114000,34260000,37700000,0,49052000,42447000,43164000,43560000,
92686000,17790000,26795000,33681000,37617000,37527000,0,48522000,41406000,41833000,43200000,
92327000,17614000,29822000,36244000,39496000,40873000,0,50666000,44500000,45145000,45478000,
97114000,18307000,31132000,36599000,42403000,41472000,0,52131000,45624000,46461000,46811000,
91114000,19854000,30632000,37114000,39570000,43285000,0,48571000,46194000,47104000,47439000,
102044000,18413000,32621000,36830000,38775000,40968000,0,49616000,44476000,45210000,45592000,
91866000,17060000,29280000,34916000,38665000,40180000,0,49152000,44256000,44645000,47833000,
95470000,26750000,30881000,38014000,39884000,42067000,0,50811000,45638000,46312000,46698000,
93794000,12412000,23527000,30517000,32627000,34337000,0,46646000,39685000,40062000,40743000,
92927000,16996000,28675000,34234000,38295000,40341000,0,50733000,43482000,44465000,44077000,
93417000,18823000,29563000,34815000,39246000,39826000,0,50897000,44165000,44611000,44978000,
93993000,17217000,29468000,36500000,39093000,40420000,0,51314000,43884000,44455000,44851000,
92666000,16950000,31897000,35367000,38069000,40268000,0,50577000,43808000,44264000,44854000,
91642000,16802000,28707000,35191000,38984000,40166000,0,49292000,43045000,43768000,45344000,
91603000,17884000,30665000,36623000,38903000,41226000,0,48666000,44761000,45459000,45801000,
94442000,20697000,30859000,36349000,40444000,41713000,0,48724000,45676000,46316000,46440000,
103847000,18551000,29913000,37578000,39375000,41540000,0,48776000,45443000,46188000,46674000,
92471000,18057000,30201000,37253000,39186000,41201000,0,49922000,44943000,45555000,46041000,
93698000,15123000,27352000,33686000,36953000,38348000,0,49350000,41862000,42472000,42619000,
92586000,20793000,30040000,35482000,38695000,41806000,0,50929000,44690000,45591000,45759000,
284048000,17995000,30875000,37484000,39359000,40126000,0,239049000,44047000,44393000,45041000,
97302000,0,11541000,15589000,20881000,22673000,2503000,33986000,26098000,26851000,27214000,
92529000,19471000,31186000,37131000,39357000,42707000,0,48786000,45748000,47487000,47123000,
102570000,19094000,33641000,38029000,39885000,42005000,0,49307000,45958000,46925000,47180000,
92724000,18080000,32142000,36144000,39983000,41463000,0,50160000,44949000,45704000,45998000,
92746000,20435000,29299000,35362000,38198000,39145000,0,50413000,43869000,44813000,44949000,
93983000,7019000,18698000,27466000,27832000,31683000,0,42583000,39309000,38546000,39493000,
91856000,18775000,31211000,36903000,39565000,42310000,0,49289000,45577000,47120000,46521000,
102185000,17221000,29446000,36569000,38400000,40580000,0,50533000,44114000,45064000,45196000,
96224000,17433000,29546000,35118000,40701000,40532000,0,54126000,43972000,44771000,44933000,
92699000,17213000,28928000,35097000,38602000,40525000,0,50579000,44117000,45116000,45214000,
90992000,18640000,31163000,38171000,40776000,45381000,0,48637000,47784000,46965000,46955000,
101008000,18808000,30267000,36389000,40480000,41886000,0,48788000,45325000,46485000,47188000,
92010000,17983000,30484000,37019000,40727000,42005000,0,48992000,45436000,46258000,46831000,
102534000,17566000,34482000,37951000,39912000,42206000,0,48995000,46088000,46960000,47296000,
91374000,16996000,29731000,37115000,40467000,41461000,0,49292000,45090000,46151000,47261000,
100624000,19249000,29975000,37004000,39101000,42873000,0,48997000,45798000,46620000,47012000,
90227000,11893000,24280000,33194000,34453000,39805000,0,45791000,40522000,46371000,46494000,
100930000,22163000,31669000,36884000,41260000,42371000,0,49312000,45968000,47012000,49969000,
90652000,20100000,31039000,37384000,39308000,42609000,0,48828000,45533000,46476000,46686000,
144662000,18412000,30342000,35985000,40124000,40851000,0,49749000,48015000,47845000,47836000,
94019000,17267000,29479000,35103000,39257000,40815000,0,50359000,43728000,45491000,44891000,
96267000,17304000,29582000,36593000,38668000,40546000,0,53659000,43969000,44838000,45001000,
95681000,17219000,29414000,36655000,39125000,40525000,0,52604000,44111000,45018000,45191000,
93433000,17601000,34591000,35802000,40028000,42235000,0,49267000,45781000,46383000,46818000,
104588000,16141000,28920000,35979000,38688000,39924000,0,52426000,43713000,44535000,44732000,
95135000,17614000,29827000,36945000,39466000,40895000,0,50610000,44415000,45376000,45544000,
93250000,18077000,30502000,36434000,39948000,41443000,0,51039000,46667000,45865000,45855000,
92640000,17235000,29441000,35016000,39169000,40570000,0,50637000,44123000,44754000,45182000,
93008000,17450000,30231000,37285000,39357000,41211000,0,49027000,44923000,45951000,46074000,
93733000,17828000,31412000,38728000,40667000,42463000,0,46770000,47053000,47786000,47929000,
104015000,18294000,31331000,37760000,41619000,43270000,0,47016000,46652000,47807000,47987000,
114390000,20549000,31918000,38703000,40781000,44887000,0,47105000,47780000,48390000,48525000,
91209000,17222000,34542000,35518000,40211000,42355000,0,49014000,46363000,46933000,47447000,
102247000,18412000,29671000,35767000,41036000,40815000,0,49154000,44824000,45479000,45614000,
92382000,18888000,29964000,35906000,39102000,41981000,0,50067000,45239000,46524000,45883000,
92701000,17302000,29504000,35722000,39209000,40607000,0,50469000,44140000,45038000,45223000,
94218000,17251000,29484000,35790000,39422000,41178000,0,49074000,44119000,46386000,45379000,
282264000,18612000,30913000,37590000,39346000,41225000,0,239643000,44249000,44951000,45137000,
91386000,15945000,30342000,34994000,39658000,41814000,0,48913000,45660000,46561000,47085000,
103054000,18778000,30334000,36355000,41673000,42190000,0,48705000,46346000,47583000,50854000,
91468000,21445000,31490000,37175000,40387000,42437000,0,49195000,46384000,47036000,47616000,
102332000,18411000,30241000,37192000,39528000,41435000,0,49994000,44956000,45649000,46067000,
92797000,17038000,29245000,35466000,40261000,40587000,0,50607000,43592000,45057000,45465000,
91800000,17399000,29922000,35913000,39646000,41169000,0,49663000,44711000,45730000,45867000,
96630000,17106000,26431000,36289000,38375000,40268000,0,49418000,44881000,44811000,45245000,
104595000,19328000,29026000,36013000,37885000,41338000,0,49651000,44160000,45084000,45291000,
92251000,17285000,34194000,36293000,39345000,40418000,0,50304000,45243000,46170000,46264000,
92358000,17110000,29297000,36898000,38387000,40599000,0,50318000,44129000,45052000,45230000,
91481000,16465000,28189000,33728000,38048000,39817000,0,48425000,43804000,45188000,44569000,
92718000,17586000,30311000,35811000,39608000,41313000,0,50270000,44816000,45563000,48550000,
92677000,25947000,28635000,33575000,37854000,40624000,0,50640000,44195000,45113000,45236000,
94851000,14239000,24367000,30953000,33533000,34199000,0,47428000,40518000,40850000,40987000,
92541000,16940000,29162000,35715000,37560000,40314000,0,50260000,43628000,45126000,44543000,
95182000,7112000,17237000,17141000,19473000,33590000,0,42013000,37123000,38087000,38204000,
92433000,17005000,28963000,35994000,37556000,39794000,0,50025000,43344000,44168000,44942000,
93265000,17286000,31836000,35627000,39869000,40698000,0,51308000,44153000,44990000,45158000,
93345000,17107000,28765000,34928000,39028000,40433000,0,50560000,43802000,44610000,46804000,
91748000,34948000,24248000,35873000,40287000,42676000,0,49188000,46879000,48126000,48231000,
102145000,18257000,31335000,37469000,41585000,43194000,0,46953000,47166000,47820000,47989000,
112355000,18814000,31324000,37225000,41350000,42890000,0,46683000,47641000,47770000,47976000,
123517000,18604000,31113000,41351000,41495000,43795000,0,47238000,47860000,48420000,48583000,
276908000,17884000,34638000,36898000,39614000,40863000,0,234470000,44543000,45223000,45340000,
91288000,17253000,30055000,34663000,39285000,41854000,0,48505000,46165000,47427000,47726000,
103359000,18812000,30523000,36834000,40804000,42076000,0,48680000,49365000,48565000,48556000,
393245000,17794000,30618000,39059000,39718000,41629000,0,348365000,44675000,45232000,45428000,
90647000,17156000,34089000,35124000,40382000,42536000,0,48847000,46469000,47670000,47945000,
143627000,18635000,32289000,38708000,41021000,42640000,0,48822000,46103000,46691000,47313000,
96447000,20283000,31095000,37439000,40807000,43230000,0,48390000,45656000,46700000,47845000,
108307000,17806000,32647000,35751000,39944000,41306000,0,50152000,44910000,45448000,45889000,
92461000,13745000,26005000,32306000,35126000,36527000,0,48201000,40883000,41658000,43338000,
92646000,17008000,29573000,35706000,39240000,40700000,0,50377000,44234000,45130000,45280000,
96551000,13721000,26215000,29881000,34528000,37767000,0,48274000,42537000,42947000,43037000,
93036000,17219000,28959000,34808000,38688000,41518000,0,51201000,44180000,45002000,45177000,
91556000,14863000,36890000,33681000,38353000,40948000,0,49367000,44842000,46252000,46143000,
91051000,17640000,30277000,37534000,39182000,41175000,0,48626000,45067000,45884000,47140000,
282647000,22203000,29982000,35720000,38886000,40300000,0,229932000,43310000,43970000,44105000,
91910000,31118000,25365000,35874000,40700000,42890000,0,49614000,46741000,47964000,48222000,
102268000,18588000,33680000,37469000,40458000,41720000,0,49237000,46198000,47448000,47547000,
199378000,19099000,31138000,38301000,40909000,42398000,0,49251000,46077000,156997000,47248000,
92320000,14261000,32337000,32643000,38129000,39409000,0,48400000,43213000,43753000,44272000,
95124000,16713000,28916000,36533000,38255000,40120000,0,50368000,43933000,44655000,44928000,
93496000,18411000,31461000,35725000,39214000,40605000,0,50578000,44123000,44957000,45214000,
171742000,128601000,29846000,36609000,39388000,41348000,0,49100000,44515000,45341000,46916000,
91148000,17360000,31374000,36074000,40132000,41780000,0,48486000,45673000,46885000,46945000,
105509000,18725000,30571000,36635000,43427000,41762000,0,49592000,45374000,45942000,46336000,
92577000,17217000,29508000,35510000,38674000,40593000,0,50405000,44142000,45305000,45204000,
199512000,17052000,32113000,36329000,39510000,41449000,0,49736000,157254000,46443000,46476000,
192460000,17838000,30466000,35590000,40077000,150079000,0,48882000,45634000,46629000,47049000,
104822000,22183000,31443000,36584000,40507000,42401000,0,49040000,45556000,47757000,47041000,
92295000,18093000,32184000,37951000,39778000,41539000,0,50252000,44914000,45915000,46134000,
195330000,16917000,28845000,36265000,40269000,40364000,0,48857000,44114000,44721000,152862000,
92967000,17825000,34270000,36406000,40692000,42197000,0,50878000,45469000,46351000,46720000,
92843000,17281000,29516000,35337000,39206000,40482000,0,50757000,44194000,45079000,45161000,
93793000,17278000,32429000,35510000,38414000,40608000,0,50895000,44118000,44756000,45157000,
91936000,16968000,29161000,35823000,39470000,40796000,0,49619000,43741000,44361000,45289000,
187872000,18067000,143064000,145311000,39248000,41464000,0,49936000,44994000,45624000,46244000,
189130000,16455000,27655000,36043000,145888000,39758000,0,49060000,43769000,44775000,45062000,
92160000,14399000,35990000,32043000,37119000,40643000,0,48884000,43988000,45552000,45148000,
90503000,16602000,29680000,36467000,38988000,40531000,0,48483000,44175000,45060000,45190000,
145617000,16017000,28244000,34449000,36945000,39262000,0,49321000,42766000,43763000,43847000,
92755000,13905000,25307000,31817000,36469000,35740000,0,48070000,41865000,42513000,45951000,
92562000,27160000,30462000,34569000,38247000,40882000,0,50461000,45181000,45942000,46256000,
93184000,11408000,23133000,30013000,32392000,33440000,0,45916000,40289000,40226000,40744000,
93461000,17245000,29490000,36098000,38674000,40814000,0,50771000,44143000,45443000,44799000,
278932000,17278000,34286000,37060000,39558000,40647000,0,236753000,44313000,45295000,44707000,
282653000,17246000,32195000,34587000,38924000,40947000,0,237099000,44128000,44892000,45189000,
280849000,11888000,26552000,32355000,34311000,36309000,0,229646000,41189000,41952000,42231000,
93877000,20238000,30553000,35282000,39121000,41321000,0,48812000,46640000,46223000,47222000,
104382000,18544000,30410000,37261000,40473000,41410000,0,48561000,45604000,46530000,47500000,
92453000,18827000,31047000,38103000,40831000,42299000,0,49014000,45936000,47004000,47122000,
104746000,18470000,30172000,36279000,40017000,41437000,0,51916000,45012000,45653000,46082000,
94138000,17542000,29270000,36778000,39176000,40466000,0,50652000,43897000,44798000,44942000,
92805000,16457000,31135000,36323000,38260000,40319000,0,50399000,43837000,44757000,44892000,
91577000,17797000,28654000,35093000,39486000,40553000,0,49540000,43915000,44488000,45203000,
92222000,21571000,30445000,35569000,40245000,40988000,0,50148000,44754000,46279000,46686000,
95302000,15325000,27502000,33320000,36754000,38124000,0,48665000,41654000,42526000,42677000,
92694000,17284000,29271000,35494000,38714000,40606000,0,50683000,44123000,45042000,45204000,
91392000,17292000,29819000,36161000,40380000,41094000,0,49406000,45039000,46132000,46262000,
95177000,17162000,29599000,38833000,39516000,41081000,0,49825000,44678000,46246000,45892000,
91588000,17548000,30217000,35788000,39452000,40882000,0,49724000,44533000,45620000,45717000,
92581000,17531000,30202000,35771000,39925000,41212000,0,50109000,44978000,45627000,45730000,
92252000,17306000,29496000,36614000,38424000,40603000,0,50389000,44266000,45193000,45335000,
108401000,22091000,31603000,36716000,43336000,42091000,0,52527000,46446000,47213000,47642000,
92352000,21871000,31315000,35751000,39964000,41979000,0,50602000,45520000,46715000,46583000,
91403000,14945000,35143000,30494000,37335000,39399000,0,48170000,42935000,43514000,43981000,
92529000,17562000,30177000,38395000,39370000,41545000,0,50501000,44671000,45804000,46324000,
94456000,21193000,31658000,35339000,39472000,40882000,0,50704000,44483000,45382000,45465000,
91125000,19893000,29821000,36715000,39313000,40599000,0,49166000,44034000,45089000,46148000,
280435000,22081000,31132000,36713000,40245000,41511000,0,238250000,44574000,45199000,45316000,
90054000,17472000,30597000,36200000,39823000,42312000,0,48085000,46668000,47445000,48127000,
101928000,22118000,31411000,36423000,41078000,42476000,0,48823000,46365000,47508000,48356000,
281564000,18266000,30899000,38078000,39905000,41638000,0,238214000,44665000,45257000,45432000,
93357000,17488000,30597000,36201000,40419000,43105000,0,48938000,45300000,48005000,46251000,
101580000,20343000,31166000,38028000,40903000,42142000,0,48727000,46423000,47551000,47752000,
92284000,28364000,23201000,33892000,36595000,37346000,0,46608000,44621000,44606000,45077000,
103069000,20114000,30147000,37943000,39960000,41528000,0,49779000,45128000,45791000,46220000,
91543000,20795000,30062000,34931000,39677000,40856000,0,49242000,44792000,45621000,45744000,
95157000,18616000,30773000,37730000,42130000,41507000,0,51592000,45259000,46056000,46300000,
299251000,16551000,28778000,33952000,38719000,39654000,0,53019000,44778000,44529000,45439000,
139824000,18014000,28336000,35589000,38001000,39441000,0,49206000,42912000,43800000,43965000,
95361000,33681000,23501000,34730000,39898000,41274000,0,52369000,44676000,45521000,45682000,
93206000,11905000,24141000,30785000,35209000,34031000,0,46439000,40425000,40822000,41238000,
90648000,11679000,28835000,33390000,38583000,39387000,0,47160000,44660000,46462000,46183000,
102982000,21956000,31039000,35830000,39392000,41757000,0,48568000,45894000,46640000,47521000,
97606000,19938000,31697000,38262000,42483000,42028000,0,52583000,45797000,46691000,46830000,
92867000,16923000,27043000,31854000,36646000,39418000,0,49477000,43086000,44183000,44075000,
90956000,18421000,29779000,37039000,39440000,41166000,0,49328000,45130000,45852000,48575000,
93472000,21679000,30670000,39233000,39853000,42149000,0,48882000,45868000,47063000,47200000,
103272000,17284000,27191000,32826000,36460000,37667000,0,46140000,44062000,45242000,45391000,
93627000,20123000,31710000,40332000,40890000,41628000,0,48760000,47311000,46509000,46951000,
103383000,20888000,30215000,35845000,39979000,40847000,0,49473000,44433000,45639000,46083000,
91200000,18974000,29865000,36670000,38469000,40666000,0,49277000,44569000,45222000,45755000,
95098000,18108000,30246000,35947000,39808000,40459000,0,49871000,44670000,45583000,45737000,
92542000,16596000,28716000,35688000,38410000,40682000,0,50054000,43972000,45190000,45066000,
92172000,22005000,31320000,36408000,40285000,41821000,0,50642000,45434000,46184000,46469000,
94903000,21444000,30019000,36287000,39000000,41144000,0,50896000,44702000,45336000,45827000,
90714000,19080000,29617000,36619000,38392000,40321000,0,49090000,44304000,45177000,45718000,
90537000,8605000,18631000,19275000,29250000,25975000,0,37155000,37222000,37822000,38605000,
101381000,18888000,29993000,36566000,39181000,41313000,0,50321000,44526000,46063000,45452000,
96112000,18409000,29837000,36616000,39450000,40821000,0,54681000,44230000,45054000,45204000,
93132000,16817000,29015000,35283000,40522000,39760000,0,50852000,43825000,45034000,45456000,
282656000,20568000,31382000,38079000,40473000,41822000,0,239501000,44861000,45484000,45648000,
276956000,17381000,31957000,34304000,39232000,40454000,0,234900000,44340000,45098000,45438000,
90765000,17456000,30568000,36687000,39809000,41604000,0,48845000,45709000,46928000,47263000,
103417000,20691000,30216000,37334000,39325000,40944000,0,48262000,45085000,46289000,46988000,
90836000,18795000,31285000,36407000,40627000,41757000,0,48891000,46645000,47275000,47432000,
103142000,18717000,30484000,37660000,39460000,41641000,0,50077000,45236000,46019000,46233000,
96214000,17534000,29294000,36425000,39154000,41203000,0,52027000,44162000,45231000,45389000,
92423000,21080000,30033000,35094000,39911000,42245000,0,50177000,45088000,45991000,46136000,
94448000,16437000,28131000,35250000,37844000,39242000,0,51092000,42913000,43815000,43955000,
95393000,18422000,30291000,36528000,40082000,44190000,0,50294000,44994000,48007000,46107000,
93620000,19368000,30404000,36223000,38897000,40489000,0,50881000,44133000,44751000,45183000,
91534000,18120000,29800000,35461000,39463000,40572000,0,49653000,43884000,45063000,45468000,
90852000,18820000,31025000,38132000,40027000,42150000,0,48726000,46097000,47011000,47428000,
101811000,21985000,30972000,35972000,39509000,41683000,0,48591000,45923000,46576000,47332000,
91694000,17722000,30846000,37839000,40354000,42103000,0,49119000,45289000,46458000,47079000,
102109000,24061000,30763000,36183000,40379000,43153000,0,49415000,46073000,47857000,47504000,
91629000,19169000,31343000,37467000,40795000,42076000,0,49397000,46023000,46882000,47259000,
101928000,18342000,29853000,36477000,40063000,41535000,0,48684000,45539000,46135000,47608000,
92080000,24642000,32186000,38986000,41645000,43717000,0,50247000,46935000,47671000,48111000,
102337000,18105000,32131000,36721000,40964000,42112000,0,49099000,46073000,46887000,47314000,
92344000,20141000,30724000,40706000,40026000,41191000,0,50094000,44846000,45572000,46723000,
94605000,18392000,29494000,36623000,39201000,40605000,0,50446000,44215000,45120000,45266000,
94051000,17008000,29283000,37770000,38533000,40787000,0,48925000,44712000,45773000,45921000,
91953000,19852000,31073000,36342000,40761000,42773000,0,49512000,45943000,47189000,46838000,
92614000,17240000,29443000,36560000,38394000,40588000,0,50592000,44158000,45020000,45186000,
93797000,18413000,29255000,36801000,39417000,40816000,0,51322000,44307000,45141000,45215000,
93831000,18291000,31982000,36811000,39462000,40829000,0,50841000,44387000,45314000,45444000,
90662000,18244000,31050000,36885000,41351000,42802000,0,48443000,46513000,47628000,48046000,
102105000,22661000,32069000,37148000,41572000,44993000,0,47037000,47650000,48327000,48463000,
113429000,18537000,29807000,36621000,38977000,41343000,0,48733000,45644000,46269000,46963000,
91553000,17564000,28098000,34449000,37215000,38008000,0,44666000,44990000,45405000,45501000,
103239000,19079000,31369000,38197000,41166000,42369000,0,48949000,46579000,47768000,47947000,
151508000,0,13027000,21247000,23317000,24935000,90270000,28688000,28345000,29469000,29690000,
105232000,21916000,31246000,39825000,41109000,42392000,0,49327000,46362000,47355000,47550000,
91324000,18594000,30818000,36767000,40841000,42157000,0,49270000,46080000,46846000,47283000,
102231000,18316000,30429000,35988000,39876000,41638000,0,49085000,48480000,47664000,47656000,
95284000,17489000,29908000,40214000,38989000,40676000,0,49926000,44910000,45775000,45977000,
91769000,17912000,31656000,36611000,39192000,40453000,0,49335000,44472000,45501000,45648000,
92900000,18508000,30718000,37943000,39656000,41568000,0,50621000,45247000,45843000,46295000,
92835000,17251000,29472000,36628000,38544000,40650000,0,50729000,44198000,44907000,45224000,
99021000,18260000,30480000,36075000,42433000,40922000,0,54581000,45722000,45711000,46210000,
91724000,17428000,30053000,36073000,38985000,40826000,0,49729000,43757000,45130000,45298000,
92218000,18353000,30531000,36452000,40288000,41730000,0,49956000,45299000,45867000,46331000,
94406000,18341000,29735000,39739000,39820000,41014000,0,49824000,44704000,45691000,45902000,
92586000,18648000,30759000,37895000,40432000,41863000,0,50698000,45388000,46266000,46445000,
92514000,17600000,29779000,36922000,38696000,40787000,0,50520000,44063000,45446000,45933000,
91454000,18354000,30538000,37660000,39779000,42088000,0,49116000,45778000,46589000,46981000,
102814000,17663000,31263000,34707000,39594000,41880000,0,49969000,45182000,46129000,46237000,
92133000,18105000,29774000,35624000,39189000,40333000,0,50011000,43875000,45034000,45461000,
91729000,18707000,30694000,37907000,39923000,42081000,0,49413000,46081000,46882000,47311000,
98631000,17813000,30530000,36530000,40542000,41895000,0,48799000,45798000,46863000,46976000,
91684000,17178000,30085000,40395000,39171000,41571000,0,49235000,45224000,45814000,46462000,
92532000,18893000,31851000,36995000,39940000,42202000,0,50783000,45802000,46473000,46861000,
92005000,18711000,30741000,36417000,40526000,41993000,0,49982000,45114000,45732000,47251000,
93493000,21174000,29811000,35436000,39470000,40851000,0,51727000,44353000,45054000,45294000,
95969000,12954000,25359000,36013000,37571000,39820000,0,49621000,43373000,44309000,44478000,
91215000,19120000,31081000,36999000,40703000,42555000,0,49131000,46244000,47570000,47491000,
101212000,18870000,31309000,37445000,41577000,43140000,0,46837000,47209000,47849000,47983000,
111018000,18275000,30151000,37224000,39829000,41219000,0,49258000,44771000,45677000,45821000,
93235000,21197000,29729000,35367000,39546000,41157000,0,50874000,44434000,45309000,45486000,
93087000,17346000,33502000,34546000,39433000,41330000,0,48704000,45288000,45949000,46633000,
103080000,18619000,30790000,36729000,41097000,41577000,0,48949000,46237000,47172000,47325000,
95539000,18609000,30821000,37560000,39401000,41468000,0,50441000,45140000,48701000,46236000,
92361000,18356000,31822000,36978000,40471000,41808000,0,49996000,45814000,46553000,46828000,
92502000,19229000,31097000,38918000,40072000,41204000,0,50433000,44783000,45921000,46366000,
91785000,17741000,29902000,35901000,39636000,41028000,0,49914000,44722000,45852000,45934000,
94161000,19736000,30554000,35914000,40512000,41290000,0,49004000,46205000,46632000,46947000,
103907000,19496000,30099000,37070000,39998000,41367000,0,49476000,44860000,45770000,45941000,
92668000,17538000,29410000,35690000,39302000,40666000,0,50453000,44225000,45095000,45262000,
92977000,15136000,27310000,31731000,36711000,37964000,0,48645000,42327000,42500000,43036000,
97618000,9508000,19154000,13360000,33791000,35217000,0,43925000,38748000,39384000,39796000,
92975000,19916000,31857000,39284000,41831000,43382000,0,47389000,47399000,48060000,48229000,
104522000,17355000,28497000,36274000,40408000,41134000,0,48164000,45912000,47653000,47946000,
90610000,19140000,31611000,37736000,41795000,43366000,0,47266000,47462000,48076000,48300000,
102420000,17985000,34358000,35864000,40260000,41520000,0,48888000,46178000,48140000,47507000,
91592000,17203000,30237000,36695000,42329000,41055000,0,49164000,45337000,46492000,47149000,
104958000,20209000,29742000,35794000,39909000,42062000,0,49481000,44881000,45641000,45894000,
93556000,17600000,29773000,36823000,38789000,40873000,0,50831000,44479000,45318000,45478000,
94179000,17517000,30091000,37410000,40192000,41678000,0,49584000,45446000,46601000,46748000,
90943000,17779000,30577000,37655000,39596000,41678000,0,48012000,45531000,46747000,46998000,
287746000,13446000,25099000,30926000,33458000,34180000,0,226658000,39524000,40137000,40312000,
96058000,8243000,25406000,34546000,38574000,41090000,0,45626000,46430000,46162000,46966000,
105921000,18928000,30514000,37335000,40182000,42880000,0,49736000,45826000,46048000,46218000,
95258000,17248000,29478000,35491000,39246000,40615000,0,50529000,44151000,45030000,45213000,
106658000,17281000,29506000,34518000,39748000,40474000,0,64473000,44182000,45025000,45252000,
93340000,17619000,29739000,36905000,38701000,40871000,0,50768000,44460000,45395000,45547000,
91353000,17416000,29707000,36855000,38582000,40755000,0,49470000,47243000,46416000,46398000,
94696000,18382000,30281000,37149000,40207000,41670000,0,49960000,44509000,46627000,45747000,
95470000,17274000,30388000,35513000,39198000,40597000,0,53440000,44128000,45025000,45200000,
93298000,17613000,29502000,36443000,39183000,40360000,0,50616000,44051000,44653000,45604000,
93432000,16748000,29015000,35489000,37820000,40005000,0,50104000,43625000,44542000,44671000,
98933000,17234000,29458000,35338000,39709000,40171000,0,54136000,43910000,44506000,44890000,
92781000,18598000,29118000,35413000,37958000,40965000,0,50530000,43787000,45453000,45066000,
278670000,18903000,31163000,37045000,40105000,41469000,0,236081000,44558000,45210000,45356000,
93675000,17153000,30177000,34583000,38789000,40319000,0,48647000,45120000,44310000,44665000,
144622000,18668000,31121000,38406000,40406000,44230000,0,48204000,45032000,46777000,46212000,
296022000,15534000,28198000,33044000,37756000,42738000,0,48668000,44260000,46356000,45244000,
200014000,17194000,29370000,35558000,38482000,40685000,0,50383000,44553000,56907000,45529000,
91506000,14929000,27605000,33263000,37512000,38985000,0,46246000,42483000,42984000,43614000,
101684000,18162000,30592000,37152000,40418000,44847000,0,48548000,45629000,47594000,46850000,
92228000,18318000,30497000,37568000,39434000,41737000,0,50011000,45285000,45929000,46336000,
92929000,18408000,30444000,40537000,40248000,41484000,0,50503000,45313000,45941000,46377000,
92683000,17003000,29286000,35389000,38388000,40244000,0,50333000,43317000,44825000,44941000,
94764000,28495000,24757000,35379000,37277000,39444000,0,49049000,42988000,43943000,44049000,
95083000,17249000,28991000,35924000,37820000,41286000,0,50565000,44117000,45016000,45205000,
91986000,16242000,33529000,33381000,39015000,40466000,0,48904000,44193000,45232000,45399000,
110877000,22076000,30591000,39905000,40820000,42018000,0,50644000,57940000,46573000,46786000,
92147000,17324000,32499000,36704000,38685000,48775000,0,49948000,44174000,45166000,45275000,
91114000,17521000,29805000,35912000,40335000,42393000,0,48594000,45101000,46298000,47838000,
100721000,18374000,30449000,35823000,39486000,43296000,0,48836000,45733000,46949000,47090000,
98310000,18264000,30439000,37502000,39381000,41488000,0,49113000,45291000,46116000,55944000,
93836000,26371000,30317000,37594000,42204000,41501000,0,51225000,45459000,46412000,46500000,
92755000,18340000,30430000,37055000,39304000,41659000,0,50501000,45130000,45831000,46159000,
95395000,17653000,29756000,35449000,40985000,40065000,0,53425000,44421000,45142000,45500000,
91518000,17545000,29670000,36019000,38587000,40788000,0,49419000,44746000,45726000,45923000,
93077000,18401000,31090000,36419000,40623000,41463000,0,50710000,45151000,46575000,46878000,
93967000,18950000,42852000,36826000,40755000,44312000,0,48786000,46373000,47713000,47140000,
104524000,21908000,30617000,35396000,39501000,41006000,0,49199000,44719000,45766000,45964000,
93732000,12789000,25237000,31448000,33153000,35366000,0,46250000,42133000,41690000,42528000,
94132000,17323000,29397000,43783000,51968000,40786000,0,50221000,43737000,45582000,45161000,
93272000,17273000,32945000,35067000,39655000,41105000,0,50822000,45305000,46193000,46370000,
92749000,17279000,29473000,35115000,38838000,40641000,0,50645000,43926000,44836000,45323000,
93749000,17237000,29427000,36419000,38357000,40531000,0,51679000,44057000,44577000,44959000,
93676000,14786000,26931000,33708000,36679000,37521000,0,48332000,40796000,42261000,42444000,
91319000,23471000,31399000,37779000,40137000,44975000,0,49488000,45906000,47630000,47757000,
100310000,18550000,31300000,38234000,40448000,42864000,0,46299000,46906000,47585000,47762000,
113419000,19350000,31374000,38654000,40251000,42758000,0,46875000,47681000,47475000,48070000,
90230000,18540000,30984000,37682000,39960000,44500000,0,46267000,46853000,47464000,47704000,
100850000,21954000,31954000,36478000,40782000,43778000,0,46870000,47169000,47835000,47995000,
112664000,18841000,30607000,37590000,39584000,41761000,0,49581000,45326000,46305000,46464000,
92927000,17038000,29220000,36266000,38746000,40390000,0,50381000,43974000,44800000,44986000,
91468000,20007000,30860000,37744000,39740000,41393000,0,49016000,45873000,46752000,47203000,
104083000,18861000,30648000,37625000,40084000,41743000,0,50905000,45311000,46224000,46422000,
93075000,17234000,29434000,36378000,38923000,40570000,0,50415000,44157000,45030000,45299000,
91785000,17388000,32632000,36054000,39508000,40964000,0,49747000,44268000,45090000,45230000,
91719000,18149000,30470000,36228000,40287000,41564000,0,49424000,44873000,45641000,46771000,
92368000,22420000,30085000,36974000,38989000,41148000,0,50041000,44690000,45578000,45812000,
93999000,14464000,28021000,32957000,35283000,38357000,0,48105000,43215000,43156000,43674000,
93646000,20049000,29511000,34701000,38703000,40953000,0,50413000,44341000,45233000,45369000,
93349000,19248000,30740000,37803000,40398000,41986000,0,50515000,45514000,46177000,46616000,
95411000,19672000,29819000,36448000,38641000,40553000,0,50958000,43988000,44885000,45083000,
92867000,17228000,29435000,35093000,38379000,40543000,0,50765000,44056000,44787000,45222000,
91364000,17724000,30507000,39506000,39844000,41018000,0,49322000,44718000,46248000,46938000,
100968000,8139000,19321000,14447000,26441000,25111000,0,37141000,36913000,37886000,37292000,
93812000,19153000,30800000,37714000,40401000,41845000,0,51893000,46819000,47622000,47949000,
94259000,17548000,29513000,36712000,39456000,40884000,0,50797000,44411000,45345000,45555000,
93543000,17425000,29645000,36609000,38849000,40879000,0,49407000,44627000,45571000,45791000,
280256000,18816000,31104000,37302000,39373000,41289000,0,237856000,44939000,45025000,45350000,
91010000,19651000,30435000,36041000,40581000,42188000,0,48662000,45406000,46201000,48214000,
288359000,18850000,30192000,35521000,37428000,42133000,0,235296000,42961000,44576000,43985000,
91458000,17411000,30487000,37029000,39088000,42296000,0,49099000,45982000,47193000,47524000,
103989000,19715000,31298000,38537000,41000000,43165000,0,46657000,47152000,47800000,48054000,
112749000,7775000,23425000,28357000,36913000,38233000,0,45856000,43545000,44653000,44864000,
283058000,17973000,30810000,37184000,38913000,40076000,0,239952000,43735000,44941000,45163000,
93728000,16363000,29340000,33788000,38461000,44001000,0,47885000,44812000,47064000,45808000,
104798000,18693000,30338000,36057000,40129000,41525000,0,49508000,45005000,45917000,46094000,
94358000,13769000,25247000,31817000,34419000,35660000,0,47716000,42780000,42317000,42792000,
92573000,17258000,29464000,34638000,37969000,41002000,0,50573000,43589000,45479000,44877000,
93431000,16821000,32795000,34414000,38075000,40318000,0,51133000,45019000,45839000,46057000,
276554000,18866000,30838000,37608000,39613000,41475000,0,234024000,44499000,45138000,45339000,
93971000,16298000,26051000,36576000,38776000,41067000,0,47945000,45289000,46623000,46942000,
103067000,26861000,29438000,34298000,38442000,41486000,0,49239000,44990000,46024000,46149000,
92910000,16944000,29190000,36118000,38123000,40315000,0,50320000,46724000,45917000,45908000,
94775000,17242000,29885000,35331000,38648000,42424000,0,49471000,44067000,46093000,44783000,
94632000,18187000,30807000,36252000,39894000,42123000,0,52144000,46044000,46934000,47291000,
104403000,18652000,30777000,37227000,41908000,40698000,0,49678000,45557000,45491000,46068000,
91579000,17551000,29472000,36513000,38448000,40639000,0,49226000,44586000,45579000,45733000,
91363000,18366000,30207000,37740000,39699000,41849000,0,49147000,45783000,46722000,47066000,
101812000,18816000,30577000,37278000,39741000,41660000,0,49941000,44973000,45872000,46069000,
92643000,17259000,29495000,35850000,38263000,40831000,0,50539000,44148000,45092000,45336000,
92776000,17437000,29949000,36960000,38913000,41203000,0,50780000,47688000,46967000,46958000,
95663000,18120000,30532000,36203000,39801000,43533000,0,50645000,44304000,46243000,45243000,
91655000,16632000,30781000,35080000,39154000,40526000,0,49384000,44034000,44982000,45113000,
106576000,18012000,31046000,36646000,41982000,42382000,0,47919000,47793000,47734000,48300000,
116623000,19915000,30036000,37878000,39802000,42270000,0,48377000,46481000,47581000,47792000,
91521000,18922000,31118000,36703000,40941000,42159000,0,48554000,46281000,47447000,47635000,
102939000,18810000,30608000,37775000,39788000,41955000,0,48704000,45870000,46936000,47150000,
91474000,18296000,31022000,37290000,40107000,42311000,0,49621000,46270000,46905000,47569000,
101844000,18358000,29744000,36141000,38729000,42177000,0,49064000,45515000,46917000,46632000,
96330000,7112000,17418000,16910000,19366000,32677000,0,41487000,36179000,36788000,37266000,
94575000,17672000,29955000,36847000,38851000,40908000,0,49665000,44845000,45849000,46050000,
92494000,17831000,31865000,37282000,39237000,41503000,0,50002000,45053000,45976000,46181000,
93775000,17270000,29508000,36697000,38892000,40659000,0,50613000,44194000,44797000,45205000,
92852000,17118000,29274000,35078000,38656000,39920000,0,50566000,43197000,43958000,44169000,
94821000,17249000,29520000,34387000,40366000,39254000,0,48746000,43183000,43796000,44149000,
146411000,16953000,28683000,34597000,37506000,40131000,0,51818000,43431000,44308000,44706000,
93386000,17207000,29414000,35147000,39115000,40591000,0,50805000,44191000,44977000,45369000,
95705000,17573000,29758000,38561000,38570000,40689000,0,51003000,43697000,45104000,45544000,
93872000,16949000,30055000,34878000,38111000,40288000,0,50520000,43832000,44429000,45073000,
92392000,17227000,29140000,35765000,38342000,40478000,0,50254000,45231000,44367000,45404000,
281787000,19116000,31391000,37608000,40379000,41924000,0,238517000,44876000,45455000,45815000,
91369000,17458000,30312000,34664000,39475000,41769000,0,48834000,45922000,46681000,47761000,
103282000,19092000,30904000,36570000,40621000,42011000,0,49904000,45577000,46490000,46868000,
92829000,17375000,29194000,36370000,38387000,40805000,0,50612000,44129000,44817000,45477000,
91805000,18209000,32204000,37231000,39888000,41286000,0,49751000,45020000,45950000,46329000,
95775000,21935000,31316000,36257000,43582000,43566000,0,49074000,46609000,46541000,47645000,
104485000,15926000,29024000,33595000,38731000,40257000,0,45350000,45104000,45710000,46128000,
114405000,13432000,30599000,36517000,41049000,42418000,0,46036000,46388000,47124000,47478000,
93660000,18274000,33024000,38080000,40072000,42218000,0,50730000,46129000,47140000,47519000,
104398000,16894000,29377000,34472000,40182000,40084000,0,47287000,45163000,45101000,46064000,
92102000,19093000,31465000,37615000,39720000,42571000,0,49234000,46244000,47305000,47635000,
104245000,17891000,30075000,35770000,39839000,41247000,0,49891000,44840000,45728000,46123000,
96105000,17196000,29618000,35952000,39341000,40107000,0,53341000,44998000,44932000,45632000,
93161000,18384000,29158000,35440000,38355000,41072000,0,50825000,43872000,45612000,45249000,
95054000,17949000,31083000,36035000,39437000,40679000,0,53023000,45723000,45747000,46190000,
95928000,18801000,30694000,36109000,40260000,41939000,0,50920000,45562000,48866000,46764000,
93633000,17487000,32362000,36590000,39267000,40733000,0,51342000,44370000,45057000,45494000,
92615000,17545000,29699000,36246000,39427000,40324000,0,50728000,43837000,45283000,46005000,
91890000,17710000,30352000,37219000,39636000,41414000,0,49909000,45287000,46378000,46795000,
93918000,19004000,30619000,35992000,43578000,41272000,0,49341000,45725000,46849000,47224000,
92413000,22329000,31605000,35893000,40281000,42569000,0,50853000,45808000,46965000,47051000,
94604000,17885000,30028000,36404000,39823000,41210000,0,51204000,44719000,45639000,45985000,
96018000,18367000,29557000,38722000,38744000,40743000,0,51462000,44230000,45013000,45414000,
92719000,17702000,31238000,36244000,39604000,41022000,0,51035000,44588000,45520000,45885000,
91192000,19089000,30615000,38434000,40585000,41948000,0,49042000,45606000,46169000,47044000,
100897000,19362000,31376000,38167000,41107000,44368000,0,46679000,47481000,48651000,48787000,
117713000,9498000,19794000,13461000,35628000,36923000,0,43057000,41106000,41715000,42643000,
94439000,21476000,31865000,39053000,41848000,43420000,0,47292000,48123000,48244000,48801000,
106463000,19090000,30644000,37937000,40395000,41814000,0,49717000,45433000,46272000,46640000,
93383000,17541000,29732000,36679000,38990000,40866000,0,50856000,44409000,45298000,45662000,
92283000,17718000,30353000,35391000,39817000,42256000,0,50490000,45233000,45852000,46232000,
92166000,18830000,30448000,36658000,39811000,42427000,0,50278000,45738000,47036000,46703000,
91565000,18629000,30028000,36762000,39710000,41134000,0,49897000,44707000,45746000,48802000,
94839000,18415000,30591000,37618000,39630000,43930000,0,50316000,44845000,46900000,45805000,
94749000,17814000,30026000,36875000,39242000,40879000,0,53222000,44275000,45121000,45520000,
93423000,4682000,16661000,23406000,26666000,27658000,0,38324000,31339000,32007000,33225000,
93662000,18772000,30189000,37304000,40005000,41490000,0,51694000,45240000,46190000,46582000,
93995000,18975000,31071000,37844000,41325000,42056000,0,52184000,45847000,46738000,47082000,
91424000,19167000,30079000,36992000,39729000,41157000,0,49721000,44675000,45750000,46105000,
92493000,18507000,30894000,36228000,39490000,42788000,0,50668000,48416000,48225000,48206000,
96941000,17735000,29941000,36000000,39676000,42428000,0,50284000,44301000,46332000,45127000,
92727000,20628000,32628000,36748000,40490000,41845000,0,50662000,45381000,46189000,46653000,
93391000,17039000,29262000,36687000,40710000,40764000,0,50802000,43889000,45319000,45719000,
92132000,18329000,30031000,36926000,39763000,41040000,0,49896000,44944000,46070000,46423000,
93778000,18531000,31304000,38225000,43636000,41924000,0,48965000,47282000,47792000,48190000,
106747000,19836000,31435000,37477000,40584000,42038000,0,50030000,45596000,46471000,46872000,
92922000,17697000,29991000,35953000,39638000,41105000,0,51126000,44609000,45510000,45861000,
91484000,15505000,28300000,35103000,37416000,39253000,0,47055000,42647000,43769000,44176000,
91709000,20266000,31882000,38204000,41050000,43764000,0,50163000,46734000,47734000,48041000,
102849000,18674000,33086000,37400000,40824000,41811000,0,50419000,45363000,46237000,46645000,
91990000,17524000,29936000,35909000,39627000,40871000,0,50170000,44011000,45133000,45769000,
93035000,18659000,30747000,37347000,40506000,41961000,0,50757000,45505000,46458000,46814000,
96481000,20777000,30038000,36911000,39157000,41077000,0,51943000,44501000,45238000,45597000,
93436000,20600000,31064000,36237000,39453000,40964000,0,51822000,44654000,45283000,45908000,
281565000,19078000,31484000,37615000,40405000,41777000,0,238386000,44839000,45474000,45832000,
92474000,12870000,30078000,35553000,39007000,41510000,0,48585000,46730000,46274000,47184000,
103611000,19309000,31224000,37321000,41039000,41913000,0,49736000,45471000,46641000,47240000,
93225000,18565000,29907000,36825000,39703000,40937000,0,50822000,44541000,45480000,45838000,
97852000,13790000,27184000,30446000,35080000,38593000,0,48633000,45046000,43532000,43844000,
93067000,17806000,30000000,36956000,39399000,41126000,0,51496000,44582000,45526000,45903000,
92644000,16414000,35812000,33629000,38868000,40865000,0,50884000,44438000,45330000,45710000,
93550000,17955000,30369000,36661000,40261000,40953000,0,49940000,44887000,46461000,47259000,
91297000,18933000,35055000,28719000,37638000,36210000,0,49800000,48005000,48664000,49255000,
101394000,22396000,30019000,35452000,42261000,42252000,0,50323000,46133000,45858000,46065000,
95318000,18706000,30832000,38840000,39669000,44731000,0,50528000,45476000,46596000,46243000,
95843000,17397000,31554000,35940000,39693000,41038000,0,53937000,44522000,45453000,45869000,
90797000,17997000,30014000,35921000,43380000,40528000,0,49416000,44379000,45565000,46130000,
147557000,17767000,29603000,35505000,38409000,40567000,0,51041000,44115000,44982000,45461000,
93545000,19195000,31340000,38503000,42786000,42662000,0,50230000,47471000,48155000,48562000,
104243000,18291000,30323000,39798000,40371000,42076000,0,49026000,46765000,47922000,48393000,
90744000,19320000,34281000,39012000,41791000,43403000,0,47314000,47398000,48031000,48413000,
102705000,19607000,30992000,40158000,41011000,41792000,0,49078000,47760000,47212000,47656000,
95922000,19302000,31621000,39131000,41810000,46186000,0,46336000,47009000,48414000,47540000,
107031000,19685000,32000000,39381000,42194000,43742000,0,47612000,47708000,49047000,49428000,
116991000,18251000,33886000,37603000,41959000,43229000,0,47380000,47472000,48581000,48572000,
293802000,19380000,31372000,39017000,40669000,41265000,0,251358000,44318000,45480000,46002000,
91984000,17553000,30494000,37066000,39222000,41436000,0,49480000,45052000,46274000,47362000,
90883000,19660000,31831000,38839000,41743000,42982000,0,49169000,47056000,48232000,48636000,
102800000,19591000,30844000,37935000,40667000,42147000,0,50135000,45662000,46492000,49422000,
95706000,17762000,29779000,36673000,38989000,40898000,0,50728000,44448000,45345000,45702000,
94804000,18053000,30029000,37142000,39858000,41341000,0,50907000,44938000,45783000,46188000,
93181000,22634000,31559000,37806000,40703000,41539000,0,51146000,45101000,45963000,47213000,
93808000,17971000,29933000,36297000,39640000,41137000,0,51196000,44565000,45413000,45861000,
95511000,20226000,29704000,35510000,39068000,40394000,0,50829000,43886000,44838000,45250000,
93146000,19137000,27480000,34404000,36794000,39310000,0,49596000,42653000,44030000,44777000,
92850000,18905000,30046000,36968000,39796000,41029000,0,50039000,44669000,45516000,45937000,
105580000,17722000,29797000,35779000,39215000,40870000,0,49871000,44413000,45001000,47211000,
92633000,21798000,29498000,36268000,38678000,41290000,0,51605000,44041000,45417000,45767000,
99907000,17435000,29401000,36382000,42211000,42220000,0,51139000,44883000,55543000,44772000,
92683000,17841000,29735000,36684000,38891000,41821000,0,50481000,43815000,45791000,44813000,
93470000,16874000,30828000,37776000,38530000,40804000,0,51842000,44315000,45070000,45622000,
281515000,17667000,30588000,36671000,41422000,41051000,0,239540000,44284000,45333000,45923000,
93422000,17730000,30467000,37461000,39183000,42118000,0,49221000,45789000,46780000,47556000,
100701000,27508000,29946000,35125000,39857000,42774000,0,48990000,46914000,48061000,48433000,
110945000,19601000,31131000,38330000,40899000,42751000,0,50406000,47525000,48126000,48986000,
90349000,20978000,30744000,39484000,39826000,41108000,0,48612000,44735000,45596000,46876000,
143606000,38476000,30709000,36448000,40398000,42162000,0,50566000,45315000,46412000,46597000,
101579000,18222000,30602000,37640000,40358000,51923000,0,50288000,57000000,46288000,46648000,
92241000,16173000,28787000,34218000,37586000,39570000,0,50348000,41901000,43910000,46231000,
92768000,16336000,33309000,34641000,39178000,40442000,0,50974000,45209000,45195000,45779000,
98676000,17980000,30068000,36870000,38914000,40661000,0,50885000,44145000,47240000,56912000,
91233000,17789000,32746000,35482000,39624000,40940000,0,49525000,44938000,45806000,46111000,
92990000,18303000,30264000,36152000,40955000,41939000,0,50497000,45347000,46209000,48302000,
94967000,30307000,26417000,36314000,40045000,41325000,0,51006000,45072000,45995000,46292000,
91653000,17022000,27027000,34288000,36937000,37830000,0,47651000,45007000,44993000,45865000,
101706000,19568000,31018000,37989000,41070000,41807000,0,49088000,45917000,46752000,48444000,
91658000,19889000,31885000,38867000,41518000,43042000,0,50111000,46564000,47160000,47844000,
101748000,17216000,34988000,33229000,39464000,41035000,0,50648000,44675000,45249000,45990000,
90959000,17309000,40882000,34137000,39192000,40587000,0,48793000,43868000,45335000,45953000,
90802000,19569000,31481000,37928000,41207000,42610000,0,49050000,46711000,47210000,48146000,
100591000,19595000,31801000,39060000,41921000,45634000,0,47322000,48103000,48008000,48781000,
111345000,18475000,30337000,36683000,39873000,40988000,0,49556000,44554000,45118000,46422000,
93499000,19997000,29967000,35495000,50979000,40526000,0,50848000,44393000,45316000,45772000,
94126000,15381000,27398000,45959000,37403000,38468000,0,47204000,42286000,44219000,45819000,
91274000,18860000,30748000,36477000,40183000,42005000,0,49442000,45724000,46668000,47070000,
101163000,19402000,31032000,38189000,41039000,42417000,0,49172000,46363000,47415000,47801000,
94303000,20938000,30819000,37894000,40908000,42132000,0,49441000,46066000,47182000,47544000,
282926000,21807000,30782000,37351000,39933000,41925000,0,241153000,44858000,45379000,45794000,
91339000,15842000,25677000,31471000,37867000,40189000,0,47004000,44410000,45705000,46275000,
102838000,19350000,30796000,36602000,41077000,42413000,0,49135000,46577000,49143000,49126000,
91298000,22657000,32187000,37249000,41596000,43020000,0,49464000,46016000,46966000,48190000,
101899000,17990000,30004000,35439000,38641000,41548000,0,50266000,44120000,46149000,45537000,
93988000,17774000,29774000,36602000,39231000,40846000,0,52284000,44007000,45533000,46002000,
282278000,18530000,31289000,37281000,43012000,41686000,0,240412000,44833000,45986000,46408000,
93844000,18400000,31177000,37925000,40195000,42412000,0,49890000,45887000,47684000,48235000,
104398000,28597000,32149000,37320000,41568000,42957000,0,49639000,47034000,47843000,48814000,
93836000,19300000,31312000,38420000,42387000,42677000,0,49130000,47367000,46829000,47993000,
104417000,18054000,29959000,37348000,41144000,42259000,0,49091000,46092000,46883000,47282000,
91363000,18941000,30846000,36462000,40576000,42059000,0,49618000,45734000,46551000,47139000,
95554000,14684000,26788000,32935000,38777000,39530000,0,48770000,43954000,44568000,45037000,
92035000,17871000,29741000,36011000,39060000,41008000,0,50553000,44277000,45419000,45835000,
92529000,17771000,32081000,37247000,40465000,41966000,0,50759000,45238000,46343000,46753000,
92733000,18916000,29571000,37211000,39756000,40986000,0,51333000,44502000,45359000,45799000,
93215000,17978000,29984000,36370000,39688000,41165000,0,50922000,44664000,45547000,45928000,
92307000,18510000,31060000,37984000,39958000,42117000,0,50181000,45585000,46471000,46935000,
99669000,0,12576000,32536000,35279000,36635000,21000,46259000,40293000,41133000,41619000,
95915000,14102000,25169000,31988000,34374000,35346000,0,47446000,41795000,41725000,42830000,
91743000,19062000,30916000,37320000,39976000,43655000,0,49691000,46118000,47704000,47598000,
104048000,19533000,30942000,37737000,40950000,42236000,0,49277000,46368000,47486000,47964000,
93228000,19296000,31562000,38803000,42137000,43786000,0,46826000,47390000,48021000,48444000,
110076000,18882000,30838000,40290000,41292000,42884000,0,50019000,46749000,47633000,48202000,
91055000,19047000,31236000,38494000,40655000,43112000,0,48807000,47290000,48068000,48641000,
102392000,20730000,31407000,37030000,40795000,44903000,0,46802000,47593000,47507000,48251000,
113591000,18637000,30359000,36776000,40027000,40967000,0,49159000,44507000,45124000,46522000,
92896000,20964000,30060000,36281000,39235000,42404000,0,51676000,44690000,46172000,46541000,
94475000,18664000,31288000,38663000,40951000,41199000,0,49364000,46428000,45981000,48557000,
104748000,19568000,30980000,37949000,41128000,42430000,0,49264000,46354000,47273000,47786000,
92613000,19124000,30761000,37709000,40462000,41845000,0,50448000,45357000,46263000,46621000,
95337000,17131000,29552000,34585000,40161000,40240000,0,50393000,44792000,44725000,45509000,
92996000,18274000,29742000,35985000,39556000,41381000,0,51221000,44698000,45487000,45925000,
92540000,17319000,33686000,32924000,38386000,40499000,0,50836000,45098000,45144000,45689000,
96173000,17784000,29754000,35690000,39461000,40726000,0,51163000,43804000,45100000,45540000,
92804000,23759000,29875000,33685000,39466000,40838000,0,50832000,44372000,45178000,45713000,
91315000,19225000,30617000,37484000,41194000,42397000,0,49509000,45652000,46131000,48175000,
100029000,19323000,31634000,37035000,41107000,44569000,0,46653000,47180000,48449000,48361000,
109267000,19048000,31832000,37806000,42070000,43668000,0,47563000,47650000,48259000,48749000,
94376000,19400000,31479000,37892000,40973000,42299000,0,49040000,46210000,47342000,47678000,
106308000,18576000,30585000,38507000,40646000,41967000,0,50893000,45079000,46397000,47914000,
94360000,17949000,29956000,36857000,39406000,41081000,0,51083000,44607000,45438000,45876000,
92879000,18337000,30741000,37728000,40264000,41843000,0,51074000,45564000,46534000,47048000,
91656000,21077000,31589000,38729000,40807000,42928000,0,49682000,46602000,47678000,48045000,
102844000,19413000,30681000,37618000,40397000,41809000,0,50245000,45427000,46193000,46578000,
93139000,17790000,29251000,35201000,40120000,40863000,0,50957000,44537000,45460000,48393000,
92949000,31470000,24261000,33660000,39473000,40762000,0,50925000,44428000,45284000,45684000,
92097000,13647000,25109000,31936000,34581000,35872000,0,46683000,42908000,42693000,43047000,
94237000,19074000,30764000,37287000,39466000,42363000,0,50670000,45565000,46697000,46448000,
92999000,17501000,32466000,36967000,39622000,41617000,0,51391000,45152000,45976000,46468000,
94208000,17529000,29480000,37637000,39504000,41266000,0,49527000,44407000,45674000,46531000,
92485000,18933000,30786000,36451000,40590000,41988000,0,50440000,45537000,46218000,46875000,
91604000,17695000,29855000,35053000,39307000,40409000,0,49360000,44273000,44871000,45562000,
92960000,22323000,30905000,36263000,40099000,41879000,0,50562000,45626000,46472000,46899000,
95171000,13701000,25143000,32414000,34887000,35639000,0,47554000,42004000,42566000,43011000,
91395000,18643000,30052000,36977000,39383000,41641000,0,49784000,45119000,46144000,46553000,
101882000,22551000,36093000,36805000,40549000,43007000,0,49448000,47153000,48229000,48658000,
91745000,19062000,33004000,37866000,41105000,41948000,0,49665000,45524000,46872000,47633000,
92666000,17777000,29733000,35399000,39422000,40803000,0,50938000,44386000,45233000,45678000,
90525000,17810000,29943000,35442000,40219000,40382000,0,48702000,44435000,45070000,45501000,
144827000,17568000,28854000,35008000,37656000,40596000,0,50964000,44013000,44731000,45166000,
92780000,17750000,29774000,35761000,39158000,41569000,0,50960000,47136000,46511000,46502000,
96097000,17740000,29764000,35399000,39434000,41593000,0,50343000,43871000,45917000,45347000,
95134000,17310000,30593000,36734000,39304000,40891000,0,53385000,44424000,45259000,45756000,
282580000,19518000,31581000,36957000,40565000,41559000,0,240688000,44519000,45542000,46038000,
91134000,17545000,30494000,35471000,39659000,42046000,0,48732000,45523000,47387000,47925000,
100980000,23141000,31397000,37544000,41032000,43475000,0,47214000,47432000,48046000,48480000,
114936000,18562000,31143000,36587000,40348000,41698000,0,51972000,45227000,46172000,46558000,
93361000,17458000,29434000,35377000,40505000,40783000,0,51352000,43720000,44427000,45648000,
92724000,17908000,29852000,36828000,39315000,40997000,0,51027000,44530000,45420000,45843000,
93288000,8202000,25896000,29017000,37261000,38065000,0,46437000,43455000,44015000,44438000,
90664000,19608000,31288000,37441000,41509000,44950000,0,47538000,47267000,48628000,48546000,
105705000,23189000,30804000,35932000,39906000,42126000,0,49225000,46061000,47043000,47448000,
92848000,19330000,31600000,37543000,41814000,43441000,0,47107000,47380000,48056000,48499000,
107340000,18840000,30879000,40040000,41437000,42758000,0,50046000,46688000,47626000,48075000,
92905000,18952000,30639000,37257000,40608000,41908000,0,50345000,45426000,46382000,46703000,
91936000,17791000,29710000,35232000,39212000,40284000,0,49269000,44403000,44969000,45405000,
92611000,22270000,31050000,36852000,40245000,45080000,0,51359000,45809000,47223000,47579000,
94340000,17751000,29695000,35178000,39499000,40191000,0,50376000,44578000,44821000,46052000,
92575000,18941000,30777000,37057000,39701000,44292000,0,50562000,45482000,46710000,46825000,
93716000,18612000,31659000,36979000,39641000,41107000,0,52112000,45492000,47026000,46732000,
91710000,17782000,29245000,36567000,38751000,40596000,0,48797000,44095000,44980000,45383000,
147173000,17509000,29537000,36428000,38540000,40577000,0,52245000,44064000,44838000,45288000,
91933000,17740000,29734000,35062000,39402000,40677000,0,50162000,44073000,45005000,45400000,
275135000,20693000,31369000,39713000,40351000,41872000,0,233047000,44814000,45321000,45782000,
91144000,17788000,30593000,36319000,39387000,41725000,0,49039000,46930000,47672000,48225000,
102627000,18790000,32817000,37821000,41436000,42723000,0,49081000,46934000,48092000,48471000,
114540000,19139000,30731000,37432000,40953000,42159000,0,50050000,46103000,46905000,47340000,
92048000,18851000,30185000,37234000,39930000,41879000,0,50107000,45070000,46777000,46460000,
91667000,16877000,35835000,35572000,36969000,40888000,0,49650000,44422000,45461000,45841000,
91471000,18868000,30725000,37417000,40834000,42113000,0,49426000,46029000,46765000,47500000,
282900000,24503000,30100000,35695000,38628000,41360000,0,230569000,43644000,44596000,44953000,
92657000,31895000,27574000,37017000,40923000,43074000,0,50752000,46662000,47553000,48168000,
95854000,15270000,27001000,33893000,39158000,40854000,0,47983000,44307000,44887000,45622000,
92330000,19306000,31608000,38503000,40750000,42718000,0,49299000,46273000,47077000,47714000,
100444000,19109000,30715000,36924000,40477000,41811000,0,50334000,45334000,46091000,46670000,
93899000,17826000,29822000,35503000,41961000,40719000,0,51927000,44787000,45703000,46163000,
92395000,21055000,30730000,37354000,40517000,42206000,0,50554000,45500000,46382000,46782000,
92929000,22103000,30098000,36963000,39447000,41155000,0,51115000,44797000,45685000,46125000,
94192000,18384000,30788000,36512000,40844000,45236000,0,49257000,46062000,47503000,47239000,
92524000,18604000,31561000,36173000,40542000,42020000,0,50457000,45595000,46106000,46833000,
91810000,17273000,29023000,36563000,38782000,40462000,0,49321000,44001000,44605000,45290000,
91353000,18341000,30746000,36652000,40706000,42167000,0,49419000,46064000,46781000,47478000,
102523000,12383000,32424000,31227000,34532000,36594000,0,46776000,42083000,42817000,43419000,
91337000,17747000,29509000,36997000,39917000,41438000,0,49329000,45156000,46067000,46528000,
92306000,18881000,30748000,37154000,40239000,42719000,0,50292000,45502000,46397000,46820000,
92193000,14822000,26943000,33841000,36136000,37929000,0,47038000,41559000,42120000,42848000,
93066000,24505000,31610000,37830000,40786000,43498000,0,51878000,46345000,47260000,47608000,
94971000,17813000,29783000,38509000,38914000,40043000,0,50499000,45075000,44658000,45991000,
91508000,18060000,29760000,35791000,38644000,41888000,0,49495000,44832000,46203000,45898000,
92299000,17802000,34419000,37955000,39880000,42147000,0,50233000,46882000,47702000,48322000,
105200000,8597000,17499000,23204000,27122000,28990000,0,38890000,32299000,33845000,34294000,
92699000,21189000,30684000,37669000,38955000,41921000,0,50534000,45338000,46223000,46584000,
92757000,17997000,29964000,35974000,39715000,41074000,0,51049000,44639000,45583000,46006000,
93465000,18818000,30958000,37605000,40708000,42083000,0,50803000,45652000,46330000,46937000,
95264000,17864000,30428000,35124000,39518000,40868000,0,51170000,44409000,45327000,45750000,
91557000,17787000,29784000,36780000,38686000,40887000,0,49567000,43994000,44797000,46248000,
95951000,26836000,31117000,35927000,40937000,42333000,0,51280000,45866000,46718000,47147000,
96994000,13985000,28198000,30524000,34796000,38625000,0,49373000,42009000,42715000,43163000,
92597000,17768000,31239000,35351000,38048000,41048000,0,50699000,44401000,45522000,45717000,
92002000,18757000,34374000,37816000,41518000,43210000,0,50450000,46526000,47320000,48018000,
92778000,17496000,29489000,35677000,39221000,40067000,0,50627000,43609000,45030000,45718000,
92890000,17516000,29502000,35831000,39158000,40633000,0,50733000,44193000,44977000,45368000,
93580000,17760000,29560000,35410000,40615000,40763000,0,51144000,44405000,45329000,48649000,
92406000,34569000,23972000,34634000,39744000,41695000,0,50449000,45398000,46338000,46801000,
92023000,13856000,25458000,32065000,35293000,36035000,0,45729000,42756000,43423000,43979000,
102771000,18638000,30157000,36299000,39804000,40931000,0,49788000,44470000,45617000,46376000,
91489000,17836000,29838000,35789000,39695000,41163000,0,49522000,44863000,45842000,46282000,
95233000,3834000,19669000,18021000,23091000,21380000,0,38379000,35648000,36279000,36959000,
90928000,22876000,31952000,36422000,41290000,42982000,0,49299000,46536000,47662000,48130000,
102276000,19344000,33090000,37652000,40928000,42429000,0,49213000,46108000,47115000,47517000,
93295000,16793000,26037000,35686000,39339000,39963000,0,47563000,44478000,45069000,45691000,
103718000,19310000,30738000,36249000,40773000,45176000,0,49174000,46013000,47656000,47076000,
92505000,18844000,32875000,37109000,40060000,41507000,0,50464000,45083000,45906000,46381000,
94376000,17743000,29761000,35397000,39478000,40770000,0,49619000,43859000,45035000,45862000,
92604000,18964000,30780000,37342000,40491000,41977000,0,50535000,45492000,46436000,46833000,
96316000,17119000,29504000,36374000,38914000,40684000,0,50519000,44266000,45012000,45436000,
94160000,17769000,29788000,35972000,39101000,40541000,0,51423000,43654000,44468000,44840000,
92816000,17775000,29754000,35836000,38568000,40558000,0,51107000,43717000,44402000,44844000,
108444000,17800000,29788000,35823000,39148000,40451000,0,63142000,43940000,44745000,45185000,
93196000,17409000,31602000,34956000,39062000,40459000,0,50505000,43620000,44924000,45391000,
92774000,17199000,29217000,35879000,39163000,40479000,0,50928000,43408000,44213000,45495000,
92651000,17742000,29704000,36090000,38752000,41515000,0,50786000,44349000,45176000,45623000,
95290000,14258000,26959000,32081000,37654000,38621000,0,49180000,43460000,43367000,44167000,
92495000,17769000,29723000,36789000,39456000,40881000,0,50681000,43934000,45635000,45309000,
92591000,16861000,33555000,34833000,38376000,40594000,0,50470000,44132000,44959000,45397000,
91355000,17631000,29943000,37708000,40081000,41410000,0,49358000,44726000,46252000,46717000,
92300000,19529000,31361000,37645000,40639000,41881000,0,50335000,45000000,46233000,46975000,
91671000,17746000,29675000,35736000,39559000,40931000,0,49854000,44619000,45492000,45900000,
92446000,25009000,30209000,36215000,39175000,41192000,0,50413000,44307000,46261000,47054000,
93645000,13999000,25435000,32088000,35125000,36538000,0,48453000,41983000,42802000,43253000,
92817000,18162000,30135000,36102000,39226000,40550000,0,51147000,44356000,46178000,45882000,
98446000,17764000,33597000,35943000,39727000,41129000,0,51112000,44760000,56966000,45950000,
92881000,17840000,28920000,35426000,38642000,40022000,0,50747000,43562000,44755000,45460000,
93652000,17643000,29650000,36651000,38648000,40832000,0,50797000,44354000,45038000,45647000,
91256000,19093000,30649000,37166000,40811000,41996000,0,49310000,45698000,46222000,47270000,
102834000,19627000,33689000,37279000,40435000,44173000,0,50550000,45792000,47520000,47170000,
93027000,17730000,31158000,36703000,39185000,40886000,0,51027000,44373000,45248000,45658000,
92828000,17779000,29592000,37906000,39422000,41101000,0,50889000,44204000,45316000,46028000,
91498000,17612000,29612000,35629000,39576000,40780000,0,49365000,44694000,45660000,46154000,
95507000,20979000,30290000,36039000,40127000,43178000,0,50255000,45073000,45959000,46337000,
96447000,17749000,29206000,35861000,38909000,51411000,0,51191000,54553000,45628000,45370000,
92665000,17240000,33331000,34653000,38712000,40659000,0,50886000,44335000,45274000,45731000,
91528000,29446000,30083000,37272000,40278000,41312000,0,49596000,45216000,46455000,46839000,
100027000,19074000,33494000,37962000,40835000,42030000,0,49214000,45960000,46921000,57988000,
102474000,21679000,32774000,38464000,41244000,40240000,0,49675000,44481000,45943000,46322000,
92947000,18853000,30851000,37659000,40485000,41959000,0,50765000,45482000,46326000,46693000,
95873000,17329000,29357000,36013000,38165000,39670000,0,50515000,43907000,45239000,45882000,
93112000,20932000,28674000,35264000,38347000,41927000,0,51170000,44476000,45744000,45462000,
92808000,17784000,29798000,36074000,38610000,41618000,0,51008000,44355000,45269000,45554000,
94407000,17781000,29737000,36627000,39432000,40893000,0,50859000,44425000,45251000,45747000,
91752000,19836000,32926000,36058000,39946000,41144000,0,49624000,45038000,46092000,46508000,
102870000,18046000,29791000,37518000,41304000,41554000,0,49626000,45243000,46157000,46572000,
92077000,18869000,42283000,37766000,40451000,41893000,0,50496000,45482000,46137000,46716000,
94549000,16970000,25717000,35915000,38659000,40094000,0,49797000,43524000,44366000,44798000,
93006000,17837000,29092000,35956000,38917000,40734000,0,51481000,43713000,45378000,45063000,
93137000,16914000,33293000,35384000,38541000,40756000,0,51487000,46055000,45235000,45471000,
92742000,17706000,29741000,36409000,38841000,40302000,0,50883000,43896000,45247000,45818000,
92671000,17463000,31821000,35092000,39104000,40532000,0,50899000,44016000,44729000,45194000,
92581000,17469000,29452000,36394000,40500000,40834000,0,50799000,43820000,44555000,46242000,
92726000,26440000,27839000,33729000,50991000,40902000,0,50887000,44400000,45323000,45706000,
95139000,17229000,29272000,47593000,38341000,40291000,0,50319000,44877000,44886000,45745000,
92601000,17764000,29272000,35045000,38297000,41104000,0,51029000,44400000,45260000,45689000,
90753000,17608000,35765000,36882000,39445000,42252000,0,49052000,46378000,47517000,47834000,
101678000,22617000,30827000,36100000,41454000,42395000,0,49251000,46318000,46977000,47682000,
91381000,20799000,27922000,37508000,39511000,41891000,0,48860000,45565000,46232000,46934000,
101641000,18862000,31346000,38027000,40404000,42343000,0,48887000,46538000,47138000,48080000,
91343000,19304000,30756000,36713000,41268000,42489000,0,49191000,46126000,47128000,49272000,
102828000,18791000,30369000,36145000,39324000,42052000,0,49634000,45170000,46379000,46483000,
90084000,18316000,31463000,36775000,39912000,41170000,0,48463000,45039000,46024000,46438000,
144816000,18359000,30546000,38292000,39656000,41723000,0,50138000,45313000,46018000,46596000,
92506000,17602000,29494000,35489000,39178000,40611000,0,50677000,44139000,44969000,45425000,
95081000,17635000,29663000,36580000,41799000,40882000,0,50638000,44297000,44990000,45396000,
92465000,18156000,31901000,36301000,38951000,41622000,0,51415000,44480000,45791000,46259000,
92720000,17922000,29883000,35915000,39593000,40972000,0,51187000,44431000,45179000,45629000,
95158000,16852000,28812000,37471000,38201000,40471000,0,50418000,46087000,46165000,46151000,
283462000,19086000,31316000,37913000,40766000,42079000,0,241210000,45089000,45766000,46215000,
92525000,17024000,28086000,34146000,38867000,41116000,0,49597000,45917000,47100000,47670000,
105097000,27726000,31584000,37198000,42320000,42514000,0,51254000,48062000,48391000,48813000,
90960000,21651000,31584000,37955000,41398000,43270000,0,49257000,46683000,47696000,48114000,
100970000,18867000,30137000,36489000,39871000,41238000,0,49996000,44729000,45617000,46105000,
93209000,1948000,18236000,16996000,22994000,19550000,0,38422000,33340000,33836000,34675000,
92201000,19702000,29858000,36399000,39392000,42220000,0,50485000,45502000,46738000,46794000,
91583000,17885000,29913000,35901000,39654000,40996000,0,49982000,44497000,47513000,47504000,
93724000,18557000,30716000,37818000,40076000,42958000,0,49145000,45762000,47913000,47449000,
104309000,18868000,30519000,37542000,40264000,41688000,0,49617000,45266000,46047000,46497000,
94281000,14746000,28898000,31993000,35845000,39210000,0,49110000,42733000,43573000,44030000,
92710000,17782000,29772000,35075000,38209000,40871000,0,51191000,44194000,45267000,45418000,
92436000,17201000,31384000,36386000,38666000,40510000,0,50922000,43443000,44787000,45267000,
93263000,17507000,29557000,35280000,38913000,39839000,0,51242000,43301000,44482000,44964000,
94122000,17714000,29730000,36645000,38934000,40754000,0,51688000,44146000,44839000,45377000,
92854000,17480000,29158000,35163000,40214000,40550000,0,50617000,44076000,44681000,48206000,
92103000,28220000,30452000,35207000,39157000,42441000,0,50054000,46559000,47726000,48153000,
103525000,18803000,33829000,37883000,41891000,43499000,0,47619000,48859000,48769000,49131000,
116969000,18009000,30508000,36410000,40976000,42307000,0,51694000,46508000,47594000,48033000,
90585000,19429000,31602000,38727000,41024000,43410000,0,47526000,47451000,47984000,48469000,
102469000,19321000,30843000,38015000,40137000,42220000,0,48982000,46114000,46960000,47675000,
94241000,18842000,30830000,37994000,42803000,42189000,0,49168000,46286000,47172000,47654000,
104213000,18602000,30809000,38569000,41071000,42768000,0,49047000,46312000,47645000,48463000,
91286000,19411000,31409000,37967000,41158000,42483000,0,49260000,46389000,47421000,47835000,
104056000,19420000,31356000,37996000,40751000,42154000,0,51155000,46071000,46894000,47616000,
93746000,18871000,30780000,37648000,40582000,42153000,0,49031000,46048000,46782000,47342000,
101905000,25670000,32922000,36863000,38347000,42230000,0,48999000,46097000,47120000,47538000,
92349000,19010000,30762000,37341000,40507000,41954000,0,50419000,47516000,46726000,46869000,
93240000,17821000,29907000,35923000,39740000,42414000,0,49772000,44028000,46228000,45626000,
94114000,18006000,32123000,37665000,39737000,41903000,0,52161000,45500000,46156000,48169000,
92665000,17765000,29776000,35466000,39509000,40764000,0,50748000,43909000,45236000,45677000,
91512000,18387000,29761000,36684000,39106000,40906000,0,49566000,44814000,45792000,46231000,
92544000,16943000,28262000,35053000,38665000,39330000,0,48691000,43970000,43787000,44555000,
92438000,19116000,29941000,35903000,39658000,42373000,0,51207000,45188000,45936000,46393000,
98381000,17749000,29803000,36728000,40342000,40763000,0,52840000,45114000,45208000,45727000,
93551000,17679000,29707000,35360000,39597000,42589000,0,50522000,43408000,45982000,45696000,
94498000,17780000,29752000,36241000,39692000,41019000,0,52727000,44532000,45421000,45860000,
92170000,18014000,29591000,37280000,39567000,41472000,0,50487000,44085000,46544000,47221000,
92591000,17841000,29754000,35512000,39509000,40784000,0,50671000,44429000,45265000,45708000,
96015000,18112000,29764000,35141000,40382000,40086000,0,54054000,44756000,45022000,45437000,
93351000,17724000,29701000,35346000,38513000,41028000,0,50761000,44367000,45289000,45758000,
280604000,18797000,31119000,36816000,40140000,41508000,0,238457000,44607000,45130000,45555000,
110211000,15631000,29697000,34295000,41768000,41104000,0,52037000,45902000,46651000,47792000,
91347000,15536000,31030000,37951000,39515000,42192000,0,48763000,45715000,46587000,47128000,
98759000,18768000,30836000,34951000,39781000,41942000,0,48779000,45852000,46889000,47331000,
94802000,18854000,30830000,37610000,39993000,41383000,0,52843000,46004000,46012000,46563000,
92695000,20757000,30710000,37303000,40419000,42353000,0,50709000,45405000,46270000,46709000,
92671000,17029000,28938000,33795000,40507000,40051000,0,50056000,43556000,44447000,44897000,
93946000,17926000,29858000,36887000,39275000,41068000,0,49489000,44971000,47857000,46176000,
90478000,29463000,28077000,36201000,42102000,43444000,0,46683000,47398000,47925000,48394000,
143756000,18786000,31579000,38763000,40624000,41953000,0,49486000,45467000,45987000,47748000,
98235000,19398000,29862000,35943000,38816000,41550000,0,51026000,44417000,45280000,45505000,
91429000,18234000,34080000,38220000,40541000,42515000,0,49359000,46414000,47443000,48767000,
102643000,18308000,30814000,36277000,42449000,42095000,0,49591000,46075000,46622000,47070000,
91521000,19062000,30937000,36335000,39615000,42458000,0,49703000,45839000,46855000,47338000,
91370000,18646000,30766000,36481000,40823000,42102000,0,49422000,46036000,46940000,47493000,
101896000,18312000,29906000,35975000,40385000,41761000,0,50171000,45330000,46218000,49116000,
91395000,22403000,30633000,36042000,39931000,42735000,0,50246000,45722000,46589000,47024000,
95000000,18335000,30597000,38272000,40453000,40629000,0,50282000,45421000,45330000,46902000,
93792000,17747000,29267000,36017000,38327000,41759000,0,51883000,44256000,45335000,45119000,
94037000,17153000,31345000,35072000,39509000,40813000,0,51746000,45256000,46082000,46624000,
91956000,22312000,31454000,37360000,41053000,42168000,0,49925000,45583000,46860000,47577000,
93292000,16940000,33035000,35093000,38320000,40582000,0,51146000,44116000,44983000,45400000,
96148000,17573000,29487000,36221000,39732000,39865000,0,53906000,44270000,44535000,44934000,
95058000,19653000,29689000,35557000,39488000,41089000,0,50615000,46393000,46148000,46139000,
90906000,19335000,31439000,38005000,41165000,42492000,0,48926000,48784000,47975000,48117000,
102245000,19341000,31091000,37515000,40547000,42118000,0,48945000,46321000,46876000,48160000,
92808000,27218000,32125000,37219000,41955000,43250000,0,50150000,47164000,48107000,48544000,
103587000,18290000,30766000,36746000,40857000,42171000,0,49074000,46089000,46877000,47587000,
93270000,20649000,30376000,36780000,39821000,41053000,0,50659000,44791000,45282000,46325000,
94727000,18855000,30731000,36364000,40370000,41917000,0,50597000,45448000,46177000,46760000,
98621000,18044000,29634000,35481000,41209000,40068000,0,54673000,44254000,44826000,45435000,
92671000,17770000,29692000,35313000,38103000,41117000,0,50716000,44413000,45286000,45735000,
90912000,19329000,31629000,38650000,41133000,42773000,0,48960000,46811000,47391000,48363000,
101045000,19070000,31028000,40581000,42406000,43425000,0,47633000,46812000,48026000,48497000,
111365000,19414000,31622000,37036000,41919000,43479000,0,47226000,47479000,48059000,48513000,
91849000,19302000,32100000,38262000,40811000,42628000,0,49867000,46483000,46802000,47514000,
92738000,17463000,28830000,36662000,38912000,40598000,0,50695000,43953000,44701000,45474000,
91271000,17788000,29745000,36137000,39596000,41028000,0,49450000,44675000,45702000,46120000,
94739000,19317000,31247000,36384000,42721000,41888000,0,49982000,45869000,46631000,47171000,
93655000,22928000,28960000,34383000,38669000,40511000,0,51322000,43610000,45415000,45105000,
92769000,13150000,29261000,35366000,38942000,40312000,0,50849000,43796000,44463000,44912000,
94031000,17731000,29695000,36634000,39433000,40842000,0,50915000,44398000,45245000,45702000,
92013000,18579000,31323000,36768000,41007000,42360000,0,50256000,45855000,46728000,47165000,
106239000,12855000,24018000,29989000,33864000,35186000,0,47287000,40655000,41268000,42208000,
93771000,17793000,29823000,35502000,39462000,42278000,0,50498000,43942000,45908000,45337000,
94267000,18336000,31800000,37363000,40464000,41937000,0,52128000,45489000,47671000,48135000,
92838000,17549000,29485000,35164000,39174000,40288000,0,50744000,43711000,44731000,45488000,
93466000,17757000,29708000,35717000,39449000,40846000,0,50827000,44367000,45313000,45766000,
92120000,17800000,30321000,36247000,39967000,41454000,0,49747000,44760000,45645000,46130000,
281480000,20410000,31092000,36713000,40149000,41505000,0,238473000,44520000,45112000,45600000,
280761000,17884000,30625000,34877000,39406000,41396000,0,238678000,44595000,45304000,45908000,
91475000,17722000,30672000,34924000,41685000,42799000,0,48854000,46059000,47337000,48010000,
100177000,18538000,30588000,34863000,40582000,41841000,0,48719000,46110000,46889000,47599000,
90945000,19081000,31091000,38334000,41167000,42439000,0,49016000,46347000,47761000,47519000,
101194000,22873000,31553000,38356000,40268000,42618000,0,49504000,45574000,46845000,47406000,
144353000,17823000,29881000,36241000,39613000,40949000,0,51330000,44481000,45415000,45851000,
93864000,17774000,29574000,36291000,38770000,41166000,0,48810000,44944000,48288000,46443000,
91193000,19353000,33225000,38517000,41364000,42655000,0,49228000,46589000,47711000,48168000,
103909000,22131000,31305000,37547000,41933000,43446000,0,47371000,47446000,48012000,48517000,
113356000,18525000,31357000,36651000,40888000,43296000,0,46718000,46705000,47832000,48306000,
91445000,19322000,31372000,37449000,41146000,42503000,0,49152000,46514000,47631000,48081000,
101077000,19884000,31862000,39077000,42139000,43694000,0,47198000,47711000,48288000,48757000,
111260000,18592000,30120000,36581000,39886000,41596000,0,48897000,45107000,46036000,46484000,
91229000,18878000,29643000,36723000,39508000,43419000,0,49239000,46014000,47146000,47581000,
286173000,19601000,33101000,37106000,39596000,41101000,0,232246000,44070000,44597000,45072000,
284485000,17574000,30837000,34611000,39096000,41092000,0,242053000,44241000,44977000,45555000,
306801000,16636000,31258000,32348000,37632000,39716000,0,60721000,43270000,44217000,44832000,
152065000,3934000,15111000,21132000,23304000,25319000,0,37360000,29429000,30189000,30626000,
283406000,22435000,31103000,37898000,40187000,42866000,0,240781000,45414000,45922000,46410000,
91700000,17823000,29932000,34897000,39734000,42045000,0,49050000,46125000,47378000,47988000,
101929000,22724000,31703000,36587000,41333000,42658000,0,49183000,46811000,47955000,48445000,
116309000,18799000,30216000,37188000,40011000,40994000,0,49178000,44936000,45885000,46299000,
95397000,17522000,29559000,35100000,39274000,41159000,0,50373000,43660000,45389000,45175000,
93523000,20747000,33458000,31161000,40660000,38518000,0,47345000,50962000,51540000,51956000,
102845000,22953000,32468000,37748000,42411000,42614000,0,47641000,47719000,48299000,48808000,
285526000,18581000,29267000,35364000,38240000,39566000,0,221743000,42592000,43222000,43702000,
276804000,17239000,29958000,35451000,38755000,40765000,0,233893000,43437000,44722000,45357000,
93607000,17583000,30347000,34670000,39452000,44566000,0,48757000,45150000,47956000,46445000,
104134000,19395000,30458000,36566000,39974000,41737000,0,49041000,45933000,47073000,47496000,
92568000,13713000,28695000,31958000,35241000,36477000,0,45221000,42441000,43422000,43970000,
103209000,18950000,30218000,36806000,40022000,41167000,0,49643000,44688000,45849000,46577000,
91257000,18046000,30456000,36227000,40548000,41869000,0,49146000,45769000,46664000,47237000,
102474000,15870000,38173000,34070000,39427000,41617000,0,49939000,45153000,45720000,46455000,
107637000,17493000,29107000,36558000,39357000,40822000,0,62848000,44337000,45257000,45700000,
95214000,17801000,29811000,36783000,38965000,40886000,0,51524000,44437000,45225000,45717000,
92122000,21308000,30131000,35442000,39823000,40564000,0,50244000,44863000,45821000,46267000,
92316000,22303000,29784000,36100000,39532000,43131000,0,50574000,45685000,46488000,46980000,
96364000,13741000,24590000,30861000,33855000,35078000,0,46944000,41808000,41477000,42583000,
92322000,18859000,29816000,36142000,38714000,41522000,0,49431000,44474000,46324000,46061000,
281519000,19258000,31890000,37573000,40361000,42178000,0,238454000,45209000,45764000,46242000,
91932000,16316000,29071000,32903000,37919000,40121000,0,47821000,43930000,45057000,45690000,
102928000,18312000,30010000,36626000,40936000,41601000,0,48464000,45745000,46363000,49475000,
276666000,18537000,30949000,35814000,39370000,40663000,0,234089000,44265000,45022000,45254000,
91864000,27300000,27512000,36542000,40288000,42610000,0,49510000,46853000,48131000,48732000,
103225000,19397000,30848000,38149000,41122000,42452000,0,48939000,46590000,47750000,48156000,
92091000,18785000,31394000,37772000,43517000,42037000,0,49278000,46090000,47288000,48141000,
109587000,19424000,30180000,37082000,40045000,41968000,0,50122000,45546000,57044000,46452000,
94021000,17038000,34108000,36684000,38623000,40936000,0,51669000,44831000,45705000,46270000,
92504000,17968000,31549000,37650000,39688000,41299000,0,50370000,44502000,45319000,46635000,
92931000,17763000,32568000,35919000,39630000,41050000,0,50050000,44529000,45403000,45905000,
94734000,16946000,30361000,36739000,39972000,41432000,0,50424000,44421000,45741000,46480000,
94125000,24658000,29770000,33685000,38667000,40852000,0,50564000,44812000,45220000,45683000,
94163000,14586000,25569000,32267000,35209000,38993000,0,48792000,42650000,43377000,43874000,
94333000,18529000,29955000,36114000,39176000,41024000,0,51448000,43982000,45755000,45515000,
94312000,17136000,31903000,35721000,38984000,51368000,0,50835000,44451000,45234000,46016000,
279179000,18502000,30872000,36872000,40087000,41060000,0,236930000,55563000,45103000,45516000,
94353000,18726000,31405000,37334000,40144000,42444000,0,50090000,45776000,47607000,48182000,
92100000,31205000,32414000,38431000,41167000,42541000,0,49235000,46281000,47360000,47977000,
121537000,5307000,19762000,18984000,34585000,35922000,0,43524000,41483000,41025000,52604000,
92607000,19363000,31004000,38053000,40793000,44180000,0,50757000,45830000,46977000,46599000,
93454000,18423000,32269000,36551000,42808000,43167000,0,51753000,46802000,47401000,48051000,
92640000,21475000,29526000,36985000,39512000,40730000,0,50927000,44403000,45276000,45693000,
91859000,22386000,30344000,37263000,40002000,41431000,0,50249000,44912000,45756000,46301000,
284555000,21032000,32180000,38194000,40673000,42041000,0,242059000,45108000,45605000,46088000,
90650000,17835000,30522000,34921000,39784000,42084000,0,48594000,45873000,47114000,48678000,
102318000,21109000,31333000,37863000,40519000,44330000,0,48957000,46857000,48048000,48432000,
118918000,18632000,30457000,37363000,40540000,42096000,0,50614000,45789000,46727000,47253000,
93048000,14980000,36417000,33174000,36425000,40219000,0,47360000,44209000,44998000,45655000,
103599000,19058000,29972000,37197000,40007000,41411000,0,49880000,44930000,45832000,46283000,
92567000,18680000,29914000,36406000,39888000,41652000,0,49747000,45105000,46074000,46523000,
93250000,22016000,30525000,35356000,41566000,40597000,0,48602000,45450000,45317000,46152000,
145263000,20991000,29550000,35909000,38024000,41162000,0,51334000,43953000,44761000,45209000,
93494000,19126000,30030000,36891000,39674000,40981000,0,52029000,44411000,45163000,45615000,
97734000,17006000,27829000,38917000,37826000,40235000,0,51262000,43736000,44588000,44971000,
93576000,18787000,31819000,36301000,49097000,40749000,0,51146000,44365000,45255000,45748000,
92652000,17277000,29196000,48037000,39991000,40461000,0,50660000,44022000,44796000,46123000,
92655000,17742000,29443000,36260000,39087000,40582000,0,50553000,44096000,44956000,45413000,
95591000,19629000,29757000,36592000,42008000,40182000,0,51271000,44712000,44640000,45439000,
92609000,19912000,29793000,35151000,40914000,41856000,0,51111000,44647000,45517000,46002000,
282108000,20154000,35037000,35906000,40704000,42070000,0,238896000,45122000,45679000,46114000,
94093000,17587000,29409000,34223000,39142000,41188000,0,51708000,44364000,47916000,47907000,
104686000,18067000,30040000,39067000,39304000,42602000,0,48880000,46138000,48041000,47928000,
90522000,19081000,34493000,38784000,42160000,43451000,0,47011000,47435000,48010000,48506000,
104597000,19615000,32206000,38487000,43003000,42909000,0,47321000,47518000,48052000,48506000,
115421000,18556000,30921000,37978000,40966000,41207000,0,48968000,45681000,47253000,47689000,
92091000,18674000,30514000,36229000,40548000,41866000,0,49097000,45779000,46617000,47271000,
101617000,19906000,34992000,35470000,40306000,42356000,0,48608000,45848000,46554000,47219000,
145527000,17808000,29804000,35700000,39272000,40859000,0,51432000,43977000,45101000,45808000,
92912000,19760000,30723000,36776000,39632000,41009000,0,51100000,44661000,45760000,45964000,
92911000,17835000,29765000,36129000,39458000,40847000,0,50976000,44402000,45306000,45687000,
91904000,26187000,29811000,33703000,38129000,40950000,0,49598000,44393000,45392000,45960000,
93045000,14391000,26535000,35412000,35835000,36097000,0,47731000,42336000,43636000,44371000,
92411000,17754000,29497000,35759000,38699000,40525000,0,50240000,44292000,45489000,45208000,
92887000,13798000,27986000,32494000,35325000,37835000,0,47861000,42568000,43492000,43915000,
99610000,10000,12693000,32534000,35416000,36764000,0,46153000,40287000,41100000,41710000,
91439000,18324000,29751000,36699000,39450000,40878000,0,49407000,44457000,45303000,45736000,
91489000,19519000,31331000,36158000,42322000,42053000,0,49155000,46567000,47099000,47817000,
100944000,19645000,31079000,38226000,40173000,42602000,0,49146000,46797000,49250000,48411000,
92162000,19329000,33377000,38321000,41183000,42566000,0,50020000,46016000,46869000,47380000,
103395000,15633000,24134000,31097000,33880000,35305000,0,46357000,40814000,41611000,42041000,
94702000,17797000,29737000,35528000,39093000,42609000,0,50535000,43414000,45520000,44372000,
95330000,16884000,33543000,34508000,38780000,40450000,0,53620000,43754000,45219000,45637000,
93617000,17510000,29529000,35823000,37640000,39640000,0,50424000,43147000,44287000,45049000,
93373000,19769000,29776000,38560000,39188000,40589000,0,51518000,43943000,44797000,45258000,
94270000,17719000,29732000,34974000,39297000,39910000,0,52465000,44284000,44569000,44986000,
93278000,19147000,29694000,34548000,40702000,41495000,0,51529000,44261000,45008000,45448000,
94641000,17611000,29719000,36286000,42644000,42635000,0,49783000,45503000,45116000,45980000,
92884000,19366000,31458000,37038000,40954000,44205000,0,49051000,46182000,47645000,48242000,
102956000,20346000,31781000,38998000,41416000,43651000,0,46995000,47661000,48208000,48656000,
113386000,17622000,36571000,35666000,41290000,43700000,0,47647000,47697000,48318000,48703000,
91199000,19562000,31128000,38481000,41459000,42917000,0,49365000,46664000,47746000,48327000,
101879000,20503000,31631000,39950000,41916000,44291000,0,46933000,46971000,48025000,48546000,
111900000,20342000,34668000,39561000,42335000,43922000,0,47784000,47927000,48482000,48982000,
94669000,19115000,31113000,37461000,41251000,42156000,0,52211000,45636000,46596000,46967000,
92711000,19126000,29260000,36128000,38988000,40809000,0,50881000,43853000,45627000,45422000,
91014000,17515000,29507000,34939000,39378000,40718000,0,48909000,44631000,45524000,45966000,
95176000,20179000,31591000,38455000,41081000,42649000,0,49881000,46172000,48756000,47563000,
93875000,18017000,30732000,36833000,39081000,40932000,0,52367000,44408000,45251000,45636000,
92653000,17737000,29495000,37209000,39190000,40756000,0,50843000,43838000,44907000,45697000,
91307000,19269000,31797000,38764000,41461000,42877000,0,49521000,46626000,47561000,47989000,
100905000,16210000,38824000,35454000,40543000,43432000,0,47319000,47424000,48041000,48535000,
113531000,22784000,31963000,36758000,41647000,43476000,0,48204000,47402000,48062000,51379000,
281251000,19088000,31210000,36988000,39629000,42340000,0,239186000,44787000,45390000,45897000,
91354000,19718000,30873000,34720000,39446000,42162000,0,49413000,45728000,47002000,48058000,
104643000,19526000,31805000,37016000,41216000,42523000,0,51654000,46620000,47749000,48160000,
115365000,20315000,31012000,37918000,42381000,41639000,0,48801000,46102000,46714000,47458000,
93897000,19032000,30748000,36455000,39668000,43686000,0,50000000,45638000,46764000,47014000,
92577000,19149000,31637000,36756000,38960000,40747000,0,50734000,44680000,46837000,47251000,
92551000,19067000,30766000,36305000,40289000,41658000,0,50756000,44947000,46068000,46848000,
93750000,19010000,29737000,36676000,39612000,41026000,0,50411000,44531000,45197000,45835000,
93958000,18496000,30835000,36703000,41959000,41685000,0,52038000,45207000,45949000,46501000,
94156000,2751000,19026000,17492000,22857000,20745000,0,39909000,33968000,34778000,35196000,
91555000,21324000,29790000,34606000,39464000,40765000,0,49471000,47610000,47633000,47623000,
285747000,19418000,31429000,37937000,40412000,44002000,0,241425000,44805000,45854000,45486000,
94769000,20376000,30066000,34419000,39781000,41694000,0,52406000,44915000,46180000,45805000,
92146000,18539000,31076000,38063000,40872000,42160000,0,48776000,46166000,47244000,47715000,
103385000,19064000,30892000,36629000,40681000,42366000,0,48988000,45935000,46932000,49084000,
93499000,20600000,30965000,38215000,39708000,43105000,0,49743000,46237000,47067000,47720000,
92915000,19069000,31029000,37522000,39630000,41563000,0,50827000,45002000,48113000,48104000,
94010000,18344000,30707000,36497000,40847000,43590000,0,49117000,45562000,47832000,47145000,
105049000,18790000,30458000,36146000,41402000,41393000,0,50261000,45682000,45094000,45649000,
96764000,14740000,26697000,32642000,35436000,38437000,0,50012000,42939000,43315000,43662000,
92754000,17754000,29789000,35152000,38751000,40838000,0,50849000,44406000,45644000,45306000,
91449000,17446000,31949000,36397000,39770000,41144000,0,49980000,44760000,45512000,46006000,
90548000,18783000,31582000,37605000,41057000,43473000,0,47234000,46873000,48011000,48470000,
101705000,19571000,31038000,36584000,40367000,43553000,0,49244000,46602000,47804000,48147000,
110341000,22881000,34334000,37547000,42194000,43780000,0,47613000,48156000,48548000,48873000,
91279000,19325000,31347000,36706000,40804000,42438000,0,49064000,46025000,47035000,47482000,
101558000,19349000,31831000,37586000,40754000,42554000,0,49195000,45416000,47368000,47116000,
91436000,18696000,33025000,36689000,40831000,42173000,0,49245000,46006000,46799000,47491000,
104256000,18878000,30225000,35173000,40010000,40650000,0,49234000,45524000,46123000,46569000,
92781000,18648000,30467000,37392000,39594000,42177000,0,50494000,45069000,45858000,46313000,
91846000,17977000,30098000,36477000,39798000,41406000,0,50297000,44964000,45779000,46249000,
92667000,17736000,29966000,36675000,39805000,41453000,0,50564000,44751000,45646000,46037000,
92344000,17747000,29817000,36138000,39470000,40887000,0,50670000,44409000,45254000,45749000,
92967000,17768000,29744000,34757000,39695000,40377000,0,51155000,44332000,44943000,45523000,
93825000,19378000,29754000,34591000,39497000,41349000,0,50887000,44403000,45285000,45720000,
93380000,17729000,29751000,36660000,39415000,40952000,0,51793000,47469000,47486000,47479000,
95889000,17781000,29822000,35728000,39465000,43100000,0,51219000,43893000,45494000,44797000,
95267000,17349000,31779000,36859000,39081000,41262000,0,53567000,44554000,45427000,45890000,
91649000,17669000,29666000,35488000,41622000,41152000,0,50558000,44314000,45686000,46461000,
94172000,23026000,31676000,36704000,41158000,42636000,0,49610000,46285000,47180000,47671000,
101552000,19576000,31168000,36351000,41584000,42853000,0,49348000,46988000,48148000,48655000,
92161000,19068000,31622000,38263000,41380000,42506000,0,49474000,46118000,47144000,47896000,
100620000,19691000,30032000,35405000,38967000,41881000,0,50343000,44672000,45535000,45989000,
93698000,17860000,29782000,36706000,39362000,43916000,0,49139000,46482000,45663000,45902000,
92869000,19354000,31445000,36980000,41184000,44560000,0,49097000,46409000,47536000,48059000,
103391000,19320000,31016000,38189000,40274000,42456000,0,48869000,46718000,47739000,48244000,
114428000,17215000,35021000,34145000,39530000,41716000,0,49170000,45235000,45801000,47765000,
92786000,19935000,29542000,36231000,39704000,40587000,0,51002000,44134000,45572000,46321000,
92378000,19215000,31482000,38400000,41167000,42554000,0,49367000,46075000,47155000,47577000,
99895000,19060000,30715000,36273000,40842000,42164000,0,49000000,46185000,47063000,47484000,
91712000,18370000,30752000,36672000,40842000,42115000,0,49007000,46056000,46807000,47525000,
103433000,21454000,31824000,36972000,41564000,43694000,0,50933000,46497000,47152000,47833000,
95791000,17782000,29945000,35794000,39560000,40905000,0,53041000,44428000,45245000,45791000,
95974000,17749000,29234000,36705000,38626000,40752000,0,50851000,44242000,47866000,45425000,
94809000,18013000,29956000,35566000,39590000,40966000,0,52009000,44403000,45191000,45630000,
93116000,16949000,29447000,37113000,40203000,40820000,0,50888000,44394000,45128000,45686000,
91554000,17773000,29811000,36100000,39455000,40868000,0,49666000,44406000,45269000,47882000,
93613000,19662000,31696000,38661000,43035000,42608000,0,49039000,46826000,47944000,48378000,
106106000,19538000,31077000,38037000,40811000,42207000,0,51275000,45758000,46683000,47087000,
93490000,17835000,29732000,35575000,39456000,40741000,0,51386000,44426000,45256000,45694000,
91760000,17038000,29487000,36452000,37810000,39603000,0,48805000,44332000,44868000,45407000,
92718000,20433000,31450000,36151000,40860000,42312000,0,51250000,45671000,46682000,47157000,
94344000,17235000,29091000,35434000,39756000,39838000,0,49533000,44593000,45790000,46291000,
93350000,26759000,29801000,34374000,39268000,42039000,0,50605000,44477000,46442000,45978000,
94532000,17785000,29770000,36649000,39249000,40842000,0,51837000,45412000,46228000,46777000,
94357000,17500000,28969000,36695000,39175000,40805000,0,50585000,44397000,44876000,45653000,
94362000,19165000,29735000,36626000,39134000,40819000,0,51603000,44305000,45160000,45634000,
93217000,17829000,29771000,35177000,40265000,40743000,0,51349000,44439000,45030000,45389000,
93784000,19299000,30920000,39106000,39834000,41206000,0,51973000,45474000,45772000,45971000,
92598000,19345000,31395000,38272000,40968000,42362000,0,49746000,48803000,48004000,47995000,
95039000,17760000,29689000,36634000,38625000,42945000,0,50558000,43942000,45870000,44792000,
95415000,17301000,29786000,36651000,39164000,40876000,0,53852000,44218000,45055000,45497000,
93402000,17419000,29253000,36393000,38962000,40440000,0,51662000,43942000,44514000,45240000,
92517000,17941000,29927000,35284000,38738000,41025000,0,51208000,44620000,45285000,45737000,
93048000,17754000,29757000,35105000,39993000,40696000,0,51556000,44320000,44868000,45321000,
93686000,17716000,29168000,34766000,38320000,41564000,0,50760000,44377000,45215000,45584000,
92237000,17527000,29582000,34585000,39255000,43591000,0,50606000,44365000,45271000,48747000,
93310000,19352000,31596000,37497000,41817000,43768000,0,46702000,47507000,48443000,48171000,
278872000,19178000,29896000,36042000,38792000,40199000,0,222831000,43244000,43760000,44230000,
92315000,17942000,30568000,34902000,39619000,41923000,0,49447000,45606000,46498000,47404000,
96513000,19363000,31526000,37020000,41737000,42156000,0,51647000,46848000,47484000,48511000,
109078000,19664000,31028000,38298000,41195000,42484000,0,49633000,46499000,47375000,47836000,
92231000,19096000,30969000,37069000,40735000,42256000,0,50610000,45787000,46510000,47054000,
100453000,1197000,29640000,35724000,38972000,40624000,0,47454000,44183000,45340000,47973000,
93008000,21559000,31886000,37473000,41731000,43821000,0,51887000,46339000,47796000,48700000,
93943000,14009000,25630000,31659000,35328000,36751000,0,46478000,42384000,42368000,43185000,
91121000,18566000,30791000,36715000,40260000,42592000,0,49297000,45454000,47408000,47139000,
100252000,18346000,30720000,36663000,40827000,42202000,0,48908000,46041000,46993000,47551000,
94076000,7213000,19052000,24397000,30339000,28904000,0,37563000,33168000,34202000,34639000,
92523000,19875000,30458000,37703000,39899000,41608000,0,50803000,44651000,46478000,46235000,
92436000,18579000,29785000,36599000,39430000,40748000,0,50657000,44608000,45430000,45798000,
93564000,18011000,30443000,37621000,40447000,41829000,0,50760000,45398000,46252000,46652000,
95836000,17783000,31855000,36728000,38996000,40875000,0,54178000,44397000,45212000,45740000,
144517000,17794000,29836000,36704000,39024000,40903000,0,51444000,44493000,45279000,45716000,
92286000,31161000,27120000,37994000,40063000,42005000,0,50711000,45332000,46084000,46574000,
92679000,14766000,29274000,33137000,35941000,40036000,0,47080000,43923000,44681000,45374000,
102822000,18335000,30203000,35464000,39342000,41167000,0,49129000,44786000,46038000,46519000,
91338000,18871000,30730000,37790000,40048000,42162000,0,49389000,46041000,46804000,47490000,
101028000,17435000,34690000,35127000,40081000,42173000,0,48779000,46074000,46804000,47569000,
90996000,18344000,31055000,38238000,40455000,42398000,0,49201000,46078000,47088000,47523000,
100728000,21077000,31104000,37040000,40976000,43145000,0,49010000,46126000,47148000,47574000,
111054000,18076000,30797000,37797000,39782000,41912000,0,48593000,45896000,46837000,47344000,
92224000,20314000,30870000,37617000,40203000,41784000,0,50343000,45451000,46011000,46518000,
92416000,26418000,28673000,33411000,36704000,40627000,0,50586000,44168000,44909000,45462000,
99146000,12076000,23853000,31063000,33641000,34599000,0,47348000,40208000,52006000,41497000,
92307000,17798000,29701000,35512000,38077000,42364000,0,50713000,44434000,45112000,45719000,
90736000,19006000,31410000,36666000,41173000,42495000,0,48929000,46577000,47605000,48151000,
104166000,19632000,31044000,36778000,41814000,42159000,0,51220000,45681000,46329000,46824000,
92952000,18636000,29628000,36349000,39159000,41062000,0,51279000,44604000,45768000,45944000,
93237000,17775000,30012000,35866000,39796000,41128000,0,50970000,44857000,45689000,46106000,
95102000,18186000,30165000,40269000,39625000,41500000,0,51207000,45151000,45959000,46475000,
94735000,18046000,31063000,35822000,39468000,41039000,0,51597000,44578000,45315000,45733000,
93617000,17933000,30373000,40254000,39813000,51793000,0,49715000,43975000,45056000,46177000,
91207000,18601000,30750000,36578000,40809000,42015000,0,49423000,46089000,46926000,47481000,
108195000,18521000,34265000,37229000,40499000,41788000,0,50525000,56440000,46360000,46816000,
91441000,17816000,29813000,35705000,39457000,40133000,0,49405000,44019000,45656000,46153000,
93152000,18064000,30411000,35898000,39122000,41160000,0,50604000,44497000,45503000,45997000,
