28,3,0,0,2,2,3,2,4,4,1,3,2,3,2,4,3,0,2,3,2,
12,3,0,1,2,2,2,2,3,3,1,3,2,2,2,4,2,0,2,3,2,
12,3,0,2,3,4,2,2,3,3,3,4,4,2,2,3,4,0,1,2,4,
12,4,0,0,2,2,2,2,3,5,0,2,2,2,2,3,2,0,2,2,2,
11,3,0,0,1,2,2,2,3,3,0,2,1,2,2,3,2,0,1,2,2,
11,3,0,0,1,2,2,2,3,3,0,2,1,2,2,4,2,0,2,3,2,
11,3,0,0,2,2,2,2,3,3,0,2,2,2,2,4,2,0,2,2,2,
11,3,0,0,1,2,2,2,3,3,0,2,2,2,2,4,2,0,1,3,2,
11,3,0,0,1,2,2,2,3,3,1,2,2,2,2,4,2,0,2,3,2,
14,2,0,0,1,1,2,1,3,3,0,2,1,2,2,3,1,0,1,2,1,
11,3,0,0,1,2,2,2,3,3,1,2,2,2,2,4,2,0,2,3,2,
11,3,0,0,1,2,2,2,3,4,1,2,2,3,2,4,2,0,2,3,2,
11,3,0,1,2,2,2,2,3,4,1,2,2,3,2,4,2,0,2,3,2,
11,3,1,1,2,2,2,2,3,4,1,3,2,2,2,4,2,0,2,3,2,
14,3,0,1,2,2,3,2,3,4,1,2,2,3,2,4,2,0,2,3,2,
12,3,1,1,2,2,3,2,4,4,1,2,2,3,2,4,2,0,2,3,2,
11,2,0,0,1,1,2,1,3,3,0,2,1,2,1,3,1,0,1,2,1,
11,3,1,1,2,3,3,2,4,4,1,3,2,3,2,4,3,0,2,3,2,
11,2,0,0,1,2,2,1,3,3,0,2,1,2,2,3,1,0,1,2,1,
11,2,0,0,1,1,2,1,3,3,0,2,1,2,2,3,1,0,1,2,1,
11,3,0,0,1,2,2,1,3,3,0,2,2,2,2,3,2,0,1,2,2,
11,3,0,0,1,2,2,1,3,3,0,2,1,2,2,3,2,0,1,2,2,
11,3,0,0,1,2,2,3,3,3,0,2,1,2,3,3,2,0,2,2,1,
11,3,0,0,3,2,2,1,3,3,0,2,3,2,2,3,4,0,1,2,1,
11,3,0,0,1,2,2,1,3,3,0,2,1,2,2,3,2,0,1,2,2,
14,5,0,1,2,5,5,5,6,5,1,5,5,5,5,6,5,0,2,5,5,
11,3,0,0,1,2,2,2,3,3,0,2,1,2,2,3,2,0,2,3,2,
11,3,0,0,1,2,2,2,3,3,0,2,2,2,2,3,2,0,1,2,2,
11,3,0,0,1,3,2,2,3,3,0,3,2,2,2,3,2,0,2,2,3,
11,3,0,0,1,2,2,2,3,3,0,2,2,2,2,3,2,0,1,2,2,
11,3,0,0,1,2,2,2,3,3,0,2,2,2,2,4,2,0,1,2,2,
11,3,0,0,1,2,2,2,3,3,1,2,2,2,2,4,2,0,1,3,2,
11,3,0,1,2,2,2,2,3,3,1,2,2,2,2,4,2,0,2,2,2,
12,3,0,0,1,4,2,2,3,3,1,5,2,2,2,4,2,0,2,3,4,
14,6,0,1,2,4,2,2,3,6,1,4,2,2,2,4,2,0,2,3,4,
11,3,0,1,2,2,2,2,3,3,1,2,2,2,2,4,2,0,2,3,2,
14,3,0,0,2,2,2,2,3,3,0,2,2,2,2,4,2,0,1,3,2,
11,3,0,1,2,2,2,2,3,4,1,2,2,2,2,4,2,0,2,3,2,
11,3,0,1,2,2,2,2,3,4,1,2,2,2,2,4,2,0,2,3,2,
11,3,0,1,2,2,2,2,3,4,1,2,2,3,2,4,2,0,2,3,2,
12,2,0,0,1,1,2,1,3,3,0,2,1,2,1,3,1,0,1,2,1,
10,3,0,1,2,2,3,2,3,4,1,2,2,3,2,4,2,0,2,3,2,
11,3,1,1,2,2,3,2,4,4,1,3,2,3,3,4,2,0,2,3,2,
11,2,0,0,1,1,2,1,3,3,0,2,1,2,1,3,1,0,1,2,1,
11,3,1,1,2,3,3,2,4,4,1,3,2,3,2,4,2,0,2,3,2,
14,2,0,0,1,1,2,1,3,3,0,2,1,2,2,3,1,0,1,2,1,
11,2,0,0,1,2,2,1,3,3,0,2,1,2,2,3,2,0,1,2,1,
11,3,0,0,1,2,2,1,3,3,0,2,1,2,2,3,2,0,1,2,1,
11,3,0,0,1,2,2,1,3,3,0,2,1,2,2,3,2,0,1,2,1,
11,3,0,0,1,2,2,1,3,3,0,2,1,2,2,3,2,0,1,2,2,
13,5,0,0,1,2,2,1,3,5,0,2,1,2,2,3,2,0,1,2,1,
11,3,0,0,1,2,2,2,3,3,0,2,1,2,2,3,2,0,1,2,2,
11,3,0,0,1,2,2,2,3,3,0,2,1,2,2,3,2,0,1,2,2,
11,3,0,0,1,2,2,2,3,3,0,2,2,2,2,3,2,0,1,2,2,
12,3,0,2,3,4,2,2,3,3,3,4,3,2,2,3,4,0,2,3,4,
14,6,0,0,2,2,5,2,6,6,0,2,2,5,2,6,2,0,1,5,2,
12,0,0,0,0,0,0,0,1,0,0,0,0,0,0,1,0,0,0,0,0,
11,3,0,0,1,2,2,2,3,3,0,2,2,2,2,4,2,0,2,3,2,
11,3,0,1,2,2,2,2,3,3,1,2,2,2,2,4,2,0,2,3,2,
11,3,0,0,1,2,2,2,3,3,1,2,2,2,2,4,2,0,2,3,2,
11,3,0,1,1,2,3,2,3,4,1,2,2,2,2,4,2,0,2,3,2,
11,3,0,1,2,2,2,2,3,4,1,2,2,2,2,4,2,0,2,3,2,
11,3,0,1,2,2,2,2,3,3,1,2,2,2,2,4,2,0,2,3,2,
12,3,0,1,2,2,3,2,3,4,1,2,2,3,2,4,2,0,2,3,2,
12,3,0,1,2,4,3,2,3,4,1,5,2,3,2,4,2,0,2,3,4,
14,6,0,1,2,4,3,2,3,6,1,4,2,3,2,4,2,0,2,3,4,
11,3,1,1,2,3,3,2,4,4,1,3,2,3,2,4,2,0,2,3,2,
12,3,1,1,2,2,3,2,4,4,1,3,2,3,2,4,2,0,2,3,2,
11,3,1,1,2,3,3,2,4,4,1,3,2,3,3,4,2,0,2,3,2,
11,2,0,0,1,2,2,1,3,3,0,2,1,2,2,3,1,0,1,2,1,
11,3,0,0,1,2,2,1,3,3,0,2,1,2,2,3,2,0,1,2,1,
11,3,0,0,1,2,2,2,3,3,0,2,1,2,2,3,2,0,1,2,1,
11,2,0,0,1,2,2,1,3,3,0,2,1,2,2,3,2,0,1,2,2,
12,2,0,0,1,2,2,1,3,3,0,2,1,2,2,3,2,0,1,2,1,
11,3,0,0,1,2,2,2,3,3,0,2,1,2,2,4,2,0,1,3,2,
11,3,0,0,1,2,2,1,3,3,0,2,1,2,2,3,2,0,1,2,1,
13,3,0,0,1,2,2,2,3,3,0,2,1,2,2,3,2,0,1,2,2,
11,3,0,0,1,2,2,2,3,3,0,2,1,2,2,3,2,0,1,2,2,
11,3,0,0,1,2,2,2,3,3,0,2,2,2,2,3,2,0,1,2,2,
11,3,0,0,1,2,2,2,3,3,0,2,1,2,2,4,2,0,1,2,2,
11,3,0,0,1,2,2,2,3,3,0,2,2,2,2,4,2,0,1,2,2,
11,3,0,0,1,2,2,2,3,3,0,2,1,2,2,4,2,0,1,2,2,
11,3,0,0,1,2,2,2,3,3,0,2,2,2,2,4,2,0,1,3,2,
11,3,0,0,1,2,2,2,3,3,0,2,2,2,2,4,2,0,1,3,2,
11,3,0,0,1,2,2,2,3,3,1,2,2,2,2,4,2,0,2,3,2,
11,3,0,0,4,2,2,2,3,4,0,2,4,2,2,4,4,0,2,3,2,
14,3,0,1,2,3,5,2,6,3,1,3,2,2,2,6,2,0,2,5,3,
14,5,0,1,5,5,5,5,6,5,1,5,5,5,5,6,5,0,5,5,5,
11,3,0,1,2,2,2,2,3,4,1,2,2,2,2,4,2,0,2,3,2,
12,3,0,1,2,2,3,2,3,4,1,3,2,3,2,4,2,0,2,3,2,
12,3,1,1,2,2,3,2,4,4,1,2,2,3,2,4,2,0,2,3,2,
11,2,0,0,1,1,2,1,3,3,0,2,1,2,1,3,1,0,1,2,1,
11,3,1,1,2,2,3,2,4,4,1,3,2,3,2,4,2,0,2,3,2,
11,3,1,1,2,3,3,2,4,4,1,3,2,3,2,4,2,0,2,3,2,
11,2,0,0,1,1,2,1,3,3,0,2,1,2,2,3,1,0,1,2,1,
11,2,0,0,1,2,2,1,3,3,0,2,1,2,2,3,1,0,1,2,1,
13,2,0,0,1,5,2,1,3,3,0,5,1,2,1,3,1,0,1,2,4,
11,3,0,0,1,2,2,1,3,3,0,2,1,2,2,3,2,0,1,2,1,
11,3,0,0,1,2,2,2,3,3,0,2,1,2,2,3,2,0,1,2,1,
12,3,0,0,1,2,2,4,3,3,0,2,1,2,4,3,2,0,4,2,1,
11,3,0,0,1,2,2,2,3,3,0,2,1,2,2,3,2,0,1,2,2,
11,3,0,0,1,2,2,2,3,3,0,2,2,2,2,3,2,0,1,2,1,
11,3,0,0,1,2,2,2,3,3,0,2,2,2,2,3,2,0,1,2,2,
13,3,0,0,1,2,2,1,3,3,0,2,2,2,2,3,2,0,1,2,2,
11,3,0,0,1,2,2,2,3,3,0,2,2,2,2,3,2,0,2,2,2,
11,3,0,0,1,2,2,2,3,3,0,2,2,2,2,3,2,0,1,2,2,
11,3,0,0,1,2,2,1,3,3,0,2,2,2,2,3,2,0,1,2,2,
11,3,0,0,1,2,2,2,3,3,0,2,2,2,2,4,2,0,2,3,2,
36,3,0,27,1,28,2,2,3,3,0,28,1,2,2,4,1,0,2,3,28,
11,3,0,1,2,2,2,2,3,4,1,2,2,2,2,4,2,0,2,3,2,
11,3,0,0,1,2,2,2,3,3,1,2,2,2,2,4,2,0,1,3,2,
11,3,0,0,1,2,2,2,3,3,1,2,2,2,2,4,2,0,2,3,2,
14,6,3,0,1,2,5,5,6,6,1,2,2,5,5,7,2,3,4,6,2,
12,2,0,0,1,1,2,1,3,3,0,1,1,2,1,3,1,0,1,2,1,
12,3,1,1,2,2,3,2,4,4,1,3,2,3,2,4,2,0,2,3,2,
12,3,1,1,2,2,3,2,4,4,1,3,2,3,2,4,2,0,2,3,2,
38,3,0,1,2,2,3,2,4,4,1,2,2,31,2,4,2,0,2,31,2,
10,3,0,1,2,2,3,2,3,4,1,2,2,3,2,4,2,0,2,3,2,
11,3,0,1,2,2,3,2,3,4,1,3,2,3,2,4,2,0,2,3,2,
11,3,0,1,2,2,3,2,3,4,1,2,2,3,2,4,2,0,2,3,2,
11,2,0,0,1,2,2,1,3,3,0,2,1,2,2,3,1,0,1,2,1,
11,3,1,3,4,5,3,2,3,4,3,5,4,3,2,4,5,0,2,3,4,
11,3,0,0,1,2,2,1,2,3,0,2,1,2,2,3,2,0,1,2,1,
11,2,0,0,1,2,2,1,3,3,0,2,1,2,2,3,1,0,1,2,1,
11,2,0,0,1,2,2,1,3,3,0,2,1,2,2,3,1,0,1,2,1,
11,2,0,0,1,2,2,1,3,3,0,2,1,2,2,3,2,0,1,2,1,
11,3,0,0,1,2,2,1,3,3,0,2,1,2,2,3,1,0,1,2,1,
11,3,0,0,1,2,2,2,3,3,0,2,1,2,2,3,2,0,1,2,1,
13,3,0,1,2,2,2,2,3,3,1,3,2,2,2,4,2,0,2,3,2,
11,3,0,0,1,2,2,2,3,3,0,2,2,2,2,3,2,0,1,2,2,
11,3,0,0,1,2,2,2,3,3,0,2,2,2,2,3,2,0,2,2,2,
11,3,0,0,1,2,2,1,3,3,0,2,1,2,2,3,2,0,1,2,2,
11,3,0,0,1,2,2,2,3,3,0,2,2,2,2,3,2,0,2,2,2,
14,3,0,0,1,2,2,2,3,3,0,2,2,2,2,4,2,0,2,3,2,
11,3,0,0,2,2,2,2,3,3,0,2,2,2,2,4,2,0,2,3,2,
11,3,0,1,1,2,2,2,3,3,1,2,2,2,2,4,2,0,2,3,2,
12,3,0,0,1,2,2,2,3,3,0,2,2,2,2,3,2,0,1,2,2,
11,3,0,1,2,2,2,2,3,3,1,2,2,2,2,4,2,0,2,3,2,
12,3,0,0,1,2,2,2,3,3,1,2,2,2,2,4,2,0,2,3,2,
11,3,0,1,2,2,2,2,3,4,1,2,2,2,2,4,2,0,2,3,2,
11,3,1,1,2,2,3,2,3,4,1,2,2,3,2,4,2,0,2,3,2,
10,3,1,1,2,2,2,2,3,4,1,3,2,2,2,4,2,0,2,3,2,
11,3,0,0,3,2,2,2,3,3,0,2,3,2,2,4,4,0,2,3,2,
11,2,0,0,1,2,2,1,3,3,0,2,1,2,2,3,1,0,1,2,1,
13,5,0,0,1,5,5,1,5,5,0,5,1,5,5,6,4,0,1,5,1,
11,2,0,0,1,1,2,1,3,3,0,2,1,2,2,3,1,0,1,2,1,
10,2,0,0,1,2,2,1,3,3,0,2,1,2,2,3,1,0,1,2,1,
11,2,0,0,1,2,2,1,3,3,0,2,1,2,2,3,2,0,1,2,1,
11,2,0,0,1,2,2,1,3,3,0,2,1,2,2,3,2,0,1,2,1,
11,3,0,0,1,2,2,2,3,3,1,2,2,2,2,3,2,0,2,3,2,
11,2,0,0,1,2,2,2,3,3,0,2,1,2,2,3,2,0,1,2,1,
11,2,0,0,1,2,2,1,3,3,0,2,1,2,2,3,2,0,1,2,2,
11,3,0,0,1,2,2,2,3,3,0,2,1,2,2,3,2,0,1,2,1,
14,3,0,0,1,4,2,2,3,6,0,5,1,2,2,3,2,0,1,2,4,
11,3,0,0,1,2,2,2,3,3,0,2,2,2,2,3,2,0,1,2,2,
11,3,0,0,1,2,2,2,3,3,0,2,2,2,2,3,2,0,1,2,2,
12,3,0,0,1,2,2,4,3,3,0,2,2,2,5,3,2,0,4,2,2,
11,3,0,0,1,2,2,2,3,3,0,2,2,2,2,3,2,0,1,3,2,
11,3,0,0,2,2,2,2,3,3,1,2,2,2,2,4,2,0,2,2,2,
11,3,0,0,2,2,2,2,3,3,1,2,2,2,2,4,2,0,2,3,2,
15,3,0,0,2,2,2,2,3,3,1,2,2,2,2,4,2,0,2,3,2,
11,3,0,1,2,2,2,2,3,3,1,2,2,2,2,4,2,0,2,3,2,
11,3,0,1,2,2,2,2,3,3,1,2,2,2,2,4,2,0,2,3,2,
11,3,0,1,2,2,2,2,3,3,1,2,2,2,2,4,2,0,2,3,2,
12,3,1,1,2,2,3,2,3,4,1,2,2,3,2,4,2,0,2,3,2,
11,3,1,1,2,2,3,2,3,4,1,3,2,3,3,4,2,0,2,3,2,
12,2,0,0,1,2,2,1,3,3,0,2,1,2,1,3,1,0,1,2,1,
10,3,1,1,2,2,2,2,3,4,1,3,2,3,2,4,2,0,2,3,2,
11,2,0,0,1,1,2,1,3,3,0,2,1,2,2,3,2,0,1,2,1,
13,6,3,1,2,2,5,4,6,6,1,2,2,5,4,6,2,0,4,5,2,
11,3,1,1,2,2,3,2,4,4,1,3,2,3,2,4,2,0,2,3,2,
11,3,0,1,2,2,3,2,4,4,1,3,2,3,2,4,2,0,2,3,2,
38,3,0,0,1,30,2,1,3,3,0,30,1,2,2,3,1,0,1,2,30,
11,2,0,0,1,2,2,1,3,3,0,2,1,2,2,3,2,0,1,2,1,
11,2,0,0,1,2,2,1,3,3,0,2,1,2,2,3,2,0,1,2,1,
11,3,0,0,1,2,2,2,3,3,0,2,1,2,2,3,2,0,1,2,1,
11,3,0,0,1,2,2,2,3,3,0,2,2,2,2,3,2,0,1,2,2,
11,3,0,0,1,2,2,1,3,3,0,2,2,2,2,3,2,0,1,2,2,
14,2,0,0,1,2,2,1,3,3,0,2,1,2,2,3,2,0,1,2,2,
11,3,0,0,1,2,2,2,3,3,0,2,2,2,2,3,2,0,1,2,2,
11,3,0,0,2,2,2,2,3,3,0,2,2,2,2,4,2,0,2,3,2,
11,3,0,0,2,2,2,2,3,3,0,2,2,2,2,3,2,0,1,2,2,
11,3,0,0,1,2,2,2,3,3,0,2,2,2,2,3,2,0,1,2,2,
11,3,0,0,1,2,2,2,3,3,0,2,2,2,2,3,2,0,2,2,2,
13,2,0,0,1,2,2,1,3,3,0,2,1,2,2,3,2,0,1,2,2,
13,3,0,1,2,2,2,2,3,4,1,2,2,2,2,4,2,0,2,3,2,
39,29,27,0,1,1,29,28,30,30,0,1,1,29,29,30,1,27,28,29,1,
12,3,0,0,1,2,2,2,3,3,0,2,2,2,2,3,2,0,1,2,2,
11,3,0,1,2,2,2,2,3,3,1,2,2,2,2,4,2,0,2,3,2,
11,3,0,1,2,2,2,2,3,3,1,2,2,2,2,4,2,0,2,3,2,
14,3,0,1,2,2,2,2,3,3,1,2,2,2,2,4,2,0,2,3,2,
11,3,0,1,2,2,2,2,3,3,1,2,2,2,2,4,2,0,2,3,2,
10,3,0,1,2,2,2,2,3,3,1,3,2,2,2,4,2,0,2,3,2,
11,3,0,1,2,2,2,2,3,4,1,2,2,2,2,4,2,0,2,3,2,
10,3,1,1,2,2,3,2,3,4,1,3,2,3,2,4,2,0,2,3,2,
11,3,0,1,2,2,3,2,4,4,1,3,2,3,2,4,2,0,2,3,2,
11,3,0,1,2,3,3,2,4,4,1,3,2,3,2,4,3,0,2,3,2,
11,2,0,0,1,2,2,1,3,3,0,2,1,2,2,3,2,0,1,2,1,
11,2,0,0,1,1,2,1,3,3,0,2,1,2,1,3,1,0,1,2,1,
36,2,0,0,28,1,2,1,3,3,0,2,28,2,2,3,28,0,1,2,1,
13,5,0,0,1,2,4,1,5,5,0,2,1,4,2,6,1,0,1,5,1,
12,4,0,0,3,3,3,3,4,3,0,3,3,3,3,5,3,0,3,3,3,
11,3,0,0,1,2,2,1,3,3,0,2,1,2,2,3,2,0,1,2,1,
11,3,0,0,1,2,2,2,3,3,0,2,1,2,2,3,2,0,1,2,2,
11,3,0,0,1,2,2,2,3,3,0,2,2,2,2,3,2,0,1,2,2,
12,4,0,0,1,2,2,2,3,4,0,2,2,2,2,3,2,0,1,2,2,
11,3,0,0,1,2,2,2,3,3,0,2,2,2,2,3,2,0,1,2,2,
11,3,0,0,1,3,2,3,3,3,1,3,3,3,2,4,3,0,1,3,2,
36,3,0,1,2,2,2,28,3,3,1,2,2,2,28,4,2,0,28,3,2,
15,3,0,5,6,7,2,2,3,3,6,7,7,2,2,4,7,0,1,2,7,
14,6,0,0,1,5,2,2,3,6,1,5,2,2,2,4,2,0,1,3,4,
11,3,0,1,2,2,2,2,3,3,1,2,2,2,2,4,2,0,1,3,2,
11,3,0,1,2,3,2,2,3,3,1,3,2,2,2,4,3,0,1,3,2,
12,3,0,1,2,2,2,4,3,3,1,3,2,2,4,4,2,0,4,3,2,
11,3,1,1,2,2,2,2,3,4,1,2,2,2,2,4,2,0,1,3,2,
11,3,0,1,2,2,2,2,3,4,1,2,2,2,2,4,2,0,2,3,2,
11,3,0,1,2,2,2,2,3,4,1,3,2,2,2,4,2,0,2,3,2,
13,3,0,1,2,2,2,2,3,3,1,2,2,2,2,4,2,0,1,3,2,
10,3,0,1,2,2,3,2,3,4,1,3,2,3,2,4,2,0,2,3,2,
10,3,0,1,2,2,3,2,3,4,1,3,2,3,2,4,2,0,2,3,2,
11,3,1,1,2,2,3,2,3,4,1,3,2,3,2,4,2,0,2,3,2,
10,3,1,1,2,2,3,2,4,4,1,3,2,3,2,4,3,0,2,3,2,
10,3,1,1,2,2,3,2,3,4,1,2,3,3,2,4,3,0,2,3,2,
11,2,0,0,1,2,2,1,3,3,0,2,1,2,1,3,2,0,1,2,1,
11,2,0,0,1,2,2,1,3,3,0,2,1,2,1,3,2,0,1,2,2,
34,3,0,0,1,2,2,1,3,3,0,2,1,2,2,3,1,0,1,2,1,
13,5,3,0,1,2,4,4,5,6,0,2,1,5,4,6,1,2,4,5,1,
11,2,0,0,1,2,2,1,3,3,0,2,1,2,1,3,1,0,1,2,1,
11,2,0,0,1,2,2,1,3,3,0,2,1,2,1,3,2,0,1,2,1,
11,2,0,0,1,2,2,1,3,3,0,2,1,2,2,3,2,0,1,2,1,
11,3,0,0,1,2,2,1,3,3,0,2,2,2,2,3,2,0,1,2,2,
11,3,0,0,2,2,2,1,3,3,0,2,1,2,2,3,2,0,1,2,2,
11,3,0,0,1,2,2,1,3,3,0,2,2,2,2,3,2,0,1,2,2,
11,3,0,0,2,2,2,2,3,3,0,2,2,2,2,3,2,0,1,2,2,
11,3,0,0,1,2,2,2,3,3,0,2,2,2,2,3,2,0,1,2,2,
14,3,0,0,1,2,2,2,3,3,0,2,1,2,2,3,2,0,2,2,1,
11,3,0,0,2,2,2,2,3,3,1,2,2,2,2,3,2,0,1,3,2,
11,3,0,0,2,2,2,2,3,3,1,2,2,2,2,4,2,0,1,3,2,
11,3,0,1,2,2,2,2,3,3,1,2,2,2,2,4,2,0,1,2,2,
11,3,0,1,2,2,2,2,3,3,1,2,2,2,2,4,2,0,1,3,2,
11,3,0,1,2,2,2,2,3,3,1,3,2,2,2,4,2,0,1,3,2,
38,30,0,1,2,2,2,2,3,30,1,2,2,2,2,4,2,0,1,3,2,
13,3,0,0,1,2,2,1,3,3,0,2,2,2,2,3,2,0,1,2,2,
10,3,0,1,2,2,2,2,3,3,1,3,2,2,2,4,2,0,2,2,2,
11,0,0,0,0,0,0,0,1,0,0,0,0,0,0,1,0,0,0,0,0,
10,3,1,1,2,2,2,2,4,3,1,3,2,2,2,4,2,0,2,3,2,
10,3,1,1,2,3,2,2,3,4,1,3,2,3,2,4,2,0,2,3,2,
10,3,1,1,2,2,3,2,3,4,1,3,2,3,2,4,2,0,2,3,2,
11,2,0,0,1,2,2,1,3,3,0,2,1,2,1,3,1,0,1,2,1,
11,2,0,0,1,2,2,1,3,3,0,2,1,2,1,3,2,0,1,2,1,
11,2,0,0,1,2,2,1,3,3,0,2,1,2,1,3,2,0,1,2,1,
11,2,0,0,1,2,2,1,3,3,0,2,1,2,2,3,2,0,1,2,2,
11,2,0,0,1,2,2,1,3,3,0,2,1,2,1,3,1,0,1,2,1,
11,2,0,0,1,2,2,1,3,3,0,2,1,2,1,3,2,0,1,2,1,
11,2,0,0,1,2,2,1,3,3,0,2,2,2,2,3,2,0,1,2,2,
35,3,0,0,1,2,2,2,27,3,0,2,2,2,2,28,2,0,1,2,2,
11,3,0,0,3,2,2,2,3,3,0,2,4,2,2,3,4,0,1,2,2,
11,3,0,0,2,2,2,2,3,3,0,2,2,2,2,3,2,0,1,2,2,
14,6,0,1,2,6,6,2,6,6,1,6,2,6,2,6,6,0,1,6,2,
11,3,0,0,2,2,2,2,3,3,1,2,2,2,2,3,2,0,1,3,2,
11,3,0,1,2,2,2,2,3,3,1,2,2,2,2,3,2,0,1,3,2,
11,3,0,1,2,2,2,2,3,3,1,2,2,2,2,3,2,0,1,2,2,
11,3,0,1,2,2,2,2,3,3,1,2,2,2,2,4,2,0,1,3,2,
11,3,0,1,2,2,2,2,3,3,1,2,2,2,2,4,2,0,1,2,2,
11,3,0,1,2,2,2,2,3,3,1,3,2,2,2,4,2,0,2,3,2,
11,3,0,1,2,2,2,2,3,4,1,3,2,2,2,4,2,0,2,2,2,
10,3,0,1,2,2,2,2,3,4,1,3,2,2,2,4,2,0,2,3,2,
13,3,0,1,2,5,2,2,3,6,1,5,2,2,2,4,2,0,2,3,5,
10,3,0,1,2,2,2,2,3,4,1,3,2,2,2,4,2,0,2,3,2,
10,3,0,1,2,2,3,2,3,4,1,3,2,3,2,4,2,0,2,3,2,
12,3,1,1,2,3,3,5,3,4,1,3,2,3,5,4,3,0,5,3,2,
10,2,0,0,1,2,2,1,3,3,0,2,1,2,2,3,2,0,1,2,1,
11,3,0,1,2,3,3,2,4,4,1,3,2,3,2,4,2,0,2,3,2,
11,2,0,0,1,2,2,1,3,3,0,2,1,2,2,3,2,0,1,2,1,
11,3,0,0,1,2,2,2,3,3,0,2,1,2,2,3,2,0,1,2,2,
11,2,0,0,1,2,2,1,3,3,0,2,1,2,2,3,2,0,1,2,1,
11,2,0,0,1,2,2,2,3,3,0,2,1,2,2,3,2,0,1,2,2,
11,3,0,0,1,2,2,2,3,3,0,2,1,2,2,3,2,0,1,3,2,
11,3,0,0,1,2,2,2,3,3,0,2,2,2,2,3,2,0,1,2,2,
11,3,0,0,1,2,2,2,3,3,0,2,2,2,2,3,2,0,1,3,2,
11,3,0,0,1,2,2,2,3,3,0,2,2,2,2,3,2,0,1,2,2,
11,3,0,0,2,2,2,2,3,3,0,2,2,2,2,3,2,0,2,2,2,
11,3,0,0,2,2,2,2,3,3,0,2,2,2,2,3,2,0,2,3,2,
16,7,0,0,1,2,7,1,8,8,1,2,2,7,2,9,2,0,1,8,2,
11,2,0,0,1,1,1,1,2,2,0,1,1,1,1,3,1,0,1,2,1,
11,3,0,0,2,2,2,2,3,3,1,2,2,2,2,3,2,0,2,3,2,
11,3,0,1,2,2,2,2,3,3,1,2,2,2,2,3,2,0,2,3,2,
11,3,0,1,2,2,2,2,3,3,1,2,2,2,2,4,2,0,2,2,2,
11,3,0,1,2,2,2,2,3,3,1,3,2,2,2,4,2,0,2,3,2,
11,3,0,1,2,2,2,2,3,3,1,2,2,2,2,4,2,0,2,2,2,
11,3,0,1,2,2,2,2,3,3,1,3,2,2,2,4,2,0,2,2,2,
11,3,0,1,2,2,2,2,3,3,1,3,2,2,2,4,2,0,2,2,2,
12,3,1,3,4,5,2,2,3,3,3,5,5,2,2,4,5,0,2,2,5,
12,5,0,1,2,2,2,2,3,5,1,3,2,2,2,4,2,0,2,3,2,
10,3,1,1,2,2,2,2,3,4,1,3,2,2,2,4,2,0,2,2,2,
10,3,1,1,2,3,3,2,4,4,1,3,2,3,3,4,2,0,2,3,2,
11,2,0,0,1,2,2,1,3,3,0,2,1,2,2,3,2,0,1,2,1,
10,3,1,1,2,3,3,2,4,4,1,3,2,3,3,4,3,0,2,3,2,
11,2,0,0,1,2,2,1,3,3,0,2,1,2,2,3,1,0,1,2,1,
13,2,0,0,1,2,2,1,3,3,0,2,1,2,2,3,2,0,1,2,2,
11,3,0,0,1,2,2,2,3,3,0,2,2,2,2,3,3,0,1,2,2,
11,2,0,0,1,2,2,2,3,3,0,2,2,2,2,3,2,0,1,2,2,
13,3,0,0,1,2,2,2,3,3,0,2,1,2,2,3,2,0,1,2,2,
32,3,0,0,1,2,2,24,3,3,0,2,1,2,2,3,2,0,1,3,2,
14,3,0,0,1,2,2,2,3,3,0,2,1,2,2,3,2,0,1,2,2,
11,3,0,0,1,2,2,2,3,3,0,2,2,2,2,3,2,0,1,3,2,
11,3,0,1,2,3,3,2,3,4,1,3,2,3,2,4,2,1,2,3,2,
11,3,0,0,1,2,2,2,3,3,0,2,2,2,2,3,2,0,2,3,2,
11,3,0,0,1,2,2,2,3,3,1,2,2,2,2,3,2,0,2,3,2,
11,3,0,1,2,2,3,2,3,4,1,3,2,3,2,4,2,0,2,3,2,
11,3,0,1,1,2,2,2,3,3,1,2,2,2,2,4,2,0,2,3,2,
32,3,0,0,2,25,2,2,3,3,1,2,2,2,2,3,2,0,2,2,2,
11,3,0,1,2,2,2,2,3,3,1,3,2,2,2,3,2,0,2,2,2,
11,3,0,0,4,2,2,2,3,3,0,2,4,2,2,3,4,0,2,2,2,
14,3,0,1,2,2,2,2,6,3,1,2,2,2,2,6,2,0,2,5,2,
29,5,0,1,2,5,5,5,6,5,1,5,2,5,5,21,5,0,5,5,5,
11,3,0,1,2,2,2,2,3,3,1,3,2,2,2,4,2,0,2,3,2,
10,3,0,1,2,2,2,2,3,3,1,3,2,2,2,4,2,0,2,3,2,
10,3,1,1,2,2,2,2,3,3,1,3,2,2,2,4,2,0,2,2,2,
35,2,0,0,1,1,2,1,2,3,0,2,1,2,1,3,1,0,1,28,1,
32,3,0,1,2,2,3,2,4,4,1,26,2,3,2,4,2,0,2,3,2,
10,3,1,1,2,3,3,2,3,4,1,3,2,3,2,4,2,0,2,3,2,
10,2,0,0,1,2,2,1,3,3,0,2,1,2,2,3,1,0,1,2,1,
11,2,0,0,1,2,2,2,3,3,0,2,1,2,2,3,2,0,1,2,1,
15,2,0,0,1,4,2,1,3,3,0,5,1,2,2,3,2,0,1,2,4,
11,3,0,0,2,2,2,2,3,3,0,2,2,2,2,3,2,0,2,2,2,
11,2,0,0,1,2,2,1,3,3,0,2,1,2,2,3,2,0,1,2,1,
12,2,0,0,1,2,2,4,3,3,0,2,2,2,5,3,2,0,4,2,2,
11,3,0,0,1,2,2,2,3,3,0,2,1,2,2,3,2,0,1,2,2,
11,2,0,0,1,2,2,2,3,3,0,2,1,2,2,3,2,0,1,2,2,
12,3,0,0,2,2,2,2,3,3,0,2,2,2,2,3,2,0,2,2,2,
33,3,0,0,1,2,25,2,3,3,0,2,2,2,2,3,2,0,1,2,2,
34,3,0,0,1,2,2,2,3,26,0,2,2,2,3,3,2,0,2,3,2,
29,3,22,0,1,2,2,2,3,4,0,2,2,2,2,4,2,0,2,3,2,
12,2,0,0,1,1,2,1,3,3,0,2,1,2,2,3,1,0,1,2,1,
12,2,0,0,1,1,2,1,3,3,0,2,1,2,2,3,1,0,1,2,1,
11,3,0,1,2,2,2,2,3,3,1,2,2,2,2,4,2,0,2,3,2,
11,3,0,0,1,2,2,2,3,3,1,2,2,2,2,3,2,0,2,3,2,
32,3,0,1,2,4,2,2,3,3,1,4,2,2,25,4,2,0,2,2,3,
33,3,0,2,3,4,2,2,3,3,3,4,25,2,2,4,4,0,2,2,4,
14,5,0,0,1,1,5,3,5,6,0,2,2,5,4,6,2,0,3,5,1,
11,2,0,0,1,1,1,1,3,3,0,2,1,1,1,3,1,0,1,2,1,
10,3,0,1,2,2,3,2,3,3,1,3,2,2,2,4,2,0,2,3,2,
10,3,0,1,2,2,2,2,3,3,1,2,2,2,2,4,2,0,2,2,2,
10,3,0,1,2,2,2,2,3,4,1,3,2,2,2,4,2,0,2,3,2,
10,3,1,1,2,2,3,2,3,4,1,3,2,3,2,4,2,0,2,3,2,
10,3,0,1,2,2,3,2,3,4,1,3,2,3,2,4,2,0,2,3,2,
10,3,0,1,2,3,3,2,4,4,1,3,2,3,3,4,2,0,2,3,2,
11,2,0,0,1,2,2,1,3,3,0,2,1,2,2,3,2,0,1,2,2,
12,2,0,2,3,4,2,1,3,3,2,4,3,2,2,3,4,0,1,2,4,
12,4,0,0,1,2,2,1,2,5,0,2,1,2,2,3,2,0,1,2,2,
11,3,0,0,1,2,2,2,3,3,0,2,1,2,2,3,2,0,1,2,2,
11,3,0,0,1,2,2,2,3,3,0,2,2,2,2,3,2,0,1,2,2,
11,3,0,0,1,2,2,1,3,3,0,2,1,2,2,3,2,0,1,2,2,
13,3,0,0,1,2,2,2,3,3,0,2,2,2,2,3,2,0,1,2,2,
15,3,0,0,1,5,2,2,3,3,0,5,2,2,2,3,2,0,1,2,5,
12,3,0,1,2,2,2,2,3,3,1,2,2,2,2,3,2,0,1,3,2,
11,3,0,0,1,2,2,2,3,3,0,2,2,2,2,3,2,0,1,2,2,
12,3,0,0,1,2,2,4,3,3,0,2,2,2,5,3,2,0,2,2,2,
11,3,0,1,2,2,2,2,3,3,1,2,2,2,2,4,2,0,2,3,2,
13,5,0,1,2,2,2,2,3,5,1,2,2,2,2,4,2,0,2,3,2,
13,3,0,1,2,2,2,2,3,3,1,2,2,2,2,4,2,0,2,3,2,
11,3,0,1,1,2,2,2,3,3,1,2,1,2,2,4,2,0,2,2,2,
11,3,0,1,2,2,2,2,3,3,1,2,2,2,2,4,2,0,2,3,2,
11,3,0,1,2,3,2,2,3,3,2,4,2,2,2,4,2,0,2,3,3,
10,3,0,1,2,2,2,2,3,3,1,3,2,2,2,4,2,0,2,3,2,
10,3,0,1,2,2,2,2,3,3,1,3,2,2,2,4,2,0,2,3,2,
11,2,0,0,1,2,2,1,3,3,0,2,1,2,2,3,2,0,1,2,1,
11,2,0,0,1,2,2,1,3,3,0,2,1,2,2,3,2,0,1,2,1,
11,3,1,1,2,3,3,2,4,4,1,3,2,3,3,4,2,0,2,3,2,
11,2,0,0,1,2,2,1,3,3,0,2,1,2,2,3,2,0,1,2,2,
15,8,0,1,2,2,7,2,8,8,1,3,2,7,2,8,2,0,2,7,2,
11,0,0,0,0,0,0,0,1,1,0,0,0,0,0,1,0,0,0,0,0,
11,2,0,0,1,2,2,2,3,3,0,2,1,2,2,3,2,0,1,2,2,
11,2,0,0,1,2,2,2,3,3,0,2,1,2,2,3,2,0,1,2,2,
11,2,0,0,1,2,2,1,3,3,0,2,1,2,2,3,2,0,1,2,2,
11,3,0,0,1,2,2,2,3,3,0,2,1,2,2,3,2,0,1,2,2,
11,3,0,0,3,2,2,2,3,3,0,2,3,2,2,3,4,0,2,2,2,
11,3,0,0,2,2,2,2,3,3,0,2,2,2,2,3,2,0,2,2,2,
11,3,0,0,1,2,2,2,3,3,0,2,2,2,2,3,2,0,2,2,2,
12,3,0,3,4,5,2,2,3,3,3,5,4,2,2,3,5,0,2,2,4,
13,5,0,0,1,2,2,2,3,5,0,2,2,2,2,3,2,0,1,2,2,
11,3,0,0,1,2,2,2,3,3,1,2,2,2,2,3,2,0,2,3,2,
11,3,0,1,2,2,2,2,3,3,1,2,2,2,2,3,2,0,2,2,2,
11,3,0,1,2,2,2,2,3,3,1,2,2,2,2,4,2,0,2,3,2,
11,3,0,0,2,2,2,2,3,3,1,2,2,2,2,4,2,0,2,2,2,
11,3,0,1,2,2,2,2,3,3,1,2,2,2,2,4,2,0,2,3,2,
11,3,0,1,2,2,2,2,3,3,1,2,2,2,2,4,2,0,2,3,2,
11,3,0,1,2,2,2,2,3,3,1,3,2,2,2,4,2,0,2,3,2,
11,3,0,1,2,2,2,2,3,3,1,3,2,2,2,4,2,0,2,3,2,
10,3,0,1,2,2,2,4,3,3,1,3,2,2,4,4,2,0,4,3,2,
10,3,1,1,2,2,3,2,3,4,1,3,2,3,2,4,2,0,2,3,2,
10,3,0,1,2,2,3,2,3,4,1,3,2,3,2,4,2,0,2,3,2,
11,3,0,1,2,3,3,2,4,4,1,3,2,3,2,4,2,0,2,3,2,
11,2,0,0,1,2,2,1,3,3,0,2,1,2,2,3,2,0,1,2,1,
11,2,0,0,1,2,2,1,3,3,0,2,1,2,2,3,2,0,1,2,1,
11,2,0,0,1,2,2,1,3,3,0,4,1,2,2,3,2,0,1,2,2,
11,3,0,1,2,2,2,2,3,3,1,2,2,2,2,4,2,0,2,3,2,
11,2,0,0,1,2,2,1,3,3,0,2,1,2,2,3,2,0,1,2,1,
11,1,0,0,0,1,1,1,2,2,0,1,1,1,1,2,1,0,0,1,1,
11,3,0,0,1,2,2,2,3,3,0,2,1,2,2,3,2,0,1,2,2,
11,3,0,0,3,2,2,2,3,3,0,2,3,2,2,3,4,0,1,2,1,
13,3,0,0,1,2,2,2,6,3,0,2,1,2,2,6,2,0,1,5,2,
14,5,0,0,5,5,5,5,6,5,0,5,5,5,5,6,5,0,4,5,5,
11,3,0,0,2,2,2,2,3,3,0,2,2,2,2,3,2,0,2,2,2,
11,3,0,0,1,2,2,2,3,3,0,2,2,2,2,3,2,0,2,3,2,
11,3,0,0,2,2,2,2,3,3,1,2,2,2,2,3,2,0,2,3,2,
11,3,0,0,2,2,2,2,3,3,0,2,2,2,2,3,2,0,2,2,2,
11,3,0,0,1,2,2,2,3,3,1,2,2,2,2,3,2,0,2,3,2,
11,3,0,1,2,2,2,2,3,3,1,2,2,2,2,4,2,0,2,2,2,
11,3,0,0,2,2,2,2,3,3,1,2,2,2,2,4,2,0,2,2,2,
11,3,0,1,2,2,2,2,3,3,1,2,2,2,2,4,2,0,2,2,2,
15,3,0,1,2,5,2,2,3,3,1,5,2,2,2,4,2,0,2,3,5,
12,2,0,0,1,2,2,1,3,3,0,2,1,2,2,3,2,0,1,2,1,
10,3,0,1,2,2,2,2,3,3,1,3,2,2,2,4,2,0,2,2,2,
12,3,0,1,2,2,2,5,3,3,1,3,2,2,5,4,2,0,5,3,2,
10,3,0,1,2,2,3,2,3,4,1,3,2,3,2,4,2,0,2,3,2,
10,3,1,1,2,2,3,2,3,4,1,3,2,3,3,4,2,0,2,3,2,
12,3,1,1,2,3,3,2,4,4,1,3,2,3,2,4,3,0,2,3,2,
11,3,1,1,2,3,3,2,4,4,1,3,2,3,3,4,2,0,2,3,2,
11,2,0,0,1,2,2,1,3,3,0,2,1,2,2,3,2,0,1,2,2,
10,2,0,0,1,2,2,1,3,3,0,2,1,2,2,3,2,0,1,2,1,
11,2,0,0,1,2,2,1,3,3,0,2,1,2,2,3,2,0,1,2,1,
11,2,0,0,1,2,2,1,3,3,0,2,1,2,2,3,2,0,1,2,2,
11,2,0,0,1,2,2,2,3,3,0,2,1,2,2,3,2,0,1,2,2,
11,2,0,0,1,2,2,1,3,3,0,2,1,2,2,3,2,0,1,2,1,
11,3,0,0,1,2,2,2,3,3,0,2,1,2,2,3,2,0,1,2,2,
11,3,0,0,1,2,2,2,3,3,0,2,1,2,2,3,2,0,1,2,2,
15,7,0,0,1,2,6,1,7,7,0,2,1,6,2,7,2,0,1,6,2,
11,1,0,0,0,0,0,0,1,1,0,0,0,0,0,1,0,0,0,0,0,
11,3,0,0,1,2,2,2,3,3,0,2,2,2,2,3,2,0,2,2,2,
11,3,0,0,2,2,2,2,3,3,0,2,2,2,2,3,2,0,2,2,2,
11,3,0,0,1,2,2,2,3,3,0,2,2,2,2,3,2,0,2,3,2,
11,3,0,1,2,2,2,2,3,3,1,2,2,2,2,3,2,0,2,3,2,
11,3,0,1,1,2,2,2,3,3,1,2,2,2,2,4,2,0,2,3,2,
11,3,0,1,2,2,2,2,3,3,1,2,2,2,2,4,2,0,2,3,2,
11,3,1,1,2,2,2,2,3,4,1,3,2,2,2,4,2,0,2,3,2,
13,3,0,3,4,5,2,2,3,3,4,5,5,2,2,4,5,0,2,2,5,
14,6,1,1,2,3,3,2,3,6,1,3,2,3,2,4,2,0,2,3,3,
10,3,0,1,2,2,2,2,3,4,1,3,2,2,2,4,2,0,2,3,2,
11,3,0,1,2,2,2,2,3,3,1,3,2,2,2,4,2,0,2,3,2,
10,3,1,1,2,2,2,2,3,3,1,3,2,2,2,4,2,0,2,3,2,
10,3,1,1,2,2,3,2,3,4,1,3,2,3,2,4,2,0,2,3,2,
10,3,0,1,2,2,3,2,3,4,1,3,2,3,3,4,2,0,2,3,2,
10,3,0,1,2,3,3,2,3,4,1,3,2,3,2,4,3,0,2,3,2,
10,3,1,1,2,3,3,2,4,4,1,3,2,3,3,4,3,0,2,3,2,
11,2,0,0,1,2,2,1,3,3,0,2,1,2,2,3,2,0,1,2,1,
11,2,0,0,1,2,2,1,3,3,0,2,1,2,2,3,2,0,1,2,1,
11,2,0,0,1,2,2,1,3,3,0,2,1,2,2,3,2,0,1,2,1,
11,2,0,0,1,2,2,2,3,3,0,2,1,2,2,3,2,0,1,2,1,
11,3,0,0,2,2,2,2,3,3,0,2,2,2,2,3,2,0,2,2,2,
11,2,0,0,1,2,2,2,3,3,0,2,1,2,2,3,2,0,1,2,2,
11,3,0,0,1,2,2,2,3,3,0,2,2,2,2,3,2,0,1,2,2,
11,3,0,0,1,2,2,2,3,3,0,2,1,2,2,3,2,0,1,2,2,
12,3,0,0,1,2,2,2,3,3,0,2,1,2,2,3,2,0,1,2,2,
11,3,0,0,1,2,2,2,3,3,0,2,1,2,2,3,2,0,2,2,2,
11,2,0,0,1,2,2,1,3,3,0,2,1,2,2,3,2,0,1,2,1,
13,3,0,1,2,2,2,2,3,3,1,3,2,2,2,4,2,0,2,3,2,
12,3,0,0,4,2,2,2,3,3,1,2,4,2,2,4,4,0,2,3,2,
11,3,0,1,2,2,2,2,3,3,1,2,2,2,2,4,2,0,2,2,2,
14,6,0,1,2,2,2,2,6,6,1,6,2,2,2,7,2,0,2,6,2,
12,3,1,1,2,2,2,2,3,4,1,3,2,3,2,4,2,0,2,3,2,
11,3,0,1,2,2,2,2,3,3,1,2,2,2,2,4,2,0,2,3,2,
12,2,0,0,1,1,2,1,3,3,0,2,1,2,2,3,1,0,1,2,1,
10,3,0,1,2,2,2,2,3,3,1,3,2,2,2,4,2,0,2,3,2,
10,3,1,1,2,3,3,2,3,4,1,3,2,3,3,4,2,0,2,3,2,
10,3,1,1,2,2,3,2,3,4,1,3,2,3,2,4,2,0,2,3,2,
11,2,0,0,1,2,2,1,3,3,0,2,1,2,2,3,1,0,1,2,1,
11,2,0,0,1,2,2,1,3,3,0,2,1,2,2,3,2,0,1,2,1,
15,2,0,0,1,4,2,1,3,3,0,5,1,2,2,3,2,0,1,2,4,
12,2,0,0,1,2,2,1,3,3,0,2,1,2,2,3,2,0,1,2,1,
11,2,0,0,1,2,2,1,3,3,0,2,1,2,2,3,2,0,1,2,1,
12,2,0,0,1,2,2,4,3,3,0,2,1,2,4,3,2,0,4,2,1,
11,2,0,0,1,2,2,1,3,3,0,2,1,2,2,3,2,0,1,2,1,
11,2,0,0,1,2,2,1,3,3,0,2,1,2,2,3,2,0,1,2,1,
12,2,0,0,1,2,2,1,3,3,0,2,1,2,2,3,2,0,1,2,2,
11,3,0,0,1,2,2,2,3,3,0,2,2,2,2,3,2,0,1,2,2,
11,3,0,0,1,2,2,2,3,3,0,2,1,2,2,3,2,0,1,2,2,
11,3,0,0,1,2,2,2,3,3,0,2,2,2,2,3,2,0,2,2,2,
11,3,0,0,1,2,2,2,3,3,0,2,2,2,2,3,2,0,2,2,2,
11,3,0,0,1,2,2,2,3,3,0,2,2,2,2,3,2,0,2,3,2,
11,3,0,0,1,2,2,2,3,3,0,2,2,2,2,4,2,0,2,2,2,
11,3,0,0,2,2,2,2,3,3,1,2,2,2,2,4,2,0,2,3,2,
11,3,0,0,1,2,2,2,3,3,1,2,2,2,2,4,2,0,2,2,2,
11,3,0,0,2,2,2,2,3,3,1,2,2,2,2,4,2,0,2,3,2,
15,7,0,1,2,2,6,2,7,8,1,2,2,6,2,8,2,0,1,7,2,
11,1,0,0,0,0,1,0,1,1,0,1,0,1,0,2,0,0,0,1,0,
11,3,0,1,2,2,2,3,3,3,1,2,2,2,3,4,2,0,3,3,2,
10,3,0,1,2,2,2,2,3,3,1,3,2,3,2,4,2,0,2,3,2,
10,3,1,1,2,3,3,2,4,4,1,3,2,3,3,4,2,0,2,3,2,
10,3,1,1,2,3,3,2,3,4,1,3,2,3,3,4,2,0,2,3,2,
10,3,0,1,2,3,3,2,3,4,1,3,2,3,2,4,2,0,2,3,2,
10,2,0,0,1,2,2,1,3,3,0,2,1,2,2,3,1,0,1,2,1,
11,3,1,1,2,5,3,2,4,4,1,5,2,3,3,4,2,0,2,3,4,
12,2,0,3,3,4,2,1,3,3,3,4,3,2,2,3,3,0,1,2,4,
13,5,0,0,1,3,2,1,3,6,0,3,1,2,2,3,2,0,1,2,2,
11,3,0,0,1,2,2,1,3,3,0,2,1,2,2,3,1,0,1,2,1,
10,3,0,1,2,3,3,2,4,4,1,3,2,3,3,4,2,0,2,3,2,
11,2,0,0,1,2,2,1,3,3,0,2,1,2,2,3,2,0,1,2,2,
11,2,0,0,1,2,2,1,3,3,0,2,1,2,2,3,2,0,1,2,1,
11,3,0,0,1,2,2,2,3,3,0,2,2,2,2,3,2,0,1,2,2,
11,3,0,0,1,2,2,2,3,3,0,2,1,2,2,3,2,0,1,2,2,
11,3,0,0,1,2,2,2,3,3,0,2,2,2,2,3,2,0,1,2,2,
11,3,0,0,1,2,2,2,3,3,0,2,1,2,2,3,2,0,1,2,2,
11,3,0,0,2,2,2,2,3,3,0,2,2,2,2,3,2,0,2,3,2,
11,3,0,0,1,2,2,2,3,3,1,2,2,2,2,4,2,0,2,3,2,
11,3,0,0,1,2,2,2,3,3,0,2,2,2,2,3,2,0,2,3,2,
11,3,0,1,2,2,2,2,3,3,1,2,2,2,2,4,2,0,2,3,2,
11,3,0,1,2,2,2,2,3,3,1,2,2,2,2,4,2,0,2,3,2,
11,3,0,1,2,2,2,2,3,3,1,2,2,2,2,4,2,0,2,3,2,
11,3,0,1,2,2,2,2,3,3,1,2,2,2,2,4,2,0,2,3,2,
13,3,1,1,2,3,3,2,4,4,1,3,2,3,3,4,2,0,2,3,2,
10,3,0,1,2,2,2,2,3,3,1,3,2,2,2,4,2,0,2,3,2,
10,3,0,1,2,2,2,2,3,3,1,3,2,2,2,4,2,0,2,3,2,
10,3,1,1,2,2,2,2,3,4,1,3,2,3,2,4,2,0,2,2,2,
12,3,1,1,5,2,3,2,3,4,1,3,5,3,2,4,5,0,2,3,2,
10,3,0,1,2,3,3,2,4,4,1,3,2,3,3,4,2,1,2,3,2,
10,2,0,0,1,1,2,1,3,3,0,2,1,2,1,3,2,0,1,2,1,
11,2,0,0,1,2,2,1,3,3,0,2,1,2,2,3,2,0,1,2,1,
11,2,0,0,1,2,2,1,3,3,0,2,1,2,2,3,2,0,1,2,1,
11,3,1,1,2,2,2,2,3,3,1,2,2,2,2,4,2,0,2,3,2,
11,2,0,0,1,2,2,1,3,3,0,2,1,2,2,3,2,0,1,2,1,
11,2,0,0,1,2,2,1,3,3,0,2,1,2,2,3,2,0,1,2,1,
11,2,0,0,1,2,2,1,3,3,0,2,1,2,2,3,2,0,1,2,1,
11,2,0,0,1,2,2,2,3,3,0,2,1,2,2,3,2,0,1,2,2,
11,3,0,0,1,2,2,2,3,3,0,2,2,2,2,3,2,0,1,2,2,
12,3,0,0,1,2,2,2,3,3,0,5,1,2,2,3,2,0,1,2,2,
12,3,0,1,2,2,2,2,3,3,1,2,2,2,2,4,2,0,2,3,2,
11,3,0,0,1,2,2,2,3,3,0,2,2,2,2,3,2,0,2,2,2,
11,3,0,0,1,2,2,2,3,3,0,2,2,2,2,3,2,0,1,3,2,
11,3,0,0,1,2,2,2,3,3,1,2,2,2,2,3,2,0,2,3,2,
11,3,0,1,2,2,2,2,3,3,1,2,2,2,2,4,2,0,2,2,2,
13,3,0,1,2,3,2,2,3,3,1,3,3,2,2,4,3,0,2,3,3,
11,3,0,1,2,2,2,2,3,3,1,3,2,2,2,4,2,0,2,3,2,
11,3,0,1,2,2,2,2,3,3,1,2,2,2,2,4,2,0,2,2,2,
13,5,0,1,2,2,5,2,6,6,1,2,2,5,2,6,2,0,2,5,2,
10,3,0,1,2,2,2,2,3,4,1,3,2,2,2,4,2,0,2,3,2,
10,3,1,1,2,2,2,2,3,4,1,2,2,2,2,4,2,0,2,3,2,
10,3,0,1,2,2,2,2,3,4,1,3,2,3,2,4,2,0,2,3,2,
10,3,1,1,2,3,3,2,4,4,1,3,2,3,3,4,2,0,2,3,2,
10,3,1,1,2,2,3,2,3,4,1,3,2,3,2,4,2,0,2,3,2,
11,2,0,0,1,1,2,1,3,3,0,1,1,2,2,3,2,0,1,2,1,
14,7,0,1,2,2,7,2,7,8,1,3,2,7,2,8,2,0,2,7,2,
11,1,0,0,0,1,1,0,2,2,0,1,0,1,0,2,0,0,0,1,0,
11,2,0,0,1,2,2,1,3,3,0,2,1,2,2,3,1,0,1,2,1,
11,2,0,0,1,2,2,1,3,3,0,2,1,2,2,3,2,0,1,2,1,
11,2,0,0,1,2,2,2,3,3,0,2,1,2,2,3,2,0,1,2,2,
11,2,0,0,1,2,2,1,3,3,0,2,1,2,2,3,2,0,1,2,1,
11,3,0,0,1,2,2,2,3,3,0,2,1,2,2,3,2,0,1,2,2,
11,3,0,0,1,2,2,2,3,3,0,2,1,2,2,3,2,0,1,2,2,
11,3,0,0,1,2,2,2,3,3,0,2,1,2,2,3,2,0,1,2,2,
12,3,0,3,4,5,2,2,3,3,3,5,4,2,2,3,5,0,2,2,5,
13,5,0,0,1,2,2,1,2,5,0,2,1,2,2,3,2,0,1,2,1,
11,3,0,1,2,2,2,2,3,3,1,2,2,2,2,4,2,0,2,3,2,
13,3,0,0,1,2,2,2,5,5,0,2,1,2,2,5,2,0,1,2,2,
11,3,0,1,2,2,2,2,3,3,1,2,2,2,2,4,2,0,2,2,2,
11,3,0,1,2,2,2,2,3,3,1,2,2,2,2,4,2,0,2,3,2,
11,3,0,1,2,2,2,2,3,3,1,2,2,2,2,4,2,0,2,3,2,
11,3,1,1,2,2,3,2,3,4,1,3,2,3,2,4,2,0,2,3,2,
11,3,0,1,2,2,2,2,3,4,1,2,2,2,2,4,2,0,2,3,2,
11,3,1,1,2,2,3,2,4,4,1,3,2,3,3,4,2,0,2,3,2,
10,3,0,1,2,2,2,2,3,3,1,3,2,2,2,4,2,0,2,3,2,
10,3,0,1,2,2,2,2,3,3,1,3,2,3,2,4,2,0,2,3,2,
10,3,1,1,2,2,2,2,3,4,1,3,2,2,2,4,2,0,2,3,2,
11,3,0,1,2,3,3,2,4,4,1,3,2,3,3,4,2,1,2,3,2,
10,3,1,1,2,2,3,2,3,4,1,3,2,3,2,4,2,0,2,3,2,
10,3,0,1,2,2,3,2,4,4,1,3,2,3,3,4,2,0,2,3,2,
10,3,1,1,2,2,3,2,3,4,1,3,2,3,2,4,2,0,2,3,2,
10,3,1,1,2,3,3,2,4,4,1,3,2,3,3,4,2,0,2,3,2,
11,3,1,1,2,3,3,2,4,4,1,3,2,3,3,4,2,0,2,3,2,
11,2,0,0,1,2,2,1,3,3,0,2,1,2,2,3,2,0,1,2,2,
11,2,0,0,1,2,2,1,3,3,0,2,1,2,2,3,2,0,1,2,2,
11,3,0,0,3,1,2,2,3,3,0,2,3,2,2,3,3,0,1,2,1,
14,5,0,0,1,2,5,2,6,5,0,2,1,5,2,6,2,0,1,5,2,
13,4,0,0,4,4,4,4,5,4,0,4,4,4,4,5,4,0,4,4,4,
11,3,0,0,1,2,2,2,3,3,0,2,1,2,2,3,2,0,2,2,2,
11,3,0,0,1,2,2,2,3,3,0,2,2,2,2,3,2,0,2,3,2,
11,3,0,0,1,2,2,2,3,3,0,2,1,2,2,3,2,0,2,3,2,
11,3,0,0,1,2,2,2,3,3,1,2,2,2,2,3,2,0,2,3,2,
11,3,0,1,1,2,2,2,3,3,1,2,2,2,2,4,2,0,2,2,2,
11,3,0,1,2,2,2,2,3,3,1,2,2,2,2,4,2,0,2,3,2,
11,3,0,1,2,2,2,2,3,3,1,2,2,2,2,4,2,0,2,3,2,
11,3,0,1,2,2,2,2,3,3,1,2,2,2,2,4,2,0,2,3,2,
15,3,0,1,2,5,2,2,3,3,1,5,2,2,2,4,2,0,2,3,5,
11,3,0,1,2,2,2,2,3,3,1,3,2,2,2,4,2,0,2,3,2,
11,3,0,1,2,2,2,2,3,3,1,3,2,2,2,4,2,0,2,3,2,
11,3,0,1,2,2,2,5,3,3,1,2,2,2,5,4,2,0,5,3,2,
10,3,1,1,2,2,2,2,3,3,1,3,2,2,2,4,2,0,2,3,2,
10,3,0,1,2,2,3,2,3,4,1,3,2,3,2,4,2,0,2,3,2,
11,3,1,1,2,3,3,2,4,4,1,3,2,3,3,4,2,0,2,3,2,
11,2,0,0,1,2,2,1,3,3,0,2,1,2,2,3,1,0,1,2,1,
10,2,0,0,1,2,2,1,3,3,0,2,1,2,2,3,1,0,1,2,1,
10,3,1,1,2,3,3,2,4,4,1,3,2,3,3,4,3,0,2,3,2,
11,2,0,0,1,2,2,1,3,3,0,2,1,2,2,3,2,0,1,2,1,
11,2,0,0,1,2,2,1,3,3,0,2,1,2,2,3,1,0,1,2,1,
11,2,0,0,1,2,2,1,3,3,0,2,1,2,2,3,2,0,1,2,1,
11,3,0,0,1,2,2,2,3,3,0,2,1,2,2,3,2,0,1,2,2,
11,3,0,0,1,2,2,2,3,3,0,2,2,2,2,3,2,0,1,2,1,
11,3,0,0,1,2,2,2,3,3,0,2,2,2,2,3,2,0,1,2,2,
14,6,0,0,1,2,5,1,6,6,0,2,1,5,2,6,2,0,1,5,2,
11,2,0,0,0,1,1,1,2,2,0,1,1,1,1,2,1,0,1,2,1,
11,3,0,0,2,2,2,2,3,3,0,2,2,2,2,3,2,0,2,3,2,
11,3,0,0,1,2,2,2,3,3,0,2,2,2,2,3,2,0,2,2,2,
11,3,0,1,2,2,2,2,3,3,1,2,2,2,2,4,2,0,2,3,2,
11,3,0,1,2,2,2,2,3,3,1,2,2,2,2,4,2,0,2,3,2,
11,3,0,1,2,2,2,2,3,3,1,2,2,2,2,4,2,0,2,3,2,
11,3,0,1,2,2,2,2,3,3,1,2,2,2,2,4,2,0,2,3,2,
11,3,0,1,2,2,2,2,3,3,1,2,2,2,2,4,2,0,2,3,2,
12,3,0,3,4,4,2,2,3,3,3,5,4,2,2,4,4,0,2,3,4,
12,4,0,1,2,2,2,2,3,5,1,3,2,2,2,3,2,0,2,2,2,
10,3,0,1,2,2,2,2,3,3,1,3,2,3,2,4,2,0,2,2,2,
11,3,0,0,1,2,2,2,3,3,0,2,1,2,2,3,2,0,1,2,2,
11,4,0,1,2,3,3,2,3,5,1,3,2,3,3,4,2,0,2,3,2,
11,3,1,1,2,3,3,2,4,4,1,3,2,3,3,4,2,0,2,3,2,
11,2,0,0,1,2,2,1,3,3,0,2,1,2,2,3,1,0,1,2,1,
11,2,0,0,1,2,2,1,3,3,0,2,1,2,2,3,1,0,1,2,1,
11,2,0,2,3,4,2,2,3,3,2,4,3,2,2,3,4,0,1,2,4,
11,2,0,0,1,2,2,1,3,3,0,2,1,2,2,3,2,0,1,2,2,
11,2,0,0,1,2,2,2,3,3,0,2,2,2,2,3,2,0,1,2,2,
11,3,0,0,1,2,2,2,3,3,0,2,1,2,2,3,2,0,1,2,2,
11,3,0,0,1,2,2,2,3,3,0,2,2,2,2,3,2,0,1,2,2,
11,3,0,0,1,2,2,2,3,3,0,2,2,2,2,3,2,0,2,3,2,
11,3,0,0,2,2,2,2,3,3,0,2,2,2,2,3,2,0,2,2,2,
11,3,0,0,1,2,2,2,3,3,0,2,2,2,2,3,2,0,2,3,2,
11,3,0,0,1,2,2,2,3,3,1,2,2,2,2,4,2,0,2,2,2,
35,3,1,1,2,3,3,2,3,4,1,3,2,3,3,4,3,0,2,3,3,
11,3,0,1,2,2,2,2,3,3,1,2,2,2,2,4,2,0,2,3,2,
11,3,0,0,1,2,2,2,3,3,1,2,2,2,2,4,2,0,2,3,2,
11,3,0,1,2,2,2,2,3,3,1,2,2,2,2,4,2,0,2,3,2,
14,3,0,0,6,2,2,2,3,3,0,2,6,2,2,3,6,0,2,3,1,
11,3,0,1,2,2,2,2,3,3,1,2,2,2,2,4,2,0,2,2,2,
14,6,0,1,2,2,2,2,6,6,1,2,2,2,2,7,2,0,2,3,2,
11,3,0,1,2,2,2,2,3,3,1,2,2,2,2,4,2,0,2,3,2,
10,3,0,1,2,2,2,2,3,3,1,3,2,2,2,4,2,0,2,3,2,
11,3,0,0,1,2,2,2,3,3,0,2,2,2,2,3,2,0,1,2,2,
10,3,0,1,2,2,2,2,3,3,1,3,2,2,2,4,2,0,2,3,2,
10,3,1,1,2,2,2,2,3,4,1,3,2,3,2,4,2,0,2,3,2,
10,3,1,1,2,2,3,2,3,4,1,3,2,3,2,4,3,0,2,3,2,
11,2,0,0,1,2,2,1,3,3,0,2,1,2,2,3,2,0,1,2,1,
11,2,0,0,1,2,2,1,3,3,0,2,1,2,2,3,2,0,1,2,1,
12,2,0,0,1,4,2,1,3,3,0,5,1,2,2,3,2,0,1,2,1,
12,3,0,1,2,2,2,2,3,3,1,2,2,2,2,3,2,0,2,3,2,
11,2,0,0,1,2,2,1,3,3,0,2,1,2,2,3,2,0,1,2,1,
12,3,0,0,1,2,2,2,3,3,0,2,2,2,5,3,2,0,1,2,2,
11,3,0,0,1,2,2,2,3,3,0,2,1,2,2,3,2,0,1,2,2,
11,3,0,0,1,2,2,2,3,3,0,2,2,2,2,3,2,0,2,2,2,
13,3,0,0,1,2,2,2,3,3,0,2,2,2,2,3,2,0,1,2,2,
11,3,0,0,2,2,2,2,3,3,1,2,2,2,2,3,2,0,2,3,2,
11,3,0,1,1,2,2,2,3,3,1,2,2,2,2,4,2,0,2,3,2,
11,3,0,0,2,2,2,2,3,3,1,2,2,2,2,3,2,0,2,3,2,
11,3,0,1,1,2,2,2,3,3,1,2,2,2,2,4,2,0,2,3,2,
13,4,0,1,1,4,4,4,5,4,1,4,2,4,4,5,4,0,2,4,4,
11,3,0,1,2,2,2,2,3,3,1,2,2,2,2,4,2,0,2,3,2,
11,3,0,1,2,2,2,2,3,3,1,2,2,2,2,4,2,0,2,3,2,
11,3,0,1,2,2,2,2,3,3,1,2,2,2,3,4,2,0,2,3,2,
11,3,0,0,3,2,2,2,3,3,0,2,3,2,2,4,3,0,2,3,2,
16,8,0,1,2,2,7,2,8,8,1,3,2,7,2,8,2,0,2,7,2,
11,0,0,0,0,0,0,0,1,0,0,0,0,0,0,1,0,0,0,0,0,
10,3,0,1,2,2,2,2,3,3,1,3,2,2,2,4,2,0,2,3,2,
10,3,0,1,2,2,3,2,3,4,1,3,2,3,2,4,2,0,2,3,2,
10,3,0,1,2,2,3,2,3,4,1,3,2,3,2,4,2,0,2,3,2,
10,3,0,1,2,3,3,2,3,4,1,3,2,3,3,4,2,0,2,3,2,
10,3,0,1,2,3,3,2,4,4,1,3,2,3,3,4,3,0,2,3,2,
11,2,0,0,1,2,2,1,3,3,0,2,1,2,2,3,2,0,1,2,1,
11,2,0,0,1,2,2,1,3,3,0,2,1,2,2,3,2,0,1,2,1,
11,2,0,0,3,4,2,2,3,3,3,4,3,2,2,3,4,0,1,2,3,
13,6,0,0,1,3,2,2,3,6,0,3,1,2,2,3,2,0,1,2,3,
11,3,0,0,1,2,2,2,3,3,0,2,1,2,2,3,2,0,2,2,2,
14,2,0,0,1,2,2,1,3,3,0,2,1,2,2,3,2,0,1,2,2,
11,3,0,0,1,2,2,2,3,3,0,2,2,2,2,3,2,0,1,2,2,
11,3,0,0,1,2,2,2,3,3,0,2,1,2,2,3,2,0,1,2,2,
11,3,0,0,2,2,2,2,3,3,0,2,2,2,2,3,2,0,2,2,2,
11,3,0,0,1,2,2,2,3,3,0,2,2,2,2,3,2,0,2,3,2,
11,3,0,0,2,2,2,2,3,3,0,2,2,2,2,3,2,0,2,3,2,
11,3,0,1,2,2,2,2,3,3,1,2,2,2,2,3,2,0,2,3,2,
11,3,0,1,1,2,2,2,3,3,1,2,2,2,2,4,2,0,2,3,2,
11,3,0,1,2,2,2,2,3,3,1,2,2,2,2,3,2,0,2,2,2,
11,3,0,1,1,2,2,2,3,3,1,2,2,2,2,3,2,0,2,3,2,
11,3,0,1,2,2,2,2,3,3,1,2,2,2,2,4,2,0,2,2,2,
11,3,0,1,2,2,2,2,3,3,1,2,2,2,2,4,2,0,2,3,2,
11,3,0,1,2,2,2,2,3,3,1,2,2,2,2,4,2,0,2,3,2,
11,3,0,1,2,2,2,2,3,3,1,3,2,2,2,4,2,0,2,3,2,
13,2,0,0,1,2,2,2,3,3,0,2,1,2,2,3,2,0,1,2,2,
10,3,0,1,2,2,2,2,3,3,1,3,2,2,2,4,2,0,2,3,2,
10,3,1,1,2,2,2,2,3,4,1,3,2,3,2,4,2,0,2,3,2,
10,3,1,1,2,3,3,2,3,4,1,3,2,3,2,4,2,0,2,3,2,
10,3,1,1,2,2,3,2,3,4,1,3,2,3,2,4,2,0,2,3,2,
10,3,1,1,2,3,3,2,4,4,1,3,2,3,3,4,3,0,2,3,2,
13,2,0,0,1,2,2,1,5,5,0,2,1,2,2,6,2,0,1,2,1,
11,2,0,0,1,2,2,1,3,3,0,2,1,2,2,3,2,0,1,2,1,
11,2,0,0,1,2,2,1,3,3,0,2,1,2,2,3,2,0,1,2,1,
12,2,0,0,1,2,2,1,3,3,0,2,1,2,2,3,2,0,1,2,2,
11,3,0,0,1,2,2,2,3,3,0,2,1,2,2,3,2,0,1,2,2,
11,3,0,0,1,2,2,2,3,3,0,2,1,2,2,3,2,0,1,2,2,
11,3,0,0,1,2,2,2,3,3,0,2,1,2,2,3,2,0,2,2,2,
11,3,0,0,1,2,2,2,3,3,0,2,1,2,2,3,2,0,1,2,2,
11,3,0,0,1,2,2,2,3,3,0,2,2,2,2,3,2,0,1,2,2,
11,3,0,0,1,2,2,2,3,3,0,2,2,2,2,3,2,0,2,3,2,
13,2,0,0,1,2,2,2,3,3,0,2,1,2,2,3,2,0,1,2,1,
11,3,0,0,1,2,2,2,3,3,0,2,2,2,2,3,2,0,2,3,2,
11,3,0,0,1,2,3,2,3,3,0,2,2,2,2,4,2,0,2,2,2,
11,3,0,0,2,2,2,2,3,3,0,2,2,2,2,3,2,0,2,2,2,
11,3,0,1,2,2,2,2,3,3,1,3,2,2,2,3,2,0,2,3,2,
11,3,0,1,1,2,2,2,3,3,1,2,2,2,2,4,2,0,2,3,2,
11,3,0,1,2,2,2,2,3,3,1,2,2,2,2,4,2,0,2,2,2,
11,3,0,1,2,2,2,2,3,3,1,2,2,2,2,4,2,0,2,3,2,
11,3,0,1,2,2,2,2,3,3,1,3,2,2,2,4,2,0,2,3,2,
10,3,0,1,2,2,2,2,3,3,1,3,2,2,2,4,2,0,2,3,2,
10,3,0,1,2,2,3,2,3,3,1,3,2,3,2,4,2,0,2,3,2,
11,4,0,1,2,3,3,2,3,5,1,3,2,3,2,4,2,0,2,3,2,
10,3,1,1,2,2,3,2,3,4,1,3,2,3,2,4,2,0,2,3,2,
10,3,0,1,2,3,3,2,3,4,1,3,2,3,2,4,2,0,2,3,2,
11,3,0,1,4,3,3,2,4,4,1,3,4,3,3,4,5,0,2,3,2,
14,5,0,2,3,4,5,1,6,6,2,4,3,5,1,6,4,0,1,5,3,
13,4,0,0,4,4,4,4,5,4,0,4,4,4,3,5,4,0,4,4,3,
11,2,0,0,1,2,2,1,3,3,0,2,1,2,2,3,2,0,1,2,1,
11,3,0,0,1,2,2,1,3,3,0,2,1,2,2,3,2,0,1,2,1,
11,3,0,0,1,2,2,1,3,3,0,2,1,2,2,3,2,0,1,2,1,
11,3,0,0,1,2,2,2,3,3,0,2,1,2,2,3,2,0,1,2,2,
11,3,0,0,1,2,2,2,3,3,0,2,2,2,2,3,2,0,2,3,2,
11,3,0,0,1,2,2,2,3,3,0,2,2,2,2,3,2,0,1,2,2,
11,3,0,0,1,2,2,2,3,3,1,2,2,2,2,3,2,0,2,3,2,
11,3,0,0,2,2,2,2,3,3,0,2,2,2,2,3,2,0,2,2,2,
14,3,0,0,2,5,2,2,3,3,1,5,2,2,2,3,2,0,2,2,4,
11,3,1,1,2,2,2,2,3,4,1,3,2,2,2,4,2,0,2,3,2,
11,3,0,0,1,2,2,2,3,3,1,2,2,2,2,3,2,0,1,2,2,
11,3,0,0,1,2,2,2,3,3,0,2,2,2,2,3,2,0,2,3,2,
11,3,0,0,1,2,2,2,3,3,1,2,2,2,2,3,2,0,1,3,2,
15,3,0,1,2,5,2,2,3,3,1,5,2,2,2,4,2,0,2,3,5,
12,3,0,0,1,2,2,2,3,3,0,2,1,2,2,3,2,0,1,2,2,
11,3,0,1,2,2,2,2,3,3,1,2,2,2,2,4,2,0,2,3,2,
12,3,0,1,2,2,2,5,3,3,1,3,2,2,5,4,2,0,5,3,2,
10,3,0,1,2,2,2,2,3,3,1,3,2,2,2,4,2,0,2,3,2,
10,3,1,1,2,2,2,2,3,4,1,3,2,3,2,4,2,0,2,2,2,
11,3,1,1,2,2,3,2,3,4,1,3,2,3,2,4,2,0,2,3,2,
10,3,1,1,2,2,3,2,3,4,1,3,2,3,2,4,2,0,2,3,2,
10,2,0,0,1,2,2,1,3,3,0,2,1,2,2,3,2,0,1,2,1,
11,4,1,1,2,3,3,2,4,4,1,3,2,3,3,4,2,0,2,3,2,
11,2,0,0,1,2,2,1,3,3,0,2,1,2,2,3,2,0,1,2,1,
11,2,0,0,1,2,2,1,3,3,0,2,1,2,2,3,2,0,1,2,1,
11,2,0,0,1,2,2,1,3,3,0,2,1,2,2,3,2,0,1,2,2,
11,2,0,0,1,2,2,1,3,3,0,2,1,2,2,3,2,0,1,2,2,
11,3,0,0,1,2,2,2,3,3,0,2,1,2,2,3,2,0,1,3,2,
11,3,0,0,2,2,2,2,3,3,0,2,2,2,2,3,2,0,1,2,1,
14,6,0,0,1,2,6,1,7,7,0,2,1,6,2,7,2,0,1,6,2,
11,2,0,0,0,1,1,1,2,2,1,1,1,1,1,2,1,0,0,1,1,
11,3,0,0,1,2,2,2,3,3,0,2,2,2,2,3,2,0,2,3,2,
11,3,0,0,2,2,2,2,3,3,0,2,2,2,2,3,2,0,2,3,2,
11,3,0,0,1,2,2,2,3,3,1,2,2,2,2,4,2,0,2,3,2,
11,3,0,0,1,2,2,2,3,3,1,2,2,2,2,3,2,0,2,2,2,
11,3,0,1,2,2,2,2,3,3,1,2,2,2,2,3,2,0,2,3,2,
12,2,0,0,1,1,2,1,3,3,0,2,1,2,2,3,2,0,1,2,1,
11,3,0,0,2,2,2,2,3,3,1,2,2,2,2,4,2,0,2,2,2,
12,3,0,1,2,5,2,2,3,3,1,5,2,2,2,4,2,0,2,3,4,
14,3,0,1,2,4,2,2,3,6,1,4,2,2,2,4,2,0,2,3,3,
11,3,0,1,2,2,2,2,3,4,1,3,2,2,2,4,2,0,2,3,2,
14,4,0,1,2,2,3,2,4,4,1,3,2,3,2,4,2,0,2,3,2,
10,3,0,1,2,2,2,2,3,3,1,3,2,2,2,4,2,0,2,3,2,
10,3,1,1,2,2,3,2,3,4,1,3,2,3,2,4,2,0,2,3,2,
10,3,0,1,2,2,3,2,3,4,1,2,2,2,2,4,2,0,2,3,2,
10,3,1,1,2,3,3,2,3,4,1,3,2,3,3,4,2,0,2,3,2,
12,3,1,0,3,3,3,3,4,3,0,3,3,3,3,4,3,0,3,3,3,
11,2,0,0,1,2,2,2,3,3,0,2,2,2,2,3,2,0,1,2,1,
11,2,0,0,1,2,2,1,3,3,0,2,2,2,2,3,2,0,1,2,2,
11,2,0,0,1,2,2,1,3,3,0,2,1,2,2,3,1,0,1,2,2,
11,3,0,0,1,2,2,2,3,3,0,2,1,2,2,3,2,0,1,2,2,
11,3,0,0,2,2,2,2,3,3,1,2,2,2,2,3,2,0,2,2,2,
12,4,0,0,1,2,2,2,3,4,0,2,1,2,2,3,2,0,1,2,2,
11,3,0,0,1,2,2,2,3,3,0,2,1,2,2,3,2,0,1,2,2,
11,3,0,0,1,2,2,2,3,3,0,2,1,2,2,3,2,0,2,3,2,
13,3,0,1,2,2,3,2,3,4,1,3,2,3,3,4,2,0,2,3,2,
11,3,0,2,3,4,2,2,3,3,2,4,4,2,2,3,3,0,2,3,3,
11,3,1,1,2,2,3,2,3,3,1,2,2,3,2,4,2,0,2,3,2,
11,3,0,1,1,2,2,2,3,3,1,2,2,2,2,4,2,0,2,3,2,
11,3,0,1,1,2,2,2,3,3,1,3,2,2,2,4,2,0,2,3,2,
11,3,0,1,2,2,2,2,3,3,1,3,2,2,2,4,2,0,2,3,2,
11,3,0,1,2,2,2,2,3,3,1,3,2,2,2,4,2,0,2,3,2,
10,3,0,1,2,2,2,2,3,3,1,3,2,3,2,4,2,0,2,3,2,
10,3,1,1,2,3,3,2,3,4,1,3,2,3,3,4,2,0,2,3,2,
12,3,1,1,2,2,2,2,3,4,1,3,2,2,2,4,2,0,2,3,2,
10,3,1,1,2,2,3,2,3,3,1,3,2,3,2,4,2,0,2,3,2,
10,2,0,0,1,2,2,1,2,3,0,2,1,2,1,3,1,0,1,2,1,
10,2,0,0,1,2,2,1,3,3,0,2,1,2,2,3,1,0,1,2,1,
11,2,0,0,1,2,2,1,3,3,0,2,1,2,2,3,1,0,1,2,1,
11,2,0,0,3,2,2,1,3,3,0,2,3,2,2,3,4,0,1,2,1,
10,2,0,0,1,2,2,1,3,3,0,2,1,2,2,3,2,0,1,2,1,
13,3,0,1,2,3,3,2,3,4,1,3,2,3,3,4,2,0,2,3,2,
11,3,0,0,1,2,2,1,3,3,0,2,1,2,2,3,2,0,1,2,2,
11,2,0,0,1,2,2,2,3,3,0,2,1,2,2,3,2,0,1,2,2,
11,2,0,0,1,2,2,1,3,3,0,2,1,2,2,3,2,0,1,2,2,
11,2,0,0,1,2,2,2,3,3,0,2,2,2,2,3,2,0,1,2,2,
11,2,0,0,1,2,2,1,3,3,0,2,2,2,2,3,2,0,1,2,2,
11,3,0,0,1,2,2,2,3,3,0,2,1,2,2,3,2,0,1,2,2,
11,3,0,0,1,2,2,2,3,3,0,2,1,2,2,3,2,0,1,2,2,
11,3,0,0,1,2,2,2,3,3,0,2,2,2,2,3,2,0,1,2,2,
11,3,0,0,2,2,2,2,3,3,0,2,2,2,2,3,2,0,2,2,2,
13,2,0,0,1,2,2,1,3,3,0,2,1,2,2,3,2,0,1,2,1,
11,3,0,0,2,2,2,2,3,3,1,2,2,2,2,3,2,0,2,3,2,
11,3,0,0,2,2,2,2,3,3,1,2,2,2,2,3,2,0,2,3,2,
11,3,0,1,2,2,2,2,3,3,1,2,2,2,2,4,2,0,2,3,2,
11,3,0,1,2,2,2,2,3,3,1,3,2,2,2,4,2,0,2,3,2,
11,3,0,1,2,2,2,2,3,3,1,2,2,2,2,4,2,0,2,3,2,
10,3,0,1,2,2,2,2,3,3,1,3,2,3,2,4,2,0,2,3,2,
10,3,0,1,2,2,2,2,3,3,1,3,2,2,2,4,2,0,2,3,2,
10,3,0,1,2,2,2,2,3,3,1,3,2,2,2,4,2,0,2,3,2,
12,3,1,1,2,2,3,2,3,4,1,3,2,3,2,4,2,0,2,3,2,
12,2,0,0,1,2,2,2,3,3,0,2,2,2,2,3,2,0,1,2,2,
10,3,1,1,2,2,3,2,4,4,1,3,2,3,2,4,3,0,2,3,2,
11,2,0,0,1,2,2,1,3,3,0,2,1,2,2,3,2,0,1,2,1,
11,2,0,0,1,2,2,1,3,3,0,2,1,2,2,3,2,0,1,2,1,
11,2,0,0,1,2,2,1,3,3,0,2,1,2,2,3,2,0,1,2,1,
10,2,0,0,1,2,2,1,3,3,0,2,1,2,2,3,2,0,1,2,1,
13,3,0,1,2,3,3,2,3,4,1,3,2,3,2,4,3,0,2,3,2,
11,2,0,0,1,2,2,2,3,3,0,2,2,2,2,3,2,0,1,2,2,
11,2,0,0,1,2,2,2,3,3,0,2,2,2,2,3,2,0,1,2,2,
11,2,0,0,1,2,2,1,3,3,0,2,1,2,2,3,2,0,1,2,1,
11,3,0,0,1,2,2,2,3,3,0,2,2,2,2,3,2,0,1,2,2,
11,3,0,0,1,2,2,2,3,3,0,2,2,2,2,3,2,0,2,2,2,
11,3,0,0,2,2,2,2,3,3,0,2,2,2,2,3,2,0,2,2,2,
11,3,0,0,2,2,2,2,3,3,0,2,2,2,2,3,2,0,2,3,2,
11,3,0,0,1,2,2,2,3,3,1,2,2,2,2,4,2,0,2,3,2,
11,3,0,1,2,2,2,2,3,3,1,2,2,2,2,4,2,0,2,3,2,
12,3,1,1,2,2,3,2,3,4,1,3,2,3,2,4,2,0,2,3,2,
11,3,0,1,2,2,2,2,3,3,1,2,2,2,2,4,2,0,2,3,2,
11,3,0,1,2,2,2,2,3,3,1,3,2,2,2,4,2,0,2,3,2,
11,3,0,1,2,2,2,2,3,4,1,2,2,2,2,4,2,0,2,3,2,
12,3,0,1,2,2,2,2,3,4,1,3,5,2,2,4,5,0,2,3,2,
10,3,0,1,2,2,3,2,4,4,1,3,2,3,2,4,2,0,2,3,2,
13,6,0,1,2,2,3,2,6,6,1,3,2,3,3,7,2,0,2,6,2,
10,3,0,1,2,3,3,2,4,4,1,3,2,3,2,4,2,0,2,3,2,
10,2,0,0,1,1,2,1,3,3,0,2,1,2,1,3,1,0,1,2,1,
11,3,0,1,2,2,2,2,3,3,1,2,2,2,2,4,2,0,2,3,2,
11,2,0,0,1,2,2,1,3,3,0,2,1,2,2,3,2,0,1,2,1,
11,2,0,0,1,2,2,1,3,3,0,2,1,2,2,3,2,0,1,2,2,
11,3,0,0,1,2,2,2,3,3,0,2,2,2,2,3,2,0,1,2,2,
11,3,0,0,1,2,2,2,3,3,0,2,2,2,2,3,2,0,1,2,2,
11,3,0,0,1,2,2,2,3,3,0,2,1,2,3,3,2,0,2,2,2,
12,3,0,0,1,5,2,2,3,3,0,5,1,2,2,3,2,0,1,2,2,
13,2,0,0,1,2,2,1,3,3,0,2,1,2,1,3,2,0,1,2,1,
11,3,0,0,2,2,2,2,3,3,0,2,2,2,2,3,2,0,2,2,2,
11,3,0,0,1,2,2,2,3,3,0,2,2,2,2,3,2,0,2,3,2,
11,3,0,0,1,2,2,2,3,3,0,2,2,2,2,3,2,0,2,2,2,
11,3,0,0,1,2,2,2,3,3,0,2,2,2,2,3,2,0,2,3,2,
14,3,0,0,2,2,2,2,3,3,1,2,2,2,2,4,2,0,2,2,2,
11,3,0,1,2,2,2,2,3,3,1,2,2,2,2,3,2,0,2,3,2,
11,1,0,0,0,0,0,0,1,1,0,0,0,0,0,2,0,0,0,1,0,
11,3,0,1,2,2,2,2,3,3,1,2,2,2,2,4,2,0,2,3,2,
11,3,0,1,2,2,2,2,3,3,1,2,2,2,2,4,2,0,2,3,2,
11,3,0,1,2,2,2,2,3,3,1,2,2,2,2,4,2,0,2,3,2,
11,3,0,1,2,2,2,2,3,3,1,2,2,2,2,4,2,0,2,3,2,
11,3,0,1,2,2,2,2,3,3,1,3,2,2,2,4,2,0,2,3,2,
11,3,0,1,2,2,2,2,3,4,1,2,2,2,2,4,2,0,2,3,2,
11,3,0,1,4,2,2,2,3,4,1,3,4,3,2,4,5,0,2,3,2,
13,6,0,1,2,2,6,2,6,7,1,3,2,6,2,7,2,0,2,6,2,
12,3,0,3,3,3,3,3,4,3,3,3,3,3,3,5,3,0,3,3,3,
10,2,0,0,1,2,2,1,3,3,0,2,1,2,2,3,2,0,1,2,1,
10,2,0,0,1,2,2,1,3,3,0,2,1,2,2,3,2,0,1,2,1,
11,2,0,0,1,2,2,1,3,3,0,2,1,2,2,3,2,0,1,2,1,
11,2,0,0,1,2,2,2,3,3,0,2,2,2,2,3,2,0,1,2,2,
11,2,0,0,1,2,2,2,3,3,0,2,1,2,2,3,2,0,1,2,1,
11,2,0,0,1,2,2,2,3,3,0,2,1,2,2,3,2,0,1,2,1,
11,2,0,0,1,2,2,2,3,3,0,2,1,2,2,3,2,0,1,2,1,
11,2,0,0,1,2,2,2,3,3,0,2,2,2,2,3,2,0,1,2,2,
12,3,0,0,1,5,2,1,3,3,0,5,2,2,2,3,2,0,1,2,4,
11,3,0,1,2,2,2,2,3,3,1,2,2,2,2,4,2,0,2,3,2,
11,3,0,0,2,2,2,2,3,3,0,2,2,2,2,3,2,0,2,2,2,
11,3,0,0,1,2,2,2,3,3,0,2,2,2,2,3,2,0,1,2,2,
11,3,0,0,1,2,2,2,3,3,0,2,2,2,2,3,2,0,1,2,2,
11,3,0,0,1,2,2,2,3,3,0,2,2,2,2,3,2,0,2,3,2,
12,3,0,0,2,2,2,2,3,3,0,2,2,2,2,3,2,0,2,3,2,
11,3,0,0,1,2,2,2,3,3,0,2,2,2,2,3,2,0,2,2,2,
11,3,0,1,2,2,2,2,3,3,1,2,2,2,2,4,2,0,2,2,2,
11,3,0,1,2,2,2,2,3,3,1,3,2,2,2,4,2,0,2,3,2,
11,3,0,1,2,2,2,2,3,3,1,2,2,2,2,4,2,0,2,3,2,
11,3,0,1,2,2,2,2,3,3,1,2,2,2,2,4,2,0,2,3,2,
11,3,0,1,2,2,2,2,3,3,1,3,2,2,2,4,2,0,2,3,2,
11,3,1,1,2,2,2,2,3,4,1,3,2,3,2,4,2,0,2,3,2,
10,3,0,1,2,2,3,2,3,4,1,3,2,3,3,4,2,0,2,3,2,
10,3,1,1,2,2,3,2,3,4,1,2,2,3,2,4,3,0,2,3,2,
14,6,0,0,1,1,5,1,6,6,0,2,1,5,1,6,1,0,1,5,1,
10,1,0,0,0,1,1,0,2,2,0,1,0,1,1,2,1,0,0,1,0,
10,3,0,0,1,2,2,1,3,3,0,2,1,2,1,3,1,0,1,2,1,
12,3,0,0,1,2,2,2,3,3,0,2,2,2,2,3,2,0,1,2,2,
11,2,0,0,1,2,2,1,3,3,0,2,1,2,2,3,2,0,1,2,1,
11,2,0,0,1,2,2,1,3,3,0,2,1,2,2,3,2,0,1,2,1,
10,2,0,0,1,2,2,1,3,3,0,2,1,2,2,3,2,0,1,2,1,
10,2,0,0,1,2,2,1,3,3,0,2,1,2,2,3,1,0,1,2,1,
11,2,0,0,1,2,2,1,3,3,0,2,1,2,2,3,2,0,1,2,1,
11,3,0,0,1,2,2,2,3,3,0,2,2,2,2,3,2,0,1,2,2,
12,3,0,0,1,5,2,2,3,3,0,5,2,2,2,3,2,0,1,2,5,
11,3,0,1,2,2,2,2,3,3,1,2,2,2,2,4,2,0,2,3,2,
11,3,0,0,1,2,2,2,3,3,0,2,2,2,2,3,2,0,1,2,2,
11,3,0,0,1,2,2,2,3,3,0,2,2,2,2,3,2,0,1,2,2,
11,3,0,0,1,2,2,2,3,3,0,2,2,2,2,3,2,0,1,2,2,
11,3,0,0,2,2,2,2,3,3,0,2,2,2,2,3,2,0,2,2,2,
12,3,0,0,1,2,2,2,3,3,0,2,2,2,2,3,2,0,2,2,2,
11,3,0,0,1,2,2,2,3,3,1,2,2,2,2,4,2,0,2,3,2,
11,3,0,0,1,2,2,2,3,3,1,2,2,2,2,4,2,0,2,3,2,
11,3,0,1,2,2,2,2,3,3,1,2,2,2,2,4,2,0,2,3,2,
11,3,0,1,2,2,2,2,3,3,1,3,2,2,2,4,2,0,2,3,2,
11,3,0,1,2,2,2,2,3,3,1,3,2,2,2,4,2,0,2,3,2,
11,3,0,1,2,2,2,2,3,3,1,3,2,2,2,4,2,0,2,3,2,
10,3,0,1,2,2,2,2,3,3,1,2,2,2,2,4,2,0,2,3,2,
10,3,0,1,2,2,2,2,3,4,1,3,2,3,2,4,2,0,2,3,2,
10,3,1,1,2,2,3,2,3,4,1,2,2,2,2,4,3,0,2,3,2,
14,6,0,0,1,1,5,1,6,6,0,2,1,5,1,7,1,0,1,6,1,
10,1,0,0,0,0,1,0,1,2,0,1,0,1,1,2,0,0,0,1,0,
10,3,1,1,2,2,3,2,4,4,1,3,2,3,3,4,2,0,2,3,2,
10,2,0,0,1,2,2,1,3,3,0,2,1,2,2,3,2,0,1,2,1,
10,2,0,0,1,2,2,1,3,3,0,2,1,2,2,3,1,0,1,2,1,
11,3,0,0,1,2,2,2,3,3,0,2,2,2,2,3,2,0,1,2,2,
10,2,0,0,1,2,2,1,3,3,0,2,1,2,2,3,2,0,1,2,1,
11,2,0,0,1,2,2,1,3,3,0,2,1,2,2,3,2,0,1,2,1,
11,3,0,0,1,2,2,2,3,3,0,2,2,2,2,3,2,0,1,2,2,
11,3,0,0,1,2,2,2,3,3,0,2,2,2,2,3,2,0,1,2,2,
12,3,0,0,1,5,2,2,3,3,0,5,2,2,2,3,2,0,1,2,5,
11,3,0,1,2,2,2,2,3,3,1,2,2,2,2,4,2,0,2,3,2,
13,3,0,0,2,2,2,2,3,3,0,2,2,2,2,3,2,0,2,3,2,
11,3,0,0,1,2,2,2,3,4,0,2,2,2,2,4,2,0,2,3,2,
11,3,0,0,1,2,2,2,3,3,0,2,2,2,2,4,2,0,2,2,2,
11,3,0,0,2,2,2,2,3,3,1,2,2,2,2,4,2,0,1,3,2,
13,3,0,1,2,2,2,2,3,3,1,2,2,2,2,4,2,0,2,3,2,
11,3,0,1,2,2,2,2,3,3,1,2,2,2,2,4,2,0,2,3,2,
11,3,0,1,2,2,2,2,3,3,1,2,2,2,2,4,2,0,2,3,2,
11,3,0,1,2,2,2,2,3,3,1,2,2,2,2,4,2,0,2,3,2,
11,3,0,1,2,2,2,2,3,3,1,2,2,2,2,4,2,0,2,3,2,
10,3,0,1,2,2,2,2,3,4,1,2,2,3,2,4,2,0,2,3,2,
10,3,0,1,2,2,3,2,3,4,1,2,2,3,2,4,2,0,2,3,2,
10,3,0,1,2,2,3,2,4,4,1,2,2,3,2,4,2,0,2,3,2,
10,3,1,1,2,2,3,2,3,4,1,2,2,3,2,4,2,0,2,3,2,
10,2,0,0,2,1,2,1,3,3,0,2,2,2,2,3,3,0,1,2,1,
15,8,0,1,2,2,7,2,8,8,1,3,2,7,2,8,2,0,2,8,2,
12,3,0,3,3,3,3,3,4,3,3,3,3,3,3,4,3,0,3,3,3,
11,2,0,0,1,1,2,1,3,3,0,2,1,2,2,3,2,0,1,2,1,
11,2,0,0,1,2,2,2,3,3,0,2,1,2,2,3,2,0,1,2,2,
11,3,0,0,1,2,2,2,3,3,0,2,2,2,2,3,2,0,2,2,2,
10,2,0,0,1,2,2,2,3,3,0,2,1,2,2,3,2,0,1,2,2,
11,3,0,0,1,2,2,2,3,3,0,2,1,2,2,3,2,0,1,2,2,
11,3,0,0,1,2,2,2,3,3,0,2,1,2,2,3,2,0,1,2,2,
11,3,0,0,1,2,2,2,3,3,0,2,2,2,2,3,2,0,1,2,2,
11,3,0,0,1,2,2,2,3,3,0,2,2,2,2,3,2,0,1,2,2,
12,3,0,0,1,5,2,2,3,3,0,5,2,2,2,3,2,0,2,2,5,
12,3,0,1,2,2,2,2,3,3,1,2,2,2,2,4,2,0,2,3,2,
11,3,0,0,1,2,2,2,3,3,0,2,2,2,2,3,2,0,2,3,2,
11,3,0,1,2,2,2,2,3,3,1,2,2,2,2,4,2,0,2,3,2,
11,3,0,1,2,2,2,2,3,3,1,2,2,2,2,4,2,0,2,2,2,
12,3,0,3,4,4,2,2,3,3,3,5,4,2,2,4,4,0,2,3,4,
13,3,0,1,2,3,2,2,3,3,1,3,2,2,2,4,2,0,2,3,2,
11,3,0,1,2,2,2,2,3,4,1,3,2,2,2,4,2,0,2,3,2,
11,3,0,1,2,3,3,2,4,4,1,3,2,3,2,4,2,0,2,3,2,
11,3,0,1,2,2,3,2,4,4,1,3,2,3,2,4,2,0,2,3,2,
10,3,0,1,2,2,2,2,3,3,1,2,2,3,2,4,2,0,2,3,2,
10,3,0,1,2,2,2,2,3,3,1,3,2,2,2,4,2,0,2,3,2,
10,3,0,1,2,2,3,2,4,4,1,3,2,3,2,4,2,0,2,3,2,
10,3,0,1,2,2,3,2,4,4,1,3,2,3,3,4,2,0,2,3,2,
10,3,0,1,2,2,3,2,4,4,1,3,2,3,2,4,2,0,2,3,2,
11,3,0,0,3,2,2,2,3,3,0,2,3,2,2,4,3,0,2,3,2,
13,6,0,1,2,2,5,2,6,6,1,3,2,5,2,7,2,0,2,6,2,
13,4,0,0,4,4,4,4,5,4,0,4,4,4,4,5,4,0,4,4,4,
11,3,0,0,1,2,2,2,3,3,0,2,1,2,2,3,2,0,1,2,2,
11,2,0,0,1,2,2,2,3,3,0,2,1,2,2,3,2,0,1,2,1,
11,3,0,0,1,2,2,2,3,3,0,2,1,2,2,3,2,0,1,2,2,
11,2,0,0,1,2,2,2,3,3,0,2,1,2,2,3,2,0,1,2,2,
11,3,0,0,1,2,2,2,3,3,0,2,2,2,2,3,2,0,2,2,2,
11,3,0,0,1,2,2,2,3,3,0,2,2,2,2,3,2,0,1,2,2,
11,3,0,0,1,2,2,2,3,3,0,2,2,2,2,3,2,0,1,2,2,
11,3,0,0,1,2,2,2,3,3,0,2,2,2,2,3,2,0,2,2,2,
12,3,0,0,2,4,2,2,3,3,0,5,2,2,2,3,2,0,2,3,4,
11,3,0,1,1,2,2,2,3,3,1,2,2,2,2,4,2,0,2,2,2,
11,3,0,1,2,2,2,2,3,3,1,2,2,2,2,4,2,0,2,3,2,
12,3,0,1,2,2,2,5,3,3,1,2,2,2,5,4,2,0,5,3,2,
11,3,0,1,2,2,2,2,3,3,1,2,2,2,2,4,2,0,2,3,2,
11,3,0,1,2,2,2,2,3,3,1,2,2,2,2,4,2,0,2,3,2,
12,3,0,1,2,2,2,2,3,3,1,2,2,2,2,4,2,0,2,3,2,
11,3,0,1,2,2,2,2,3,3,1,3,2,3,2,4,2,0,2,3,2,
11,3,1,1,2,3,3,3,4,3,1,3,3,3,3,4,3,0,3,3,3,
11,3,1,1,2,2,3,2,4,3,1,3,2,3,3,4,2,0,2,3,2,
11,3,0,1,2,3,3,2,4,3,1,3,2,3,3,4,3,0,2,3,2,
10,3,0,1,2,2,3,2,3,3,1,3,2,3,2,4,2,0,2,3,2,
10,3,1,1,2,3,3,2,4,3,1,3,2,3,3,4,2,0,2,3,2,
10,3,1,1,2,3,3,2,4,4,1,3,2,3,3,4,2,0,2,3,2,
12,2,0,0,1,2,2,1,3,3,0,2,1,2,2,3,2,0,1,2,1,
12,2,0,0,4,2,2,1,3,3,0,2,4,2,2,3,5,0,1,2,1,
13,2,0,0,1,2,2,1,5,3,0,2,1,2,2,6,2,0,1,5,2,
13,5,0,0,1,5,5,1,6,5,0,5,1,5,5,6,5,0,1,5,1,
12,2,0,0,1,2,2,1,3,3,0,2,1,2,2,3,2,0,1,2,1,
11,2,0,0,1,2,2,2,3,3,0,2,2,2,2,3,2,0,1,2,2,
11,3,0,0,1,2,2,2,3,3,0,2,2,2,2,3,2,0,1,2,2,
11,3,0,0,1,2,2,2,3,3,0,2,2,2,2,3,2,0,2,2,2,
11,3,0,0,1,2,2,2,3,3,0,2,2,2,2,3,2,0,1,2,2,
11,2,0,0,1,2,2,2,3,3,0,2,2,2,2,3,2,0,1,2,2,
11,3,0,0,1,2,2,2,3,3,0,2,2,2,2,3,2,0,1,2,2,
11,3,0,0,1,2,2,2,3,3,0,2,2,2,2,3,2,0,2,2,2,
13,3,0,0,1,5,2,2,3,3,1,5,2,2,2,4,2,0,2,3,5,
12,3,0,0,1,2,2,2,3,3,0,2,2,2,2,3,2,0,2,2,2,
11,3,0,1,2,2,2,2,3,3,1,2,2,2,2,4,2,0,2,3,2,
11,3,0,1,2,2,2,2,3,3,1,2,2,2,2,4,2,0,2,3,2,
11,3,0,1,2,2,2,2,3,3,1,3,2,2,2,4,2,0,2,3,2,
11,3,0,1,2,2,2,2,3,3,1,2,2,2,2,4,2,0,2,3,2,
13,3,0,1,2,2,2,2,3,3,1,2,2,2,2,4,2,0,2,3,2,
11,3,0,1,2,2,2,2,3,3,1,3,2,2,2,4,2,0,2,3,2,
11,3,0,1,2,2,2,2,3,3,1,3,2,3,2,4,2,0,2,3,2,
10,3,0,1,2,2,2,2,3,3,1,2,2,2,2,4,2,0,2,3,2,
10,3,0,1,2,2,3,2,3,3,1,3,2,3,2,4,2,0,2,3,2,
10,3,1,1,2,2,3,2,4,3,1,3,2,3,2,4,2,0,2,3,2,
10,3,1,1,2,2,3,2,4,3,1,3,2,3,3,4,2,0,2,3,2,
10,2,0,0,1,1,2,1,2,2,0,2,1,2,2,3,1,0,1,2,1,
10,2,0,0,1,2,2,1,3,3,0,2,1,2,2,3,1,0,1,2,1,
12,2,0,0,4,2,2,1,3,3,0,2,4,2,2,3,4,0,1,2,1,
13,2,0,0,1,2,5,1,5,3,0,2,1,5,2,5,2,0,1,5,1,
13,5,0,0,1,5,5,5,5,5,0,5,4,5,4,6,5,0,4,5,4,
11,2,0,0,1,2,2,1,3,3,0,2,1,2,2,3,2,0,1,2,2,
11,3,0,0,1,2,2,2,3,3,0,2,2,2,2,3,2,0,2,2,2,
11,3,0,0,1,2,2,2,3,3,0,2,2,2,2,3,2,0,2,2,2,
11,3,0,0,1,2,2,2,3,3,0,2,2,2,2,3,2,0,2,2,2,
11,3,0,0,1,2,2,2,3,3,0,2,1,2,2,3,2,0,2,2,2,
11,3,0,0,1,2,2,2,3,3,0,2,2,2,2,3,2,0,1,2,2,
11,3,0,0,1,2,2,2,3,3,0,2,2,2,2,3,2,0,2,2,2,
11,3,0,0,1,2,2,2,3,3,1,2,2,2,2,4,2,0,2,3,2,
12,3,0,1,2,5,2,2,3,3,1,5,2,2,2,4,2,0,2,3,5,
13,4,0,1,4,4,4,4,5,4,1,4,4,4,4,5,4,0,4,4,4,
13,3,0,1,2,2,3,2,3,3,1,3,2,3,2,4,2,0,2,3,2,
11,3,0,1,2,2,2,2,3,3,1,2,2,2,2,4,2,0,2,3,2,
11,3,0,1,2,2,2,2,3,3,1,2,2,2,2,4,2,0,2,3,2,
11,3,0,1,2,2,2,2,3,3,1,3,2,2,2,4,2,0,2,3,2,
12,3,0,1,2,2,2,2,3,3,1,2,2,2,2,4,2,0,2,3,2,
11,3,0,1,2,2,2,2,3,3,1,3,2,3,2,4,2,0,2,3,2,
10,3,1,1,2,2,3,2,3,3,1,3,2,3,2,4,3,0,2,3,2,
10,3,1,1,2,2,2,2,3,3,1,3,2,3,2,4,2,0,2,3,2,
10,3,0,1,2,2,3,2,3,3,1,3,2,3,2,4,2,0,2,3,2,
11,2,0,0,1,2,2,2,3,3,0,2,1,2,2,3,2,0,1,2,2,
10,3,0,2,3,3,3,2,4,4,2,4,3,3,3,4,3,0,2,3,3,
10,2,0,0,1,2,2,1,3,3,0,2,1,2,2,3,1,0,1,2,1,
11,2,0,0,1,2,2,2,3,3,0,2,1,2,2,3,2,0,1,2,2,
12,2,0,0,4,2,2,1,3,3,0,2,5,2,2,3,5,0,1,2,1,
13,4,0,0,1,2,4,1,5,5,0,2,1,4,2,5,1,0,1,4,1,
13,5,0,0,1,4,4,4,5,5,0,5,4,5,4,6,5,0,1,4,4,
11,2,0,0,1,2,2,1,3,3,0,2,1,2,2,3,2,0,1,2,2,
11,2,0,0,1,2,2,2,3,3,0,2,2,2,2,3,2,0,1,2,2,
11,3,0,0,1,2,2,2,3,3,0,2,2,2,2,3,2,0,2,2,2,
11,3,0,0,1,2,2,2,3,3,0,2,2,2,2,3,2,0,2,3,2,
12,4,0,0,2,2,4,2,4,4,1,2,2,4,2,5,2,0,1,4,2,
11,3,0,0,1,2,2,2,3,3,0,2,2,2,2,3,2,0,2,2,2,
11,3,0,0,1,2,2,2,3,3,1,2,2,2,2,4,2,0,2,3,2,
11,3,0,1,2,2,2,2,3,3,1,2,2,2,2,3,2,0,2,3,2,
13,3,0,1,2,5,2,2,3,3,1,5,2,2,2,4,2,0,2,2,5,
12,2,0,0,1,2,2,2,3,3,0,2,1,2,2,3,2,0,1,2,2,
11,3,0,1,2,2,2,2,3,3,1,2,2,2,2,4,2,0,2,3,2,
11,3,0,1,2,2,2,2,3,3,1,2,2,2,2,4,2,0,2,3,2,
11,3,0,1,2,2,2,2,3,3,1,3,2,2,2,4,2,0,2,3,2,
11,3,0,1,2,2,2,2,3,3,1,3,2,2,2,4,2,0,2,3,2,
11,3,0,1,2,2,2,2,3,3,1,2,2,2,2,4,2,0,2,3,2,
10,3,0,1,2,2,2,2,3,3,1,3,2,2,2,4,2,0,2,3,2,
10,3,1,1,2,2,3,2,3,3,1,3,2,3,2,4,2,0,2,3,2,
10,3,1,1,2,2,3,2,3,3,1,3,2,3,2,4,2,0,2,3,2,
10,3,1,1,2,2,3,2,3,3,1,3,2,3,2,4,2,0,2,3,2,
11,2,0,0,1,4,2,1,3,3,0,4,1,2,2,3,1,0,1,2,3,
10,2,0,0,1,2,2,1,3,3,0,2,1,2,2,3,1,0,1,2,1,
11,2,0,0,1,2,2,2,3,3,0,2,1,2,2,3,2,0,1,2,1,
11,2,0,0,1,2,2,1,3,3,1,2,1,2,2,3,2,0,1,2,2,
12,2,0,0,4,2,2,1,3,3,0,2,4,2,2,3,4,0,1,2,2,
13,5,0,0,1,2,5,1,6,5,0,2,1,5,2,6,2,0,1,5,1,
13,5,0,0,5,5,5,5,6,5,0,5,5,5,4,6,5,0,5,5,4,
11,3,0,0,1,2,2,2,3,3,0,2,2,2,2,3,2,0,1,2,2,
11,3,0,0,2,2,2,2,3,3,0,2,2,2,2,3,2,0,2,2,2,
11,3,0,0,1,2,2,2,3,3,0,2,2,2,2,3,2,0,2,2,2,
11,3,0,0,1,2,2,2,3,3,1,2,2,2,2,3,2,0,2,3,2,
11,3,0,0,1,2,2,2,3,3,0,2,2,2,2,3,2,0,2,3,2,
11,3,0,0,1,2,2,2,3,3,1,2,2,2,2,4,2,0,2,2,2,
11,3,0,0,1,2,2,2,3,3,1,2,2,2,2,4,2,0,2,3,2,
11,3,0,1,2,2,2,2,3,3,1,3,2,2,2,4,2,0,2,3,2,
13,3,0,1,2,5,2,2,3,3,1,5,2,2,2,4,2,0,2,3,5,
11,2,0,0,1,2,2,1,3,3,0,2,1,2,2,3,2,0,1,2,2,
11,3,0,1,2,2,2,2,3,3,1,3,2,2,2,4,2,0,2,3,2,
11,3,0,1,2,2,2,2,3,3,1,3,2,2,2,4,2,0,2,3,2,
11,3,1,1,2,2,2,2,3,3,1,2,2,2,2,4,2,0,2,3,2,
11,3,0,1,2,2,2,2,3,3,1,3,2,2,2,4,2,0,2,3,2,
11,3,0,1,2,2,2,2,3,3,1,2,2,2,2,4,2,0,2,3,2,
10,3,1,1,2,2,3,2,3,3,1,3,2,3,3,4,2,0,2,3,2,
10,3,1,1,2,3,3,2,4,4,1,3,2,3,3,4,2,0,2,3,2,
10,2,0,0,1,2,2,1,3,3,0,2,1,2,2,3,1,0,1,2,1,
10,2,0,0,1,2,2,1,3,3,0,2,1,2,2,3,2,0,1,2,1,
11,2,0,0,1,2,2,2,3,3,0,2,2,2,2,3,2,0,1,2,2,
11,2,0,0,1,2,2,2,3,3,0,2,1,2,2,3,2,0,1,2,2,
11,2,0,0,1,2,2,2,3,3,0,2,1,2,2,3,2,0,1,2,2,
11,2,0,0,1,2,2,1,3,3,0,2,1,2,2,3,2,0,1,2,2,
12,3,0,0,4,2,2,2,3,3,0,2,4,2,2,3,5,0,2,2,2,
13,5,0,0,1,2,5,1,6,5,0,2,1,5,2,6,2,0,1,5,2,
13,5,0,0,5,5,5,5,5,5,0,5,5,5,5,6,5,0,5,5,5,
11,3,0,0,1,2,2,2,3,3,0,2,1,2,2,4,2,0,2,2,2,
11,3,0,0,1,2,2,2,3,3,0,2,2,2,2,3,2,0,2,3,2,
11,3,0,0,1,2,2,2,3,3,0,2,2,2,2,3,2,0,2,2,2,
38,3,0,0,1,2,2,2,3,3,0,2,1,2,2,3,2,0,2,2,2,
11,3,0,0,1,2,2,2,3,3,0,2,2,2,2,3,2,0,1,2,2,
11,3,0,0,2,2,2,2,3,3,0,2,2,2,2,3,2,0,2,2,2,
11,3,0,0,2,2,2,2,3,3,1,2,2,2,2,3,2,0,2,3,2,
11,3,0,0,1,2,2,2,3,3,1,2,2,2,2,3,2,0,2,3,2,
11,3,0,0,2,2,2,2,3,3,1,2,2,2,2,3,2,0,2,2,2,
11,3,0,1,2,2,2,2,3,3,1,2,2,2,2,4,2,0,2,3,2,
11,3,0,1,2,2,2,2,3,3,1,3,2,2,2,4,2,0,2,3,2,
11,3,0,1,2,2,2,2,3,3,1,2,2,2,2,4,2,0,2,3,2,
11,3,0,1,2,2,2,2,3,3,1,2,2,2,2,4,2,0,2,3,2,
10,3,1,1,2,2,2,2,3,3,1,3,2,3,2,4,2,0,2,3,2,
10,3,1,1,2,2,3,2,4,3,1,3,2,3,2,4,2,0,2,3,2,
11,2,0,0,1,2,2,2,3,3,0,2,1,2,2,3,2,0,1,2,1,
10,3,1,1,2,3,3,2,4,3,1,3,2,3,2,4,2,0,2,3,2,
10,3,0,1,2,3,3,2,4,3,1,3,2,3,3,4,2,1,2,3,2,
11,2,0,0,1,2,2,1,3,3,0,2,1,2,2,3,2,0,1,2,1,
11,2,0,0,1,2,2,2,3,3,0,2,1,2,2,3,2,0,1,2,2,
11,2,0,0,1,2,2,2,3,3,0,2,1,2,2,3,2,0,1,2,2,
11,2,0,0,1,2,2,2,3,3,0,2,1,2,2,3,2,0,1,2,2,
10,2,0,0,1,2,2,1,3,3,0,2,1,2,2,3,2,0,1,2,2,
12,3,0,0,4,2,2,2,3,3,0,2,4,2,2,3,4,0,2,2,2,
14,6,0,0,1,2,5,2,6,6,0,2,2,5,2,6,2,0,1,5,2,
13,5,0,0,5,4,4,4,5,5,0,4,4,5,4,6,5,0,4,4,4,
11,3,0,0,1,2,2,2,3,3,0,2,2,2,2,3,2,0,2,3,2,
11,3,0,0,1,2,2,2,3,3,0,2,2,2,2,3,2,0,2,3,2,
11,3,0,0,1,2,2,2,3,3,0,2,2,2,2,4,2,0,2,2,2,
12,4,0,0,1,2,2,2,3,4,0,2,2,2,2,3,2,0,2,2,2,
11,3,0,0,2,2,2,2,3,3,1,2,2,2,2,4,2,0,2,3,2,
11,3,0,1,2,2,2,2,3,3,1,2,2,2,2,4,2,0,2,3,2,
11,3,0,1,2,2,2,2,3,3,1,3,2,2,2,4,2,0,2,3,2,
11,3,0,1,2,2,2,2,3,3,1,2,2,2,2,4,2,0,2,3,2,
11,3,0,1,2,2,2,2,3,3,1,2,2,2,2,4,2,0,2,3,2,
11,3,0,1,2,2,2,2,3,3,1,2,2,2,2,4,2,0,2,3,2,
11,3,0,1,2,2,2,2,3,3,1,2,2,3,2,4,2,0,2,3,2,
10,3,0,1,2,2,3,2,3,3,1,3,2,3,2,4,2,0,2,3,2,
10,3,0,1,2,2,3,2,3,3,1,2,2,3,2,4,2,0,2,3,2,
10,3,1,1,2,3,3,3,4,3,1,3,2,3,3,4,2,0,3,3,2,
10,2,0,0,1,2,2,1,3,3,0,2,1,2,2,3,1,0,1,2,1,
11,2,0,0,1,2,2,1,3,3,0,2,1,2,2,3,2,0,1,2,2,
10,2,0,0,1,2,2,1,3,3,0,2,1,2,2,3,2,0,1,2,1,
11,2,0,0,1,2,2,1,3,3,0,2,1,2,2,3,2,0,1,2,1,
11,2,0,0,1,2,2,1,3,3,0,2,1,2,2,3,2,0,1,2,1,
11,3,0,1,2,2,2,2,3,3,1,2,2,2,2,4,2,0,2,3,2,
11,3,0,0,1,2,2,2,3,3,0,2,2,2,2,3,2,0,2,2,2,
11,3,0,0,1,2,2,2,3,3,0,2,2,2,2,4,2,0,1,3,2,
11,3,0,0,1,2,2,2,3,3,0,2,2,2,2,3,2,0,2,3,2,
12,3,0,0,4,2,2,2,3,3,0,2,5,2,2,3,5,0,2,3,2,
13,3,0,0,1,2,2,2,6,3,0,2,2,2,2,6,2,0,2,5,2,
14,5,0,0,1,5,5,2,6,5,0,5,2,5,5,6,2,0,2,5,2,
11,3,0,1,1,2,2,2,3,3,1,2,2,2,2,4,2,0,2,3,2,
11,3,0,1,1,2,2,2,3,3,1,2,2,2,2,4,2,0,2,2,2,
13,3,0,1,2,2,3,2,3,4,1,3,2,3,2,4,3,0,2,3,2,
11,4,0,1,2,2,2,2,3,4,1,2,2,2,2,3,2,0,2,2,2,
11,3,0,1,2,2,2,2,3,3,1,2,2,2,2,4,2,0,2,2,2,
11,3,0,1,1,2,2,2,3,3,1,2,2,2,2,4,2,0,2,2,2,
11,3,0,1,2,2,2,2,3,3,1,3,2,2,2,4,2,0,2,3,2,
11,3,0,1,2,2,3,2,3,4,1,2,2,3,2,4,2,0,2,3,2,
11,3,0,1,2,2,3,2,3,4,1,2,2,3,2,4,2,0,2,3,2,
10,3,1,1,2,2,3,2,4,4,1,3,2,3,2,4,2,0,2,3,2,
10,3,1,1,2,3,3,2,4,4,1,3,2,3,2,4,2,0,2,3,2,
10,3,0,1,2,3,3,2,4,4,1,3,2,3,3,4,3,0,2,3,2,
10,2,0,0,1,1,2,1,3,3,0,2,1,2,2,3,1,0,1,2,1,
10,2,0,0,1,2,2,1,3,3,0,2,1,2,2,3,1,0,1,2,1,
11,2,0,0,1,2,2,1,3,3,0,2,1,2,2,3,2,0,1,2,1,
10,2,0,0,1,2,2,1,3,3,0,2,1,2,2,3,2,0,1,2,2,
11,3,0,0,1,2,2,2,3,3,0,2,1,2,2,3,2,0,1,2,2,
11,3,0,0,1,2,2,2,3,3,0,2,2,2,2,3,2,0,1,2,2,
11,3,0,0,1,2,2,2,3,3,0,2,1,2,2,3,2,0,1,2,2,
11,3,0,1,2,3,2,2,3,3,3,4,2,2,2,4,2,0,2,2,3,
11,3,0,0,1,2,2,2,3,3,0,2,2,2,2,3,2,0,2,2,2,
11,3,0,0,1,2,2,2,3,3,0,2,2,2,2,3,2,0,1,2,2,
11,3,0,0,1,2,2,2,3,3,0,2,2,2,2,3,2,0,1,2,2,
12,3,0,0,4,2,2,2,3,3,0,2,4,2,2,3,5,0,2,2,2,
11,3,0,0,1,2,2,2,3,3,0,2,2,2,2,3,2,0,2,3,2,
11,3,0,0,1,2,2,2,3,3,0,2,2,2,2,3,2,0,2,2,2,
11,3,0,0,1,2,2,2,3,3,0,2,2,2,2,3,2,0,2,2,2,
11,3,0,1,2,2,2,2,3,3,1,2,2,2,2,4,2,0,2,3,2,
14,3,0,0,1,2,2,1,3,3,0,2,1,2,2,3,2,0,1,2,2,
13,5,0,1,2,2,2,2,3,5,1,2,2,2,2,3,2,0,2,2,2,
11,3,0,1,2,2,2,2,3,3,1,2,2,2,2,4,2,0,2,3,2,
10,2,0,0,1,2,2,1,3,3,0,2,1,2,2,3,1,0,1,2,1,
11,3,0,1,2,2,2,2,3,3,1,3,2,2,2,4,2,0,2,2,2,
11,3,0,1,2,2,3,2,3,4,1,3,2,3,2,4,2,0,2,3,2,
10,3,0,1,2,2,3,2,3,4,1,3,2,3,2,4,2,0,2,3,2,
10,3,0,1,2,3,3,2,4,4,1,3,2,3,3,4,2,0,2,3,2,
10,2,0,0,1,2,2,1,3,3,0,2,1,2,2,3,1,0,1,2,1,
10,2,0,0,1,2,2,1,3,3,0,2,1,2,2,3,2,0,1,2,2,
10,2,0,0,1,2,2,1,3,3,0,2,1,2,2,3,2,0,1,2,2,
10,3,0,0,1,2,2,1,3,3,0,2,1,2,2,3,2,0,1,2,2,
10,3,0,0,1,2,2,1,3,3,0,2,1,2,2,3,2,0,1,2,2,
11,3,0,0,1,2,2,2,3,3,0,2,2,2,2,3,2,0,1,2,2,
11,3,0,0,1,2,2,2,3,3,0,2,1,2,2,3,2,0,1,2,1,
11,3,0,0,1,2,2,2,3,3,0,2,1,2,2,3,2,0,1,2,2,
11,3,0,0,1,2,2,2,3,3,0,2,2,2,2,3,2,0,2,2,2,
12,3,0,0,1,2,2,2,3,3,1,2,2,2,2,4,2,0,2,3,2,
11,3,0,0,1,2,2,2,3,3,0,2,1,2,2,3,2,0,1,2,2,
11,3,0,0,1,2,2,2,3,3,0,2,2,2,2,3,2,0,1,2,2,
11,3,0,0,1,2,2,2,3,3,0,2,2,2,2,3,2,0,2,3,2,
11,3,0,0,1,2,2,2,3,3,0,2,2,2,2,3,2,0,2,3,2,
11,3,0,0,2,2,2,2,3,3,1,2,2,2,2,3,2,0,2,3,2,
11,3,0,0,1,2,2,2,3,3,0,2,2,2,2,4,2,0,2,2,2,
11,3,0,1,1,2,2,2,3,3,1,2,2,2,2,4,2,0,2,2,2,
11,3,0,1,2,2,2,2,3,3,1,2,2,2,2,4,2,0,2,3,2,
12,3,0,3,4,4,2,2,3,3,3,5,4,2,2,4,4,0,2,3,4,
13,5,0,1,2,2,2,2,3,6,1,2,2,2,2,4,2,0,2,3,2,
11,3,0,1,2,2,2,2,3,3,1,3,2,2,2,4,2,0,2,3,2,
11,3,0,1,2,2,2,2,3,4,1,3,2,3,2,4,2,0,2,3,2,
12,3,0,1,2,2,2,2,3,3,1,2,2,2,2,4,2,0,2,3,2,
10,3,0,1,2,2,2,2,3,4,1,3,2,3,2,4,2,0,2,3,2,
10,3,0,1,2,2,3,2,4,4,1,3,2,3,2,4,3,0,2,3,2,
10,2,0,0,1,2,2,1,3,3,0,2,1,2,2,3,2,0,1,2,1,
10,2,0,0,1,2,2,1,3,3,0,2,1,2,2,3,2,0,1,2,2,
10,3,0,0,1,2,2,1,3,3,0,2,1,2,2,3,2,0,1,2,2,
10,3,0,0,1,2,2,2,3,3,0,2,1,2,2,3,2,0,1,2,1,
10,3,0,0,1,2,2,2,3,3,0,2,1,2,2,3,2,0,1,2,1,
11,3,0,0,1,2,2,2,3,3,0,2,1,2,2,3,2,0,1,2,2,
11,3,0,0,1,2,2,2,3,3,0,2,2,2,2,3,2,0,1,2,2,
11,3,0,0,1,2,2,2,3,3,0,2,2,2,2,3,2,0,1,2,2,
11,3,0,0,1,2,2,2,3,3,0,2,2,2,2,3,2,0,1,2,2,
11,3,0,0,1,2,2,2,3,3,0,2,1,2,2,3,2,0,1,2,2,
13,3,0,1,2,2,2,2,3,3,1,2,2,2,2,4,2,0,2,3,2,
11,3,0,0,1,2,2,2,3,3,0,2,2,2,2,3,2,0,1,2,2,
11,3,0,0,1,2,2,2,3,3,0,2,2,2,2,4,2,0,2,3,2,
11,3,0,0,1,2,2,2,3,3,1,2,2,2,2,4,2,0,2,3,2,
11,3,0,1,1,2,2,2,3,3,1,2,2,2,2,4,2,0,2,3,2,
11,3,0,0,2,2,2,2,3,3,1,2,2,2,2,4,2,0,2,3,2,
11,3,0,1,2,2,2,2,3,3,1,2,2,2,2,4,2,0,2,3,2,
11,3,0,1,2,2,2,2,3,3,1,2,2,2,2,4,2,0,2,3,2,
11,3,0,1,2,2,3,2,3,4,1,3,2,3,2,4,2,0,2,3,2,
14,3,0,0,1,2,2,2,3,3,0,2,2,2,2,3,2,0,2,2,2,
12,5,0,1,2,3,2,2,3,5,1,3,2,2,2,4,2,0,2,3,2,
10,3,0,1,2,2,3,2,3,4,1,3,2,3,2,4,2,0,2,3,2,
10,4,0,1,2,2,3,2,4,4,1,3,2,3,2,4,3,0,2,3,2,
10,2,0,0,1,2,2,1,3,3,0,2,1,2,2,3,1,0,1,2,1,
10,2,0,0,1,2,2,1,3,3,0,2,1,2,2,3,2,0,1,2,1,
11,3,0,0,1,2,2,1,3,3,0,2,1,2,2,3,2,0,1,2,1,
10,2,0,0,1,2,2,1,3,3,0,2,1,2,2,3,2,0,1,2,2,
10,2,0,0,1,2,2,1,3,3,0,2,1,2,2,3,1,0,1,2,1,
10,3,0,0,1,2,2,1,3,3,0,2,1,2,2,3,2,0,1,2,2,
10,3,0,0,1,2,2,1,3,3,0,2,1,2,2,3,2,0,1,2,1,
11,3,0,0,1,2,2,2,3,3,0,2,2,2,2,3,2,0,1,2,2,
11,3,0,0,1,2,2,2,3,3,0,2,2,2,2,3,2,0,2,2,2,
11,3,0,0,1,2,2,2,3,3,0,2,2,2,2,3,2,0,2,2,2,
11,3,0,0,1,2,2,3,3,3,0,2,1,2,3,3,2,0,3,2,2,
11,3,0,0,1,2,2,2,3,3,0,2,2,2,2,3,2,0,1,2,2,
11,3,0,0,1,2,2,2,3,3,0,2,2,2,2,3,2,0,1,2,2,
14,3,0,0,1,2,2,2,3,3,0,2,1,2,2,3,2,0,1,2,2,
11,3,0,0,1,2,2,2,3,3,0,2,2,2,2,3,2,0,2,2,2,
11,3,0,0,2,2,2,2,3,3,1,2,2,2,2,3,2,0,2,2,2,
11,3,0,1,1,2,2,2,3,3,1,2,2,2,2,4,2,0,2,3,2,
11,3,0,1,2,2,2,2,3,3,1,2,2,2,2,4,2,0,2,2,2,
11,3,0,1,2,2,2,2,3,3,1,2,2,2,2,4,2,0,2,3,2,
11,3,0,1,2,2,2,2,3,4,1,2,2,2,2,4,2,0,2,3,2,
11,3,1,1,2,2,2,2,3,4,1,2,2,3,2,4,2,0,2,3,2,
10,3,1,1,2,2,2,2,3,4,1,2,2,3,2,4,2,0,2,3,2,
13,3,0,0,1,2,2,2,3,3,0,2,2,2,2,3,2,0,1,2,2,
10,3,0,0,1,2,1,1,2,3,0,2,1,2,2,3,2,0,1,2,1,
10,2,0,0,1,2,2,1,3,3,0,2,1,2,2,3,2,0,1,2,1,
10,2,0,0,1,2,2,1,3,3,0,2,1,2,2,3,2,0,1,2,2,
10,2,0,0,1,2,2,1,3,3,0,2,1,2,2,3,2,0,1,2,1,
10,2,0,0,2,2,2,1,3,3,0,2,3,2,2,3,3,0,1,2,1,
11,3,0,0,1,2,2,2,3,3,0,2,1,2,2,3,2,0,1,2,2,
11,3,0,0,1,2,2,2,3,3,0,2,1,2,2,3,2,0,1,2,2,
13,5,0,0,1,2,4,1,5,5,0,2,1,4,2,5,2,0,1,4,1,
11,3,0,0,1,2,2,2,3,3,0,2,1,2,2,3,2,0,1,2,1,
11,3,0,0,1,2,2,2,3,3,0,2,2,2,2,3,2,0,1,2,2,
11,3,0,0,1,2,2,2,3,3,0,2,2,2,2,3,2,0,2,2,2,
11,3,0,0,1,2,2,2,3,3,0,2,2,2,2,3,2,0,2,2,2,
11,3,0,0,1,2,2,2,3,3,0,2,2,2,2,3,2,0,1,2,2,
11,3,0,0,1,2,2,2,3,3,0,2,2,2,2,3,2,0,2,2,2,
11,3,0,0,1,2,2,2,3,3,0,2,2,2,2,3,2,0,2,2,2,
11,3,0,0,1,2,2,2,3,3,1,2,2,2,2,4,2,0,2,2,2,
14,3,0,0,1,2,2,2,3,3,0,2,2,2,3,3,2,0,2,2,2,
11,3,0,1,2,2,2,2,3,3,1,2,2,2,2,4,2,0,2,2,2,
11,3,0,1,2,2,2,2,3,3,1,2,2,2,2,4,2,0,2,2,2,
11,3,0,1,2,2,2,2,3,3,1,2,2,2,2,4,2,0,2,3,2,
11,3,0,1,2,2,2,2,3,3,1,2,2,2,2,4,2,0,2,3,2,
11,3,0,1,2,2,2,2,3,4,1,2,2,2,2,4,2,0,2,3,2,
11,3,1,1,2,2,3,2,3,4,1,3,2,3,2,4,2,0,2,3,2,
12,3,0,1,2,2,3,2,3,4,1,3,2,3,3,4,2,0,2,3,2,
10,2,0,0,1,2,2,1,3,3,0,2,1,2,2,3,1,0,1,2,1,
11,2,0,2,3,4,2,1,3,3,2,4,3,2,2,3,4,0,1,2,4,
11,4,0,1,2,2,2,2,3,4,1,2,2,2,2,3,2,0,2,2,2,
10,2,0,0,1,2,2,1,3,3,0,2,1,2,2,3,1,0,1,2,1,
11,3,0,1,2,2,2,2,3,3,1,3,2,2,2,4,2,0,2,3,2,
11,3,0,0,1,2,2,2,3,3,0,2,1,2,2,3,2,0,1,2,2,
37,29,0,0,1,29,29,2,29,29,0,29,1,29,29,29,29,0,1,29,1,
11,2,0,0,1,2,2,1,3,3,0,2,1,2,2,4,2,0,1,2,2,
10,3,0,0,1,2,2,2,3,3,0,2,1,2,2,3,2,0,1,2,2,
12,3,0,0,1,2,2,2,3,3,0,2,1,2,2,3,2,0,2,2,2,
11,3,0,0,1,2,2,2,3,3,0,2,2,2,2,3,2,0,2,2,2,
11,3,0,0,1,2,2,2,3,3,0,2,2,2,2,3,2,0,2,2,2,
11,3,0,0,1,2,2,2,3,3,0,2,2,2,2,3,2,0,2,2,2,
11,3,0,0,1,2,2,2,3,3,0,2,2,2,2,3,2,0,2,3,2,
11,3,0,0,1,2,2,2,3,3,0,2,2,2,2,3,2,0,2,3,2,
11,3,0,0,1,2,2,2,3,3,0,2,2,2,2,3,2,0,2,3,2,
11,3,0,0,1,2,2,2,3,3,1,2,2,2,2,4,2,0,2,3,2,
11,3,0,1,2,2,2,2,3,3,1,2,2,2,2,4,2,0,2,3,2,
13,4,2,0,1,1,4,3,5,5,0,2,1,4,4,5,1,2,3,4,1,
11,3,0,0,3,2,2,2,3,3,0,2,3,2,2,4,3,0,2,3,2,
11,3,0,1,2,2,2,2,3,4,1,2,2,2,2,4,2,0,2,3,2,
11,3,0,1,2,2,3,2,3,4,1,2,2,3,2,4,2,0,2,3,2,
13,5,0,1,2,2,4,2,5,5,1,2,2,4,2,5,2,0,2,4,2,
10,3,1,1,2,2,2,2,3,4,1,3,2,2,2,4,2,0,2,3,2,
10,3,0,1,2,2,3,2,4,4,1,3,2,3,2,4,2,0,2,3,2,
10,2,0,0,1,2,2,1,3,3,0,2,1,2,2,3,1,0,1,2,1,
10,3,0,1,2,2,3,2,4,4,1,3,2,3,2,4,3,0,2,3,2,
12,2,0,2,3,4,2,1,3,3,2,4,3,2,2,3,3,0,1,2,4,
13,5,0,0,1,2,2,1,3,6,0,2,1,2,2,3,2,0,1,2,1,
10,2,0,0,1,2,2,1,3,3,0,2,1,2,2,3,2,0,1,2,1,
11,3,0,0,2,2,2,2,3,3,1,2,2,2,2,3,2,0,2,2,2,
11,3,0,0,1,2,2,2,3,3,0,2,1,2,2,3,2,0,2,2,2,
11,3,0,0,1,2,2,2,3,3,0,2,1,2,2,3,2,0,1,2,2,
11,3,0,0,1,2,2,2,3,3,0,2,1,2,2,3,2,0,1,2,2,
11,3,0,0,1,2,2,2,3,3,0,2,1,2,2,3,2,0,1,2,2,
12,3,0,0,1,2,2,2,3,3,0,2,1,2,2,3,2,0,1,2,2,
11,3,0,0,1,2,2,2,3,3,0,2,2,2,2,3,2,0,2,2,2,
11,3,0,0,1,4,2,2,3,3,0,4,1,2,2,3,2,0,2,2,3,
11,3,0,0,1,2,2,2,3,3,0,2,2,2,2,3,2,0,2,2,2,
11,3,0,0,2,2,2,2,3,3,0,2,2,2,2,3,2,0,2,3,2,
11,3,0,0,1,2,2,2,3,3,1,2,2,2,2,4,2,0,2,2,2,
13,4,0,1,2,4,4,4,5,4,1,4,2,4,4,6,4,0,2,4,4,
11,3,0,1,2,2,2,2,3,3,1,2,2,2,2,4,2,0,2,3,2,
11,3,0,1,2,2,2,2,3,3,1,2,2,2,2,4,2,0,2,3,2,
14,3,0,1,2,2,2,2,3,3,1,3,2,2,2,4,2,0,2,3,2,
11,3,0,1,2,2,2,2,3,3,1,2,2,3,2,4,2,0,2,3,2,
11,3,0,1,2,2,2,2,3,4,1,2,2,3,2,4,2,0,2,3,2,
10,3,0,1,2,2,3,2,3,4,1,3,2,3,2,4,2,0,2,3,2,
10,3,0,1,2,3,3,2,4,4,1,3,2,3,3,4,2,0,2,3,2,
10,3,0,1,2,3,3,2,4,4,1,3,2,3,3,4,3,0,2,3,2,
11,2,0,0,1,2,2,1,3,3,0,2,1,2,2,3,1,0,1,2,1,
10,2,0,0,1,2,2,1,3,3,0,2,1,2,2,3,1,0,1,2,1,
10,2,0,0,1,2,2,1,3,3,0,2,1,2,2,3,2,0,1,2,1,
12,2,0,3,4,4,2,1,3,3,3,4,4,2,2,3,4,0,1,2,4,
13,5,0,0,1,2,2,1,3,5,0,2,1,2,2,3,2,0,1,2,2,
10,2,0,0,1,2,2,2,3,3,0,2,1,2,2,3,2,0,1,2,2,
10,2,0,0,1,1,2,1,3,3,0,2,1,2,1,3,1,0,1,2,1,
11,3,0,0,1,2,2,3,3,3,0,2,2,2,3,4,2,0,3,2,2,
11,3,0,0,1,2,2,2,3,3,0,2,2,2,2,3,2,0,2,3,2,
11,3,0,0,1,2,2,2,3,3,0,2,1,2,2,3,2,0,1,2,2,
11,3,0,0,1,2,2,2,3,3,0,2,2,2,2,3,2,0,2,2,2,
11,3,0,0,1,2,2,2,3,3,0,2,2,2,2,3,2,0,2,3,2,
11,3,0,1,2,2,2,2,3,3,1,2,2,2,2,4,2,0,2,2,2,
11,3,0,0,1,2,2,2,3,3,1,2,2,2,2,4,2,0,2,2,2,
11,3,0,0,2,2,2,2,3,3,1,2,2,2,2,4,2,0,2,3,2,
11,3,0,1,2,2,2,2,3,3,1,2,2,2,2,4,2,0,2,3,2,
11,3,0,1,1,2,2,2,3,3,1,3,2,2,2,4,2,0,2,3,2,
11,3,0,1,2,2,2,2,3,3,1,3,2,2,2,4,2,0,2,3,2,
11,3,0,1,2,2,2,2,3,3,1,2,2,2,2,4,2,0,2,3,2,
11,3,0,1,2,2,2,2,3,4,1,3,2,2,2,4,2,0,2,2,2,
13,2,0,0,1,2,2,2,3,3,0,2,1,2,2,3,2,0,1,2,1,
10,3,1,1,2,3,3,2,3,4,1,3,2,3,3,4,2,0,2,3,2,
10,3,0,1,2,2,3,2,3,4,1,3,2,3,3,4,2,0,2,3,2,
10,3,0,1,2,3,3,2,4,4,1,3,2,3,3,4,2,0,2,3,2,
10,2,0,0,1,2,2,1,3,3,0,2,1,2,1,3,1,0,1,2,1,
10,2,0,0,1,2,2,1,3,3,0,2,1,2,2,3,2,0,1,2,1,
10,2,0,0,1,2,2,1,3,3,0,2,1,2,2,3,2,0,1,2,1,
12,3,0,1,2,2,2,2,3,4,1,2,2,3,2,4,2,0,2,2,2,
10,2,0,0,1,2,2,2,3,3,0,2,1,2,2,3,2,0,1,2,1,
12,3,0,0,1,4,2,2,3,3,3,4,1,2,2,3,2,0,1,2,4,
13,5,0,0,1,2,2,2,3,6,0,2,1,2,2,3,2,0,1,2,2,
11,3,0,0,1,2,2,2,3,3,0,2,1,2,2,3,2,0,2,2,2,
11,3,0,0,1,2,2,2,3,3,0,2,2,2,2,3,2,0,1,2,2,
11,3,0,0,1,2,2,2,3,3,0,2,1,2,2,3,2,0,2,2,2,
11,3,0,0,2,2,2,2,3,3,0,2,2,2,2,3,2,0,2,2,2,
11,3,0,0,2,2,2,2,3,3,0,2,2,2,2,3,2,0,2,2,2,
11,3,0,0,1,2,2,2,3,3,1,2,2,2,2,3,2,0,2,3,2,
11,3,0,0,1,2,2,2,3,3,1,2,2,2,2,4,2,0,2,2,2,
11,3,0,1,2,2,2,2,3,3,1,2,2,2,2,4,2,0,2,3,2,
11,3,0,1,2,2,3,2,3,3,1,2,2,3,2,4,3,0,2,3,2,
11,3,0,1,2,2,2,2,3,4,1,2,2,2,2,4,2,0,2,3,2,
11,3,0,1,2,2,2,2,3,4,1,2,2,2,2,4,2,0,2,3,2,
11,3,0,1,2,2,2,2,3,4,1,2,2,2,2,4,2,0,2,3,2,
11,3,0,1,2,2,2,2,3,4,1,2,2,2,2,4,2,0,2,3,2,
11,3,1,1,2,2,2,2,3,4,1,3,2,3,2,4,2,0,2,3,2,
11,3,0,1,2,2,2,2,3,4,1,2,2,3,2,4,2,0,2,2,2,
10,2,0,0,1,1,2,1,3,3,0,2,1,2,2,3,1,0,1,2,1,
10,3,1,1,2,2,3,2,3,4,1,3,2,3,2,4,3,0,2,3,2,
10,2,0,0,1,2,2,1,3,3,0,2,1,2,2,3,1,0,1,2,1,
10,3,0,1,2,3,3,2,3,4,1,3,2,3,3,4,2,0,2,3,2,
10,2,0,0,1,1,2,1,3,3,0,2,1,2,2,3,1,0,1,2,1,
10,2,0,0,1,2,2,1,3,3,0,2,1,2,2,3,2,0,1,2,1,
10,2,0,0,1,2,2,2,3,3,0,2,1,2,2,3,2,0,1,2,2,
10,2,0,0,1,2,2,1,3,3,0,2,1,2,2,3,2,0,1,2,1,
10,2,0,0,1,2,2,1,3,3,0,2,1,2,2,3,2,0,1,2,2,
12,2,0,2,3,4,2,2,3,3,3,4,4,2,2,3,4,0,1,2,4,
12,4,0,0,1,2,2,2,3,5,0,2,1,2,2,3,2,0,1,2,2,
11,3,0,0,1,2,2,2,3,3,0,2,1,2,2,3,2,0,1,2,2,
11,3,0,0,1,2,2,2,3,3,0,2,2,2,2,4,2,0,2,2,2,
11,3,0,0,1,2,2,2,3,3,0,2,2,2,2,4,2,0,2,2,2,
11,3,0,0,1,2,2,2,3,3,0,2,2,2,2,3,2,0,2,2,2,
11,3,0,0,1,2,2,2,3,3,1,2,2,2,2,4,2,0,2,2,2,
11,3,0,0,1,2,2,2,3,3,1,2,2,2,2,4,2,0,2,2,2,
11,3,0,0,1,2,2,2,3,3,1,2,2,2,2,4,2,0,2,3,2,
11,3,0,1,2,2,2,2,3,3,1,2,2,2,2,4,2,0,2,3,2,
11,3,0,1,2,2,2,2,3,3,1,2,2,2,2,4,2,0,2,2,2,
11,3,0,1,2,2,2,2,3,4,1,2,2,2,2,4,2,0,2,3,2,
11,3,1,1,2,2,3,2,3,4,1,3,2,3,2,4,2,0,2,3,2,
11,3,0,1,2,2,3,2,3,4,1,3,2,3,2,4,2,0,2,3,2,
11,3,0,1,2,2,2,2,3,4,1,3,2,3,2,4,2,0,2,3,2,
11,3,1,1,2,2,3,2,4,4,1,3,2,3,3,4,2,0,2,3,2,
10,2,0,0,1,1,2,1,3,3,0,2,1,2,2,3,1,0,1,2,1,
10,3,0,1,2,2,3,2,4,4,1,3,2,3,3,4,2,0,2,3,2,
10,2,0,0,1,2,2,1,3,3,0,2,1,2,2,3,1,0,1,2,2,
10,3,0,0,1,1,2,1,3,3,0,2,1,2,2,3,1,0,1,2,1,
10,2,0,0,1,2,2,1,3,3,0,2,1,2,2,3,2,0,1,2,1,
10,3,0,0,1,2,2,2,3,3,0,2,1,2,2,3,2,0,1,2,2,
10,2,0,0,1,2,2,1,3,3,0,2,1,2,2,3,2,0,1,2,1,
10,3,0,0,1,2,2,2,3,3,0,2,1,2,2,3,2,0,1,2,2,
11,3,0,0,1,2,2,2,3,3,0,2,1,2,2,3,2,0,1,2,2,
11,3,0,0,1,2,2,2,3,3,0,2,1,2,2,3,2,0,1,2,2,
13,3,0,1,2,2,3,2,3,4,1,3,2,3,2,4,2,0,2,3,2,
11,3,0,0,1,2,2,2,3,4,0,2,2,2,2,3,2,0,2,2,2,
11,3,0,0,1,2,2,2,3,3,0,2,2,2,2,3,2,0,2,2,2,
11,3,0,0,1,2,2,2,3,3,0,2,2,2,2,3,2,0,2,2,2,
11,3,0,0,1,2,2,2,3,3,0,2,2,2,2,3,2,0,2,2,2,
11,3,0,1,2,2,2,2,3,3,1,2,2,2,2,4,2,0,2,2,2,
11,3,0,1,2,2,2,2,3,3,1,3,2,2,2,4,2,0,2,3,2,
11,3,0,1,2,2,2,2,3,3,1,2,2,2,2,4,2,0,2,3,2,
11,3,0,1,2,2,2,2,3,3,1,2,2,2,2,4,2,0,2,2,2,
11,3,1,1,2,2,2,2,3,4,1,2,2,2,2,4,2,0,2,3,2,
12,3,0,1,2,2,2,2,3,3,1,2,2,2,2,4,2,0,2,3,2,
11,3,0,1,2,2,2,2,3,4,1,2,2,2,2,4,2,0,2,2,2,
11,3,0,1,2,2,2,2,3,4,1,3,2,2,2,4,2,0,2,3,2,
12,4,0,1,2,2,3,2,4,4,1,3,2,3,2,4,2,0,2,4,2,
11,3,0,1,2,2,3,2,3,4,1,3,2,3,2,4,2,0,2,3,2,
11,4,0,1,2,2,3,2,4,4,1,3,2,3,3,4,2,0,2,3,2,
10,3,0,1,2,3,3,2,3,4,1,3,2,3,3,4,2,0,2,3,2,
13,3,0,1,1,2,2,2,3,3,1,2,2,2,2,4,2,0,2,3,2,
10,2,0,0,1,2,2,1,3,3,0,2,1,2,2,3,2,0,1,2,1,
10,2,0,0,1,2,2,1,3,3,0,2,1,2,2,3,2,0,1,2,1,
10,2,0,0,1,2,2,1,3,3,0,2,1,2,2,3,2,0,1,2,1,
10,3,0,0,1,2,2,1,3,3,0,2,1,2,2,3,2,0,1,2,2,
10,3,0,0,1,2,2,2,3,3,0,2,1,2,2,3,2,0,1,2,2,
11,3,0,0,1,2,2,2,3,3,0,2,2,2,2,3,2,0,2,2,2,
11,3,0,0,1,2,2,2,3,3,0,2,2,2,2,3,2,0,1,2,2,
11,3,0,0,1,2,2,2,3,3,0,2,1,2,2,3,2,0,1,2,2,
11,3,0,2,3,4,2,2,3,3,3,4,4,2,2,3,4,0,2,2,4,
12,4,0,0,2,2,2,2,3,4,1,2,2,2,2,3,2,0,2,2,2,
11,3,0,0,1,2,2,2,3,3,0,2,2,2,2,4,2,0,2,3,2,
10,3,0,0,1,1,2,1,3,3,0,2,1,2,2,3,2,0,1,2,1,
11,3,0,1,2,2,2,2,3,3,1,2,2,2,2,4,2,0,2,2,2,
11,3,0,0,2,2,2,2,3,3,1,2,2,2,2,4,2,0,2,2,2,
11,3,0,1,2,2,2,2,3,3,1,2,2,2,2,4,2,0,2,3,2,
11,3,0,1,2,2,2,2,3,3,1,2,2,2,2,4,2,0,2,3,2,
11,3,0,1,2,2,2,2,3,3,1,3,2,2,2,4,2,0,2,2,2,
11,3,0,1,2,2,2,2,3,4,1,3,2,2,2,4,2,0,2,3,2,
11,3,0,1,2,2,3,2,3,4,1,3,2,3,2,4,2,0,2,3,2,
11,3,0,1,2,2,3,2,3,4,1,2,2,3,2,4,2,0,2,3,2,
11,4,0,1,2,2,2,2,4,4,1,3,2,2,2,4,2,0,2,3,2,
11,3,0,1,2,3,3,2,3,4,1,3,2,3,2,4,2,0,2,3,2,
11,3,0,1,2,2,3,2,4,4,1,3,2,3,2,4,2,0,2,3,2,
10,3,1,1,2,2,3,2,4,4,1,3,2,3,3,4,2,0,2,3,2,
10,3,0,1,2,3,3,2,4,4,1,3,2,3,2,4,3,0,2,3,2,
13,5,0,0,1,1,5,4,5,6,0,2,1,5,4,6,1,0,4,5,1,
10,1,0,0,0,1,1,0,2,2,0,1,0,1,1,2,0,0,0,1,0,
10,2,0,0,1,2,2,2,3,3,0,2,1,2,2,3,2,0,1,2,1,
10,2,0,0,1,2,2,1,3,3,0,2,1,2,2,3,2,0,1,2,1,
11,3,0,0,1,2,2,2,3,3,0,2,1,2,2,3,2,0,1,2,2,
11,3,0,0,1,2,2,2,3,3,0,2,1,2,2,3,2,0,1,2,2,
11,3,0,1,2,2,2,2,3,3,1,2,2,2,2,4,2,0,2,3,2,
11,3,0,0,1,2,2,2,3,3,0,2,2,2,2,3,2,0,2,2,2,
11,3,0,0,1,2,2,2,3,3,0,2,2,2,2,3,2,0,1,2,2,
12,3,0,3,3,5,2,2,3,3,3,5,4,2,2,3,4,0,1,3,4,
13,5,0,0,1,2,2,2,3,6,0,2,2,2,2,3,2,0,1,3,2,
11,3,0,0,2,2,2,2,3,3,0,2,2,2,2,3,2,0,2,2,2,
11,3,0,0,2,2,2,2,3,3,0,2,2,2,2,4,2,0,2,2,2,
11,3,0,1,1,2,2,2,3,3,1,2,2,2,2,4,2,0,2,3,2,
38,30,0,1,2,2,29,2,30,30,1,2,2,29,2,30,2,0,2,29,2,
11,3,0,1,2,2,2,2,3,3,1,2,2,2,2,4,2,0,2,3,2,
11,3,0,1,2,2,2,2,3,3,1,2,2,2,2,4,2,0,2,3,2,
11,3,0,1,2,2,2,2,3,3,1,2,2,2,2,4,2,0,2,3,2,
11,3,0,1,2,2,2,2,3,3,1,2,2,2,2,4,2,0,2,3,2,
11,3,0,1,2,2,2,2,3,4,1,3,2,3,2,4,2,0,2,3,2,
11,3,0,1,3,2,2,2,3,4,1,3,3,3,2,4,4,0,2,3,2,
34,3,0,25,1,27,2,2,3,4,0,27,1,2,2,4,2,0,2,2,27,
11,2,0,0,1,2,2,1,3,3,0,2,1,2,2,3,1,0,1,2,1,
11,3,0,1,2,2,3,2,3,4,1,3,2,3,3,4,2,0,2,3,2,
11,3,0,1,2,2,3,2,3,4,1,2,2,3,2,4,2,0,2,3,2,
10,3,1,1,2,2,2,2,3,4,1,3,2,3,2,4,2,0,2,2,2,
13,6,0,1,2,2,5,5,6,6,1,3,2,5,5,6,2,1,4,5,2,
10,1,0,0,0,1,1,0,2,2,0,1,0,1,0,2,0,0,0,1,0,
10,3,0,0,1,1,2,1,3,3,0,2,1,2,2,3,1,0,1,2,1,
10,2,0,0,1,2,2,2,3,3,0,2,1,2,2,3,2,0,1,2,1,
10,3,0,0,1,2,2,2,3,3,0,2,1,2,2,3,2,0,1,2,2,
10,3,0,0,1,2,2,2,3,3,0,2,1,2,2,3,2,0,1,2,1,
11,3,0,0,1,2,2,4,3,3,0,2,1,2,4,3,2,0,3,2,2,
11,3,0,0,1,2,2,2,3,3,0,2,1,2,2,3,2,0,1,2,2,
11,3,0,0,1,2,2,2,3,3,0,2,2,2,2,3,2,0,1,2,2,
12,3,0,3,3,4,2,2,3,3,3,5,3,2,2,3,4,0,2,2,4,
13,5,0,0,1,2,2,2,3,6,0,2,2,2,2,3,2,0,2,2,2,
11,3,0,0,1,2,2,2,3,3,0,2,2,2,2,3,2,0,2,2,2,
10,3,0,1,2,2,3,2,4,4,1,3,2,3,3,4,2,1,2,3,2,
11,3,0,0,1,2,2,2,3,3,1,2,2,2,2,4,2,0,2,2,2,
11,3,0,0,1,2,2,2,3,3,0,2,2,2,2,4,2,0,2,2,2,
11,3,0,1,2,2,2,2,3,3,1,2,2,2,2,4,2,0,2,2,2,
13,3,0,1,2,2,2,2,3,4,1,2,2,2,2,6,2,0,2,3,2,
11,3,0,1,2,2,2,2,3,3,1,2,2,2,2,4,2,0,2,3,2,
11,3,0,1,2,2,2,2,3,3,1,3,2,2,2,4,2,0,2,2,2,
11,3,0,1,2,2,2,2,3,4,1,2,2,2,2,4,2,0,2,3,2,
11,3,0,1,2,3,2,2,3,3,1,3,2,2,2,4,2,0,2,3,2,
11,3,0,1,2,2,3,2,3,4,1,3,2,3,2,4,2,0,2,3,2,
11,3,0,0,1,2,2,2,3,3,0,2,1,2,2,3,2,0,1,2,2,
11,3,0,0,1,2,2,2,3,3,0,2,2,2,2,3,2,0,1,2,1,
11,3,0,0,1,2,2,2,3,3,0,2,1,2,2,3,2,0,1,2,1,
10,2,0,0,1,2,2,2,3,3,0,2,1,2,2,3,1,0,1,2,1,
13,2,0,0,1,1,2,1,3,3,0,2,1,2,2,3,1,0,1,2,1,
10,2,0,0,1,2,2,1,3,3,0,2,1,2,2,3,2,0,1,2,1,
10,3,0,0,1,2,2,2,3,3,0,2,1,2,2,3,2,0,1,2,2,
10,2,0,0,1,2,2,1,3,3,0,2,1,2,2,3,2,0,1,2,1,
10,3,0,0,1,2,2,2,3,3,0,2,1,2,2,3,2,0,1,2,2,
11,3,0,0,1,2,2,2,3,3,0,2,2,2,2,3,2,0,2,2,2,
11,3,0,0,1,2,2,2,3,3,0,2,2,2,2,3,2,0,1,2,2,
11,3,0,0,1,2,2,2,3,3,0,2,2,2,2,3,2,0,2,2,2,
11,3,0,0,1,2,2,2,3,3,0,2,2,2,2,3,2,0,2,2,2,
12,3,0,3,4,4,2,2,3,3,3,5,4,2,2,3,4,0,2,3,4,
12,5,0,0,1,2,2,2,3,5,0,2,2,2,2,3,2,0,2,2,2,
11,3,0,0,1,2,2,2,3,3,1,2,2,2,2,4,2,0,2,2,2,
11,3,0,1,2,2,2,2,3,3,1,2,2,2,2,4,2,0,2,3,2,
11,3,0,1,2,2,2,2,3,3,1,2,2,2,2,4,2,0,2,3,2,
11,3,0,1,2,2,2,2,3,3,1,2,2,2,2,4,2,0,2,2,2,
11,3,0,1,2,2,2,2,3,3,1,2,2,2,2,4,2,0,2,3,2,
12,3,0,1,2,2,2,2,3,4,1,2,2,2,2,4,2,0,2,3,2,
12,3,0,1,2,2,2,2,3,3,1,2,2,2,2,4,2,0,2,2,2,
11,3,0,1,2,2,2,2,3,3,1,2,2,2,2,4,2,0,2,3,2,
11,3,0,1,2,2,2,2,3,3,1,2,2,2,2,4,2,0,2,3,2,
11,3,0,1,2,2,2,2,3,4,1,2,2,2,2,4,2,0,2,3,2,
11,3,0,1,2,2,2,2,3,4,1,2,2,3,2,4,2,0,2,3,2,
11,3,1,1,2,2,2,2,3,4,1,3,2,2,2,4,2,0,2,3,2,
10,3,1,1,2,2,3,2,3,4,1,3,2,3,2,4,2,0,2,3,2,
10,2,0,0,1,2,2,1,3,3,0,2,2,2,2,3,2,0,1,2,1,
10,3,0,1,2,3,3,3,4,4,1,3,2,3,3,4,2,1,2,3,2,
13,2,0,0,1,2,2,1,3,3,0,2,1,2,2,3,1,0,1,2,1,
10,2,0,0,1,2,2,2,3,3,0,2,1,2,2,3,2,0,1,2,1,
10,3,0,0,1,2,2,2,3,3,0,2,1,2,2,3,2,0,1,2,2,
12,3,0,0,3,3,3,3,4,3,0,3,3,3,3,4,3,0,3,3,3,
11,3,0,0,1,2,2,2,3,3,0,2,1,2,2,3,2,0,1,2,2,
10,3,0,0,1,2,2,2,3,3,0,2,2,2,2,3,2,0,1,2,2,
11,3,0,0,1,2,2,2,3,3,0,2,2,2,2,3,2,0,1,2,2,
11,3,0,0,1,2,2,2,3,3,0,2,1,2,2,3,2,0,1,2,2,
11,3,0,1,2,2,2,2,3,3,1,2,2,2,2,3,2,0,2,2,2,
36,3,0,3,4,4,2,2,3,3,3,28,4,2,2,3,4,0,2,2,28,
12,4,0,0,1,2,2,2,3,5,0,2,2,2,2,3,2,0,2,2,2,
11,3,0,0,1,2,2,2,3,3,0,2,2,2,2,3,2,0,2,2,2,
11,3,0,1,2,2,2,2,3,3,1,2,2,2,2,3,2,0,2,2,2,
11,3,0,0,1,2,2,3,3,3,0,2,2,2,3,4,2,0,3,2,2,
11,3,0,1,2,2,2,2,3,3,1,2,2,2,2,4,2,0,2,3,2,
11,3,0,1,2,2,2,2,3,3,1,2,2,2,2,4,2,0,2,2,2,
11,3,0,1,2,2,2,2,3,3,1,2,2,2,2,4,2,0,2,3,2,
14,3,0,1,2,2,2,2,3,3,1,2,2,2,2,4,2,0,2,3,2,
11,3,0,1,2,2,2,2,3,3,1,2,2,2,2,4,2,0,2,3,2,
11,3,0,1,2,2,2,2,3,3,1,2,2,2,2,4,2,0,2,2,2,
11,3,0,1,2,2,2,2,3,3,1,2,2,2,2,4,2,0,2,2,2,
11,3,0,1,2,2,3,2,3,4,1,2,2,3,2,4,2,0,2,3,2,
10,3,1,1,2,2,3,2,3,4,1,2,2,3,2,4,3,0,2,3,2,
10,3,1,1,2,2,3,2,4,4,1,2,2,3,3,4,2,0,2,3,2,
10,2,0,0,1,1,2,1,3,3,0,2,1,2,2,3,2,0,1,2,1,
10,2,0,0,1,1,2,1,3,3,0,2,1,2,2,3,2,0,1,2,1,
13,6,3,0,1,1,5,4,6,6,0,2,1,5,5,6,1,3,4,5,1,
10,2,0,0,0,1,1,1,2,2,0,1,0,1,1,2,1,0,0,1,1,
10,3,0,0,1,2,2,2,3,3,0,2,1,2,2,3,2,0,1,2,1,
11,3,0,0,1,2,2,2,3,3,0,2,1,2,2,3,2,0,1,2,1,
11,3,0,0,1,2,2,2,3,3,0,2,2,2,2,3,2,0,2,2,2,
11,3,0,0,1,2,2,2,3,3,0,2,2,2,2,3,2,0,1,2,2,
11,3,0,0,1,2,2,2,3,3,0,2,2,2,2,3,2,0,1,2,2,
11,3,0,0,1,2,2,2,3,3,0,2,2,2,2,3,2,0,2,2,2,
32,3,0,0,1,2,2,2,3,3,0,2,2,2,2,3,2,25,1,2,2,
12,3,1,3,4,5,2,2,3,4,3,5,5,2,2,4,5,0,2,2,5,
13,5,0,0,2,2,2,2,3,5,0,2,2,2,2,3,2,0,2,2,2,
11,3,0,0,2,2,2,2,3,3,0,2,2,2,2,3,2,0,2,2,2,
11,3,0,0,2,2,2,2,3,3,0,2,2,2,2,3,2,0,2,2,2,
37,3,0,1,29,3,2,2,3,3,1,3,2,2,3,4,29,0,2,3,2,
11,3,0,0,1,2,2,2,3,3,1,2,2,2,2,3,2,0,2,2,2,
11,3,0,1,2,2,2,2,3,3,1,2,2,2,2,4,2,0,2,3,2,
11,3,0,1,2,2,2,2,3,3,1,2,2,2,2,4,2,0,2,3,2,
12,3,0,1,2,2,2,2,3,3,1,2,2,2,2,4,2,0,2,3,2,
11,3,0,1,2,2,2,2,3,3,1,2,2,2,2,4,2,0,2,2,2,
11,3,0,1,2,2,2,2,3,4,1,2,2,2,2,4,2,0,2,2,2,
11,3,0,1,2,3,3,2,4,4,1,3,2,3,2,4,2,0,2,3,2,
10,3,0,1,2,3,3,2,4,4,1,3,2,3,3,4,2,0,2,3,2,
10,3,0,1,2,3,3,2,4,4,1,3,2,3,2,4,2,0,2,3,2,
10,3,0,1,2,2,3,2,3,4,1,3,2,3,3,4,2,0,2,3,2,
10,3,0,1,2,3,3,2,4,4,1,3,2,3,2,4,3,0,2,3,2,
10,2,0,0,1,2,2,1,3,3,0,2,1,2,2,3,2,0,1,2,2,
37,3,0,1,2,3,3,28,4,4,1,3,2,3,28,4,2,0,27,3,2,
10,2,0,0,1,2,2,1,3,3,0,2,1,2,2,3,2,0,1,2,1,
10,3,0,0,1,2,2,2,3,3,0,2,2,2,2,3,2,0,1,2,2,
10,3,0,0,1,2,2,2,3,3,0,2,2,2,2,3,2,0,1,2,2,
11,3,0,0,1,2,2,2,3,3,0,2,2,2,2,3,2,0,1,2,2,
10,3,0,0,1,2,2,2,3,3,0,2,2,2,2,3,2,0,1,2,2,
11,3,0,0,1,2,2,2,3,3,0,2,2,2,2,3,2,0,2,2,2,
18,2,0,0,1,2,2,1,3,3,0,2,1,2,2,3,2,0,1,2,1,
11,3,0,1,2,2,2,2,3,3,1,2,2,2,2,4,2,0,2,3,2,
11,3,0,1,2,2,2,2,3,3,1,2,2,2,2,4,2,0,2,3,2,
11,3,0,1,2,2,2,2,3,3,1,2,2,2,2,4,2,0,2,2,2,
11,3,0,1,2,2,2,2,3,3,1,2,2,2,2,4,2,0,2,3,2,
11,3,0,1,2,2,2,2,3,4,1,2,2,2,2,4,2,0,2,3,2,
11,3,0,1,2,2,2,2,3,3,1,2,2,2,2,4,2,0,2,3,2,
11,3,0,1,2,2,2,2,3,3,1,2,2,2,2,4,2,0,2,3,2,
14,3,0,1,2,3,2,2,3,7,1,3,2,2,2,4,2,0,2,3,2,
11,3,1,1,2,2,2,2,3,4,1,3,2,2,2,4,2,0,2,3,2,
11,3,0,0,2,2,2,2,3,3,1,2,2,2,2,3,2,0,2,2,2,
11,3,0,1,2,2,3,3,3,4,1,3,2,3,4,4,2,0,3,3,2,
11,3,0,1,2,2,3,2,4,4,1,3,2,3,2,4,2,0,2,3,2,
10,3,0,1,2,2,3,2,4,4,1,3,2,3,3,4,2,0,2,3,2,
10,2,0,0,1,1,2,1,3,3,0,2,1,2,2,3,1,0,1,2,1,
10,3,0,0,1,2,2,1,3,3,0,2,1,2,2,3,2,0,1,2,1,
10,2,0,0,1,2,2,1,3,3,0,2,1,2,2,3,2,0,1,2,1,
10,3,0,0,1,2,2,2,3,3,0,2,2,2,2,3,2,0,1,2,2,
10,3,0,0,1,2,2,2,3,3,0,2,1,2,2,3,2,0,1,2,1,
11,3,0,0,2,1,2,2,3,3,0,2,2,2,2,3,2,0,1,2,1,
11,3,0,0,2,2,2,2,3,3,0,2,2,2,2,3,2,0,2,2,2,
10,3,0,0,1,2,2,2,3,3,0,2,2,2,2,3,2,0,1,2,2,
12,4,0,0,1,2,3,1,4,4,0,2,2,3,2,4,2,0,1,3,2,
10,3,0,0,1,2,2,2,3,3,0,2,2,2,2,3,2,0,1,2,2,
12,2,0,0,1,1,2,1,3,3,0,2,1,2,2,3,1,0,1,2,1,
11,3,0,0,2,2,2,2,3,3,0,2,2,2,2,3,2,0,2,2,2,
11,3,0,0,1,2,2,2,3,3,0,2,2,2,2,3,2,0,2,2,2,
11,3,0,1,2,2,2,2,3,3,1,2,2,2,2,4,2,0,2,3,2,
35,27,0,1,2,2,2,2,3,3,1,2,2,2,2,4,2,0,2,3,2,
11,3,0,1,2,2,2,2,3,4,1,2,2,2,2,4,2,0,2,3,2,
11,3,0,1,2,2,2,2,3,3,1,2,2,2,2,4,2,0,2,3,2,
11,3,0,1,2,2,2,2,3,3,1,2,2,2,3,4,2,0,2,2,2,
11,3,0,1,2,2,2,2,3,3,1,2,2,2,2,4,2,0,2,2,2,
12,3,0,4,5,5,2,2,3,3,4,5,5,2,2,4,5,0,2,3,5,
13,5,0,1,2,2,2,2,3,6,1,3,2,2,2,4,2,0,2,2,2,
11,3,0,1,2,2,2,2,3,3,1,3,2,2,2,4,2,0,2,3,2,
11,3,0,1,2,2,2,2,3,3,1,2,2,2,2,4,2,0,2,3,2,
11,3,0,1,2,2,3,2,3,4,1,3,2,3,2,4,2,0,2,3,2,
11,3,0,1,2,3,3,2,4,4,1,3,2,3,3,4,3,0,2,3,2,
11,3,0,1,2,2,3,2,4,4,1,3,2,3,3,4,2,0,2,3,2,
10,3,0,1,2,2,3,2,4,4,1,3,2,3,2,4,2,0,2,3,2,
12,5,0,1,2,2,5,2,5,5,1,5,2,5,5,6,2,0,2,5,2,
10,2,0,0,1,1,2,1,3,3,0,2,1,2,2,3,2,0,1,2,1,
10,2,0,0,1,1,2,1,3,3,0,2,1,2,2,3,2,0,1,2,1,
10,2,0,0,1,2,2,1,3,3,0,2,1,2,2,3,2,0,1,2,1,
10,2,0,0,1,2,2,1,3,3,0,2,1,2,2,3,2,0,1,2,1,
10,2,0,0,1,2,2,2,3,3,0,2,1,2,2,3,2,0,1,2,1,
11,3,0,0,1,2,2,2,3,3,0,2,1,2,2,3,2,0,2,2,2,
10,2,0,0,1,2,2,2,3,3,0,2,1,2,2,3,2,0,1,2,2,
10,3,0,0,1,2,2,2,3,3,0,2,1,2,2,3,2,0,1,2,2,
11,4,1,1,2,2,3,2,4,4,1,3,2,3,2,4,2,0,2,3,2,
34,3,0,0,1,2,2,2,27,3,0,2,1,2,2,4,2,0,1,2,2,
11,3,0,0,1,2,2,2,3,3,0,2,2,2,2,4,2,0,2,2,2,
10,3,0,0,1,2,2,2,3,3,0,2,1,2,2,3,2,0,1,2,2,
10,3,0,0,1,2,2,2,3,3,0,2,1,2,2,3,2,0,1,2,2,
10,3,0,0,1,2,2,2,3,3,0,2,1,2,2,3,2,0,1,2,2,
11,3,0,0,1,2,2,2,3,3,0,2,2,2,2,3,2,0,2,2,2,
10,3,0,0,1,2,2,2,3,3,0,2,1,2,2,3,2,0,2,2,2,
11,3,0,0,2,2,2,2,3,3,0,2,2,2,2,3,2,0,2,2,2,
12,3,0,3,4,5,2,2,3,3,3,5,4,2,2,3,5,0,2,2,4,
13,5,0,0,1,2,2,2,3,5,0,2,2,2,2,3,2,0,2,3,2,
11,3,0,0,2,2,2,2,3,3,1,2,2,2,2,3,2,0,2,3,2,
11,3,0,0,1,2,2,2,3,3,0,2,2,2,2,3,2,0,2,2,2,
11,3,0,1,2,2,2,2,3,3,1,2,2,2,3,3,2,0,2,2,2,
11,3,0,0,1,2,2,2,3,3,1,2,2,2,2,3,2,0,2,2,2,
11,3,0,1,2,2,2,2,3,3,1,2,2,2,2,3,2,0,2,2,2,
11,3,0,1,2,2,2,2,3,3,1,2,2,2,2,4,2,0,2,2,2,
11,3,0,1,2,2,2,2,3,3,1,3,2,2,2,4,2,0,2,3,2,
11,3,0,1,2,2,2,2,3,3,1,2,2,2,2,4,2,0,2,2,2,
11,3,0,1,2,2,2,2,3,3,1,2,2,2,2,4,2,0,2,3,2,
11,3,0,1,2,2,2,2,3,3,1,2,2,2,2,4,2,0,2,3,2,
11,3,1,1,2,2,2,2,3,4,1,2,2,2,2,4,2,0,2,3,2,
11,3,0,1,2,2,2,2,3,3,1,2,2,2,2,4,2,0,2,3,2,
11,3,0,1,2,2,2,2,3,3,1,3,2,2,2,4,2,0,2,2,2,
11,3,1,1,2,2,2,2,3,4,1,3,2,3,2,4,2,0,2,2,2,
10,3,1,1,2,2,3,2,3,4,1,3,2,3,2,4,2,0,2,3,2,
12,3,1,1,2,2,3,2,3,4,1,3,2,3,2,4,2,0,2,3,2,
12,3,0,0,1,3,2,2,3,3,0,3,2,2,2,3,2,0,2,2,2,
10,2,0,0,1,1,2,1,3,3,0,2,1,2,2,3,1,0,1,2,1,
10,3,1,1,2,2,3,2,3,4,1,3,2,3,3,4,3,0,2,3,2,
10,2,0,0,1,2,2,1,3,3,0,2,1,2,2,3,2,0,1,2,1,
13,2,0,0,1,2,2,1,5,3,0,2,1,2,2,5,2,0,1,5,1,
10,2,0,0,1,2,2,1,3,3,0,2,1,2,2,3,2,0,1,2,1,
10,2,0,0,1,2,2,2,3,3,0,2,1,2,2,3,2,0,1,2,2,
10,2,0,0,1,2,2,1,3,3,0,2,1,2,2,3,2,0,1,2,1,
13,3,0,0,1,2,2,2,3,3,0,2,2,2,2,3,2,0,2,2,2,
10,3,0,0,1,2,2,2,3,3,0,2,1,2,2,3,2,0,1,2,2,
10,3,0,0,1,2,2,2,3,3,0,2,1,2,2,3,2,0,1,2,2,
10,3,0,0,1,2,2,2,3,3,0,2,1,2,2,3,2,0,1,2,2,
10,3,0,0,1,2,2,2,3,3,0,2,1,2,2,3,2,0,2,2,2,
10,3,0,0,1,2,2,2,3,3,0,2,1,2,2,3,2,0,1,2,2,
10,3,0,0,1,2,2,2,3,3,0,2,1,2,2,3,2,0,2,2,2,
10,3,0,0,1,2,2,2,3,3,0,2,1,2,2,3,2,0,1,2,2,
13,3,0,0,1,2,2,2,3,3,0,2,1,2,2,3,2,0,2,2,2,
11,3,0,0,2,2,2,2,3,3,0,2,2,2,2,3,2,0,2,2,2,
11,3,0,0,2,2,2,2,3,3,0,2,2,2,2,3,2,0,1,2,2,
34,3,0,0,2,2,2,24,3,3,0,2,2,2,2,3,2,0,2,2,2,
11,3,0,0,1,2,2,2,3,3,1,2,2,2,2,3,2,0,2,2,2,
11,3,0,0,1,2,2,2,3,3,0,2,2,2,2,3,2,0,2,2,2,
11,3,0,1,2,2,2,2,3,3,1,2,2,2,2,4,2,0,2,3,2,
11,3,0,1,2,2,2,2,3,3,1,2,2,2,2,4,2,0,2,2,2,
32,3,0,1,1,2,2,2,3,3,1,2,2,2,2,4,25,0,2,2,2,
12,3,0,1,2,2,2,4,3,3,1,2,2,2,5,4,2,0,4,3,2,
11,2,0,0,1,1,1,1,2,2,0,1,1,1,1,3,1,0,1,2,1,
33,3,0,1,2,25,2,2,3,3,1,2,2,2,2,4,2,0,2,3,2,
11,3,0,1,2,3,2,2,3,3,1,3,2,2,2,4,2,0,2,2,2,
11,3,0,1,2,2,2,2,3,3,1,2,2,2,2,4,2,0,2,3,2,
11,3,0,1,2,2,2,2,3,4,1,2,2,2,2,4,2,0,2,3,2,
11,3,0,1,2,2,2,2,3,3,1,2,2,2,2,4,2,0,2,3,2,
11,3,1,1,2,2,2,2,3,4,1,2,2,2,2,4,2,0,2,2,2,
11,3,1,1,2,2,2,2,3,4,1,2,2,2,2,4,2,0,2,3,2,
12,3,1,4,5,5,3,2,3,4,4,5,5,3,2,4,5,0,2,3,5,
12,5,0,0,1,1,2,1,2,5,0,2,1,2,1,3,1,0,1,2,1,
10,2,0,0,1,1,2,1,3,3,0,2,1,2,2,3,1,0,1,2,1,
10,2,0,0,1,2,2,1,3,3,0,2,1,2,2,3,1,0,1,2,1,
10,2,0,0,1,1,2,2,3,3,0,2,1,2,2,3,1,0,2,2,1,
33,3,0,0,1,1,2,1,3,3,0,2,1,2,2,26,1,0,1,2,1,
10,2,0,0,1,2,2,1,3,3,0,2,1,2,2,3,1,0,1,2,1,
10,2,0,0,1,2,2,1,3,3,0,2,1,2,2,3,2,0,1,2,1,
10,2,0,0,1,2,2,1,3,3,0,2,1,2,2,3,2,0,1,2,1,
10,2,0,0,1,2,2,1,3,3,0,2,1,2,2,3,2,0,1,2,1,
10,2,0,0,1,2,2,2,3,3,0,2,1,2,2,3,2,0,1,2,2,
10,2,0,0,1,2,2,1,3,3,0,2,1,2,2,3,2,0,1,2,1,
32,3,0,0,1,2,2,2,3,3,0,24,1,2,2,3,2,0,1,2,2,
10,2,0,0,1,2,2,1,3,3,0,2,1,2,2,3,2,0,1,2,2,
34,3,23,0,1,2,2,2,3,26,0,2,1,2,2,3,2,0,1,2,2,
11,3,0,0,1,2,2,2,3,4,0,2,1,2,2,3,2,0,2,2,2,
31,3,0,0,2,2,2,2,3,3,0,2,2,2,2,3,2,0,2,24,1,
11,3,0,0,1,2,3,1,4,4,0,2,1,3,1,4,2,0,1,3,1,
11,1,0,0,0,0,0,0,1,1,0,0,0,0,0,2,0,0,0,0,0,
11,3,0,0,2,2,2,2,3,3,0,2,2,2,2,3,2,0,2,2,2,
11,3,0,0,2,2,2,2,3,3,1,2,2,2,2,4,2,0,2,3,2,
11,3,0,0,1,2,2,2,3,3,1,2,2,2,2,4,2,0,2,2,2,
11,3,0,1,2,2,2,2,3,3,1,2,2,2,2,3,2,0,2,2,2,
11,3,0,1,2,2,2,2,3,3,1,2,2,2,2,3,2,0,2,2,2,
11,3,0,1,2,2,2,2,3,3,1,2,2,2,2,4,2,0,2,3,2,
11,3,0,1,2,2,2,2,3,3,1,2,2,2,2,4,2,0,2,2,2,
12,3,0,1,2,5,2,2,3,3,1,5,2,2,2,4,2,0,2,2,4,
14,6,0,1,2,2,2,2,3,7,1,3,2,2,2,4,2,0,2,3,2,
32,3,0,1,2,2,25,2,3,3,1,2,2,2,2,4,2,0,2,3,2,
10,3,0,0,1,2,2,2,3,3,0,2,1,2,2,3,2,0,1,2,1,
12,3,0,3,4,4,2,2,3,3,3,4,4,2,3,4,4,0,2,3,4,
32,3,1,1,2,2,3,2,3,4,1,3,2,3,25,4,2,0,2,3,2,
10,3,0,1,2,2,3,3,3,4,1,3,2,3,2,4,2,0,2,3,2,
10,3,1,1,2,2,2,2,3,3,1,3,2,3,2,4,2,0,2,2,2,
10,3,0,1,2,2,3,2,4,4,1,3,2,3,3,4,2,0,2,3,2,
10,2,0,0,1,1,2,1,2,3,0,2,1,2,2,3,1,0,1,2,1,
10,3,1,1,2,3,3,2,4,4,1,3,2,3,2,4,3,0,2,3,2,
31,2,0,0,1,1,2,1,3,3,0,2,24,2,1,3,2,0,1,2,1,
10,2,0,0,1,2,2,1,3,3,0,2,2,2,2,3,2,0,1,2,1,
10,3,0,0,1,2,2,1,3,3,0,2,1,2,2,3,1,0,1,2,1,
10,2,0,0,1,1,2,1,3,3,0,2,1,2,2,3,1,0,1,2,1,
10,2,0,0,1,2,2,1,3,3,0,2,1,2,2,3,2,0,1,2,1,
10,2,0,0,1,2,2,1,3,3,0,2,1,2,2,3,2,0,1,2,1,
12,5,0,0,1,1,4,3,5,5,0,2,1,4,4,5,1,0,3,4,1,
10,2,0,0,0,1,1,0,2,2,0,1,0,1,1,2,1,0,0,1,0,
10,2,0,0,1,2,2,2,3,3,0,2,2,2,2,3,2,0,1,2,2,
10,3,0,0,1,2,2,2,3,3,0,2,2,2,2,3,2,0,1,2,2,
10,3,0,0,1,2,2,2,3,3,0,2,1,2,2,3,2,0,1,2,2,
30,3,0,0,1,2,2,2,3,3,23,2,2,2,2,3,2,0,1,2,2,
11,3,0,1,2,2,2,2,3,3,1,2,2,2,2,3,2,0,2,2,2,
10,3,0,0,1,2,2,2,3,3,0,2,1,2,2,3,2,0,1,2,2,
11,3,0,0,1,2,2,2,3,3,0,2,2,2,2,3,2,0,1,2,2,
12,3,0,3,3,4,2,2,3,3,3,5,4,2,2,3,4,0,2,3,4,
13,5,0,0,2,2,2,2,3,6,0,2,2,2,2,3,2,0,2,2,2,
11,3,0,0,1,2,2,2,3,3,1,2,2,2,2,3,2,0,2,2,2,
11,3,0,0,2,2,2,2,3,3,1,2,2,2,2,3,2,0,2,2,2,
11,3,0,0,1,2,2,2,3,3,1,2,2,2,2,4,2,0,2,2,2,
11,3,0,1,2,2,2,2,3,3,1,2,2,2,2,4,2,0,2,3,2,
11,3,0,1,2,2,2,2,3,3,1,2,2,2,2,4,2,0,2,3,2,
11,3,0,1,2,2,2,2,3,3,1,2,2,2,2,4,2,0,2,2,2,
11,3,0,1,2,2,2,2,3,3,1,2,2,2,2,4,2,0,2,2,2,
11,3,0,1,2,2,2,2,3,3,1,2,2,2,2,4,2,0,2,2,2,
11,3,0,1,2,2,2,2,3,3,1,2,2,2,2,4,2,0,2,2,2,
11,3,0,1,2,2,2,2,3,3,1,3,2,2,2,4,2,0,2,3,2,
11,3,1,1,2,2,2,2,3,4,1,3,2,2,2,4,2,0,2,3,2,
11,2,0,0,1,1,2,1,3,3,0,2,1,2,1,3,1,0,1,2,1,
11,3,0,1,2,2,2,4,3,4,1,2,2,3,4,4,2,0,4,2,2,
10,3,1,1,2,2,3,2,3,4,1,3,2,3,2,4,2,0,2,3,2,
10,3,1,1,2,2,3,2,3,4,1,3,2,3,2,4,2,0,2,3,2,
12,3,0,1,2,2,2,2,3,3,1,2,2,2,2,4,2,0,2,3,2,
10,3,1,1,2,3,3,2,4,4,1,3,2,3,3,4,3,0,2,3,2,
10,3,1,1,2,3,3,2,4,4,1,3,2,3,3,4,3,0,2,3,2,
10,2,0,0,1,1,2,1,2,3,0,2,1,2,2,3,2,0,1,2,1,
10,3,0,1,2,2,3,2,4,4,1,3,2,3,3,4,2,1,2,3,2,
10,2,0,0,1,2,2,1,3,3,0,2,1,2,2,3,2,0,1,2,1,
10,3,1,1,2,2,3,2,4,4,1,3,2,3,3,4,2,0,2,3,2,
10,2,0,0,1,2,2,1,3,3,0,2,1,2,2,3,2,0,1,2,1,
10,2,0,0,1,2,2,1,3,3,0,2,1,2,2,3,2,0,1,2,1,
10,2,0,0,1,2,2,1,3,3,0,2,1,2,2,3,2,0,1,2,1,
13,2,0,0,1,2,2,1,3,6,0,2,1,2,2,3,2,0,1,2,2,
10,3,0,0,1,2,2,2,3,3,0,2,2,2,2,3,2,0,1,2,2,
11,3,0,1,2,2,2,2,3,3,1,3,2,2,2,4,2,0,2,3,2,
10,3,0,0,1,2,2,3,3,3,0,2,2,2,3,3,2,0,3,2,2,
10,3,0,0,1,2,2,2,3,3,0,2,2,2,2,3,2,0,2,2,2,
10,3,0,0,1,2,2,2,3,3,0,2,2,2,2,3,2,0,1,2,2,
11,3,0,0,1,2,2,2,3,3,0,2,2,2,2,3,2,0,2,2,2,
11,3,0,0,2,2,2,2,3,3,0,2,2,2,2,3,2,0,2,2,2,
11,3,0,0,2,2,2,2,3,3,0,2,2,2,2,3,2,0,2,3,2,
11,3,0,0,1,2,2,2,3,3,0,2,2,2,2,3,2,0,2,3,2,
11,3,0,1,2,2,2,2,3,3,1,3,2,3,2,4,2,0,2,3,2,
11,3,0,1,2,2,2,2,3,3,1,2,2,2,2,3,2,0,2,2,2,
11,3,0,1,2,2,2,2,3,3,1,2,2,2,2,4,2,0,2,3,2,
11,3,0,1,2,2,2,2,3,3,1,2,2,2,2,4,2,0,2,3,2,
11,3,0,1,2,2,2,2,3,3,1,2,2,2,2,4,2,0,2,2,2,
11,3,0,1,2,2,2,2,3,3,1,2,2,2,2,4,2,0,2,2,2,
14,3,0,0,2,2,2,2,3,3,1,2,2,2,2,3,2,0,2,3,2,
11,3,0,1,2,2,2,2,3,3,1,2,2,2,2,4,2,0,2,3,2,
11,3,0,1,2,2,2,2,3,3,1,2,2,2,2,4,2,0,2,3,2,
11,3,1,1,2,2,2,2,3,4,1,3,2,3,2,4,2,0,2,3,2,
11,3,1,1,2,2,3,2,3,4,1,3,2,3,2,4,2,0,2,3,2,
11,3,0,1,2,2,2,2,3,4,1,3,2,3,2,4,2,0,2,2,2,
11,3,1,1,2,2,2,2,3,4,1,3,2,3,2,4,2,0,2,3,2,
11,3,1,1,2,2,3,2,3,4,1,3,2,3,2,4,2,0,2,3,2,
10,3,1,1,2,2,3,2,3,4,1,3,2,3,2,4,2,0,2,3,2,
12,2,0,3,4,4,2,1,3,3,3,4,4,2,2,3,4,0,1,2,4,
12,3,0,0,1,1,1,1,2,3,0,2,1,1,2,3,1,0,1,2,1,
10,3,1,1,2,2,3,2,3,4,1,3,2,3,2,4,3,0,2,3,2,
10,3,1,1,2,2,3,2,3,4,1,3,2,3,2,4,2,0,2,3,2,
10,3,1,1,2,2,3,4,4,4,1,3,2,3,4,4,2,0,4,3,2,
10,2,0,0,1,1,2,1,3,3,0,2,1,2,2,3,1,0,1,2,1,
10,2,0,0,1,2,2,1,3,3,0,2,1,2,2,3,2,0,1,2,1,
10,2,0,0,1,1,2,2,3,3,0,2,1,2,2,3,2,0,1,2,1,
12,2,0,0,1,2,2,1,3,3,0,2,1,2,2,3,2,0,1,2,1,
10,2,0,0,1,2,2,1,3,3,0,2,1,2,2,3,2,0,1,2,1,
10,3,0,0,1,2,2,2,3,3,0,2,1,2,2,3,2,0,1,2,2,
10,3,0,0,1,2,2,2,3,3,0,2,2,2,2,3,2,0,1,2,2,
10,3,0,0,1,2,2,2,3,3,0,2,1,2,2,3,2,0,1,2,2,
10,3,0,0,1,2,2,2,3,3,0,2,2,2,2,3,2,0,1,2,2,
10,3,0,0,1,2,2,2,3,3,0,2,2,2,2,3,2,0,1,2,2,
11,3,0,0,1,2,2,2,3,3,0,2,2,2,2,3,2,0,2,3,2,
10,3,0,0,1,2,2,2,3,3,0,2,2,2,2,3,2,0,2,2,2,
13,6,3,0,1,2,5,5,6,6,0,2,2,5,5,6,2,3,4,5,2,
11,3,0,0,2,2,2,2,3,3,0,2,2,2,2,3,3,0,2,2,1,
11,3,0,0,2,2,2,2,3,3,0,2,2,2,2,3,2,0,2,2,2,
11,3,0,0,2,2,2,2,3,3,1,2,2,2,2,3,2,0,2,2,2,
12,4,0,0,2,2,4,2,5,5,1,2,2,4,2,5,2,0,1,4,2,
11,3,0,1,2,2,2,2,3,3,1,2,2,2,2,4,2,0,2,2,2,
11,3,0,1,2,2,2,2,3,3,1,2,2,2,2,3,2,0,2,3,2,
11,3,0,1,2,2,2,2,3,3,1,2,2,2,2,4,2,0,2,3,2,
11,3,0,1,2,2,2,2,3,3,1,3,2,2,2,4,2,0,2,2,2,
13,3,0,4,5,5,2,2,3,3,4,5,5,2,2,4,5,0,2,2,5,
12,3,0,0,1,1,1,1,2,4,0,2,1,1,1,2,1,0,1,2,1,
11,3,0,1,2,2,2,2,3,3,1,2,2,2,2,4,2,0,2,3,2,
11,3,0,1,2,2,2,2,3,4,1,2,2,3,2,4,2,0,2,3,2,
11,3,1,1,2,2,2,3,3,4,1,2,2,2,3,4,2,0,3,2,2,
11,2,0,0,1,1,1,1,2,2,0,2,1,1,1,3,1,0,1,2,1,
11,3,1,1,2,2,3,2,3,4,1,3,2,3,2,4,2,0,2,3,2,
11,3,0,1,2,2,2,2,3,3,1,3,2,2,2,4,2,0,2,3,2,
13,3,1,1,2,2,3,2,3,4,1,3,2,3,2,4,2,0,2,3,2,
11,3,1,1,2,2,3,2,3,4,1,3,2,3,2,4,2,0,2,3,2,
10,3,1,1,2,2,3,2,3,4,1,3,2,3,2,4,2,0,2,3,2,
10,3,1,1,2,2,3,2,3,4,1,3,2,3,2,4,3,0,2,3,2,
10,3,1,1,2,2,3,2,4,4,1,3,2,3,3,4,2,0,2,3,2,
10,2,0,0,1,1,2,2,3,3,0,2,1,2,2,3,1,0,1,2,1,
12,2,0,0,1,2,2,2,3,3,0,2,1,2,2,3,2,0,1,2,1,
10,2,0,0,1,2,2,1,3,3,0,2,1,2,2,3,2,0,1,2,1,
11,2,0,0,3,2,2,1,3,3,0,2,4,2,2,3,4,0,1,2,1,
12,5,0,0,1,2,4,1,5,5,0,2,1,4,1,5,2,0,1,4,1,
13,5,0,0,4,4,4,4,5,4,0,4,4,4,4,6,4,0,4,4,4,
10,2,0,0,1,2,2,2,3,3,0,2,1,2,2,3,2,0,1,2,2,
10,3,0,0,1,2,2,2,3,3,0,2,1,2,2,3,2,0,1,2,2,
11,3,0,1,2,2,2,2,3,3,1,3,2,2,2,4,2,0,2,3,2,
10,3,0,0,2,2,2,2,3,3,0,2,2,2,2,3,2,0,2,2,2,
10,3,0,0,2,2,2,2,3,3,0,2,2,2,2,3,2,0,1,2,2,
11,3,0,0,1,2,2,2,3,3,0,2,1,2,2,3,2,0,1,2,2,
11,3,0,0,2,2,2,2,3,3,0,2,2,2,2,3,2,0,2,2,2,
11,3,0,0,2,2,2,2,3,3,0,2,2,2,2,3,2,0,2,2,2,
11,3,0,0,1,4,2,2,3,3,0,4,2,2,2,3,2,0,2,3,4,
11,2,0,0,1,2,2,1,3,3,0,2,1,2,2,3,2,0,1,2,1,
11,3,0,1,2,2,2,2,3,3,1,2,2,2,2,3,2,0,2,2,2,
11,3,0,1,2,2,2,2,3,3,1,2,2,2,2,4,2,0,2,2,2,
11,3,0,0,2,2,2,2,3,3,1,2,2,2,2,3,2,0,2,2,2,
11,3,0,1,2,2,2,2,3,3,1,2,2,2,2,4,2,0,2,2,2,
12,3,0,1,2,2,2,2,3,3,1,2,2,2,2,4,2,0,2,3,2,
14,3,0,1,2,2,2,2,3,3,1,3,2,2,2,4,2,0,2,2,2,
11,3,0,1,2,2,3,2,3,3,1,3,2,2,2,4,2,0,2,3,2,
11,3,0,1,2,2,2,2,3,4,1,2,2,2,2,4,2,0,2,3,2,
11,3,1,1,2,2,2,2,3,4,1,3,2,2,2,4,2,0,2,2,2,
11,3,1,1,2,2,3,2,3,4,1,3,2,3,2,4,2,0,2,3,2,
11,3,1,1,2,2,2,2,3,4,1,3,2,2,2,4,2,0,2,2,2,
11,3,1,1,2,2,2,2,3,4,1,3,2,3,3,4,2,0,2,2,2,
10,3,1,1,2,2,3,2,4,4,1,3,2,3,2,4,2,0,2,3,2,
11,3,1,1,2,2,3,2,4,4,1,3,5,3,2,4,5,0,2,3,2,
13,5,1,1,2,2,5,3,6,6,1,3,2,6,3,7,2,0,3,6,2,
10,2,0,0,1,2,2,1,3,3,0,2,1,2,2,3,2,0,1,2,1,
10,3,0,0,1,2,2,1,3,3,0,2,1,2,2,3,2,0,1,2,1,
10,3,0,0,1,2,2,2,3,3,0,2,1,2,2,3,2,0,1,2,2,
13,3,0,1,2,2,2,2,3,3,1,2,2,2,2,4,2,0,2,2,2,
10,3,0,0,1,2,2,1,3,3,0,2,2,2,2,3,2,0,1,2,2,
10,3,0,0,2,2,2,2,3,3,0,2,2,2,2,3,2,0,2,2,2,
11,3,1,0,2,2,2,2,3,3,0,2,2,2,3,3,2,0,2,3,2,
11,3,0,0,1,2,2,2,3,3,0,2,2,2,2,3,2,0,1,2,2,
10,3,0,0,2,2,2,2,3,3,0,2,2,2,2,3,2,0,2,2,2,
13,3,0,0,2,6,2,2,3,3,0,6,2,2,2,5,2,0,2,2,5,
13,3,0,1,2,2,2,2,3,4,1,3,2,2,2,4,2,0,2,2,2,
11,3,0,0,2,2,2,2,3,3,1,2,2,2,2,3,2,0,1,2,2,
12,3,0,0,2,2,2,2,3,3,0,3,2,2,2,3,2,0,2,2,2,
11,3,0,1,2,2,2,2,3,3,1,2,2,2,2,4,2,0,2,3,2,
11,3,0,1,2,2,2,2,3,3,1,2,2,2,2,4,2,0,2,3,2,
14,3,0,1,2,2,2,2,3,4,1,2,2,2,2,4,2,0,2,3,2,
11,3,0,1,2,2,2,2,3,3,1,2,2,2,2,4,2,0,2,3,2,
11,3,0,1,2,2,2,2,3,3,1,2,2,3,2,4,2,0,2,3,2,
11,3,0,1,2,2,2,2,3,4,1,2,2,2,2,4,2,0,2,2,2,
11,3,1,1,2,2,2,2,3,4,1,2,2,2,2,4,2,0,2,3,2,
14,3,0,1,2,2,2,2,3,3,1,3,2,2,2,4,2,0,2,3,2,
11,3,1,1,2,2,3,2,3,4,1,3,2,3,2,4,2,0,2,3,2,
11,3,1,1,2,2,3,2,3,4,1,3,2,3,2,4,2,0,2,3,2,
10,2,0,0,1,1,2,1,3,3,0,2,1,2,1,3,2,0,1,2,1,
10,2,0,0,1,2,2,1,3,3,0,2,1,2,2,3,2,0,1,2,1,
10,2,0,0,1,2,2,1,3,3,0,2,1,2,2,3,2,0,1,2,1,
10,2,0,0,1,2,2,1,3,3,0,2,1,2,2,3,2,0,1,2,1,
10,2,0,0,1,2,2,2,3,3,0,2,1,2,2,3,2,0,1,2,2,
10,3,0,0,1,2,2,2,3,3,0,2,1,2,2,3,2,0,1,2,2,
11,3,0,3,3,4,2,1,3,3,3,4,4,2,2,3,4,0,1,3,4,
10,3,0,0,1,2,2,2,3,3,0,2,2,2,2,3,2,0,1,2,2,
10,3,0,0,2,2,2,2,3,3,0,2,2,2,2,3,2,0,2,2,2,
11,3,0,0,2,2,2,2,3,3,0,2,2,2,2,3,2,0,2,3,2,
11,3,0,0,2,2,2,2,3,3,0,2,2,2,2,3,2,0,2,3,2,
11,3,0,0,1,2,2,2,3,3,0,2,2,2,2,3,2,0,2,3,2,
11,3,0,0,1,2,2,2,3,3,1,2,2,2,2,3,2,0,2,2,2,
11,3,0,1,2,2,2,2,3,3,1,2,2,2,2,4,2,0,2,3,2,
11,3,0,1,2,2,2,2,3,3,1,2,2,2,2,4,2,0,2,3,2,
11,3,1,1,2,3,3,2,3,4,1,3,3,3,3,4,3,0,2,3,2,
11,3,1,1,2,2,3,2,4,4,1,3,2,3,3,4,2,0,2,3,2,
11,3,0,1,2,2,2,2,3,3,1,2,2,2,2,4,2,0,2,3,2,
11,3,0,1,2,2,2,2,3,3,1,3,2,2,2,4,2,0,2,3,2,
11,3,0,1,2,2,2,2,3,4,1,3,2,2,2,4,2,0,2,3,2,
11,3,1,1,2,2,2,2,3,4,1,3,2,2,2,4,2,0,2,3,2,
11,3,0,1,2,2,3,2,3,4,1,3,2,3,2,4,2,0,2,3,2,
11,3,1,1,2,2,3,2,3,4,1,3,2,3,2,4,2,0,2,3,2,
13,4,2,0,1,1,3,4,4,4,0,2,1,3,4,5,1,2,3,4,1,
11,2,0,0,1,1,2,1,3,3,0,2,1,2,1,3,1,0,1,2,1,
10,3,1,1,2,2,3,2,4,4,1,3,2,3,2,4,3,0,2,3,2,
11,3,0,0,1,2,2,2,3,3,0,2,2,2,2,4,2,0,2,2,2,
10,2,0,0,1,1,2,1,3,3,0,2,1,2,1,3,2,0,1,2,1,
10,2,0,0,1,2,2,1,3,3,0,2,1,2,2,3,1,0,1,2,1,
10,2,0,0,1,2,2,1,3,3,0,2,1,2,2,3,2,0,1,2,1,
11,3,0,0,1,2,2,1,3,3,0,2,1,2,2,3,2,0,1,2,2,
11,3,0,0,2,2,2,2,3,3,0,2,2,2,2,3,2,0,2,2,2,
12,3,0,3,4,5,2,1,3,3,3,5,4,2,2,3,5,0,1,2,4,
12,4,0,0,1,2,2,2,3,5,0,2,2,2,2,3,2,0,1,2,2,
11,3,0,0,1,2,2,2,3,3,0,2,2,2,2,3,2,0,1,3,2,
11,3,0,0,1,2,2,2,3,3,0,2,2,2,2,3,2,0,2,2,2,
13,3,0,1,3,2,2,5,3,3,1,2,3,2,5,5,3,0,3,2,2,
12,3,1,0,1,1,3,2,4,4,0,1,1,3,2,4,1,0,2,3,1,
11,3,0,0,2,2,2,2,3,3,1,2,2,2,2,4,2,0,2,2,2,
11,3,0,1,2,2,2,2,3,3,1,3,2,2,2,3,2,0,2,2,2,
11,3,0,1,2,3,2,2,3,3,1,3,2,2,2,3,2,0,2,2,2,
11,3,0,1,2,2,2,2,3,4,1,3,2,2,2,4,2,0,2,2,2,
11,3,0,1,2,2,2,2,3,3,1,3,2,2,2,4,2,0,2,3,2,
11,3,0,1,2,2,2,2,3,3,1,2,2,2,2,4,2,0,2,3,2,
11,3,0,1,2,2,2,2,3,3,1,2,2,2,2,4,2,0,2,2,2,
11,3,0,1,2,2,3,2,4,4,1,2,2,3,2,4,2,0,1,3,2,
11,3,0,1,2,2,2,2,3,3,1,2,2,2,2,4,2,0,2,3,2,
11,3,0,1,2,2,2,2,3,3,1,3,2,2,2,4,2,0,2,3,2,
11,3,0,1,2,2,2,2,4,4,1,2,2,2,2,4,2,0,2,3,2,
11,3,0,1,2,3,3,2,4,4,1,3,2,3,3,4,2,0,2,3,2,
11,4,0,4,4,4,3,4,5,4,4,4,4,4,3,5,4,0,4,4,3,
10,3,0,0,1,2,2,1,3,3,0,2,1,2,2,3,1,0,1,2,1,
10,3,0,1,2,3,3,2,4,4,1,3,2,3,2,4,2,0,2,3,2,
10,2,0,0,1,2,2,1,3,3,0,2,2,2,2,3,2,0,1,2,2,
10,2,0,0,1,2,2,1,3,3,0,2,1,2,2,3,2,0,1,2,1,
10,2,0,0,1,2,2,2,3,3,0,2,1,2,2,3,2,0,1,2,2,
10,3,0,0,1,2,2,1,3,3,0,2,1,2,2,3,2,0,1,2,1,
12,3,0,0,1,2,2,2,3,3,0,2,1,2,2,3,2,0,1,2,2,
11,3,0,0,2,2,2,2,3,3,0,2,2,2,2,3,2,0,1,2,2,
13,6,0,0,1,2,2,1,3,6,0,2,1,2,2,3,2,0,1,2,2,
11,3,0,0,1,2,2,2,3,3,0,2,2,2,2,3,2,0,2,2,2,
11,3,0,0,1,4,2,2,3,3,0,4,2,2,2,3,2,0,2,2,4,
11,3,0,0,2,2,2,3,3,3,1,2,2,2,3,3,2,0,3,2,2,
11,3,0,0,2,2,2,2,3,3,1,2,2,2,2,3,2,0,2,2,2,
11,3,0,0,1,2,2,2,3,3,1,2,2,2,2,3,2,0,2,3,2,
11,3,0,1,2,2,2,2,3,3,1,2,2,2,2,4,2,0,2,3,2,
12,3,0,1,2,2,2,2,3,3,1,2,2,2,2,4,2,0,2,3,2,
11,3,0,1,2,2,2,2,3,3,1,2,2,2,2,4,2,0,2,2,2,
11,3,0,1,2,2,2,2,3,3,1,2,2,2,2,4,2,0,2,3,2,
36,5,0,0,1,2,2,2,3,6,0,2,1,2,2,3,2,0,1,2,2,
11,3,0,1,2,2,2,2,3,3,1,2,2,2,2,4,2,0,2,2,2,
11,3,0,1,2,2,2,2,3,3,1,2,2,2,2,4,2,0,2,2,2,
11,3,0,1,2,2,2,2,3,3,1,2,2,2,2,4,2,0,2,2,2,
11,3,0,1,2,2,2,2,3,3,1,3,2,2,2,4,2,0,2,3,2,
11,3,0,1,2,2,2,2,3,3,1,2,2,2,2,4,3,0,2,3,2,
10,3,0,1,2,2,3,2,3,4,1,3,2,3,2,4,2,0,2,3,2,
11,0,0,0,0,0,0,0,1,0,0,0,0,0,0,1,0,0,0,0,0,
10,3,0,1,2,2,3,2,3,4,1,3,2,3,2,4,2,0,2,3,2,
10,3,1,1,2,2,3,2,4,4,1,3,2,3,2,4,2,0,2,3,2,
10,2,0,0,1,2,2,1,3,3,0,2,1,2,1,3,2,0,1,2,1,
10,2,0,0,1,2,2,1,3,3,0,2,1,2,2,3,2,0,1,2,1,
10,2,0,0,1,2,2,1,3,3,0,2,1,2,2,3,2,0,1,2,2,
10,3,0,0,1,2,2,1,3,3,0,2,1,2,2,3,2,0,1,2,2,
12,3,0,0,1,2,2,2,3,3,0,2,1,2,2,3,2,0,1,2,2,
10,3,0,0,1,2,2,1,3,3,0,2,1,2,2,3,2,0,1,2,1,
13,6,0,0,1,2,2,2,3,6,0,2,2,2,2,3,2,0,1,2,2,
10,3,0,0,2,2,2,2,3,3,0,2,2,2,2,3,2,0,2,2,2,
10,3,0,0,1,2,2,2,3,3,0,2,2,2,2,3,2,0,1,2,2,
11,3,0,0,1,2,2,3,3,3,0,2,2,2,3,3,2,0,3,2,2,
10,3,0,0,2,2,2,2,3,3,1,2,2,2,2,3,2,0,2,2,2,
10,3,0,0,2,2,2,2,3,3,1,2,2,2,2,3,2,0,2,2,2,
12,3,0,1,2,2,2,2,3,3,1,2,2,2,2,3,2,0,2,2,2,
13,3,0,0,2,2,2,2,3,3,1,2,2,2,2,3,2,0,2,2,2,
11,3,0,1,2,2,2,2,3,3,1,2,2,2,2,3,2,0,2,2,2,
11,3,0,1,2,2,2,2,3,3,1,2,2,2,2,4,2,0,2,2,2,
11,3,0,1,2,2,2,2,3,3,1,2,2,2,2,3,2,0,2,2,2,
11,3,0,1,2,2,2,2,3,3,1,2,2,2,2,4,2,0,2,2,2,
11,3,0,1,2,2,2,2,3,3,1,3,2,2,2,4,2,0,2,2,2,
11,3,0,1,2,2,2,2,3,3,1,3,2,2,2,4,2,0,2,3,2,
11,3,0,1,2,2,2,2,3,3,1,3,2,2,2,4,2,0,2,2,2,
10,2,0,0,1,2,2,1,3,3,0,2,1,2,2,3,2,0,1,2,2,
11,3,0,1,2,2,3,4,3,4,1,3,2,3,5,4,2,0,4,3,2,
11,1,0,0,0,0,1,0,1,2,0,1,0,1,0,2,0,0,0,1,0,
10,3,1,1,2,3,3,2,4,4,1,3,2,3,2,4,3,0,2,3,3,
10,3,0,1,2,3,3,2,4,4,1,3,2,3,2,4,3,1,2,3,2,
10,2,0,0,1,2,2,1,3,3,0,2,1,2,2,3,2,0,1,2,2,
10,2,0,0,1,2,2,1,3,3,0,2,1,2,2,3,2,0,1,2,2,
10,2,0,0,1,2,2,1,3,3,0,2,2,2,2,3,2,0,1,2,2,
10,2,0,0,1,2,2,1,3,3,0,2,1,2,2,3,2,0,1,2,1,
