31,6,0,4,6,8,5,4,7,7,5,8,7,5,5,8,7,0,4,5,7,
39,7,0,1,3,4,4,4,5,7,1,5,4,4,4,29,4,0,4,5,4,
18,5,0,1,3,4,4,4,6,6,1,5,4,4,4,7,4,0,4,5,4,
37,4,0,0,2,3,4,3,5,5,1,4,3,4,4,6,25,0,3,4,3,
17,4,0,0,3,4,3,5,5,5,1,4,3,3,5,6,3,0,5,4,3,
17,5,0,0,3,4,4,3,5,5,1,4,3,4,4,6,3,0,3,4,3,
17,5,0,0,2,4,4,3,5,5,1,4,2,3,3,6,3,0,3,4,4,
17,5,0,0,3,4,4,3,5,5,1,4,3,3,4,6,3,0,3,4,3,
37,5,0,1,3,4,4,3,6,5,1,4,3,3,4,6,3,0,3,25,4,
18,5,0,1,2,4,4,6,6,5,1,4,3,4,6,6,3,0,6,4,3,
36,5,0,1,3,4,25,3,6,6,1,4,3,3,4,6,3,0,3,4,3,
37,5,0,1,2,6,4,3,6,5,1,7,3,4,26,6,3,0,3,5,6,
18,5,0,1,3,4,4,4,6,6,1,4,3,4,4,6,3,0,3,4,3,
38,5,0,1,3,4,4,3,6,6,1,27,3,4,4,6,3,0,3,4,4,
18,5,0,1,3,4,4,3,6,6,1,4,3,4,4,6,3,0,3,4,4,
18,5,0,1,3,4,4,3,6,6,1,4,3,4,4,7,3,0,3,4,4,
17,5,0,1,3,4,4,3,6,6,1,4,3,4,4,7,3,0,3,4,4,
17,5,0,1,3,4,4,3,6,6,1,4,3,4,4,7,4,0,3,4,4,
18,5,0,1,3,4,4,4,6,6,2,5,3,4,4,7,3,0,3,5,4,
17,5,0,1,3,4,4,4,6,6,1,4,3,4,4,7,4,0,3,5,4,
39,5,23,1,3,4,4,4,6,28,2,4,3,4,4,7,3,0,3,5,4,
17,5,0,0,2,3,3,3,5,6,1,4,3,3,4,6,3,0,3,4,3,
17,5,0,1,3,4,4,4,6,6,2,5,3,4,4,7,4,0,4,5,4,
17,5,0,1,3,4,4,4,6,6,2,5,3,4,4,7,4,0,4,5,4,
36,5,0,1,4,4,4,4,6,6,2,5,25,4,4,7,4,0,4,5,4,
17,5,0,1,4,4,4,4,6,6,2,5,4,4,4,7,4,0,4,5,4,
17,6,0,1,4,4,4,4,6,6,2,5,4,4,4,7,4,0,4,5,4,
17,4,0,0,2,4,4,3,5,5,1,4,2,3,3,6,3,0,3,4,3,
17,5,0,0,2,4,3,3,5,5,1,4,2,3,3,6,3,0,3,4,3,
17,5,0,0,2,4,3,3,5,5,1,4,3,3,4,6,3,0,3,4,3,
17,5,0,1,2,4,3,3,5,5,1,4,3,3,4,6,3,0,3,4,3,
17,5,0,0,5,4,4,3,5,5,1,4,5,3,4,6,5,0,3,4,3,
21,7,2,0,1,3,6,5,8,7,0,3,2,6,6,8,2,2,5,6,2,
20,7,0,1,2,7,7,3,8,7,1,7,3,7,7,9,3,0,3,7,4,
17,5,0,1,3,4,4,3,6,5,1,4,3,3,4,6,3,0,3,4,4,
18,5,0,1,3,4,4,3,6,6,1,5,3,4,4,7,3,0,3,4,4,
34,5,0,1,3,4,4,3,6,5,23,4,3,3,4,6,3,0,3,4,4,
18,5,0,1,3,4,4,4,6,6,2,5,4,4,4,7,4,0,3,5,4,
18,5,0,1,3,4,4,3,6,5,1,4,3,4,4,6,3,0,3,4,4,
18,5,0,1,3,4,4,3,6,6,1,4,3,4,4,7,4,0,3,4,4,
18,5,0,1,3,4,4,4,6,6,1,5,4,4,4,7,4,0,3,5,4,
20,5,0,1,3,4,4,3,6,6,1,4,3,4,4,6,4,0,3,4,4,
19,7,0,1,3,4,6,3,8,8,1,5,3,6,4,9,3,0,3,7,4,
17,5,0,1,3,4,4,4,6,6,1,5,3,4,4,7,4,0,3,5,4,
17,5,0,1,3,4,4,4,6,6,2,5,4,4,4,7,4,0,3,5,4,
17,5,0,1,3,4,4,4,6,6,1,5,4,4,4,7,4,0,3,5,4,
18,5,1,5,6,7,4,4,6,6,5,8,6,4,4,7,7,0,3,5,7,
17,6,1,1,3,4,4,4,5,7,1,5,4,4,4,6,4,0,4,4,4,
18,4,0,0,3,3,3,3,5,5,1,4,3,3,3,6,3,0,3,4,3,
17,5,0,1,3,4,4,4,6,5,2,5,4,4,4,7,4,0,4,5,4,
17,6,1,1,4,5,4,6,6,6,2,5,4,4,7,7,4,0,6,5,4,
17,5,0,1,3,4,4,4,6,6,2,5,4,4,4,7,4,0,4,5,4,
18,5,1,1,3,7,4,4,6,6,2,7,4,4,5,7,4,0,4,5,7,
17,6,1,1,3,5,4,4,6,6,2,5,4,4,4,7,4,0,4,5,4,
17,5,1,1,3,4,4,4,6,6,2,5,4,4,4,7,4,0,4,5,4,
17,5,0,0,2,4,3,3,5,5,1,4,3,3,4,6,3,0,3,4,3,
17,5,0,1,3,4,4,3,5,5,1,4,3,4,4,6,4,0,3,4,4,
17,5,0,1,3,4,3,3,5,5,1,4,3,4,4,6,3,0,3,4,3,
20,5,0,1,3,4,3,3,5,5,1,4,3,3,4,6,3,0,3,4,4,
18,4,0,1,2,4,4,3,6,5,1,4,3,4,4,6,3,0,3,4,3,
18,5,0,1,3,4,4,3,6,5,1,4,3,4,4,6,3,0,3,4,4,
18,5,0,1,2,4,4,3,6,6,1,4,3,4,4,6,3,0,3,4,4,
18,5,0,1,3,4,4,3,6,5,1,5,3,4,4,6,3,0,3,4,4,
18,5,0,1,3,4,4,3,6,6,1,4,3,4,4,6,3,0,3,4,4,
18,5,0,1,3,4,4,3,6,6,1,4,3,4,4,6,3,0,3,4,4,
18,5,0,1,3,4,4,4,6,6,1,5,3,4,4,7,4,0,3,5,4,
18,5,0,1,3,4,4,4,6,6,1,5,3,4,4,7,4,0,3,5,4,
17,5,0,1,3,4,4,4,6,6,1,5,4,4,4,7,4,0,3,4,4,
17,5,0,1,5,4,4,4,6,6,1,4,5,4,4,7,5,0,3,5,4,
17,5,0,1,3,4,4,4,6,6,1,5,4,4,4,7,4,0,3,5,4,
17,5,0,1,3,4,4,4,6,6,2,5,3,4,4,7,3,0,3,4,4,
18,7,0,1,3,4,6,3,8,7,2,5,3,5,4,8,3,0,3,6,4,
17,5,1,1,3,4,4,4,6,6,2,5,4,4,4,7,4,0,4,5,4,
20,5,0,1,3,4,4,4,6,6,2,5,3,4,4,7,4,0,3,5,4,
19,6,1,1,6,6,6,6,8,6,2,6,6,6,6,8,6,0,6,6,6,
17,5,1,1,3,4,4,4,6,6,2,5,4,4,4,7,4,0,4,5,4,
17,5,1,1,3,5,4,4,6,6,2,5,4,4,4,7,4,0,4,5,4,
17,4,0,0,3,4,3,3,5,5,1,4,3,3,3,6,3,0,3,4,3,
18,6,0,1,3,5,5,4,7,6,2,5,4,5,5,7,4,0,4,5,4,
17,5,1,1,4,5,4,4,6,6,2,5,4,4,4,7,4,0,4,5,4,
17,5,0,0,2,4,4,4,5,5,1,4,3,3,5,6,3,0,4,4,3,
17,4,0,0,3,4,3,3,5,5,1,4,3,3,3,6,3,0,3,4,3,
20,5,0,1,3,4,4,4,6,6,2,5,3,4,4,7,3,0,3,5,4,
21,8,0,1,3,4,7,3,9,8,1,4,3,7,4,9,3,0,3,7,3,
17,5,0,1,3,4,4,3,6,5,1,4,3,4,4,6,3,0,3,4,4,
18,5,0,1,3,4,4,3,6,6,1,4,3,3,4,6,4,0,3,4,4,
18,5,0,1,3,4,4,3,6,5,1,4,3,4,4,6,3,0,3,4,4,
21,5,0,4,6,7,4,4,5,5,4,7,6,4,4,6,6,0,3,4,7,
18,6,0,1,3,4,3,3,5,7,1,4,3,3,4,6,4,0,3,4,4,
18,5,0,1,3,5,4,4,6,6,2,5,4,4,4,7,4,0,4,5,4,
18,5,0,1,3,4,4,3,6,6,1,5,3,4,4,7,3,0,3,4,4,
17,4,0,1,3,4,4,4,6,5,1,5,4,4,4,6,4,0,4,4,4,
18,5,0,0,3,4,4,3,5,5,1,4,3,4,4,6,3,0,3,4,3,
19,5,0,1,3,4,4,4,6,5,1,5,3,4,4,7,4,0,4,5,4,
17,5,0,1,3,4,4,4,6,6,1,5,4,4,4,7,4,0,3,5,4,
17,6,1,1,4,5,4,4,6,6,2,5,4,4,4,7,4,0,4,5,4,
17,5,0,1,3,4,4,7,6,5,2,5,3,4,7,7,3,0,6,5,4,
17,5,1,1,3,4,4,4,6,6,2,5,3,4,4,7,3,0,4,5,4,
18,5,0,1,4,7,4,4,6,6,2,8,4,4,4,7,4,0,4,5,7,
17,5,0,1,4,4,5,4,6,5,1,5,4,4,4,7,4,0,4,5,4,
17,5,1,1,3,4,4,4,6,6,2,5,4,4,4,7,4,0,4,5,4,
17,5,0,1,3,5,4,4,6,6,2,5,4,4,4,7,4,0,4,5,4,
17,5,1,1,3,5,4,4,6,6,2,5,3,4,4,7,4,0,4,5,4,
18,5,0,0,3,4,3,3,6,5,1,4,3,3,3,6,3,0,3,4,3,
17,5,0,1,3,4,4,3,6,5,1,4,3,4,4,6,4,0,3,4,4,
17,5,0,0,3,6,3,3,5,5,1,6,3,4,4,6,4,0,3,4,5,
17,4,0,0,3,4,3,3,5,5,1,4,3,3,4,6,3,0,3,4,3,
17,5,0,1,3,4,4,3,5,5,1,4,3,3,4,6,3,0,3,4,3,
18,7,0,1,3,4,4,3,5,7,1,4,3,4,4,6,3,0,3,4,4,
20,4,0,1,4,4,4,4,6,5,1,4,4,4,4,6,4,0,4,4,4,
19,5,0,1,3,4,4,3,6,5,1,4,3,4,4,6,4,0,3,4,4,
18,5,0,3,5,6,4,3,6,5,3,6,5,4,4,6,5,0,3,4,6,
18,5,0,1,3,4,4,3,6,5,1,5,3,4,4,6,3,0,3,4,4,
18,5,0,1,3,4,4,3,6,5,1,5,3,4,4,7,3,0,3,4,4,
18,5,0,1,3,4,4,3,6,6,1,5,3,4,4,7,3,0,3,4,4,
18,5,0,1,3,4,4,4,6,6,1,5,4,4,4,7,4,0,3,5,4,
18,5,0,1,3,4,4,3,6,6,1,5,4,4,4,7,4,0,3,4,4,
18,5,0,1,3,4,4,4,6,6,1,5,4,4,4,7,4,0,3,5,4,
17,5,0,1,4,3,4,4,6,6,1,4,4,4,4,7,5,0,3,5,3,
20,5,0,1,3,4,4,3,6,5,1,5,3,4,4,6,3,0,3,4,4,
19,6,0,1,6,6,6,6,7,6,1,6,6,6,6,8,6,0,6,6,6,
19,5,0,1,3,4,4,4,6,6,2,5,4,4,4,7,4,0,3,5,4,
17,5,0,1,3,4,4,4,6,5,2,5,4,4,4,7,4,0,4,5,4,
18,5,0,1,3,4,4,3,6,5,1,5,3,4,4,6,3,0,3,4,4,
19,6,0,1,3,4,6,3,8,7,2,5,4,6,3,8,4,0,2,6,4,
17,5,0,1,3,5,4,4,6,6,2,5,4,4,4,7,4,0,4,5,4,
17,5,1,1,3,4,4,4,6,6,1,5,4,4,4,7,4,0,4,5,4,
17,6,1,1,3,5,4,4,6,6,2,5,4,5,4,7,4,0,4,5,4,
19,4,0,4,7,7,3,3,5,5,5,8,7,3,4,6,7,0,3,4,7,
17,5,0,0,3,4,3,3,5,6,1,4,3,4,3,6,3,0,3,4,3,
17,5,0,0,3,4,3,3,5,5,1,4,3,4,3,6,3,0,3,4,3,
17,5,0,0,3,4,4,3,5,5,1,4,3,4,4,6,3,0,3,4,4,
17,5,0,0,3,4,4,3,5,5,1,4,3,4,4,6,3,0,3,4,4,
18,5,0,1,3,4,4,3,5,5,1,4,3,4,4,6,3,0,3,4,3,
19,8,0,0,3,4,4,3,5,8,1,4,3,3,4,6,3,0,3,4,3,
21,5,0,1,3,4,4,3,6,5,1,4,3,4,4,6,3,0,3,4,4,
18,5,0,1,3,4,4,3,6,6,1,4,3,4,4,6,4,0,3,4,4,
18,5,0,1,3,4,4,6,6,5,1,4,3,4,6,6,4,0,5,4,4,
18,5,0,1,3,4,4,3,6,6,1,4,3,4,4,6,3,0,3,4,4,
18,5,0,1,3,5,4,3,6,5,1,6,3,4,4,6,3,0,3,4,5,
18,5,0,1,3,4,4,3,6,6,1,5,3,4,4,7,3,0,3,5,4,
18,5,0,1,3,4,4,3,6,6,1,4,3,4,4,6,4,0,3,4,4,
18,5,0,1,3,4,4,3,6,6,1,5,3,4,7,7,3,0,3,4,4,
18,5,0,1,3,4,4,4,6,6,1,5,4,4,4,7,4,0,3,4,4,
17,5,0,1,3,4,4,4,6,6,1,5,4,4,4,7,4,0,3,4,4,
17,5,0,1,3,4,4,4,6,6,1,5,3,4,4,7,3,0,3,5,4,
17,5,0,1,3,4,4,4,6,6,2,5,3,4,4,7,4,0,3,5,4,
17,5,0,1,3,4,4,4,6,6,2,5,3,4,4,7,4,0,3,5,4,
17,5,0,1,3,4,4,4,6,6,2,5,4,4,4,7,4,0,4,5,4,
17,5,0,1,3,4,4,4,6,6,2,5,3,4,4,7,4,0,3,5,4,
17,5,1,1,3,4,4,4,6,6,2,5,3,4,4,7,4,0,4,5,4,
18,5,0,1,3,4,4,4,6,6,2,5,3,4,4,7,4,0,4,5,4,
17,5,1,1,3,4,4,4,6,6,2,5,4,4,4,7,4,0,4,5,4,
17,6,0,1,4,5,4,4,6,6,2,5,4,4,4,7,4,0,4,5,4,
17,5,0,0,3,4,4,3,5,5,1,4,3,4,4,6,3,0,3,4,4,
17,5,0,0,2,4,4,3,5,5,1,4,3,3,4,6,3,0,3,4,3,
17,5,0,0,3,4,3,3,5,5,1,4,3,4,4,6,3,0,3,4,3,
17,4,0,0,3,4,3,3,5,5,1,4,3,4,4,6,3,0,3,4,3,
18,5,0,1,3,4,4,3,6,5,1,4,3,3,4,6,3,0,3,4,4,
17,5,0,1,3,4,4,3,6,5,1,4,3,4,4,6,4,0,3,4,3,
19,5,0,0,2,4,3,3,5,5,1,4,3,3,4,6,3,0,3,4,3,
39,5,0,1,3,4,4,3,6,6,2,5,3,4,4,7,3,0,3,5,4,
18,5,0,1,3,4,4,3,6,6,1,4,3,4,4,6,3,0,3,4,4,
18,5,0,1,3,4,4,3,6,5,1,4,3,4,4,6,3,0,3,4,4,
18,5,0,1,6,4,4,3,6,5,1,4,6,3,4,6,6,0,3,4,4,
20,6,2,0,2,3,5,5,7,7,0,3,2,5,5,7,3,2,5,5,3,
21,5,0,1,3,4,4,3,8,8,1,5,3,4,4,9,4,0,3,4,4,
18,5,0,1,3,4,4,3,6,5,1,4,3,4,4,6,3,0,3,4,4,
18,5,0,1,3,4,4,3,6,6,1,4,3,4,4,6,3,0,3,4,4,
20,5,0,1,3,4,4,4,6,6,2,5,3,4,4,7,3,0,3,5,4,
20,7,0,1,3,4,7,3,9,8,1,4,3,7,4,9,4,0,3,7,4,
17,5,0,1,3,4,4,4,6,5,1,5,4,4,4,7,4,0,3,4,4,
17,5,0,1,3,4,4,4,6,6,1,4,3,4,4,7,3,0,3,4,4,
17,5,0,1,3,4,4,4,6,6,1,5,3,4,4,7,3,0,3,4,4,
17,5,0,1,3,4,4,4,6,5,1,5,4,4,4,7,4,0,3,5,4,
19,8,0,1,3,4,4,4,6,9,1,5,3,4,4,7,4,0,3,4,4,
17,5,0,1,3,4,4,4,6,6,2,5,3,4,4,7,4,0,3,5,4,
17,5,0,1,3,4,4,4,6,6,2,5,3,4,4,7,3,0,3,5,4,
17,5,0,1,3,4,4,6,6,6,2,5,4,4,7,7,4,0,6,5,4,
17,5,0,1,3,5,4,4,6,6,2,5,4,4,5,7,4,0,4,5,4,
17,5,1,1,3,6,4,4,6,6,2,7,4,4,4,7,4,0,4,5,6,
17,5,1,2,3,5,4,4,6,6,2,5,3,5,4,7,4,0,4,5,4,
17,5,0,1,4,4,4,4,6,6,2,5,4,4,4,7,4,0,4,5,4,
18,5,0,0,3,4,4,6,5,5,1,4,3,4,6,6,3,0,6,4,3,
17,5,0,1,2,4,3,3,5,5,1,4,3,3,4,6,3,0,3,4,3,
18,4,0,0,2,6,4,3,5,5,1,7,3,4,4,6,3,0,3,4,6,
17,5,0,1,3,4,4,3,6,5,1,4,3,4,4,6,3,0,3,4,4,
17,5,0,1,3,4,3,3,6,5,1,4,3,3,4,6,3,0,3,4,4,
17,5,0,1,3,4,3,3,6,5,1,4,3,3,4,6,3,0,3,4,4,
18,5,0,1,2,4,4,3,6,5,1,4,3,4,4,6,3,0,3,4,4,
18,5,0,1,2,4,4,3,6,6,1,4,3,4,4,6,3,0,3,4,4,
19,5,0,1,3,4,4,3,6,5,1,5,3,4,4,6,3,0,3,4,4,
18,5,0,1,3,4,4,3,6,6,1,4,3,4,4,6,3,0,3,4,4,
18,5,0,1,3,4,4,3,6,5,1,5,3,4,4,6,3,0,3,4,4,
18,5,0,1,3,4,4,3,6,5,1,5,3,4,4,6,3,0,3,4,4,
18,5,0,1,3,4,4,3,6,6,1,5,3,4,4,6,3,0,3,4,4,
17,5,0,1,3,4,4,3,6,6,1,5,3,4,4,6,3,0,3,4,4,
17,5,0,1,3,4,4,3,6,6,1,5,3,4,4,7,3,0,3,4,4,
17,5,0,1,3,4,4,4,6,6,2,5,3,4,4,7,4,0,3,5,4,
17,5,0,1,3,4,4,4,6,6,1,5,3,4,4,7,4,0,3,5,4,
17,5,0,1,3,4,4,4,6,6,2,5,3,4,4,7,4,0,3,5,4,
17,6,1,2,3,4,4,4,6,6,2,5,4,4,4,7,4,0,4,5,4,
17,4,0,0,4,3,3,3,5,5,1,4,5,3,3,6,5,0,3,4,3,
17,5,1,1,4,4,4,4,6,6,2,5,4,4,4,7,4,0,4,5,4,
17,5,0,1,3,4,4,4,6,6,2,5,3,4,4,7,4,0,4,5,4,
19,7,0,1,5,4,6,4,8,7,1,4,5,6,4,9,6,1,4,7,3,
20,5,1,1,3,4,4,4,6,6,2,5,3,4,4,7,4,0,4,5,4,
19,6,0,0,5,5,5,5,7,5,1,5,5,6,5,8,5,0,5,5,5,
17,5,0,0,2,4,3,3,5,5,1,4,3,3,4,6,3,0,3,4,3,
17,5,0,1,2,4,4,3,5,5,1,4,3,3,3,6,3,0,3,4,4,
17,4,0,1,2,4,4,3,5,5,1,4,3,4,4,6,3,0,3,4,3,
17,5,0,1,3,4,4,3,6,5,1,4,3,4,4,6,3,0,3,4,4,
17,5,0,1,2,4,4,3,5,5,1,4,3,4,4,6,3,0,3,4,4,
18,5,0,1,3,4,4,3,6,5,1,4,3,4,4,6,3,0,3,4,4,
17,4,0,1,3,4,4,3,6,5,1,4,3,4,4,6,3,0,3,4,3,
21,5,0,1,2,4,4,3,6,5,1,4,3,3,4,6,3,0,3,4,4,
21,8,0,1,3,4,7,3,9,8,1,4,3,7,4,10,3,0,3,7,4,
18,5,0,1,3,4,4,3,6,6,1,4,3,4,4,6,4,0,3,4,4,
18,5,0,1,3,4,4,3,6,6,1,4,3,4,4,7,3,0,3,4,4,
18,5,0,1,3,4,4,3,6,5,1,4,3,4,4,7,3,0,3,4,4,
18,5,0,1,3,4,4,3,6,5,1,5,3,4,4,6,3,0,3,4,4,
21,5,0,1,3,4,4,3,6,5,1,5,4,4,4,7,4,0,3,4,4,
17,5,0,1,3,4,4,3,6,5,1,5,3,4,4,6,3,0,3,4,4,
18,5,0,1,2,4,4,3,6,5,1,4,3,4,4,6,3,0,3,4,4,
17,4,0,0,2,3,3,2,5,5,1,4,2,3,6,6,2,1,2,3,3,
17,5,0,1,3,4,4,4,6,6,2,5,3,4,4,7,3,0,3,5,4,
19,5,1,1,3,6,4,4,6,6,2,7,3,4,4,7,3,0,4,5,6,
17,5,1,1,3,4,4,4,6,6,2,5,3,4,4,7,3,0,3,5,4,
17,5,0,1,3,4,4,4,6,6,2,5,3,4,4,7,4,0,4,5,4,
17,5,0,1,3,5,4,4,6,6,2,5,4,4,4,7,4,0,4,5,4,
17,5,0,0,3,4,4,3,5,5,1,4,3,3,4,6,3,0,3,4,3,
17,5,0,0,2,4,3,3,5,5,1,4,3,3,3,6,3,0,3,4,3,
17,4,0,0,2,4,4,3,5,5,1,4,3,3,3,6,3,0,3,4,3,
17,5,0,0,3,4,4,3,5,5,1,4,3,4,4,6,3,0,3,4,3,
18,5,0,1,3,4,4,3,6,5,1,4,3,4,4,6,4,0,3,4,3,
18,5,0,1,2,4,4,3,6,6,1,4,3,4,4,6,3,0,3,4,4,
18,5,0,1,3,4,4,3,6,5,1,4,3,4,4,6,3,0,3,4,4,
17,5,0,1,3,4,4,3,6,5,1,4,3,4,4,6,4,0,3,4,4,
18,5,0,1,2,4,4,3,6,5,1,4,3,4,4,6,3,0,3,4,4,
18,5,0,1,3,4,4,3,6,6,1,4,3,3,4,6,4,0,3,4,4,
18,5,0,1,3,4,4,3,6,6,1,4,3,4,4,6,4,0,3,4,4,
18,5,0,1,3,4,4,3,6,6,1,5,3,4,4,6,3,0,3,4,4,
20,5,0,1,3,4,4,3,6,6,1,5,3,4,4,7,3,0,3,4,4,
22,8,1,0,2,3,5,5,9,8,0,3,2,5,5,10,2,1,4,6,3,
18,5,0,1,3,4,4,3,6,5,1,5,3,4,4,6,4,0,3,4,4,
18,5,0,1,3,4,4,3,6,5,1,5,3,4,4,7,3,0,3,5,4,
18,5,0,1,6,4,4,3,6,6,1,5,6,4,4,7,7,0,3,5,4,
19,6,3,0,2,3,6,5,7,7,0,4,2,6,5,8,3,3,5,6,3,
20,8,0,1,3,4,5,4,9,8,2,5,3,4,4,10,3,0,3,8,4,
17,5,0,1,3,4,4,4,6,6,2,5,4,4,4,7,4,0,3,5,4,
17,5,1,1,3,4,4,4,6,6,2,5,4,4,4,7,4,0,4,5,4,
17,6,1,1,3,5,4,4,6,6,2,5,4,4,4,7,4,0,4,5,4,
17,5,0,0,2,3,3,3,5,5,1,4,3,3,3,6,3,0,3,4,3,
17,4,0,0,2,4,4,3,5,5,1,4,3,3,3,6,3,0,3,4,3,
18,5,0,1,2,4,4,3,6,5,1,5,3,4,4,7,3,0,3,5,4,
17,5,0,0,2,4,4,3,6,5,1,4,3,3,4,6,3,0,3,4,3,
20,6,1,1,3,5,4,4,6,6,2,5,4,4,4,7,4,0,4,5,4,
20,7,0,0,2,4,6,3,8,8,1,4,3,6,3,9,3,0,3,7,3,
18,5,0,0,3,4,4,3,6,6,1,4,3,3,4,6,3,0,3,4,3,
17,5,0,1,2,4,4,3,6,5,1,4,3,3,4,6,3,0,3,4,3,
18,5,0,1,3,4,4,3,6,6,1,4,3,3,4,6,3,0,3,4,3,
18,5,0,4,5,6,4,3,6,6,4,6,5,4,4,6,5,0,3,4,6,
19,7,0,1,3,4,4,3,6,8,1,4,3,4,4,6,3,0,3,4,3,
21,5,0,1,3,4,4,3,6,6,1,4,3,4,4,7,3,0,3,4,4,
18,5,0,1,2,4,4,3,6,6,1,4,3,4,4,6,3,0,3,4,4,
18,5,0,1,3,4,4,6,6,6,1,4,3,4,7,6,3,0,6,4,4,
18,5,0,1,3,4,4,3,6,6,1,5,3,4,4,7,3,0,3,4,4,
29,6,0,0,2,4,3,3,5,6,1,4,3,3,4,5,3,0,3,4,3,
18,5,0,1,3,4,4,3,6,5,1,5,3,4,4,6,3,0,3,4,4,
18,5,0,1,2,4,4,3,6,6,1,4,3,4,4,6,3,0,3,4,3,
18,5,0,1,3,4,4,3,6,5,1,5,3,4,4,7,4,0,3,4,4,
18,5,0,1,3,4,4,3,6,5,1,5,3,4,4,6,3,0,3,4,4,
18,5,0,1,3,4,4,3,6,6,1,5,3,4,4,7,3,0,3,4,4,
17,5,0,1,3,4,4,3,6,6,1,5,3,4,4,7,3,0,3,4,4,
17,5,0,1,3,4,4,4,6,6,2,5,4,4,4,7,4,0,3,5,4,
17,6,1,1,3,5,5,4,6,6,2,5,3,4,4,7,4,0,4,5,4,
17,5,0,0,2,4,4,3,5,5,1,4,3,3,3,6,3,0,3,4,3,
17,6,1,1,3,5,4,4,6,6,2,5,4,4,4,7,4,0,4,5,4,
17,5,0,0,3,4,4,3,5,5,1,4,3,3,3,6,3,0,3,4,3,
18,5,0,0,2,4,4,3,5,5,1,4,3,4,3,6,3,0,3,4,3,
17,5,0,0,3,4,4,3,5,5,1,4,3,3,4,6,3,0,3,4,3,
17,5,0,0,3,4,4,3,6,5,1,4,3,3,4,6,3,0,3,4,3,
17,5,0,1,2,4,4,3,6,5,1,4,3,4,4,6,3,0,3,4,4,
18,5,0,1,3,4,3,3,6,5,1,4,3,3,4,6,3,0,3,4,3,
18,5,0,1,3,4,4,3,6,6,1,4,3,3,4,6,3,0,3,4,3,
18,5,0,1,3,4,4,3,6,5,1,4,3,3,4,6,3,0,3,4,3,
18,5,0,1,3,4,4,3,6,5,1,4,3,4,4,6,3,0,3,4,3,
18,5,0,0,4,3,4,3,6,5,1,3,4,4,4,6,5,0,3,4,3,
20,5,0,0,2,4,4,3,6,5,1,4,2,4,4,6,3,0,3,4,3,
20,7,0,1,3,7,7,3,8,7,1,7,3,4,7,9,3,0,3,7,4,
18,5,0,1,3,4,4,3,6,6,1,5,3,4,4,7,3,0,3,4,4,
18,5,0,1,3,4,4,3,6,6,1,5,3,4,4,7,3,0,3,4,4,
19,5,0,1,3,5,4,4,6,6,2,5,4,4,4,7,4,0,4,5,4,
20,7,0,1,3,4,6,3,8,8,1,5,4,6,3,9,4,0,2,6,4,
18,5,0,1,3,4,4,4,6,6,1,5,3,4,4,7,4,0,3,5,4,
18,5,0,1,3,4,4,4,6,5,1,5,4,4,4,7,4,0,4,5,4,
18,5,0,1,3,4,4,4,6,6,1,5,3,4,4,7,4,0,3,5,4,
19,5,0,4,6,7,4,4,6,6,4,8,6,4,4,7,6,0,4,5,7,
17,5,0,0,3,4,3,3,5,6,1,4,3,3,3,6,3,0,3,4,3,
17,6,0,1,4,4,4,4,6,6,2,5,4,4,4,7,4,0,4,5,4,
17,6,0,1,3,5,4,4,6,6,2,5,3,4,4,7,4,0,4,5,4,
17,5,1,1,3,5,4,4,6,6,2,5,4,4,5,7,4,0,4,4,4,
17,6,0,1,3,5,4,4,6,6,2,5,4,4,4,7,4,0,4,5,4,
19,8,0,0,3,4,4,3,5,8,1,4,3,3,4,6,3,0,3,4,3,
17,5,0,0,3,4,4,3,6,5,1,4,3,3,4,6,3,0,3,4,3,
17,5,0,0,3,4,4,3,6,5,1,4,3,3,4,6,3,0,3,4,3,
18,5,0,1,2,4,3,6,6,6,1,4,3,3,6,6,3,0,6,4,3,
17,5,0,0,3,4,4,3,6,5,1,4,3,3,4,6,3,0,3,4,3,
18,5,0,1,2,6,4,3,6,6,1,6,3,3,4,6,3,0,3,4,5,
18,5,0,1,3,4,4,3,6,6,1,4,3,4,4,6,3,0,3,4,3,
18,5,0,1,2,4,4,3,6,6,1,4,3,4,4,7,3,0,3,4,3,
18,5,0,1,3,4,4,3,6,5,1,4,3,4,4,6,3,0,3,4,3,
17,5,0,0,2,4,4,3,6,5,1,4,3,4,4,6,3,0,3,4,4,
18,5,0,1,2,4,4,3,6,6,1,4,3,4,4,6,3,0,3,4,4,
18,5,0,1,3,4,4,3,6,5,1,4,3,4,4,6,3,0,3,4,4,
18,5,0,1,2,4,4,3,6,6,1,4,3,4,4,6,3,0,3,4,4,
18,5,0,1,3,4,4,3,6,6,1,4,3,4,4,7,4,0,3,4,4,
18,5,0,1,3,6,4,3,6,6,1,7,4,4,4,7,4,0,3,4,6,
18,5,0,1,3,4,4,4,6,6,1,5,3,4,4,7,4,0,3,4,4,
18,5,0,1,3,4,4,3,6,6,1,5,3,4,4,7,3,0,3,5,4,
18,5,0,1,3,4,4,4,6,6,1,5,3,4,4,7,4,0,3,5,4,
18,5,0,1,3,4,4,4,6,6,2,5,3,4,4,7,3,0,3,5,4,
18,5,0,1,3,4,4,4,6,6,1,5,3,4,4,7,4,0,4,5,4,
17,5,0,1,3,4,4,4,6,6,1,5,4,4,4,7,4,0,3,5,4,
18,5,0,1,3,4,4,3,6,5,1,5,3,4,4,7,3,0,3,4,4,
17,3,0,0,2,3,2,2,4,4,0,3,2,2,2,5,2,0,2,3,2,
17,5,0,0,3,4,3,3,5,5,1,4,3,3,3,6,3,0,3,4,3,
17,5,0,1,3,4,4,4,6,6,2,5,3,4,4,7,4,0,4,5,4,
17,5,0,0,2,4,3,3,5,5,1,4,2,4,3,6,3,0,3,4,3,
18,6,0,1,4,5,4,7,6,6,2,5,4,4,7,7,4,0,7,5,4,
20,5,0,0,2,4,3,3,5,5,1,4,3,3,3,9,3,0,3,4,3,
17,5,0,0,3,4,4,3,5,5,1,4,3,3,4,6,3,0,3,4,3,
17,5,0,0,3,4,4,3,6,5,1,4,3,3,4,6,3,0,3,4,3,
18,5,0,1,3,4,4,4,6,6,1,5,4,4,4,7,4,0,3,5,4,
19,6,0,0,3,4,5,2,7,6,1,4,3,5,3,8,3,0,2,5,3,
18,5,0,1,3,4,4,3,6,5,1,4,3,4,4,6,3,0,3,4,3,
17,5,0,1,3,4,3,3,6,6,1,4,3,3,4,6,3,0,3,4,4,
18,5,0,1,2,4,4,3,6,6,1,4,3,3,4,6,3,0,3,4,3,
19,7,0,1,5,6,4,3,6,8,1,7,6,4,4,7,6,0,3,4,6,
21,6,0,1,3,6,6,6,7,7,1,6,6,6,6,8,6,0,6,6,6,
18,5,0,1,3,4,4,3,6,5,1,5,3,4,4,6,3,0,3,4,4,
18,5,0,1,3,4,4,3,6,5,1,5,3,4,4,7,4,0,3,4,4,
18,5,0,1,3,4,4,3,6,6,1,4,3,4,4,6,4,0,3,4,4,
18,5,0,1,3,4,4,3,6,6,1,4,3,4,4,7,4,0,3,4,4,
18,5,0,1,3,7,4,4,6,6,1,7,3,4,4,7,4,0,3,5,7,
18,5,0,1,3,4,4,4,6,6,1,5,3,4,4,7,4,0,3,5,4,
18,5,0,1,3,4,4,4,6,6,1,5,3,4,4,7,4,0,3,5,4,
18,5,1,1,3,4,4,4,6,6,2,5,4,4,4,7,4,0,4,5,4,
18,5,0,1,3,4,4,4,6,6,2,5,3,4,4,7,4,0,3,5,4,
17,5,0,1,3,4,4,4,6,6,2,5,4,4,4,7,4,0,3,5,4,
17,5,1,1,3,4,4,4,6,6,2,5,4,4,4,7,4,0,3,5,4,
17,6,1,1,3,5,4,4,6,6,2,5,3,4,4,7,4,0,4,5,4,
17,4,0,0,3,4,3,3,5,5,1,4,3,3,3,6,3,0,3,4,3,
17,5,0,0,3,4,4,3,5,5,1,4,3,4,3,6,3,0,3,4,3,
17,5,0,0,3,4,4,3,5,5,1,4,3,3,3,6,3,0,3,4,3,
18,5,0,0,3,4,4,3,5,5,1,4,3,3,4,6,3,0,3,4,3,
17,4,0,0,2,4,4,3,6,5,1,4,2,4,3,6,3,0,3,4,3,
17,5,0,0,3,4,4,3,6,5,1,4,3,3,3,6,3,0,3,4,3,
17,5,0,0,3,4,3,3,6,5,1,4,3,3,4,6,3,0,3,4,3,
17,4,0,0,2,4,4,3,6,5,1,4,3,4,4,6,3,0,3,4,3,
18,5,0,1,3,4,4,3,6,5,1,4,3,3,4,6,3,0,3,4,3,
17,5,0,0,3,4,4,3,6,5,1,4,3,3,4,6,3,0,3,4,3,
18,5,0,1,3,4,4,3,6,6,1,4,3,3,4,6,3,0,3,4,3,
18,5,0,1,3,4,4,3,6,6,1,4,3,4,4,6,3,0,3,4,4,
18,5,0,0,5,3,4,3,6,6,1,4,5,4,4,7,5,0,3,4,3,
21,5,0,0,3,4,4,3,6,6,1,4,3,4,4,7,3,0,3,4,3,
21,7,0,1,3,4,4,4,9,7,1,4,3,4,4,9,4,0,3,7,4,
18,5,0,1,2,4,4,3,6,6,1,4,3,4,4,7,3,0,3,4,4,
18,5,0,1,3,4,4,3,6,6,1,5,3,4,4,7,4,0,3,4,4,
18,5,0,1,3,4,4,3,6,6,1,5,3,4,4,7,4,0,3,4,4,
18,5,0,1,3,4,4,3,6,6,1,5,4,4,4,7,4,0,3,5,4,
18,5,0,1,3,4,4,3,6,6,1,5,3,4,4,7,4,0,3,5,4,
18,5,0,1,3,4,4,4,6,5,1,5,4,4,4,7,4,0,3,5,4,
18,5,0,1,3,4,4,4,6,6,1,5,4,4,4,7,4,0,3,5,4,
20,5,0,1,3,4,4,3,6,6,1,5,3,4,4,7,4,0,3,4,4,
20,7,0,0,2,3,6,3,8,7,0,4,3,6,3,8,3,0,2,6,3,
17,6,1,1,3,5,4,4,6,6,2,5,4,4,4,7,4,0,4,5,4,
17,4,0,0,2,3,3,3,5,5,1,4,2,3,3,6,3,0,3,4,3,
17,5,0,0,3,4,4,3,5,5,1,4,3,3,4,6,3,0,3,4,3,
18,5,1,4,6,7,4,4,6,6,4,8,7,4,4,7,7,0,4,5,7,
17,5,0,0,2,4,3,3,4,6,1,4,3,3,4,5,3,0,3,4,3,
19,5,0,0,2,4,4,3,6,6,1,4,3,4,4,6,3,0,3,4,3,
17,5,0,1,3,4,4,3,6,5,1,4,3,3,4,6,3,0,3,4,3,
18,5,0,0,3,4,4,6,6,5,1,4,3,3,7,6,3,0,6,4,3,
17,5,0,1,3,4,4,3,6,5,1,4,3,3,4,6,3,0,3,4,4,
18,5,0,1,3,6,4,3,6,6,1,6,3,3,4,6,3,0,3,4,6,
18,5,0,1,3,4,4,3,6,5,1,4,3,4,4,6,3,0,3,4,3,
18,5,0,1,3,4,4,3,6,6,1,4,3,4,4,6,3,0,3,4,3,
17,5,0,1,3,4,3,3,6,5,1,4,3,3,4,6,3,0,3,4,3,
18,5,0,1,3,4,4,3,6,5,1,5,3,4,4,6,3,0,3,4,4,
18,5,0,1,3,4,4,3,6,6,1,4,3,4,4,6,3,0,3,4,4,
18,5,0,1,3,4,4,3,6,5,1,4,3,4,4,6,3,0,3,4,4,
18,5,0,1,3,4,4,3,6,6,1,5,3,4,4,7,4,0,3,4,4,
18,5,0,1,3,4,4,3,6,6,1,4,3,4,4,7,3,0,3,4,4,
18,5,0,1,3,4,4,3,6,6,1,4,3,4,4,7,3,0,3,4,4,
18,5,0,1,3,4,4,4,6,6,1,5,3,4,4,7,4,0,3,4,4,
18,5,0,1,3,4,4,3,6,6,1,4,3,4,4,7,3,0,3,4,4,
19,5,0,1,3,4,4,4,6,6,1,5,3,4,4,7,4,0,3,5,4,
17,5,0,1,3,4,4,4,6,6,2,5,3,4,4,7,4,0,4,5,4,
17,5,0,1,3,4,4,4,6,6,2,5,3,4,4,7,4,0,4,5,4,
17,6,1,1,3,5,4,4,6,6,2,5,3,4,4,7,4,0,4,5,4,
17,6,1,1,3,5,4,4,6,6,2,5,4,4,4,7,4,0,4,5,4,
17,5,0,0,2,4,4,3,5,5,1,4,3,3,3,6,3,0,3,4,3,
17,5,0,0,2,4,4,3,5,5,1,4,3,3,3,6,3,0,3,4,3,
17,4,0,0,2,4,3,3,5,5,1,4,2,3,3,6,3,0,3,4,3,
17,5,0,0,3,3,4,3,6,5,1,4,4,3,4,6,4,0,3,4,3,
20,6,0,1,3,5,5,4,6,6,2,5,4,4,4,7,4,0,4,5,4,
19,6,0,0,5,6,5,5,7,6,1,6,5,6,5,8,6,0,5,6,5,
17,5,0,0,3,4,4,3,6,5,1,4,3,3,4,6,3,0,3,4,3,
17,5,0,0,2,4,4,3,5,5,1,4,3,4,4,6,3,0,3,4,3,
18,5,0,1,3,4,4,4,6,5,2,5,4,4,4,7,4,0,3,5,4,
18,7,0,2,4,5,6,3,7,7,2,5,4,5,4,8,4,0,3,6,5,
17,5,0,1,3,4,4,3,6,6,1,4,3,4,4,6,3,0,3,4,3,
18,5,0,1,2,5,4,3,6,5,1,6,3,4,4,6,3,0,3,4,5,
18,5,0,1,2,4,4,3,6,6,1,4,3,4,4,6,3,0,3,4,3,
18,5,0,3,6,7,4,3,6,6,4,7,6,4,4,7,6,0,3,4,6,
22,10,0,1,3,4,4,4,5,11,1,5,4,3,4,6,4,0,3,5,4,
18,5,0,1,3,4,4,3,6,6,1,4,3,4,4,6,3,0,3,4,4,
18,5,0,1,3,4,4,3,6,6,1,5,3,4,4,7,4,0,3,4,4,
17,4,0,1,3,4,4,4,6,5,1,5,3,4,4,6,4,0,4,4,4,
18,5,0,1,3,4,4,4,6,6,1,5,3,4,4,7,4,0,3,5,4,
20,7,0,1,3,4,6,3,8,7,1,4,3,6,3,9,3,0,3,6,3,
18,5,0,1,3,4,4,3,6,6,1,5,3,4,4,7,3,0,3,4,4,
18,5,0,1,3,4,4,3,6,6,1,5,3,4,4,7,3,0,3,5,4,
18,6,0,1,3,5,4,4,6,6,2,5,3,4,4,7,3,0,4,5,4,
18,5,0,4,6,7,4,4,6,6,4,8,7,4,4,7,7,0,4,5,7,
17,6,0,1,4,5,4,4,6,6,2,5,4,4,4,7,4,0,3,5,4,
17,5,1,1,4,4,4,4,6,6,2,5,4,4,4,7,4,0,3,5,4,
17,6,0,1,4,4,4,4,6,6,2,5,4,4,4,7,4,0,4,5,4,
17,5,0,1,3,4,4,5,6,5,2,5,4,3,5,6,4,0,4,4,4,
17,5,0,1,3,4,4,4,6,6,2,5,3,4,4,7,4,0,4,5,4,
17,5,0,0,2,4,4,3,5,5,1,4,2,4,3,6,3,0,3,4,3,
17,5,0,0,5,4,3,3,5,5,1,4,5,3,3,6,5,0,3,4,3,
17,5,0,1,4,4,4,4,6,6,2,5,4,4,4,7,4,0,4,5,4,
17,5,0,0,3,4,4,3,6,5,1,4,3,4,3,6,4,0,3,4,3,
19,6,0,0,2,4,5,3,7,7,1,4,3,5,3,8,3,0,3,6,3,
17,5,0,1,3,4,4,3,6,5,1,4,3,3,4,6,3,0,3,4,3,
18,5,0,1,3,4,4,3,6,6,1,4,3,4,4,6,3,0,3,4,3,
18,5,0,1,3,4,4,3,6,5,1,4,3,4,4,7,3,0,3,5,4,
17,5,0,1,3,4,4,3,6,6,1,4,3,3,4,6,4,0,3,4,3,
17,5,0,1,3,4,4,3,6,5,1,4,3,4,4,6,3,0,3,4,4,
17,5,0,1,3,4,4,3,6,5,1,4,3,4,4,6,3,0,3,4,4,
18,5,0,1,3,4,4,3,6,5,1,4,3,4,4,6,4,0,3,4,4,
17,5,0,1,3,4,4,3,6,6,1,4,3,4,4,6,3,0,3,4,3,
18,5,0,1,3,4,4,3,6,6,1,4,3,4,4,6,3,0,3,4,4,
18,5,0,1,3,4,4,3,6,6,1,5,3,4,4,7,4,0,3,4,4,
18,5,0,1,3,4,4,3,6,6,1,5,4,4,4,7,4,0,3,4,4,
18,5,0,1,3,4,4,3,6,6,1,4,3,4,4,7,3,0,3,5,4,
18,5,0,1,3,4,4,4,6,6,1,5,3,4,4,7,4,0,3,5,4,
18,5,0,1,4,4,4,4,6,6,2,5,4,4,4,7,4,0,4,5,4,
18,5,0,1,4,4,4,4,6,6,1,5,4,4,4,7,4,0,3,5,4,
17,5,0,1,3,5,4,4,6,6,1,5,3,4,4,7,4,0,3,5,4,
18,5,0,1,3,4,4,4,6,6,2,5,3,4,4,8,4,0,3,5,4,
17,5,1,1,3,4,4,4,6,6,2,5,4,4,4,7,4,0,3,5,4,
17,5,0,1,3,4,4,4,6,6,1,5,3,4,4,7,4,0,3,5,4,
17,5,0,1,3,5,4,4,6,6,1,5,4,4,4,7,4,0,4,5,4,
17,6,0,1,5,4,4,4,6,6,1,4,5,4,4,7,6,0,4,5,3,
20,6,1,1,3,4,4,4,6,6,1,4,3,4,4,7,4,0,4,5,4,
19,8,1,1,4,8,8,4,9,8,2,8,4,7,8,9,7,0,4,8,4,
17,5,1,1,4,5,4,4,6,6,2,5,4,4,4,7,4,0,4,5,4,
17,6,1,2,3,5,5,4,6,6,2,5,4,4,4,7,4,0,4,5,4,
19,5,0,1,3,4,4,3,6,5,1,4,3,4,4,6,3,0,3,4,3,
20,7,0,0,3,4,6,3,8,7,1,4,3,6,3,9,3,0,2,6,3,
17,5,0,0,3,4,3,3,5,5,1,4,3,3,4,6,4,0,3,4,3,
17,5,0,0,3,4,4,3,5,5,1,4,3,3,3,6,3,0,3,4,3,
17,4,0,0,3,4,3,3,5,5,1,4,3,3,3,6,3,0,3,4,3,
18,5,0,3,6,6,4,3,6,6,4,7,6,3,4,6,6,0,3,4,6,
17,5,0,1,3,4,3,3,5,6,1,4,3,3,4,6,4,0,3,4,4,
18,5,0,1,3,4,4,3,6,5,1,4,3,4,4,6,3,0,3,4,4,
18,5,0,1,3,4,4,3,6,6,1,4,3,4,4,6,3,0,3,4,3,
17,5,0,1,3,4,4,4,6,5,1,5,4,3,4,6,4,0,4,4,4,
18,5,0,1,3,4,4,3,6,5,1,4,3,4,4,7,4,0,3,4,4,
22,10,0,1,3,4,4,4,6,11,1,5,3,4,4,7,4,0,3,4,4,
20,5,0,1,4,4,4,4,6,5,1,4,4,4,4,7,4,0,4,4,4,
18,5,0,1,3,4,4,3,6,6,1,5,3,4,4,7,4,0,3,4,4,
18,5,0,3,5,6,4,6,6,5,3,6,6,4,7,7,6,0,6,4,6,
18,5,0,1,3,4,4,3,6,6,1,5,4,4,4,7,4,0,3,4,4,
17,5,0,1,3,6,4,3,6,6,1,6,3,4,4,7,3,0,3,5,6,
17,5,0,1,3,4,4,4,6,6,2,5,3,4,4,7,4,0,4,5,4,
17,5,0,1,3,4,4,4,6,6,1,5,3,4,4,7,4,0,3,5,4,
17,5,0,1,3,4,4,4,6,6,2,5,4,4,4,7,4,0,3,5,4,
17,6,1,1,3,4,4,4,6,6,2,5,4,4,4,7,4,0,4,5,4,
17,6,0,1,3,5,4,4,6,6,2,5,4,4,4,7,4,0,4,5,4,
17,4,0,1,3,4,3,3,6,5,1,4,3,3,3,6,3,0,3,4,3,
17,5,0,0,2,4,3,3,5,5,1,4,3,3,3,6,3,0,3,4,3,
17,5,0,0,3,4,4,3,5,5,1,4,3,3,3,6,3,0,3,4,3,
17,5,0,1,4,4,4,4,6,6,2,5,4,4,4,7,4,0,4,5,4,
17,5,0,0,3,4,4,3,5,5,1,4,3,3,3,6,3,0,3,4,3,
17,5,0,0,2,4,4,3,6,6,1,4,3,3,3,6,3,0,3,4,3,
17,5,0,0,3,4,4,3,5,5,1,4,3,3,3,6,3,0,3,4,3,
17,5,0,0,3,4,4,3,6,5,1,4,3,3,4,6,3,0,3,4,3,
17,5,0,1,3,4,4,3,6,5,1,4,3,3,4,6,3,0,3,4,3,
17,5,0,0,4,3,4,3,6,5,0,4,4,3,4,6,4,0,3,4,3,
20,4,0,0,3,3,3,3,5,5,1,4,3,3,3,6,3,0,3,4,3,
18,5,3,3,3,4,4,3,6,5,3,4,3,4,4,6,4,0,3,4,3,
18,5,0,1,3,4,4,3,6,6,1,4,3,4,4,7,3,0,3,4,4,
18,5,0,1,3,4,4,4,6,5,1,5,3,4,4,7,4,0,3,5,4,
18,5,0,1,6,4,4,3,6,6,1,4,6,4,4,7,7,0,3,4,4,
20,8,0,1,3,4,6,6,8,8,1,4,3,6,6,9,4,0,5,7,4,
21,5,0,1,3,4,4,3,9,8,1,5,3,4,4,9,3,0,3,4,4,
18,5,0,1,3,4,4,3,6,5,1,5,3,4,4,7,3,0,3,4,4,
18,5,0,1,3,4,4,3,6,6,1,5,3,4,4,7,4,0,3,5,4,
18,5,0,0,3,4,4,3,5,5,1,4,3,4,4,6,4,0,3,4,4,
19,7,0,1,3,4,6,3,8,7,1,5,3,6,3,8,4,0,3,6,4,
17,5,0,1,3,4,4,4,6,6,1,5,3,4,4,7,3,0,3,5,4,
17,5,0,1,3,4,4,4,6,6,1,5,3,4,4,7,4,0,3,5,4,
17,5,0,1,3,4,4,4,6,6,2,5,4,4,4,7,4,0,3,5,4,
17,5,0,1,3,6,4,3,6,6,1,7,3,4,4,7,4,0,3,5,6,
19,8,1,1,3,4,4,4,6,9,2,5,3,4,4,7,4,0,3,5,4,
17,5,0,1,3,4,4,4,6,6,2,5,3,4,4,7,4,0,3,5,4,
17,6,1,1,3,4,4,4,6,6,2,5,4,4,4,7,4,0,4,5,4,
17,5,1,1,3,4,4,4,6,6,2,5,4,4,4,7,4,0,4,5,4,
17,5,0,0,2,4,3,3,5,5,1,4,3,3,3,6,3,0,3,4,3,
18,6,1,1,4,8,5,4,6,6,2,8,4,4,4,7,4,0,4,5,7,
17,5,0,0,3,4,4,3,5,5,1,4,3,3,3,6,3,0,3,4,3,
17,5,0,0,3,4,4,3,5,5,1,4,3,3,3,6,4,0,3,4,3,
17,5,0,0,3,4,4,3,6,5,1,4,3,3,3,6,3,0,3,4,3,
18,5,0,1,3,4,4,3,6,5,1,4,3,4,4,6,3,0,3,4,3,
17,5,0,1,3,4,4,3,6,5,1,4,3,3,4,6,3,0,3,4,3,
19,5,0,1,3,4,4,3,6,6,1,4,3,3,4,6,3,0,3,4,3,
18,5,0,1,3,4,4,3,6,6,1,4,3,3,4,6,3,0,3,4,4,
18,5,0,1,3,4,4,3,6,5,1,5,3,4,4,6,3,0,3,4,4,
18,5,0,1,3,4,4,3,6,6,1,5,3,4,4,7,4,0,3,4,4,
18,5,0,1,3,4,4,3,6,6,1,5,3,4,4,6,3,0,3,4,4,
18,5,0,1,3,4,4,3,6,5,1,5,3,4,4,6,3,0,3,4,4,
18,5,0,1,3,4,4,3,6,6,1,5,3,4,4,7,4,0,3,4,4,
18,5,0,1,3,4,4,4,6,6,1,5,3,4,4,7,4,0,3,4,4,
18,5,0,1,3,4,4,4,6,6,1,5,3,4,4,7,4,0,3,5,4,
17,5,0,0,4,4,4,4,6,6,1,5,4,4,4,7,4,0,3,5,4,
17,5,0,1,3,4,4,4,6,6,1,5,3,4,4,7,4,0,3,5,4,
17,3,0,0,2,2,2,2,4,4,0,3,2,2,2,5,2,0,1,3,2,
18,6,0,1,3,4,5,3,7,7,2,5,3,5,3,8,4,0,3,6,4,
17,5,0,1,3,4,4,4,6,6,1,5,3,4,4,7,4,0,3,5,4,
17,5,0,1,3,4,4,4,6,6,2,5,4,4,4,7,4,0,3,5,4,
17,5,1,1,3,4,4,4,6,6,2,5,4,4,4,7,4,0,4,5,4,
17,6,1,1,3,4,4,4,6,6,2,5,4,4,4,7,4,0,4,5,4,
17,6,1,1,3,4,4,4,6,6,2,5,4,4,4,7,4,0,4,5,4,
17,5,1,1,3,4,4,4,6,6,2,5,4,4,4,7,4,0,4,5,4,
20,5,1,1,3,5,4,4,6,6,2,5,4,4,4,7,4,0,4,5,4,
20,8,0,1,2,4,7,3,9,8,1,4,3,6,3,9,3,0,3,7,3,
17,4,0,0,3,4,3,3,5,5,1,4,3,3,3,6,3,0,3,4,3,
17,5,0,0,3,4,4,3,6,5,1,4,3,3,4,6,3,0,3,4,3,
17,5,0,1,3,4,4,3,6,5,1,4,3,3,4,6,3,0,3,4,3,
18,5,0,3,5,6,4,3,6,5,4,7,5,3,3,6,6,0,3,4,6,
18,6,0,1,3,4,3,3,5,7,1,4,3,3,4,6,3,0,3,4,3,
18,5,0,1,3,4,4,3,6,5,1,5,3,4,4,7,3,0,3,4,4,
18,5,0,1,3,4,4,3,6,6,1,4,3,4,4,6,4,0,3,4,3,
18,5,1,1,3,7,4,4,6,6,2,7,4,4,5,6,4,0,4,4,6,
18,5,0,1,3,4,4,3,6,6,1,4,3,4,4,7,4,0,3,4,4,
18,5,0,1,3,4,4,3,6,6,1,5,3,4,4,6,3,0,3,4,4,
18,5,0,1,3,4,4,3,6,5,1,5,3,4,4,7,4,0,3,4,4,
18,5,0,1,3,4,4,3,6,6,1,5,4,4,4,7,4,0,3,5,4,
18,5,0,1,3,4,4,3,6,6,1,5,3,4,4,7,4,0,3,4,4,
42,29,0,1,3,4,29,3,30,30,1,5,3,28,4,31,3,0,3,29,4,
18,5,0,1,3,4,4,3,6,6,1,7,3,4,4,7,4,0,3,4,4,
17,5,0,1,3,4,4,4,6,6,1,5,3,4,4,7,4,0,3,4,4,
17,5,0,1,3,4,4,4,6,6,2,5,4,4,4,7,4,0,3,4,4,
17,5,0,1,3,4,4,4,6,6,2,5,3,4,4,7,4,0,3,4,4,
17,5,0,1,4,4,4,4,6,6,2,5,4,4,4,7,4,0,4,5,4,
17,5,0,1,3,4,4,4,6,6,2,5,3,4,4,7,4,0,3,4,4,
17,5,0,1,3,4,4,4,6,6,2,5,4,4,4,7,4,0,4,4,4,
17,5,0,1,3,5,4,4,6,6,2,5,4,4,4,7,4,0,3,5,4,
17,5,0,0,3,4,3,3,5,5,1,4,3,3,3,6,3,0,3,4,3,
17,5,0,1,3,4,4,3,6,5,1,4,3,3,4,6,3,0,3,4,4,
17,4,0,0,3,3,3,3,5,5,0,4,3,3,3,6,3,0,3,4,3,
17,5,0,0,3,4,4,3,5,5,1,4,3,3,3,6,4,0,3,4,3,
17,5,0,0,3,4,4,3,5,5,1,4,3,3,3,6,3,0,3,4,3,
17,5,0,0,3,4,4,3,5,5,1,4,3,3,4,6,4,0,3,4,3,
18,4,0,1,3,4,4,3,6,5,1,4,3,4,3,6,3,0,3,4,3,
21,5,0,1,3,5,5,5,7,6,1,5,5,5,5,7,5,0,5,5,5,
18,5,0,1,3,4,4,3,6,6,1,5,4,4,4,7,4,0,3,4,4,
17,4,0,0,2,4,3,2,5,5,2,5,2,3,3,5,2,0,2,3,4,
17,5,0,1,3,4,4,3,6,6,1,4,3,4,4,6,3,0,3,4,3,
18,5,0,1,3,4,4,3,6,6,1,4,3,4,4,6,4,0,3,4,4,
18,5,0,1,6,4,4,3,6,6,1,4,6,4,4,6,7,0,3,4,4,
20,7,0,1,3,4,6,5,8,8,1,4,3,6,6,9,3,0,5,6,4,
18,5,0,1,3,4,4,3,6,6,1,5,4,4,4,7,4,0,3,4,4,
18,5,0,1,3,4,4,3,6,5,1,5,3,4,4,7,3,0,3,4,4,
18,5,0,1,3,4,4,3,6,5,1,5,3,4,4,7,3,0,3,4,4,
19,4,0,0,3,4,4,3,5,5,1,4,3,4,3,6,3,0,3,4,3,
19,8,0,1,3,4,7,3,8,8,1,5,3,7,4,9,3,0,3,8,4,
17,5,0,1,4,4,4,4,6,5,1,5,4,4,4,7,4,0,3,5,4,
17,5,0,1,3,4,4,4,6,6,1,5,4,4,4,7,4,0,3,4,4,
16,5,0,1,3,4,4,5,6,5,1,5,4,3,5,6,4,0,4,4,4,
17,5,0,1,3,4,4,4,6,6,1,5,3,4,4,7,4,0,3,5,4,
17,5,1,1,3,4,4,4,6,6,2,5,4,4,4,7,4,0,4,5,4,
17,6,1,1,3,5,4,4,6,6,2,5,4,4,4,7,4,0,4,5,4,
17,4,0,0,3,4,3,3,5,5,1,4,3,3,3,6,3,0,3,4,3,
17,6,1,2,3,5,4,4,6,6,2,5,4,4,4,7,4,0,4,5,4,
17,5,0,0,3,4,4,3,5,5,1,4,3,3,4,6,3,0,3,4,3,
18,4,0,0,3,6,4,3,5,5,1,7,3,3,3,6,3,0,3,4,6,
17,5,0,0,2,4,4,3,5,5,1,4,3,3,4,6,3,0,3,4,3,
17,4,0,1,3,4,4,3,5,5,1,4,3,3,3,6,4,0,3,4,3,
17,5,0,0,3,4,4,3,6,5,1,4,3,3,4,6,3,0,3,4,4,
17,5,0,1,3,4,4,3,6,5,1,4,3,3,4,6,3,0,3,4,4,
17,4,0,0,3,4,4,3,6,5,1,4,3,4,3,6,3,0,3,4,3,
18,5,0,1,2,4,4,3,6,5,1,4,3,4,4,6,3,0,3,4,3,
18,5,0,1,3,4,4,3,6,5,1,4,3,4,4,6,3,0,3,4,3,
18,5,0,1,3,4,4,3,6,6,1,4,3,4,4,7,4,0,3,4,4,
18,5,0,1,3,4,4,4,6,6,1,4,4,4,4,7,4,0,3,4,4,
18,5,0,1,3,4,4,4,6,6,1,5,3,4,4,7,4,0,3,4,4,
18,5,0,1,3,4,4,3,6,6,1,5,3,4,4,7,3,0,3,4,4,
18,5,0,1,3,4,4,3,6,6,1,5,3,4,4,7,4,0,3,4,4,
18,5,0,1,3,4,4,3,6,5,1,5,3,4,4,7,4,0,3,4,4,
18,5,0,1,3,4,4,3,6,5,1,5,3,4,4,7,3,0,3,4,4,
17,5,0,0,4,4,4,3,6,6,1,4,4,4,4,7,5,0,3,4,3,
20,5,0,1,3,4,4,3,6,5,1,5,3,4,4,7,3,0,3,4,4,
19,6,0,1,6,6,6,6,8,6,1,6,6,6,6,8,6,0,6,6,6,
17,5,0,1,3,4,4,4,6,6,1,5,3,4,4,7,4,0,3,5,4,
17,5,1,1,3,4,4,4,6,6,2,5,4,4,5,7,4,0,4,5,4,
17,5,0,0,3,4,4,3,6,5,1,4,3,3,4,6,3,0,3,4,3,
18,5,0,0,2,4,4,3,6,6,1,4,3,4,3,7,3,0,3,4,3,
17,6,1,1,3,5,4,4,6,6,2,5,3,4,4,7,4,0,4,5,4,
17,4,0,0,3,4,3,3,6,5,1,4,3,3,3,6,4,0,3,4,3,
17,5,0,0,3,4,4,3,6,5,1,4,3,3,3,6,4,0,3,4,3,
20,5,0,1,4,4,4,4,6,6,2,5,4,4,4,7,4,0,4,5,4,
20,7,0,1,3,4,6,3,8,7,1,4,3,6,3,9,3,0,3,6,4,
17,5,0,1,3,4,4,3,6,5,1,5,3,4,4,6,3,0,3,4,3,
18,5,0,1,2,4,4,3,6,5,1,4,3,4,4,7,3,0,3,4,3,
18,5,0,1,3,4,4,4,6,5,1,4,3,4,4,6,4,0,3,4,3,
18,5,0,4,6,7,4,4,6,5,4,7,6,4,4,6,7,0,3,4,6,
19,7,0,1,3,4,4,4,6,7,1,4,3,4,4,6,3,0,3,4,3,
19,5,0,0,3,4,4,4,6,5,1,4,3,3,4,6,4,0,3,4,3,
18,5,0,1,3,4,4,4,6,6,1,4,3,4,4,7,3,0,3,4,4,
18,5,0,1,6,4,4,6,6,6,1,4,6,4,7,6,6,0,6,4,4,
18,5,0,1,3,4,4,3,6,5,1,4,3,4,4,7,4,0,3,4,4,
18,5,0,1,3,7,4,3,6,6,1,7,3,4,4,7,4,0,3,4,7,
19,5,2,1,3,4,6,4,7,5,1,4,3,4,4,8,4,0,3,7,4,
18,5,0,1,3,4,4,4,6,6,1,5,3,4,4,7,4,0,3,5,4,
18,5,0,1,3,4,4,4,6,5,1,5,4,4,4,7,4,0,3,5,4,
17,5,0,1,4,4,4,4,6,6,1,5,4,4,4,7,4,0,4,5,4,
17,5,1,1,3,4,4,4,6,6,1,5,4,4,4,7,4,0,4,5,4,
17,5,1,1,3,4,4,4,6,6,2,5,3,4,4,7,4,0,4,5,4,
17,5,0,1,4,5,4,4,6,6,1,5,4,4,5,7,4,0,4,5,4,
17,4,0,0,2,3,4,3,5,5,1,4,2,4,3,6,3,0,3,4,3,
17,4,0,0,3,3,3,3,5,5,1,4,3,3,3,6,3,0,2,4,3,
17,4,0,0,3,4,3,5,5,5,1,4,3,3,5,6,3,0,5,4,3,
18,4,0,0,3,4,4,3,6,5,1,4,3,4,3,6,3,0,3,4,3,
20,5,0,1,3,4,4,3,6,5,1,4,3,4,3,6,4,0,3,4,3,
17,5,0,1,3,4,4,3,6,5,1,4,3,4,3,6,3,0,3,4,4,
17,5,0,0,3,4,4,3,6,5,1,4,3,4,3,6,3,0,3,4,4,
38,5,0,1,26,4,4,3,6,6,1,4,3,4,3,6,26,0,3,4,4,
18,5,0,1,3,4,4,3,6,6,1,4,4,4,3,7,4,0,3,4,4,
18,5,0,1,3,4,4,3,6,5,1,4,3,4,4,6,3,0,3,4,4,
17,5,0,1,3,4,3,3,6,5,1,5,3,3,4,6,3,0,3,4,4,
18,6,0,1,3,4,3,3,5,6,1,4,3,3,4,6,3,0,3,4,3,
18,5,0,1,6,5,5,5,6,6,2,5,6,5,5,7,6,0,5,5,5,
20,7,0,1,3,4,6,5,8,7,1,4,3,6,6,9,4,0,5,6,4,
21,5,0,3,5,6,4,3,6,6,3,6,5,4,4,10,6,0,3,4,5,
17,5,0,1,3,4,4,3,6,6,1,4,3,4,4,6,4,0,3,4,3,
18,5,0,1,3,4,4,3,6,5,1,4,3,4,4,7,4,0,3,4,3,
20,4,0,0,3,3,4,3,5,5,1,4,3,3,3,6,3,0,3,4,3,
21,7,1,0,2,3,6,3,8,7,1,4,3,6,3,9,3,0,3,6,3,
18,5,0,1,3,4,4,4,6,6,1,5,3,4,4,7,4,0,3,5,4,
18,5,0,1,3,4,4,3,6,6,1,5,3,4,4,7,4,0,3,5,4,
17,5,0,1,3,5,4,4,6,6,1,5,4,4,4,6,4,0,4,4,4,
17,5,0,1,3,4,4,4,6,6,2,5,3,4,4,7,4,0,3,5,4,
17,5,0,1,4,4,4,4,6,6,2,5,4,4,4,7,4,0,4,5,4,
17,5,0,1,4,4,4,4,6,6,2,5,4,4,4,7,4,0,4,5,4,
17,5,0,1,4,4,4,4,6,6,1,5,4,4,4,7,4,0,4,5,4,
17,5,0,1,4,4,4,4,6,6,2,5,4,4,4,7,4,0,4,5,4,
17,5,0,1,4,4,4,4,6,6,1,5,4,4,4,7,4,0,4,5,4,
17,5,0,0,3,6,3,3,5,5,1,6,3,3,3,6,3,0,3,4,5,
18,4,0,0,3,4,4,3,6,5,1,4,3,4,4,6,4,0,3,4,3,
17,5,1,1,4,4,5,4,6,6,2,5,4,4,4,7,4,0,4,5,4,
38,27,0,0,3,4,3,3,5,5,1,4,3,3,3,6,3,0,3,4,3,
17,5,0,0,2,4,3,3,6,6,1,4,3,4,3,6,3,0,3,4,3,
18,5,0,1,3,4,4,3,6,6,2,4,3,4,4,6,4,0,3,4,3,
18,5,0,1,3,4,4,3,6,6,1,4,3,4,4,6,4,0,3,4,3,
17,5,0,0,3,4,4,3,6,6,1,4,3,4,4,6,4,0,3,4,3,
18,5,0,1,3,4,4,3,6,5,1,4,3,4,4,6,3,0,3,4,3,
17,5,0,1,3,4,4,3,6,6,1,4,3,4,4,6,3,0,3,4,3,
17,5,0,1,3,4,4,3,6,5,1,4,3,4,4,6,4,0,3,4,3,
18,4,0,0,2,3,3,3,6,5,0,4,3,3,3,6,3,0,2,4,3,
20,5,0,1,3,4,4,3,6,6,1,4,3,4,4,7,3,0,3,4,4,
18,5,0,1,3,4,4,3,6,6,1,4,3,4,4,7,4,0,3,4,3,
18,5,0,1,3,4,4,3,6,5,1,4,3,4,4,6,4,0,3,4,4,
18,5,0,1,3,4,4,3,6,5,1,5,4,4,4,7,4,0,3,4,4,
20,4,0,0,2,4,3,3,6,5,1,4,3,4,3,6,3,0,3,4,3,
18,5,0,1,5,5,5,5,7,5,1,5,5,5,5,7,5,0,5,5,5,
18,5,0,1,3,4,4,4,6,6,1,5,4,4,4,7,4,0,4,5,4,
18,5,0,1,3,4,4,4,6,6,1,5,3,4,4,7,4,0,3,5,4,
17,5,0,1,3,4,4,4,6,5,2,5,4,4,4,7,4,0,4,5,4,
17,5,0,1,3,4,4,4,6,6,1,5,3,4,4,7,4,0,3,5,4,
17,5,1,1,3,4,4,4,6,6,2,5,4,4,4,7,4,0,4,5,4,
17,5,1,1,3,5,4,4,6,6,2,5,4,4,5,7,4,0,4,5,4,
17,5,1,1,3,5,4,4,6,6,2,5,4,4,4,7,4,0,4,5,4,
19,5,0,1,3,4,4,3,6,6,1,4,3,4,4,6,3,0,3,4,3,
20,7,0,0,3,4,6,3,8,7,1,4,3,6,3,9,4,0,2,6,3,
17,4,0,0,3,4,4,3,6,5,1,4,3,3,3,6,4,0,3,4,3,
38,4,0,1,2,4,3,3,26,5,1,4,3,3,4,27,3,0,3,4,3,
17,4,0,0,3,4,4,3,5,5,1,4,3,4,4,6,4,0,3,4,3,
19,5,0,4,6,7,4,3,5,5,5,8,6,3,4,6,7,0,3,4,7,
18,6,0,0,3,4,3,3,5,7,1,4,3,3,4,5,3,0,3,4,3,
18,5,0,0,3,4,3,3,5,5,1,4,3,4,3,6,3,0,3,4,3,
17,5,0,0,3,4,4,3,5,5,1,4,3,4,4,6,4,0,3,4,4,
17,4,0,1,3,4,4,6,5,5,1,4,3,4,6,6,3,0,6,4,3,
17,5,0,1,3,4,4,3,5,5,1,4,3,4,4,6,3,0,3,4,3,
17,4,0,1,3,6,4,3,5,5,1,6,3,4,4,6,3,0,3,4,5,
17,5,0,1,3,4,4,3,6,6,1,4,3,4,4,6,4,0,3,4,4,
18,5,0,1,3,4,4,3,6,5,1,4,3,4,4,6,3,0,3,4,4,
18,5,0,1,5,4,4,3,6,6,1,4,5,4,4,6,5,0,3,4,4,
18,5,0,1,3,4,4,3,6,5,1,5,3,4,4,6,4,0,3,4,4,
18,5,0,1,3,4,4,4,6,6,1,5,3,4,4,7,4,0,3,4,4,
19,7,0,1,3,4,6,4,8,7,1,5,3,6,4,8,4,0,3,6,4,
18,5,0,1,3,4,4,4,6,6,1,5,3,4,4,7,4,0,3,5,4,
18,5,0,1,3,4,4,4,6,6,1,5,4,4,4,7,4,0,4,5,4,
17,5,0,1,3,4,4,4,6,6,1,5,4,4,4,7,4,0,3,5,4,
17,5,0,1,3,4,4,4,6,6,1,5,4,4,4,7,4,0,3,5,4,
17,5,0,1,3,4,5,4,6,5,2,5,3,4,4,7,4,0,4,5,4,
19,5,1,1,3,4,4,4,6,6,2,5,4,4,4,7,4,0,3,5,4,
17,5,1,1,4,4,5,4,6,6,1,5,4,5,4,7,4,0,4,5,4,
17,4,0,0,3,4,3,3,5,5,1,4,3,3,3,6,3,0,3,4,3,
17,5,0,1,2,4,4,3,5,5,1,4,3,4,3,6,3,0,3,4,3,
17,5,0,0,3,4,4,3,6,5,1,4,3,4,4,6,3,0,3,4,3,
17,5,0,0,3,4,3,3,5,5,1,4,3,3,3,6,3,0,3,4,3,
17,5,0,1,2,4,4,3,5,5,1,4,3,4,4,6,3,0,3,4,4,
17,5,0,0,3,4,4,3,5,5,1,4,3,3,4,6,3,0,3,4,3,
17,5,0,0,5,4,4,3,5,5,1,4,5,4,3,6,6,0,3,4,4,
41,6,2,0,3,4,5,29,7,7,1,5,3,5,29,8,4,26,29,6,4,
20,5,0,1,3,4,4,3,9,5,1,5,3,4,4,9,4,0,3,4,4,
17,6,1,1,4,5,5,4,6,6,2,5,4,5,4,7,4,0,4,5,4,
17,4,0,1,3,4,4,3,6,5,1,4,3,4,4,6,4,0,3,4,3,
20,5,0,0,3,4,4,3,5,5,1,4,3,4,4,6,4,0,3,4,4,
20,8,0,1,3,4,7,3,8,8,1,4,3,7,4,9,3,0,3,7,3,
18,5,0,3,6,7,4,4,6,6,4,7,6,4,4,7,6,0,3,5,6,
18,5,0,1,3,4,4,3,6,6,1,4,3,4,4,6,3,0,3,4,4,
17,5,0,1,3,4,4,3,6,6,1,5,3,4,4,6,4,0,3,4,4,
18,5,0,1,3,4,4,4,6,6,1,4,3,4,4,7,4,0,3,5,4,
18,5,0,1,3,4,4,4,6,6,1,5,4,4,4,7,4,0,3,4,4,
18,5,0,1,3,4,4,4,6,6,1,5,3,4,4,7,3,0,3,4,4,
18,5,0,1,3,4,4,3,6,5,1,4,3,4,4,7,3,0,3,5,4,
18,5,0,1,3,4,4,3,6,5,1,5,3,4,4,7,4,0,3,5,4,
18,5,0,1,3,4,4,3,6,5,1,5,3,4,4,6,4,0,3,4,4,
18,5,0,1,3,7,4,3,6,6,1,7,3,4,4,7,4,0,3,4,6,
17,5,0,1,3,4,4,3,6,5,1,4,3,4,4,6,4,0,3,4,4,
17,5,0,0,3,4,4,3,5,5,1,4,3,3,3,6,4,0,3,4,3,
17,5,1,1,3,4,4,4,6,6,2,5,4,4,4,7,4,0,4,5,4,
17,5,0,1,4,4,4,4,6,6,1,5,4,4,4,7,4,0,4,5,4,
18,5,0,1,4,4,4,4,6,6,2,5,4,4,4,7,4,0,4,5,4,
18,5,0,1,3,5,4,4,6,6,2,5,3,4,4,7,4,0,4,5,4,
17,5,1,1,3,5,4,4,6,6,2,5,4,4,4,7,4,0,4,5,4,
17,5,0,0,3,3,3,3,5,5,1,4,3,3,3,6,3,0,3,4,3,
17,5,0,0,3,4,4,3,5,5,1,4,3,4,3,6,3,0,3,4,3,
17,4,0,0,3,4,3,3,5,5,1,4,3,3,3,6,4,0,3,4,3,
17,5,1,1,4,5,4,4,6,6,2,5,4,4,4,7,4,0,4,5,4,
17,4,0,0,3,4,4,3,6,5,1,4,3,4,3,6,3,0,3,4,3,
17,5,0,1,2,4,3,3,6,5,1,4,3,3,3,6,3,0,3,4,3,
17,4,0,0,3,4,3,3,5,5,1,4,3,3,4,6,3,0,3,4,3,
17,4,0,1,2,4,3,3,6,5,1,4,2,3,4,6,3,0,3,4,3,
17,5,0,0,3,4,4,3,5,5,1,4,3,4,3,6,4,0,3,4,3,
17,4,0,0,2,3,3,2,5,4,0,3,2,3,3,5,3,0,2,3,3,
17,5,0,1,3,4,4,3,6,5,1,4,3,4,4,6,3,0,3,4,3,
17,5,0,0,3,4,4,3,6,5,1,4,3,4,4,6,4,0,3,4,3,
17,5,0,1,3,4,4,3,6,5,1,4,3,4,4,6,4,0,3,4,4,
17,5,0,1,3,4,4,3,6,5,1,4,3,3,4,6,4,0,3,4,4,
17,5,0,0,3,4,4,3,5,5,1,4,3,4,4,6,4,0,3,4,3,
17,5,0,1,3,4,4,3,6,5,1,4,3,4,4,6,4,0,3,4,4,
18,5,0,1,3,4,4,3,6,6,1,4,3,4,4,7,4,0,3,4,4,
19,5,0,5,6,7,4,4,6,5,5,8,6,4,5,7,7,0,4,5,7,
17,6,0,1,3,4,3,4,5,6,1,5,4,4,4,6,4,0,3,5,4,
18,5,0,1,3,4,4,3,6,5,1,5,3,4,4,7,3,0,3,4,4,
17,5,0,1,3,4,4,3,6,6,1,4,3,4,4,6,4,0,3,4,4,
17,5,0,1,3,4,3,5,6,5,1,5,3,3,5,6,4,0,5,4,4,
18,5,0,1,3,4,4,3,6,6,1,4,3,4,4,6,3,0,3,4,4,
18,5,0,1,3,4,4,4,6,6,1,5,3,4,4,7,4,0,3,4,4,
18,5,0,1,3,4,4,4,6,6,1,5,3,4,4,7,4,0,3,5,4,
18,5,0,1,3,4,4,4,6,6,1,5,3,4,4,7,4,0,3,4,4,
18,5,0,1,4,4,4,4,6,5,1,5,4,4,4,7,4,0,3,5,4,
30,5,0,5,7,8,4,4,6,5,5,8,7,4,4,6,7,0,4,4,7,
17,5,0,1,3,7,5,4,6,5,2,7,4,4,4,7,4,0,3,5,6,
17,5,0,1,3,4,4,4,6,6,1,5,3,4,4,7,4,0,3,5,4,
17,5,0,1,3,4,4,4,6,6,1,5,3,4,4,7,4,0,3,5,4,
17,5,0,1,4,4,4,4,6,6,1,5,4,4,4,7,4,0,4,5,4,
17,5,0,1,3,4,4,4,6,6,2,5,3,4,4,7,4,0,3,5,4,
17,5,0,1,3,4,4,4,6,6,1,5,4,4,4,7,4,0,4,5,4,
17,5,0,0,3,3,3,3,5,5,1,4,3,3,3,6,3,0,3,4,3,
17,5,0,1,3,4,4,4,6,6,2,5,4,4,4,7,4,0,3,5,4,
17,5,0,1,3,4,3,3,5,5,1,4,3,3,3,6,3,0,3,4,3,
17,4,0,0,3,3,3,3,5,5,0,4,3,3,3,6,3,0,2,4,3,
17,6,0,1,4,5,4,4,6,6,1,5,4,5,4,7,4,0,4,5,4,
17,6,1,1,3,5,4,4,6,6,1,5,4,4,5,7,4,0,4,5,4,
19,5,0,0,3,4,3,3,5,5,1,4,3,3,3,6,4,0,3,4,3,
17,5,1,1,3,4,4,4,6,6,2,5,3,4,4,7,4,0,4,5,4,
17,5,0,0,2,4,3,3,5,5,1,4,3,3,3,6,3,0,3,4,3,
17,5,0,0,3,4,3,3,5,5,1,4,3,4,3,6,3,0,3,4,3,
20,5,0,1,3,4,4,4,6,6,2,5,4,4,4,7,4,0,4,5,4,
18,5,1,1,5,5,5,5,7,6,2,5,5,5,5,8,5,0,5,5,5,
17,5,0,1,2,4,3,3,5,5,1,4,3,3,4,6,3,0,3,4,3,
17,5,0,0,3,4,4,3,5,5,1,4,3,3,4,6,3,0,3,4,3,
17,5,0,1,3,4,4,4,6,5,1,4,3,4,5,6,3,0,4,4,4,
18,5,0,1,3,4,4,2,6,6,1,4,3,4,3,7,3,0,2,5,3,
17,5,0,0,3,4,3,3,6,6,1,4,3,4,4,6,4,0,3,4,4,
17,5,0,0,3,4,4,3,6,5,1,4,3,4,4,6,4,0,3,4,3,
17,5,0,1,3,4,4,3,6,6,1,4,3,4,4,6,4,0,3,4,3,
18,5,0,4,5,6,4,3,6,5,4,7,5,4,4,6,6,0,3,4,6,
18,7,0,1,3,4,3,3,5,7,1,4,3,3,4,6,4,0,3,4,4,
18,5,0,1,4,4,4,4,6,6,2,5,4,4,4,7,4,0,4,5,4,
18,5,0,1,3,4,4,3,6,6,1,4,3,4,4,7,4,0,3,4,4,
17,5,0,1,3,4,3,5,5,6,1,4,4,3,5,5,4,0,4,3,4,
18,5,0,1,4,4,4,4,6,5,1,5,4,4,4,7,4,0,4,4,4,
18,5,0,1,3,4,4,3,6,5,1,5,3,4,4,7,4,0,3,4,4,
18,5,0,1,3,4,4,4,6,6,1,5,3,4,4,7,3,0,3,4,4,
18,5,0,1,3,4,4,4,6,6,1,5,4,4,4,7,4,0,4,5,4,
18,5,0,1,3,4,4,4,6,6,1,5,3,4,7,6,4,0,3,4,4,
17,5,0,1,4,4,4,4,6,5,1,5,4,4,4,7,4,1,4,5,4,
17,5,0,1,3,7,4,4,6,6,1,7,3,4,4,7,4,0,3,5,6,
17,5,0,1,3,4,4,4,6,6,2,5,3,4,4,7,4,0,3,5,4,
19,5,0,1,4,4,4,4,6,5,1,5,4,4,4,7,4,0,4,5,4,
17,5,0,1,3,4,4,4,6,6,2,5,4,4,4,7,4,0,4,5,4,
17,5,0,0,3,3,3,3,5,6,0,4,3,3,3,6,3,0,3,4,3,
18,5,0,1,3,7,4,4,6,6,2,8,3,4,4,7,4,0,3,5,4,
17,5,1,1,3,4,4,4,6,6,2,5,3,4,4,7,4,0,4,5,4,
17,5,0,1,4,4,4,4,6,6,1,5,4,4,4,7,4,0,4,5,4,
17,5,0,1,4,4,4,4,6,6,2,5,4,4,4,7,4,0,4,5,4,
17,5,0,1,3,5,4,4,6,6,2,5,3,4,4,7,4,0,4,5,4,
17,5,0,1,4,4,4,4,6,6,2,5,4,4,4,7,4,0,4,5,4,
17,5,1,1,4,5,4,4,6,6,1,5,4,4,4,7,5,0,4,5,4,
18,5,0,1,3,4,5,4,6,6,2,5,3,5,4,7,4,0,4,5,4,
17,6,0,1,4,5,4,4,6,6,1,5,4,4,4,7,4,0,4,5,4,
36,6,1,1,4,26,4,26,6,6,2,5,4,4,5,7,4,0,4,5,4,
17,4,0,0,3,4,4,3,5,5,1,4,3,3,4,6,3,0,3,4,3,
19,5,0,1,5,5,4,3,6,6,1,6,5,4,4,7,5,0,3,5,5,
17,4,0,3,3,3,3,3,5,5,3,4,3,3,3,6,3,0,3,4,3,
17,5,0,0,3,4,4,3,6,5,1,4,3,4,4,6,4,0,3,4,3,
18,5,0,1,3,4,4,4,6,6,1,5,4,4,4,7,4,0,3,5,4,
40,5,0,1,3,4,4,3,5,5,1,4,3,4,4,28,3,0,3,4,3,
17,6,0,1,4,5,5,4,7,7,2,5,4,5,5,7,5,1,4,5,4,
38,5,0,1,3,4,4,3,6,6,1,4,3,3,4,6,26,0,3,4,3,
17,5,0,1,3,4,4,3,6,5,1,4,3,4,4,6,4,0,3,4,3,
17,5,0,1,3,4,4,3,6,6,1,4,3,4,4,6,4,0,3,4,4,
20,6,1,1,3,5,4,4,6,6,2,5,4,4,4,7,4,0,4,5,4,
20,7,0,1,3,4,7,3,8,8,1,4,3,7,4,9,4,0,3,7,3,
39,5,0,1,3,4,27,3,6,6,1,4,3,4,4,7,3,0,3,28,3,
18,5,0,1,3,4,4,3,6,5,1,4,3,4,4,7,4,0,3,4,4,
18,5,0,1,3,4,4,3,6,6,1,4,3,4,4,6,4,0,3,4,4,
37,5,0,1,5,6,4,4,6,6,4,23,5,4,26,7,6,0,3,4,6,
19,7,0,1,3,4,4,4,6,8,1,5,3,4,4,6,4,0,3,4,4,
19,5,0,1,3,4,4,3,6,6,1,5,3,4,4,7,4,0,3,4,4,
18,5,0,1,3,4,4,3,6,6,1,4,3,4,4,7,3,0,3,4,4,
17,5,0,1,3,4,4,6,6,6,1,4,3,4,6,7,4,0,5,4,4,
17,5,0,1,3,4,4,3,6,6,1,4,3,4,4,7,4,0,3,4,4,
17,5,0,1,3,4,4,4,6,6,1,4,3,4,4,7,4,0,3,5,4,
17,5,0,1,3,4,4,4,6,6,1,4,3,4,4,7,4,1,3,5,4,
17,5,0,1,3,4,4,4,6,6,1,5,3,4,4,7,4,0,3,4,4,
38,5,22,1,3,4,4,4,6,28,2,5,25,4,4,7,4,0,4,5,4,
17,5,0,0,2,4,4,3,6,6,1,4,3,4,4,6,3,0,3,4,3,
18,5,0,1,3,7,4,4,6,5,1,8,4,4,4,7,4,0,4,5,4,
17,5,0,1,3,4,4,4,6,6,1,5,3,4,4,7,4,0,3,5,4,
17,5,0,1,3,4,4,4,6,6,1,5,3,4,4,7,4,0,3,5,4,
17,5,1,1,3,4,4,4,6,6,2,5,4,4,4,7,4,0,4,5,4,
17,5,1,1,3,4,4,4,6,6,1,5,4,4,4,7,4,0,4,5,4,
17,5,0,1,3,4,4,4,6,6,2,5,3,4,4,7,4,0,3,5,4,
17,5,0,1,3,5,4,4,6,6,2,5,4,4,4,7,4,0,4,5,4,
18,5,1,1,3,4,4,4,6,6,2,5,3,4,4,7,4,0,4,5,4,
17,5,0,0,3,4,4,3,5,5,1,4,3,3,3,6,3,0,3,4,3,
17,4,0,0,3,3,3,3,5,5,1,4,3,3,4,6,3,0,3,4,3,
17,5,0,1,3,5,4,4,6,6,2,5,4,4,4,7,4,0,4,5,4,
19,5,0,1,3,4,4,4,6,5,1,5,3,4,4,7,4,0,3,5,4,
17,4,3,3,3,4,3,3,5,5,3,4,3,3,3,6,3,0,3,4,3,
17,5,0,0,2,4,3,3,6,5,1,4,3,4,4,6,3,0,3,4,3,
17,5,0,1,3,4,4,3,5,5,1,4,3,3,4,6,3,0,3,4,3,
17,4,0,1,2,4,3,3,6,5,1,4,3,3,4,6,3,0,3,4,3,
17,5,0,0,3,4,4,3,5,5,1,4,3,3,4,6,3,0,3,4,3,
35,5,0,1,3,4,4,3,6,5,22,4,3,4,4,6,3,0,3,4,3,
18,5,0,1,3,4,4,3,6,5,1,5,3,4,4,6,3,0,3,4,4,
17,5,0,0,3,4,4,3,6,5,1,4,3,4,4,6,3,0,3,4,4,
19,5,1,1,3,5,5,4,6,6,2,5,4,4,4,7,4,0,4,5,4,
19,7,0,1,3,4,6,3,8,7,1,4,3,6,3,8,3,0,2,6,3,
17,5,0,1,3,4,4,3,6,5,1,4,3,4,4,6,4,0,3,4,3,
17,4,0,1,3,4,3,3,6,5,1,4,3,3,3,6,3,0,3,4,3,
18,5,0,1,3,4,4,3,6,5,1,4,3,4,4,6,3,0,3,4,3,
19,5,0,4,6,7,4,4,6,6,5,8,6,4,4,7,7,0,3,4,7,
17,6,0,1,3,4,3,4,5,6,1,4,3,3,4,6,4,0,3,4,4,
18,5,0,1,3,4,4,4,6,5,1,5,3,4,4,7,3,0,3,4,4,
18,5,0,1,3,4,4,4,6,5,1,5,3,4,4,7,4,0,3,4,4,
17,5,0,1,3,4,3,5,6,5,1,5,3,4,5,6,4,0,4,4,4,
20,6,0,1,3,4,6,4,8,7,1,4,3,6,4,8,4,0,3,6,4,
20,5,0,1,3,4,4,4,6,6,1,5,3,4,4,7,4,0,4,4,4,
17,5,0,1,3,4,4,4,6,6,1,5,3,4,4,7,4,0,3,4,4,
17,5,0,1,3,4,4,4,6,6,2,5,4,4,4,7,4,0,4,5,4,
17,5,0,1,3,4,4,4,6,6,1,5,4,4,4,7,4,0,3,5,4,
18,5,0,1,3,4,4,4,6,6,1,5,3,4,4,7,4,0,3,4,4,
17,5,0,1,3,4,4,4,6,5,1,5,3,4,4,7,4,0,3,5,4,
17,5,0,1,3,4,4,4,6,6,1,5,3,4,4,7,4,0,3,5,4,
17,5,0,1,3,4,4,4,6,6,1,5,3,4,4,7,4,0,3,5,4,
17,5,0,1,3,4,4,4,6,6,2,5,3,4,4,7,4,0,3,5,4,
17,5,1,1,3,4,4,4,6,6,1,5,4,4,4,7,4,0,4,5,4,
17,5,1,1,3,5,4,4,6,6,2,5,4,4,4,7,4,0,4,5,4,
17,4,0,0,3,3,3,3,5,5,0,4,3,3,3,6,3,0,3,4,3,
19,5,1,1,3,5,4,4,6,6,2,5,3,4,4,7,4,0,4,5,4,
17,5,1,1,3,4,4,4,6,6,2,5,4,4,4,7,4,0,4,5,4,
17,4,0,0,2,3,3,3,5,5,1,4,3,3,3,6,3,0,3,4,3,
17,5,0,0,3,4,3,3,5,5,1,4,3,3,3,6,3,0,3,4,3,
20,5,0,1,3,4,4,4,6,5,1,5,3,4,4,7,3,0,3,4,4,
17,4,0,0,4,4,4,4,6,5,4,4,4,4,4,6,4,0,4,4,4,
17,5,0,1,3,4,4,3,5,5,1,4,3,4,4,6,3,0,3,4,3,
17,4,0,1,3,4,3,3,5,5,1,4,3,3,3,6,3,0,3,4,3,
17,4,0,1,3,4,4,3,6,5,1,4,3,4,4,6,6,0,3,4,3,
19,7,0,3,5,6,6,5,8,8,3,6,5,6,6,8,5,0,5,6,5,
20,5,0,1,3,4,4,3,9,5,1,4,3,4,4,9,4,0,3,4,4,
17,5,0,1,3,4,4,3,6,5,1,4,3,4,4,6,4,0,3,4,3,
18,5,0,1,3,4,4,3,6,6,1,4,3,4,4,7,3,0,3,4,3,
18,5,0,1,3,4,4,3,6,6,1,4,3,4,4,6,4,0,3,4,3,
18,5,0,1,3,4,5,2,6,6,1,4,3,5,3,7,4,0,2,5,4,
18,5,0,1,3,4,4,3,6,6,1,5,3,4,4,7,4,0,3,4,4,
18,5,0,1,3,4,4,4,6,6,1,5,3,4,4,7,4,0,3,4,4,
18,5,0,1,3,4,4,4,6,6,1,4,3,4,4,7,4,0,3,4,4,
24,5,0,1,2,4,3,3,6,5,1,4,3,3,3,6,3,0,3,4,3,
18,5,0,1,3,4,4,4,6,5,1,5,4,4,4,7,4,0,3,5,4,
18,5,0,1,3,4,4,4,6,6,1,5,3,4,4,7,4,0,3,5,4,
18,5,0,1,3,4,4,4,6,6,1,5,3,4,4,7,4,0,3,5,4,
18,5,0,1,3,4,4,4,6,6,1,5,3,4,4,7,4,0,3,4,4,
19,5,0,5,6,7,4,4,6,6,5,8,6,4,5,7,7,0,4,5,7,
18,6,0,1,3,4,4,4,5,7,1,5,3,4,4,6,4,0,3,4,4,
19,5,0,1,3,4,4,4,6,6,1,4,3,4,4,7,3,0,3,4,4,
18,5,0,1,3,4,4,4,6,6,2,5,3,4,4,7,4,0,4,5,4,
17,5,0,1,3,4,4,7,6,6,1,5,3,4,7,7,4,0,6,5,4,
17,4,0,0,2,3,3,3,5,5,0,4,3,3,3,6,3,0,3,4,3,
17,5,1,1,3,6,4,4,6,6,1,7,3,4,4,7,4,0,3,5,6,
17,5,0,0,2,4,3,3,5,5,0,4,3,3,4,6,3,0,3,4,3,
17,5,1,1,3,4,4,4,6,6,2,5,4,4,4,7,4,0,4,5,4,
17,5,0,0,3,4,4,3,6,5,1,4,3,3,3,6,3,0,3,4,3,
17,5,0,0,2,4,4,3,5,5,1,4,3,4,4,6,3,0,3,4,3,
17,5,1,1,3,4,4,4,6,6,2,5,4,4,4,7,4,0,4,5,4,
17,5,0,1,3,4,3,3,6,5,1,4,3,3,4,6,3,0,3,4,3,
17,5,0,0,3,4,4,3,6,5,1,4,3,3,4,6,3,0,3,4,3,
17,4,0,1,3,4,3,3,6,5,1,4,3,3,4,6,3,0,3,4,3,
17,4,0,0,3,4,4,3,5,5,1,4,3,4,4,6,4,0,3,4,3,
17,5,0,0,3,4,4,3,6,5,1,4,3,4,4,6,3,0,3,4,3,
17,4,0,0,3,4,4,3,5,5,1,4,3,4,4,6,3,0,3,4,4,
20,5,0,1,3,4,4,3,6,5,1,4,3,3,4,6,4,0,3,4,4,
17,5,0,1,4,3,4,4,6,5,1,4,4,4,4,6,4,0,3,4,3,
18,5,0,1,3,4,3,3,6,6,1,4,3,3,4,6,3,0,3,4,3,
17,5,0,1,3,4,4,3,6,5,1,4,3,4,4,6,3,0,3,4,3,
18,5,0,1,3,4,4,3,6,5,1,4,3,4,4,6,4,0,3,4,3,
18,5,0,1,3,4,4,3,6,6,1,4,3,3,4,7,4,0,3,4,4,
18,5,0,1,3,4,4,4,6,5,1,4,3,4,4,7,4,0,3,4,4,
18,5,0,1,3,4,4,4,6,6,1,5,3,4,4,7,4,0,3,4,4,
18,5,0,0,4,3,4,4,6,5,1,4,5,4,4,7,5,0,3,4,3,
21,5,0,1,3,4,4,3,6,5,1,4,3,4,4,7,3,0,3,4,3,
19,5,0,1,5,5,5,5,7,5,1,5,5,5,5,8,5,0,5,5,5,
18,5,0,1,3,4,4,4,6,5,1,5,4,4,4,7,4,0,4,5,4,
18,5,0,1,3,4,4,4,6,6,1,5,3,4,4,7,4,0,3,5,4,
18,5,0,1,3,4,4,4,6,5,1,5,3,4,4,7,4,0,4,5,4,
18,5,0,1,3,4,4,4,6,6,1,5,3,4,4,7,4,0,3,4,4,
18,5,0,1,3,4,4,4,6,5,1,5,3,4,4,7,3,0,3,5,4,
18,5,0,1,3,4,4,4,6,6,1,5,3,4,4,7,4,0,3,4,4,
18,5,0,1,3,4,4,4,6,6,1,5,3,4,4,7,4,0,4,5,4,
19,5,0,5,7,8,4,4,6,6,5,8,7,4,5,7,7,0,4,4,8,
18,6,0,1,3,4,4,4,5,7,1,4,3,4,4,6,4,0,4,4,4,
18,5,0,1,3,4,4,3,6,6,1,4,3,3,4,6,4,0,3,4,4,
18,5,1,1,3,4,4,4,6,6,1,5,3,4,4,7,4,0,4,5,4,
17,5,0,1,3,4,4,7,6,6,1,5,3,4,7,7,4,0,6,5,4,
17,5,1,1,3,4,4,4,6,6,1,5,4,4,4,7,4,0,4,5,4,
17,5,1,1,3,7,4,4,6,6,2,7,4,4,4,7,4,0,4,5,6,
17,4,0,0,2,4,3,3,5,5,1,4,2,3,3,6,3,0,3,4,3,
17,5,1,1,3,4,4,4,6,6,1,5,4,4,4,7,4,0,4,5,4,
17,5,1,1,3,5,4,4,6,6,2,5,3,4,5,7,4,0,4,5,4,
17,5,0,0,3,4,3,3,5,5,0,4,3,3,4,6,4,0,3,4,3,
17,5,0,1,3,5,4,4,6,6,2,5,4,4,4,7,4,0,4,5,4,
17,5,0,0,2,3,3,3,5,5,1,4,3,3,3,6,3,0,3,4,3,
17,5,0,0,3,4,3,3,5,5,1,4,3,3,3,6,3,0,3,4,3,
17,4,0,0,3,4,4,3,5,5,1,4,3,3,4,6,3,0,3,4,3,
17,5,0,1,3,4,4,5,5,5,1,4,3,3,6,6,3,0,5,4,3,
17,5,0,0,3,4,4,3,5,5,1,4,3,4,4,6,3,0,3,4,3,
17,5,0,0,3,4,3,3,5,5,1,4,3,4,4,6,3,0,3,4,3,
19,5,0,1,3,4,4,3,6,5,1,4,3,4,4,6,3,0,3,4,3,
17,5,0,1,3,4,3,3,6,5,1,4,3,3,4,6,3,0,3,4,3,
17,5,0,1,3,4,4,3,6,5,1,4,3,3,4,6,3,0,3,4,3,
17,5,0,1,3,6,4,3,6,5,1,6,3,3,4,6,4,0,3,4,6,
18,5,1,1,3,4,4,4,6,6,1,5,3,4,4,7,4,0,4,5,4,
17,5,0,1,3,4,4,3,6,5,1,4,3,4,4,6,3,0,3,4,3,
18,5,0,1,3,4,4,3,6,6,1,4,3,4,4,6,3,0,3,4,3,
18,5,0,1,3,4,4,3,6,6,1,4,3,4,4,7,4,0,3,4,4,
17,5,0,0,4,4,4,3,6,6,1,4,4,4,4,6,4,0,3,4,3,
20,5,0,1,3,4,3,3,6,5,1,4,3,3,4,6,3,0,3,4,4,
18,5,0,1,5,5,5,5,6,5,1,5,5,5,5,7,5,0,5,5,5,
18,5,0,1,3,4,4,3,6,6,1,5,3,4,4,7,4,0,3,4,4,
18,5,0,1,3,4,4,3,6,6,1,5,3,4,4,7,4,0,3,4,4,
18,5,0,1,3,4,4,4,6,5,1,5,3,4,4,7,4,0,3,4,4,
18,6,0,1,3,4,4,3,6,6,1,4,4,4,3,7,4,0,3,5,4,
18,5,0,1,3,4,4,4,6,6,2,4,3,4,4,7,3,0,3,4,4,
18,5,0,1,3,4,4,3,6,6,1,5,3,4,4,7,4,0,3,4,4,
18,5,0,1,3,4,4,4,6,6,1,5,3,4,4,7,4,0,3,4,4,
18,5,0,4,6,7,4,4,6,6,4,7,6,4,4,7,6,0,3,5,6,
19,7,0,1,3,4,4,4,6,8,1,5,3,4,4,7,4,0,3,4,4,
20,5,0,1,3,4,4,3,5,5,1,4,3,4,4,6,3,0,3,4,3,
18,5,0,1,3,4,4,4,6,6,1,5,4,4,4,7,4,0,3,5,4,
17,5,1,1,3,4,4,4,6,6,1,5,3,4,4,7,4,0,4,5,4,
18,5,1,1,3,4,4,4,6,6,2,5,4,4,4,7,4,0,4,5,4,
18,5,0,0,2,6,3,3,5,5,1,7,3,3,3,6,3,0,3,4,6,
17,5,1,1,3,4,4,4,6,5,2,5,4,4,4,7,4,0,4,5,4,
17,5,1,1,3,4,4,4,6,6,2,5,4,4,4,7,4,0,4,5,4,
17,5,0,1,3,4,4,4,6,6,2,5,4,4,4,7,4,0,4,5,4,
18,5,0,0,2,4,3,3,5,5,1,4,3,3,4,6,3,0,3,4,3,
17,5,1,1,3,5,4,4,6,6,2,5,3,4,4,7,4,0,4,5,4,
17,5,0,1,3,4,4,3,5,5,1,4,3,4,4,6,3,0,3,4,3,
17,4,0,0,3,4,3,3,5,5,1,4,3,3,3,6,4,0,3,4,3,
17,5,0,0,3,4,3,3,6,5,1,4,3,4,4,6,3,0,3,4,3,
17,4,0,0,3,4,4,3,6,5,1,4,3,4,3,6,3,0,3,4,3,
17,5,0,1,3,4,4,3,6,5,1,4,3,3,4,6,3,0,3,4,3,
17,4,0,0,3,4,4,3,6,5,1,4,3,4,4,6,3,0,3,4,3,
17,5,0,0,3,4,3,3,6,5,1,4,3,4,4,6,3,0,3,4,3,
17,5,0,0,3,4,4,3,6,5,1,4,3,4,3,6,4,0,3,4,4,
19,5,0,1,3,4,4,3,6,6,1,4,3,4,4,7,3,0,3,4,4,
17,5,0,0,3,4,4,3,6,5,1,4,3,3,4,6,3,0,3,4,3,
17,5,0,0,3,4,4,3,6,5,1,4,3,3,4,6,3,0,3,4,4,
17,5,0,1,3,4,3,3,6,5,1,4,3,3,4,6,3,0,3,4,3,
17,5,0,1,3,4,4,3,6,5,1,4,3,4,4,6,4,0,3,4,3,
18,5,0,1,3,4,4,3,6,6,1,5,3,4,4,6,4,0,3,4,4,
17,5,0,0,4,3,4,3,6,5,1,3,5,4,4,6,5,0,3,4,3,
21,5,0,1,3,4,4,3,6,6,1,4,3,3,4,7,3,0,3,4,4,
20,6,0,1,3,6,6,6,8,6,1,6,6,6,6,9,6,0,6,6,6,
17,5,0,1,3,4,4,4,6,6,1,4,3,4,4,6,4,0,3,4,4,
18,5,0,1,3,4,4,3,6,6,1,4,3,4,4,7,3,0,3,4,4,
19,5,0,1,3,5,4,4,6,6,2,5,4,4,5,7,4,0,4,5,4,
19,7,0,1,3,4,6,3,8,8,1,4,3,5,3,8,3,0,2,6,4,
18,5,0,1,3,4,4,4,6,6,1,5,3,4,4,7,4,0,3,4,4,
18,5,0,1,3,4,4,4,6,6,1,4,3,4,4,7,4,0,3,4,4,
18,5,0,1,3,4,4,4,6,6,1,5,3,4,4,7,4,0,3,5,4,
18,5,0,1,3,7,4,4,6,6,1,7,3,4,4,7,4,0,4,5,6,
20,5,0,1,3,4,4,4,6,6,1,5,3,4,4,7,4,0,4,5,4,
18,5,0,1,3,4,4,4,6,6,1,5,3,4,4,7,4,0,4,5,4,
18,5,1,1,3,4,4,4,6,6,2,5,4,4,4,7,4,0,4,5,4,
17,5,0,1,3,4,4,4,6,5,2,5,4,4,4,7,4,0,4,5,4,
17,5,0,1,3,4,4,4,6,6,2,5,3,4,4,7,4,0,4,5,4,
18,5,1,1,3,8,4,4,6,6,2,8,3,4,4,7,4,0,4,5,7,
17,6,0,1,4,5,4,4,6,6,2,5,4,4,4,7,5,0,4,5,4,
17,6,0,1,3,5,4,4,6,6,2,5,4,4,4,7,4,0,4,5,4,
17,5,1,1,3,5,4,4,6,6,2,5,4,4,4,7,4,0,4,5,4,
17,5,1,1,3,4,4,4,6,6,2,5,3,4,4,7,4,0,4,5,4,
17,5,0,0,2,4,3,3,5,5,1,4,2,3,3,6,3,0,3,4,3,
20,4,0,0,3,4,3,3,6,5,1,4,3,3,4,6,3,0,3,4,3,
17,5,0,0,2,4,3,3,5,5,1,4,3,3,4,6,3,0,3,4,3,
17,4,0,0,2,4,3,3,5,5,1,4,3,3,4,6,3,0,3,4,3,
17,4,0,0,2,4,3,3,6,5,1,4,3,3,3,6,3,0,3,4,3,
17,5,0,1,3,4,4,3,6,5,1,4,3,3,4,6,3,0,3,4,3,
17,5,0,1,3,4,4,3,6,5,1,4,3,3,4,6,3,0,3,4,3,
17,5,0,1,3,4,4,3,6,5,1,4,3,4,4,6,3,0,3,4,3,
17,5,0,1,3,4,4,3,6,5,1,4,3,4,4,6,3,0,3,4,3,
17,5,0,0,3,4,4,3,6,5,1,4,3,4,4,6,3,0,3,4,3,
17,5,0,1,3,4,4,3,6,5,1,4,3,3,4,6,4,0,3,4,4,
17,5,0,1,3,4,4,3,6,5,1,4,3,3,4,6,3,0,3,4,4,
17,4,0,1,3,4,4,3,6,5,1,4,3,4,4,6,3,0,3,4,4,
18,5,0,1,3,4,4,3,6,6,1,4,3,3,4,6,4,0,3,4,4,
17,5,0,1,3,4,4,3,6,5,1,4,3,4,4,6,3,0,3,4,3,
19,5,0,1,7,5,4,3,6,6,1,5,8,4,4,6,8,0,3,4,5,
21,5,0,1,3,4,4,3,6,6,1,4,3,4,4,7,3,0,3,4,4,
20,8,0,1,3,8,4,3,9,8,1,8,3,4,4,9,3,0,3,8,4,
18,5,0,1,3,4,4,3,6,6,1,5,3,4,4,7,4,0,3,4,4,
18,5,0,1,3,4,4,4,6,6,1,5,3,4,4,7,4,0,3,4,4,
20,5,0,1,3,4,4,4,6,6,1,5,3,4,4,7,4,0,3,5,4,
20,7,0,1,3,4,6,3,8,8,1,5,3,6,4,9,4,0,3,7,4,
18,5,0,0,2,3,3,3,5,5,0,4,3,3,3,6,3,0,3,4,3,
18,5,0,1,3,4,4,4,6,6,1,5,3,4,4,7,4,0,3,5,4,
18,5,0,1,3,4,4,4,6,6,1,5,4,4,4,7,4,0,4,5,4,
18,5,0,1,3,5,4,4,6,6,2,5,4,4,4,7,4,0,3,5,4,
18,5,0,1,3,4,4,4,6,6,2,5,3,4,4,7,4,0,3,5,4,
18,5,0,1,3,4,4,4,6,6,2,5,4,4,4,7,4,0,4,5,4,
17,5,0,1,3,5,4,4,6,6,2,5,3,4,4,7,4,0,4,5,4,
17,5,0,1,4,5,4,4,6,6,2,5,4,4,4,7,4,0,4,5,4,
17,5,0,1,3,5,4,4,6,6,2,5,3,4,4,7,4,0,4,5,4,
17,5,0,1,3,7,4,4,6,6,2,7,4,4,4,7,4,0,3,5,6,
17,6,1,1,4,5,4,4,6,6,2,5,4,4,4,7,4,0,4,5,4,
19,5,1,1,3,5,4,4,6,6,2,5,4,4,4,7,4,0,4,5,4,
17,5,0,0,3,4,4,3,5,5,1,4,3,3,4,6,3,0,3,4,3,
17,5,0,1,2,4,3,3,5,5,1,4,3,3,3,6,3,0,3,4,3,
18,6,0,0,3,7,4,3,5,6,1,7,3,3,3,6,3,0,3,4,6,
19,5,1,4,4,5,4,4,6,6,4,5,4,4,4,7,4,0,4,5,4,
17,5,0,0,3,4,4,3,5,5,1,4,3,3,4,6,3,0,3,4,3,
17,5,0,1,3,4,4,3,6,5,1,4,3,3,4,6,3,0,3,4,4,
18,5,1,1,4,4,4,4,6,6,2,5,4,4,4,7,4,0,4,5,4,
17,5,0,1,3,4,4,3,6,5,1,4,3,3,4,6,3,0,3,4,4,
19,5,0,0,3,4,4,3,6,5,1,4,3,3,4,6,3,0,3,4,4,
17,5,0,1,3,4,4,3,6,6,1,4,3,3,4,6,4,0,3,4,4,
17,5,0,1,3,4,4,3,6,5,1,4,3,3,4,6,3,0,3,4,4,
17,5,0,1,3,4,4,3,6,5,1,4,3,3,4,6,4,0,3,4,3,
17,5,0,1,3,4,4,3,6,5,1,4,3,4,4,6,4,0,3,4,3,
17,5,0,1,3,4,3,3,6,6,1,4,3,3,4,6,3,0,3,4,4,
19,5,0,1,3,4,4,3,6,6,1,4,3,4,4,6,3,0,3,4,4,
20,5,0,1,3,4,4,3,6,6,1,4,3,4,4,6,4,0,3,4,4,
18,5,0,1,3,4,4,3,6,6,1,5,3,4,4,7,3,0,3,4,4,
17,5,0,1,3,4,4,3,6,5,1,4,3,4,4,6,4,0,3,4,4,
20,5,1,1,3,5,4,4,6,6,2,5,4,4,4,7,4,0,3,5,4,
18,5,0,4,4,4,4,4,6,5,4,5,4,4,4,7,4,0,4,4,4,
18,5,0,1,3,4,4,4,6,6,1,5,3,4,4,7,3,0,3,4,4,
18,5,0,1,3,4,4,4,6,6,1,5,3,4,4,7,4,0,3,4,4,
18,5,0,1,3,4,4,4,6,6,1,5,3,4,4,7,4,0,3,4,4,
18,6,0,1,3,4,4,3,6,6,1,4,3,4,3,7,4,0,3,5,4,
18,5,0,1,3,4,4,4,6,6,1,5,3,4,4,7,4,0,3,4,4,
18,5,0,1,3,4,4,4,6,6,1,5,3,4,4,7,4,0,3,4,4,
18,5,0,1,3,4,4,4,6,6,1,5,3,4,4,7,4,0,3,5,4,
19,5,0,4,6,7,4,4,6,6,4,8,7,4,4,7,7,0,4,5,7,
19,8,0,1,3,4,4,4,6,8,2,5,3,4,4,7,4,0,4,5,4,
19,5,0,0,3,4,4,3,5,5,1,4,3,3,3,6,3,0,3,4,3,
17,5,1,1,3,4,4,4,6,6,2,5,4,4,4,7,4,0,4,5,4,
17,5,1,1,3,5,4,6,6,6,2,5,4,4,7,7,4,0,6,5,4,
17,5,1,1,3,5,4,4,6,6,2,5,4,4,4,7,4,0,4,5,4,
17,5,1,1,3,5,4,4,6,6,2,5,4,4,4,7,4,0,4,5,4,
17,5,1,1,3,5,4,4,6,6,2,5,3,4,4,7,4,0,3,5,4,
17,5,0,1,3,4,4,3,6,5,1,4,3,3,4,6,4,0,3,4,4,
17,6,1,2,3,5,4,4,6,6,2,5,4,4,4,7,4,0,4,5,4,
17,6,1,1,4,5,5,4,6,6,2,5,4,4,5,7,4,0,4,5,4,
17,6,1,1,4,7,4,4,6,6,2,7,4,4,4,7,4,0,4,5,7,
17,5,0,1,2,4,3,3,5,5,1,4,3,3,3,6,3,0,3,4,3,
17,5,0,1,3,4,4,3,6,5,1,4,3,3,3,6,3,0,3,4,4,
17,5,0,1,3,4,4,3,6,5,1,4,3,3,4,6,3,0,3,4,3,
17,6,1,2,4,5,5,4,7,6,2,5,4,4,5,7,5,0,4,5,5,
17,5,0,1,3,4,4,3,6,5,1,4,3,3,4,6,3,0,3,4,4,
18,5,0,0,3,4,4,3,5,5,1,4,3,3,4,6,3,0,3,4,3,
17,5,0,1,3,4,4,3,6,5,1,4,3,3,3,6,4,0,3,4,4,
18,5,0,1,3,4,4,3,6,5,1,5,3,4,4,7,4,0,3,4,4,
17,5,0,1,3,4,4,3,6,6,1,4,3,3,4,6,3,0,3,4,3,
17,5,0,0,3,4,4,3,6,5,1,4,3,3,4,6,4,0,3,4,4,
17,5,0,1,3,4,4,3,6,5,1,4,3,3,4,6,4,0,3,4,4,
17,5,0,1,3,4,4,3,6,5,1,4,3,3,4,6,3,0,3,4,3,
17,5,0,1,3,4,3,3,6,6,1,4,3,3,4,6,3,0,3,4,4,
17,5,0,1,3,4,4,3,6,6,1,4,3,3,4,6,4,0,3,4,4,
18,5,0,0,4,3,4,3,6,5,1,4,4,4,4,7,5,0,3,4,3,
20,5,0,1,3,4,4,3,6,5,1,4,3,3,4,6,4,0,3,4,4,
19,6,0,1,6,6,6,6,8,6,1,6,6,6,6,8,6,0,6,6,6,
18,5,0,1,3,4,4,3,6,6,1,5,3,4,4,7,4,0,3,4,4,
18,5,0,1,3,4,4,3,6,6,1,5,3,4,4,7,4,0,3,4,4,
19,5,0,1,5,5,4,4,6,6,2,5,6,4,4,7,6,0,3,5,4,
19,7,0,1,3,4,6,3,8,7,2,5,3,5,3,8,4,0,2,6,4,
18,5,0,1,3,4,4,4,6,6,1,5,3,4,4,7,4,0,3,4,4,
19,5,0,1,3,4,4,4,8,6,1,5,3,4,4,8,4,0,3,6,4,
18,5,0,1,3,5,4,4,6,6,2,5,4,4,4,7,4,0,3,5,4,
19,5,0,4,6,8,4,4,6,6,5,8,7,4,4,7,7,0,3,5,7,
21,10,0,1,3,5,4,4,5,10,2,5,4,4,4,6,4,0,4,4,4,
17,5,1,1,3,4,4,4,6,6,2,5,4,4,4,7,4,0,4,5,4,
17,5,0,1,3,4,4,4,6,6,2,5,4,4,4,7,4,0,3,5,4,
17,5,1,1,3,5,4,5,6,6,2,5,3,3,5,7,4,0,4,4,4,
17,5,1,1,3,5,4,4,6,6,2,5,3,4,4,7,4,0,4,5,4,
20,6,1,2,4,5,4,4,7,6,2,5,4,4,5,7,4,0,4,5,4,
17,6,1,2,4,5,4,4,7,6,2,5,4,4,4,7,4,0,4,5,4,
17,6,1,1,3,5,4,6,6,6,2,5,3,4,6,7,4,0,6,5,4,
17,6,1,1,4,5,4,4,7,6,2,5,4,4,7,7,5,0,4,5,4,
17,6,1,2,4,5,5,4,6,6,2,5,4,4,5,7,4,0,4,5,5,
17,5,0,0,2,5,3,3,6,5,1,5,3,3,3,6,3,0,3,4,5,
17,5,0,0,3,4,4,3,6,5,1,4,3,3,4,6,4,0,3,4,3,
17,5,0,0,3,4,3,3,5,5,1,4,3,3,4,6,3,0,3,4,3,
17,5,0,1,3,6,4,3,6,5,1,6,3,3,3,6,3,0,3,4,5,
17,5,0,0,2,4,3,3,5,5,1,4,3,3,4,6,3,0,3,4,4,
18,5,0,1,3,4,4,3,6,5,1,7,3,3,4,6,3,0,3,4,3,
17,5,0,1,3,4,4,3,6,5,1,4,3,3,4,6,4,0,3,4,4,
17,5,0,1,3,4,4,3,6,5,1,4,3,3,4,6,4,0,3,4,4,
17,5,0,1,3,4,4,3,5,5,1,4,3,4,4,6,3,0,3,4,4,
17,5,0,1,3,4,4,3,6,5,1,4,3,3,3,6,3,0,3,4,4,
17,5,0,1,3,4,4,3,6,6,1,4,3,3,4,6,3,0,3,4,4,
17,5,0,1,3,4,4,3,6,6,1,4,3,3,4,6,4,0,3,4,4,
19,5,0,1,3,4,4,3,6,6,1,4,3,3,4,7,4,0,3,4,4,
17,5,0,1,3,4,4,3,6,5,1,4,3,3,4,6,4,0,3,4,4,
18,5,0,1,3,4,4,3,6,6,1,4,3,4,4,7,4,0,3,4,4,
18,5,0,1,3,4,4,3,6,5,1,5,3,3,4,7,4,0,3,4,4,
19,5,0,1,3,4,4,3,6,6,1,4,3,4,4,6,4,0,3,4,4,
18,5,0,4,4,4,4,4,6,5,4,5,4,4,4,7,4,0,4,4,4,
20,5,0,1,3,4,4,3,6,5,1,5,3,4,4,7,4,0,3,4,4,
18,5,0,1,3,4,4,3,6,6,1,5,3,4,4,7,4,0,3,4,4,
18,5,0,1,3,4,4,4,6,5,1,5,3,4,4,7,4,0,3,5,4,
18,5,0,1,3,4,4,4,6,6,2,5,3,4,4,7,4,0,3,4,4,
18,5,0,1,3,4,4,4,6,6,1,5,3,4,4,7,4,0,3,4,4,
18,5,0,1,3,4,4,4,6,6,1,5,3,4,4,7,4,0,3,5,4,
18,5,0,1,3,4,4,4,6,6,1,5,3,4,4,7,4,0,3,4,4,
21,5,0,1,3,4,4,3,6,5,1,5,3,4,4,7,4,0,3,4,4,
20,8,0,1,3,4,6,4,9,8,2,5,4,6,4,9,4,0,3,7,4,
17,5,0,1,4,5,4,4,6,6,2,5,4,4,4,7,4,0,4,5,4,
17,5,1,1,3,6,4,4,6,6,2,6,4,4,4,7,4,0,4,5,5,
17,5,1,1,4,5,4,4,6,6,2,5,4,4,4,7,5,0,4,5,4,
18,5,1,5,7,8,4,4,6,6,5,8,7,4,4,7,7,0,3,5,7,
20,10,1,1,4,5,4,4,6,10,2,5,4,4,4,7,4,0,4,4,4,
17,6,1,1,4,5,4,4,6,6,2,5,4,4,4,7,4,0,4,5,4,
17,5,0,0,3,4,3,3,5,5,1,4,3,3,3,6,3,0,3,4,3,
17,5,1,1,4,5,4,6,6,6,2,5,4,4,6,7,5,0,5,4,4,
19,6,1,1,4,5,4,4,6,6,2,5,4,4,4,7,4,0,4,5,4,
17,5,0,1,3,4,4,3,6,5,1,4,3,3,4,6,4,0,3,4,4,
17,5,0,0,3,4,4,3,5,5,1,4,3,4,4,6,3,0,3,4,4,
17,6,1,1,4,5,4,4,6,6,2,5,4,4,4,7,4,0,4,5,4,
17,6,1,1,4,5,5,4,7,6,2,5,4,4,5,7,4,0,4,5,5,
17,6,1,2,3,5,5,4,6,6,2,5,4,4,5,7,4,0,4,5,4,
18,5,0,0,3,4,4,3,6,5,1,7,3,3,4,6,4,0,3,4,3,
17,5,0,1,3,4,4,3,6,5,1,4,3,3,4,6,3,0,3,4,4,
17,5,0,1,3,4,3,3,6,5,1,4,3,3,4,6,3,0,3,4,4,
17,5,0,1,3,4,3,3,6,5,1,4,3,3,4,6,3,0,3,4,4,
18,5,0,1,3,4,4,3,6,6,1,5,3,4,4,7,4,0,3,4,4,
17,5,0,1,3,4,4,3,6,5,1,4,3,3,4,6,4,0,3,4,4,
18,5,0,1,3,4,4,3,6,6,2,5,3,4,4,7,3,0,3,4,4,
19,5,0,1,3,4,4,3,6,6,1,4,3,3,4,6,3,0,3,4,4,
17,5,0,1,3,4,4,3,6,5,1,4,3,4,4,6,4,0,3,4,4,
18,5,0,1,3,4,4,3,6,6,1,4,3,3,4,6,4,0,3,4,4,
17,5,0,1,3,4,4,3,6,6,1,4,3,4,4,6,4,0,3,4,4,
19,5,0,1,3,4,4,3,6,6,1,4,3,4,4,6,4,0,3,4,4,
18,2,0,0,0,1,1,1,3,3,0,2,0,1,1,4,1,0,0,1,1,
17,5,0,1,3,4,4,3,6,6,1,5,3,4,4,7,4,0,3,4,4,
18,5,0,1,3,4,4,4,6,6,1,5,3,4,4,7,4,0,3,4,4,
17,5,0,1,6,4,4,3,6,6,1,5,6,4,4,7,6,0,3,4,4,
20,7,2,0,2,3,5,5,7,7,0,4,2,5,6,8,3,2,5,6,3,
20,8,0,1,4,4,4,4,9,8,1,8,4,4,4,9,4,0,3,7,4,
18,5,0,1,3,4,4,4,6,6,2,5,3,4,4,7,4,0,3,5,4,
18,5,0,1,3,4,4,4,6,6,1,5,3,4,4,7,4,0,3,5,4,
18,5,0,1,3,4,4,4,6,6,2,5,4,4,4,7,4,0,4,5,4,
18,5,0,1,3,5,4,4,6,6,2,5,4,4,4,7,4,0,3,5,4,
17,5,1,1,3,5,4,4,6,6,2,5,4,4,4,7,4,0,4,5,4,
17,6,1,1,4,5,4,4,6,6,2,5,4,4,4,7,4,0,4,5,4,
17,5,1,2,3,5,4,4,6,6,2,5,4,4,4,7,4,0,4,5,4,
20,5,0,1,3,4,4,3,6,6,1,5,3,4,4,7,4,0,3,4,4,
20,8,1,2,3,5,7,4,9,9,2,5,3,7,4,10,4,0,4,8,4,
17,6,1,1,4,5,4,4,6,6,2,5,4,4,4,7,4,0,4,5,4,
17,6,1,1,4,5,4,4,6,6,2,5,4,4,5,7,4,0,4,5,4,
17,5,1,2,3,5,4,5,6,6,2,5,3,4,5,7,4,0,4,4,4,
17,5,0,0,3,4,3,3,6,5,1,4,3,3,3,6,4,0,3,4,4,
17,5,0,0,3,4,3,3,5,5,1,4,3,3,4,6,3,0,3,4,3,
17,5,1,1,4,5,4,4,6,6,2,5,4,4,4,7,4,0,4,5,4,
18,5,0,1,3,4,4,4,6,6,1,5,4,4,4,7,4,0,3,5,4,
17,6,1,1,4,5,5,4,6,6,2,5,4,5,4,7,4,0,4,5,5,
17,6,1,1,4,5,5,4,7,6,2,5,4,4,4,7,4,0,4,5,4,
18,5,0,0,3,7,4,3,5,5,1,7,3,3,4,6,3,0,3,4,4,
17,5,0,0,3,4,4,3,5,5,1,4,3,3,4,6,3,0,3,4,3,
17,4,0,1,3,4,4,3,6,5,1,4,3,4,3,6,3,0,3,4,3,
17,4,0,1,2,6,4,3,6,5,1,6,3,4,3,6,3,0,3,4,5,
18,5,0,1,3,4,4,3,6,6,1,4,3,4,4,7,3,0,3,4,4,
17,5,0,1,3,4,4,3,6,5,1,5,3,3,4,6,4,0,3,4,4,
17,5,0,1,3,4,4,3,6,5,1,4,3,3,4,6,4,0,3,4,4,
19,5,0,1,3,4,3,3,6,5,1,4,3,4,3,7,4,0,3,4,4,
17,5,0,1,3,4,3,3,6,6,1,4,3,3,4,6,3,0,3,4,4,
18,5,0,1,3,4,4,3,6,5,1,5,3,4,4,7,4,0,3,4,4,
17,5,0,1,3,4,4,3,6,6,1,5,3,4,4,7,4,0,3,4,4,
17,5,0,1,3,4,4,3,6,6,1,4,3,4,4,6,4,0,3,4,4,
17,4,0,0,2,3,3,2,5,5,0,4,2,3,3,6,3,0,2,3,3,
18,5,0,1,3,4,4,4,6,6,1,5,3,4,4,7,4,0,3,4,4,
18,5,0,1,3,4,4,4,6,5,1,5,3,4,4,7,4,0,3,5,4,
18,5,0,1,5,4,4,4,6,6,1,4,5,4,4,7,6,0,3,4,4,
21,5,0,1,3,4,4,3,6,5,1,5,3,4,4,7,4,0,3,4,4,
19,6,0,1,6,6,6,6,8,6,1,6,6,6,6,8,6,0,6,6,6,
18,5,0,1,3,4,4,4,6,6,1,5,4,4,4,7,4,0,3,5,4,
18,5,0,1,3,4,4,4,6,6,2,5,3,4,4,7,4,0,3,5,4,
18,5,0,1,3,5,4,4,6,6,2,5,4,4,4,7,4,0,4,5,4,
17,5,0,1,4,5,4,4,6,6,2,5,4,4,4,7,4,0,4,5,4,
17,5,1,1,3,4,4,4,6,6,2,5,4,4,4,7,4,0,4,5,4,
17,5,1,1,3,5,4,4,6,6,2,5,4,4,4,7,4,0,3,5,4,
17,6,1,1,3,4,4,4,5,7,2,5,3,4,4,6,4,0,4,5,4,
20,5,2,2,3,4,4,3,6,6,2,5,3,4,4,7,4,0,3,4,4,
20,8,1,1,4,5,7,4,9,8,1,5,4,7,4,10,4,0,4,8,4,
17,5,1,1,4,4,4,4,6,6,2,5,4,4,4,7,4,0,4,5,4,
19,5,1,1,3,5,4,4,6,6,2,5,3,4,4,7,4,0,3,5,4,
17,5,1,1,3,5,4,5,6,6,2,5,3,4,6,7,4,0,5,4,4,
17,6,0,1,3,5,4,4,6,6,2,5,4,4,4,7,4,0,4,5,4,
17,6,0,2,3,5,4,4,6,6,2,5,4,4,4,7,4,0,4,5,4,
17,6,1,2,4,5,4,4,6,6,2,5,4,4,4,7,4,0,4,5,4,
18,5,0,1,3,5,4,4,6,6,2,5,4,4,4,7,4,0,3,5,4,
17,5,0,1,3,4,4,3,6,5,1,4,3,4,3,6,4,0,3,4,3,
17,5,0,0,3,4,3,3,6,5,1,4,3,3,4,6,3,0,3,4,3,
18,6,1,2,4,8,4,4,7,6,2,8,4,4,5,7,5,0,4,5,5,
17,4,0,0,3,4,3,3,6,5,1,4,3,3,3,6,4,0,3,4,4,
17,5,0,1,3,4,4,3,6,5,1,4,3,3,4,6,4,0,3,4,4,
17,5,0,1,3,4,4,3,6,5,1,4,3,3,3,6,4,0,3,4,4,
17,5,0,1,3,4,4,3,6,5,1,4,3,3,4,6,4,0,3,4,4,
17,5,0,1,3,4,4,3,6,5,1,4,3,3,4,6,4,0,3,4,4,
17,5,0,1,3,4,4,3,6,5,1,4,3,3,4,6,4,0,3,4,4,
17,5,0,1,3,4,4,3,6,5,1,5,3,4,4,6,4,0,3,4,4,
18,5,0,1,3,4,4,3,6,6,1,5,3,4,4,7,4,0,3,4,4,
18,5,0,1,3,4,4,4,6,6,1,5,3,4,4,7,3,0,3,4,4,
18,5,0,1,3,4,4,4,6,6,1,5,3,4,4,7,4,0,3,4,4,
18,5,0,1,3,4,4,4,6,6,1,5,3,4,4,7,4,0,3,4,4,
18,5,0,1,3,4,4,3,6,6,1,5,3,4,4,7,4,0,3,4,4,
18,5,0,1,3,4,4,3,6,6,1,5,3,4,4,7,4,0,3,4,4,
18,5,0,1,3,4,4,3,6,6,1,5,3,4,4,7,4,0,3,4,4,
18,5,0,1,3,4,4,4,6,6,1,5,3,4,4,7,4,0,3,4,4,
18,5,0,1,3,4,4,3,6,5,1,4,3,3,4,6,4,0,3,4,4,
18,4,0,0,2,3,3,3,5,5,0,4,2,3,3,6,3,0,2,3,3,
29,5,0,1,3,4,4,4,6,6,2,5,4,4,4,7,4,0,4,5,4,
18,6,1,1,3,5,4,4,6,6,2,5,4,4,4,7,4,0,3,5,4,
18,5,0,1,6,4,4,4,6,6,1,5,6,4,4,7,7,0,3,4,4,
19,7,0,1,3,4,6,6,8,8,1,5,3,6,6,9,4,0,5,7,4,
20,5,0,1,3,5,4,4,6,6,2,5,3,4,4,10,4,0,3,5,4,
17,5,0,1,3,4,4,4,6,6,1,5,3,4,4,7,4,0,3,5,4,
17,5,0,1,3,5,4,4,6,6,2,5,3,4,4,7,4,0,3,5,4,
20,5,0,1,3,4,4,4,6,6,1,5,3,4,4,7,4,0,3,4,4,
19,8,0,1,3,5,7,4,9,8,2,5,4,7,4,9,4,0,3,7,4,
17,5,1,1,3,5,4,4,6,6,2,5,3,4,4,7,4,0,4,5,4,
17,5,1,1,3,5,4,4,6,6,2,5,3,4,4,7,4,0,4,5,4,
17,5,0,1,3,4,3,5,5,5,1,5,3,3,5,6,4,0,4,4,4,
17,5,0,1,4,5,4,4,6,6,2,5,4,4,4,7,4,0,3,5,4,
17,6,0,1,4,5,4,4,6,6,2,5,4,4,4,7,4,0,4,5,4,
17,6,1,1,3,5,4,4,7,6,2,5,4,4,5,7,4,0,4,5,4,
17,5,0,1,4,5,4,4,6,6,2,5,4,4,4,7,5,0,4,5,4,
17,6,1,2,4,5,5,4,6,6,2,5,4,4,5,7,4,0,4,5,4,
17,6,1,2,4,5,4,4,7,6,2,5,4,4,4,7,4,0,4,5,5,
18,6,1,1,4,8,5,4,6,6,2,8,4,4,5,7,4,0,4,5,4,
17,5,0,1,3,4,4,3,6,5,1,4,3,3,4,6,4,0,3,4,3,
17,5,0,1,3,4,3,3,6,5,1,4,3,3,4,6,4,0,3,4,4,
17,6,1,1,4,5,5,4,7,6,2,5,4,4,5,7,4,0,4,5,5,
17,5,0,1,3,4,4,3,6,5,1,4,3,4,4,6,4,0,3,4,4,
17,5,0,1,3,4,4,3,6,5,1,4,3,3,4,6,4,0,3,4,4,
17,5,0,1,3,4,4,3,6,5,1,4,3,3,4,6,3,0,3,4,4,
17,5,0,1,3,4,4,3,6,6,1,5,3,4,4,6,4,0,3,4,4,
18,5,0,0,4,4,4,3,6,5,1,4,4,4,4,7,4,0,3,4,3,
17,5,0,1,3,4,4,3,6,5,1,5,3,4,4,6,4,0,3,4,4,
18,5,0,1,3,4,4,3,6,6,1,5,3,4,4,7,3,0,3,4,4,
18,5,0,1,3,4,4,3,6,6,1,5,4,4,4,7,4,0,3,4,4,
18,5,0,1,3,4,4,3,6,6,1,5,3,4,4,7,4,0,3,4,4,
18,5,0,1,3,4,4,4,6,6,1,5,3,4,4,7,4,0,3,4,4,
17,5,0,1,3,4,4,3,6,6,1,5,3,4,4,7,4,0,3,4,4,
18,5,0,1,3,4,4,4,6,6,1,5,3,4,4,7,4,0,3,5,4,
18,5,0,1,3,4,4,3,6,6,1,5,3,4,4,7,4,0,3,4,4,
18,5,0,1,3,4,4,4,6,6,2,5,3,4,4,7,4,0,3,4,4,
18,5,0,1,3,4,4,4,6,6,1,5,3,4,4,7,4,0,3,5,4,
18,5,0,1,3,4,4,4,6,6,1,5,3,4,4,7,4,0,3,4,4,
18,5,0,1,6,4,4,4,6,6,1,4,6,4,4,7,6,0,3,5,4,
21,7,2,0,3,3,6,6,8,7,0,4,3,6,6,9,3,2,5,6,3,
21,8,0,1,3,4,4,4,9,8,1,5,3,4,4,10,4,0,3,4,4,
17,5,0,1,3,4,4,4,6,6,2,5,3,4,4,7,4,0,3,5,4,
17,5,0,1,3,4,4,4,6,6,1,5,4,4,4,7,4,0,4,5,4,
19,5,0,1,3,4,4,3,6,6,1,5,3,3,4,6,4,0,3,4,4,
19,8,0,1,3,4,7,4,9,9,2,5,4,7,4,9,4,0,3,7,4,
17,5,0,1,3,5,4,4,6,6,2,5,4,4,4,7,4,0,4,5,4,
17,5,0,1,3,5,4,4,6,6,2,5,4,4,4,7,4,0,4,5,4,
16,5,0,1,4,5,3,4,5,6,2,5,4,3,5,6,4,0,4,4,4,
18,6,1,3,4,5,4,4,6,6,3,5,4,4,4,7,4,0,4,5,4,
17,5,1,1,4,5,4,4,6,6,2,5,4,4,4,7,4,0,3,5,4,
17,5,1,1,4,5,4,4,7,6,2,5,4,4,4,7,4,0,4,5,4,
18,5,0,1,3,4,4,4,6,6,1,5,3,4,4,7,4,0,3,4,4,
17,5,1,1,4,5,4,4,7,6,2,5,4,4,4,7,4,0,4,5,4,
17,5,1,2,3,5,4,4,6,6,2,5,3,4,4,7,4,0,4,5,4,
18,5,0,0,3,7,4,3,6,5,1,7,3,3,3,6,3,0,3,4,6,
17,5,0,0,3,4,4,3,6,5,1,4,3,3,4,6,3,0,3,4,3,
17,5,0,1,3,4,4,3,6,5,1,4,3,3,4,6,3,0,3,4,3,
17,5,0,1,3,4,4,3,6,5,1,4,3,3,4,6,3,0,3,4,4,
17,5,0,1,3,4,4,3,6,5,1,4,3,3,4,6,4,0,3,4,4,
17,5,0,1,3,4,4,3,6,5,1,4,3,4,4,6,4,0,3,4,4,
19,5,0,1,3,4,4,3,6,6,1,4,3,3,4,6,4,0,3,4,4,
18,5,0,1,3,4,4,3,6,6,1,5,3,4,4,7,3,0,3,4,4,
18,5,0,1,3,4,4,3,6,6,1,5,3,4,4,7,4,0,3,4,4,
17,5,0,1,3,4,4,3,6,6,1,5,3,4,4,6,3,0,3,4,4,
17,5,0,1,3,4,4,3,6,6,1,5,3,4,4,7,4,0,3,4,4,
17,5,0,1,3,4,4,3,6,5,1,5,3,4,4,7,3,0,3,4,4,
18,5,0,1,3,4,4,4,6,6,1,5,4,4,4,7,4,0,3,4,4,
21,6,2,1,3,4,5,5,9,7,1,5,4,5,5,10,4,0,5,6,4,
18,5,0,1,3,5,4,4,6,6,2,5,4,4,4,7,4,0,4,5,4,
18,5,0,1,3,4,4,3,6,5,1,5,3,4,4,7,4,0,3,4,4,
18,5,0,3,5,6,4,4,6,6,3,7,5,4,4,7,6,0,3,4,6,
18,5,0,1,3,4,4,3,6,5,1,5,3,4,4,7,4,0,3,4,4,
18,5,0,1,3,4,4,3,6,6,1,5,4,4,4,7,4,0,3,4,4,
18,5,0,1,3,4,4,4,6,6,1,5,3,4,4,7,3,0,3,4,4,
18,5,0,1,6,4,4,4,6,6,1,5,6,4,4,7,7,0,4,5,4,
20,7,3,1,3,4,6,6,8,8,1,5,3,6,6,9,4,0,5,7,4,
21,5,0,1,3,4,4,4,9,6,2,5,3,4,4,10,4,0,3,5,4,
17,5,0,1,4,4,4,4,6,6,2,5,3,4,4,7,4,0,3,5,4,
17,5,0,1,3,5,4,4,6,6,2,5,4,4,4,7,4,0,3,5,4,
20,5,0,1,3,4,4,4,6,6,1,5,3,4,4,7,4,0,3,5,4,
20,9,1,1,3,5,7,4,9,9,2,5,4,7,4,10,4,0,3,8,4,
17,5,1,1,4,5,4,4,6,6,2,5,4,4,4,7,4,0,3,5,4,
17,5,1,1,3,4,4,4,6,6,2,5,4,4,4,7,4,0,4,5,4,
17,5,0,1,3,5,4,5,6,6,2,5,4,4,6,7,4,0,5,4,4,
17,6,0,1,3,5,4,4,6,6,2,5,3,4,4,7,4,0,4,5,4,
17,5,0,1,3,5,4,4,6,6,2,5,4,4,4,7,4,0,4,5,4,
17,6,1,1,4,5,5,4,6,6,2,5,4,4,4,7,4,0,4,5,4,
17,6,1,2,4,5,5,4,7,6,2,5,4,4,4,7,5,0,4,5,4,
17,6,1,1,4,5,5,4,7,6,2,5,4,4,5,7,4,0,4,5,5,
17,5,0,1,3,4,4,3,6,5,1,4,3,3,4,6,4,0,3,4,4,
41,28,0,1,3,6,27,3,29,28,1,7,3,27,4,30,3,0,3,27,6,
18,5,0,1,3,4,4,3,6,6,1,4,3,4,3,7,3,0,3,5,3,
17,5,0,1,3,4,4,3,6,6,2,5,3,4,4,7,4,0,3,4,4,
17,5,0,0,3,4,4,3,6,5,1,4,3,4,4,6,4,0,3,4,3,
17,5,0,1,3,4,4,3,6,5,1,4,3,4,4,6,4,0,3,4,4,
17,5,0,1,3,4,4,3,6,5,1,4,3,4,4,6,4,0,3,4,4,
18,6,0,1,3,5,5,3,6,6,1,5,3,5,5,7,5,0,3,5,5,
17,5,0,1,3,4,4,3,6,5,1,4,3,4,4,6,4,0,3,4,4,
17,5,0,1,3,4,4,3,6,6,1,4,3,3,4,6,4,0,3,4,3,
18,5,0,1,3,4,4,3,6,5,1,5,3,4,4,7,4,0,3,4,4,
18,5,0,1,3,4,4,4,6,6,1,5,3,4,4,7,4,0,3,4,4,
17,5,0,1,3,4,4,3,6,5,1,4,3,4,4,6,4,0,3,4,4,
17,5,0,1,3,4,4,3,6,5,1,4,3,4,4,6,4,0,3,4,4,
17,5,0,1,3,4,4,3,6,5,1,5,3,4,4,6,4,0,3,4,4,
18,5,0,1,3,4,4,3,6,5,1,5,3,4,4,7,4,0,3,4,4,
18,5,0,1,3,4,4,4,6,5,1,5,4,4,4,7,4,0,3,5,4,
17,5,0,1,3,4,4,4,6,6,1,5,3,4,4,7,3,0,3,4,4,
17,4,0,0,2,3,3,2,5,5,0,4,2,3,3,6,3,0,2,3,3,
17,5,0,1,3,4,4,3,6,5,1,4,3,4,4,7,4,0,3,4,4,
18,5,0,1,3,4,4,4,6,5,1,5,3,4,4,7,3,0,3,4,4,
18,5,0,1,3,4,4,4,6,5,1,5,3,4,4,7,4,0,3,4,4,
18,5,0,1,3,4,4,4,6,6,1,5,3,4,4,7,3,0,3,4,4,
18,5,0,1,3,4,4,4,6,6,1,5,3,4,4,7,4,0,4,5,4,
17,5,0,1,3,4,4,4,6,6,1,5,3,4,4,7,4,0,3,5,4,
17,5,0,1,3,4,4,4,6,6,1,5,4,4,4,7,4,0,3,5,4,
18,6,1,5,7,8,5,5,7,6,5,8,7,5,5,7,7,0,4,5,7,
19,8,1,1,3,4,4,4,8,9,2,5,4,4,6,9,4,0,4,7,4,
17,5,1,1,3,4,4,4,6,6,1,5,3,4,4,7,4,0,4,5,4,
17,5,1,1,3,5,4,4,6,6,2,5,3,4,4,7,4,0,4,5,4,
17,5,0,1,3,5,4,6,6,6,2,5,4,4,6,7,4,0,6,5,4,
17,5,1,1,3,5,4,4,6,6,2,5,4,4,5,7,4,0,4,5,4,
17,5,1,1,3,5,4,4,6,6,2,5,3,4,4,7,4,0,4,5,4,
17,4,0,1,2,4,3,3,5,5,1,4,2,3,3,6,3,0,3,4,3,
17,5,1,1,3,5,5,4,6,6,2,5,4,4,4,7,4,0,4,5,4,
17,5,0,0,3,4,4,3,6,5,1,4,3,4,3,6,4,0,3,4,4,
17,5,0,1,3,4,4,4,6,5,1,4,3,4,4,6,4,0,3,4,4,
18,5,0,1,3,7,4,3,6,5,1,7,3,4,4,7,4,0,3,4,6,
17,5,0,0,3,4,4,3,5,5,1,4,3,4,4,6,4,0,3,4,3,
17,5,0,1,2,4,4,3,6,5,1,4,3,4,4,6,3,0,3,4,3,
17,5,0,1,3,4,4,3,5,5,1,4,3,4,4,6,4,0,3,4,4,
17,5,0,1,3,4,4,3,6,5,1,4,3,4,4,6,3,0,3,4,4,
17,5,0,1,3,4,4,3,6,5,1,4,3,4,4,6,4,0,3,4,4,
18,5,0,1,3,4,4,3,6,6,1,4,3,4,4,6,3,0,3,4,4,
18,5,0,1,3,4,4,3,6,5,1,4,3,4,4,7,3,0,3,4,3,
17,5,0,1,3,4,4,3,6,5,1,4,3,4,4,6,3,0,3,4,4,
17,5,0,1,3,4,4,3,6,5,1,4,3,4,4,6,4,0,3,4,4,
17,5,0,1,3,4,4,3,6,5,1,5,3,4,4,6,4,0,3,4,4,
17,5,0,1,3,4,4,3,6,6,1,4,3,4,4,6,3,0,3,4,4,
19,5,0,1,3,4,4,4,6,5,1,5,3,4,4,7,4,0,3,4,4,
17,5,0,1,3,4,4,3,6,5,1,5,3,4,4,7,4,0,3,4,4,
17,5,0,1,3,4,4,3,6,5,1,4,3,4,4,6,3,0,3,4,4,
17,5,0,1,3,4,4,3,6,5,1,5,3,4,4,6,4,0,3,4,4,
19,5,0,1,3,4,4,3,6,5,1,4,3,4,4,6,4,0,3,4,4,
18,5,1,4,4,4,4,4,6,5,4,5,4,4,4,7,4,0,4,5,4,
18,5,0,1,3,4,4,4,6,6,1,5,3,4,4,7,4,0,3,5,4,
17,5,0,1,3,4,4,4,6,6,1,5,3,4,4,7,4,0,3,4,4,
24,5,0,1,5,3,4,4,6,5,1,4,5,4,4,7,6,0,3,5,3,
21,5,0,1,3,4,4,3,6,5,1,5,3,4,4,7,3,0,3,4,4,
19,7,0,1,3,7,7,4,8,7,1,7,3,7,7,9,7,0,3,7,7,
17,5,0,1,3,4,4,4,6,6,1,5,3,4,4,7,4,0,3,4,4,
17,5,0,1,3,4,4,4,6,6,1,5,3,4,4,7,4,0,4,5,4,
18,5,0,1,3,4,4,3,6,6,1,5,3,4,4,7,4,0,3,4,4,
18,6,0,1,3,5,5,3,7,7,1,5,3,5,3,8,4,0,3,6,4,
17,5,1,2,3,5,4,4,6,6,2,5,3,4,4,7,4,0,4,5,4,
38,5,1,1,3,5,4,4,6,6,2,28,4,4,4,7,4,0,4,5,27,
17,5,1,1,3,5,4,4,6,6,2,5,4,4,4,7,4,0,4,5,4,
19,6,1,6,7,8,5,4,7,7,6,9,7,5,5,7,8,0,4,5,8,
20,8,0,0,3,3,6,3,8,9,1,4,3,7,3,8,3,0,3,7,3,
17,6,1,1,3,4,4,4,6,6,2,5,4,4,4,7,4,0,4,5,4,
17,5,0,1,3,4,4,3,6,5,1,4,3,4,4,6,3,0,3,4,3,
17,4,0,0,3,4,4,3,5,5,1,4,3,3,4,6,3,0,3,4,3,
17,5,0,1,2,6,4,3,5,5,1,7,3,4,4,6,3,0,3,4,6,
19,5,0,1,3,4,4,3,5,8,1,4,3,4,3,6,3,0,3,4,3,
20,5,0,1,3,4,4,4,6,5,1,5,3,4,4,7,4,0,3,4,4,
17,5,0,1,3,4,4,3,6,5,1,4,3,4,4,6,3,0,3,4,4,
17,5,0,0,3,4,4,6,6,5,1,4,3,4,6,6,4,0,6,4,4,
17,5,1,2,3,5,5,4,7,6,2,5,4,5,5,7,4,0,4,5,4,
17,5,0,1,3,5,4,3,6,6,1,5,3,4,4,6,3,0,3,4,5,
17,5,0,1,3,4,4,3,6,5,1,4,3,4,4,6,4,0,3,4,4,
17,5,0,1,3,4,4,3,6,6,1,4,3,4,4,6,4,0,3,4,4,
17,5,0,1,3,4,4,3,6,5,1,4,3,4,4,6,3,0,3,4,3,
17,5,0,1,3,4,4,3,6,5,1,4,3,4,4,6,3,0,3,4,3,
17,5,0,1,3,4,4,3,6,5,1,4,3,4,4,6,4,0,3,4,4,
17,5,0,1,3,4,4,3,6,6,1,4,3,4,4,6,3,0,3,4,4,
17,5,0,1,3,4,4,3,6,6,1,4,3,4,4,6,4,0,3,4,4,
17,5,0,1,3,4,4,3,6,6,1,4,3,4,4,7,3,0,3,4,4,
17,5,0,1,3,4,4,4,6,5,1,5,3,4,4,7,4,0,3,4,4,
17,5,0,1,3,4,4,3,6,5,1,5,3,4,4,6,3,0,3,4,4,
38,5,0,1,3,4,4,3,6,6,1,4,3,4,27,7,3,0,27,4,4,
18,5,0,1,3,4,4,4,6,5,2,5,3,4,4,7,4,0,3,4,4,
39,5,0,1,26,4,4,3,6,6,1,5,3,4,4,7,27,0,3,4,4,
18,5,0,1,3,4,4,4,6,5,1,5,3,4,4,7,4,0,3,4,4,
18,5,0,1,6,4,4,4,6,6,1,5,6,4,4,7,6,0,3,5,4,
20,6,2,0,2,3,6,5,7,7,0,4,2,5,6,8,2,2,5,6,3,
20,5,0,1,3,4,4,3,9,9,1,5,3,4,4,10,3,0,3,5,4,
17,5,1,1,3,4,4,4,6,6,2,5,3,4,4,7,4,0,4,5,4,
17,5,1,1,3,4,4,4,6,6,1,5,3,4,4,7,4,0,3,5,4,
17,5,0,1,3,4,4,3,6,5,1,4,3,4,4,6,3,0,3,4,4,
17,6,0,1,3,4,5,3,7,6,2,5,4,5,4,7,4,0,3,5,4,
17,5,0,1,3,4,5,4,6,6,2,5,3,4,4,7,4,0,4,5,4,
17,5,0,1,3,4,5,4,6,6,2,5,3,4,4,7,4,0,4,5,4,
17,5,0,1,3,5,4,4,6,6,2,5,4,4,4,7,4,0,4,5,4,
20,5,0,1,3,4,4,4,6,5,1,5,3,4,4,7,4,0,4,5,4,
19,8,1,1,3,4,7,4,9,8,2,5,4,7,4,10,4,0,4,7,4,
17,5,1,2,4,5,4,4,6,6,2,5,4,4,5,7,4,0,4,5,4,
17,5,0,0,2,4,3,3,5,5,1,4,3,3,3,6,3,0,3,4,3,
17,5,0,0,3,4,4,3,5,5,1,4,3,4,3,6,3,0,3,4,3,
17,5,0,0,3,6,4,3,6,5,1,6,3,3,3,6,3,0,3,4,5,
19,7,0,1,3,4,4,3,5,8,1,4,3,3,3,6,3,0,3,4,3,
19,5,0,1,3,4,4,4,6,5,1,5,3,4,4,7,4,0,4,5,4,
17,5,0,0,3,4,4,3,6,5,1,4,3,4,4,6,3,0,3,4,3,
18,5,0,1,3,4,4,6,6,5,1,4,3,4,7,6,3,0,6,4,4,
18,7,0,2,3,5,5,3,7,7,2,5,4,5,4,8,4,0,3,6,4,
17,5,0,1,3,6,4,3,6,5,1,7,3,4,4,6,4,0,3,4,6,
17,5,0,1,3,4,4,3,6,5,1,4,3,4,4,6,3,0,3,4,4,
38,27,0,1,3,4,4,3,6,5,1,4,3,4,4,6,3,0,3,4,3,
17,5,0,1,3,4,4,3,6,6,1,4,3,4,4,6,3,0,3,4,4,
17,5,0,1,3,4,4,3,6,5,1,4,3,3,4,6,3,0,3,4,4,
17,5,0,1,3,4,4,3,6,5,1,4,3,4,4,6,3,0,3,4,4,
17,5,0,1,3,4,4,3,6,5,1,4,3,4,4,7,3,0,3,4,4,
17,5,0,1,3,4,4,3,6,5,1,4,3,4,4,6,3,0,3,4,4,
17,5,0,1,3,4,4,3,6,6,1,5,3,3,4,7,4,0,3,4,4,
17,5,0,1,3,4,4,3,6,5,1,5,3,4,4,7,4,0,3,4,4,
17,5,0,1,3,4,4,3,6,6,1,4,3,4,4,7,4,0,3,4,4,
18,5,0,1,3,4,4,3,6,6,1,5,3,4,4,7,3,0,3,4,4,
17,4,0,0,2,3,3,2,5,4,0,4,2,3,3,5,3,0,2,3,3,
18,5,0,1,3,4,4,4,6,5,1,5,3,4,4,7,4,0,3,5,4,
18,5,0,1,4,4,4,4,6,5,1,5,4,4,4,7,4,0,3,5,4,
18,5,0,1,6,4,4,4,6,6,1,5,6,4,4,7,6,0,3,5,4,
20,7,2,0,2,3,6,5,8,7,0,4,2,6,6,9,4,2,5,6,3,
19,8,0,1,3,4,4,4,9,8,1,8,3,4,4,9,4,0,3,8,4,
20,5,0,1,5,5,5,5,7,6,2,5,5,5,5,8,5,0,5,5,5,
17,5,0,1,3,4,4,4,6,6,2,5,3,4,4,7,4,0,4,5,4,
17,5,0,2,3,4,4,4,6,6,2,5,4,4,4,7,4,0,4,5,4,
19,5,0,1,3,4,4,4,6,6,2,5,4,4,4,7,4,0,4,5,4,
17,5,0,1,3,4,4,4,6,6,2,5,4,4,4,7,4,0,4,5,4,
17,6,0,1,3,5,4,4,6,6,2,5,3,4,4,7,4,0,4,5,4,
17,6,1,1,4,5,4,4,6,6,2,5,4,4,4,7,4,0,4,5,4,
20,5,0,1,3,4,4,3,6,6,1,5,3,4,4,7,4,0,3,4,4,
20,8,1,1,3,4,7,4,9,9,2,5,4,7,4,10,4,0,4,8,4,
17,6,1,2,4,5,4,4,6,6,2,5,4,4,4,7,4,0,4,5,4,
17,5,0,0,3,4,4,3,5,5,1,4,3,4,4,6,3,0,3,4,3,
17,5,0,0,3,4,3,3,5,5,1,4,3,3,3,6,3,0,3,4,3,
17,5,0,1,2,6,3,3,5,5,1,6,3,3,3,6,3,0,3,4,6,
19,5,0,1,3,4,4,3,6,8,1,4,3,3,4,6,3,0,3,4,3,
46,5,0,1,2,4,3,3,32,5,1,4,3,3,3,6,3,0,3,4,3,
17,4,0,0,3,4,4,3,5,5,1,4,3,4,4,6,4,0,3,4,4,
17,5,0,0,2,4,3,3,5,5,1,4,3,4,4,6,3,0,3,4,3,
17,5,0,1,2,4,3,3,5,5,1,4,3,3,4,6,3,0,3,4,3,
18,5,0,0,3,7,4,3,5,5,1,7,3,3,4,6,4,0,3,4,7,
17,5,0,1,3,4,4,3,5,5,1,4,3,3,4,6,3,0,3,4,4,
17,5,0,1,3,4,4,3,6,5,1,4,3,3,4,6,4,0,3,4,4,
17,5,0,1,3,4,3,3,5,5,1,4,3,3,4,6,3,0,3,4,4,
17,5,0,1,3,4,4,3,6,5,1,4,3,4,4,6,3,0,3,4,3,
17,5,0,1,3,4,3,3,6,6,1,4,3,3,4,6,3,0,3,4,4,
17,5,0,1,3,4,4,3,6,6,1,4,3,3,4,6,4,0,3,4,4,
18,5,0,1,3,4,4,3,6,5,1,5,3,3,4,6,4,0,3,4,4,
17,5,0,1,3,4,4,3,6,5,1,5,3,4,4,6,3,0,3,4,4,
17,5,0,1,3,4,4,3,6,6,1,4,3,4,4,6,4,0,3,4,4,
17,5,0,1,3,4,4,3,6,6,1,5,3,4,4,6,4,0,3,4,4,
17,5,0,1,3,4,4,3,6,6,1,5,3,4,4,7,4,0,3,4,4,
17,4,0,0,2,3,3,2,5,4,0,4,2,3,3,6,3,0,2,3,3,
17,5,0,1,3,4,4,4,6,6,1,5,3,4,4,7,3,0,3,4,4,
18,5,0,1,3,4,4,4,6,6,1,5,3,4,4,7,4,0,3,5,4,
17,5,0,1,5,4,4,4,6,6,1,4,5,4,4,7,6,0,3,4,4,
19,5,0,1,3,4,4,3,6,6,1,5,3,4,4,6,3,0,3,4,4,
18,6,0,1,6,6,6,6,8,6,1,6,6,6,6,8,6,0,6,6,6,
17,5,1,1,3,4,4,4,6,6,2,5,4,4,4,7,4,0,4,5,4,
17,5,0,1,3,4,4,4,6,6,2,5,3,4,4,7,4,0,3,5,4,
17,5,1,1,3,4,4,4,6,6,2,5,4,4,4,7,4,0,4,5,4,
17,5,0,1,3,4,4,4,6,6,2,5,4,4,4,7,4,0,4,5,4,
17,6,0,1,4,5,4,4,6,6,2,5,4,4,4,7,4,0,4,5,4,
17,5,1,1,4,5,4,4,6,6,2,5,4,4,4,7,4,0,4,5,4,
17,6,0,1,3,5,4,4,6,6,2,5,4,4,4,7,4,0,4,5,4,
19,5,0,1,3,4,4,4,6,6,2,5,4,4,4,7,4,0,4,5,4,
41,7,0,2,4,5,6,31,8,8,2,5,4,6,31,9,4,28,30,7,4,
17,5,0,0,3,4,4,3,5,5,1,4,3,3,4,6,3,0,3,4,3,
17,6,1,1,3,5,4,4,6,6,2,5,4,4,4,7,4,0,4,5,4,
17,5,1,1,4,5,4,4,6,6,2,5,4,4,4,7,4,0,4,5,4,
17,5,0,1,3,4,3,3,5,5,1,4,3,3,3,6,3,0,3,4,3,
17,4,0,0,2,4,3,3,5,5,1,4,3,3,3,6,3,0,3,4,3,
17,4,0,0,3,4,3,3,5,5,1,4,3,3,4,6,3,0,3,4,3,
17,5,0,1,3,4,4,3,6,5,1,4,3,3,4,6,3,0,3,4,3,
17,5,0,1,3,4,4,3,5,5,1,4,3,4,4,6,3,0,3,4,3,
17,5,0,1,3,4,3,3,6,5,1,4,3,3,4,6,3,0,3,4,4,
18,5,0,1,3,7,4,3,6,5,1,7,3,4,4,6,4,0,3,4,4,
17,5,0,1,4,3,4,3,6,5,1,4,4,4,4,6,5,0,3,4,3,
17,5,0,1,3,4,4,3,6,5,1,4,3,3,4,6,4,0,3,4,4,
17,5,0,1,3,4,4,3,6,6,1,4,3,3,4,6,3,0,3,4,4,
19,7,0,1,3,4,6,3,8,8,1,4,3,6,4,8,4,0,3,6,4,
17,5,0,1,3,4,4,3,6,6,1,4,3,4,4,6,4,0,3,4,4,
17,5,0,1,3,4,4,3,6,5,1,5,3,4,4,6,3,0,3,4,4,
18,5,0,1,3,4,3,3,6,6,1,4,3,4,4,6,3,0,3,4,4,
17,5,0,1,3,4,4,3,6,5,1,5,3,4,4,6,4,0,3,4,4,
17,5,0,1,3,4,4,3,6,6,1,4,3,4,4,6,4,0,3,4,4,
17,5,0,1,3,4,4,3,6,6,1,5,3,4,4,7,3,0,3,4,4,
18,5,0,1,3,4,4,3,6,5,1,5,3,4,4,7,4,0,3,5,4,
18,5,0,1,3,4,4,4,6,6,1,5,3,4,4,7,4,0,3,4,4,
17,5,0,1,3,4,4,4,6,6,1,5,3,4,4,7,4,0,3,4,4,
18,5,0,1,3,4,4,4,6,6,1,5,3,4,6,7,4,0,3,5,4,
17,5,0,1,4,4,4,4,6,6,1,4,4,4,4,7,5,0,3,5,3,
19,5,0,1,2,4,3,3,5,5,1,4,3,3,3,6,3,0,3,4,3,
17,5,3,3,4,4,4,4,6,6,3,5,4,4,4,7,4,0,4,5,4,
17,5,0,1,3,4,4,4,6,6,1,5,3,4,4,7,4,0,3,5,4,
17,5,1,1,3,4,4,4,6,6,2,5,4,4,4,7,4,0,4,5,4,
17,6,1,1,7,5,4,4,6,6,2,5,7,4,4,7,7,0,4,5,4,
21,5,1,1,3,4,4,4,6,6,1,5,4,4,4,7,4,0,4,5,4,
20,8,0,1,3,4,4,4,9,8,2,5,4,4,4,10,4,0,4,5,4,
17,5,1,1,3,5,4,4,6,6,2,5,4,4,4,7,4,0,4,5,4,
17,6,1,1,3,5,4,4,6,6,2,5,4,4,4,7,4,0,4,5,4,
20,5,0,1,3,4,4,4,6,6,1,5,3,4,4,7,4,0,3,5,4,
19,8,0,1,3,4,7,4,9,8,2,5,3,7,4,9,4,0,4,7,4,
17,6,1,1,3,4,4,4,6,6,2,5,4,4,4,7,4,0,4,5,4,
17,5,0,0,3,4,3,3,5,5,1,4,3,3,3,6,3,0,3,4,3,
16,5,1,2,3,5,4,4,6,5,2,5,3,4,5,7,4,0,4,4,4,
17,5,0,0,3,4,3,3,5,5,1,4,3,3,3,6,3,0,3,4,3,
17,4,0,0,3,4,3,3,5,5,1,4,3,3,3,6,3,0,3,4,3,
17,5,0,0,3,4,4,3,5,5,1,4,3,4,4,6,3,0,3,4,3,
17,5,0,0,3,4,3,3,5,5,1,4,3,3,3,6,3,0,3,4,3,
17,5,0,1,2,4,4,3,5,5,1,4,3,3,4,6,3,0,3,4,3,
18,5,0,0,3,4,4,3,5,5,1,4,3,4,4,6,4,0,3,4,4,
18,5,0,1,3,7,4,3,5,5,1,7,3,4,4,6,4,0,3,4,4,
17,5,0,1,3,4,4,3,6,5,1,4,3,3,4,6,3,0,3,4,4,
17,5,0,1,3,4,4,3,6,5,1,4,3,3,4,6,3,0,3,4,4,
17,5,0,1,3,4,4,3,6,5,1,4,3,3,4,6,3,0,3,4,4,
17,5,0,1,3,4,4,3,6,6,1,4,3,3,4,6,3,0,3,4,4,
17,5,0,1,3,4,4,3,6,6,1,4,3,4,4,6,4,0,3,4,4,
17,5,0,1,3,4,4,3,6,6,1,4,3,4,4,6,3,0,3,4,4,
17,5,0,1,3,4,4,3,6,6,1,4,3,4,4,6,3,0,3,4,4,
17,5,0,1,3,4,4,3,6,5,1,5,3,4,4,7,4,0,3,4,4,
17,5,0,1,3,4,4,3,6,6,1,5,3,4,4,7,3,0,3,4,4,
17,5,0,1,3,4,4,3,6,5,1,5,3,4,4,7,4,0,3,4,4,
17,5,0,1,3,4,4,3,6,6,1,5,3,4,4,7,4,0,3,4,4,
20,5,0,1,3,4,4,4,6,6,1,5,3,4,4,7,4,0,3,5,4,
18,5,0,1,3,4,4,4,6,6,1,5,3,4,4,7,4,0,3,5,4,
17,5,0,1,3,4,4,4,6,6,1,5,3,4,4,7,4,0,3,5,4,
17,5,0,1,3,4,4,4,6,6,2,5,3,4,4,7,4,0,3,5,4,
17,5,0,1,3,4,4,4,6,6,1,5,3,4,4,7,4,0,3,5,4,
17,5,1,1,3,4,4,4,6,6,1,5,3,4,4,7,4,0,3,5,4,
17,5,1,1,3,4,4,4,6,6,2,5,4,4,4,7,4,0,4,5,4,
17,5,1,1,3,4,4,4,6,6,1,5,3,4,4,7,4,0,3,5,4,
17,5,1,1,6,4,4,4,6,6,2,5,6,4,4,7,6,0,4,5,4,
20,5,1,1,3,4,4,4,6,5,1,5,3,4,4,7,4,0,4,5,4,
20,8,1,1,3,5,4,4,10,8,2,5,4,4,4,10,4,0,4,5,4,
17,5,1,1,4,4,5,4,6,6,2,5,4,4,4,7,4,0,4,5,4,
17,5,1,1,3,5,4,4,6,6,2,5,4,4,4,7,4,0,4,5,4,
19,5,0,1,3,4,4,3,6,6,1,4,3,4,4,6,3,0,3,4,4,
19,8,1,2,3,5,7,4,9,8,2,5,3,7,4,9,4,0,3,7,4,
17,6,1,1,4,5,4,4,6,6,2,5,4,4,4,7,4,0,4,5,4,
17,6,1,2,3,4,4,4,6,6,2,5,4,4,4,7,4,0,4,5,4,
16,5,1,1,3,5,4,4,6,6,2,5,3,4,5,6,4,0,4,4,4,
17,5,0,0,3,4,4,3,5,5,1,4,3,3,4,6,3,0,3,4,3,
17,5,0,0,3,4,3,3,5,5,1,4,3,3,4,6,3,0,3,4,3,
17,5,0,1,3,4,4,3,6,5,1,4,3,3,4,6,3,0,3,4,3,
17,4,0,0,3,4,4,3,5,5,1,4,3,4,4,6,4,0,3,4,3,
17,5,0,1,3,4,4,3,5,5,1,4,3,3,4,6,3,0,3,4,3,
17,5,0,1,3,4,4,3,6,5,1,4,3,3,4,6,4,0,3,4,3,
18,5,0,1,3,7,4,3,6,5,1,7,3,4,4,6,3,0,3,4,6,
17,5,0,1,3,4,4,3,6,5,1,4,3,4,4,6,3,0,3,4,4,
17,4,0,1,3,4,4,3,6,5,1,4,3,4,4,6,3,0,3,4,3,
17,5,0,1,3,4,4,3,6,6,1,4,3,3,4,6,3,0,3,4,4,
17,5,0,1,3,4,4,3,6,6,1,4,3,4,4,6,4,0,3,4,4,
17,5,0,1,3,4,4,3,6,6,1,4,3,4,4,6,4,0,3,4,4,
17,5,0,1,3,4,4,3,6,5,1,5,3,4,4,6,4,0,3,4,4,
17,5,0,1,3,4,4,3,6,6,1,5,3,4,4,7,4,0,3,4,4,
17,5,0,1,3,4,4,3,6,5,2,5,3,4,4,7,4,0,3,4,4,
17,5,0,1,3,4,4,4,6,5,1,5,3,4,4,7,4,0,3,4,4,
17,5,0,1,3,4,4,3,6,5,1,5,3,4,4,6,4,0,3,4,4,
17,5,0,1,3,4,4,4,6,5,1,5,3,4,4,7,3,0,3,4,4,
18,5,1,1,3,4,4,4,6,6,2,5,4,4,4,7,4,0,4,5,4,
18,5,0,1,3,4,4,4,6,5,1,5,3,4,4,7,4,0,4,5,4,
17,5,0,1,3,4,4,4,6,6,1,5,3,4,4,7,4,0,3,5,4,
17,5,0,1,3,4,4,4,6,6,1,5,4,4,4,7,4,0,3,5,4,
17,5,0,1,3,4,4,4,6,6,1,5,3,4,4,7,4,0,3,5,4,
17,5,1,1,3,4,4,4,6,6,1,5,3,4,4,7,4,0,3,5,4,
17,5,1,1,3,4,4,4,6,6,2,5,3,4,4,7,4,0,3,5,4,
17,5,0,1,3,4,4,4,6,6,2,5,3,4,4,7,4,0,3,5,4,
17,5,0,1,6,4,4,4,6,6,2,5,6,4,4,7,7,0,3,5,4,
20,5,0,1,3,4,4,4,6,6,1,5,3,4,4,7,4,0,3,5,4,
19,8,1,1,3,4,4,4,9,8,2,5,3,4,4,9,4,0,3,5,4,
17,5,0,1,4,4,4,4,6,6,2,5,4,4,4,7,4,0,4,5,4,
17,5,1,1,3,4,4,4,6,6,2,5,4,4,4,7,4,0,4,5,4,
20,5,0,1,3,5,4,4,6,6,1,5,3,4,4,7,6,0,3,5,4,
19,8,0,1,3,4,7,4,9,8,2,5,4,6,4,9,4,0,3,7,4,
17,6,1,1,4,5,4,4,6,6,2,5,4,4,4,7,4,0,4,5,4,
17,5,0,1,2,4,3,3,5,5,1,4,2,3,3,6,3,0,3,4,3,
16,4,0,0,2,4,3,3,5,5,1,4,3,3,4,6,3,0,3,3,3,
17,5,0,0,3,4,4,3,5,5,1,4,3,4,4,6,3,0,3,4,3,
17,5,0,1,3,4,4,3,5,5,1,4,3,4,4,6,3,0,3,4,4,
17,5,0,1,3,4,4,3,5,5,1,4,3,3,4,6,3,0,3,4,3,
17,5,0,1,3,4,4,3,6,5,1,4,3,3,4,6,3,0,3,4,3,
17,5,0,1,3,4,4,3,6,5,1,4,3,3,4,6,4,0,3,4,4,
37,6,1,2,4,27,5,26,6,6,2,5,4,5,5,7,4,0,4,5,4,
18,5,0,1,3,7,3,3,6,5,1,7,3,3,4,6,3,0,3,4,6,
17,5,0,1,3,4,4,3,6,5,1,4,3,3,4,6,3,0,3,4,3,
17,5,0,1,3,4,4,3,6,6,1,4,3,3,4,6,4,0,3,4,3,
17,5,0,1,3,4,4,3,6,6,1,4,3,4,4,6,3,0,3,4,3,
36,5,0,1,3,4,25,3,6,6,1,4,3,4,4,6,4,0,3,4,3,
40,5,0,1,3,4,4,3,6,6,1,4,3,4,4,29,4,0,3,5,3,
37,5,0,1,3,4,4,3,6,6,1,26,3,4,4,7,4,0,3,4,4,
38,5,0,1,3,5,4,3,6,6,1,5,3,4,4,6,27,0,3,4,4,
17,5,0,1,3,4,4,3,6,6,1,4,3,4,4,6,4,0,3,4,4,
17,5,0,1,3,4,4,4,6,6,1,4,3,4,4,6,4,0,3,4,4,
18,7,0,1,3,4,4,4,6,7,1,4,3,4,4,7,4,0,3,4,4,
19,5,0,1,4,4,4,4,6,5,1,4,4,4,4,6,4,0,4,4,4,
36,5,0,1,3,4,4,4,6,6,1,4,3,4,4,7,4,0,3,25,4,
18,5,0,1,3,4,5,4,6,5,1,5,3,4,4,7,4,0,3,5,4,
19,5,0,1,3,4,4,3,6,6,1,4,3,4,4,6,3,0,3,4,4,
37,5,0,1,3,4,4,4,6,5,1,5,3,4,26,7,4,0,3,5,4,
17,5,0,1,3,4,4,4,6,6,1,5,3,4,4,7,4,0,3,5,4,
17,5,0,1,3,4,4,4,6,6,1,5,3,4,4,7,4,0,3,5,4,
35,5,0,1,3,4,4,4,6,6,1,5,25,4,4,7,5,0,3,5,4,
38,5,1,1,3,4,4,4,6,28,2,5,4,4,4,7,4,0,3,5,4,
17,6,0,1,6,4,4,4,6,6,1,5,6,4,4,7,7,0,3,5,4,
19,7,2,0,2,3,5,5,7,7,1,4,2,5,6,8,3,2,5,6,3,
19,5,1,1,3,4,4,4,9,5,2,5,3,4,4,10,4,0,3,5,4,
31,5,21,1,3,4,4,4,6,6,2,5,4,4,4,7,4,0,3,5,4,
17,4,0,1,2,4,3,3,5,5,1,4,2,3,3,6,3,0,3,4,3,
20,5,0,1,3,4,4,4,6,6,2,5,3,4,4,7,4,0,3,5,4,
21,4,0,0,0,0,3,0,4,4,0,0,0,3,0,5,0,0,0,3,0,
17,6,1,1,3,5,4,4,6,6,2,5,3,4,4,7,4,0,4,5,4,
17,4,0,0,2,4,3,3,5,5,1,4,3,3,3,6,3,0,3,4,3,
16,4,0,1,2,4,3,4,5,5,1,4,3,3,4,6,3,0,4,3,3,
17,5,0,0,3,4,4,3,5,5,1,4,3,4,4,6,3,0,3,4,3,
17,5,0,0,3,4,4,3,5,5,1,4,3,4,4,6,3,0,3,4,3,
17,5,0,0,2,4,3,3,5,5,1,4,3,3,4,6,3,0,3,4,3,
17,5,1,1,4,5,5,4,6,6,2,5,4,4,5,7,4,0,4,5,4,
17,5,0,1,3,4,4,3,5,5,1,4,3,3,4,6,3,0,3,4,4,
17,5,0,1,3,4,4,3,6,5,1,4,3,3,4,6,3,0,3,4,4,
18,5,0,1,3,7,4,3,6,6,1,7,3,4,4,6,3,0,3,4,6,
17,5,0,1,3,4,4,3,6,5,1,5,3,4,4,6,3,0,3,4,4,
17,5,0,1,3,4,4,3,6,5,1,4,3,3,4,6,3,0,3,4,4,
17,5,0,1,3,4,4,3,6,6,1,4,3,3,4,6,3,0,3,4,4,
17,5,0,1,3,4,4,3,6,6,1,4,3,4,4,6,3,0,3,4,4,
17,5,0,1,3,4,4,3,6,5,1,5,3,4,4,6,4,0,3,4,4,
19,5,0,1,3,4,4,3,6,6,1,4,3,4,4,6,4,0,3,4,4,
34,5,0,1,3,4,4,3,6,6,23,5,3,4,4,6,3,0,3,4,4,
18,6,0,1,3,4,4,4,6,6,2,5,3,4,4,7,4,0,3,5,4,
17,5,0,1,3,4,4,3,6,6,1,4,3,4,4,6,4,0,3,4,4,
17,5,0,1,3,4,4,3,6,5,1,5,3,4,4,6,4,0,3,4,4,
17,5,0,1,3,4,4,3,6,6,1,5,3,4,4,6,4,0,3,4,4,
18,5,0,1,3,4,4,4,6,6,1,5,3,4,4,7,4,0,3,5,4,
17,6,0,1,3,4,4,3,6,6,1,5,3,4,4,6,4,0,3,4,4,
17,5,0,1,3,4,4,4,6,6,1,5,3,4,4,7,4,0,3,5,4,
17,5,0,1,3,4,4,4,6,6,1,5,3,4,4,7,4,0,3,5,4,
17,5,0,1,3,4,4,3,6,6,1,5,3,4,4,7,4,0,3,4,4,
17,4,0,0,2,3,3,3,5,5,0,4,2,3,3,6,3,0,2,4,3,
17,5,0,1,3,4,4,4,6,6,1,5,3,4,4,7,4,0,3,5,4,
17,5,0,1,3,4,4,4,6,6,2,5,3,4,4,7,4,0,3,5,4,
17,6,1,1,3,4,4,4,6,6,2,5,4,4,4,7,7,0,3,5,4,
17,6,1,1,3,4,4,6,6,6,2,5,4,4,6,7,4,0,6,5,4,
17,5,1,1,3,4,4,4,6,6,2,5,4,4,4,7,4,0,4,5,4,
17,5,0,1,3,4,4,4,6,6,2,5,4,4,4,7,4,0,4,5,4,
16,5,1,1,3,4,4,4,6,6,2,5,3,4,4,6,4,0,4,4,4,
18,6,0,4,6,7,4,4,6,6,4,7,6,4,4,7,6,0,4,5,6,
19,9,1,2,3,4,7,4,8,9,2,5,4,7,4,9,4,0,4,8,4,
17,5,1,1,3,4,4,4,6,6,2,5,3,4,4,7,4,0,4,5,4,
17,4,0,0,2,4,3,3,5,5,1,4,3,3,3,6,3,0,3,4,3,
17,5,0,1,2,4,4,5,5,5,1,4,3,4,6,6,3,0,5,4,3,
18,6,0,1,3,4,4,4,6,6,1,5,3,4,4,7,4,0,3,5,4,
18,5,0,1,3,4,4,3,6,5,1,5,3,4,4,6,4,0,3,4,4,
17,4,0,1,2,4,4,3,6,5,1,4,3,4,4,6,3,0,3,4,3,
17,5,0,1,3,4,4,4,6,6,1,5,3,4,4,7,4,0,3,5,4,
17,5,0,0,3,4,4,3,5,5,1,4,3,3,4,6,3,0,3,4,4,
17,5,0,1,3,4,4,3,6,5,1,4,3,3,4,6,3,0,3,4,4,
18,5,0,1,3,7,4,3,6,5,1,7,3,4,4,6,3,0,3,4,6,
17,5,0,1,3,4,4,4,6,6,1,4,3,4,4,6,3,0,3,4,3,
17,5,0,1,3,4,4,3,6,5,1,4,3,4,4,6,4,0,3,4,3,
17,5,0,1,3,4,4,3,6,6,1,4,3,4,4,6,3,0,3,4,3,
17,6,0,1,3,4,4,3,6,6,1,5,3,4,4,7,3,0,3,4,4,
17,5,0,1,3,4,4,4,6,6,1,5,3,4,4,6,4,0,3,4,4,
19,5,0,1,3,4,4,3,6,6,1,5,3,4,4,6,3,0,3,4,4,
17,5,0,1,3,4,4,3,6,6,1,4,3,4,4,7,3,0,3,4,4,
17,5,0,1,3,4,4,3,6,6,1,4,3,4,4,6,4,0,3,4,4,
17,5,0,1,3,4,4,3,6,6,1,5,3,4,4,6,4,0,3,4,4,
17,6,0,1,3,4,4,3,6,6,1,5,3,4,4,6,4,0,3,4,4,
17,6,0,1,3,4,4,3,6,6,1,4,3,4,4,7,3,0,3,4,4,
19,6,0,1,3,4,4,4,6,6,1,5,3,4,4,7,4,0,3,5,4,
18,5,0,1,3,4,4,4,6,6,1,5,3,4,4,7,4,0,3,5,4,
18,6,0,1,3,4,4,4,6,6,1,5,3,4,4,7,4,0,3,5,4,
19,6,0,1,3,4,4,5,6,8,1,5,3,4,5,7,4,0,4,5,4,
22,5,0,0,5,5,5,5,7,5,1,5,5,5,5,8,5,0,5,5,5,
18,5,1,4,4,4,4,4,6,6,4,5,4,4,4,7,4,0,4,5,4,
17,6,1,1,3,4,4,4,6,6,2,5,4,4,4,7,4,0,4,5,4,
17,5,1,4,6,7,4,4,6,6,4,7,6,4,4,7,7,0,4,5,7,
17,5,1,1,3,4,4,4,6,6,2,5,4,4,4,7,4,0,4,5,4,
17,6,1,1,3,5,4,4,6,6,2,5,4,4,4,7,4,0,4,5,4,
17,4,0,1,2,3,3,3,6,6,1,4,2,3,3,6,3,0,3,4,3,
17,5,0,0,2,4,3,3,5,5,1,4,3,3,3,6,3,0,3,4,3,
17,6,1,2,3,5,5,4,6,6,2,5,3,4,4,7,4,0,4,5,4,
18,5,1,5,6,7,4,4,6,6,5,8,6,4,4,7,7,0,4,5,7,
19,8,0,0,3,4,4,3,6,8,1,4,3,3,4,7,3,0,3,4,3,
18,5,0,1,3,4,4,3,6,5,1,4,3,4,4,6,3,0,3,4,3,
17,5,0,0,3,4,4,3,6,5,1,4,3,3,3,6,3,0,3,4,3,
17,5,0,1,3,4,4,5,6,5,1,4,3,4,5,6,3,0,5,4,3,
17,5,0,0,3,4,4,3,6,5,1,4,3,3,4,6,3,0,3,4,3,
17,5,0,1,3,4,3,3,6,6,1,4,3,3,4,6,4,0,3,4,3,
17,5,0,1,3,4,4,3,6,5,1,4,3,3,4,6,4,0,3,4,4,
17,6,1,1,3,5,4,4,6,6,2,5,3,4,4,7,4,0,4,5,4,
17,5,0,1,3,4,4,3,6,5,1,4,3,4,4,7,3,0,3,4,3,
17,5,0,1,3,4,4,3,6,6,2,4,3,4,4,6,3,0,3,4,3,
18,5,0,1,3,7,4,3,6,6,1,7,3,3,4,6,3,0,3,4,6,
17,5,0,1,3,4,4,4,6,6,1,4,3,4,4,6,3,0,4,4,4,
17,5,0,1,3,4,4,3,6,5,1,4,3,4,4,6,3,0,3,4,4,
17,5,0,1,3,4,4,3,6,6,1,5,3,4,4,7,4,0,3,4,4,
17,5,0,1,3,4,4,3,6,6,1,5,3,4,4,7,4,0,3,4,4,
17,5,0,1,3,4,4,3,6,6,1,5,3,4,4,6,3,0,3,4,4,
19,5,0,1,3,4,4,3,6,5,1,4,3,4,4,6,4,0,3,4,4,
17,5,0,1,3,4,4,3,6,6,1,4,3,4,4,6,4,0,3,4,4,
18,5,0,1,3,4,4,4,6,5,1,5,3,4,4,7,4,0,3,5,4,
17,5,1,1,3,4,4,3,6,6,1,5,3,4,4,7,3,0,3,5,4,
17,5,0,1,3,4,4,3,6,6,1,5,3,4,4,6,4,0,3,4,4,
17,5,0,1,3,4,4,3,6,6,1,5,3,4,4,7,4,0,3,5,4,
21,5,0,1,3,4,4,4,6,6,1,5,3,4,4,7,4,0,3,5,4,
28,5,0,1,3,4,4,3,5,5,1,4,3,3,4,6,3,0,3,4,3,
17,5,0,1,3,4,4,4,6,6,1,5,3,4,4,7,4,0,3,5,4,
17,5,0,0,4,3,4,3,6,6,1,4,4,4,4,7,5,0,3,4,3,
20,5,0,1,3,4,4,3,5,5,1,4,3,3,4,6,3,0,3,4,3,
19,6,0,1,6,6,6,6,7,6,1,6,6,6,6,8,6,0,6,6,6,
17,5,0,1,3,4,4,4,6,6,1,5,3,4,4,7,4,0,4,5,4,
17,5,0,1,3,4,4,4,6,6,1,5,3,4,4,7,4,0,3,5,4,
17,6,0,1,3,4,4,3,6,6,2,5,3,4,4,7,4,0,3,4,4,
17,6,0,1,4,5,5,3,7,7,2,5,4,5,3,8,4,0,3,6,4,
17,5,0,0,2,4,4,3,6,5,1,5,3,5,4,6,5,0,3,5,4,
17,5,0,0,3,4,4,3,6,6,1,4,3,3,4,6,3,0,3,4,3,
17,5,0,0,2,3,3,3,5,5,1,4,3,3,3,6,3,0,3,4,3,
18,5,0,4,6,7,3,3,5,5,4,7,6,3,4,6,6,0,3,4,6,
20,8,0,0,2,4,3,3,7,9,1,4,2,3,3,8,3,0,3,7,3,
17,5,0,1,3,4,4,3,5,6,1,4,3,4,4,6,4,0,3,4,3,
17,5,0,0,3,4,4,3,6,6,1,4,3,3,4,6,3,0,3,4,3,
17,4,0,0,2,4,3,4,5,5,1,4,3,3,4,6,3,0,3,4,3,
17,5,0,0,3,4,4,3,5,5,1,4,3,3,4,6,3,0,3,4,3,
17,5,0,0,3,4,4,3,6,5,1,4,3,3,4,6,3,0,3,4,3,
18,5,1,1,2,3,4,3,6,5,1,4,3,3,4,6,3,0,3,4,3,
19,5,1,1,3,4,4,4,6,6,1,5,3,4,4,7,4,0,3,5,4,
17,5,0,1,3,4,4,6,6,6,1,4,3,3,6,6,3,0,6,4,3,
17,5,0,1,3,4,3,3,6,5,1,4,3,4,4,6,3,0,3,4,3,
17,5,0,1,3,5,4,3,6,6,1,5,3,3,4,6,3,0,3,4,4,
17,5,0,1,3,4,4,3,6,6,2,5,3,4,4,6,3,0,3,4,4,
17,5,0,1,3,4,4,3,6,6,1,4,3,4,4,6,4,0,3,4,3,
18,6,0,1,3,4,5,2,6,6,1,4,3,4,3,7,3,0,2,5,4,
17,5,0,1,3,4,4,3,6,6,1,4,3,4,4,6,3,0,3,4,4,
18,5,0,1,3,7,4,3,6,6,1,7,3,4,4,6,3,0,3,4,3,
17,5,0,1,3,4,4,3,6,6,1,4,4,4,4,6,4,0,3,4,3,
18,5,0,0,2,3,3,3,5,5,0,4,3,3,3,6,3,0,3,4,3,
17,5,0,1,3,4,4,3,6,6,1,4,3,4,4,6,3,0,3,4,4,
18,5,0,1,3,4,4,3,6,6,1,7,3,4,4,6,3,0,3,4,4,
17,5,0,1,3,4,4,3,6,6,1,5,3,4,4,7,3,0,3,4,4,
17,5,0,1,3,4,4,3,6,6,1,5,3,4,4,6,3,0,3,4,4,
18,5,0,1,3,4,4,4,6,6,1,5,3,4,4,7,4,0,3,4,4,
17,5,0,1,3,4,4,3,6,6,1,5,3,4,4,7,4,0,3,5,4,
18,5,0,1,3,4,4,4,6,6,1,5,3,4,4,7,4,0,3,5,4,
18,5,1,1,3,4,4,4,6,6,1,5,3,4,4,7,4,0,4,5,4,
19,5,0,0,3,4,4,3,5,5,1,4,3,3,3,6,3,0,3,4,3,
18,5,4,4,4,4,4,4,6,6,4,5,4,4,4,7,4,0,4,5,4,
17,5,0,0,2,4,4,3,5,5,1,4,3,4,3,6,3,0,3,4,3,
17,6,1,1,3,4,4,4,6,6,2,5,4,4,4,7,4,0,4,5,4,
18,5,1,1,3,4,4,4,6,8,2,5,3,4,4,7,4,0,4,5,4,
21,7,0,0,2,5,5,5,7,7,0,5,2,5,5,8,5,0,5,6,5,
17,6,1,1,3,4,4,4,6,6,2,5,4,4,4,7,4,0,4,5,4,
17,5,0,0,2,4,4,3,5,6,1,4,3,3,3,6,3,0,3,4,3,
19,5,0,0,3,4,4,3,5,5,1,4,3,4,4,6,4,0,3,4,3,
20,5,0,1,2,4,3,3,5,5,1,4,3,3,3,6,3,0,3,4,3,
19,7,0,0,2,4,5,2,7,7,1,4,3,5,3,8,3,0,2,6,3,
17,5,0,0,2,4,4,3,5,5,1,4,3,3,4,6,3,0,3,4,3,
17,5,0,1,3,4,4,3,6,5,1,4,3,3,4,6,3,0,3,4,3,
17,5,0,0,3,4,4,3,6,5,1,4,3,4,4,6,3,0,3,4,3,
18,5,0,4,5,6,4,3,5,5,4,7,5,3,4,6,6,0,3,4,6,
20,8,0,1,3,4,4,3,8,9,1,4,3,3,4,9,3,0,3,4,3,
17,5,0,1,3,4,4,3,6,5,1,4,3,3,4,6,3,0,3,4,4,
17,5,0,1,3,4,4,3,6,6,1,4,3,4,4,6,3,0,3,4,3,
18,4,0,1,3,4,3,4,5,5,1,4,3,3,5,6,4,0,4,4,4,
18,5,0,1,3,4,4,4,6,6,1,4,3,4,4,7,4,0,3,4,4,
17,5,0,1,3,4,4,3,6,6,1,4,3,4,4,6,3,0,3,4,3,
17,5,0,1,2,4,4,3,6,5,1,4,3,3,4,6,3,0,3,4,3,
17,5,0,0,4,3,4,3,6,5,1,4,4,3,4,6,4,0,3,4,3,
17,5,0,1,3,4,4,3,6,6,1,4,3,4,4,6,3,0,3,4,3,
17,5,0,1,3,4,4,3,6,6,1,4,3,4,4,6,4,0,3,4,4,
17,5,0,1,3,4,4,3,6,6,1,5,3,4,4,6,3,0,3,4,4,
17,5,0,1,3,4,4,3,6,5,1,4,3,4,4,6,3,0,3,4,4,
17,5,0,1,3,4,4,3,6,5,1,5,3,4,4,7,3,0,3,4,4,
17,5,0,1,3,4,4,3,6,6,1,5,3,4,4,7,4,0,3,4,4,
17,5,0,1,3,4,4,3,6,6,1,5,3,4,4,7,4,0,3,4,4,
18,5,0,1,3,4,4,4,6,6,1,5,3,4,4,7,4,0,3,5,4,
18,5,0,1,3,4,4,4,6,6,2,5,3,4,4,7,4,0,3,4,4,
19,5,0,1,3,4,4,4,6,6,1,5,3,4,4,7,4,0,3,5,4,
18,5,0,1,3,4,4,4,6,6,2,5,3,4,4,7,4,0,3,5,4,
18,5,0,1,3,4,4,4,6,6,2,5,4,4,4,7,4,0,4,5,4,
18,5,1,1,4,5,4,4,6,6,2,5,4,4,4,7,4,0,4,5,4,
20,5,0,0,3,4,4,3,5,5,1,4,3,3,3,6,4,0,3,4,3,
17,2,0,0,0,2,1,1,3,3,0,2,1,1,1,4,1,0,1,2,1,
39,5,0,1,3,4,4,3,6,5,2,4,3,3,4,6,3,0,3,4,4,
17,5,1,1,3,4,4,4,6,6,2,5,4,4,4,7,4,0,4,5,4,
17,5,1,1,3,5,4,4,6,6,2,5,6,4,4,7,7,0,4,5,4,
19,7,3,0,2,4,6,5,7,7,1,4,3,5,6,8,3,2,5,6,3,
20,8,1,1,4,5,4,4,9,8,2,5,4,4,4,10,4,0,4,5,4,
17,6,1,1,4,5,4,4,6,6,2,5,4,4,4,7,4,0,4,5,4,
17,6,1,2,4,5,4,4,6,6,2,5,4,4,4,7,4,0,4,5,4,
17,5,0,1,3,4,4,3,5,5,1,4,3,3,4,6,4,0,3,4,4,
17,6,1,2,4,5,4,4,6,6,2,5,4,4,4,7,4,0,4,5,4,
17,6,1,2,3,5,4,4,6,6,2,5,4,4,4,7,4,0,4,5,4,
17,6,1,2,3,5,5,4,6,6,2,5,4,4,4,7,4,0,4,5,4,
17,5,0,0,3,4,4,3,5,5,1,4,3,4,3,6,4,0,3,4,3,
20,5,0,1,3,4,4,4,6,6,2,5,3,4,4,7,4,0,4,5,4,
20,8,0,1,3,4,6,3,8,8,1,4,3,6,4,9,3,0,3,7,3,
17,5,0,1,3,4,3,3,5,5,1,4,3,3,4,6,3,0,3,4,4,
17,6,1,2,4,5,4,4,6,6,2,5,4,4,5,7,4,0,4,5,5,
17,4,0,1,2,4,3,3,5,5,1,4,3,3,4,6,3,0,3,4,3,
17,5,0,1,3,4,3,3,5,5,1,4,3,3,4,6,3,0,3,4,4,
17,5,0,1,3,4,4,3,6,5,1,4,3,3,4,6,3,0,3,4,4,
17,5,0,1,3,4,4,3,6,5,1,4,3,3,4,6,3,0,3,4,4,
17,5,0,1,3,4,4,3,6,5,1,4,3,3,4,6,3,0,3,4,4,
17,5,0,1,3,4,3,3,6,5,1,4,3,3,4,6,3,0,3,4,4,
17,5,0,1,3,4,4,3,6,6,1,5,3,3,4,6,3,0,3,4,4,
18,5,0,1,3,7,4,3,6,6,1,8,3,4,4,6,4,0,3,4,7,
17,5,0,1,3,4,4,3,6,6,1,4,3,4,4,6,3,0,3,4,4,
17,5,0,1,3,4,4,3,6,5,1,4,3,4,4,6,4,0,3,4,4,
18,6,0,1,3,4,5,2,7,7,1,4,3,4,3,7,3,0,2,5,4,
17,5,0,1,3,4,4,3,6,6,1,4,3,4,4,7,3,0,3,4,4,
17,5,0,1,3,4,4,3,6,6,1,5,3,4,4,7,4,0,3,4,4,
17,5,0,1,3,4,4,3,6,6,1,5,3,4,4,6,3,0,3,4,4,
18,5,0,1,3,4,4,4,6,6,1,5,3,4,4,7,4,0,3,5,4,
17,5,0,1,3,4,4,4,6,6,1,5,3,4,4,7,4,0,3,5,4,
17,5,0,1,3,4,4,4,6,6,1,5,3,4,4,7,4,0,3,4,4,
18,5,0,1,3,4,4,3,6,6,2,5,3,4,4,7,4,0,3,4,4,
17,5,0,1,3,4,4,4,6,6,2,5,3,4,4,7,4,0,4,5,4,
17,5,1,1,4,4,4,5,6,6,2,5,4,4,6,7,4,0,5,5,4,
17,5,0,1,3,4,4,4,6,6,2,5,3,4,4,7,4,0,3,5,4,
17,5,0,1,3,4,4,4,6,6,2,5,3,4,4,7,4,0,3,5,4,
17,5,0,1,5,4,4,4,6,6,1,4,5,4,4,7,6,0,3,5,3,
19,5,0,1,3,4,4,3,6,6,1,5,3,4,4,6,4,0,3,4,4,
17,5,1,5,5,5,4,5,6,6,5,5,5,5,4,7,5,0,4,5,4,
17,6,1,2,3,7,4,4,6,6,2,7,4,4,4,7,4,0,4,5,6,
17,6,1,1,4,5,4,4,6,6,2,5,4,4,4,7,4,0,4,5,4,
17,6,1,1,4,5,5,4,6,6,2,5,4,4,4,7,7,0,4,5,4,
19,7,0,0,2,4,6,5,7,7,1,4,3,5,5,8,3,0,5,6,3,
20,6,1,2,3,5,5,4,9,9,2,5,4,4,5,10,4,0,4,5,4,
17,4,0,0,3,4,3,3,5,5,1,4,3,3,3,6,3,0,3,4,3,
17,5,0,0,3,4,4,3,5,5,1,4,3,3,3,6,3,0,3,4,3,
20,5,1,1,3,4,4,4,6,6,2,5,3,4,4,7,4,0,3,5,4,
19,8,1,2,4,5,7,3,9,9,2,5,4,7,4,9,4,0,3,7,4,
17,5,0,1,2,4,3,3,5,5,1,4,3,3,3,6,3,0,3,4,4,
17,5,0,1,3,4,4,3,5,5,1,4,3,3,4,6,3,0,3,4,4,
17,4,0,0,3,4,3,3,5,5,1,4,3,3,4,6,3,0,3,4,3,
17,5,0,1,3,4,3,3,6,5,1,4,3,3,4,6,3,0,3,4,4,
17,5,0,1,3,4,4,3,6,5,1,4,3,3,4,6,3,0,3,4,4,
17,5,0,1,3,4,4,3,6,5,1,4,3,3,4,6,4,0,3,4,4,
17,5,0,1,3,4,4,3,6,5,1,4,3,3,4,6,3,0,3,4,4,
17,5,0,1,3,4,4,3,6,5,1,4,3,4,4,6,3,0,3,4,4,
17,5,0,1,3,4,4,3,6,6,1,5,3,4,4,6,4,0,3,4,4,
17,5,0,1,3,4,4,3,6,6,1,4,3,4,4,6,4,0,3,4,4,
17,5,0,1,3,4,4,3,6,6,1,5,3,4,4,6,3,0,3,4,4,
17,5,0,0,4,4,4,3,6,6,1,5,4,4,4,7,4,0,3,4,4,
17,5,0,1,3,4,4,3,6,6,1,5,3,4,4,7,4,0,3,4,4,
19,5,0,1,3,4,4,3,6,8,1,4,3,4,4,6,3,0,3,4,4,
17,5,0,1,3,4,4,3,6,6,1,5,3,4,4,7,4,0,3,4,4,
17,5,0,1,3,4,4,3,6,6,1,5,3,4,4,7,3,0,3,4,4,
17,5,0,1,3,6,4,3,6,6,1,6,3,4,4,7,4,0,3,4,5,
17,5,0,1,3,4,4,3,6,6,1,5,3,4,4,7,4,0,3,4,4,
17,5,0,1,3,4,4,4,6,6,1,5,3,4,4,7,4,0,3,5,4,
17,5,0,1,3,4,4,4,6,6,2,5,3,4,4,7,4,0,3,5,4,
17,5,0,1,3,4,4,4,6,6,2,5,4,4,4,7,4,0,4,5,4,
17,5,0,1,3,4,4,4,6,6,2,5,4,4,4,7,4,0,4,5,4,
17,5,1,1,3,5,4,4,6,6,2,5,4,4,4,7,4,0,4,5,4,
17,5,1,1,3,4,4,4,6,6,2,5,3,4,4,7,4,0,4,5,4,
17,6,1,1,3,5,4,4,6,6,2,5,4,4,4,7,4,0,4,5,4,
17,5,0,1,3,4,4,3,6,6,1,5,3,4,4,6,3,0,3,4,4,
17,3,0,0,1,3,2,2,4,4,0,3,2,2,2,5,2,0,2,3,2,
18,6,1,1,4,5,4,4,6,6,2,5,4,4,4,7,4,0,4,5,4,
17,6,1,1,4,5,4,4,6,6,2,5,4,4,4,7,4,0,4,5,4,
17,6,1,2,6,5,4,4,6,6,2,5,7,4,4,7,7,0,4,5,4,
20,7,2,0,1,3,6,5,7,7,0,3,1,5,5,8,2,2,5,6,2,
20,6,1,1,4,5,4,4,9,9,2,5,4,4,4,10,4,0,4,5,4,
17,6,1,1,4,5,5,4,6,6,2,5,4,5,4,7,4,0,4,5,5,
17,5,0,1,3,4,4,3,5,5,1,4,3,3,3,6,3,0,3,4,3,
20,6,0,2,3,5,4,4,6,6,2,5,4,4,4,7,4,0,4,5,4,
18,5,0,1,3,4,4,4,6,6,2,5,4,4,4,7,4,0,3,5,4,
17,5,0,1,3,4,4,3,6,5,1,4,3,3,4,6,4,0,3,4,4,
17,5,0,1,3,4,4,3,5,5,1,4,3,3,3,6,3,0,3,4,4,
17,5,0,1,3,4,4,3,6,5,1,4,3,3,4,6,3,0,3,4,4,
19,5,0,5,7,8,4,4,6,6,5,8,7,4,4,7,8,0,3,4,7,
20,8,0,1,3,4,4,3,8,8,1,4,3,3,4,9,4,0,3,7,4,
17,5,0,1,3,4,4,3,6,6,1,5,3,4,4,6,3,0,3,4,4,
17,5,0,1,3,4,4,3,6,6,1,4,3,4,4,6,3,0,3,4,4,
17,5,0,1,3,4,4,6,6,6,1,5,3,4,6,6,4,0,6,4,4,
17,5,0,1,3,4,4,3,6,6,1,5,3,4,4,6,4,0,3,4,4,
17,5,0,1,3,4,4,3,6,6,1,5,3,4,4,7,3,0,3,4,4,
17,5,0,1,3,4,4,3,6,6,1,5,3,4,4,7,4,0,3,4,4,
18,5,0,1,3,4,4,4,6,6,2,5,3,4,4,7,4,0,3,5,4,
18,5,0,1,3,5,4,4,6,6,2,5,3,4,4,7,4,0,3,5,4,
18,5,0,1,3,4,4,4,6,6,1,5,3,4,4,7,4,0,3,5,4,
17,5,0,1,4,7,4,4,6,6,2,7,4,4,4,7,4,0,3,5,6,
17,5,0,1,3,4,4,4,6,6,2,5,3,4,4,7,4,0,3,4,4,
20,5,0,1,3,4,4,4,6,6,1,5,3,4,4,7,4,0,3,5,4,
17,5,1,1,3,4,4,4,6,6,2,5,4,4,4,7,4,0,3,5,4,
17,5,1,1,3,5,4,4,6,6,2,5,4,4,4,7,4,0,4,5,4,
18,5,0,2,3,7,4,4,6,6,2,8,4,4,4,7,4,0,4,5,7,
17,6,1,1,4,5,5,4,6,6,2,5,4,4,4,7,4,0,4,5,4,
17,6,1,1,3,5,4,4,6,6,2,5,3,4,4,7,4,0,4,5,4,
17,6,1,2,3,5,4,4,6,6,2,5,4,4,4,7,4,0,4,5,4,
17,5,0,0,3,4,4,3,5,5,1,4,3,3,3,6,3,0,3,4,3,
17,5,0,1,3,4,3,3,5,5,1,4,3,3,3,6,3,0,3,4,3,
17,6,1,2,4,5,5,4,6,6,2,5,4,4,5,7,4,0,4,5,5,
17,5,0,1,3,4,4,3,5,5,1,4,3,3,3,6,3,0,3,4,3,
17,5,0,1,2,4,4,3,5,5,1,4,3,3,3,6,3,0,3,4,4,
17,5,0,1,3,4,4,3,6,5,1,4,3,3,4,6,4,0,3,4,4,
17,5,0,1,3,4,4,3,6,5,1,4,3,3,4,6,4,0,3,4,4,
17,5,0,1,3,4,4,3,6,6,1,4,3,4,4,6,3,0,3,4,4,
18,3,0,0,1,2,2,1,4,4,0,3,1,2,2,5,1,0,1,2,2,
17,5,0,1,3,4,4,3,6,6,1,4,3,3,4,6,3,0,3,4,4,
17,5,0,1,3,4,4,3,6,6,1,4,3,3,4,6,3,0,3,4,4,
17,5,0,1,3,4,4,3,6,6,1,5,3,4,4,6,4,0,3,4,4,
17,5,0,1,3,4,4,3,6,6,1,5,3,4,4,6,4,0,3,4,4,
18,6,0,1,3,4,5,2,7,7,1,4,3,4,3,7,3,0,2,5,4,
17,5,0,1,3,4,4,3,6,6,1,5,4,4,4,7,4,0,3,4,4,
18,5,0,1,3,4,4,3,6,6,2,5,3,4,4,7,4,0,3,4,4,
20,5,0,1,3,4,4,3,6,6,1,5,3,4,4,6,4,0,3,4,4,
19,7,0,1,3,4,6,3,8,8,1,5,3,6,3,8,3,0,2,6,4,
17,5,0,1,3,4,4,3,6,6,1,5,3,4,4,7,4,0,3,4,4,
18,5,0,1,3,4,4,4,6,6,2,5,3,4,4,7,4,0,3,5,4,
18,5,0,1,3,4,4,4,6,6,2,5,4,4,4,7,4,0,3,5,4,
18,5,0,4,6,7,4,4,6,6,4,7,6,4,4,7,7,0,3,5,7,
19,9,0,1,3,4,4,4,9,9,2,5,3,4,4,9,4,0,3,4,4,
17,5,0,1,3,4,4,4,6,6,1,5,3,4,4,7,4,0,3,5,4,
17,5,0,1,4,4,4,4,6,6,2,5,4,4,4,7,4,0,3,5,4,
16,5,1,1,3,4,4,5,6,5,2,5,3,4,5,6,4,0,5,4,4,
17,5,1,1,3,4,4,4,6,6,2,5,4,4,4,7,4,0,4,4,4,
17,5,1,1,3,5,4,4,6,6,2,5,4,4,4,7,4,0,4,5,4,
17,5,1,1,3,5,4,4,6,6,2,5,4,4,4,7,4,0,4,5,4,
17,5,1,1,3,4,4,4,6,6,2,5,4,4,4,7,4,0,4,5,4,
17,5,0,1,3,5,4,4,6,6,2,5,4,4,4,7,4,0,4,5,4,
17,5,0,1,3,5,4,4,6,6,2,5,4,4,4,7,4,0,4,5,4,
17,5,1,1,3,5,4,4,6,6,2,5,3,4,4,7,4,0,4,5,4,
17,6,1,2,3,5,4,4,6,6,2,5,4,4,4,7,4,0,4,5,4,
17,5,0,1,3,4,4,3,5,5,1,4,3,3,3,6,4,0,3,4,4,
17,5,0,0,3,4,4,3,5,5,1,4,3,3,3,6,3,0,3,4,3,
17,6,1,1,4,5,4,4,6,6,2,5,4,4,4,7,4,0,4,5,4,
17,5,0,1,3,4,4,3,5,5,1,4,3,3,3,6,3,0,3,4,3,
17,5,0,1,3,4,4,3,5,5,1,4,3,3,3,6,3,0,3,4,4,
