192 ,0, 132, '69 74 67 65 69 72 65 68 74 47 42 71 47 56 42 51 47 70 49 42 73 70 66 66 64 73 71 66 70 64 70 59 ' ,'0 0 0 0 0 0 0 0 0 0 0 0 0 0 0 0 0 0 0 0 0 0 0 0 0 0 0 0 0 0 0 0 ' ,59 ,2 ,18, 18
376 ,162, 355, '337 318 340 329 321 332 339 317 343 294 314 335 300 317 303 289 289 327 304 311 329 310 334 329 318 305 337 335 333 335 329 313 ' ,'0 0 0 0 0 0 0 0 0 0 0 0 0 0 0 0 0 0 0 0 0 0 0 0 0 0 0 0 0 0 0 0 ' ,55 ,2 ,3, 3
282 ,375, 268, '239 208 234 239 250 230 227 245 235 224 238 241 211 230 197 219 208 213 213 217 239 223 219 235 235 245 226 226 239 251 212 249 ' ,'0 0 0 0 0 0 0 0 0 0 0 0 0 0 0 0 0 0 0 0 0 0 0 0 0 0 0 0 0 0 0 0 ' ,59 ,1 ,4, 4
288 ,277, 274, '264 251 258 255 261 257 257 237 261 251 252 252 239 253 242 250 248 259 247 242 237 255 240 245 256 246 247 256 260 261 247 256 ' ,'0 0 0 0 0 0 0 0 0 0 0 0 0 0 0 0 0 0 0 0 0 0 0 0 0 0 0 0 0 0 0 0 ' ,28 ,2 ,2, 2
294 ,284, 281, '265 269 257 266 246 254 229 262 256 221 226 255 256 242 238 259 256 258 197 234 262 255 224 254 254 250 267 264 249 267 260 255 ' ,'0 0 0 0 0 0 0 0 0 0 0 0 0 0 0 0 0 0 0 0 0 0 0 0 0 0 0 0 0 0 0 0 ' ,70 ,2 ,1, 1
303 ,287, 292, '241 265 230 277 258 263 271 277 276 251 219 247 268 270 231 235 248 250 242 205 233 269 277 245 243 271 267 247 260 251 274 266 ' ,'0 0 0 0 0 0 0 0 0 0 0 0 0 0 0 0 0 0 0 0 0 0 0 0 0 0 0 0 0 0 0 0 ' ,77 ,2 ,2, 2
302 ,298, 291, '236 237 268 251 279 255 231 258 280 258 270 276 254 258 272 243 234 226 268 260 260 263 248 275 233 263 275 240 277 255 259 241 ' ,'0 0 0 0 0 0 0 0 0 0 0 0 0 0 0 0 0 0 0 0 0 0 0 0 0 0 0 0 0 0 0 0 ' ,54 ,2 ,2, 2
306 ,297, 296, '245 227 245 259 235 248 255 263 264 253 246 258 248 239 253 246 259 253 247 270 247 244 252 231 253 265 246 284 251 241 260 250 ' ,'0 0 0 0 0 0 0 0 0 0 0 0 0 0 0 0 0 0 0 0 0 0 0 0 0 0 0 0 0 0 0 0 ' ,61 ,3 ,1, 1
290 ,302, 280, '220 240 259 230 229 258 231 253 237 268 223 234 244 259 261 252 263 263 240 219 243 205 242 252 230 241 231 247 246 264 250 226 ' ,'0 0 0 0 0 0 0 0 0 0 0 0 0 0 0 0 0 0 0 0 0 0 0 0 0 0 0 0 0 0 0 0 ' ,65 ,2 ,1, 1
269 ,287, 260, '239 242 229 240 232 216 225 249 243 208 243 203 230 238 233 236 222 199 234 213 239 228 213 237 235 231 232 227 242 216 221 247 ' ,'0 0 0 0 0 0 0 0 0 0 0 0 0 0 0 0 0 0 0 0 0 0 0 0 0 0 0 0 0 0 0 0 ' ,53 ,2 ,1, 1
250 ,265, 243, '226 222 215 217 225 213 228 231 217 212 223 225 196 216 214 222 196 215 210 226 227 228 220 225 225 194 225 195 217 212 210 206 ' ,'0 0 0 0 0 0 0 0 0 0 0 0 0 0 0 0 0 0 0 0 0 0 0 0 0 0 0 0 0 0 0 0 ' ,41 ,3 ,1, 1
237 ,247, 225, '187 203 188 189 190 201 207 189 194 207 209 183 194 209 213 217 199 208 196 205 194 193 203 168 210 206 199 208 217 200 199 205 ' ,'0 0 0 0 0 0 0 0 0 0 0 0 0 0 0 0 0 0 0 0 0 0 0 0 0 0 0 0 0 0 0 0 ' ,52 ,2 ,0, 0
244 ,234, 236, '219 220 214 215 192 208 195 220 208 216 200 204 198 222 214 219 213 207 212 216 213 217 219 221 217 221 228 213 202 214 218 208 ' ,'0 0 0 0 0 0 0 0 0 0 0 0 0 0 0 0 0 0 0 0 0 0 0 0 0 0 0 0 0 0 0 0 ' ,37 ,1 ,1, 1
242 ,243, 234, '212 197 208 182 215 192 208 206 218 206 221 200 193 212 206 225 189 220 211 216 218 211 200 201 207 212 203 207 188 223 188 198 ' ,'0 0 0 0 0 0 0 0 0 0 0 0 0 0 0 0 0 0 0 0 0 0 0 0 0 0 0 0 0 0 0 0 ' ,44 ,2 ,1, 1
271 ,239, 261, '244 244 242 201 214 240 232 243 218 211 238 245 233 241 226 210 240 245 234 237 237 247 240 237 253 246 247 232 223 241 229 239 ' ,'0 0 0 0 0 0 0 0 0 0 0 0 0 0 0 0 0 0 0 0 0 0 0 0 0 0 0 0 0 0 0 0 ' ,53 ,1 ,1, 1
278 ,267, 270, '236 251 223 246 233 255 255 248 254 251 251 252 244 226 234 228 250 246 254 249 238 257 254 258 261 244 225 249 250 249 236 256 ' ,'0 0 0 0 0 0 0 0 0 0 0 0 0 0 0 0 0 0 0 0 0 0 0 0 0 0 0 0 0 0 0 0 ' ,39 ,1 ,1, 1
285 ,276, 277, '254 232 233 253 256 228 237 250 238 245 237 205 242 264 248 262 240 249 253 264 260 249 253 246 242 253 254 237 265 229 232 253 ' ,'0 0 0 0 0 0 0 0 0 0 0 0 0 0 0 0 0 0 0 0 0 0 0 0 0 0 0 0 0 0 0 0 ' ,65 ,1 ,1, 1
282 ,282, 274, '229 254 213 206 240 235 223 223 235 240 260 230 231 233 236 235 233 257 261 250 249 264 237 266 234 248 235 241 249 262 226 240 ' ,'0 0 0 0 0 0 0 0 0 0 0 0 0 0 0 0 0 0 0 0 0 0 0 0 0 0 0 0 0 0 0 0 ' ,59 ,1 ,2, 1
284 ,278, 276, '250 209 246 250 253 256 231 218 236 243 247 229 240 235 257 232 260 225 220 232 213 246 255 236 225 269 240 248 239 230 252 241 ' ,'0 0 0 0 0 0 0 0 0 0 0 0 0 0 0 0 0 0 0 0 0 0 0 0 0 0 0 0 0 0 0 0 ' ,61 ,1 ,2, 2
300 ,280, 292, '267 284 276 263 254 261 219 278 257 247 271 271 259 276 268 254 264 280 238 233 262 266 249 202 250 248 257 272 251 266 250 263 ' ,'0 0 0 0 0 0 0 0 0 0 0 0 0 0 0 0 0 0 0 0 0 0 0 0 0 0 0 0 0 0 0 0 ' ,82 ,1 ,2, 2
288 ,297, 279, '256 266 239 228 263 264 235 265 259 259 264 251 249 208 252 252 273 270 267 266 248 243 247 265 259 267 264 236 267 235 264 247 ' ,'0 0 0 0 0 0 0 0 0 0 0 0 0 0 0 0 0 0 0 0 0 0 0 0 0 0 0 0 0 0 0 0 ' ,62 ,1 ,1, 1
293 ,288, 285, '273 242 250 266 234 242 256 262 258 245 229 246 227 245 244 239 258 255 249 239 244 241 248 241 242 234 250 276 261 248 263 256 ' ,'0 0 0 0 0 0 0 0 0 0 0 0 0 0 0 0 0 0 0 0 0 0 0 0 0 0 0 0 0 0 0 0 ' ,51 ,1 ,2, 2
282 ,291, 273, '181 253 231 236 249 222 218 258 210 220 240 204 245 244 229 236 250 240 240 233 240 202 213 254 223 267 235 241 242 256 222 248 ' ,'0 0 0 0 0 0 0 0 0 0 0 0 0 0 0 0 0 0 0 0 0 0 0 0 0 0 0 0 0 0 0 0 ' ,86 ,1 ,1, 1
271 ,278, 263, '223 240 230 229 245 234 238 238 243 209 205 235 253 242 254 214 223 243 252 233 226 225 238 242 249 230 256 253 254 238 236 254 ' ,'0 0 0 0 0 0 0 0 0 0 0 0 0 0 0 0 0 0 0 0 0 0 0 0 0 0 0 0 0 0 0 0 ' ,53 ,1 ,1, 1
273 ,269, 264, '218 242 244 200 256 210 231 242 232 243 216 241 223 230 197 224 240 238 245 233 215 248 203 230 254 233 237 240 241 216 236 251 ' ,'0 0 0 0 0 0 0 0 0 0 0 0 0 0 0 0 0 0 0 0 0 0 0 0 0 0 0 0 0 0 0 0 ' ,60 ,1 ,1, 1
267 ,270, 259, '245 214 222 224 218 232 225 228 192 208 238 208 240 228 185 216 252 234 224 220 233 207 198 216 236 227 234 226 241 234 221 212 ' ,'0 0 0 0 0 0 0 0 0 0 0 0 0 0 0 0 0 0 0 0 0 0 0 0 0 0 0 0 0 0 0 0 ' ,67 ,1 ,2, 2
268 ,269, 259, '221 217 241 252 235 221 204 228 242 249 242 236 233 234 225 190 230 238 231 181 204 226 232 242 244 241 209 230 221 212 241 248 ' ,'0 0 0 0 0 0 0 0 0 0 0 0 0 0 0 0 0 0 0 0 0 0 0 0 0 0 0 0 0 0 0 0 ' ,71 ,1 ,1, 1
254 ,265, 244, '209 213 207 194 195 198 212 236 202 201 195 215 204 213 223 197 233 233 203 176 219 222 207 219 217 200 216 225 185 194 224 221 ' ,'0 0 0 0 0 0 0 0 0 0 0 0 0 0 0 0 0 0 0 0 0 0 0 0 0 0 0 0 0 0 0 0 ' ,62 ,2 ,0, 0
245 ,249, 233, '190 213 212 171 222 206 194 209 206 216 216 210 219 215 218 211 207 214 225 208 212 210 198 206 218 209 206 224 217 220 216 211 ' ,'0 0 0 0 0 0 0 0 0 0 0 0 0 0 0 0 0 0 0 0 0 0 0 0 0 0 0 0 0 0 0 0 ' ,56 ,2 ,1, 1
252 ,239, 243, '220 227 225 223 228 230 193 228 214 223 192 223 226 225 218 197 211 198 203 197 225 207 217 175 228 225 228 214 223 228 207 234 ' ,'0 0 0 0 0 0 0 0 0 0 0 0 0 0 0 0 0 0 0 0 0 0 0 0 0 0 0 0 0 0 0 0 ' ,61 ,1 ,1, 1
270 ,253, 259, '219 215 211 209 243 206 222 201 212 213 222 215 221 216 213 223 230 221 220 189 209 224 216 210 220 227 228 232 209 227 213 231 ' ,'0 0 0 0 0 0 0 0 0 0 0 0 0 0 0 0 0 0 0 0 0 0 0 0 0 0 0 0 0 0 0 0 ' ,60 ,1 ,1, 1
252 ,271, 243, '181 185 201 215 207 174 153 192 192 233 214 206 184 197 194 175 190 184 178 205 192 179 203 201 193 202 207 206 200 222 208 208 ' ,'0 0 0 0 0 0 0 0 0 0 0 0 0 0 0 0 0 0 0 0 0 0 0 0 0 0 0 0 0 0 0 0 ' ,81 ,2 ,1, 1
245 ,254, 236, '230 208 202 225 211 225 201 212 213 222 216 216 213 191 206 225 226 219 201 206 205 201 205 195 206 229 218 213 221 228 229 211 ' ,'0 0 0 0 0 0 0 0 0 0 0 0 0 0 0 0 0 0 0 0 0 0 0 0 0 0 0 0 0 0 0 0 ' ,38 ,1 ,1, 1
277 ,242, 269, '235 259 251 225 261 259 251 253 238 244 251 246 250 249 235 252 254 259 237 221 255 250 250 257 260 238 261 253 258 252 254 259 ' ,'0 0 0 0 0 0 0 0 0 0 0 0 0 0 0 0 0 0 0 0 0 0 0 0 0 0 0 0 0 0 0 0 ' ,41 ,2 ,1, 1
290 ,274, 283, '245 246 223 232 239 261 255 245 270 218 249 253 258 257 269 264 257 260 269 267 252 260 264 252 260 266 272 270 240 272 274 243 ' ,'0 0 0 0 0 0 0 0 0 0 0 0 0 0 0 0 0 0 0 0 0 0 0 0 0 0 0 0 0 0 0 0 ' ,56 ,1 ,1, 1
299 ,289, 291, '267 242 217 237 258 283 234 236 268 254 244 255 270 236 271 203 255 274 256 263 244 250 268 240 253 272 264 268 248 244 278 264 ' ,'0 0 0 0 0 0 0 0 0 0 0 0 0 0 0 0 0 0 0 0 0 0 0 0 0 0 0 0 0 0 0 0 ' ,83 ,2 ,1, 1
308 ,296, 300, '266 258 258 266 257 279 251 254 202 287 287 246 225 272 259 269 250 273 236 232 249 248 280 254 243 227 287 266 283 257 292 283 ' ,'0 0 0 0 0 0 0 0 0 0 0 0 0 0 0 0 0 0 0 0 0 0 0 0 0 0 0 0 0 0 0 0 ' ,91 ,1 ,1, 1
300 ,310, 292, '262 272 243 273 260 262 259 267 279 251 267 258 257 278 253 274 269 284 250 273 253 247 254 278 252 242 283 246 265 268 254 269 ' ,'0 0 0 0 0 0 0 0 0 0 0 0 0 0 0 0 0 0 0 0 0 0 0 0 0 0 0 0 0 0 0 0 ' ,46 ,1 ,1, 1
297 ,298, 287, '242 239 221 278 251 273 221 255 234 249 259 251 258 270 243 262 252 276 267 271 253 269 259 245 246 232 254 270 242 257 248 266 ' ,'0 0 0 0 0 0 0 0 0 0 0 0 0 0 0 0 0 0 0 0 0 0 0 0 0 0 0 0 0 0 0 0 ' ,59 ,1 ,2, 2
292 ,292, 280, '230 220 258 270 250 211 240 185 239 204 246 215 232 254 232 233 234 247 224 224 251 239 228 221 255 270 251 242 251 235 233 238 ' ,'0 0 0 0 0 0 0 0 0 0 0 0 0 0 0 0 0 0 0 0 0 0 0 0 0 0 0 0 0 0 0 0 ' ,85 ,2 ,1, 1
277 ,287, 268, '225 207 245 236 237 205 186 199 223 209 237 230 249 220 214 218 226 199 212 233 243 186 245 214 244 251 214 232 227 260 230 236 ' ,'0 0 0 0 0 0 0 0 0 0 0 0 0 0 0 0 0 0 0 0 0 0 0 0 0 0 0 0 0 0 0 0 ' ,77 ,2 ,1, 1
278 ,273, 270, '236 248 251 256 224 212 246 247 226 245 256 230 233 239 234 259 256 242 210 242 212 224 253 224 209 215 260 234 225 262 216 236 ' ,'0 0 0 0 0 0 0 0 0 0 0 0 0 0 0 0 0 0 0 0 0 0 0 0 0 0 0 0 0 0 0 0 ' ,54 ,1 ,1, 1
294 ,275, 284, '232 261 211 276 210 247 217 256 226 225 217 231 254 231 219 247 244 228 247 223 228 235 206 212 232 231 215 208 230 261 234 237 ' ,'0 0 0 0 0 0 0 0 0 0 0 0 0 0 0 0 0 0 0 0 0 0 0 0 0 0 0 0 0 0 0 0 ' ,73 ,1 ,2, 2
286 ,288, 277, '205 248 241 265 246 222 218 228 233 253 261 241 235 269 233 232 253 256 259 235 248 235 235 251 236 225 231 255 255 245 259 246 ' ,'0 0 0 0 0 0 0 0 0 0 0 0 0 0 0 0 0 0 0 0 0 0 0 0 0 0 0 0 0 0 0 0 ' ,66 ,2 ,1, 1
273 ,281, 265, '246 241 214 240 224 231 221 232 198 222 247 242 225 256 249 218 243 235 248 222 232 220 231 245 242 220 229 249 226 232 232 246 ' ,'0 0 0 0 0 0 0 0 0 0 0 0 0 0 0 0 0 0 0 0 0 0 0 0 0 0 0 0 0 0 0 0 ' ,60 ,1 ,1, 1
268 ,271, 261, '196 247 233 253 242 200 200 231 232 210 231 233 231 220 239 235 247 212 219 224 221 219 228 215 227 220 225 225 241 234 207 221 ' ,'0 0 0 0 0 0 0 0 0 0 0 0 0 0 0 0 0 0 0 0 0 0 0 0 0 0 0 0 0 0 0 0 ' ,60 ,2 ,1, 1
256 ,266, 248, '216 207 223 224 241 208 236 210 176 204 210 181 231 232 223 177 234 234 198 224 226 175 237 229 208 214 207 199 197 217 222 210 ' ,'0 0 0 0 0 0 0 0 0 0 0 0 0 0 0 0 0 0 0 0 0 0 0 0 0 0 0 0 0 0 0 0 ' ,67 ,2 ,1, 1
249 ,253, 238, '226 228 195 229 192 203 221 219 226 199 219 192 226 197 211 221 228 202 188 230 231 221 200 219 222 214 227 212 212 218 221 227 ' ,'0 0 0 0 0 0 0 0 0 0 0 0 0 0 0 0 0 0 0 0 0 0 0 0 0 0 0 0 0 0 0 0 ' ,44 ,1 ,1, 1
300 ,245, 290, '222 227 229 206 218 225 185 190 214 229 231 220 220 209 214 205 205 220 226 232 228 230 216 230 196 231 227 230 192 213 196 221 ' ,'0 0 0 0 0 0 0 0 0 0 0 0 0 0 0 0 0 0 0 0 0 0 0 0 0 0 0 0 0 0 0 0 ' ,99 ,1 ,1, 1
255 ,298, 247, '223 230 220 209 226 220 169 215 230 220 221 225 211 234 222 231 232 233 235 226 236 224 214 216 216 226 213 236 217 203 203 235 ' ,'0 0 0 0 0 0 0 0 0 0 0 0 0 0 0 0 0 0 0 0 0 0 0 0 0 0 0 0 0 0 0 0 ' ,70 ,1 ,1, 1
250 ,250, 243, '225 201 215 220 229 193 220 218 202 234 206 210 227 211 201 234 223 235 200 227 233 217 219 218 212 209 225 185 202 213 211 230 ' ,'0 0 0 0 0 0 0 0 0 0 0 0 0 0 0 0 0 0 0 0 0 0 0 0 0 0 0 0 0 0 0 0 ' ,51 ,2 ,1, 1
264 ,248, 255, '203 240 237 228 229 231 229 207 248 201 244 219 238 238 240 246 247 240 232 242 236 241 231 243 219 234 234 239 230 222 229 215 ' ,'0 0 0 0 0 0 0 0 0 0 0 0 0 0 0 0 0 0 0 0 0 0 0 0 0 0 0 0 0 0 0 0 ' ,45 ,1 ,1, 1
284 ,260, 276, '238 221 255 218 229 267 240 228 259 256 249 257 262 243 251 259 265 248 238 262 239 261 239 249 243 210 254 246 206 267 249 237 ' ,'0 0 0 0 0 0 0 0 0 0 0 0 0 0 0 0 0 0 0 0 0 0 0 0 0 0 0 0 0 0 0 0 ' ,64 ,1 ,1, 1
287 ,281, 279, '248 253 271 233 265 248 230 204 260 245 262 237 248 241 256 265 257 248 263 256 269 260 265 254 255 238 249 264 255 247 252 252 ' ,'0 0 0 0 0 0 0 0 0 0 0 0 0 0 0 0 0 0 0 0 0 0 0 0 0 0 0 0 0 0 0 0 ' ,67 ,2 ,1, 1
286 ,286, 277, '221 244 269 224 227 253 267 248 228 242 219 244 258 245 257 233 227 243 261 268 219 269 258 244 224 252 233 246 240 251 244 249 ' ,'0 0 0 0 0 0 0 0 0 0 0 0 0 0 0 0 0 0 0 0 0 0 0 0 0 0 0 0 0 0 0 0 ' ,53 ,1 ,1, 1
303 ,282, 295, '248 195 264 257 251 267 255 265 265 283 230 240 246 253 235 235 238 249 212 221 281 249 250 260 242 253 264 235 220 254 257 257 ' ,'0 0 0 0 0 0 0 0 0 0 0 0 0 0 0 0 0 0 0 0 0 0 0 0 0 0 0 0 0 0 0 0 ' ,94 ,2 ,1, 1
296 ,300, 288, '258 254 250 279 232 241 251 264 261 239 258 269 275 225 242 270 261 272 253 252 261 253 243 242 223 242 228 264 253 266 240 258 ' ,'0 0 0 0 0 0 0 0 0 0 0 0 0 0 0 0 0 0 0 0 0 0 0 0 0 0 0 0 0 0 0 0 ' ,58 ,2 ,1, 1
303 ,292, 295, '238 217 256 288 259 262 270 256 247 272 239 264 228 267 247 259 268 261 207 267 260 263 224 237 254 226 246 214 250 267 269 265 ' ,'0 0 0 0 0 0 0 0 0 0 0 0 0 0 0 0 0 0 0 0 0 0 0 0 0 0 0 0 0 0 0 0 ' ,80 ,2 ,1, 1
301 ,301, 289, '264 267 238 250 273 278 272 259 255 243 261 262 212 248 273 221 245 255 254 267 227 256 267 252 249 259 267 214 262 254 250 256 ' ,'0 0 0 0 0 0 0 0 0 0 0 0 0 0 0 0 0 0 0 0 0 0 0 0 0 0 0 0 0 0 0 0 ' ,70 ,4 ,1, 1
295 ,294, 287, '261 246 256 253 243 247 256 242 279 265 261 213 262 257 260 244 269 275 246 258 244 271 250 248 250 235 251 245 251 259 276 247 ' ,'0 0 0 0 0 0 0 0 0 0 0 0 0 0 0 0 0 0 0 0 0 0 0 0 0 0 0 0 0 0 0 0 ' ,67 ,2 ,1, 1
318 ,291, 295, '252 247 268 273 246 251 273 247 273 250 258 236 268 285 263 267 264 242 243 262 279 234 247 265 268 266 255 233 248 243 264 221 ' ,'0 0 0 0 0 0 0 0 0 0 0 0 0 0 0 0 0 0 0 0 0 0 0 0 0 0 0 0 0 0 0 0 ' ,62 ,2 ,2, 2
284 ,311, 275, '250 255 261 253 254 268 245 243 225 236 187 263 232 259 200 250 228 265 223 246 261 244 253 260 231 217 264 232 231 267 247 261 ' ,'0 0 0 0 0 0 0 0 0 0 0 0 0 0 0 0 0 0 0 0 0 0 0 0 0 0 0 0 0 0 0 0 ' ,82 ,2 ,1, 1
272 ,280, 266, '238 201 203 257 194 239 210 231 246 197 237 231 222 247 224 232 227 244 210 240 241 205 213 235 239 211 245 243 237 244 239 238 ' ,'0 0 0 0 0 0 0 0 0 0 0 0 0 0 0 0 0 0 0 0 0 0 0 0 0 0 0 0 0 0 0 0 ' ,66 ,1 ,2, 2
259 ,269, 252, '219 227 194 236 211 239 214 229 231 227 224 216 216 221 216 201 238 241 229 234 226 233 220 227 243 225 241 207 214 219 214 224 ' ,'0 0 0 0 0 0 0 0 0 0 0 0 0 0 0 0 0 0 0 0 0 0 0 0 0 0 0 0 0 0 0 0 ' ,51 ,2 ,1, 1
250 ,256, 243, '198 225 210 208 211 235 219 223 206 214 206 229 211 221 217 208 220 193 219 210 206 221 196 227 233 207 235 217 232 230 219 217 ' ,'0 0 0 0 0 0 0 0 0 0 0 0 0 0 0 0 0 0 0 0 0 0 0 0 0 0 0 0 0 0 0 0 ' ,42 ,2 ,1, 1
251 ,247, 244, '233 201 215 231 222 224 202 201 220 193 196 227 204 230 216 226 224 228 214 215 229 225 215 219 235 222 208 211 231 207 212 233 ' ,'0 0 0 0 0 0 0 0 0 0 0 0 0 0 0 0 0 0 0 0 0 0 0 0 0 0 0 0 0 0 0 0 ' ,44 ,2 ,1, 1
259 ,248, 251, '226 214 222 242 232 211 227 230 217 189 232 222 234 213 215 207 233 197 214 238 226 229 217 235 216 215 211 192 225 227 223 221 ' ,'0 0 0 0 0 0 0 0 0 0 0 0 0 0 0 0 0 0 0 0 0 0 0 0 0 0 0 0 0 0 0 0 ' ,56 ,2 ,1, 1
253 ,256, 245, '233 217 234 234 208 214 200 226 236 214 211 237 197 217 197 216 238 235 219 238 214 206 217 219 235 194 233 227 224 206 236 227 ' ,'0 0 0 0 0 0 0 0 0 0 0 0 0 0 0 0 0 0 0 0 0 0 0 0 0 0 0 0 0 0 0 0 ' ,47 ,1 ,1, 1
264 ,251, 256, '224 214 195 239 237 213 223 232 195 230 227 232 225 218 223 239 211 244 226 236 199 231 235 235 226 210 215 225 209 234 227 239 ' ,'0 0 0 0 0 0 0 0 0 0 0 0 0 0 0 0 0 0 0 0 0 0 0 0 0 0 0 0 0 0 0 0 ' ,52 ,1 ,1, 1
255 ,261, 247, '213 196 195 238 227 209 217 210 196 238 226 220 234 192 214 223 217 234 218 218 231 217 230 211 222 229 208 228 228 206 216 221 ' ,'0 0 0 0 0 0 0 0 0 0 0 0 0 0 0 0 0 0 0 0 0 0 0 0 0 0 0 0 0 0 0 0 ' ,48 ,1 ,1, 1
272 ,253, 264, '234 226 238 242 234 256 205 221 222 229 238 237 250 179 221 234 242 254 242 239 218 231 242 238 204 219 250 195 231 236 238 219 ' ,'0 0 0 0 0 0 0 0 0 0 0 0 0 0 0 0 0 0 0 0 0 0 0 0 0 0 0 0 0 0 0 0 ' ,78 ,2 ,1, 1
297 ,269, 288, '273 248 244 258 232 264 248 262 258 251 261 252 269 248 250 263 258 280 262 268 262 258 261 260 270 240 271 257 252 228 269 235 ' ,'0 0 0 0 0 0 0 0 0 0 0 0 0 0 0 0 0 0 0 0 0 0 0 0 0 0 0 0 0 0 0 0 ' ,54 ,2 ,1, 1
299 ,294, 291, '278 235 251 245 251 280 257 246 213 263 255 240 269 262 241 265 273 279 246 278 255 207 282 240 262 249 274 233 257 246 263 199 ' ,'0 0 0 0 0 0 0 0 0 0 0 0 0 0 0 0 0 0 0 0 0 0 0 0 0 0 0 0 0 0 0 0 ' ,84 ,1 ,1, 1
303 ,296, 296, '264 243 264 251 244 287 237 213 249 247 254 257 262 222 263 229 276 279 279 274 264 243 269 234 275 253 256 238 275 254 284 227 ' ,'0 0 0 0 0 0 0 0 0 0 0 0 0 0 0 0 0 0 0 0 0 0 0 0 0 0 0 0 0 0 0 0 ' ,75 ,2 ,1, 1
289 ,301, 280, '268 256 220 272 236 251 251 197 258 248 227 228 251 244 226 236 238 247 265 243 245 265 256 251 247 207 249 227 272 241 247 242 ' ,'0 0 0 0 0 0 0 0 0 0 0 0 0 0 0 0 0 0 0 0 0 0 0 0 0 0 0 0 0 0 0 0 ' ,76 ,2 ,1, 1
285 ,287, 275, '259 234 220 267 231 250 241 241 221 218 228 248 250 237 212 228 246 250 242 243 238 217 237 248 252 252 246 219 261 238 240 236 ' ,'0 0 0 0 0 0 0 0 0 0 0 0 0 0 0 0 0 0 0 0 0 0 0 0 0 0 0 0 0 0 0 0 ' ,58 ,2 ,1, 1
268 ,279, 260, '231 236 209 251 221 225 230 223 229 218 210 229 214 221 208 235 226 202 240 236 231 230 231 228 237 210 228 233 217 233 242 212 ' ,'0 0 0 0 0 0 0 0 0 0 0 0 0 0 0 0 0 0 0 0 0 0 0 0 0 0 0 0 0 0 0 0 ' ,52 ,2 ,1, 1
258 ,264, 250, '231 198 218 230 227 236 219 216 200 225 199 223 229 215 180 194 238 221 192 231 185 221 228 222 228 226 233 200 243 233 226 212 ' ,'0 0 0 0 0 0 0 0 0 0 0 0 0 0 0 0 0 0 0 0 0 0 0 0 0 0 0 0 0 0 0 0 ' ,65 ,2 ,1, 1
256 ,254, 248, '217 212 229 238 210 209 225 196 207 219 227 230 233 183 206 193 239 229 237 224 237 235 228 208 235 224 223 218 217 226 217 215 ' ,'0 0 0 0 0 0 0 0 0 0 0 0 0 0 0 0 0 0 0 0 0 0 0 0 0 0 0 0 0 0 0 0 ' ,56 ,2 ,2, 2
257 ,251, 247, '236 210 228 235 230 238 216 223 222 235 212 231 231 237 229 199 230 239 235 195 199 234 231 232 216 218 223 225 213 232 238 219 ' ,'0 0 0 0 0 0 0 0 0 0 0 0 0 0 0 0 0 0 0 0 0 0 0 0 0 0 0 0 0 0 0 0 ' ,45 ,2 ,1, 1
262 ,252, 254, '223 208 220 245 234 214 228 209 221 187 222 235 210 224 217 211 217 208 215 219 239 212 193 236 235 201 234 210 223 229 237 221 ' ,'0 0 0 0 0 0 0 0 0 0 0 0 0 0 0 0 0 0 0 0 0 0 0 0 0 0 0 0 0 0 0 0 ' ,59 ,2 ,1, 1
257 ,258, 249, '230 239 236 212 220 214 223 229 218 222 181 178 228 195 198 223 197 241 198 234 187 198 216 233 224 194 207 232 218 214 209 227 ' ,'0 0 0 0 0 0 0 0 0 0 0 0 0 0 0 0 0 0 0 0 0 0 0 0 0 0 0 0 0 0 0 0 ' ,65 ,2 ,1, 1
262 ,253, 254, '220 207 215 199 196 221 230 201 223 189 218 218 219 211 222 209 227 217 246 242 244 200 216 200 221 224 205 215 234 204 213 225 ' ,'0 0 0 0 0 0 0 0 0 0 0 0 0 0 0 0 0 0 0 0 0 0 0 0 0 0 0 0 0 0 0 0 ' ,59 ,2 ,2, 1
258 ,260, 249, '204 194 230 190 237 200 232 216 229 240 210 211 208 218 194 233 210 220 218 227 233 226 218 233 212 214 194 190 193 228 212 209 ' ,'0 0 0 0 0 0 0 0 0 0 0 0 0 0 0 0 0 0 0 0 0 0 0 0 0 0 0 0 0 0 0 0 ' ,53 ,3 ,1, 1
266 ,255, 258, '217 218 211 221 250 237 205 225 225 221 223 224 220 222 207 218 221 199 231 234 239 215 220 194 235 223 220 247 170 231 200 219 ' ,'0 0 0 0 0 0 0 0 0 0 0 0 0 0 0 0 0 0 0 0 0 0 0 0 0 0 0 0 0 0 0 0 ' ,82 ,2 ,1, 1
277 ,261, 268, '223 227 222 223 254 234 237 259 212 238 238 227 221 226 239 202 250 214 232 243 213 222 243 249 220 225 227 215 241 211 241 255 ' ,'0 0 0 0 0 0 0 0 0 0 0 0 0 0 0 0 0 0 0 0 0 0 0 0 0 0 0 0 0 0 0 0 ' ,61 ,2 ,1, 1
280 ,274, 272, '242 230 244 233 238 254 244 234 248 242 247 229 246 223 243 243 264 235 238 240 226 225 236 227 240 220 231 233 220 258 228 258 ' ,'0 0 0 0 0 0 0 0 0 0 0 0 0 0 0 0 0 0 0 0 0 0 0 0 0 0 0 0 0 0 0 0 ' ,46 ,2 ,1, 1
298 ,277, 290, '272 263 242 213 234 210 260 272 221 260 252 253 239 248 252 215 283 235 280 273 251 262 219 269 267 254 271 245 252 246 253 238 ' ,'0 0 0 0 0 0 0 0 0 0 0 0 0 0 0 0 0 0 0 0 0 0 0 0 0 0 0 0 0 0 0 0 ' ,72 ,2 ,2, 2
304 ,294, 294, '255 258 264 280 274 224 245 261 275 269 274 252 279 282 284 258 280 252 270 247 259 282 260 266 259 246 285 254 249 250 272 199 ' ,'0 0 0 0 0 0 0 0 0 0 0 0 0 0 0 0 0 0 0 0 0 0 0 0 0 0 0 0 0 0 0 0 ' ,86 ,2 ,1, 1
306 ,298, 298, '254 270 260 281 275 261 245 253 284 249 277 232 255 259 256 269 279 288 259 255 264 256 274 257 248 256 277 272 246 252 266 260 ' ,'0 0 0 0 0 0 0 0 0 0 0 0 0 0 0 0 0 0 0 0 0 0 0 0 0 0 0 0 0 0 0 0 ' ,57 ,2 ,1, 1
298 ,302, 289, '266 244 247 280 261 253 205 226 252 232 261 230 268 251 229 249 242 272 267 267 238 243 245 264 246 251 258 229 228 221 238 249 ' ,'0 0 0 0 0 0 0 0 0 0 0 0 0 0 0 0 0 0 0 0 0 0 0 0 0 0 0 0 0 0 0 0 ' ,80 ,2 ,1, 1
279 ,294, 268, '238 241 242 237 226 254 215 248 232 231 250 221 254 251 213 237 211 258 260 248 236 258 233 247 233 237 254 197 229 241 256 210 ' ,'0 0 0 0 0 0 0 0 0 0 0 0 0 0 0 0 0 0 0 0 0 0 0 0 0 0 0 0 0 0 0 0 ' ,64 ,2 ,1, 1
263 ,274, 255, '241 210 233 217 212 206 199 224 223 223 238 220 237 243 212 195 209 224 192 227 212 228 211 239 207 227 246 183 210 239 243 235 ' ,'0 0 0 0 0 0 0 0 0 0 0 0 0 0 0 0 0 0 0 0 0 0 0 0 0 0 0 0 0 0 0 0 ' ,65 ,2 ,1, 1
251 ,258, 243, '235 201 216 218 233 224 207 219 221 219 221 211 204 205 229 186 212 207 215 215 214 201 211 222 205 198 215 229 204 227 226 226 ' ,'0 0 0 0 0 0 0 0 0 0 0 0 0 0 0 0 0 0 0 0 0 0 0 0 0 0 0 0 0 0 0 0 ' ,53 ,2 ,1, 1
249 ,248, 241, '187 213 225 173 204 207 203 181 206 193 203 181 212 211 212 218 217 228 208 233 209 212 207 214 220 224 221 217 178 200 195 231 ' ,'0 0 0 0 0 0 0 0 0 0 0 0 0 0 0 0 0 0 0 0 0 0 0 0 0 0 0 0 0 0 0 0 ' ,63 ,3 ,1, 1
251 ,245, 242, '205 194 214 197 212 203 207 190 184 209 207 207 236 218 179 202 198 190 202 230 224 210 193 211 213 219 188 193 194 189 191 206 ' ,'0 0 0 0 0 0 0 0 0 0 0 0 0 0 0 0 0 0 0 0 0 0 0 0 0 0 0 0 0 0 0 0 ' ,59 ,2 ,1, 1
256 ,248, 248, '212 203 226 199 229 205 224 175 219 207 212 220 218 219 205 220 198 230 236 189 203 215 212 232 220 205 217 203 176 197 215 222 ' ,'0 0 0 0 0 0 0 0 0 0 0 0 0 0 0 0 0 0 0 0 0 0 0 0 0 0 0 0 0 0 0 0 ' ,63 ,3 ,1, 1
315 ,251, 304, '222 230 220 188 185 216 214 227 234 229 232 206 214 242 230 219 214 231 234 229 226 233 219 226 227 215 242 217 215 237 199 189 ' ,'0 0 0 0 0 0 0 0 0 0 0 0 0 0 0 0 0 0 0 0 0 0 0 0 0 0 0 0 0 0 0 0 ' ,62 ,3 ,1, 1
260 ,311, 250, '228 230 201 223 191 218 200 192 228 222 225 231 222 228 212 225 225 221 215 228 230 212 234 211 223 242 194 185 183 233 216 196 ' ,'0 0 0 0 0 0 0 0 0 0 0 0 0 0 0 0 0 0 0 0 0 0 0 0 0 0 0 0 0 0 0 0 ' ,60 ,2 ,1, 1
253 ,255, 243, '221 211 228 202 172 210 195 198 219 212 193 219 204 226 221 220 201 231 209 218 220 223 223 210 182 209 213 233 221 193 228 229 ' ,'0 0 0 0 0 0 0 0 0 0 0 0 0 0 0 0 0 0 0 0 0 0 0 0 0 0 0 0 0 0 0 0 ' ,66 ,2 ,0, 0
272 ,249, 264, '198 218 256 245 207 235 235 224 228 246 226 237 214 249 212 239 245 234 240 227 238 222 233 207 217 229 221 208 209 180 219 249 ' ,'0 0 0 0 0 0 0 0 0 0 0 0 0 0 0 0 0 0 0 0 0 0 0 0 0 0 0 0 0 0 0 0 ' ,78 ,2 ,1, 1
280 ,268, 272, '257 243 234 260 241 252 231 251 250 252 236 254 248 217 264 228 255 261 250 234 231 225 252 255 228 250 240 219 191 244 253 259 ' ,'0 0 0 0 0 0 0 0 0 0 0 0 0 0 0 0 0 0 0 0 0 0 0 0 0 0 0 0 0 0 0 0 ' ,75 ,2 ,1, 1
521 ,277, 511, '265 267 265 245 264 243 264 257 259 245 249 246 267 264 257 240 280 265 255 271 259 217 264 267 217 270 263 258 244 250 271 262 ' ,'0 0 0 0 0 0 0 0 0 0 0 0 0 0 0 0 0 0 0 0 0 0 0 0 0 0 0 0 0 0 0 0 ' ,289 ,3 ,1, 1
305 ,519, 297, '259 260 239 249 256 259 242 266 243 275 267 239 268 259 265 270 290 274 241 245 268 260 250 257 262 229 238 270 272 240 284 263 ' ,'0 0 0 0 0 0 0 0 0 0 0 0 0 0 0 0 0 0 0 0 0 0 0 0 0 0 0 0 0 0 0 0 ' ,62 ,3 ,1, 1
305 ,301, 297, '271 260 237 269 247 255 241 274 238 287 231 259 278 257 274 282 269 253 284 222 283 262 272 271 264 237 255 270 233 243 268 263 ' ,'0 0 0 0 0 0 0 0 0 0 0 0 0 0 0 0 0 0 0 0 0 0 0 0 0 0 0 0 0 0 0 0 ' ,67 ,2 ,2, 2
314 ,300, 303, '268 267 270 257 241 288 270 243 268 279 261 266 284 285 284 275 279 286 259 242 285 266 276 289 257 273 294 278 275 261 291 262 ' ,'0 0 0 0 0 0 0 0 0 0 0 0 0 0 0 0 0 0 0 0 0 0 0 0 0 0 0 0 0 0 0 0 ' ,56 ,3 ,1, 1
308 ,306, 299, '261 268 221 218 249 262 272 248 255 239 270 271 258 282 250 247 271 282 256 266 275 282 281 255 254 287 289 268 274 283 248 241 ' ,'0 0 0 0 0 0 0 0 0 0 0 0 0 0 0 0 0 0 0 0 0 0 0 0 0 0 0 0 0 0 0 0 ' ,74 ,3 ,2, 2
303 ,303, 294, '232 234 238 245 279 262 252 268 272 251 237 246 285 268 255 247 282 262 261 212 255 285 284 269 238 251 256 254 237 276 246 246 ' ,'0 0 0 0 0 0 0 0 0 0 0 0 0 0 0 0 0 0 0 0 0 0 0 0 0 0 0 0 0 0 0 0 ' ,76 ,3 ,1, 1
298 ,300, 288, '263 239 229 253 234 236 245 231 252 230 234 260 260 270 222 236 280 245 256 245 244 237 234 249 247 270 186 245 225 239 268 234 ' ,'0 0 0 0 0 0 0 0 0 0 0 0 0 0 0 0 0 0 0 0 0 0 0 0 0 0 0 0 0 0 0 0 ' ,95 ,3 ,1, 1
296 ,295, 288, '253 259 234 228 229 273 252 210 231 241 217 237 241 259 246 249 267 255 224 233 243 249 236 246 270 200 256 264 239 241 279 258 ' ,'0 0 0 0 0 0 0 0 0 0 0 0 0 0 0 0 0 0 0 0 0 0 0 0 0 0 0 0 0 0 0 0 ' ,82 ,3 ,2, 2
284 ,294, 274, '240 218 237 235 242 238 210 243 253 226 229 233 252 244 245 221 242 250 228 212 264 242 241 232 260 230 255 233 258 234 250 239 ' ,'0 0 0 0 0 0 0 0 0 0 0 0 0 0 0 0 0 0 0 0 0 0 0 0 0 0 0 0 0 0 0 0 ' ,58 ,2 ,1, 1
273 ,278, 265, '224 249 222 242 246 228 205 232 223 224 217 226 250 253 207 232 236 230 232 232 255 257 228 231 217 203 236 234 213 247 228 219 ' ,'0 0 0 0 0 0 0 0 0 0 0 0 0 0 0 0 0 0 0 0 0 0 0 0 0 0 0 0 0 0 0 0 ' ,57 ,3 ,1, 1
278 ,269, 267, '239 247 185 212 216 253 243 205 234 213 230 210 232 254 220 223 241 258 230 220 244 221 242 233 220 218 208 238 239 238 205 201 ' ,'0 0 0 0 0 0 0 0 0 0 0 0 0 0 0 0 0 0 0 0 0 0 0 0 0 0 0 0 0 0 0 0 ' ,75 ,3 ,1, 1
254 ,270, 246, '229 193 199 210 182 192 209 211 209 202 219 217 222 207 233 213 202 209 210 218 231 196 201 207 227 238 206 213 191 237 210 198 ' ,'0 0 0 0 0 0 0 0 0 0 0 0 0 0 0 0 0 0 0 0 0 0 0 0 0 0 0 0 0 0 0 0 ' ,60 ,2 ,1, 1
267 ,249, 259, '231 212 219 215 192 202 194 208 211 218 219 215 194 225 202 220 220 217 208 236 224 204 240 233 207 228 209 195 212 216 250 222 ' ,'0 0 0 0 0 0 0 0 0 0 0 0 0 0 0 0 0 0 0 0 0 0 0 0 0 0 0 0 0 0 0 0 ' ,63 ,2 ,1, 1
257 ,262, 249, '225 204 220 215 209 214 198 212 209 210 209 229 189 228 215 178 196 196 239 205 197 236 221 190 199 194 197 225 207 212 197 207 ' ,'0 0 0 0 0 0 0 0 0 0 0 0 0 0 0 0 0 0 0 0 0 0 0 0 0 0 0 0 0 0 0 0 ' ,66 ,3 ,1, 1
253 ,252, 246, '226 200 197 211 200 192 205 231 201 228 229 226 205 236 204 191 234 218 185 217 221 221 238 216 206 205 196 219 202 168 221 229 ' ,'0 0 0 0 0 0 0 0 0 0 0 0 0 0 0 0 0 0 0 0 0 0 0 0 0 0 0 0 0 0 0 0 ' ,72 ,3 ,1, 1
264 ,250, 256, '219 225 218 241 225 219 218 213 230 221 219 227 226 241 236 189 232 229 233 232 224 230 233 202 210 222 225 225 220 218 197 229 ' ,'0 0 0 0 0 0 0 0 0 0 0 0 0 0 0 0 0 0 0 0 0 0 0 0 0 0 0 0 0 0 0 0 ' ,59 ,2 ,4, 4
266 ,259, 256, '225 219 237 216 189 230 202 236 220 231 211 212 210 234 175 203 203 204 224 197 249 218 213 234 225 240 224 244 193 225 196 232 ' ,'0 0 0 0 0 0 0 0 0 0 0 0 0 0 0 0 0 0 0 0 0 0 0 0 0 0 0 0 0 0 0 0 ' ,75 ,3 ,1, 1
254 ,263, 246, '237 196 230 216 233 206 226 227 205 226 221 213 220 224 200 186 228 204 216 218 198 223 234 198 235 195 198 231 214 183 227 217 ' ,'0 0 0 0 0 0 0 0 0 0 0 0 0 0 0 0 0 0 0 0 0 0 0 0 0 0 0 0 0 0 0 0 ' ,58 ,3 ,1, 1
265 ,250, 256, '224 248 211 195 211 188 210 178 221 207 187 213 232 239 232 229 224 231 221 207 236 212 233 210 190 222 213 228 206 222 200 246 ' ,'0 0 0 0 0 0 0 0 0 0 0 0 0 0 0 0 0 0 0 0 0 0 0 0 0 0 0 0 0 0 0 0 ' ,71 ,3 ,1, 1
276 ,261, 268, '241 251 257 217 230 230 234 252 241 247 217 239 227 233 240 249 242 250 239 226 227 225 211 247 254 222 236 241 214 207 223 237 ' ,'0 0 0 0 0 0 0 0 0 0 0 0 0 0 0 0 0 0 0 0 0 0 0 0 0 0 0 0 0 0 0 0 ' ,55 ,3 ,1, 1
280 ,272, 272, '260 221 243 241 218 227 247 257 261 230 241 250 246 224 245 254 252 247 226 220 259 243 242 232 248 263 230 243 243 220 253 249 ' ,'0 0 0 0 0 0 0 0 0 0 0 0 0 0 0 0 0 0 0 0 0 0 0 0 0 0 0 0 0 0 0 0 ' ,48 ,3 ,1, 1
289 ,275, 280, '264 224 240 269 245 257 263 254 241 267 262 266 265 259 227 250 273 266 244 248 250 262 256 253 256 248 246 257 261 223 260 244 ' ,'0 0 0 0 0 0 0 0 0 0 0 0 0 0 0 0 0 0 0 0 0 0 0 0 0 0 0 0 0 0 0 0 ' ,50 ,3 ,1, 1
304 ,285, 295, '259 253 285 224 280 250 272 264 266 259 270 277 270 261 249 280 286 285 208 278 260 264 214 245 259 233 253 267 281 259 266 282 ' ,'0 0 0 0 0 0 0 0 0 0 0 0 0 0 0 0 0 0 0 0 0 0 0 0 0 0 0 0 0 0 0 0 ' ,80 ,4 ,1, 1
308 ,300, 299, '269 278 285 269 263 283 280 252 266 267 268 274 281 235 255 283 287 286 277 275 284 245 262 265 284 253 290 248 264 242 288 280 ' ,'0 0 0 0 0 0 0 0 0 0 0 0 0 0 0 0 0 0 0 0 0 0 0 0 0 0 0 0 0 0 0 0 ' ,57 ,3 ,1, 1
293 ,304, 285, '261 236 219 228 252 245 262 256 253 241 266 235 270 247 207 259 241 275 259 256 265 234 262 240 270 234 263 230 249 271 243 244 ' ,'0 0 0 0 0 0 0 0 0 0 0 0 0 0 0 0 0 0 0 0 0 0 0 0 0 0 0 0 0 0 0 0 ' ,72 ,3 ,2, 2
286 ,289, 279, '267 254 239 251 254 270 241 231 237 239 204 204 262 237 229 257 261 264 264 247 264 264 248 247 257 236 213 225 267 232 250 252 ' ,'0 0 0 0 0 0 0 0 0 0 0 0 0 0 0 0 0 0 0 0 0 0 0 0 0 0 0 0 0 0 0 0 ' ,69 ,4 ,1, 1
286 ,283, 277, '261 232 253 235 236 240 257 238 255 247 242 235 259 248 228 238 254 227 237 220 239 236 245 218 224 239 267 206 193 237 261 249 ' ,'0 0 0 0 0 0 0 0 0 0 0 0 0 0 0 0 0 0 0 0 0 0 0 0 0 0 0 0 0 0 0 0 ' ,78 ,3 ,1, 1
277 ,281, 269, '259 214 218 248 234 238 231 207 232 247 219 225 226 218 237 239 247 242 225 219 203 226 247 239 237 240 254 213 241 222 245 226 ' ,'0 0 0 0 0 0 0 0 0 0 0 0 0 0 0 0 0 0 0 0 0 0 0 0 0 0 0 0 0 0 0 0 ' ,61 ,3 ,1, 1
270 ,272, 262, '229 219 183 219 221 205 208 222 225 246 225 217 236 202 190 229 206 219 226 230 253 225 214 226 238 218 231 217 211 240 224 206 ' ,'0 0 0 0 0 0 0 0 0 0 0 0 0 0 0 0 0 0 0 0 0 0 0 0 0 0 0 0 0 0 0 0 ' ,72 ,3 ,1, 1
263 ,265, 255, '235 206 193 228 236 226 191 195 241 215 228 246 193 213 230 214 197 246 214 183 212 230 234 219 219 212 210 223 193 232 219 223 ' ,'0 0 0 0 0 0 0 0 0 0 0 0 0 0 0 0 0 0 0 0 0 0 0 0 0 0 0 0 0 0 0 0 ' ,67 ,3 ,1, 1
258 ,259, 250, '211 208 200 185 222 238 218 228 200 225 236 193 225 213 210 216 212 188 192 238 185 241 209 237 220 214 220 220 234 194 216 207 ' ,'0 0 0 0 0 0 0 0 0 0 0 0 0 0 0 0 0 0 0 0 0 0 0 0 0 0 0 0 0 0 0 0 ' ,61 ,3 ,0, 0
257 ,254, 248, '236 218 221 239 233 229 225 185 214 218 209 204 201 219 223 215 227 199 208 202 226 193 235 226 213 225 237 198 210 203 231 230 ' ,'0 0 0 0 0 0 0 0 0 0 0 0 0 0 0 0 0 0 0 0 0 0 0 0 0 0 0 0 0 0 0 0 ' ,57 ,3 ,1, 1
489 ,251, 481, '235 241 195 215 202 211 239 200 225 196 232 235 231 209 200 199 220 236 223 215 225 210 224 224 223 222 231 207 195 219 242 232 ' ,'0 0 0 0 0 0 0 0 0 0 0 0 0 0 0 0 0 0 0 0 0 0 0 0 0 0 0 0 0 0 0 0 ' ,280 ,3 ,1, 1
274 ,485, 266, '228 242 172 238 220 213 219 215 241 214 236 242 243 206 223 192 225 255 224 231 243 204 210 235 229 242 239 233 219 175 232 218 ' ,'0 0 0 0 0 0 0 0 0 0 0 0 0 0 0 0 0 0 0 0 0 0 0 0 0 0 0 0 0 0 0 0 ' ,85 ,4 ,1, 1
282 ,269, 274, '252 262 262 238 214 239 240 198 222 260 245 244 245 240 206 205 266 254 242 255 200 245 238 247 245 257 252 235 235 231 224 220 ' ,'0 0 0 0 0 0 0 0 0 0 0 0 0 0 0 0 0 0 0 0 0 0 0 0 0 0 0 0 0 0 0 0 ' ,69 ,3 ,1, 1
298 ,278, 287, '242 262 274 230 197 234 270 230 241 235 263 263 255 238 254 253 280 256 245 247 232 251 260 257 269 233 267 260 246 229 265 234 ' ,'0 0 0 0 0 0 0 0 0 0 0 0 0 0 0 0 0 0 0 0 0 0 0 0 0 0 0 0 0 0 0 0 ' ,82 ,4 ,2, 2
317 ,293, 308, '251 244 268 280 259 275 260 244 269 254 232 266 237 269 258 236 300 286 263 284 249 267 249 266 268 267 277 273 238 285 291 256 ' ,'0 0 0 0 0 0 0 0 0 0 0 0 0 0 0 0 0 0 0 0 0 0 0 0 0 0 0 0 0 0 0 0 ' ,69 ,3 ,1, 1
320 ,312, 311, '264 254 285 248 281 279 277 278 260 260 247 282 284 275 255 282 302 266 264 281 289 264 293 283 258 250 279 216 186 287 299 274 ' ,'0 0 0 0 0 0 0 0 0 0 0 0 0 0 0 0 0 0 0 0 0 0 0 0 0 0 0 0 0 0 0 0 ' ,118 ,3 ,2, 2
313 ,314, 302, '288 262 265 273 262 271 234 257 233 262 263 253 237 277 238 249 287 261 273 258 283 272 268 254 280 258 262 241 263 254 292 265 ' ,'0 0 0 0 0 0 0 0 0 0 0 0 0 0 0 0 0 0 0 0 0 0 0 0 0 0 0 0 0 0 0 0 ' ,64 ,4 ,1, 1
359 ,306, 351, '262 264 239 256 258 255 255 252 248 249 273 263 280 260 242 257 225 282 271 250 267 261 225 261 268 241 276 239 249 259 286 278 ' ,'0 0 0 0 0 0 0 0 0 0 0 0 0 0 0 0 0 0 0 0 0 0 0 0 0 0 0 0 0 0 0 0 ' ,122 ,2 ,1, 1
296 ,355, 285, '270 245 270 248 248 265 263 248 210 225 255 248 248 242 198 244 267 268 261 275 273 260 259 260 247 238 251 267 268 262 267 270 ' ,'0 0 0 0 0 0 0 0 0 0 0 0 0 0 0 0 0 0 0 0 0 0 0 0 0 0 0 0 0 0 0 0 ' ,81 ,3 ,1, 1
295 ,289, 285, '259 249 223 251 247 261 252 251 238 232 237 193 248 261 256 251 266 274 243 259 272 232 251 261 242 213 254 237 228 275 252 239 ' ,'0 0 0 0 0 0 0 0 0 0 0 0 0 0 0 0 0 0 0 0 0 0 0 0 0 0 0 0 0 0 0 0 ' ,86 ,4 ,1, 1
290 ,289, 282, '203 225 254 257 232 236 231 239 206 209 244 239 251 271 217 213 229 258 221 227 196 246 215 260 228 243 234 237 223 254 268 248 ' ,'0 0 0 0 0 0 0 0 0 0 0 0 0 0 0 0 0 0 0 0 0 0 0 0 0 0 0 0 0 0 0 0 ' ,81 ,3 ,1, 1
276 ,285, 268, '243 221 206 226 222 245 237 215 215 234 212 228 235 257 233 253 236 243 206 208 230 246 226 234 225 235 230 183 199 238 249 221 ' ,'0 0 0 0 0 0 0 0 0 0 0 0 0 0 0 0 0 0 0 0 0 0 0 0 0 0 0 0 0 0 0 0 ' ,78 ,4 ,1, 1
264 ,271, 253, '229 207 220 240 210 217 205 220 224 207 212 215 218 226 233 231 218 215 202 226 210 240 224 225 227 226 225 210 167 190 243 234 ' ,'0 0 0 0 0 0 0 0 0 0 0 0 0 0 0 0 0 0 0 0 0 0 0 0 0 0 0 0 0 0 0 0 ' ,80 ,4 ,1, 1
262 ,258, 254, '213 229 224 245 196 224 205 218 222 218 220 229 224 234 214 233 227 230 210 234 218 240 235 244 241 206 216 211 233 222 241 223 ' ,'0 0 0 0 0 0 0 0 0 0 0 0 0 0 0 0 0 0 0 0 0 0 0 0 0 0 0 0 0 0 0 0 ' ,53 ,4 ,1, 1
269 ,259, 260, '239 186 224 250 226 228 216 241 232 234 218 225 211 220 223 232 237 246 210 223 234 205 229 241 230 204 235 217 206 204 236 233 ' ,'0 0 0 0 0 0 0 0 0 0 0 0 0 0 0 0 0 0 0 0 0 0 0 0 0 0 0 0 0 0 0 0 ' ,69 ,3 ,1, 1
275 ,264, 266, '226 228 222 247 195 247 219 207 226 220 217 199 231 213 215 237 243 226 244 232 207 214 222 244 246 198 229 230 225 234 229 254 ' ,'0 0 0 0 0 0 0 0 0 0 0 0 0 0 0 0 0 0 0 0 0 0 0 0 0 0 0 0 0 0 0 0 ' ,63 ,3 ,1, 1
281 ,271, 272, '209 242 256 249 245 248 231 241 246 232 233 237 238 240 223 246 264 254 229 230 248 250 216 262 259 227 251 246 239 239 260 242 ' ,'0 0 0 0 0 0 0 0 0 0 0 0 0 0 0 0 0 0 0 0 0 0 0 0 0 0 0 0 0 0 0 0 ' ,56 ,3 ,1, 1
285 ,277, 277, '237 238 240 255 238 239 250 235 267 255 238 214 259 235 261 255 254 237 236 258 252 254 229 250 263 217 255 255 213 258 252 247 ' ,'0 0 0 0 0 0 0 0 0 0 0 0 0 0 0 0 0 0 0 0 0 0 0 0 0 0 0 0 0 0 0 0 ' ,57 ,3 ,1, 1
296 ,281, 287, '246 270 262 265 246 263 241 258 272 262 248 232 247 245 243 262 276 267 191 220 254 235 254 266 271 254 255 241 254 263 244 244 ' ,'0 0 0 0 0 0 0 0 0 0 0 0 0 0 0 0 0 0 0 0 0 0 0 0 0 0 0 0 0 0 0 0 ' ,87 ,3 ,1, 1
301 ,292, 293, '273 222 257 232 258 259 280 252 269 233 279 253 281 264 267 253 277 223 276 253 274 245 276 251 276 231 251 256 232 240 282 267 ' ,'0 0 0 0 0 0 0 0 0 0 0 0 0 0 0 0 0 0 0 0 0 0 0 0 0 0 0 0 0 0 0 0 ' ,65 ,4 ,2, 2
542 ,298, 533, '273 240 239 262 277 307 280 254 278 272 281 248 288 269 277 290 301 284 277 283 253 247 285 295 283 270 284 240 277 264 291 248 ' ,'0 0 0 0 0 0 0 0 0 0 0 0 0 0 0 0 0 0 0 0 0 0 0 0 0 0 0 0 0 0 0 0 ' ,288 ,3 ,1, 1
468 ,538, 460, '285 261 256 243 270 248 248 282 264 246 275 232 277 236 269 248 282 263 294 259 226 274 283 273 222 244 259 240 276 287 286 265 ' ,'0 0 0 0 0 0 0 0 0 0 0 0 0 0 0 0 0 0 0 0 0 0 0 0 0 0 0 0 0 0 0 0 ' ,230 ,4 ,2, 2
282 ,463, 273, '251 241 235 233 225 230 250 214 217 189 254 233 254 232 238 255 258 234 255 238 234 237 263 255 231 237 255 249 242 231 245 223 ' ,'0 0 0 0 0 0 0 0 0 0 0 0 0 0 0 0 0 0 0 0 0 0 0 0 0 0 0 0 0 0 0 0 ' ,76 ,4 ,1, 1
270 ,278, 262, '242 210 205 223 238 222 231 210 211 237 252 227 233 240 230 241 243 210 241 241 218 239 217 217 220 194 198 194 252 227 244 217 ' ,'0 0 0 0 0 0 0 0 0 0 0 0 0 0 0 0 0 0 0 0 0 0 0 0 0 0 0 0 0 0 0 0 ' ,63 ,4 ,1, 1
267 ,267, 258, '214 211 222 229 206 210 229 211 230 207 240 235 238 217 208 219 219 225 222 212 189 217 211 222 223 213 210 225 212 192 249 228 ' ,'0 0 0 0 0 0 0 0 0 0 0 0 0 0 0 0 0 0 0 0 0 0 0 0 0 0 0 0 0 0 0 0 ' ,63 ,2 ,1, 1
264 ,263, 256, '242 227 236 218 195 222 238 223 237 201 216 221 223 243 240 234 217 201 232 237 226 230 226 245 239 226 235 224 210 206 224 214 ' ,'0 0 0 0 0 0 0 0 0 0 0 0 0 0 0 0 0 0 0 0 0 0 0 0 0 0 0 0 0 0 0 0 ' ,54 ,5 ,2, 2
268 ,261, 261, '236 198 209 196 208 237 240 239 205 231 225 223 236 237 249 212 215 225 230 240 229 224 227 209 245 237 237 225 241 230 229 228 ' ,'0 0 0 0 0 0 0 0 0 0 0 0 0 0 0 0 0 0 0 0 0 0 0 0 0 0 0 0 0 0 0 0 ' ,58 ,4 ,2, 2
264 ,264, 256, '241 240 234 192 215 225 231 206 223 186 218 205 227 222 239 216 225 216 214 233 202 197 206 240 240 218 245 237 218 221 237 196 ' ,'0 0 0 0 0 0 0 0 0 0 0 0 0 0 0 0 0 0 0 0 0 0 0 0 0 0 0 0 0 0 0 0 ' ,63 ,4 ,1, 1
468 ,259, 460, '218 245 219 234 251 200 211 245 219 207 226 237 201 214 199 208 235 227 220 232 220 186 214 214 207 208 241 225 200 231 237 218 ' ,'0 0 0 0 0 0 0 0 0 0 0 0 0 0 0 0 0 0 0 0 0 0 0 0 0 0 0 0 0 0 0 0 ' ,267 ,4 ,1, 1
287 ,463, 279, '233 249 251 237 208 239 206 250 228 176 243 245 248 222 222 219 242 251 230 253 224 175 234 242 233 249 245 233 248 233 249 268 ' ,'0 0 0 0 0 0 0 0 0 0 0 0 0 0 0 0 0 0 0 0 0 0 0 0 0 0 0 0 0 0 0 0 ' ,98 ,3 ,1, 1
309 ,284, 301, '222 270 227 241 239 236 228 258 249 208 269 237 260 226 269 241 282 269 274 263 275 219 256 251 251 266 265 214 224 262 275 288 ' ,'0 0 0 0 0 0 0 0 0 0 0 0 0 0 0 0 0 0 0 0 0 0 0 0 0 0 0 0 0 0 0 0 ' ,85 ,4 ,1, 1
308 ,305, 298, '258 234 258 255 285 260 209 285 249 242 276 269 244 253 252 270 290 255 279 277 247 206 263 262 267 243 258 246 265 263 267 286 ' ,'0 0 0 0 0 0 0 0 0 0 0 0 0 0 0 0 0 0 0 0 0 0 0 0 0 0 0 0 0 0 0 0 ' ,83 ,4 ,1, 1
309 ,302, 301, '258 269 261 245 261 241 260 279 271 252 252 259 266 263 291 261 272 250 248 269 247 236 236 280 260 240 270 239 240 246 241 254 ' ,'0 0 0 0 0 0 0 0 0 0 0 0 0 0 0 0 0 0 0 0 0 0 0 0 0 0 0 0 0 0 0 0 ' ,60 ,5 ,1, 1
308 ,306, 299, '283 260 253 256 242 251 248 205 290 250 280 285 280 226 266 238 261 285 246 238 261 243 234 280 282 267 253 226 248 279 273 271 ' ,'0 0 0 0 0 0 0 0 0 0 0 0 0 0 0 0 0 0 0 0 0 0 0 0 0 0 0 0 0 0 0 0 ' ,89 ,5 ,1, 1
311 ,304, 304, '273 275 245 223 246 257 233 266 264 266 278 251 292 278 241 288 276 290 269 270 246 246 276 242 252 258 287 277 279 284 291 251 ' ,'0 0 0 0 0 0 0 0 0 0 0 0 0 0 0 0 0 0 0 0 0 0 0 0 0 0 0 0 0 0 0 0 ' ,73 ,5 ,2, 2
305 ,307, 298, '277 244 245 269 263 234 258 270 280 282 237 271 281 230 274 233 289 277 191 209 231 268 253 261 273 251 283 235 282 271 278 241 ' ,'0 0 0 0 0 0 0 0 0 0 0 0 0 0 0 0 0 0 0 0 0 0 0 0 0 0 0 0 0 0 0 0 ' ,98 ,4 ,1, 1
299 ,301, 293, '259 231 244 242 261 235 263 251 234 250 196 248 236 231 207 235 276 277 223 252 244 251 268 230 254 218 256 237 249 270 281 230 ' ,'0 0 0 0 0 0 0 0 0 0 0 0 0 0 0 0 0 0 0 0 0 0 0 0 0 0 0 0 0 0 0 0 ' ,89 ,4 ,2, 2
275 ,296, 268, '241 211 209 249 249 235 210 238 224 203 238 222 238 225 226 210 245 239 257 224 204 233 236 248 222 200 234 170 237 247 257 213 ' ,'0 0 0 0 0 0 0 0 0 0 0 0 0 0 0 0 0 0 0 0 0 0 0 0 0 0 0 0 0 0 0 0 ' ,92 ,4 ,1, 1
254 ,273, 247, '196 230 191 228 219 188 223 230 201 222 233 207 210 215 209 192 212 218 228 197 180 192 203 204 222 179 214 203 167 201 235 214 ' ,'0 0 0 0 0 0 0 0 0 0 0 0 0 0 0 0 0 0 0 0 0 0 0 0 0 0 0 0 0 0 0 0 ' ,73 ,4 ,1, 1
260 ,250, 250, '219 222 229 228 237 180 225 219 220 231 217 213 224 204 243 187 243 217 193 230 195 196 207 236 216 221 214 227 212 223 231 236 ' ,'0 0 0 0 0 0 0 0 0 0 0 0 0 0 0 0 0 0 0 0 0 0 0 0 0 0 0 0 0 0 0 0 ' ,67 ,5 ,1, 1
264 ,257, 257, '222 242 203 219 236 207 183 197 229 187 232 212 217 186 229 233 236 220 245 216 227 213 236 230 224 228 215 188 219 239 235 229 ' ,'0 0 0 0 0 0 0 0 0 0 0 0 0 0 0 0 0 0 0 0 0 0 0 0 0 0 0 0 0 0 0 0 ' ,68 ,4 ,1, 1
278 ,262, 271, '243 224 258 256 220 199 216 226 201 196 237 216 244 247 250 238 229 220 246 245 234 195 228 246 223 222 244 217 223 249 223 248 ' ,'0 0 0 0 0 0 0 0 0 0 0 0 0 0 0 0 0 0 0 0 0 0 0 0 0 0 0 0 0 0 0 0 ' ,70 ,4 ,1, 1
288 ,274, 279, '248 245 247 194 236 230 227 249 241 227 252 225 237 221 239 227 240 236 264 258 210 244 234 234 244 223 223 193 196 234 247 265 ' ,'0 0 0 0 0 0 0 0 0 0 0 0 0 0 0 0 0 0 0 0 0 0 0 0 0 0 0 0 0 0 0 0 ' ,79 ,4 ,1, 1
278 ,282, 271, '220 224 251 238 226 239 232 257 198 250 248 220 227 204 247 232 248 245 255 248 229 203 256 260 256 235 242 235 254 225 226 251 ' ,'0 0 0 0 0 0 0 0 0 0 0 0 0 0 0 0 0 0 0 0 0 0 0 0 0 0 0 0 0 0 0 0 ' ,62 ,4 ,1, 1
287 ,275, 280, '227 245 245 256 231 239 223 265 236 235 248 247 202 241 260 228 271 237 256 265 241 238 233 238 252 258 252 229 238 254 237 251 ' ,'0 0 0 0 0 0 0 0 0 0 0 0 0 0 0 0 0 0 0 0 0 0 0 0 0 0 0 0 0 0 0 0 ' ,71 ,4 ,1, 1
293 ,283, 285, '258 239 264 269 250 257 210 236 239 208 264 258 248 242 221 229 255 263 262 273 243 216 255 269 256 270 273 237 225 267 221 270 ' ,'0 0 0 0 0 0 0 0 0 0 0 0 0 0 0 0 0 0 0 0 0 0 0 0 0 0 0 0 0 0 0 0 ' ,70 ,5 ,1, 1
359 ,290, 351, '252 236 286 240 257 279 249 263 245 221 268 250 262 276 259 226 342 254 264 287 265 191 245 264 248 269 253 233 240 262 290 281 ' ,'0 0 0 0 0 0 0 0 0 0 0 0 0 0 0 0 62 0 0 0 0 0 0 0 0 0 0 0 0 0 0 0 ' ,154 ,4 ,1, 1
304 ,355, 296, '249 263 283 255 255 280 206 274 246 274 260 266 241 259 264 266 253 251 281 267 225 206 272 259 234 257 257 250 248 257 268 254 ' ,'0 0 0 0 0 0 0 0 0 0 0 0 0 0 0 0 0 0 0 0 0 0 0 0 0 0 0 0 0 0 0 0 ' ,85 ,7 ,1, 1
315 ,300, 307, '281 280 238 204 264 254 250 213 272 244 285 268 264 274 260 267 299 247 244 247 283 214 261 230 263 248 291 242 221 261 280 266 ' ,'0 0 0 0 0 0 0 0 0 0 0 0 0 0 0 0 0 0 0 0 0 0 0 0 0 0 0 0 0 0 0 0 ' ,97 ,5 ,1, 1
309 ,311, 302, '289 266 260 257 276 235 234 273 247 220 264 272 284 252 223 279 292 277 267 270 276 230 254 256 249 250 250 253 254 273 286 264 ' ,'0 0 0 0 0 0 0 0 0 0 0 0 0 0 0 0 0 0 0 0 0 0 0 0 0 0 0 0 0 0 0 0 ' ,74 ,5 ,1, 1
372 ,307, 364, '248 228 247 237 262 254 209 252 263 245 240 212 260 247 235 255 274 255 234 265 209 224 352 244 242 256 257 256 264 241 278 254 ' ,'0 0 0 0 0 0 0 0 0 0 0 0 0 0 0 0 0 0 0 0 0 0 0 0 0 0 0 0 0 0 0 0 ' ,150 ,4 ,1, 1
282 ,368, 274, '245 217 214 235 235 230 243 195 226 243 198 216 230 208 220 211 239 245 203 234 238 229 228 247 243 222 251 229 239 256 263 227 ' ,'0 0 0 0 0 0 0 0 0 0 0 0 0 0 0 0 0 0 0 0 0 0 0 0 0 0 0 0 0 0 0 0 ' ,72 ,5 ,1, 1
267 ,278, 259, '228 178 185 208 242 193 224 238 216 228 204 211 222 228 233 222 233 230 184 214 228 227 184 213 227 197 235 247 216 231 218 227 ' ,'0 0 0 0 0 0 0 0 0 0 0 0 0 0 0 0 0 0 0 0 0 0 0 0 0 0 0 0 0 0 0 0 ' ,76 ,4 ,0, 0
252 ,262, 245, '214 219 201 219 200 214 212 227 225 221 234 222 202 210 220 170 235 215 195 204 208 234 197 221 228 210 220 229 219 203 207 215 ' ,'0 0 0 0 0 0 0 0 0 0 0 0 0 0 0 0 0 0 0 0 0 0 0 0 0 0 0 0 0 0 0 0 ' ,70 ,5 ,1, 1
266 ,249, 259, '217 205 232 202 234 206 229 240 240 223 193 206 236 215 222 231 232 231 211 205 238 206 212 221 229 212 229 247 238 212 227 211 ' ,'0 0 0 0 0 0 0 0 0 0 0 0 0 0 0 0 0 0 0 0 0 0 0 0 0 0 0 0 0 0 0 0 ' ,60 ,5 ,1, 1
263 ,264, 256, '216 210 216 228 214 229 240 221 197 224 218 198 209 218 223 220 239 237 244 236 240 233 212 195 214 190 230 171 216 217 224 219 ' ,'0 0 0 0 0 0 0 0 0 0 0 0 0 0 0 0 0 0 0 0 0 0 0 0 0 0 0 0 0 0 0 0 ' ,78 ,5 ,1, 1
262 ,260, 255, '217 201 189 204 227 241 209 210 230 231 223 223 225 223 220 188 230 233 205 213 208 205 229 227 226 230 202 237 220 230 241 214 ' ,'0 0 0 0 0 0 0 0 0 0 0 0 0 0 0 0 0 0 0 0 0 0 0 0 0 0 0 0 0 0 0 0 ' ,62 ,5 ,1, 1
267 ,259, 260, '241 212 238 234 243 217 201 177 239 223 219 202 233 248 238 215 227 209 174 214 211 241 206 226 234 218 229 191 231 225 240 232 ' ,'0 0 0 0 0 0 0 0 0 0 0 0 0 0 0 0 0 0 0 0 0 0 0 0 0 0 0 0 0 0 0 0 ' ,80 ,5 ,1, 1
488 ,264, 481, '195 217 192 242 204 216 220 222 224 219 200 205 231 211 230 180 222 191 215 223 200 233 211 235 207 219 194 214 213 204 219 222 ' ,'0 0 0 0 0 0 0 0 0 0 0 0 0 0 0 0 0 0 0 0 0 0 0 0 0 0 0 0 0 0 0 0 ' ,296 ,5 ,1, 1
283 ,486, 275, '226 238 213 219 258 215 225 239 220 237 250 237 233 232 240 182 260 232 223 240 264 225 243 223 232 234 229 239 243 227 254 263 ' ,'0 0 0 0 0 0 0 0 0 0 0 0 0 0 0 0 0 0 0 0 0 0 0 0 0 0 0 0 0 0 0 0 ' ,87 ,5 ,1, 1
301 ,281, 294, '214 260 269 266 253 246 231 250 253 260 253 258 255 231 256 246 259 245 245 231 250 229 261 237 213 241 234 255 263 249 250 281 ' ,'0 0 0 0 0 0 0 0 0 0 0 0 0 0 0 0 0 0 0 0 0 0 0 0 0 0 0 0 0 0 0 0 ' ,73 ,5 ,1, 1
311 ,298, 303, '252 262 217 225 268 258 234 255 271 251 271 235 257 270 239 236 263 267 276 264 241 276 278 280 255 275 266 233 245 276 263 290 ' ,'0 0 0 0 0 0 0 0 0 0 0 0 0 0 0 0 0 0 0 0 0 0 0 0 0 0 0 0 0 0 0 0 ' ,78 ,5 ,1, 1
315 ,308, 308, '278 221 241 241 271 250 268 271 208 258 270 258 242 256 262 254 294 280 234 277 245 275 265 278 254 278 266 228 269 273 289 295 ' ,'0 0 0 0 0 0 0 0 0 0 0 0 0 0 0 0 0 0 0 0 0 0 0 0 0 0 0 0 0 0 0 0 ' ,93 ,5 ,2, 2
309 ,312, 302, '276 279 240 236 259 266 259 216 253 224 274 271 290 243 227 250 289 240 231 268 235 271 267 286 275 260 277 236 268 275 261 264 ' ,'0 0 0 0 0 0 0 0 0 0 0 0 0 0 0 0 0 0 0 0 0 0 0 0 0 0 0 0 0 0 0 0 ' ,78 ,5 ,1, 1
298 ,307, 289, '216 246 244 221 217 254 254 238 217 243 263 245 259 219 243 225 251 274 236 259 238 277 237 245 247 235 264 242 262 241 240 238 ' ,'0 0 0 0 0 0 0 0 0 0 0 0 0 0 0 0 0 0 0 0 0 0 0 0 0 0 0 0 0 0 0 0 ' ,66 ,5 ,1, 1
281 ,293, 271, '251 238 244 170 235 225 247 204 199 230 247 242 258 231 250 223 255 247 225 245 220 238 260 233 230 225 239 213 235 207 247 222 ' ,'0 0 0 0 0 0 0 0 0 0 0 0 0 0 0 0 0 0 0 0 0 0 0 0 0 0 0 0 0 0 0 0 ' ,96 ,5 ,1, 1
271 ,275, 264, '237 227 218 209 239 233 251 209 206 245 217 215 218 233 225 253 202 238 246 213 199 213 237 228 197 207 230 244 217 210 231 217 ' ,'0 0 0 0 0 0 0 0 0 0 0 0 0 0 0 0 0 0 0 0 0 0 0 0 0 0 0 0 0 0 0 0 ' ,59 ,6 ,1, 1
264 ,267, 254, '225 230 226 207 217 240 205 169 166 191 230 226 232 223 206 193 212 224 228 205 230 196 217 219 208 196 209 194 214 222 244 217 ' ,'0 0 0 0 0 0 0 0 0 0 0 0 0 0 0 0 0 0 0 0 0 0 0 0 0 0 0 0 0 0 0 0 ' ,86 ,5 ,1, 1
261 ,261, 254, '227 232 225 207 225 214 219 216 201 184 219 231 218 223 221 210 237 238 230 211 221 198 213 234 241 210 220 212 205 203 206 214 ' ,'0 0 0 0 0 0 0 0 0 0 0 0 0 0 0 0 0 0 0 0 0 0 0 0 0 0 0 0 0 0 0 0 ' ,62 ,5 ,1, 1
253 ,257, 246, '204 186 213 229 205 221 232 192 202 197 233 205 221 192 221 204 214 210 189 201 198 204 199 234 225 196 213 231 206 233 226 232 ' ,'0 0 0 0 0 0 0 0 0 0 0 0 0 0 0 0 0 0 0 0 0 0 0 0 0 0 0 0 0 0 0 0 ' ,52 ,5 ,1, 1
259 ,251, 251, '240 214 222 237 195 197 183 228 194 191 227 209 219 210 226 186 216 172 205 203 187 206 199 223 199 205 237 207 213 219 225 212 ' ,'0 0 0 0 0 0 0 0 0 0 0 0 0 0 0 0 0 0 0 0 0 0 0 0 0 0 0 0 0 0 0 0 ' ,73 ,5 ,1, 1
271 ,255, 263, '207 215 200 242 220 246 224 226 186 212 216 222 247 203 230 213 223 229 235 216 213 236 196 235 251 195 212 225 225 198 229 228 ' ,'0 0 0 0 0 0 0 0 0 0 0 0 0 0 0 0 0 0 0 0 0 0 0 0 0 0 0 0 0 0 0 0 ' ,71 ,5 ,1, 1
288 ,267, 279, '223 223 225 267 214 244 243 213 196 240 228 219 245 261 241 203 249 238 223 260 215 250 221 232 240 227 246 225 225 237 244 259 ' ,'0 0 0 0 0 0 0 0 0 0 0 0 0 0 0 0 0 0 0 0 0 0 0 0 0 0 0 0 0 0 0 0 ' ,77 ,5 ,1, 1
489 ,283, 481, '228 246 260 258 249 215 231 232 240 234 243 258 226 253 200 210 253 242 231 259 251 233 249 257 233 234 227 259 257 237 246 227 ' ,'0 0 0 0 0 0 0 0 0 0 0 0 0 0 0 0 0 0 0 0 0 0 0 0 0 0 0 0 0 0 0 0 ' ,274 ,5 ,1, 1
368 ,487, 359, '260 348 226 266 254 237 231 237 237 216 252 249 262 258 243 245 274 262 271 265 342 246 253 256 272 263 236 262 211 234 247 238 ' ,'0 0 0 0 0 0 0 0 0 0 0 0 0 0 0 0 0 0 0 0 0 0 0 0 0 0 0 0 0 0 0 0 ' ,144 ,5 ,1, 1
301 ,364, 293, '266 243 269 234 250 280 245 253 229 220 272 267 280 243 239 220 280 260 257 239 255 235 256 234 276 255 277 235 250 241 273 221 ' ,'0 0 0 0 0 0 0 0 0 0 0 0 0 0 0 0 0 0 0 0 0 0 0 0 0 0 0 0 0 0 0 0 ' ,67 ,5 ,1, 1
389 ,407, 380, '274 272 284 271 260 283 246 257 265 239 236 268 294 245 259 258 291 286 366 272 234 254 257 266 260 278 286 280 292 230 281 247 ' ,'0 0 0 0 0 0 0 0 0 0 0 0 0 0 0 0 0 0 75 0 0 0 0 0 0 0 0 0 0 0 0 0 ' ,143 ,5 ,1, 1
320 ,385, 309, '272 251 224 240 226 273 253 240 253 243 254 248 282 241 270 247 299 288 223 240 236 283 254 272 291 231 250 266 278 256 291 235 ' ,'0 0 0 0 0 0 0 0 0 0 0 0 0 0 0 0 0 0 0 0 0 0 0 0 0 0 0 0 0 0 0 0 ' ,79 ,6 ,1, 1
305 ,313, 298, '285 266 232 221 252 282 235 225 246 211 220 270 255 214 229 238 283 243 230 267 276 267 236 242 268 269 232 265 256 238 223 253 ' ,'0 0 0 0 0 0 0 0 0 0 0 0 0 0 0 0 0 0 0 0 0 0 0 0 0 0 0 0 0 0 0 0 ' ,78 ,5 ,2, 2
282 ,301, 274, '239 229 212 217 208 259 235 238 237 255 236 262 233 223 244 252 257 262 183 234 181 246 231 253 241 244 238 211 240 239 236 251 ' ,'0 0 0 0 0 0 0 0 0 0 0 0 0 0 0 0 0 0 0 0 0 0 0 0 0 0 0 0 0 0 0 0 ' ,88 ,5 ,1, 1
284 ,279, 276, '236 237 221 239 221 264 236 228 259 204 254 240 252 261 196 236 242 259 218 225 244 226 261 231 193 242 256 241 227 224 232 219 ' ,'0 0 0 0 0 0 0 0 0 0 0 0 0 0 0 0 0 0 0 0 0 0 0 0 0 0 0 0 0 0 0 0 ' ,76 ,6 ,2, 2
475 ,281, 467, '226 233 205 188 195 226 230 223 186 216 221 231 212 211 221 193 222 230 208 208 196 216 230 234 175 210 209 237 206 202 204 198 ' ,'0 0 0 0 0 0 0 0 0 0 0 0 0 0 0 0 0 0 0 0 0 0 0 0 0 0 0 0 0 0 0 0 ' ,285 ,5 ,1, 1
259 ,471, 251, '211 214 210 197 213 198 202 173 199 212 232 240 201 206 199 210 217 200 188 216 183 225 223 238 215 219 210 205 209 217 213 195 ' ,'0 0 0 0 0 0 0 0 0 0 0 0 0 0 0 0 0 0 0 0 0 0 0 0 0 0 0 0 0 0 0 0 ' ,72 ,5 ,1, 1
299 ,256, 290, '203 222 207 249 243 209 208 216 186 212 218 207 238 175 226 199 221 230 212 277 213 221 233 218 228 215 231 205 229 201 214 219 ' ,'0 0 0 0 0 0 0 0 0 0 0 0 0 0 0 0 0 0 0 67 0 0 0 0 0 0 0 0 0 0 0 0 ' ,109 ,6 ,1, 1
268 ,296, 256, '235 244 202 230 196 191 207 208 187 192 217 217 215 193 240 208 207 204 228 229 193 236 230 233 208 181 217 219 245 225 242 213 ' ,'0 0 0 0 0 0 0 0 0 0 0 0 0 0 0 0 0 0 0 0 0 0 0 0 0 0 0 0 0 0 0 0 ' ,70 ,5 ,1, 1
484 ,261, 475, '231 242 216 215 240 227 203 222 201 229 237 235 229 214 218 218 234 225 215 228 219 192 218 250 216 242 217 224 236 219 251 231 ' ,'0 0 0 0 0 0 0 0 0 0 0 0 0 0 0 0 0 0 0 0 0 0 0 0 0 0 0 0 0 0 0 0 ' ,278 ,6 ,1, 1
288 ,480, 281, '229 265 270 235 223 246 245 257 217 211 237 245 249 243 244 235 266 214 241 260 233 224 246 267 255 237 258 256 239 250 220 247 ' ,'0 0 0 0 0 0 0 0 0 0 0 0 0 0 0 0 0 0 0 0 0 0 0 0 0 0 0 0 0 0 0 0 ' ,64 ,4 ,1, 1
296 ,286, 287, '230 243 245 263 277 266 246 242 246 254 265 255 265 207 223 247 279 262 236 269 236 250 246 235 222 242 255 247 249 245 230 272 ' ,'0 0 0 0 0 0 0 0 0 0 0 0 0 0 0 0 0 0 0 0 0 0 0 0 0 0 0 0 0 0 0 0 ' ,73 ,4 ,1, 1
302 ,293, 294, '182 252 272 256 267 253 202 269 204 257 278 273 223 205 271 251 267 250 223 260 229 258 236 269 195 256 258 250 253 280 219 282 ' ,'0 0 0 0 0 0 0 0 0 0 0 0 0 0 0 0 0 0 0 0 0 0 0 0 0 0 0 0 0 0 0 0 ' ,106 ,4 ,1, 1
316 ,300, 308, '255 274 261 264 291 281 269 286 237 238 247 277 279 260 267 275 276 275 280 280 268 251 273 264 269 262 293 254 264 272 296 246 ' ,'0 0 0 0 0 0 0 0 0 0 0 0 0 0 0 0 0 0 0 0 0 0 0 0 0 0 0 0 0 0 0 0 ' ,65 ,5 ,1, 1
320 ,313, 309, '260 286 234 234 273 277 258 238 278 230 264 276 236 245 265 253 299 214 261 255 286 245 262 262 287 265 276 238 285 255 292 243 ' ,'0 0 0 0 0 0 0 0 0 0 0 0 0 0 0 0 0 0 0 0 0 0 0 0 0 0 0 0 0 0 0 0 ' ,88 ,5 ,1, 1
323 ,313, 316, '284 274 235 251 266 260 277 281 248 240 266 223 272 271 290 272 289 266 251 289 261 250 221 251 287 239 250 278 296 295 303 251 ' ,'0 0 0 0 0 0 0 0 0 0 0 0 0 0 0 0 0 0 0 0 0 0 0 0 0 0 0 0 0 0 0 0 ' ,88 ,6 ,2, 2
318 ,320, 309, '278 278 280 274 285 268 277 252 264 237 279 232 263 253 235 272 285 258 293 290 260 262 283 277 293 263 249 297 265 263 258 231 ' ,'0 0 0 0 0 0 0 0 0 0 0 0 0 0 0 0 0 0 0 0 0 0 0 0 0 0 0 0 0 0 0 0 ' ,71 ,4 ,1, 1
310 ,313, 303, '247 252 240 245 239 246 272 206 261 275 284 293 232 268 273 245 295 278 204 272 234 252 255 270 272 276 280 245 269 254 289 236 ' ,'0 0 0 0 0 0 0 0 0 0 0 0 0 0 0 0 0 0 0 0 0 0 0 0 0 0 0 0 0 0 0 0 ' ,91 ,3 ,1, 1
318 ,307, 310, '254 273 271 242 246 283 240 280 241 236 255 236 261 235 234 270 289 249 264 235 250 296 222 231 275 242 261 248 261 230 299 259 ' ,'0 0 0 0 0 0 0 0 0 0 0 0 0 0 0 0 0 0 0 0 0 0 0 0 0 0 0 0 0 0 0 0 ' ,82 ,3 ,1, 1
297 ,313, 289, '249 273 224 228 229 268 255 232 250 229 247 264 260 273 205 254 260 223 274 199 234 274 268 247 270 243 255 235 230 229 278 206 ' ,'0 0 0 0 0 0 0 0 0 0 0 0 0 0 0 0 0 0 0 0 0 0 0 0 0 0 0 0 0 0 0 0 ' ,82 ,3 ,1, 1
294 ,294, 287, '238 232 240 223 250 217 230 254 247 226 248 243 246 263 217 263 246 238 234 229 238 247 257 234 228 235 251 234 246 231 276 220 ' ,'0 0 0 0 0 0 0 0 0 0 0 0 0 0 0 0 0 0 0 0 0 0 0 0 0 0 0 0 0 0 0 0 ' ,62 ,3 ,1, 1
275 ,290, 268, '235 243 202 231 243 240 228 236 194 216 239 224 217 210 208 219 228 223 205 211 240 222 194 224 233 189 226 215 222 199 258 193 ' ,'0 0 0 0 0 0 0 0 0 0 0 0 0 0 0 0 0 0 0 0 0 0 0 0 0 0 0 0 0 0 0 0 ' ,73 ,3 ,1, 1
260 ,271, 251, '234 226 182 205 233 210 201 208 224 208 201 213 207 218 229 238 232 220 204 225 200 241 212 222 220 185 193 192 196 223 191 190 ' ,'0 0 0 0 0 0 0 0 0 0 0 0 0 0 0 0 0 0 0 0 0 0 0 0 0 0 0 0 0 0 0 0 ' ,63 ,3 ,1, 1
434 ,257, 426, '216 233 239 209 213 236 213 232 213 198 207 237 222 213 198 225 231 231 190 198 226 213 181 227 228 212 213 209 213 224 234 205 ' ,'0 0 0 0 0 0 0 0 0 0 0 0 0 0 0 0 0 0 0 0 0 0 0 0 0 0 0 0 0 0 0 0 ' ,238 ,4 ,1, 1
277 ,430, 270, '205 261 213 260 179 215 219 199 235 212 212 246 214 215 240 226 232 218 212 238 218 209 208 243 222 209 217 204 185 243 213 211 ' ,'0 0 0 0 0 0 0 0 0 0 0 0 0 0 0 0 0 0 0 0 0 0 0 0 0 0 0 0 0 0 0 0 ' ,86 ,4 ,1, 1
263 ,273, 256, '236 200 239 223 219 227 215 232 222 241 222 187 185 216 192 225 231 217 208 244 241 186 213 246 217 236 196 207 243 193 243 227 ' ,'0 0 0 0 0 0 0 0 0 0 0 0 0 0 0 0 0 0 0 0 0 0 0 0 0 0 0 0 0 0 0 0 ' ,65 ,3 ,1, 1
293 ,262, 285, '228 273 268 229 218 248 248 222 240 181 243 214 225 228 258 235 258 204 216 246 254 219 209 254 255 253 238 216 241 254 237 218 ' ,'0 0 0 0 0 0 0 0 0 0 0 0 0 0 0 0 0 0 0 0 0 0 0 0 0 0 0 0 0 0 0 0 ' ,94 ,4 ,4, 4
295 ,288, 288, '257 277 262 247 257 242 223 251 244 227 237 248 233 231 269 245 279 253 264 268 241 242 250 276 274 232 230 252 234 230 223 229 ' ,'0 0 0 0 0 0 0 0 0 0 0 0 0 0 0 0 0 0 0 0 0 0 0 0 0 0 0 0 0 0 0 0 ' ,58 ,4 ,2, 2
475 ,292, 467, '246 237 266 231 368 243 250 273 225 265 255 278 227 292 259 255 292 262 262 258 275 242 264 457 289 281 246 252 252 267 237 251 ' ,'0 0 0 0 0 0 0 0 0 0 0 0 0 0 0 0 0 0 0 0 0 0 0 0 0 0 0 0 0 0 0 0 ' ,236 ,3 ,2, 2
321 ,471, 313, '287 252 254 237 284 299 227 274 278 269 281 244 227 227 267 270 305 272 232 239 256 264 267 272 280 250 288 287 248 248 249 258 ' ,'0 0 0 0 0 0 0 0 0 0 0 0 0 0 0 0 0 0 0 0 0 0 0 0 0 0 0 0 0 0 0 0 ' ,80 ,3 ,1, 1
307 ,316, 299, '249 282 239 220 266 280 278 252 275 241 264 289 250 277 257 264 292 224 226 263 232 285 286 282 264 283 201 221 202 251 278 215 ' ,'0 0 0 0 0 0 0 0 0 0 0 0 0 0 0 0 0 0 0 0 0 0 0 0 0 0 0 0 0 0 0 0 ' ,91 ,4 ,2, 2
349 ,303, 340, '244 243 231 235 241 259 219 253 263 242 257 270 260 262 219 259 236 259 225 230 221 266 201 236 260 248 212 239 253 239 265 210 ' ,'0 0 0 0 0 0 0 0 0 0 0 0 0 0 0 0 0 0 0 0 0 0 0 0 0 0 0 0 0 0 0 0 ' ,132 ,3 ,1, 1
279 ,345, 272, '238 209 219 227 214 232 242 256 221 193 229 257 228 238 231 256 255 189 201 190 250 255 242 221 203 247 202 223 251 225 262 191 ' ,'0 0 0 0 0 0 0 0 0 0 0 0 0 0 0 0 0 0 0 0 0 0 0 0 0 0 0 0 0 0 0 0 ' ,76 ,4 ,1, 1
279 ,276, 272, '236 237 224 229 254 231 222 224 213 212 231 239 246 223 243 257 215 228 261 242 235 225 196 250 242 245 251 224 244 232 237 205 ' ,'0 0 0 0 0 0 0 0 0 0 0 0 0 0 0 0 0 0 0 0 0 0 0 0 0 0 0 0 0 0 0 0 ' ,70 ,4 ,1, 1
278 ,275, 269, '216 213 218 225 218 211 200 184 223 233 222 224 220 214 225 209 196 213 213 238 224 215 227 201 243 232 226 221 231 216 261 189 ' ,'0 0 0 0 0 0 0 0 0 0 0 0 0 0 0 0 0 0 0 0 0 0 0 0 0 0 0 0 0 0 0 0 ' ,80 ,3 ,1, 1
263 ,275, 256, '228 233 222 189 247 218 218 234 215 191 208 235 219 206 184 244 200 189 202 224 181 231 223 239 239 211 222 181 216 217 225 214 ' ,'0 0 0 0 0 0 0 0 0 0 0 0 0 0 0 0 0 0 0 0 0 0 0 0 0 0 0 0 0 0 0 0 ' ,69 ,3 ,1, 1
258 ,260, 247, '217 207 200 197 225 220 219 225 227 215 226 208 174 234 194 237 177 231 235 219 210 236 224 218 230 231 225 219 215 219 217 182 ' ,'0 0 0 0 0 0 0 0 0 0 0 0 0 0 0 0 0 0 0 0 0 0 0 0 0 0 0 0 0 0 0 0 ' ,67 ,4 ,1, 1
269 ,253, 259, '204 226 213 232 229 213 211 191 217 219 216 229 223 223 208 239 209 205 240 210 199 233 229 211 248 219 199 171 223 231 231 205 ' ,'0 0 0 0 0 0 0 0 0 0 0 0 0 0 0 0 0 0 0 0 0 0 0 0 0 0 0 0 0 0 0 0 ' ,81 ,4 ,1, 1
258 ,262, 250, '235 221 195 212 236 204 230 215 173 191 219 215 210 202 188 211 220 215 200 217 229 214 185 191 223 240 185 183 206 230 227 215 ' ,'0 0 0 0 0 0 0 0 0 0 0 0 0 0 0 0 0 0 0 0 0 0 0 0 0 0 0 0 0 0 0 0 ' ,71 ,4 ,1, 1
448 ,254, 441, '226 213 190 222 186 227 238 237 229 180 198 196 211 219 191 199 215 164 227 211 237 204 205 211 220 231 228 178 196 213 228 228 ' ,'0 0 0 0 0 0 0 0 0 0 0 0 0 0 0 0 0 0 0 0 0 0 0 0 0 0 0 0 0 0 0 0 ' ,270 ,4 ,1, 1
264 ,445, 257, '222 208 219 197 188 246 229 190 203 182 176 204 197 220 195 222 224 230 179 234 221 210 183 225 205 217 217 207 231 231 181 230 ' ,'0 0 0 0 0 0 0 0 0 0 0 0 0 0 0 0 0 0 0 0 0 0 0 0 0 0 0 0 0 0 0 0 ' ,75 ,4 ,1, 1
255 ,261, 248, '153 198 213 205 164 191 195 219 181 221 210 230 204 193 209 215 213 189 191 202 207 231 218 209 214 193 203 237 210 207 179 204 ' ,'0 0 0 0 0 0 0 0 0 0 0 0 0 0 0 0 0 0 0 0 0 0 0 0 0 0 0 0 0 0 0 0 ' ,90 ,3 ,1, 1
270 ,252, 263, '196 212 186 202 222 206 197 217 200 189 185 233 220 207 197 212 198 198 221 189 196 229 186 225 198 202 212 168 253 230 204 216 ' ,'0 0 0 0 0 0 0 0 0 0 0 0 0 0 0 0 0 0 0 0 0 0 0 0 0 0 0 0 0 0 0 0 ' ,88 ,4 ,1, 1
261 ,267, 251, '227 232 226 207 189 227 197 205 209 210 214 220 215 205 234 201 215 203 209 199 233 192 205 238 217 226 232 213 204 198 224 218 ' ,'0 0 0 0 0 0 0 0 0 0 0 0 0 0 0 0 0 0 0 0 0 0 0 0 0 0 0 0 0 0 0 0 ' ,56 ,7 ,1, 1
252 ,254, 245, '224 180 196 196 190 207 218 213 209 182 206 201 202 185 225 171 182 188 223 197 174 218 208 222 211 210 229 185 207 191 231 187 ' ,'0 0 0 0 0 0 0 0 0 0 0 0 0 0 0 0 0 0 0 0 0 0 0 0 0 0 0 0 0 0 0 0 ' ,68 ,7 ,1, 1
296 ,248, 289, '252 258 275 248 198 258 238 222 229 240 218 222 247 187 240 198 259 241 216 245 248 231 190 253 274 217 235 222 221 215 218 255 ' ,'0 0 0 0 0 0 0 0 0 0 0 0 0 0 0 0 0 0 0 0 0 0 0 0 0 0 0 0 0 0 0 0 ' ,95 ,6 ,1, 1
307 ,294, 300, '256 269 257 255 246 258 255 258 231 257 251 284 253 242 287 233 276 254 271 241 248 256 251 253 259 268 209 233 260 269 285 267 ' ,'0 0 0 0 0 0 0 0 0 0 0 0 0 0 0 0 0 0 0 0 0 0 0 0 0 0 0 0 0 0 0 0 ' ,83 ,7 ,1, 1
326 ,304, 319, '289 251 287 215 278 250 254 244 251 258 258 268 247 258 240 270 305 239 267 283 265 264 285 292 261 276 260 248 266 243 259 253 ' ,'0 0 0 0 0 0 0 0 0 0 0 0 0 0 0 0 0 0 0 0 0 0 0 0 0 0 0 0 0 0 0 0 ' ,96 ,10 ,2, 2
322 ,324, 315, '300 243 216 245 244 253 264 243 254 205 233 235 246 272 213 249 273 291 256 274 277 283 262 248 271 277 209 271 266 268 271 230 ' ,'0 0 0 0 0 0 0 0 0 0 0 0 0 0 0 0 0 0 0 0 0 0 0 0 0 0 0 0 0 0 0 0 ' ,101 ,7 ,1, 1
294 ,319, 287, '260 221 235 223 260 199 212 199 179 198 270 234 232 217 224 211 244 248 261 244 238 256 242 272 272 259 193 231 227 252 251 229 ' ,'0 0 0 0 0 0 0 0 0 0 0 0 0 0 0 0 0 0 0 0 0 0 0 0 0 0 0 0 0 0 0 0 ' ,102 ,6 ,1, 1
286 ,295, 279, '241 220 224 229 263 224 203 223 215 234 249 202 221 198 217 235 197 255 238 210 222 219 219 231 206 232 234 206 253 236 262 218 ' ,'0 0 0 0 0 0 0 0 0 0 0 0 0 0 0 0 0 0 0 0 0 0 0 0 0 0 0 0 0 0 0 0 ' ,76 ,9 ,1, 1
282 ,283, 275, '254 244 208 234 227 217 156 236 226 261 239 221 221 201 221 218 197 239 242 210 213 226 239 253 252 228 215 259 208 229 221 242 ' ,'0 0 0 0 0 0 0 0 0 0 0 0 0 0 0 0 0 0 0 0 0 0 0 0 0 0 0 0 0 0 0 0 ' ,113 ,6 ,1, 1
283 ,279, 274, '216 229 225 199 240 203 185 235 227 179 211 201 225 214 244 230 194 261 224 231 237 235 244 216 247 202 242 254 234 211 238 203 ' ,'0 0 0 0 0 0 0 0 0 0 0 0 0 0 0 0 0 0 0 0 0 0 0 0 0 0 0 0 0 0 0 0 ' ,88 ,7 ,1, 1
278 ,280, 271, '238 187 204 207 218 188 205 232 225 227 183 213 224 220 229 241 207 254 245 198 224 213 247 202 219 205 188 217 201 237 257 210 ' ,'0 0 0 0 0 0 0 0 0 0 0 0 0 0 0 0 0 0 0 0 0 0 0 0 0 0 0 0 0 0 0 0 ' ,83 ,7 ,1, 1
277 ,274, 269, '211 205 221 190 235 221 233 192 209 207 224 215 223 230 240 206 209 211 229 197 223 221 244 243 245 205 212 255 201 231 252 228 ' ,'0 0 0 0 0 0 0 0 0 0 0 0 0 0 0 0 0 0 0 0 0 0 0 0 0 0 0 0 0 0 0 0 ' ,72 ,7 ,1, 1
255 ,272, 249, '201 214 197 222 214 195 163 188 176 209 227 202 197 176 193 199 187 204 193 231 208 208 209 235 209 231 215 199 229 205 214 222 ' ,'0 0 0 0 0 0 0 0 0 0 0 0 0 0 0 0 0 0 0 0 0 0 0 0 0 0 0 0 0 0 0 0 ' ,79 ,7 ,1, 1
257 ,252, 251, '211 206 206 190 229 213 219 215 176 226 228 213 228 217 223 196 175 196 228 216 200 213 219 236 210 225 202 199 180 236 201 202 ' ,'0 0 0 0 0 0 0 0 0 0 0 0 0 0 0 0 0 0 0 0 0 0 0 0 0 0 0 0 0 0 0 0 ' ,73 ,7 ,1, 1
265 ,255, 257, '237 215 186 235 223 228 209 200 221 207 223 218 218 231 199 189 176 210 211 223 216 189 215 235 217 220 241 177 233 228 206 168 ' ,'0 0 0 0 0 0 0 0 0 0 0 0 0 0 0 0 0 0 0 0 0 0 0 0 0 0 0 0 0 0 0 0 ' ,80 ,5 ,1, 1
292 ,263, 284, '265 247 233 225 177 219 256 222 246 230 235 240 241 210 222 222 239 260 262 226 245 239 236 272 264 239 243 215 249 243 263 234 ' ,'0 0 0 0 0 0 0 0 0 0 0 0 0 0 0 0 0 0 0 0 0 0 0 0 0 0 0 0 0 0 0 0 ' ,100 ,4 ,1, 1
303 ,288, 295, '253 273 232 240 227 263 253 215 251 255 255 222 247 230 273 223 244 234 265 248 252 248 231 279 283 262 251 237 263 242 256 249 ' ,'0 0 0 0 0 0 0 0 0 0 0 0 0 0 0 0 0 0 0 0 0 0 0 0 0 0 0 0 0 0 0 0 ' ,72 ,4 ,1, 1
314 ,299, 304, '286 264 261 273 250 254 250 264 258 243 282 262 269 209 250 242 258 278 234 242 263 207 237 280 261 284 271 260 268 223 292 273 ' ,'0 0 0 0 0 0 0 0 0 0 0 0 0 0 0 0 0 0 0 0 0 0 0 0 0 0 0 0 0 0 0 0 ' ,89 ,4 ,1, 1
353 ,310, 344, '250 268 197 268 289 258 255 262 262 224 261 254 207 272 241 245 333 262 293 255 263 226 216 242 255 291 194 244 274 227 287 225 ' ,'0 0 0 0 0 0 0 0 0 0 0 0 0 0 0 0 67 0 0 0 0 0 0 0 0 0 0 0 0 0 0 0 ' ,141 ,5 ,2, 2
325 ,348, 315, '277 245 235 227 251 262 261 261 301 252 222 284 260 251 191 281 274 273 249 228 237 205 254 290 272 247 223 243 274 233 292 236 ' ,'0 0 0 0 0 0 0 0 0 0 0 0 0 0 0 0 0 0 0 0 0 0 0 0 0 0 0 0 0 0 0 0 ' ,118 ,7 ,1, 1
305 ,320, 295, '233 268 239 216 232 239 244 260 279 270 254 281 277 227 261 240 255 269 260 253 259 263 244 259 255 276 256 238 256 279 233 253 ' ,'0 0 0 0 0 0 0 0 0 0 0 0 0 0 0 0 0 0 0 0 0 0 0 0 0 0 0 0 0 0 0 0 ' ,72 ,7 ,1, 1
296 ,300, 285, '228 218 175 212 243 233 206 228 229 267 239 232 240 226 247 243 261 245 227 213 221 254 264 249 267 236 219 228 227 228 234 202 ' ,'0 0 0 0 0 0 0 0 0 0 0 0 0 0 0 0 0 0 0 0 0 0 0 0 0 0 0 0 0 0 0 0 ' ,103 ,10 ,1, 1
293 ,289, 283, '240 235 225 223 233 229 211 197 234 235 265 253 231 260 242 237 245 222 206 227 249 216 256 262 254 246 236 222 236 264 267 211 ' ,'0 0 0 0 0 0 0 0 0 0 0 0 0 0 0 0 0 0 0 0 0 0 0 0 0 0 0 0 0 0 0 0 ' ,78 ,7 ,1, 1
301 ,288, 292, '263 257 220 236 231 230 230 228 243 246 259 227 252 251 247 250 229 215 237 232 246 243 231 248 226 237 237 277 241 245 214 203 ' ,'0 0 0 0 0 0 0 0 0 0 0 0 0 0 0 0 0 0 0 0 0 0 0 0 0 0 0 0 0 0 0 0 ' ,81 ,8 ,1, 1
495 ,295, 485, '243 225 233 214 259 221 227 222 251 197 219 213 222 230 202 244 248 206 209 210 230 221 220 264 238 230 227 228 229 243 241 210 ' ,'0 0 0 0 0 0 0 0 0 0 0 0 0 0 0 0 0 0 0 0 0 0 0 0 0 0 0 0 0 0 0 0 ' ,280 ,7 ,2, 2
269 ,492, 258, '242 239 207 238 213 194 181 200 243 208 213 240 198 229 220 216 213 216 186 205 234 219 205 197 220 226 216 203 223 232 209 215 ' ,'0 0 0 0 0 0 0 0 0 0 0 0 0 0 0 0 0 0 0 0 0 0 0 0 0 0 0 0 0 0 0 0 ' ,69 ,7 ,1, 1
474 ,262, 464, '172 217 177 222 242 228 228 206 224 197 211 210 208 221 230 208 183 223 224 207 234 197 178 239 224 229 212 202 209 222 206 202 ' ,'0 0 0 0 0 0 0 0 0 0 0 0 0 0 0 0 0 0 0 0 0 0 0 0 0 0 0 0 0 0 0 0 ' ,284 ,8 ,1, 1
266 ,468, 257, '187 217 192 243 211 228 224 207 202 238 239 199 197 220 231 205 207 214 186 197 197 214 190 214 217 185 233 189 219 179 199 216 ' ,'0 0 0 0 0 0 0 0 0 0 0 0 0 0 0 0 0 0 0 0 0 0 0 0 0 0 0 0 0 0 0 0 ' ,71 ,7 ,1, 1
275 ,262, 265, '242 209 178 213 212 202 232 185 199 192 203 228 223 251 217 228 198 180 242 223 212 192 205 211 192 227 235 234 221 186 228 220 ' ,'0 0 0 0 0 0 0 0 0 0 0 0 0 0 0 0 0 0 0 0 0 0 0 0 0 0 0 0 0 0 0 0 ' ,79 ,7 ,0, 0
272 ,270, 260, '222 210 216 219 218 204 218 183 191 233 199 202 207 200 219 216 220 225 233 211 180 198 237 186 195 184 246 243 176 222 200 211 ' ,'0 0 0 0 0 0 0 0 0 0 0 0 0 0 0 0 0 0 0 0 0 0 0 0 0 0 0 0 0 0 0 0 ' ,77 ,7 ,1, 1
265 ,267, 256, '214 237 198 240 201 226 192 149 192 176 218 214 212 233 239 239 194 229 207 210 237 225 210 226 199 198 190 222 243 187 213 207 ' ,'0 0 0 0 0 0 0 0 0 0 0 0 0 0 0 0 0 0 0 0 0 0 0 0 0 0 0 0 0 0 0 0 ' ,99 ,7 ,1, 1
482 ,263, 475, '239 255 168 258 214 271 224 219 223 206 220 222 197 232 194 213 248 204 224 211 251 213 213 220 236 198 240 215 208 228 200 243 ' ,'0 0 0 0 0 0 0 0 0 0 0 0 0 0 0 0 0 0 0 0 0 0 0 0 0 0 0 0 0 0 0 0 ' ,299 ,7 ,1, 1
298 ,478, 290, '228 258 237 245 238 248 211 234 213 218 239 260 207 235 224 229 247 231 239 254 252 203 256 271 206 206 211 219 234 239 230 272 ' ,'0 0 0 0 0 0 0 0 0 0 0 0 0 0 0 0 0 0 0 0 0 0 0 0 0 0 0 0 0 0 0 0 ' ,77 ,7 ,1, 1
300 ,293, 292, '262 233 242 255 275 251 253 242 231 225 246 257 233 251 256 266 280 194 239 212 239 251 246 262 233 249 264 251 256 273 266 204 ' ,'0 0 0 0 0 0 0 0 0 0 0 0 0 0 0 0 0 0 0 0 0 0 0 0 0 0 0 0 0 0 0 0 ' ,91 ,7 ,2, 2
306 ,296, 297, '251 249 239 259 237 281 218 248 270 257 274 263 242 281 259 274 227 231 259 236 263 245 241 259 234 246 229 219 245 238 274 259 ' ,'0 0 0 0 0 0 0 0 0 0 0 0 0 0 0 0 0 0 0 0 0 0 0 0 0 0 0 0 0 0 0 0 ' ,73 ,8 ,1, 1
313 ,303, 305, '275 244 249 234 264 283 258 268 247 214 281 179 177 276 290 244 274 251 238 279 264 247 259 248 255 277 260 259 243 224 259 223 ' ,'0 0 0 0 0 0 0 0 0 0 0 0 0 0 0 0 0 0 0 0 0 0 0 0 0 0 0 0 0 0 0 0 ' ,120 ,8 ,2, 1
364 ,308, 354, '253 264 217 251 271 283 234 217 293 236 284 251 247 217 260 222 299 226 281 251 281 278 261 292 278 243 257 222 249 236 275 248 ' ,'0 0 0 0 0 0 0 0 0 0 0 0 0 0 0 0 0 0 0 0 0 0 0 0 0 0 0 0 0 0 0 0 ' ,129 ,8 ,1, 1
319 ,360, 307, '285 260 246 264 264 222 277 242 246 234 254 254 253 260 270 278 291 242 270 288 267 281 253 292 255 247 258 268 277 289 292 245 ' ,'0 0 0 0 0 0 0 0 0 0 0 0 0 0 0 0 0 0 0 0 0 0 0 0 0 0 0 0 0 0 0 0 ' ,78 ,8 ,1, 1
316 ,313, 308, '283 248 261 216 255 252 267 247 284 257 278 271 215 272 293 272 292 283 247 287 286 231 272 276 253 265 269 202 270 267 253 278 ' ,'0 0 0 0 0 0 0 0 0 0 0 0 0 0 0 0 0 0 0 0 0 0 0 0 0 0 0 0 0 0 0 0 ' ,97 ,8 ,1, 1
329 ,312, 321, '241 289 258 227 291 241 253 262 270 276 236 305 254 233 208 284 298 305 237 243 280 241 242 282 255 282 237 228 244 281 272 237 ' ,'0 0 0 0 0 0 0 0 0 0 0 0 0 0 0 0 0 0 0 0 0 0 0 0 0 0 0 0 0 0 0 0 ' ,106 ,8 ,2, 2
305 ,327, 296, '279 276 239 161 262 254 220 215 261 244 273 280 263 255 251 246 284 273 213 225 246 282 269 275 270 224 250 256 269 259 255 225 ' ,'0 0 0 0 0 0 0 0 0 0 0 0 0 0 0 0 0 0 0 0 0 0 0 0 0 0 0 0 0 0 0 0 ' ,129 ,8 ,1, 1
313 ,301, 304, '265 218 217 240 290 247 246 230 217 224 226 248 242 271 270 267 271 255 281 250 246 222 210 268 233 226 226 284 234 219 218 227 ' ,'0 0 0 0 0 0 0 0 0 0 0 0 0 0 0 0 0 0 0 0 0 0 0 0 0 0 0 0 0 0 0 0 ' ,88 ,8 ,1, 1
283 ,308, 276, '225 235 201 229 238 226 192 231 249 237 182 246 189 199 234 232 238 199 230 223 209 261 241 252 173 206 257 241 222 225 248 225 ' ,'0 0 0 0 0 0 0 0 0 0 0 0 0 0 0 0 0 0 0 0 0 0 0 0 0 0 0 0 0 0 0 0 ' ,94 ,8 ,1, 1
277 ,280, 267, '222 233 183 237 253 244 189 201 199 222 187 215 192 243 192 198 238 227 237 202 180 239 225 228 219 206 237 230 219 181 169 222 ' ,'0 0 0 0 0 0 0 0 0 0 0 0 0 0 0 0 0 0 0 0 0 0 0 0 0 0 0 0 0 0 0 0 ' ,92 ,8 ,1, 1
266 ,274, 259, '196 178 208 235 226 215 210 192 176 179 187 213 211 204 243 226 213 175 195 182 245 189 215 219 223 192 221 202 232 205 234 156 ' ,'0 0 0 0 0 0 0 0 0 0 0 0 0 0 0 0 0 0 0 0 0 0 0 0 0 0 0 0 0 0 0 0 ' ,96 ,8 ,1, 1
330 ,263, 321, '223 211 169 198 209 251 233 197 200 222 199 232 198 231 206 230 216 230 244 204 212 230 231 228 189 227 253 216 186 165 203 213 ' ,'0 0 0 0 0 0 0 0 0 0 0 0 0 0 0 0 0 0 0 0 0 0 0 0 0 0 0 0 0 0 0 0 ' ,150 ,5 ,1, 1
266 ,326, 258, '213 195 200 242 242 235 203 203 195 228 211 179 204 240 205 217 230 217 233 205 202 220 200 234 204 202 232 215 208 210 187 231 ' ,'0 0 0 0 0 0 0 0 0 0 0 0 0 0 0 0 0 0 0 0 0 0 0 0 0 0 0 0 0 0 0 0 ' ,72 ,7 ,1, 1
