43 ,487, 27, '17 17 19 20 19 17 20 21 18 18 21 20 17 21 17 17 ' ,'0 0 0 0 0 0 0 0 0 0 0 0 0 0 0 0 ' ,6 ,0 ,1, 1
418 ,35, 407, '380 365 387 362 373 377 341 371 397 361 376 353 391 401 354 402 ' ,'0 0 0 0 0 0 0 0 0 0 0 0 0 0 0 0 ' ,60 ,0 ,2, 2
464 ,412, 455, '427 412 444 435 449 404 427 420 439 407 430 442 450 439 412 428 ' ,'0 0 0 0 0 0 0 0 0 0 0 0 0 0 0 0 ' ,45 ,0 ,2, 2
513 ,461, 505, '490 466 483 463 483 453 499 475 446 472 473 483 494 487 486 486 ' ,'0 0 0 0 0 0 0 0 0 0 0 0 0 0 0 0 ' ,52 ,0 ,3, 3
513 ,508, 503, '478 435 487 476 483 474 490 472 476 478 493 439 466 481 499 486 ' ,'0 0 0 0 0 0 0 0 0 0 0 0 0 0 0 0 ' ,64 ,0 ,3, 3
556 ,508, 546, '494 463 471 505 523 517 506 468 475 519 510 496 539 484 496 491 ' ,'0 0 0 0 0 0 0 0 0 0 0 0 0 0 0 0 ' ,77 ,0 ,3, 3
544 ,552, 532, '466 467 513 495 519 523 518 514 485 499 484 485 479 464 466 488 ' ,'0 0 0 0 0 0 0 0 0 0 0 0 0 0 0 0 ' ,59 ,1 ,3, 3
545 ,538, 534, '485 480 496 525 512 511 526 504 503 468 502 468 500 494 458 498 ' ,'0 0 0 0 0 0 0 0 0 0 0 0 0 0 0 0 ' ,68 ,1 ,2, 2
537 ,538, 528, '465 479 489 424 473 509 468 479 502 498 490 491 522 503 435 482 ' ,'0 0 0 0 0 0 0 0 0 0 0 0 0 0 0 0 ' ,98 ,1 ,3, 3
497 ,533, 489, '474 459 483 471 476 457 401 443 418 472 410 468 480 481 446 444 ' ,'0 0 0 0 0 0 0 0 0 0 0 0 0 0 0 0 ' ,82 ,0 ,2, 2
463 ,494, 455, '440 424 437 428 413 433 388 429 412 425 422 450 445 420 428 408 ' ,'0 0 0 0 0 0 0 0 0 0 0 0 0 0 0 0 ' ,62 ,1 ,2, 2
438 ,459, 432, '388 419 366 405 408 394 386 379 393 398 425 384 389 408 386 381 ' ,'0 0 0 0 0 0 0 0 0 0 0 0 0 0 0 0 ' ,60 ,0 ,2, 2
448 ,436, 440, '421 413 424 435 415 390 409 393 394 424 410 421 410 407 422 427 ' ,'0 0 0 0 0 0 0 0 0 0 0 0 0 0 0 0 ' ,43 ,1 ,2, 2
444 ,444, 437, '417 404 399 412 427 414 396 400 370 412 417 423 412 413 397 396 ' ,'0 0 0 0 0 0 0 0 0 0 0 0 0 0 0 0 ' ,61 ,1 ,3, 3
499 ,440, 490, '483 465 456 476 430 441 458 478 482 455 460 463 469 467 434 462 ' ,'0 0 0 0 0 0 0 0 0 0 0 0 0 0 0 0 ' ,53 ,0 ,2, 2
522 ,494, 515, '498 485 486 470 507 479 468 499 476 491 468 477 477 490 471 492 ' ,'0 0 0 0 0 0 0 0 0 0 0 0 0 0 0 0 ' ,40 ,0 ,3, 3
513 ,518, 506, '499 481 484 484 498 473 496 476 475 448 473 458 472 478 492 462 ' ,'0 0 0 0 0 0 0 0 0 0 0 0 0 0 0 0 ' ,52 ,0 ,3, 3
522 ,509, 512, '420 468 477 459 473 438 493 505 453 457 496 469 496 441 493 503 ' ,'0 0 0 0 0 0 0 0 0 0 0 0 0 0 0 0 ' ,86 ,1 ,2, 2
541 ,515, 530, '464 487 523 468 464 447 488 469 489 472 473 469 481 439 440 472 ' ,'0 0 0 0 0 0 0 0 0 0 0 0 0 0 0 0 ' ,85 ,1 ,2, 2
564 ,533, 557, '520 525 515 475 515 520 550 489 520 536 547 513 480 525 483 542 ' ,'0 0 0 0 0 0 0 0 0 0 0 0 0 0 0 0 ' ,76 ,1 ,3, 3
541 ,560, 534, '497 515 522 512 508 494 527 504 494 487 472 520 498 509 456 516 ' ,'0 0 0 0 0 0 0 0 0 0 0 0 0 0 0 0 ' ,71 ,0 ,3, 3
544 ,537, 536, '506 492 495 525 520 488 530 492 498 448 493 502 516 495 512 454 ' ,'0 0 0 0 0 0 0 0 0 0 0 0 0 0 0 0 ' ,81 ,0 ,2, 2
531 ,539, 523, '470 453 517 469 471 472 491 391 453 429 479 458 496 464 481 470 ' ,'0 0 0 0 0 0 0 0 0 0 0 0 0 0 0 0 ' ,126 ,1 ,3, 3
512 ,526, 503, '490 480 457 451 496 487 422 434 458 473 482 445 478 467 469 439 ' ,'0 0 0 0 0 0 0 0 0 0 0 0 0 0 0 0 ' ,76 ,0 ,2, 2
504 ,506, 497, '462 430 470 470 453 456 480 484 455 490 489 478 455 432 412 480 ' ,'0 0 0 0 0 0 0 0 0 0 0 0 0 0 0 0 ' ,79 ,1 ,3, 3
487 ,500, 480, '455 458 452 474 442 447 465 456 451 444 467 464 464 453 457 473 ' ,'0 0 0 0 0 0 0 0 0 0 0 0 0 0 0 0 ' ,32 ,0 ,2, 2
491 ,484, 483, '452 445 449 436 412 435 410 453 460 421 475 420 467 446 408 439 ' ,'0 0 0 0 0 0 0 0 0 0 0 0 0 0 0 0 ' ,69 ,1 ,2, 2
447 ,487, 436, '413 412 421 376 406 422 430 424 429 406 425 398 421 423 423 409 ' ,'0 0 0 0 0 0 0 0 0 0 0 0 0 0 0 0 ' ,56 ,1 ,2, 2
448 ,440, 440, '399 419 423 427 427 433 392 375 411 409 398 407 416 406 407 417 ' ,'0 0 0 0 0 0 0 0 0 0 0 0 0 0 0 0 ' ,59 ,1 ,2, 2
466 ,443, 458, '403 414 424 413 437 451 426 432 427 443 438 419 436 438 435 445 ' ,'0 0 0 0 0 0 0 0 0 0 0 0 0 0 0 0 ' ,49 ,1 ,2, 2
449 ,463, 440, '426 409 432 400 414 406 401 414 411 421 400 415 423 424 430 433 ' ,'0 0 0 0 0 0 0 0 0 0 0 0 0 0 0 0 ' ,34 ,1 ,2, 2
440 ,443, 432, '371 405 386 426 399 392 423 413 380 398 369 384 384 389 383 376 ' ,'0 0 0 0 0 0 0 0 0 0 0 0 0 0 0 0 ' ,59 ,1 ,2, 2
472 ,437, 464, '400 431 401 417 415 421 443 457 406 407 420 448 419 418 418 412 ' ,'0 0 0 0 0 0 0 0 0 0 0 0 0 0 0 0 ' ,57 ,1 ,2, 2
529 ,467, 522, '499 430 514 486 459 487 495 492 458 492 442 478 469 489 478 488 ' ,'0 0 0 0 0 0 0 0 0 0 0 0 0 0 0 0 ' ,86 ,1 ,3, 3
556 ,525, 548, '507 524 481 515 529 539 512 494 504 512 436 495 521 504 469 517 ' ,'0 0 0 0 0 0 0 0 0 0 0 0 0 0 0 0 ' ,105 ,1 ,3, 3
553 ,551, 546, '528 522 539 525 535 523 490 507 481 538 478 503 530 497 518 524 ' ,'0 0 0 0 0 0 0 0 0 0 0 0 0 0 0 0 ' ,61 ,1 ,2, 2
580 ,550, 571, '510 458 491 528 549 529 564 517 538 547 534 543 498 500 499 516 ' ,'0 0 0 0 0 0 0 0 0 0 0 0 0 0 0 0 ' ,106 ,1 ,2, 2
567 ,576, 558, '510 540 505 522 538 485 540 460 538 529 541 521 491 547 513 535 ' ,'0 0 0 0 0 0 0 0 0 0 0 0 0 0 0 0 ' ,88 ,1 ,3, 3
543 ,562, 533, '454 511 461 500 525 488 514 473 513 506 482 509 524 484 518 463 ' ,'0 0 0 0 0 0 0 0 0 0 0 0 0 0 0 0 ' ,73 ,1 ,3, 3
525 ,538, 517, '442 485 485 510 471 474 486 469 447 441 480 484 462 474 458 451 ' ,'0 0 0 0 0 0 0 0 0 0 0 0 0 0 0 0 ' ,69 ,1 ,3, 3
515 ,520, 507, '447 456 478 447 465 413 461 460 445 471 449 424 499 428 493 455 ' ,'0 0 0 0 0 0 0 0 0 0 0 0 0 0 0 0 ' ,87 ,1 ,2, 2
513 ,511, 503, '463 430 458 469 497 469 453 467 450 486 459 467 483 455 475 466 ' ,'0 0 0 0 0 0 0 0 0 0 0 0 0 0 0 0 ' ,67 ,1 ,2, 2
534 ,510, 526, '438 478 519 467 456 480 516 435 451 459 462 506 474 462 425 486 ' ,'0 0 0 0 0 0 0 0 0 0 0 0 0 0 0 0 ' ,96 ,1 ,2, 2
529 ,529, 521, '465 481 478 471 492 480 499 472 494 502 476 512 490 493 476 469 ' ,'0 0 0 0 0 0 0 0 0 0 0 0 0 0 0 0 ' ,48 ,1 ,4, 4
520 ,525, 512, '482 448 454 490 459 423 429 481 486 492 505 473 461 488 473 474 ' ,'0 0 0 0 0 0 0 0 0 0 0 0 0 0 0 0 ' ,83 ,1 ,2, 2
510 ,515, 502, '427 483 462 476 450 441 422 454 423 438 466 495 468 450 481 478 ' ,'0 0 0 0 0 0 0 0 0 0 0 0 0 0 0 0 ' ,74 ,1 ,2, 2
471 ,504, 463, '400 457 436 420 420 398 439 438 400 428 447 450 404 432 431 456 ' ,'0 0 0 0 0 0 0 0 0 0 0 0 0 0 0 0 ' ,60 ,1 ,2, 2
468 ,467, 461, '437 413 436 428 436 423 408 428 425 453 444 438 432 435 442 430 ' ,'0 0 0 0 0 0 0 0 0 0 0 0 0 0 0 0 ' ,48 ,2 ,2, 2
467 ,464, 459, '452 432 434 451 379 395 425 427 430 443 364 417 428 393 430 381 ' ,'0 0 0 0 0 0 0 0 0 0 0 0 0 0 0 0 ' ,89 ,1 ,2, 2
481 ,463, 474, '457 429 461 466 391 430 380 453 448 453 424 424 467 413 409 401 ' ,'0 0 0 0 0 0 0 0 0 0 0 0 0 0 0 0 ' ,88 ,1 ,2, 2
482 ,477, 474, '448 422 457 459 421 402 449 467 390 440 431 428 449 413 422 432 ' ,'0 0 0 0 0 0 0 0 0 0 0 0 0 0 0 0 ' ,78 ,2 ,2, 2
506 ,478, 500, '459 415 458 470 448 436 461 491 481 456 450 487 474 482 457 470 ' ,'0 0 0 0 0 0 0 0 0 0 0 0 0 0 0 0 ' ,77 ,1 ,3, 3
540 ,503, 532, '510 466 490 489 512 521 524 514 484 478 429 500 516 483 478 435 ' ,'0 0 0 0 0 0 0 0 0 0 0 0 0 0 0 0 ' ,97 ,2 ,2, 2
540 ,535, 533, '492 461 493 514 514 503 495 489 525 518 514 482 513 515 485 512 ' ,'0 0 0 0 0 0 0 0 0 0 0 0 0 0 0 0 ' ,66 ,1 ,3, 3
557 ,536, 550, '479 471 480 458 430 468 490 470 513 461 469 515 500 474 476 542 ' ,'0 0 0 0 0 0 0 0 0 0 0 0 0 0 0 0 ' ,113 ,1 ,3, 3
558 ,553, 550, '467 458 512 491 528 542 489 517 471 473 477 501 535 484 487 510 ' ,'0 0 0 0 0 0 0 0 0 0 0 0 0 0 0 0 ' ,88 ,2 ,2, 2
570 ,554, 561, '508 495 472 521 533 460 525 523 522 553 475 552 540 530 520 480 ' ,'0 0 0 0 0 0 0 0 0 0 0 0 0 0 0 0 ' ,95 ,2 ,2, 2
564 ,564, 557, '461 529 491 489 548 536 515 496 524 459 486 468 524 485 534 498 ' ,'0 0 0 0 0 0 0 0 0 0 0 0 0 0 0 0 ' ,92 ,2 ,2, 2
565 ,560, 557, '512 528 472 501 506 505 549 540 503 540 453 487 500 529 486 521 ' ,'0 0 0 0 0 0 0 0 0 0 0 0 0 0 0 0 ' ,98 ,2 ,2, 2
567 ,560, 560, '538 520 552 512 522 521 503 460 500 527 507 549 546 538 492 500 ' ,'0 0 0 0 0 0 0 0 0 0 0 0 0 0 0 0 ' ,94 ,2 ,3, 3
603 ,563, 595, '483 523 509 478 522 519 520 524 532 542 546 526 585 508 545 518 ' ,'0 0 0 0 0 0 0 0 0 0 0 0 0 0 0 0 ' ,110 ,1 ,3, 3
546 ,598, 540, '496 499 505 512 531 522 530 484 474 508 502 470 525 520 478 483 ' ,'0 0 0 0 0 0 0 0 0 0 0 0 0 0 0 0 ' ,63 ,1 ,3, 3
506 ,542, 498, '475 435 446 476 481 467 469 412 411 453 442 457 490 436 467 452 ' ,'0 0 0 0 0 0 0 0 0 0 0 0 0 0 0 0 ' ,81 ,2 ,2, 2
503 ,502, 495, '466 488 453 468 476 467 420 455 450 453 425 475 448 436 475 452 ' ,'0 0 0 0 0 0 0 0 0 0 0 0 0 0 0 0 ' ,69 ,1 ,2, 2
473 ,498, 466, '432 432 444 420 427 422 430 430 422 458 428 423 438 438 458 409 ' ,'0 0 0 0 0 0 0 0 0 0 0 0 0 0 0 0 ' ,51 ,2 ,2, 2
490 ,472, 481, '411 458 439 411 428 436 413 454 438 390 442 473 407 436 454 425 ' ,'0 0 0 0 0 0 0 0 0 0 0 0 0 0 0 0 ' ,86 ,2 ,2, 2
486 ,487, 477, '448 425 442 448 449 446 418 424 448 434 445 420 425 457 469 445 ' ,'0 0 0 0 0 0 0 0 0 0 0 0 0 0 0 0 ' ,53 ,1 ,2, 2
470 ,485, 462, '426 435 419 440 427 453 420 436 419 419 454 449 411 433 430 436 ' ,'0 0 0 0 0 0 0 0 0 0 0 0 0 0 0 0 ' ,43 ,2 ,2, 2
488 ,465, 482, '443 466 420 425 472 451 460 443 441 423 427 442 418 450 458 457 ' ,'0 0 0 0 0 0 0 0 0 0 0 0 0 0 0 0 ' ,56 ,2 ,3, 3
477 ,484, 470, '437 407 453 425 412 444 399 425 440 452 454 460 456 425 417 439 ' ,'0 0 0 0 0 0 0 0 0 0 0 0 0 0 0 0 ' ,64 ,2 ,2, 2
518 ,473, 511, '435 430 477 485 462 490 478 501 463 442 483 447 487 452 478 473 ' ,'0 0 0 0 0 0 0 0 0 0 0 0 0 0 0 0 ' ,74 ,2 ,3, 3
551 ,514, 543, '512 452 477 478 485 521 524 489 529 511 535 497 531 497 494 510 ' ,'0 0 0 0 0 0 0 0 0 0 0 0 0 0 0 0 ' ,84 ,2 ,2, 2
586 ,549, 579, '522 466 496 514 507 518 485 482 514 484 508 511 569 487 520 518 ' ,'0 0 0 0 0 0 0 0 0 0 0 0 0 0 0 0 ' ,105 ,2 ,3, 3
588 ,582, 581, '532 493 542 555 505 528 502 531 508 468 532 520 571 515 528 530 ' ,'0 0 0 0 0 0 0 0 0 0 0 0 0 0 0 0 ' ,105 ,2 ,2, 2
562 ,584, 554, '489 510 473 518 467 482 542 479 489 456 513 527 545 507 506 514 ' ,'0 0 0 0 0 0 0 0 0 0 0 0 0 0 0 0 ' ,92 ,2 ,2, 2
526 ,557, 518, '467 497 482 489 486 501 474 470 465 475 465 490 506 457 502 496 ' ,'0 0 0 0 0 0 0 0 0 0 0 0 0 0 0 0 ' ,51 ,2 ,5, 5
503 ,520, 494, '452 465 472 441 485 410 403 452 430 422 423 437 470 462 447 459 ' ,'0 0 0 0 0 0 0 0 0 0 0 0 0 0 0 0 ' ,85 ,2 ,2, 2
484 ,499, 477, '450 465 420 448 453 433 450 447 418 423 420 436 440 415 425 469 ' ,'0 0 0 0 0 0 0 0 0 0 0 0 0 0 0 0 ' ,55 ,2 ,2, 2
485 ,480, 477, '444 410 465 434 466 450 456 438 428 428 449 435 456 444 377 459 ' ,'0 0 0 0 0 0 0 0 0 0 0 0 0 0 0 0 ' ,90 ,2 ,5, 5
485 ,479, 476, '432 411 445 423 436 467 426 433 456 429 357 461 458 446 406 431 ' ,'0 0 0 0 0 0 0 0 0 0 0 0 0 0 0 0 ' ,113 ,2 ,2, 2
491 ,482, 483, '386 441 450 388 454 475 432 411 408 445 435 469 452 443 411 448 ' ,'0 0 0 0 0 0 0 0 0 0 0 0 0 0 0 0 ' ,91 ,2 ,2, 2
483 ,486, 473, '377 459 426 442 465 437 435 456 419 446 416 452 415 439 430 433 ' ,'0 0 0 0 0 0 0 0 0 0 0 0 0 0 0 0 ' ,89 ,2 ,2, 2
478 ,478, 471, '412 419 419 424 444 460 416 451 462 453 424 447 449 441 427 428 ' ,'0 0 0 0 0 0 0 0 0 0 0 0 0 0 0 0 ' ,52 ,2 ,2, 2
474 ,474, 467, '426 440 409 423 444 458 438 446 444 413 419 447 420 444 402 416 ' ,'0 0 0 0 0 0 0 0 0 0 0 0 0 0 0 0 ' ,58 ,2 ,2, 2
489 ,470, 482, '427 429 449 431 434 424 455 400 473 451 427 403 421 405 430 443 ' ,'0 0 0 0 0 0 0 0 0 0 0 0 0 0 0 0 ' ,74 ,2 ,2, 2
520 ,485, 512, '461 430 503 400 411 469 438 442 447 447 446 460 472 453 472 463 ' ,'0 0 0 0 0 0 0 0 0 0 0 0 0 0 0 0 ' ,105 ,2 ,2, 2
524 ,515, 517, '470 462 497 476 461 483 438 491 433 470 436 485 435 488 477 507 ' ,'0 0 0 0 0 0 0 0 0 0 0 0 0 0 0 0 ' ,77 ,2 ,2, 2
544 ,520, 538, '506 479 466 500 513 512 503 503 513 470 512 471 517 527 500 508 ' ,'0 0 0 0 0 0 0 0 0 0 0 0 0 0 0 0 ' ,65 ,2 ,2, 2
588 ,540, 579, '522 534 511 540 524 512 539 493 508 501 495 542 569 492 493 491 ' ,'0 0 0 0 0 0 0 0 0 0 0 0 0 0 0 0 ' ,82 ,2 ,2, 2
574 ,584, 566, '535 527 518 535 557 506 505 479 480 534 511 523 531 512 522 524 ' ,'0 0 0 0 0 0 0 0 0 0 0 0 0 0 0 0 ' ,80 ,3 ,2, 2
551 ,569, 544, '532 513 473 457 533 466 533 426 473 481 509 496 499 461 501 428 ' ,'0 0 0 0 0 0 0 0 0 0 0 0 0 0 0 0 ' ,110 ,2 ,3, 3
522 ,547, 514, '463 455 451 481 406 465 504 469 447 486 483 497 481 460 471 472 ' ,'0 0 0 0 0 0 0 0 0 0 0 0 0 0 0 0 ' ,100 ,2 ,2, 2
492 ,517, 486, '466 476 411 411 441 463 459 458 409 452 441 457 475 411 449 421 ' ,'0 0 0 0 0 0 0 0 0 0 0 0 0 0 0 0 ' ,71 ,3 ,2, 2
467 ,489, 459, '433 408 406 446 386 450 410 420 438 450 436 420 411 421 404 430 ' ,'0 0 0 0 0 0 0 0 0 0 0 0 0 0 0 0 ' ,67 ,2 ,2, 2
443 ,462, 436, '380 400 366 400 398 414 369 388 398 417 368 427 407 369 381 369 ' ,'0 0 0 0 0 0 0 0 0 0 0 0 0 0 0 0 ' ,65 ,3 ,2, 2
466 ,440, 459, '411 442 412 395 400 384 412 430 390 443 422 425 447 371 375 394 ' ,'0 0 0 0 0 0 0 0 0 0 0 0 0 0 0 0 ' ,82 ,6 ,1, 1
469 ,462, 461, '402 440 429 398 427 410 418 423 446 452 431 429 439 396 424 364 ' ,'0 0 0 0 0 0 0 0 0 0 0 0 0 0 0 0 ' ,88 ,3 ,1, 1
481 ,464, 474, '433 396 406 417 448 445 426 445 410 422 446 446 464 445 410 435 ' ,'0 0 0 0 0 0 0 0 0 0 0 0 0 0 0 0 ' ,71 ,3 ,2, 2
474 ,476, 464, '424 424 448 408 413 424 449 443 395 401 429 455 434 376 394 418 ' ,'0 0 0 0 0 0 0 0 0 0 0 0 0 0 0 0 ' ,81 ,3 ,2, 2
454 ,466, 447, '419 347 414 423 420 431 391 412 410 426 428 409 402 381 390 437 ' ,'0 0 0 0 0 0 0 0 0 0 0 0 0 0 0 0 ' ,93 ,3 ,2, 2
491 ,450, 480, '434 470 434 425 447 437 432 423 429 433 405 452 451 460 436 437 ' ,'0 0 0 0 0 0 0 0 0 0 0 0 0 0 0 0 ' ,68 ,3 ,2, 2
548 ,485, 541, '490 416 531 430 486 499 480 484 462 491 470 451 455 475 479 510 ' ,'0 0 0 0 0 0 0 0 0 0 0 0 0 0 0 0 ' ,117 ,2 ,3, 3
540 ,543, 532, '500 522 498 456 489 506 513 509 461 466 510 512 514 509 495 493 ' ,'0 0 0 0 0 0 0 0 0 0 0 0 0 0 0 0 ' ,67 ,3 ,2, 2
586 ,535, 578, '498 525 546 504 477 546 569 504 487 505 488 480 522 481 471 530 ' ,'0 0 0 0 0 0 0 0 0 0 0 0 0 0 0 0 ' ,101 ,2 ,3, 3
585 ,582, 578, '540 470 569 522 541 475 508 505 497 480 512 530 557 504 513 539 ' ,'0 0 0 0 0 0 0 0 0 0 0 0 0 0 0 0 ' ,100 ,1 ,3, 3
601 ,583, 593, '519 508 566 545 567 511 563 549 544 496 521 579 581 535 527 544 ' ,'0 0 0 0 0 0 0 0 0 0 0 0 0 0 0 0 ' ,89 ,2 ,3, 3
593 ,596, 585, '538 541 531 521 516 511 575 558 488 549 504 519 524 495 525 518 ' ,'0 0 0 0 0 0 0 0 0 0 0 0 0 0 0 0 ' ,90 ,3 ,3, 3
557 ,588, 550, '497 517 514 508 536 518 514 532 480 487 488 540 478 507 487 511 ' ,'0 0 0 0 0 0 0 0 0 0 0 0 0 0 0 0 ' ,63 ,3 ,3, 3
554 ,553, 546, '434 444 466 536 513 513 505 509 489 509 499 491 502 498 523 506 ' ,'0 0 0 0 0 0 0 0 0 0 0 0 0 0 0 0 ' ,100 ,3 ,3, 3
549 ,549, 541, '520 482 464 522 511 475 525 493 508 497 490 508 531 467 493 496 ' ,'0 0 0 0 0 0 0 0 0 0 0 0 0 0 0 0 ' ,70 ,3 ,3, 3
520 ,544, 513, '494 461 489 456 504 485 491 444 499 479 475 483 488 428 496 447 ' ,'0 0 0 0 0 0 0 0 0 0 0 0 0 0 0 0 ' ,77 ,1 ,2, 2
524 ,516, 517, '440 489 440 475 486 465 467 432 437 485 450 486 511 429 438 436 ' ,'0 0 0 0 0 0 0 0 0 0 0 0 0 0 0 0 ' ,81 ,1 ,2, 2
486 ,520, 479, '454 435 455 471 451 451 447 360 430 446 445 455 457 410 405 449 ' ,'0 0 0 0 0 0 0 0 0 0 0 0 0 0 0 0 ' ,113 ,1 ,2, 2
484 ,485, 477, '408 446 396 427 398 382 400 440 394 408 436 469 445 414 459 366 ' ,'0 0 0 0 0 0 0 0 0 0 0 0 0 0 0 0 ' ,105 ,1 ,2, 2
480 ,480, 471, '418 445 412 426 418 437 407 398 426 410 461 448 424 425 397 436 ' ,'0 0 0 0 0 0 0 0 0 0 0 0 0 0 0 0 ' ,67 ,3 ,1, 1
470 ,476, 464, '411 454 412 403 385 449 422 396 437 421 422 432 404 404 441 379 ' ,'0 0 0 0 0 0 0 0 0 0 0 0 0 0 0 0 ' ,77 ,3 ,2, 2
482 ,467, 475, '426 425 449 405 441 431 443 403 406 428 414 446 441 463 463 415 ' ,'0 0 0 0 0 0 0 0 0 0 0 0 0 0 0 0 ' ,65 ,3 ,2, 2
481 ,478, 474, '406 457 415 428 464 412 420 434 462 436 417 423 427 431 403 457 ' ,'0 0 0 0 0 0 0 0 0 0 0 0 0 0 0 0 ' ,63 ,3 ,2, 2
488 ,476, 481, '422 395 453 405 471 459 458 454 467 438 432 446 442 444 423 423 ' ,'0 0 0 0 0 0 0 0 0 0 0 0 0 0 0 0 ' ,79 ,3 ,2, 2
478 ,483, 472, '436 462 460 440 417 403 427 405 401 424 413 425 409 423 399 388 ' ,'0 0 0 0 0 0 0 0 0 0 0 0 0 0 0 0 ' ,75 ,3 ,2, 2
512 ,474, 504, '405 425 475 436 423 408 443 458 493 436 454 456 462 435 424 475 ' ,'0 0 0 0 0 0 0 0 0 0 0 0 0 0 0 0 ' ,91 ,3 ,2, 2
507 ,511, 498, '487 472 450 470 459 476 460 430 472 468 462 462 455 439 455 471 ' ,'0 0 0 0 0 0 0 0 0 0 0 0 0 0 0 0 ' ,61 ,3 ,2, 2
520 ,503, 513, '465 492 474 483 500 480 486 495 501 460 491 457 477 397 490 484 ' ,'0 0 0 0 0 0 0 0 0 0 0 0 0 0 0 0 ' ,106 ,3 ,3, 3
553 ,515, 546, '490 460 521 498 469 527 524 517 501 520 497 529 534 513 499 492 ' ,'0 0 0 0 0 0 0 0 0 0 0 0 0 0 0 0 ' ,79 ,3 ,3, 3
594 ,549, 587, '491 480 549 530 550 502 575 556 497 516 402 542 509 502 504 482 ' ,'0 0 0 0 0 0 0 0 0 0 0 0 0 0 0 0 ' ,177 ,3 ,3, 3
605 ,591, 597, '493 512 567 536 530 512 551 474 507 489 426 584 543 532 548 490 ' ,'0 0 0 0 0 0 0 0 0 0 0 0 0 0 0 0 ' ,163 ,3 ,3, 3
548 ,602, 540, '472 530 506 513 459 449 519 484 479 519 472 509 504 452 517 476 ' ,'0 0 0 0 0 0 0 0 0 0 0 0 0 0 0 0 ' ,81 ,1 ,3, 3
535 ,546, 527, '468 484 461 504 516 477 485 434 476 452 432 463 489 484 480 473 ' ,'0 0 0 0 0 0 0 0 0 0 0 0 0 0 0 0 ' ,87 ,2 ,2, 2
523 ,531, 515, '465 436 488 492 498 500 489 454 481 502 447 496 506 498 494 436 ' ,'0 0 0 0 0 0 0 0 0 0 0 0 0 0 0 0 ' ,73 ,1 ,2, 2
533 ,519, 526, '436 463 488 445 516 430 451 452 499 436 444 460 470 412 475 427 ' ,'0 0 0 0 0 0 0 0 0 0 0 0 0 0 0 0 ' ,106 ,2 ,2, 2
487 ,530, 480, '409 467 456 451 455 415 437 441 439 467 442 414 430 451 436 461 ' ,'0 0 0 0 0 0 0 0 0 0 0 0 0 0 0 0 ' ,63 ,2 ,2, 2
493 ,484, 485, '425 432 439 447 449 452 424 443 475 451 449 473 430 405 460 454 ' ,'0 0 0 0 0 0 0 0 0 0 0 0 0 0 0 0 ' ,71 ,1 ,2, 2
471 ,489, 461, '386 431 443 446 431 440 428 421 452 386 410 412 427 424 433 425 ' ,'0 0 0 0 0 0 0 0 0 0 0 0 0 0 0 0 ' ,68 ,2 ,2, 2
478 ,466, 471, '426 462 447 439 451 430 410 412 427 439 420 427 438 405 387 417 ' ,'0 0 0 0 0 0 0 0 0 0 0 0 0 0 0 0 ' ,76 ,2 ,2, 2
487 ,474, 479, '438 430 433 440 441 460 439 460 408 439 447 470 459 409 451 408 ' ,'0 0 0 0 0 0 0 0 0 0 0 0 0 0 0 0 ' ,63 ,2 ,2, 2
509 ,483, 501, '464 485 458 458 444 472 465 490 486 466 414 424 464 436 423 472 ' ,'0 0 0 0 0 0 0 0 0 0 0 0 0 0 0 0 ' ,79 ,2 ,3, 3
525 ,506, 515, '489 501 483 496 471 478 443 484 502 486 463 482 464 462 422 477 ' ,'0 0 0 0 0 0 0 0 0 0 0 0 0 0 0 0 ' ,84 ,3 ,2, 2
577 ,519, 569, '508 479 503 498 506 488 556 528 516 521 535 503 526 500 512 492 ' ,'0 0 0 0 0 0 0 0 0 0 0 0 0 0 0 0 ' ,81 ,3 ,3, 3
582 ,573, 572, '461 505 550 518 531 531 533 493 530 534 521 510 558 505 481 525 ' ,'0 0 0 0 0 0 0 0 0 0 0 0 0 0 0 0 ' ,100 ,4 ,3, 3
590 ,576, 583, '560 532 540 514 485 514 548 570 545 561 531 555 562 544 489 558 ' ,'0 0 0 0 0 0 0 0 0 0 0 0 0 0 0 0 ' ,89 ,4 ,2, 2
587 ,587, 580, '545 496 538 503 548 495 567 546 528 561 507 561 563 509 506 501 ' ,'0 0 0 0 0 0 0 0 0 0 0 0 0 0 0 0 ' ,75 ,3 ,3, 3
571 ,583, 563, '524 532 516 521 514 526 550 533 512 478 537 527 549 475 526 547 ' ,'0 0 0 0 0 0 0 0 0 0 0 0 0 0 0 0 ' ,78 ,3 ,3, 3
563 ,566, 555, '524 468 527 504 482 505 490 472 529 485 512 498 496 545 478 541 ' ,'0 0 0 0 0 0 0 0 0 0 0 0 0 0 0 0 ' ,80 ,2 ,3, 3
524 ,560, 516, '437 455 445 505 502 447 468 450 487 504 477 458 484 452 480 442 ' ,'0 0 0 0 0 0 0 0 0 0 0 0 0 0 0 0 ' ,70 ,1 ,2, 2
527 ,518, 520, '432 432 442 466 468 456 462 460 460 495 491 454 510 448 475 443 ' ,'0 0 0 0 0 0 0 0 0 0 0 0 0 0 0 0 ' ,81 ,2 ,2, 2
509 ,523, 501, '458 484 492 442 461 454 455 454 441 455 450 462 479 423 436 426 ' ,'0 0 0 0 0 0 0 0 0 0 0 0 0 0 0 0 ' ,69 ,1 ,2, 2
481 ,504, 475, '434 452 398 438 415 428 419 373 437 422 466 450 420 416 399 423 ' ,'0 0 0 0 0 0 0 0 0 0 0 0 0 0 0 0 ' ,94 ,2 ,2, 2
484 ,480, 478, '414 461 441 449 422 440 468 464 467 448 461 453 456 444 456 397 ' ,'0 0 0 0 0 0 0 0 0 0 0 0 0 0 0 0 ' ,73 ,1 ,2, 2
498 ,481, 488, '450 446 460 421 455 451 425 447 427 478 406 464 429 454 442 357 ' ,'0 0 0 0 0 0 0 0 0 0 0 0 0 0 0 0 ' ,123 ,2 ,2, 2
538 ,491, 530, '443 410 480 435 466 444 481 482 448 492 424 493 429 430 442 415 ' ,'0 0 0 0 0 0 0 0 0 0 0 0 0 0 0 0 ' ,84 ,1 ,2, 2
522 ,534, 514, '500 492 486 465 491 470 445 438 501 501 488 484 465 417 464 437 ' ,'0 0 0 0 0 0 0 0 0 0 0 0 0 0 0 0 ' ,87 ,1 ,2, 2
530 ,520, 523, '476 491 510 460 472 489 478 494 510 512 473 492 493 508 474 491 ' ,'0 0 0 0 0 0 0 0 0 0 0 0 0 0 0 0 ' ,56 ,2 ,2, 2
550 ,526, 541, '498 448 500 472 488 474 523 510 530 476 477 522 456 476 497 502 ' ,'0 0 0 0 0 0 0 0 0 0 0 0 0 0 0 0 ' ,85 ,2 ,2, 2
591 ,544, 583, '532 498 512 517 534 485 573 551 501 508 523 530 512 503 475 528 ' ,'0 0 0 0 0 0 0 0 0 0 0 0 0 0 0 0 ' ,100 ,2 ,2, 2
592 ,587, 585, '563 467 566 546 559 507 543 546 526 545 510 542 573 542 544 554 ' ,'0 0 0 0 0 0 0 0 0 0 0 0 0 0 0 0 ' ,109 ,2 ,3, 3
576 ,588, 569, '530 516 518 524 538 522 559 487 489 515 493 500 557 510 507 516 ' ,'0 0 0 0 0 0 0 0 0 0 0 0 0 0 0 0 ' ,74 ,2 ,2, 2
535 ,572, 529, '508 475 433 485 476 518 495 472 430 456 491 476 483 404 491 420 ' ,'0 0 0 0 0 0 0 0 0 0 0 0 0 0 0 0 ' ,116 ,2 ,2, 2
501 ,531, 494, '430 441 457 434 483 445 484 422 448 432 420 417 437 426 471 452 ' ,'0 0 0 0 0 0 0 0 0 0 0 0 0 0 0 0 ' ,69 ,1 ,2, 2
475 ,497, 468, '440 445 384 430 456 415 410 423 451 419 453 417 432 442 457 432 ' ,'0 0 0 0 0 0 0 0 0 0 0 0 0 0 0 0 ' ,77 ,2 ,2, 2
492 ,473, 486, '467 387 468 435 457 439 432 476 403 470 455 451 457 452 439 471 ' ,'0 0 0 0 0 0 0 0 0 0 0 0 0 0 0 0 ' ,91 ,2 ,2, 2
496 ,489, 490, '442 438 461 479 465 426 449 479 433 406 469 476 461 433 450 455 ' ,'0 0 0 0 0 0 0 0 0 0 0 0 0 0 0 0 ' ,75 ,2 ,2, 2
508 ,493, 501, '434 466 450 480 430 418 439 491 451 414 421 441 411 405 450 435 ' ,'0 0 0 0 0 0 0 0 0 0 0 0 0 0 0 0 ' ,87 ,2 ,2, 2
484 ,504, 477, '465 424 413 429 452 441 418 408 453 423 434 465 444 464 419 459 ' ,'0 0 0 0 0 0 0 0 0 0 0 0 0 0 0 0 ' ,60 ,2 ,2, 2
524 ,481, 518, '434 425 495 428 468 466 442 473 466 462 418 507 489 482 471 466 ' ,'0 0 0 0 0 0 0 0 0 0 0 0 0 0 0 0 ' ,93 ,2 ,2, 2
554 ,521, 547, '506 428 502 502 491 483 511 535 505 535 505 510 467 491 511 521 ' ,'0 0 0 0 0 0 0 0 0 0 0 0 0 0 0 0 ' ,111 ,2 ,3, 3
562 ,550, 555, '488 495 534 511 508 490 479 498 493 543 520 521 507 510 514 478 ' ,'0 0 0 0 0 0 0 0 0 0 0 0 0 0 0 0 ' ,67 ,2 ,3, 3
588 ,558, 582, '525 509 571 518 537 548 482 490 556 533 496 526 509 514 527 551 ' ,'0 0 0 0 0 0 0 0 0 0 0 0 0 0 0 0 ' ,90 ,2 ,3, 3
729 ,585, 721, '523 455 534 545 541 538 538 546 507 550 480 526 573 520 520 711 ' ,'0 0 0 0 0 0 0 0 0 0 0 0 0 0 0 159 ' ,257 ,2 ,2, 2
616 ,726, 607, '561 506 589 529 575 521 544 560 524 527 532 571 595 490 565 587 ' ,'0 0 0 0 0 0 0 0 0 0 0 0 0 0 0 0 ' ,108 ,2 ,3, 3
584 ,611, 576, '498 554 523 504 516 543 564 520 525 524 535 488 534 511 530 560 ' ,'0 0 0 0 0 0 0 0 0 0 0 0 0 0 0 0 ' ,78 ,2 ,3, 3
549 ,581, 541, '482 447 472 462 488 522 531 489 487 494 505 508 512 456 496 502 ' ,'0 0 0 0 0 0 0 0 0 0 0 0 0 0 0 0 ' ,86 ,2 ,2, 2
538 ,544, 529, '476 519 428 452 481 456 486 368 447 485 460 477 497 446 416 438 ' ,'0 0 0 0 0 0 0 0 0 0 0 0 0 0 0 0 ' ,153 ,2 ,2, 2
493 ,532, 486, '433 476 455 448 446 441 449 428 426 438 398 460 418 431 423 446 ' ,'0 0 0 0 0 0 0 0 0 0 0 0 0 0 0 0 ' ,80 ,2 ,2, 2
494 ,492, 486, '465 418 473 429 444 432 454 413 466 434 465 445 441 443 417 441 ' ,'0 0 0 0 0 0 0 0 0 0 0 0 0 0 0 0 ' ,65 ,5 ,2, 2
486 ,489, 479, '442 423 416 465 436 431 453 455 388 398 418 412 407 465 448 446 ' ,'0 0 0 0 0 0 0 0 0 0 0 0 0 0 0 0 ' ,82 ,4 ,2, 2
509 ,486, 502, '425 440 486 413 459 439 435 486 475 444 419 486 440 470 491 433 ' ,'0 0 0 0 0 0 0 0 0 0 0 0 0 0 0 0 ' ,81 ,2 ,3, 3
545 ,508, 538, '489 490 470 489 504 471 525 495 459 509 459 469 466 474 488 473 ' ,'0 0 0 0 0 0 0 0 0 0 0 0 0 0 0 0 ' ,72 ,2 ,2, 2
538 ,541, 532, '476 437 521 475 507 439 495 481 445 488 449 507 437 475 451 477 ' ,'0 0 0 0 0 0 0 0 0 0 0 0 0 0 0 0 ' ,87 ,3 ,3, 3
540 ,534, 530, '497 469 519 475 505 471 461 497 475 437 472 465 473 516 497 457 ' ,'0 0 0 0 0 0 0 0 0 0 0 0 0 0 0 0 ' ,84 ,2 ,2, 2
575 ,534, 568, '493 456 557 502 493 507 480 530 500 521 486 537 510 526 510 490 ' ,'0 0 0 0 0 0 0 0 0 0 0 0 0 0 0 0 ' ,103 ,2 ,2, 2
741 ,571, 733, '503 519 531 498 519 515 532 518 496 557 518 496 544 461 486 519 ' ,'0 0 0 0 0 0 0 0 0 0 0 0 0 0 0 0 ' ,261 ,2 ,3, 2
564 ,736, 558, '469 513 498 503 523 476 500 507 463 524 505 545 491 511 512 533 ' ,'0 0 0 0 0 0 0 0 0 0 0 0 0 0 0 0 ' ,84 ,2 ,3, 3
580 ,559, 574, '529 499 502 515 555 548 541 519 496 556 525 562 514 528 540 502 ' ,'0 0 0 0 0 0 0 0 0 0 0 0 0 0 0 0 ' ,69 ,2 ,2, 2
579 ,577, 572, '552 457 552 497 558 466 536 543 546 559 527 538 498 449 436 492 ' ,'0 0 0 0 0 0 0 0 0 0 0 0 0 0 0 0 ' ,126 ,2 ,3, 3
555 ,575, 549, '503 480 538 489 515 481 471 525 508 462 496 530 437 410 467 505 ' ,'0 0 0 0 0 0 0 0 0 0 0 0 0 0 0 0 ' ,129 ,3 ,3, 3
528 ,553, 520, '453 421 432 491 454 478 474 453 384 452 421 508 433 396 451 422 ' ,'0 0 0 0 0 0 0 0 0 0 0 0 0 0 0 0 ' ,127 ,3 ,2, 2
477 ,526, 469, '413 433 451 445 443 457 432 452 437 428 427 455 405 421 443 448 ' ,'0 0 0 0 0 0 0 0 0 0 0 0 0 0 0 0 ' ,55 ,3 ,2, 2
486 ,475, 478, '369 410 417 461 394 384 431 467 412 430 439 398 442 400 433 436 ' ,'0 0 0 0 0 0 0 0 0 0 0 0 0 0 0 0 ' ,101 ,3 ,1, 1
481 ,483, 474, '410 421 432 456 440 409 463 461 387 425 414 451 409 449 455 401 ' ,'0 0 0 0 0 0 0 0 0 0 0 0 0 0 0 0 ' ,79 ,3 ,2, 2
497 ,478, 490, '408 415 445 438 444 448 416 440 447 457 444 479 454 422 408 437 ' ,'0 0 0 0 0 0 0 0 0 0 0 0 0 0 0 0 ' ,74 ,3 ,2, 2
585 ,493, 579, '566 421 425 405 418 435 455 433 427 447 455 440 449 404 430 414 ' ,'166 0 0 0 0 0 0 0 0 0 0 0 0 0 0 0 ' ,166 ,2 ,2, 2
499 ,583, 493, '407 455 450 467 438 425 481 433 420 455 438 396 445 402 429 459 ' ,'0 0 0 0 0 0 0 0 0 0 0 0 0 0 0 0 ' ,88 ,2 ,2, 2
665 ,496, 658, '398 425 419 468 449 462 434 453 427 440 424 426 466 434 464 447 ' ,'0 0 0 0 0 0 0 0 0 0 0 0 0 0 0 0 ' ,251 ,2 ,2, 2
526 ,663, 518, '476 401 507 497 432 468 436 471 496 462 457 455 465 495 490 476 ' ,'0 0 0 0 0 0 0 0 0 0 0 0 0 0 0 0 ' ,109 ,3 ,2, 2
595 ,522, 588, '493 403 544 501 474 410 448 521 494 499 505 524 514 514 513 538 ' ,'0 0 0 0 0 0 0 0 0 0 0 0 0 0 0 0 ' ,144 ,3 ,3, 3
560 ,591, 552, '530 440 496 536 490 485 534 536 514 516 475 536 465 539 465 516 ' ,'0 0 0 0 0 0 0 0 0 0 0 0 0 0 0 0 ' ,102 ,3 ,2, 2
595 ,555, 588, '550 499 526 559 548 524 565 575 544 514 437 509 534 506 501 475 ' ,'0 0 0 0 0 0 0 0 0 0 0 0 0 0 0 0 ' ,142 ,3 ,3, 3
571 ,591, 564, '546 478 550 552 517 539 522 525 496 531 489 489 538 457 499 508 ' ,'0 0 0 0 0 0 0 0 0 0 0 0 0 0 0 0 ' ,94 ,2 ,3, 3
534 ,567, 527, '490 487 490 502 505 494 446 474 514 483 463 498 512 390 454 471 ' ,'0 0 0 0 0 0 0 0 0 0 0 0 0 0 0 0 ' ,127 ,3 ,3, 3
537 ,534, 531, '465 396 473 491 485 492 484 479 468 478 443 519 457 425 462 475 ' ,'0 0 0 0 0 0 0 0 0 0 0 0 0 0 0 0 ' ,122 ,3 ,3, 3
487 ,536, 479, '411 435 457 448 443 441 416 465 443 450 413 465 435 429 464 442 ' ,'0 0 0 0 0 0 0 0 0 0 0 0 0 0 0 0 ' ,59 ,2 ,2, 2
469 ,482, 463, '402 426 447 436 420 420 440 451 367 416 430 418 444 385 438 390 ' ,'0 0 0 0 0 0 0 0 0 0 0 0 0 0 0 0 ' ,86 ,2 ,2, 2
493 ,465, 486, '421 392 445 467 472 459 416 432 448 464 402 464 456 428 460 408 ' ,'0 0 0 0 0 0 0 0 0 0 0 0 0 0 0 0 ' ,85 ,3 ,2, 2
475 ,492, 469, '428 401 453 432 417 429 401 426 424 401 402 453 427 378 431 362 ' ,'0 0 0 0 0 0 0 0 0 0 0 0 0 0 0 0 ' ,98 ,5 ,2, 2
470 ,472, 461, '437 389 445 418 451 425 431 380 403 428 417 411 397 382 428 420 ' ,'0 0 0 0 0 0 0 0 0 0 0 0 0 0 0 0 ' ,75 ,3 ,2, 2
513 ,466, 505, '480 432 472 442 456 436 473 402 427 429 450 476 384 457 467 494 ' ,'0 0 0 0 0 0 0 0 0 0 0 0 0 0 0 0 ' ,112 ,2 ,2, 2
518 ,510, 511, '452 427 496 460 460 488 445 440 466 452 451 476 466 457 500 479 ' ,'0 0 0 0 0 0 0 0 0 0 0 0 0 0 0 0 ' ,77 ,3 ,2, 2
553 ,516, 546, '475 412 501 464 475 478 480 516 495 437 486 502 482 487 478 532 ' ,'0 0 0 0 0 0 0 0 0 0 0 0 0 0 0 0 ' ,125 ,4 ,2, 2
528 ,549, 520, '505 498 505 494 477 488 485 451 471 474 459 495 490 442 507 472 ' ,'0 0 0 0 0 0 0 0 0 0 0 0 0 0 0 0 ' ,68 ,3 ,2, 2
553 ,523, 545, '517 484 529 530 505 520 532 517 500 514 518 531 524 515 457 529 ' ,'0 0 0 0 0 0 0 0 0 0 0 0 0 0 0 0 ' ,78 ,3 ,2, 2
579 ,548, 570, '530 503 555 523 500 469 528 553 540 526 525 542 530 502 500 480 ' ,'0 0 0 0 0 0 0 0 0 0 0 0 0 0 0 0 ' ,90 ,5 ,3, 3
576 ,576, 568, '495 492 474 525 533 533 514 446 488 502 443 500 554 458 528 518 ' ,'0 0 0 0 0 0 0 0 0 0 0 0 0 0 0 0 ' ,116 ,3 ,3, 3
553 ,571, 547, '475 462 461 480 525 524 525 481 504 531 517 532 492 445 468 479 ' ,'0 0 0 0 0 0 0 0 0 0 0 0 0 0 0 0 ' ,92 ,3 ,3, 3
539 ,549, 531, '443 474 485 447 498 476 471 442 464 499 507 515 517 450 440 467 ' ,'0 0 0 0 0 0 0 0 0 0 0 0 0 0 0 0 ' ,81 ,3 ,3, 3
553 ,536, 546, '486 488 439 449 500 501 474 466 437 476 499 509 533 446 421 476 ' ,'0 0 0 0 0 0 0 0 0 0 0 0 0 0 0 0 ' ,116 ,3 ,3, 3
500 ,549, 493, '416 462 442 421 469 424 456 409 434 455 436 480 455 429 446 433 ' ,'0 0 0 0 0 0 0 0 0 0 0 0 0 0 0 0 ' ,74 ,3 ,2, 2
485 ,498, 478, '411 436 447 443 435 425 428 454 428 432 403 464 464 398 430 418 ' ,'0 0 0 0 0 0 0 0 0 0 0 0 0 0 0 0 ' ,70 ,3 ,2, 2
478 ,481, 471, '399 426 447 436 453 437 456 404 388 433 366 404 360 431 412 407 ' ,'0 0 0 0 0 0 0 0 0 0 0 0 0 0 0 0 ' ,99 ,3 ,2, 2
478 ,474, 470, '426 419 427 433 458 406 423 433 398 436 410 452 425 420 413 424 ' ,'0 0 0 0 0 0 0 0 0 0 0 0 0 0 0 0 ' ,64 ,3 ,2, 2
499 ,473, 492, '414 431 444 413 427 446 439 414 476 411 421 449 422 479 451 460 ' ,'0 0 0 0 0 0 0 0 0 0 0 0 0 0 0 0 ' ,71 ,3 ,2, 2
524 ,495, 517, '499 489 484 499 486 428 476 480 503 504 470 481 472 452 469 479 ' ,'0 0 0 0 0 0 0 0 0 0 0 0 0 0 0 0 ' ,78 ,3 ,2, 2
546 ,520, 538, '514 456 526 519 487 476 439 487 462 473 492 489 504 516 511 496 ' ,'0 0 0 0 0 0 0 0 0 0 0 0 0 0 0 0 ' ,90 ,4 ,2, 2
574 ,541, 567, '484 513 501 519 554 464 539 445 497 547 416 493 483 530 482 477 ' ,'0 0 0 0 0 0 0 0 0 0 0 0 0 0 0 0 ' ,143 ,3 ,2, 2
586 ,570, 578, '553 526 544 499 534 536 564 483 549 505 534 541 511 509 540 516 ' ,'0 0 0 0 0 0 0 0 0 0 0 0 0 0 0 0 ' ,84 ,3 ,3, 3
590 ,583, 582, '515 530 528 535 566 538 568 549 489 555 535 548 502 468 536 543 ' ,'0 0 0 0 0 0 0 0 0 0 0 0 0 0 0 0 ' ,103 ,3 ,2, 2
597 ,586, 590, '529 526 498 468 533 558 535 519 507 521 548 576 527 516 512 515 ' ,'0 0 0 0 0 0 0 0 0 0 0 0 0 0 0 0 ' ,113 ,4 ,3, 3
597 ,593, 590, '532 473 563 522 519 575 561 527 522 564 575 577 558 540 533 535 ' ,'0 0 0 0 0 0 0 0 0 0 0 0 0 0 0 0 ' ,107 ,4 ,3, 3
585 ,594, 578, '502 486 527 527 520 509 528 552 535 547 517 545 512 459 564 508 ' ,'0 0 0 0 0 0 0 0 0 0 0 0 0 0 0 0 ' ,107 ,3 ,3, 3
586 ,581, 579, '498 552 456 489 507 556 565 464 459 537 523 522 516 519 512 481 ' ,'0 0 0 0 0 0 0 0 0 0 0 0 0 0 0 0 ' ,113 ,4 ,3, 3
574 ,582, 569, '491 552 503 504 505 470 491 489 456 510 462 552 521 461 474 500 ' ,'0 0 0 0 0 0 0 0 0 0 0 0 0 0 0 0 ' ,100 ,3 ,2, 2
534 ,570, 527, '472 485 453 483 513 503 502 432 438 492 414 490 503 484 495 462 ' ,'0 0 0 0 0 0 0 0 0 0 0 0 0 0 0 0 ' ,104 ,3 ,2, 2
504 ,530, 497, '472 481 466 442 443 440 445 432 434 386 420 484 454 464 451 442 ' ,'0 0 0 0 0 0 0 0 0 0 0 0 0 0 0 0 ' ,102 ,4 ,2, 2
496 ,500, 489, '426 429 414 434 405 390 467 412 446 416 369 476 413 457 411 388 ' ,'0 0 0 0 0 0 0 0 0 0 0 0 0 0 0 0 ' ,112 ,3 ,2, 2
482 ,492, 474, '433 419 447 442 433 407 388 399 462 446 424 452 455 407 382 442 ' ,'0 0 0 0 0 0 0 0 0 0 0 0 0 0 0 0 ' ,82 ,3 ,1, 1
517 ,477, 509, '387 462 444 439 412 416 427 414 435 415 427 467 449 451 383 405 ' ,'0 0 0 0 0 0 0 0 0 0 0 0 0 0 0 0 ' ,116 ,31 ,2, 2
510 ,512, 503, '419 476 439 392 425 435 446 454 451 392 413 435 464 489 467 455 ' ,'0 0 0 0 0 0 0 0 0 0 0 0 0 0 0 0 ' ,103 ,3 ,2, 2
520 ,506, 513, '445 459 462 460 500 474 496 434 435 436 500 453 462 475 469 456 ' ,'0 0 0 0 0 0 0 0 0 0 0 0 0 0 0 0 ' ,69 ,3 ,2, 2
542 ,516, 535, '474 508 497 446 495 443 461 458 474 453 482 476 498 488 492 522 ' ,'0 0 0 0 0 0 0 0 0 0 0 0 0 0 0 0 ' ,81 ,4 ,3, 3
567 ,538, 559, '504 504 546 532 517 469 517 506 520 509 440 513 527 529 462 516 ' ,'0 0 0 0 0 0 0 0 0 0 0 0 0 0 0 0 ' ,110 ,3 ,2, 2
581 ,562, 571, '551 522 540 556 522 507 549 544 546 528 555 553 546 511 540 508 ' ,'0 0 0 0 0 0 0 0 0 0 0 0 0 0 0 0 ' ,54 ,4 ,2, 2
572 ,575, 561, '490 532 491 476 520 537 508 488 491 507 493 543 546 535 449 529 ' ,'0 0 0 0 0 0 0 0 0 0 0 0 0 0 0 0 ' ,100 ,4 ,2, 2
718 ,566, 707, '487 505 520 472 510 505 493 492 476 509 444 494 474 482 387 444 ' ,'0 0 0 0 0 0 0 0 0 0 0 0 0 0 0 0 ' ,310 ,4 ,2, 2
518 ,711, 510, '472 497 478 411 481 463 431 453 450 482 417 454 457 478 457 451 ' ,'0 0 0 0 0 0 0 0 0 0 0 0 0 0 0 0 ' ,92 ,4 ,2, 2
522 ,513, 514, '488 501 442 428 465 470 462 497 463 425 456 489 447 436 448 430 ' ,'0 0 0 0 0 0 0 0 0 0 0 0 0 0 0 0 ' ,81 ,4 ,2, 2
502 ,517, 495, '477 439 446 393 441 438 400 461 469 450 436 445 480 440 436 434 ' ,'0 0 0 0 0 0 0 0 0 0 0 0 0 0 0 0 ' ,94 ,4 ,2, 2
490 ,498, 482, '443 430 455 462 369 409 388 366 421 411 401 420 468 437 431 439 ' ,'0 0 0 0 0 0 0 0 0 0 0 0 0 0 0 0 ' ,106 ,4 ,2, 2
472 ,486, 465, '431 420 441 400 433 447 414 450 413 450 382 399 389 394 435 381 ' ,'0 0 0 0 0 0 0 0 0 0 0 0 0 0 0 0 ' ,73 ,3 ,3, 3
480 ,467, 473, '436 457 427 430 404 446 437 450 427 458 406 444 444 394 413 408 ' ,'0 0 0 0 0 0 0 0 0 0 0 0 0 0 0 0 ' ,68 ,4 ,2, 2
655 ,476, 647, '452 634 414 350 420 446 473 437 394 432 469 426 470 409 417 417 ' ,'0 185 0 0 0 0 0 0 0 0 0 0 0 0 0 0 ' ,288 ,3 ,2, 2
494 ,650, 486, '394 437 430 393 473 378 400 404 449 391 422 435 417 389 392 420 ' ,'0 0 0 0 0 0 0 0 0 0 0 0 0 0 0 0 ' ,99 ,3 ,2, 2
455 ,491, 448, '394 431 435 408 409 422 403 387 386 423 378 427 421 407 420 424 ' ,'0 0 0 0 0 0 0 0 0 0 0 0 0 0 0 0 ' ,61 ,3 ,2, 2
477 ,452, 469, '392 382 425 364 393 423 411 417 423 456 409 410 417 416 426 405 ' ,'0 0 0 0 0 0 0 0 0 0 0 0 0 0 0 0 ' ,98 ,4 ,2, 2
480 ,472, 473, '390 397 397 394 417 449 451 391 399 411 409 456 401 355 413 456 ' ,'0 0 0 0 0 0 0 0 0 0 0 0 0 0 0 0 ' ,109 ,6 ,2, 2
637 ,476, 629, '435 439 415 399 400 565 404 387 471 431 407 427 615 403 424 413 ' ,'0 0 0 0 0 0 0 0 0 0 0 0 0 0 0 0 ' ,233 ,4 ,2, 2
482 ,633, 476, '408 424 426 455 402 413 462 385 433 445 422 441 404 412 423 401 ' ,'0 0 0 0 0 0 0 0 0 0 0 0 0 0 0 0 ' ,80 ,3 ,2, 2
547 ,479, 541, '412 469 495 459 438 483 523 410 449 443 410 456 407 444 458 482 ' ,'0 0 0 0 0 0 0 0 0 0 0 0 0 0 0 0 ' ,122 ,6 ,3, 3
613 ,542, 605, '527 470 518 477 465 432 522 536 507 501 478 462 482 475 459 587 ' ,'0 0 0 0 0 0 0 0 0 0 0 0 0 0 0 0 ' ,161 ,7 ,3, 3
561 ,611, 554, '454 515 526 467 521 534 512 514 458 496 452 504 493 490 453 529 ' ,'0 0 0 0 0 0 0 0 0 0 0 0 0 0 0 0 ' ,90 ,6 ,4, 3
583 ,558, 574, '495 500 538 498 487 478 555 500 522 519 494 523 510 418 502 527 ' ,'0 0 0 0 0 0 0 0 0 0 0 0 0 0 0 0 ' ,144 ,7 ,3, 3
564 ,581, 557, '446 509 468 472 495 461 538 497 481 474 430 518 457 460 512 456 ' ,'0 0 0 0 0 0 0 0 0 0 0 0 0 0 0 0 ' ,116 ,6 ,4, 3
668 ,748, 657, '475 485 439 437 486 435 464 455 635 494 433 467 483 444 422 486 ' ,'0 0 0 0 0 0 0 0 186 0 0 0 0 0 0 0 ' ,225 ,7 ,3, 3
651 ,661, 644, '465 467 492 448 481 457 434 453 454 456 442 490 465 424 442 479 ' ,'0 0 0 0 0 0 0 0 0 0 0 0 0 0 0 0 ' ,208 ,7 ,2, 2
657 ,648, 650, '445 492 448 449 421 448 449 459 443 425 431 478 470 396 439 460 ' ,'0 0 0 0 0 0 0 0 0 0 0 0 0 0 0 0 ' ,217 ,7 ,3, 3
535 ,654, 526, '438 509 439 408 419 448 444 456 470 485 455 471 459 412 452 456 ' ,'0 0 0 0 0 0 0 0 0 0 0 0 0 0 0 0 ' ,109 ,7 ,3, 3
516 ,527, 509, '420 461 389 443 484 450 457 439 427 458 417 454 492 423 442 441 ' ,'0 0 0 0 0 0 0 0 0 0 0 0 0 0 0 0 ' ,109 ,7 ,3, 3
489 ,511, 482, '404 452 429 426 465 428 430 386 408 429 412 442 391 418 379 448 ' ,'0 0 0 0 0 0 0 0 0 0 0 0 0 0 0 0 ' ,94 ,7 ,2, 2
485 ,485, 477, '407 454 397 424 408 444 457 428 405 427 403 432 453 402 413 425 ' ,'0 0 0 0 0 0 0 0 0 0 0 0 0 0 0 0 ' ,70 ,10 ,2, 2
701 ,480, 694, '423 402 588 428 414 430 450 413 445 443 347 488 447 417 386 424 ' ,'0 0 0 0 0 0 0 0 0 0 0 0 0 0 0 0 ' ,338 ,7 ,2, 2
676 ,698, 665, '489 469 447 649 478 432 468 486 424 494 426 444 508 472 464 511 ' ,'0 0 0 173 0 0 0 0 0 0 0 0 0 0 0 0 ' ,231 ,6 ,3, 3
598 ,670, 591, '493 509 563 512 489 469 506 511 511 507 469 498 536 526 541 482 ' ,'0 0 0 0 0 0 0 0 0 0 0 0 0 0 0 0 ' ,110 ,4 ,4, 4
576 ,593, 568, '508 498 525 519 550 495 537 482 471 484 449 481 506 503 453 502 ' ,'0 0 0 0 0 0 0 0 0 0 0 0 0 0 0 0 ' ,109 ,7 ,3, 3
572 ,572, 564, '498 475 546 513 535 421 462 515 522 500 513 544 517 504 470 478 ' ,'0 0 0 0 0 0 0 0 0 0 0 0 0 0 0 0 ' ,131 ,7 ,3, 3
771 ,569, 764, '492 487 484 557 532 497 476 552 519 478 548 552 504 492 483 519 ' ,'0 0 0 0 0 0 0 0 0 0 0 0 0 0 0 0 ' ,274 ,6 ,4, 4
594 ,769, 585, '490 564 477 532 565 539 518 518 440 486 521 534 527 446 444 522 ' ,'0 0 0 0 0 0 0 0 0 0 0 0 0 0 0 0 ' ,133 ,7 ,3, 3
577 ,588, 570, '502 552 436 456 499 480 458 483 477 439 505 509 480 444 475 505 ' ,'0 0 0 0 0 0 0 0 0 0 0 0 0 0 0 0 ' ,123 ,7 ,3, 3
551 ,572, 544, '495 524 495 466 461 486 455 474 455 456 485 526 497 439 482 499 ' ,'0 0 0 0 0 0 0 0 0 0 0 0 0 0 0 0 ' ,90 ,7 ,3, 3
546 ,546, 539, '495 515 485 455 435 460 467 516 476 481 488 498 481 453 522 479 ' ,'0 0 0 0 0 0 0 0 0 0 0 0 0 0 0 0 ' ,94 ,7 ,2, 2
516 ,544, 509, '465 457 459 478 476 449 451 464 449 406 483 491 445 443 467 453 ' ,'0 0 0 0 0 0 0 0 0 0 0 0 0 0 0 0 ' ,92 ,7 ,2, 2
490 ,512, 483, '464 416 455 397 431 462 413 418 390 442 432 439 408 436 464 413 ' ,'0 0 0 0 0 0 0 0 0 0 0 0 0 0 0 0 ' ,84 ,8 ,2, 2
465 ,487, 457, '395 413 427 422 437 405 418 407 407 403 437 440 422 433 412 419 ' ,'0 0 0 0 0 0 0 0 0 0 0 0 0 0 0 0 ' ,53 ,7 ,2, 2
494 ,460, 487, '396 453 445 426 434 466 422 420 431 411 404 427 359 444 433 426 ' ,'0 0 0 0 0 0 0 0 0 0 0 0 0 0 0 0 ' ,117 ,7 ,2, 2
513 ,490, 505, '399 436 438 409 444 367 398 437 441 418 359 488 413 417 434 430 ' ,'0 0 0 0 0 0 0 0 0 0 0 0 0 0 0 0 ' ,138 ,7 ,2, 2
654 ,508, 644, '466 452 438 404 380 439 386 446 461 392 455 482 423 424 424 425 ' ,'0 0 0 0 0 0 0 0 0 0 0 0 0 0 0 0 ' ,255 ,7 ,2, 2
489 ,647, 479, '445 418 431 395 434 442 403 460 391 443 404 425 366 412 423 436 ' ,'0 0 0 0 0 0 0 0 0 0 0 0 0 0 0 0 ' ,103 ,8 ,2, 2
524 ,485, 514, '428 422 455 447 429 412 449 452 478 436 406 473 434 451 495 415 ' ,'0 0 0 0 0 0 0 0 0 0 0 0 0 0 0 0 ' ,97 ,7 ,3, 3
524 ,519, 516, '465 447 435 454 413 445 455 498 440 477 485 447 441 471 486 448 ' ,'0 0 0 0 0 0 0 0 0 0 0 0 0 0 0 0 ' ,93 ,8 ,2, 2
584 ,520, 574, '502 448 553 461 481 476 516 499 410 501 474 480 474 508 519 475 ' ,'0 0 0 0 0 0 0 0 0 0 0 0 0 0 0 0 ' ,153 ,8 ,2, 2
562 ,577, 554, '470 468 536 525 494 521 446 473 407 503 478 442 512 495 505 481 ' ,'0 0 0 0 0 0 0 0 0 0 0 0 0 0 0 0 ' ,135 ,7 ,3, 3
619 ,556, 611, '539 446 532 505 592 473 524 540 533 534 503 487 509 500 525 508 ' ,'0 0 0 0 0 0 0 0 0 0 0 0 0 0 0 0 ' ,154 ,7 ,3, 3
599 ,614, 591, '526 514 518 542 563 528 572 553 544 463 464 502 499 523 550 553 ' ,'0 0 0 0 0 0 0 0 0 0 0 0 0 0 0 0 ' ,116 ,7 ,3, 3
604 ,594, 596, '521 542 541 528 533 535 511 578 516 557 539 546 556 521 529 481 ' ,'0 0 0 0 0 0 0 0 0 0 0 0 0 0 0 0 ' ,103 ,7 ,3, 3
584 ,600, 577, '451 451 539 538 526 545 548 536 508 509 522 518 473 531 519 558 ' ,'0 0 0 0 0 0 0 0 0 0 0 0 0 0 0 0 ' ,114 ,8 ,3, 3
595 ,579, 587, '512 469 569 533 513 517 546 515 485 543 557 480 549 509 549 503 ' ,'0 0 0 0 0 0 0 0 0 0 0 0 0 0 0 0 ' ,107 ,7 ,3, 3
591 ,590, 582, '471 551 541 476 550 538 564 510 526 545 484 506 484 468 459 517 ' ,'0 0 0 0 0 0 0 0 0 0 0 0 0 0 0 0 ' ,112 ,8 ,2, 2
574 ,589, 567, '492 538 516 468 505 475 521 530 482 500 466 507 486 467 548 488 ' ,'0 0 0 0 0 0 0 0 0 0 0 0 0 0 0 0 ' ,92 ,8 ,2, 2
533 ,571, 525, '454 486 494 482 435 466 483 457 434 504 500 482 475 436 463 468 ' ,'0 0 0 0 0 0 0 0 0 0 0 0 0 0 0 0 ' ,81 ,7 ,2, 2
510 ,528, 503, '437 450 431 428 470 448 423 454 428 465 423 464 446 406 484 463 ' ,'0 0 0 0 0 0 0 0 0 0 0 0 0 0 0 0 ' ,87 ,8 ,1, 1
497 ,506, 489, '403 418 448 426 420 448 388 427 434 462 426 462 389 470 395 419 ' ,'0 0 0 0 0 0 0 0 0 0 0 0 0 0 0 0 ' ,91 ,7 ,2, 2
708 ,492, 701, '445 410 409 431 438 436 436 448 432 469 459 458 412 436 435 489 ' ,'0 0 0 0 0 0 0 0 0 0 0 0 0 0 0 0 ' ,283 ,7 ,2, 2
496 ,706, 487, '391 469 440 435 435 429 430 410 463 442 343 451 456 415 426 423 ' ,'0 0 0 0 0 0 0 0 0 0 0 0 0 0 0 0 ' ,135 ,8 ,2, 2
