245 ,0, 136, '69 68 65 69 68 69 65 67 ' ,'0 0 0 0 0 0 0 0 ' ,22 ,2 ,11, 11
539 ,165, 524, '508 509 483 502 482 463 494 490 ' ,'0 0 0 0 0 0 0 0 ' ,44 ,1 ,4, 4
475 ,582, 463, '365 451 439 392 424 445 431 405 ' ,'0 0 0 0 0 0 0 0 ' ,86 ,1 ,2, 2
515 ,469, 503, '486 469 484 463 491 489 474 481 ' ,'0 0 0 0 0 0 0 0 ' ,30 ,2 ,2, 2
541 ,509, 530, '505 480 506 501 514 498 481 505 ' ,'0 0 0 0 0 0 0 0 ' ,36 ,1 ,4, 4
534 ,536, 522, '498 499 510 490 453 470 494 476 ' ,'0 0 0 0 0 0 0 0 ' ,59 ,1 ,2, 2
536 ,527, 527, '494 482 511 482 456 482 511 467 ' ,'0 0 0 0 0 0 0 0 ' ,58 ,2 ,2, 2
534 ,531, 526, '503 490 469 478 489 507 513 490 ' ,'0 0 0 0 0 0 0 0 ' ,46 ,1 ,3, 3
507 ,529, 496, '443 448 418 483 477 469 443 474 ' ,'0 0 0 0 0 0 0 0 ' ,70 ,1 ,3, 3
502 ,503, 493, '474 467 441 452 448 480 463 441 ' ,'0 0 0 0 0 0 0 0 ' ,41 ,2 ,3, 3
464 ,499, 455, '438 444 423 428 429 411 411 418 ' ,'0 0 0 0 0 0 0 0 ' ,33 ,1 ,2, 2
486 ,459, 478, '366 360 411 397 415 401 385 410 ' ,'0 0 0 0 0 0 0 0 ' ,108 ,3 ,2, 2
454 ,482, 446, '436 426 416 415 426 417 417 431 ' ,'0 0 0 0 0 0 0 0 ' ,22 ,2 ,2, 2
450 ,450, 441, '402 399 409 430 408 423 386 388 ' ,'0 0 0 0 0 0 0 0 ' ,45 ,2 ,2, 2
512 ,445, 503, '480 472 486 483 491 396 468 471 ' ,'0 0 0 0 0 0 0 0 ' ,96 ,2 ,3, 3
532 ,507, 522, '475 496 502 475 509 458 489 467 ' ,'0 0 0 0 0 0 0 0 ' ,56 ,2 ,2, 2
527 ,526, 518, '475 474 500 500 462 509 490 436 ' ,'0 0 0 0 0 0 0 0 ' ,73 ,1 ,3, 3
522 ,523, 513, '464 476 471 457 488 483 464 503 ' ,'0 0 0 0 0 0 0 0 ' ,49 ,1 ,3, 3
503 ,517, 494, '451 486 485 438 406 475 460 470 ' ,'0 0 0 0 0 0 0 0 ' ,81 ,1 ,3, 3
563 ,497, 554, '506 513 529 546 525 516 516 522 ' ,'0 0 0 0 0 0 0 0 ' ,40 ,0 ,2, 2
543 ,559, 534, '492 527 510 497 479 498 515 494 ' ,'0 0 0 0 0 0 0 0 ' ,46 ,1 ,3, 2
540 ,537, 531, '497 495 453 522 434 508 519 509 ' ,'0 0 0 0 0 0 0 0 ' ,87 ,0 ,2, 2
532 ,534, 522, '474 507 435 465 454 513 471 466 ' ,'0 0 0 0 0 0 0 0 ' ,79 ,1 ,3, 3
518 ,526, 510, '501 472 467 490 488 433 483 452 ' ,'0 0 0 0 0 0 0 0 ' ,68 ,1 ,3, 3
513 ,513, 503, '448 446 465 450 465 494 483 492 ' ,'0 0 0 0 0 0 0 0 ' ,50 ,1 ,2, 2
509 ,507, 499, '445 454 454 472 490 441 459 464 ' ,'0 0 0 0 0 0 0 0 ' ,51 ,0 ,2, 2
497 ,503, 489, '428 481 461 428 425 457 448 437 ' ,'0 0 0 0 0 0 0 0 ' ,54 ,1 ,2, 2
454 ,492, 445, '369 408 437 392 411 418 376 419 ' ,'0 0 0 0 0 0 0 0 ' ,70 ,1 ,1, 1
458 ,448, 448, '429 405 419 414 414 439 362 433 ' ,'0 0 0 0 0 0 0 0 ' ,76 ,1 ,2, 2
462 ,451, 453, '444 435 407 431 443 401 436 444 ' ,'0 0 0 0 0 0 0 0 ' ,43 ,0 ,2, 2
456 ,456, 443, '428 434 434 405 401 427 395 429 ' ,'0 0 0 0 0 0 0 0 ' ,40 ,1 ,2, 2
440 ,448, 427, '414 395 342 423 417 389 358 390 ' ,'0 0 0 0 0 0 0 0 ' ,81 ,0 ,2, 2
460 ,434, 452, '397 444 379 402 421 414 403 443 ' ,'0 0 0 0 0 0 0 0 ' ,67 ,1 ,2, 2
521 ,455, 512, '496 504 459 499 488 466 492 501 ' ,'0 0 0 0 0 0 0 0 ' ,46 ,1 ,2, 2
554 ,516, 546, '487 525 479 503 494 513 528 536 ' ,'0 0 0 0 0 0 0 0 ' ,59 ,1 ,3, 3
542 ,548, 533, '515 493 502 481 485 502 489 525 ' ,'0 0 0 0 0 0 0 0 ' ,44 ,1 ,3, 3
561 ,536, 553, '540 493 544 497 468 514 539 512 ' ,'0 0 0 0 0 0 0 0 ' ,79 ,1 ,2, 2
554 ,556, 545, '514 532 528 522 521 507 534 537 ' ,'0 0 0 0 0 0 0 0 ' ,32 ,1 ,2, 2
529 ,550, 520, '512 499 512 509 488 448 486 465 ' ,'0 0 0 0 0 0 0 0 ' ,63 ,1 ,3, 3
516 ,524, 507, '448 479 473 481 499 453 462 492 ' ,'0 0 0 0 0 0 0 0 ' ,52 ,0 ,3, 3
506 ,512, 497, '476 459 457 429 427 447 472 489 ' ,'0 0 0 0 0 0 0 0 ' ,64 ,1 ,3, 3
496 ,503, 487, '472 462 475 474 467 459 453 477 ' ,'0 0 0 0 0 0 0 0 ' ,26 ,1 ,3, 3
505 ,491, 498, '448 469 489 486 483 456 470 458 ' ,'0 0 0 0 0 0 0 0 ' ,42 ,1 ,3, 3
517 ,500, 510, '489 499 461 452 452 483 495 451 ' ,'0 0 0 0 0 0 0 0 ' ,52 ,1 ,3, 2
504 ,513, 493, '455 467 463 486 458 442 484 459 ' ,'0 0 0 0 0 0 0 0 ' ,45 ,1 ,2, 2
490 ,497, 482, '433 453 475 419 468 471 430 416 ' ,'0 0 0 0 0 0 0 0 ' ,59 ,1 ,2, 2
467 ,486, 459, '441 413 420 434 420 451 412 439 ' ,'0 0 0 0 0 0 0 0 ' ,40 ,1 ,3, 3
468 ,462, 457, '429 426 425 407 405 395 449 419 ' ,'0 0 0 0 0 0 0 0 ' ,56 ,1 ,2, 2
471 ,460, 461, '398 453 440 436 420 438 443 429 ' ,'0 0 0 0 0 0 0 0 ' ,56 ,1 ,2, 2
479 ,463, 471, '463 425 446 443 438 449 410 411 ' ,'0 0 0 0 0 0 0 0 ' ,54 ,1 ,2, 2
483 ,474, 472, '445 442 421 451 464 432 431 424 ' ,'0 0 0 0 0 0 0 0 ' ,44 ,1 ,3, 3
502 ,476, 494, '470 457 462 486 423 457 455 442 ' ,'0 0 0 0 0 0 0 0 ' ,64 ,1 ,3, 3
537 ,497, 530, '469 504 521 512 495 521 501 507 ' ,'0 0 0 0 0 0 0 0 ' ,54 ,1 ,3, 3
546 ,533, 539, '524 524 511 522 522 531 471 519 ' ,'0 0 0 0 0 0 0 0 ' ,60 ,1 ,3, 3
538 ,542, 530, '523 480 499 479 486 466 451 473 ' ,'0 0 0 0 0 0 0 0 ' ,73 ,1 ,2, 2
545 ,534, 535, '527 506 524 487 497 476 465 481 ' ,'0 0 0 0 0 0 0 0 ' ,63 ,1 ,2, 2
553 ,539, 546, '498 502 526 523 526 536 524 508 ' ,'0 0 0 0 0 0 0 0 ' ,40 ,1 ,3, 3
546 ,548, 539, '435 478 479 524 496 530 529 510 ' ,'0 0 0 0 0 0 0 0 ' ,97 ,2 ,3, 3
565 ,541, 557, '508 510 529 497 548 514 503 491 ' ,'0 0 0 0 0 0 0 0 ' ,54 ,1 ,3, 3
585 ,560, 575, '498 567 479 521 452 479 534 499 ' ,'0 0 0 0 0 0 0 0 ' ,116 ,1 ,3, 3
567 ,578, 555, '476 494 543 496 480 533 500 525 ' ,'0 0 0 0 0 0 0 0 ' ,67 ,1 ,2, 2
550 ,561, 542, '492 535 481 429 508 502 488 507 ' ,'0 0 0 0 0 0 0 0 ' ,106 ,2 ,2, 2
497 ,545, 489, '482 445 442 458 435 460 463 456 ' ,'0 0 0 0 0 0 0 0 ' ,47 ,1 ,2, 2
488 ,492, 481, '435 465 459 473 442 451 451 449 ' ,'0 0 0 0 0 0 0 0 ' ,40 ,2 ,2, 2
478 ,484, 470, '399 463 438 443 453 419 440 435 ' ,'0 0 0 0 0 0 0 0 ' ,66 ,2 ,2, 2
477 ,474, 468, '429 456 393 436 413 454 437 460 ' ,'0 0 0 0 0 0 0 0 ' ,69 ,1 ,2, 2
475 ,472, 467, '449 445 419 434 394 459 448 435 ' ,'0 0 0 0 0 0 0 0 ' ,67 ,1 ,2, 2
483 ,471, 473, '427 442 441 391 461 423 414 465 ' ,'0 0 0 0 0 0 0 0 ' ,77 ,1 ,2, 2
469 ,479, 461, '434 434 437 442 450 387 453 432 ' ,'0 0 0 0 0 0 0 0 ' ,68 ,1 ,2, 1
482 ,464, 475, '437 457 447 447 437 443 449 466 ' ,'0 0 0 0 0 0 0 0 ' ,31 ,1 ,3, 3
505 ,478, 497, '454 471 477 489 428 486 456 480 ' ,'0 0 0 0 0 0 0 0 ' ,62 ,1 ,2, 2
540 ,503, 531, '520 501 519 417 481 512 511 513 ' ,'0 0 0 0 0 0 0 0 ' ,107 ,5 ,2, 2
563 ,534, 553, '545 496 525 519 450 517 514 492 ' ,'0 0 0 0 0 0 0 0 ' ,97 ,1 ,3, 3
567 ,559, 558, '523 526 512 539 485 475 549 535 ' ,'0 0 0 0 0 0 0 0 ' ,76 ,2 ,2, 2
561 ,563, 552, '516 545 508 487 504 496 517 460 ' ,'0 0 0 0 0 0 0 0 ' ,85 ,1 ,2, 2
518 ,555, 510, '480 501 486 455 473 478 486 471 ' ,'0 0 0 0 0 0 0 0 ' ,47 ,1 ,2, 2
481 ,514, 473, '466 444 434 431 458 461 439 433 ' ,'0 0 0 0 0 0 0 0 ' ,36 ,1 ,2, 2
465 ,477, 456, '441 441 442 450 432 406 441 447 ' ,'0 0 0 0 0 0 0 0 ' ,44 ,1 ,2, 2
486 ,461, 477, '470 416 428 406 458 415 445 410 ' ,'0 0 0 0 0 0 0 0 ' ,66 ,1 ,2, 2
486 ,483, 478, '445 471 441 427 420 412 459 442 ' ,'0 0 0 0 0 0 0 0 ' ,59 ,1 ,2, 2
488 ,483, 479, '468 440 425 449 470 429 471 454 ' ,'0 0 0 0 0 0 0 0 ' ,45 ,1 ,2, 2
475 ,483, 466, '425 446 420 445 459 444 437 425 ' ,'0 0 0 0 0 0 0 0 ' ,40 ,1 ,2, 2
486 ,471, 477, '455 471 448 425 456 412 452 379 ' ,'0 0 0 0 0 0 0 0 ' ,91 ,1 ,2, 2
467 ,481, 460, '405 415 410 439 416 378 419 451 ' ,'0 0 0 0 0 0 0 0 ' ,74 ,1 ,2, 2
478 ,463, 469, '461 436 396 392 413 396 443 424 ' ,'0 0 0 0 0 0 0 0 ' ,70 ,1 ,2, 2
501 ,473, 492, '455 455 484 466 478 442 464 409 ' ,'0 0 0 0 0 0 0 0 ' ,76 ,2 ,2, 2
524 ,495, 514, '497 455 458 506 463 477 492 490 ' ,'0 0 0 0 0 0 0 0 ' ,53 ,2 ,2, 2
550 ,517, 541, '515 517 513 533 510 502 508 506 ' ,'0 0 0 0 0 0 0 0 ' ,32 ,1 ,2, 2
578 ,545, 570, '502 524 562 552 544 511 525 486 ' ,'0 0 0 0 0 0 0 0 ' ,75 ,1 ,3, 3
571 ,574, 561, '497 502 517 491 540 494 551 489 ' ,'0 0 0 0 0 0 0 0 ' ,64 ,1 ,3, 3
549 ,566, 539, '506 531 489 503 516 501 521 527 ' ,'0 0 0 0 0 0 0 0 ' ,41 ,1 ,2, 2
522 ,543, 513, '491 484 479 459 483 462 504 475 ' ,'0 0 0 0 0 0 0 0 ' ,48 ,1 ,2, 2
489 ,517, 480, '467 471 443 438 425 433 444 436 ' ,'0 0 0 0 0 0 0 0 ' ,48 ,1 ,3, 3
468 ,486, 458, '428 392 412 419 398 388 449 433 ' ,'0 0 0 0 0 0 0 0 ' ,62 ,1 ,2, 2
453 ,461, 446, '415 420 437 381 398 406 411 382 ' ,'0 0 0 0 0 0 0 0 ' ,57 ,1 ,2, 2
456 ,449, 447, '415 439 393 366 416 398 385 437 ' ,'0 0 0 0 0 0 0 0 ' ,74 ,1 ,2, 2
462 ,450, 454, '403 420 446 436 412 391 441 419 ' ,'0 0 0 0 0 0 0 0 ' ,56 ,1 ,2, 2
464 ,457, 455, '444 424 422 425 426 440 422 446 ' ,'0 0 0 0 0 0 0 0 ' ,25 ,1 ,2, 2
478 ,459, 469, '429 461 450 419 393 412 416 452 ' ,'0 0 0 0 0 0 0 0 ' ,68 ,1 ,2, 2
457 ,472, 448, '420 434 398 381 435 401 439 409 ' ,'0 0 0 0 0 0 0 0 ' ,59 ,1 ,2, 2
481 ,452, 473, '433 458 461 455 428 464 456 389 ' ,'0 0 0 0 0 0 0 0 ' ,76 ,2 ,2, 2
524 ,477, 515, '491 507 502 478 476 450 482 495 ' ,'0 0 0 0 0 0 0 0 ' ,57 ,2 ,2, 2
544 ,519, 536, '522 521 527 505 498 511 488 520 ' ,'0 0 0 0 0 0 0 0 ' ,39 ,1 ,3, 3
590 ,539, 581, '519 570 535 525 534 482 492 506 ' ,'0 0 0 0 0 0 0 0 ' ,91 ,1 ,3, 2
579 ,584, 571, '551 524 546 500 546 540 561 517 ' ,'0 0 0 0 0 0 0 0 ' ,64 ,1 ,3, 3
588 ,575, 580, '540 571 517 503 532 540 543 544 ' ,'0 0 0 0 0 0 0 0 ' ,70 ,2 ,3, 3
558 ,584, 548, '535 529 523 476 538 535 487 498 ' ,'0 0 0 0 0 0 0 0 ' ,65 ,2 ,2, 2
551 ,551, 543, '513 533 488 502 502 525 526 533 ' ,'0 0 0 0 0 0 0 0 ' ,47 ,1 ,3, 3
549 ,546, 540, '495 532 493 489 434 472 460 507 ' ,'0 0 0 0 0 0 0 0 ' ,100 ,2 ,2, 2
548 ,543, 539, '532 482 476 483 466 481 491 448 ' ,'0 0 0 0 0 0 0 0 ' ,83 ,2 ,2, 2
512 ,543, 505, '478 477 496 485 486 461 469 444 ' ,'0 0 0 0 0 0 0 0 ' ,54 ,2 ,2, 2
490 ,508, 483, '427 452 418 463 428 462 440 474 ' ,'0 0 0 0 0 0 0 0 ' ,58 ,2 ,2, 2
491 ,486, 482, '473 446 471 468 429 456 446 409 ' ,'0 0 0 0 0 0 0 0 ' ,67 ,4 ,1, 1
465 ,488, 456, '419 403 421 449 407 406 430 404 ' ,'0 0 0 0 0 0 0 0 ' ,47 ,1 ,2, 2
461 ,460, 453, '426 394 427 443 411 444 426 420 ' ,'0 0 0 0 0 0 0 0 ' ,52 ,2 ,2, 2
483 ,456, 474, '467 441 403 421 445 427 416 458 ' ,'0 0 0 0 0 0 0 0 ' ,65 ,1 ,2, 2
471 ,480, 463, '428 455 411 440 400 395 430 432 ' ,'0 0 0 0 0 0 0 0 ' ,62 ,2 ,2, 2
483 ,466, 475, '443 434 433 432 438 441 440 466 ' ,'0 0 0 0 0 0 0 0 ' ,37 ,2 ,1, 1
481 ,480, 474, '434 452 462 465 387 438 438 463 ' ,'0 0 0 0 0 0 0 0 ' ,79 ,2 ,2, 2
472 ,477, 463, '410 408 443 455 428 402 445 417 ' ,'0 0 0 0 0 0 0 0 ' ,55 ,2 ,1, 1
484 ,468, 475, '437 388 464 398 416 445 456 464 ' ,'0 0 0 0 0 0 0 0 ' ,80 ,1 ,2, 2
491 ,479, 483, '434 471 461 474 423 399 447 472 ' ,'0 0 0 0 0 0 0 0 ' ,76 ,2 ,2, 2
519 ,487, 510, '466 486 502 498 500 481 446 467 ' ,'0 0 0 0 0 0 0 0 ' ,55 ,1 ,2, 2
547 ,515, 539, '490 530 490 492 510 450 516 514 ' ,'0 0 0 0 0 0 0 0 ' ,81 ,1 ,3, 3
562 ,543, 553, '533 531 544 542 494 525 520 535 ' ,'0 0 0 0 0 0 0 0 ' ,51 ,1 ,2, 2
581 ,558, 571, '513 529 528 562 553 474 544 497 ' ,'0 0 0 0 0 0 0 0 ' ,88 ,1 ,2, 2
557 ,576, 548, '539 537 506 514 499 502 486 513 ' ,'0 0 0 0 0 0 0 0 ' ,53 ,1 ,2, 2
532 ,551, 524, '515 514 478 502 506 443 507 427 ' ,'0 0 0 0 0 0 0 0 ' ,89 ,1 ,3, 3
532 ,527, 524, '512 503 496 516 459 476 473 500 ' ,'0 0 0 0 0 0 0 0 ' ,58 ,1 ,3, 3
506 ,528, 498, '472 431 463 447 419 468 445 490 ' ,'0 0 0 0 0 0 0 0 ' ,72 ,0 ,2, 2
467 ,502, 455, '437 380 427 435 448 416 427 431 ' ,'0 0 0 0 0 0 0 0 ' ,70 ,1 ,2, 2
493 ,459, 485, '471 448 423 478 417 416 473 433 ' ,'0 0 0 0 0 0 0 0 ' ,62 ,1 ,3, 3
494 ,489, 486, '425 477 384 426 409 409 456 434 ' ,'0 0 0 0 0 0 0 0 ' ,92 ,1 ,2, 2
475 ,489, 467, '422 438 410 417 459 384 422 452 ' ,'0 0 0 0 0 0 0 0 ' ,75 ,1 ,2, 2
477 ,473, 470, '461 445 422 447 401 407 460 450 ' ,'0 0 0 0 0 0 0 0 ' ,61 ,2 ,2, 2
496 ,473, 487, '463 408 409 459 400 416 463 478 ' ,'0 0 0 0 0 0 0 0 ' ,79 ,1 ,2, 2
527 ,490, 518, '452 481 438 488 454 485 508 505 ' ,'0 0 0 0 0 0 0 0 ' ,72 ,1 ,2, 2
538 ,521, 530, '497 504 480 521 482 516 488 500 ' ,'0 0 0 0 0 0 0 0 ' ,41 ,1 ,3, 3
578 ,536, 570, '512 531 560 541 516 485 521 539 ' ,'0 0 0 0 0 0 0 0 ' ,76 ,1 ,2, 2
590 ,574, 579, '569 536 538 564 551 553 554 505 ' ,'0 0 0 0 0 0 0 0 ' ,64 ,2 ,3, 3
565 ,585, 557, '548 522 540 528 502 531 514 536 ' ,'0 0 0 0 0 0 0 0 ' ,46 ,1 ,3, 3
580 ,560, 572, '536 541 548 565 483 541 531 515 ' ,'0 0 0 0 0 0 0 0 ' ,82 ,1 ,2, 2
537 ,577, 527, '471 520 506 503 483 495 518 495 ' ,'0 0 0 0 0 0 0 0 ' ,50 ,1 ,2, 2
545 ,531, 539, '495 475 463 508 530 479 463 460 ' ,'0 0 0 0 0 0 0 0 ' ,68 ,0 ,3, 3
520 ,541, 512, '496 463 470 504 446 458 432 483 ' ,'0 0 0 0 0 0 0 0 ' ,72 ,1 ,2, 2
484 ,526, 476, '467 463 445 454 445 446 466 458 ' ,'0 0 0 0 0 0 0 0 ' ,23 ,1 ,2, 2
453 ,480, 445, '412 425 429 414 436 424 414 405 ' ,'0 0 0 0 0 0 0 0 ' ,32 ,2 ,2, 2
487 ,450, 480, '400 445 414 469 405 458 446 424 ' ,'0 0 0 0 0 0 0 0 ' ,74 ,4 ,2, 2
493 ,483, 485, '437 477 454 460 430 434 442 421 ' ,'0 0 0 0 0 0 0 0 ' ,57 ,1 ,2, 2
510 ,488, 501, '453 484 453 446 425 456 441 461 ' ,'0 0 0 0 0 0 0 0 ' ,68 ,2 ,2, 2
517 ,505, 509, '465 493 469 496 478 472 482 493 ' ,'0 0 0 0 0 0 0 0 ' ,36 ,1 ,3, 2
521 ,513, 514, '469 481 470 501 503 430 502 496 ' ,'0 0 0 0 0 0 0 0 ' ,76 ,1 ,2, 2
539 ,519, 532, '524 507 491 491 507 463 427 521 ' ,'0 0 0 0 0 0 0 0 ' ,97 ,1 ,2, 2
563 ,538, 555, '504 542 530 495 523 518 544 519 ' ,'0 0 0 0 0 0 0 0 ' ,52 ,2 ,2, 2
588 ,559, 580, '507 560 537 493 526 514 559 548 ' ,'0 0 0 0 0 0 0 0 ' ,78 ,2 ,3, 3
573 ,583, 563, '555 545 508 538 498 493 536 511 ' ,'0 0 0 0 0 0 0 0 ' ,63 ,2 ,2, 2
523 ,569, 515, '450 493 505 463 486 475 489 495 ' ,'0 0 0 0 0 0 0 0 ' ,59 ,2 ,2, 2
484 ,519, 476, '435 467 425 455 449 422 429 455 ' ,'0 0 0 0 0 0 0 0 ' ,46 ,2 ,2, 2
499 ,480, 492, '481 448 432 428 431 421 398 447 ' ,'0 0 0 0 0 0 0 0 ' ,85 ,2 ,2, 2
490 ,494, 483, '473 466 446 436 469 463 464 469 ' ,'0 0 0 0 0 0 0 0 ' ,39 ,2 ,2, 2
489 ,487, 481, '450 457 457 472 470 389 438 431 ' ,'0 0 0 0 0 0 0 0 ' ,84 ,2 ,1, 1
492 ,485, 484, '473 471 414 462 421 435 454 432 ' ,'0 0 0 0 0 0 0 0 ' ,64 ,5 ,1, 1
472 ,488, 465, '384 456 415 435 451 414 423 446 ' ,'0 0 0 0 0 0 0 0 ' ,73 ,2 ,2, 2
491 ,468, 483, '441 474 467 462 449 461 436 453 ' ,'0 0 0 0 0 0 0 0 ' ,39 ,2 ,2, 2
544 ,487, 536, '514 502 500 498 468 433 517 456 ' ,'0 0 0 0 0 0 0 0 ' ,92 ,2 ,2, 2
568 ,540, 561, '506 520 551 506 525 511 489 504 ' ,'0 0 0 0 0 0 0 0 ' ,63 ,2 ,3, 3
573 ,565, 567, '488 508 556 496 501 531 520 471 ' ,'0 0 0 0 0 0 0 0 ' ,85 ,2 ,3, 3
586 ,569, 579, '521 568 544 544 435 516 479 527 ' ,'0 0 0 0 0 0 0 0 ' ,135 ,2 ,3, 3
597 ,582, 589, '547 578 535 540 538 542 528 512 ' ,'0 0 0 0 0 0 0 0 ' ,68 ,2 ,3, 3
802 ,593, 795, '538 546 526 536 496 565 528 538 ' ,'0 0 0 0 0 0 0 0 ' ,290 ,2 ,3, 3
528 ,798, 522, '511 495 469 506 448 500 494 496 ' ,'0 0 0 0 0 0 0 0 ' ,64 ,2 ,3, 3
522 ,525, 516, '506 465 468 475 437 483 457 477 ' ,'0 0 0 0 0 0 0 0 ' ,71 ,2 ,2, 2
477 ,518, 471, '454 373 461 418 398 435 369 425 ' ,'0 0 0 0 0 0 0 0 ' ,93 ,2 ,2, 2
474 ,475, 468, '434 445 457 424 380 441 440 436 ' ,'0 0 0 0 0 0 0 0 ' ,80 ,2 ,2, 2
486 ,470, 479, '469 419 431 382 441 436 449 424 ' ,'0 0 0 0 0 0 0 0 ' ,88 ,2 ,2, 2
496 ,482, 489, '460 471 468 450 410 473 435 475 ' ,'0 0 0 0 0 0 0 0 ' ,70 ,2 ,2, 2
520 ,492, 512, '482 488 480 484 448 494 462 502 ' ,'0 0 0 0 0 0 0 0 ' ,56 ,2 ,2, 2
529 ,517, 522, '512 466 477 460 491 479 468 483 ' ,'0 0 0 0 0 0 0 0 ' ,54 ,2 ,2, 2
547 ,525, 538, '449 519 528 449 479 488 472 490 ' ,'0 0 0 0 0 0 0 0 ' ,81 ,2 ,2, 2
758 ,542, 751, '494 456 527 535 519 437 499 492 ' ,'0 0 0 0 0 0 0 0 ' ,305 ,2 ,3, 3
582 ,753, 574, '537 564 542 495 499 535 539 511 ' ,'0 0 0 0 0 0 0 0 ' ,70 ,3 ,2, 2
559 ,577, 552, '527 533 535 498 508 481 541 499 ' ,'0 0 0 0 0 0 0 0 ' ,62 ,2 ,3, 2
592 ,555, 586, '474 544 537 506 575 518 488 513 ' ,'0 0 0 0 0 0 0 0 ' ,100 ,2 ,3, 3
576 ,588, 569, '490 527 512 540 524 504 557 532 ' ,'0 0 0 0 0 0 0 0 ' ,70 ,2 ,3, 3
555 ,571, 546, '472 508 488 489 528 534 488 517 ' ,'0 0 0 0 0 0 0 0 ' ,65 ,2 ,3, 3
518 ,549, 510, '443 500 474 485 436 442 448 470 ' ,'0 0 0 0 0 0 0 0 ' ,63 ,2 ,2, 2
496 ,513, 488, '421 478 436 455 409 451 452 436 ' ,'0 0 0 0 0 0 0 0 ' ,71 ,2 ,2, 2
464 ,492, 458, '430 448 421 436 426 436 417 445 ' ,'0 0 0 0 0 0 0 0 ' ,32 ,3 ,2, 2
475 ,460, 467, '419 457 429 450 416 441 442 439 ' ,'0 0 0 0 0 0 0 0 ' ,44 ,2 ,1, 1
471 ,470, 464, '425 454 415 446 430 425 433 449 ' ,'0 0 0 0 0 0 0 0 ' ,41 ,2 ,1, 1
490 ,467, 485, '447 438 473 437 396 446 433 434 ' ,'0 0 0 0 0 0 0 0 ' ,80 ,2 ,2, 2
489 ,486, 483, '449 473 403 419 388 426 425 416 ' ,'0 0 0 0 0 0 0 0 ' ,87 ,2 ,2, 2
701 ,485, 694, '407 438 420 408 412 393 394 437 ' ,'0 0 0 0 0 0 0 0 ' ,291 ,2 ,1, 1
512 ,697, 506, '461 485 495 472 463 463 447 488 ' ,'0 0 0 0 0 0 0 0 ' ,50 ,3 ,2, 2
547 ,508, 540, '477 528 475 521 450 494 490 522 ' ,'0 0 0 0 0 0 0 0 ' ,78 ,2 ,2, 2
567 ,543, 561, '514 549 524 510 492 547 538 513 ' ,'0 0 0 0 0 0 0 0 ' ,59 ,2 ,3, 3
589 ,563, 582, '502 556 525 562 531 527 569 486 ' ,'0 0 0 0 0 0 0 0 ' ,86 ,3 ,3, 3
578 ,584, 571, '548 501 543 518 498 555 509 475 ' ,'0 0 0 0 0 0 0 0 ' ,86 ,6 ,3, 3
534 ,573, 527, '493 491 486 442 501 458 515 474 ' ,'0 0 0 0 0 0 0 0 ' ,76 ,2 ,2, 2
516 ,529, 509, '479 463 478 493 449 440 497 449 ' ,'0 0 0 0 0 0 0 0 ' ,59 ,2 ,2, 2
484 ,511, 476, '465 462 446 433 441 454 453 463 ' ,'0 0 0 0 0 0 0 0 ' ,34 ,2 ,2, 2
470 ,479, 460, '450 393 442 409 430 424 434 420 ' ,'0 0 0 0 0 0 0 0 ' ,59 ,2 ,2, 2
703 ,463, 696, '439 441 438 408 401 425 439 441 ' ,'0 0 0 0 0 0 0 0 ' ,286 ,2 ,2, 2
472 ,700, 465, '382 444 454 423 406 443 446 416 ' ,'0 0 0 0 0 0 0 0 ' ,72 ,2 ,2, 2
478 ,469, 469, '435 404 430 428 440 380 454 449 ' ,'0 0 0 0 0 0 0 0 ' ,79 ,3 ,3, 3
486 ,470, 479, '449 444 436 463 426 433 466 407 ' ,'0 0 0 0 0 0 0 0 ' ,60 ,2 ,2, 2
529 ,482, 522, '445 460 442 475 482 431 490 509 ' ,'0 0 0 0 0 0 0 0 ' ,82 ,3 ,2, 2
503 ,526, 496, '459 439 483 469 464 459 455 457 ' ,'0 0 0 0 0 0 0 0 ' ,47 ,3 ,3, 3
532 ,499, 525, '497 499 513 488 495 479 479 509 ' ,'0 0 0 0 0 0 0 0 ' ,35 ,3 ,3, 3
559 ,528, 552, '447 539 524 496 533 482 523 473 ' ,'0 0 0 0 0 0 0 0 ' ,95 ,3 ,3, 3
561 ,555, 554, '516 538 541 539 528 487 528 532 ' ,'0 0 0 0 0 0 0 0 ' ,53 ,3 ,3, 3
573 ,558, 566, '507 553 541 543 525 505 520 519 ' ,'0 0 0 0 0 0 0 0 ' ,50 ,3 ,3, 3
576 ,568, 569, '509 541 538 493 515 476 556 515 ' ,'0 0 0 0 0 0 0 0 ' ,82 ,3 ,3, 3
523 ,572, 516, '452 493 501 485 472 472 504 448 ' ,'0 0 0 0 0 0 0 0 ' ,55 ,3 ,2, 2
551 ,520, 544, '481 530 482 498 506 497 503 463 ' ,'0 0 0 0 0 0 0 0 ' ,70 ,3 ,2, 2
494 ,547, 487, '442 475 452 433 436 469 465 459 ' ,'0 0 0 0 0 0 0 0 ' ,47 ,3 ,2, 2
478 ,492, 472, '406 445 443 422 440 458 435 458 ' ,'0 0 0 0 0 0 0 0 ' ,56 ,3 ,2, 2
494 ,474, 487, '442 438 411 386 428 432 399 473 ' ,'0 0 0 0 0 0 0 0 ' ,91 ,3 ,2, 2
483 ,488, 475, '451 463 453 437 440 396 452 426 ' ,'0 0 0 0 0 0 0 0 ' ,69 ,3 ,2, 2
491 ,478, 484, '429 471 462 451 429 422 460 441 ' ,'0 0 0 0 0 0 0 0 ' ,52 ,3 ,2, 2
523 ,487, 516, '476 502 464 505 478 472 497 498 ' ,'0 0 0 0 0 0 0 0 ' ,43 ,2 ,3, 2
543 ,519, 536, '504 520 512 405 481 473 494 482 ' ,'0 0 0 0 0 0 0 0 ' ,122 ,3 ,3, 3
567 ,540, 560, '546 530 493 431 543 478 503 509 ' ,'0 0 0 0 0 0 0 0 ' ,120 ,3 ,3, 3
576 ,562, 569, '545 530 512 558 471 549 543 481 ' ,'0 0 0 0 0 0 0 0 ' ,88 ,3 ,3, 3
585 ,574, 577, '526 516 541 523 499 491 540 561 ' ,'0 0 0 0 0 0 0 0 ' ,72 ,3 ,4, 4
593 ,579, 586, '526 556 548 520 543 463 570 534 ' ,'0 0 0 0 0 0 0 0 ' ,112 ,3 ,3, 3
600 ,589, 593, '540 560 492 580 510 507 554 453 ' ,'0 0 0 0 0 0 0 0 ' ,128 ,2 ,3, 3
569 ,595, 562, '514 549 541 507 513 494 531 528 ' ,'0 0 0 0 0 0 0 0 ' ,57 ,3 ,3, 3
554 ,565, 547, '491 533 479 522 529 501 524 526 ' ,'0 0 0 0 0 0 0 0 ' ,57 ,3 ,3, 3
556 ,551, 549, '537 463 517 476 473 499 501 487 ' ,'0 0 0 0 0 0 0 0 ' ,76 ,3 ,2, 2
510 ,553, 503, '475 490 482 457 473 460 479 470 ' ,'0 0 0 0 0 0 0 0 ' ,35 ,3 ,3, 3
495 ,506, 488, '424 432 436 474 453 405 444 431 ' ,'0 0 0 0 0 0 0 0 ' ,70 ,3 ,2, 2
475 ,491, 468, '408 443 454 409 384 437 452 411 ' ,'0 0 0 0 0 0 0 0 ' ,75 ,3 ,2, 2
491 ,471, 485, '459 442 453 432 410 415 471 446 ' ,'0 0 0 0 0 0 0 0 ' ,66 ,3 ,2, 2
505 ,487, 498, '414 451 485 452 438 454 464 459 ' ,'0 0 0 0 0 0 0 0 ' ,74 ,3 ,2, 2
477 ,500, 469, '452 440 412 395 401 434 454 451 ' ,'0 0 0 0 0 0 0 0 ' ,64 ,3 ,3, 3
543 ,473, 538, '478 463 471 458 457 458 455 524 ' ,'0 0 0 0 0 0 0 0 ' ,71 ,2 ,2, 2
560 ,540, 553, '493 477 541 517 508 536 499 484 ' ,'0 0 0 0 0 0 0 0 ' ,66 ,3 ,3, 3
562 ,556, 555, '529 522 508 504 496 510 523 542 ' ,'0 0 0 0 0 0 0 0 ' ,49 ,3 ,2, 2
578 ,559, 571, '511 520 547 458 473 461 555 491 ' ,'0 0 0 0 0 0 0 0 ' ,103 ,3 ,3, 3
561 ,573, 550, '512 491 536 511 499 465 522 456 ' ,'0 0 0 0 0 0 0 0 ' ,82 ,3 ,3, 3
540 ,554, 533, '423 519 504 454 489 429 496 491 ' ,'0 0 0 0 0 0 0 0 ' ,99 ,3 ,2, 2
495 ,537, 489, '459 451 476 470 466 467 462 457 ' ,'0 0 0 0 0 0 0 0 ' ,28 ,3 ,3, 3
547 ,491, 540, '526 467 475 454 471 451 428 470 ' ,'0 0 0 0 0 0 0 0 ' ,100 ,3 ,2, 2
493 ,542, 486, '462 453 452 436 418 411 472 437 ' ,'0 0 0 0 0 0 0 0 ' ,65 ,3 ,2, 2
461 ,490, 454, '439 434 427 422 442 394 438 431 ' ,'0 0 0 0 0 0 0 0 ' ,52 ,3 ,2, 2
476 ,460, 469, '436 432 389 427 414 428 441 455 ' ,'0 0 0 0 0 0 0 0 ' ,70 ,3 ,2, 2
477 ,471, 470, '447 458 430 417 439 401 398 427 ' ,'0 0 0 0 0 0 0 0 ' ,62 ,3 ,2, 2
495 ,474, 488, '476 447 445 405 389 368 410 436 ' ,'0 0 0 0 0 0 0 0 ' ,111 ,3 ,2, 2
490 ,494, 484, '428 436 426 472 415 438 398 365 ' ,'0 0 0 0 0 0 0 0 ' ,109 ,3 ,2, 2
479 ,486, 469, '456 426 419 424 452 444 430 424 ' ,'0 0 0 0 0 0 0 0 ' ,40 ,3 ,2, 2
448 ,471, 442, '429 422 382 372 397 403 357 412 ' ,'0 0 0 0 0 0 0 0 ' ,75 ,3 ,2, 2
453 ,446, 446, '353 389 429 406 434 428 424 367 ' ,'0 0 0 0 0 0 0 0 ' ,82 ,3 ,2, 2
644 ,450, 638, '417 425 390 406 424 416 446 426 ' ,'0 0 0 0 0 0 0 0 ' ,238 ,3 ,1, 1
541 ,721, 533, '434 455 403 358 395 418 439 414 ' ,'0 0 0 0 0 0 0 0 ' ,165 ,3 ,2, 2
528 ,537, 521, '436 490 497 474 448 453 506 472 ' ,'0 0 0 0 0 0 0 0 ' ,74 ,3 ,2, 2
586 ,523, 578, '506 526 509 565 506 425 497 447 ' ,'0 0 0 105 0 0 0 0 ' ,141 ,3 ,3, 3
601 ,581, 594, '542 580 504 509 538 503 539 512 ' ,'0 0 0 0 0 0 0 0 ' ,79 ,3 ,3, 3
582 ,600, 575, '560 534 518 509 468 440 510 456 ' ,'0 0 0 0 0 0 0 0 ' ,123 ,4 ,3, 3
551 ,578, 544, '529 482 494 505 513 441 476 487 ' ,'0 0 0 0 0 0 0 0 ' ,90 ,3 ,3, 3
500 ,549, 494, '479 474 444 476 453 458 453 445 ' ,'0 0 0 0 0 0 0 0 ' ,40 ,4 ,2, 2
497 ,498, 490, '473 469 461 480 453 431 445 456 ' ,'0 0 0 0 0 0 0 0 ' ,49 ,3 ,2, 2
474 ,494, 467, '449 434 413 444 402 449 408 444 ' ,'0 0 0 0 0 0 0 0 ' ,56 ,3 ,2, 2
493 ,469, 485, '441 425 451 447 473 422 451 436 ' ,'0 0 0 0 0 0 0 0 ' ,53 ,3 ,2, 2
494 ,490, 487, '414 431 432 475 423 434 428 419 ' ,'0 0 0 0 0 0 0 0 ' ,63 ,3 ,2, 2
457 ,492, 450, '436 399 420 396 410 395 373 419 ' ,'0 0 0 0 0 0 0 0 ' ,68 ,4 ,1, 1
472 ,453, 465, '418 407 453 401 414 410 419 399 ' ,'0 0 0 0 0 0 0 0 ' ,56 ,4 ,2, 2
506 ,468, 499, '410 485 433 384 451 421 453 419 ' ,'0 0 0 0 0 0 0 0 ' ,105 ,3 ,3, 3
537 ,502, 531, '451 517 506 492 492 482 508 463 ' ,'0 0 0 0 0 0 0 0 ' ,68 ,3 ,3, 3
602 ,534, 595, '471 501 530 531 490 484 481 461 ' ,'0 0 0 0 0 0 0 0 ' ,124 ,4 ,3, 3
579 ,599, 572, '503 559 515 435 490 451 471 548 ' ,'0 0 0 0 0 0 0 0 ' ,128 ,4 ,2, 2
568 ,576, 561, '501 547 541 527 464 494 492 443 ' ,'0 0 0 0 0 0 0 0 ' ,106 ,3 ,3, 3
592 ,563, 585, '513 571 516 517 485 435 490 536 ' ,'0 0 0 0 0 0 0 0 ' ,138 ,3 ,3, 3
563 ,590, 557, '467 531 510 544 536 468 489 521 ' ,'0 0 0 0 0 0 0 0 ' ,78 ,3 ,4, 4
521 ,560, 514, '434 489 450 497 472 499 493 462 ' ,'0 0 0 0 0 0 0 0 ' ,70 ,4 ,2, 2
532 ,516, 526, '488 483 513 511 487 394 495 447 ' ,'0 0 0 0 0 0 0 0 ' ,122 ,4 ,3, 3
501 ,532, 493, '467 470 481 465 397 421 443 434 ' ,'0 0 0 0 0 0 0 0 ' ,88 ,3 ,2, 2
514 ,498, 508, '469 454 493 411 441 464 450 418 ' ,'0 0 0 0 0 0 0 0 ' ,88 ,4 ,3, 3
479 ,510, 472, '425 437 433 458 447 407 418 413 ' ,'0 0 0 0 0 0 0 0 ' ,53 ,3 ,3, 3
472 ,475, 465, '440 452 419 445 418 420 389 430 ' ,'0 0 0 0 0 0 0 0 ' ,66 ,3 ,2, 2
467 ,468, 461, '418 422 416 448 404 427 434 402 ' ,'0 0 0 0 0 0 0 0 ' ,47 ,4 ,2, 2
511 ,463, 504, '464 384 425 438 394 438 449 423 ' ,'0 0 0 0 0 0 0 0 ' ,110 ,4 ,1, 1
488 ,507, 481, '469 450 413 455 402 440 419 415 ' ,'0 0 0 0 0 0 0 0 ' ,71 ,4 ,2, 2
484 ,485, 478, '463 428 437 440 389 414 390 440 ' ,'0 0 0 0 0 0 0 0 ' ,81 ,4 ,2, 2
503 ,481, 495, '435 438 466 483 388 442 460 448 ' ,'0 0 0 0 0 0 0 0 ' ,98 ,4 ,2, 2
535 ,501, 528, '490 435 483 432 515 481 468 504 ' ,'0 0 0 0 0 0 0 0 ' ,88 ,4 ,2, 2
570 ,531, 564, '481 549 482 467 484 432 482 516 ' ,'0 0 0 0 0 0 0 0 ' ,119 ,3 ,3, 3
550 ,566, 544, '504 527 501 530 469 502 497 469 ' ,'0 0 0 0 0 0 0 0 ' ,63 ,3 ,3, 3
565 ,547, 558, '501 539 533 506 543 490 506 503 ' ,'0 0 0 0 0 0 0 0 ' ,55 ,3 ,3, 3
611 ,561, 605, '524 523 537 551 418 590 515 476 ' ,'0 0 0 0 0 0 0 0 ' ,177 ,4 ,3, 3
596 ,608, 590, '537 530 551 576 503 496 524 528 ' ,'0 0 0 0 0 0 0 0 ' ,82 ,4 ,3, 3
594 ,592, 587, '532 564 572 493 542 514 541 501 ' ,'0 0 0 0 0 0 0 0 ' ,84 ,4 ,3, 3
575 ,589, 568, '547 512 524 536 509 534 554 515 ' ,'0 0 0 0 0 0 0 0 ' ,48 ,3 ,3, 3
593 ,571, 587, '528 533 500 574 516 485 485 485 ' ,'0 0 0 0 0 0 0 0 ' ,90 ,4 ,3, 3
545 ,590, 538, '515 495 502 520 489 500 523 468 ' ,'0 0 0 0 0 0 0 0 ' ,58 ,4 ,2, 2
526 ,540, 519, '498 456 445 458 489 491 505 457 ' ,'0 0 0 0 0 0 0 0 ' ,65 ,4 ,2, 2
478 ,522, 471, '438 432 416 460 433 445 432 417 ' ,'0 0 0 0 0 0 0 0 ' ,46 ,4 ,1, 1
480 ,474, 473, '449 445 412 424 440 457 407 451 ' ,'0 0 0 0 0 0 0 0 ' ,53 ,3 ,2, 2
506 ,476, 499, '438 414 426 430 429 484 405 405 ' ,'0 0 0 0 0 0 0 0 ' ,83 ,4 ,2, 2
490 ,503, 482, '468 402 433 377 425 466 412 386 ' ,'0 0 0 0 0 0 0 0 ' ,97 ,4 ,2, 2
