29,0,1,2,3,3,4,0,4,0,4,
18,0,1,3,4,3,4,1,4,0,4,
16,0,2,3,4,4,4,1,4,1,5,
16,0,1,3,4,4,4,1,4,0,4,
16,0,2,3,4,4,4,1,4,1,4,
16,0,1,3,4,4,4,1,4,1,4,
15,4,0,2,4,4,4,1,4,4,4,
17,0,1,3,4,4,4,1,6,1,4,
15,0,1,3,4,4,4,1,4,0,4,
16,0,2,4,5,5,5,2,5,1,5,
16,0,1,3,4,4,4,1,4,1,4,
16,0,2,3,4,4,4,1,4,0,4,
16,0,2,3,4,4,4,1,4,1,4,
16,0,3,4,5,5,5,2,5,0,5,
16,0,1,3,4,4,4,1,4,1,4,
16,0,1,3,4,4,4,1,4,1,4,
16,0,1,3,4,4,4,1,4,1,5,
16,0,2,3,4,4,4,1,4,0,5,
16,1,1,2,3,3,3,0,3,2,4,
16,0,2,3,4,4,4,1,4,1,5,
16,0,2,3,4,4,4,1,4,1,5,
16,0,2,3,4,4,4,1,4,1,5,
18,0,1,4,4,4,4,1,4,0,4,
16,0,2,3,4,4,4,1,4,1,5,
16,0,3,4,5,5,5,2,5,0,6,
16,0,2,3,4,4,4,1,4,1,5,
16,0,2,3,4,4,4,1,4,1,5,
16,0,4,4,4,4,4,4,4,0,4,
16,0,2,4,5,5,5,3,6,1,5,
16,0,2,3,4,4,4,1,4,1,5,
16,0,2,3,4,4,4,1,4,1,5,
16,0,2,3,4,4,4,1,5,1,5,
17,0,1,3,4,4,4,1,4,0,4,
16,0,2,3,4,4,4,1,4,1,5,
16,0,2,3,4,4,4,1,4,1,5,
16,0,2,4,5,5,5,3,5,1,6,
16,0,1,2,3,3,3,1,4,0,4,
16,0,1,2,3,3,3,0,4,0,4,
16,0,2,3,4,4,4,2,5,1,5,
19,0,4,4,4,4,4,4,4,0,4,
16,0,2,3,4,4,4,2,5,1,5,
16,0,2,3,4,4,4,1,5,1,5,
16,0,2,3,4,5,4,2,4,0,5,
16,0,1,4,4,4,4,1,5,1,5,
16,0,1,3,4,4,4,1,4,0,4,
16,0,1,2,3,3,3,1,4,0,4,
16,0,1,2,3,3,3,1,4,0,4,
16,0,1,2,3,3,4,1,4,0,4,
16,0,1,3,4,4,4,2,5,0,5,
16,0,2,3,4,4,4,2,5,1,5,
15,0,1,2,3,3,4,1,4,0,4,
28,0,2,3,4,4,4,1,6,1,4,
15,0,1,2,3,3,3,1,4,0,4,
16,0,1,2,3,3,3,0,4,0,4,
15,2,2,2,3,3,3,0,4,3,4,
15,0,2,2,3,3,4,0,4,1,4,
15,0,2,2,3,3,3,0,4,1,4,
15,0,2,2,3,3,4,0,4,1,4,
15,0,1,2,3,3,4,1,4,0,4,
15,0,2,2,3,3,3,0,4,1,4,
15,0,2,2,4,3,4,1,4,0,4,
15,0,2,3,4,3,4,1,4,1,4,
15,0,2,3,4,3,4,1,4,1,4,
15,0,2,2,4,3,4,1,4,1,4,
15,0,2,3,4,3,4,1,4,1,4,
15,0,1,3,4,3,4,1,4,1,4,
15,0,2,3,4,3,4,1,4,1,4,
17,0,2,3,4,3,5,1,5,1,4,
15,0,2,3,4,3,4,1,4,0,4,
16,0,4,4,4,4,4,1,4,1,4,
15,0,2,3,4,3,4,1,4,1,4,
15,0,2,3,4,3,4,1,4,1,4,
17,0,2,3,5,4,4,1,4,1,5,
15,0,2,3,4,4,4,0,4,1,4,
15,0,2,3,4,3,4,1,4,0,4,
16,0,2,3,4,3,4,1,4,1,4,
15,0,2,3,4,4,4,1,4,1,4,
17,0,2,3,4,6,4,1,4,1,4,
16,0,2,5,4,4,4,1,4,1,4,
15,0,2,3,4,3,4,3,4,1,4,
15,0,2,3,4,4,4,1,4,0,4,
15,0,2,3,4,4,4,1,4,1,4,
18,0,2,3,4,4,4,1,4,1,4,
15,0,2,3,4,4,4,1,4,1,4,
16,0,2,3,5,4,4,1,4,1,5,
15,0,2,3,4,4,4,1,4,1,4,
16,0,4,3,4,4,4,1,4,1,4,
18,0,2,3,4,4,4,1,7,1,4,
15,0,2,3,4,4,4,1,4,1,4,
15,0,1,2,3,3,3,0,3,0,3,
16,0,1,2,3,3,3,0,3,0,3,
17,0,1,2,3,3,3,0,5,0,3,
16,0,3,4,5,5,5,2,5,1,5,
15,0,1,2,3,3,3,0,3,0,3,
16,0,1,2,3,3,3,0,3,0,3,
16,0,1,2,3,3,3,0,3,0,3,
16,0,1,2,3,3,3,0,3,0,3,
16,0,2,3,4,4,4,1,4,1,4,
16,0,1,2,3,3,3,0,3,0,3,
16,0,1,2,3,3,3,0,3,0,3,
16,0,1,2,3,3,3,0,3,0,3,
16,0,1,2,3,3,3,0,3,0,3,
16,1,1,2,3,3,3,0,3,2,4,
16,0,1,2,3,3,3,0,3,0,3,
16,0,1,2,3,3,3,0,3,0,3,
16,0,1,2,3,3,3,0,3,0,4,
17,0,1,2,3,3,3,0,3,0,4,
16,0,1,2,3,3,3,0,3,0,4,
16,0,1,2,3,3,3,0,3,0,4,
16,0,2,2,3,3,3,0,3,0,4,
16,0,1,2,3,3,3,0,3,0,4,
16,0,3,3,4,4,4,4,4,3,4,
16,0,1,3,3,3,3,0,3,0,3,
16,0,1,2,3,3,3,0,3,0,4,
16,0,1,2,3,3,3,0,3,0,4,
16,0,1,2,3,3,3,0,3,0,4,
17,0,2,2,3,3,3,0,4,1,4,
16,0,1,2,3,3,3,0,3,0,4,
16,0,1,2,3,3,3,0,3,0,4,
16,0,1,2,3,3,3,0,4,0,4,
16,0,1,2,3,3,3,0,4,0,4,
16,0,1,2,3,3,3,0,3,0,4,
16,0,1,2,3,4,3,0,4,1,4,
18,0,3,4,4,3,4,4,4,4,4,
16,0,1,2,3,3,3,0,3,0,4,
17,0,2,2,3,3,3,0,4,1,4,
16,0,2,2,3,3,3,0,4,1,4,
16,0,2,3,3,3,3,0,4,1,4,
15,0,1,2,3,3,3,0,4,1,4,
15,0,1,2,3,3,3,0,4,0,4,
17,0,2,2,3,3,4,0,4,1,4,
15,0,1,2,3,3,4,0,4,0,4,
15,0,2,2,3,3,3,0,4,1,4,
15,0,2,2,3,3,3,0,4,1,4,
15,0,2,2,3,3,4,0,4,1,4,
15,0,2,2,3,3,4,0,4,1,4,
15,0,2,3,4,3,4,1,4,1,4,
15,0,2,2,4,3,4,1,4,1,4,
15,0,2,2,4,3,4,0,4,1,4,
16,0,2,3,4,4,4,1,4,1,4,
15,0,2,3,4,3,4,1,4,1,4,
15,0,2,2,4,3,4,0,4,0,4,
15,0,2,2,4,3,4,1,4,1,4,
15,0,2,2,4,3,4,1,4,1,4,
18,0,2,2,6,3,4,1,4,1,7,
15,0,2,3,4,3,4,1,4,1,4,
15,0,3,3,4,3,4,1,4,1,4,
17,0,2,3,4,3,4,1,6,1,4,
15,0,2,3,4,3,4,1,4,1,4,
15,0,2,3,4,4,4,1,4,1,4,
18,0,2,3,4,3,4,1,4,1,4,
16,0,1,3,4,4,4,1,4,1,5,
15,0,2,3,4,4,4,1,4,1,4,
15,0,1,3,4,3,4,1,4,0,4,
15,0,2,3,4,4,4,1,4,1,4,
16,0,1,2,3,3,3,0,3,0,3,
18,0,2,3,4,4,4,1,4,1,7,
15,0,2,3,4,3,4,1,4,1,4,
15,0,2,3,4,4,4,1,4,1,4,
15,0,0,1,2,2,2,0,2,0,2,
15,0,1,2,3,3,3,0,3,0,3,
15,0,2,3,4,4,4,1,4,1,4,
16,3,0,1,2,2,3,0,3,4,3,
16,0,1,2,3,3,3,0,3,0,3,
15,0,2,3,4,4,4,1,4,1,4,
15,0,2,3,4,4,4,1,4,1,4,
16,0,1,2,3,3,3,0,3,0,4,
16,0,2,3,4,4,4,1,4,1,4,
15,0,1,2,3,3,3,0,3,0,3,
16,0,1,2,3,3,3,0,3,0,3,
16,0,1,2,3,3,3,0,3,0,3,
15,0,2,3,4,4,4,1,4,1,4,
16,0,1,2,3,3,3,0,3,0,3,
16,0,1,2,3,3,3,0,3,0,3,
16,2,1,2,3,3,3,0,3,3,3,
16,0,1,2,3,3,3,0,3,0,3,
16,0,2,3,4,4,4,1,4,1,4,
16,0,2,3,4,4,4,1,4,1,4,
18,0,1,2,3,3,3,0,3,0,4,
16,0,1,2,3,3,3,0,3,0,3,
16,0,1,2,3,3,3,0,3,0,4,
16,0,1,2,3,3,3,0,3,0,3,
16,0,1,2,3,3,3,0,3,0,4,
17,0,3,3,4,3,4,3,4,3,4,
16,0,1,2,3,3,3,0,3,0,4,
16,0,1,2,3,3,3,0,3,0,4,
15,0,1,2,3,3,3,0,3,0,3,
16,0,1,3,3,3,3,0,3,0,4,
18,0,2,3,4,3,4,1,4,1,4,
16,0,1,2,3,3,3,0,3,0,4,
16,0,1,2,3,3,3,0,3,0,4,
16,0,1,2,3,3,3,0,3,0,4,
16,0,1,2,3,3,3,0,3,0,4,
16,0,1,2,3,3,3,0,3,0,4,
16,0,1,2,3,3,3,0,3,0,4,
18,0,4,4,3,3,4,0,4,0,4,
16,0,2,3,4,4,4,1,5,1,5,
16,0,1,2,3,3,3,0,3,1,4,
16,0,1,2,3,3,3,0,4,0,4,
16,0,4,4,4,4,4,1,4,1,5,
16,0,1,2,3,3,3,0,4,1,4,
16,0,1,2,3,3,3,0,4,1,4,
18,0,1,2,3,3,3,0,4,1,4,
16,0,1,2,3,3,3,0,4,0,4,
17,0,1,2,5,5,5,0,5,1,5,
16,0,1,2,3,3,3,0,4,0,4,
16,0,2,2,3,3,3,0,4,0,4,
15,0,1,2,3,3,3,0,4,1,4,
15,0,2,2,3,3,3,0,4,1,4,
15,0,2,2,3,3,3,0,4,0,4,
15,3,1,2,3,3,3,0,4,3,4,
16,0,1,2,3,3,3,0,3,0,4,
15,0,2,2,4,3,4,0,4,1,4,
15,0,2,2,3,3,3,0,4,0,4,
15,0,2,2,3,3,3,0,4,1,4,
16,0,1,2,3,3,3,0,3,0,3,
17,0,2,2,5,3,4,1,4,1,6,
15,0,2,2,3,3,4,0,4,1,4,
15,0,2,2,3,3,4,0,4,0,4,
17,0,2,2,3,3,3,0,6,1,4,
15,0,2,3,4,3,4,1,4,0,4,
18,0,2,2,3,6,4,0,4,1,4,
17,0,2,5,4,3,4,1,4,1,4,
15,0,2,2,4,3,4,1,4,0,4,
15,0,0,2,3,3,4,1,4,0,4,
15,0,1,3,4,3,4,1,4,0,4,
15,0,2,3,5,4,5,2,5,1,5,
16,0,1,3,4,3,4,1,4,0,4,
17,0,1,3,6,3,4,1,4,0,6,
15,0,1,3,4,3,4,1,4,0,4,
16,0,6,5,6,6,6,3,6,1,6,
15,0,1,3,4,3,4,1,4,0,4,
15,0,1,3,4,4,4,1,4,0,4,
15,0,1,3,4,3,4,1,4,0,4,
15,2,0,2,3,4,4,1,4,3,4,
16,0,2,3,4,4,4,1,4,1,5,
15,0,1,3,4,4,4,1,4,0,4,
15,0,1,3,4,4,4,1,4,0,4,
15,0,1,3,4,4,4,1,4,0,4,
15,0,1,3,4,4,4,1,4,0,4,
15,0,1,3,4,4,4,1,4,0,4,
15,0,1,2,4,4,4,1,4,0,4,
15,0,1,3,4,4,4,1,4,0,4,
16,0,1,3,4,4,4,1,4,0,4,
15,0,2,4,5,5,5,2,5,1,5,
16,0,1,3,4,4,4,1,4,1,4,
16,2,0,2,3,3,3,0,4,3,3,
16,0,1,3,4,4,4,1,4,1,4,
16,0,2,3,4,4,4,1,4,1,4,
16,0,1,4,4,4,4,1,4,0,4,
18,0,2,3,4,4,4,1,4,1,4,
16,0,1,3,4,4,4,1,4,1,4,
16,0,1,3,4,4,4,1,4,1,4,
16,0,1,3,4,4,4,1,4,1,4,
16,0,2,3,4,4,4,1,4,1,4,
17,0,4,4,4,4,5,4,4,1,5,
16,0,1,3,4,4,4,1,4,1,4,
16,0,2,3,4,4,4,1,4,1,5,
15,0,2,3,4,4,4,1,4,1,4,
16,0,1,4,4,4,4,1,4,0,4,
18,0,2,3,4,4,4,1,4,1,5,
16,0,1,3,4,4,4,1,4,1,5,
16,0,2,3,4,4,4,1,4,1,5,
16,0,2,3,4,4,4,1,4,1,5,
16,0,2,3,4,4,4,1,4,1,5,
16,0,1,3,4,4,4,1,4,1,5,
16,0,2,3,4,4,4,1,4,1,5,
20,0,1,5,4,4,5,1,5,0,5,
16,0,2,3,4,4,4,1,4,1,5,
16,0,2,3,4,4,4,1,4,1,5,
16,0,2,3,4,4,4,2,4,1,5,
16,0,1,4,4,4,4,1,4,0,4,
16,0,1,2,4,3,4,1,4,0,4,
16,0,2,3,4,4,4,1,4,1,5,
34,23,2,3,4,4,4,1,4,0,5,
16,0,2,3,4,4,4,2,5,1,5,
16,0,2,3,4,4,4,1,4,1,5,
16,0,2,3,4,4,4,2,5,1,5,
16,1,0,1,2,2,2,1,2,1,2,
16,0,2,3,5,4,4,2,5,1,5,
16,0,2,3,4,4,4,2,5,1,5,
16,2,0,2,4,3,3,1,4,2,4,
16,0,2,3,4,4,4,1,5,1,5,
16,0,2,3,4,4,4,2,5,1,5,
16,0,2,3,5,4,4,2,5,1,5,
16,0,2,3,5,4,4,2,5,1,5,
16,0,1,2,3,3,4,1,4,0,4,
15,0,2,3,4,4,4,2,5,1,5,
15,0,2,3,5,4,4,2,5,1,5,
15,0,2,3,4,4,4,2,5,1,5,
17,0,1,4,4,3,4,1,4,0,4,
15,0,2,3,4,4,4,2,5,0,5,
38,0,1,3,27,4,4,2,5,0,28,
16,0,1,2,3,5,5,1,5,0,4,
15,0,1,2,3,3,3,1,4,0,4,
15,0,1,2,3,3,4,1,4,0,4,
15,0,1,2,3,3,3,1,4,0,4,
15,0,1,2,3,3,4,1,4,0,4,
15,0,0,2,3,3,3,1,4,0,4,
17,0,1,2,4,5,4,1,4,0,4,
15,0,1,3,4,3,4,1,4,0,4,
15,0,1,3,4,3,4,1,4,0,4,
15,0,1,3,4,3,4,1,4,0,4,
16,0,1,3,4,4,4,1,4,0,4,
15,2,0,3,4,3,4,1,4,3,4,
15,0,1,2,3,3,3,1,4,0,4,
15,0,1,3,4,4,4,1,4,0,4,
15,0,1,3,4,3,4,1,4,0,4,
15,0,1,3,4,4,4,1,4,0,4,
15,0,1,3,4,3,4,1,4,0,4,
15,0,1,3,4,4,4,1,4,0,4,
15,0,1,3,4,4,4,1,4,0,4,
15,0,1,3,4,4,4,1,4,0,4,
15,0,1,2,4,4,4,1,4,0,4,
15,0,1,3,4,4,4,1,4,0,4,
15,0,1,2,4,4,4,1,4,0,4,
15,2,0,2,3,3,3,0,3,2,3,
15,0,1,3,4,4,4,1,4,0,4,
15,0,1,3,4,4,4,1,4,0,4,
15,0,1,3,4,4,4,1,4,0,4,
18,0,1,3,4,4,4,1,4,1,4,
15,0,1,3,4,4,4,1,4,0,4,
15,0,1,3,4,4,4,1,4,0,4,
16,0,2,4,5,5,5,2,5,1,5,
16,0,1,3,4,4,4,1,4,1,5,
16,0,4,4,4,4,5,4,4,1,5,
16,0,1,3,4,4,4,1,4,1,5,
16,0,1,3,4,4,4,1,4,1,4,
16,0,1,3,4,4,4,1,4,1,4,
16,0,1,3,4,4,4,1,4,1,4,
40,0,1,2,3,3,26,1,4,0,4,
17,0,1,2,3,3,4,1,4,0,4,
16,0,1,3,4,4,4,1,4,1,4,
16,0,1,3,4,4,4,1,4,1,4,
16,0,1,3,4,4,4,1,4,1,5,
16,0,2,3,4,4,4,1,4,1,5,
16,0,3,3,4,4,4,1,4,0,4,
15,0,2,3,4,3,4,1,4,1,4,
16,0,1,3,4,4,4,1,4,1,5,
16,0,1,3,4,4,4,1,4,0,5,
16,0,2,4,4,4,4,1,4,1,4,
18,0,2,3,4,4,4,2,5,1,5,
16,0,2,3,4,4,4,1,4,1,5,
36,0,1,24,4,4,4,1,4,1,5,
16,0,1,3,4,4,4,1,4,1,5,
16,1,0,2,3,3,3,1,3,2,3,
50,0,3,2,3,25,3,0,3,0,4,
39,0,1,2,3,3,3,0,3,0,4,
34,0,22,2,3,3,3,0,3,0,4,
16,0,1,2,3,3,3,0,3,0,4,
16,0,1,2,3,3,3,0,3,0,4,
16,0,2,3,4,4,4,1,4,1,5,
38,0,1,2,3,3,3,0,26,0,4,
16,0,2,3,4,4,4,1,4,0,5,
16,0,1,2,3,3,3,0,3,0,4,
16,0,1,2,3,3,3,0,3,0,4,
16,0,1,2,3,3,3,0,3,0,4,
16,0,1,2,3,3,3,0,4,0,4,
16,0,1,2,3,3,3,0,3,0,4,
16,3,1,2,3,3,3,0,3,4,3,
16,0,2,3,4,4,4,1,4,1,4,
16,0,1,2,3,3,3,0,3,0,4,
16,0,1,2,3,3,3,0,3,0,4,
16,0,1,2,3,3,3,0,3,0,4,
16,0,1,2,3,3,3,0,3,0,4,
15,0,1,2,3,3,3,0,4,0,4,
15,0,2,3,4,4,4,1,4,1,5,
15,0,1,2,3,3,3,0,3,0,4,
15,0,1,2,3,3,3,0,3,0,4,
15,0,1,2,3,3,3,0,4,0,4,
37,0,2,2,3,3,3,0,4,1,25,
16,0,2,3,4,4,4,1,4,0,5,
15,0,2,2,3,3,3,0,4,0,4,
15,0,2,3,3,3,3,0,4,0,4,
15,0,1,2,3,3,3,0,4,0,4,
15,0,2,2,3,3,3,0,4,1,4,
15,0,2,2,3,3,3,0,4,0,4,
15,0,2,2,3,3,3,0,4,1,4,
17,0,3,3,7,6,7,1,7,1,7,
15,0,2,2,3,3,4,1,4,1,4,
15,0,2,2,3,3,4,1,4,0,4,
15,0,2,3,4,3,4,1,4,1,4,
15,2,1,1,3,2,3,0,3,2,3,
34,0,2,2,3,3,4,1,4,23,4,
15,0,2,3,4,4,4,1,4,1,4,
18,0,2,3,4,3,4,1,4,1,4,
15,0,2,3,4,3,4,1,4,1,4,
15,0,2,3,4,3,4,1,4,1,4,
15,0,2,3,4,3,4,1,4,0,4,
15,0,2,3,4,3,4,1,4,1,4,
15,0,0,0,1,1,1,0,1,0,1,
15,0,2,3,4,4,4,1,4,1,4,
16,0,2,3,4,4,5,1,5,1,5,
15,0,2,3,4,4,4,1,4,1,4,
15,0,1,4,4,4,4,0,4,1,4,
16,0,1,2,3,3,3,0,3,0,4,
15,0,2,3,4,4,4,1,4,1,4,
15,0,2,3,4,4,4,1,4,1,4,
15,0,2,3,4,4,4,1,4,1,4,
15,0,2,3,4,4,4,1,4,1,4,
16,0,1,3,4,3,4,1,4,1,4,
15,0,2,3,4,4,4,1,4,1,4,
15,0,4,3,4,4,4,1,4,0,4,
15,0,2,3,3,3,3,1,4,1,4,
15,0,2,3,4,4,4,1,4,1,4,
16,0,2,3,4,5,4,1,4,1,4,
16,0,1,4,4,4,4,1,4,1,4,
18,0,2,3,4,4,4,1,4,1,4,
16,0,2,3,4,4,4,1,4,1,4,
16,0,1,2,3,3,3,0,3,0,3,
16,0,2,3,4,4,4,1,4,1,4,
16,0,1,2,3,3,3,0,3,0,3,
16,0,1,2,3,3,3,0,3,0,3,
16,0,1,2,3,3,3,0,3,0,3,
18,0,4,4,4,4,5,1,4,1,4,
16,0,1,2,3,3,3,0,3,0,3,
16,0,2,3,4,4,4,1,4,1,4,
16,0,1,2,3,4,4,2,4,0,3,
16,0,1,3,3,3,3,0,3,0,4,
16,0,1,2,3,3,3,0,3,0,3,
31,0,1,2,3,3,3,19,3,0,4,
18,0,1,2,3,3,5,0,5,0,5,
16,0,1,2,3,3,3,0,3,0,4,
16,0,1,2,3,3,3,0,3,0,4,
16,0,1,2,3,3,3,0,3,0,4,
16,0,1,2,3,3,3,0,3,0,4,
17,0,1,2,3,3,3,0,4,0,4,
16,0,1,2,3,3,3,0,3,0,4,
16,3,1,2,3,3,3,0,3,3,4,
16,0,1,2,3,3,3,0,3,0,3,
16,0,1,2,3,3,3,0,3,0,4,
16,0,2,3,4,4,4,1,4,1,5,
16,0,1,2,3,3,3,0,3,0,4,
16,0,1,2,3,3,3,0,3,0,4,
16,0,2,2,3,3,3,0,4,0,4,
15,0,1,2,3,3,3,0,3,0,4,
15,0,1,2,3,3,3,0,3,0,4,
15,0,1,2,3,3,3,0,4,0,4,
15,0,1,2,3,3,3,0,4,0,4,
15,0,2,3,4,4,4,2,5,1,5,
15,1,0,1,2,2,2,0,3,2,3,
15,0,2,3,4,4,4,2,5,1,5,
15,0,1,3,4,3,4,1,4,0,4,
15,0,2,3,4,4,4,2,5,1,5,
18,0,2,3,4,4,4,2,5,1,5,
15,0,0,2,4,3,4,1,4,0,4,
15,0,2,3,4,4,4,2,5,1,5,
15,0,1,2,4,3,4,1,4,0,4,
15,0,1,2,3,3,4,1,4,0,4,
17,0,4,4,4,4,5,1,4,0,4,
15,0,1,2,4,3,4,1,4,0,4,
15,0,1,2,4,3,4,1,4,0,4,
15,0,1,2,4,4,3,1,4,0,4,
15,0,1,3,3,3,4,1,4,0,4,
18,0,2,3,4,4,4,1,4,1,5,
15,0,1,3,4,3,4,1,4,0,4,
15,0,1,3,4,3,4,1,4,0,4,
15,0,1,3,4,3,4,1,4,0,4,
15,0,1,3,4,4,4,1,4,0,4,
16,0,1,2,4,3,3,1,4,0,4,
15,0,1,3,4,4,4,1,4,0,4,
15,0,2,3,4,3,4,1,4,0,4,
16,0,1,2,4,4,4,1,5,0,4,
15,0,2,4,5,5,5,2,5,1,5,
15,0,1,3,4,4,4,1,4,0,4,
17,0,1,3,4,4,4,1,4,0,4,
16,0,1,3,4,4,4,1,4,0,4,
16,0,1,3,4,4,4,1,4,0,4,
15,0,1,3,4,4,4,1,4,0,4,
16,0,2,4,5,5,5,2,5,1,5,
15,0,1,3,4,4,4,1,4,1,4,
18,0,2,3,6,4,4,1,4,0,6,
16,0,2,3,4,4,4,1,4,1,4,
15,0,3,3,4,4,4,1,4,0,4,
18,4,0,2,3,4,4,1,7,4,4,
16,0,2,4,5,5,5,2,5,1,5,
18,0,2,4,5,8,5,2,5,1,5,
16,0,1,3,4,4,4,1,4,1,4,
16,0,1,2,4,4,5,3,5,0,4,
16,0,1,3,4,4,4,1,4,0,4,
16,0,2,3,4,4,4,1,4,1,5,
16,0,2,3,4,4,4,1,5,1,5,
16,0,2,3,4,4,4,1,4,1,5,
16,0,2,3,4,4,4,1,4,1,5,
16,0,1,3,4,4,4,1,4,1,5,
20,0,1,5,5,5,6,1,5,0,5,
16,0,1,3,4,4,4,1,4,1,5,
16,0,2,3,4,4,4,1,4,1,5,
16,0,2,3,4,4,4,1,4,1,5,
16,0,1,4,4,4,4,1,4,1,4,
16,0,1,3,4,4,4,1,4,1,5,
16,0,2,3,4,4,4,1,4,1,5,
16,0,2,4,5,5,5,2,5,1,6,
16,0,2,3,4,4,4,1,4,1,5,
16,0,2,3,4,4,4,1,4,1,5,
16,0,1,3,4,4,4,1,4,1,5,
16,0,2,3,4,4,4,1,4,1,5,
16,0,4,4,4,4,5,4,4,1,5,
16,0,1,3,4,4,4,1,4,1,5,
16,0,2,3,4,4,4,1,4,1,5,
16,0,2,3,4,4,4,1,4,1,5,
16,0,1,4,4,4,4,1,5,1,5,
16,0,1,3,4,4,4,1,4,0,4,
16,0,1,3,4,4,4,1,4,1,5,
16,0,2,3,4,4,4,1,4,1,5,
16,0,2,3,4,4,4,2,5,1,5,
18,0,2,4,4,4,4,2,5,1,5,
15,0,1,3,4,4,4,1,5,1,5,
15,0,2,3,4,4,4,1,5,1,5,
15,0,4,3,4,4,4,2,5,0,4,
15,0,2,4,4,4,4,2,5,1,4,
15,0,2,3,4,4,4,1,5,1,5,
15,2,0,2,3,2,3,0,3,2,3,
15,0,2,3,4,4,4,1,4,1,5,
15,0,1,3,4,4,4,2,4,1,5,
15,0,2,3,4,4,4,2,4,1,5,
17,0,2,4,5,6,5,3,5,1,6,
15,0,2,3,4,4,4,2,5,1,5,
15,0,2,3,5,4,4,2,5,1,5,
16,0,2,3,4,4,4,2,5,1,5,
15,0,2,3,4,4,4,2,5,1,5,
17,0,2,5,5,5,6,5,5,1,5,
15,0,2,3,4,4,4,2,5,1,5,
15,0,1,2,4,3,4,1,4,0,4,
15,0,1,2,4,4,3,1,4,0,4,
15,0,1,3,3,3,4,1,4,0,4,
18,0,1,3,4,4,4,1,4,0,4,
15,0,1,2,4,3,4,1,4,0,4,
15,0,1,3,4,3,4,1,4,0,4,
15,0,1,3,4,3,4,1,4,0,4,
15,0,1,3,4,4,4,1,4,0,4,
16,0,1,2,4,3,3,1,4,0,5,
15,0,1,3,4,4,4,1,4,0,4,
15,0,2,3,4,4,4,1,4,0,4,
16,0,1,3,4,4,4,1,5,0,4,
15,0,1,3,4,4,4,1,4,0,4,
15,0,1,2,4,4,4,1,4,0,4,
17,0,1,3,4,4,4,1,4,0,4,
16,0,1,3,4,4,4,1,4,0,5,
15,0,1,2,4,4,4,1,4,0,4,
15,0,1,3,4,4,4,1,4,0,4,
15,0,1,3,4,4,4,1,4,0,4,
15,0,1,3,4,4,4,1,4,0,4,
18,0,1,2,7,4,4,1,4,0,7,
15,0,1,3,4,4,4,1,4,0,4,
15,0,1,3,4,4,4,1,4,0,4,
15,0,1,3,4,4,4,1,4,0,4,
16,0,2,3,4,4,4,1,4,0,4,
16,0,2,3,4,4,4,1,4,0,4,
15,0,1,3,4,4,4,1,4,0,4,
16,0,1,3,4,4,4,1,5,0,5,
15,0,1,3,4,4,4,1,4,0,4,
16,0,2,3,4,4,4,1,4,0,4,
15,0,2,4,5,5,5,2,5,1,5,
15,0,1,3,4,3,4,1,4,0,4,
16,0,1,3,4,4,4,1,4,0,5,
16,0,1,3,4,4,4,1,4,1,4,
16,0,3,3,4,4,4,1,4,0,4,
15,0,1,3,4,3,4,1,4,1,4,
16,0,1,3,4,4,4,1,4,1,4,
16,0,2,3,4,4,4,1,4,1,4,
16,0,1,4,4,5,4,1,4,0,4,
18,0,1,3,4,3,4,1,4,0,4,
16,0,2,3,5,4,4,1,4,1,5,
17,0,1,3,4,4,4,1,4,1,4,
16,0,2,3,4,4,4,1,4,1,4,
16,0,2,3,4,4,4,1,4,1,4,
16,0,2,3,4,4,4,1,4,1,4,
16,0,1,3,4,4,4,1,4,1,4,
18,0,1,4,4,4,5,1,4,0,4,
16,0,2,3,4,4,4,1,4,1,5,
16,0,2,3,4,4,4,1,4,1,5,
16,0,1,2,4,4,4,1,4,1,4,
16,0,2,4,4,4,4,1,4,1,4,
19,0,1,3,4,4,4,1,4,0,4,
16,0,1,3,4,4,4,1,4,1,5,
16,0,2,3,4,4,4,1,4,1,5,
16,0,2,3,4,4,4,1,5,1,5,
16,0,2,3,4,4,4,1,4,1,5,
17,0,1,3,5,4,4,1,4,1,5,
16,0,1,3,4,4,4,1,4,1,5,
16,0,3,3,4,4,4,1,4,1,5,
17,0,2,3,4,4,4,1,6,1,5,
16,0,2,3,4,4,4,1,5,1,5,
16,0,2,3,4,4,4,2,4,1,5,
18,0,1,3,4,4,4,2,5,1,5,
15,0,2,4,5,5,5,2,5,1,5,
15,0,2,3,4,4,4,2,5,0,5,
15,0,2,3,4,4,4,2,5,1,5,
15,0,2,3,4,4,4,2,5,1,5,
15,0,2,3,4,4,4,2,5,1,5,
18,0,2,3,7,4,4,1,5,1,8,
15,0,1,2,3,3,3,1,4,0,4,
15,0,2,3,5,5,5,2,5,1,5,
15,0,1,2,3,3,3,1,4,0,4,
15,0,2,3,4,4,4,2,5,1,5,
15,0,2,3,4,4,4,2,5,1,5,
15,3,0,2,3,3,3,0,4,4,3,
15,0,1,2,3,3,3,1,4,0,4,
17,0,1,2,3,3,4,1,6,0,4,
15,0,1,2,3,3,4,1,4,0,4,
15,0,1,3,4,4,4,2,5,1,5,
15,0,1,2,4,3,4,1,4,0,4,
15,0,1,3,4,3,4,1,4,0,4,
15,0,1,2,4,3,4,1,4,0,4,
15,0,1,2,3,3,4,1,4,0,4,
15,0,1,3,4,3,4,1,4,0,4,
15,0,1,3,4,3,4,1,4,0,4,
15,0,0,2,4,3,4,1,4,0,4,
15,3,0,2,3,3,3,1,4,4,4,
15,0,1,3,4,3,4,1,4,0,4,
15,0,1,2,3,3,4,1,4,0,4,
15,0,1,3,4,4,4,1,4,0,4,
17,0,1,3,4,3,4,1,4,0,4,
15,0,2,4,5,4,5,2,5,0,5,
15,0,1,2,4,3,4,1,4,0,4,
15,0,1,3,4,3,4,1,4,0,4,
15,0,1,3,4,4,4,1,4,0,4,
17,0,4,4,4,4,4,1,4,0,4,
15,0,1,3,4,4,4,1,4,0,4,
15,0,2,4,5,5,5,2,5,1,5,
15,0,1,3,4,4,4,1,4,0,4,
15,0,0,4,4,3,4,1,4,0,4,
15,0,1,3,4,4,4,1,4,0,4,
15,0,1,3,4,4,4,1,4,0,4,
18,0,1,3,4,4,4,1,4,0,4,
15,0,1,2,4,4,4,1,4,0,4,
15,0,1,3,4,4,4,1,4,0,4,
15,0,1,3,4,4,4,1,4,0,4,
15,0,1,3,4,4,4,1,4,0,4,
15,0,0,1,3,3,3,0,3,0,3,
15,0,1,3,4,4,4,1,4,0,4,
16,0,2,3,4,4,4,1,4,0,4,
15,1,0,1,3,3,3,0,3,2,3,
15,0,1,3,4,4,4,1,4,0,4,
16,0,1,3,4,4,4,1,4,1,4,
16,0,1,3,4,4,4,1,4,0,4,
16,0,1,3,4,4,4,1,4,1,4,
15,0,1,3,4,4,4,1,4,0,4,
19,0,2,3,7,4,4,1,4,0,7,
28,0,2,3,4,4,4,1,4,1,4,
16,0,2,3,4,4,4,1,4,1,4,
15,0,2,3,4,4,4,1,4,1,4,
15,0,1,3,4,3,4,1,4,0,4,
16,4,0,2,3,4,4,1,4,4,4,
16,0,1,3,4,4,4,1,4,1,5,
16,0,2,4,5,5,5,2,5,1,5,
16,0,1,3,4,4,4,1,4,1,4,
16,0,1,3,4,4,4,1,4,0,4,
16,0,1,3,4,4,4,1,4,1,4,
16,0,1,3,4,4,4,1,4,1,4,
16,0,1,3,4,4,4,1,4,1,5,
16,0,3,4,5,5,5,2,5,1,5,
16,1,0,2,3,3,3,0,3,2,3,
16,0,2,3,4,4,4,1,4,1,5,
16,0,3,4,5,5,5,2,5,1,6,
16,0,3,4,5,5,5,2,5,1,6,
16,0,2,3,4,4,4,1,4,1,5,
16,0,2,3,4,4,4,1,4,1,5,
16,0,1,3,4,4,4,1,4,1,5,
18,0,2,3,4,4,4,1,4,1,5,
16,0,2,3,4,4,4,1,4,1,5,
16,0,1,3,4,4,4,1,4,1,5,
16,0,1,3,4,4,4,1,4,1,5,
16,0,2,3,4,4,4,1,4,1,5,
18,0,5,5,5,5,6,5,5,0,5,
16,0,2,3,4,4,4,1,4,1,5,
15,0,2,3,4,4,4,1,4,1,5,
15,0,1,3,4,4,4,1,4,1,5,
15,0,1,4,4,4,4,1,4,1,5,
18,0,1,3,4,4,4,1,4,0,4,
15,0,2,3,4,4,4,2,5,1,5,
15,0,2,3,4,4,4,2,4,1,5,
15,0,2,3,4,4,4,1,4,1,5,
15,0,1,3,4,4,4,2,4,1,5,
15,0,2,3,5,4,4,1,5,1,5,
15,0,2,3,4,4,4,1,5,1,5,
15,0,3,3,4,4,4,1,5,1,5,
16,0,2,3,4,4,4,2,6,1,5,
15,0,2,3,4,4,4,2,5,1,5,
15,0,2,3,4,4,4,2,5,1,5,
17,0,1,2,4,3,4,1,4,0,4,
15,0,2,4,5,5,5,2,5,0,5,
15,0,4,3,4,4,4,2,5,1,5,
15,0,1,2,3,3,3,1,4,0,4,
15,0,1,2,3,3,3,1,4,0,4,
16,0,1,2,4,3,4,1,4,0,4,
18,0,1,2,6,3,4,1,4,0,7,
15,0,1,3,4,3,4,1,4,0,4,
15,0,1,3,4,3,4,1,4,0,4,
15,0,1,2,3,3,4,1,4,0,4,
15,0,1,3,4,3,4,1,4,0,4,
15,0,1,2,4,3,4,1,4,0,4,
15,2,0,2,3,3,4,1,4,3,4,
16,0,2,3,4,4,4,1,4,1,4,
15,0,1,2,4,3,4,1,4,0,4,
17,0,1,3,4,6,4,1,4,0,4,
15,0,1,3,4,3,4,1,4,0,4,
17,0,1,3,6,3,4,1,4,0,6,
18,0,1,3,7,4,4,1,4,0,7,
15,0,1,3,4,4,4,1,4,0,4,
15,0,3,3,4,4,4,1,4,0,4,
18,0,1,3,4,4,4,1,7,0,4,
15,0,1,3,4,4,4,1,4,0,4,
15,0,1,3,4,4,4,1,4,0,4,
17,0,1,3,4,4,4,1,4,0,4,
15,0,1,3,4,4,4,3,4,0,4,
15,0,1,3,4,4,4,1,4,0,4,
15,0,1,3,4,4,4,1,4,0,4,
17,0,2,3,4,4,4,1,4,1,5,
15,0,1,3,4,4,4,1,4,0,4,
16,0,2,2,4,4,4,1,4,0,5,
15,0,1,3,4,4,4,1,4,0,4,
15,0,4,4,5,5,5,2,5,1,5,
15,0,1,3,3,3,3,1,4,0,4,
16,0,1,3,4,4,4,1,4,0,4,
16,0,1,3,4,5,4,1,4,0,4,
16,0,1,5,4,4,4,1,4,0,4,
16,0,1,2,3,3,4,3,4,1,4,
15,0,1,3,4,4,4,1,4,0,4,
15,0,1,3,4,4,4,1,4,0,4,
18,0,1,3,4,4,4,1,4,0,4,
16,0,1,3,4,4,4,1,4,1,4,
17,0,2,3,5,4,4,1,4,1,5,
16,0,1,3,4,4,4,1,4,0,4,
16,0,4,3,4,4,4,1,4,0,4,
16,0,2,3,4,4,4,1,4,1,4,
16,0,1,3,4,4,4,1,4,1,4,
15,0,4,3,4,4,4,1,4,1,4,
15,1,0,2,3,3,3,0,3,2,3,
18,0,2,3,4,4,4,1,6,1,4,
16,0,0,2,4,3,4,1,4,0,4,
16,0,1,3,4,4,4,1,4,1,4,
16,0,2,3,4,4,4,1,4,1,4,
16,0,2,3,4,4,4,1,4,1,4,
16,0,3,4,5,5,5,2,5,1,6,
16,0,2,3,4,4,4,1,4,1,5,
16,0,2,3,4,4,4,1,4,1,5,
16,0,1,3,4,4,4,1,4,1,5,
16,0,2,3,4,4,4,1,4,1,5,
16,0,2,3,4,4,4,1,4,1,5,
16,2,0,2,3,3,3,0,3,3,4,
16,0,1,3,4,4,4,1,4,1,5,
16,0,2,3,4,4,4,1,4,1,5,
16,0,2,3,4,4,4,1,4,1,5,
15,0,2,3,4,4,4,1,4,1,5,
15,0,2,3,4,4,4,1,4,1,5,
15,0,2,3,4,4,4,1,4,1,5,
15,0,2,3,4,4,4,1,4,1,5,
15,0,2,3,4,4,4,1,4,1,5,
15,0,0,0,1,1,1,0,1,0,1,
15,0,2,3,4,4,4,2,5,1,5,
15,0,2,3,4,4,4,1,4,1,5,
15,0,1,3,4,4,4,2,5,1,5,
15,0,1,4,4,4,4,1,4,1,5,
15,0,2,3,4,4,4,2,5,1,5,
15,0,2,3,4,4,4,2,5,1,5,
15,0,2,3,4,4,4,1,5,1,5,
15,0,2,3,4,4,4,2,5,1,5,
15,0,2,3,4,4,4,2,5,1,5,
15,0,1,2,4,3,4,1,4,0,4,
15,0,2,3,4,4,4,2,5,1,5,
19,0,2,6,6,6,6,1,6,1,6,
15,0,2,3,4,4,4,2,5,1,4,
15,0,1,3,4,4,5,2,5,1,5,
15,0,1,3,4,4,3,1,4,0,4,
15,0,1,4,3,3,3,1,4,0,4,
18,0,0,2,4,3,4,1,4,0,4,
15,0,2,3,4,4,4,2,5,1,5,
15,0,1,3,4,3,4,1,4,0,4,
15,0,1,2,4,3,4,1,4,0,4,
15,0,1,3,4,3,4,1,4,0,4,
15,0,1,2,4,3,4,1,4,0,4,
15,0,1,3,4,3,4,1,4,0,4,
18,0,1,5,5,5,5,1,5,1,5,
15,0,1,3,4,3,4,1,4,0,4,
15,0,1,3,4,4,4,1,4,0,4,
15,0,1,3,4,4,4,1,4,0,4,
15,0,0,3,4,3,4,1,4,0,4,
15,0,1,3,4,4,4,1,4,0,4,
16,0,2,4,5,5,5,2,5,1,5,
17,0,1,3,4,4,4,1,4,0,4,
15,0,1,3,4,4,4,1,4,0,4,
15,0,1,3,4,4,4,1,4,0,4,
15,0,1,3,4,4,4,1,4,0,4,
15,0,2,4,5,5,5,2,5,1,5,
17,0,1,3,4,6,4,1,4,0,4,
15,0,1,3,4,4,4,1,4,0,4,
15,0,1,3,4,4,4,1,4,0,4,
15,0,1,2,4,4,4,1,4,0,4,
15,0,1,3,4,4,4,1,4,0,4,
15,0,2,3,4,4,4,1,4,0,4,
15,0,1,3,4,4,4,1,4,0,4,
18,0,1,3,4,4,4,1,4,0,4,
15,0,1,3,4,4,4,1,4,0,4,
15,0,1,3,4,4,4,1,4,0,4,
15,0,1,2,4,4,4,1,4,0,4,
15,0,2,3,4,4,4,1,4,0,4,
17,0,4,4,4,4,5,1,4,1,5,
16,0,1,3,4,4,4,1,4,0,4,
15,0,1,3,4,4,4,1,4,0,4,
16,0,2,2,4,4,4,1,4,1,4,
15,0,1,4,4,4,4,1,4,1,4,
18,0,1,3,4,3,4,1,4,0,4,
16,0,2,3,4,4,4,1,4,0,4,
16,0,2,3,4,4,4,1,4,1,5,
16,0,2,3,4,4,4,1,4,1,4,
15,0,2,4,5,5,5,2,5,1,5,
16,0,2,2,4,4,4,1,4,1,5,
16,0,1,3,4,4,4,1,4,1,4,
16,0,3,3,4,4,4,1,4,1,4,
16,0,2,3,4,4,4,1,5,1,5,
16,0,2,3,4,4,4,1,4,1,5,
16,0,2,3,4,4,4,1,4,1,5,
18,0,1,3,4,4,4,1,4,1,4,
16,0,3,5,6,5,6,2,6,1,6,
16,0,2,3,4,4,4,1,4,1,5,
16,0,3,4,5,5,5,2,5,0,6,
16,0,1,3,4,4,4,1,4,1,5,
16,0,3,3,4,4,4,1,4,0,5,
19,0,1,3,7,4,4,1,4,1,8,
16,0,1,3,4,4,4,1,4,1,5,
16,0,2,3,4,4,4,1,4,1,5,
16,0,2,3,4,4,4,1,4,1,5,
16,0,3,4,5,5,5,2,5,1,6,
15,0,1,3,4,4,4,1,4,1,5,
15,2,1,2,3,3,3,0,3,2,4,
15,0,2,3,4,4,4,1,4,1,5,
15,0,2,3,4,4,4,1,4,1,5,
15,0,1,3,4,4,4,1,4,1,5,
15,0,1,3,4,4,4,1,4,1,5,
15,0,2,3,4,4,4,1,5,1,5,
15,0,2,3,4,5,4,1,4,0,5,
15,0,2,3,4,4,4,1,4,1,5,
15,0,2,3,5,4,4,2,5,1,5,
16,0,2,3,4,4,4,1,5,1,5,
15,0,1,3,4,4,4,2,5,1,5,
15,0,2,3,4,4,4,2,5,1,5,
15,1,0,1,2,2,2,0,3,2,3,
15,0,2,3,4,4,4,2,5,1,5,
15,0,2,3,4,4,4,2,5,1,5,
15,0,2,3,4,4,4,2,5,1,5,
15,0,2,3,4,4,4,2,5,1,5,
15,0,0,2,3,3,3,1,4,0,4,
15,0,2,3,4,4,4,2,5,1,5,
15,0,1,2,4,3,4,1,4,0,4,
15,0,1,2,3,3,4,1,4,0,4,
15,0,1,3,5,4,5,2,5,1,5,
15,0,1,2,3,3,3,1,4,0,4,
15,0,1,3,4,3,4,1,4,0,4,
15,2,0,2,3,3,4,1,4,3,4,
17,0,1,3,4,3,4,1,6,0,4,
15,0,1,3,4,3,4,1,4,0,4,
15,0,1,2,4,3,4,1,4,0,4,
15,0,1,2,4,3,4,1,4,0,4,
15,0,1,3,4,3,4,1,4,0,4,
17,0,1,3,5,3,4,1,4,0,6,
15,0,1,3,4,3,4,1,4,0,4,
15,0,2,2,4,3,4,1,4,0,4,
17,0,1,3,4,3,4,1,6,0,4,
15,0,1,3,4,3,4,1,4,0,4,
15,0,1,3,4,4,4,1,4,0,4,
17,0,1,3,4,3,4,1,4,0,4,
16,0,1,3,4,4,4,1,4,0,5,
17,0,2,3,4,4,4,1,4,1,4,
15,0,1,3,4,4,4,1,4,0,4,
15,0,1,3,4,4,4,1,4,0,4,
15,0,1,3,4,4,4,1,4,0,4,
18,0,1,3,4,3,4,1,4,0,7,
15,0,1,3,4,4,4,1,4,0,4,
15,0,1,3,4,4,4,1,4,0,4,
15,0,1,3,4,4,4,1,4,0,4,
16,0,2,4,5,5,5,2,5,1,5,
15,0,1,3,4,4,4,1,4,0,4,
15,2,0,2,3,3,3,0,3,3,3,
15,0,1,3,4,4,4,1,4,0,4,
15,0,1,3,4,4,4,1,4,0,4,
15,0,2,4,5,5,5,2,5,1,5,
15,0,1,3,4,4,4,1,4,0,4,
16,0,1,3,4,4,4,1,4,0,4,
16,0,1,3,4,4,4,1,4,0,4,
16,0,1,3,4,4,4,1,4,0,4,
16,0,1,3,4,4,4,1,4,0,4,
16,0,1,3,4,4,4,1,4,0,4,
16,0,1,3,4,4,4,1,4,0,4,
16,0,2,3,4,4,4,1,4,1,4,
16,0,1,3,4,4,4,1,4,4,4,
16,0,1,3,4,4,4,1,4,0,4,
16,0,2,3,4,4,4,1,4,1,4,
16,0,1,3,4,4,4,1,4,1,4,
18,0,2,3,4,4,4,1,4,1,4,
16,0,1,3,4,4,4,1,4,1,5,
16,0,2,3,4,4,4,1,4,1,4,
16,0,2,3,4,4,4,1,4,1,4,
16,0,2,3,4,4,4,1,4,1,5,
17,0,4,4,4,4,5,1,4,1,5,
16,0,2,3,4,4,4,1,4,1,5,
16,0,3,4,5,5,5,2,5,0,6,
16,0,2,3,4,4,4,1,4,1,5,
16,0,2,4,4,4,4,1,4,1,4,
18,0,2,3,4,4,4,2,5,1,5,
16,0,1,3,4,4,4,1,4,1,5,
16,0,2,3,4,4,4,1,4,1,5,
16,0,2,3,4,4,4,1,4,1,5,
16,0,1,3,4,4,4,1,4,1,5,
16,0,2,3,5,4,4,1,4,1,5,
16,0,2,3,4,4,4,1,4,1,5,
15,0,3,3,4,4,4,1,4,1,5,
16,0,1,3,4,4,4,1,5,1,5,
15,0,2,3,4,4,4,1,4,1,5,
17,0,2,3,4,7,4,1,4,1,5,
17,0,2,3,4,4,4,1,4,1,5,
18,0,2,6,7,7,7,2,7,1,7,
15,0,2,3,4,4,4,1,4,1,5,
15,0,2,3,4,4,4,1,4,1,5,
15,0,2,3,4,4,4,2,5,1,5,
15,0,2,3,4,4,4,1,5,1,5,
16,0,2,3,5,4,4,2,5,1,6,
15,0,2,3,4,4,4,1,4,1,5,
15,0,2,3,4,4,4,2,5,0,5,
16,0,2,3,4,4,4,2,6,1,5,
15,0,2,3,4,4,4,2,5,1,5,
16,0,2,3,4,6,4,2,5,1,5,
16,0,2,5,4,4,4,2,5,1,5,
17,0,1,4,5,5,5,3,6,1,6,
15,0,1,2,3,3,4,1,4,0,4,
15,0,2,3,4,4,4,2,5,1,5,
15,0,2,3,4,4,5,2,5,0,5,
15,0,1,3,4,3,4,1,4,0,4,
15,0,1,3,4,3,4,1,4,0,4,
15,0,1,2,4,3,4,1,4,0,4,
18,0,1,4,4,4,5,1,4,0,4,
15,0,1,3,4,3,4,1,4,0,4,
15,0,1,3,4,3,4,1,4,0,4,
15,0,1,3,4,4,4,1,4,0,4,
15,0,1,3,3,4,4,0,4,0,4,
15,0,1,3,4,3,4,1,4,0,4,
26,0,2,2,4,3,4,1,4,1,4,
23,0,2,3,4,4,4,1,4,1,5,
15,0,2,3,4,3,4,0,4,1,4,
15,0,2,3,4,3,4,1,4,1,4,
15,0,2,3,4,4,4,1,4,1,4,
15,0,2,2,3,3,3,0,4,0,4,
19,0,4,4,4,4,5,0,4,1,4,
15,0,2,3,4,4,5,1,5,1,5,
15,0,2,3,4,3,4,1,4,0,4,
15,0,2,3,4,4,3,1,4,0,4,
15,0,2,4,4,3,4,1,4,1,4,
18,0,0,3,4,4,4,1,4,0,4,
15,0,2,3,4,3,4,1,4,1,4,
15,0,2,3,4,3,4,1,4,1,4,
17,0,2,3,4,4,4,1,4,1,4,
15,0,2,3,4,4,4,1,4,1,4,
16,0,1,3,4,3,3,1,4,1,5,
15,0,2,3,4,4,4,1,4,1,4,
15,0,2,3,4,4,4,1,4,1,4,
18,0,2,3,4,4,4,1,7,1,4,
15,0,2,3,4,4,4,1,4,1,4,
15,0,2,3,4,4,4,1,4,1,4,
15,0,2,3,4,4,4,1,4,1,4,
18,0,2,3,4,5,5,1,7,1,4,
15,0,2,3,4,4,4,1,4,1,4,
15,0,2,3,4,4,4,1,4,1,4,
15,0,2,4,5,5,5,2,5,1,5,
15,0,2,3,4,4,4,1,4,1,4,
15,0,2,3,4,4,4,1,4,1,4,
15,0,2,3,4,4,4,1,4,1,4,
16,0,2,3,4,4,4,1,4,1,4,
15,0,2,3,4,4,4,1,4,1,4,
15,0,2,3,4,4,4,1,4,1,4,
16,0,2,3,4,4,4,1,4,1,4,
17,1,0,2,5,5,5,0,5,1,5,
15,1,1,2,3,3,3,0,3,1,3,
16,0,1,2,3,3,3,0,3,0,3,
16,0,3,4,5,5,5,2,5,1,5,
16,0,1,2,3,3,3,0,3,0,3,
16,0,2,3,4,4,4,1,4,1,4,
16,0,1,2,3,3,3,0,3,0,3,
16,0,1,2,3,3,3,0,3,0,4,
16,0,2,3,4,4,4,1,4,1,5,
16,0,1,2,3,3,3,0,3,0,3,
16,0,1,2,3,3,3,0,3,0,4,
16,0,1,2,3,3,3,0,3,0,4,
16,0,2,3,4,4,4,1,4,1,5,
16,0,2,3,4,4,4,1,4,1,5,
16,0,1,2,3,3,3,0,3,0,4,
16,0,1,2,3,3,3,0,3,0,4,
18,0,1,2,3,3,3,0,3,0,4,
15,0,1,2,3,3,3,0,3,0,4,
15,0,1,2,3,3,3,0,3,0,4,
15,0,1,2,3,3,3,0,3,0,4,
15,0,1,2,3,3,3,0,3,0,4,
15,0,3,3,4,3,4,3,4,3,4,
15,0,1,2,3,3,3,0,3,0,4,
15,0,1,2,3,3,3,0,3,0,4,
15,0,1,2,3,3,3,0,4,0,4,
15,0,1,2,3,3,3,0,3,0,4,
15,0,1,2,3,3,3,0,4,0,4,
15,0,1,2,3,3,3,0,3,0,4,
15,0,1,2,3,3,3,0,4,0,4,
16,0,2,3,4,3,4,1,4,1,4,
15,0,1,2,3,3,3,0,4,0,4,
15,0,1,2,3,3,3,0,4,0,4,
15,0,1,2,3,3,3,0,4,0,4,
15,0,1,2,3,3,3,0,4,0,4,
15,0,1,2,3,3,3,0,4,0,4,
15,0,1,2,3,3,3,0,4,1,4,
15,2,1,2,3,3,3,0,4,3,4,
15,0,1,2,3,3,3,0,4,0,4,
15,0,1,2,3,3,3,0,4,0,4,
15,0,2,2,3,3,3,0,4,0,4,
15,0,1,2,3,3,3,0,4,0,4,
15,0,1,2,3,3,3,0,4,1,4,
15,0,1,2,3,3,3,0,4,1,4,
15,0,2,2,3,3,3,0,4,1,4,
15,0,1,2,3,3,3,0,4,0,4,
15,0,2,2,4,3,4,0,4,1,4,
15,0,1,1,3,2,2,0,3,1,3,
15,0,2,2,3,3,3,0,4,1,4,
15,0,2,3,4,4,4,1,5,3,5,
15,0,2,2,3,3,3,0,4,0,4,
15,0,2,2,4,3,4,1,4,0,4,
15,0,2,3,4,3,4,1,4,0,4,
17,0,1,3,4,3,4,1,4,1,4,
15,0,1,3,4,3,4,1,4,1,4,
15,0,1,3,4,3,4,1,4,1,4,
15,0,1,3,4,3,4,1,4,0,4,
15,0,2,3,4,3,4,1,4,1,4,
16,0,4,4,4,4,4,0,4,0,4,
15,0,2,3,4,4,4,1,4,1,4,
15,0,2,3,4,4,4,1,4,1,4,
15,0,2,3,4,4,4,1,4,1,4,
15,0,2,3,4,4,4,1,4,1,4,
17,0,1,2,3,3,3,0,3,0,4,
15,0,2,3,4,4,4,1,4,1,4,
15,0,2,3,4,4,4,1,4,1,4,
15,0,2,3,4,4,4,1,4,1,4,
15,0,2,3,4,4,4,1,4,1,4,
16,0,1,3,4,3,4,1,4,1,5,
15,0,2,3,4,4,4,1,4,1,4,
15,0,4,3,4,3,4,0,4,0,4,
16,0,2,3,4,3,4,1,4,1,4,
15,0,1,3,4,4,4,1,4,1,4,
17,0,2,3,4,6,4,1,4,1,4,
16,0,2,3,4,4,4,1,4,1,4,
15,0,2,3,4,4,4,1,4,1,4,
16,0,1,2,3,3,3,0,3,0,3,
15,0,2,3,4,4,4,1,4,1,4,
17,0,1,2,3,3,3,0,3,0,3,
16,0,1,2,3,3,3,0,3,0,3,
18,0,1,2,5,3,3,0,3,0,6,
15,0,2,3,4,4,4,1,4,1,4,
16,0,5,3,4,4,4,1,4,1,4,
16,0,2,3,4,4,4,1,4,1,4,
16,0,2,3,4,4,4,1,4,1,4,
16,0,2,3,4,4,4,1,4,1,4,
16,3,0,2,2,3,3,0,3,4,3,
15,0,1,2,3,3,3,0,4,0,4,
16,0,1,2,3,3,3,0,3,0,4,
16,0,1,2,3,3,3,0,3,0,3,
16,0,2,3,4,4,4,1,4,1,5,
16,0,1,3,4,4,4,1,4,1,5,
18,0,1,2,3,3,3,0,3,0,4,
16,0,1,2,3,3,3,0,3,0,4,
16,0,1,2,3,3,3,0,3,0,4,
15,0,1,2,3,3,3,0,3,0,4,
15,0,1,2,3,3,3,0,3,0,4,
15,0,1,2,3,3,3,0,3,0,4,
15,0,1,2,3,3,3,0,3,0,4,
15,0,1,2,3,3,3,0,3,0,4,
15,0,1,2,3,3,3,0,3,0,4,
16,0,1,2,3,3,3,0,4,0,4,
16,0,1,2,3,3,3,0,3,0,4,
16,0,1,2,3,3,3,0,4,1,4,
16,0,1,2,3,3,3,0,3,0,4,
16,0,1,2,3,3,3,0,3,0,4,
19,0,4,4,4,4,5,1,4,1,4,
16,0,1,2,3,3,3,0,3,0,4,
16,0,1,2,3,3,3,0,4,0,4,
15,0,1,2,3,3,3,0,3,0,4,
15,0,1,4,4,4,4,1,5,1,5,
15,0,1,2,3,3,3,0,4,0,4,
15,0,1,2,3,3,3,0,4,0,4,
15,0,1,2,3,3,3,0,4,0,4,
15,0,1,2,3,3,3,0,4,0,4,
15,0,1,2,3,3,3,0,4,0,4,
15,0,1,2,3,3,3,0,4,1,4,
15,0,1,2,3,3,3,0,4,1,4,
19,0,1,4,4,4,5,0,4,0,4,
15,0,2,2,3,3,3,0,4,1,4,
15,0,3,2,3,3,3,0,4,0,4,
15,0,1,2,3,4,3,0,4,1,4,
15,0,2,3,3,3,3,0,4,1,4,
18,0,4,5,6,6,6,3,6,1,6,
15,0,1,2,3,3,3,0,4,1,4,
15,0,2,2,3,3,4,1,4,1,4,
17,0,2,2,3,3,3,0,4,0,4,
15,0,2,2,3,3,4,0,4,1,4,
15,0,0,0,2,1,1,0,2,0,2,
15,0,2,3,4,3,4,1,4,0,4,
15,0,2,3,4,3,4,1,4,1,4,
18,0,2,3,4,3,4,1,7,1,4,
15,0,2,3,4,4,4,1,4,1,4,
17,0,1,2,3,3,3,0,3,0,3,
15,0,1,3,4,3,4,1,4,1,4,
17,0,2,3,5,5,5,1,5,1,6,
16,0,2,3,4,4,4,1,4,1,4,
15,0,2,3,4,3,4,1,4,1,4,
15,0,2,3,4,3,4,1,4,1,4,
15,0,1,3,4,3,4,1,4,0,4,
15,0,1,3,4,4,4,1,4,0,4,
15,0,2,3,4,4,4,1,4,0,4,
15,0,1,3,4,4,4,1,4,0,4,
15,0,2,4,5,5,5,2,5,1,5,
15,0,1,3,4,4,4,1,4,0,4,
15,0,2,3,4,4,4,1,4,0,4,
15,1,0,2,3,3,3,0,3,1,3,
15,0,1,3,4,4,4,1,4,0,4,
15,0,1,3,4,4,4,1,4,0,4,
16,0,1,3,4,4,4,1,4,0,4,
16,0,1,3,4,4,4,1,4,0,4,
16,0,1,3,4,4,4,1,4,0,4,
16,0,2,3,4,4,4,1,4,0,4,
16,0,1,3,4,4,4,1,4,0,4,
16,0,1,3,4,4,4,1,4,0,4,
16,0,1,3,4,4,4,1,4,1,4,
15,0,2,4,5,5,5,2,5,1,5,
16,0,1,3,4,4,4,1,4,1,4,
16,0,1,3,4,4,4,1,4,0,4,
16,0,2,3,4,4,4,1,4,1,4,
22,0,1,3,4,4,4,1,4,0,4,
16,0,2,3,4,4,4,1,4,1,5,
16,0,1,3,4,4,4,1,4,1,4,
16,0,2,3,4,4,4,1,4,1,4,
16,0,1,3,4,4,4,1,4,1,5,
16,0,1,3,4,4,4,1,4,1,4,
16,0,2,3,4,4,4,1,4,1,5,
16,0,2,3,4,4,4,1,4,1,5,
18,0,1,3,4,4,4,1,4,0,4,
16,0,2,3,4,4,4,1,4,1,5,
16,3,0,2,3,3,3,0,3,4,3,
15,0,2,3,4,4,4,2,5,0,5,
16,0,2,3,4,4,4,1,4,1,5,
16,0,2,5,5,5,5,1,5,1,5,
16,0,2,3,4,4,4,1,4,0,5,
15,0,2,3,4,4,4,1,5,1,5,
18,0,2,3,7,4,4,1,5,1,8,
15,0,2,3,4,4,4,2,5,1,5,
16,0,3,3,4,4,4,2,5,1,5,
18,0,2,3,4,4,4,1,7,1,5,
15,0,2,3,4,4,4,1,4,1,5,
15,0,2,3,4,4,4,2,5,1,5,
16,0,3,4,5,5,5,2,6,0,6,
15,0,2,4,4,4,5,3,5,1,5,
15,0,2,3,4,4,4,2,5,1,5,
15,0,2,3,4,4,4,2,5,1,5,
17,0,2,3,4,4,4,2,5,1,5,
15,0,2,3,4,4,4,2,4,1,5,
15,0,1,3,5,4,4,2,5,1,5,
15,0,2,3,4,4,4,2,5,1,5,
15,0,3,3,4,4,4,2,5,1,5,
18,0,2,3,4,4,4,2,7,1,5,
15,0,2,3,4,4,4,2,5,1,5,
15,0,2,3,4,4,4,2,5,1,5,
15,0,1,3,4,4,4,1,5,1,5,
16,0,2,3,4,6,6,2,6,1,5,
15,0,2,3,4,4,4,2,5,1,5,
15,0,1,2,3,3,4,1,4,0,4,
15,0,1,2,3,3,3,1,4,0,4,
15,0,1,3,4,3,4,1,4,0,4,
15,0,0,2,3,3,3,1,4,0,4,
15,0,1,3,4,4,4,2,5,0,5,
15,0,1,2,3,3,3,1,4,0,4,
15,0,1,3,4,3,4,1,4,0,4,
15,0,0,3,4,3,4,1,4,0,4,
15,0,1,3,4,3,4,1,4,0,4,
15,1,0,2,3,3,3,0,3,1,3,
15,0,1,3,4,4,4,2,5,1,5,
15,0,1,3,4,3,4,1,4,0,4,
15,0,1,3,4,3,4,1,4,0,4,
15,0,1,3,4,3,4,1,4,0,4,
15,0,1,3,4,3,4,1,4,0,4,
15,0,1,3,4,3,4,1,4,0,4,
17,0,1,3,4,3,4,1,4,0,4,
15,0,1,3,4,3,4,1,4,0,4,
15,0,1,2,4,4,4,1,4,0,4,
15,0,1,3,3,4,4,1,4,0,4,
15,0,1,3,4,4,4,1,4,0,4,
15,0,1,3,4,4,4,1,4,0,4,
15,0,1,3,4,4,4,1,4,0,4,
15,0,1,3,4,4,4,1,4,0,4,
15,0,1,3,4,4,4,1,4,0,4,
18,0,1,3,4,4,4,1,4,0,4,
15,0,1,3,4,4,4,1,4,0,4,
15,0,1,3,4,4,4,1,4,0,4,
15,0,1,3,4,4,4,1,4,0,4,
16,0,3,4,5,5,5,2,5,1,6,
18,0,2,5,5,5,6,2,5,0,5,
15,1,0,2,3,3,3,0,3,2,3,
16,0,1,3,4,4,4,1,4,0,4,
15,0,1,2,3,4,4,1,4,0,4,
15,0,1,4,4,4,4,1,4,1,4,
18,0,2,3,4,4,4,2,5,1,5,
16,0,1,3,4,4,4,1,4,0,4,
16,0,1,3,4,4,4,1,4,1,4,
16,0,2,3,4,4,4,2,5,1,5,
16,0,2,3,4,4,4,1,4,1,4,
16,0,2,3,4,4,4,1,4,1,5,
16,0,2,3,4,4,4,1,4,1,4,
16,0,3,3,4,4,4,1,4,1,4,
16,0,1,3,4,4,4,1,5,1,4,
16,0,3,4,5,5,5,2,5,1,5,
16,0,2,3,4,5,4,1,4,1,5,
16,0,1,4,4,4,4,1,4,1,4,
19,0,2,3,4,4,4,1,4,1,5,
16,0,2,3,4,4,4,1,4,1,4,
16,0,2,3,4,4,4,1,4,1,5,
16,0,2,3,4,4,4,1,4,1,4,
16,0,2,4,5,5,5,2,5,1,5,
16,0,2,3,4,4,4,1,4,1,5,
16,0,2,3,4,4,4,1,4,1,4,
18,0,6,6,6,6,7,2,6,1,6,
16,0,2,3,4,4,4,1,4,1,5,
16,0,2,3,4,4,4,1,4,1,5,
16,0,2,3,4,4,4,1,4,1,5,
16,0,1,3,4,4,4,1,4,1,5,
16,0,2,3,4,4,4,1,4,1,5,
16,0,2,3,4,4,4,1,4,1,5,
18,0,2,4,4,4,4,1,5,0,5,
16,0,2,3,4,4,4,1,4,1,5,
16,0,2,3,4,4,4,1,4,1,5,
16,0,2,3,4,4,4,1,4,0,5,
15,0,2,3,4,4,4,1,4,1,5,
15,0,4,4,4,4,5,4,4,0,5,
15,0,2,3,4,4,4,1,5,1,5,
15,0,2,3,4,4,4,1,4,1,5,
27,0,2,3,4,4,4,1,4,1,5,
15,0,1,4,4,4,4,1,5,1,5,
16,0,1,2,3,3,3,0,3,0,4,
16,0,2,3,4,4,4,1,4,0,4,
15,0,1,2,3,3,3,0,3,0,4,
15,0,1,2,3,3,3,0,3,0,4,
15,0,1,2,3,3,3,0,3,0,4,
15,3,0,2,3,3,3,0,3,3,4,
15,0,2,3,4,4,4,1,4,1,5,
15,0,4,3,4,4,4,1,4,1,5,
15,0,1,3,3,3,3,0,4,0,3,
15,0,1,2,3,3,3,0,4,0,4,
16,0,2,3,4,6,4,1,5,1,5,
16,0,1,5,3,3,3,0,4,0,4,
15,0,1,2,3,3,3,2,4,0,4,
15,0,1,2,3,3,3,0,4,0,4,
15,0,2,2,3,3,3,0,4,0,4,
15,0,1,2,3,3,3,0,4,0,4,
15,0,1,2,3,3,3,0,4,0,4,
17,0,1,2,5,3,3,0,4,0,5,
15,0,1,2,3,3,4,0,4,0,4,
15,0,3,2,4,3,3,0,4,0,4,
15,0,2,2,3,3,3,0,4,0,4,
15,0,2,2,4,3,4,1,4,0,4,
15,0,2,2,4,3,4,0,4,0,4,
15,2,0,1,2,2,3,0,3,2,3,
15,0,2,2,4,3,4,1,4,0,4,
15,0,2,3,4,3,4,1,4,0,4,
15,0,2,3,4,3,4,1,4,0,4,
15,0,2,3,4,3,4,1,4,0,4,
15,0,2,3,4,4,4,1,4,0,4,
15,0,2,3,4,3,4,1,4,1,4,
15,0,2,3,4,3,4,1,4,1,4,
15,0,2,3,4,4,4,1,4,0,4,
15,0,2,3,4,4,4,1,4,0,4,
15,0,2,3,4,4,4,1,4,1,4,
15,0,2,3,4,4,4,1,4,1,4,
15,0,1,3,4,4,4,1,4,3,4,
15,0,2,4,4,3,4,1,4,1,4,
16,0,2,3,4,4,4,1,4,1,4,
16,0,2,3,4,4,4,1,4,0,4,
17,0,2,3,4,4,4,1,4,1,4,
15,0,1,3,4,4,4,1,4,0,4,
17,0,2,3,6,6,6,1,6,0,6,
16,0,2,3,4,4,4,1,4,1,4,
16,0,2,3,4,4,4,1,4,1,4,
17,0,4,4,4,4,5,0,4,0,4,
16,0,2,3,4,4,4,1,4,1,4,
16,0,2,3,4,4,4,1,4,1,4,
16,0,2,3,4,4,4,1,4,1,5,
15,0,1,4,4,4,4,0,4,1,4,
15,0,2,3,4,4,4,1,4,0,4,
16,0,2,3,4,4,4,1,4,1,5,
18,0,2,3,4,4,4,1,4,1,4,
16,0,2,3,4,4,4,1,4,1,4,
16,0,2,3,4,4,4,1,4,1,4,
16,0,2,3,4,4,4,1,4,1,5,
16,0,2,3,4,4,4,1,4,1,4,
16,0,1,2,3,3,3,0,3,0,4,
16,0,2,3,4,4,4,1,4,1,4,
16,0,2,3,4,4,4,1,4,1,5,
16,1,1,2,3,3,3,0,3,2,4,
15,0,2,3,4,4,4,1,4,1,4,
16,0,1,2,3,3,3,0,3,0,4,
16,0,2,3,4,4,4,1,4,1,5,
16,0,2,3,4,4,4,1,4,1,5,
16,0,1,2,3,3,3,0,3,0,4,
16,0,1,2,3,3,3,0,3,0,4,
16,0,2,3,4,4,4,1,4,1,5,
16,0,2,3,4,4,4,1,4,1,5,
16,0,1,2,3,3,3,0,3,0,4,
16,0,1,2,3,3,3,0,3,0,4,
16,0,2,3,4,4,4,1,4,1,5,
15,1,1,2,3,3,3,0,3,2,4,
18,0,1,2,3,3,3,0,3,0,4,
15,0,2,3,4,4,4,1,4,1,5,
15,0,1,2,3,3,3,0,3,0,4,
15,0,2,3,4,4,4,1,4,1,5,
34,23,1,2,3,3,3,0,3,1,4,
15,0,2,2,3,3,3,0,3,0,4,
15,0,1,2,3,3,3,0,3,0,4,
15,0,1,2,3,3,3,0,3,0,4,
15,0,1,3,3,3,3,0,3,0,4,
15,0,2,3,4,4,4,1,5,1,5,
15,0,3,4,5,5,5,3,6,1,6,
15,0,1,2,3,3,3,0,4,0,4,
15,0,1,2,3,3,3,0,4,0,4,
15,0,4,4,4,4,5,1,4,1,5,
15,0,2,3,4,4,4,1,5,1,5,
15,0,1,2,3,3,3,0,4,0,4,
15,0,2,3,4,4,4,1,5,0,5,
15,0,1,2,3,3,3,0,4,0,4,
15,0,1,2,4,4,3,0,4,0,4,
18,0,2,5,5,5,5,2,5,1,5,
17,0,2,3,7,4,5,2,5,0,7,
15,0,1,3,5,4,5,2,5,1,5,
36,0,2,3,26,5,4,2,5,1,5,
18,0,2,3,4,4,4,1,4,1,5,
15,0,2,4,5,4,5,2,5,1,5,
15,0,1,3,4,3,4,1,4,0,4,
16,0,2,3,4,4,4,1,4,0,5,
15,0,2,4,5,4,5,2,5,0,5,
15,0,2,4,5,4,5,2,5,1,5,
15,0,1,3,4,3,4,1,4,0,4,
15,0,4,3,5,4,5,2,5,1,5,
17,0,1,3,4,4,4,1,6,0,4,
15,0,1,3,4,4,4,1,4,0,4,
15,0,2,4,5,4,5,2,5,1,5,
18,0,1,3,4,4,4,1,4,0,4,
16,0,1,3,4,4,4,1,4,0,5,
15,0,1,3,4,4,4,1,4,0,4,
15,0,1,3,4,4,4,1,4,0,4,
15,0,1,3,4,4,4,1,4,0,4,
15,0,1,3,4,4,4,1,4,0,4,
18,0,1,3,4,4,4,1,4,0,7,
15,0,1,3,4,4,4,1,4,0,4,
15,0,2,4,5,5,5,2,5,0,5,
16,0,1,3,4,4,4,1,4,0,4,
16,0,1,3,4,4,4,1,4,0,4,
15,0,1,3,4,4,4,1,4,0,4,
15,1,0,1,3,3,3,0,3,1,3,
17,0,1,3,4,5,5,1,5,0,4,
15,0,1,3,4,4,4,1,4,0,4,
16,0,1,3,4,4,4,1,4,0,4,
16,0,1,3,4,4,4,1,4,0,4,
16,0,2,4,5,5,5,2,5,0,5,
16,0,2,4,6,5,5,2,5,0,6,
16,0,1,3,4,4,4,1,4,0,4,
16,0,2,3,4,4,4,1,4,0,4,
18,0,2,4,5,5,5,2,8,1,5,
16,0,1,3,4,4,4,1,4,0,4,
16,0,2,4,5,5,5,2,5,1,5,
18,0,2,3,4,4,4,1,4,0,4,
16,0,1,3,4,4,4,1,5,0,5,
38,0,1,3,4,4,26,1,4,0,5,
16,0,3,4,5,5,5,2,5,1,6,
16,0,1,3,4,4,4,1,4,0,5,
19,0,1,3,7,4,4,1,4,0,8,
16,0,1,3,4,4,4,2,4,0,5,
15,0,2,3,4,4,4,1,4,0,5,
15,0,1,2,3,3,3,0,3,0,4,
15,0,1,3,4,4,4,1,4,1,5,
15,0,1,3,4,4,4,1,4,1,5,
15,2,0,2,3,3,3,0,3,2,4,
15,0,1,3,4,4,4,2,5,1,5,
15,0,1,3,4,4,4,1,4,1,5,
15,0,2,3,4,4,4,1,5,1,5,
15,0,2,3,4,4,4,2,5,1,5,
15,0,2,3,4,4,4,2,5,1,5,
15,0,1,3,4,4,4,2,5,1,5,
36,0,2,3,4,26,4,2,5,1,5,
15,0,2,3,4,4,4,2,5,1,5,
15,0,1,3,4,4,4,2,5,1,5,
15,0,2,3,4,4,5,2,5,1,5,
15,0,2,3,4,4,4,2,5,4,5,
15,0,1,4,5,4,5,2,5,1,5,
15,0,2,3,5,4,5,2,5,1,5,
36,0,24,25,5,4,5,2,5,1,5,
15,0,2,4,5,4,5,2,5,1,5,
15,0,1,3,4,3,4,1,4,0,4,
15,0,2,4,5,4,5,2,5,1,5,
15,0,1,3,4,4,4,1,4,0,4,
17,0,1,5,5,5,5,1,5,0,5,
15,0,2,4,5,4,5,2,5,1,5,
37,0,1,3,4,4,4,1,26,0,4,
15,0,2,3,4,4,4,1,4,0,4,
17,0,2,3,5,4,5,2,5,1,5,
15,0,1,3,4,4,4,1,4,0,4,
36,0,2,3,4,4,5,2,5,1,5,
15,0,1,3,4,4,4,1,4,0,4,
15,0,1,3,4,4,4,1,4,0,4,
15,0,2,4,5,5,5,2,5,0,5,
19,0,1,5,5,5,6,1,5,0,5,
15,0,1,3,4,4,4,1,4,0,4,
15,0,1,3,4,4,4,1,4,0,4,
16,0,2,4,5,5,5,2,5,0,5,
17,0,2,3,4,4,4,2,5,1,5,
16,0,2,4,5,5,5,2,5,0,5,
16,0,1,3,4,4,4,1,4,0,4,
18,0,1,3,4,4,4,1,4,0,4,
16,0,1,3,4,4,4,1,4,0,4,
15,0,1,3,4,4,4,1,4,0,4,
16,0,2,4,5,5,5,2,5,1,5,
16,0,1,3,4,4,4,1,4,0,4,
17,0,1,5,5,5,5,1,5,0,5,
16,0,1,3,4,4,4,1,4,0,4,
16,0,2,3,4,4,4,1,4,0,5,
16,0,2,2,4,4,4,1,4,0,4,
16,0,2,4,4,4,4,1,4,0,4,
18,0,2,3,5,4,5,2,5,1,5,
16,0,2,3,4,4,4,1,4,0,5,
16,0,1,3,4,4,4,1,4,0,5,
37,0,2,3,4,4,4,1,4,0,26,
15,0,1,3,5,4,4,1,4,1,5,
15,0,2,3,4,4,4,1,4,0,5,
15,0,3,3,4,4,4,1,4,1,5,
17,0,1,3,4,4,4,1,7,1,5,
15,0,2,3,4,4,4,1,5,1,5,
17,0,2,3,4,7,4,1,4,1,5,
16,0,3,4,5,5,5,2,5,0,6,
15,0,2,3,4,4,4,1,5,1,5,
15,0,2,3,4,4,4,2,4,1,5,
15,0,2,3,4,4,4,2,5,1,5,
15,0,2,3,4,4,4,2,5,1,5,
15,0,2,3,4,4,4,2,5,1,5,
18,0,2,3,7,4,4,2,5,1,8,
15,0,4,4,5,5,5,2,6,0,6,
15,0,2,3,4,4,5,2,5,1,5,
15,0,2,3,4,4,4,2,5,1,5,
32,0,1,3,5,4,5,2,5,22,5,
15,2,0,2,3,3,4,1,4,3,4,
15,0,2,4,5,4,5,2,5,1,5,
15,0,2,4,5,4,5,2,5,1,5,
16,0,2,4,5,4,5,2,6,1,5,
15,0,2,4,5,4,5,2,5,1,5,
15,0,1,3,4,4,4,1,4,0,4,
15,0,1,3,4,3,4,1,4,0,4,
15,0,1,3,4,3,4,1,4,0,4,
15,0,4,5,6,5,6,3,6,0,6,
15,0,1,3,4,4,4,1,4,0,4,
15,0,3,5,6,6,6,3,6,1,6,
15,0,1,3,4,4,4,1,4,0,4,
15,2,0,2,3,3,3,0,3,2,3,
18,0,2,3,4,4,4,2,4,1,5,
15,0,1,3,4,4,4,1,4,0,4,
15,0,4,4,6,6,6,3,6,0,6,
15,0,1,3,4,4,4,1,4,0,4,
15,0,4,5,6,6,6,3,6,1,6,
17,0,1,3,5,4,4,1,4,0,6,
15,0,2,4,5,5,5,2,5,0,5,
15,0,4,5,6,6,6,3,6,1,6,
18,0,1,3,4,4,4,1,7,0,4,
15,0,1,3,4,4,4,1,4,0,4,
15,0,2,3,4,4,4,1,4,0,4,
18,0,1,3,4,4,4,1,4,0,4,
16,0,4,5,6,6,6,3,7,1,7,
15,0,1,3,4,4,4,1,4,0,4,
16,0,2,4,5,5,5,2,5,1,5,
16,0,1,3,4,4,4,1,4,0,4,
16,0,1,3,4,4,4,1,4,0,4,
18,0,2,3,7,4,4,1,4,0,7,
16,0,1,3,4,4,4,1,4,0,4,
16,0,3,4,5,5,5,2,5,1,5,
16,0,1,3,4,4,4,1,4,0,5,
16,0,2,3,4,4,4,1,4,0,5,
16,0,4,5,6,6,6,3,6,1,7,
16,2,0,2,3,3,3,0,3,2,4,
16,0,2,3,4,4,4,1,4,1,5,
16,0,1,3,4,4,4,1,4,0,5,
16,0,4,5,6,6,6,3,6,1,7,
15,0,4,5,6,6,6,3,6,1,7,
30,0,1,3,4,4,4,20,4,1,5,
15,0,2,3,4,4,4,2,5,1,5,
15,0,2,3,4,4,4,1,4,1,5,
15,0,2,3,4,4,4,1,4,0,5,
15,0,3,4,5,5,5,2,6,1,6,
15,0,1,3,4,4,4,1,4,1,5,
17,0,2,3,4,4,4,1,5,4,5,
15,0,3,4,5,5,5,2,6,1,6,
15,0,2,3,4,4,4,2,5,1,5,
15,0,2,3,4,4,4,2,5,1,5,
17,0,2,3,4,4,4,2,5,1,5,
15,0,2,3,4,4,4,2,5,1,5,
15,0,2,3,4,4,5,2,5,1,5,
16,0,2,3,4,4,4,2,5,1,5,
15,0,2,3,4,4,4,2,5,0,5,
17,0,1,5,5,5,5,1,5,0,5,
15,0,1,4,5,4,5,2,5,1,5,
15,0,2,3,4,4,4,2,5,1,5,
15,0,2,3,5,5,4,2,5,1,5,
15,0,2,4,5,4,5,2,5,1,5,
17,0,1,3,4,4,4,1,4,0,4,
15,0,2,4,5,4,5,2,5,1,5,
15,0,2,4,5,5,5,2,5,1,5,
15,0,2,4,5,4,5,2,5,0,5,
15,0,2,4,5,4,5,2,5,1,5,
15,0,1,3,4,3,4,1,4,0,4,
15,0,2,4,5,5,5,2,5,1,5,
20,0,2,6,6,6,6,2,6,1,6,
15,0,1,3,4,4,4,1,4,0,4,
15,0,1,3,4,4,4,1,4,0,4,
15,0,4,5,6,6,6,3,6,0,6,
15,0,1,4,4,3,4,1,4,0,4,
15,0,1,3,4,4,4,1,4,0,4,
15,0,1,3,4,4,4,1,4,0,4,
15,0,1,3,4,4,4,1,4,0,4,
15,0,1,3,4,4,4,1,4,0,4,
15,0,1,3,4,4,4,1,4,0,4,
15,0,1,3,4,4,4,1,4,0,4,
16,0,1,3,4,4,4,1,4,0,4,
17,0,1,5,5,5,5,1,5,0,5,
15,0,1,3,4,4,4,1,4,0,4,
15,0,1,3,4,4,4,1,4,0,4,
16,0,1,3,4,4,4,1,4,0,4,
16,0,2,4,4,4,4,0,4,1,4,
17,0,2,2,3,3,3,0,4,0,4,
15,0,2,3,4,4,4,1,4,1,4,
18,0,1,3,4,4,4,1,4,0,4,
16,0,1,3,4,4,4,1,4,0,4,
16,0,1,3,4,4,4,1,4,0,4,
16,0,1,3,4,4,4,1,4,0,5,
16,0,1,3,4,4,4,1,4,0,4,
15,0,5,4,5,5,5,2,5,1,5,
17,0,2,3,4,4,4,1,5,0,4,
16,0,2,3,4,4,4,1,4,0,5,
17,0,2,3,4,6,4,1,4,0,5,
16,0,3,4,5,5,5,2,5,1,6,
16,0,2,3,4,4,4,1,4,0,5,
15,0,2,3,4,4,4,1,4,0,5,
15,0,2,3,4,4,4,2,5,1,5,
15,0,2,3,4,4,4,1,4,1,5,
15,0,2,3,4,4,4,1,5,1,5,
17,0,2,3,6,4,4,1,4,1,7,
16,0,2,4,5,5,5,2,5,1,6,
15,0,5,3,4,4,4,1,4,1,5,
15,0,2,3,4,4,4,1,4,1,5,
15,0,2,3,4,4,4,1,5,1,5,
15,0,2,3,4,4,4,1,4,1,5,
15,3,0,2,3,3,3,1,4,4,3,
15,0,2,3,4,4,4,1,5,1,5,
15,0,2,3,4,4,5,2,5,1,5,
15,0,2,3,4,4,4,2,5,1,5,
15,0,2,3,4,4,4,2,5,1,5,
15,0,2,3,4,4,4,2,5,1,5,
15,0,2,3,4,4,4,2,5,1,5,
15,0,4,4,5,5,5,2,6,0,6,
15,0,2,3,4,4,4,2,5,1,5,
15,0,2,3,5,4,5,2,5,1,5,
15,0,2,3,4,4,4,2,5,1,5,
15,0,2,3,5,4,5,2,5,1,5,
15,1,0,1,2,2,2,0,3,2,3,
15,0,2,3,4,4,5,2,5,1,5,
15,0,2,3,4,4,5,2,5,1,5,
15,0,2,3,4,4,4,2,5,1,5,
17,0,2,4,5,4,5,2,5,1,5,
15,0,2,4,5,4,5,2,5,1,5,
15,0,2,3,5,4,5,2,5,1,5,
15,0,2,4,5,4,5,2,5,1,5,
15,0,2,4,5,4,5,2,5,1,5,
15,0,0,1,2,1,2,0,2,0,2,
15,0,1,2,4,4,4,1,4,0,4,
15,0,2,4,5,4,5,2,5,1,5,
15,0,2,4,5,4,5,2,5,1,5,
15,0,1,3,4,4,4,1,4,0,4,
15,0,2,4,5,4,5,2,5,1,5,
17,0,1,4,4,4,4,1,4,0,4,
15,0,2,4,5,4,5,2,5,1,5,
15,0,2,4,5,5,5,2,5,0,5,
15,0,2,4,5,5,5,2,5,1,5,
15,0,1,3,4,4,4,1,4,0,4,
16,0,1,5,5,5,5,1,5,0,5,
16,0,1,3,4,4,4,1,4,0,4,
15,0,1,3,4,4,4,1,4,0,4,
16,0,1,3,4,4,4,1,4,0,4,
15,3,0,2,4,4,4,1,4,4,4,
18,0,1,2,4,6,4,1,4,0,4,
15,0,1,3,4,4,4,1,4,0,4,
16,0,1,3,4,4,4,1,4,0,5,
18,0,1,3,4,4,4,1,4,0,4,
15,0,2,4,5,5,5,2,5,0,5,
16,0,1,3,4,4,4,1,4,0,4,
15,0,1,3,4,4,4,1,4,0,4,
15,0,1,3,4,4,4,1,4,0,4,
16,0,1,3,4,4,4,1,4,0,4,
16,0,1,3,4,4,4,1,4,0,4,
16,0,1,3,4,4,4,1,4,0,4,
16,0,1,3,4,4,4,1,4,3,4,
16,0,2,3,4,4,4,1,4,0,4,
16,0,1,3,4,4,4,1,4,0,4,
16,0,2,3,4,4,4,1,4,0,4,
18,0,1,3,4,4,4,1,4,0,4,
16,0,2,4,5,5,5,2,5,0,5,
16,0,1,3,4,4,4,1,4,0,4,
16,0,2,3,4,4,4,1,4,0,5,
16,0,2,3,4,4,4,1,4,0,5,
17,0,5,5,5,5,5,1,5,0,5,
16,0,2,4,5,5,5,2,5,1,5,
16,0,2,3,4,4,4,1,4,0,4,
16,0,2,3,4,4,4,1,4,0,5,
16,0,2,4,4,4,4,1,4,0,5,
18,0,3,4,5,4,5,2,5,1,5,
16,0,2,3,4,4,4,1,4,0,5,
16,0,2,3,4,4,4,1,4,0,5,
16,0,2,3,4,4,4,1,4,0,5,
15,0,2,3,4,4,4,1,4,0,5,
15,0,2,3,5,4,4,1,4,1,5,
15,0,2,3,4,4,4,1,4,1,5,
15,0,3,3,4,4,4,1,4,0,5,
16,0,2,3,4,4,4,2,5,1,5,
15,0,2,3,4,4,4,1,5,1,5,
17,0,2,3,4,7,4,1,5,1,5,
16,0,2,3,4,4,4,1,5,1,5,
15,0,2,3,4,4,4,1,5,1,5,
15,0,2,3,4,4,4,1,4,1,5,
15,0,2,3,4,4,4,1,5,1,5,
15,0,2,3,4,4,4,2,5,1,5,
15,0,2,3,4,4,4,2,5,1,5,
18,0,2,3,7,4,4,2,5,1,8,
15,0,2,3,4,4,4,2,5,1,5,
16,0,5,3,4,4,4,1,4,0,4,
15,0,2,3,5,4,5,2,5,1,5,
15,0,2,3,4,4,4,2,5,1,5,
15,0,2,3,4,4,4,2,5,1,5,
15,3,0,1,3,3,3,0,4,4,3,
15,0,2,3,4,4,4,2,5,1,5,
15,0,2,3,5,4,5,2,5,1,5,
15,0,2,3,4,4,4,2,5,1,5,
15,0,2,3,5,4,5,2,5,1,5,
15,0,2,3,4,4,5,2,5,1,5,
15,0,2,3,4,4,4,2,5,1,5,
15,0,2,4,5,4,5,2,5,1,5,
15,0,2,3,4,4,5,2,5,1,5,
15,0,1,3,4,4,5,2,5,1,5,
15,0,2,4,5,4,5,2,5,1,5,
15,0,2,4,5,4,5,2,5,1,5,
15,1,0,2,3,4,4,1,4,2,4,
16,0,1,3,4,5,5,1,5,0,4,
15,0,2,4,5,4,5,2,5,1,5,
15,0,2,3,5,4,5,2,5,1,5,
15,0,1,3,4,4,4,1,4,0,4,
15,0,2,4,5,4,5,2,5,1,5,
16,0,2,4,5,4,4,2,5,1,6,
15,0,2,4,5,4,5,2,5,1,5,
15,0,2,4,4,4,4,1,4,0,4,
18,0,1,3,4,4,4,1,4,0,4,
15,0,1,3,4,4,4,1,4,0,4,
15,0,1,3,4,4,4,1,4,0,4,
15,0,1,3,4,4,4,1,4,0,4,
16,0,1,3,4,5,5,1,5,0,4,
15,0,1,3,4,4,4,1,4,0,4,
15,0,2,4,5,5,5,2,5,0,5,
15,0,1,3,4,4,4,1,4,0,4,
15,0,1,3,4,4,4,1,4,0,4,
15,0,5,4,5,5,5,2,5,1,5,
15,0,1,3,4,4,4,1,4,0,4,
15,0,1,3,4,4,4,1,4,0,4,
15,0,1,4,4,4,4,1,4,0,4,
15,0,1,3,4,4,4,1,4,0,4,
15,0,1,3,4,4,4,1,4,0,4,
15,1,1,2,3,3,3,0,3,1,3,
15,0,1,3,4,4,4,1,4,0,4,
16,0,1,3,4,4,4,1,4,0,4,
15,0,1,3,4,4,4,1,4,0,4,
16,0,2,3,4,4,4,1,4,0,4,
16,0,2,3,4,4,4,1,4,0,4,
16,0,1,3,4,4,4,1,4,0,4,
16,0,2,3,4,4,4,1,4,0,5,
16,0,1,3,4,4,4,1,4,0,4,
16,0,0,2,3,3,3,0,3,0,4,
16,0,2,3,4,4,4,1,4,0,4,
16,0,2,3,4,4,4,1,4,0,5,
16,0,2,3,4,4,4,1,4,0,5,
16,0,2,3,4,4,4,1,4,0,5,
16,0,2,3,4,4,4,1,4,0,5,
16,0,2,3,4,4,4,1,4,0,5,
18,0,1,3,4,4,4,1,4,1,5,
15,0,2,3,4,4,4,1,4,0,5,
15,0,2,3,4,4,4,1,4,1,5,
15,0,2,3,4,4,4,1,4,0,5,
15,0,2,3,4,4,4,1,5,1,5,
17,0,2,6,6,6,6,2,6,1,6,
15,0,2,3,4,4,4,2,5,1,5,
15,0,2,3,4,4,4,1,4,1,5,
15,0,2,3,4,5,4,2,4,1,5,
15,0,2,4,4,4,4,1,5,1,5,
18,0,2,3,4,4,4,1,4,0,5,
15,0,2,3,4,4,4,2,5,1,5,
15,0,2,3,4,4,4,2,5,1,5,
15,0,1,3,4,4,4,1,4,0,4,
15,0,2,3,4,4,4,2,5,1,5,
15,0,2,3,5,4,4,1,5,1,5,
15,0,2,3,4,4,4,2,5,1,5,
15,0,4,3,4,4,4,1,5,0,5,
15,0,2,4,4,4,4,2,5,1,4,
15,0,2,4,5,4,5,2,5,1,5,
15,0,2,3,4,4,5,2,5,1,5,
15,0,2,4,4,4,4,2,5,1,5,
17,0,2,3,4,4,4,1,4,0,5,
15,0,2,4,5,4,5,2,5,1,5,
15,0,2,4,5,4,5,2,5,1,5,
15,0,2,3,4,4,5,2,5,1,5,
16,0,1,3,4,4,4,1,4,0,4,
15,0,2,3,5,4,5,2,5,1,5,
15,0,1,3,4,3,4,1,4,0,4,
17,0,1,4,4,4,5,1,4,0,5,
15,0,2,4,5,4,5,2,5,1,5,
15,0,2,4,5,4,5,2,5,1,5,
15,0,2,3,5,5,4,2,5,1,5,
15,0,1,3,3,3,4,1,4,0,4,
18,0,2,3,4,4,4,1,4,0,5,
15,0,1,3,4,4,4,1,4,0,4,
15,0,1,3,4,4,4,1,4,0,4,
15,0,1,3,4,4,4,1,4,0,4,
15,0,1,3,4,4,4,1,4,0,4,
16,0,1,2,4,3,4,1,4,0,5,
16,0,2,4,5,5,5,2,5,0,5,
15,0,4,4,5,5,5,2,5,1,5,
16,0,2,4,4,4,4,2,6,0,5,
15,0,1,3,4,4,4,1,4,0,4,
16,0,1,3,4,5,4,1,4,0,4,
17,0,1,5,4,4,4,1,4,0,4,
15,0,1,2,4,3,4,3,4,0,4,
15,0,1,3,4,4,4,1,4,0,4,
16,0,1,3,4,4,4,1,4,0,4,
16,0,2,3,4,4,4,1,4,0,4,
16,0,1,3,4,4,4,1,4,0,4,
17,0,2,3,5,4,4,1,4,0,6,
16,0,1,3,4,4,4,1,4,0,4,
16,0,4,3,4,4,4,1,4,0,4,
16,0,1,3,4,4,4,1,4,0,4,
16,0,2,4,5,5,5,2,5,1,5,
16,0,1,3,4,4,4,1,4,0,4,
15,2,0,1,3,3,3,0,3,2,3,
16,0,1,3,4,4,4,1,4,0,4,
16,0,1,3,4,4,4,1,4,0,4,
16,0,2,3,4,4,4,1,4,0,5,
16,0,2,3,4,4,4,1,4,0,5,
16,0,2,3,4,4,4,1,4,0,5,
16,0,2,3,4,4,4,1,4,0,5,
16,0,2,3,4,4,4,1,4,1,5,
16,0,1,3,4,4,4,1,4,0,5,
15,0,3,4,5,5,5,2,5,0,6,
15,0,2,3,4,4,4,1,4,0,5,
15,0,2,3,4,4,4,1,4,0,5,
15,0,4,3,4,4,4,1,4,3,4,
15,0,2,3,4,4,4,1,4,1,5,
15,0,2,3,4,4,4,2,5,1,5,
15,0,2,3,4,4,4,1,4,1,5,
16,0,1,3,4,4,4,1,4,1,5,
15,0,2,3,4,4,4,1,4,1,5,
15,0,2,3,4,4,4,2,5,1,5,
15,0,2,3,4,4,4,1,5,1,5,
15,0,1,2,3,3,3,1,3,0,4,
22,0,2,3,4,4,4,1,4,0,5,
15,0,2,3,4,4,4,2,5,1,5,
15,0,2,3,5,4,4,2,5,1,5,
15,3,0,2,3,3,3,0,4,4,3,
15,0,2,3,4,4,4,2,5,1,5,
15,0,2,3,4,4,4,2,5,1,5,
15,0,1,3,4,4,4,2,5,1,5,
15,0,2,3,4,4,5,2,5,1,5,
15,2,1,2,3,3,3,0,4,2,4,
18,0,2,3,7,4,4,2,5,1,8,
15,0,2,3,4,4,4,2,5,1,5,
15,0,4,3,4,4,4,1,5,1,5,
15,0,2,3,4,4,5,2,5,1,5,
15,0,2,3,4,4,4,2,5,1,5,
18,0,2,3,5,7,5,2,5,1,5,
16,0,2,3,4,4,5,2,5,1,5,
15,0,2,3,4,4,4,3,5,1,5,
15,0,2,3,5,4,5,2,5,1,5,
15,0,1,3,4,4,4,1,4,0,4,
15,0,2,3,5,4,5,2,5,1,5,
15,0,2,4,5,4,5,2,5,1,5,
17,0,2,4,6,4,5,2,5,1,6,
15,0,2,4,5,4,5,2,5,0,5,
15,0,5,4,5,4,5,2,5,0,5,
15,0,2,4,5,4,5,2,5,1,5,
15,0,1,3,4,4,4,1,4,0,4,
15,0,1,3,4,4,4,1,4,0,4,
15,2,0,1,2,3,3,0,3,2,3,
15,0,1,3,4,4,4,1,4,0,4,
15,0,2,4,5,5,5,2,5,1,5,
15,0,1,3,4,4,4,1,4,0,4,
15,0,1,3,4,4,4,1,4,0,4,
15,0,1,3,4,4,4,1,4,0,4,
15,0,1,3,4,4,4,1,4,0,4,
15,0,1,3,4,4,4,1,4,0,4,
15,0,1,3,4,4,4,1,4,0,4,
17,0,2,3,4,4,4,2,5,1,5,
15,0,1,3,4,4,4,1,4,0,4,
15,0,1,3,4,4,4,1,4,0,4,
15,0,1,3,4,4,4,1,4,3,4,
15,0,1,3,4,4,4,1,4,0,4,
15,0,1,3,4,4,4,1,4,0,4,
16,0,1,3,4,4,4,1,4,0,4,
18,0,1,3,4,4,4,1,4,0,4,
15,0,2,3,4,4,4,1,4,0,4,
15,0,1,3,4,4,4,1,4,0,4,
16,0,1,3,4,4,4,1,4,0,4,
16,0,2,3,4,4,4,1,4,0,4,
17,0,2,6,6,6,6,1,6,1,6,
16,0,1,3,4,4,4,1,4,0,4,
16,0,1,3,4,4,4,1,4,0,4,
16,0,2,2,4,4,4,1,4,0,4,
16,0,1,4,4,4,4,1,4,0,4,
18,0,2,3,4,4,4,1,4,0,4,
16,0,2,3,4,4,4,1,4,0,5,
16,0,1,3,4,4,4,1,4,0,4,
16,0,2,3,4,4,4,1,4,0,5,
16,0,2,3,4,4,4,1,4,0,5,
16,0,2,3,4,4,4,1,4,0,5,
16,0,2,3,4,4,4,1,4,0,5,
28,0,1,2,3,3,3,0,3,0,4,
16,0,1,2,3,3,3,0,3,0,4,
18,0,2,3,4,7,4,1,4,1,4,
16,0,2,3,4,4,4,1,4,1,5,
15,0,1,2,3,3,3,0,3,0,4,
15,0,1,2,3,3,3,0,3,0,4,
15,0,1,2,3,3,3,0,3,0,4,
15,0,1,2,3,3,3,0,3,0,4,
15,0,1,2,3,3,3,0,3,0,4,
18,0,1,2,6,3,3,0,3,0,6,
15,0,1,2,3,3,3,0,3,0,4,
15,0,4,2,3,3,3,0,3,0,4,
15,0,1,2,3,3,3,0,3,0,4,
15,0,1,3,4,4,4,1,4,0,5,
15,0,1,2,3,3,3,0,3,0,4,
18,0,1,2,3,3,3,0,4,0,4,
15,0,1,3,4,4,4,0,4,0,4,
15,0,1,2,3,3,3,0,3,0,4,
15,0,1,2,3,3,3,0,3,0,4,
18,0,1,2,3,3,3,0,4,0,4,
15,0,1,2,3,3,3,0,3,0,4,
15,0,1,2,3,3,3,0,4,0,4,
15,0,1,2,3,3,3,0,4,0,4,
15,0,4,4,4,4,4,1,5,1,5,
15,0,2,3,4,4,4,1,5,1,5,
15,0,1,2,3,3,3,0,4,0,4,
15,0,1,2,3,3,3,0,4,0,4,
15,0,1,3,3,3,3,0,4,0,4,
18,0,1,2,3,3,3,0,3,0,4,
15,0,2,2,3,3,3,0,4,0,4,
15,0,1,2,3,3,3,0,4,0,4,
15,0,2,2,3,3,3,0,4,0,4,
15,0,2,2,3,3,3,0,4,0,4,
16,0,1,2,4,3,3,0,4,0,4,
15,0,2,3,4,4,5,2,5,1,5,
15,0,2,2,4,3,3,0,4,0,4,
17,0,2,2,4,3,4,0,6,0,4,
15,0,2,2,4,3,3,0,4,0,4,
17,0,2,2,3,6,3,0,4,0,4,
17,0,1,2,3,3,4,0,4,0,4,
15,0,2,3,4,4,4,0,4,0,4,
15,0,2,3,4,3,4,0,4,0,4,
15,0,2,3,4,3,4,0,4,0,4,
15,0,2,3,4,3,4,0,4,0,4,
15,0,2,2,4,3,4,1,4,0,4,
18,0,2,3,7,3,4,0,4,1,7,
15,0,2,3,4,3,4,0,4,0,4,
15,0,2,3,4,3,4,0,4,0,4,
15,0,2,3,4,3,4,0,4,1,4,
15,0,2,3,4,3,4,0,4,1,4,
15,0,2,3,4,3,4,0,4,1,4,
15,2,1,3,4,4,4,0,4,3,4,
15,0,2,3,4,4,4,0,4,1,4,
15,0,2,3,4,4,4,0,4,1,4,
15,0,2,3,4,4,4,1,4,1,4,
15,0,2,3,4,4,4,1,4,1,4,
15,0,2,3,4,4,4,1,4,1,4,
15,0,2,3,4,4,4,1,4,1,4,
15,0,2,3,4,4,4,1,4,0,4,
15,0,2,3,4,4,4,1,4,1,4,
15,0,2,3,4,4,4,1,4,1,4,
16,0,2,3,4,4,4,1,4,1,4,
15,0,2,3,4,4,4,1,4,1,4,
15,2,1,2,3,3,3,0,3,3,3,
15,0,2,3,4,4,4,1,4,1,4,
16,0,2,3,4,4,4,1,4,1,4,
15,0,2,3,4,4,4,1,4,1,4,
17,0,2,3,4,4,4,1,4,1,4,
16,0,2,3,4,4,4,1,4,1,4,
15,0,2,3,4,4,4,1,4,1,4,
16,0,2,3,4,4,4,1,4,1,4,
16,0,2,3,4,4,4,1,4,1,4,
17,0,4,4,4,4,5,0,4,0,4,
16,0,2,3,4,4,4,1,4,1,4,
16,0,2,3,4,4,4,1,4,1,4,
16,0,2,3,4,4,4,1,4,1,4,
16,0,1,3,3,3,3,0,3,0,4,
17,0,2,3,4,4,4,1,4,1,4,
16,0,2,3,4,4,4,1,4,1,5,
16,0,2,3,4,4,4,1,4,1,5,
16,0,2,3,4,4,4,1,4,1,5,
15,0,1,2,3,3,3,0,3,0,4,
15,0,2,3,4,4,4,1,4,1,5,
15,0,1,2,3,3,3,0,3,0,4,
15,0,4,3,4,4,4,0,4,1,4,
15,0,1,2,3,3,3,0,4,0,4,
15,0,1,2,3,3,3,0,3,0,4,
15,0,1,2,3,3,3,0,3,0,4,
15,0,1,3,3,3,3,0,3,0,3,
17,0,3,4,5,5,5,2,5,1,5,
15,0,1,2,3,3,3,0,3,0,4,
15,0,1,2,3,3,3,0,3,0,4,
15,0,1,2,3,3,3,0,3,0,4,
15,0,1,2,3,3,3,0,3,0,4,
15,0,1,2,3,3,3,0,3,0,4,
15,0,1,2,3,3,3,0,3,0,4,
16,0,4,4,4,4,5,0,4,0,4,
15,0,2,2,4,4,4,0,4,0,4,
15,0,1,2,3,3,3,0,3,0,4,
15,0,1,2,3,3,3,0,4,0,4,
15,0,1,2,3,3,3,0,3,0,4,
15,0,1,2,3,3,3,0,4,0,4,
15,0,2,3,4,4,4,1,4,0,5,
18,0,1,2,3,3,3,0,3,0,4,
15,0,1,2,3,3,3,0,3,0,4,
15,0,1,2,3,3,3,0,4,0,4,
15,0,1,2,3,3,3,0,4,0,4,
15,0,1,2,3,3,3,0,4,0,4,
17,0,4,4,4,4,5,0,4,0,4,
15,0,1,2,3,3,3,0,4,0,4,
15,0,2,2,3,3,3,0,4,0,4,
17,0,1,2,3,3,3,0,3,0,4,
15,0,2,3,3,3,3,0,4,0,4,
17,0,2,3,4,4,4,1,4,1,4,
15,0,2,2,3,3,3,0,4,0,4,
15,0,2,2,3,3,3,0,4,0,4,
15,0,2,2,4,3,4,0,4,0,4,
15,0,2,2,3,3,3,0,4,0,4,
16,0,1,2,4,3,3,0,4,0,4,
15,0,2,2,4,3,4,1,4,0,4,
15,0,2,2,4,3,4,0,4,0,4,
17,0,2,3,4,3,4,0,6,1,4,
15,0,2,2,4,3,4,0,4,0,4,
17,0,2,3,4,6,4,1,4,0,4,
17,0,2,3,4,4,3,0,4,0,4,
16,0,2,3,4,4,4,1,4,0,4,
15,0,2,3,4,4,4,0,4,1,4,
15,0,2,3,4,4,4,1,4,1,4,
16,0,2,3,4,4,4,1,4,1,4,
15,0,2,3,4,3,4,0,4,0,4,
18,0,2,3,7,4,4,0,4,1,7,
15,0,2,3,4,4,4,0,4,1,4,
15,0,2,3,4,4,4,0,4,1,4,
15,0,1,3,4,3,4,1,4,0,4,
15,0,2,3,4,4,4,0,4,1,4,
15,0,2,3,4,4,4,0,4,1,4,
15,1,0,2,3,3,3,0,3,2,3,
15,0,2,3,4,4,4,1,4,1,4,
15,0,2,3,4,4,4,1,4,1,4,
15,0,2,3,4,4,4,3,4,1,4,
16,0,2,3,4,4,4,1,4,1,4,
15,0,2,3,4,4,4,1,4,1,4,
15,0,2,3,4,4,4,1,4,1,4,
15,0,2,3,4,4,4,1,4,1,4,
16,0,1,2,3,3,3,0,3,0,4,
16,0,2,3,4,4,4,1,4,1,5,
16,0,2,3,4,4,4,1,4,1,4,
16,0,1,2,3,3,3,0,3,0,4,
16,0,1,2,3,3,3,0,3,1,3,
