24,0,0,0,1,1,1,0,1,1,2,
13,0,0,1,1,1,1,0,1,1,1,
8,0,0,0,1,0,0,0,0,0,2,
7,0,1,1,1,1,1,1,1,1,1,
6,0,0,1,1,2,2,2,2,1,2,
6,0,0,1,1,2,2,2,2,1,2,
6,0,0,1,1,2,2,2,2,1,2,
6,0,0,1,1,2,2,2,2,1,2,
6,2,0,1,1,2,2,2,2,2,2,
6,0,1,1,2,2,2,2,2,1,2,
6,0,0,0,1,1,1,1,1,0,1,
6,0,1,1,1,2,2,2,2,1,2,
6,0,1,1,1,2,2,2,2,1,2,
6,0,1,1,1,2,2,2,2,1,2,
6,0,1,1,1,2,2,2,2,1,2,
6,0,1,1,1,2,2,2,2,1,2,
6,0,1,1,2,2,2,2,2,1,2,
8,0,1,4,4,4,5,4,4,1,4,
6,0,1,1,2,2,2,2,2,1,2,
6,0,1,1,2,2,2,2,2,1,2,
5,0,1,1,2,2,2,2,2,1,2,
6,0,1,1,2,2,2,2,2,1,2,
5,0,0,0,1,1,1,1,1,0,1,
5,0,1,1,2,2,2,2,2,1,2,
5,0,0,0,1,1,1,1,1,0,1,
5,0,0,0,1,1,1,1,1,0,1,
5,0,0,0,1,1,1,1,2,0,1,
5,0,0,0,1,1,1,1,1,0,1,
5,0,0,0,1,1,1,1,1,0,1,
7,0,3,0,1,1,1,1,1,0,1,
6,0,0,0,1,1,1,1,2,0,1,
6,0,0,0,1,1,1,1,2,0,1,
6,0,0,0,1,1,1,1,2,0,1,
6,0,0,0,1,1,1,1,2,0,1,
7,0,1,1,1,2,2,2,2,1,2,
6,0,0,0,1,1,1,1,2,0,1,
7,0,0,0,1,3,1,1,2,0,1,
6,0,0,0,1,1,1,1,2,0,1,
6,0,0,0,1,1,1,1,2,0,1,
7,0,0,0,3,1,1,1,2,0,3,
6,0,0,0,1,1,1,1,2,0,1,
6,0,0,0,1,1,1,1,2,0,1,
9,0,0,0,1,1,1,1,5,0,1,
6,0,0,0,1,1,1,1,2,0,1,
6,0,0,0,1,1,1,1,2,0,1,
6,0,0,0,1,1,1,1,2,0,1,
6,0,0,0,1,1,1,1,2,0,1,
6,0,0,0,1,1,1,1,2,0,1,
6,0,0,1,1,1,1,1,2,0,1,
6,0,0,0,1,1,1,1,2,0,1,
6,0,0,1,1,1,2,1,2,0,1,
6,0,0,0,1,1,1,1,2,0,1,
6,0,0,0,1,1,2,1,2,0,1,
6,0,0,1,1,1,2,2,2,0,1,
6,0,0,1,1,1,2,2,2,0,1,
6,0,0,1,1,1,2,2,2,0,1,
6,0,0,1,1,1,2,2,2,0,1,
6,0,1,1,1,1,2,2,2,0,1,
6,0,0,1,1,2,2,2,2,1,2,
6,0,0,1,1,1,2,2,2,0,1,
6,0,0,1,1,2,2,2,2,1,2,
6,0,0,1,1,2,2,2,2,0,2,
6,0,0,1,1,2,2,2,2,0,2,
6,0,0,1,1,2,2,2,2,0,2,
6,0,0,1,1,2,2,2,2,1,2,
6,0,0,1,1,2,2,2,2,0,2,
6,0,0,1,1,2,2,2,2,1,2,
9,0,0,0,1,1,4,4,4,0,1,
6,0,0,1,1,2,2,2,2,1,2,
6,0,0,1,1,2,2,2,2,1,2,
6,0,0,1,1,2,2,2,2,1,2,
8,0,1,2,1,2,2,2,2,1,2,
8,0,1,1,2,2,2,2,3,1,2,
7,0,0,0,1,1,1,1,2,0,1,
6,0,1,1,2,2,2,2,2,1,2,
6,0,1,1,2,2,2,2,2,1,2,
5,0,1,1,2,2,2,2,2,1,2,
5,0,1,1,2,2,2,2,2,1,2,
5,0,1,1,2,2,2,2,2,1,2,
6,0,3,1,2,2,2,2,2,1,2,
6,0,0,0,1,1,1,1,2,0,1,
5,0,0,0,1,1,1,1,1,0,1,
6,0,0,0,1,1,1,1,2,0,1,
6,0,0,0,1,1,1,1,2,0,1,
6,0,0,1,1,2,2,2,2,0,2,
6,0,0,0,1,1,1,1,2,0,1,
6,0,0,0,1,1,1,1,2,0,1,
6,0,0,0,1,1,1,1,2,0,1,
6,0,0,0,1,1,1,1,2,0,1,
8,0,0,0,3,1,1,1,2,0,3,
6,0,0,0,1,1,1,1,2,0,1,
6,0,0,0,1,1,1,1,2,0,1,
6,0,0,0,1,1,1,1,2,0,1,
6,0,0,0,1,1,1,1,2,0,1,
6,0,0,0,1,1,1,1,2,0,1,
6,2,0,1,1,1,1,1,2,2,1,
5,0,0,0,1,1,1,1,2,0,1,
6,0,0,1,1,1,2,2,2,0,1,
6,0,0,1,1,1,2,2,2,0,1,
6,0,0,1,1,1,2,2,2,0,1,
6,0,0,0,0,0,1,1,1,0,0,
6,0,0,1,1,1,2,2,2,0,1,
6,0,0,1,1,1,2,2,2,0,1,
6,0,0,1,1,1,2,2,2,0,1,
6,0,0,1,1,1,2,2,2,0,1,
7,0,0,1,1,2,1,1,2,0,1,
6,0,0,1,1,2,2,2,2,0,2,
6,0,0,1,1,2,2,2,2,1,2,
6,0,0,1,1,2,2,2,2,0,2,
7,0,0,1,1,1,2,3,3,1,1,
6,0,0,1,1,2,2,2,2,1,2,
6,0,0,1,1,2,2,2,2,1,2,
7,0,0,0,1,1,1,1,1,0,1,
6,0,1,1,1,2,2,2,2,1,2,
6,0,1,1,1,2,2,2,2,1,2,
6,0,1,1,2,2,2,2,2,1,2,
6,0,1,1,1,2,2,2,2,1,2,
6,0,1,1,2,2,2,2,2,1,2,
6,0,1,1,1,2,2,2,2,1,2,
6,0,1,1,1,2,2,2,2,1,2,
6,0,1,1,2,2,2,2,2,1,2,
6,0,1,1,2,2,2,2,2,1,2,
6,0,1,1,2,2,2,2,2,1,2,
6,0,1,1,2,2,2,2,2,1,2,
8,0,1,1,2,2,2,2,2,1,2,
6,0,0,0,1,1,1,1,2,0,1,
5,0,0,0,1,1,1,1,1,0,1,
5,0,0,0,1,1,1,1,1,0,1,
5,0,0,0,1,1,1,1,1,0,1,
6,0,0,0,0,0,0,0,1,0,0,
6,0,0,0,1,1,1,1,2,0,1,
6,0,0,0,1,1,1,1,2,0,1,
6,0,0,0,1,1,1,1,2,0,1,
6,0,0,1,1,1,1,1,2,0,1,
6,0,0,0,1,1,1,1,2,0,1,
6,0,0,0,1,1,1,1,2,0,1,
6,0,0,0,1,1,1,1,2,0,1,
6,0,0,0,1,1,1,1,2,0,1,
6,0,0,0,1,1,1,1,2,0,1,
8,0,0,0,4,1,1,1,2,0,4,
6,0,0,0,1,1,2,1,2,0,1,
6,0,0,0,1,1,2,2,2,0,1,
6,0,0,1,1,1,2,2,2,0,1,
6,0,0,1,1,1,2,2,2,0,1,
6,0,0,1,1,1,2,2,2,0,1,
7,3,0,1,1,2,2,2,2,3,1,
9,0,0,0,1,1,1,1,2,0,1,
6,0,0,1,1,1,2,2,2,0,1,
6,0,1,1,1,2,2,2,2,0,2,
6,0,0,1,1,2,2,2,2,0,2,
6,0,0,1,1,2,2,2,2,1,2,
6,0,0,1,1,2,2,2,2,0,2,
6,0,0,1,1,2,2,2,2,1,2,
6,0,0,1,1,2,2,2,2,0,2,
9,0,1,1,2,5,5,5,5,1,5,
6,0,0,1,1,2,2,2,2,1,2,
6,0,0,1,2,2,2,2,2,1,2,
6,0,1,1,1,2,2,2,2,1,2,
7,0,1,2,2,2,2,2,2,1,2,
6,0,1,1,1,2,2,2,2,1,2,
6,0,1,1,2,2,2,2,2,1,2,
6,0,1,1,2,2,2,2,2,1,2,
5,0,1,1,2,2,2,2,2,1,2,
5,0,1,1,2,2,2,2,2,1,2,
5,0,1,1,2,2,2,2,2,1,2,
5,0,1,1,2,2,2,2,2,1,2,
5,0,0,1,1,1,1,1,1,0,1,
6,0,0,0,1,1,1,1,2,0,1,
6,0,0,0,1,1,1,1,2,0,1,
6,0,0,0,1,1,1,1,1,0,1,
6,0,0,0,1,1,1,1,2,0,1,
6,0,0,0,1,1,1,1,2,0,1,
6,0,0,0,1,1,1,1,2,0,1,
6,0,0,0,1,1,1,1,2,0,1,
7,0,0,0,1,1,1,1,2,0,1,
6,0,0,0,1,1,1,1,2,0,1,
6,0,0,0,1,1,1,1,2,0,1,
6,0,0,0,1,1,2,2,2,1,1,
6,0,0,0,1,1,2,2,2,0,1,
10,0,1,1,2,5,5,5,5,1,5,
6,0,0,0,1,1,2,2,2,0,1,
6,0,0,0,1,1,2,2,2,0,1,
6,0,0,1,1,1,2,2,2,0,2,
6,0,0,1,1,1,2,2,2,0,1,
7,0,0,1,1,1,2,2,2,0,1,
7,0,0,1,1,2,2,2,2,1,2,
6,0,0,1,1,1,2,2,2,0,1,
6,0,0,1,1,1,2,2,2,0,2,
6,0,0,1,1,2,2,2,2,0,2,
7,0,0,1,3,2,2,2,2,0,3,
6,0,0,1,1,2,2,2,2,0,2,
6,0,0,1,1,2,2,2,2,1,2,
9,0,1,1,1,2,2,2,5,1,2,
6,0,1,1,1,2,2,2,2,1,2,
6,0,0,1,1,2,2,2,2,1,2,
6,0,0,1,1,2,2,2,2,1,2,
6,0,1,1,1,2,2,2,2,1,2,
6,0,1,1,1,2,2,2,2,1,2,
8,0,0,0,1,2,1,1,2,0,1,
6,0,1,1,2,2,2,2,2,1,2,
6,0,1,1,2,2,2,2,2,1,2,
5,0,0,0,1,1,1,1,1,0,1,
6,0,1,1,2,2,2,2,3,1,2,
5,0,1,1,2,2,2,2,2,1,2,
5,0,0,0,1,1,1,1,1,0,1,
5,0,1,1,2,2,2,2,2,1,2,
5,0,0,0,1,1,1,1,1,0,1,
7,0,0,0,1,3,1,1,2,0,1,
6,0,0,0,1,1,1,1,2,0,1,
5,0,0,0,1,1,1,1,2,0,1,
6,0,0,0,1,1,1,1,2,0,1,
6,0,0,0,1,1,1,1,2,0,1,
6,0,0,0,1,1,1,1,2,0,1,
6,0,0,0,1,1,1,1,2,0,1,
6,0,0,0,2,1,1,1,2,0,2,
6,0,0,0,1,1,1,1,2,0,1,
6,0,0,0,1,1,1,1,2,0,1,
6,0,0,0,1,1,1,1,2,0,1,
6,0,0,0,1,1,1,1,2,0,1,
6,0,0,0,1,1,1,1,2,0,1,
6,1,0,0,1,1,1,1,2,1,1,
6,0,0,1,1,2,2,2,2,1,2,
6,0,0,1,1,1,2,2,2,0,1,
6,0,0,1,1,1,2,2,2,0,1,
6,0,0,1,1,1,2,2,2,0,1,
6,0,0,1,1,1,2,2,2,0,1,
6,0,0,1,1,1,2,2,2,0,1,
6,0,0,1,1,1,2,2,2,0,1,
6,0,0,1,1,1,2,2,2,0,1,
8,0,0,1,4,4,4,4,4,0,4,
6,0,0,1,1,1,2,2,2,0,1,
6,0,0,1,1,2,2,2,2,0,2,
6,0,0,1,1,2,2,2,2,0,2,
6,0,0,1,1,2,2,2,2,0,2,
6,0,0,1,1,2,2,2,2,1,2,
6,0,0,1,1,2,2,2,2,1,2,
6,0,0,1,1,2,2,2,2,0,2,
6,0,0,1,1,2,2,2,2,1,2,
6,0,0,1,1,2,2,2,2,1,2,
6,0,0,1,1,2,2,2,2,1,2,
6,0,1,1,1,2,2,2,2,1,2,
7,0,3,1,2,2,2,2,2,1,2,
6,0,1,1,2,2,2,2,2,1,2,
6,0,1,1,2,2,2,2,2,1,2,
5,0,1,1,2,2,2,2,2,1,2,
5,0,1,1,2,2,2,2,2,1,2,
7,0,0,1,1,1,2,2,2,0,1,
6,0,0,0,1,1,1,1,1,0,1,
5,0,0,0,1,1,1,1,1,0,1,
7,0,0,1,1,2,2,2,2,1,2,
6,0,0,0,1,1,1,1,2,0,1,
6,0,0,0,1,1,1,1,2,0,1,
6,0,0,0,1,1,1,1,2,0,1,
6,0,0,0,1,1,1,1,2,0,1,
6,0,0,0,0,0,0,0,1,0,0,
6,0,0,0,1,1,1,1,2,0,1,
6,0,0,0,1,1,1,1,2,0,1,
6,0,0,0,1,1,1,1,2,0,1,
7,0,0,2,1,1,1,1,2,0,1,
6,0,0,0,1,1,1,1,2,0,1,
6,0,0,0,1,1,1,1,2,0,1,
6,0,0,0,1,1,1,1,2,0,1,
6,0,0,0,1,1,1,2,2,0,1,
6,0,0,1,1,1,2,2,2,0,1,
7,0,0,0,3,1,1,1,2,0,3,
6,0,0,1,1,1,2,2,2,0,1,
6,0,0,1,1,1,2,2,2,0,1,
9,0,0,1,1,1,2,2,5,0,1,
6,0,0,1,1,1,2,2,2,0,1,
6,0,0,1,1,1,2,2,2,0,1,
6,0,0,1,1,1,2,2,2,0,1,
6,0,0,1,1,2,2,2,2,0,2,
6,0,0,1,1,2,2,2,2,0,2,
6,0,0,1,1,2,2,2,2,0,2,
6,0,0,1,1,2,2,2,2,0,2,
6,0,0,1,1,2,2,2,2,0,2,
6,0,0,1,1,2,2,2,2,0,2,
6,0,0,1,1,2,2,2,2,1,2,
6,0,0,1,1,2,2,2,2,1,2,
6,0,0,1,1,2,2,2,2,1,2,
6,0,1,1,1,2,2,2,2,1,2,
6,0,1,1,1,2,2,2,2,1,2,
7,1,0,2,1,1,1,1,1,1,1,
6,0,0,1,1,2,2,2,2,0,2,
5,0,1,1,2,2,2,2,2,1,2,
5,0,1,1,2,2,2,2,2,1,2,
5,0,0,0,1,1,1,1,1,0,1,
5,0,0,0,1,1,1,1,1,0,1,
5,0,0,0,1,1,1,1,1,0,1,
6,0,0,0,1,1,1,1,1,0,1,
42,37,0,0,1,1,1,1,2,38,1,
6,0,0,0,1,1,1,1,2,0,1,
6,0,0,0,1,1,1,1,2,0,1,
6,0,0,0,1,1,1,1,2,0,1,
6,0,0,0,1,1,1,1,2,0,1,
6,0,0,0,1,1,1,1,2,0,1,
6,0,0,0,1,1,1,1,2,0,1,
6,0,0,0,1,1,1,1,2,0,1,
6,0,0,0,1,1,1,1,2,0,1,
6,0,0,0,1,1,1,1,2,0,1,
6,0,0,0,1,1,1,1,2,0,1,
6,0,0,0,1,1,1,1,2,0,1,
6,0,0,0,1,1,1,1,2,0,1,
10,0,0,1,1,1,5,5,5,0,1,
6,0,0,0,1,1,1,2,2,0,1,
6,0,0,0,1,1,1,2,2,0,1,
6,0,0,1,1,1,2,2,2,0,1,
8,0,0,3,1,1,2,2,2,0,1,
6,0,0,1,1,1,2,2,2,0,1,
6,0,0,1,1,1,2,2,2,0,1,
6,0,0,1,1,1,2,2,2,0,1,
6,0,0,1,1,1,2,2,2,0,1,
6,0,0,1,1,1,2,2,2,0,1,
6,0,0,1,1,2,2,2,2,0,2,
6,0,0,1,1,2,2,2,2,0,2,
6,0,0,1,1,1,2,2,2,0,2,
6,0,0,1,1,2,2,2,2,0,2,
6,0,0,1,1,2,2,2,2,0,2,
6,0,0,1,1,1,2,2,2,0,1,
6,0,1,1,2,2,2,2,2,1,2,
8,0,0,1,4,4,4,4,4,0,4,
6,0,0,1,1,2,2,2,2,0,2,
6,0,0,1,1,2,2,2,2,0,2,
7,0,1,1,2,2,2,2,2,1,2,
6,0,1,1,1,2,2,2,2,1,2,
6,0,1,1,2,2,2,2,2,1,2,
6,0,1,1,2,2,2,2,2,1,2,
6,0,1,1,2,2,2,2,2,1,2,
6,0,0,1,1,2,2,2,2,0,2,
6,0,1,1,1,2,2,2,2,1,2,
6,0,0,1,1,1,2,2,2,0,2,
6,0,1,1,1,2,2,2,2,1,2,
17,0,1,1,4,4,13,4,4,1,4,
6,0,1,1,1,2,2,2,2,1,2,
6,0,1,1,2,2,2,2,2,1,2,
10,0,1,1,2,2,2,2,2,1,2,
5,0,1,1,2,2,2,2,2,1,2,
7,0,0,1,1,2,2,2,2,0,1,
6,0,1,1,2,2,2,2,3,1,2,
5,0,1,1,2,2,2,2,2,1,2,
10,0,0,1,1,1,4,4,4,0,1,
6,0,0,0,1,1,1,1,2,0,1,
6,0,0,0,1,1,1,1,2,0,1,
6,0,0,0,1,1,1,1,2,0,1,
6,0,0,0,1,1,1,1,2,0,1,
7,0,0,0,1,1,1,3,2,0,1,
6,0,0,0,1,1,1,1,2,0,1,
6,0,0,0,1,1,1,1,2,0,1,
6,0,0,0,1,1,1,1,2,0,1,
6,0,0,0,1,1,1,1,2,0,1,
6,0,0,0,1,1,1,1,2,0,1,
43,0,0,0,38,1,1,1,2,0,39,
6,1,1,1,0,0,1,1,1,1,1,
6,0,0,1,1,1,1,1,2,0,1,
6,0,0,0,1,1,1,2,2,0,1,
8,0,0,1,1,4,2,2,2,0,1,
6,0,0,1,1,1,1,2,2,0,1,
6,0,0,1,1,1,1,2,2,0,1,
6,0,0,1,1,1,1,2,2,0,1,
6,0,0,1,1,1,2,2,2,0,1,
6,0,0,1,1,1,2,2,2,0,1,
6,0,0,1,1,1,2,2,2,0,2,
6,0,0,1,1,2,2,2,2,0,2,
6,0,0,1,1,2,2,2,2,0,2,
11,0,0,1,1,1,1,4,4,0,1,
6,0,0,1,1,2,2,2,2,1,2,
6,0,0,1,1,2,2,2,2,1,2,
6,0,0,1,1,2,2,2,2,1,2,
6,0,0,1,1,2,2,2,2,1,2,
6,0,1,1,1,2,2,2,2,1,2,
6,0,1,1,1,2,2,2,2,1,2,
6,0,1,1,1,2,2,2,2,1,2,
8,0,1,1,2,2,2,2,2,1,2,
6,0,1,1,2,2,2,2,2,1,2,
8,0,1,1,4,2,2,2,2,1,5,
33,0,1,30,2,2,2,2,2,1,2,
5,0,1,1,2,2,2,2,2,1,2,
6,0,0,0,0,0,0,0,0,0,0,
36,0,1,1,2,2,2,2,2,33,2,
8,0,0,0,1,1,1,1,1,0,1,
6,0,0,0,1,1,1,1,2,0,1,
6,0,0,0,1,1,1,1,2,0,1,
36,0,0,0,1,1,1,1,2,0,32,
6,0,0,0,1,1,1,1,2,0,1,
6,0,0,0,1,1,1,1,2,0,1,
6,0,0,0,1,1,1,1,2,0,1,
6,0,0,0,1,1,1,1,2,0,1,
6,0,0,0,1,1,1,1,2,0,1,
6,0,0,0,1,1,1,1,2,0,1,
6,0,0,0,1,1,1,1,2,0,1,
6,0,0,0,1,1,1,2,2,0,1,
9,0,0,0,1,1,1,1,2,0,1,
29,0,0,0,1,25,2,2,2,0,1,
6,0,0,1,1,2,2,2,2,0,1,
6,0,0,1,1,1,2,2,2,0,1,
6,0,0,1,1,1,2,2,2,0,1,
6,0,0,1,1,1,2,2,2,0,1,
6,0,0,1,1,1,2,2,2,0,1,
6,0,0,1,1,2,2,2,2,0,2,
6,0,0,1,1,2,2,2,2,0,2,
6,0,0,1,1,2,2,2,2,0,1,
6,0,0,1,1,2,2,2,2,0,2,
6,0,1,1,1,2,2,2,2,1,2,
6,0,0,1,1,2,2,2,2,0,2,
6,0,0,1,1,2,2,2,2,0,2,
7,0,0,1,1,2,2,2,2,0,2,
6,0,1,1,1,2,2,2,2,1,2,
6,0,1,1,1,2,2,2,2,1,2,
6,0,1,1,1,2,2,2,2,1,2,
7,0,1,1,2,2,2,2,2,1,2,
8,0,0,0,1,1,4,4,4,0,1,
5,0,1,1,2,2,2,2,2,1,2,
5,0,1,1,2,2,2,2,2,1,2,
5,0,1,1,2,2,2,2,2,1,2,
5,0,1,1,2,2,2,2,2,1,2,
9,0,0,0,1,1,1,1,2,0,1,
6,0,0,0,1,1,1,1,2,0,1,
6,0,0,0,1,1,1,1,2,0,1,
8,0,0,1,1,2,2,2,2,0,2,
6,0,0,0,1,1,1,1,2,0,1,
6,0,0,0,1,1,1,1,2,0,1,
6,0,0,0,1,1,1,1,2,0,1,
6,0,0,0,1,1,1,1,2,0,1,
6,0,0,0,0,0,0,0,1,0,0,
6,0,0,0,1,1,1,1,2,0,1,
6,0,0,0,1,1,1,1,2,0,1,
8,0,0,0,1,4,1,1,2,0,1,
6,0,0,0,1,1,1,1,2,0,1,
35,0,29,0,1,1,2,1,2,0,1,
6,0,0,0,1,1,2,2,2,0,1,
6,0,0,1,1,1,2,2,2,0,1,
6,0,0,1,1,1,2,2,2,0,1,
6,0,0,1,1,1,2,2,2,0,1,
6,0,0,1,1,1,2,2,2,0,1,
40,0,0,0,1,1,5,5,32,0,1,
6,0,0,1,1,2,2,2,2,0,2,
6,0,0,1,1,2,2,2,2,0,2,
6,0,0,1,1,2,2,2,2,0,2,
7,0,0,0,1,1,1,1,2,0,1,
6,0,0,1,1,2,2,2,2,0,2,
6,0,0,1,1,2,2,2,2,1,2,
6,0,0,1,1,2,2,2,2,1,2,
6,0,1,1,1,2,2,2,2,1,2,
9,0,0,1,4,2,2,2,2,1,5,
6,0,1,1,1,2,2,2,2,1,2,
6,0,1,1,2,2,2,2,2,1,2,
6,0,1,1,2,2,2,2,2,1,2,
5,0,1,1,2,2,2,2,2,1,2,
5,0,1,1,2,2,2,2,2,1,2,
7,2,0,0,1,1,1,1,1,3,1,
8,0,0,0,1,1,1,1,1,0,1,
5,0,0,0,1,1,1,1,1,0,1,
6,0,0,0,1,1,1,1,1,0,1,
5,0,0,0,1,1,1,1,1,0,1,
6,0,0,0,1,1,1,1,2,0,1,
6,0,0,0,1,1,1,1,2,0,1,
32,0,0,0,1,1,1,28,2,0,1,
6,0,0,1,1,1,2,2,2,0,1,
6,0,0,0,1,1,1,1,2,0,1,
6,0,0,0,1,1,1,1,2,0,1,
6,0,0,0,1,1,1,1,2,0,1,
6,0,0,0,1,1,1,1,2,0,1,
7,0,0,0,1,1,1,1,3,0,1,
6,0,0,0,1,1,1,1,2,0,1,
6,0,0,0,1,1,2,2,2,0,1,
7,0,0,0,1,1,1,1,2,0,1,
6,0,0,0,1,1,2,2,2,0,1,
6,0,0,1,1,1,2,2,2,0,1,
6,0,0,1,1,1,2,2,2,0,1,
6,0,0,1,1,1,2,2,2,0,1,
6,0,0,1,1,1,2,2,2,0,1,
6,0,0,1,1,1,2,2,2,0,1,
6,0,0,1,1,1,2,2,2,0,2,
6,0,1,1,1,2,2,2,2,1,2,
6,0,0,1,1,2,2,2,2,0,2,
6,0,0,1,1,2,2,2,2,0,2,
6,0,0,1,1,2,2,2,2,0,2,
7,0,0,1,1,2,2,2,2,1,2,
6,0,1,1,1,2,2,2,2,1,2,
6,0,1,1,1,2,2,2,2,1,2,
6,0,0,1,1,2,2,2,2,1,2,
6,0,1,1,1,2,2,2,2,1,2,
9,0,0,0,1,1,1,4,4,0,1,
6,0,1,1,2,2,2,2,2,1,2,
6,0,1,1,2,2,2,2,2,1,2,
5,0,1,1,2,2,2,2,2,1,2,
5,0,1,1,2,2,2,2,2,1,2,
8,0,1,1,2,2,2,2,2,1,2,
5,0,1,1,2,2,2,2,2,1,2,
5,0,0,0,1,1,1,1,1,0,1,
8,0,0,1,1,1,2,2,2,0,2,
5,0,0,0,1,1,1,1,1,0,1,
6,0,0,0,1,1,1,1,1,0,1,
5,0,0,0,1,1,1,1,1,0,1,
6,0,0,0,1,1,1,1,2,0,1,
6,1,0,1,0,0,1,1,1,1,1,
5,0,0,0,1,1,1,1,2,0,1,
6,0,0,0,1,1,1,1,2,0,1,
6,0,0,0,1,1,1,1,2,0,1,
6,0,0,0,1,1,1,1,2,0,1,
6,0,0,0,1,1,1,1,2,0,1,
6,0,0,0,1,1,1,1,2,0,1,
6,0,0,0,1,1,1,1,2,0,1,
7,0,0,1,1,2,2,2,2,0,2,
6,0,0,0,1,1,1,1,2,0,1,
6,0,0,0,1,1,1,1,2,0,1,
6,0,0,0,1,1,1,1,2,0,1,
6,0,2,0,1,1,1,1,2,0,1,
6,0,0,0,1,1,1,1,2,0,1,
6,0,0,0,1,1,1,2,2,0,1,
6,0,0,0,1,1,1,1,2,0,1,
6,0,0,1,1,1,2,2,2,0,1,
8,0,0,0,1,1,1,1,2,0,1,
6,0,0,1,1,1,2,2,2,0,1,
6,0,0,1,1,1,2,2,2,0,1,
6,0,0,1,1,1,2,2,2,0,1,
8,0,0,0,1,2,1,1,2,0,1,
7,0,0,1,2,1,2,2,2,0,3,
6,0,0,1,1,2,2,2,2,0,2,
6,0,0,1,1,2,2,2,2,0,2,
9,0,0,1,1,1,2,2,5,0,2,
6,0,1,1,1,2,2,2,2,1,2,
6,0,0,1,1,2,2,2,2,0,2,
6,0,1,1,1,2,2,2,2,1,2,
6,0,1,1,1,2,2,2,2,1,2,
6,0,1,1,1,2,2,2,2,1,2,
6,0,1,1,1,2,2,2,2,1,2,
6,0,1,1,1,2,2,2,2,1,2,
6,0,1,1,2,2,2,2,2,1,2,
6,0,1,1,2,2,2,2,2,1,2,
5,0,1,1,1,2,2,2,2,1,2,
5,0,1,1,2,2,2,2,2,1,2,
5,0,1,1,2,2,2,2,2,1,2,
5,0,0,0,1,1,1,1,1,0,1,
5,0,0,0,1,1,1,1,1,0,1,
5,0,0,0,1,1,1,1,1,0,1,
5,0,1,1,2,2,2,2,2,1,2,
5,0,0,0,1,1,1,1,1,0,1,
5,0,0,0,1,1,1,1,1,0,1,
6,0,0,0,1,1,1,1,2,0,1,
8,0,0,0,1,1,1,1,2,0,1,
6,0,0,0,1,1,1,1,2,0,1,
6,0,0,0,1,1,1,1,2,0,1,
6,0,0,0,1,1,1,1,2,0,1,
6,0,0,0,1,1,1,1,2,0,1,
6,0,0,0,0,0,1,0,1,0,0,
6,0,0,0,1,1,1,1,2,0,1,
7,0,0,0,1,1,1,1,2,0,1,
7,0,0,0,1,3,1,1,2,0,1,
6,0,0,0,1,1,1,1,2,0,1,
6,0,0,0,1,1,1,1,2,0,1,
6,0,0,0,1,1,1,2,2,0,1,
6,0,0,0,1,1,1,1,2,0,1,
6,0,0,1,1,1,2,2,2,0,1,
6,0,0,0,1,1,1,2,2,0,1,
6,0,0,0,1,1,1,2,2,0,1,
6,0,0,1,1,1,2,2,2,0,1,
11,0,0,0,1,1,1,4,4,0,1,
6,0,0,0,0,0,1,1,1,0,0,
6,0,0,1,1,1,2,2,2,0,1,
6,0,0,1,1,1,2,2,2,0,1,
6,0,0,1,1,1,2,2,2,0,1,
7,0,0,0,1,1,1,1,2,0,1,
6,0,0,1,1,1,2,2,2,0,1,
6,0,0,1,1,2,2,2,2,0,2,
6,0,0,1,1,2,2,2,2,0,2,
6,0,0,1,1,2,2,2,2,0,2,
9,0,0,1,4,1,2,2,2,0,5,
6,0,0,1,1,2,2,2,2,1,2,
6,0,1,1,1,2,2,2,2,1,2,
6,0,0,1,1,1,2,2,2,1,2,
6,0,1,1,1,2,2,2,2,1,2,
6,0,1,1,1,2,2,2,2,1,2,
8,2,0,0,0,1,1,1,1,3,1,
6,0,0,1,1,2,2,2,2,1,2,
6,0,1,1,2,2,2,2,2,1,2,
5,0,1,1,2,2,2,2,2,1,2,
5,0,1,1,2,2,2,2,2,1,2,
5,0,1,1,2,2,2,2,2,1,2,
5,0,1,1,2,2,2,2,2,1,2,
6,0,0,0,1,1,1,1,1,0,1,
6,0,0,0,1,1,1,1,2,0,1,
6,0,0,0,1,1,1,1,2,0,1,
6,0,0,0,1,1,1,1,2,0,1,
6,0,0,0,1,1,1,1,2,0,1,
6,0,0,0,1,1,1,1,2,0,1,
6,0,0,0,1,1,1,1,2,0,1,
9,0,0,0,1,1,1,1,2,0,1,
6,0,0,0,1,1,1,1,2,0,1,
7,0,0,0,1,1,1,1,2,0,1,
6,0,0,0,1,1,1,1,2,0,1,
6,0,0,0,1,1,2,1,2,0,1,
8,0,0,0,3,1,1,1,2,0,4,
6,0,0,1,1,1,2,2,2,0,1,
6,0,0,1,1,1,2,2,2,0,1,
9,0,0,1,1,1,2,2,5,0,1,
6,0,0,1,1,1,2,2,2,0,1,
6,0,0,1,1,1,2,2,2,0,1,
6,0,0,1,1,1,2,2,2,0,1,
6,0,0,1,1,2,2,2,2,0,2,
6,0,0,1,1,1,2,2,2,0,1,
6,0,0,1,1,2,2,2,2,0,2,
7,0,0,1,1,1,2,2,2,0,1,
6,0,0,1,1,2,2,2,2,0,2,
6,0,0,1,1,2,2,2,2,0,2,
6,0,0,1,1,2,2,2,2,1,2,
6,0,0,1,1,2,2,2,2,1,2,
9,0,0,0,1,1,1,1,4,0,1,
6,0,0,1,1,2,2,2,2,0,2,
6,0,0,1,1,2,2,2,2,1,2,
6,0,0,1,1,2,2,2,2,1,2,
6,0,0,1,1,2,2,2,2,1,2,
9,0,1,1,1,2,2,2,2,1,2,
6,0,1,1,2,2,2,2,2,1,2,
36,1,0,0,1,1,1,1,2,1,1,
5,0,1,1,2,2,2,2,2,1,2,
5,0,1,1,2,2,2,2,2,1,2,
5,0,1,1,2,2,2,2,2,1,2,
5,0,1,1,2,2,2,2,2,1,2,
5,0,0,0,1,1,1,1,1,0,1,
5,0,0,0,1,1,1,1,1,0,1,
5,0,0,0,1,1,1,1,1,0,1,
7,0,0,0,1,2,1,1,1,3,1,
6,0,1,1,1,2,2,2,2,1,2,
6,0,0,0,1,1,1,1,2,0,1,
6,0,0,0,1,1,1,1,2,0,1,
6,0,0,0,1,1,1,1,2,0,1,
6,0,0,0,1,1,1,1,2,0,1,
6,0,0,0,1,1,1,1,2,0,1,
6,0,0,0,1,1,1,1,2,0,1,
6,0,0,1,1,1,1,2,2,0,1,
8,0,0,0,1,4,4,4,4,0,4,
6,0,0,0,1,1,1,1,2,0,1,
6,0,0,1,1,1,1,2,2,0,1,
6,0,0,0,1,1,1,1,2,0,1,
7,0,0,1,1,1,2,2,2,0,1,
6,0,0,1,1,1,2,2,2,0,1,
6,0,0,1,1,1,2,2,2,0,1,
6,0,0,1,1,1,2,2,2,0,1,
6,0,0,1,1,1,2,2,2,0,1,
6,0,0,1,1,1,2,2,2,0,1,
6,0,0,1,1,1,2,2,2,0,2,
7,0,0,1,1,1,2,2,2,0,1,
6,0,0,1,1,1,2,2,2,0,1,
6,0,0,1,1,2,2,2,2,0,2,
6,0,0,1,1,2,2,2,2,0,2,
7,0,0,3,1,2,2,2,2,1,2,
6,0,0,1,1,2,2,2,2,1,2,
6,0,0,1,1,2,2,2,2,1,2,
6,0,0,1,1,2,2,2,2,1,2,
6,0,1,1,1,2,2,2,2,1,2,
6,0,1,1,1,2,2,2,2,1,2,
6,0,1,1,2,2,2,2,2,1,2,
6,0,1,1,2,2,2,2,2,1,2,
5,0,1,1,2,2,2,2,2,1,2,
5,0,0,0,1,1,1,1,1,0,1,
5,0,0,0,1,1,1,1,1,0,1,
5,0,0,0,1,1,1,1,1,0,1,
5,0,0,0,0,1,1,1,1,0,1,
8,0,0,0,1,1,1,1,1,0,1,
5,0,0,0,1,1,1,1,2,0,1,
7,0,0,0,1,1,1,3,3,0,1,
6,0,0,0,1,1,1,1,2,0,1,
6,0,0,0,1,1,1,1,2,0,1,
6,0,0,0,1,1,1,1,2,0,1,
6,0,0,0,1,1,1,1,2,0,1,
8,0,0,0,1,1,1,1,2,0,4,
6,0,0,0,1,1,1,1,2,0,1,
6,0,0,0,1,1,1,1,2,0,1,
6,0,0,0,1,1,1,1,2,0,1,
6,0,0,0,1,1,1,1,2,0,1,
6,0,0,0,1,1,1,1,2,0,1,
6,0,0,0,1,1,1,1,2,0,1,
6,0,0,0,1,1,2,2,2,0,1,
6,0,0,0,1,1,1,1,2,0,1,
6,0,0,0,1,1,2,1,2,0,1,
7,0,0,0,1,1,2,2,2,0,1,
6,0,0,1,1,1,2,2,2,0,1,
6,0,0,1,1,1,2,2,2,0,1,
6,0,0,1,1,1,2,2,2,0,1,
6,0,0,1,1,1,2,2,2,0,1,
8,0,0,1,4,4,4,4,4,0,4,
6,0,0,1,1,1,2,2,2,0,1,
6,0,0,1,1,1,2,2,2,0,1,
6,0,0,1,1,2,2,2,2,0,2,
6,0,0,1,1,1,2,2,2,1,2,
8,0,0,0,1,1,1,1,1,0,1,
6,0,0,1,1,1,2,2,2,0,2,
6,0,0,1,1,1,2,2,2,0,2,
8,0,0,0,1,1,1,1,2,0,1,
6,0,0,1,1,1,2,2,2,0,2,
6,0,0,1,1,2,2,2,2,1,2,
6,0,1,1,1,2,2,2,2,1,2,
7,0,1,3,1,2,2,2,2,1,2,
5,0,0,0,0,1,1,1,1,0,1,
5,0,1,1,1,2,2,2,2,1,2,
6,0,0,0,1,1,2,1,2,0,1,
6,0,1,1,2,2,2,2,2,1,2,
5,0,1,1,2,2,2,2,2,1,2,
5,0,1,1,2,2,2,2,2,1,2,
5,0,0,0,1,1,1,1,2,0,1,
5,0,1,1,2,2,2,2,2,1,2,
5,0,0,0,1,1,1,1,1,0,1,
6,0,0,0,1,1,1,1,2,0,1,
6,0,0,0,1,1,1,1,2,0,1,
6,0,0,0,1,1,1,1,2,0,1,
10,0,0,0,1,1,4,4,4,0,1,
6,0,0,0,1,1,1,1,2,0,1,
6,0,0,0,1,1,1,1,2,0,1,
6,0,0,0,1,1,1,1,2,0,1,
9,0,0,3,1,1,1,1,2,0,1,
6,0,0,0,1,1,1,1,2,0,1,
6,0,0,0,1,1,1,1,2,0,1,
6,0,0,0,1,1,1,1,2,0,1,
6,0,0,0,1,1,1,1,2,0,1,
6,0,0,1,1,1,2,2,2,0,1,
6,0,0,1,1,1,2,2,2,0,2,
6,0,0,1,1,1,2,2,2,0,1,
6,0,0,1,1,2,2,2,2,0,2,
6,0,0,1,1,1,2,2,2,0,1,
6,0,0,1,1,1,2,2,2,0,1,
6,0,0,1,1,1,2,2,2,0,1,
6,0,0,1,1,1,2,2,2,0,1,
5,0,1,1,2,2,2,2,2,1,2,
6,0,0,1,1,2,2,2,2,0,2,
6,0,0,1,1,2,2,2,2,0,2,
6,0,0,1,1,2,2,2,2,0,2,
7,0,0,1,1,2,2,2,2,0,2,
6,0,0,1,1,2,2,2,2,0,2,
6,0,0,1,1,2,2,2,2,0,2,
6,0,1,1,1,2,2,2,2,1,2,
6,0,0,1,1,2,2,2,2,1,2,
6,0,1,1,2,2,2,2,2,1,2,
6,0,1,1,1,2,2,2,2,1,2,
5,0,1,1,2,2,2,2,2,1,2,
5,0,1,1,1,2,2,2,2,1,2,
5,0,1,1,2,2,2,2,2,1,2,
5,0,1,1,2,2,2,2,2,1,2,
5,0,1,1,2,2,2,2,2,1,2,
5,0,1,1,2,2,2,2,2,1,2,
5,0,1,1,2,2,2,2,2,1,2,
5,0,1,1,2,2,2,2,2,1,2,
6,0,0,0,1,1,1,1,2,0,1,
5,0,0,0,1,1,1,1,2,0,1,
7,0,0,0,1,3,3,3,3,0,3,
6,0,0,0,1,1,1,1,2,0,1,
6,0,0,0,1,1,1,1,2,0,1,
6,0,0,0,1,1,1,1,2,0,1,
6,0,0,1,1,2,2,2,2,1,2,
6,0,0,0,1,1,1,1,2,0,1,
6,0,0,0,1,1,1,1,2,0,1,
7,0,0,0,3,1,1,1,2,0,3,
6,0,0,0,1,1,1,1,2,0,1,
6,0,0,0,1,1,1,1,2,0,1,
6,0,0,0,1,1,2,1,2,0,1,
6,0,0,1,1,1,2,2,2,0,1,
11,0,1,1,1,2,2,2,5,1,2,
6,0,0,1,1,1,2,2,2,0,1,
6,0,0,1,1,1,2,2,2,0,1,
6,0,0,1,1,1,2,2,2,0,1,
6,0,0,1,1,1,2,2,2,0,1,
6,0,0,1,1,1,2,2,2,0,1,
6,0,0,1,1,1,2,2,2,0,1,
6,0,0,1,1,2,2,2,2,0,2,
6,0,0,1,1,2,2,2,2,0,2,
6,0,0,1,1,2,2,2,2,0,2,
6,0,0,1,1,2,2,2,2,0,2,
6,0,0,1,1,2,2,2,2,0,2,
6,0,1,1,1,2,2,2,2,1,2,
7,0,0,0,0,0,0,0,0,0,0,
6,0,1,1,1,2,2,2,2,1,2,
6,0,1,1,1,2,2,2,2,1,2,
6,0,1,1,2,2,2,2,2,1,2,
6,0,1,1,1,2,2,2,2,1,2,
5,0,1,1,2,2,2,2,2,1,2,
5,0,1,1,2,2,2,2,2,1,2,
5,0,1,1,2,2,2,2,2,1,2,
5,0,1,1,2,2,2,2,2,1,2,
5,0,1,1,2,2,2,2,2,1,2,
5,0,1,1,2,2,2,2,2,1,2,
5,0,0,0,1,1,1,1,1,0,1,
7,0,3,0,1,1,1,1,1,0,1,
6,0,0,0,1,1,1,1,2,0,1,
5,0,0,0,1,1,1,1,2,0,1,
6,0,0,0,1,1,1,1,2,0,1,
7,0,1,1,2,2,2,2,2,1,2,
8,0,1,1,1,2,2,2,2,1,2,
6,0,0,0,1,1,1,1,2,0,1,
6,0,0,0,1,1,1,1,2,0,1,
6,0,0,0,1,1,1,1,2,0,1,
6,0,0,0,1,1,1,1,2,0,1,
6,0,0,1,1,1,2,2,2,0,1,
6,0,0,1,1,1,2,2,2,0,1,
6,0,0,1,1,1,2,2,2,0,1,
6,0,0,1,1,1,2,2,2,0,1,
6,0,0,1,1,1,2,2,2,0,1,
6,0,0,1,1,1,2,2,2,0,1,
7,0,0,1,1,3,2,2,2,0,1,
8,0,0,1,3,1,2,2,2,0,4,
6,0,0,1,1,1,2,2,2,0,1,
6,0,0,1,1,1,2,2,2,0,1,
6,0,0,1,1,1,2,2,2,0,1,
6,0,0,1,1,2,2,2,2,0,2,
6,0,0,1,1,2,2,2,2,0,2,
6,0,0,1,2,1,2,2,2,0,2,
6,0,0,1,1,2,2,2,2,0,2,
6,0,1,1,1,2,2,2,2,1,2,
6,0,0,1,1,2,2,2,2,0,2,
6,0,1,1,1,2,2,2,2,1,2,
6,0,1,1,1,2,2,2,2,1,2,
6,0,1,1,1,2,2,2,2,1,2,
5,0,1,1,1,2,2,2,2,1,2,
5,0,1,1,2,2,2,2,2,1,2,
5,0,1,1,2,2,2,2,2,1,2,
8,0,1,1,2,2,2,2,2,1,2,
5,0,1,1,2,2,2,2,2,1,2,
5,0,1,1,2,2,2,2,2,1,2,
5,0,0,0,1,1,1,1,2,0,1,
6,0,1,1,2,2,2,2,2,1,2,
6,0,0,0,0,0,0,0,1,0,0,
6,0,0,0,1,1,1,1,2,0,1,
5,0,0,0,1,1,1,1,2,0,1,
7,0,0,0,1,3,1,1,2,0,1,
8,0,1,1,2,2,2,2,2,1,2,
6,0,0,0,1,1,1,1,2,0,1,
6,0,0,0,1,1,1,1,2,0,1,
6,0,0,0,1,1,1,2,2,0,1,
6,0,0,0,1,1,1,1,2,0,1,
6,0,0,0,1,1,1,1,2,0,1,
6,0,0,0,1,1,1,1,2,0,1,
6,0,0,0,1,1,1,1,2,0,1,
7,0,3,0,1,1,1,1,2,0,1,
6,0,0,1,1,1,2,2,2,0,1,
6,0,0,0,1,1,2,2,2,0,1,
6,0,0,1,1,1,2,2,2,0,1,
6,0,0,1,1,1,2,2,2,0,1,
6,0,0,1,1,1,2,2,2,0,1,
6,0,0,1,1,1,2,2,2,0,1,
6,0,0,1,1,1,2,2,2,0,1,
8,0,0,1,1,1,2,2,2,0,1,
6,0,0,1,1,1,2,2,2,0,1,
6,0,0,1,1,2,2,2,2,0,2,
6,0,0,1,1,2,2,2,2,0,2,
6,0,0,1,1,2,2,2,2,0,2,
10,0,0,1,1,1,2,2,5,0,2,
6,0,0,1,1,2,2,2,2,0,2,
6,0,0,1,1,2,2,2,2,1,2,
6,0,1,1,1,2,2,2,2,1,2,
9,0,1,4,1,2,2,2,2,1,2,
6,0,1,1,2,2,2,2,2,1,2,
5,0,1,1,1,2,2,2,2,1,2,
5,0,1,1,1,2,2,2,2,1,2,
5,0,1,1,2,2,2,2,2,1,2,
5,0,1,1,2,2,2,2,2,1,2,
5,0,1,1,2,2,2,2,2,1,2,
5,0,1,1,2,2,2,2,2,1,2,
5,0,1,1,2,2,2,2,2,1,2,
6,0,1,1,2,2,2,2,3,1,2,
5,0,0,0,1,1,1,1,2,0,1,
5,0,0,0,1,1,1,1,1,0,1,
5,0,0,0,1,1,1,1,2,0,1,
5,0,0,0,1,1,1,1,2,0,1,
6,0,0,0,1,1,1,1,2,0,1,
6,0,0,0,1,1,1,1,2,0,1,
7,0,1,1,2,2,2,2,2,1,2,
6,0,0,0,1,1,1,1,2,0,1,
6,0,0,0,1,1,1,1,2,0,1,
6,0,0,0,1,1,1,1,2,0,1,
6,0,0,0,1,1,1,1,2,0,1,
6,0,0,0,0,0,0,0,1,0,0,
6,0,0,0,1,1,1,1,2,0,1,
6,0,0,0,1,1,2,1,2,0,1,
6,0,0,1,1,1,2,2,2,0,1,
7,0,0,2,1,1,2,2,2,0,1,
6,0,0,1,1,1,2,2,2,0,1,
6,0,0,1,1,1,2,2,2,0,1,
6,0,0,1,1,1,2,2,2,0,1,
6,0,0,1,1,1,2,2,2,0,1,
6,0,0,1,1,1,2,2,2,0,1,
9,0,1,1,4,2,2,2,2,1,4,
6,0,0,1,1,2,2,2,2,0,2,
6,0,0,1,1,2,2,2,2,0,2,
6,0,0,1,1,2,2,2,2,0,2,
6,0,0,1,1,2,2,2,2,0,2,
6,0,0,1,1,2,2,2,2,0,2,
6,1,0,1,1,2,2,2,2,1,2,
6,0,0,0,1,1,1,2,2,0,1,
6,0,1,1,1,2,2,2,2,1,2,
6,0,1,1,1,2,2,2,2,0,2,
5,0,1,1,1,2,2,2,2,1,2,
5,0,1,1,1,2,2,2,2,1,2,
5,0,1,1,2,2,2,2,2,1,2,
5,0,1,1,2,2,2,2,2,1,2,
5,0,1,1,2,2,2,2,2,1,2,
8,0,1,1,2,5,5,5,5,1,5,
5,0,1,1,2,2,2,2,2,1,2,
5,0,1,1,2,2,2,2,2,1,2,
5,0,0,0,1,1,1,1,1,0,1,
6,0,0,1,1,1,1,1,2,0,1,
6,0,0,0,1,1,1,1,2,0,1,
6,0,0,0,1,1,1,1,2,0,1,
6,0,0,0,1,1,1,1,2,0,1,
6,0,0,0,1,1,1,1,2,0,1,
6,0,0,0,1,1,1,1,2,0,1,
6,0,0,0,1,1,1,1,2,0,1,
6,0,0,0,1,1,1,1,2,0,1,
6,0,0,0,1,1,1,1,2,0,1,
6,0,0,0,1,1,1,1,2,0,1,
6,0,0,0,1,1,1,1,2,0,1,
6,0,0,0,1,1,1,1,2,0,1,
6,0,0,0,1,1,1,2,2,0,1,
6,0,0,0,1,1,1,1,2,0,1,
6,0,0,0,1,1,1,2,2,0,1,
6,0,0,1,1,1,2,2,2,0,1,
6,0,0,0,1,1,2,2,2,0,1,
6,0,0,1,1,1,2,2,2,0,1,
6,0,0,1,1,1,2,2,2,0,1,
6,0,0,1,1,1,2,2,2,0,1,
6,0,0,1,1,1,2,2,2,0,1,
6,0,0,1,1,1,2,2,2,0,1,
7,0,0,1,1,1,2,2,3,0,1,
6,0,0,1,1,2,2,2,2,0,2,
6,0,0,1,1,2,2,2,2,0,2,
6,0,0,1,1,2,2,2,2,0,2,
6,0,0,1,1,2,2,2,2,0,2,
6,0,0,1,1,2,2,2,2,0,2,
6,0,0,1,1,2,2,2,2,0,2,
8,0,1,1,1,2,2,2,2,1,2,
6,0,1,1,1,2,2,2,2,1,2,
7,0,1,1,1,2,2,2,4,1,2,
5,0,1,1,1,2,2,2,2,1,2,
5,0,1,1,2,2,2,2,2,1,2,
5,0,1,1,2,2,2,2,2,1,2,
5,0,1,1,2,2,2,2,2,1,2,
5,0,1,1,2,2,2,2,2,1,2,
5,0,1,1,2,2,2,2,2,1,2,
5,0,1,1,2,2,2,2,2,1,2,
6,0,0,0,1,1,1,1,2,0,1,
6,0,0,0,1,1,1,1,2,0,1,
9,0,0,0,1,1,1,1,2,0,1,
6,0,0,0,1,1,1,1,2,0,1,
6,0,0,0,1,1,1,1,2,0,1,
6,2,0,0,1,1,1,1,2,2,1,
6,0,0,0,1,1,1,1,2,0,1,
11,0,0,1,1,2,2,5,5,0,2,
6,0,0,0,1,1,1,1,2,0,1,
6,0,0,0,1,1,1,1,2,0,1,
6,0,0,0,1,1,1,1,2,0,1,
6,0,0,0,1,1,1,2,2,0,1,
6,0,0,0,1,1,1,2,2,0,1,
6,0,0,0,1,1,1,1,2,0,1,
6,0,0,0,1,1,2,2,2,0,1,
6,0,0,1,1,1,2,2,2,0,1,
6,0,0,1,1,1,2,2,2,0,1,
6,0,0,0,1,1,2,2,2,0,1,
6,0,0,1,1,1,2,2,2,0,1,
6,0,0,1,1,1,2,2,2,0,1,
8,0,0,1,4,4,4,4,4,0,4,
6,0,0,1,1,2,2,2,2,0,2,
6,0,0,1,1,2,2,2,2,0,2,
6,0,0,1,1,2,2,2,2,0,2,
7,0,0,2,1,2,2,2,2,0,2,
6,0,0,1,1,2,2,2,2,1,2,
6,0,0,1,1,2,2,2,2,0,2,
6,0,0,1,1,2,2,2,2,1,2,
6,0,0,1,1,2,2,2,2,1,2,
6,0,0,1,1,2,2,2,2,1,2,
6,0,1,1,1,2,2,2,2,1,2,
5,0,1,1,2,2,2,2,2,1,2,
5,0,1,1,2,2,2,2,2,1,2,
5,0,2,1,2,2,2,2,2,1,2,
5,0,1,1,2,2,2,2,2,1,2,
5,0,1,1,2,2,2,2,2,1,2,
5,0,1,1,2,2,2,2,2,1,2,
8,0,2,3,3,4,4,4,4,0,4,
5,0,0,0,1,1,1,1,1,0,1,
6,0,0,0,1,1,1,1,2,0,1,
6,0,0,0,1,1,1,1,2,0,1,
6,0,0,0,1,1,1,1,2,0,1,
6,0,0,0,1,1,1,1,1,0,1,
6,0,0,0,1,1,1,1,2,0,1,
6,0,0,0,1,1,1,1,2,0,1,
6,0,0,0,1,1,1,1,2,0,1,
6,0,0,0,1,1,1,1,2,0,1,
6,0,0,0,1,1,1,1,2,0,1,
7,0,0,0,1,3,1,1,2,0,1,
6,0,0,0,1,1,1,1,2,0,1,
7,0,0,0,1,1,1,2,2,0,1,
6,0,0,0,1,1,1,1,2,0,1,
6,0,0,0,1,1,2,2,2,0,1,
6,0,0,0,1,1,2,2,2,0,1,
6,0,0,0,1,1,2,2,2,0,1,
7,0,0,1,3,1,2,2,2,0,3,
6,0,0,0,1,1,2,2,2,0,1,
6,0,0,1,1,1,2,2,2,0,1,
6,0,0,1,1,1,2,2,2,0,1,
6,0,0,1,1,1,2,2,2,0,2,
6,0,0,1,1,1,2,2,2,0,1,
6,0,0,1,1,2,2,2,2,0,2,
6,0,0,1,1,2,2,2,2,0,2,
6,0,0,1,1,2,2,2,2,0,2,
6,0,0,1,1,2,2,2,2,0,2,
6,0,0,1,1,2,2,2,2,0,2,
6,0,0,1,1,2,2,2,2,0,2,
6,0,0,1,1,2,2,2,2,0,2,
6,0,0,1,1,2,2,2,2,1,2,
6,0,1,1,1,2,2,2,2,1,2,
6,0,0,0,0,0,0,0,0,0,0,
5,0,1,1,2,2,2,2,2,1,2,
5,0,1,1,1,2,2,2,2,1,2,
8,0,1,1,2,5,2,2,2,1,2,
5,0,1,1,2,2,2,2,2,1,2,
5,0,1,1,2,2,2,2,2,1,2,
5,0,1,1,2,2,2,2,2,1,2,
5,0,1,1,2,2,2,2,2,1,2,
5,0,0,0,1,1,1,1,1,0,1,
5,0,0,0,1,1,1,1,2,0,1,
5,0,0,0,1,1,1,1,2,0,1,
6,0,0,0,1,1,1,1,2,0,1,
6,0,0,0,1,1,1,1,2,0,1,
6,0,0,0,1,1,1,1,2,0,1,
6,0,0,1,1,1,1,1,2,0,1,
6,0,0,0,1,1,1,1,2,0,1,
6,0,0,0,1,1,1,1,2,0,1,
6,0,0,0,1,1,1,1,2,0,1,
6,0,0,0,1,1,1,1,2,0,1,
6,0,0,0,1,1,1,1,2,0,1,
6,0,0,0,1,1,1,1,2,0,1,
6,0,0,0,1,1,1,1,2,0,1,
6,0,0,0,1,1,1,1,2,0,1,
6,0,0,0,1,1,2,2,2,0,1,
6,0,0,0,1,1,1,1,2,0,1,
6,0,2,1,1,1,2,2,2,0,1,
6,0,0,1,1,1,2,2,2,0,1,
6,0,0,1,1,1,2,2,2,0,1,
6,0,0,1,1,1,2,2,2,0,1,
6,0,0,1,1,1,2,2,2,0,1,
7,0,0,1,1,1,2,3,3,0,1,
6,0,0,1,1,2,2,2,2,0,2,
6,0,0,1,1,1,2,2,2,0,2,
6,0,0,1,1,2,2,2,2,0,2,
6,0,0,1,1,2,2,2,2,0,2,
8,0,1,1,4,2,2,2,2,1,4,
6,0,0,1,1,2,2,2,2,1,2,
6,0,0,1,1,2,2,2,2,0,2,
6,0,1,1,1,2,2,2,2,1,2,
6,0,1,1,1,2,2,2,2,1,2,
5,0,1,1,1,2,2,2,2,1,2,
5,0,1,1,2,2,2,2,2,1,2,
5,0,1,1,2,2,2,2,2,1,2,
5,0,1,1,2,2,2,2,2,1,2,
5,0,1,1,2,2,2,2,2,1,2,
8,0,1,1,2,2,2,2,2,1,2,
5,0,0,0,1,1,1,1,1,0,1,
5,0,0,0,1,1,1,1,1,0,1,
5,0,0,0,1,1,1,1,2,0,1,
5,0,0,0,1,1,1,1,2,0,1,
10,0,0,0,1,1,1,1,5,0,1,
6,0,0,0,1,1,1,1,2,0,1,
6,0,0,0,1,1,1,1,2,0,1,
6,0,0,0,1,1,1,1,2,0,1,
6,0,0,0,1,1,1,1,2,0,1,
7,0,0,0,1,1,1,3,2,0,1,
6,0,0,0,1,1,1,1,2,0,1,
6,0,2,0,1,1,1,2,2,0,1,
6,0,0,0,1,1,2,2,2,0,1,
6,0,0,1,1,1,2,2,2,0,1,
6,0,0,1,1,1,2,2,2,0,1,
6,0,0,1,1,1,2,2,2,0,1,
6,0,0,1,1,1,2,2,2,0,1,
6,0,0,1,1,1,2,2,2,0,1,
6,0,0,1,1,2,2,2,2,0,2,
6,0,0,1,1,2,2,2,2,0,2,
6,2,0,1,1,2,2,2,2,2,2,
6,0,0,0,1,1,1,1,2,0,1,
6,0,0,1,1,2,2,2,2,0,2,
6,0,0,1,1,2,2,2,2,0,2,
8,0,1,1,1,2,2,2,2,1,2,
6,0,1,1,1,2,2,2,2,1,2,
5,0,1,1,1,2,2,2,2,1,2,
5,0,1,1,2,2,2,2,2,1,2,
6,0,0,1,1,2,2,2,2,0,2,
8,0,1,1,4,5,5,5,5,1,5,
6,0,0,0,1,1,1,1,2,0,1,
6,0,0,0,1,1,1,1,2,0,1,
6,0,0,0,1,1,1,1,2,0,1,
5,0,0,0,1,1,1,1,2,0,1,
8,0,0,0,1,1,1,1,2,0,1,
6,0,0,0,1,1,1,1,2,0,1,
6,0,0,0,1,1,1,1,2,0,1,
7,0,0,1,1,2,2,2,2,0,2,
6,0,0,0,1,1,1,1,2,0,1,
6,0,0,0,1,1,1,1,2,0,1,
6,0,0,0,1,1,1,1,2,0,1,
6,0,0,0,1,1,1,2,2,0,1,
6,1,0,1,1,1,1,1,2,1,1,
6,0,0,0,1,1,1,1,2,0,1,
6,0,0,0,1,1,1,2,2,0,1,
6,0,0,0,1,1,1,2,2,0,1,
6,0,0,1,1,1,1,2,2,0,1,
6,0,0,1,1,1,2,2,2,0,1,
6,0,0,1,1,1,2,2,2,0,1,
6,0,0,1,1,1,2,2,2,0,1,
6,0,0,1,1,1,2,2,2,0,1,
6,0,0,1,1,1,2,2,2,0,1,
6,0,0,1,1,1,2,2,2,0,2,
6,0,0,1,1,2,2,2,2,0,2,
7,0,3,1,1,2,2,2,2,0,2,
6,0,0,1,1,2,2,2,2,0,2,
6,0,0,1,1,2,2,2,2,0,2,
6,0,1,1,1,2,2,2,2,0,2,
6,0,1,1,1,2,2,2,2,1,2,
9,0,0,0,1,1,1,1,2,0,1,
5,0,1,1,1,2,2,2,2,1,2,
5,0,1,1,2,2,2,2,2,1,2,
5,0,1,1,2,2,2,2,2,1,2,
5,0,1,1,2,2,2,2,2,1,2,
8,0,1,1,4,2,2,2,2,1,5,
5,0,1,1,2,2,2,2,2,1,2,
5,0,1,1,2,2,2,2,2,1,2,
5,0,1,1,2,2,2,2,2,1,2,
5,0,1,1,2,2,2,2,2,1,2,
5,0,0,0,1,1,1,1,1,0,1,
7,2,0,0,1,1,1,1,2,3,1,
7,0,1,1,1,2,2,2,2,1,2,
6,0,0,0,1,1,1,1,2,0,1,
5,0,0,0,1,1,1,1,2,0,1,
6,0,0,0,1,1,1,1,2,0,1,
6,0,0,0,1,1,1,1,2,0,1,
6,0,0,0,1,1,1,1,2,0,1,
6,0,0,0,1,1,1,1,2,0,1,
6,0,0,0,1,1,1,1,2,0,1,
6,0,0,0,1,1,1,1,2,0,1,
6,0,0,0,1,1,1,1,2,0,1,
6,0,0,0,1,1,1,1,2,0,1,
6,0,0,0,1,1,1,1,2,0,1,
6,0,0,0,1,1,1,2,2,0,1,
6,0,0,1,1,1,2,2,2,0,1,
6,0,0,0,1,1,2,2,2,0,1,
6,0,0,1,1,1,2,2,2,0,1,
6,0,0,1,1,1,2,2,2,0,1,
6,0,0,1,1,1,2,2,2,0,1,
6,0,0,1,1,1,2,2,2,0,1,
6,0,0,1,1,1,2,2,2,0,1,
6,0,0,1,1,1,2,2,2,0,1,
7,0,0,0,1,1,1,1,2,0,1,
6,0,0,1,1,2,2,2,2,0,2,
6,0,0,1,1,2,2,2,2,0,2,
7,2,0,1,1,2,2,2,2,3,2,
5,0,0,0,1,1,1,1,2,0,1,
6,0,1,1,1,2,2,2,2,0,2,
6,0,1,1,1,2,2,2,2,1,2,
5,0,1,1,1,2,2,2,2,1,2,
5,0,1,1,1,2,2,2,2,1,2,
5,0,1,1,1,2,2,2,2,1,2,
5,0,1,1,2,2,2,2,2,1,2,
5,0,1,1,2,2,2,2,2,1,2,
10,0,0,0,1,1,1,1,4,0,1,
5,0,1,1,2,2,2,2,2,1,2,
5,0,1,1,2,2,2,2,2,1,2,
6,0,0,0,1,1,1,1,2,0,1,
5,0,0,0,1,1,1,1,2,0,1,
6,0,0,0,1,1,1,1,2,0,1,
6,0,0,0,1,1,1,1,2,0,1,
6,0,0,0,1,1,1,1,2,0,1,
6,0,0,0,1,1,1,1,2,0,1,
8,0,0,0,1,1,1,1,2,0,1,
6,0,0,0,1,1,1,1,2,0,1,
6,0,0,0,1,1,1,1,2,0,1,
6,0,0,0,1,1,1,1,2,0,1,
8,0,0,0,4,4,4,4,4,0,4,
6,0,0,0,1,1,1,1,2,0,1,
6,0,0,0,1,1,1,1,2,0,1,
6,0,0,0,1,1,1,1,2,0,1,
6,0,0,0,1,1,1,1,2,0,1,
6,0,0,0,1,1,2,2,2,0,1,
6,0,0,0,1,1,2,2,2,0,1,
6,0,0,1,1,1,2,2,2,0,1,
6,0,0,1,1,1,2,2,2,0,1,
6,0,0,1,1,1,2,2,2,0,1,
6,0,0,1,1,1,2,2,2,0,1,
6,0,0,1,1,1,2,2,2,0,1,
6,0,0,1,1,2,2,2,2,0,2,
6,0,0,1,1,2,2,2,2,0,2,
6,0,0,1,1,2,2,2,2,0,2,
6,0,0,1,1,2,2,2,2,0,2,
6,0,0,1,1,2,2,2,2,0,2,
6,0,0,1,1,2,2,2,2,0,2,
6,0,0,1,1,2,2,2,2,0,2,
6,0,0,1,1,2,2,2,2,0,2,
7,0,0,1,1,2,2,2,2,0,2,
5,0,0,1,1,2,2,2,2,0,2,
5,0,1,1,2,2,2,2,2,1,2,
5,0,1,1,2,2,2,2,2,1,2,
5,0,1,1,2,2,2,2,2,1,2,
5,0,1,1,2,2,2,2,2,1,2,
5,0,1,1,2,2,2,2,2,1,2,
5,0,1,1,2,2,2,2,2,1,2,
7,0,1,1,2,4,2,2,2,1,2,
5,0,1,1,2,2,2,2,2,1,2,
5,0,1,1,2,2,2,2,2,1,2,
5,0,1,1,2,2,2,2,2,1,2,
5,0,0,0,1,1,1,1,2,0,1,
6,0,0,0,1,1,1,1,2,0,1,
6,0,0,0,1,1,1,1,2,0,1,
7,0,0,0,2,1,1,1,2,0,3,
6,0,0,0,1,1,1,1,2,0,1,
6,0,0,0,1,1,1,1,2,0,1,
6,0,0,0,1,1,1,1,2,0,1,
6,0,0,0,1,1,1,1,2,0,1,
6,0,0,0,1,1,1,1,2,0,1,
6,0,0,1,1,1,2,2,2,0,1,
6,0,0,0,1,1,1,1,2,0,1,
8,0,0,0,1,1,1,1,4,0,1,
6,0,0,0,1,1,1,1,2,0,1,
6,0,0,0,1,1,1,1,2,0,1,
6,0,0,0,1,1,2,2,2,0,1,
6,0,0,0,1,1,1,2,2,0,1,
6,0,0,1,1,1,2,2,2,0,1,
6,0,0,0,1,1,1,2,2,0,1,
8,0,0,4,4,4,4,4,4,0,4,
6,0,0,1,1,1,2,2,2,0,1,
6,0,0,1,1,2,2,2,2,0,2,
6,0,0,1,1,1,2,2,2,0,1,
6,0,0,1,1,2,2,2,2,0,2,
6,0,0,1,1,2,2,2,2,0,2,
6,0,0,1,1,2,2,2,2,0,2,
6,0,1,1,1,2,2,2,2,1,2,
6,0,0,1,1,2,2,2,2,1,2,
5,0,1,1,1,2,2,2,2,1,2,
5,0,1,1,2,2,2,2,2,1,2,
5,0,1,1,2,2,2,2,2,1,2,
5,0,1,1,2,2,2,2,2,1,2,
8,0,1,1,2,2,2,2,5,1,2,
5,0,1,1,2,2,2,2,2,1,2,
5,0,1,1,2,2,2,2,2,1,2,
5,0,1,1,2,2,2,2,2,1,2,
5,0,0,0,1,1,1,2,1,0,1,
6,0,0,0,1,1,1,1,2,0,1,
5,0,0,0,1,1,1,1,2,0,1,
6,0,0,0,1,1,1,1,2,0,1,
5,0,0,0,1,1,1,1,2,0,1,
6,0,0,0,1,1,1,1,2,0,1,
6,0,0,0,1,1,1,1,2,0,1,
6,0,0,0,1,1,1,1,2,0,1,
7,0,3,0,1,1,1,1,2,0,1,
6,0,0,0,1,1,1,2,2,0,1,
6,0,0,0,1,1,1,2,2,0,1,
6,0,0,0,1,1,1,2,2,0,1,
6,0,0,0,1,1,2,2,2,0,1,
9,0,0,0,1,1,1,1,2,0,1,
6,0,0,1,1,1,2,2,2,0,1,
6,0,0,1,1,2,2,2,2,0,2,
6,0,0,1,1,1,2,2,2,0,1,
8,0,0,1,1,2,2,2,2,0,2,
8,0,0,1,3,1,2,2,2,0,4,
6,0,1,1,2,2,2,2,2,1,2,
6,0,0,1,1,2,2,2,2,0,2,
6,0,0,1,1,2,2,2,2,0,2,
6,0,0,1,1,2,2,2,2,0,2,
5,0,1,1,1,2,2,2,2,1,2,
5,0,1,1,1,2,2,2,2,1,2,
5,0,1,1,2,2,2,2,2,1,2,
5,0,1,1,2,2,2,2,2,1,2,
5,0,1,1,2,2,2,2,2,1,2,
5,0,1,1,2,2,2,2,2,1,2,
5,0,1,1,2,2,2,2,2,1,2,
7,0,1,1,4,2,2,2,2,1,4,
5,0,0,0,1,1,1,1,1,0,1,
5,0,0,0,1,1,1,1,1,0,1,
6,0,0,0,1,1,1,1,2,0,1,
6,0,0,0,1,1,1,1,2,0,1,
6,0,0,0,1,1,1,1,2,0,1,
6,0,0,0,1,1,1,1,2,0,1,
6,0,0,0,1,1,1,1,2,0,1,
6,0,0,0,1,1,1,1,2,0,1,
6,0,0,0,1,1,1,1,2,0,1,
6,0,0,0,1,1,1,1,2,0,1,
6,0,0,0,1,1,1,1,2,0,1,
6,0,0,0,1,1,1,2,2,0,1,
6,0,0,0,1,1,1,2,2,0,1,
6,0,0,0,1,1,1,2,2,0,1,
6,0,0,1,1,1,2,2,2,0,1,
6,0,0,0,1,1,2,2,2,0,1,
6,0,0,1,1,1,2,2,2,0,1,
6,0,0,1,1,1,2,2,2,0,1,
6,2,0,1,1,1,2,2,2,3,1,
6,0,0,1,1,1,2,2,2,0,2,
6,0,0,1,1,2,2,2,2,0,2,
6,0,0,1,1,2,2,2,2,0,2,
6,0,0,1,1,2,2,2,2,0,2,
6,0,0,1,1,2,2,2,2,0,2,
6,0,0,1,1,2,2,2,2,0,2,
6,0,0,1,1,2,2,2,2,0,2,
6,0,0,1,1,2,2,2,2,0,2,
9,0,0,1,1,2,2,2,2,0,2,
5,0,1,1,1,2,2,2,2,1,2,
5,0,1,1,1,2,2,2,2,1,2,
5,0,1,1,1,2,2,2,2,1,2,
5,0,1,1,1,2,2,2,2,1,2,
5,0,1,1,2,2,2,2,2,1,2,
7,0,1,1,2,2,2,2,2,1,2,
5,0,1,1,2,2,2,2,2,1,2,
6,0,1,1,2,2,2,2,2,1,2,
5,0,1,1,2,2,2,2,2,1,2,
5,0,0,0,1,1,1,1,1,0,1,
5,0,0,0,1,1,1,1,1,0,1,
6,0,0,0,0,0,0,0,0,0,0,
8,0,0,0,1,1,1,1,4,0,1,
6,0,0,0,1,1,1,1,2,0,1,
6,0,0,0,1,1,1,1,2,0,1,
6,0,0,0,1,1,1,1,2,0,1,
9,0,0,3,1,2,2,2,2,0,1,
6,0,1,1,2,2,2,2,2,1,2,
6,0,0,0,1,1,1,1,2,0,1,
6,0,0,0,1,1,1,1,2,0,1,
6,0,0,0,1,1,1,1,2,0,1,
6,0,0,0,1,1,1,1,2,0,1,
6,0,0,0,1,1,2,2,2,0,1,
6,0,0,0,1,1,1,1,2,0,1,
6,0,0,0,1,1,1,2,2,0,1,
7,0,0,0,1,1,1,2,3,0,1,
6,0,0,1,1,1,2,2,2,0,1,
6,0,0,1,1,1,2,2,2,0,1,
6,0,0,1,1,2,2,2,2,0,2,
6,0,0,1,1,1,2,2,2,0,1,
6,0,0,1,1,2,2,2,2,0,2,
6,0,0,1,1,2,2,2,2,0,2,
9,0,0,0,1,1,1,1,2,0,1,
6,0,0,1,1,1,2,2,2,0,1,
6,0,0,1,1,2,2,2,2,0,2,
6,0,0,1,1,2,2,2,2,0,2,
6,0,0,1,1,2,2,2,2,1,2,
6,0,0,0,0,1,1,1,1,0,1,
5,0,0,1,1,2,2,2,2,0,2,
5,0,0,1,1,2,2,2,2,0,2,
5,0,1,1,1,2,2,2,2,1,2,
6,0,1,2,1,2,2,2,2,1,2,
5,0,1,1,2,2,2,2,2,1,2,
5,0,1,1,2,2,2,2,2,1,2,
5,0,1,1,2,2,2,2,2,1,2,
5,0,1,1,2,2,2,2,2,1,2,
5,0,0,0,1,1,1,1,1,0,1,
5,0,1,1,2,2,2,2,2,1,2,
5,0,0,0,1,1,1,1,1,0,1,
5,0,0,0,1,1,1,1,1,0,1,
5,0,0,0,1,1,1,1,2,0,1,
6,0,0,0,1,1,1,1,2,0,1,
6,0,0,0,1,1,1,1,2,0,1,
7,0,0,0,1,2,1,1,2,3,1,
5,0,1,1,2,2,2,2,2,1,2,
6,0,0,0,1,1,1,1,2,0,1,
6,0,0,0,1,1,1,1,2,0,1,
6,0,0,0,1,1,1,1,2,0,1,
6,0,0,0,1,1,1,1,2,0,1,
6,0,0,0,1,1,1,1,2,0,1,
6,0,0,0,1,1,1,1,2,0,1,
6,0,0,0,1,1,1,2,2,0,1,
8,0,0,1,1,4,4,4,4,0,4,
6,0,0,0,1,1,1,2,2,0,1,
6,0,0,1,1,1,2,2,2,0,1,
6,0,0,1,1,1,2,2,2,0,1,
6,0,0,1,1,1,2,2,2,0,1,
6,0,0,1,1,1,2,2,2,0,1,
6,0,0,1,1,1,2,2,2,0,1,
6,0,0,1,1,1,2,2,2,0,1,
6,0,0,1,1,2,2,2,2,0,2,
6,0,0,1,1,2,2,2,2,0,2,
6,0,0,1,1,2,2,2,2,0,2,
6,0,0,1,1,2,2,2,2,0,2,
6,0,0,1,1,2,2,2,2,0,2,
9,0,0,1,1,2,2,2,5,0,2,
6,0,1,1,1,2,2,2,2,1,2,
6,0,0,1,1,2,2,2,2,0,2,
5,0,1,1,1,2,2,2,2,1,2,
5,0,1,1,1,2,2,2,2,1,2,
5,0,1,1,2,2,2,2,2,1,2,
5,0,1,1,2,2,2,2,2,1,2,
5,0,1,1,2,2,2,2,2,1,2,
5,0,1,1,2,2,2,2,2,1,2,
5,0,1,1,2,2,2,2,2,1,2,
5,0,1,1,2,2,2,2,2,1,2,
5,0,0,0,1,1,1,1,1,0,1,
5,0,1,1,2,2,2,2,2,1,2,
5,0,0,0,1,1,1,1,1,0,1,
5,0,0,0,1,1,1,1,1,0,1,
5,0,0,0,1,1,1,1,2,0,1,
6,0,0,0,1,1,1,1,2,0,1,
6,0,0,0,1,1,1,1,2,0,1,
6,0,0,0,1,1,1,1,2,0,1,
6,0,0,0,1,1,1,1,2,0,1,
8,0,0,0,1,1,1,1,1,0,1,
6,0,0,0,1,1,1,1,2,0,1,
6,0,0,0,1,1,1,1,2,0,1,
6,0,0,0,1,1,1,1,2,0,1,
6,0,0,1,1,1,2,2,2,0,1,
29,0,0,0,1,1,1,1,2,0,1,
6,0,0,0,1,1,1,1,2,0,1,
6,0,0,0,1,1,1,1,2,0,1,
6,0,0,0,1,1,1,1,2,0,1,
6,0,0,0,1,1,1,2,2,0,1,
6,0,0,0,1,1,1,2,2,0,1,
6,0,0,1,1,1,1,2,2,0,1,
6,0,0,1,1,1,1,2,2,0,1,
6,0,0,1,1,1,2,2,2,0,1,
6,0,0,1,1,1,2,2,2,0,1,
6,0,0,1,1,1,2,2,2,0,1,
8,0,0,1,4,4,4,4,4,0,4,
7,0,0,1,1,1,2,2,2,0,1,
6,0,0,1,1,2,2,2,2,0,2,
6,0,0,1,1,2,2,2,2,0,2,
6,0,0,1,1,2,2,2,2,0,2,
8,0,1,1,2,2,2,2,2,1,2,
6,0,0,1,1,2,2,2,2,0,2,
6,0,0,1,1,2,2,2,2,0,2,
7,0,0,0,1,1,1,1,2,0,1,
5,0,0,1,1,2,2,2,2,0,2,
5,0,1,1,1,2,2,2,2,1,2,
5,0,1,1,1,2,2,2,2,1,2,
5,0,1,1,2,2,2,2,2,1,2,
5,0,0,0,1,1,1,1,1,0,1,
5,0,1,1,2,2,2,2,2,1,2,
5,0,1,1,2,2,2,2,2,1,2,
5,0,1,1,2,2,2,2,2,1,2,
6,0,1,2,2,2,2,2,2,1,2,
5,0,1,1,2,2,2,2,2,1,2,
5,0,1,1,2,2,2,2,2,1,2,
5,0,0,0,1,1,1,1,1,0,1,
5,0,0,0,1,1,1,1,1,0,1,
6,0,0,0,1,1,1,1,2,0,1,
5,0,0,0,1,1,1,1,2,0,1,
6,0,0,0,1,1,1,1,2,0,1,
6,0,0,0,1,1,1,1,2,0,1,
6,0,0,0,1,1,1,1,2,0,1,
6,0,0,0,1,1,1,1,2,0,1,
6,0,0,0,1,1,1,1,2,0,1,
6,0,0,0,1,1,1,1,2,0,1,
6,0,0,0,1,1,1,2,2,0,1,
6,0,0,0,1,1,1,1,2,0,1,
6,1,0,0,1,1,1,1,2,1,1,
8,0,0,0,1,1,1,1,2,0,1,
6,0,0,0,1,1,2,2,2,0,1,
6,0,0,0,1,1,2,2,2,0,1,
6,0,0,1,1,1,2,2,2,0,1,
6,0,0,1,1,1,2,2,2,0,1,
6,0,0,1,1,1,2,2,2,0,1,
6,0,0,1,1,1,2,2,2,0,1,
6,0,0,1,1,1,2,2,2,0,1,
7,3,0,1,1,2,2,2,2,3,1,
6,0,0,1,1,2,2,2,2,0,2,
6,0,0,1,1,1,2,2,2,0,1,
6,0,0,1,1,2,2,2,2,0,2,
6,0,0,1,1,2,2,2,2,0,2,
6,0,0,1,1,2,2,2,2,0,2,
6,0,0,1,1,2,2,2,2,0,2,
7,0,0,1,1,2,2,2,2,1,2,
5,0,1,1,1,2,2,2,2,1,2,
5,0,1,1,1,2,2,2,2,1,2,
6,0,1,1,1,2,2,2,3,1,2,
5,0,1,1,2,2,2,2,2,1,2,
5,0,1,1,2,2,2,2,2,1,2,
5,0,1,1,2,2,2,2,2,1,2,
5,0,1,1,2,2,2,2,2,1,2,
5,0,1,1,2,2,2,2,2,1,2,
5,0,1,1,2,2,2,2,2,1,2,
5,0,1,1,2,2,2,2,2,1,2,
5,0,0,0,1,1,1,1,1,0,1,
5,0,0,0,1,1,1,1,1,0,1,
5,0,0,0,1,1,1,1,1,0,1,
6,0,0,0,1,1,1,1,2,0,1,
7,0,0,0,0,0,1,0,0,0,0,
6,0,0,0,1,1,1,1,2,0,1,
6,0,0,0,1,1,1,1,2,0,1,
8,0,0,0,1,4,1,1,2,0,1,
6,0,0,0,1,1,1,1,2,0,1,
6,0,0,0,1,1,1,1,2,0,1,
6,0,0,0,1,1,1,1,2,0,1,
6,0,0,0,1,1,1,1,2,0,1,
6,0,0,0,1,1,1,1,2,0,1,
6,0,0,0,1,1,1,2,2,0,1,
6,0,0,0,1,1,1,2,2,0,1,
6,0,0,1,1,1,2,2,2,0,1,
7,0,3,1,1,1,2,2,2,0,1,
6,0,0,1,1,1,2,2,2,0,1,
6,0,0,1,1,1,2,2,2,0,1,
7,0,1,1,2,2,2,2,2,1,2,
6,0,0,1,1,1,2,2,2,0,1,
6,0,0,1,1,2,2,2,2,0,2,
6,0,0,1,1,1,2,2,2,0,2,
6,0,0,1,1,2,2,2,2,0,2,
8,0,0,1,1,2,2,2,2,0,2,
6,0,0,1,1,2,2,2,2,0,2,
6,0,0,1,1,2,2,2,2,0,2,
6,0,0,1,1,2,2,2,2,1,2,
5,0,0,1,1,2,2,2,2,0,2,
6,0,0,1,1,1,2,2,2,0,1,
5,0,1,1,1,2,2,2,2,1,2,
5,0,1,1,2,2,2,2,2,1,2,
5,0,1,1,2,2,2,2,2,1,2,
5,0,1,1,2,2,2,2,2,1,2,
7,0,1,1,1,4,4,4,4,1,2,
5,0,1,1,2,2,2,2,2,1,2,
5,0,1,1,2,2,2,2,2,1,2,
6,0,0,0,1,1,1,1,1,0,1,
5,0,1,1,2,2,2,2,2,1,2,
5,0,0,0,1,1,1,1,2,0,1,
5,0,0,0,1,1,1,1,2,0,1,
6,0,0,0,1,1,1,1,2,0,1,
6,0,0,0,1,1,1,1,2,0,1,
6,0,0,0,1,1,1,1,2,0,1,
6,0,0,0,1,1,1,1,2,0,1,
6,0,0,0,1,1,1,1,2,0,1,
6,0,0,0,1,1,1,1,2,0,1,
6,0,0,0,1,1,1,1,2,0,1,
6,0,0,0,1,1,1,1,2,0,1,
8,0,0,0,1,1,1,1,2,0,1,
6,0,0,0,1,1,1,1,2,0,1,
6,0,0,0,1,1,1,2,2,0,1,
6,0,0,0,1,1,1,2,2,0,1,
6,0,0,0,1,2,1,2,2,0,1,
7,0,0,0,0,0,1,0,0,0,0,
6,0,0,1,1,1,2,2,2,0,1,
6,0,0,1,1,1,2,2,2,0,1,
6,0,0,1,1,1,2,2,2,0,1,
8,0,0,3,1,1,2,2,2,0,1,
6,0,0,1,1,2,2,2,2,0,2,
6,0,0,1,1,2,2,2,2,0,2,
6,0,0,1,1,2,2,2,2,0,2,
6,0,0,1,1,2,2,2,2,1,2,
6,0,0,1,1,2,2,2,2,1,2,
6,0,0,1,1,2,2,2,2,0,2,
6,0,0,1,1,2,2,2,2,1,2,
6,0,0,1,1,2,2,2,2,0,2,
5,0,0,1,1,2,2,2,2,0,2,
5,0,0,1,1,2,2,2,2,1,2,
5,0,1,1,2,2,2,2,2,1,2,
6,0,1,1,2,3,2,2,2,1,2,
5,0,1,1,2,2,2,2,2,1,2,
5,0,1,1,2,2,2,2,2,1,2,
5,0,1,1,2,2,2,2,2,1,2,
5,0,1,1,2,2,2,2,2,1,2,
5,0,1,1,2,2,2,2,2,1,2,
5,0,0,0,1,1,1,1,1,0,1,
5,0,0,0,1,1,1,1,1,0,1,
5,0,0,0,1,1,1,1,2,0,1,
5,0,0,0,1,1,1,1,2,0,1,
6,0,0,0,1,1,1,1,2,0,1,
6,0,0,0,1,1,1,1,2,0,1,
7,0,0,0,1,1,1,1,2,0,1,
6,0,0,0,1,1,1,1,2,0,1,
8,0,0,3,3,4,4,4,4,0,4,
6,2,0,0,1,1,1,1,2,2,1,
6,0,0,0,1,1,1,1,2,0,1,
6,0,0,0,1,1,1,1,2,0,1,
6,0,0,0,1,1,1,1,2,0,1,
8,0,0,0,4,1,1,2,2,0,4,
6,0,0,0,1,1,1,2,2,0,1,
6,0,0,1,1,1,2,2,2,0,1,
6,0,0,1,1,2,2,2,2,0,2,
6,0,0,1,1,1,2,2,2,0,1,
6,0,0,0,1,1,2,2,2,0,1,
6,2,0,1,1,1,2,2,2,2,1,
6,0,0,0,1,1,1,2,2,0,1,
6,0,0,1,1,1,2,2,2,0,1,
6,0,0,1,1,1,2,2,2,0,1,
6,0,0,1,1,2,2,2,2,0,2,
6,0,0,1,1,2,2,2,2,0,2,
6,0,0,1,1,2,2,2,2,0,2,
6,0,0,1,1,1,2,2,2,0,2,
6,0,0,1,1,2,2,2,2,0,2,
6,0,0,1,1,2,2,2,2,0,2,
7,0,0,1,1,2,2,2,3,0,2,
32,0,0,1,1,2,2,2,29,0,2,
6,0,1,1,2,2,2,2,2,1,2,
5,0,1,1,1,2,2,2,2,1,2,
5,0,1,1,1,2,2,2,2,1,2,
5,0,1,1,2,2,2,2,2,1,2,
5,0,1,1,1,2,2,2,2,1,2,
5,0,1,1,2,2,2,2,2,1,2,
5,0,1,1,2,2,2,2,2,1,2,
5,0,1,1,2,2,2,2,2,1,2,
5,0,1,1,2,2,2,2,2,1,2,
9,0,0,1,1,1,2,2,5,0,1,
5,0,1,1,2,2,2,2,2,1,2,
7,0,1,1,2,2,2,2,4,1,2,
5,0,1,1,2,2,2,2,2,1,2,
7,0,1,3,2,2,2,2,2,1,2,
5,0,0,0,1,1,1,1,1,0,1,
5,0,0,0,1,1,1,1,1,0,1,
5,0,0,0,1,1,1,1,1,0,1,
5,0,0,0,1,1,1,1,2,0,1,
5,0,0,0,1,1,1,1,2,0,1,
6,0,0,0,1,1,1,1,2,0,1,
6,0,0,0,1,1,1,1,2,0,1,
6,0,0,0,1,1,1,1,2,0,1,
6,0,0,0,1,1,1,1,2,0,1,
6,0,0,0,1,1,1,1,2,0,1,
6,0,0,0,1,1,1,1,2,0,1,
6,0,0,0,1,1,1,2,2,0,1,
6,0,0,0,1,1,1,1,2,0,1,
6,0,0,0,1,1,2,2,2,0,1,
6,0,0,0,1,1,2,2,2,0,1,
7,0,0,0,1,1,1,2,2,0,1,
6,0,0,1,1,1,2,2,2,0,1,
6,0,0,1,1,1,2,2,2,0,1,
6,0,0,1,1,1,2,2,2,0,1,
6,0,0,1,1,1,2,2,2,0,1,
9,0,0,1,1,2,2,2,5,0,1,
6,0,0,1,1,2,2,2,2,0,2,
6,0,0,1,1,2,2,2,2,0,2,
6,0,0,1,1,2,2,2,2,0,2,
6,0,0,1,1,2,2,2,2,0,2,
9,0,0,1,1,1,2,2,2,0,1,
6,0,0,1,1,2,2,2,2,0,2,
6,0,0,1,1,2,2,2,2,0,2,
8,0,1,1,2,2,2,2,2,1,2,
5,0,1,1,1,2,2,2,2,0,2,
5,0,1,1,1,2,2,2,2,1,2,
5,0,1,1,2,2,2,2,2,1,2,
5,0,1,1,2,2,2,2,2,1,2,
5,0,1,1,2,2,2,2,2,1,2,
5,0,1,1,2,2,2,2,2,1,2,
5,0,1,1,2,2,2,2,2,1,2,
6,2,0,0,1,1,1,1,1,2,1,
6,0,0,0,1,1,2,2,2,0,1,
6,0,2,0,1,1,1,1,1,0,1,
5,0,0,0,1,1,1,1,2,0,1,
5,0,0,0,1,1,1,1,1,0,1,
5,0,0,0,1,1,1,1,2,0,1,
6,0,0,2,1,1,1,1,2,0,1,
6,0,0,0,1,1,1,1,2,0,1,
6,0,0,0,1,1,1,1,2,0,1,
8,0,0,0,4,4,4,4,4,0,4,
6,0,0,0,1,1,1,1,2,0,1,
6,0,0,0,1,1,1,1,2,0,1,
6,0,0,0,1,1,1,1,2,0,1,
7,0,0,2,1,1,1,1,2,0,1,
6,0,0,0,1,1,1,1,2,0,1,
6,0,0,0,1,1,1,2,2,0,1,
6,0,0,0,1,1,1,2,2,0,1,
6,0,0,1,1,1,2,2,2,0,1,
6,0,0,1,1,1,2,2,2,0,2,
9,0,1,1,1,2,2,2,2,0,5,
6,0,0,1,1,1,2,2,2,0,1,
7,2,0,1,1,2,2,2,2,3,2,
6,0,0,1,1,1,2,2,2,0,1,
6,0,0,1,1,1,2,2,2,0,1,
6,0,0,1,1,1,2,2,2,0,1,
7,0,0,1,1,2,2,2,2,3,1,
6,0,0,1,1,1,2,2,2,0,1,
6,0,0,1,1,1,2,2,2,0,1,
6,0,0,1,1,1,2,2,2,0,1,
6,0,0,1,1,1,2,2,2,0,1,
6,0,0,0,1,1,1,2,2,0,1,
6,0,0,0,1,1,1,2,2,0,1,
5,0,0,1,1,1,2,2,2,0,2,
5,0,0,1,1,1,2,2,2,0,1,
5,0,0,1,1,1,1,2,2,0,1,
7,0,0,1,1,1,2,2,4,0,1,
5,0,0,0,1,1,1,2,2,0,1,
5,0,0,0,1,1,1,2,2,0,1,
5,0,0,1,1,1,1,2,2,0,1,
5,0,0,1,1,1,1,2,2,0,1,
5,0,0,0,1,1,1,2,2,0,1,
5,0,0,0,1,1,1,1,2,0,1,
6,0,0,1,1,1,2,2,2,0,1,
6,0,0,1,1,1,2,2,2,0,1,
6,0,0,1,1,1,2,2,2,0,2,
6,0,1,1,1,2,2,2,2,0,2,
6,0,0,0,1,1,1,2,2,0,1,
6,0,0,0,1,1,1,1,2,0,1,
6,0,0,0,1,1,1,1,2,0,1,
6,0,0,0,1,1,1,1,2,0,1,
6,1,0,0,1,1,1,1,2,1,1,
6,0,0,0,1,1,1,1,2,0,1,
6,0,0,0,1,1,1,1,2,0,1,
6,0,0,0,1,1,1,1,2,0,1,
6,0,0,0,1,1,1,1,2,0,1,
6,0,0,0,1,1,1,1,2,0,1,
6,0,0,0,1,1,1,1,2,0,1,
6,0,0,1,1,1,2,2,2,0,1,
6,0,0,0,1,1,1,2,2,0,1,
6,0,0,1,1,1,2,2,2,0,1,
7,0,0,1,1,1,2,2,3,0,1,
6,0,0,1,1,1,2,2,2,0,1,
6,0,0,1,1,1,2,2,2,0,1,
6,0,0,1,1,1,2,2,2,0,1,
6,0,0,1,1,1,2,2,2,0,1,
6,0,0,1,1,2,2,2,2,0,2,
6,0,0,1,1,1,2,2,2,0,2,
6,0,0,1,1,2,2,2,2,0,2,
6,0,0,1,1,2,2,2,2,0,2,
6,0,0,1,1,2,2,2,2,0,2,
6,0,1,1,2,2,2,2,2,1,2,
5,0,1,1,2,2,2,2,2,1,2,
10,0,0,1,1,1,2,2,5,0,1,
5,0,1,1,1,2,2,2,2,1,2,
5,0,1,1,1,2,2,2,2,1,2,
5,0,1,1,2,2,2,2,2,1,2,
8,0,1,4,2,2,2,2,2,1,2,
6,0,0,1,1,1,2,2,2,0,1,
5,0,1,1,2,2,2,2,2,1,2,
5,0,1,1,2,2,2,2,2,1,2,
5,0,1,1,2,2,2,2,2,1,2,
5,0,1,1,2,2,2,2,2,1,2,
5,0,1,1,2,2,2,2,2,1,2,
5,0,0,0,1,1,1,1,1,0,1,
5,0,0,0,1,1,1,1,1,0,1,
6,0,0,0,1,1,1,1,2,0,1,
5,0,0,0,1,1,1,1,2,0,1,
6,0,0,0,1,2,1,1,2,0,1,
6,0,0,0,1,1,1,1,2,0,1,
6,0,0,0,1,1,1,1,2,0,1,
5,0,0,0,1,1,1,1,2,0,1,
6,0,0,0,1,1,1,1,2,0,1,
6,0,0,0,1,1,1,1,2,0,1,
6,0,0,0,1,1,1,1,2,0,1,
6,0,0,0,1,1,1,1,2,0,1,
6,0,0,0,1,1,1,1,2,0,1,
6,0,0,0,1,1,1,2,2,0,1,
6,0,0,0,1,1,1,2,2,0,1,
6,0,0,0,1,1,1,2,2,0,1,
6,0,0,0,1,1,1,2,2,0,1,
6,0,0,0,1,1,1,2,2,0,1,
6,0,0,1,1,1,2,2,2,0,1,
6,0,0,1,1,1,2,2,2,0,1,
6,0,0,1,1,1,2,2,2,0,1,
6,0,0,1,1,1,2,2,2,0,1,
6,0,0,1,1,1,2,2,2,0,1,
6,0,0,1,1,1,2,2,2,0,1,
6,0,0,1,1,2,2,2,2,0,2,
6,0,0,1,1,1,2,2,2,0,2,
12,0,0,0,1,1,1,1,5,0,1,
6,0,0,1,1,2,2,2,2,0,2,
6,0,0,1,1,2,2,2,2,1,2,
6,0,0,1,1,2,2,2,2,0,2,
5,0,1,1,1,2,2,2,2,1,2,
7,0,0,1,1,1,3,4,4,0,1,
5,0,1,1,1,2,2,2,2,1,2,
5,0,1,1,1,2,2,2,2,1,2,
5,0,1,1,2,2,2,2,2,1,2,
5,0,1,1,2,2,2,2,2,1,2,
7,0,1,1,4,2,2,2,2,1,4,
5,0,1,1,2,2,2,2,2,1,2,
5,0,1,1,2,2,2,2,2,1,2,
8,0,0,0,1,1,1,1,4,0,1,
5,0,0,0,1,1,1,1,1,0,1,
5,0,1,1,2,2,2,2,2,1,2,
5,0,0,0,1,1,1,1,1,0,1,
6,0,0,0,1,1,1,1,2,0,1,
5,0,0,0,1,1,1,1,2,0,1,
5,0,0,0,1,1,1,1,2,0,1,
8,0,0,0,1,1,1,1,2,0,1,
6,0,0,0,1,1,1,1,2,0,1,
6,0,0,0,1,1,1,1,2,0,1,
6,0,0,0,1,1,1,1,2,0,1,
6,0,0,0,1,1,1,1,2,0,1,
7,0,0,0,1,1,1,1,2,0,1,
6,0,0,0,1,1,1,1,2,0,1,
6,0,0,0,1,1,1,1,2,0,1,
6,0,0,0,1,1,1,2,2,0,1,
6,0,0,0,1,1,1,2,2,0,1,
6,0,0,0,1,1,1,2,2,0,1,
6,0,0,1,1,1,2,2,2,0,1,
6,0,0,1,1,1,2,2,2,0,1,
6,0,0,1,1,1,2,2,2,0,1,
6,0,0,1,1,1,2,2,2,0,1,
6,0,0,1,1,1,2,2,2,0,1,
6,0,0,1,1,2,2,2,2,0,2,
6,0,0,1,1,2,2,2,2,0,2,
7,0,0,0,0,0,0,0,0,0,0,
6,0,1,1,1,2,2,2,2,1,2,
6,0,0,1,1,2,2,2,2,0,2,
8,0,0,1,1,4,2,2,2,0,2,
6,1,0,0,0,1,1,1,1,1,1,
5,0,0,1,1,2,2,2,2,0,2,
5,0,1,1,1,2,2,2,2,1,2,
5,0,1,1,1,2,2,2,2,0,2,
5,0,1,1,2,2,2,2,2,1,2,
5,0,1,1,2,2,2,2,2,1,2,
5,0,1,1,2,2,2,2,2,1,2,
5,0,1,1,2,2,2,2,2,1,2,
8,0,1,1,2,2,2,2,2,1,2,
5,0,1,1,2,2,2,2,2,1,2,
5,0,1,1,2,2,2,2,2,1,2,
5,0,0,0,1,1,1,1,1,0,1,
5,0,0,0,1,1,1,1,1,0,1,
8,0,0,1,1,1,2,2,2,0,1,
5,0,0,0,1,1,1,1,2,0,1,
5,0,0,0,1,1,1,1,2,0,1,
6,0,0,0,1,1,1,1,2,0,1,
6,0,0,0,1,1,1,1,2,0,1,
6,0,0,0,1,1,1,1,2,0,1,
6,0,0,0,1,1,1,1,2,0,1,
6,0,0,0,1,1,1,1,2,0,1,
6,0,0,0,1,1,1,1,2,0,1,
6,0,0,0,1,1,1,2,2,0,1,
6,0,0,0,1,1,1,1,2,0,1,
7,0,0,0,1,3,1,1,2,0,1,
6,0,0,0,1,1,1,2,2,0,1,
6,0,0,0,1,1,1,2,2,0,1,
6,0,0,1,1,1,1,2,2,0,1,
6,0,0,0,1,1,1,2,2,0,1,
6,0,0,0,1,1,1,2,2,0,1,
6,0,0,0,1,1,2,2,2,0,1,
7,0,0,1,2,1,2,2,2,0,3,
6,0,0,1,1,1,2,2,2,0,1,
6,0,0,1,1,1,2,2,2,0,1,
6,0,0,1,1,1,2,2,2,0,1,
6,0,0,1,1,1,2,2,2,0,1,
6,0,0,1,1,2,2,2,2,0,2,
6,1,0,1,1,2,2,2,2,1,2,
6,0,0,1,1,2,2,2,2,0,2,
6,0,0,1,1,2,2,2,2,0,2,
5,0,0,1,1,2,2,2,2,0,2,
5,0,1,1,1,2,2,2,2,1,2,
5,0,1,1,1,2,2,2,2,1,2,
5,0,1,1,2,2,2,2,2,1,2,
5,0,1,1,1,2,2,2,2,1,2,
5,0,1,1,2,2,2,2,2,1,2,
7,0,3,4,4,4,4,4,4,1,4,
5,0,1,1,2,2,2,2,2,1,2,
5,0,1,1,2,2,2,2,2,1,2,
5,0,1,1,2,2,2,2,2,1,2,
5,0,1,1,2,2,2,2,2,1,2,
5,0,0,0,1,1,1,1,1,0,1,
5,0,0,0,1,1,1,1,1,0,1,
5,0,0,0,1,1,1,1,2,0,1,
5,0,0,0,1,1,1,1,2,0,1,
5,0,0,0,1,1,1,1,1,0,1,
6,0,0,0,1,1,1,1,2,0,2,
5,0,0,0,1,1,1,1,2,0,1,
6,0,0,0,1,1,1,1,2,0,1,
6,0,0,0,1,1,1,1,2,0,1,
6,0,0,0,1,1,1,1,2,0,1,
6,0,0,0,1,1,1,1,2,0,1,
6,0,0,0,1,1,1,1,2,1,1,
6,0,0,0,1,1,1,1,2,0,1,
6,0,0,0,1,1,1,1,2,0,1,
6,0,0,0,1,1,1,1,2,0,1,
6,0,0,0,1,1,1,2,2,0,1,
6,0,0,1,1,1,1,2,2,0,1,
6,0,0,1,1,1,1,2,2,0,1,
6,0,0,1,1,1,1,2,2,0,1,
6,0,0,1,1,1,2,2,2,0,1,
6,0,0,1,1,1,2,2,2,0,1,
6,0,0,1,1,1,2,2,2,0,1,
6,0,0,1,1,1,2,2,2,0,1,
6,0,0,1,1,1,2,2,2,0,1,
6,0,0,1,1,1,2,2,2,0,1,
6,0,0,1,1,2,2,2,2,0,2,
6,0,0,1,1,2,2,2,2,0,2,
6,0,0,1,1,2,2,2,2,0,2,
8,0,0,1,1,1,2,2,2,0,1,
5,0,1,1,1,2,2,2,2,1,2,
5,0,1,1,1,2,2,2,2,0,2,
5,0,1,1,1,2,2,2,2,1,2,
5,0,1,1,1,2,2,2,2,1,2,
5,0,1,1,2,2,2,2,2,1,2,
5,0,1,1,2,2,2,2,2,1,2,
5,0,1,1,2,2,2,2,2,1,2,
5,0,1,1,2,2,2,2,2,1,2,
5,0,1,1,2,2,2,2,2,1,2,
5,0,1,1,2,2,2,2,2,1,2,
5,0,1,1,2,2,2,2,2,1,2,
5,0,0,0,1,1,1,1,1,0,1,
6,0,0,0,1,1,1,1,2,0,1,
6,0,0,0,1,1,1,1,2,0,1,
5,0,0,0,1,1,1,1,2,0,1,
6,0,0,0,1,1,1,1,2,0,1,
6,0,2,0,1,1,1,1,2,0,1,
6,0,0,0,1,1,1,1,2,0,1,
6,0,0,0,1,1,1,1,2,0,1,
6,0,0,0,1,1,1,1,2,0,1,
6,0,0,0,1,1,1,1,2,0,1,
6,0,0,0,1,1,1,1,2,0,1,
6,0,0,0,1,1,1,1,2,0,1,
6,0,0,0,1,1,1,1,2,0,1,
7,0,0,0,1,1,1,1,2,0,1,
6,0,0,1,1,1,2,2,2,0,1,
6,0,0,1,1,1,2,2,2,0,1,
6,0,0,1,1,1,2,2,2,0,1,
6,0,0,1,1,1,2,2,2,0,1,
6,0,1,1,2,2,2,2,2,1,2,
6,0,0,1,1,1,2,2,2,0,1,
6,0,0,1,1,1,2,2,2,0,1,
6,0,0,1,1,1,2,2,2,0,2,
9,0,0,4,1,2,2,2,2,0,2,
7,0,0,1,1,1,2,2,2,0,1,
7,0,0,0,1,1,1,1,2,0,1,
6,0,0,1,1,2,2,2,2,0,2,
6,0,0,1,1,2,2,2,2,0,2,
6,0,0,1,1,2,2,2,2,0,2,
5,0,0,1,1,2,2,2,2,0,2,
5,0,0,1,1,1,2,2,2,1,2,
5,0,1,1,1,2,2,2,2,0,2,
5,0,1,1,2,2,2,2,2,1,2,
5,0,1,1,1,2,2,2,2,0,2,
5,0,1,1,2,2,2,2,2,1,2,
5,0,1,1,2,2,2,2,2,1,2,
5,0,1,1,2,2,2,2,2,1,2,
5,0,0,0,1,1,1,1,2,0,1,
5,0,1,1,2,2,2,2,2,1,2,
5,0,1,1,2,2,2,2,2,1,2,
5,0,0,0,1,1,1,1,1,0,1,
5,0,0,0,1,1,1,1,1,0,1,
5,0,0,0,1,1,1,1,1,0,1,
6,0,0,0,1,1,1,1,2,0,1,
7,0,0,0,0,0,0,0,0,0,0,
6,0,0,0,1,2,2,2,2,0,1,
6,0,0,0,1,1,1,1,2,0,1,
6,0,0,0,1,1,1,1,2,0,1,
8,0,0,3,1,1,1,1,2,0,1,
8,0,0,1,1,1,2,2,2,0,1,
6,0,0,0,1,1,1,1,2,0,1,
6,0,0,0,1,1,1,1,2,0,1,
6,0,0,1,1,1,2,2,2,0,1,
6,0,0,0,1,1,1,1,2,0,1,
6,0,0,0,1,1,1,2,2,0,1,
6,0,0,0,1,1,2,2,2,0,1,
6,0,0,1,1,1,2,2,2,0,1,
6,0,0,1,1,1,2,2,2,0,1,
6,0,0,1,1,1,2,2,2,0,1,
6,0,0,1,1,1,2,2,2,0,1,
6,2,0,1,1,1,2,2,2,2,1,
5,0,1,1,2,2,2,2,2,1,2,
6,0,0,1,1,2,2,2,2,0,2,
6,0,0,1,1,2,2,2,2,0,1,
6,0,0,1,1,2,2,2,2,0,2,
6,0,0,1,1,2,2,2,2,0,2,
6,0,0,1,1,2,2,2,2,0,2,
5,0,0,1,1,2,2,2,2,0,2,
5,0,0,1,1,2,2,2,2,0,2,
8,0,1,1,1,4,5,4,4,0,4,
5,0,1,1,1,2,2,2,2,1,2,
5,0,1,1,1,2,2,2,2,1,2,
5,0,1,1,2,2,2,2,2,1,2,
6,0,1,1,2,2,2,2,2,1,2,
5,0,1,1,2,2,2,2,2,1,2,
5,0,1,1,2,2,2,2,2,1,2,
5,0,1,1,2,2,2,2,2,1,2,
5,0,1,1,2,2,2,2,2,1,2,
5,0,1,1,2,2,2,2,2,1,2,
7,0,1,1,3,2,2,2,2,1,4,
5,0,0,0,1,1,1,1,1,0,1,
5,0,0,0,1,1,1,1,2,0,1,
5,0,0,0,1,1,1,1,2,0,1,
5,0,0,0,1,1,1,1,2,0,1,
5,0,0,0,1,1,1,1,2,0,1,
6,1,0,0,1,1,1,1,2,1,1,
6,0,0,1,1,2,2,2,2,0,2,
6,0,0,0,1,1,1,1,2,0,1,
6,0,0,0,1,1,1,1,2,0,1,
6,0,0,0,1,1,1,1,2,0,1,
6,0,0,0,1,1,1,1,2,0,1,
6,0,0,0,1,1,1,1,2,0,1,
6,0,0,0,1,1,1,1,2,0,1,
6,0,0,0,1,1,1,1,2,0,1,
6,0,0,0,1,1,1,2,2,0,1,
6,0,0,0,1,1,1,2,2,0,1,
6,0,0,1,1,1,2,2,2,0,1,
6,0,0,1,1,1,2,2,2,0,1,
6,0,0,1,1,1,2,2,2,0,1,
6,0,0,1,1,1,2,2,2,0,1,
6,0,0,1,1,2,2,2,2,0,2,
6,0,0,1,1,1,2,2,2,0,1,
9,0,0,1,1,1,2,2,2,0,1,
6,0,0,1,1,2,2,2,2,0,2,
6,0,0,1,1,2,2,2,2,0,2,
6,0,0,1,2,1,2,2,2,0,2,
5,0,0,1,1,2,2,2,2,0,2,
5,0,0,1,1,2,2,2,2,1,2,
5,0,1,1,1,2,2,2,2,1,2,
5,0,1,1,1,2,2,2,2,1,2,
5,0,1,1,2,2,2,2,2,1,2,
5,0,1,1,2,2,2,2,2,1,2,
5,0,0,0,1,1,1,1,1,0,1,
5,0,1,1,2,2,2,2,2,1,2,
5,0,1,1,1,2,2,2,2,1,2,
5,0,1,1,2,2,2,2,2,1,2,
5,0,1,1,2,2,2,2,2,1,2,
5,0,1,1,2,2,2,2,2,1,2,
5,0,0,0,1,1,1,1,1,0,1,
6,0,2,0,1,1,1,1,1,0,1,
6,0,0,0,1,1,1,1,2,0,1,
5,0,0,0,1,1,1,1,2,0,1,
6,0,0,0,1,1,1,1,2,0,1,
6,0,0,0,1,1,1,1,2,0,1,
