55
52
55
51
53
51
52
50
51
50
51
51
51
51
51
51
51
51
51
51
51
51
51
51
51
51
51
50
50
51
51
51
51
51
51
51
51
51
51
51
51
51
51
58
51
51
51
51
50
51
51
51
51
51
51
51
52
51
53
51
51
51
51
51
51
51
51
51
50
50
50
52
51
51
50
51
51
51
51
51
51
51
51
51
51
51
51
51
50
50
50
51
50
51
51
51
51
51
51
53
51
51
51
51
51
51
51
51
50
50
51
52
53
51
51
51
53
52
52
51
51
51
51
51
51
52
52
51
51
51
50
50
50
50
51
51
51
51
51
51
51
51
51
51
51
51
51
51
51
50
52
51
51
50
51
52
51
51
51
51
52
51
51
51
51
51
75
51
51
51
50
53
51
50
50
51
50
50
50
52
50
51
51
51
50
51
51
52
51
53
51
51
53
51
51
51
51
50
52
50
50
50
50
50
50
50
50
50
52
50
50
51
50
50
51
51
51
51
51
51
51
51
51
53
51
51
50
51
50
50
51
50
52
50
50
51
51
51
51
51
51
52
51
51
51
51
51
51
51
54
51
51
51
51
73
67
50
50
50
50
51
50
58
50
50
50
51
51
51
52
71
51
51
51
51
74
51
51
51
69
62
71
54
50
53
51
50
51
51
50
51
52
51
51
51
51
51
51
51
51
51
51
51
51
51
52
51
51
51
50
50
50
50
50
50
50
51
51
50
51
52
51
51
51
51
53
51
51
51
51
51
51
51
50
51
50
50
50
50
50
50
51
51
51
51
51
51
51
51
51
51
51
51
50
50
50
50
53
50
50
50
51
51
53
51
51
51
51
51
51
52
51
54
50
50
52
50
50
50
50
50
51
51
50
51
51
51
51
51
51
51
51
51
50
50
50
50
50
51
60
51
51
51
51
51
51
53
51
61
51
52
54
52
50
50
50
50
50
51
51
51
54
51
51
52
51
51
51
66
51
53
51
64
50
50
50
50
50
50
51
50
51
50
51
51
51
51
51
51
51
51
51
51
57
50
50
51
52
52
50
52
50
51
50
51
51
51
51
51
51
51
51
52
50
50
50
50
50
50
51
51
74
50
50
51
51
51
51
51
51
51
51
52
51
51
51
51
50
50
50
50
53
52
50
50
50
51
51
51
51
51
54
51
51
52
51
51
51
58
51
53
51
51
50
50
50
50
50
50
50
50
50
51
50
50
51
51
51
51
51
51
51
51
51
51
51
53
51
54
51
51
53
50
50
50
50
50
50
50
50
50
51
51
51
51
51
51
51
51
51
51
51
51
51
51
51
51
51
50
53
50
52
50
50
50
50
50
50
52
50
51
51
51
51
51
51
51
51
51
51
51
51
51
51
51
50
50
50
50
50
50
50
50
50
51
52
51
51
51
51
53
51
51
51
51
51
51
51
52
51
54
50
50
53
50
50
50
50
50
53
50
51
51
50
51
51
51
51
51
55
51
51
51
51
64
63
51
53
50
50
50
50
50
50
53
50
50
50
50
