76
278
74
73
95
72
72
72
72
72
73
75
77
72
74
72
72
74
74
73
72
72
74
71
72
71
71
72
72
277
72
75
72
72
72
72
73
74
72
72
72
72
72
73
72
72
72
74
72
72
72
72
72
72
72
72
73
72
73
71
72
72
75
76
75
73
73
73
72
72
72
72
73
73
323
74
76
73
73
75
72
72
72
72
73
75
73
72
72
72
72
72
73
74
72
72
72
72
72
72
72
72
72
73
73
323
72
76
72
72
72
72
162
186
99
72
72
72
73
72
72
96
72
72
72
72
326
73
75
79
278
72
72
72
277
72
72
74
74
75
75
72
72
71
72
72
72
73
72
72
72
72
75
72
72
72
72
73
72
72
72
72
71
71
72
71
72
72
278
73
300
157
73
73
72
72
72
72
72
72
324
75
73
74
74
72
277
72
75
72
71
71
76
75
72
73
323
314
318
319
72
75
72
73
278
72
72
72
78
73
74
72
324
72
72
72
72
72
73
71
72
72
71
72
72
72
73
74
74
72
72
72
72
72
72
72
72
72
278
277
218
73
74
72
74
73
73
72
72
72
73
72
72
72
71
71
73
71
80
82
72
72
73
72
74
73
71
71
71
74
71
72
78
72
72
72
72
71
71
71
72
72
78
74
95
72
72
79
80
71
72
72
93
73
78
71
74
74
72
72
72
72
77
72
71
72
71
72
72
72
74
89
86
82
73
73
72
72
72
73
72
277
276
253
121
72
74
278
75
78
75
74
76
74
73
74
73
71
75
74
73
74
77
71
72
72
73
72
72
73
323
72
74
72
75
72
72
323
74
76
77
72
324
74
76
276
73
75
74
278
118
72
72
75
73
73
74
278
217
74
72
74
73
72
73
73
72
72
73
72
73
71
71
72
71
72
72
72
73
84
72
72
72
74
76
71
74
71
72
72
73
72
95
74
74
73
73
73
72
75
78
73
72
73
72
72
73
72
75
72
72
73
72
72
75
71
72
72
72
73
72
72
72
72
73
324
73
74
72
277
74
71
71
72
72
73
80
74
72
75
72
75
71
72
72
72
72
73
73
73
72
72
72
72
72
72
71
72
73
322
75
678
75
75
75
74
73
71
71
71
72
71
72
72
