74
68
67
70
67
68
70
70
68
69
72
71
318
241
139
67
71
68
70
68
273
70
70
68
67
69
68
67
67
68
68
67
69
69
68
90
74
69
67
68
69
68
68
70
69
68
90
68
68
70
69
75
69
68
67
67
69
67
69
70
72
68
67
69
67
67
68
67
69
67
67
67
69
67
67
67
67
71
67
68
75
67
67
69
69
68
314
217
71
68
70
67
70
69
68
68
70
67
68
67
67
67
67
68
67
68
67
67
67
68
67
68
68
67
68
68
69
67
67
68
71
67
311
481
67
89
67
67
69
68
68
90
68
70
67
67
68
70
86
68
69
69
68
67
71
68
68
68
68
72
69
68
70
67
67
69
68
70
67
67
68
68
68
68
67
69
67
67
69
70
68
68
68
70
69
68
69
70
68
68
69
69
68
70
67
68
67
67
69
67
67
68
68
68
68
68
67
67
67
67
68
68
68
67
274
70
70
68
67
87
68
68
68
68
70
67
67
67
67
75
67
68
68
68
68
67
67
87
70
67
67
68
71
87
73
85
67
68
67
70
67
68
67
72
68
67
70
67
67
67
67
69
68
74
74
71
67
67
87
67
67
67
67
67
84
69
72
69
69
70
67
68
69
68
70
68
69
69
69
68
69
68
70
67
68
67
89
68
68
68
71
69
68
69
69
68
69
71
68
70
68
71
71
68
68
72
69
70
69
68
69
68
67
67
67
69
68
70
69
69
68
67
81
69
68
69
68
68
67
68
68
69
68
68
67
67
67
67
68
68
68
68
68
68
68
71
68
67
70
69
69
68
71
68
68
69
72
69
68
67
89
313
220
127
67
69
71
68
68
69
67
68
68
68
71
67
67
71
67
68
67
68
67
68
67
69
68
70
68
67
90
68
69
67
68
67
67
68
67
67
67
90
69
67
69
69
321
117
69
67
68
68
67
71
69
70
68
68
68
68
68
133
70
67
69
68
68
67
67
67
67
68
68
69
68
68
69
68
69
67
69
71
71
70
68
68
67
67
68
68
68
67
68
70
67
68
71
68
67
67
67
68
68
68
68
67
67
89
67
78
273
128
68
68
68
69
68
68
68
69
68
69
68
68
68
68
68
68
68
313
241
145
69
67
68
67
67
67
67
68
68
68
68
69
68
68
67
67
69
67
67
68
68
67
68
68
68
68
68
68
68
68
67
67
68
68
68
68
68
68
71
68
68
68
70
68
68
69
68
68
68
68
71
68
67
70
67
67
67
68
70
68
68
68
75
68
67
68
72
68
67
67
68
67
67
67
70
68
67
68
73
68
90
144
68
169
67
88
67
70
68
68
68
68
68
69
69
70
68
152
67
69
67
67
67
166
70
67
67
70
67
68
67
163
168
67
67
171
67
164
71
68
68
67
145
67
270
