35
32
39
33
32
32
32
32
32
32
32
33
32
33
32
32
32
32
32
33
33
32
32
32
32
33
34
32
34
32
32
35
32
32
32
32
32
32
32
33
32
32
34
32
32
32
32
33
32
32
32
32
32
32
32
32
32
32
32
34
32
32
34
35
32
35
32
32
32
32
32
34
33
32
32
33
32
32
32
32
32
34
33
32
32
32
33
32
32
32
33
32
32
33
34
32
34
32
32
32
32
32
32
32
33
32
32
32
32
32
33
34
33
32
32
32
47
33
32
33
32
32
32
32
35
35
32
34
32
32
32
32
32
33
35
32
32
32
32
32
32
32
32
31
32
32
32
32
32
32
32
32
32
32
32
32
32
32
32
32
32
32
33
32
32
32
34
32
32
32
32
33
33
32
34
35
32
33
32
32
36
32
32
32
32
32
32
32
32
32
32
34
32
32
32
32
32
32
34
32
33
32
33
32
32
35
32
33
32
31
32
32
32
32
32
32
33
32
34
32
32
32
32
32
33
32
32
32
32
32
33
33
32
32
32
32
32
34
33
32
32
34
32
34
32
32
32
32
32
32
32
32
32
32
33
32
32
32
35
32
32
53
32
32
32
32
34
32
33
32
32
31
32
32
32
32
32
32
32
32
32
32
32
32
32
32
32
35
32
32
32
32
32
33
32
32
35
32
32
39
32
33
32
32
32
32
32
32
32
34
33
33
32
32
35
34
33
32
32
34
33
36
32
32
32
32
32
32
32
32
33
32
33
32
35
31
32
32
32
32
32
33
32
32
32
32
33
32
32
33
32
34
32
32
34
35
32
43
32
32
36
32
32
32
32
32
32
31
31
31
31
31
32
32
32
32
32
32
32
32
33
32
33
32
32
32
32
32
32
32
32
32
32
32
32
33
34
32
34
31
32
32
34
32
32
32
32
36
32
32
32
32
33
32
32
32
32
32
33
32
33
34
32
33
32
32
32
32
32
33
31
31
31
31
31
32
36
32
32
32
32
32
32
32
32
34
54
33
34
32
32
32
32
32
32
32
32
32
33
32
131
32
34
32
32
32
32
32
32
32
32
32
32
35
32
32
35
33
42
32
32
33
32
32
32
32
33
32
32
32
32
32
32
32
31
31
31
32
34
32
32
32
32
32
32
32
32
32
34
32
32
32
34
32
32
32
32
32
32
32
32
32
32
32
32
32
32
34
32
32
32
32
31
33
31
31
32
32
32
31
31
31
35
35
32
32
32
32
32
32
32
32
32
32
32
32
32
32
32
32
32
32
31
31
32
32
32
35
32
32
34
32
32
32
34
32
32
32
32
32
35
32
32
32
32
35
32
35
32
32
32
32
32
31
52
32
33
35
51
35
32
51
32
32
43
32
32
55
32
55
32
32
38
41
32
32
32
34
32
32
32
31
31
43
54
32
32
32
32
39
32
32
32
32
32
32
32
32
32
32
32
53
34
32
32
32
33
32
35
32
32
32
31
31
31
31
32
32
33
54
32
33
33
32
32
32
32
32
32
35
34
32
34
32
32
32
32
33
32
32
32
32
32
32
32
32
32
32
32
31
31
31
32
32
32
32
31
35
32
32
32
32
32
32
32
32
32
32
32
32
33
32
32
32
32
32
33
32
32
32
32
32
32
32
32
32
35
32
32
35
32
31
31
31
31
31
31
31
32
55
32
31
31
32
32
32
32
32
32
32
32
35
32
32
32
32
32
32
32
32
32
32
32
32
32
32
32
32
32
35
32
32
34
34
31
31
31
33
32
31
31
31
35
32
53
32
32
32
32
32
32
32
34
32
32
32
32
32
33
32
34
37
32
32
32
32
32
32
32
32
32
32
34
32
35
33
32
31
31
31
34
34
34
32
32
32
33
33
53
32
32
32
32
32
32
32
32
32
32
33
32
33
32
32
35
32
32
35
32
32
32
32
32
32
32
32
32
35
32
32
31
31
31
31
31
31
32
33
32
32
32
32
32
33
32
32
32
32
32
32
32
32
32
32
32
32
32
32
32
32
32
32
32
32
32
32
32
32
35
32
32
31
32
31
34
31
31
31
31
32
32
32
32
32
32
32
32
32
32
36
32
32
35
32
32
32
32
32
32
32
32
32
33
34
32
32
32
32
32
32
32
32
32
32
35
31
31
31
31
32
31
32
32
32
32
32
32
35
55
32
32
32
32
32
35
32
32
32
32
32
32
32
32
32
32
35
32
32
32
33
32
32
32
32
32
33
31
32
31
32
32
31
31
32
