38,0,4,7,3,4,5,6,7,8,5,
18,0,4,6,3,4,5,5,6,7,4,
20,0,3,8,2,3,4,5,6,9,4,
17,0,3,6,2,3,4,5,6,6,4,
17,0,3,5,4,3,6,6,5,6,4,
17,0,3,6,2,3,4,5,6,6,4,
17,0,3,6,3,3,4,5,6,6,4,
18,0,4,6,2,4,5,5,6,7,4,
17,0,4,6,3,3,4,5,6,6,4,
18,0,3,6,2,3,4,5,6,6,4,
19,0,4,6,3,3,5,8,6,7,4,
18,0,4,6,3,3,4,5,6,7,4,
19,0,4,6,3,4,8,5,6,7,4,
17,0,4,6,3,4,5,5,6,7,4,
18,0,4,6,3,4,6,4,6,7,4,
18,0,4,6,3,4,5,5,6,7,4,
18,0,4,6,3,4,5,5,6,7,4,
18,0,3,5,2,3,4,5,5,6,4,
18,0,3,5,2,3,4,5,5,6,4,
17,0,3,5,2,3,4,5,5,6,4,
17,0,3,5,2,3,4,5,5,6,4,
17,0,3,5,2,3,4,5,5,6,4,
17,0,3,6,2,3,4,5,5,6,4,
17,0,3,5,2,3,4,5,6,6,4,
17,0,1,4,0,1,2,3,3,4,2,
16,0,3,5,2,4,4,5,5,6,5,
17,0,3,6,2,3,4,5,6,6,4,
22,0,3,5,2,3,4,4,5,6,4,
17,0,3,6,2,3,4,5,6,6,4,
17,0,3,6,2,3,4,5,6,6,4,
17,0,4,6,3,3,4,5,6,6,4,
17,0,4,6,3,3,4,5,6,6,4,
17,0,4,6,3,4,4,5,6,7,4,
17,0,4,6,3,4,5,5,6,7,4,
17,0,4,6,3,3,5,5,6,7,4,
17,0,4,6,3,4,4,5,6,7,4,
21,0,4,6,3,3,5,5,6,9,4,
17,0,4,6,3,4,5,5,6,7,4,
18,0,4,6,3,4,5,5,6,7,4,
17,0,4,6,3,3,5,5,6,7,4,
18,0,4,6,3,4,5,5,6,7,4,
17,0,4,6,3,4,5,5,6,7,4,
18,0,3,5,2,3,4,5,5,6,4,
19,0,3,8,2,3,4,5,5,8,4,
17,0,3,5,2,3,4,4,5,6,4,
17,0,4,6,4,4,6,7,6,7,5,
20,0,3,5,2,3,4,4,5,6,3,
17,0,3,6,2,3,4,5,6,6,4,
17,0,3,6,2,3,4,5,5,6,3,
17,0,3,5,2,3,4,5,5,6,4,
17,0,3,6,2,3,4,5,6,6,4,
18,0,3,6,2,3,4,8,6,6,4,
18,0,4,6,3,4,5,5,6,7,4,
18,0,3,6,2,3,7,5,6,6,4,
17,0,4,6,3,3,4,5,6,7,4,
17,0,3,6,3,3,4,5,6,6,4,
17,0,4,6,3,3,4,5,6,6,4,
17,0,4,6,3,4,4,5,6,7,4,
17,0,4,6,3,4,5,5,6,7,4,
17,0,4,6,3,3,4,5,6,7,4,
17,0,4,6,3,3,4,5,6,7,4,
19,0,6,8,3,4,5,5,8,9,4,
18,0,4,6,3,4,5,5,6,7,4,
18,0,4,6,3,4,5,5,6,7,4,
17,0,4,6,3,4,5,5,6,7,4,
26,0,4,6,3,4,5,5,6,7,4,
18,0,3,5,2,3,4,4,5,6,4,
18,0,4,6,3,4,5,5,6,7,4,
17,0,3,5,2,3,4,5,5,6,4,
17,0,3,5,2,3,4,4,5,6,3,
17,0,2,5,1,2,3,4,4,5,3,
16,0,3,5,2,4,4,5,5,5,5,
17,0,3,5,2,3,4,5,5,6,4,
22,0,3,5,2,3,4,5,5,6,4,
17,0,3,5,2,3,4,5,5,6,4,
19,0,3,5,2,3,4,5,5,9,4,
17,0,3,6,2,3,4,5,6,6,4,
19,0,3,6,2,3,4,5,8,6,4,
17,0,4,6,3,3,4,5,6,7,4,
17,0,3,6,2,3,4,5,6,6,4,
17,0,4,6,3,3,4,5,6,6,4,
17,0,3,6,2,3,4,5,6,6,4,
17,0,4,6,3,3,4,5,6,6,4,
17,0,4,6,3,3,4,5,6,7,4,
17,0,4,6,3,3,4,5,6,6,4,
17,0,4,6,3,3,4,5,6,7,4,
17,0,4,6,3,3,5,5,6,7,4,
17,0,4,6,3,4,4,5,6,7,4,
17,0,4,6,3,4,5,5,6,7,4,
19,0,4,8,3,4,5,5,6,9,4,
18,0,4,6,3,4,5,5,6,7,4,
17,0,3,6,4,3,6,6,6,6,4,
20,0,4,6,3,4,5,5,6,7,4,
18,0,4,6,3,4,5,5,6,7,4,
18,0,4,7,3,4,5,5,6,8,4,
17,0,3,5,2,3,4,5,5,6,4,
17,0,3,5,2,3,4,5,5,6,3,
17,0,3,6,2,3,4,7,5,6,4,
17,0,3,5,2,3,4,5,5,6,4,
19,0,3,6,2,3,4,5,6,6,4,
17,0,3,6,2,3,4,5,6,6,4,
17,0,3,6,2,3,4,5,6,6,4,
17,0,3,6,3,3,4,5,6,6,4,
17,0,4,6,3,3,4,5,6,6,4,
17,0,3,6,2,3,4,5,6,6,4,
17,0,4,6,3,3,4,5,6,7,4,
17,0,4,6,3,3,4,5,6,7,4,
17,0,4,6,3,3,4,5,6,7,4,
17,0,4,6,3,4,5,5,6,7,4,
17,0,4,6,3,4,5,5,6,7,4,
17,0,4,6,3,3,4,5,6,7,4,
18,0,3,5,2,3,3,4,5,6,3,
17,0,4,6,3,3,5,5,6,7,4,
19,0,4,6,3,4,5,5,6,7,4,
20,0,4,6,3,3,4,5,6,6,4,
18,0,4,6,3,4,5,5,6,7,4,
18,0,7,7,3,7,7,7,8,7,7,
18,0,4,6,3,4,5,5,6,7,4,
20,0,7,9,3,4,5,5,9,10,4,
16,0,4,6,3,4,5,5,6,7,4,
17,0,3,5,2,3,4,5,5,6,4,
17,0,3,5,2,3,4,5,5,6,4,
17,0,3,5,2,3,4,5,5,6,4,
17,0,3,6,2,3,4,5,6,6,4,
17,0,3,5,2,3,4,5,5,6,4,
17,0,3,6,2,3,4,5,5,7,4,
17,0,3,6,2,3,4,5,6,6,4,
17,0,3,6,3,3,4,5,6,6,4,
18,0,3,6,2,3,4,5,6,6,4,
17,0,3,6,2,3,4,5,6,6,4,
20,0,3,6,2,3,4,5,6,9,4,
17,0,4,6,2,3,4,5,6,7,4,
17,0,3,5,4,3,6,6,5,6,3,
17,0,4,6,3,3,4,5,6,7,4,
17,0,4,6,3,4,5,5,6,7,4,
17,0,4,6,3,3,4,5,6,7,4,
17,0,4,6,3,4,5,5,6,7,4,
18,0,4,6,3,4,7,7,6,7,4,
17,0,4,6,3,4,4,6,6,7,4,
17,0,4,6,3,4,5,5,6,7,4,
18,0,4,6,3,4,7,5,6,7,4,
17,0,4,6,3,4,5,5,6,7,4,
18,0,3,5,2,3,4,5,5,6,4,
18,0,3,5,2,3,4,5,5,6,4,
17,0,3,5,2,3,4,5,5,6,3,
17,0,3,5,2,3,4,5,5,6,4,
17,0,3,5,2,3,4,5,5,6,4,
17,0,3,6,2,3,4,5,6,6,4,
17,0,3,5,2,3,4,5,5,6,4,
20,0,3,5,2,3,4,5,5,6,3,
17,0,4,6,3,4,5,5,6,7,4,
17,0,4,5,4,4,4,5,6,6,4,
17,0,1,4,0,1,2,3,4,4,2,
16,0,3,5,3,4,4,5,5,6,5,
17,0,3,6,3,3,4,5,6,6,4,
19,0,3,5,1,3,3,4,5,6,3,
17,0,3,6,3,3,4,5,6,6,4,
19,0,4,7,3,3,7,7,8,8,4,
17,0,4,6,3,4,5,5,6,7,4,
19,0,6,8,3,3,4,5,8,9,4,
18,0,4,6,3,3,5,5,6,8,4,
19,0,4,6,3,4,5,5,6,7,4,
17,0,4,6,3,4,5,5,6,7,4,
17,0,4,6,3,4,5,5,6,7,4,
19,0,4,6,3,4,5,5,6,7,4,
17,0,4,6,3,3,5,5,6,7,4,
18,0,4,6,3,4,5,5,6,7,4,
18,0,3,5,2,3,4,4,5,6,3,
36,0,4,6,3,6,5,5,6,7,7,
18,0,4,6,2,3,4,5,6,7,4,
16,0,4,6,3,3,4,5,6,6,4,
16,0,4,6,2,3,4,5,6,6,4,
16,0,4,6,3,3,4,5,6,6,4,
18,0,3,5,5,3,6,7,5,6,4,
16,0,4,6,3,4,5,5,6,7,4,
17,0,3,5,2,3,4,5,5,6,4,
19,0,5,7,2,3,4,5,7,8,3,
17,0,3,5,2,3,4,5,5,6,4,
17,0,3,5,2,3,4,5,5,6,4,
18,0,3,6,2,3,4,8,5,6,4,
17,0,3,6,2,3,4,5,6,6,4,
18,0,3,6,2,3,7,5,6,6,4,
17,0,3,6,2,3,4,5,6,6,4,
17,0,4,6,5,4,7,7,6,7,5,
17,0,4,6,3,3,4,5,6,6,4,
17,0,4,6,3,3,4,5,6,7,4,
17,0,4,6,3,3,4,5,6,6,4,
17,0,4,6,3,3,4,5,6,7,4,
17,0,4,6,3,3,4,5,6,6,4,
17,0,4,6,3,3,4,5,6,7,4,
30,0,3,5,2,3,3,4,5,6,3,
17,0,4,6,2,3,4,5,6,7,4,
16,0,4,6,3,3,4,5,6,7,4,
16,0,4,6,4,4,5,5,6,6,4,
16,0,4,6,3,6,4,5,6,7,7,
17,0,4,7,2,2,4,5,7,7,3,
18,0,6,8,2,6,4,5,8,9,6,
16,0,4,6,3,3,5,5,6,7,4,
16,0,4,6,3,4,5,5,6,7,4,
16,0,4,6,3,4,5,5,6,7,4,
19,0,4,8,3,4,5,5,8,9,4,
18,0,3,6,2,3,4,4,6,6,4,
17,0,3,5,2,3,4,4,5,6,4,
17,0,3,5,2,3,4,5,5,6,3,
17,0,3,5,2,3,4,5,5,6,4,
18,0,3,5,2,3,4,5,5,6,4,
17,0,3,6,2,3,4,5,6,6,4,
17,0,3,6,2,3,4,5,6,6,4,
17,0,3,6,2,3,4,4,6,6,4,
19,0,3,6,2,3,4,5,6,8,4,
17,0,3,6,2,3,4,5,6,6,4,
17,0,3,6,2,3,4,5,6,6,4,
17,0,4,6,2,3,4,5,6,6,4,
17,0,3,6,2,4,4,5,6,6,5,
18,0,4,6,6,3,7,8,6,6,4,
17,0,4,6,3,3,4,5,6,6,4,
17,0,4,6,2,3,4,5,6,7,4,
16,0,4,6,2,3,5,4,6,7,4,
16,0,4,6,3,4,4,5,6,7,4,
16,0,4,6,3,3,4,5,6,7,4,
20,0,4,6,3,4,5,10,6,7,4,
17,0,3,5,2,3,4,5,5,6,3,
18,0,4,6,3,4,5,5,6,7,4,
16,0,4,6,3,4,5,5,6,7,4,
16,0,4,6,3,4,5,5,6,7,4,
17,0,4,6,3,4,5,5,6,7,4,
16,0,3,5,2,3,4,5,5,6,3,
17,0,3,5,2,3,4,5,5,6,4,
17,0,3,6,2,3,4,5,6,6,4,
17,0,3,5,2,3,4,4,5,6,4,
17,0,3,6,2,3,4,4,6,6,3,
16,0,4,6,3,3,5,5,6,7,4,
17,0,3,6,2,3,4,4,6,6,4,
17,0,3,6,2,3,4,5,6,6,4,
17,0,4,6,3,3,4,5,6,7,4,
17,0,4,6,3,5,4,5,6,7,6,
16,0,4,6,2,3,4,5,6,7,4,
19,0,3,6,2,3,4,4,6,6,4,
16,0,4,6,3,3,5,5,6,7,4,
18,0,4,8,3,4,5,8,9,8,4,
16,0,4,6,3,3,5,5,6,7,4,
19,0,6,9,3,4,5,5,9,9,4,
16,0,3,5,2,3,4,4,5,6,3,
17,0,3,5,2,3,4,5,5,6,4,
17,0,3,5,2,3,4,5,5,6,4,
17,0,3,5,2,3,4,5,5,6,4,
17,0,3,6,2,3,4,4,5,6,3,
17,0,3,6,2,3,4,4,5,6,4,
17,0,3,6,2,3,4,5,6,6,4,
17,0,3,6,2,3,4,5,6,6,4,
17,0,3,6,2,3,4,5,6,6,4,
17,0,4,6,3,3,4,5,6,7,4,
17,0,3,6,3,3,4,5,6,6,4,
20,0,4,6,3,3,4,5,6,9,4,
17,0,4,6,3,3,4,5,6,7,4,
18,0,4,6,3,4,5,5,6,7,4,
17,0,4,6,3,4,5,5,6,7,4,
16,0,4,6,2,3,4,5,6,7,4,
18,0,4,8,3,4,5,5,5,9,4,
16,0,4,6,3,4,5,5,6,7,4,
16,0,4,6,3,4,5,5,6,7,4,
19,0,4,6,3,4,5,5,6,7,4,
16,0,4,6,3,4,5,5,6,7,4,
17,0,3,5,2,3,4,5,5,6,4,
16,0,3,5,2,3,4,5,5,6,4,
17,0,3,5,5,3,6,7,5,6,4,
17,0,3,6,2,3,4,6,5,6,4,
17,0,3,6,2,3,4,4,6,6,3,
17,0,3,6,2,3,6,4,6,6,4,
17,0,3,5,2,3,4,5,6,6,4,
17,0,3,6,2,3,4,5,6,6,4,
17,0,3,6,2,3,4,5,6,6,4,
17,0,4,6,2,3,4,5,6,7,4,
17,0,4,6,2,3,4,5,6,7,4,
17,0,4,6,2,3,4,5,6,7,4,
16,0,4,6,3,3,4,5,6,6,4,
16,0,4,6,2,3,4,5,6,7,4,
16,0,4,6,3,4,4,5,6,7,4,
16,0,4,6,3,4,5,5,6,7,4,
16,0,4,6,3,4,4,5,6,7,4,
16,0,4,6,3,4,5,5,6,7,4,
16,0,4,6,3,4,5,5,6,7,4,
16,0,4,6,3,4,7,5,6,7,4,
17,0,3,6,2,3,4,4,6,6,4,
17,0,3,6,2,3,4,5,5,6,4,
16,0,4,5,4,4,4,5,6,6,4,
17,0,3,5,2,6,4,5,5,6,6,
18,0,5,7,2,3,4,5,7,8,3,
17,0,3,6,2,3,4,5,6,6,4,
17,0,3,6,2,3,4,5,6,6,4,
17,0,4,6,3,3,4,5,6,6,4,
17,0,4,6,3,3,4,5,6,6,4,
18,0,4,6,2,4,4,5,6,7,4,
16,0,4,6,2,3,4,5,6,7,4,
18,0,4,6,3,4,5,5,6,7,4,
17,0,4,7,4,4,5,6,7,7,5,
16,0,4,6,3,4,5,5,6,7,4,
16,0,4,6,3,4,5,5,6,7,4,
16,0,4,6,3,4,5,5,6,7,4,
17,0,4,7,3,4,5,5,6,8,5,
17,0,3,6,2,3,4,5,6,6,3,
17,0,3,6,2,3,4,5,6,6,4,
20,0,3,5,2,3,4,4,6,6,4,
17,0,3,6,2,3,4,5,6,6,4,
17,0,3,6,2,3,4,4,6,6,4,
17,0,3,6,2,3,4,5,6,6,4,
17,0,4,6,2,3,4,5,6,7,4,
18,0,4,6,3,3,4,7,6,6,4,
17,0,4,6,3,4,4,5,6,7,4,
17,0,4,6,3,3,6,4,6,7,4,
19,0,6,8,3,4,4,5,8,9,4,
17,0,4,6,3,3,4,5,6,7,4,
16,0,4,6,3,4,5,5,6,7,4,
19,0,4,6,2,3,4,5,6,6,4,
16,0,4,6,3,4,5,5,6,7,4,
17,0,3,5,2,3,4,4,5,6,4,
17,0,3,5,2,3,4,4,5,6,3,
16,0,4,6,5,4,6,7,6,7,5,
17,0,3,6,2,3,4,5,6,6,4,
17,0,3,5,2,3,4,5,5,6,3,
17,0,3,6,2,3,4,5,6,6,4,
17,0,3,5,2,3,4,5,6,6,3,
17,0,3,6,2,3,4,5,6,6,4,
18,0,3,5,2,3,4,5,5,6,4,
18,0,3,5,2,3,4,5,5,6,3,
17,0,3,6,2,3,4,4,6,6,4,
17,0,5,5,5,5,5,5,7,6,5,
17,0,4,6,2,6,4,5,6,7,7,
19,0,5,8,3,3,4,5,8,8,3,
17,0,4,6,3,3,4,5,6,6,4,
17,0,4,6,2,4,4,5,6,7,4,
17,0,4,6,2,3,4,5,6,7,4,
17,0,4,6,3,4,4,5,6,7,4,
17,0,4,6,3,4,5,5,6,7,4,
17,0,4,6,3,4,4,5,6,7,4,
19,0,3,6,2,3,4,5,6,6,4,
17,0,4,6,3,4,5,5,6,7,4,
16,0,4,6,3,3,5,5,6,7,4,
16,0,4,6,3,4,5,5,6,7,4,
16,0,4,6,3,4,5,5,6,7,4,
16,0,3,5,2,3,4,4,5,6,3,
17,0,3,5,2,3,4,5,5,6,4,
17,0,3,6,2,3,4,4,5,6,4,
19,0,4,7,2,3,4,5,5,8,4,
17,0,3,6,2,3,4,5,6,6,4,
17,0,3,5,2,3,4,5,5,6,4,
17,0,3,6,2,3,4,5,6,6,4,
18,0,3,5,5,4,6,7,5,6,4,
17,0,3,6,2,3,4,6,6,6,4,
17,0,3,6,2,3,4,5,6,6,4,
17,0,4,6,3,3,6,4,6,6,4,
17,0,3,6,3,3,4,5,6,6,4,
17,0,4,6,2,3,4,5,6,7,4,
17,0,4,6,3,3,4,5,6,7,4,
17,0,4,6,2,3,4,5,6,6,4,
17,0,4,6,3,4,5,5,6,7,4,
17,0,4,6,3,3,5,5,6,7,4,
17,0,4,6,3,3,4,5,6,7,4,
17,0,4,6,3,4,5,5,6,7,4,
17,0,4,6,3,3,4,5,6,7,4,
16,0,4,6,3,4,5,5,6,7,4,
16,0,4,6,3,4,5,5,6,7,4,
17,0,3,5,2,3,4,4,5,6,4,
17,0,3,5,2,3,4,5,5,6,4,
17,0,4,6,2,3,4,5,6,7,4,
17,0,3,5,2,3,4,5,5,6,4,
17,0,3,5,2,3,4,5,6,6,3,
25,0,3,6,2,3,4,4,6,6,4,
17,0,3,6,2,3,4,5,6,6,4,
17,0,3,5,2,3,4,4,5,6,3,
17,0,3,6,2,3,4,5,6,6,4,
17,0,3,5,2,3,4,5,6,6,4,
17,0,0,3,0,0,1,2,3,3,1,
17,0,3,6,3,5,4,6,6,6,6,
18,0,4,6,2,2,4,4,6,7,3,
17,0,4,6,3,6,4,5,6,7,6,
17,0,4,6,3,3,4,5,6,6,4,
17,0,4,6,3,4,5,5,6,7,4,
17,0,4,6,3,3,5,5,6,7,4,
17,0,4,6,3,4,5,5,6,7,4,
17,0,4,6,3,4,5,5,6,7,4,
17,0,4,6,3,4,5,5,6,7,4,
16,0,4,6,3,4,5,5,6,7,4,
17,0,3,5,2,3,4,5,5,6,4,
19,0,3,6,2,3,4,5,6,6,4,
17,0,3,5,2,3,4,4,5,6,3,
17,0,3,6,2,3,4,4,5,7,4,
17,0,3,5,2,3,4,5,5,6,4,
17,0,3,6,2,3,4,5,6,6,4,
20,0,3,5,2,3,4,4,5,6,4,
17,0,3,6,3,3,4,5,6,6,4,
17,0,3,6,2,3,4,5,6,6,4,
17,0,4,6,2,3,4,5,6,6,4,
18,0,4,6,3,3,4,7,6,6,4,
17,0,4,6,2,3,4,6,6,7,4,
17,0,4,6,2,3,4,5,6,6,4,
17,0,4,6,2,3,6,4,6,7,4,
17,0,4,6,3,3,6,5,6,7,4,
17,0,4,6,3,4,4,5,6,7,4,
17,0,4,6,3,4,5,5,6,7,4,
19,0,3,6,2,3,4,5,6,6,4,
18,0,4,6,3,3,4,5,6,7,4,
16,0,4,6,3,4,5,5,6,7,4,
16,0,3,5,2,3,4,4,5,6,4,
16,0,3,5,2,3,4,4,5,6,4,
17,0,3,5,2,3,4,4,5,6,4,
17,0,3,5,2,3,4,5,5,6,4,
17,0,3,5,2,3,4,4,5,6,3,
17,0,3,6,2,3,4,4,6,6,4,
16,0,3,5,2,3,4,5,5,6,4,
20,0,4,6,2,3,4,5,6,6,4,
19,0,3,5,1,3,3,3,5,6,3,
17,0,3,6,2,3,4,5,6,6,4,
17,0,3,6,2,3,4,5,6,6,4,
17,0,3,6,2,3,4,5,6,6,4,
19,0,3,8,3,3,4,5,8,9,4,
17,0,4,6,3,3,4,5,6,6,4,
17,0,4,6,3,3,4,5,6,7,4,
17,0,4,6,2,3,4,5,6,7,4,
17,0,4,6,3,3,4,5,6,6,4,
19,0,4,6,3,3,4,5,6,7,4,
17,0,4,6,3,3,4,5,6,7,4,
17,0,4,6,3,4,5,5,6,7,4,
17,0,4,6,3,3,5,5,6,7,4,
17,0,4,6,3,4,4,5,6,7,4,
16,0,4,6,3,4,5,5,6,7,4,
16,0,4,6,3,4,5,5,6,7,4,
19,0,4,9,3,4,5,5,6,10,4,
16,0,3,5,2,3,4,4,5,6,3,
16,0,4,6,5,3,6,7,6,7,4,
16,0,3,5,2,3,4,5,5,6,4,
17,0,3,5,2,3,4,4,5,6,4,
16,0,3,5,4,3,6,6,5,6,3,
17,0,3,5,2,3,4,4,5,6,3,
17,0,3,6,2,3,4,4,6,6,4,
16,0,3,5,2,3,4,5,5,6,4,
17,0,3,6,2,3,4,4,6,6,4,
17,0,3,6,2,3,4,4,6,6,4,
17,0,4,6,3,3,4,5,6,7,4,
17,0,3,6,3,3,4,5,6,6,4,
17,0,4,6,3,3,4,5,6,6,4,
17,0,3,6,3,3,4,5,6,6,4,
34,0,4,6,22,3,4,23,6,7,4,
17,0,4,6,3,3,4,5,6,7,4,
17,0,4,6,3,3,4,5,6,6,4,
17,0,4,6,2,3,4,5,6,7,4,
16,0,3,5,2,3,4,5,5,6,4,
17,0,4,6,2,3,4,5,6,7,4,
17,0,4,6,3,4,4,5,6,7,4,
17,0,2,4,1,1,2,3,4,5,2,
18,0,3,5,2,3,4,4,5,6,4,
17,0,4,7,2,3,4,5,7,7,4,
19,0,6,8,3,6,5,5,8,9,7,
16,0,4,6,3,4,5,5,6,7,4,
16,0,3,5,2,3,4,4,5,6,3,
17,0,3,5,2,3,4,4,5,6,3,
17,0,3,6,2,3,4,5,6,6,4,
17,0,3,6,2,3,4,4,6,6,4,
17,0,3,6,2,3,4,4,6,6,4,
17,0,3,6,2,3,4,5,6,6,4,
17,0,3,6,2,3,4,5,6,6,4,
17,0,3,6,2,3,4,4,6,6,4,
17,0,4,6,3,6,4,5,6,6,6,
18,0,3,7,2,3,4,5,5,8,4,
17,0,4,6,2,3,4,5,6,7,4,
17,0,3,6,2,3,4,4,6,6,4,
20,0,3,6,2,3,4,4,6,6,4,
17,0,4,6,3,3,4,5,6,7,4,
17,0,4,6,2,3,4,5,6,7,4,
17,0,4,6,2,4,4,6,6,7,4,
17,0,4,6,5,3,6,7,6,7,4,
17,0,4,6,3,3,5,5,6,7,4,
17,0,4,6,3,4,5,5,6,7,4,
17,0,4,6,3,4,5,5,6,7,4,
17,0,4,6,3,4,5,5,6,7,4,
16,0,4,6,3,4,5,5,6,7,4,
17,0,4,6,3,4,5,5,6,7,4,
20,0,3,5,2,3,4,5,5,6,4,
16,0,3,5,2,3,4,5,5,6,4,
16,0,3,5,2,3,4,4,5,6,3,
16,0,3,5,2,3,4,4,5,6,3,
17,0,3,6,2,3,4,4,5,6,3,
17,0,3,6,2,3,4,4,6,6,4,
17,0,3,6,2,3,4,5,6,6,4,
17,0,3,6,2,3,4,4,6,6,4,
17,0,3,6,2,3,4,4,6,6,3,
17,0,3,6,2,3,4,5,6,6,4,
17,0,3,6,2,3,4,4,6,6,3,
17,0,4,6,2,3,4,5,6,7,4,
17,0,3,6,3,3,4,5,6,6,4,
17,0,3,5,2,2,3,4,5,6,3,
17,0,3,5,3,3,5,5,5,6,4,
20,0,4,6,3,3,5,5,6,7,4,
21,0,3,5,2,3,4,5,5,6,3,
17,0,4,6,3,3,5,5,6,7,4,
19,0,4,7,3,3,7,7,8,7,4,
17,0,4,6,3,4,5,5,6,7,4,
19,0,7,9,3,3,4,5,9,9,4,
17,0,4,6,3,4,4,5,6,7,4,
17,0,4,6,3,4,5,5,6,7,4,
16,0,4,6,3,4,5,5,6,7,4,
16,0,4,6,3,4,5,5,6,7,4,
16,0,3,5,2,3,4,4,5,6,3,
16,0,3,5,2,3,4,4,5,6,3,
38,0,3,27,2,3,4,4,5,9,3,
17,0,3,5,2,3,4,4,5,6,3,
18,0,4,6,3,4,5,5,6,7,4,
16,0,3,5,2,3,4,4,6,6,4,
17,0,3,6,2,3,4,5,6,6,4,
17,0,3,6,2,3,4,5,6,6,4,
17,0,3,6,2,3,4,5,6,6,4,
17,0,3,6,2,3,6,7,6,6,4,
17,0,4,6,3,3,4,7,6,6,4,
17,0,3,6,2,3,4,4,6,6,4,
17,0,4,6,2,3,6,4,6,6,4,
18,0,4,8,2,3,4,5,8,8,4,
17,0,4,6,3,3,5,5,6,6,4,
17,0,4,6,3,3,4,5,6,6,4,
20,0,4,6,2,3,4,5,6,6,4,
17,0,4,6,3,3,4,5,6,7,4,
18,0,4,6,3,4,5,5,6,7,4,
18,0,3,6,2,3,4,5,6,6,4,
16,0,3,5,2,3,4,4,5,6,4,
16,0,4,6,3,4,5,5,6,7,4,
16,0,3,5,2,3,4,4,5,6,3,
16,0,3,5,2,3,4,4,5,6,3,
17,0,3,5,3,3,4,4,5,6,3,
34,0,3,6,2,5,4,23,6,6,5,
17,0,5,7,4,4,6,6,7,8,4,
18,0,5,7,4,5,6,6,7,8,5,
17,0,3,6,2,3,4,5,6,6,4,
19,0,3,8,2,3,4,5,8,8,4,
17,0,3,6,2,3,4,5,6,6,4,
19,0,6,8,3,3,4,5,8,8,4,
17,0,4,6,3,3,4,5,6,6,4,
17,0,4,6,3,3,4,5,6,6,4,
17,0,4,6,2,3,4,5,6,7,4,
17,0,4,6,3,4,4,5,6,7,4,
19,0,4,6,3,4,5,5,6,7,4,
17,0,4,6,3,4,5,5,6,7,4,
17,0,4,6,3,4,5,5,6,7,4,
17,0,4,6,3,3,5,5,6,7,4,
35,0,3,5,2,3,24,4,5,6,3,
19,0,4,6,3,4,5,5,6,7,4,
16,0,3,5,2,3,4,5,5,6,3,
16,0,3,5,2,3,4,4,5,6,3,
19,0,3,6,2,3,4,4,6,6,4,
17,0,3,6,2,3,6,6,6,6,3,
17,0,3,6,2,3,4,6,6,6,4,
17,0,3,6,2,3,4,4,6,6,4,
23,4,7,10,0,7,2,1,10,10,8,
17,0,4,6,3,3,4,5,6,6,4,
17,0,4,6,3,3,5,5,6,7,4,
17,0,4,6,3,3,5,5,6,7,4,
21,0,4,8,3,4,5,5,6,9,5,
17,0,4,6,3,4,5,5,6,7,4,
17,0,4,6,3,4,5,5,6,7,4,
17,0,4,6,3,3,5,5,6,7,4,
18,0,3,5,2,5,4,5,5,7,6,
17,0,3,5,2,3,4,4,5,6,4,
17,0,3,5,2,3,4,4,5,6,4,
16,0,3,5,2,3,4,5,5,6,4,
16,0,3,5,3,3,4,5,5,6,3,
17,0,3,5,2,5,4,5,5,6,6,
17,0,4,6,2,2,4,4,6,7,3,
18,0,5,7,2,5,4,5,7,8,6,
17,0,4,6,3,3,4,5,6,6,4,
19,0,3,6,3,3,4,5,6,9,4,
17,0,4,6,2,3,4,5,6,6,4,
19,0,7,8,3,3,4,5,9,9,4,
17,0,4,6,3,3,4,5,6,6,4,
17,0,4,6,3,3,4,5,6,7,4,
17,0,4,6,3,4,5,5,6,7,4,
17,0,4,6,3,3,5,5,6,7,4,
17,0,4,6,3,4,5,5,6,7,4,
17,0,4,6,3,4,5,5,6,7,4,
19,0,4,7,3,4,5,5,5,8,4,
17,0,3,5,2,3,4,5,5,6,4,
37,0,4,7,4,4,7,7,27,7,5,
16,0,3,5,2,3,4,4,5,6,4,
16,0,3,5,2,3,4,5,5,6,4,
16,0,3,5,2,3,4,5,5,6,4,
17,0,3,6,2,3,4,5,6,6,4,
17,0,3,6,2,3,4,5,6,6,4,
17,0,3,6,2,3,4,7,6,6,4,
17,0,3,6,2,3,4,5,6,6,4,
17,0,3,6,2,3,6,4,6,6,4,
17,0,4,6,3,3,4,5,6,7,4,
17,0,4,6,3,3,5,5,6,7,4,
17,0,4,6,3,3,4,5,6,6,4,
20,0,4,6,3,3,4,5,6,6,4,
17,0,4,6,3,4,5,5,6,7,4,
18,0,4,6,3,4,6,6,7,7,6,
17,0,4,6,3,4,5,5,6,7,4,
17,0,4,6,3,4,5,5,6,7,4,
17,0,4,6,3,4,5,6,6,7,4,
17,0,3,5,2,3,4,4,5,6,4,
17,0,3,5,2,3,4,4,5,6,3,
16,0,4,6,4,4,5,5,7,7,5,
16,0,3,5,2,5,4,4,5,6,6,
17,0,4,6,2,2,4,4,6,7,2,
17,0,3,5,2,5,4,4,5,6,5,
16,0,3,5,2,3,4,5,6,6,4,
17,0,3,6,2,3,4,5,6,6,4,
17,0,3,6,2,3,4,5,6,6,4,
19,0,3,8,2,3,4,5,8,9,4,
17,0,4,6,3,3,4,5,6,6,4,
17,0,4,6,3,3,4,5,6,6,4,
37,0,4,6,3,3,4,5,6,26,4,
17,0,4,6,3,3,4,5,6,7,4,
17,0,4,6,3,4,5,5,6,7,4,
17,0,4,6,3,3,5,5,6,7,4,
18,0,4,7,3,4,5,5,5,7,4,
17,0,4,6,3,4,5,5,6,7,4,
17,0,4,6,3,4,5,5,6,7,4,
20,0,3,6,3,3,4,5,6,6,4,
17,0,3,5,2,3,4,4,5,6,3,
16,0,3,5,2,3,4,4,5,6,4,
16,0,3,5,2,3,4,5,6,6,4,
17,0,3,5,2,3,6,7,5,6,3,
17,0,3,6,2,3,4,6,6,6,4,
17,0,3,6,2,3,4,5,6,6,3,
17,0,3,6,2,3,5,4,6,6,4,
17,0,3,6,2,3,4,5,6,6,4,
17,0,3,6,3,3,4,5,6,6,4,
17,0,3,6,3,3,4,5,6,6,4,
20,0,4,6,3,3,4,5,6,6,4,
17,0,4,6,3,3,4,5,6,6,4,
17,0,4,6,3,3,4,5,6,7,4,
17,0,4,6,3,4,5,5,6,7,4,
17,0,4,6,3,4,5,5,6,7,4,
17,0,4,6,3,4,5,5,6,7,4,
17,0,4,6,3,4,5,5,6,7,4,
17,0,4,6,3,4,5,5,6,7,4,
17,0,4,6,4,4,5,5,6,7,4,
17,0,3,5,2,5,4,5,5,6,6,
17,0,4,6,2,2,4,4,6,7,3,
18,0,5,7,2,5,4,5,7,8,5,
17,0,3,5,2,3,4,5,6,6,4,
19,0,3,6,2,3,4,5,9,9,4,
17,0,3,6,3,3,4,5,6,6,4,
19,0,6,8,2,3,4,5,8,8,4,
17,0,3,6,2,3,4,6,6,6,4,
17,0,3,6,3,3,4,5,6,6,4,
17,0,3,6,3,3,4,5,6,6,4,
17,0,3,6,3,3,4,5,6,6,4,
17,0,4,6,3,3,4,5,6,6,4,
17,0,4,6,3,3,4,5,6,6,4,
18,0,4,7,3,4,5,5,5,7,4,
17,0,4,6,3,3,5,5,6,7,4,
17,0,4,6,3,4,5,5,6,7,4,
20,0,3,6,2,3,4,5,6,6,4,
17,0,4,6,3,4,5,5,6,7,4,
17,0,4,6,3,4,5,5,6,7,4,
17,0,4,6,3,4,5,5,6,7,4,
17,0,3,5,2,3,4,4,5,6,4,
18,0,3,5,2,3,4,7,5,6,3,
16,0,3,5,2,3,4,4,5,6,4,
17,0,3,5,2,3,6,4,5,6,4,
16,0,3,5,2,3,4,4,5,6,3,
17,0,3,5,2,3,4,5,6,6,4,
17,0,3,5,2,3,4,5,6,6,4,
20,0,3,6,2,3,4,5,6,6,4,
17,0,3,6,2,3,4,5,6,6,4,
17,0,3,6,2,3,4,5,6,6,4,
17,0,3,6,2,3,4,5,6,6,4,
17,0,4,6,3,3,4,5,6,6,4,
17,0,4,6,3,4,4,5,6,7,4,
17,0,4,6,3,3,4,5,6,7,4,
16,0,4,5,4,4,4,5,6,6,4,
17,0,2,4,1,1,3,3,4,5,2,
17,0,4,6,3,5,4,5,6,7,6,
18,0,4,7,2,3,4,5,7,7,3,
17,0,4,6,3,5,5,5,6,7,6,
17,0,4,6,3,4,5,5,6,7,4,
17,0,4,6,3,3,5,5,6,7,4,
17,0,3,5,2,3,4,4,5,6,4,
17,0,4,6,3,4,5,5,6,7,4,
17,0,3,5,2,3,4,4,5,6,4,
16,0,3,5,2,3,4,5,5,6,4,
16,0,3,5,2,3,4,5,5,6,3,
16,0,3,5,2,3,4,5,5,6,4,
16,0,3,5,2,3,4,4,5,6,4,
16,0,3,5,2,3,4,5,5,6,4,
17,0,3,6,2,3,4,4,5,7,4,
17,0,3,6,2,3,4,5,6,6,4,
17,0,3,6,2,3,4,5,6,6,4,
20,0,3,6,2,3,4,5,6,6,4,
17,0,4,6,3,3,4,5,6,6,4,
17,0,3,6,3,3,4,5,6,6,4,
17,0,4,6,3,3,4,5,6,6,4,
28,0,4,6,2,4,4,5,6,7,4,
18,0,4,6,3,3,4,7,6,6,4,
17,0,4,6,3,3,4,5,6,6,4,
18,0,4,6,3,3,7,5,6,6,4,
17,0,4,6,3,3,4,5,6,6,4,
17,0,4,6,3,3,4,5,6,7,4,
17,0,4,6,3,4,4,5,6,7,4,
17,0,4,6,3,4,5,5,6,7,4,
17,0,4,6,3,4,5,5,6,7,4,
16,0,3,5,2,3,4,5,5,6,4,
16,0,3,5,2,3,4,5,5,6,3,
16,0,3,5,2,3,4,5,5,6,4,
17,0,3,5,2,3,4,4,6,6,4,
16,0,3,5,2,3,4,5,6,6,4,
16,0,3,5,2,3,4,5,6,6,4,
17,0,1,3,0,1,2,3,4,4,2,
17,0,3,6,2,5,4,5,6,6,5,
17,0,4,6,2,2,4,4,6,7,3,
17,0,3,6,2,5,4,5,6,6,6,
17,0,4,6,3,3,4,5,6,6,4,
17,0,4,6,3,3,4,5,6,6,4,
17,0,4,6,3,3,5,5,6,7,4,
18,0,4,6,3,3,5,5,6,7,4,
17,0,4,6,2,4,4,5,6,7,4,
17,0,4,6,3,4,4,5,6,7,4,
17,0,4,6,3,4,5,5,6,7,4,
17,0,4,6,3,3,5,5,6,7,4,
17,0,4,6,3,4,5,5,6,7,4,
16,0,4,6,3,4,5,5,6,7,4,
18,0,3,7,2,3,4,4,4,8,3,
16,0,3,5,2,3,4,5,5,6,4,
16,0,3,5,2,3,4,4,5,6,4,
20,0,3,5,2,3,4,4,6,6,3,
17,0,3,6,2,3,4,5,6,6,4,
17,0,3,5,2,3,4,5,6,6,4,
17,0,3,6,2,3,4,5,6,6,4,
17,0,3,6,2,3,4,5,6,6,4,
18,0,4,6,3,3,4,8,6,6,4,
17,0,4,6,3,3,4,5,6,6,4,
18,0,4,6,3,3,4,5,6,6,4,
17,0,4,6,3,3,4,5,6,7,4,
17,0,4,6,3,3,5,5,6,7,4,
17,0,4,6,3,4,5,5,6,7,4,
17,0,4,6,3,3,5,5,6,7,4,
17,0,4,6,3,4,5,5,6,7,4,
17,0,4,6,3,4,5,5,6,7,4,
17,0,4,6,3,4,5,5,6,7,4,
16,0,3,5,2,3,4,4,5,6,4,
17,0,3,6,2,3,4,5,6,6,4,
16,0,3,5,2,3,4,5,5,6,4,
16,0,3,5,2,3,4,4,5,6,4,
16,0,1,3,0,1,2,3,3,4,2,
17,0,3,5,2,5,4,5,6,6,5,
17,0,4,6,2,2,4,4,6,7,2,
17,0,3,6,2,5,4,5,6,6,6,
16,0,4,5,4,4,4,4,6,6,4,
17,0,4,6,2,3,4,4,6,6,4,
17,0,4,6,3,3,4,5,6,6,4,
18,0,4,6,3,3,4,5,6,6,4,
17,0,4,6,2,3,4,5,6,7,4,
17,0,4,6,2,3,4,5,6,7,4,
17,0,4,6,3,4,4,5,6,7,4,
17,0,4,6,3,4,5,5,6,7,4,
17,0,4,6,3,4,5,5,6,7,4,
17,0,4,6,3,4,5,5,6,7,4,
19,0,5,8,4,5,6,6,6,9,5,
17,0,3,5,2,3,4,4,5,6,3,
17,0,3,5,2,3,4,4,5,6,3,
19,0,4,6,3,4,5,5,6,7,5,
16,0,3,5,2,3,4,4,5,6,3,
16,0,3,5,2,3,4,4,5,6,3,
17,0,3,5,2,3,4,4,6,6,4,
17,0,3,5,2,3,6,7,6,6,4,
17,0,3,5,2,3,4,6,5,6,4,
18,0,3,5,2,3,4,5,6,6,4,
17,0,3,6,2,3,5,4,6,6,4,
17,0,3,6,2,3,4,5,6,6,4,
17,0,3,6,2,3,4,5,6,6,4,
17,0,3,6,3,3,4,5,6,6,4,
17,0,3,6,2,3,4,5,6,6,4,
17,0,4,6,3,3,4,5,7,6,4,
17,0,4,6,3,3,4,5,6,6,4,
17,0,4,6,3,4,5,5,6,7,4,
17,0,4,6,3,3,5,5,6,7,4,
17,0,3,5,2,3,4,4,5,6,3,
17,0,4,6,3,4,5,5,6,7,4,
17,0,4,6,3,3,5,5,6,7,4,
18,0,3,5,4,3,5,6,5,6,4,
17,0,3,6,3,4,5,5,6,6,4,
20,0,4,6,3,4,5,5,6,7,4,
20,0,4,6,3,3,5,5,6,7,4,
17,0,3,5,2,3,4,5,5,6,3,
18,0,6,6,2,3,6,6,7,6,6,
16,0,3,5,2,3,4,5,5,6,3,
19,0,6,8,2,3,4,4,8,9,4,
16,0,3,5,2,3,4,4,5,6,3,
16,0,3,5,2,3,4,4,5,6,3,
16,0,3,5,2,3,4,5,6,6,4,
17,0,3,6,2,3,4,4,6,6,4,
16,0,3,6,2,4,4,5,6,6,5,
17,0,3,6,2,3,4,5,6,6,4,
18,0,3,7,3,3,4,5,5,8,4,
17,0,3,6,3,3,4,5,6,6,4,
17,0,3,5,4,3,6,6,5,6,4,
17,0,4,6,2,3,4,5,6,6,4,
17,0,4,6,3,3,4,5,6,6,4,
17,0,4,6,2,4,4,5,6,7,4,
17,0,4,6,3,3,4,5,6,7,4,
18,0,4,6,6,3,8,8,6,7,4,
17,0,4,6,3,3,4,6,6,7,4,
17,0,4,6,3,3,5,5,6,7,4,
17,0,4,6,3,4,5,5,6,7,4,
17,0,4,6,3,4,5,5,6,7,4,
17,0,4,6,3,4,5,5,6,7,4,
17,0,4,6,3,4,5,5,6,7,4,
18,0,3,5,2,3,4,4,5,6,4,
19,0,3,5,2,3,4,4,5,6,4,
16,0,3,5,2,3,4,5,5,6,3,
16,0,3,5,2,3,4,4,5,6,3,
16,0,3,5,2,3,4,4,5,6,3,
16,0,3,5,2,3,4,4,5,6,4,
16,0,3,5,2,3,4,4,6,6,4,
17,0,3,6,2,3,4,4,6,6,4,
17,0,1,4,0,1,2,3,4,4,2,
17,0,3,6,2,4,4,5,6,6,5,
17,0,4,6,2,2,4,4,6,7,3,
19,0,6,8,3,5,4,5,8,8,6,
17,0,4,6,3,3,4,5,6,7,4,
17,0,4,6,2,3,4,5,6,6,4,
17,0,4,6,3,3,5,5,6,7,4,
17,0,4,6,3,3,5,5,6,7,4,
17,0,4,6,3,3,5,5,6,7,4,
17,0,4,6,3,4,5,5,6,7,4,
17,0,5,6,5,5,5,5,6,6,5,
17,0,4,6,3,3,5,5,6,7,4,
20,0,4,6,3,4,5,5,6,7,4,
17,0,4,6,3,4,5,5,6,7,4,
18,0,3,6,2,3,4,4,5,6,3,
16,0,4,6,3,4,5,5,6,7,4,
16,0,3,5,2,3,4,4,5,6,4,
19,0,4,6,3,4,5,5,6,7,4,
16,0,3,5,2,3,4,4,5,6,4,
19,0,3,6,2,3,4,4,6,6,4,
17,0,3,6,2,3,4,5,6,6,4,
17,0,4,6,2,3,4,7,6,6,4,
18,0,4,6,2,3,4,7,6,6,4,
17,0,4,6,3,4,5,5,6,7,4,
17,0,4,6,3,3,7,4,6,7,4,
17,0,4,6,3,3,5,5,6,7,4,
17,0,4,6,3,3,5,5,6,7,4,
17,0,4,6,3,3,5,5,6,7,4,
20,0,4,6,3,4,5,5,6,7,4,
17,0,4,6,3,4,5,5,6,7,4,
17,0,4,6,3,4,4,5,6,7,4,
17,0,4,6,3,4,5,5,6,7,4,
17,0,4,6,3,4,5,5,6,7,4,
17,0,3,5,2,3,4,4,5,6,3,
17,0,4,6,2,2,4,4,6,7,3,
16,0,3,5,2,3,4,4,5,6,3,
16,0,1,3,0,1,2,2,3,4,1,
17,0,3,5,2,4,4,4,5,6,5,
18,0,3,6,2,3,4,4,6,6,3,
17,0,4,6,3,4,5,5,6,7,4,
17,0,3,6,2,3,4,5,6,6,4,
17,0,4,6,4,4,4,5,6,6,4,
17,0,4,6,3,6,4,5,6,7,6,
18,0,4,7,2,3,4,4,7,7,3,
18,0,5,8,3,5,4,5,8,8,5,
17,0,4,6,3,4,4,5,6,7,4,
19,0,4,9,3,4,5,5,9,9,4,
18,0,3,5,2,3,4,4,5,6,3,
19,0,6,8,3,3,5,5,8,9,4,
17,0,4,6,3,4,5,5,6,7,4,
17,0,3,5,2,3,4,4,5,6,3,
17,0,3,5,2,3,4,4,5,6,3,
17,0,4,6,3,4,5,5,6,7,5,
19,0,6,8,3,4,5,5,8,9,4,
17,0,4,6,3,4,5,5,6,7,4,
17,0,3,5,2,3,4,4,5,6,3,
16,0,3,5,2,3,4,4,5,6,4,
17,0,3,6,2,3,4,4,6,6,4,
19,0,4,6,3,3,4,5,6,6,4,
17,0,3,6,2,3,4,5,6,6,4,
17,0,4,6,2,3,4,4,6,6,4,
17,0,3,6,2,3,4,5,6,6,4,
18,0,4,6,6,3,7,8,6,6,4,
17,0,4,6,3,3,4,6,6,6,4,
17,0,4,6,3,3,4,5,6,6,4,
17,0,4,6,2,3,5,4,6,7,4,
17,0,4,6,3,3,4,5,6,6,4,
17,0,4,6,2,3,4,5,5,7,4,
17,0,4,6,3,3,4,5,6,6,4,
17,0,4,6,3,4,5,5,6,7,4,
18,0,4,6,3,3,8,5,6,7,4,
17,0,4,6,3,3,5,5,6,7,4,
17,0,4,6,3,4,5,5,6,7,4,
17,0,4,6,3,4,5,5,6,7,4,
17,0,3,5,2,3,4,4,5,6,3,
17,0,3,5,2,3,4,4,5,6,3,
17,0,4,6,3,4,5,5,6,7,4,
17,0,3,5,2,3,4,4,5,6,3,
17,0,4,6,3,4,5,5,6,7,4,
17,0,3,5,2,3,3,4,5,6,3,
17,0,3,5,2,3,4,4,5,6,4,
17,0,3,6,2,3,4,4,6,6,3,
17,0,1,3,0,0,1,1,3,3,1,
17,0,4,6,2,5,4,5,6,7,6,
17,0,4,6,2,2,4,4,6,7,3,
16,0,3,5,2,3,4,4,6,6,4,
16,0,3,5,2,3,4,4,6,6,3,
17,0,3,6,2,3,4,5,6,6,4,
17,0,3,6,2,3,4,5,6,6,4,
17,0,3,6,2,3,4,5,6,6,4,
17,0,3,6,2,3,4,4,6,6,4,
17,0,4,6,2,3,4,4,6,6,4,
17,0,4,6,2,3,4,5,6,6,4,
17,0,4,6,3,3,4,5,6,6,4,
17,0,4,6,3,3,4,5,6,6,4,
17,0,4,6,3,4,5,5,6,7,4,
17,0,3,6,2,3,4,5,5,7,4,
17,0,4,6,2,3,4,5,6,6,4,
17,0,4,6,2,3,4,5,6,7,4,
19,0,3,6,2,3,4,4,6,6,4,
17,0,4,6,3,3,5,5,6,7,4,
17,0,4,6,3,3,5,5,6,7,4,
17,0,4,6,3,3,5,5,6,7,4,
18,0,4,6,3,3,7,7,6,7,4,
18,0,4,6,3,4,5,7,6,7,4,
17,0,4,6,3,4,5,5,6,7,4,
18,0,4,6,4,4,7,5,6,7,4,
16,0,4,6,3,4,5,5,6,7,4,
16,0,4,6,3,4,5,5,6,7,4,
16,0,3,5,2,3,4,4,5,6,4,
16,0,3,5,2,3,4,4,5,6,3,
16,0,3,5,2,3,4,4,6,6,4,
17,0,3,5,2,3,4,4,6,6,3,
16,0,3,6,2,3,4,5,6,6,4,
17,0,3,6,2,3,4,5,6,6,4,
17,0,3,6,2,3,4,4,6,6,4,
17,0,4,6,3,3,4,5,6,6,4,
17,0,3,6,2,3,4,5,6,6,4,
17,0,4,6,2,3,4,5,6,6,4,
17,0,4,6,2,3,4,5,6,6,4,
18,0,4,6,2,3,4,5,6,6,4,
19,0,3,6,2,3,4,4,6,6,4,
17,0,4,6,2,3,5,4,6,6,4,
18,0,7,7,3,3,7,6,8,7,7,
17,0,4,6,3,3,5,5,6,7,4,
22,0,7,9,3,4,5,5,9,12,4,
17,0,4,6,2,4,4,5,6,7,4,
17,0,4,6,3,3,5,5,6,7,4,
17,0,4,6,3,3,5,5,6,7,4,
17,0,4,6,3,4,5,5,6,7,4,
17,0,4,6,3,4,5,5,6,7,4,
17,0,4,6,3,4,5,6,6,7,4,
18,0,5,8,3,4,5,5,6,8,4,
16,0,4,6,3,4,5,5,6,7,4,
16,0,3,5,3,3,5,6,5,6,3,
16,0,3,6,2,3,4,4,6,6,4,
17,0,3,6,2,3,4,4,6,6,4,
17,0,3,6,2,3,4,5,6,6,4,
17,0,3,6,2,3,4,5,6,6,4,
18,0,3,5,5,3,7,7,6,6,4,
16,0,3,6,2,3,4,5,6,6,3,
17,0,3,6,2,3,4,4,6,6,4,
17,0,3,6,2,3,5,4,6,6,4,
17,0,4,6,3,3,4,5,6,7,4,
17,0,4,6,2,3,4,5,6,6,4,
17,0,3,6,2,3,4,4,6,6,4,
18,0,3,5,2,3,4,4,6,6,4,
17,0,4,6,3,3,4,5,6,6,4,
17,0,4,6,3,3,4,5,6,7,4,
17,0,4,6,3,3,4,5,6,7,4,
17,0,4,6,3,3,5,5,6,7,4,
17,0,4,6,3,3,5,5,6,7,4,
17,0,4,6,3,4,5,5,6,7,4,
17,0,4,6,3,4,5,5,6,7,4,
17,0,2,4,1,2,3,3,4,5,2,
17,0,4,6,3,5,5,5,6,7,6,
17,0,5,7,2,3,4,5,7,7,3,
16,0,4,6,3,6,5,5,6,7,6,
16,0,3,5,2,3,4,4,5,6,4,
16,0,3,5,2,3,4,4,5,6,3,
16,0,3,5,2,3,4,4,6,6,3,
19,0,3,8,2,3,4,4,8,8,3,
18,0,3,5,2,3,4,4,5,6,3,
17,0,3,6,2,3,4,5,6,6,4,
17,0,3,6,2,3,4,4,6,6,4,
16,0,3,5,2,3,4,4,6,6,4,
19,0,3,6,2,3,4,5,6,6,4,
17,0,3,6,2,3,4,5,6,6,4,
17,0,4,6,2,5,4,5,6,6,6,
17,0,4,6,2,3,4,4,6,6,4,
17,0,4,6,3,3,4,5,6,6,4,
19,0,4,6,3,3,5,5,6,7,4,
17,0,4,6,3,3,4,5,6,7,4,
17,0,4,6,3,3,4,5,6,6,4,
17,0,4,6,3,3,5,5,6,7,4,
18,0,4,6,6,4,7,8,6,7,4,
17,0,4,6,3,3,5,7,6,7,4,
17,0,4,6,3,3,5,5,6,7,4,
17,0,4,6,3,4,7,5,6,7,4,
17,0,4,6,3,4,5,5,6,7,4,
17,0,4,6,3,4,5,5,6,7,4,
16,0,4,6,3,4,5,5,6,7,4,
16,0,4,6,3,4,5,5,6,7,4,
16,0,3,5,2,3,4,4,6,6,3,
16,0,3,6,2,3,4,5,6,6,4,
16,0,3,5,2,3,4,4,6,6,4,
16,0,3,5,2,3,4,4,5,6,3,
16,0,3,5,2,3,4,4,5,6,4,
17,0,3,6,2,3,4,5,6,6,4,
17,0,3,6,2,3,4,5,6,6,4,
17,0,3,6,2,3,4,5,6,6,4,
17,0,4,6,3,3,4,5,6,7,4,
19,0,3,6,2,3,4,5,6,6,4,
20,0,3,6,2,3,4,5,6,6,4,
17,0,4,6,3,3,4,5,6,6,4,
19,0,4,9,2,3,4,5,9,9,4,
17,0,4,6,3,3,4,5,6,7,4,
19,0,4,8,3,3,4,5,8,9,4,
17,0,4,6,3,3,4,5,6,7,4,
17,0,4,6,3,3,6,4,6,7,4,
37,0,4,6,2,3,4,5,6,6,4,
17,0,4,6,3,4,5,5,6,7,4,
17,0,4,6,3,4,5,5,6,7,4,
17,0,4,6,3,4,4,5,6,7,4,
20,0,4,9,3,3,5,5,6,9,4,
17,0,4,6,3,4,5,5,6,7,4,
16,0,4,6,3,4,5,5,6,7,4,
19,0,4,6,3,3,4,5,6,6,4,
16,0,4,6,3,4,5,5,6,7,5,
16,0,3,5,2,3,4,4,5,6,3,
16,0,3,5,2,3,4,4,5,6,3,
17,0,4,6,4,4,6,7,6,7,4,
16,0,3,5,2,3,4,4,6,6,3,
16,0,3,5,2,3,4,4,5,6,4,
16,0,3,6,2,3,4,4,6,6,3,
16,0,3,6,2,3,4,5,6,6,4,
16,0,3,6,2,3,4,5,6,6,4,
17,0,3,6,2,3,4,5,6,6,4,
19,0,4,6,3,4,5,5,6,7,4,
17,0,3,6,2,3,4,5,6,6,4,
17,0,4,6,2,3,4,5,6,6,4,
17,0,4,6,3,3,4,5,6,6,4,
17,0,4,6,3,3,4,5,6,6,4,
17,0,4,6,3,3,4,5,6,7,4,
17,0,4,6,3,3,4,5,6,7,4,
17,0,4,6,3,3,5,5,6,7,4,
17,0,2,4,1,1,3,3,4,5,2,
17,0,4,6,3,5,5,5,6,7,5,
17,0,4,6,2,3,4,5,6,7,4,
18,0,3,6,2,3,4,5,6,6,4,
16,0,4,6,3,4,5,5,6,7,4,
18,0,4,8,3,4,5,8,9,8,4,
16,0,4,6,3,4,5,5,6,7,4,
20,0,5,8,5,3,6,7,8,8,4,
16,0,3,5,2,3,4,4,5,6,4,
16,0,3,5,2,3,4,4,5,6,3,
16,0,3,5,2,3,4,4,5,6,3,
17,0,3,6,2,3,4,5,6,6,4,
18,0,3,6,2,3,4,5,6,6,4,
17,0,3,6,2,3,4,5,6,6,4,
18,0,3,7,2,3,4,5,5,7,4,
17,0,4,6,2,3,4,5,6,6,4,
17,0,4,6,2,3,4,5,6,6,4,
19,0,4,6,3,3,4,5,6,6,4,
17,0,4,6,3,3,5,5,6,7,4,
17,0,4,6,3,5,4,5,6,7,6,
17,0,4,6,3,3,4,5,6,7,4,
18,0,4,6,6,3,8,8,6,7,4,
17,0,4,6,3,3,4,7,6,7,4,
17,0,4,6,3,4,5,5,6,7,4,
17,0,4,6,3,4,7,5,6,7,4,
17,0,4,6,3,4,5,5,6,7,5,
17,0,4,6,3,4,5,5,6,7,4,
17,0,4,6,3,4,5,5,6,7,4,
20,0,4,6,3,3,5,5,6,7,4,
16,0,3,5,2,3,4,4,5,6,4,
16,0,3,5,2,3,4,4,5,6,4,
16,0,3,5,2,3,4,4,5,6,4,
16,0,3,5,2,3,4,4,5,6,3,
16,0,3,5,2,3,4,5,6,6,3,
16,0,3,5,2,3,4,4,6,6,4,
17,0,3,6,2,3,4,5,6,6,4,
17,0,3,6,2,3,4,5,6,6,4,
17,0,3,6,2,3,4,5,6,6,4,
17,0,3,6,2,3,4,4,6,6,4,
19,0,3,5,2,3,4,4,5,6,4,
17,0,4,6,2,3,4,5,6,6,4,
18,0,4,7,2,3,7,7,8,7,7,
17,0,4,6,2,3,4,5,6,7,4,
19,0,4,8,3,3,4,5,8,9,4,
17,0,4,6,3,3,4,5,6,7,4,
17,0,4,6,2,3,4,5,6,7,4,
17,0,4,6,2,4,4,5,6,7,4,
17,0,4,6,3,3,5,5,6,7,4,
17,0,4,6,3,3,5,5,6,7,4,
17,0,4,6,3,4,5,5,6,7,4,
18,0,4,7,3,3,5,5,5,8,4,
17,0,4,6,3,4,4,5,6,7,4,
17,0,4,6,3,4,5,5,6,7,4,
19,0,5,5,2,5,5,5,6,6,5,
17,0,4,6,3,4,5,5,6,7,4,
19,0,3,5,2,3,4,4,5,9,3,
16,0,3,5,2,3,4,4,5,6,3,
16,0,3,5,5,3,6,7,5,6,3,
16,0,3,5,2,3,4,4,5,6,4,
16,0,3,5,2,3,4,4,5,6,3,
16,0,3,6,2,3,4,4,6,6,4,
17,0,3,6,2,3,4,5,6,6,4,
19,0,3,6,2,3,4,7,6,6,4,
16,0,3,6,2,3,4,5,6,6,4,
18,0,4,6,3,3,5,5,6,7,4,
17,0,4,6,2,3,4,4,6,6,4,
17,0,3,6,2,3,4,5,6,6,4,
17,0,4,6,3,3,4,5,6,6,4,
17,0,4,6,3,3,4,5,6,6,4,
17,0,4,6,3,3,4,5,6,6,4,
17,0,4,6,2,3,4,4,6,6,4,
17,0,4,6,3,3,5,5,6,7,4,
17,0,4,6,3,3,4,5,6,7,4,
16,0,3,5,3,3,4,5,6,6,4,
18,0,4,6,3,4,5,5,6,7,4,
20,0,4,6,3,3,5,5,6,7,4,
17,0,4,6,3,4,5,5,6,7,4,
17,0,5,6,5,5,5,5,7,7,5,
17,0,4,6,3,6,5,6,6,7,7,
18,0,4,6,2,2,4,4,6,7,3,
19,0,5,7,2,5,4,5,7,8,5,
17,0,3,6,2,3,4,4,6,6,4,
19,0,3,5,2,3,4,5,6,9,4,
16,0,3,5,2,3,4,4,5,6,3,
18,0,3,5,2,3,4,4,8,6,4,
16,0,3,5,2,3,4,5,6,6,3,
16,0,3,5,2,3,4,5,6,6,4,
16,0,3,6,2,3,4,4,6,6,4,
16,0,3,6,3,3,4,5,6,6,4,
16,0,3,6,2,3,4,5,6,6,4,
16,0,3,6,3,3,4,5,6,6,4,
20,0,4,9,2,3,4,5,6,9,4,
17,0,4,6,2,3,4,5,6,6,4,
17,0,3,5,4,2,6,7,5,5,3,
17,0,4,6,2,3,4,5,6,6,4,
17,0,4,6,3,3,5,5,6,6,4,
16,0,3,5,3,3,5,5,6,6,4,
17,0,4,6,3,3,4,5,6,7,4,
17,0,4,6,3,4,5,5,6,7,4,
17,0,4,6,3,3,5,5,6,7,4,
18,0,3,5,2,3,4,5,5,6,3,
19,0,4,6,3,4,5,5,6,7,4,
17,0,4,6,3,4,5,5,6,7,4,
17,0,4,6,3,4,4,6,6,7,4,
17,0,4,6,3,4,5,6,6,7,4,
17,0,3,5,2,3,4,4,5,6,4,
17,0,3,5,2,3,4,4,5,6,3,
17,0,3,5,2,3,4,4,5,6,3,
16,0,3,5,2,3,4,4,5,6,3,
16,0,3,5,2,3,4,4,6,6,3,
17,0,3,6,2,3,4,4,6,6,4,
17,0,4,6,3,3,4,5,6,6,4,
16,0,3,6,2,3,4,5,6,6,4,
16,0,1,3,0,1,2,3,4,4,2,
16,0,3,5,2,5,4,4,6,6,6,
17,0,4,6,2,2,4,5,6,7,3,
19,0,6,8,2,5,4,4,8,9,6,
17,0,4,6,3,3,4,5,6,6,4,
17,0,4,6,2,3,4,5,6,7,4,
17,0,4,6,2,3,4,5,6,6,4,
18,0,4,6,2,3,4,5,6,7,4,
17,0,4,6,3,3,5,5,6,7,4,
17,0,4,6,3,4,4,5,6,7,4,
17,0,4,6,3,3,5,5,6,7,4,
17,0,4,6,3,4,5,5,6,7,4,
17,0,4,6,3,4,4,5,6,7,4,
17,0,4,6,3,3,5,5,6,7,4,
19,0,4,8,3,4,5,5,5,9,4,
17,0,4,6,3,3,5,5,6,7,4,
17,0,4,6,3,4,5,5,6,7,4,
20,0,4,6,3,3,5,5,6,7,4,
17,0,3,5,2,3,4,4,5,6,3,
17,0,3,5,2,3,4,4,5,6,3,
17,0,3,5,2,3,4,5,5,6,3,
17,0,3,5,2,3,6,7,6,6,3,
17,0,3,5,2,3,4,6,6,6,3,
16,0,3,5,2,3,4,5,6,6,4,
16,0,3,5,2,3,6,4,6,6,4,
16,0,3,6,3,3,4,5,6,6,4,
16,0,3,6,2,3,4,5,6,6,4,
16,0,4,6,3,3,4,5,6,6,4,
17,0,4,6,3,3,4,5,6,6,4,
17,0,4,6,2,3,4,5,6,6,4,
17,0,4,6,2,3,4,5,6,6,4,
17,0,4,6,2,3,4,5,6,6,4,
16,0,3,6,3,3,5,5,6,6,4,
18,0,4,6,3,4,5,5,6,7,4,
19,0,3,6,2,3,4,4,6,6,4,
17,0,4,6,3,4,5,5,6,7,4,
16,0,5,6,5,5,5,5,6,6,5,
17,0,4,6,3,6,5,5,6,7,7,
18,0,5,7,3,3,4,5,7,7,3,
32,0,3,5,2,3,4,4,6,6,3,
17,0,4,6,2,4,4,5,6,7,4,
20,0,4,6,2,3,4,5,6,10,4,
17,0,4,6,3,3,4,5,6,7,4,
19,0,4,6,3,4,5,5,9,7,4,
17,0,4,6,3,4,4,5,6,7,4,
18,0,4,6,2,4,4,4,6,6,5,
17,0,4,6,3,4,5,5,6,7,4,
16,0,4,6,3,4,5,5,6,7,4,
16,0,3,5,2,3,4,4,5,6,3,
16,0,3,5,2,3,4,4,5,6,4,
19,0,3,8,2,3,4,4,6,9,4,
16,0,3,5,2,3,4,4,6,6,3,
16,0,3,5,4,3,5,6,6,6,3,
16,0,3,5,2,3,4,4,6,6,4,
16,0,3,5,2,3,4,4,6,6,4,
17,0,3,6,2,3,4,4,6,6,4,
17,0,4,6,2,3,4,4,6,6,4,
17,0,4,6,2,3,4,5,6,6,4,
17,0,4,6,2,3,4,4,6,6,4,
18,0,4,6,2,3,4,5,6,6,4,
18,0,4,6,2,3,4,5,6,7,4,
17,0,4,6,2,3,4,5,6,6,4,
17,0,4,6,2,3,4,5,6,6,4,
17,0,4,6,2,3,4,5,6,6,4,
17,0,4,6,2,4,4,5,6,7,4,
17,0,4,6,2,3,4,5,6,7,4,
17,0,4,6,2,3,4,5,6,7,4,
17,0,4,6,2,4,4,5,6,7,4,
17,0,4,6,3,3,5,5,6,7,4,
17,0,4,6,3,4,4,5,6,7,4,
17,0,3,5,2,3,4,4,5,6,3,
17,0,4,6,3,4,5,5,6,7,4,
17,0,2,4,1,2,2,3,4,5,2,
17,0,3,5,2,5,4,4,5,6,6,
17,0,4,6,2,2,4,4,6,6,2,
18,0,5,8,2,5,4,4,8,8,6,
16,0,3,5,2,3,4,4,6,6,4,
16,0,3,5,2,3,4,4,6,6,4,
16,0,3,6,2,3,4,4,6,6,4,
18,0,3,5,2,3,4,4,6,6,4,
16,0,3,6,2,3,4,4,6,6,4,
16,0,4,6,2,3,4,5,6,6,4,
16,0,4,6,2,3,4,4,6,6,4,
17,0,4,6,2,3,4,5,6,6,4,
17,0,4,6,2,3,4,4,6,6,4,
17,0,4,6,2,3,4,4,6,6,4,
17,0,3,6,2,3,4,5,5,7,4,
17,0,4,6,2,3,4,5,6,7,4,
17,0,4,6,2,3,4,5,6,7,4,
19,0,4,6,2,3,4,5,6,7,4,
17,0,4,6,2,3,4,5,6,7,4,
17,0,4,6,2,4,4,5,6,7,4,
17,0,4,6,2,4,4,5,6,7,4,
17,0,4,6,6,3,7,7,6,7,4,
17,0,4,6,3,4,4,6,6,7,4,
17,0,4,6,3,4,5,5,6,7,4,
17,0,4,6,3,4,6,5,6,7,4,
16,0,3,5,2,3,4,4,5,6,4,
16,0,4,6,3,4,5,5,6,7,4,
16,0,3,5,2,3,4,4,5,6,4,
16,0,3,5,2,3,4,4,5,6,3,
16,0,3,5,2,3,4,4,5,6,3,
16,0,3,5,2,3,4,4,6,6,4,
16,0,3,6,2,3,4,4,6,6,4,
16,0,3,6,2,3,4,4,6,6,4,
16,0,3,5,2,3,4,4,5,6,3,
32,0,4,6,22,3,4,4,6,6,4,
16,0,4,6,2,3,4,4,6,6,4,
17,0,4,6,2,3,4,4,6,6,4,
16,0,3,5,2,4,4,4,6,6,4,
18,0,4,6,2,3,4,5,6,7,4,
20,0,4,6,2,3,4,4,6,6,4,
17,0,4,6,2,3,4,5,6,6,4,
19,0,7,7,7,7,7,7,9,7,7,
17,0,4,6,2,3,4,5,6,6,4,
19,0,6,8,2,3,4,5,8,9,4,
17,0,4,6,2,4,4,5,6,7,4,
17,0,4,6,2,3,4,5,6,7,4,
17,0,4,6,3,4,4,5,6,7,4,
17,0,4,6,2,4,4,5,6,7,4,
17,0,3,5,2,3,3,4,5,6,3,
17,0,3,5,2,3,3,4,5,6,3,
38,0,25,27,2,4,3,4,27,27,4,
16,0,3,5,2,3,3,4,5,6,3,
16,0,4,6,4,4,6,7,6,6,4,
16,0,3,5,2,3,4,4,5,6,4,
17,0,3,5,1,2,3,4,5,6,3,
16,0,3,5,2,3,4,4,6,6,4,
16,0,3,5,2,3,4,4,6,6,3,
17,0,3,5,2,3,4,6,6,6,4,
16,0,3,5,2,3,4,6,6,6,4,
17,0,4,6,2,3,4,5,6,6,4,
16,0,3,6,2,3,4,4,6,6,4,
17,0,3,6,2,3,4,4,6,6,4,
16,0,3,6,2,3,4,4,6,6,4,
17,0,4,6,2,3,4,5,6,6,4,
16,0,4,6,2,3,4,5,6,6,4,
17,0,4,6,2,4,7,4,6,6,4,
17,0,4,6,2,3,4,5,6,6,4,
17,0,4,6,2,3,4,5,6,6,4,
17,0,4,6,3,4,4,5,6,7,4,
17,0,4,6,2,3,4,5,6,6,4,
17,0,4,6,2,4,4,5,6,7,4,
17,0,4,6,2,3,4,5,6,7,4,
17,0,3,5,3,3,5,6,5,6,3,
17,0,3,5,2,3,4,4,5,5,3,
34,0,4,6,2,22,4,4,6,6,23,
18,0,3,6,2,3,3,4,6,6,4,
16,0,3,5,2,3,4,4,5,6,3,
19,0,3,8,2,3,4,4,8,8,3,
16,0,3,5,2,3,4,4,5,6,3,
19,0,3,8,2,3,4,4,7,9,3,
16,0,3,5,2,3,4,4,5,6,3,
16,0,3,5,2,3,4,4,5,6,3,
16,0,3,6,2,3,4,4,6,6,4,
16,0,3,5,2,3,4,4,6,6,4,
19,0,3,6,2,3,4,4,6,6,4,
16,0,3,6,2,3,4,4,6,6,4,
17,0,4,6,2,3,4,4,6,6,4,
16,0,4,6,2,3,4,4,6,6,4,
16,0,4,6,2,3,4,4,6,6,4,
17,0,4,6,2,3,4,4,6,7,4,
17,0,4,6,2,3,4,4,6,6,4,
20,0,4,9,2,3,4,6,6,9,4,
17,0,4,6,2,3,4,5,6,7,4,
17,0,4,6,4,3,6,6,6,7,4,
17,0,4,6,2,3,4,5,6,7,4,
17,0,4,6,2,3,4,5,6,7,4,
40,0,4,29,2,3,5,4,6,30,4,
17,0,4,6,2,4,4,5,6,7,4,
17,0,4,6,3,4,5,5,6,7,4,
17,0,3,5,2,3,3,4,5,6,3,
16,0,3,5,2,3,3,4,5,6,3,
16,0,3,5,2,3,4,4,5,6,3,
16,0,3,5,2,3,4,4,5,6,3,
16,0,3,5,2,3,4,4,6,6,4,
16,0,3,5,2,3,4,4,6,6,4,
16,0,3,5,2,3,4,4,6,6,4,
16,0,3,5,2,3,4,4,6,6,4,
16,0,3,5,2,3,4,4,6,6,4,
16,0,3,6,2,3,4,4,6,6,4,
16,0,3,6,2,3,5,5,6,6,4,
17,0,3,6,2,3,4,4,6,6,4,
19,0,3,6,2,3,4,4,6,6,4,
17,0,4,6,2,3,4,5,6,6,4,
17,0,5,5,5,5,5,5,6,6,5,
16,0,4,6,2,3,4,4,6,6,4,
19,0,6,8,3,3,4,5,8,9,4,
17,0,4,6,2,3,4,4,6,6,4,
17,0,4,6,2,3,4,5,6,6,4,
17,0,6,6,2,6,6,6,7,6,6,
17,0,4,6,2,3,4,5,6,6,4,
17,0,4,6,2,3,4,5,6,6,4,
17,0,4,6,3,4,4,5,6,7,4,
18,0,4,7,3,4,4,5,5,8,4,
17,0,4,6,3,4,5,5,6,7,4,
17,0,4,6,4,4,6,6,6,7,4,
17,0,4,6,3,4,5,5,6,7,4,
16,0,3,5,2,3,4,4,5,6,3,
18,0,3,5,2,2,3,4,5,5,3,
16,0,3,5,2,3,4,4,5,6,4,
17,0,3,5,2,3,6,6,5,6,3,
16,0,3,5,2,3,3,6,6,6,3,
16,0,3,5,2,3,4,4,6,6,4,
16,0,3,5,2,3,4,3,6,6,3,
16,0,3,6,2,3,4,4,6,6,4,
19,0,4,6,3,4,5,5,6,7,4,
16,0,3,5,2,3,4,4,6,6,4,
17,0,4,6,3,4,4,5,6,7,4,
22,0,4,6,2,4,5,4,6,7,4,
17,0,4,6,2,3,4,4,6,6,4,
17,0,4,6,2,3,4,5,6,6,4,
16,0,4,6,2,3,4,5,6,6,4,
17,0,4,6,2,3,4,4,6,6,4,
17,0,4,6,2,3,4,4,6,6,4,
17,0,4,6,2,3,4,5,6,6,4,
17,0,4,6,2,3,4,5,6,6,4,
17,0,4,6,2,3,4,5,6,6,4,
18,0,3,5,2,4,4,4,5,6,5,
17,0,3,5,2,3,4,4,5,6,3,
17,0,4,6,3,4,5,5,6,7,4,
17,0,1,3,0,1,1,2,3,4,1,
17,0,3,6,2,5,4,4,6,6,5,
16,0,3,5,2,3,3,4,5,6,3,
18,0,3,5,1,3,3,4,5,5,3,
16,0,3,5,2,3,4,5,5,6,3,
18,0,3,7,2,3,7,7,8,7,4,
19,0,3,5,2,3,4,5,5,6,6,
17,0,5,7,2,2,4,5,7,7,3,
16,0,3,5,2,5,4,5,6,6,6,
16,0,3,6,2,3,4,5,6,6,4,
16,0,3,6,2,3,4,5,6,6,4,
16,0,3,5,2,3,4,5,6,6,4,
17,0,4,6,2,2,4,5,6,7,3,
16,0,3,6,2,3,4,5,6,6,4,
16,0,4,6,3,3,4,5,6,6,4,
16,0,4,6,3,3,4,5,6,6,4,
16,0,3,6,3,3,4,5,6,6,4,
16,0,4,6,2,3,4,5,6,6,4,
17,0,4,6,3,3,4,5,6,6,4,
21,0,4,8,4,3,6,7,6,9,4,
39,0,4,6,3,3,4,5,29,7,4,
17,0,4,6,5,3,7,7,6,7,4,
17,0,4,6,3,4,4,5,6,7,4,
17,0,4,6,3,4,5,5,6,7,4,
17,0,4,6,3,4,5,4,6,7,4,
17,0,4,6,3,4,5,5,6,7,4,
19,0,4,8,3,4,5,5,6,9,4,
16,0,3,5,2,3,4,5,5,6,3,
17,0,4,6,3,3,4,5,6,6,4,
18,0,3,5,2,3,4,5,5,6,3,
16,0,3,5,2,3,4,5,5,6,3,
16,0,3,5,2,3,4,5,5,6,4,
16,0,3,5,2,3,4,5,6,6,4,
16,0,3,5,2,3,4,5,6,6,4,
16,0,3,5,2,3,4,5,6,6,3,
16,0,3,5,2,3,4,5,5,6,3,
16,0,3,6,2,3,4,5,6,6,4,
16,0,3,6,2,3,4,5,6,6,4,
17,0,4,6,3,3,4,6,6,6,4,
16,0,3,6,2,3,4,5,6,6,4,
16,0,3,6,2,3,4,5,6,6,4,
16,0,2,4,1,1,2,3,4,4,2,
17,0,4,6,3,6,4,5,6,6,7,
18,0,5,7,2,2,4,5,7,7,3,
17,0,4,6,3,3,4,5,6,6,4,
17,0,4,6,3,3,4,5,6,6,4,
17,0,4,6,3,3,5,5,6,7,4,
17,0,4,6,3,4,5,5,6,7,4,
19,0,4,6,3,4,5,5,6,7,4,
17,0,4,6,3,4,5,5,6,7,4,
17,0,4,6,3,4,5,5,6,7,4,
17,0,3,5,2,3,4,4,5,6,3,
16,0,3,5,2,3,4,5,5,6,3,
16,0,3,5,2,3,4,4,5,6,3,
16,0,3,5,2,3,4,5,5,6,3,
18,0,3,7,2,3,4,4,4,7,3,
16,0,3,5,2,3,4,5,5,6,3,
16,0,3,5,2,3,4,4,5,6,3,
19,0,3,5,2,3,4,5,6,6,4,
16,0,3,5,2,3,4,5,6,6,4,
16,0,3,5,2,3,4,5,6,6,4,
17,0,3,5,2,3,4,5,5,6,3,
16,0,3,5,2,3,4,4,6,6,4,
18,0,3,6,2,3,4,8,6,6,4,
16,0,4,6,3,3,4,5,6,6,4,
18,0,5,5,3,5,5,5,7,6,5,
16,0,4,6,3,3,4,5,6,6,4,
17,0,4,6,3,3,4,5,6,6,4,
17,0,4,6,2,3,4,5,6,6,4,
17,0,4,6,3,3,5,5,6,6,4,
17,0,4,6,3,4,5,5,6,7,4,
33,0,4,6,3,4,5,5,6,7,23,
17,0,4,6,3,4,5,5,6,7,4,
16,0,3,6,3,3,5,5,6,6,4,
19,0,3,5,2,3,4,5,5,6,3,
20,0,4,6,3,3,4,5,6,7,4,
16,0,3,5,2,3,4,5,5,6,3,
16,0,4,5,4,4,4,4,5,5,4,
17,0,3,5,2,6,4,5,5,6,6,
17,0,4,6,2,2,4,4,6,7,2,
18,0,5,8,2,5,4,5,8,8,6,
18,0,3,5,2,3,4,5,5,6,3,
16,0,3,5,2,3,4,4,5,6,4,
16,0,3,5,2,3,4,5,6,6,3,
18,0,3,5,2,3,4,4,6,6,4,
16,0,3,5,2,3,4,4,6,6,4,
16,0,3,5,2,3,4,5,6,6,4,
16,0,4,6,3,3,4,5,6,6,4,
16,0,3,6,2,3,4,5,6,6,4,
19,0,5,7,3,3,5,5,7,7,4,
17,0,4,6,3,3,4,5,6,6,4,
17,0,4,6,3,3,4,5,6,6,4,
17,0,4,6,3,3,4,5,6,6,4,
18,0,4,6,6,3,7,8,6,7,4,
17,0,4,6,3,3,4,7,6,7,4,
17,0,4,6,3,3,4,5,6,6,4,
19,0,4,6,4,3,6,6,6,6,4,
17,0,4,6,3,4,5,5,6,7,4,
17,0,4,6,3,4,5,5,6,7,4,
17,0,3,5,2,3,4,4,5,6,3,
16,0,3,6,2,3,4,5,6,6,4,
17,0,3,5,2,3,4,4,5,6,3,
16,0,3,5,2,3,4,4,5,6,3,
16,0,3,5,2,3,4,5,5,6,3,
16,0,3,5,2,3,4,5,5,6,3,
16,0,3,5,2,3,4,5,5,6,3,
16,0,3,5,2,3,4,5,5,6,3,
16,0,3,5,2,3,4,5,6,6,4,
16,0,3,5,2,3,4,5,5,6,4,
16,0,3,5,2,3,4,5,5,6,4,
19,0,3,6,2,3,4,5,6,6,4,
19,0,3,5,2,3,3,4,5,6,3,
16,0,3,6,2,3,4,5,6,6,4,
19,0,4,9,3,3,4,5,9,9,4,
16,0,4,6,3,3,4,5,6,6,4,
16,0,4,6,3,3,4,5,6,6,4,
17,0,4,6,3,3,5,5,6,7,4,
17,0,4,6,3,3,5,5,6,7,4,
17,0,4,6,3,3,4,5,6,7,4,
17,0,4,6,3,4,5,5,6,7,4,
17,0,4,6,3,4,5,5,6,7,4,
17,0,4,6,3,4,5,5,6,7,4,
17,0,4,7,3,4,5,5,6,7,4,
17,0,4,6,3,4,5,5,6,7,4,
17,0,4,6,3,4,5,5,6,7,4,
18,0,4,6,3,3,4,5,6,6,4,
16,0,3,5,2,3,4,5,5,6,3,
16,0,3,5,2,3,4,5,5,6,4,
16,0,3,5,2,3,4,5,5,6,4,
17,0,3,5,4,3,6,7,5,6,3,
16,0,3,5,2,3,4,5,5,6,4,
16,0,3,5,2,3,4,5,5,6,3,
16,0,3,5,2,3,5,4,6,6,4,
16,0,3,5,2,3,4,5,6,6,4,
16,0,3,5,2,3,4,5,6,6,4,
16,0,3,6,2,3,4,5,6,6,4,
16,0,3,6,2,3,4,5,6,6,4,
16,0,4,6,3,3,4,5,6,6,4,
17,0,4,6,3,3,4,5,6,6,4,
17,0,4,6,2,3,4,5,6,6,4,
17,0,4,6,3,3,4,5,6,6,4,
16,0,3,6,2,3,4,5,6,6,4,
17,0,4,6,3,3,6,6,7,7,6,
17,0,4,6,3,4,5,5,6,7,4,
17,0,4,6,3,4,5,5,6,7,4,
17,0,4,6,3,4,5,5,6,7,4,
17,0,4,6,3,4,5,5,6,7,4,
20,0,4,6,3,3,4,5,6,6,4,
17,0,3,5,2,3,4,4,5,6,3,
17,0,3,5,3,3,4,4,5,6,3,
16,0,3,5,2,3,4,5,5,6,6,
18,0,5,7,2,2,4,5,7,8,3,
16,0,3,5,2,3,4,5,5,6,4,
16,0,3,5,2,3,4,5,5,6,3,
16,0,3,5,2,3,4,5,5,6,4,
16,0,3,5,2,3,4,5,6,6,4,
16,0,3,6,2,3,4,5,6,6,4,
16,0,3,6,2,3,4,5,6,6,4,
17,0,3,6,2,3,4,5,5,7,4,
16,0,3,6,2,3,4,5,6,6,4,
16,0,3,5,2,3,4,5,6,6,4,
19,0,3,5,2,3,4,5,5,6,4,
16,0,4,6,3,3,4,5,6,6,4,
16,0,4,6,3,3,4,5,6,6,4,
17,0,4,6,3,3,4,5,6,6,4,
18,0,4,6,5,3,7,7,6,7,4,
17,0,4,6,2,2,4,5,7,7,3,
17,0,4,6,3,4,5,5,6,7,4,
17,0,4,6,3,3,5,5,6,7,4,
17,0,4,6,3,4,5,5,6,7,4,
17,0,4,6,3,4,5,5,6,7,4,
18,0,4,6,3,4,5,8,6,7,4,
17,0,3,5,2,3,4,4,5,6,3,
19,0,4,6,4,4,9,6,6,7,4,
17,0,3,5,3,3,4,5,6,6,4,
16,0,3,5,2,3,4,5,6,6,4,
16,0,3,5,2,3,4,5,6,6,3,
16,0,3,5,2,3,4,5,6,6,4,
16,0,3,6,2,3,4,5,6,6,4,
16,0,3,6,2,3,4,5,6,6,4,
17,0,3,6,2,3,4,5,5,7,4,
16,0,3,5,3,4,4,5,6,6,5,
17,0,4,6,2,3,4,5,6,7,4,
18,0,5,7,3,5,4,5,7,8,5,
17,0,4,6,3,3,4,5,6,6,4,
17,0,4,6,3,4,4,5,6,6,5,
17,0,4,6,3,3,5,5,6,6,4,
18,0,4,6,3,3,5,5,8,7,4,
17,0,4,6,3,4,5,5,6,7,4,
17,0,4,6,3,4,5,5,6,7,4,
17,0,4,6,3,4,5,5,6,7,4,
17,0,4,6,3,4,5,5,6,7,4,
17,0,4,6,3,4,5,6,6,7,4,
17,0,3,5,2,3,4,5,5,6,3,
17,0,3,5,2,3,4,5,5,6,3,
17,0,3,5,2,3,4,5,5,6,3,
17,0,3,5,2,3,4,5,5,6,3,
18,0,4,6,3,3,4,5,6,6,4,
17,0,3,5,2,3,4,5,5,6,3,
17,0,3,5,2,3,4,5,5,6,3,
16,0,3,5,2,3,4,5,5,6,3,
17,0,3,5,5,3,7,7,6,6,4,
16,0,3,6,2,3,4,5,6,6,4,
16,0,3,6,2,3,4,5,6,6,4,
16,0,3,6,2,3,6,4,6,6,4,
16,0,3,6,2,3,4,5,6,6,4,
16,0,4,6,3,3,4,5,6,6,4,
16,0,4,6,3,3,4,5,6,6,4,
17,0,4,6,3,3,5,5,6,6,4,
17,0,4,6,3,3,4,5,6,6,4,
17,0,4,6,3,3,5,5,6,7,4,
17,0,4,6,3,3,5,5,6,7,4,
17,0,4,6,3,4,5,5,6,7,4,
17,0,3,5,2,3,4,5,5,6,3,
17,0,4,6,3,4,5,5,6,7,4,
17,0,3,5,2,3,4,5,5,6,3,
17,0,3,5,2,3,4,5,5,6,3,
17,0,3,5,2,3,4,5,5,6,3,
18,0,4,6,3,4,5,5,6,7,4,
20,0,4,6,3,4,5,5,6,7,4,
17,0,3,5,2,3,4,5,5,6,3,
19,0,3,7,2,3,7,7,8,7,3,
17,0,3,5,2,3,4,5,5,6,3,
19,0,3,8,2,3,4,5,8,8,4,
16,0,3,6,2,3,4,5,6,6,4,
16,0,3,5,2,3,4,5,6,6,4,
16,0,3,5,2,3,4,5,6,6,4,
16,0,3,6,2,3,4,5,6,6,4,
19,0,4,6,3,3,4,5,6,6,4,
16,0,3,6,2,3,4,5,6,6,4,
19,0,4,8,3,3,4,5,6,9,4,
16,0,4,6,3,3,4,5,6,6,4,
17,0,4,6,5,4,7,8,6,6,4,
17,0,4,6,3,3,4,5,6,6,4,
17,0,4,6,3,4,5,5,6,7,4,
17,0,4,6,3,3,5,5,6,7,4,
17,0,4,6,3,4,5,5,6,7,4,
17,0,4,6,5,4,7,7,6,7,4,
17,0,4,6,3,4,4,6,6,7,4,
17,0,4,6,3,3,5,5,6,7,4,
17,0,4,6,3,4,5,5,6,7,4,
17,0,4,6,3,4,5,5,6,7,4,
17,0,4,6,3,4,5,5,6,7,4,
17,0,4,6,2,2,3,4,6,6,3,
17,0,3,5,2,3,4,5,5,6,3,
17,0,3,5,2,3,4,5,5,6,3,
17,0,3,5,2,3,4,5,5,6,3,
17,0,3,5,2,3,4,5,5,6,3,
16,0,3,5,2,3,4,5,5,6,4,
17,0,3,5,2,3,4,5,5,6,4,
16,0,4,6,5,4,7,7,6,7,4,
16,0,3,6,2,3,4,5,6,6,4,
16,0,1,4,0,1,2,3,4,4,2,
16,0,3,6,3,5,4,5,6,6,6,
17,0,4,6,2,3,4,5,6,7,3,
18,0,5,7,4,5,6,7,7,8,5,
17,0,4,6,3,3,4,5,6,7,4,
19,0,4,8,3,3,5,8,8,8,4,
17,0,4,6,3,3,4,5,6,6,4,
20,0,7,9,3,3,5,5,9,10,4,
17,0,4,6,3,3,5,5,6,7,4,
17,0,4,6,3,4,5,5,6,7,4,
17,0,4,6,3,3,5,5,6,7,4,
17,0,4,6,3,4,5,5,6,7,4,
19,0,4,6,3,4,5,5,6,7,4,
17,0,4,6,3,4,5,5,6,7,4,
18,0,4,6,3,4,5,5,6,7,4,
17,0,4,6,3,4,5,5,6,7,4,
17,0,4,6,3,4,5,6,6,7,4,
19,0,3,6,2,3,4,5,6,6,4,
17,0,3,6,2,3,4,5,6,6,3,
17,0,3,6,2,3,4,5,6,6,3,
17,0,3,6,2,3,4,5,6,6,4,
17,0,3,6,2,3,6,7,6,6,4,
17,0,3,6,2,3,4,6,6,6,4,
16,0,4,6,2,3,4,5,6,6,4,
17,0,4,6,2,3,7,5,6,6,4,
17,0,4,6,3,3,4,5,6,6,4,
17,0,4,6,3,3,4,5,6,6,4,
17,0,4,6,3,3,4,5,6,7,4,
17,0,4,6,3,3,5,5,6,7,4,
17,0,4,6,3,3,5,5,6,7,4,
17,0,4,6,3,3,5,5,6,7,4,
17,0,4,6,3,3,5,5,6,7,4,
17,0,4,6,3,3,5,5,6,7,4,
17,0,4,6,3,3,5,5,6,7,4,
17,0,4,6,3,3,5,5,6,7,4,
17,0,4,6,3,3,5,5,6,7,4,
17,0,3,5,2,3,4,5,5,6,3,
17,0,4,6,3,5,5,5,6,7,5,
17,0,5,7,2,3,4,5,7,7,4,
19,0,6,8,3,6,5,5,8,9,6,
17,0,3,6,2,3,4,4,6,6,3,
17,0,3,5,2,3,4,4,5,6,3,
17,0,3,5,2,3,4,4,6,6,3,
18,0,3,5,2,3,4,5,5,6,3,
17,0,5,5,2,5,5,5,6,6,5,
16,0,3,6,2,3,4,5,6,6,3,
16,0,4,6,2,3,4,5,6,6,4,
16,0,3,6,2,3,4,5,6,6,4,
16,0,4,6,3,3,5,5,6,6,4,
16,0,4,6,2,3,4,5,6,6,4,
19,0,4,8,2,3,4,5,6,9,4,
17,0,4,6,3,3,4,5,6,6,4,
17,0,3,5,4,3,6,6,5,6,3,
20,0,4,6,3,3,5,5,6,7,4,
17,0,4,6,3,3,5,5,6,7,4,
17,0,4,6,3,3,5,5,6,7,4,
17,0,4,6,3,3,5,5,6,7,4,
17,0,4,6,6,3,7,7,6,7,4,
17,0,4,6,3,3,4,6,6,7,4,
17,0,4,6,3,4,5,5,6,7,4,
18,0,4,6,3,3,8,4,6,7,4,
17,0,4,6,3,4,5,5,6,7,4,
17,0,4,6,3,4,5,5,6,7,4,
17,0,4,6,3,4,5,5,6,7,4,
17,0,3,5,2,3,4,4,5,6,3,
17,0,3,5,2,3,4,4,5,6,3,
17,0,3,6,2,3,4,5,6,6,3,
30,0,4,6,2,3,4,4,6,7,4,
18,0,5,7,3,3,5,5,7,8,4,
17,0,3,5,2,3,4,4,5,6,3,
19,0,4,6,3,4,4,5,6,7,4,
16,0,3,6,2,3,4,5,6,6,3,
16,0,5,5,5,5,5,5,6,6,5,
17,0,3,6,2,3,4,5,6,6,6,
17,0,5,7,2,2,4,5,7,7,3,
18,0,4,6,7,4,9,9,6,6,4,
16,0,4,6,2,3,4,5,6,6,4,
19,0,4,6,3,3,4,5,6,6,4,
16,0,3,6,2,3,4,5,6,6,4,
18,0,4,6,3,3,4,5,8,6,4,
17,0,4,6,3,3,4,5,6,6,4,
17,0,4,6,3,3,4,5,6,7,4,
17,0,4,6,3,3,4,5,6,6,4,
17,0,4,6,2,3,4,5,6,6,4,
17,0,4,6,3,3,4,5,6,6,4,
17,0,4,6,3,3,5,5,6,7,4,
19,0,4,9,3,4,5,5,6,9,4,
17,0,4,6,3,3,4,5,6,7,4,
17,0,3,6,4,3,6,7,6,6,4,
17,0,4,6,3,4,5,5,6,7,4,
17,0,4,6,3,4,5,5,6,7,4,
17,0,3,5,2,3,4,4,5,6,3,
17,0,3,5,2,3,4,4,5,6,3,
17,0,3,5,2,3,4,5,5,6,3,
16,0,3,6,2,3,4,4,6,6,3,
18,0,3,6,2,3,4,4,6,6,3,
19,0,3,6,2,3,4,4,6,6,4,
16,0,4,6,2,3,4,4,6,6,4,
16,0,4,6,2,3,4,4,6,6,4,
16,0,4,6,2,3,4,4,6,6,4,
17,0,4,6,2,3,4,4,6,7,4,
16,0,4,6,2,3,4,4,6,6,4,
17,0,4,6,2,3,4,5,6,7,4,
17,0,4,6,2,3,4,4,6,7,4,
17,0,4,6,2,3,4,5,6,7,4,
17,0,4,6,2,3,4,4,6,6,4,
17,0,4,6,2,3,4,5,6,7,4,
17,0,4,6,2,3,4,5,6,7,4,
17,0,3,5,1,2,3,4,5,6,3,
17,0,4,6,2,5,4,5,6,7,6,
17,0,4,7,2,3,4,5,7,7,3,
19,0,6,8,2,6,4,5,8,9,6,
17,0,4,6,2,4,4,5,6,7,4,
17,0,4,6,3,4,5,5,6,7,4,
17,0,3,5,2,3,4,4,5,6,3,
19,0,3,5,2,3,4,4,5,6,3,
17,0,3,5,2,3,3,4,5,6,3,
17,0,3,5,2,3,4,4,6,6,3,
16,0,3,6,2,3,4,4,6,6,3,
16,0,3,6,2,3,4,4,6,6,4,
16,0,3,6,2,3,4,4,6,6,4,
16,0,2,5,1,2,3,3,5,5,3,
18,0,3,7,2,3,4,4,5,8,4,
16,0,4,6,2,3,4,4,6,6,4,
16,0,4,6,2,3,4,4,6,6,4,
19,0,4,6,2,3,4,5,6,7,4,
16,0,4,6,2,3,4,5,6,6,4,
16,0,4,6,2,3,4,4,6,6,4,
16,0,4,6,2,3,4,4,6,6,4,
17,0,4,6,2,3,6,7,6,6,4,
17,0,4,6,2,3,4,6,6,7,4,
17,0,4,6,2,3,4,5,6,7,4,
17,0,4,6,2,3,6,5,6,7,4,
17,0,4,6,2,4,4,5,6,7,4,
17,0,4,6,2,4,4,5,6,7,4,
17,0,4,6,3,3,4,5,6,7,4,
17,0,4,6,3,4,5,5,6,7,4,
19,0,4,6,3,4,5,5,6,7,4,
17,0,4,6,3,4,5,5,6,7,4,
17,0,3,5,2,3,4,4,5,6,3,
17,0,3,5,2,3,4,4,5,6,3,
19,0,3,5,2,3,3,4,5,6,3,
16,0,3,6,2,3,4,4,6,6,4,
16,0,3,6,2,3,4,4,6,6,4,
16,0,3,5,2,3,4,4,6,6,4,
16,0,3,5,2,4,4,4,5,6,4,
18,0,4,6,2,3,4,5,6,6,4,
19,0,3,6,2,3,4,4,6,6,4,
16,0,3,6,2,3,4,4,6,6,4,
18,0,6,7,2,6,6,6,8,7,6,
16,0,4,6,2,3,4,5,6,6,4,
19,0,4,8,2,3,4,4,8,9,4,
17,0,4,6,2,3,4,5,6,7,4,
17,0,4,6,2,3,4,4,6,7,4,
17,0,4,6,2,3,4,4,6,7,4,
17,0,4,6,2,3,4,5,6,6,4,
17,0,4,6,2,3,4,5,6,7,4,
17,0,4,6,3,3,4,5,6,7,4,
19,0,4,9,3,4,5,5,6,9,4,
17,0,4,6,3,4,4,5,6,7,4,
17,0,3,5,5,3,6,7,5,6,3,
17,0,3,5,2,3,4,4,5,6,3,
17,0,3,5,2,3,4,4,5,6,3,
17,0,3,5,2,3,4,4,6,6,3,
17,0,3,5,2,3,4,4,5,6,3,
17,0,3,5,2,3,4,4,6,6,3,
17,0,3,6,2,3,4,7,6,6,3,
16,0,3,6,2,3,4,4,6,6,3,
16,0,3,6,2,3,6,4,6,6,3,
16,0,3,6,2,3,4,4,6,6,4,
16,0,3,5,2,3,4,4,6,6,3,
16,0,3,5,2,3,4,4,6,6,4,
19,0,3,5,2,3,3,4,5,6,3,
17,0,4,6,2,3,4,4,6,6,4,
16,0,4,6,2,3,4,5,6,6,4,
17,0,4,6,2,3,4,4,6,7,4,
16,0,4,6,2,3,4,5,6,6,4,
16,0,3,6,2,3,4,4,6,6,4,
17,0,4,6,2,3,4,5,6,7,4,
17,0,4,6,2,3,4,5,6,7,4,
17,0,3,5,2,2,4,4,5,6,3,
17,0,4,6,3,5,4,5,6,7,6,
17,0,4,7,2,3,4,5,7,7,4,
19,0,6,8,2,6,4,5,8,9,6,
17,0,4,6,3,4,5,5,6,7,4,
17,0,3,5,2,3,3,4,5,6,3,
17,0,3,5,2,3,4,4,5,6,3,
19,0,3,5,2,3,4,4,8,6,3,
17,0,3,5,2,3,4,4,6,6,3,
17,0,4,6,2,3,4,4,6,6,4,
16,0,3,6,2,3,4,4,6,6,3,
16,0,3,6,2,3,4,4,6,6,3,
16,0,4,6,2,3,4,4,6,6,4,
16,0,3,6,2,3,4,4,6,6,4,
16,0,3,6,2,3,4,4,6,6,4,
18,0,3,6,2,3,4,4,6,6,4,
16,0,4,6,2,3,4,4,6,6,4,
18,0,4,6,2,4,4,5,6,7,4,
16,0,4,6,2,3,4,5,6,6,4,
16,0,4,6,2,3,4,5,6,6,4,
17,0,4,6,2,3,4,4,6,7,4,
17,0,4,6,3,3,7,7,6,7,4,
17,0,4,6,2,3,4,7,6,7,4,
17,0,4,6,2,3,4,5,6,6,4,
17,0,4,6,2,3,7,4,6,7,4,
17,0,4,6,3,4,4,5,6,7,4,
17,0,4,6,3,4,4,5,6,7,4,
17,0,4,6,2,4,4,5,6,7,4,
17,0,4,6,3,4,5,5,6,7,4,
17,0,3,5,1,3,3,4,5,6,3,
17,0,3,5,2,3,4,4,5,6,3,
17,0,3,6,2,3,3,4,6,6,3,
17,0,3,5,2,3,4,4,6,6,3,
16,0,3,6,3,3,5,5,6,6,4,
17,0,3,5,2,3,4,4,6,6,3,
16,0,3,5,2,3,4,4,6,6,3,
16,0,4,6,2,3,4,5,6,6,4,
17,0,3,7,2,3,4,4,7,7,4,
17,0,4,6,2,3,4,5,6,7,4,
19,0,3,6,2,3,4,4,6,6,4,
16,0,3,6,2,3,4,4,6,6,4,
18,0,4,7,2,3,7,7,8,7,4,
17,0,4,6,2,3,4,5,6,7,4,
19,0,4,8,2,3,4,4,8,9,4,
17,0,4,6,2,3,4,5,6,6,4,
17,0,4,6,2,3,4,5,6,7,4,
18,0,5,8,3,5,4,5,8,8,5,
17,0,4,6,3,3,4,5,6,7,4,
17,0,4,6,2,5,4,5,6,7,5,
17,0,4,6,2,4,4,5,6,7,4,
20,0,4,9,2,4,4,5,6,9,4,
17,0,4,6,3,4,4,5,6,7,4,
17,0,4,6,5,3,6,7,6,6,4,
20,0,4,6,3,3,4,5,6,7,4,
17,0,3,5,2,3,4,4,5,6,3,
17,0,3,5,2,3,3,4,5,6,3,
17,0,3,5,2,3,4,4,6,6,3,
18,0,3,6,5,3,6,7,6,6,3,
41,0,4,8,2,3,4,5,8,9,4,
17,0,3,5,2,3,4,4,6,6,3,
16,0,3,6,2,3,4,4,6,6,3,
16,0,3,5,2,3,4,4,6,6,3,
16,0,3,6,2,3,4,4,6,6,4,
16,0,3,5,2,3,4,4,6,6,3,
19,0,4,6,3,3,4,5,6,7,4,
16,0,3,6,2,3,4,4,6,6,4,
16,0,3,6,2,3,4,4,6,6,4,
16,0,4,6,2,3,4,4,6,6,4,
17,0,4,6,2,3,4,5,6,7,4,
17,0,3,6,2,3,4,4,5,6,3,
16,0,4,6,2,3,4,5,6,6,4,
17,0,4,6,2,3,4,5,6,7,4,
16,0,3,5,1,2,3,4,5,6,3,
17,0,4,6,3,5,4,5,6,7,5,
17,0,4,6,2,3,4,5,6,7,4,
20,0,3,6,2,3,4,4,5,7,4,
17,0,4,6,3,4,4,5,6,7,4,
18,0,6,6,2,3,6,6,7,6,6,
17,0,4,6,3,4,5,5,6,7,4,
19,0,3,6,2,3,4,4,6,6,4,
20,0,4,6,2,3,4,4,6,6,4,
17,0,3,5,2,3,4,4,5,6,3,
18,0,6,6,2,3,6,6,7,6,6,
17,0,3,5,2,3,3,4,5,6,3,
18,0,3,8,2,3,4,4,8,8,3,
16,0,3,5,2,3,4,4,6,6,3,
16,0,3,6,2,3,4,4,6,6,3,
16,0,3,5,2,3,3,4,6,6,3,
16,0,3,6,2,3,4,4,6,6,4,
16,0,4,6,2,3,4,4,6,6,4,
16,0,4,6,2,3,4,4,6,6,4,
19,0,4,8,2,3,4,4,5,9,4,
16,0,4,6,2,3,4,4,6,6,4,
17,0,3,5,4,2,6,7,5,6,3,
17,0,4,6,2,3,4,5,6,7,4,
17,0,4,6,2,3,4,5,6,7,4,
17,0,4,6,3,3,4,5,6,7,4,
17,0,4,6,3,3,4,5,6,7,4,
17,0,4,6,3,4,4,5,6,7,4,
17,0,4,6,2,3,4,5,6,7,4,
17,0,4,6,3,4,5,5,6,7,4,
17,0,3,5,2,3,6,4,5,6,3,
17,0,4,6,3,4,4,5,6,7,4,
17,0,3,5,2,3,3,4,5,6,3,
17,0,3,5,2,3,3,4,5,6,3,
20,0,4,6,2,3,4,4,6,7,4,
17,0,3,5,2,3,4,4,6,6,3,
17,0,3,5,2,3,4,4,5,6,3,
17,0,3,5,2,3,4,4,5,6,3,
16,0,3,5,2,3,3,4,5,6,3,
17,0,4,6,3,4,5,5,6,7,4,
16,0,3,6,2,3,4,4,6,6,3,
16,0,3,6,2,3,4,4,6,6,4,
16,0,2,5,1,2,3,3,5,5,3,
16,0,2,5,1,4,3,3,5,5,4,
17,0,4,6,2,3,4,5,6,7,3,
19,0,6,8,2,5,4,5,8,9,6,
17,0,4,6,3,3,4,4,6,7,4,
17,0,4,6,2,3,4,5,6,7,4,
17,0,4,6,2,3,4,4,6,7,4,
17,0,4,6,3,3,4,5,6,7,4,
17,0,4,6,2,3,4,5,6,7,4,
17,0,4,6,3,3,4,5,6,7,4,
17,0,4,6,3,3,4,5,6,7,4,
17,0,4,6,3,4,4,5,6,7,4,
17,0,4,6,2,4,4,5,6,7,4,
17,0,4,6,3,4,5,5,6,7,4,
17,0,3,5,2,3,3,4,5,6,3,
17,0,3,5,2,3,3,4,5,6,3,
17,0,3,5,2,3,3,4,5,6,3,
18,0,4,6,2,3,4,4,6,6,4,
17,0,3,5,2,3,4,4,5,6,3,
17,0,3,5,2,3,4,4,6,6,3,
16,0,3,6,2,3,4,4,6,6,3,
16,0,3,6,2,3,6,6,6,6,3,
16,0,3,6,2,3,4,6,6,6,3,
16,0,3,6,2,3,4,4,6,6,4,
16,0,4,6,2,3,6,4,6,6,4,
16,0,4,6,2,3,4,5,6,7,4,
17,0,4,6,2,3,4,4,6,7,3,
17,0,4,6,2,3,4,4,6,7,4,
16,0,4,6,2,3,4,4,6,6,4,
16,0,4,6,2,3,4,5,6,6,4,
17,0,4,6,2,3,4,5,6,7,4,
17,0,4,6,2,3,4,5,6,7,4,
17,0,4,6,2,3,4,5,6,7,4,
17,0,4,6,2,3,4,5,6,7,4,
17,0,4,6,2,4,4,5,6,7,4,
17,0,4,6,3,4,4,5,6,7,4,
17,0,3,5,1,3,3,4,5,6,3,
17,0,4,6,3,4,5,5,6,7,4,
18,0,4,6,3,4,5,5,6,7,4,
20,0,3,5,2,3,3,4,5,6,3,
17,0,3,5,2,3,4,4,5,6,3,
19,0,3,7,2,3,3,7,8,7,3,
17,0,3,5,2,3,4,4,5,6,3,
19,0,3,8,2,3,4,4,8,8,3,
16,0,3,5,2,3,3,4,5,6,3,
16,0,3,5,2,3,4,4,6,6,3,
16,0,3,6,2,3,4,4,6,6,3,
16,0,4,6,2,3,4,4,6,6,4,
18,0,3,6,2,3,4,4,6,6,4,
16,0,3,6,2,3,4,4,6,6,4,
19,0,4,8,2,3,4,4,6,9,4,
16,0,4,6,2,3,3,5,6,7,4,
16,0,3,5,4,2,6,6,5,6,3,
17,0,4,6,2,3,4,4,6,7,4,
17,0,4,6,2,3,4,5,6,7,4,
17,0,4,6,3,3,4,5,6,7,4,
17,0,4,6,2,3,4,5,6,7,4,
18,0,4,6,3,3,7,7,6,7,4,
17,0,4,6,3,3,4,6,6,7,4,
17,0,4,6,2,4,4,5,6,7,4,
17,0,4,6,2,4,5,4,6,7,4,
17,0,4,6,3,4,5,5,6,7,4,
17,0,4,6,3,4,5,5,6,7,4,
17,0,4,6,3,4,5,5,6,7,4,
19,0,3,6,2,3,4,4,6,6,4,
17,0,3,5,2,3,3,4,5,6,3,
17,0,3,5,2,3,3,4,5,6,3,
17,0,3,5,2,3,4,4,5,6,3,
16,0,3,6,2,3,4,4,5,6,3,
17,0,3,5,2,3,3,4,5,6,3,
16,0,3,6,2,3,4,4,6,6,4,
16,0,3,6,2,3,4,4,6,6,4,
16,0,3,6,2,3,4,4,6,6,4,
16,0,4,6,2,4,4,5,6,6,5,
17,0,4,6,2,3,4,4,6,7,3,
18,0,5,7,2,5,4,4,7,8,5,
16,0,4,6,2,3,4,4,6,6,4,
18,0,4,8,2,3,4,8,8,8,4,
17,0,4,6,3,3,4,5,6,7,4,
20,0,7,9,2,3,4,5,9,10,4,
17,0,4,6,2,3,4,5,6,7,4,
