24,1,1,1,1,1,1,2,0,1,1,1,1,1,1,2,0,1,1,2,1,
6,1,1,2,1,1,2,2,0,1,1,1,1,1,2,2,0,1,1,1,1,
6,1,2,1,2,1,2,2,0,1,1,1,2,1,2,2,0,1,1,2,2,
6,1,1,1,1,1,2,2,0,1,1,1,1,1,2,2,0,1,1,2,1,
6,1,1,2,1,1,2,2,0,1,1,1,2,1,2,2,0,1,1,2,2,
6,1,1,2,2,1,2,2,0,1,1,1,2,2,2,2,0,1,1,1,1,
6,1,2,2,2,1,2,2,1,2,1,2,2,1,2,2,0,1,2,2,2,
6,1,1,1,2,1,1,2,0,1,1,2,2,1,2,2,0,1,1,2,1,
5,1,0,1,1,0,1,1,0,1,1,1,1,0,1,1,0,1,1,1,1,
5,1,1,1,1,0,1,1,0,1,1,1,1,0,1,1,0,1,1,1,1,
5,1,1,1,1,1,1,1,0,1,1,1,1,1,1,1,0,1,1,1,1,
5,1,1,1,1,1,1,1,1,1,1,1,1,1,1,1,0,1,1,1,1,
8,1,1,1,1,1,2,2,0,1,1,1,1,1,1,1,0,1,1,1,1,
5,1,1,1,1,1,1,2,1,1,1,1,1,1,2,1,0,1,1,1,1,
5,1,1,1,2,1,1,2,0,1,1,1,2,1,2,2,0,1,1,1,1,
5,1,1,1,1,1,2,2,1,1,1,1,2,1,2,2,0,1,1,1,1,
6,2,1,1,2,1,2,2,1,1,1,1,2,1,2,2,0,1,2,1,1,
6,1,1,1,2,1,2,2,1,2,1,1,2,1,1,2,0,1,1,1,1,
6,1,1,1,2,1,2,2,1,1,1,2,2,1,2,2,0,1,2,1,1,
6,2,1,1,2,1,2,2,1,1,2,1,2,1,1,2,0,1,1,1,1,
7,1,1,1,1,1,1,1,0,1,1,1,1,1,1,1,0,1,1,1,1,
6,2,2,2,2,1,2,2,0,2,2,2,2,1,2,2,0,2,2,2,2,
5,1,1,2,2,1,2,2,0,1,2,1,2,1,2,2,0,1,1,1,2,
7,1,1,2,2,1,2,2,0,1,2,1,2,1,2,2,0,1,1,1,2,
4,1,1,1,1,1,1,2,0,1,1,2,2,1,1,2,0,1,1,2,1,
4,1,1,1,2,1,1,2,0,1,1,1,2,1,2,2,0,1,1,2,1,
5,1,1,1,1,0,1,1,0,1,0,1,1,0,1,1,0,0,0,0,1,
4,1,1,2,2,1,2,2,0,1,2,1,2,1,2,2,0,1,1,1,1,
5,0,0,1,1,0,1,1,0,1,0,1,1,0,1,1,0,0,1,0,1,
5,0,0,1,1,0,1,1,0,0,1,1,1,0,1,1,0,1,1,1,1,
5,0,1,1,1,0,1,1,0,1,1,1,1,0,1,1,0,1,1,1,1,
5,0,0,1,1,0,1,1,0,0,1,1,1,0,1,1,0,1,1,1,1,
5,0,1,1,1,0,1,1,0,1,1,1,1,1,1,1,0,1,1,1,1,
5,1,1,1,1,1,1,1,0,1,1,1,1,0,1,1,0,0,1,1,1,
5,1,1,1,1,1,1,1,0,1,1,1,1,0,1,1,0,1,1,1,1,
5,1,1,1,2,1,2,2,0,1,1,1,2,1,2,2,0,1,1,1,1,
5,1,1,1,1,1,1,2,0,1,1,1,1,1,2,2,0,1,1,1,1,
5,1,1,1,1,0,1,1,0,1,1,1,1,0,1,1,0,1,1,1,1,
5,1,1,1,1,0,1,2,0,1,1,1,1,1,1,2,0,1,1,2,1,
6,2,1,2,2,1,2,2,0,1,1,1,2,1,2,2,0,1,2,1,2,
6,1,1,1,2,1,2,2,0,1,1,2,2,1,2,2,0,1,1,1,1,
5,1,1,1,2,1,1,2,0,1,1,1,2,1,1,2,0,1,1,1,1,
5,1,1,1,1,1,1,2,0,1,1,1,2,1,2,2,0,1,1,1,1,
6,2,1,2,2,1,2,2,0,1,2,1,2,1,2,2,0,1,1,1,2,
7,2,2,2,2,1,2,3,0,3,2,1,3,1,1,3,0,1,1,3,3,
7,1,2,1,2,1,2,2,0,2,2,2,2,1,2,2,0,1,1,1,1,
6,2,1,2,2,1,1,2,0,1,2,1,2,1,2,2,0,1,1,1,2,
5,1,1,1,1,1,1,2,0,1,1,1,2,1,2,2,0,2,1,1,1,
5,1,1,1,2,1,1,2,0,2,1,1,2,1,1,2,0,1,2,2,1,
6,1,1,1,2,1,1,2,0,2,1,1,2,1,1,2,0,1,1,2,1,
5,1,1,1,2,1,1,2,0,2,2,2,2,1,1,2,0,1,2,1,2,
5,1,1,1,2,1,2,2,0,2,1,2,2,1,1,2,0,1,2,2,2,
5,0,0,0,1,0,1,1,0,1,1,1,1,0,1,1,0,1,0,1,1,
5,0,1,0,1,0,1,1,0,1,1,1,1,0,1,1,0,1,0,1,1,
5,0,1,1,1,0,1,1,0,1,1,1,1,0,0,1,0,0,1,1,1,
5,0,0,0,1,0,1,1,0,1,1,1,1,0,0,1,0,1,1,1,1,
5,0,0,1,1,0,1,1,0,1,1,1,1,0,1,1,0,1,1,1,1,
5,0,1,1,1,0,1,1,0,0,1,1,1,0,1,1,0,1,0,1,1,
5,1,1,1,1,0,1,1,0,1,0,1,1,1,1,1,0,1,1,1,1,
8,0,1,1,1,0,0,1,0,0,1,1,1,0,1,1,0,0,1,1,1,
5,1,1,1,1,0,1,1,0,1,1,1,1,1,1,1,0,1,1,1,1,
5,0,1,1,1,0,1,1,0,1,1,1,1,1,1,1,0,1,1,1,1,
5,1,1,1,1,0,1,2,0,1,1,1,1,1,1,1,0,2,1,1,1,
5,0,1,1,1,0,1,1,0,1,1,1,1,1,1,1,0,1,1,1,1,
5,1,1,1,1,1,1,2,0,1,1,1,1,1,1,2,0,2,1,1,1,
16,1,1,1,1,0,1,1,0,1,1,1,1,0,1,1,0,1,1,1,1,
5,1,1,1,1,1,1,2,0,1,1,1,2,1,1,2,0,1,1,1,1,
5,1,1,1,1,1,1,2,0,1,1,1,1,0,1,1,0,1,1,1,1,
5,1,1,1,1,1,1,2,0,1,2,1,1,1,1,2,0,1,1,1,1,
5,1,1,1,1,1,1,2,0,2,1,1,1,0,1,1,0,1,1,1,1,
5,1,1,1,1,1,1,2,0,1,2,1,2,1,1,2,0,1,1,1,1,
5,1,1,1,1,1,1,2,0,1,1,1,1,1,1,2,0,1,1,1,1,
5,1,1,1,2,1,1,2,0,1,2,2,2,1,1,2,0,1,1,1,2,
5,1,1,1,2,1,1,2,0,1,2,2,2,1,1,2,0,1,1,1,1,
5,1,1,1,2,1,1,2,0,1,1,2,2,1,1,2,0,1,2,1,1,
5,1,1,1,2,1,2,2,0,1,1,1,2,1,2,2,0,1,1,1,1,
5,1,2,2,2,1,1,2,0,1,2,2,2,1,1,2,0,2,1,2,2,
5,1,1,2,2,1,1,2,0,2,2,2,2,1,2,2,0,1,1,1,2,
5,0,0,1,1,0,0,1,0,1,1,1,1,0,1,1,0,0,1,1,1,
5,1,1,2,2,1,1,2,0,1,2,2,2,1,2,2,0,2,1,1,2,
5,1,1,1,1,0,1,1,0,1,1,1,1,0,1,1,0,1,1,1,1,
5,0,0,1,1,0,1,1,0,1,1,1,1,0,1,1,0,1,0,1,1,
5,1,1,1,1,0,1,1,0,1,1,1,1,0,1,1,0,1,1,1,1,
5,1,0,1,1,1,1,2,0,1,2,1,2,1,1,2,0,1,1,1,1,
5,0,1,1,1,1,1,1,0,1,1,1,1,1,1,1,0,1,1,1,1,
5,0,0,1,1,1,1,1,0,1,1,0,1,1,1,1,0,1,0,1,1,
5,1,1,1,1,1,1,2,0,1,1,1,1,1,1,2,0,1,1,1,1,
5,0,0,1,1,1,1,1,0,1,1,1,1,1,1,1,0,1,1,0,1,
5,1,0,1,1,1,1,1,0,1,1,1,1,1,1,1,0,1,1,1,1,
5,0,0,1,1,1,1,1,0,1,1,1,1,1,1,1,0,1,1,0,1,
5,1,1,1,1,1,1,1,0,1,1,1,1,1,1,1,0,0,1,1,1,
5,0,0,1,1,1,1,1,0,1,1,1,1,1,1,2,0,1,1,1,1,
6,1,1,2,2,1,1,2,0,2,2,1,2,1,2,2,0,2,1,2,2,
5,1,1,1,1,1,1,2,0,1,1,1,1,1,1,1,0,1,1,1,1,
5,2,1,1,1,1,1,2,0,1,1,1,1,1,1,1,0,1,1,1,1,
5,1,1,1,2,1,1,2,0,1,1,1,2,1,1,2,0,1,1,1,2,
5,1,1,1,2,1,1,2,0,1,1,1,2,1,1,2,0,1,2,1,2,
6,2,1,1,2,1,1,2,0,1,1,1,2,2,1,2,0,1,1,2,2,
5,1,1,1,1,1,1,2,0,1,1,2,2,1,2,2,0,1,2,1,1,
5,1,1,1,1,1,1,1,0,1,1,1,2,1,1,1,0,1,1,1,1,
5,1,1,1,1,1,1,2,0,1,1,1,2,1,1,1,0,1,1,1,1,
5,1,1,1,1,1,1,2,0,1,1,1,1,1,1,1,0,1,1,1,1,
5,1,1,1,1,0,1,1,0,1,0,0,1,0,1,1,0,0,0,1,1,
5,1,0,0,1,0,0,1,0,1,0,0,1,0,1,1,0,0,0,0,1,
5,1,0,1,1,0,1,1,0,1,0,0,1,0,1,1,0,0,0,0,1,
4,1,0,0,1,0,1,1,0,0,0,0,1,0,1,1,0,1,0,1,1,
8,1,1,1,1,1,1,1,0,1,1,1,1,1,1,1,0,1,0,1,1,
5,1,1,1,1,1,1,1,0,1,1,1,1,1,1,1,0,1,1,1,1,
5,0,0,1,1,0,1,1,0,1,1,1,1,1,1,1,0,1,1,1,1,
5,0,0,1,1,0,1,1,0,1,1,1,1,0,1,1,0,1,1,0,1,
5,1,0,1,1,0,1,1,0,1,1,1,1,1,1,1,0,1,1,1,1,
5,1,1,1,1,1,1,1,0,1,1,1,1,1,1,1,0,1,1,1,1,
7,1,1,1,1,1,1,1,0,1,1,1,1,1,1,1,0,1,1,1,1,
5,0,0,1,1,0,1,1,0,1,1,1,1,0,1,1,0,1,1,0,1,
5,1,0,1,1,0,1,1,0,1,1,1,1,1,1,1,0,1,1,1,1,
5,1,1,1,1,0,1,1,0,1,1,1,1,1,1,1,0,1,1,1,1,
5,1,1,1,1,1,1,1,0,1,2,1,1,1,1,1,0,1,2,1,1,
5,1,1,1,2,0,1,2,0,1,1,1,1,1,1,2,0,1,1,1,1,
6,1,1,1,1,1,2,2,0,1,2,2,1,2,2,2,0,1,1,1,2,
5,1,1,1,2,0,1,2,0,1,1,1,1,1,1,2,0,1,2,1,1,
5,1,1,1,1,1,1,1,0,1,1,1,1,1,1,1,0,1,1,1,1,
5,1,1,1,1,1,1,1,0,1,1,1,1,1,1,1,0,1,1,1,1,
5,1,1,2,2,1,1,2,0,1,1,1,1,1,1,2,0,1,1,1,1,
5,1,1,1,2,1,1,2,0,1,1,1,2,1,1,1,0,1,1,1,1,
5,1,1,1,1,1,1,2,0,1,1,1,1,1,2,2,0,1,2,1,2,
5,1,1,1,1,1,2,2,0,1,1,1,1,1,2,2,0,1,1,1,1,
6,1,1,1,2,1,2,2,0,2,2,1,2,1,2,2,0,2,1,2,2,
5,2,1,2,2,1,2,2,0,1,1,1,2,1,2,2,0,1,1,2,2,
5,1,1,2,2,1,2,2,0,2,1,2,2,1,2,2,0,2,2,2,2,
5,1,1,2,2,1,2,2,0,1,2,2,2,2,2,2,0,2,2,1,2,
5,0,0,1,1,0,1,1,0,1,1,1,1,1,1,1,0,1,1,1,1,
5,0,0,1,1,0,1,1,0,1,1,1,1,1,1,1,0,1,1,0,1,
5,1,1,1,1,0,1,1,0,1,1,1,1,1,1,1,0,0,1,1,1,
5,1,1,1,1,1,1,2,0,1,1,1,1,1,1,2,0,1,1,1,2,
5,0,1,1,1,0,1,1,0,1,1,1,1,1,1,1,0,1,1,1,1,
5,1,1,1,1,1,1,1,0,1,1,1,1,1,1,1,0,1,1,1,1,
5,1,1,1,1,1,1,1,0,1,1,1,1,1,1,1,0,1,1,1,1,
5,1,1,1,1,1,1,1,0,1,1,1,1,1,1,1,0,1,1,1,1,
5,1,1,1,1,1,1,1,0,1,1,1,1,1,1,1,0,1,1,1,1,
5,1,1,1,1,1,1,1,0,1,1,1,1,1,1,1,0,1,1,1,1,
5,1,1,1,1,1,1,1,0,1,1,1,1,1,1,1,0,1,1,1,1,
5,1,1,1,1,1,1,1,0,1,1,1,1,1,1,1,0,1,1,1,1,
5,1,1,1,1,1,1,2,0,1,1,1,1,1,1,1,0,1,1,1,2,
5,1,1,1,1,1,1,2,0,1,1,1,1,1,1,1,0,1,1,1,1,
5,1,1,1,1,1,1,2,0,2,1,1,1,1,1,1,0,1,2,1,1,
5,1,1,1,1,1,1,1,0,1,1,1,1,1,1,1,0,1,1,1,1,
5,1,1,1,1,1,1,1,0,1,1,1,1,1,1,1,0,1,1,1,1,
5,1,1,1,1,1,1,1,0,1,1,1,1,1,1,1,0,1,1,1,1,
5,1,1,1,1,1,1,1,0,2,1,1,1,1,1,1,0,1,1,1,1,
5,1,1,1,1,1,1,1,0,1,1,1,1,1,1,1,0,1,1,1,1,
5,1,1,1,1,1,1,2,0,1,1,1,1,1,1,1,0,1,1,1,1,
5,1,1,1,2,1,2,2,0,1,1,1,2,1,1,2,0,1,2,1,2,
4,1,1,2,2,1,1,2,0,1,1,1,2,1,1,2,0,1,1,1,1,
7,1,1,1,1,1,1,1,0,1,1,1,1,1,1,1,0,1,1,1,1,
4,0,0,1,1,0,0,1,0,0,1,0,1,0,0,1,0,0,1,0,1,
4,1,1,1,2,1,1,2,0,1,1,1,1,1,1,2,0,1,1,1,1,
4,1,1,1,2,1,1,2,0,2,1,1,2,1,1,2,0,2,1,2,1,
4,0,0,0,1,0,0,1,0,0,1,0,1,0,0,1,0,1,0,1,1,
4,0,0,1,1,0,1,1,0,1,0,0,1,0,0,1,0,1,1,1,1,
6,0,0,1,1,0,1,1,0,0,1,0,1,0,0,1,0,1,0,0,1,
5,1,1,1,1,1,1,1,0,1,1,1,1,1,1,1,0,1,1,1,1,
5,1,1,1,1,1,1,1,0,1,1,1,1,1,1,1,0,1,1,1,1,
5,0,1,1,1,0,1,1,0,1,1,1,1,1,1,1,0,1,0,1,1,
5,0,1,1,1,0,1,1,0,0,1,1,1,1,1,1,0,1,0,1,1,
5,0,1,1,1,0,1,1,0,1,1,1,1,1,1,1,0,1,0,1,1,
5,0,1,1,1,0,1,1,0,1,0,1,1,1,1,1,0,1,0,1,1,
5,0,1,1,1,1,1,1,0,1,1,1,1,1,1,1,0,1,1,1,1,
5,0,1,1,1,0,1,1,0,1,1,1,1,1,1,1,0,1,1,1,1,
5,1,1,1,1,1,1,1,0,1,1,1,1,1,1,1,0,1,1,1,1,
5,1,1,1,1,1,1,1,0,1,1,1,1,1,1,1,0,1,1,1,1,
5,1,1,1,1,1,2,1,0,1,1,1,1,1,1,1,0,1,1,1,1,
5,1,1,1,1,1,2,2,0,1,1,1,1,1,2,1,0,1,1,1,1,
5,1,1,1,2,1,2,2,0,1,1,1,2,1,2,2,0,1,1,1,1,
5,1,1,1,2,1,2,2,0,1,1,1,2,1,2,2,0,1,1,1,1,
6,1,1,1,2,1,2,2,0,2,2,1,2,1,2,2,0,2,1,1,1,
6,1,1,1,2,1,2,2,0,1,1,1,2,1,2,2,0,2,1,1,2,
6,1,1,1,2,1,2,2,0,1,2,1,2,1,2,2,0,1,1,1,2,
6,1,2,1,2,1,2,2,0,1,1,1,2,1,2,2,0,1,1,2,1,
5,1,1,1,2,1,2,2,0,1,2,1,2,1,2,2,0,2,1,1,2,
5,1,1,2,2,1,2,2,0,1,1,1,2,1,2,2,0,1,1,2,2,
27,1,1,1,1,1,2,3,0,1,1,21,1,1,2,3,0,1,1,21,1,
5,1,1,1,1,1,1,2,0,1,1,1,2,1,1,2,0,1,1,1,2,
5,1,2,2,2,1,2,2,0,1,1,1,2,1,2,2,1,2,1,2,2,
5,0,1,1,1,0,1,1,0,1,1,1,1,1,1,1,0,1,0,1,1,
5,0,1,1,1,0,1,1,0,1,1,1,1,0,1,1,0,1,1,1,1,
5,0,1,1,1,0,1,1,0,0,0,1,1,0,1,1,0,1,1,1,1,
5,1,1,1,1,0,1,1,0,1,1,1,1,0,1,1,0,1,0,1,1,
5,1,1,1,1,0,1,1,0,1,1,1,1,1,1,1,0,1,0,1,1,
5,0,1,1,1,0,1,1,0,1,1,1,1,0,1,1,0,1,0,1,1,
5,0,1,1,1,0,1,1,0,1,1,1,1,0,1,1,0,1,0,1,1,
5,1,1,1,1,1,1,1,0,1,1,1,1,1,1,1,0,1,1,1,1,
5,0,1,1,1,0,1,1,0,1,1,1,1,0,1,1,0,1,0,1,1,
5,1,1,1,1,1,1,1,0,1,1,1,1,1,1,1,0,1,1,1,1,
5,1,1,1,1,1,1,1,0,1,1,1,1,1,1,1,0,1,1,1,1,
5,1,1,1,1,1,1,1,0,1,1,1,1,1,1,1,0,1,1,1,1,
5,1,1,1,1,1,1,1,0,1,1,1,1,1,1,1,0,1,1,1,1,
5,1,1,1,1,1,2,2,0,1,1,1,1,1,2,1,0,1,1,1,1,
5,1,1,1,1,1,1,2,0,1,1,1,1,1,2,2,0,1,1,1,1,
5,1,1,2,1,1,2,2,0,1,1,1,1,1,2,2,0,1,1,1,1,
6,1,2,2,2,1,2,2,0,1,1,1,2,1,2,2,0,1,1,1,2,
9,4,4,5,4,4,5,5,0,4,4,4,4,4,5,5,0,4,4,4,5,
5,1,1,1,2,1,2,2,0,1,1,1,2,1,2,2,0,1,1,1,1,
5,1,1,1,2,1,2,2,0,1,1,2,1,1,2,2,0,1,1,1,2,
4,1,1,2,2,1,1,2,0,1,2,1,1,1,2,2,0,1,1,1,1,
4,1,2,1,2,1,2,2,0,1,1,2,2,1,2,2,0,1,1,1,2,
4,1,2,1,2,1,2,2,0,1,1,1,1,1,2,2,0,1,1,1,2,
5,1,2,1,2,1,2,2,0,1,1,2,2,1,2,2,1,2,1,2,2,
4,0,1,1,1,0,1,1,0,0,0,0,1,0,1,1,0,1,0,0,1,
5,0,1,1,1,0,1,1,0,1,1,1,1,0,1,1,0,1,0,0,1,
5,0,1,1,1,0,1,1,0,1,1,1,1,0,1,1,0,1,0,1,1,
5,1,1,1,1,0,1,1,0,1,1,1,1,1,1,1,0,1,1,1,1,
5,0,1,1,1,0,1,1,0,1,1,1,1,0,1,1,0,1,0,1,1,
5,0,1,1,1,0,1,1,0,1,1,1,1,1,1,1,0,1,1,1,1,
5,0,1,1,1,0,1,1,0,1,0,1,1,0,1,1,0,1,1,1,1,
5,1,1,1,1,1,1,1,0,1,1,1,1,1,1,1,0,1,1,1,1,
5,0,1,1,1,0,1,1,0,0,1,1,1,1,1,1,0,1,1,1,1,
5,1,1,1,1,1,1,1,0,1,1,1,1,1,1,1,0,1,1,1,1,
5,1,1,1,1,0,1,1,0,1,1,1,1,1,1,1,0,1,1,1,1,
5,1,1,1,1,1,1,1,0,1,1,1,1,1,1,1,0,1,1,1,1,
5,1,1,1,1,1,1,1,0,1,1,1,1,1,1,1,0,1,1,1,1,
5,1,1,1,1,1,1,1,0,1,1,1,1,1,1,1,0,1,1,1,1,
8,1,1,1,1,1,1,1,0,1,1,1,1,1,1,1,0,1,1,1,1,
5,1,1,1,1,1,1,1,0,1,1,1,1,1,1,1,0,1,1,1,1,
5,1,1,1,1,1,1,1,0,1,1,1,1,1,1,1,0,1,1,1,1,
5,1,1,1,1,1,1,2,0,1,1,1,1,1,1,1,0,1,1,1,1,
5,1,1,1,1,1,1,2,0,1,1,1,2,1,1,1,0,1,1,1,1,
5,1,1,1,1,1,1,2,0,1,1,1,2,1,1,2,0,1,1,1,2,
8,1,1,1,1,1,2,2,0,1,1,1,2,1,1,2,1,1,1,1,2,
6,1,1,2,2,1,2,2,0,2,2,1,2,1,2,2,0,2,1,2,2,
5,1,2,2,2,1,2,2,0,2,2,1,2,1,2,2,0,1,1,1,2,
5,1,2,2,2,1,2,2,0,2,2,1,2,1,2,2,0,2,1,2,2,
5,1,1,2,2,1,2,2,0,1,2,1,2,2,2,2,0,2,1,2,2,
5,1,1,1,1,1,1,1,0,1,1,1,1,1,1,1,0,1,1,1,1,
5,1,1,1,1,1,1,1,0,1,0,1,1,1,1,1,0,1,0,1,1,
5,1,1,1,1,0,1,1,0,0,1,1,1,0,1,1,0,1,1,1,1,
5,1,1,1,1,0,1,1,0,0,1,1,1,1,1,1,0,1,1,1,1,
5,0,1,0,1,0,1,1,0,1,0,1,1,1,1,1,0,0,1,1,1,
5,1,1,1,1,0,1,1,0,1,1,1,1,1,1,1,0,0,1,1,1,
5,0,1,1,1,0,1,1,0,1,1,1,1,1,1,1,0,1,1,1,1,
5,0,1,1,1,0,1,1,0,0,1,1,1,1,1,1,0,1,1,1,1,
5,0,1,1,1,1,1,1,0,1,1,1,1,1,1,1,0,1,1,1,1,
5,1,1,1,1,1,1,1,0,1,1,1,1,1,1,1,0,0,1,1,1,
6,1,1,1,1,1,1,1,0,1,1,1,1,1,1,1,0,1,1,1,1,
8,0,1,1,1,0,1,1,0,1,0,1,1,1,1,1,0,1,1,1,1,
5,2,1,1,2,1,1,2,0,1,1,1,1,1,1,2,0,1,1,1,1,
5,1,2,1,1,1,1,2,0,1,1,1,2,1,1,2,0,1,1,1,1,
5,1,1,1,2,1,1,2,0,1,1,1,2,1,1,2,0,1,1,1,2,
5,1,1,1,2,1,1,2,0,1,1,1,1,1,1,2,0,1,1,1,2,
5,2,1,1,2,1,1,2,0,1,1,1,2,1,2,2,0,1,1,2,2,
5,1,2,1,2,1,1,2,0,1,1,1,1,1,1,2,0,1,2,1,1,
28,1,1,1,2,1,2,2,0,1,1,2,2,1,3,2,0,2,2,2,2,
6,2,1,2,2,1,1,2,0,1,2,2,2,1,2,2,0,1,2,1,2,
6,1,1,2,2,1,1,2,0,2,1,1,2,2,1,2,0,2,1,1,2,
5,1,1,1,2,1,1,2,0,1,1,1,2,1,1,2,0,1,2,1,2,
6,1,1,1,1,0,1,1,0,1,0,1,1,1,1,1,0,0,1,1,1,
5,1,1,1,1,0,1,1,0,0,1,1,1,1,1,1,0,1,1,1,1,
5,0,1,1,1,0,1,1,0,1,0,1,1,1,1,1,0,1,1,1,1,
5,2,1,1,2,1,1,2,0,2,1,2,2,1,2,2,0,1,2,1,2,
5,2,1,2,2,1,2,2,1,2,1,2,2,2,2,2,0,1,2,2,2,
5,2,1,1,2,1,2,2,0,1,2,2,2,1,1,2,0,1,2,1,2,
5,1,2,2,2,2,2,2,0,2,1,2,2,1,2,2,0,2,2,1,2,
5,2,2,2,2,2,2,2,0,2,1,2,2,1,2,2,0,1,2,1,2,
5,1,1,1,1,0,1,1,0,1,0,1,1,1,1,1,0,0,1,0,1,
5,1,1,1,1,1,1,1,0,1,0,1,1,0,1,1,0,0,1,0,1,
5,0,1,1,1,1,1,1,0,1,0,1,1,0,1,1,0,1,1,1,1,
5,1,1,1,1,0,1,1,0,1,0,1,1,0,1,1,0,0,1,1,1,
5,1,1,1,1,0,1,1,0,1,0,1,1,1,1,1,0,0,1,0,1,
5,1,1,1,1,1,1,1,0,1,1,1,1,1,1,1,0,1,1,1,1,
5,1,1,1,1,1,1,1,0,1,1,1,1,1,1,1,0,1,1,1,1,
7,1,1,1,1,1,1,1,0,1,1,1,1,1,1,1,0,1,1,1,1,
5,1,1,1,1,1,1,1,0,1,1,1,1,1,1,1,0,1,1,1,1,
5,1,1,1,1,1,1,1,0,1,1,1,1,1,1,1,0,1,1,1,1,
5,1,1,1,1,1,1,1,0,1,1,1,1,1,1,1,0,1,1,1,1,
5,1,1,1,1,1,1,1,0,1,1,1,1,1,1,1,0,1,1,1,1,
5,1,1,1,1,1,1,1,0,1,1,1,1,1,1,1,0,1,1,1,1,
5,1,1,1,1,1,1,1,0,1,1,1,1,1,1,1,0,1,1,1,1,
5,0,0,0,0,0,0,1,0,0,0,0,0,0,0,0,0,0,0,0,0,
6,1,1,2,2,1,2,2,0,1,1,2,2,1,1,2,0,1,2,1,2,
6,0,1,1,1,0,0,1,0,1,0,1,1,0,1,1,0,0,0,0,1,
5,1,1,1,1,1,1,2,0,2,1,2,2,1,1,2,0,1,1,1,2,
6,1,1,1,2,1,2,2,0,2,1,2,2,1,1,2,0,1,2,1,2,
6,1,2,2,2,1,2,2,1,1,1,1,2,1,1,2,0,1,2,2,2,
6,0,1,1,1,0,1,1,0,1,0,0,1,0,0,1,0,0,1,1,1,
5,1,0,1,1,0,1,1,0,0,0,1,1,0,0,1,0,0,1,0,1,
5,2,2,2,2,1,2,2,0,1,1,2,2,1,1,2,0,1,2,1,2,
5,2,1,2,2,2,2,2,0,1,1,2,2,1,2,2,0,1,2,2,2,
5,2,1,2,2,2,2,2,0,2,1,2,2,1,1,2,0,1,2,2,2,
4,1,1,2,2,1,2,2,0,2,1,2,2,1,2,2,0,1,2,2,2,
5,1,1,1,1,1,1,1,0,1,1,1,1,1,1,1,0,1,1,1,1,
4,2,2,2,2,1,2,2,0,1,1,2,2,1,2,2,0,1,2,1,2,
7,1,0,1,1,1,1,1,0,0,1,1,1,0,1,1,0,1,1,1,1,
5,0,1,2,1,1,1,2,0,1,1,1,1,0,1,2,0,1,1,1,1,
5,1,1,1,1,1,1,1,0,1,1,1,1,1,1,1,0,1,1,1,1,
5,1,1,1,1,1,1,1,0,1,1,1,1,1,1,1,0,1,1,1,1,
5,1,1,1,1,1,1,1,0,1,1,1,1,1,1,1,0,1,1,1,1,
7,1,1,1,1,1,1,1,0,1,1,1,1,1,1,1,0,1,1,1,1,
5,1,1,1,1,1,1,1,0,1,1,1,1,1,1,1,0,1,1,1,1,
5,1,1,1,1,1,1,1,0,1,1,1,1,1,1,1,0,1,1,1,1,
5,1,1,1,1,1,1,1,0,1,1,1,1,1,1,1,0,1,1,1,1,
5,1,1,1,1,1,1,1,0,1,1,1,1,1,1,1,0,1,1,1,1,
5,1,1,1,1,1,1,1,0,1,1,1,1,1,1,1,0,1,1,1,1,
5,1,1,1,1,1,1,1,0,1,1,1,1,1,1,1,0,1,1,1,1,
5,1,1,1,1,1,1,2,0,1,1,1,1,1,1,2,0,1,1,1,1,
5,1,1,1,1,1,1,1,0,1,1,1,1,1,1,1,0,1,1,1,1,
5,1,1,1,1,1,1,2,0,1,1,1,1,1,1,2,0,1,1,1,2,
5,1,1,1,1,1,1,1,0,1,1,1,1,1,1,1,0,1,1,1,1,
5,1,1,1,1,1,1,2,0,1,1,1,2,1,1,2,0,1,1,1,2,
5,1,1,1,1,1,1,2,0,1,1,1,1,1,1,2,0,1,1,1,1,
5,1,1,1,1,1,1,2,0,1,1,2,2,1,1,2,0,1,1,1,2,
5,1,1,1,2,1,1,2,0,1,1,2,1,1,1,2,0,1,1,1,2,
4,1,2,1,2,1,1,2,0,1,1,2,2,1,1,2,0,1,1,2,2,
4,1,1,2,1,1,1,2,0,1,1,2,1,1,1,2,0,1,1,1,1,
4,2,2,1,2,1,2,2,0,1,1,2,2,2,1,2,0,1,1,1,2,
4,1,2,1,2,1,1,2,0,1,1,1,2,1,1,2,0,1,1,1,2,
4,1,2,1,2,1,1,2,0,2,1,2,2,2,2,2,0,1,1,2,2,
8,1,1,1,1,0,1,1,0,0,1,1,1,1,1,1,0,0,1,1,1,
10,4,4,1,4,1,1,4,0,1,4,4,4,1,4,4,0,1,1,4,4,
5,1,1,0,1,1,1,1,0,0,1,1,1,1,1,1,0,0,0,1,1,
5,1,1,1,1,1,1,1,0,1,1,1,1,1,1,1,0,1,1,1,1,
4,0,1,1,1,0,1,1,0,0,0,1,1,1,1,1,0,0,0,0,1,
5,1,1,1,1,1,1,1,0,1,1,1,1,1,1,1,0,0,1,1,1,
5,1,1,1,1,1,1,1,0,1,1,1,1,1,1,1,0,0,1,1,1,
5,1,1,1,1,1,1,1,0,1,1,1,1,1,1,1,0,1,1,1,1,
5,1,1,1,1,1,1,1,0,1,1,1,1,1,1,1,0,1,1,1,1,
5,1,1,1,1,1,1,2,0,1,1,1,1,1,1,1,0,1,1,1,1,
5,1,1,1,1,1,1,1,0,1,1,1,1,1,1,1,0,1,1,1,1,
5,1,2,1,1,1,1,2,0,1,1,1,1,1,1,2,0,1,1,1,2,
5,1,1,1,1,1,1,2,0,1,1,1,1,1,1,2,0,1,1,1,1,
5,1,2,1,1,1,1,2,0,1,1,1,2,1,1,2,0,1,1,1,2,
5,1,1,1,1,1,1,1,0,1,1,1,1,1,1,1,0,1,1,1,1,
5,1,1,1,1,1,1,2,0,1,1,1,1,1,1,1,0,1,1,1,1,
5,1,1,1,1,1,1,2,0,1,1,1,1,1,1,1,0,1,1,1,1,
5,1,1,1,2,1,1,2,0,1,2,2,1,1,1,2,0,1,1,1,2,
5,1,1,1,1,1,1,1,0,1,1,1,1,1,1,1,0,1,1,1,1,
5,1,1,1,2,1,1,2,0,1,2,2,2,1,1,2,0,1,1,1,2,
5,1,1,1,1,1,1,2,0,1,1,2,2,1,1,2,0,1,1,1,1,
4,1,1,1,1,1,1,2,0,1,1,2,1,1,2,2,0,1,1,1,1,
7,1,1,1,1,1,1,2,0,1,1,1,1,1,1,2,0,1,1,1,2,
4,1,1,1,1,1,1,2,0,1,1,1,2,1,1,2,0,1,1,1,2,
4,1,1,1,2,1,1,2,0,1,2,2,2,2,2,2,0,1,1,1,2,
4,2,1,1,2,1,1,2,0,1,2,2,2,1,2,2,1,1,1,1,2,
4,1,1,1,2,1,1,2,0,1,1,2,2,1,1,2,1,1,1,1,2,
6,1,1,1,1,1,1,1,0,1,1,1,1,1,1,1,0,1,1,1,1,
5,1,1,0,1,0,1,1,0,0,1,1,1,1,1,1,0,0,1,1,1,
5,1,1,1,1,1,1,1,0,1,1,1,1,1,1,1,0,1,1,1,1,
5,1,1,1,1,1,1,1,0,1,1,1,1,1,1,1,0,0,1,1,1,
5,1,1,1,1,1,1,1,0,1,1,1,1,1,1,1,0,1,1,1,1,
5,1,1,1,1,1,1,1,0,1,1,1,1,1,1,1,0,1,1,1,1,
5,1,1,1,1,1,1,1,0,1,1,1,1,1,1,1,0,1,1,1,1,
5,1,1,1,1,1,1,1,0,1,1,1,1,1,1,1,0,1,1,1,1,
5,1,1,1,1,1,1,1,0,1,1,1,1,1,1,1,0,1,1,1,1,
5,1,1,1,1,1,1,1,0,1,1,1,1,1,1,1,0,1,1,1,1,
5,1,1,1,1,1,1,2,0,1,1,1,1,1,1,1,0,1,1,1,2,
5,1,1,1,1,1,1,1,0,1,1,1,1,1,1,1,0,1,1,1,1,
5,1,2,1,2,1,1,2,0,1,1,1,1,1,1,2,0,1,1,1,2,
5,1,1,1,1,1,1,2,0,1,1,1,1,1,1,1,0,1,1,1,1,
5,1,1,1,1,1,1,2,0,1,1,1,1,1,1,1,0,1,1,1,2,
5,1,1,1,1,1,1,1,0,1,1,1,1,1,1,1,0,1,1,1,1,
5,1,1,1,1,1,1,1,0,1,1,1,1,1,1,1,0,1,1,1,1,
5,1,1,1,1,1,1,1,0,1,1,1,1,1,1,1,0,1,1,1,1,
5,1,1,2,1,1,1,1,0,1,1,1,1,1,1,1,0,1,1,1,1,
5,1,1,1,1,1,1,1,0,1,1,1,1,1,1,1,0,1,1,1,1,
5,1,1,1,1,1,1,2,0,1,2,1,2,1,1,2,0,1,1,1,2,
4,1,1,1,1,1,1,2,0,1,1,1,1,1,1,1,0,1,1,1,2,
4,1,2,1,2,2,1,2,0,1,1,2,2,2,1,2,0,1,1,1,2,
4,1,1,1,1,1,1,2,0,1,1,1,1,1,1,1,0,1,1,1,2,
5,1,1,1,1,1,0,1,0,1,1,1,1,1,1,1,0,0,1,1,1,
5,1,1,0,1,1,0,1,0,0,1,1,1,1,1,1,0,0,1,1,1,
4,0,1,1,1,1,0,1,0,1,1,1,1,1,1,1,0,0,0,1,1,
4,0,1,0,1,1,0,1,0,0,1,1,1,1,1,1,0,0,0,1,1,
5,1,1,1,1,1,0,1,0,1,1,1,1,1,1,1,0,0,1,1,1,
5,1,1,1,1,1,1,1,0,0,1,1,1,1,1,1,0,0,1,1,1,
5,1,1,1,1,1,1,1,0,1,1,1,1,1,1,1,0,1,1,1,1,
5,1,1,1,1,1,1,1,0,1,1,1,1,1,1,1,0,1,1,1,1,
5,1,1,1,1,1,1,1,0,1,1,1,1,1,1,1,0,1,1,1,1,
5,1,1,1,1,1,1,1,0,1,1,1,1,1,1,1,0,1,1,1,1,
5,1,1,1,1,1,1,1,0,1,1,1,1,1,1,1,0,1,1,1,1,
5,1,1,1,1,1,1,1,0,1,1,1,1,1,1,1,0,1,1,1,1,
5,1,1,1,1,1,1,1,0,1,1,1,1,1,1,1,0,1,1,1,1,
5,1,1,1,1,1,1,1,0,1,1,1,1,1,1,1,0,1,1,1,1,
5,1,1,1,1,1,1,1,0,1,1,1,1,1,1,1,0,1,1,1,1,
5,1,2,2,2,1,1,2,0,1,2,1,2,1,2,2,0,1,1,1,2,
5,1,1,1,1,1,1,2,0,1,2,2,2,1,2,2,0,1,1,1,2,
6,1,2,1,2,1,2,2,0,1,2,2,2,1,2,2,0,1,1,2,2,
29,1,1,1,1,22,1,1,0,1,1,1,1,22,1,1,0,1,1,1,1,
6,1,1,1,1,0,1,1,0,0,0,1,1,0,1,1,0,0,1,1,1,
5,1,1,1,1,1,1,1,0,1,1,1,1,1,1,1,0,1,2,1,1,
5,1,1,1,2,1,1,2,0,1,1,2,1,1,2,2,0,1,1,1,2,
4,1,1,1,2,1,1,2,0,1,1,1,2,1,1,2,0,2,1,1,2,
6,1,1,1,2,1,1,2,0,1,1,2,2,1,1,2,0,1,1,1,2,
4,0,1,1,1,0,0,1,0,1,1,0,1,0,1,1,0,0,0,1,1,
4,1,0,0,1,0,0,1,0,0,1,0,1,0,1,1,0,0,0,1,1,
5,0,0,1,1,0,1,1,0,1,1,1,1,1,1,1,0,1,1,1,1,
5,1,1,1,1,1,1,2,0,1,1,1,1,0,1,2,0,0,1,1,2,
5,1,1,1,1,1,1,1,0,1,1,1,1,1,1,1,0,0,1,2,1,
5,1,1,1,1,1,1,1,0,1,1,1,1,1,1,1,0,1,1,1,1,
5,1,2,2,1,1,1,2,0,1,1,1,1,1,1,1,0,1,1,1,1,
5,1,1,1,1,1,1,2,0,1,1,1,1,1,1,1,0,1,0,1,1,
5,1,1,1,1,1,1,2,0,1,1,1,1,1,1,1,0,0,1,1,1,
5,1,1,1,1,1,1,2,0,1,1,1,1,1,2,1,0,1,1,1,1,
5,1,1,2,1,1,1,2,0,1,1,1,1,1,2,1,0,1,1,1,1,
5,1,1,1,1,1,1,2,0,1,1,1,1,1,2,1,0,1,1,1,1,
5,1,1,1,1,1,2,2,0,1,1,2,1,1,2,2,0,1,1,1,1,
5,1,1,1,1,1,1,2,0,1,1,2,2,1,1,1,0,1,1,2,1,
5,1,1,2,1,1,1,2,0,1,1,2,2,1,2,2,0,1,1,1,1,
5,1,1,2,1,1,1,2,0,1,1,2,2,1,2,2,0,1,1,1,1,
5,1,1,2,1,1,1,2,0,1,1,2,2,1,2,2,0,1,1,1,2,
5,1,1,1,2,1,2,2,0,1,1,2,2,1,2,2,0,1,1,2,2,
5,1,1,2,1,1,1,2,0,1,1,2,2,1,1,2,0,2,1,2,2,
5,1,1,1,2,1,1,2,0,1,1,2,2,1,2,2,0,1,1,2,2,
5,1,1,2,1,1,1,2,0,1,1,2,2,1,2,2,0,1,0,2,2,
6,1,1,2,2,1,1,2,0,1,1,2,2,1,2,2,0,1,1,2,2,
6,1,1,2,2,1,1,2,0,2,1,2,2,1,2,2,0,2,1,2,2,
5,1,2,1,2,1,2,2,0,1,1,1,2,1,2,2,0,1,1,1,2,
5,1,1,2,2,1,2,2,0,1,1,2,2,1,2,2,0,1,1,2,2,
5,1,1,2,2,1,2,2,0,1,2,2,2,1,2,2,0,1,1,2,2,
5,1,2,2,2,1,2,2,0,1,2,2,2,1,2,2,0,1,2,2,2,
5,0,1,1,1,0,1,1,0,0,1,1,1,0,1,1,0,1,1,1,1,
5,1,1,1,1,0,1,1,0,1,1,1,1,1,1,1,0,1,1,1,1,
5,0,1,1,1,0,1,1,0,0,1,1,1,0,1,1,0,1,1,1,1,
5,1,1,1,1,0,1,1,0,1,1,1,1,1,1,1,0,0,1,1,1,
5,1,1,1,1,0,1,1,0,0,1,1,1,1,1,1,0,1,1,1,1,
6,1,1,1,2,1,2,2,0,1,1,1,2,1,2,2,0,1,1,2,2,
5,1,1,1,1,0,1,1,0,1,1,1,1,1,1,1,0,1,1,1,1,
5,1,1,1,1,1,1,1,0,1,1,1,1,1,1,1,0,1,1,1,1,
5,1,1,1,1,1,1,1,0,0,1,1,1,1,1,1,0,1,1,1,1,
7,0,1,2,2,1,1,2,0,0,1,1,2,1,1,2,0,1,1,1,2,
9,0,1,2,2,1,1,2,0,0,1,1,2,1,1,2,0,1,1,2,2,
8,1,2,2,2,1,1,2,0,1,2,2,2,1,1,2,0,1,2,2,2,
8,0,2,2,2,1,1,3,0,0,2,2,2,1,1,3,0,0,2,2,2,
8,3,3,3,3,3,3,3,0,3,3,3,3,3,3,3,0,3,3,3,3,
8,1,2,3,3,2,2,3,0,1,2,3,3,2,3,3,0,1,3,3,3,
7,2,2,2,2,2,2,2,0,2,2,2,2,2,2,2,0,2,2,2,2,
7,2,2,2,2,2,2,2,2,2,2,2,2,2,2,2,0,2,2,2,2,
7,1,1,1,2,1,1,2,1,1,1,1,2,1,2,2,0,1,1,1,2,
6,0,1,1,1,1,1,1,0,1,1,1,1,1,1,1,0,0,1,1,1,
6,0,1,1,1,0,1,1,0,0,0,1,1,0,1,1,0,0,1,1,1,
5,1,1,1,1,1,1,2,0,1,1,1,2,1,2,2,0,1,1,1,1,
5,1,1,2,1,1,2,2,0,1,1,2,1,1,2,1,0,1,1,1,1,
5,1,1,2,2,1,1,2,0,1,1,1,2,1,2,2,0,1,1,1,1,
4,1,2,2,2,1,1,2,0,1,1,2,1,1,2,2,0,1,1,2,2,
4,1,1,2,2,1,2,2,0,1,1,2,1,1,2,2,0,2,2,2,2,
5,1,2,2,2,1,2,2,1,2,2,2,2,1,2,2,0,1,2,2,2,
4,1,1,2,2,1,2,2,0,1,1,2,2,1,2,2,0,1,2,1,2,
5,0,1,1,1,1,1,1,0,1,1,1,1,1,1,1,0,1,1,1,1,
5,0,0,1,1,0,1,1,0,0,1,1,1,0,1,1,0,0,1,1,1,
5,1,1,1,1,1,1,1,0,1,1,1,1,1,1,1,0,1,1,1,1,
5,0,1,1,1,1,1,1,0,1,1,1,1,1,1,1,0,1,1,1,1,
5,0,1,1,1,1,1,1,0,1,1,1,1,1,1,1,0,1,1,1,1,
5,1,1,1,1,1,1,1,0,1,1,1,1,1,1,1,0,1,1,1,1,
5,1,1,1,1,1,1,1,0,1,1,1,1,1,1,1,0,1,1,1,1,
5,0,1,1,1,1,1,1,0,1,1,1,1,1,1,1,0,1,1,1,1,
7,1,1,1,1,1,1,1,0,1,1,1,1,1,1,1,0,1,1,1,1,
5,1,1,1,1,1,1,1,0,1,1,1,1,1,1,1,0,1,1,1,1,
5,1,1,2,1,1,1,2,0,1,1,1,1,1,1,1,0,1,1,1,1,
5,1,1,1,1,1,1,1,0,1,1,1,1,1,1,1,0,1,1,1,1,
7,1,1,2,1,1,1,2,0,1,1,2,2,1,1,2,0,1,1,1,2,
5,0,1,1,1,1,1,1,0,1,1,1,1,1,1,1,0,1,1,2,1,
6,1,1,1,2,1,1,3,0,1,1,1,3,2,1,3,0,1,1,2,3,
5,1,1,2,2,1,1,2,0,1,1,2,2,1,1,2,0,1,1,2,2,
5,1,1,1,1,1,1,2,0,1,1,1,1,1,1,1,0,1,1,1,1,
5,1,1,1,1,1,1,1,0,1,1,1,1,1,1,1,0,1,1,1,1,
5,1,1,1,2,1,1,2,0,1,1,1,1,1,1,1,0,1,1,1,1,
27,1,1,1,1,1,1,23,0,1,1,1,1,1,1,23,0,1,1,1,1,
6,0,1,1,1,0,1,1,0,0,0,1,1,0,1,1,0,0,0,1,1,
5,1,1,1,1,1,1,2,0,1,1,1,1,1,1,2,0,1,1,1,1,
4,1,1,2,1,1,1,2,0,1,1,1,2,1,1,2,0,1,1,2,1,
4,1,2,1,2,1,1,2,0,1,1,1,2,1,1,2,0,1,1,1,2,
4,1,1,1,2,1,2,2,0,1,1,2,2,1,1,2,0,1,1,2,1,
5,0,0,0,1,0,1,1,0,0,0,1,1,0,1,1,0,0,0,0,1,
5,0,1,1,1,0,1,1,0,1,1,1,1,1,1,1,0,1,0,1,1,
5,0,0,1,1,0,1,1,0,1,0,1,1,1,1,1,0,1,0,1,1,
5,0,1,1,1,0,1,1,0,1,1,1,1,1,1,1,0,0,0,1,1,
4,0,0,1,1,0,1,1,0,0,0,1,1,0,1,1,0,0,0,1,1,
5,0,1,1,1,0,1,1,0,1,1,1,1,1,1,1,0,1,0,1,1,
16,0,0,0,0,0,0,1,0,0,0,0,0,0,0,1,0,0,0,0,0,
5,1,1,1,1,1,1,2,0,1,1,2,1,1,1,2,0,1,1,1,2,
8,1,1,1,1,1,1,1,0,1,1,1,1,0,1,1,0,1,1,1,1,
5,0,1,1,1,0,1,1,0,1,1,1,1,0,1,1,0,1,1,1,1,
4,0,1,1,1,0,1,1,0,1,1,1,1,0,1,1,0,0,1,1,1,
5,0,1,1,1,0,1,1,0,1,1,1,1,0,1,1,0,0,1,1,1,
4,0,0,1,1,0,1,1,0,1,1,1,1,0,1,1,0,1,1,1,1,
5,0,1,1,1,0,1,1,0,1,1,1,1,1,1,1,0,1,1,1,1,
5,0,1,1,1,0,1,1,0,1,1,1,1,0,1,1,0,1,1,1,1,
5,1,1,1,1,0,1,1,0,1,1,1,1,1,1,1,0,1,1,1,1,
5,1,1,1,1,1,1,1,0,1,1,1,1,1,1,1,0,1,1,1,1,
5,1,1,1,1,1,1,1,0,1,1,1,1,1,1,1,0,1,1,1,1,
5,1,1,1,1,1,1,1,0,1,1,1,1,1,1,1,0,1,1,1,1,
5,1,1,1,1,1,1,1,0,1,1,1,1,1,1,1,1,1,1,1,1,
5,0,0,0,0,0,0,0,0,0,0,0,0,0,0,0,0,0,0,0,0,
5,0,0,0,0,0,0,1,0,0,0,0,0,0,0,0,0,0,0,0,0,
5,0,0,0,0,0,0,0,0,0,0,0,0,0,0,0,0,0,0,0,0,
4,0,0,0,0,0,0,0,0,0,0,0,0,0,0,0,0,0,0,0,0,
4,1,1,1,1,1,1,2,0,1,1,1,2,1,1,1,0,1,1,1,1,
4,1,1,1,2,1,1,2,1,1,1,1,2,1,1,2,0,1,1,1,2,
4,0,0,0,0,0,1,1,0,0,0,1,1,0,0,1,0,0,0,0,0,
4,0,1,0,1,0,0,1,0,0,0,0,1,0,1,1,0,0,0,0,1,
4,0,0,0,1,0,1,1,0,0,0,0,1,0,0,1,0,0,0,0,1,
6,0,0,0,1,0,1,1,0,1,1,1,1,1,1,1,0,1,1,1,1,
7,0,0,0,1,0,1,1,0,1,0,0,1,0,0,1,0,0,1,0,1,
4,0,0,1,1,0,1,1,0,1,0,0,1,0,1,1,0,0,1,0,1,
4,0,0,0,1,0,1,1,0,0,0,0,1,1,1,1,0,0,1,0,1,
4,0,0,1,1,0,1,1,0,0,1,1,1,0,1,1,0,1,1,0,1,
4,0,0,1,1,0,1,1,0,0,0,0,1,0,0,1,0,1,1,0,1,
6,0,1,1,1,0,1,1,0,0,1,1,1,0,1,1,0,1,1,0,1,
4,0,0,0,1,0,1,1,0,0,1,1,1,0,1,1,0,1,0,0,1,
5,0,0,1,1,0,1,1,0,1,1,1,1,1,1,1,0,1,1,1,1,
5,0,0,1,1,0,1,1,0,1,1,1,1,1,1,1,0,1,1,0,1,
5,1,1,1,1,1,1,1,0,1,1,1,1,1,1,1,0,1,1,1,1,
5,1,1,1,1,1,1,1,0,1,1,1,1,1,1,1,0,1,1,1,1,
5,1,1,1,1,1,1,2,0,1,1,1,1,1,1,2,0,1,1,1,1,
5,1,1,1,1,1,1,1,0,1,1,1,1,1,1,1,0,1,1,1,1,
5,1,1,1,2,1,1,2,0,1,1,1,1,1,1,2,0,1,1,1,1,
5,1,1,1,2,1,1,2,0,1,1,1,2,1,1,2,0,1,1,1,1,
5,1,1,1,2,1,1,2,0,1,1,2,1,1,1,2,0,1,1,2,1,
5,1,1,1,2,1,1,2,0,1,1,1,1,1,1,2,0,1,1,1,1,
5,1,1,1,2,1,1,2,0,1,2,1,2,1,1,2,0,1,1,1,1,
4,1,1,1,2,1,1,2,0,1,1,1,2,1,1,2,0,1,1,1,2,
4,1,1,1,2,1,1,2,0,1,2,1,2,1,2,2,0,2,1,1,2,
4,1,1,1,2,1,1,2,0,1,1,1,2,1,2,2,0,1,1,1,2,
7,1,1,1,2,1,1,2,0,1,1,1,2,1,1,2,0,1,1,1,1,
4,0,0,0,1,0,1,1,0,0,0,1,1,0,1,1,0,0,0,0,1,
5,0,0,0,1,0,1,1,0,1,1,1,1,0,0,1,0,1,1,0,1,
4,0,0,0,1,0,1,1,0,0,0,1,1,0,1,1,0,1,0,0,1,
4,0,0,0,1,0,1,1,0,1,1,1,1,0,0,1,0,1,1,0,1,
4,1,1,1,1,1,1,2,0,1,1,1,2,1,1,1,0,1,1,1,1,
4,0,0,0,1,0,1,1,0,1,1,1,1,0,1,1,0,1,1,0,1,
4,0,0,1,1,0,1,1,0,0,1,1,1,0,1,1,0,1,1,0,1,
5,0,0,1,1,0,1,1,0,1,1,1,1,1,1,1,0,1,1,1,1,
4,1,0,1,1,0,1,1,0,0,1,1,1,1,1,1,0,1,1,0,1,
4,1,0,1,1,0,1,1,0,0,1,1,1,0,1,1,0,1,1,0,1,
4,0,0,1,1,0,1,1,0,1,1,1,1,1,1,1,0,0,1,0,1,
5,1,0,1,1,0,1,1,0,1,1,1,1,1,1,1,0,1,1,1,1,
4,0,0,1,1,0,1,1,0,1,1,1,1,0,1,1,0,1,1,0,1,
5,1,1,1,1,0,1,1,0,1,1,1,1,1,1,1,0,1,1,1,1,
5,1,1,1,1,0,1,1,0,1,1,1,1,0,1,1,0,1,1,1,1,
5,1,1,1,1,1,1,1,0,1,1,1,1,1,1,1,0,1,1,1,1,
5,1,1,1,1,0,1,1,0,1,1,1,1,1,1,1,0,1,1,1,1,
5,1,1,1,1,1,1,1,0,1,1,1,1,1,1,1,0,1,1,1,1,
5,1,1,1,1,1,1,1,0,1,1,1,1,1,1,1,0,1,1,1,1,
5,1,1,1,1,1,1,1,0,1,1,1,1,1,1,1,0,1,1,1,1,
5,1,1,1,1,1,1,1,0,1,1,1,1,1,1,1,0,1,1,1,1,
5,1,1,1,1,1,1,2,0,1,1,1,1,1,1,2,0,1,1,1,1,
4,1,1,1,1,1,1,1,0,1,1,1,1,1,1,2,0,1,1,1,1,
4,1,1,2,2,1,1,2,0,1,1,1,2,1,1,2,0,2,1,1,2,
7,1,1,1,1,1,1,2,0,1,1,1,2,1,1,1,0,1,1,1,1,
4,1,1,1,2,1,1,2,0,2,1,1,2,1,2,2,0,2,1,1,2,
4,1,0,1,1,0,1,1,0,0,1,1,1,1,1,1,0,0,1,0,1,
4,0,0,0,1,1,1,1,0,0,0,1,1,0,1,1,0,1,1,0,1,
4,0,0,0,1,0,1,1,0,1,1,1,1,0,1,1,0,1,1,1,1,
4,0,0,1,1,0,1,1,0,0,0,1,1,1,1,1,0,1,1,0,1,
4,0,0,0,1,0,1,1,0,1,0,1,1,0,1,1,0,0,1,0,1,
4,0,0,0,1,0,1,1,0,1,0,0,1,0,1,1,0,0,1,1,1,
4,0,0,0,1,0,1,1,0,1,1,1,1,0,1,1,0,1,1,1,1,
5,1,1,1,1,1,1,1,0,1,1,1,1,1,1,1,0,1,1,1,1,
5,0,1,1,1,0,1,1,0,1,1,1,1,0,1,1,0,1,1,1,1,
5,0,0,1,1,0,1,1,0,1,1,1,1,1,1,1,0,0,1,1,1,
5,1,1,1,1,0,1,1,0,1,1,1,1,1,1,1,0,1,1,1,1,
5,1,1,1,1,1,1,1,0,1,1,1,1,1,1,1,0,1,1,1,1,
5,0,1,1,1,0,1,1,0,1,1,1,1,0,1,1,0,1,1,1,1,
5,1,1,1,1,0,1,1,0,0,1,1,1,1,1,1,0,1,1,1,1,
5,0,1,1,1,0,1,1,0,1,1,1,1,0,1,1,0,1,1,1,1,
5,1,1,1,1,1,1,1,0,1,1,1,1,1,1,1,0,1,1,1,2,
5,1,1,1,1,1,1,1,0,1,1,1,1,1,1,1,0,1,1,1,1,
5,1,1,1,1,1,1,2,0,1,1,1,1,1,1,2,0,1,1,1,1,
5,1,1,1,1,1,1,1,0,1,1,1,1,1,1,1,0,1,1,1,2,
5,1,1,1,2,1,1,2,0,1,1,1,2,1,2,2,0,2,1,1,2,
7,1,1,1,1,1,1,2,0,1,1,1,1,1,1,2,0,1,1,1,2,
4,0,0,0,1,0,1,1,0,0,0,1,1,0,1,1,0,0,1,0,1,
4,1,1,1,2,1,1,2,0,1,1,1,2,1,2,2,0,1,1,1,2,
4,1,1,1,2,1,1,2,0,1,1,1,2,1,2,2,0,1,1,2,2,
5,0,0,0,1,0,1,1,0,1,0,0,1,0,1,1,0,0,0,1,1,
4,0,0,1,1,0,1,1,0,0,0,0,1,0,1,1,0,0,1,0,1,
5,1,1,1,1,1,1,1,0,1,1,1,1,1,1,1,0,1,1,1,1,
5,0,0,1,1,0,0,1,0,0,0,1,1,0,0,1,0,0,1,0,1,
4,0,0,0,1,0,1,1,0,0,0,0,1,0,0,1,0,0,0,0,1,
4,0,0,0,1,0,0,1,0,0,0,1,1,0,0,1,0,0,1,1,1,
4,0,0,1,1,0,0,1,0,0,0,1,1,0,0,1,0,0,1,0,1,
5,0,0,1,1,0,1,1,0,0,0,1,1,0,0,1,0,1,1,0,1,
5,0,0,1,1,0,0,1,0,0,1,1,1,0,1,1,0,0,1,0,1,
5,0,0,1,1,0,1,1,0,1,1,1,1,1,0,1,0,1,1,1,1,
5,0,0,1,1,0,1,1,0,1,1,1,1,0,1,1,0,1,1,1,1,
5,1,1,1,1,1,2,2,0,1,1,1,1,1,2,1,0,1,1,1,1,
5,0,0,1,1,0,1,1,0,1,1,1,1,0,1,1,0,1,1,1,1,
5,0,0,1,1,0,1,1,0,1,1,1,1,0,1,1,0,1,1,1,1,
5,0,1,1,1,0,1,1,0,0,1,1,1,0,1,1,0,1,1,1,1,
5,1,1,1,1,1,1,2,0,1,1,1,1,1,1,2,0,1,1,1,1,
5,1,1,1,1,1,1,2,0,1,1,1,1,1,1,2,0,1,1,1,1,
6,1,1,1,1,1,2,2,0,1,1,1,1,1,2,2,0,1,1,1,2,
5,1,1,1,1,1,1,1,0,1,1,1,1,1,1,1,0,1,1,1,1,
5,1,1,1,1,1,1,2,0,1,1,1,1,1,1,2,0,1,1,1,2,
5,1,1,2,1,1,1,2,0,1,1,1,1,1,1,2,0,1,1,1,2,
5,1,2,1,1,1,1,2,0,1,1,1,2,1,2,2,0,1,1,1,2,
5,1,1,1,1,1,1,2,0,1,1,1,1,1,2,2,0,1,1,1,2,
6,1,1,1,2,1,1,2,0,2,1,2,2,1,1,2,0,1,1,1,2,
4,1,2,2,1,1,1,2,0,1,1,1,2,1,2,2,0,1,1,1,2,
4,1,1,1,2,1,2,2,0,1,1,2,2,1,2,2,0,1,1,1,2,
4,1,2,1,2,1,1,2,1,1,1,2,2,1,1,2,0,1,1,1,2,
4,1,1,2,2,1,2,2,0,1,2,2,2,1,2,2,0,1,1,1,2,
4,1,1,2,2,1,1,2,0,1,2,1,2,1,2,2,0,1,1,1,2,
5,0,1,1,1,0,1,1,0,1,1,1,1,0,1,1,0,1,1,1,1,
5,0,1,1,1,0,1,1,0,0,1,1,1,0,1,1,0,0,1,1,1,
4,0,0,1,1,0,0,1,0,0,1,1,1,0,0,1,0,1,0,0,1,
4,0,1,1,1,0,0,1,0,0,1,1,1,0,0,1,0,0,0,0,1,
5,0,1,1,1,0,0,1,0,0,1,1,1,0,0,1,0,1,0,1,1,
5,0,1,1,1,0,1,1,0,1,1,1,1,0,1,1,0,1,1,1,1,
5,0,1,1,1,0,1,1,0,1,1,1,1,0,1,1,0,0,1,1,1,
5,0,1,1,1,0,0,1,0,1,1,1,1,0,1,1,0,0,1,1,1,
5,0,1,1,1,0,1,1,0,1,1,1,1,0,1,1,0,1,1,1,1,
5,0,1,1,1,0,1,1,0,1,1,1,1,0,1,1,0,0,1,1,1,
5,1,1,1,1,1,1,1,0,1,1,1,1,1,1,1,0,1,1,1,1,
5,1,1,1,2,1,1,2,0,2,1,2,2,1,1,2,0,1,1,1,2,
5,1,1,1,1,0,1,1,0,1,1,1,1,1,1,1,0,1,1,1,1,
8,1,4,4,4,1,4,4,0,4,1,1,4,1,4,4,0,1,1,1,4,
5,1,1,1,1,1,1,1,0,1,1,1,1,1,1,1,0,1,1,1,1,
5,1,1,1,1,1,1,1,0,1,1,1,1,1,1,1,0,1,1,1,1,
5,1,1,1,2,1,1,2,0,1,2,1,2,1,1,2,0,1,1,1,2,
5,1,1,1,1,1,1,1,0,1,1,1,1,1,1,1,0,1,1,1,1,
5,1,1,1,1,1,1,2,0,1,1,1,1,1,1,2,0,1,1,1,1,
6,0,1,1,1,0,1,1,0,0,1,0,1,0,1,1,0,0,1,1,1,
6,0,1,1,1,0,1,2,0,0,1,1,1,1,1,1,0,1,1,1,1,
6,1,1,1,1,1,1,1,0,1,1,1,1,1,1,1,0,1,1,1,1,
5,0,1,1,1,0,1,1,0,0,1,1,1,0,0,1,0,0,1,1,1,
4,1,1,1,1,1,1,1,0,1,1,1,2,1,1,1,0,1,1,1,1,
4,0,0,1,1,0,0,1,0,0,0,0,1,0,0,1,0,0,1,0,1,
5,0,0,0,1,1,1,1,0,0,1,1,1,0,1,1,0,0,1,1,1,
5,1,1,1,1,1,1,1,0,1,1,1,1,1,1,1,0,1,1,1,1,
4,0,0,0,1,0,1,1,0,0,1,0,1,0,1,1,0,0,0,1,1,
4,0,0,1,1,0,1,1,0,0,1,1,1,0,1,1,0,0,1,0,1,
7,1,1,1,1,1,1,1,0,1,1,1,1,1,1,1,0,1,1,1,1,
6,1,1,1,1,1,1,2,0,0,1,2,1,1,1,2,0,0,1,1,1,
6,2,1,1,1,2,3,1,0,2,1,1,1,2,3,1,0,2,1,1,1,
5,1,1,1,1,1,1,2,0,1,1,1,2,1,1,2,0,1,1,1,2,
5,0,1,0,1,0,1,1,0,1,1,1,1,1,1,1,0,1,0,1,1,
8,0,1,0,1,0,1,1,0,1,1,1,1,1,1,1,0,0,1,1,1,
5,1,1,1,1,0,1,1,0,0,1,1,1,1,1,1,0,1,1,1,1,
5,0,1,1,1,1,1,2,0,1,1,1,1,1,1,1,0,1,1,1,1,
5,1,1,1,1,0,1,1,0,0,1,1,1,1,1,1,0,1,1,1,1,
5,1,1,1,1,1,1,2,0,1,1,1,1,1,1,2,0,1,1,1,1,
5,1,1,1,1,1,1,2,0,1,1,1,1,1,1,2,0,1,1,1,1,
7,0,1,0,1,0,0,1,0,0,0,1,1,0,1,1,0,0,0,0,1,
6,1,1,1,1,1,1,1,0,1,1,1,1,1,1,1,0,1,1,1,1,
6,1,1,1,1,1,1,1,0,1,1,1,1,1,1,1,0,1,1,1,1,
6,0,1,0,1,0,1,1,0,1,0,1,1,0,1,1,0,0,1,1,1,
5,1,1,1,2,1,2,2,0,1,1,1,2,1,2,2,0,1,1,1,2,
5,1,1,1,2,1,2,2,0,1,1,1,2,1,1,2,0,1,1,1,2,
5,1,1,1,2,1,2,2,0,1,1,1,2,1,2,2,0,1,1,1,2,
4,1,1,1,2,1,1,2,0,1,1,1,2,1,1,2,0,1,1,1,2,
4,1,1,1,2,1,2,2,0,2,1,1,2,1,2,2,0,1,2,1,2,
4,1,1,1,1,1,2,2,0,1,1,1,1,1,2,2,0,1,1,1,2,
4,1,1,1,2,1,2,2,1,1,1,1,2,1,2,2,0,1,2,1,2,
4,0,0,0,1,0,0,1,0,0,0,0,0,0,0,1,0,0,0,0,1,
5,0,1,0,1,0,1,1,0,1,0,1,1,0,0,1,0,1,0,0,1,
4,0,0,0,1,0,0,1,0,0,1,1,1,0,1,1,0,1,0,0,1,
5,0,1,0,1,0,0,1,0,0,0,1,1,0,1,1,0,1,1,0,1,
5,0,1,0,1,0,1,1,0,0,0,1,1,0,1,1,0,1,1,0,1,
5,1,1,0,1,0,1,1,0,0,1,1,1,0,1,1,0,1,1,1,1,
5,0,1,0,1,0,1,1,0,1,1,1,1,0,1,1,0,1,0,0,1,
5,1,1,1,1,0,1,1,0,1,1,1,1,0,1,1,0,0,1,1,1,
5,1,1,1,1,0,1,1,0,0,1,1,1,0,1,1,0,1,1,1,1,
5,1,1,1,1,1,1,2,0,1,1,1,2,1,1,2,0,1,1,1,1,
5,1,1,1,1,1,1,2,0,1,1,1,1,1,1,2,0,1,1,1,1,
5,1,1,1,1,0,1,1,0,1,1,1,1,1,1,1,0,1,1,1,1,
5,1,1,1,2,1,1,2,0,1,2,1,2,1,2,2,0,1,1,1,2,
6,1,2,1,2,1,1,2,0,2,1,2,2,1,2,2,0,2,1,1,2,
5,0,0,0,1,0,0,1,0,0,0,0,1,0,0,1,0,0,1,0,1,
5,1,1,1,1,1,1,2,0,1,1,1,2,1,1,1,0,1,1,1,1,
5,1,1,1,1,1,1,1,0,1,1,1,1,1,1,1,0,1,1,1,1,
5,1,1,1,1,1,1,1,0,1,1,1,1,1,1,1,0,1,1,1,1,
5,1,1,1,1,1,1,1,0,1,1,1,1,1,1,1,0,1,1,1,1,
5,1,1,1,1,1,1,2,0,1,1,1,1,1,1,1,0,1,1,1,1,
5,1,1,1,1,1,1,1,0,1,1,1,1,1,1,1,0,1,1,1,1,
5,1,1,1,1,1,1,2,0,1,1,1,2,1,1,1,0,1,1,1,1,
4,1,1,1,1,1,1,2,0,1,1,1,1,1,1,2,0,1,1,1,1,
4,1,1,1,2,1,1,2,0,1,1,1,1,1,1,2,1,1,1,1,2,
4,1,1,1,1,1,1,2,0,1,1,1,2,1,1,2,0,1,1,1,2,
4,0,0,0,1,0,0,1,0,0,0,0,1,0,0,1,0,0,0,0,1,
4,0,0,0,1,0,0,1,0,0,0,0,1,0,0,1,0,0,0,0,1,
4,0,1,1,1,0,1,1,0,0,1,1,1,0,1,1,0,1,0,0,1,
5,1,1,1,1,0,2,1,0,1,1,1,1,1,2,1,0,1,1,1,1,
5,0,1,1,1,0,1,1,0,0,1,1,1,0,1,1,0,1,1,1,1,
5,0,1,0,1,0,1,1,0,0,1,1,1,0,1,1,0,1,1,1,1,
5,0,1,1,1,0,1,1,0,1,1,1,1,0,1,1,0,0,1,0,1,
5,0,1,1,1,0,1,1,0,1,1,1,1,0,1,1,0,1,1,1,1,
5,1,1,1,1,1,1,1,0,1,1,1,1,1,1,2,0,1,1,1,1,
5,1,1,1,1,1,1,2,0,1,1,1,1,1,1,1,0,1,1,1,1,
5,1,1,1,1,0,1,1,0,1,1,1,1,1,1,1,0,1,1,1,1,
5,1,1,1,1,1,1,2,0,1,1,1,2,1,1,1,0,1,1,1,1,
5,1,1,1,1,1,1,2,0,1,1,1,2,1,1,2,0,1,1,1,2,
5,1,1,1,1,1,1,1,0,1,1,1,1,1,1,1,0,1,1,1,1,
5,1,1,1,1,1,1,1,0,1,1,1,1,1,1,1,0,1,1,1,1,
5,1,1,1,1,1,1,2,0,1,1,1,1,1,1,2,0,1,1,1,1,
5,1,1,1,2,1,1,2,0,1,1,1,2,1,1,2,0,1,1,1,2,
5,1,1,1,2,1,1,2,0,1,1,1,2,1,1,2,0,1,1,1,2,
5,1,1,1,2,1,1,2,0,1,1,1,2,1,2,2,0,1,1,1,2,
25,1,1,1,2,1,1,2,0,1,1,1,21,1,1,2,0,1,1,1,1,
6,1,0,1,1,1,1,1,0,1,0,1,1,0,1,1,0,1,1,1,1,
5,1,1,1,2,1,2,2,0,1,1,1,2,1,1,2,0,1,1,1,1,
5,1,1,1,1,1,1,2,0,1,1,1,1,1,1,1,0,1,1,1,1,
5,1,1,1,1,1,1,1,0,1,1,1,1,1,1,2,0,1,1,1,1,
4,1,1,2,2,1,2,2,0,1,1,1,2,1,2,2,0,1,1,1,1,
4,1,1,1,1,1,1,2,0,1,1,1,1,1,1,2,0,1,1,1,1,
5,1,1,1,1,1,1,1,0,1,1,1,1,1,1,1,0,1,1,1,1,
7,0,0,0,1,0,1,1,0,0,0,0,1,0,1,1,0,0,0,0,1,
4,0,0,0,1,0,1,1,0,1,0,1,1,0,1,1,0,0,0,1,1,
5,1,1,1,1,0,1,1,0,0,1,0,1,0,1,1,0,0,0,0,1,
5,1,1,1,1,0,1,1,0,1,0,1,1,0,1,1,0,1,1,1,1,
5,1,1,1,1,0,1,1,0,1,0,1,1,0,1,1,0,0,1,1,1,
5,1,1,1,1,0,1,1,0,1,0,1,1,0,1,1,0,1,1,1,1,
5,1,1,1,1,0,1,1,0,0,0,1,1,0,1,1,0,1,1,1,1,
5,1,1,1,1,0,1,1,0,1,1,1,1,0,1,1,0,1,1,1,1,
5,1,1,1,1,0,1,1,0,1,1,1,1,0,1,1,0,1,1,1,1,
5,1,1,1,1,1,1,2,0,1,1,1,1,1,1,2,0,1,1,1,1,
5,1,1,1,1,1,1,1,0,1,1,1,1,1,1,1,0,1,1,1,1,
5,1,1,1,1,1,1,2,0,1,1,1,1,1,1,2,0,1,1,1,2,
5,1,1,1,1,1,1,2,0,1,1,1,1,1,1,2,0,1,1,1,1,
5,1,2,1,2,1,1,2,0,1,1,1,2,1,1,2,0,1,1,1,1,
5,1,1,1,2,1,1,2,0,1,1,1,1,1,1,2,0,1,1,1,1,
5,1,1,1,1,1,1,1,0,1,1,1,1,1,1,1,0,1,1,1,1,
5,1,1,1,1,1,1,1,0,1,1,1,1,1,1,1,0,1,1,1,1,
5,1,1,1,1,1,1,1,0,1,1,1,1,1,1,1,0,1,1,1,1,
5,1,1,1,1,1,1,1,0,1,1,1,1,1,1,1,0,1,1,1,1,
5,1,1,1,1,1,1,2,0,1,1,2,1,1,1,2,0,1,1,1,1,
5,1,1,1,1,2,1,2,0,2,1,1,1,2,2,2,0,1,1,1,1,
7,1,1,1,1,1,1,1,0,1,1,1,1,1,1,1,0,1,1,1,1,
5,1,1,1,1,1,1,1,0,1,1,1,1,1,1,1,0,1,1,1,1,
4,1,1,1,2,1,1,2,0,1,1,1,1,1,1,2,0,1,1,1,2,
4,1,1,1,2,1,1,2,0,1,1,1,2,1,1,2,0,1,1,1,2,
4,1,0,0,1,1,1,1,0,0,1,0,1,0,1,1,0,1,0,1,1,
4,1,0,0,1,0,1,1,0,0,0,1,1,0,1,1,0,0,0,0,1,
5,1,1,1,1,0,1,1,0,0,0,1,1,0,1,1,0,0,0,0,1,
5,1,1,0,1,0,1,1,0,1,0,1,1,0,1,1,0,0,1,1,1,
5,0,0,0,1,1,1,1,0,0,1,1,1,1,1,1,0,0,1,1,1,
5,1,1,0,1,0,1,1,0,1,0,1,1,0,1,1,0,0,1,1,1,
5,1,0,1,1,1,1,1,0,1,1,1,1,1,1,1,0,1,1,1,1,
5,0,0,1,1,1,1,1,0,1,1,1,1,1,1,1,0,0,1,1,1,
5,1,1,1,1,1,1,1,0,1,1,1,1,1,1,1,0,1,1,1,1,
5,1,1,1,1,1,1,1,0,1,1,1,1,1,1,1,0,0,1,1,1,
5,1,1,1,1,0,1,1,0,1,1,1,1,1,1,1,0,1,1,1,1,
5,1,1,1,1,1,1,2,0,1,1,1,1,1,1,2,0,1,1,1,1,
5,1,1,1,1,1,1,2,0,1,1,1,2,1,1,2,0,1,1,1,2,
5,1,1,1,2,1,1,2,0,1,1,1,1,1,1,2,0,1,1,1,1,
5,1,1,1,2,1,1,2,0,1,1,2,2,1,2,2,0,1,1,1,2,
5,1,1,1,1,1,1,1,0,1,1,1,1,1,1,1,0,1,1,1,1,
5,1,1,1,1,1,1,1,0,1,1,1,1,1,1,1,0,1,1,1,1,
5,1,1,1,1,1,1,1,0,1,1,1,1,1,1,1,0,1,1,1,1,
5,1,1,1,1,1,1,1,0,1,1,1,1,1,1,1,0,1,1,1,1,
5,1,1,1,1,1,1,1,0,1,1,1,1,1,1,1,0,1,1,1,1,
5,1,1,1,1,1,1,1,0,1,1,1,1,1,1,1,0,1,1,1,1,
8,1,1,1,1,1,1,5,0,1,1,1,1,1,1,4,0,1,1,1,1,
4,1,0,1,1,1,1,1,0,0,1,1,1,0,1,1,0,0,1,1,1,
5,1,1,1,1,1,1,2,0,1,1,1,1,1,1,1,0,1,1,1,1,
4,1,1,1,1,1,1,2,0,2,1,1,1,1,1,2,0,1,1,1,1,
4,1,1,1,1,1,1,2,0,1,1,1,1,1,1,2,0,1,1,1,1,
4,0,0,0,0,0,0,1,0,0,0,0,1,0,0,1,0,0,0,1,1,
4,0,0,0,1,0,0,1,0,1,0,0,1,0,1,1,0,0,0,0,1,
4,0,1,0,1,0,1,1,0,1,0,1,1,0,1,1,0,0,1,1,1,
4,1,1,0,1,0,1,1,0,1,0,1,1,0,1,1,0,0,1,1,1,
4,0,1,0,1,0,0,1,0,1,0,0,1,0,1,1,0,0,0,1,1,
4,0,0,0,1,0,1,1,0,1,0,0,1,0,1,1,0,0,1,1,1,
5,1,1,1,1,1,1,1,0,1,1,1,1,1,1,1,0,1,1,1,1,
5,0,1,0,1,0,1,1,0,1,0,1,1,1,1,1,0,0,1,1,1,
5,1,1,1,1,0,1,1,0,1,1,1,1,1,1,1,0,0,1,1,1,
5,1,1,1,1,0,1,1,0,1,1,1,1,0,1,1,0,0,1,1,1,
5,1,1,1,1,0,1,1,0,1,1,1,1,1,1,1,0,1,1,1,1,
5,1,1,1,1,0,1,1,0,0,1,1,1,1,1,1,0,1,1,1,1,
5,1,1,1,2,1,1,2,0,1,1,1,2,1,1,2,0,1,1,1,2,
5,1,1,1,1,0,1,1,0,1,1,1,1,1,1,1,0,1,1,1,1,
5,1,1,1,1,1,1,1,0,1,1,1,1,1,1,1,0,1,1,1,1,
6,1,1,0,1,0,1,1,0,1,0,1,1,0,1,1,0,0,1,1,1,
5,1,1,1,1,1,1,2,0,1,1,1,1,1,1,2,0,1,1,1,2,
7,1,1,1,1,1,1,2,0,1,1,1,1,1,1,2,0,1,1,1,2,
5,1,1,1,1,1,1,2,0,1,1,1,2,1,1,2,0,1,1,1,2,
5,1,1,1,1,1,1,2,0,1,1,1,2,1,1,2,0,1,1,1,2,
5,1,1,1,2,1,1,2,0,1,2,1,2,1,1,2,0,1,1,1,2,
5,1,1,1,1,1,1,2,0,1,1,1,2,1,1,2,0,1,1,1,2,
8,1,1,1,2,1,1,2,0,2,1,1,2,1,2,2,0,1,1,1,2,
5,1,1,1,2,1,1,2,0,1,1,1,2,1,2,2,0,2,1,1,2,
4,1,1,1,2,1,2,2,0,2,1,1,2,1,1,2,0,1,1,2,2,
4,1,2,1,2,1,1,2,0,1,1,1,2,1,2,2,0,2,1,2,2,
4,0,1,0,1,0,1,1,0,1,0,1,1,0,1,1,0,0,0,1,1,
5,0,0,0,2,0,2,2,0,2,0,0,2,0,2,2,0,0,2,2,2,
5,1,0,1,1,1,1,1,0,1,1,1,1,0,1,1,0,0,0,1,1,
4,1,0,0,1,0,0,1,0,0,0,1,1,0,1,1,0,0,1,1,1,
5,0,1,1,1,0,1,1,0,1,0,1,1,0,1,1,0,0,1,1,1,
5,1,1,0,1,0,1,1,0,0,1,1,1,1,1,1,0,1,1,1,1,
5,1,0,1,1,1,1,1,0,1,0,1,1,1,1,1,0,0,1,1,1,
5,1,1,1,1,0,1,1,0,0,1,1,1,0,1,1,0,1,1,1,1,
5,1,0,1,1,1,1,2,0,1,1,1,1,1,1,1,0,1,1,1,1,
5,1,1,1,1,0,1,1,0,1,0,1,1,1,1,1,0,0,1,1,1,
5,1,1,1,1,1,1,2,0,1,1,1,1,1,1,1,0,1,1,1,1,
5,1,1,1,1,0,1,2,0,1,1,1,1,1,1,1,0,0,1,1,1,
7,1,1,1,2,1,1,2,0,1,1,1,2,1,1,2,0,1,1,1,2,
5,1,1,1,1,1,1,2,0,1,1,1,1,1,1,2,0,1,1,1,2,
5,1,1,1,2,1,1,2,0,1,2,1,2,1,1,2,0,1,1,1,2,
5,1,1,1,2,1,1,2,0,1,1,1,2,1,1,2,0,1,1,1,2,
5,1,1,1,2,1,1,2,0,1,2,1,2,1,1,2,0,1,1,1,2,
5,1,1,1,2,1,2,2,0,1,1,1,2,1,1,2,0,1,1,2,2,
5,1,1,1,2,1,1,2,0,2,2,1,2,1,1,2,0,1,1,1,2,
5,1,1,1,2,1,2,2,0,2,1,1,2,1,2,2,0,1,1,2,2,
6,2,1,1,2,1,2,2,0,2,1,1,2,2,1,2,0,1,1,2,2,
5,1,1,1,2,1,2,2,0,2,1,1,2,1,1,2,0,1,2,1,2,
5,1,1,1,2,1,1,2,0,2,1,1,2,1,2,2,0,1,1,2,2,
5,1,1,1,2,1,2,2,0,1,1,1,2,1,1,2,0,2,2,1,2,
6,1,1,1,2,1,2,2,0,2,1,1,2,1,2,2,0,1,1,2,2,
5,2,1,1,2,1,2,2,0,1,1,1,2,1,2,2,0,1,1,2,2,
5,1,1,1,2,1,2,2,0,1,1,1,2,1,2,2,1,2,2,2,2,
4,1,1,1,2,1,2,2,0,1,1,1,2,1,2,2,1,2,1,2,2,
5,0,0,0,1,0,1,1,0,1,1,0,1,0,1,1,0,1,0,1,1,
4,0,0,0,1,0,1,1,0,0,1,0,1,0,1,1,0,1,0,1,1,
5,0,0,1,1,0,1,1,0,0,1,1,1,0,1,1,0,1,1,1,1,
5,1,1,0,1,0,1,1,0,0,0,0,1,0,1,1,0,0,0,1,1,
5,0,0,1,1,0,1,1,0,0,1,1,1,0,1,1,0,1,0,1,1,
5,1,0,1,1,0,1,1,0,0,0,1,1,0,1,1,0,0,1,1,1,
5,1,1,1,1,1,1,2,0,1,1,1,1,1,1,2,0,1,1,1,1,
5,1,1,1,1,1,1,1,0,1,1,1,1,1,1,1,0,1,1,1,1,
186,2,2,2,153,2,2,178,0,2,166,2,153,2,142,178,0,2,2,142,153,
135,31,24,2,11,41,2,36,0,31,25,2,11,41,2,36,0,31,25,2,11,
83,30,24,1,10,40,1,35,0,30,24,1,11,40,1,35,0,30,24,1,11,
31,16,10,8,8,26,1,21,0,16,10,8,8,26,1,21,0,16,10,8,8,
5,1,1,1,1,1,2,2,0,1,1,1,2,1,1,2,0,1,1,1,2,
5,1,1,1,1,0,1,2,0,1,1,1,1,1,1,2,0,1,1,1,1,
5,1,1,1,1,1,1,2,0,1,1,1,1,1,1,2,0,1,1,1,1,
7,0,0,0,0,0,0,1,0,0,0,0,0,0,0,1,0,0,0,0,1,
5,1,1,2,2,1,1,2,0,1,1,1,2,1,1,2,0,1,1,1,2,
5,1,1,1,2,1,1,2,0,1,1,1,2,1,1,2,0,1,1,1,2,
5,1,1,2,1,1,1,2,0,1,1,1,2,1,1,2,0,1,1,1,2,
5,1,1,1,1,1,1,2,0,1,1,2,2,1,1,2,0,1,1,1,2,
5,1,1,2,2,1,1,2,0,1,1,1,2,1,1,2,0,1,1,1,2,
5,1,1,1,2,1,1,2,0,1,1,2,2,1,1,2,0,1,1,1,2,
5,1,1,2,2,1,2,2,0,1,1,1,2,1,1,2,0,1,1,1,2,
4,1,1,1,2,1,2,2,0,1,1,2,2,1,1,2,0,1,2,1,2,
4,0,0,1,1,0,1,1,0,0,0,1,1,0,1,1,0,0,1,0,1,
4,1,1,2,2,1,2,2,0,1,1,2,2,1,1,2,0,1,2,1,2,
5,0,1,1,1,0,1,1,0,0,0,1,1,0,1,1,0,0,0,0,1,
4,0,1,1,1,0,1,1,0,0,0,1,1,0,1,1,0,0,1,0,1,
5,0,0,1,1,0,1,1,0,0,1,1,1,0,1,1,0,1,1,1,1,
5,0,1,1,1,0,1,1,0,0,0,1,1,0,1,1,0,0,1,1,1,
5,1,1,1,1,0,1,1,0,1,0,1,1,1,1,1,0,0,1,1,1,
7,0,1,1,1,0,1,1,0,0,0,1,1,1,1,1,0,0,1,1,1,
5,0,1,1,1,0,1,1,0,0,1,1,1,0,1,1,0,1,1,1,1,
5,0,1,1,1,0,1,1,0,1,0,1,1,1,1,1,0,0,1,1,1,
5,1,1,1,1,0,1,1,0,1,1,1,1,1,1,1,0,0,1,1,1,
8,0,4,1,4,0,4,4,0,0,1,1,4,1,1,4,0,1,1,4,4,
5,1,1,1,2,1,2,2,0,1,1,1,2,1,2,2,0,1,2,2,2,
5,1,1,1,1,0,1,1,0,1,1,1,1,1,1,2,0,0,1,1,1,
5,1,1,1,1,1,1,1,0,1,1,1,1,1,1,1,0,1,1,1,1,
5,1,1,1,1,1,1,1,0,1,1,1,1,1,1,2,0,1,1,1,1,
5,1,1,1,1,1,1,2,0,1,1,1,1,1,1,1,0,1,1,1,1,
7,1,1,1,3,1,1,3,0,1,1,1,3,1,1,3,0,1,1,1,3,
6,0,0,1,1,1,1,1,0,0,0,1,1,1,0,1,0,0,1,1,1,
8,1,2,2,2,2,1,3,0,1,1,2,3,2,1,3,0,1,2,2,2,
6,1,1,2,1,1,1,2,0,1,1,2,1,1,1,2,0,1,1,1,1,
6,0,1,1,1,1,1,1,0,1,1,1,1,1,1,1,0,1,1,1,1,
6,1,1,1,1,1,1,2,0,1,1,1,1,1,1,2,0,1,1,2,1,
5,1,2,2,1,1,2,2,0,1,1,2,2,1,2,2,0,1,1,2,2,
5,1,2,2,1,1,2,2,0,1,1,2,2,2,2,2,0,1,1,1,2,
4,0,1,0,0,0,1,1,0,0,1,1,1,0,1,1,0,0,0,1,1,
4,0,0,0,1,1,1,1,0,0,1,0,1,1,1,1,0,1,0,1,1,
4,0,0,0,0,1,1,1,0,0,1,0,1,1,1,1,0,0,1,0,1,
4,0,0,1,0,0,1,1,0,0,1,1,1,0,1,1,0,0,0,0,1,
4,1,0,0,0,0,1,1,0,0,1,1,1,0,1,1,0,0,0,1,1,
4,0,0,1,1,0,1,1,0,1,1,1,1,0,1,1,0,0,1,1,1,
4,0,0,0,0,0,1,1,0,1,0,1,1,0,1,1,0,0,1,1,1,
7,1,1,1,1,1,1,1,0,1,1,1,1,1,2,1,0,1,1,1,1,
4,1,0,1,1,0,1,1,0,1,0,1,1,0,1,1,0,0,0,1,1,
5,1,1,1,1,1,2,2,0,1,1,2,1,1,1,1,0,1,1,1,2,
5,1,1,2,1,1,2,2,0,1,1,2,1,1,1,1,0,1,1,1,1,
5,1,1,1,1,1,2,1,0,1,1,1,1,1,1,1,0,1,1,2,1,
5,1,1,1,1,1,1,2,0,1,1,1,1,1,1,2,0,1,1,1,1,
5,0,1,1,1,1,1,1,0,1,1,1,1,0,1,1,0,1,1,1,1,
5,0,1,1,1,1,1,1,0,0,1,1,1,1,1,1,0,0,1,1,1,
5,1,1,1,1,2,1,2,0,1,1,1,1,2,1,2,0,1,1,1,1,
5,1,1,1,1,1,1,2,0,1,1,1,1,1,1,2,0,1,1,1,1,
5,1,1,1,1,1,1,2,0,2,1,2,1,1,1,2,0,2,1,2,2,
5,1,1,1,1,1,1,2,0,1,1,2,1,1,1,2,0,1,1,2,1,
5,1,1,1,1,1,1,2,0,1,1,1,1,1,1,2,0,1,1,2,1,
5,1,1,1,1,1,1,2,0,1,1,2,1,1,1,2,0,1,1,2,1,
5,1,1,2,1,1,2,2,0,1,1,2,1,1,2,1,0,2,1,2,1,
5,1,1,1,1,1,2,1,0,1,1,2,1,1,2,2,0,1,2,2,1,
5,1,1,1,1,1,2,2,0,1,2,2,1,1,2,2,0,1,1,2,1,
5,1,1,2,1,1,2,2,0,1,1,2,2,1,2,2,0,1,1,2,1,
4,1,1,2,1,1,2,2,0,1,2,2,1,1,2,2,0,1,1,1,2,
4,1,1,1,1,1,2,2,0,1,1,2,1,1,2,2,0,1,2,2,2,
4,0,1,0,1,0,1,1,0,0,1,1,1,0,1,1,0,0,0,1,1,
4,0,1,1,0,0,1,1,0,0,1,1,1,0,1,1,0,0,0,1,1,
7,1,0,1,0,0,1,1,0,0,0,1,1,1,1,1,0,0,1,1,1,
5,0,0,1,1,0,1,1,0,0,0,1,1,1,1,1,0,0,0,1,1,
5,0,0,1,1,0,1,1,0,1,1,1,1,1,1,1,0,0,0,1,1,
5,0,1,1,1,0,1,1,0,1,2,1,1,1,1,1,0,1,2,1,1,
5,0,0,1,1,0,1,1,0,0,1,1,1,1,1,1,0,1,0,1,1,
5,0,0,1,1,0,1,1,0,1,1,1,1,1,1,1,0,0,1,1,1,
5,0,1,1,1,1,1,1,0,1,1,1,1,0,1,1,0,1,1,1,1,
5,0,1,1,1,1,1,1,0,0,1,1,1,0,1,1,0,1,0,1,1,
5,0,1,1,1,1,1,1,0,1,1,1,1,0,1,1,0,1,1,1,1,
5,0,1,1,1,0,1,1,0,1,1,1,1,1,1,1,0,0,0,1,1,
5,0,1,1,1,1,1,1,0,1,1,1,1,1,2,1,0,1,1,1,1,
5,1,1,1,1,1,2,1,0,1,1,1,1,1,2,1,0,1,1,1,1,
5,1,1,1,1,1,2,1,0,1,1,1,1,1,2,1,0,1,1,2,1,
5,1,1,1,1,1,1,1,0,1,1,1,1,1,1,1,0,0,1,1,1,
5,1,1,1,1,1,1,1,0,1,1,1,1,1,2,1,0,1,1,1,2,
5,1,1,1,1,1,2,1,0,1,1,1,1,1,2,1,0,1,1,2,1,
5,1,1,1,1,1,2,1,0,1,1,2,1,1,2,1,0,1,1,2,1,
5,1,1,2,1,1,2,1,0,1,1,2,1,1,2,1,0,1,1,2,1,
6,0,1,1,1,1,1,1,0,1,1,1,1,1,1,1,0,0,0,1,1,
5,1,1,2,1,1,2,2,0,1,1,2,2,2,2,2,0,1,1,2,1,
5,1,2,1,2,1,2,2,0,1,1,2,2,1,2,2,0,1,1,2,2,
4,0,0,1,0,0,1,1,0,0,0,1,1,0,1,1,0,0,0,1,1,
4,0,0,0,1,0,1,1,0,0,1,1,1,0,1,1,0,0,1,1,1,
4,0,0,0,0,1,1,1,0,0,1,0,1,1,1,1,0,0,0,0,1,
4,0,0,0,0,1,1,1,0,0,0,0,1,1,1,1,0,0,0,1,1,
7,0,0,0,1,1,1,1,0,0,0,1,1,1,1,1,0,0,0,0,1,
5,0,1,0,1,1,1,1,0,0,0,1,1,1,1,1,0,1,0,1,1,
4,0,1,1,0,0,1,1,0,1,0,1,1,0,1,1,0,0,0,1,1,
5,0,0,1,1,0,1,1,0,0,1,1,1,0,1,1,0,1,1,1,1,
4,0,1,1,1,0,1,1,0,0,0,1,1,0,1,1,0,1,0,1,1,
5,0,1,1,1,0,1,1,0,0,1,1,1,1,1,1,0,1,0,1,1,
5,0,1,1,1,1,1,1,0,1,1,1,1,0,1,1,0,1,0,1,1,
5,1,1,1,1,0,1,1,0,1,1,1,1,1,1,1,0,0,1,1,1,
5,1,1,1,1,0,1,1,0,1,1,1,1,1,1,1,0,0,1,1,1,
5,0,1,1,1,1,1,1,0,1,1,1,1,1,1,1,0,1,1,1,1,
5,0,1,1,1,1,1,1,0,1,1,1,1,1,1,1,0,1,1,1,1,
5,1,1,1,1,1,1,2,0,1,1,1,1,1,1,2,0,1,1,2,2,
5,1,1,1,1,1,1,2,0,1,1,2,1,1,1,2,0,1,1,1,1,
5,1,1,1,1,1,1,2,0,1,1,1,1,1,2,2,0,1,1,2,2,
5,1,1,1,1,1,1,2,0,1,1,1,1,1,1,2,0,1,1,2,1,
5,1,1,1,1,1,1,2,0,1,1,2,1,1,2,2,0,1,1,1,1,
5,1,1,1,1,1,1,2,0,1,1,2,2,1,2,2,0,1,1,2,1,
5,1,1,1,1,1,1,2,0,1,1,2,2,1,2,2,0,1,1,2,1,
5,1,1,1,1,1,1,2,0,1,1,2,1,1,2,2,0,1,1,2,2,
5,1,1,1,1,1,1,2,0,1,1,2,2,1,2,2,0,1,1,2,2,
4,1,1,1,1,1,1,2,0,1,1,2,2,1,2,2,0,1,1,2,1,
5,0,1,1,1,0,1,1,0,1,1,1,1,1,1,1,0,1,1,1,1,
4,1,1,2,1,1,2,2,0,1,1,2,2,1,1,2,0,1,2,2,2,
4,0,0,1,1,0,1,1,0,0,0,1,1,0,0,1,0,0,0,1,1,
4,0,0,1,1,0,0,1,0,1,1,1,1,0,1,1,0,0,1,1,1,
5,1,1,1,1,1,1,2,0,1,1,2,1,1,1,2,0,1,1,1,2,
5,0,0,1,1,0,1,1,0,1,1,1,1,1,1,1,0,0,1,1,1,
4,0,0,1,1,0,1,1,0,0,0,1,1,0,1,1,0,0,1,1,1,
5,0,1,1,1,0,1,1,0,1,0,1,1,0,1,1,0,0,0,1,1,
4,0,0,1,1,0,1,1,0,0,1,1,1,0,1,1,0,0,1,1,1,
4,0,0,1,1,0,1,1,0,0,0,1,1,1,1,1,0,0,1,1,1,
5,0,1,1,1,0,1,1,0,1,0,1,1,1,1,1,0,0,1,1,1,
5,0,0,1,1,0,1,1,0,1,0,1,1,1,1,1,0,0,1,1,1,
5,1,1,1,1,1,1,1,0,1,0,1,1,1,1,1,0,0,1,1,1,
5,0,0,1,1,1,1,1,0,1,1,1,1,0,1,1,0,0,1,1,1,
5,1,0,1,1,1,1,1,0,1,1,1,1,0,1,1,0,0,1,1,1,
5,0,1,1,1,1,1,1,0,1,1,1,1,1,1,1,0,1,1,1,1,
5,1,1,1,1,1,1,1,0,2,1,2,1,1,1,2,0,1,1,1,1,
5,1,1,1,1,1,1,1,0,1,1,1,2,1,1,1,0,1,1,1,1,
5,1,1,1,1,1,1,2,0,2,1,2,2,1,1,2,0,1,2,2,1,
5,1,1,1,1,1,1,2,0,1,1,2,1,1,1,2,0,1,1,1,1,
5,1,1,1,1,1,1,2,0,1,1,2,2,1,1,2,0,1,1,2,1,
5,1,1,1,1,1,1,1,0,1,2,2,2,1,1,2,0,1,1,1,1,
6,1,1,1,1,1,2,2,0,2,1,2,2,1,1,2,0,1,1,2,2,
5,1,1,1,1,1,2,2,0,1,1,2,2,1,1,2,0,1,1,2,2,
6,1,2,2,2,2,2,2,0,2,1,2,2,2,2,2,0,1,2,2,2,
4,1,1,2,1,1,2,2,0,2,1,2,2,1,1,2,0,1,1,2,2,
5,1,2,2,2,1,2,2,0,2,1,2,2,1,1,2,0,1,2,2,2,
7,1,1,1,1,1,1,2,0,2,1,2,2,1,1,2,0,1,1,2,2,
4,0,0,1,0,0,1,1,0,1,1,1,1,0,0,1,0,0,0,1,1,
4,0,0,1,0,0,1,1,0,1,0,1,1,0,0,1,0,0,0,1,1,
5,1,0,1,1,1,0,1,0,0,1,1,1,0,1,1,0,0,0,1,1,
5,0,1,1,0,1,1,1,0,0,0,1,1,0,1,1,0,0,1,1,1,
5,0,1,1,1,1,1,1,0,0,0,1,1,0,1,1,0,1,1,1,1,
5,0,1,1,1,0,1,1,0,0,0,1,1,0,1,1,0,0,1,1,1,
5,1,1,1,1,0,1,1,0,1,0,1,1,1,1,1,0,0,1,1,1,
5,0,1,1,1,0,1,1,0,0,1,1,1,0,1,1,0,1,0,1,1,
5,0,1,1,1,1,1,1,0,1,0,1,1,0,1,1,0,1,1,1,1,
5,0,0,1,1,1,1,1,0,1,1,1,1,1,1,1,0,1,1,1,1,
5,1,1,1,1,1,1,1,0,1,1,1,1,1,1,1,0,0,1,1,1,
5,1,1,1,1,1,1,2,0,1,1,1,1,1,1,1,0,1,1,1,1,
5,0,1,1,1,1,1,1,0,1,1,1,1,1,1,1,0,1,1,1,1,
5,1,2,2,1,1,1,2,0,1,1,2,2,1,1,2,0,1,2,1,2,
5,1,1,1,1,1,1,2,0,1,1,1,1,1,1,1,0,1,1,2,1,
5,1,1,1,1,1,2,2,0,1,1,2,1,1,1,2,0,1,1,1,1,
5,1,1,2,1,1,1,2,0,1,1,2,1,1,1,2,0,1,1,2,2,
5,1,1,1,1,1,1,2,0,1,1,1,1,2,1,2,0,1,1,1,1,
5,1,1,1,1,1,1,2,0,1,1,1,1,2,1,2,0,1,1,1,1,
8,0,0,1,1,1,1,1,0,0,1,1,1,1,1,1,0,0,0,0,1,
5,1,1,1,1,1,2,2,0,1,1,2,2,1,2,2,0,1,1,1,2,
7,3,3,4,4,4,4,4,0,3,3,3,4,4,4,4,0,3,3,3,4,
4,1,1,1,1,2,2,2,0,2,1,1,2,1,1,2,0,1,1,2,2,
4,1,1,2,1,1,1,2,0,1,1,1,2,1,2,2,0,1,2,2,1,
4,1,1,1,1,2,2,2,0,2,1,1,2,1,1,2,0,1,1,2,2,
7,1,2,1,1,1,2,2,0,1,1,2,2,1,2,2,0,1,1,1,2,
4,0,1,0,0,0,1,1,0,0,0,1,1,0,1,1,0,0,0,1,1,
4,0,0,1,1,1,1,1,0,0,0,0,1,0,1,1,0,0,0,1,1,
4,0,0,0,1,1,1,1,0,1,0,1,1,0,1,1,0,0,0,1,1,
4,1,0,0,1,0,1,1,0,1,0,1,1,0,1,1,0,0,1,0,1,
4,0,0,0,1,1,1,1,0,0,1,1,1,0,1,1,0,1,0,1,1,
5,0,0,1,1,1,1,1,0,1,1,0,1,0,1,1,0,0,0,1,1,
5,1,0,1,1,1,1,1,0,1,1,1,1,1,1,1,0,0,1,1,1,
5,0,0,1,1,1,1,1,0,1,1,1,1,1,1,1,0,0,1,1,1,
5,1,1,1,1,1,1,1,0,1,1,1,1,1,1,1,0,0,1,1,1,
5,0,0,1,1,1,1,1,0,1,1,1,1,1,1,1,0,0,1,1,1,
5,1,1,1,1,1,1,1,0,1,1,1,1,1,1,1,0,1,1,1,1,
5,1,1,1,1,1,1,1,0,1,1,1,1,1,1,1,0,1,1,1,1,
5,1,1,1,1,1,1,2,0,1,1,1,2,1,1,2,0,1,1,1,1,
5,1,1,1,1,1,1,1,0,1,1,1,1,1,1,1,0,1,1,1,1,
5,0,0,1,1,0,1,1,0,0,0,1,1,0,1,1,0,0,1,1,1,
5,1,1,1,1,1,2,2,0,1,1,1,2,1,1,2,0,1,1,1,2,
5,1,1,1,1,1,2,2,0,1,1,1,2,1,1,2,0,1,1,1,2,
5,1,1,1,1,1,2,2,0,1,1,2,2,1,2,2,0,1,1,1,2,
5,1,1,1,1,1,1,2,0,1,1,2,2,1,2,2,0,1,2,1,2,
5,2,1,1,2,1,2,2,0,1,1,1,2,1,2,2,0,1,1,2,2,
5,1,1,1,1,1,2,2,0,1,2,2,2,1,2,2,0,1,1,1,2,
6,1,0,1,1,0,1,1,0,0,1,1,1,0,1,1,0,0,1,1,1,
4,0,0,0,1,0,1,1,0,0,1,0,1,0,1,1,0,0,1,1,1,
4,0,0,1,1,0,1,1,0,0,1,0,1,0,1,1,0,1,0,1,1,
4,0,0,0,1,0,1,1,0,0,0,0,1,0,1,1,0,0,0,1,1,
4,1,0,1,1,0,1,1,0,1,0,1,1,0,1,1,0,0,1,0,1,
5,0,0,1,1,0,1,1,0,1,1,1,1,0,1,1,0,0,1,1,1,
5,0,0,0,1,0,1,1,0,1,0,1,1,0,1,1,0,0,1,1,1,
5,0,0,0,1,0,1,1,0,1,1,1,1,0,1,1,0,0,0,1,1,
5,1,0,1,1,1,1,1,0,1,1,1,1,1,1,1,0,0,0,0,1,
5,0,0,1,1,1,1,1,0,0,1,1,1,1,1,1,0,1,0,0,1,
5,1,1,1,1,1,1,1,0,1,1,1,1,1,1,1,0,0,1,1,1,
5,1,0,1,1,1,1,1,0,1,1,1,1,0,1,1,0,0,1,1,1,
5,1,0,1,1,1,1,1,0,1,1,1,1,1,1,1,0,0,1,1,1,
5,1,1,1,1,1,1,1,0,1,1,1,1,1,1,2,0,1,1,1,1,
5,0,1,1,1,1,1,1,0,1,1,1,1,1,1,1,0,0,1,1,1,
5,1,1,1,1,1,1,1,0,1,1,1,1,1,1,1,0,1,1,2,1,
5,1,1,1,1,1,1,1,0,1,1,1,1,1,1,1,0,1,1,1,1,
5,1,1,1,1,1,1,2,0,1,1,2,2,1,1,2,0,2,1,2,1,
5,1,1,1,1,1,2,2,0,1,1,1,1,1,1,2,0,1,1,1,1,
5,1,1,1,1,1,1,2,0,1,1,2,2,1,2,2,0,2,1,2,1,
5,1,0,1,1,1,1,1,0,1,1,1,1,1,1,1,0,0,1,1,1,
5,1,1,1,1,1,1,1,0,1,1,2,2,1,2,2,0,1,1,2,1,
5,1,1,2,1,2,2,2,0,1,2,1,2,2,1,2,0,1,1,1,2,
5,1,1,1,1,2,1,1,0,1,1,1,1,2,1,2,0,1,1,2,2,
5,1,1,1,1,2,1,2,0,1,2,2,2,2,2,2,0,1,1,1,2,
5,1,1,1,1,1,1,2,0,1,1,2,2,2,1,2,0,1,1,2,1,
4,1,1,1,1,2,2,2,0,1,2,1,1,2,1,2,0,1,1,1,2,
4,0,1,1,1,1,1,1,0,1,1,1,1,1,1,1,0,0,1,1,1,
4,0,0,1,1,1,1,1,0,1,1,1,1,1,1,1,0,1,1,1,1,
4,0,0,0,0,1,1,1,0,0,0,1,1,1,0,1,0,0,1,1,1,
4,0,1,1,1,1,1,1,0,1,1,1,1,1,1,1,0,0,1,1,1,
14,1,1,1,1,2,2,2,0,1,1,2,2,2,1,2,0,1,1,2,2,
5,1,0,1,1,1,1,1,0,1,1,1,1,1,1,1,0,1,1,1,1,
5,1,0,1,1,1,1,1,0,1,1,1,1,1,1,1,0,0,1,1,1,
5,0,1,1,1,1,1,1,0,1,1,1,1,1,1,1,0,1,1,1,1,
5,0,1,1,1,1,1,1,0,0,1,1,1,0,1,1,0,1,1,1,1,
5,1,1,1,1,1,1,1,0,1,1,1,1,1,1,1,0,0,1,1,1,
5,1,1,1,1,1,1,1,0,1,1,1,1,1,1,1,0,0,1,1,1,
5,1,1,1,1,1,1,1,0,1,1,1,1,1,1,1,0,0,1,1,1,
5,1,1,1,1,1,1,2,0,1,1,1,1,1,1,1,0,1,1,1,1,
5,1,1,1,1,1,1,1,0,1,1,1,1,1,1,2,0,1,1,1,1,
5,1,1,1,2,1,1,1,0,1,1,1,1,1,1,2,0,1,1,1,1,
5,1,1,1,2,1,1,1,0,1,1,1,1,1,1,2,0,1,1,1,1,
5,1,1,1,2,1,1,2,0,1,1,1,1,1,2,2,0,1,1,1,2,
17,13,1,13,1,13,13,13,1,13,1,1,13,13,13,13,0,13,1,13,13,
8,1,1,1,1,1,1,2,0,1,1,1,1,1,1,2,0,1,1,1,1,
5,1,1,1,1,1,2,2,1,1,1,1,1,2,2,2,0,1,1,1,1,
5,1,2,1,1,1,1,1,1,1,1,1,1,2,2,2,0,1,1,1,2,
5,1,1,1,1,1,1,2,1,2,1,2,2,1,2,2,0,1,1,1,1,
5,2,1,1,2,1,2,2,1,1,1,1,2,2,2,2,0,1,1,1,1,
5,2,1,1,1,2,2,2,1,1,1,1,2,2,2,1,0,1,1,1,2,
4,1,1,1,2,2,1,1,1,1,1,2,2,2,2,2,0,1,1,1,1,
4,1,1,1,2,2,2,2,1,1,1,2,2,2,2,2,0,1,1,1,2,
4,1,0,0,1,0,1,1,0,0,0,0,1,1,1,1,0,0,0,0,1,
4,1,0,0,1,0,1,1,0,1,0,0,1,0,1,1,0,0,0,1,1,
5,1,0,0,1,0,1,1,0,1,1,1,1,1,1,1,0,0,0,0,1,
5,1,0,1,1,1,1,1,0,1,1,1,1,1,1,1,0,1,0,1,1,
5,1,0,1,1,1,1,1,0,1,1,1,1,1,1,1,0,1,0,1,1,
5,1,0,1,1,0,1,1,0,1,1,1,1,1,1,1,0,0,0,0,1,
5,1,0,1,1,1,1,1,0,1,1,1,1,1,1,1,0,1,0,1,1,
5,1,0,1,1,1,1,1,0,1,1,1,1,1,1,1,0,1,1,1,1,
5,1,0,1,1,1,1,1,0,1,1,1,1,1,1,1,0,1,1,1,1,
6,1,0,1,1,1,1,1,0,1,1,1,1,1,2,1,0,1,1,1,1,
5,1,1,1,1,1,1,1,0,1,2,2,1,1,2,1,0,1,1,1,1,
5,1,1,1,1,1,2,1,0,1,1,1,1,1,2,1,0,1,1,1,1,
5,1,1,1,1,1,1,2,0,1,1,2,1,1,2,1,0,1,1,1,2,
5,1,1,1,1,1,1,1,0,1,1,1,1,1,1,1,0,1,1,1,1,
7,1,1,1,2,1,2,1,0,1,1,1,1,1,2,1,0,1,1,1,1,
5,1,1,1,1,1,2,1,0,1,1,2,1,1,2,1,0,1,1,1,2,
5,1,1,1,1,1,2,2,0,1,1,1,2,1,2,1,0,1,1,1,1,
5,1,1,1,2,1,2,2,0,1,1,1,1,1,2,2,0,1,1,1,1,
5,1,1,1,2,1,2,1,0,1,1,1,1,1,2,2,0,1,1,1,1,
5,1,1,1,2,1,2,2,0,2,1,1,1,1,2,1,0,1,1,1,1,
4,1,0,0,1,0,1,1,0,1,0,1,1,0,1,1,0,0,0,0,1,
5,1,1,2,1,1,2,2,0,2,1,2,1,1,2,2,0,2,1,1,2,
5,1,1,1,2,1,2,1,0,2,1,2,1,1,2,2,0,1,1,1,2,
5,1,1,1,2,1,2,2,0,1,1,1,2,1,2,2,0,2,1,1,2,
5,1,1,1,2,1,2,2,0,2,1,1,2,2,2,2,1,2,1,1,2,
6,0,1,0,1,0,1,1,0,1,0,1,1,1,1,1,0,1,0,0,1,
4,1,1,1,2,1,2,2,0,2,1,1,2,2,2,2,0,2,1,1,2,
4,1,1,2,1,1,2,2,0,2,1,1,2,1,2,2,0,2,1,1,2,
4,0,0,0,1,0,1,1,0,1,0,1,1,0,1,1,0,1,0,0,1,
5,0,0,0,1,0,2,1,0,1,0,1,1,1,1,1,0,1,1,0,1,
4,0,0,0,1,0,1,1,0,1,0,1,1,1,1,1,0,1,0,1,1,
4,0,0,0,1,0,1,1,0,1,0,1,1,1,1,1,0,1,0,0,1,
5,1,0,1,1,1,1,1,0,1,0,1,1,1,1,1,0,1,0,0,1,
5,1,0,1,1,1,1,1,0,1,1,1,1,1,1,1,0,1,1,1,1,
5,1,0,0,1,1,1,1,0,1,0,1,1,1,1,1,0,1,1,0,1,
7,1,1,1,1,1,1,2,0,1,0,1,1,1,2,1,0,1,1,1,1,
5,1,0,1,1,1,1,1,0,1,0,1,1,1,1,1,0,1,1,1,1,
5,1,1,1,1,1,1,1,0,1,0,1,1,1,1,1,0,2,1,1,1,
5,1,0,1,1,1,1,1,0,1,1,1,1,1,1,1,0,1,1,1,1,
5,1,1,1,1,1,1,1,0,1,0,1,1,1,1,1,0,1,1,1,1,
5,1,1,1,1,1,2,1,0,1,1,1,1,1,2,1,0,1,1,1,1,
5,1,1,1,1,1,1,2,0,1,1,1,1,1,2,1,0,1,1,1,1,
5,1,1,1,1,1,1,2,0,1,1,1,1,1,1,2,0,1,1,1,1,
5,1,1,1,1,1,1,2,0,1,1,1,1,1,2,1,0,1,1,1,1,
5,1,1,1,1,1,1,2,0,1,1,1,2,1,2,1,0,2,1,1,1,
5,1,1,1,1,1,1,2,0,2,1,1,1,1,2,1,0,1,1,1,2,
5,1,1,1,1,1,2,2,0,1,1,1,2,1,2,1,0,1,1,1,1,
5,1,1,1,1,1,2,2,0,1,1,1,2,1,2,1,0,2,1,1,1,
5,1,1,1,1,1,2,2,0,1,1,1,1,1,2,1,0,2,1,1,2,
5,1,1,1,1,1,2,2,0,2,1,1,2,1,2,2,0,1,1,1,1,
5,1,1,1,2,2,2,2,0,2,1,1,2,2,2,2,0,2,1,1,1,
5,1,1,1,1,1,2,2,0,2,2,1,2,1,2,2,0,2,1,1,1,
25,1,1,1,1,1,2,2,0,1,1,1,2,1,1,2,0,1,1,1,1,
5,0,1,0,1,1,1,1,0,1,0,1,1,1,1,1,0,1,0,0,1,
4,0,0,0,1,0,1,1,0,1,0,1,1,1,1,1,0,0,0,0,1,
4,0,0,0,1,0,1,1,0,1,0,1,1,0,1,1,0,1,0,1,1,
5,0,1,0,1,0,1,1,0,1,0,1,1,0,1,1,0,1,0,1,1,
5,1,1,0,1,0,1,1,0,1,0,1,1,1,1,1,0,1,0,1,1,
5,1,0,0,1,1,1,1,0,1,1,1,1,1,1,1,0,1,0,1,1,
5,1,0,1,1,1,1,1,0,1,1,1,1,1,1,1,0,1,0,1,1,
5,1,0,1,1,1,1,1,0,1,1,1,1,1,1,1,0,1,0,1,1,
5,1,1,1,1,1,2,2,0,2,1,1,2,1,2,2,0,1,1,2,2,
5,1,1,1,1,1,1,1,0,1,0,1,1,1,1,1,0,1,0,1,1,
5,1,1,1,1,1,1,1,0,1,0,2,1,1,1,1,0,1,1,1,1,
5,1,1,1,1,1,1,1,0,1,1,1,2,1,1,1,0,1,1,1,1,
5,1,1,1,1,1,1,2,0,1,1,1,1,1,2,1,0,1,1,1,2,
5,1,1,1,1,1,1,2,0,1,1,1,1,1,1,1,0,1,1,2,1,
5,1,1,1,1,1,1,1,0,1,1,1,1,1,2,2,0,1,1,2,1,
5,1,1,1,1,1,1,2,0,1,1,1,1,1,2,2,0,1,1,2,2,
5,1,1,1,1,1,1,2,0,1,1,2,1,2,2,2,0,1,1,1,2,
5,1,1,1,2,1,2,2,0,1,1,2,1,1,1,2,0,1,1,1,2,
5,1,1,1,1,1,1,2,0,1,1,2,2,1,1,2,0,1,1,1,2,
5,1,2,1,2,2,2,2,0,2,1,2,2,1,2,2,1,1,1,2,2,
5,1,1,1,2,1,1,2,0,1,1,2,1,1,2,2,0,1,1,1,2,
6,1,1,1,1,1,1,2,0,1,1,1,2,1,1,2,0,1,1,1,2,
5,1,1,1,1,1,2,2,0,1,1,2,2,1,2,2,0,2,1,2,2,
5,1,1,1,1,1,2,2,0,2,1,2,2,1,2,2,0,1,1,2,2,
4,1,1,1,2,1,2,2,0,2,1,2,2,1,2,2,0,1,1,1,2,
4,0,0,0,1,0,1,1,0,1,0,1,1,1,1,1,0,1,0,0,1,
4,0,0,0,1,0,1,1,0,1,0,1,1,1,1,1,0,0,0,1,1,
5,0,0,0,1,0,1,1,0,1,1,1,1,1,1,1,0,1,0,1,1,
7,1,1,1,1,1,1,2,0,1,1,2,1,1,1,2,0,1,1,2,1,
5,1,0,1,1,1,1,1,0,1,0,1,1,1,1,1,0,1,0,1,1,
5,1,0,1,1,1,1,1,0,1,0,1,1,1,1,1,0,1,0,1,1,
5,1,0,1,1,1,1,1,0,1,0,1,1,1,1,1,0,1,0,1,1,
5,1,0,1,1,1,1,1,0,1,0,1,1,1,1,1,0,1,0,1,1,
5,1,1,1,1,1,1,1,0,1,0,1,1,1,1,1,0,1,0,1,1,
7,1,1,1,1,1,1,1,0,1,0,1,1,1,1,1,0,1,1,1,1,
5,1,0,1,1,1,1,1,0,1,1,1,1,1,1,1,0,1,1,1,1,
5,1,1,1,1,1,1,1,0,1,0,1,1,1,1,1,0,1,1,1,1,
5,1,1,1,1,1,1,2,0,1,0,1,1,1,1,1,0,1,1,1,1,
5,1,1,1,1,1,1,2,0,1,1,2,1,1,1,2,0,1,1,1,1,
5,1,1,1,1,1,1,2,0,1,1,2,1,1,1,2,0,1,1,2,1,
5,1,1,1,1,1,1,2,0,1,1,2,1,1,2,1,0,1,1,1,1,
5,1,1,1,1,1,1,2,0,1,1,2,1,1,1,2,0,1,1,1,1,
5,1,1,1,1,1,1,2,0,1,1,2,1,1,1,2,0,1,1,2,1,
5,1,1,1,2,1,1,2,0,1,1,2,1,1,1,2,0,1,1,1,1,
5,1,1,1,2,1,2,2,0,1,1,2,1,1,1,2,0,1,1,2,1,
5,1,1,1,2,1,1,2,0,1,1,1,2,1,2,2,0,1,1,2,1,
5,1,1,1,2,1,1,2,0,1,1,2,1,1,2,2,0,1,1,2,2,
5,1,1,1,2,1,2,2,0,2,1,2,2,1,2,2,0,1,1,1,2,
5,1,1,1,2,1,2,2,0,1,1,2,1,1,2,2,0,1,1,2,2,
4,1,1,1,2,1,2,2,0,2,1,2,2,1,2,2,0,1,1,2,2,
7,0,0,0,1,0,1,1,0,1,0,1,1,0,1,1,0,0,0,1,1,
4,0,0,0,1,1,1,1,0,1,1,0,1,1,1,1,0,1,0,1,1,
4,0,0,0,1,0,1,1,0,1,0,1,1,1,1,1,0,1,0,1,1,
5,1,1,1,1,1,1,1,0,1,0,1,1,1,1,1,0,1,0,1,1,
5,1,1,1,1,1,1,1,0,1,0,1,1,1,1,1,0,1,0,1,1,
5,1,0,1,1,1,1,1,0,1,0,1,1,1,1,1,0,1,1,1,1,
5,1,0,1,1,1,1,1,0,1,1,1,1,1,1,1,0,1,1,1,1,
5,1,1,1,1,1,1,1,0,1,0,1,1,1,1,1,0,1,0,1,1,
5,1,0,1,1,1,1,1,0,1,0,1,1,1,1,1,0,1,1,1,1,
5,1,1,1,1,1,1,1,0,1,0,1,1,1,1,1,0,1,1,1,1,
5,1,0,1,1,1,1,1,0,1,0,1,1,1,1,1,0,1,1,1,1,
5,1,1,1,1,1,1,1,0,1,0,1,1,1,1,1,0,1,1,1,1,
5,1,1,1,1,1,1,1,0,1,0,1,1,1,1,1,0,1,1,1,1,
5,1,1,1,1,1,1,1,0,1,1,1,1,1,1,1,0,1,1,1,2,
5,1,1,1,1,1,1,2,0,1,1,1,1,1,1,2,0,1,1,1,1,
5,1,1,1,1,1,1,2,0,1,1,1,1,1,1,1,0,1,1,1,1,
5,1,1,1,1,1,1,2,0,1,1,1,1,1,2,2,0,1,1,1,1,
5,1,1,1,1,1,1,2,0,1,1,1,1,1,2,1,0,1,1,2,1,
5,1,1,1,2,1,1,2,0,1,1,1,1,1,1,2,0,1,1,1,2,
5,1,1,1,2,1,1,2,0,1,1,1,2,1,1,2,0,1,1,2,2,
5,1,1,1,2,1,1,2,0,1,1,1,1,1,1,2,0,1,1,2,2,
6,1,1,1,1,1,1,1,0,1,0,1,1,1,1,1,0,1,1,1,1,
5,1,1,1,2,1,2,2,0,1,1,2,2,1,2,2,0,1,1,1,2,
5,1,1,1,2,1,2,2,0,2,1,1,2,1,2,2,0,1,1,2,2,
4,0,0,0,1,0,1,1,0,1,0,1,1,1,1,1,0,0,0,1,1,
4,1,1,1,2,1,2,2,0,2,1,2,2,1,2,2,0,1,1,2,2,
5,1,1,1,1,1,1,2,0,1,1,2,1,1,2,2,0,1,1,1,2,
5,0,0,0,1,1,1,1,0,1,0,1,1,1,1,1,0,1,0,1,1,
4,0,0,1,1,0,1,1,0,1,0,1,1,1,1,1,0,1,0,1,1,
5,1,0,1,1,1,1,1,0,1,0,1,1,1,1,1,0,1,1,1,1,
5,1,1,1,1,1,1,1,0,1,1,1,1,1,1,1,0,1,0,1,1,
5,1,1,1,1,1,1,1,0,1,0,1,1,1,1,1,0,1,0,1,1,
5,1,1,1,1,1,1,1,0,1,0,1,1,1,1,1,0,1,0,1,1,
7,1,1,1,1,1,1,4,0,1,0,1,1,1,4,4,0,1,0,1,1,
5,1,1,1,2,1,2,2,0,1,1,2,1,1,2,2,0,1,1,1,1,
5,1,1,1,1,1,2,2,0,1,1,2,1,1,1,2,0,1,1,1,1,
5,1,1,1,1,1,1,2,0,1,1,2,2,1,1,2,0,2,1,1,1,
5,1,1,1,1,1,1,2,0,1,1,2,1,1,2,2,0,1,1,1,1,
5,1,1,2,2,2,2,2,0,2,2,2,2,2,2,2,0,1,1,1,2,
5,1,1,1,2,1,2,2,0,2,1,2,2,2,2,2,0,2,1,2,2,
5,1,1,1,1,1,2,2,0,1,1,2,1,1,2,2,0,1,1,2,1,
5,1,1,1,1,1,2,2,0,1,1,2,1,1,2,1,0,1,1,2,1,
5,1,1,1,1,1,1,2,0,1,1,1,1,1,2,2,0,1,1,1,1,
5,1,0,0,1,0,1,1,0,1,0,1,1,1,1,1,0,0,1,1,1,
4,0,0,1,1,1,1,1,0,1,0,1,1,1,1,1,0,1,0,1,1,
5,1,0,0,1,1,1,1,0,1,0,1,1,1,1,1,0,1,0,1,1,
5,1,0,1,1,1,1,1,0,1,1,1,1,1,1,1,0,1,0,1,1,
24,0,19,20,20,0,1,21,0,0,19,20,20,0,1,21,0,0,19,20,20,
5,1,1,1,2,1,1,2,0,1,1,2,2,1,1,2,0,1,1,1,2,
5,0,1,1,1,0,1,1,0,1,0,1,1,1,1,1,0,0,1,1,1,
24,20,0,2,2,20,20,2,0,20,0,2,2,20,20,2,0,20,0,2,2,
5,1,1,1,2,1,1,2,0,1,1,2,2,1,1,2,0,1,1,2,2,
5,0,1,1,1,1,1,1,0,1,1,1,1,1,1,1,0,0,0,1,1,
5,1,1,1,1,1,1,1,0,1,1,1,1,1,1,1,0,0,0,1,1,
5,1,1,1,1,1,1,1,0,1,1,1,1,1,1,1,0,1,1,1,1,
5,1,1,1,1,1,1,1,0,1,1,1,1,1,1,1,0,1,1,1,1,
5,1,1,1,1,1,1,1,0,1,1,1,1,1,1,1,0,1,1,1,1,
5,1,1,1,1,1,1,1,0,1,1,1,1,1,1,1,0,1,1,1,1,
5,1,1,1,1,1,1,1,0,1,1,1,1,1,1,1,0,1,1,1,1,
5,1,1,1,1,1,1,2,0,1,1,1,1,1,1,2,0,1,1,1,2,
5,1,1,1,1,1,1,2,0,1,1,1,1,1,1,2,0,1,1,1,1,
5,1,1,2,1,1,1,2,0,1,1,2,1,1,2,2,0,1,1,1,2,
5,1,1,2,1,1,1,2,0,1,1,2,1,1,2,2,0,1,1,2,2,
4,0,0,0,1,0,1,1,0,0,1,0,1,0,1,1,0,0,0,1,1,
4,0,0,0,1,0,1,1,0,0,1,1,1,0,1,1,0,0,0,0,1,
4,1,1,1,1,1,1,1,0,0,1,1,1,1,1,1,0,1,1,1,1,
4,0,1,1,1,0,1,1,0,0,1,1,1,1,1,1,0,0,0,1,1,
5,1,1,1,1,0,1,1,0,1,1,1,1,0,1,1,0,0,0,1,1,
7,1,1,1,1,1,1,1,0,0,1,1,1,1,1,1,0,0,0,1,1,
5,1,1,1,1,1,1,1,0,1,1,1,1,1,1,1,0,0,0,1,1,
5,2,1,1,1,0,1,1,0,1,1,1,1,1,1,2,0,0,1,1,1,
5,1,1,1,1,1,1,2,0,1,1,1,1,1,1,1,0,0,1,1,1,
8,1,4,1,1,1,1,4,0,1,1,4,1,1,1,4,0,0,1,1,1,
5,1,1,1,1,1,1,2,0,1,1,1,1,1,1,2,0,1,1,1,1,
5,1,1,1,1,1,1,2,0,1,1,1,1,1,2,2,0,1,1,1,1,
5,1,1,1,1,1,1,2,0,1,1,1,1,1,2,2,0,1,1,1,1,
5,1,1,2,1,1,1,2,0,1,1,2,1,1,1,2,0,1,1,1,1,
5,1,1,1,1,1,1,2,0,1,1,1,1,1,2,2,0,1,1,1,2,
5,1,2,1,1,1,1,2,0,1,1,2,1,1,1,2,0,1,1,2,1,
5,1,2,1,2,1,2,2,0,1,1,2,2,1,2,2,0,1,1,2,2,
5,1,1,1,2,1,2,2,0,1,1,2,1,1,2,2,0,1,1,2,2,
5,0,0,0,1,0,1,1,0,0,0,1,0,0,1,1,0,0,0,1,1,
5,1,1,1,1,1,2,2,0,1,1,2,2,1,2,2,0,1,1,2,2,
5,0,1,1,1,0,1,1,0,1,1,1,1,1,1,1,0,1,1,1,1,
5,0,0,0,1,0,1,1,0,1,1,1,1,1,1,1,0,1,1,1,1,
5,1,0,0,1,0,1,1,0,1,1,1,1,1,1,1,0,0,1,1,1,
5,0,0,1,1,0,1,1,0,1,1,1,1,1,1,1,0,0,1,1,1,
5,0,1,1,1,0,1,1,0,1,0,1,1,1,1,1,0,0,1,1,1,
5,0,0,0,1,0,1,1,0,1,1,1,1,1,1,1,0,1,1,1,1,
5,0,1,1,1,0,1,1,0,1,1,1,1,1,1,1,0,0,1,1,1,
5,1,1,1,1,1,1,1,0,1,1,1,1,1,1,1,0,1,1,1,1,
5,1,0,0,1,1,1,1,0,1,1,1,1,1,1,1,0,1,1,1,1,
5,0,0,1,1,0,1,1,0,1,1,1,1,1,1,1,0,1,1,1,1,
5,1,1,1,1,1,1,2,0,1,1,2,1,1,1,2,0,1,1,2,1,
7,0,1,1,1,1,1,1,0,1,1,1,1,1,1,1,0,1,1,1,1,
5,1,1,1,1,1,1,1,0,1,1,1,1,1,1,1,0,1,1,1,1,
5,1,1,1,1,1,1,2,0,1,1,1,1,1,2,2,0,1,1,1,1,
5,1,2,1,2,1,2,2,0,1,2,1,2,1,2,2,0,1,1,1,2,
5,1,1,1,1,1,2,2,0,1,1,1,2,1,2,2,0,2,1,1,1,
5,1,1,1,1,1,2,2,0,1,1,1,2,1,2,2,0,1,1,1,2,
5,1,1,1,1,1,1,2,0,1,1,1,2,1,2,2,0,2,1,1,2,
5,1,2,1,2,1,2,2,0,2,1,2,2,1,2,2,0,1,1,2,2,
5,1,1,1,1,1,2,2,0,1,2,2,2,1,2,2,0,1,1,1,2,
5,1,1,1,1,1,2,2,0,1,1,1,2,1,2,2,0,1,1,1,2,
5,1,2,1,1,1,2,2,0,1,1,1,1,1,2,2,0,1,2,1,1,
6,1,1,0,1,0,1,1,0,0,0,1,1,1,1,1,0,0,0,1,1,
5,0,1,0,1,0,1,1,0,0,1,1,1,0,1,1,0,1,0,1,1,
6,0,1,0,1,1,1,1,0,0,0,1,1,0,1,1,0,1,1,1,1,
5,0,1,0,1,1,1,1,0,0,0,1,1,0,1,1,0,1,1,1,1,
5,0,0,0,1,0,1,1,0,1,0,1,1,1,1,1,0,0,1,1,1,
5,0,1,0,1,0,1,1,0,1,0,1,1,1,1,1,0,1,1,1,1,
5,0,1,0,1,1,1,1,0,0,0,1,1,0,1,1,0,1,1,1,1,
5,0,0,1,1,0,1,1,0,1,0,1,1,1,1,1,0,1,1,1,1,
5,0,1,0,1,1,1,1,0,1,0,1,1,0,1,1,0,1,1,1,1,
5,0,0,0,1,0,1,1,0,1,1,1,1,1,1,1,0,1,1,1,1,
8,1,1,1,1,1,1,2,0,1,1,1,2,1,1,2,0,1,1,1,2,
5,0,1,1,1,1,1,1,0,1,0,1,1,1,1,1,0,0,1,1,1,
5,0,0,1,1,1,1,1,0,1,1,1,1,0,1,1,0,1,1,1,1,
5,0,1,1,1,1,1,1,0,0,0,1,1,1,1,1,0,1,1,1,1,
5,0,1,1,1,1,1,2,0,1,0,1,1,1,1,1,0,1,1,1,1,
5,0,1,1,1,1,1,2,0,1,1,1,1,1,1,2,0,1,1,1,2,
5,1,0,0,1,1,1,2,0,1,1,1,1,1,1,1,0,1,1,1,1,
5,1,1,1,1,1,1,2,0,1,0,1,1,1,1,2,0,2,1,1,1,
5,1,1,1,1,1,1,2,0,1,1,1,2,1,2,1,0,1,1,1,1,
5,1,1,1,1,1,1,2,0,1,1,1,2,1,1,2,0,2,1,1,1,
5,1,1,1,2,1,1,2,0,1,1,1,2,1,1,2,0,1,1,1,2,
5,1,1,1,2,1,1,2,0,1,1,1,2,1,2,2,0,1,1,1,2,
5,1,1,1,1,1,2,2,0,1,1,1,2,1,2,2,0,1,2,1,2,
5,1,1,1,2,1,2,2,0,1,1,1,2,1,2,2,0,2,1,1,2,
5,1,1,1,2,2,2,2,0,1,2,1,2,1,2,2,0,1,1,2,2,
5,1,1,1,2,1,2,2,0,1,1,2,2,1,2,2,0,1,1,1,2,
5,1,1,1,2,2,2,2,1,1,1,2,2,1,2,2,0,1,2,1,2,
8,1,3,3,4,4,4,4,0,3,1,4,4,4,4,4,1,4,4,4,4,
6,0,0,0,1,0,1,1,0,1,0,1,1,1,1,1,0,0,1,1,1,
5,0,0,0,1,1,1,1,0,0,0,1,1,1,1,1,0,1,1,1,1,
5,0,0,0,1,1,1,1,0,1,0,1,1,1,1,1,0,0,1,1,1,
6,0,0,0,1,1,1,1,0,0,0,1,1,0,1,1,0,0,1,1,1,
5,0,0,0,1,1,1,1,0,1,1,1,1,0,1,1,0,0,1,1,1,
5,0,1,0,1,0,1,1,0,1,0,1,1,1,1,1,0,1,1,1,1,
5,0,0,0,1,1,1,1,0,0,1,1,1,1,1,1,0,1,1,1,1,
7,1,1,1,2,1,2,2,0,2,1,2,2,2,2,2,0,1,1,1,2,
5,1,0,1,1,1,1,2,0,0,1,1,1,1,1,1,0,1,1,1,1,
5,1,0,1,1,0,1,1,0,0,1,1,1,1,1,1,0,1,1,1,1,
5,0,0,1,1,1,1,1,0,1,1,1,1,1,2,1,0,1,1,1,1,
5,0,0,2,1,1,1,1,0,1,1,1,1,1,1,1,0,1,1,1,1,
5,0,0,1,1,1,1,1,0,1,1,1,1,1,1,1,0,1,1,1,1,
5,1,0,1,1,1,1,1,0,2,1,1,1,1,1,1,0,2,1,1,1,
5,1,0,1,1,1,1,1,0,2,1,1,1,1,2,2,0,1,1,1,1,
5,2,1,1,1,1,1,2,0,1,0,1,1,1,1,2,0,1,1,1,1,
5,1,1,1,1,1,1,2,0,1,1,1,2,1,2,2,0,1,1,1,1,
5,1,1,1,1,1,2,2,0,1,1,1,2,1,1,2,0,1,1,1,1,
5,1,1,1,2,1,2,2,0,1,1,1,2,1,2,2,0,1,1,1,2,
5,1,1,1,1,1,1,2,0,1,1,1,2,1,2,2,0,1,1,2,2,
5,1,2,1,2,1,2,2,0,1,1,1,2,1,2,2,0,1,1,1,2,
5,1,1,1,2,1,2,2,0,1,1,2,2,1,2,2,0,1,1,1,2,
5,1,1,1,2,1,2,2,0,2,1,2,2,1,2,2,0,1,1,1,2,
5,1,1,2,2,1,2,2,0,1,1,1,2,2,2,2,0,2,1,1,2,
5,1,1,1,2,2,2,2,0,1,1,2,2,1,2,2,1,2,2,1,2,
5,1,1,1,2,1,2,2,0,1,2,2,2,1,2,2,0,2,1,2,2,
6,0,0,0,1,1,1,1,0,1,1,0,1,0,1,1,0,0,1,1,1,
5,0,0,0,1,1,1,1,0,1,0,1,1,1,1,1,0,0,0,0,1,
6,1,1,1,2,1,2,2,0,1,1,1,2,1,2,2,0,1,1,1,2,
4,0,0,1,1,1,1,1,0,0,0,0,1,0,1,1,0,1,0,0,1,
4,0,0,0,1,0,1,1,0,1,0,1,1,1,1,1,0,0,1,1,1,
5,1,0,1,1,1,1,1,0,1,1,1,1,1,1,1,0,0,0,0,1,
5,0,0,0,1,1,1,1,0,1,1,1,1,1,1,1,0,1,1,1,1,
5,0,0,1,1,1,1,1,0,1,1,1,1,1,1,1,0,1,0,0,1,
5,1,0,0,1,1,1,1,0,1,0,1,1,1,1,1,0,0,1,1,1,
5,0,0,0,1,1,1,1,0,1,1,1,1,1,1,1,0,1,1,1,1,
5,1,0,0,1,1,1,1,0,1,1,1,1,1,1,1,0,1,0,1,1,
5,1,0,0,1,1,1,2,0,1,1,1,1,1,1,1,0,1,1,1,1,
7,3,3,3,4,3,3,4,0,3,3,3,3,3,3,4,0,3,3,3,4,
5,1,1,1,1,1,2,2,0,1,1,1,1,1,1,1,0,1,0,1,1,
5,1,1,1,1,1,1,2,0,1,1,1,2,1,1,2,0,1,0,1,1,
5,1,1,2,1,1,1,2,0,1,1,1,2,1,1,2,0,1,1,1,2,
5,1,1,1,2,1,1,2,0,1,1,1,2,1,2,2,0,1,1,1,2,
5,1,1,1,2,1,1,2,0,1,1,1,2,1,2,2,0,1,1,1,2,
5,1,1,1,2,1,1,2,0,1,1,1,2,1,2,2,0,1,1,1,2,
5,1,1,2,2,1,1,2,0,1,1,1,2,1,2,2,0,1,1,1,2,
5,1,1,2,2,1,2,2,0,1,1,1,2,1,2,2,0,1,1,1,2,
5,1,1,1,2,1,2,2,0,1,1,2,2,1,2,2,0,1,1,1,2,
5,1,1,1,2,1,2,2,0,1,1,1,2,1,2,2,0,2,2,1,2,
5,1,1,1,2,1,2,2,0,1,1,2,2,1,2,2,0,1,1,1,2,
5,1,1,2,2,2,2,2,0,1,1,1,2,1,2,2,0,2,1,1,2,
5,2,1,2,2,1,2,2,0,1,1,1,2,1,2,2,0,1,1,1,2,
4,0,0,0,1,1,1,1,0,1,0,1,1,0,1,1,0,0,0,1,1,
5,0,1,1,1,0,1,1,0,1,0,1,1,1,1,1,0,0,0,0,1,
5,0,0,1,1,1,1,1,0,0,1,1,1,0,1,1,0,1,0,0,1,
5,0,0,1,1,1,1,1,0,1,1,1,1,1,1,1,0,0,0,0,1,
5,0,1,0,1,1,1,1,0,1,0,1,1,1,1,1,0,1,0,1,1,
5,0,1,1,1,1,1,1,0,1,1,1,1,1,1,1,0,1,0,0,1,
5,1,1,1,1,1,1,1,0,1,1,1,1,1,1,2,0,1,0,0,1,
5,0,1,1,1,1,1,1,0,1,1,1,1,1,1,2,0,1,0,1,1,
5,1,1,1,1,1,1,2,0,1,1,1,1,1,1,2,0,0,1,1,2,
5,1,1,1,1,1,1,1,0,1,1,1,2,1,1,2,0,0,1,2,1,
5,1,1,1,1,1,1,2,0,1,1,1,2,1,1,2,0,1,1,1,2,
5,1,1,1,2,1,1,2,0,1,1,1,1,1,2,2,0,1,1,1,1,
5,1,1,1,2,1,1,2,0,1,1,2,2,1,2,2,0,1,1,1,2,
5,1,1,2,2,2,2,2,0,1,1,1,2,1,2,2,0,1,1,1,2,
5,1,1,2,2,2,2,2,0,1,1,1,2,2,2,2,0,1,1,1,2,
5,2,1,1,2,1,1,2,0,1,1,1,2,1,2,2,0,1,1,2,2,
5,1,1,2,2,1,2,2,0,1,1,1,2,1,2,2,0,1,1,1,2,
5,1,1,1,2,1,2,2,0,1,1,1,2,1,1,2,0,1,1,2,2,
5,1,1,2,2,1,2,2,0,1,1,1,2,2,2,2,0,1,1,1,2,
5,1,1,1,2,1,2,2,0,1,1,1,2,1,2,2,0,2,1,2,2,
5,1,1,1,2,2,2,2,0,1,1,2,2,1,2,2,0,1,1,2,2,
5,1,1,1,2,2,2,2,0,1,1,2,2,1,2,2,0,2,1,1,2,
5,1,1,1,2,2,2,2,0,1,1,1,2,1,2,2,0,2,1,2,2,
5,1,1,1,2,2,2,2,0,1,1,2,2,1,2,2,0,2,1,1,2,
4,0,0,0,1,1,1,1,0,0,0,1,1,0,1,1,0,1,0,1,1,
4,1,2,1,2,1,2,2,1,1,1,2,2,1,2,2,0,2,1,2,2,
5,0,1,0,1,1,1,1,0,0,0,1,1,1,1,1,0,1,0,1,1,
5,0,1,0,1,1,1,1,0,0,1,1,1,0,1,1,0,1,0,1,1,
5,1,1,0,1,1,1,1,0,0,1,1,1,0,1,1,0,1,0,1,1,
5,0,0,0,1,1,1,1,0,1,1,1,1,1,1,1,0,1,0,1,1,
5,0,1,1,1,1,1,1,0,1,1,0,1,1,1,1,0,1,0,1,1,
5,0,1,1,1,1,1,1,0,1,1,1,1,1,1,1,0,1,0,1,1,
5,0,1,1,1,1,1,2,0,1,1,1,1,1,1,1,0,1,0,1,1,
5,0,1,1,1,1,1,2,0,1,1,1,1,1,1,1,0,1,1,1,2,
5,1,1,1,2,1,1,2,0,1,1,1,1,1,1,2,0,2,1,1,2,
5,1,1,1,1,1,2,2,0,1,1,1,2,1,1,2,0,1,1,1,2,
5,1,1,1,2,1,1,2,0,1,1,1,2,1,1,2,0,2,1,1,2,
5,1,1,1,1,1,1,2,0,1,1,1,2,1,1,2,0,2,1,1,2,
5,1,1,1,2,1,1,2,0,1,1,1,2,1,2,2,0,2,1,1,2,
5,1,1,1,2,1,1,2,0,1,1,1,2,2,2,2,0,2,1,1,2,
5,1,1,2,2,1,2,2,0,1,1,1,2,1,2,2,0,2,1,1,2,
5,1,1,1,2,1,2,2,0,1,1,1,2,1,2,2,0,2,1,2,2,
5,1,1,2,2,1,2,2,0,1,1,1,2,2,2,2,1,2,1,1,2,
6,0,0,1,1,0,1,1,0,1,1,0,1,0,1,1,0,1,0,1,1,
6,0,0,1,1,1,1,1,0,0,1,0,1,0,1,1,0,1,0,1,1,
5,1,1,1,2,1,2,2,0,1,1,2,2,1,2,2,0,2,1,1,2,
5,1,1,0,1,1,1,2,0,1,1,1,2,1,1,2,0,2,1,1,2,
5,0,1,0,1,1,1,1,0,1,1,1,1,1,1,1,0,1,1,1,2,
5,0,1,0,1,1,1,1,0,1,1,1,1,1,1,1,0,1,0,0,1,
8,0,1,1,1,1,1,1,0,1,1,1,1,1,1,1,0,1,0,1,1,
5,0,1,1,1,1,1,1,0,1,1,1,1,1,1,1,0,1,0,1,2,
5,0,1,1,2,1,1,2,0,1,1,1,1,1,1,2,0,1,1,1,1,
5,1,1,1,1,1,2,1,0,1,1,1,1,1,2,1,0,1,0,1,1,
5,1,1,1,1,1,1,2,0,1,1,1,1,1,2,1,0,1,0,1,1,
5,1,1,1,1,1,2,2,0,1,1,1,1,1,2,1,0,1,1,1,1,
5,0,1,1,2,1,1,2,0,1,1,1,1,1,1,1,0,1,1,1,1,
5,0,1,1,1,1,2,2,0,1,1,1,1,1,2,1,0,1,1,1,1,
5,0,1,1,2,1,1,1,0,1,1,2,1,1,1,1,0,1,1,1,1,
5,1,1,1,1,1,2,2,0,1,1,2,2,1,2,2,0,1,1,1,2,
5,1,1,1,2,1,1,2,0,1,1,2,1,1,1,2,0,1,1,1,2,
5,1,1,1,2,1,2,2,0,1,1,1,2,1,2,2,0,1,1,1,1,
5,1,1,1,2,1,2,2,0,1,1,2,2,1,2,2,0,1,1,1,2,
5,1,1,1,2,1,2,2,0,1,1,2,2,1,2,2,0,1,1,1,2,
5,1,1,1,2,1,2,2,0,1,1,2,2,1,2,2,0,1,1,1,2,
5,1,1,1,2,2,2,2,0,1,1,2,2,1,2,2,0,1,1,2,2,
5,1,1,2,2,1,2,2,0,2,1,2,2,2,2,2,0,2,1,1,2,
6,0,0,0,1,1,1,1,0,1,1,0,1,0,1,1,0,1,0,1,1,
4,0,0,0,1,1,1,1,0,1,0,1,1,1,1,1,0,1,0,1,1,
5,0,0,0,1,0,1,1,0,1,1,1,1,1,1,1,0,1,0,0,1,
5,0,0,0,1,1,1,1,0,1,1,1,1,1,1,1,0,1,0,1,1,
6,0,1,1,1,1,1,1,0,1,1,1,1,1,2,1,0,1,0,1,1,
5,0,0,1,1,1,1,1,0,1,1,1,1,1,1,1,0,1,0,1,1,
5,0,1,1,1,1,1,1,0,0,1,1,1,1,1,1,0,1,0,1,1,
5,0,1,1,1,1,1,1,0,1,1,1,1,1,2,1,0,1,0,1,1,
5,0,1,1,1,1,2,2,0,1,1,1,1,1,2,1,0,1,1,1,1,
5,1,0,1,1,1,2,1,0,1,1,1,1,1,2,1,0,1,1,1,1,
5,1,1,1,1,1,2,2,0,1,1,1,2,1,2,1,0,1,1,1,1,
5,1,1,1,1,1,2,2,0,1,1,1,1,1,2,2,0,1,1,1,2,
5,1,1,1,1,1,2,2,0,1,1,1,1,1,2,2,0,1,1,1,2,
5,1,1,1,2,1,2,2,0,1,1,1,1,1,2,2,0,1,1,1,1,
5,1,1,1,2,1,2,2,0,1,1,1,2,1,2,2,0,1,1,1,1,
5,1,1,1,2,1,2,2,0,1,1,1,2,1,2,2,0,1,1,1,1,
5,1,1,1,2,1,1,2,0,2,1,2,2,1,1,2,0,1,1,1,2,
5,1,1,1,2,1,2,2,0,1,1,1,2,1,2,2,0,1,1,1,2,
5,1,1,1,1,1,2,2,0,1,1,1,1,1,2,1,0,1,1,1,1,
5,1,1,1,2,1,2,2,0,1,2,1,2,1,2,2,0,1,1,1,2,
5,1,1,1,2,1,2,2,0,1,1,1,2,2,2,2,0,2,1,1,2,
5,2,1,1,2,1,2,2,0,1,2,2,2,2,2,2,0,1,1,1,2,
5,1,1,1,2,1,2,2,0,2,1,1,2,2,2,2,0,2,1,1,2,
4,0,0,0,1,1,1,1,0,1,0,1,1,0,1,1,0,1,0,0,1,
5,1,0,0,1,1,1,1,0,1,1,1,1,1,1,1,0,0,0,1,1,
5,1,0,0,1,1,1,1,0,1,1,1,1,1,1,1,0,1,0,0,1,
6,1,0,0,1,1,1,1,0,0,0,1,1,1,1,1,0,0,1,1,1,
5,0,1,0,1,1,1,1,0,1,1,1,1,1,1,1,0,0,0,1,1,
5,0,0,1,1,1,1,1,0,0,1,1,1,1,1,1,0,1,1,1,1,
5,0,1,1,1,1,1,2,0,1,1,1,1,1,1,1,0,1,0,1,1,
5,1,0,1,1,1,2,1,0,1,1,1,1,1,2,1,0,1,1,1,2,
5,1,1,1,1,1,1,2,0,1,1,1,2,1,1,1,0,1,1,2,2,
5,1,1,1,2,1,2,2,0,1,1,1,1,1,2,2,0,1,1,1,1,
5,1,1,1,1,1,2,2,0,1,1,1,2,1,2,2,0,1,1,1,2,
5,1,1,1,2,1,2,2,0,1,1,1,2,1,1,2,0,2,1,1,2,
5,2,1,1,2,1,1,2,0,1,1,1,2,1,2,2,0,1,1,1,2,
5,1,1,1,2,1,2,2,0,1,1,2,2,2,2,2,0,1,1,1,2,
5,1,1,1,2,1,2,2,0,2,1,1,2,1,2,2,0,1,1,1,2,
5,2,1,1,2,2,2,2,0,2,1,1,2,2,2,2,1,1,1,1,2,
5,1,1,1,2,2,2,2,1,1,1,1,2,1,2,2,0,2,1,2,2,
6,1,0,0,1,0,1,1,0,0,1,1,1,1,1,1,0,0,0,1,1,
4,0,1,0,1,0,1,1,0,1,0,1,1,1,1,1,0,0,0,1,1,
5,1,0,0,1,1,1,1,0,0,0,1,1,1,1,1,0,0,0,1,1,
5,1,0,0,1,1,1,1,0,1,1,1,1,1,1,1,0,0,0,1,1,
5,0,0,1,1,1,1,1,0,1,1,1,1,1,1,1,0,0,1,1,1,
5,0,0,1,1,1,1,1,0,0,1,1,1,1,1,1,0,1,1,1,1,
5,0,0,0,1,1,1,1,0,1,1,1,1,1,1,1,0,1,1,1,1,
5,1,1,1,1,1,1,2,0,1,1,2,1,1,1,2,0,1,1,1,1,
5,0,1,1,1,1,1,2,0,1,1,1,2,1,1,1,0,1,1,1,1,
5,0,1,1,1,1,1,1,0,1,1,2,1,1,1,1,0,1,0,1,1,
5,1,1,1,1,1,1,2,0,1,1,1,1,1,2,1,0,1,0,1,1,
8,3,3,4,4,4,5,4,0,4,4,4,4,4,4,4,0,4,3,4,4,
5,0,1,1,1,1,1,2,0,1,1,1,2,1,1,2,0,1,1,1,1,
5,1,1,1,1,1,1,2,0,1,1,1,1,1,1,2,0,0,1,1,2,
5,0,1,1,2,1,1,2,0,1,1,1,1,1,2,1,0,1,1,1,2,
5,1,1,1,1,1,2,2,0,1,1,1,1,1,2,2,0,1,1,1,1,
5,1,1,1,1,1,1,2,0,1,1,1,2,1,1,2,0,1,1,1,2,
10,1,1,1,1,1,1,2,0,1,1,1,2,1,1,2,0,1,1,1,2,
5,1,1,1,2,1,1,2,0,1,1,1,2,1,2,2,0,1,1,1,2,
5,1,1,1,2,1,1,2,0,1,1,1,2,1,1,2,0,1,1,1,2,
6,1,0,1,1,1,1,1,0,0,0,0,1,1,1,1,0,0,0,0,1,
5,1,1,1,2,1,2,2,0,1,1,1,2,1,2,2,0,1,1,1,2,
6,1,1,1,1,1,1,2,0,1,2,1,2,1,2,2,0,1,1,1,2,
5,1,1,1,2,1,2,2,0,1,1,2,2,1,2,2,0,1,1,2,2,
5,1,1,1,2,2,2,2,0,1,1,1,2,2,2,2,0,1,1,1,2,
5,1,1,1,2,1,2,2,0,1,1,2,2,2,2,2,0,1,1,2,2,
5,1,1,1,2,2,1,2,0,1,1,1,2,2,2,2,0,1,1,2,2,
4,1,1,1,2,2,2,2,0,1,1,2,2,2,1,2,0,1,1,1,2,
5,0,0,0,1,1,1,1,0,0,1,1,1,1,1,1,0,0,0,1,1,
5,0,1,1,1,0,1,1,0,0,0,1,1,0,1,1,0,1,0,1,1,
5,0,0,1,1,0,1,1,0,1,0,1,1,1,1,1,0,0,1,1,1,
5,0,0,1,1,1,1,1,0,1,1,1,1,1,1,1,0,0,0,1,1,
7,0,0,1,1,1,1,1,0,0,0,1,1,1,1,1,0,1,1,1,1,
5,0,0,1,1,1,1,1,0,1,0,1,1,1,1,1,0,1,1,1,1,
5,0,1,1,1,1,1,1,0,0,0,1,1,1,1,1,0,1,1,2,1,
5,1,1,1,1,1,1,2,0,1,1,1,1,1,1,2,0,1,1,1,2,
5,0,1,1,2,1,1,2,0,1,1,1,1,1,1,1,0,1,0,2,1,
5,1,1,1,2,1,1,2,0,1,1,1,1,1,1,1,0,1,0,1,1,
8,1,1,1,1,1,2,2,0,1,0,1,1,1,1,1,0,1,1,1,2,
6,0,1,1,1,1,2,2,0,1,1,1,1,1,1,2,0,1,1,1,2,
5,1,1,1,1,1,2,2,0,1,1,1,1,1,2,2,0,1,1,1,2,
5,1,1,1,1,1,2,2,0,1,1,1,2,1,2,2,0,1,1,1,1,
5,1,1,1,2,1,2,2,0,1,1,1,2,1,2,2,0,1,1,1,2,
5,1,1,1,2,1,2,2,0,1,1,1,2,1,2,2,0,1,1,1,2,
5,1,1,1,2,1,2,2,0,1,1,1,2,1,2,2,0,1,1,1,2,
5,1,1,1,2,1,2,2,0,1,1,2,2,1,2,2,0,1,1,2,2,
5,1,1,2,2,1,2,2,0,1,1,2,2,1,2,2,0,1,1,1,2,
5,1,1,2,2,1,2,2,0,1,1,2,2,1,2,2,0,1,1,1,2,
5,0,0,1,1,0,1,1,0,1,0,1,1,0,1,1,0,0,0,1,1,
6,1,1,2,2,1,2,2,0,1,1,2,2,1,2,2,0,1,1,1,2,
5,0,0,1,1,1,1,1,0,1,1,1,1,0,1,1,0,0,0,1,1,
5,0,0,1,1,1,1,1,0,0,0,1,1,0,1,1,0,1,1,1,1,
5,0,1,1,1,1,1,1,0,1,0,1,1,1,1,1,0,0,1,1,1,
5,0,0,1,1,1,2,1,0,1,1,1,1,1,2,1,0,1,1,1,1,
7,0,1,1,1,1,2,1,0,1,0,1,1,1,1,1,0,1,1,1,1,
5,1,1,1,1,1,2,1,0,1,0,1,1,1,2,1,0,1,1,1,1,
5,0,1,1,1,1,2,1,0,1,1,1,2,1,2,1,0,1,1,1,1,
5,0,1,1,1,1,2,2,0,1,1,1,1,1,2,1,0,1,1,1,1,
5,0,1,1,1,1,2,2,0,1,1,1,2,1,2,1,0,1,1,1,1,
5,1,1,1,1,1,2,2,0,1,1,1,1,1,2,2,0,1,1,1,1,
5,1,1,1,1,1,2,2,0,1,1,1,2,1,2,2,0,1,1,1,2,
5,1,1,1,2,1,1,2,0,1,1,1,2,1,1,2,0,1,1,2,2,
5,1,1,1,2,1,2,2,0,1,1,1,2,1,2,2,0,1,1,2,2,
5,1,1,1,2,1,2,2,0,1,1,2,2,1,2,2,0,1,1,1,2,
5,1,1,2,2,1,2,2,0,1,1,2,2,1,2,2,0,1,1,2,2,
5,1,1,1,2,1,2,2,0,1,1,2,2,1,2,2,0,1,1,2,2,
5,1,1,1,2,1,2,2,0,1,1,2,2,1,2,2,0,1,1,2,2,
5,1,1,2,2,1,2,2,0,1,1,2,2,1,2,2,0,1,1,2,2,
4,0,0,1,1,0,1,1,0,1,0,1,1,0,1,1,0,0,1,1,1,
4,0,0,1,1,1,1,1,0,0,0,1,1,0,1,1,0,0,1,1,1,
5,0,1,1,1,1,1,1,0,1,0,1,1,0,1,1,0,0,1,1,1,
5,0,0,1,1,1,1,1,0,0,1,1,1,1,1,1,0,0,1,1,1,
5,0,0,1,1,1,1,2,0,1,1,1,1,1,1,1,0,1,1,1,1,
5,0,0,1,1,1,1,2,0,1,1,1,1,1,1,1,0,1,1,1,1,
5,0,1,1,1,1,1,2,0,1,1,1,2,1,1,1,0,1,1,1,1,
7,0,1,1,1,0,1,2,0,0,1,1,1,1,1,1,0,1,1,1,1,
5,0,1,1,1,1,1,2,0,1,1,1,2,1,1,2,0,1,1,1,1,
5,0,1,1,2,1,1,2,0,1,1,1,2,1,1,2,0,1,1,1,1,
5,1,1,1,2,1,1,2,0,1,1,1,2,1,2,2,0,1,1,1,2,
9,0,1,2,1,1,1,2,0,1,1,1,2,1,1,1,0,1,1,1,1,
5,1,1,2,2,1,2,2,0,1,1,2,2,1,2,2,0,1,1,2,2,
5,1,1,2,2,1,1,2,0,1,1,2,2,1,2,2,0,1,1,2,2,
5,1,1,2,2,1,2,2,0,1,1,2,2,1,2,2,0,2,1,2,2,
6,0,0,1,1,0,1,1,0,0,0,1,1,1,1,1,0,1,0,1,1,
5,1,1,2,2,1,1,2,0,1,1,2,2,1,2,2,1,1,1,2,2,
5,0,0,1,1,0,1,1,0,0,0,1,1,0,1,1,0,0,1,1,1,
5,1,0,1,1,0,1,1,0,0,0,1,1,0,1,1,0,0,0,1,1,
4,0,0,1,1,0,1,1,0,1,0,1,1,0,1,1,0,0,1,1,1,
5,0,0,1,1,1,1,1,0,1,1,1,1,0,1,1,0,0,1,1,1,
5,0,1,1,1,0,1,1,0,1,0,1,1,0,1,1,0,0,1,1,1,
5,0,0,1,1,0,1,1,0,1,1,1,1,1,1,1,0,0,1,1,1,
5,0,1,1,1,0,1,2,0,1,1,1,1,1,1,1,0,1,1,1,1,
5,0,1,1,1,0,1,1,0,1,1,1,2,0,1,1,0,1,1,1,1,
5,1,1,1,2,1,1,2,0,0,1,1,2,0,1,1,0,1,1,1,1,
5,0,1,1,1,1,1,2,0,0,1,1,2,1,1,1,0,1,1,1,1,
5,0,1,1,1,1,1,2,0,1,1,1,2,1,1,2,0,1,1,1,1,
5,1,0,1,2,1,1,2,0,2,1,1,2,1,1,2,0,1,1,1,1,
5,1,1,1,2,1,1,2,0,1,1,2,2,1,1,2,0,1,1,1,1,
5,1,1,1,1,1,2,2,0,1,1,1,2,1,2,2,0,1,1,1,2,
5,1,1,1,2,1,2,2,0,1,1,1,2,1,2,2,1,1,1,1,1,
5,1,1,2,2,1,2,2,0,1,2,2,2,1,2,2,0,1,1,2,2,
5,1,1,1,2,1,2,2,0,1,1,2,2,1,2,2,0,1,1,1,2,
5,1,1,2,2,2,1,2,0,1,1,2,2,2,1,2,0,1,1,1,2,
5,1,2,1,2,2,1,2,0,1,1,2,2,2,1,2,0,1,1,2,2,
5,1,1,1,2,2,2,2,0,1,1,2,2,2,2,2,1,1,1,1,2,
5,0,0,1,1,1,0,1,0,0,0,1,1,1,0,1,0,0,1,1,1,
5,0,0,1,1,1,1,1,0,0,0,1,1,1,1,1,0,0,1,0,1,
4,0,0,1,1,1,0,1,0,0,1,1,1,1,0,1,0,0,0,1,1,
4,0,1,1,1,1,0,1,0,0,0,1,1,1,1,1,0,0,1,1,1,
5,0,1,1,1,1,0,1,0,0,0,1,1,1,1,1,0,0,1,1,1,
5,0,1,1,1,1,0,1,0,0,0,1,1,1,1,1,0,0,1,1,1,
5,0,1,1,1,1,0,1,0,0,1,1,1,1,1,1,0,0,1,1,1,
5,0,1,1,1,2,0,1,0,1,1,1,1,1,1,1,0,0,1,1,1,
5,0,1,1,1,1,0,2,0,0,1,1,1,1,1,1,0,1,1,1,1,
5,0,1,1,1,2,1,2,0,0,1,1,1,1,1,1,0,1,1,1,1,
5,2,1,1,2,1,1,2,0,1,1,1,1,1,1,2,0,1,1,1,1,
5,0,1,1,1,1,1,2,0,1,0,1,1,1,1,1,0,1,1,1,2,
5,0,1,1,1,1,1,2,0,0,1,1,1,1,1,2,0,1,1,1,1,
5,1,0,1,2,1,1,2,0,2,1,1,1,1,1,1,0,1,1,1,1,
5,0,1,1,2,1,1,2,0,1,1,1,2,1,1,2,0,1,1,1,1,
5,1,1,1,2,1,1,2,0,2,1,1,2,1,1,2,0,1,1,1,2,
5,1,1,1,2,1,1,2,0,1,1,1,2,1,1,2,0,1,1,1,2,
8,1,1,1,2,1,1,2,0,2,1,1,2,1,1,2,0,1,1,2,2,
5,1,1,2,2,1,1,2,0,2,1,2,2,1,1,2,0,1,1,1,2,
5,1,1,2,2,1,1,2,0,1,1,2,2,1,2,2,1,2,1,2,2,
5,1,1,2,2,1,2,2,0,1,1,2,2,1,1,2,0,1,1,1,2,
5,1,2,1,2,1,1,2,0,2,1,2,2,1,1,2,0,1,1,2,2,
5,1,1,2,2,1,1,2,0,1,1,2,2,1,1,2,0,1,2,2,2,
5,1,2,2,2,1,2,2,0,1,1,2,2,1,1,2,0,1,1,2,2,
5,1,2,2,2,1,1,2,1,2,1,2,2,1,2,2,0,1,1,2,2,
5,0,1,1,1,0,1,1,0,1,1,1,1,0,1,1,0,0,1,1,1,
5,0,1,1,1,0,1,1,0,0,1,1,1,0,1,1,0,1,1,1,1,
5,0,0,1,1,1,1,1,0,1,1,1,1,0,1,1,0,0,1,1,1,
5,0,0,1,1,1,1,1,0,0,1,1,1,0,1,1,0,1,1,1,1,
5,1,2,2,2,1,1,2,0,1,1,2,2,1,1,2,0,1,1,2,2,
5,0,1,2,1,1,1,1,0,1,1,2,1,1,1,2,0,1,1,2,1,
5,1,1,1,2,1,1,2,0,2,1,1,2,1,2,2,0,1,1,2,2,
6,1,1,1,2,0,1,2,0,1,1,1,1,1,1,2,0,1,1,1,2,
5,1,1,1,2,0,1,2,0,1,1,1,1,1,1,2,0,1,1,1,1,
5,1,1,1,2,1,1,2,0,1,1,2,2,1,1,2,0,1,1,1,2,
5,1,1,1,2,1,1,2,0,1,1,1,2,1,1,2,0,1,1,1,2,
5,1,1,1,2,2,1,2,0,2,1,1,1,1,2,2,0,2,1,1,2,
5,1,1,1,2,1,1,2,0,1,2,2,2,1,1,2,0,1,1,1,2,
26,1,1,1,2,1,1,23,0,2,1,2,2,1,1,23,1,1,1,1,2,
6,1,1,1,1,0,1,1,0,0,0,1,1,0,1,1,0,0,1,1,1,
5,1,1,1,2,1,1,2,0,2,1,1,2,1,1,2,0,1,1,2,2,
5,1,1,2,2,1,1,2,0,1,1,2,2,1,1,2,0,1,1,2,2,
5,1,1,2,2,1,1,2,0,2,1,2,2,1,2,2,0,1,1,2,2,
7,1,1,1,2,1,1,2,0,2,2,2,2,2,2,2,0,1,1,2,2,
6,2,1,1,2,1,1,2,0,3,2,2,2,1,2,2,0,1,1,2,2,
6,1,0,1,1,1,1,1,0,1,1,1,1,0,1,1,0,0,1,1,1,
5,0,0,0,1,0,1,1,0,1,0,1,1,1,1,1,0,0,1,1,1,
4,1,0,0,1,1,1,1,0,1,1,1,1,0,1,1,0,0,0,1,1,
5,1,0,1,1,0,1,2,0,1,1,1,1,1,1,1,0,1,1,1,1,
7,3,0,1,4,0,3,4,0,3,1,3,3,0,3,4,0,1,3,3,3,
5,1,0,1,1,0,1,1,0,1,1,1,1,1,1,1,0,0,1,1,1,
5,1,0,1,2,0,1,2,0,1,1,1,2,1,1,2,0,1,1,1,2,
5,0,0,1,1,1,1,2,0,1,1,1,1,1,1,1,0,1,1,1,1,
5,1,0,1,2,1,1,2,0,1,1,1,2,1,1,2,0,1,1,1,1,
5,1,0,1,1,1,1,2,0,1,1,1,1,0,1,2,0,1,1,1,1,
5,1,1,1,2,1,1,2,0,1,1,1,2,1,1,2,0,1,1,1,1,
5,1,1,1,2,1,1,2,0,1,1,1,1,1,1,2,0,1,1,1,2,
5,1,1,1,2,1,1,2,0,1,1,1,2,1,1,2,0,1,1,1,2,
5,1,1,1,2,1,1,2,0,1,1,1,2,1,1,2,0,1,1,1,2,
7,0,0,0,1,0,1,1,0,1,1,1,1,1,1,1,0,1,0,1,1,
5,1,1,1,2,1,2,2,0,1,1,1,2,1,2,2,0,1,1,1,2,
5,1,1,1,2,1,2,2,0,2,1,1,2,1,2,2,0,1,1,1,2,
5,2,1,1,2,1,2,2,0,1,1,2,2,1,2,2,0,1,1,1,2,
5,1,0,0,1,0,0,1,0,0,1,1,1,0,1,1,0,1,0,1,1,
5,1,0,0,1,0,1,1,0,0,1,1,1,0,1,1,0,1,1,1,1,
5,1,0,0,1,0,1,1,0,0,0,1,1,0,1,1,0,1,1,1,1,
4,1,0,0,1,0,1,1,0,0,0,1,1,0,1,1,0,1,1,1,1,
5,0,0,0,1,1,1,1,0,1,1,1,1,0,1,1,0,1,0,1,1,
5,1,0,1,1,1,1,1,0,0,1,1,1,0,1,1,0,1,0,1,1,
5,1,0,1,1,0,1,1,0,0,1,1,1,1,1,1,0,1,1,1,1,
5,1,0,1,1,0,1,1,0,0,1,1,1,1,1,1,0,1,1,1,1,
5,1,0,1,1,1,1,1,0,0,1,1,1,0,1,1,0,1,1,1,1,
17,1,0,1,1,0,1,14,0,1,1,1,13,1,1,14,0,1,13,1,13,
5,2,2,1,2,1,1,2,0,1,1,1,2,1,2,2,0,1,1,2,2,
5,1,0,1,2,1,1,2,0,1,1,1,1,1,1,2,0,1,1,1,1,
5,1,0,1,1,1,1,2,0,1,1,1,1,1,1,2,0,1,1,1,2,
5,1,1,1,2,1,1,2,0,1,1,1,2,1,1,2,0,1,1,1,2,
5,1,1,1,2,1,1,2,0,1,1,1,2,1,1,2,0,1,1,1,1,
5,1,1,1,2,1,1,2,0,1,1,1,2,1,1,2,0,1,1,1,2,
5,1,1,1,2,2,1,2,0,2,1,1,2,1,1,2,0,1,1,2,2,
6,1,0,1,1,0,1,1,0,1,1,1,1,0,1,1,0,1,1,1,1,
5,1,1,1,2,1,1,2,0,2,2,1,2,1,1,2,0,1,1,2,2,
5,1,1,1,2,1,1,2,0,2,1,2,2,1,2,2,0,1,1,1,2,
5,0,0,0,1,0,0,1,0,1,0,0,1,0,1,1,0,1,0,1,1,
8,3,3,4,4,3,3,4,0,4,4,4,4,3,4,4,0,4,3,4,4,
4,1,1,1,1,1,1,1,0,1,1,1,1,1,1,1,0,1,1,1,1,
5,1,0,1,1,1,1,1,0,1,1,1,1,0,1,1,0,1,1,1,1,
5,1,1,1,1,1,1,1,0,1,1,1,1,1,1,1,0,1,1,1,1,
5,1,1,1,1,1,1,1,0,1,1,1,1,1,1,1,0,1,1,1,1,
5,1,1,1,1,0,1,2,0,1,1,1,1,1,1,1,0,1,1,1,1,
5,1,1,1,1,1,1,2,0,1,1,1,1,1,1,2,0,1,1,1,1,
5,1,1,1,1,1,1,2,0,1,2,1,1,1,1,2,0,1,2,1,1,
5,1,1,1,2,1,1,2,0,1,1,1,1,1,1,2,0,1,1,1,2,
5,1,1,1,1,1,1,2,0,1,1,1,1,1,1,2,0,1,1,1,2,
5,1,1,1,1,0,1,1,0,1,1,1,1,1,1,2,0,1,1,1,1,
5,1,1,1,2,1,1,2,0,1,1,1,1,1,2,2,0,1,1,1,1,
5,1,1,1,1,1,1,2,0,1,1,1,2,1,1,2,0,1,1,1,2,
5,1,1,1,1,1,1,1,0,1,1,1,1,1,1,1,0,1,1,1,2,
5,1,1,1,1,1,1,1,0,1,1,1,1,1,1,1,0,1,1,1,1,
5,1,1,1,1,1,1,2,0,1,1,1,1,1,1,2,0,1,1,1,1,
5,1,1,1,1,1,1,2,0,1,1,1,1,1,1,1,0,1,1,1,1,
5,1,2,1,2,1,1,2,0,2,2,2,2,2,2,2,0,1,1,2,2,
5,1,2,1,2,1,1,2,0,2,1,2,2,2,2,2,0,1,1,2,2,
5,1,0,1,1,0,1,1,0,1,1,1,1,0,1,1,0,1,0,1,1,
5,1,0,1,1,0,1,1,0,1,1,1,1,0,1,1,0,1,0,1,1,
6,1,1,1,1,1,1,1,0,1,1,1,1,1,1,1,0,1,1,1,1,
4,1,0,1,1,1,1,1,0,1,1,1,1,0,1,1,0,1,1,1,1,
4,1,0,1,1,0,1,1,0,1,1,1,1,1,1,1,0,1,1,1,1,
4,1,0,1,1,0,1,1,0,1,1,1,1,1,1,1,0,1,0,1,1,
4,1,1,1,1,0,1,1,0,1,1,1,1,1,1,1,0,1,1,1,1,
4,1,1,1,1,0,1,1,0,1,1,1,1,1,1,1,0,1,1,1,1,
6,1,1,1,1,0,1,1,0,1,1,1,1,1,1,1,0,1,1,1,1,
4,1,1,1,1,0,1,1,0,1,1,1,1,1,1,1,0,1,1,1,1,
5,1,1,1,1,1,1,2,0,1,1,1,1,1,1,1,0,1,1,1,1,
5,1,1,1,1,1,1,1,0,1,1,1,1,1,1,1,0,1,1,1,1,
5,1,1,1,1,1,1,1,0,1,1,1,1,1,1,1,0,1,1,1,1,
5,1,1,1,1,1,1,2,0,1,1,1,1,1,1,1,0,1,1,1,1,
5,1,1,2,2,1,1,2,0,2,1,1,2,1,2,2,0,1,1,1,2,
5,1,2,1,2,1,1,2,0,1,1,2,2,1,2,2,0,1,1,1,2,
5,1,1,1,1,1,1,1,0,1,1,1,1,1,1,2,0,1,1,1,1,
5,1,1,1,2,1,1,2,0,1,1,1,2,1,1,2,0,1,1,1,2,
5,1,1,2,2,1,1,2,0,1,1,2,1,1,1,2,0,1,1,2,2,
5,1,1,1,2,1,1,2,0,1,1,2,2,1,2,2,0,1,1,2,2,
5,1,1,2,2,1,1,2,0,1,1,2,2,2,2,2,0,2,1,1,2,
5,1,1,2,2,1,1,2,0,1,2,2,2,1,2,2,0,1,1,1,2,
5,2,1,1,2,1,2,2,0,1,2,2,2,2,2,2,0,1,1,2,2,
5,0,1,1,1,0,1,1,0,0,1,1,1,0,1,1,0,0,0,0,1,
7,1,0,0,1,0,0,1,0,0,1,1,1,1,1,1,0,1,0,1,1,
5,1,1,1,1,1,0,1,0,0,1,1,1,1,1,1,0,0,1,1,1,
5,1,0,0,1,1,1,1,0,0,1,1,1,1,1,1,0,1,1,1,1,
5,1,0,1,1,1,1,1,0,0,1,1,1,1,1,1,0,1,0,1,1,
5,1,0,1,1,1,0,1,0,0,1,1,1,1,1,1,0,0,1,1,1,
5,0,0,1,1,1,1,1,0,0,1,1,1,1,1,1,0,1,0,1,1,
5,1,0,1,1,1,1,2,0,0,1,1,1,1,1,1,0,1,1,1,1,
5,1,1,1,1,0,1,1,0,1,0,1,1,1,1,1,0,0,1,1,1,
5,0,1,1,2,0,1,1,0,1,1,1,1,1,1,1,0,0,1,1,1,
5,1,0,1,1,0,1,1,0,1,1,1,1,1,1,1,0,1,1,1,1,
5,1,1,1,2,2,1,1,0,1,1,1,2,1,1,2,0,0,0,1,1,
5,0,1,2,1,2,1,1,0,1,1,2,1,1,1,1,0,0,1,2,1,
5,1,1,1,2,2,1,2,0,2,2,2,2,2,2,2,0,2,1,2,2,
5,1,1,2,1,0,1,1,0,1,1,2,1,1,1,2,0,1,1,2,1,
5,1,1,1,2,1,1,2,0,1,1,1,2,2,1,2,0,1,1,1,2,
5,1,1,1,2,2,1,2,0,1,1,2,2,2,1,2,0,1,1,1,2,
5,1,1,1,2,2,1,2,0,1,1,2,2,2,1,2,0,1,1,1,2,
5,1,1,2,2,2,1,2,0,1,1,2,1,2,1,2,0,1,1,2,2,
5,1,1,1,2,1,1,2,0,1,1,2,2,1,1,2,0,2,2,1,2,
5,1,2,1,2,1,1,2,0,1,1,2,2,1,1,2,0,1,2,1,2,
7,1,1,1,2,1,1,2,0,1,2,1,2,1,2,2,0,1,1,2,2,
5,1,2,1,2,1,1,2,0,1,1,2,2,2,2,2,0,1,2,2,2,
5,2,1,1,2,2,1,2,0,1,2,2,2,1,2,2,0,2,1,2,2,
5,1,1,1,1,0,0,1,0,0,0,1,1,0,1,1,0,0,1,1,1,
6,1,1,1,2,1,1,1,0,1,1,1,1,1,1,2,0,0,1,1,1,
8,4,0,4,4,0,4,4,0,0,0,4,4,0,4,4,0,4,4,4,4,
5,2,1,1,1,1,1,1,0,1,2,1,1,1,2,2,0,1,1,1,2,
4,0,1,1,1,0,0,1,0,0,0,1,1,0,1,1,0,0,1,0,1,
4,0,0,0,1,0,1,1,0,0,0,1,1,0,1,1,0,1,1,1,1,
4,0,0,0,1,0,0,1,0,0,0,0,1,0,1,1,0,1,1,1,1,
4,0,0,0,1,0,1,1,0,1,1,1,1,0,1,1,0,1,0,1,1,
5,1,0,1,1,0,1,1,0,1,1,1,1,1,1,1,0,1,1,1,1,
5,1,0,2,1,1,1,1,0,1,1,1,1,0,1,1,0,1,1,1,1,
5,1,1,1,1,0,1,1,0,1,1,1,1,1,1,1,0,0,1,1,1,
5,1,0,1,2,1,1,2,0,1,1,1,1,1,1,1,0,1,1,1,1,
5,1,1,1,1,1,1,1,0,1,1,1,1,0,1,2,0,1,1,1,2,
5,1,1,1,2,1,1,2,0,1,1,1,1,1,1,2,0,1,1,1,1,
5,2,1,1,2,1,1,2,0,1,1,1,1,1,1,2,0,1,1,1,2,
5,1,1,1,2,1,1,2,0,1,1,1,2,1,2,2,0,1,1,1,2,
5,1,1,1,2,1,1,2,0,1,1,1,1,1,1,2,0,1,1,2,2,
5,1,1,1,1,1,1,2,0,1,1,1,1,1,1,1,0,1,1,1,1,
5,1,1,1,1,1,1,1,0,1,1,1,1,1,1,1,0,1,1,1,1,
6,1,1,2,2,1,1,2,0,1,1,1,1,1,1,2,0,1,1,1,2,
5,1,1,1,1,1,1,1,0,1,1,1,1,1,1,1,0,1,1,1,1,
5,1,1,1,2,1,1,2,0,1,1,1,1,1,1,2,0,1,1,1,2,
5,1,1,1,2,1,1,2,0,1,1,1,1,1,1,2,0,1,1,1,1,
7,0,0,0,1,0,0,1,0,0,0,0,1,0,0,1,0,0,1,1,1,
5,1,1,1,2,1,1,2,1,1,1,1,2,1,1,2,0,1,2,1,2,
5,0,0,0,1,0,0,1,0,1,0,0,1,0,1,1,0,0,0,1,1,
5,2,1,1,2,1,1,2,1,1,1,1,2,1,1,2,0,1,2,2,2,
4,1,0,1,1,0,0,1,0,0,1,1,1,1,1,1,0,1,0,0,1,
4,1,1,0,1,0,1,1,0,0,1,1,1,0,1,1,0,0,0,1,1,
4,1,0,0,1,0,1,1,0,0,1,1,1,1,1,1,0,1,0,1,1,
4,1,1,1,1,0,1,1,0,0,0,1,1,0,1,1,0,0,1,1,1,
4,1,0,1,1,0,1,1,0,0,1,1,1,0,1,1,0,1,1,1,1,
5,1,1,1,1,0,1,1,0,0,1,1,1,1,1,1,0,0,1,1,1,
5,1,0,1,1,1,1,1,0,0,1,1,1,1,1,1,0,1,1,1,1,
4,1,0,1,1,1,1,1,0,1,1,1,1,0,1,1,0,1,1,1,1,
5,1,1,1,1,0,1,1,0,1,1,1,1,0,1,1,0,1,1,1,1,
5,1,0,1,1,0,1,1,0,1,1,1,1,1,1,1,0,1,1,1,1,
5,1,1,1,1,0,1,1,0,1,1,1,1,1,1,1,0,0,1,1,1,
5,1,1,1,1,0,1,1,0,1,1,1,1,1,1,1,0,1,1,1,1,
25,1,1,22,2,1,1,2,0,1,1,22,2,1,1,2,0,1,1,22,2,
5,0,1,1,1,1,1,1,0,0,1,1,1,0,0,1,0,1,1,1,1,
5,0,0,0,1,0,0,1,0,0,0,0,0,0,0,0,0,0,0,0,1,
5,0,0,0,1,0,0,1,0,0,0,0,1,0,0,1,0,0,0,0,1,
5,0,0,0,1,0,0,1,0,0,0,0,1,0,0,1,0,0,0,0,1,
5,1,1,2,2,1,1,2,0,1,1,2,2,1,1,2,0,1,1,2,2,
5,1,1,2,2,1,1,2,0,1,1,2,2,1,1,2,0,1,1,2,2,
5,1,1,1,2,1,1,2,0,1,1,2,2,1,1,2,0,1,1,2,2,
5,1,2,2,2,1,1,2,0,1,1,2,2,1,1,2,0,1,1,2,2,
5,1,2,2,2,1,1,2,1,1,1,2,2,1,1,2,0,1,1,2,2,
5,0,1,0,1,0,0,1,0,1,1,1,1,0,1,1,0,0,0,1,1,
7,0,1,1,1,0,1,1,0,0,1,1,1,0,1,1,0,0,0,1,1,
4,0,1,1,1,0,0,1,0,0,1,1,1,0,0,1,0,1,0,1,1,
4,0,1,1,1,0,0,1,0,0,1,1,1,0,0,1,0,0,0,1,1,
5,0,1,0,1,0,1,2,0,1,1,1,1,0,1,1,0,1,0,1,1,
5,1,1,1,1,0,1,1,0,1,1,1,1,1,1,1,0,1,1,1,1,
4,0,1,1,1,0,1,1,0,0,1,1,1,0,1,1,0,1,1,1,1,
4,0,1,1,1,0,1,1,0,0,1,1,1,0,1,1,0,1,0,1,1,
5,0,1,1,1,0,1,1,0,1,1,1,1,0,1,1,0,1,0,1,1,
4,0,1,1,1,0,1,1,0,1,1,1,1,1,1,1,0,1,1,1,1,
5,1,1,1,1,1,1,1,0,1,1,1,1,1,1,1,0,1,1,1,1,
5,1,1,1,1,1,1,2,0,1,1,1,1,1,1,1,0,1,1,1,1,
5,1,1,1,1,1,1,2,0,1,1,1,1,1,1,1,0,1,1,1,1,
5,1,1,1,1,1,1,2,0,1,1,1,1,1,1,1,0,1,1,1,1,
5,1,1,1,1,1,1,2,0,1,1,1,2,2,1,1,0,1,1,1,1,
5,1,2,1,2,1,1,2,0,1,2,2,2,1,2,2,0,1,1,1,2,
5,1,1,1,2,1,1,2,0,1,1,1,1,1,1,2,0,1,1,1,1,
5,1,1,1,1,1,1,2,0,1,1,1,1,1,1,2,0,1,1,1,2,
5,1,1,1,2,1,1,2,0,1,1,1,2,1,1,2,0,1,1,1,2,
5,1,1,1,2,1,2,2,0,1,1,2,1,1,1,2,0,1,1,1,2,
5,1,1,1,2,1,2,2,0,1,1,2,2,1,2,2,1,1,1,1,2,
5,1,1,1,1,1,2,2,0,1,2,1,2,1,2,2,0,1,1,1,2,
6,1,1,1,2,1,2,2,0,1,1,2,2,1,2,2,0,1,1,1,2,
5,0,0,0,1,1,1,1,0,1,0,1,1,1,1,1,0,0,0,0,1,
6,1,1,1,2,1,1,2,0,1,1,1,1,1,1,2,0,1,1,1,2,
6,1,1,1,1,1,1,2,0,1,1,1,1,1,2,2,0,1,1,2,1,
6,0,1,1,1,1,1,2,0,1,1,1,1,1,1,2,0,1,1,1,1,
4,0,0,0,1,1,0,1,0,0,0,1,1,1,1,1,0,1,0,1,1,
4,1,0,0,1,1,1,1,0,0,1,0,1,1,1,1,0,1,0,1,1,
4,0,0,0,1,0,1,1,0,0,1,0,1,1,1,1,0,0,1,1,1,
4,0,0,0,1,1,1,1,0,1,0,0,1,1,1,1,0,0,0,1,1,
4,0,0,0,1,1,1,1,0,0,1,1,1,1,1,1,0,0,0,1,1,
4,0,0,1,1,0,1,1,0,0,1,1,1,1,1,1,0,1,0,1,1,
154,0,150,1,150,0,150,150,0,0,150,1,150,1,150,150,0,0,0,150,150,
118,10,1,1,2,15,1,2,0,10,1,1,3,15,1,2,0,10,1,1,2,
67,9,0,0,1,14,2,1,0,9,0,0,2,14,2,1,0,9,0,0,1,
17,7,1,1,1,12,7,1,0,7,1,0,1,12,7,1,0,7,1,1,1,
5,0,0,0,1,1,1,1,0,0,0,0,1,1,1,1,0,0,0,1,1,
6,1,1,1,1,1,1,1,0,1,1,1,1,1,1,1,0,1,1,1,1,
5,1,1,1,1,1,1,2,0,1,1,1,1,1,1,2,0,1,1,1,1,
5,1,1,1,2,1,2,1,0,1,1,1,1,1,1,2,0,1,1,1,1,
5,1,1,1,2,1,1,2,0,1,1,1,1,2,1,2,0,1,1,1,1,
5,1,1,1,2,1,1,2,0,1,1,1,1,1,1,2,0,1,1,1,1,
5,1,1,1,1,1,1,1,0,1,1,1,1,1,1,1,0,1,1,1,1,
5,1,1,1,2,1,1,2,0,1,1,1,2,1,1,2,0,1,1,1,2,
7,1,1,1,2,2,2,2,0,2,1,1,2,2,2,2,0,1,1,1,2,
6,1,1,1,1,2,1,1,0,1,1,1,1,2,2,2,0,1,1,1,1,
6,1,0,1,1,1,1,1,0,1,1,1,1,0,1,2,0,0,1,1,1,
5,0,0,0,1,0,1,1,0,1,1,0,1,1,1,1,0,1,0,1,1,
5,0,0,0,1,1,1,1,0,0,1,1,1,0,1,1,0,1,1,0,1,
5,0,0,0,1,1,1,1,0,0,1,1,1,1,1,1,0,0,1,0,1,
5,0,0,0,1,1,1,1,0,0,1,0,1,1,1,1,0,1,0,0,1,
5,0,0,0,1,1,1,1,0,0,0,1,1,1,1,1,0,0,1,0,1,
4,0,0,0,1,1,1,1,0,0,1,1,1,0,1,1,0,1,1,1,1,
4,0,0,0,1,1,1,1,0,0,1,1,1,1,1,1,0,0,1,0,1,
4,0,0,0,1,1,1,1,0,0,1,0,1,1,1,1,0,1,1,1,1,
5,1,1,1,1,1,1,1,0,1,1,1,1,1,1,1,0,1,1,1,1,
4,0,0,1,1,1,1,1,0,1,0,1,1,1,1,1,0,1,1,0,1,
4,0,1,1,1,1,1,1,0,1,1,1,1,1,1,1,0,1,1,1,1,
5,0,0,0,0,0,0,0,0,0,0,0,0,0,0,0,0,0,0,0,0,
4,0,1,1,1,1,1,1,0,1,1,1,1,1,1,1,0,0,1,1,1,
4,0,1,1,1,1,1,1,0,1,1,1,1,1,1,1,0,1,1,1,1,
5,1,1,1,1,1,1,1,0,1,1,1,1,1,1,1,0,1,1,1,1,
4,1,1,1,1,1,1,1,0,1,1,1,1,1,1,1,0,1,1,1,1,
5,0,0,0,0,0,0,0,0,0,0,0,0,0,0,0,0,0,0,0,0,
5,1,1,1,1,1,1,1,1,1,1,1,1,1,1,1,0,1,1,1,1,
376,20,116,115,197,1,20,240,0,20,116,115,197,1,20,240,0,20,116,115,197,
324,20,117,117,198,20,20,240,1,20,117,117,197,20,20,240,0,20,117,117,197,
272,19,116,116,197,20,20,240,0,19,116,116,196,20,20,240,0,19,116,116,196,
220,0,93,93,173,0,1,216,0,0,93,93,173,1,0,216,0,0,93,93,172,
169,1,41,41,121,1,1,165,0,1,41,41,121,1,1,165,0,1,41,41,121,
117,1,1,1,69,1,1,113,1,1,1,1,69,1,1,113,0,1,1,1,69,
66,1,1,1,17,1,1,62,0,1,1,1,17,1,1,61,0,1,1,1,17,
15,0,0,0,1,1,1,2,0,0,0,1,1,1,1,2,0,0,0,1,1,
6,1,1,1,1,1,1,1,0,1,1,1,1,1,1,1,0,1,1,1,1,
5,0,1,0,1,0,0,1,0,0,1,1,1,0,1,1,0,0,0,1,1,
5,0,1,1,1,0,1,1,0,0,1,1,1,1,1,1,0,0,1,1,1,
4,0,1,1,1,0,1,1,0,0,1,0,1,0,1,1,0,0,1,1,1,
4,0,1,1,1,0,1,1,0,0,1,1,1,0,1,1,0,0,1,1,1,
4,0,1,1,1,1,1,1,0,1,1,1,1,1,1,1,0,0,1,1,1,
5,1,1,1,1,1,1,1,0,1,1,1,1,1,1,1,0,1,1,1,1,
5,1,1,1,1,1,1,1,0,0,1,1,1,1,1,1,0,0,1,1,1,
5,1,1,1,1,1,1,2,0,1,1,1,1,1,1,1,0,1,1,1,1,
5,1,1,1,1,1,1,2,0,1,1,1,1,1,1,2,0,0,1,1,2,
5,1,1,2,1,1,1,2,1,1,1,2,2,1,1,2,0,1,1,2,2,
9,1,1,1,2,1,1,2,1,1,2,1,2,1,2,2,0,1,1,1,2,
5,1,1,1,1,1,1,2,1,1,2,1,2,1,1,2,0,1,1,1,2,
5,1,1,1,1,1,1,2,1,1,2,1,2,1,1,2,0,1,1,1,2,
5,1,1,1,2,1,1,2,1,1,2,1,2,1,1,2,0,1,1,1,2,
5,1,1,1,2,1,1,2,1,1,1,1,2,1,1,2,0,1,1,2,2,
5,1,1,2,2,1,1,2,1,1,1,1,2,1,1,2,0,1,2,2,2,
5,1,2,1,2,1,1,2,1,1,1,1,2,1,1,2,0,1,1,2,2,
5,1,2,2,2,1,1,2,1,1,2,1,2,1,1,2,0,1,1,2,2,
5,1,1,2,2,1,1,2,1,1,2,1,2,1,1,2,0,1,1,1,2,
5,1,1,1,2,1,1,2,1,1,2,2,2,1,1,2,0,1,2,2,2,
5,0,1,1,1,0,1,1,0,0,1,1,1,0,1,1,0,0,1,1,1,
5,1,2,2,2,1,1,2,1,1,2,1,2,1,2,2,0,1,2,2,2,
5,1,2,2,2,1,2,2,1,1,2,1,2,1,1,2,0,1,1,2,2,
5,0,1,1,1,0,0,1,0,0,1,1,1,0,0,1,0,0,1,1,1,
5,1,2,2,2,1,1,2,1,1,1,2,2,1,2,2,0,1,2,1,2,
5,0,1,1,1,0,0,1,0,0,1,1,1,0,1,1,0,0,1,1,1,
5,0,1,1,1,0,1,1,0,0,1,1,1,0,1,1,0,0,1,1,1,
5,0,1,1,1,0,1,1,0,0,1,1,1,1,1,1,0,0,1,1,1,
4,0,1,1,1,0,1,1,0,0,1,1,1,0,1,1,0,0,1,1,1,
5,0,1,1,1,1,1,1,0,0,1,1,1,1,1,1,0,0,1,1,1,
5,0,1,1,1,0,1,1,0,0,1,1,1,1,1,1,0,1,1,1,1,
7,0,1,1,1,2,1,1,0,1,1,1,1,2,1,1,0,1,1,1,1,
5,1,1,1,1,0,1,2,0,1,1,1,1,0,1,1,0,1,1,1,1,
5,1,1,1,1,1,1,2,1,1,1,1,2,1,1,2,0,1,1,1,1,
5,1,1,1,2,1,1,2,1,1,1,1,2,1,1,2,0,1,1,1,1,
5,1,1,1,1,0,1,2,0,1,1,1,1,1,1,2,0,1,1,1,1,
5,0,1,1,1,1,1,2,0,1,1,1,1,1,1,2,0,1,1,1,2,
5,1,1,1,1,1,1,2,1,1,1,1,2,1,1,2,0,1,1,1,1,
5,1,1,1,1,1,1,2,1,1,1,1,2,1,1,2,0,1,1,1,2,
5,1,1,1,2,1,1,2,1,1,1,1,2,1,1,2,0,1,1,1,2,
5,1,1,1,1,1,1,2,1,1,1,1,2,1,1,2,0,1,1,1,2,
5,1,1,1,2,1,1,2,1,1,2,1,2,1,1,2,0,1,1,1,2,
5,1,1,1,2,1,1,2,1,1,1,2,2,1,1,2,0,1,1,1,2,
5,1,1,2,2,1,1,2,1,1,1,1,2,1,1,2,0,1,1,2,2,
5,1,1,1,2,1,1,2,0,1,1,2,2,1,1,2,0,1,1,1,2,
5,1,1,2,2,1,1,2,0,1,1,2,2,1,1,2,0,1,2,1,2,
5,1,1,1,2,1,1,2,0,1,2,2,2,1,1,2,0,1,1,2,2,
5,1,1,1,2,1,1,2,0,1,1,2,2,1,1,2,0,1,2,2,2,
5,1,1,1,2,1,1,2,0,1,2,2,2,1,1,2,0,1,2,2,2,
5,0,0,1,1,0,0,1,0,0,1,1,1,0,0,1,0,0,1,1,1,
5,0,0,0,1,0,0,1,0,0,1,1,1,0,0,1,0,0,1,1,1,
5,0,1,1,1,0,1,1,0,0,1,1,1,1,1,1,0,0,1,1,1,
7,0,1,1,1,1,1,1,0,1,1,1,1,1,1,1,0,1,1,1,1,
4,0,0,1,1,0,0,1,0,0,1,1,1,0,0,1,0,0,1,1,1,
4,0,1,1,1,0,1,1,0,0,1,1,1,1,1,1,0,0,1,1,1,
4,1,1,1,1,0,1,1,0,0,1,1,1,1,1,1,0,0,1,1,1,
7,1,4,4,4,0,1,4,0,0,4,4,4,1,4,4,0,0,4,4,4,
5,0,0,0,1,0,0,1,0,0,0,1,1,0,0,1,0,0,0,0,1,
5,1,1,1,1,1,1,1,0,1,1,1,1,1,1,1,0,1,1,1,1,
5,1,1,1,1,1,1,1,0,1,1,1,1,1,1,1,0,1,1,1,1,
4,1,1,1,1,1,1,1,0,1,1,1,1,1,1,1,0,1,1,1,1,
5,1,1,1,1,1,1,1,0,1,1,1,1,1,1,1,0,1,1,1,1,
5,1,1,1,1,1,1,1,0,1,1,1,1,1,1,1,0,1,1,1,1,
5,1,1,1,1,1,1,1,0,1,1,1,1,1,1,1,0,1,1,1,1,
5,1,1,1,1,1,1,1,0,1,1,1,1,1,1,1,0,1,1,1,1,
5,1,1,1,1,1,1,2,0,1,1,1,1,1,1,1,0,1,1,1,1,
5,1,1,1,1,1,1,1,0,1,1,1,1,1,1,1,0,1,1,1,1,
5,1,1,1,1,1,1,1,0,1,1,1,1,1,1,1,0,1,1,1,1,
5,1,1,1,1,1,1,2,0,1,1,1,1,1,1,1,0,1,1,1,1,
5,1,1,1,1,1,1,2,0,1,1,1,2,1,1,2,0,1,1,1,1,
5,1,1,1,2,1,1,2,0,1,1,1,2,1,1,2,0,1,1,1,2,
5,1,1,2,2,1,1,2,0,1,2,2,2,1,1,2,0,1,1,1,2,
5,1,1,1,2,1,1,2,0,1,1,1,2,1,1,2,0,1,1,1,2,
5,2,1,1,2,1,1,2,0,1,2,1,2,1,1,2,1,1,1,1,2,
5,0,0,0,1,0,0,1,0,0,1,0,1,0,0,1,0,0,0,0,1,
5,0,1,1,1,0,1,1,0,0,1,1,1,0,1,1,0,0,1,1,1,
5,0,1,1,1,0,0,1,0,0,1,1,1,1,1,1,0,0,1,1,1,
5,1,1,1,1,1,1,1,0,1,1,1,1,1,1,1,0,1,1,1,1,
4,0,1,1,1,0,1,1,0,0,1,1,1,0,1,1,0,0,1,1,1,
4,0,1,1,1,1,1,1,0,0,1,1,1,0,1,1,0,0,1,1,1,
4,0,1,1,1,0,1,1,0,0,1,1,1,1,1,1,0,0,1,1,1,
5,1,1,1,1,1,1,1,0,0,1,1,1,0,1,1,0,1,1,1,1,
4,0,1,1,1,0,1,1,0,1,1,1,1,1,1,1,0,0,1,1,1,
5,1,1,1,1,0,1,1,0,1,1,1,1,1,1,1,0,1,1,1,1,
5,0,1,1,1,0,1,1,0,1,1,1,1,1,1,1,0,1,1,1,1,
5,1,1,1,1,1,1,2,0,1,1,1,1,1,1,1,0,1,1,1,1,
5,1,1,1,1,1,1,2,0,1,1,1,1,1,1,1,0,1,1,1,1,
5,1,2,1,2,1,1,2,0,1,2,1,2,1,1,2,0,1,1,1,2,
5,1,1,1,1,1,1,2,0,1,1,1,1,1,1,2,0,1,1,1,1,
6,1,2,2,2,1,2,2,0,1,2,2,2,1,2,2,0,1,2,2,2,
5,1,1,1,2,1,1,2,0,1,1,2,2,1,1,2,0,1,2,1,2,
5,1,1,2,2,1,1,2,0,1,2,2,2,1,1,2,0,1,1,1,2,
5,1,1,1,2,1,1,2,0,1,1,2,2,1,1,2,0,1,1,1,2,
5,1,1,2,2,1,1,2,0,1,1,2,2,1,1,2,0,1,1,1,2,
5,1,2,2,2,1,1,2,1,1,2,2,2,1,1,2,0,1,1,1,2,
5,1,2,2,2,1,1,2,0,1,2,2,2,1,1,2,0,1,1,1,2,
5,1,1,1,2,1,1,2,0,1,2,2,2,1,1,2,0,1,1,1,2,
5,1,1,1,2,1,1,2,0,1,2,2,2,1,1,2,0,1,1,2,2,
5,1,2,1,2,1,1,2,0,1,2,2,2,1,1,2,1,1,1,2,2,
5,0,1,1,1,0,1,1,0,0,1,1,1,0,0,1,0,0,1,1,1,
5,0,1,1,1,0,0,1,0,0,1,1,1,0,1,1,0,0,1,1,1,
5,0,1,1,1,0,1,1,0,0,1,1,1,0,0,1,0,0,1,1,1,
4,0,1,1,1,0,1,1,0,0,1,1,1,0,1,1,0,0,1,1,1,
4,1,1,1,1,0,1,1,0,1,1,1,1,1,1,1,0,0,1,1,1,
7,0,1,1,1,0,1,1,0,1,1,1,1,1,1,1,0,0,1,1,1,
4,1,1,1,1,0,1,1,0,1,1,1,1,1,1,1,0,1,1,1,1,
4,1,1,1,1,0,1,1,0,1,1,1,1,1,1,1,0,1,1,1,1,
4,1,1,1,1,0,1,1,0,1,1,1,1,1,1,1,0,1,1,1,1,
4,1,1,1,1,0,1,1,0,1,1,1,1,1,1,1,0,0,1,1,1,
5,1,1,1,1,1,1,1,0,1,1,1,1,1,1,1,0,1,1,1,1,
4,1,1,1,1,0,1,1,0,1,1,1,1,1,1,1,0,1,1,1,1,
5,1,1,1,1,1,1,2,0,1,1,1,1,1,1,1,0,1,1,1,1,
5,1,1,1,1,1,1,1,0,1,1,1,1,1,1,1,0,1,1,1,1,
5,1,1,1,1,1,1,1,0,1,1,1,1,1,1,1,0,1,1,1,1,
5,1,1,1,1,1,1,1,0,1,1,1,1,1,1,1,0,1,1,1,1,
5,1,1,1,1,1,1,2,0,1,1,1,1,1,1,2,0,1,1,1,1,
5,1,1,1,1,1,1,1,0,1,1,1,1,1,1,1,0,1,1,1,1,
5,1,1,1,2,1,1,2,0,1,1,2,2,1,1,2,0,1,1,2,2,
5,1,1,1,1,1,1,2,0,1,1,1,1,1,1,2,0,1,1,1,2,
5,1,2,1,2,1,1,2,0,1,2,2,2,1,1,2,0,1,1,1,2,
5,1,1,1,2,1,1,2,0,1,1,1,2,1,1,2,0,1,1,1,2,
5,1,1,1,2,1,1,2,0,1,2,2,2,1,2,2,0,1,1,2,2,
5,1,1,1,2,1,1,2,0,1,2,2,2,1,1,2,0,1,1,1,2,
5,0,1,1,1,0,0,1,0,0,1,1,1,0,0,1,0,0,1,1,1,
5,0,1,1,1,0,0,1,0,0,1,1,1,1,1,1,0,0,0,0,1,
5,0,1,1,1,0,1,1,0,0,1,1,1,0,0,1,0,0,1,1,1,
5,0,1,1,1,0,1,1,0,0,1,1,1,0,0,1,0,0,1,1,1,
4,0,1,1,1,1,0,1,0,0,1,1,1,0,1,1,0,1,1,1,1,
4,0,1,1,1,1,1,1,0,0,1,1,1,1,1,1,0,1,1,1,1,
4,0,1,1,1,1,1,1,0,1,1,1,1,0,1,1,0,1,1,1,1,
4,1,1,1,1,0,1,1,0,1,1,1,1,1,1,1,0,0,1,1,1,
4,0,1,1,1,0,1,1,0,1,1,1,1,1,1,1,0,1,1,1,1,
4,0,1,1,1,0,1,1,0,1,1,1,1,1,1,1,0,1,1,1,1,
5,1,1,1,1,1,1,2,0,1,1,1,1,1,1,1,0,1,1,1,1,
5,1,1,1,1,0,1,1,0,1,1,1,1,1,1,1,0,1,1,1,1,
5,1,1,1,1,1,1,2,0,1,1,1,1,1,1,2,0,1,1,1,1,
5,1,1,1,1,1,1,2,0,1,1,1,1,1,1,2,0,1,1,1,1,
5,1,1,1,1,1,1,2,0,1,1,1,1,1,1,2,0,1,1,1,1,
5,1,1,1,1,1,1,2,0,1,1,1,1,1,1,2,0,1,1,1,1,
5,1,2,2,2,1,1,2,0,1,1,2,2,1,2,2,0,1,1,1,2,
5,1,1,1,1,1,1,2,0,1,2,1,2,1,1,2,0,1,1,1,2,
5,0,1,1,1,0,1,1,0,0,1,1,1,0,1,1,0,0,1,1,1,
25,1,1,1,2,1,1,2,0,1,2,1,2,1,1,2,0,1,1,1,2,
5,1,2,2,2,1,2,2,0,1,2,2,2,1,2,2,0,2,2,2,2,
6,1,1,1,2,1,1,2,0,1,1,1,2,1,1,2,0,1,1,1,1,
8,1,2,2,2,1,1,2,0,1,2,2,2,1,1,2,0,1,1,2,2,
5,1,2,2,2,1,2,2,0,1,2,2,2,1,1,2,0,1,2,2,2,
5,1,2,2,2,1,1,2,0,1,2,2,2,1,1,2,0,2,2,2,2,
5,0,1,1,1,0,1,1,0,0,1,1,1,0,1,1,0,1,1,1,1,
5,1,1,1,1,0,1,1,0,0,1,1,1,0,1,1,0,0,1,1,1,
5,1,1,1,1,0,1,1,0,0,1,1,1,0,0,1,0,0,1,1,1,
5,0,1,1,1,0,1,1,0,1,1,1,1,0,1,1,0,1,1,1,1,
4,0,1,1,1,0,0,1,0,0,1,1,1,0,0,1,0,0,1,1,1,
4,1,1,1,1,1,1,1,0,1,1,1,1,1,1,1,0,1,1,1,1,
4,0,1,1,1,0,1,1,0,0,1,1,1,0,1,1,0,1,1,1,1,
4,1,1,1,1,0,1,1,0,1,1,1,1,1,1,1,0,1,1,1,1,
5,1,1,1,1,1,1,1,0,1,1,1,1,1,1,1,0,1,1,1,1,
5,1,1,1,1,0,1,1,0,1,1,1,1,0,1,1,0,1,1,1,1,
4,1,1,1,1,0,1,1,0,1,1,1,1,1,1,1,0,1,1,1,1,
5,1,1,1,1,1,1,1,0,1,1,1,1,1,1,1,0,1,1,1,1,
5,0,1,1,1,0,1,1,0,1,1,1,1,1,1,1,0,1,1,1,1,
5,1,1,1,1,1,1,2,0,1,1,1,2,1,1,2,0,1,2,1,2,
5,1,1,1,1,0,1,1,0,1,1,1,1,1,1,1,0,1,1,1,1,
5,1,1,1,1,1,1,2,0,1,1,1,1,1,1,2,0,1,1,1,1,
5,1,1,1,1,1,1,2,0,1,1,1,1,1,1,2,0,1,1,1,1,
5,1,1,1,1,1,1,2,0,1,1,1,1,1,1,2,0,1,2,1,2,
5,1,1,1,1,1,1,2,0,1,1,1,2,1,1,2,0,1,1,1,1,
