41
62
52
34
34
34
34
34
36
36
34
34
34
34
35
33
34
34
34
34
34
34
52
34
41
34
34
34
34
36
37
34
34
34
34
33
34
34
34
34
34
34
34
34
34
34
34
34
34
34
34
34
34
35
34
34
34
34
34
34
34
34
34
34
34
34
34
37
34
34
35
34
36
34
34
34
35
34
281
34
35
34
34
34
35
34
36
35
34
34
34
34
34
36
35
34
34
34
35
34
34
34
34
35
34
35
35
34
34
34
34
34
34
34
35
37
34
34
34
35
34
37
36
34
34
35
35
36
35
34
34
34
34
34
35
34
34
34
34
36
40
34
34
34
34
34
34
33
33
34
34
34
34
34
34
34
34
34
34
34
34
34
34
34
34
34
33
34
34
34
34
34
34
34
34
34
34
37
34
34
34
34
36
34
34
34
33
33
36
34
34
34
35
34
38
34
34
34
34
34
34
37
34
34
34
34
34
37
35
34
34
36
34
35
35
34
34
34
34
34
34
34
34
34
35
34
34
34
34
34
34
34
34
34
34
34
34
34
35
35
34
35
51
34
35
33
34
34
34
34
37
36
35
34
36
34
56
35
34
35
34
35
35
35
34
34
34
34
34
34
34
34
34
34
34
34
34
34
34
34
35
34
34
34
236
34
57
280
37
34
35
34
34
34
36
34
35
34
34
35
35
34
34
34
34
34
34
34
34
34
34
34
37
34
35
34
35
33
278
34
34
34
34
34
34
34
34
34
35
35
34
34
34
34
34
34
34
36
34
58
35
34
34
34
34
34
34
34
34
34
34
34
34
34
34
34
33
33
33
34
34
34
34
34
34
34
34
34
34
34
34
34
34
36
35
34
34
34
34
34
34
34
34
34
33
34
35
34
34
34
34
35
37
34
34
34
37
34
34
34
34
34
34
34
33
33
36
56
34
34
34
36
34
34
34
34
34
36
34
34
34
34
35
33
34
34
33
34
34
34
37
34
35
34
35
34
34
35
34
34
34
37
35
34
34
34
36
37
34
34
34
34
34
34
34
34
34
34
34
34
34
34
33
33
33
34
34
34
34
34
34
34
34
34
34
34
34
36
34
34
34
34
33
33
33
34
34
34
34
34
35
34
34
34
34
35
37
34
34
34
34
33
33
33
33
34
34
34
35
34
34
34
34
34
34
34
34
34
34
34
34
35
34
34
34
34
33
34
33
33
33
33
34
34
34
34
35
34
238
138
35
34
34
34
34
33
36
37
34
33
33
33
33
34
34
34
45
34
34
34
34
34
34
34
34
37
34
34
34
34
35
33
33
33
52
34
34
34
34
34
34
34
34
34
34
53
34
34
34
57
33
33
33
35
34
34
42
34
34
34
37
34
34
50
34
34
36
36
33
33
33
33
34
52
34
34
34
36
36
34
34
34
34
34
34
34
34
34
40
34
33
33
34
34
38
34
34
34
34
34
34
34
34
37
34
34
34
34
279
36
34
34
34
34
34
34
34
34
37
56
34
34
34
34
34
34
34
34
35
34
33
33
33
42
36
35
34
34
36
34
34
34
34
34
34
34
34
34
34
34
34
34
34
35
33
33
34
34
34
36
34
34
34
34
34
34
34
34
34
34
36
34
33
33
35
33
36
35
35
35
34
34
35
37
34
34
34
35
37
37
34
34
34
33
33
33
33
34
34
34
34
34
34
34
34
34
34
34
34
34
36
237
90
34
34
34
34
34
34
34
34
34
34
34
34
34
34
34
33
36
34
34
34
34
34
37
34
34
34
34
35
34
38
34
34
34
34
33
36
33
36
34
36
35
34
34
34
34
34
34
34
34
34
37
39
37
35
35
34
34
34
34
34
34
34
34
34
34
34
34
34
34
34
34
34
34
33
36
38
34
34
34
34
34
34
37
34
34
35
34
34
34
34
34
34
34
34
33
36
34
34
34
34
36
37
34
34
34
34
34
34
36
34
34
58
57
35
34
34
34
35
34
36
33
34
34
34
36
37
34
34
34
34
34
34
34
34
34
34
34
34
34
49
33
33
33
33
34
34
34
34
35
34
34
34
34
34
34
36
34
34
34
35
34
35
33
33
33
36
34
34
36
34
34
34
34
34
35
237
135
34
34
34
34
34
33
33
34
33
35
34
38
35
34
34
34
34
34
57
34
34
34
37
35
39
33
34
34
34
