96
92
92
93
92
92
92
92
133
104
102
100
92
92
93
93
92
93
93
92
94
97
93
93
92
92
92
92
93
93
92
92
92
338
95
94
95
93
92
93
93
91
92
92
92
94
92
92
92
92
93
92
94
94
92
92
93
92
93
92
92
94
97
93
95
100
94
96
92
92
92
92
92
94
95
92
96
93
96
94
96
95
93
93
94
94
96
92
92
334
92
91
92
92
92
92
108
114
95
93
94
97
98
92
92
92
92
92
92
95
93
94
96
335
91
92
92
95
92
92
93
94
95
94
97
96
96
98
94
94
92
92
92
92
94
93
94
95
94
93
92
91
91
92
94
93
320
207
95
93
92
92
93
93
92
93
94
98
336
92
91
92
91
93
92
94
95
94
93
92
92
91
91
92
92
93
94
94
93
92
92
92
93
93
94
95
95
92
92
92
92
92
339
92
92
92
92
92
91
92
92
110
107
107
295
199
123
94
92
103
92
92
92
92
92
95
93
110
93
94
94
112
92
92
92
92
92
91
92
93
96
95
94
92
112
94
92
92
112
91
93
99
92
112
92
92
92
93
111
107
105
92
97
95
92
92
92
93
92
124
91
92
92
92
92
92
92
94
95
94
93
92
92
92
93
338
265
125
93
95
96
95
93
92
92
92
92
92
92
94
94
95
95
96
94
92
92
92
92
94
93
92
357
93
92
91
91
107
93
94
295
96
99
93
92
91
91
92
92
93
94
298
187
93
93
92
91
92
92
92
92
93
92
335
268
201
127
91
91
92
91
92
94
95
95
96
94
92
92
113
92
92
92
92
93
93
94
94
94
94
93
91
91
92
92
93
93
94
197
94
96
95
94
472
95
95
91
92
94
94
95
92
92
92
92
92
92
92
92
92
93
91
92
93
94
94
95
95
95
322
227
129
92
92
92
92
92
92
91
92
92
91
92
93
94
93
93
92
92
109
101
95
93
94
94
343
91
94
92
93
93
94
95
95
106
92
93
93
92
92
95
92
92
95
96
298
208
341
91
94
92
