36
33
35
32
32
32
32
32
32
32
32
32
32
32
32
32
33
32
32
32
32
32
32
32
35
32
32
34
33
32
32
32
32
32
32
32
32
32
32
34
32
34
34
35
32
32
32
33
32
32
32
32
32
32
34
32
33
32
32
32
32
32
32
32
36
32
32
34
32
32
34
32
32
32
32
32
32
32
32
32
32
32
33
32
32
32
32
32
32
31
31
31
32
32
32
32
32
32
32
32
32
32
32
32
32
32
32
32
32
32
32
32
32
32
32
32
34
32
32
32
33
32
32
33
34
32
32
32
33
32
33
31
31
31
34
32
31
31
32
34
34
32
32
32
32
32
32
32
34
32
32
32
32
34
34
32
54
35
32
35
32
32
32
32
34
32
32
32
32
32
32
32
32
33
32
32
32
33
32
32
32
32
32
32
33
32
32
32
32
33
32
32
33
32
32
32
32
33
32
32
32
32
32
32
32
33
32
32
32
32
32
32
32
32
31
35
33
32
32
34
34
32
32
32
32
32
32
32
32
32
33
32
49
32
32
32
35
32
32
32
35
32
32
32
32
34
33
35
32
32
32
33
31
32
33
32
32
32
32
32
34
32
33
32
32
35
32
32
32
32
34
32
34
32
57
32
32
32
32
35
32
32
33
32
31
32
32
32
32
32
32
32
32
32
32
32
34
32
32
33
34
32
32
33
34
32
32
34
35
34
32
33
33
35
32
31
32
32
32
32
32
32
32
32
32
32
33
32
32
32
32
32
32
35
32
32
32
35
32
32
32
32
32
32
32
31
34
32
32
32
34
32
32
33
34
32
32
32
33
32
32
32
32
32
32
35
32
32
34
33
32
32
32
34
32
35
32
32
32
35
32
32
32
33
32
32
32
32
34
33
35
32
32
32
32
32
32
32
32
32
33
56
44
32
34
32
32
31
33
31
32
32
32
33
54
35
32
32
32
32
32
32
32
32
32
32
32
32
32
32
32
32
32
33
33
120
34
32
34
31
32
32
32
32
32
32
32
32
35
32
32
32
32
32
32
32
32
32
35
32
33
32
32
35
32
32
32
31
31
31
32
31
48
32
32
32
32
32
32
32
32
33
32
32
32
35
32
32
32
32
32
32
32
32
32
32
31
31
31
31
32
32
55
32
33
33
32
32
32
35
32
32
32
32
32
32
32
32
34
32
32
32
33
32
32
32
34
31
31
32
32
34
32
32
32
32
32
35
32
32
32
32
32
32
32
32
32
32
32
32
32
32
34
32
32
31
32
31
31
31
55
32
32
32
32
32
32
32
32
32
32
34
32
32
32
32
32
32
34
32
32
32
32
32
55
32
31
31
42
32
33
34
32
53
32
34
32
32
32
32
32
33
32
36
54
32
55
32
32
32
53
32
32
31
54
53
34
32
32
40
33
33
32
32
32
32
32
32
32
32
32
32
32
32
32
32
32
32
35
32
32
32
32
31
31
31
31
31
31
31
32
32
32
35
32
32
32
32
32
32
32
32
32
35
32
32
32
32
34
33
32
32
32
32
31
31
32
32
32
32
32
32
33
32
32
32
32
32
33
34
32
32
35
32
35
32
32
32
32
33
32
32
31
33
32
31
32
34
32
32
32
34
32
46
32
32
32
32
32
32
32
32
32
32
32
32
32
32
32
32
32
32
32
31
31
31
32
32
32
32
32
32
32
32
32
32
32
32
32
32
32
32
32
32
32
32
32
32
32
32
33
32
32
34
31
31
32
32
34
32
32
32
32
32
32
32
32
32
32
32
32
32
34
33
32
32
34
35
33
32
31
31
31
31
31
31
32
32
32
32
33
32
32
32
32
32
32
32
32
32
34
34
33
32
35
33
32
33
32
32
31
31
31
32
32
32
33
32
32
32
32
32
32
33
33
32
32
33
32
34
32
32
32
32
32
32
32
32
32
31
31
31
31
31
31
32
32
32
32
32
32
32
32
35
32
32
32
32
34
32
32
32
32
32
32
32
32
34
34
31
31
31
32
31
31
31
32
32
46
33
32
32
32
33
32
32
32
34
32
32
33
53
32
32
32
32
32
34
31
32
40
31
32
32
32
33
32
32
32
32
32
32
35
32
32
32
32
32
32
32
32
35
32
32
32
32
32
31
31
32
31
31
31
31
31
33
32
32
32
32
33
34
33
32
41
32
34
32
32
32
32
32
32
34
32
32
31
31
31
32
31
31
31
31
31
31
35
32
32
31
32
33
32
32
32
32
32
32
32
32
32
32
32
