32,9,5,1,7,3,4,0,11,10,8,
23,9,6,1,7,3,4,0,11,10,8,
43,12,9,2,10,3,4,0,36,13,11,
19,9,6,2,7,3,4,0,12,10,8,
18,9,6,2,7,3,4,0,11,10,8,
18,9,6,2,7,3,4,0,11,10,8,
20,9,6,2,7,3,4,0,11,10,8,
18,9,6,2,7,3,4,0,11,10,8,
18,9,6,2,7,3,4,0,11,10,8,
18,9,6,2,7,4,4,0,11,10,8,
21,9,6,2,7,3,4,0,11,10,8,
18,9,6,2,7,3,4,0,11,10,8,
18,9,6,2,7,3,4,0,11,10,8,
21,12,6,2,10,3,4,0,14,13,11,
18,8,5,1,6,3,3,0,10,9,7,
20,10,6,1,7,3,4,0,12,11,8,
18,9,6,2,7,3,4,0,11,10,8,
18,9,5,1,6,3,3,0,10,10,8,
20,8,5,1,6,3,3,0,10,9,7,
18,9,5,1,6,3,4,0,10,9,7,
22,11,8,1,9,3,6,0,13,12,10,
21,12,8,4,10,6,7,0,13,13,11,
18,9,5,1,7,3,4,0,11,10,8,
18,9,6,1,7,3,4,0,11,10,8,
19,9,6,1,7,3,4,0,11,10,8,
21,12,6,1,7,3,4,0,13,13,8,
18,9,6,1,7,3,4,0,11,10,8,
19,10,7,1,8,4,5,0,12,11,9,
18,9,6,1,7,3,4,0,11,10,8,
18,9,6,1,7,3,4,0,11,10,8,
18,9,6,1,7,3,4,0,11,10,8,
18,9,6,2,7,3,4,0,11,10,8,
20,11,6,1,9,3,4,0,13,12,10,
18,9,6,1,7,3,4,0,11,10,8,
20,9,6,2,7,3,4,0,11,10,8,
18,9,6,2,7,3,4,0,11,10,8,
18,9,6,2,7,3,4,0,11,10,8,
19,10,6,2,8,3,4,0,12,11,9,
18,9,6,2,7,3,4,0,11,10,8,
18,9,6,2,7,3,4,0,11,10,8,
18,9,6,2,7,3,4,0,11,10,8,
18,9,6,2,7,3,4,0,11,10,8,
18,9,6,2,7,3,4,0,11,10,8,
17,9,6,1,7,3,4,0,11,10,8,
18,9,6,2,7,3,4,0,11,10,8,
18,9,6,2,7,3,4,0,11,10,8,
21,9,6,2,7,3,4,0,11,10,8,
18,9,6,2,7,3,4,0,11,10,8,
18,9,6,2,7,3,4,0,11,10,8,
21,12,6,2,10,3,4,0,14,13,11,
18,9,6,2,7,3,4,0,11,10,8,
20,11,8,2,9,5,6,0,13,12,10,
18,9,6,2,7,3,4,0,11,10,8,
18,8,4,0,5,1,3,0,9,9,7,
18,9,6,2,7,3,4,0,11,10,8,
18,8,5,1,6,3,3,0,10,9,7,
18,9,5,1,6,3,3,0,11,10,8,
21,11,8,4,9,5,6,0,13,12,10,
18,9,5,1,6,3,3,0,10,10,8,
18,9,5,1,7,3,4,0,10,10,8,
21,11,5,1,7,3,4,0,13,12,8,
18,9,5,1,7,3,4,0,11,10,8,
18,9,5,1,7,3,4,0,11,10,8,
21,10,7,1,8,4,5,0,12,11,9,
18,9,5,1,7,3,4,0,11,10,8,
18,9,6,2,7,3,4,0,11,10,8,
18,9,6,1,7,3,4,0,11,10,8,
18,9,6,1,7,3,4,0,11,10,8,
18,9,6,1,7,3,4,0,11,10,8,
18,9,6,1,7,3,4,0,11,10,8,
21,9,5,1,7,3,4,0,11,10,8,
18,9,6,1,7,3,4,0,11,10,8,
18,9,6,1,7,3,4,0,11,10,8,
22,12,6,2,10,4,4,0,14,13,11,
18,9,6,1,7,3,4,0,11,10,8,
20,11,8,2,9,5,6,0,13,12,10,
19,10,7,2,8,3,4,0,12,11,9,
18,8,5,1,6,2,3,0,10,9,7,
18,9,6,2,7,3,4,0,11,10,8,
18,9,6,2,7,3,4,0,11,10,8,
18,9,6,2,7,3,4,0,11,10,8,
21,12,9,2,10,6,7,0,14,13,11,
18,10,6,2,7,3,4,0,11,10,8,
19,10,6,2,7,4,4,0,12,11,9,
18,9,6,2,7,3,4,0,11,10,8,
18,10,6,2,7,3,4,0,12,11,9,
21,9,6,1,7,3,4,0,11,10,8,
18,9,6,2,7,3,4,0,11,10,8,
18,9,6,2,7,3,4,0,11,10,8,
21,12,9,2,10,3,4,0,14,13,11,
18,10,6,2,7,4,4,0,11,11,9,
18,10,6,2,7,4,4,0,12,11,9,
20,11,6,2,7,3,4,0,13,12,8,
18,10,6,2,7,4,4,0,11,11,9,
18,10,6,2,7,3,4,0,11,11,9,
19,9,5,1,6,3,3,0,11,10,8,
18,9,5,1,7,3,4,0,11,10,8,
18,9,5,1,6,3,3,0,10,10,8,
19,9,5,1,7,3,4,0,11,10,8,
19,9,6,1,7,3,4,0,11,10,8,
18,9,5,1,7,3,4,0,11,10,8,
19,9,8,1,8,3,4,0,11,10,8,
19,9,5,1,7,3,4,0,11,10,8,
19,9,6,1,7,3,4,0,11,10,8,
18,9,5,1,7,3,4,0,11,10,8,
18,9,6,1,7,3,4,0,11,10,8,
17,9,6,1,7,3,4,0,11,10,8,
18,9,6,1,7,3,4,0,11,10,8,
20,9,6,1,7,3,4,0,11,10,8,
18,9,6,1,7,3,4,0,11,10,8,
22,11,8,1,9,3,4,0,13,12,10,
18,9,6,1,7,3,4,0,11,10,8,
18,9,6,1,7,3,4,0,11,10,8,
18,9,6,1,9,3,4,0,11,10,9,
18,9,6,1,7,3,4,0,11,10,8,
21,9,6,2,7,3,4,0,12,10,8,
18,9,6,2,7,3,4,0,11,10,8,
18,9,6,1,7,3,4,0,11,10,8,
18,9,6,2,7,3,4,0,11,10,8,
18,9,6,2,7,3,4,0,11,10,8,
18,9,6,2,7,3,4,0,11,10,8,
18,9,6,2,7,3,4,0,11,10,8,
18,9,6,2,7,3,4,0,11,10,8,
18,9,6,2,7,3,4,0,11,10,8,
18,9,6,2,7,3,4,0,11,10,8,
18,9,6,2,7,3,4,0,11,10,8,
18,9,6,2,7,3,4,0,11,10,8,
18,10,6,2,7,3,4,0,11,10,9,
18,9,6,2,7,3,4,0,11,10,8,
18,10,6,2,7,3,4,0,11,10,9,
18,9,6,2,7,3,4,0,11,10,8,
22,9,5,1,7,3,4,0,11,10,8,
18,9,6,2,7,3,4,0,11,10,8,
18,10,6,2,7,4,4,0,11,10,9,
21,12,5,1,9,3,4,0,13,12,10,
19,9,6,1,7,3,4,0,11,10,8,
18,9,5,1,6,3,4,0,11,10,8,
18,9,5,1,7,3,4,0,11,10,8,
18,9,5,1,6,3,3,0,11,10,8,
19,9,5,1,7,3,4,0,11,10,8,
18,9,6,1,7,3,4,0,11,10,8,
19,9,6,1,7,3,4,0,11,10,8,
19,9,6,1,7,3,4,0,11,10,8,
19,9,6,1,7,3,4,0,11,10,8,
18,9,6,1,7,3,4,0,11,10,8,
18,9,6,1,7,3,4,0,11,10,8,
18,9,6,1,7,3,4,0,11,10,8,
18,9,6,1,7,3,4,0,11,10,8,
18,9,6,1,7,3,4,0,11,10,8,
18,9,6,1,7,3,4,0,11,10,8,
18,9,6,1,7,3,4,0,11,10,8,
18,9,6,1,7,3,4,0,11,10,8,
18,9,5,1,6,3,4,0,10,10,8,
18,9,6,1,7,3,4,0,11,10,8,
18,9,6,1,7,3,4,0,11,10,8,
22,9,6,2,7,3,4,0,11,10,8,
18,9,6,2,7,3,4,0,11,10,8,
18,9,6,2,7,3,4,0,11,10,8,
21,12,6,2,10,3,4,0,14,13,11,
19,10,7,2,8,3,4,0,12,11,9,
20,11,8,2,9,5,6,0,13,12,10,
18,9,6,2,7,3,4,0,11,10,8,
18,8,5,1,6,2,3,0,10,9,7,
18,9,6,2,7,3,4,0,11,10,8,
18,9,6,2,7,3,4,0,11,10,8,
18,9,6,2,7,3,4,0,11,10,8,
21,12,9,5,10,6,7,0,14,13,11,
19,9,5,1,7,3,4,0,11,10,8,
19,11,6,2,8,3,4,0,12,12,10,
18,10,6,2,7,3,4,0,11,10,9,
18,10,6,2,7,3,4,0,11,11,9,
18,9,6,2,7,3,4,0,11,10,8,
21,12,9,2,10,3,7,0,14,13,11,
19,10,6,2,7,3,4,0,12,11,9,
18,8,4,0,6,2,3,0,10,9,7,
18,9,5,1,7,3,4,0,11,10,8,
22,9,6,1,7,3,4,0,11,10,8,
18,9,5,1,7,3,4,0,11,10,8,
18,9,6,1,7,3,4,0,11,10,8,
21,9,6,2,7,3,4,0,11,10,8,
19,9,5,1,7,3,4,0,11,10,8,
18,9,6,1,7,3,4,0,11,10,8,
18,10,6,1,8,3,4,0,11,11,9,
18,9,6,1,7,3,4,0,11,10,8,
18,9,6,1,7,3,4,0,11,10,8,
18,9,6,1,7,3,4,0,11,10,8,
18,9,6,2,7,3,4,0,11,10,8,
18,9,6,1,7,3,4,0,11,10,8,
18,9,6,1,7,3,4,0,11,10,8,
18,9,6,1,7,3,4,0,11,10,8,
18,9,6,1,7,3,4,0,11,10,8,
21,9,6,1,7,3,4,0,11,10,8,
18,9,6,1,7,3,4,0,11,10,8,
18,9,6,1,7,3,4,0,11,10,8,
21,12,6,2,10,3,4,0,14,13,11,
18,9,6,2,7,3,4,0,11,10,8,
20,11,8,2,9,5,6,0,13,12,10,
18,9,6,2,7,3,4,0,11,10,8,
18,8,5,1,6,2,3,0,10,9,7,
18,10,6,2,7,3,4,0,11,11,9,
18,9,6,2,7,3,4,0,11,10,8,
18,9,6,2,7,3,4,0,11,10,8,
21,12,9,5,10,6,7,0,14,13,11,
18,9,6,2,7,3,4,0,11,10,8,
18,9,6,2,7,3,4,0,11,10,8,
18,10,6,2,7,3,4,0,11,11,9,
18,10,6,2,7,4,4,0,11,10,8,
20,9,5,1,6,2,3,0,11,10,8,
18,9,6,2,7,3,4,0,11,10,8,
22,10,6,2,7,4,4,0,14,11,9,
21,12,9,2,10,7,7,0,14,13,11,
18,9,6,2,7,3,4,0,11,10,8,
18,9,6,1,7,3,4,0,11,10,8,
19,10,5,1,8,3,4,0,12,11,9,
21,11,8,4,9,5,6,0,13,12,10,
18,9,5,1,7,3,4,0,11,10,8,
18,9,5,1,7,3,4,0,11,10,8,
19,9,6,1,7,3,4,0,11,10,8,
19,9,5,1,7,3,4,0,11,10,8,
19,9,6,1,7,3,4,0,11,10,8,
20,11,8,1,9,3,6,0,13,12,10,
19,9,6,1,7,3,4,0,12,10,8,
18,10,6,3,7,3,4,0,11,11,9,
18,9,6,1,7,3,4,0,11,10,8,
18,9,6,1,7,3,4,0,11,10,8,
18,9,6,1,7,3,4,0,11,10,8,
18,9,6,1,7,3,4,0,11,10,8,
18,9,6,1,7,3,4,0,11,10,8,
18,9,6,1,7,3,4,0,11,10,8,
19,9,6,1,7,3,4,0,11,10,8,
18,9,6,1,7,3,4,0,11,10,8,
18,9,6,1,7,3,4,0,11,10,8,
18,9,6,1,7,3,4,0,11,10,8,
18,9,6,2,7,3,4,0,11,10,8,
18,9,6,2,9,3,4,0,11,10,9,
18,9,6,2,7,3,4,0,11,10,8,
18,9,6,2,7,3,4,0,11,10,8,
21,12,6,2,7,3,4,0,14,13,8,
18,9,6,2,7,3,4,0,11,10,8,
18,10,6,2,7,3,4,0,11,11,9,
18,9,6,2,7,3,4,0,11,10,8,
20,11,6,2,7,3,4,0,13,12,8,
20,9,6,1,7,3,4,0,11,10,8,
20,12,8,2,10,3,4,0,14,13,11,
18,9,6,2,7,3,4,0,11,10,8,
18,10,6,2,7,3,4,0,11,11,9,
21,13,8,2,9,3,6,0,13,13,13,
18,10,6,2,7,3,4,0,12,11,8,
18,10,6,2,7,3,4,0,11,11,8,
18,9,5,1,7,2,4,0,10,10,8,
18,9,5,1,7,3,4,0,11,10,8,
18,9,5,1,7,3,4,0,11,10,8,
18,9,5,1,6,3,3,0,10,10,8,
18,9,5,1,7,3,4,0,11,10,8,
20,10,6,2,7,3,4,0,11,11,8,
18,9,5,1,7,3,4,0,11,10,8,
18,9,5,1,7,3,4,0,11,10,8,
20,11,7,1,8,3,5,0,12,12,10,
19,10,5,1,7,3,4,0,11,10,10,
19,9,5,1,7,3,4,0,11,10,8,
17,9,5,1,7,3,4,0,11,10,8,
20,9,6,1,7,3,4,0,13,10,8,
18,9,6,1,7,3,4,0,11,10,8,
18,9,6,1,7,3,4,0,11,10,8,
18,9,6,1,7,3,4,0,11,10,8,
18,9,6,1,7,3,4,0,11,10,8,
21,9,6,1,7,3,4,0,11,10,8,
20,12,8,1,10,3,4,0,14,13,11,
18,9,6,1,7,3,4,0,11,10,8,
18,9,6,2,7,3,4,0,11,10,8,
18,9,6,2,7,3,4,0,11,10,8,
18,9,6,1,7,3,4,0,11,10,8,
20,9,6,1,7,3,4,0,11,10,8,
18,9,6,1,7,3,4,0,11,10,8,
18,9,6,1,7,3,4,0,11,10,8,
18,9,6,2,7,3,4,0,11,10,8,
21,9,6,2,7,3,4,0,11,10,8,
18,9,6,2,7,3,4,0,11,10,8,
18,9,6,2,7,3,4,0,11,10,8,
20,11,6,2,9,3,4,0,13,12,10,
18,9,6,2,7,3,4,0,11,10,8,
18,10,6,2,8,4,5,0,12,11,9,
18,9,6,2,7,3,4,0,11,10,8,
18,9,6,2,7,3,4,0,11,10,8,
18,9,6,2,7,3,4,0,11,10,8,
21,9,6,2,7,3,4,0,11,10,8,
18,9,6,2,7,3,4,0,11,10,8,
18,10,6,2,7,4,4,0,11,11,9,
21,9,6,2,7,3,4,0,11,10,8,
19,9,5,1,7,3,4,0,11,10,8,
18,10,6,2,7,4,5,0,11,11,9,
24,14,10,2,11,3,6,0,15,15,13,
18,9,5,1,6,3,3,0,10,10,8,
18,9,5,1,6,3,4,0,11,10,8,
18,9,5,1,7,3,4,0,10,10,8,
18,9,5,1,7,3,4,0,11,10,8,
21,9,5,1,7,3,4,0,11,10,8,
19,9,5,1,7,3,4,0,11,10,8,
18,9,5,1,7,3,4,0,11,10,8,
19,9,5,1,7,3,4,0,11,10,8,
21,9,6,1,7,3,4,0,11,10,8,
17,9,6,1,7,3,4,0,11,10,8,
18,9,6,1,7,3,4,0,11,10,8,
20,11,6,1,9,3,4,0,13,12,10,
18,9,6,1,7,3,4,0,11,10,8,
18,10,6,1,7,4,5,0,12,11,9,
18,9,6,1,7,3,4,0,11,10,8,
18,9,6,1,7,3,4,0,11,10,8,
18,9,6,1,7,3,4,0,11,10,8,
18,9,6,1,7,3,4,0,11,10,8,
18,9,6,1,7,3,4,0,11,10,8,
20,12,9,4,10,6,7,0,14,13,11,
18,9,6,1,7,3,4,0,11,10,8,
18,9,6,2,7,3,4,0,11,10,8,
18,9,6,2,7,3,4,0,11,10,8,
18,9,6,2,7,3,4,0,11,10,8,
20,9,5,1,7,3,4,0,11,10,8,
18,9,6,2,7,3,4,0,11,10,8,
21,9,6,2,7,3,4,0,14,10,8,
21,12,9,2,10,3,7,0,14,13,11,
18,9,6,2,7,3,4,0,11,10,8,
18,9,6,2,7,3,4,0,11,10,8,
18,10,6,2,7,3,4,0,12,11,8,
18,9,6,2,7,3,4,0,11,10,8,
18,9,6,2,7,3,4,0,11,10,8,
18,9,5,1,7,3,4,0,11,10,8,
20,10,6,2,7,3,4,0,11,11,9,
18,9,6,2,7,3,4,0,11,10,8,
21,9,6,1,7,3,4,0,11,10,8,
18,9,5,1,6,2,3,0,10,10,8,
21,10,6,2,7,4,4,0,14,11,9,
20,11,7,1,9,5,6,0,13,12,10,
18,9,5,1,7,3,4,0,10,10,8,
18,9,5,1,6,3,3,0,10,10,8,
18,9,5,1,6,3,4,0,11,10,8,
18,9,6,1,7,3,4,0,11,10,8,
18,9,5,1,7,3,4,0,11,10,8,
18,9,5,1,7,3,4,0,11,10,8,
21,9,5,1,7,3,4,0,11,10,8,
18,9,5,1,7,3,4,0,11,10,8,
18,9,6,1,7,3,4,0,11,10,8,
18,9,6,1,7,3,4,0,11,10,8,
18,9,6,1,7,3,4,0,11,10,8,
18,10,6,1,7,3,4,0,11,10,10,
18,9,6,1,7,3,4,0,11,10,8,
18,9,6,1,7,3,4,0,11,10,8,
20,9,6,1,7,3,4,0,13,10,8,
18,9,6,1,7,3,4,0,11,10,8,
18,9,6,1,7,3,4,0,11,10,8,
19,10,6,1,8,3,4,0,12,11,9,
18,9,6,1,7,3,4,0,11,10,8,
18,9,6,1,7,3,4,0,11,10,8,
19,11,7,1,8,3,4,0,12,11,10,
18,9,6,2,7,3,4,0,11,10,8,
18,9,6,2,7,3,4,0,11,10,8,
21,9,6,2,7,3,4,0,11,10,8,
18,9,6,2,7,3,4,0,11,10,8,
18,9,6,2,7,3,4,0,11,10,8,
18,9,6,2,7,3,4,0,11,10,8,
18,9,6,2,7,3,4,0,11,10,8,
18,9,6,2,7,3,4,0,11,10,8,
20,9,5,1,6,3,3,0,10,10,8,
18,9,6,2,7,3,4,0,11,10,8,
18,9,6,2,7,3,4,0,11,10,8,
21,12,9,2,10,3,4,0,14,13,11,
18,9,6,2,7,3,4,0,11,10,8,
18,9,6,2,7,3,4,0,11,10,8,
21,9,6,2,7,3,4,0,14,10,8,
18,10,6,2,7,4,4,0,11,10,9,
18,9,5,1,6,2,4,0,10,10,8,
18,10,6,2,7,3,4,0,11,10,9,
18,9,5,1,6,3,4,0,11,10,8,
18,9,5,1,6,3,3,0,10,10,8,
19,9,5,1,7,3,4,0,11,10,8,
18,9,5,1,7,3,4,0,10,10,8,
18,9,5,1,7,3,4,0,11,10,8,
19,9,6,1,7,3,4,0,11,10,8,
19,9,6,1,7,3,4,0,11,10,8,
17,9,6,1,7,3,4,0,11,10,8,
18,9,6,1,7,3,4,0,11,10,8,
19,10,6,2,7,3,4,0,11,11,8,
18,9,6,1,7,3,4,0,11,10,8,
20,11,8,2,9,5,6,0,13,12,10,
18,9,6,1,7,3,4,0,11,10,8,
18,9,6,1,7,3,4,0,11,10,8,
18,9,6,1,7,3,4,0,11,10,8,
18,9,6,1,7,3,4,0,11,10,8,
18,9,6,1,7,3,4,0,11,10,8,
21,12,6,1,7,3,4,0,14,13,11,
18,9,6,1,7,3,4,0,11,10,8,
20,12,8,2,9,5,6,0,13,13,11,
18,9,6,2,7,3,4,0,11,10,8,
18,7,4,0,5,1,2,0,9,8,6,
18,9,6,2,7,3,4,0,11,10,8,
18,9,6,1,7,3,4,0,11,10,8,
18,9,6,2,7,3,4,0,11,10,8,
21,12,9,5,10,6,7,0,14,13,11,
18,9,6,2,7,3,4,0,11,10,8,
18,9,6,2,7,3,4,0,11,10,8,
18,9,6,2,7,3,4,0,11,10,8,
19,9,6,1,7,3,4,0,11,10,8,
18,9,6,2,7,3,4,0,11,10,8,
21,12,9,2,10,6,7,0,14,13,11,
19,9,6,1,7,3,4,0,11,10,8,
18,8,5,1,6,2,3,0,10,9,7,
18,9,6,2,7,3,4,0,11,10,9,
18,9,6,2,7,3,4,0,11,10,8,
18,10,6,2,7,3,4,0,11,11,9,
18,10,6,2,7,4,4,0,11,11,9,
22,12,9,4,10,6,7,0,14,13,11,
18,9,6,2,7,4,4,0,11,10,8,
18,9,5,1,6,3,3,0,10,10,8,
21,11,5,1,9,3,3,0,13,12,10,
18,10,6,2,7,4,4,0,12,11,9,
20,10,7,1,8,4,5,0,12,11,9,
18,9,5,1,7,3,4,0,11,10,8,
18,8,4,0,6,2,3,0,10,9,7,
18,9,5,1,7,3,4,0,11,10,8,
18,9,6,1,7,3,4,0,11,10,8,
18,9,6,1,7,3,4,0,11,10,8,
20,12,8,1,9,6,6,0,13,13,11,
18,9,6,1,7,3,4,0,11,10,8,
18,9,6,1,7,3,4,0,11,10,8,
18,9,6,1,7,3,4,0,11,10,8,
18,9,6,1,7,3,4,0,11,10,8,
20,9,6,2,7,3,4,0,11,10,8,
18,9,6,1,7,3,4,0,11,10,8,
21,9,6,1,7,3,4,0,12,12,8,
21,12,8,1,10,3,4,0,14,13,11,
18,9,6,1,7,3,4,0,11,10,8,
18,9,6,1,7,3,4,0,11,10,8,
19,11,6,2,7,3,4,0,13,12,8,
18,9,6,1,7,3,4,0,11,10,8,
18,9,6,2,7,3,4,0,11,10,8,
18,9,6,2,7,3,4,0,11,10,8,
18,9,6,2,7,3,4,0,11,10,8,
18,9,6,2,7,3,4,0,11,10,8,
18,9,6,2,7,3,4,0,11,10,8,
18,9,6,2,7,3,4,0,11,10,8,
18,9,6,2,7,3,4,0,11,10,8,
18,10,6,2,10,3,4,0,11,10,10,
18,9,6,2,7,3,4,0,11,10,8,
18,9,6,2,7,3,4,0,11,10,8,
19,11,6,2,7,3,4,0,13,12,8,
18,9,6,2,7,3,4,0,11,10,8,
18,10,6,2,7,3,4,0,11,11,9,
18,10,6,2,7,3,4,0,11,11,9,
18,10,6,2,7,3,4,0,11,11,9,
18,9,6,2,7,3,4,0,11,10,8,
18,9,5,1,6,3,3,0,11,10,8,
18,9,6,2,7,4,4,0,11,11,8,
19,9,5,1,7,3,3,0,11,10,8,
20,10,6,2,7,4,4,0,13,13,9,
19,9,5,1,7,3,4,0,11,10,8,
18,9,5,1,7,3,4,0,11,10,8,
19,9,5,1,7,3,4,0,11,10,8,
18,9,5,1,7,3,4,0,11,10,8,
17,9,5,1,7,3,4,0,11,10,8,
18,10,6,2,7,4,4,0,12,11,9,
18,9,6,1,7,3,4,0,11,10,8,
18,9,6,1,7,3,4,0,11,10,8,
18,9,6,1,7,3,4,0,11,10,8,
18,9,6,1,7,3,4,0,11,10,8,
18,9,6,1,7,3,4,0,11,10,8,
18,9,6,1,7,3,4,0,11,10,8,
18,9,6,1,7,3,4,0,11,10,8,
18,9,6,1,7,3,4,0,11,10,8,
18,9,6,1,7,3,4,0,11,10,8,
18,9,6,1,7,3,4,0,11,10,8,
18,9,6,1,7,3,4,0,11,10,8,
18,9,6,1,7,3,4,0,11,10,8,
18,9,6,1,7,3,4,0,11,10,8,
18,9,6,1,7,3,4,0,11,10,8,
21,12,6,3,10,3,4,0,14,13,11,
18,9,6,2,7,3,4,0,11,10,8,
18,9,6,2,7,3,4,0,11,10,8,
18,9,6,2,7,3,4,0,11,10,8,
18,9,6,2,7,3,4,0,11,10,8,
18,9,6,2,7,3,4,0,11,10,8,
18,9,6,2,7,3,4,0,11,10,8,
18,9,6,2,7,3,4,0,11,10,8,
18,9,6,2,7,3,4,0,11,11,8,
18,10,6,2,7,3,4,0,11,11,9,
18,9,6,2,7,3,4,0,11,10,8,
21,10,7,2,8,4,5,0,12,11,9,
22,13,6,2,11,4,4,0,15,14,12,
18,9,6,2,7,3,4,0,11,11,8,
18,9,5,1,7,3,4,0,11,10,8,
18,10,6,2,7,4,4,0,11,11,8,
18,10,6,2,7,3,4,0,12,11,9,
18,9,5,1,7,3,4,0,11,10,8,
18,9,5,1,7,3,4,0,11,10,8,
19,9,5,1,7,3,4,0,11,10,8,
19,9,5,1,7,3,4,0,11,10,8,
19,9,6,1,7,3,4,0,11,10,8,
18,9,6,1,7,3,4,0,11,10,8,
18,9,6,1,7,3,4,0,11,10,8,
21,12,6,1,7,3,4,0,14,13,11,
18,9,6,1,7,3,4,0,11,10,8,
20,11,8,1,9,5,6,0,13,12,10,
18,9,6,2,7,3,4,0,11,10,8,
18,7,4,0,5,1,2,0,9,8,6,
18,9,6,1,7,3,4,0,11,10,8,
18,9,6,1,7,3,4,0,11,10,8,
18,10,6,1,8,4,5,0,12,11,9,
18,9,6,1,7,3,4,0,11,10,8,
18,9,6,1,7,3,4,0,11,10,8,
18,9,6,1,7,3,4,0,11,10,8,
18,9,6,1,7,3,4,0,11,10,8,
18,9,6,1,7,3,4,0,11,10,8,
21,9,5,1,7,3,4,0,11,10,8,
18,9,6,1,7,3,4,0,11,10,8,
21,9,6,2,7,3,4,0,11,10,8,
22,13,9,1,10,6,7,0,15,14,11,
18,9,6,2,7,3,4,0,11,10,8,
18,9,6,2,7,3,4,0,11,10,8,
20,9,6,2,7,3,4,0,11,10,8,
21,12,9,2,10,6,7,0,14,13,11,
19,10,7,4,8,4,5,0,12,11,9,
18,9,6,2,7,3,4,0,11,10,8,
18,9,6,2,7,3,4,0,11,10,8,
18,9,6,2,7,3,4,0,11,10,8,
19,9,6,1,7,3,4,0,11,10,8,
18,10,6,2,7,3,4,0,11,11,8,
21,9,6,2,7,3,4,0,14,11,8,
21,12,9,2,10,6,7,0,14,13,11,
18,9,5,1,7,3,4,0,11,10,8,
19,9,5,1,7,3,3,0,11,10,8,
18,10,6,2,7,3,4,0,11,11,9,
19,9,5,1,7,3,3,0,11,10,8,
18,9,5,1,7,3,4,0,11,10,8,
18,9,5,1,7,3,4,0,11,10,8,
18,9,5,1,7,3,4,0,11,10,8,
18,9,5,1,7,3,4,0,11,10,8,
19,9,6,1,7,3,4,0,11,10,8,
18,9,6,1,7,3,4,0,11,10,8,
18,9,6,1,7,3,4,0,11,10,8,
18,11,6,1,7,3,4,0,11,11,8,
18,9,5,1,7,3,4,0,11,10,8,
18,9,6,1,7,3,4,0,11,10,8,
18,9,6,1,7,3,4,0,11,10,8,
18,9,6,1,7,3,4,0,11,10,8,
18,9,6,1,7,3,4,0,11,10,8,
18,9,6,1,7,3,4,0,11,10,8,
18,9,6,1,7,3,4,0,11,10,8,
18,9,6,1,7,3,4,0,11,10,8,
20,11,9,1,9,3,4,0,13,12,10,
18,9,6,1,7,3,4,0,11,10,8,
18,9,6,1,7,3,4,0,11,10,8,
18,9,6,1,7,3,4,0,11,10,8,
18,9,6,1,7,3,4,0,11,10,8,
18,9,6,2,7,3,4,0,11,10,8,
18,9,6,2,7,3,4,0,11,10,8,
18,9,6,2,7,3,4,0,11,10,8,
18,9,6,2,7,3,4,0,11,10,8,
18,9,6,2,7,3,4,0,11,10,8,
18,9,6,2,7,3,4,0,11,10,8,
19,9,6,2,7,3,4,0,11,10,8,
19,10,7,2,8,3,4,0,12,11,9,
18,9,6,2,7,3,4,0,11,10,8,
18,9,6,2,7,3,4,0,11,10,8,
21,11,7,2,8,3,4,0,14,14,10,
18,9,6,2,7,3,4,0,11,10,8,
20,9,6,2,7,3,4,0,13,10,8,
18,9,6,2,7,3,4,0,11,10,8,
18,9,6,2,7,3,4,0,11,10,8,
18,9,6,2,7,3,4,0,11,10,8,
20,10,6,2,7,3,4,0,11,11,9,
18,9,6,2,7,3,4,0,11,10,8,
18,10,6,2,7,4,4,0,12,11,9,
18,9,5,1,6,3,3,0,11,10,8,
19,9,5,1,7,3,4,0,11,10,8,
18,9,5,1,6,3,3,0,11,10,8,
18,9,5,1,7,3,4,0,11,10,8,
19,9,5,1,7,3,4,0,11,10,8,
19,9,6,1,7,3,4,0,11,10,8,
18,9,6,2,7,3,4,0,11,10,8,
19,9,6,1,7,3,4,0,11,10,8,
18,9,5,1,7,3,4,0,11,10,8,
21,12,8,4,9,6,6,0,14,13,11,
17,9,5,1,7,3,4,0,11,10,8,
18,9,6,1,7,3,4,0,11,10,8,
20,12,6,1,9,3,4,0,14,13,11,
17,9,5,1,7,3,4,0,11,10,8,
19,10,7,1,8,4,5,0,12,11,9,
18,9,6,1,7,3,4,0,11,10,8,
18,8,5,0,6,2,3,0,10,9,7,
18,9,6,1,7,3,4,0,11,10,8,
18,9,6,1,7,3,4,0,11,10,8,
18,9,6,1,7,3,4,0,11,10,8,
21,12,9,4,10,6,7,0,14,13,11,
18,9,6,1,7,3,4,0,11,10,8,
18,9,6,1,7,3,4,0,11,10,8,
18,9,6,1,7,3,4,0,11,10,8,
18,9,6,1,7,3,4,0,11,10,8,
20,9,6,1,7,3,4,0,11,10,8,
43,9,6,1,7,3,4,0,13,10,8,
19,10,7,4,8,4,5,0,12,11,9,
18,9,6,2,7,3,4,0,11,10,8,
18,9,6,2,7,3,4,0,11,10,8,
18,9,6,2,7,3,4,0,11,10,8,
21,12,8,4,10,6,7,0,14,13,11,
18,9,6,2,7,3,4,0,11,10,8,
18,9,6,2,7,3,4,0,11,10,8,
18,9,6,2,7,3,4,0,11,10,8,
18,9,6,2,7,3,4,0,11,10,8,
18,9,6,2,7,3,4,0,11,10,8,
20,9,8,2,8,3,4,0,11,10,8,
18,10,6,2,7,3,4,0,11,11,8,
18,9,6,2,7,3,4,0,11,10,8,
18,10,6,2,7,3,4,0,11,11,8,
18,10,6,2,7,3,4,0,11,11,8,
20,10,6,2,7,3,4,0,13,11,8,
18,9,5,1,7,3,3,0,11,10,8,
21,9,6,1,7,3,4,0,11,10,8,
18,9,5,1,7,3,4,0,11,10,8,
18,10,6,2,7,4,4,0,12,11,9,
19,9,5,1,7,3,4,0,11,10,8,
18,9,5,1,7,3,4,0,11,10,8,
18,10,6,2,7,4,4,0,12,11,9,
19,9,6,1,7,3,4,0,11,10,8,
18,9,5,1,7,3,4,0,11,10,8,
19,9,5,1,7,3,4,0,11,10,8,
18,9,6,2,7,3,4,0,11,11,8,
19,9,6,1,7,3,4,0,11,10,8,
19,9,6,1,7,3,4,0,11,10,8,
19,9,6,1,7,3,4,0,11,10,8,
19,9,6,1,7,3,4,0,11,10,8,
18,9,6,1,7,3,4,0,11,10,8,
20,12,6,1,7,3,4,0,14,13,11,
18,9,6,1,7,3,4,0,11,10,8,
20,11,8,1,9,5,6,0,13,12,10,
18,9,6,1,7,3,4,0,11,10,8,
18,7,4,0,5,1,2,0,9,8,6,
18,9,6,2,7,3,4,0,11,10,8,
20,10,7,2,8,4,5,0,12,11,9,
18,9,6,1,7,3,4,0,11,10,8,
18,9,6,1,7,3,4,0,11,10,8,
18,9,6,1,7,3,4,0,11,10,8,
18,9,6,1,7,3,4,0,11,10,8,
18,9,6,1,7,3,4,0,11,10,8,
18,9,6,1,7,3,4,0,11,10,8,
20,9,5,1,6,2,3,0,11,10,8,
18,9,6,1,7,3,4,0,11,10,8,
18,9,6,1,7,3,4,0,11,10,8,
18,9,8,1,8,3,4,0,11,10,8,
18,9,6,2,7,3,4,0,11,10,8,
18,9,6,2,7,3,4,0,11,10,8,
19,10,6,1,7,3,4,0,12,11,8,
18,9,6,2,7,3,4,0,11,10,8,
18,9,6,1,7,3,4,0,11,10,8,
18,9,6,2,7,3,4,0,11,10,8,
20,9,6,2,7,3,4,0,11,10,8,
18,9,6,2,7,3,4,0,11,10,8,
18,9,8,2,8,3,4,0,11,10,8,
18,9,6,2,7,3,4,0,11,10,8,
18,9,6,2,7,3,4,0,11,10,8,
18,10,6,2,10,3,4,0,11,10,10,
18,9,6,2,7,3,4,0,11,10,8,
18,10,6,2,7,4,4,0,11,11,8,
21,10,6,2,7,4,4,0,14,14,9,
18,10,6,2,7,4,4,0,12,11,9,
18,9,6,2,7,3,4,0,11,11,8,
18,10,6,2,8,4,5,0,12,11,9,
18,10,6,2,7,4,4,0,12,11,9,
20,9,6,2,7,3,4,0,11,11,8,
21,11,7,1,9,3,4,0,13,12,10,
18,9,5,1,7,3,4,0,11,10,8,
19,9,5,1,7,3,4,0,11,10,8,
18,9,5,1,6,3,3,0,11,10,8,
18,10,6,2,7,4,4,0,12,11,9,
19,9,6,2,7,3,4,0,11,11,8,
18,9,5,1,7,3,4,0,11,10,8,
18,9,5,1,7,3,4,0,11,10,8,
19,9,6,1,7,3,4,0,11,10,8,
21,10,6,2,7,4,4,0,12,11,9,
19,9,6,1,7,3,4,0,11,10,8,
19,9,6,1,7,3,4,0,11,10,8,
20,10,5,1,8,3,4,0,12,11,9,
19,9,6,1,7,3,4,0,11,10,8,
18,9,6,1,7,3,4,0,11,10,8,
18,9,6,1,7,3,4,0,11,10,8,
18,9,6,1,7,3,4,0,11,10,8,
18,9,6,1,7,3,4,0,11,10,8,
19,9,6,1,7,3,4,0,11,10,8,
18,9,6,1,7,3,4,0,11,10,8,
18,9,6,1,7,3,4,0,11,10,8,
18,9,6,1,7,3,4,0,11,10,8,
18,9,5,1,7,3,4,0,11,10,8,
18,9,5,1,7,3,4,0,11,10,8,
21,12,5,1,9,3,4,0,14,13,11,
18,9,6,1,7,3,4,0,11,10,8,
20,11,7,1,8,5,5,0,13,12,10,
18,9,5,1,7,3,4,0,11,10,8,
18,9,5,1,7,3,4,0,11,10,8,
18,9,5,1,7,3,4,0,11,10,8,
18,9,6,2,7,3,4,0,11,10,8,
18,9,5,1,6,3,3,0,10,10,8,
20,9,5,1,7,3,4,0,11,10,8,
22,9,6,2,7,3,4,0,14,10,8,
18,9,6,2,7,3,4,0,11,10,8,
18,9,6,2,7,3,4,0,11,10,8,
20,11,6,2,9,3,4,0,13,12,10,
19,9,6,2,7,3,4,0,12,10,8,
18,9,6,2,7,3,4,0,11,10,8,
18,9,6,2,7,3,4,0,11,10,8,
18,9,6,2,7,3,4,0,11,10,8,
18,9,6,2,7,3,4,0,11,10,8,
18,9,6,2,7,3,4,0,11,10,8,
18,9,6,2,7,3,4,0,11,10,8,
18,10,6,2,7,3,4,0,12,11,9,
18,10,6,2,7,3,4,0,11,11,8,
18,10,6,2,7,4,4,0,12,11,9,
18,10,6,2,7,3,4,0,11,11,8,
21,11,5,1,6,3,3,0,13,12,10,
18,10,6,2,7,3,4,0,11,11,9,
21,12,9,2,10,6,7,0,14,13,11,
18,10,6,2,7,4,4,0,12,11,9,
18,7,3,0,4,0,1,0,8,8,5,
18,10,6,2,7,4,4,0,11,11,8,
18,10,6,2,7,4,4,0,11,11,9,
18,10,6,2,7,3,4,0,12,11,9,
18,10,6,2,7,4,4,0,11,11,8,
18,9,5,1,7,3,4,0,11,10,8,
18,9,5,1,6,2,3,0,10,10,8,
19,9,5,1,7,3,4,0,11,10,8,
18,9,5,1,7,3,3,0,11,10,8,
21,9,6,2,7,3,4,0,11,11,8,
18,9,5,1,7,3,4,0,11,10,8,
19,9,6,1,7,3,4,0,11,10,8,
18,9,8,1,8,3,4,0,11,10,8,
19,9,6,1,7,3,4,0,11,10,8,
17,9,5,1,7,3,4,0,11,10,8,
20,12,6,1,7,3,4,0,14,13,8,
18,9,6,1,7,3,4,0,11,10,8,
18,9,6,1,7,3,4,0,11,10,8,
18,9,6,1,7,3,4,0,11,10,8,
18,9,6,1,7,3,4,0,11,10,8,
18,9,6,2,7,3,4,0,11,10,8,
19,10,7,1,8,3,4,0,12,11,9,
18,9,6,1,7,3,4,0,11,10,8,
18,9,6,1,7,3,4,0,11,10,8,
20,9,6,1,7,3,4,0,14,10,8,
18,9,6,1,7,3,4,0,11,10,8,
18,9,6,1,7,3,4,0,11,10,8,
18,9,6,1,9,3,4,0,11,10,9,
18,9,6,1,7,3,4,0,11,10,8,
18,9,6,1,7,3,4,0,11,10,8,
18,9,6,1,7,3,4,0,11,10,8,
18,9,6,1,7,3,4,0,11,10,8,
21,9,6,1,7,3,4,0,11,10,8,
21,12,9,2,10,3,4,0,14,13,11,
18,9,6,2,7,3,4,0,11,10,8,
18,9,6,2,7,3,4,0,11,10,8,
18,9,6,2,7,3,4,0,11,10,8,
18,9,6,2,7,3,4,0,11,10,8,
20,9,6,2,7,3,4,0,11,10,8,
18,9,6,2,7,3,4,0,11,10,8,
18,9,6,2,7,3,4,0,11,10,8,
18,9,6,2,7,3,4,0,11,10,8,
21,9,6,2,7,3,4,0,11,10,8,
18,9,6,2,7,3,4,0,11,10,8,
18,9,6,2,7,3,4,0,11,10,8,
20,12,6,2,10,3,4,0,14,13,11,
18,9,6,2,7,3,4,0,11,10,8,
19,10,6,2,8,4,5,0,12,11,9,
18,10,6,2,7,3,4,0,11,11,9,
18,8,5,1,6,2,3,0,10,9,7,
18,9,6,2,7,3,4,0,11,10,8,
18,10,6,2,7,4,4,0,12,11,9,
18,10,6,2,7,3,4,0,11,11,8,
21,12,9,4,10,6,7,0,14,13,11,
18,10,6,2,7,3,4,0,11,11,8,
19,9,6,1,7,3,3,0,11,10,8,
26,10,6,2,7,3,4,0,12,11,9,
18,9,5,1,7,3,4,0,11,10,8,
19,9,5,1,7,3,4,0,11,10,8,
18,9,5,1,7,3,4,0,11,10,8,
21,9,5,1,7,3,4,0,13,10,8,
21,12,8,1,9,6,6,0,13,13,10,
18,10,6,2,8,4,5,0,12,11,9,
18,9,5,1,7,3,4,0,11,10,8,
20,10,6,1,7,3,4,0,12,11,8,
18,9,5,1,7,3,4,0,11,10,8,
19,9,6,1,7,3,4,0,11,10,8,
18,9,6,1,7,3,4,0,11,10,8,
17,9,5,1,7,3,4,0,11,10,8,
17,9,6,1,7,3,4,0,11,10,8,
18,9,6,1,7,3,4,0,11,10,8,
18,9,6,1,7,3,4,0,11,10,8,
18,9,6,1,7,3,4,0,11,10,8,
19,12,7,1,8,4,5,0,12,12,12,
18,9,6,1,7,3,4,0,11,10,8,
18,9,6,1,7,3,4,0,11,10,8,
18,9,6,1,7,3,4,0,11,10,8,
18,9,6,1,7,3,4,0,11,10,8,
18,9,6,1,7,3,4,0,11,10,8,
20,9,6,1,7,3,4,0,11,10,8,
18,9,6,1,7,3,4,0,11,10,8,
18,9,6,2,7,3,4,0,11,10,8,
21,10,6,1,8,3,4,0,12,11,9,
18,9,6,1,7,3,4,0,11,10,8,
18,9,6,1,7,3,4,0,11,10,8,
20,9,6,1,7,3,4,0,14,10,8,
18,9,6,1,7,3,4,0,11,10,8,
18,9,6,1,7,3,4,0,11,10,8,
18,9,6,2,7,3,4,0,11,10,8,
18,9,6,2,7,3,4,0,11,10,8,
18,9,6,2,7,3,4,0,11,10,8,
20,9,6,1,7,3,4,0,11,10,8,
18,9,6,2,7,3,4,0,11,10,8,
18,9,6,2,7,3,4,0,11,10,8,
18,9,6,2,7,3,4,0,11,10,8,
18,9,6,2,7,3,4,0,11,10,8,
18,9,6,2,7,3,4,0,11,10,8,
18,9,6,2,7,3,4,0,11,11,8,
18,9,6,2,7,3,4,0,11,10,8,
23,11,8,3,9,5,6,0,13,12,10,
18,10,6,2,7,4,4,0,12,11,9,
18,10,6,2,7,4,4,0,12,11,9,
18,10,6,2,7,3,4,0,11,11,8,
18,9,6,2,7,3,4,0,11,11,8,
18,10,6,2,7,4,4,0,12,11,9,
18,9,6,2,7,3,4,0,11,11,8,
21,12,6,2,10,4,4,0,14,14,11,
18,10,6,2,7,3,4,0,11,11,8,
21,12,9,2,10,6,7,0,14,13,11,
18,10,6,2,7,4,4,0,12,11,9,
18,8,4,0,5,2,2,0,10,9,7,
18,9,5,1,7,3,4,0,11,10,8,
19,9,6,1,7,3,4,0,11,10,8,
18,9,5,1,7,3,4,0,11,10,8,
18,10,6,2,8,4,5,0,12,11,9,
18,9,6,1,7,3,4,0,11,10,8,
19,9,6,1,7,3,4,0,11,10,8,
19,9,6,1,7,3,4,0,11,10,8,
18,9,6,1,7,3,4,0,11,10,8,
21,9,6,2,7,3,4,0,11,10,8,
18,9,6,1,7,3,4,0,11,10,8,
18,9,6,1,7,3,4,0,11,10,8,
20,9,7,1,7,3,4,0,11,10,8,
18,9,6,1,7,3,4,0,11,10,8,
18,9,6,1,7,3,4,0,11,10,8,
20,12,6,1,7,3,4,0,13,13,8,
18,9,6,1,7,3,4,0,11,10,8,
18,9,6,1,7,3,4,0,11,10,8,
18,9,6,1,7,3,4,0,11,10,8,
20,9,6,1,7,3,4,0,11,10,8,
18,9,6,1,7,3,4,0,11,10,8,
18,9,6,1,7,3,4,0,11,10,8,
18,9,6,1,7,3,4,0,11,10,8,
18,9,6,1,7,3,4,0,11,10,8,
18,10,6,1,10,3,4,0,11,10,10,
18,9,6,1,7,3,4,0,11,10,8,
18,9,6,1,7,3,4,0,11,10,8,
21,9,6,1,7,3,4,0,14,10,8,
18,9,6,1,7,3,4,0,11,10,8,
18,9,6,2,7,3,4,0,11,10,8,
18,9,6,1,7,3,4,0,11,10,8,
18,9,6,2,7,3,4,0,11,10,8,
20,9,6,2,7,3,4,0,11,10,8,
20,12,8,1,9,3,4,0,13,13,10,
18,9,6,2,7,3,4,0,11,10,8,
18,9,6,2,7,3,4,0,11,10,8,
18,9,6,2,7,3,4,0,11,10,8,
18,9,6,2,7,3,4,0,11,10,8,
19,9,6,2,7,3,4,0,11,10,8,
18,9,6,2,7,3,4,0,11,10,8,
18,10,6,2,7,3,4,0,12,11,9,
18,9,6,2,7,3,4,0,11,10,8,
21,9,6,2,7,3,4,0,11,10,8,
18,10,6,2,7,3,4,0,11,11,8,
18,10,6,2,7,3,4,0,11,11,8,
19,11,6,2,9,3,4,0,13,12,10,
18,10,6,2,7,4,4,0,12,11,9,
18,10,6,2,7,4,4,0,12,11,9,
18,10,6,2,7,4,4,0,11,11,9,
18,9,6,2,7,3,4,0,11,10,8,
18,10,6,2,7,4,4,0,12,11,9,
18,9,6,2,7,3,4,0,11,10,8,
18,10,6,2,7,4,4,0,12,11,9,
18,10,6,2,7,4,4,0,12,11,9,
19,9,8,1,8,3,4,0,11,10,8,
18,10,6,2,7,4,4,0,12,11,9,
18,9,6,1,7,3,4,0,11,10,8,
22,12,6,1,10,3,4,0,14,13,11,
18,9,5,1,7,3,4,0,11,10,8,
20,11,7,1,8,5,5,0,13,12,10,
19,9,6,1,7,3,4,0,11,10,8,
19,8,5,0,6,2,3,0,10,9,7,
18,9,6,1,7,3,4,0,11,10,8,
18,9,5,1,7,3,4,0,11,10,8,
18,9,6,1,7,3,4,0,11,10,8,
21,12,8,1,10,6,7,0,14,13,11,
18,9,6,1,7,3,4,0,11,10,8,
18,9,6,1,7,3,4,0,11,10,8,
18,9,6,1,7,3,4,0,11,10,8,
18,9,6,1,7,3,4,0,11,10,8,
18,9,6,1,7,3,4,0,11,10,8,
18,9,6,1,7,3,4,0,11,10,8,
20,9,6,1,7,3,4,0,13,10,8,
19,11,7,1,9,5,6,0,13,12,10,
18,9,6,1,7,3,4,0,11,10,8,
18,9,6,1,7,3,4,0,11,10,8,
18,9,6,1,7,3,4,0,11,10,8,
18,9,6,1,7,3,4,0,11,10,8,
18,9,6,1,7,3,4,0,11,10,8,
18,9,6,1,7,3,4,0,11,10,8,
21,9,6,2,7,3,4,0,11,10,8,
18,9,6,1,7,3,4,0,11,10,8,
18,9,6,2,7,3,4,0,11,10,8,
18,9,6,2,7,3,4,0,11,10,8,
18,9,6,2,7,3,4,0,11,10,8,
18,11,6,2,7,3,4,0,12,11,11,
18,9,6,2,7,3,4,0,11,10,8,
18,9,6,2,7,3,4,0,11,10,8,
18,9,6,2,7,3,4,0,11,10,8,
18,9,6,2,7,3,4,0,11,10,8,
18,9,6,2,7,3,4,0,11,10,8,
18,9,6,2,7,3,4,0,11,11,8,
18,10,6,2,7,3,4,0,11,11,8,
21,9,6,1,7,3,4,0,11,10,8,
21,12,9,2,10,3,4,0,14,13,11,
18,9,6,2,7,3,4,0,11,10,8,
18,9,6,2,7,3,4,0,11,10,8,
18,10,6,2,7,3,4,0,12,11,8,
18,10,6,2,7,3,4,0,11,11,8,
20,10,6,2,7,3,4,0,12,11,9,
18,8,4,0,5,2,2,0,10,9,7,
18,10,6,2,7,3,4,0,12,11,9,
18,10,6,2,8,4,5,0,12,11,9,
21,10,6,2,7,3,4,0,11,11,8,
18,10,6,2,7,4,4,0,12,11,9,
18,10,6,2,8,4,5,0,12,11,9,
23,11,5,1,8,3,4,0,13,12,10,
19,9,6,1,7,3,4,0,11,10,8,
18,10,6,2,8,4,5,0,12,11,9,
19,9,5,1,7,3,4,0,11,10,8,
18,10,6,2,7,4,4,0,11,11,9,
19,9,6,1,7,3,4,0,11,10,8,
18,9,6,2,7,3,4,0,11,11,8,
18,9,5,1,7,3,4,0,11,10,8,
19,9,6,1,7,3,4,0,11,10,8,
18,9,6,1,7,3,4,0,11,10,8,
18,9,6,1,7,3,4,0,11,10,8,
18,9,6,1,7,3,4,0,11,10,8,
18,10,6,1,7,3,4,0,12,11,9,
18,9,6,1,7,3,4,0,11,10,8,
18,9,6,1,7,3,4,0,11,10,8,
18,9,6,1,7,3,4,0,11,10,8,
18,9,6,1,7,3,4,0,11,10,8,
18,9,6,1,7,3,4,0,11,10,8,
18,10,6,2,7,3,4,0,12,11,9,
18,9,6,1,7,3,4,0,11,10,8,
18,9,6,1,7,3,4,0,11,10,8,
18,9,6,1,7,3,4,0,11,10,8,
18,9,6,1,7,3,4,0,11,10,8,
18,9,6,1,7,3,4,0,11,10,8,
21,12,6,1,7,3,4,0,14,13,11,
18,9,6,1,7,3,4,0,11,10,8,
20,12,8,1,9,5,6,0,13,13,10,
18,9,6,1,7,3,4,0,11,10,8,
18,7,4,1,5,1,2,0,9,8,6,
18,9,6,2,7,3,4,0,11,10,8,
18,9,6,2,7,3,4,0,11,10,8,
18,9,6,2,7,3,4,0,11,10,8,
18,9,6,2,7,3,4,0,11,10,8,
19,10,6,2,7,3,4,0,12,11,8,
18,9,6,2,7,3,4,0,11,10,8,
18,9,6,2,7,3,4,0,11,10,8,
20,9,6,1,7,3,4,0,11,10,8,
21,9,6,1,7,3,4,0,11,10,8,
18,9,6,2,7,3,4,0,11,10,8,
19,10,6,2,7,3,4,0,12,12,8,
18,10,8,2,8,3,4,0,11,11,8,
18,10,6,2,7,3,4,0,12,11,9,
19,10,6,2,7,4,4,0,12,11,9,
21,12,6,2,7,4,4,0,14,13,9,
18,9,6,2,7,3,4,0,11,10,8,
18,10,6,2,8,4,5,0,12,11,9,
18,10,6,2,7,4,4,0,11,11,8,
18,10,6,2,8,4,5,0,12,11,9,
19,9,6,2,7,3,4,0,11,10,8,
19,10,7,2,8,4,5,0,12,11,9,
19,9,6,2,7,3,4,0,11,10,8,
18,9,5,1,7,3,4,0,11,10,8,
21,9,5,1,6,3,3,0,13,10,8,
18,10,6,2,7,4,5,0,12,11,9,
18,9,5,1,7,3,4,0,11,10,8,
19,9,5,1,7,3,4,0,11,10,8,
19,9,5,1,7,3,4,0,11,10,8,
19,9,6,1,7,3,4,0,11,10,8,
20,9,6,1,7,3,4,0,11,10,8,
19,9,6,1,7,3,4,0,11,10,8,
19,9,6,1,7,3,4,0,11,10,8,
20,12,8,1,10,3,4,0,14,13,11,
18,9,6,1,7,3,4,0,11,10,8,
18,9,6,1,7,3,4,0,11,10,8,
18,9,6,1,7,3,4,0,11,10,8,
18,9,6,1,7,3,4,0,11,10,8,
20,9,6,1,7,3,4,0,11,10,8,
18,9,6,1,7,3,4,0,11,10,8,
18,9,6,1,7,3,4,0,11,10,8,
18,9,6,1,7,3,4,0,11,10,8,
21,9,6,1,7,3,4,0,11,10,8,
18,9,6,1,7,3,4,0,11,10,8,
18,9,6,1,7,3,4,0,11,10,8,
20,12,6,1,10,3,4,0,14,13,11,
18,9,6,1,7,3,4,0,11,10,8,
18,9,6,1,7,3,4,0,11,11,8,
18,9,6,1,7,3,4,0,11,10,8,
18,9,6,1,7,3,4,0,11,10,8,
18,9,6,1,7,3,4,0,11,10,8,
18,9,6,1,7,3,4,0,11,10,8,
18,9,6,1,7,3,4,0,11,10,8,
21,12,9,4,10,6,7,0,14,13,11,
18,9,6,1,7,3,4,0,11,10,8,
18,9,6,1,7,3,4,0,11,10,8,
18,9,6,1,7,3,4,0,11,10,8,
20,11,8,1,9,3,4,0,13,12,10,
19,9,6,1,7,3,4,0,11,10,8,
18,9,6,1,7,3,4,0,11,10,8,
21,9,6,1,7,3,4,0,14,10,8,
21,12,9,1,10,3,7,0,14,13,11,
18,10,6,2,7,3,4,0,12,11,9,
18,9,6,2,7,3,4,0,11,10,8,
20,11,6,2,7,3,4,0,13,12,8,
18,9,6,2,7,3,4,0,11,10,8,
18,9,6,2,7,3,4,0,11,10,8,
18,9,6,2,7,3,4,0,11,10,8,
18,9,6,2,7,3,4,0,11,10,8,
18,9,6,2,7,3,4,0,11,10,8,
18,9,6,2,7,3,4,0,11,10,8,
18,10,6,2,7,4,4,0,12,11,9,
18,10,6,2,7,4,4,0,12,11,9,
19,12,6,2,7,3,4,0,12,12,9,
18,10,6,2,8,4,5,0,12,11,9,
18,10,6,2,7,3,5,0,12,11,9,
18,10,6,2,7,4,5,0,12,11,9,
19,9,5,1,7,3,4,0,11,10,8,
19,9,5,1,7,3,4,0,11,10,8,
19,9,5,1,7,3,4,0,11,10,8,
18,9,5,1,7,3,4,0,11,10,8,
18,9,5,1,7,3,4,0,11,10,8,
18,9,5,1,7,3,4,0,11,10,8,
19,11,7,3,8,5,5,0,13,12,10,
18,9,6,1,7,3,4,0,11,10,8,
18,11,6,1,7,3,4,0,11,11,8,
18,9,6,1,7,3,4,0,11,10,8,
18,9,6,1,7,3,4,0,11,10,8,
18,9,6,1,7,3,4,0,11,10,8,
17,9,6,1,7,3,4,0,11,10,8,
18,9,6,1,7,3,4,0,11,10,8,
18,9,6,1,7,3,4,0,11,10,8,
18,9,6,1,7,3,4,0,11,10,8,
18,9,6,1,7,3,4,0,11,10,8,
20,12,6,1,9,3,4,0,14,13,11,
18,9,6,1,7,3,4,0,11,10,8,
18,9,6,1,7,3,4,0,11,10,8,
18,9,6,1,7,3,4,0,11,10,8,
18,9,6,1,7,3,4,0,11,10,8,
21,10,7,1,8,3,4,0,12,11,9,
18,9,6,1,7,3,4,0,11,10,8,
18,9,6,1,7,3,4,0,11,10,8,
18,9,6,1,7,3,4,0,11,10,8,
18,9,6,1,7,3,4,0,11,10,8,
18,9,6,1,7,3,4,0,11,10,8,
18,9,6,1,7,3,4,0,11,10,8,
23,12,6,1,10,3,4,0,16,13,11,
18,9,6,1,7,3,4,0,11,10,8,
19,10,7,1,8,4,5,0,12,11,9,
18,9,6,1,7,3,4,0,11,10,8,
18,8,5,0,6,2,3,0,10,9,7,
18,9,6,1,7,3,4,0,11,10,8,
19,9,6,1,7,3,4,0,11,10,8,
18,9,6,2,7,3,4,0,11,10,8,
21,12,9,4,10,6,7,0,14,13,11,
18,9,6,2,7,3,4,0,11,10,8,
18,9,6,2,7,3,4,0,11,10,8,
18,9,6,2,7,3,4,0,11,10,8,
18,9,6,2,7,3,4,0,11,10,8,
20,9,6,1,7,3,4,0,11,10,8,
18,9,6,2,7,3,4,0,11,10,8,
18,9,6,2,7,3,4,0,11,10,8,
21,12,9,2,10,3,7,0,14,13,11,
18,10,6,2,7,3,4,0,11,11,8,
18,10,6,2,7,3,4,0,11,11,8,
20,12,6,2,7,3,4,0,14,13,9,
18,10,6,2,7,3,4,0,11,11,8,
18,10,6,2,7,4,4,0,11,11,8,
18,10,6,2,7,4,4,0,12,11,9,
18,10,6,2,7,3,4,0,11,11,9,
18,10,6,2,7,4,4,0,12,11,9,
18,10,6,2,8,4,5,0,12,11,9,
18,10,6,2,8,4,5,0,12,11,9,
18,10,6,2,7,4,4,0,12,11,9,
18,9,5,1,9,3,4,0,11,10,9,
19,9,6,1,7,3,4,0,11,10,8,
19,9,6,1,7,3,4,0,11,10,8,
20,9,6,1,7,3,4,0,13,10,8,
18,9,6,1,7,3,4,0,11,10,8,
17,9,5,1,7,3,4,0,11,10,8,
17,9,5,1,7,3,4,0,11,10,8,
17,9,5,1,7,3,4,0,11,10,8,
20,9,6,1,7,3,4,0,11,10,8,
20,11,8,1,9,3,4,0,13,12,10,
18,9,6,1,7,3,4,0,11,10,8,
17,9,6,1,7,3,4,0,11,10,8,
18,9,6,1,7,3,4,0,11,10,8,
19,9,6,1,7,3,4,0,11,10,8,
18,9,6,1,7,3,4,0,11,10,8,
18,9,6,1,7,3,4,0,11,10,8,
18,9,6,1,7,3,4,0,11,10,8,
18,9,6,1,7,3,4,0,11,10,8,
21,9,5,1,7,3,4,0,11,10,8,
18,9,6,1,7,3,4,0,11,10,8,
18,9,6,1,7,3,4,0,11,10,8,
19,11,6,1,8,3,4,0,12,12,9,
18,9,6,1,7,3,4,0,11,10,8,
18,9,6,1,7,3,4,0,11,10,8,
18,9,6,1,7,3,4,0,11,10,8,
18,9,6,1,7,3,4,0,11,10,8,
18,9,6,1,7,3,4,0,11,10,8,
18,9,6,1,7,3,4,0,11,10,8,
20,11,6,1,7,3,4,0,13,12,10,
18,9,6,1,7,3,4,0,11,10,8,
18,9,6,2,7,3,4,0,11,10,8,
18,10,6,2,7,3,4,0,12,11,9,
18,10,6,1,7,3,4,0,12,11,9,
21,12,6,2,10,3,4,0,14,13,11,
18,10,6,2,7,3,4,0,12,11,9,
20,12,8,2,9,5,6,0,13,13,10,
18,10,6,2,8,3,4,0,12,11,9,
19,8,4,0,6,1,2,0,10,9,7,
18,10,6,2,8,3,4,0,12,11,9,
18,10,6,2,7,3,4,0,11,11,9,
18,10,6,2,7,3,4,0,12,11,9,
18,10,6,2,7,3,4,0,12,11,9,
18,10,6,2,8,3,4,0,12,11,9,
18,10,6,2,8,3,4,0,12,11,9,
18,10,6,2,8,3,4,0,12,11,9,
18,10,6,2,8,3,4,0,12,11,9,
21,9,6,1,7,3,4,0,11,10,8,
18,10,6,2,8,4,4,0,12,11,9,
19,10,7,2,8,3,5,0,12,11,9,
22,13,9,2,11,4,7,0,15,14,12,
18,10,7,2,8,4,5,0,12,11,9,
19,10,7,2,8,4,5,0,12,11,9,
19,11,7,2,8,4,5,0,12,12,9,
19,10,7,2,8,4,5,0,12,11,9,
40,32,6,1,7,3,4,0,11,10,8,
33,9,6,1,7,25,4,0,11,10,8,
18,9,6,1,7,3,4,0,11,10,8,
18,9,6,1,7,3,4,0,11,10,8,
20,11,8,1,9,3,6,0,13,12,10,
37,11,6,1,7,3,30,0,11,11,8,
34,9,27,23,7,3,4,0,11,10,8,
18,9,6,1,7,3,4,0,11,10,8,
17,9,5,1,7,3,4,0,11,10,8,
19,9,5,1,7,3,4,0,11,10,8,
17,9,6,1,7,3,4,0,11,10,8,
18,9,6,1,7,3,4,0,11,10,8,
20,12,6,1,10,3,4,0,14,13,11,
18,9,6,1,7,3,4,0,11,10,8,
37,9,6,1,30,3,4,0,11,10,8,
18,9,6,1,7,3,4,0,11,10,8,
20,9,6,1,7,3,4,0,11,10,8,
18,9,6,1,7,3,4,0,11,10,8,
18,9,6,1,7,3,4,0,11,10,8,
18,9,6,1,7,3,4,0,11,10,8,
20,12,8,4,9,6,6,0,13,13,11,
18,9,6,1,7,3,4,0,11,10,8,
18,9,6,1,7,3,4,0,11,10,8,
20,12,6,1,10,3,4,0,14,13,11,
18,9,6,1,7,3,4,0,11,10,8,
19,10,7,1,8,4,5,0,12,11,9,
18,9,6,1,7,3,4,0,11,10,8,
18,8,5,0,6,2,3,0,10,9,7,
18,9,6,2,7,3,4,0,11,10,8,
18,9,6,2,7,3,4,0,11,10,8,
18,9,6,2,7,3,4,0,11,10,8,
41,12,9,4,10,6,7,0,14,13,34,
18,9,6,2,7,3,4,0,11,10,8,
18,9,6,2,7,3,4,0,11,10,8,
18,9,6,2,7,3,4,0,11,10,8,
19,9,6,1,7,3,4,0,11,10,8,
18,9,6,2,7,3,4,0,11,10,8,
21,9,6,2,7,3,4,0,11,10,8,
21,12,9,2,10,3,7,0,14,13,11,
18,9,6,2,7,3,4,0,11,10,8,
18,9,6,2,7,3,4,0,11,10,8,
18,9,6,2,7,3,4,0,11,10,8,
18,9,6,2,7,3,4,0,11,10,8,
18,9,6,2,7,3,4,0,11,10,8,
18,9,6,2,7,3,4,0,11,10,8,
21,9,6,2,7,3,4,0,11,10,8,
18,8,5,1,6,3,3,0,10,9,7,
18,9,6,2,7,3,4,0,11,10,8,
18,9,6,2,7,4,5,0,11,11,8,
18,10,6,2,8,4,5,0,12,11,9,
18,10,5,1,7,3,4,0,11,10,10,
18,9,6,1,7,3,4,0,11,10,8,
29,8,4,0,6,2,3,21,10,9,7,
18,9,6,1,7,3,4,0,11,10,8,
17,9,5,1,7,3,4,0,11,10,8,
17,9,5,1,7,3,4,0,11,10,8,
17,9,5,1,7,3,4,0,10,10,8,
19,9,5,1,7,3,4,0,11,10,8,
19,11,8,1,9,3,4,0,13,12,10,
17,9,5,1,7,3,4,0,11,10,8,
17,9,6,1,7,3,4,0,11,10,8,
39,9,6,1,7,3,4,0,32,10,8,
18,9,6,1,7,3,4,0,11,10,8,
17,9,6,1,7,3,4,0,11,10,8,
18,9,6,1,7,3,4,0,11,10,8,
18,9,6,1,7,3,4,0,11,10,8,
20,9,6,1,7,3,4,0,11,10,8,
18,9,6,1,7,3,4,0,11,10,8,
18,9,6,1,7,3,4,0,11,10,8,
41,10,6,1,8,3,4,0,12,34,9,
18,9,6,1,7,3,4,0,11,10,8,
17,9,6,1,7,3,4,0,11,10,8,
17,9,6,1,7,3,4,0,11,10,8,
17,9,6,1,7,3,4,0,11,10,8,
17,9,5,1,7,3,4,0,10,10,8,
18,9,6,2,7,3,4,0,11,10,8,
18,9,6,1,7,3,4,0,11,10,8,
18,9,6,1,7,3,4,0,11,10,8,
18,9,6,1,7,3,4,0,11,10,8,
18,9,6,2,7,3,4,0,11,10,8,
21,12,6,2,10,3,4,0,14,13,11,
18,9,6,2,7,3,4,0,11,10,8,
22,13,8,2,9,5,6,0,15,14,10,
18,9,6,2,7,3,4,0,11,10,8,
18,7,4,0,5,1,2,0,9,8,6,
18,9,6,2,7,3,4,0,11,10,8,
18,9,6,2,7,3,4,0,11,10,8,
19,9,5,1,7,3,4,0,10,10,8,
21,12,9,4,10,6,7,0,14,14,11,
18,9,6,2,7,3,4,0,11,10,8,
18,9,6,2,7,3,4,0,11,10,8,
18,9,6,2,7,3,4,0,11,10,8,
18,9,6,2,7,3,4,0,11,10,8,
18,9,6,1,7,3,4,0,11,10,8,
18,9,6,2,7,4,4,0,11,10,8,
21,9,6,2,7,4,4,0,14,10,8,
21,12,9,2,10,6,7,0,14,13,11,
18,9,6,2,7,3,4,0,11,10,8,
18,9,6,2,7,3,4,0,11,10,8,
19,11,6,2,7,4,4,0,12,12,9,
18,9,6,2,7,4,4,0,11,10,8,
17,8,5,1,6,3,3,0,10,9,7,
17,9,5,1,7,3,4,0,10,10,8,
17,8,5,1,6,3,3,0,10,9,7,
17,8,5,1,6,3,3,0,10,9,7,
17,9,5,1,7,3,4,0,10,10,8,
17,9,5,1,7,3,4,0,10,10,8,
17,9,5,1,7,3,4,0,10,10,8,
18,11,5,1,7,3,4,0,11,11,8,
17,9,5,1,7,3,4,0,10,10,8,
17,9,5,1,7,3,4,0,10,10,8,
17,9,5,1,7,3,4,0,10,10,8,
17,9,6,1,7,3,4,0,11,10,8,
17,9,6,1,7,3,4,0,11,10,8,
17,9,6,1,7,3,4,0,11,10,8,
17,9,6,1,7,3,4,0,11,10,8,
17,9,6,1,7,3,4,0,11,10,8,
20,12,8,1,10,3,4,0,14,13,11,
17,9,6,1,7,3,4,0,11,10,8,
18,9,6,1,7,3,4,0,11,10,8,
18,9,6,1,7,3,4,0,11,10,8,
18,9,6,1,7,3,4,0,11,10,8,
20,9,6,1,7,3,4,0,11,10,8,
18,9,6,1,7,3,4,0,11,10,8,
18,9,6,1,7,3,4,0,11,10,8,
18,9,6,1,7,3,4,0,11,10,8,
20,12,8,4,10,6,7,0,13,13,11,
18,9,6,1,7,3,4,0,11,10,8,
18,9,6,1,7,3,4,0,11,10,8,
20,12,6,2,10,3,4,0,14,13,11,
20,9,6,2,7,3,4,0,13,10,8,
19,9,6,1,7,3,4,0,11,10,8,
18,9,6,2,7,3,4,0,11,10,8,
18,8,5,1,6,2,3,0,10,9,7,
18,11,6,2,7,3,4,0,11,11,8,
18,9,6,2,7,3,4,0,11,10,8,
18,9,6,2,7,3,4,0,11,10,8,
19,11,7,3,9,5,6,0,12,12,10,
18,9,6,2,7,3,4,0,11,10,8,
18,9,6,2,7,3,4,0,11,10,8,
18,9,6,2,7,3,4,0,11,10,8,
18,9,6,2,7,3,4,0,11,10,8,
18,10,6,2,8,4,5,0,11,11,9,
21,12,9,2,10,3,7,0,14,13,11,
20,10,6,2,8,4,5,0,13,11,9,
20,11,8,2,9,5,6,0,13,12,10,
18,10,6,2,8,4,5,0,11,11,9,
18,10,6,2,8,4,5,0,11,11,9,
20,11,6,2,9,4,5,0,13,12,10,
18,10,6,2,8,4,5,0,11,11,9,
18,10,7,2,8,4,5,0,12,11,9,
18,10,6,2,8,4,5,0,11,11,9,
21,10,6,2,7,4,4,0,11,10,8,
18,9,5,1,7,3,4,0,10,10,8,
17,9,5,1,7,3,4,0,10,10,8,
17,9,5,1,7,3,4,0,10,10,8,
17,9,5,1,7,3,4,0,10,10,8,
17,10,5,1,7,3,4,0,11,10,10,
17,9,5,1,7,3,4,0,11,10,8,
17,9,5,1,7,3,4,0,11,10,8,
17,9,6,1,7,3,4,0,11,10,8,
17,9,5,1,7,3,4,0,11,10,8,
17,9,6,1,7,3,4,0,11,10,8,
17,9,6,1,7,3,4,0,11,10,8,
17,9,6,1,7,3,4,0,11,10,8,
20,9,6,2,7,3,4,0,11,10,8,
20,12,8,1,10,3,4,0,13,13,11,
17,9,6,1,7,3,4,0,11,10,8,
17,9,6,1,7,3,4,0,11,10,8,
17,9,6,1,7,3,4,0,11,10,8,
24,9,6,2,7,3,4,0,11,10,8,
18,9,6,1,7,3,4,0,11,10,8,
20,9,6,1,7,3,4,0,14,13,8,
17,9,6,1,7,3,4,0,11,10,8,
18,9,6,1,7,3,4,0,11,10,8,
18,9,6,1,7,3,4,0,11,10,8,
20,11,8,1,9,3,4,0,13,12,10,
19,9,6,2,7,3,4,0,11,10,8,
19,11,8,1,9,3,4,0,13,12,10,
18,9,6,1,7,3,4,0,11,10,8,
18,9,6,2,7,3,4,0,11,10,8,
18,9,6,1,7,3,4,0,12,10,8,
18,9,6,2,7,3,4,0,11,10,8,
18,9,6,2,7,3,4,0,11,10,8,
18,9,6,2,7,3,4,0,11,10,8,
18,9,6,2,7,3,4,0,11,10,8,
18,9,6,2,7,3,4,0,11,10,8,
18,9,6,2,7,3,4,0,11,10,8,
18,9,6,2,7,3,4,0,11,10,8,
21,9,6,2,7,3,4,0,11,10,8,
21,12,9,2,10,4,5,0,14,13,11,
18,10,6,2,8,4,5,0,11,10,9,
18,10,6,2,7,4,5,0,11,11,9,
18,9,6,2,7,4,4,0,11,10,8,
18,9,6,2,7,4,4,0,11,10,8,
20,10,6,2,8,4,4,0,11,11,9,
18,9,6,2,7,3,4,0,11,10,8,
18,9,6,2,7,4,4,0,11,10,8,
18,10,6,2,8,3,4,0,11,11,9,
21,9,6,2,7,3,4,0,11,10,8,
18,9,5,1,7,3,4,0,10,10,8,
18,9,6,1,7,3,5,0,11,10,8,
20,12,7,2,10,4,5,0,14,13,11,
18,9,5,1,7,3,4,0,11,10,8,
18,9,6,1,7,3,4,0,11,10,8,
17,9,6,1,7,3,4,0,11,10,8,
17,9,6,1,7,3,4,0,11,10,8,
17,9,6,1,7,3,4,0,11,10,8,
20,9,6,1,7,3,4,0,11,10,8,
18,9,6,1,7,3,4,0,11,10,8,
17,9,6,1,7,3,4,0,11,10,8,
17,9,6,1,7,3,4,0,11,10,8,
17,9,6,1,7,3,4,0,11,10,8,
17,9,6,1,7,3,4,0,11,10,8,
20,12,6,1,7,3,4,0,13,13,8,
18,9,6,1,7,3,4,0,11,10,8,
20,12,8,1,10,6,7,0,13,13,11,
18,9,6,1,7,3,4,0,11,10,8,
18,9,6,3,7,3,4,0,11,10,8,
18,9,6,1,7,3,4,0,11,10,8,
18,9,6,1,7,3,4,0,11,10,8,
20,9,6,1,7,3,4,0,13,12,8,
19,9,6,1,7,3,4,0,11,10,8,
18,9,6,1,7,3,4,0,11,10,8,
18,8,5,1,6,2,3,0,10,9,7,
19,11,6,2,7,3,4,0,11,11,8,
17,9,6,1,7,3,4,0,11,10,8,
20,9,6,1,7,3,4,0,11,10,8,
18,9,6,1,7,3,4,0,11,10,8,
18,9,6,1,7,3,4,0,11,10,8,
18,9,6,1,9,3,4,0,11,10,9,
18,9,6,1,7,3,4,0,11,10,8,
18,9,6,1,7,3,4,0,11,10,8,
21,9,6,2,7,3,4,0,14,13,8,
18,9,6,2,7,3,4,0,11,10,8,
18,9,6,2,7,3,4,0,11,10,8,
18,9,6,2,7,3,4,0,11,10,8,
18,9,6,2,7,3,4,0,11,10,8,
18,9,6,2,7,3,4,0,11,10,8,
20,11,6,2,9,3,4,0,13,12,10,
18,9,6,2,7,3,4,0,11,10,8,
18,9,6,2,7,3,4,0,11,10,8,
20,9,6,2,7,3,4,0,13,13,8,
18,9,6,2,7,3,4,0,11,10,8,
18,9,6,2,7,3,4,0,11,10,8,
18,9,6,2,7,3,4,0,11,10,8,
18,9,6,2,7,3,4,0,11,10,8,
18,9,6,2,7,3,4,0,11,10,8,
19,9,6,2,7,3,4,0,11,10,8,
18,9,6,2,7,3,4,0,11,10,8,
18,9,6,2,7,3,4,0,11,10,8,
18,9,6,2,7,3,4,0,11,10,8,
18,9,6,2,7,3,4,0,11,10,8,
18,8,5,1,6,3,3,0,10,9,7,
18,9,6,2,7,3,4,0,11,10,8,
18,9,5,1,7,3,4,0,11,10,8,
18,9,5,1,7,3,3,0,11,10,8,
18,9,5,1,7,3,4,0,11,10,8,
19,9,5,1,7,3,4,0,12,10,8,
17,9,6,2,7,3,4,0,11,10,8,
17,9,6,1,7,3,4,0,11,10,8,
17,9,5,1,7,3,4,0,11,10,8,
17,9,6,1,7,3,4,0,11,10,8,
20,12,6,1,10,3,4,0,13,12,11,
17,9,6,1,7,3,4,0,11,10,8,
19,10,7,1,8,5,5,0,12,11,9,
17,9,6,1,7,3,4,0,11,10,8,
17,7,4,0,5,1,2,0,9,8,6,
19,9,6,1,7,3,4,0,11,10,8,
17,9,6,1,7,3,4,0,11,10,8,
17,9,6,1,7,3,4,0,11,10,8,
19,10,7,1,8,3,4,0,12,11,9,
17,9,6,1,7,3,4,0,11,10,8,
17,9,6,1,7,3,4,0,11,10,8,
18,9,6,1,7,3,4,0,11,10,8,
18,9,6,1,7,3,4,0,11,10,8,
20,9,6,2,7,3,4,0,11,10,8,
18,9,6,2,7,3,5,0,11,10,8,
18,9,6,1,7,3,4,0,11,10,8,
18,9,8,2,8,3,4,0,11,10,8,
18,9,6,2,7,3,4,0,11,10,8,
18,9,6,2,7,3,4,0,11,10,8,
20,12,6,2,7,3,4,0,14,13,8,
18,9,6,2,7,3,4,0,11,10,8,
18,9,6,2,7,3,4,0,11,10,8,
18,9,6,2,7,3,4,0,11,10,8,
18,9,6,2,7,3,4,0,11,10,8,
18,9,6,2,7,3,4,0,11,10,8,
18,9,6,2,7,3,4,0,11,10,8,
18,9,6,2,7,3,4,0,11,10,8,
18,9,6,2,7,3,4,0,11,10,8,
19,12,6,2,7,3,4,0,12,12,8,
18,9,6,2,7,3,4,0,11,10,8,
18,9,6,2,7,3,4,0,11,10,8,
18,9,6,2,7,3,4,0,11,10,8,
18,9,6,2,7,3,4,0,11,10,8,
18,9,6,2,7,3,4,0,11,10,8,
18,9,6,2,7,3,4,0,11,10,8,
18,9,6,2,7,3,4,0,11,10,8,
18,9,6,2,7,3,4,0,11,10,8,
21,12,9,2,10,3,4,0,14,13,11,
18,9,6,2,7,3,4,0,11,10,8,
18,9,6,2,7,3,4,0,11,10,8,
18,9,6,2,7,3,4,0,11,10,8,
18,9,5,1,6,3,3,0,10,10,8,
21,9,6,1,7,3,4,0,11,10,8,
18,9,5,1,7,3,4,0,11,10,8,
18,9,5,1,6,3,3,0,10,10,7,
18,9,5,1,7,3,3,0,10,9,8,
20,11,8,4,9,5,6,0,13,12,10,
17,8,5,1,6,3,3,0,10,9,7,
17,9,5,1,7,3,4,0,10,10,8,
20,11,5,1,9,3,4,0,13,12,10,
17,8,5,1,6,3,3,0,10,9,7,
18,9,6,1,7,3,4,0,11,10,8,
17,9,6,1,7,3,4,0,11,10,8,
17,8,4,0,6,2,3,0,10,9,7,
17,8,5,0,6,2,3,0,10,9,7,
18,9,6,2,7,3,4,0,11,10,8,
17,9,6,1,7,3,4,0,11,10,8,
20,12,8,4,10,6,7,0,13,13,11,
17,9,6,1,7,3,4,0,11,10,8,
17,9,6,1,7,3,4,0,11,10,8,
17,9,6,1,7,3,4,0,11,10,8,
18,9,6,1,7,3,4,0,11,10,8,
19,9,5,1,7,3,4,0,10,10,8,
18,9,6,1,7,3,4,0,11,10,8,
20,9,6,1,7,3,4,0,13,10,8,
20,11,8,1,9,5,6,0,13,12,10,
18,9,6,1,7,3,4,0,11,10,8,
18,9,6,1,7,3,4,0,11,10,8,
18,9,6,1,7,3,4,0,11,10,8,
17,9,6,1,7,3,4,0,11,10,8,
18,9,6,1,7,3,4,0,11,10,8,
18,9,6,2,7,3,4,0,11,10,8,
19,9,6,2,7,3,4,0,11,10,8,
18,9,6,2,7,3,4,0,11,10,8,
21,9,6,2,7,3,4,0,11,10,8,
18,9,6,2,7,3,4,0,11,10,8,
18,9,6,2,7,3,4,0,11,10,8,
18,9,9,2,9,3,4,0,11,10,9,
18,9,6,2,7,3,4,0,11,10,8,
18,9,6,2,7,3,4,0,11,10,8,
21,12,6,2,7,3,4,0,14,13,8,
18,9,6,2,7,3,4,0,11,10,8,
18,9,6,2,7,3,4,0,11,10,8,
18,9,6,2,7,3,4,0,11,10,8,
18,9,6,2,7,3,4,0,11,10,8,
19,9,6,2,7,3,4,0,11,10,8,
19,10,7,3,8,4,5,0,12,11,9,
18,9,6,2,7,3,4,0,11,10,8,
18,9,6,2,7,3,4,0,11,10,8,
18,9,6,2,7,3,4,0,11,10,8,
19,10,7,2,8,4,5,0,12,11,9,
18,10,6,2,8,4,5,0,12,11,9,
18,9,5,1,6,2,4,0,10,9,7,
18,9,6,2,7,3,4,0,11,10,8,
18,9,6,2,7,4,4,0,11,10,8,
21,9,6,2,7,3,4,0,11,10,8,
18,9,5,1,6,3,3,0,10,10,8,
18,8,5,1,6,3,3,0,10,9,7,
20,9,5,1,7,3,4,0,10,10,8,
40,9,6,2,7,3,4,0,11,10,8,
17,9,5,1,6,3,3,0,10,9,8,
17,9,5,1,7,3,4,0,10,9,8,
19,8,5,1,6,3,3,0,12,9,7,
18,9,6,2,7,3,4,0,11,10,8,
17,9,5,1,7,3,4,0,10,10,8,
17,9,5,1,7,3,4,0,11,10,8,
17,9,5,1,7,3,4,0,11,10,8,
17,9,6,1,7,3,4,0,11,10,8,
17,9,5,1,7,3,4,0,11,10,8,
20,12,6,1,10,3,4,0,13,13,11,
17,9,6,1,7,3,4,0,11,10,8,
19,10,7,1,8,4,5,0,12,11,9,
19,9,5,1,7,3,4,0,11,10,8,
19,7,4,0,5,1,2,0,10,8,6,
18,9,6,1,7,3,4,0,11,10,8,
17,9,6,1,7,3,4,0,11,10,8,
18,9,6,1,7,3,4,0,11,10,8,
20,12,9,1,10,6,7,0,14,13,11,
17,9,6,1,7,3,4,0,11,10,8,
17,9,6,1,7,3,4,0,11,10,8,
18,9,6,1,7,3,4,0,11,10,8,
18,9,6,1,7,3,4,0,11,10,8,
19,9,6,2,7,3,4,0,11,10,8,
18,9,6,2,7,3,4,0,11,10,8,
21,9,6,2,7,3,4,0,14,10,8,
21,12,9,2,10,3,7,0,14,13,11,
18,9,6,2,7,3,4,0,11,10,8,
18,9,6,2,7,3,4,0,11,10,8,
20,11,6,2,7,3,4,0,13,12,8,
18,9,6,2,7,3,4,0,11,10,8,
18,9,6,2,7,3,4,0,11,10,8,
18,9,6,2,7,3,4,0,11,10,8,
18,9,6,2,7,3,4,0,11,10,8,
18,9,6,2,7,3,4,0,11,10,8,
18,9,6,2,7,3,4,0,11,10,8,
18,9,6,2,7,3,4,0,11,10,8,
19,9,6,1,7,3,4,0,11,10,8,
20,12,6,1,7,3,4,0,12,12,8,
18,10,6,2,8,4,5,0,12,11,9,
18,10,6,2,7,4,4,0,11,10,8,
20,9,6,2,7,3,4,0,13,12,8,
19,9,6,1,7,3,4,0,11,10,8,
18,9,6,2,7,3,4,0,11,10,8,
19,8,5,1,6,3,3,0,10,9,7,
18,10,5,1,6,3,3,0,10,10,7,
18,9,5,1,7,3,4,0,10,10,8,
18,9,5,1,7,3,4,0,10,10,8,
18,9,6,1,7,3,4,0,11,10,8,
18,9,5,1,7,3,4,0,11,10,8,
18,9,6,1,7,3,4,0,11,10,8,
18,9,5,1,7,3,4,0,10,10,8,
21,9,6,1,7,3,4,0,11,10,8,
18,9,6,2,7,3,4,0,11,10,8,
17,9,6,1,7,3,4,0,11,10,8,
17,9,6,1,7,3,4,0,11,10,8,
17,9,6,1,7,3,4,0,11,10,8,
17,9,6,1,7,3,4,0,11,10,8,
17,9,6,1,7,3,4,0,11,10,8,
22,14,6,1,12,3,4,0,16,15,13,
17,9,6,1,7,3,4,0,11,10,8,
19,10,7,1,8,4,5,0,12,11,9,
18,9,6,1,7,3,4,0,11,10,8,
18,7,4,0,5,1,2,0,9,8,6,
17,9,6,1,7,3,4,0,11,10,8,
18,9,6,1,7,3,4,0,11,10,8,
18,9,6,1,7,3,4,0,11,10,8,
20,12,8,1,10,6,7,0,13,13,11,
18,9,6,2,7,3,4,0,11,10,8,
18,9,6,2,7,3,4,0,11,10,8,
18,9,6,2,7,3,4,0,11,10,8,
18,9,6,2,7,3,4,0,11,10,8,
18,9,6,2,7,3,4,0,11,10,8,
18,9,6,2,7,3,4,0,11,10,8,
20,9,6,2,7,3,4,0,14,10,8,
20,12,9,2,10,6,7,0,14,13,11,
18,9,6,2,7,3,4,0,11,10,8,
18,9,6,2,7,3,4,0,11,10,8,
19,10,6,2,7,3,4,0,12,11,8,
18,9,6,2,7,3,4,0,11,10,8,
18,9,6,2,7,3,4,0,11,10,8,
18,9,6,2,7,3,4,0,11,10,8,
18,9,6,2,7,3,4,0,11,10,8,
18,9,6,2,7,3,4,0,11,10,8,
18,9,6,2,7,3,4,0,11,10,8,
18,9,6,2,7,3,4,0,11,10,8,
18,9,6,2,7,3,4,0,11,10,8,
18,12,6,2,7,3,4,0,12,12,8,
18,9,6,2,7,3,4,0,11,10,8,
18,9,6,2,7,3,4,0,11,10,8,
18,9,6,2,7,3,4,0,11,10,8,
20,12,8,2,10,3,7,0,13,13,11,
18,8,5,1,6,2,3,0,10,9,7,
19,9,6,1,7,3,4,0,11,10,8,
18,9,5,1,6,3,3,0,10,9,8,
18,9,6,2,7,3,4,0,11,10,8,
21,11,8,1,9,3,3,0,13,12,10,
18,9,5,1,7,3,4,0,10,10,8,
21,9,6,1,7,3,4,0,11,10,8,
18,9,5,1,7,3,4,0,10,10,8,
18,9,5,1,7,3,4,0,10,10,8,
20,9,5,1,7,3,4,0,10,10,8,
18,9,5,1,7,3,4,0,11,10,8,
18,9,6,1,7,3,4,0,11,10,8,
18,9,5,1,7,3,4,0,11,10,8,
18,9,6,1,7,3,4,0,11,10,8,
18,9,6,1,7,3,4,0,11,10,8,
17,9,6,1,7,3,4,0,11,10,8,
20,12,6,1,10,3,4,0,13,13,11,
17,9,6,1,7,3,4,0,11,10,8,
18,9,6,1,7,3,4,0,11,10,8,
17,9,6,1,7,3,4,0,11,10,8,
17,9,6,1,7,3,4,0,11,10,8,
17,9,6,1,7,3,4,0,11,10,8,
17,9,6,1,7,3,4,0,11,10,8,
17,9,6,1,7,3,4,0,11,10,8,
20,12,9,4,10,6,7,0,14,13,11,
17,9,6,1,7,3,4,0,11,10,8,
17,9,6,1,7,3,4,0,11,10,8,
18,9,6,1,7,3,4,0,11,10,8,
18,9,6,1,7,3,4,0,11,10,8,
18,9,6,2,7,3,4,0,11,10,8,
20,12,8,1,9,3,6,0,13,12,10,
20,9,6,2,7,3,4,0,13,10,8,
19,11,8,4,9,5,6,0,13,12,10,
18,9,6,2,7,3,4,0,11,10,8,
18,9,6,2,7,3,4,0,11,10,8,
18,9,6,2,7,3,4,0,11,10,8,
18,9,6,2,7,3,4,0,11,10,8,
18,9,6,2,7,3,4,0,11,10,8,
18,9,6,2,7,3,4,0,11,10,8,
21,9,6,2,7,3,4,0,11,10,8,
18,9,6,2,7,3,4,0,11,10,8,
18,9,6,2,7,3,4,0,11,10,8,
18,9,6,2,7,3,4,0,11,10,8,
18,9,6,2,7,3,4,0,11,10,8,
18,11,6,2,7,3,4,0,11,11,11,
18,8,5,1,6,2,3,0,10,9,7,
18,9,6,2,7,3,4,0,11,10,8,
18,9,6,2,7,3,4,0,11,10,8,
18,9,6,2,7,3,4,0,11,10,8,
18,9,6,2,7,3,4,0,11,10,8,
18,9,6,2,7,3,4,0,11,10,8,
18,9,6,2,7,3,4,0,11,10,8,
21,9,6,2,7,3,4,0,11,10,8,
21,12,9,2,10,3,4,0,14,13,11,
18,8,5,1,6,3,3,0,10,9,7,
18,9,6,2,7,3,4,0,11,10,8,
18,9,6,2,7,3,4,0,11,10,8,
19,10,6,2,7,3,4,0,11,11,8,
18,9,5,1,7,3,4,0,10,10,8,
18,9,5,1,7,3,4,0,10,10,8,
18,9,5,1,7,3,4,0,10,10,8,
18,9,5,1,7,3,4,0,10,10,8,
21,9,6,2,7,3,4,0,11,10,8,
18,9,6,1,7,3,4,0,11,10,8,
18,9,6,1,7,3,4,0,11,10,8,
19,9,6,1,7,3,4,0,11,10,8,
18,9,6,1,7,3,4,0,11,10,8,
18,9,6,1,7,3,4,0,11,10,8,
17,9,6,1,7,3,4,0,11,10,8,
17,9,6,1,7,3,4,0,11,10,8,
18,9,6,1,7,3,4,0,11,10,8,
18,9,6,2,7,3,4,0,11,10,8,
17,9,6,1,7,3,4,0,11,10,8,
17,9,6,1,7,3,4,0,11,10,8,
17,9,6,1,7,3,4,0,11,10,8,
17,9,6,1,7,3,4,0,11,10,8,
17,9,6,1,7,3,4,0,11,10,8,
20,12,6,1,10,3,4,0,14,13,11,
18,9,6,1,7,3,4,0,11,10,8,
18,9,6,1,7,3,4,0,11,10,8,
18,9,6,2,7,3,4,0,11,10,8,
18,9,6,1,7,3,4,0,11,10,8,
18,9,6,2,7,3,4,0,11,10,8,
18,9,6,2,7,3,4,0,11,10,8,
18,9,6,2,7,3,4,0,11,10,8,
18,9,6,2,7,3,4,0,11,10,8,
20,9,6,2,7,3,4,0,13,12,8,
18,9,6,1,7,3,4,0,11,10,8,
18,9,6,2,7,3,4,0,11,10,8,
21,12,6,2,10,3,4,0,14,13,11,
18,11,6,2,7,3,4,0,11,11,8,
20,11,8,2,9,5,6,0,13,12,10,
18,9,6,2,7,3,4,0,11,10,8,
18,7,4,0,5,1,2,0,9,8,6,
18,9,6,2,7,3,4,0,11,10,8,
18,9,6,2,7,3,4,0,11,10,8,
18,9,6,2,7,3,4,0,11,10,8,
18,9,6,2,7,3,4,0,11,10,8,
18,9,6,2,7,3,4,0,11,10,8,
18,9,6,2,7,3,4,0,11,10,8,
19,9,6,2,7,3,4,0,11,10,8,
18,9,6,2,7,3,4,0,11,10,8,
21,9,6,2,7,3,4,0,11,10,8,
18,9,6,2,7,3,4,0,11,10,8,
18,9,6,2,7,3,4,0,11,10,8,
18,8,8,1,7,3,3,0,10,9,7,
18,9,6,2,7,3,4,0,11,10,8,
18,9,5,1,7,3,4,0,10,10,8,
21,11,5,1,6,2,3,0,13,12,7,
18,9,5,1,7,3,4,0,11,10,8,
18,9,5,1,9,3,4,0,10,10,8,
18,9,6,1,7,3,4,0,11,10,8,
18,9,5,1,7,3,4,0,10,10,8,
19,9,6,2,7,3,4,0,11,10,8,
19,9,6,1,7,3,4,0,11,10,8,
18,9,5,1,7,3,4,0,10,10,8,
18,9,6,1,7,3,4,0,11,10,8,
21,9,5,1,7,3,4,0,13,10,8,
18,9,6,1,7,3,4,0,11,10,8,
18,9,6,1,7,3,4,0,11,10,8,
17,9,6,1,7,3,4,0,11,10,8,
18,9,6,1,7,3,4,0,11,10,8,
17,9,6,1,7,3,4,0,11,10,8,
20,9,5,1,7,3,4,0,10,10,8,
17,9,6,1,7,3,4,0,11,10,8,
18,9,6,1,7,3,4,0,11,10,8,
18,9,6,1,7,3,4,0,11,10,8,
17,9,6,1,7,3,4,0,11,10,8,
17,9,6,1,7,3,4,0,11,10,8,
17,9,6,1,7,3,4,0,11,10,8,
18,9,6,2,7,3,4,0,11,10,8,
20,9,6,1,7,3,4,0,11,10,8,
18,9,6,1,7,3,4,0,11,10,8,
18,9,6,1,7,3,4,0,11,10,8,
18,9,6,1,7,3,4,0,11,10,8,
18,9,6,1,7,3,4,0,11,10,8,
20,11,8,2,9,3,6,0,13,12,10,
18,9,6,2,7,3,4,0,11,10,8,
20,12,6,2,10,3,4,0,14,13,11,
18,9,6,2,7,3,4,0,11,10,8,
18,10,7,2,8,4,5,0,12,11,9,
18,9,6,2,7,3,4,0,11,10,8,
18,8,5,1,6,2,3,0,10,9,7,
18,9,6,2,7,3,4,0,11,10,8,
18,9,6,2,7,3,4,0,11,10,8,
18,9,6,2,7,3,4,0,11,10,8,
22,14,11,5,12,8,9,0,16,15,13,
18,9,6,2,7,3,4,0,11,10,8,
18,9,6,2,7,3,4,0,11,10,8,
18,9,6,2,7,3,4,0,11,10,8,
18,9,6,2,7,3,4,0,11,10,8,
20,9,6,2,7,3,4,0,11,10,8,
18,9,6,2,7,3,4,0,11,10,8,
18,9,6,2,7,3,4,0,11,10,8,
21,12,9,2,10,3,7,0,14,13,11,
18,9,6,2,7,3,4,0,11,10,8,
18,9,6,2,7,3,4,0,11,10,8,
20,11,5,1,7,3,4,0,13,12,8,
18,9,5,1,7,2,3,0,10,9,8,
18,8,5,1,6,3,3,0,10,9,7,
18,9,5,1,7,3,4,0,10,9,8,
18,9,5,1,7,3,4,0,10,10,8,
18,9,5,1,7,3,4,0,11,10,8,
18,9,5,1,7,3,4,0,10,10,8,
18,9,5,1,7,3,4,0,10,10,8,
18,9,5,1,7,3,4,0,10,10,8,
20,9,6,1,7,3,4,0,12,12,8,
18,9,6,1,7,3,4,0,11,10,8,
18,9,6,1,7,3,4,0,11,10,8,
18,9,6,1,7,3,4,0,11,10,8,
18,9,6,1,7,3,4,0,11,10,8,
18,9,5,1,7,3,4,0,11,10,8,
19,9,6,1,7,3,4,0,11,10,8,
17,9,6,1,7,3,4,0,11,10,8,
17,9,6,1,7,3,4,0,11,10,8,
17,9,6,1,7,3,4,0,11,10,8,
17,9,6,1,7,3,4,0,11,10,8,
17,9,6,1,7,3,4,0,11,10,8,
18,9,6,1,7,3,4,0,11,10,8,
17,9,6,1,7,3,4,0,11,10,8,
20,9,6,1,7,3,4,0,11,10,8,
18,9,6,1,7,3,4,0,11,10,8,
18,7,4,0,5,1,2,0,9,8,6,
18,9,6,1,7,3,4,0,11,10,8,
17,9,6,1,7,3,4,0,11,10,8,
18,9,6,2,7,3,4,0,11,10,8,
18,9,6,1,7,3,4,0,11,10,8,
20,12,6,2,10,3,4,0,14,13,11,
18,9,6,2,7,3,4,0,11,10,8,
18,10,7,2,8,4,5,0,12,11,9,
18,9,6,2,7,3,4,0,11,10,8,
18,8,5,1,6,2,3,0,10,9,7,
18,9,6,2,7,3,4,0,11,10,8,
18,9,6,2,7,3,4,0,11,10,8,
18,9,6,2,7,3,4,0,11,10,8,
18,9,6,2,7,3,4,0,11,10,8,
18,9,6,2,7,3,4,0,11,10,8,
18,9,6,2,7,3,4,0,11,10,8,
18,9,6,2,7,3,4,0,11,10,8,
21,12,6,2,10,3,4,0,14,13,11,
18,9,6,2,7,3,4,0,11,10,8,
19,11,8,2,9,5,6,0,13,12,10,
18,9,6,2,7,3,4,0,11,10,8,
18,7,4,0,5,1,2,0,9,8,6,
18,9,6,2,7,3,4,0,11,10,8,
18,9,6,2,7,3,4,0,11,10,8,
18,8,5,1,6,3,3,0,10,9,7,
18,9,6,2,7,3,4,0,11,10,8,
18,8,5,1,6,3,3,0,10,9,7,
18,9,6,2,7,3,4,0,11,10,8,
18,9,5,1,6,3,3,0,10,9,7,
18,9,5,1,7,3,3,0,10,9,8,
20,9,6,1,7,3,4,0,11,10,8,
18,9,5,1,7,3,4,0,10,10,7,
18,9,5,1,7,3,4,0,10,10,8,
18,9,7,1,7,3,4,0,10,10,8,
18,9,5,1,7,3,4,0,10,10,8,
18,9,5,1,7,3,4,0,10,10,8,
21,11,5,1,7,3,4,0,13,12,8,
18,9,5,1,7,3,4,0,11,10,8,
18,9,6,1,7,3,4,0,11,10,8,
18,9,6,1,7,3,4,0,11,10,8,
18,9,5,1,7,3,4,0,10,10,8,
18,9,6,1,7,3,4,0,11,10,8,
18,10,6,1,8,3,4,0,11,10,9,
17,9,6,1,7,3,4,0,11,10,8,
19,9,6,1,7,3,4,0,11,10,8,
18,11,6,1,7,3,4,0,11,11,8,
17,9,6,1,7,3,4,0,11,10,8,
18,9,6,1,7,3,4,0,11,10,8,
17,9,6,1,7,3,4,0,11,10,8,
17,9,6,1,7,3,4,0,11,10,8,
18,9,6,1,7,3,4,0,11,10,8,
17,9,6,1,7,3,4,0,11,10,8,
17,9,6,1,7,3,4,0,11,10,8,
20,9,6,1,7,3,4,0,11,10,8,
20,11,9,1,9,3,4,0,13,12,10,
17,9,6,1,7,3,4,0,11,10,8,
17,9,6,1,7,3,4,0,11,10,8,
18,9,6,1,7,3,4,0,11,10,8,
18,9,6,2,7,3,4,0,11,10,8,
19,9,6,1,7,3,4,0,11,10,8,
18,9,6,2,7,3,4,0,11,10,8,
18,9,6,2,7,3,4,0,11,10,8,
18,9,6,2,7,3,4,0,11,10,8,
21,12,9,4,10,6,7,0,14,13,11,
18,9,6,2,7,3,4,0,11,10,8,
18,9,6,2,7,3,4,0,11,10,8,
20,11,6,2,9,3,4,0,13,12,10,
18,9,6,2,7,3,4,0,11,10,8,
18,9,6,2,7,3,4,0,11,10,8,
18,9,6,2,7,3,4,0,11,10,8,
18,9,6,2,7,3,4,0,11,10,8,
18,9,6,2,7,3,4,0,11,10,8,
19,10,6,2,7,3,4,0,12,11,8,
18,10,6,2,7,3,4,0,11,10,8,
18,10,6,2,7,3,4,0,11,10,8,
19,10,7,3,8,4,5,0,12,11,9,
18,9,6,2,7,3,4,0,11,10,8,
18,9,5,1,6,3,3,0,10,9,7,
20,12,6,2,7,3,4,0,14,13,11,
18,9,5,1,6,2,3,0,10,9,7,
20,11,7,1,9,5,6,0,12,12,10,
18,9,5,1,6,3,3,0,10,9,7,
18,7,3,0,5,0,2,0,8,8,6,
19,9,6,1,7,3,4,0,11,10,8,
18,9,5,1,7,3,4,0,10,9,8,
18,9,5,1,7,3,4,0,11,10,8,
18,9,5,1,7,3,4,0,10,9,8,
18,9,5,1,7,3,4,0,10,10,8,
18,9,6,1,7,3,4,0,11,10,8,
19,9,5,1,7,3,4,0,11,10,8,
19,9,6,1,7,3,4,0,11,10,8,
23,10,7,1,8,4,5,0,12,11,9,
18,9,6,1,7,3,4,0,11,10,8,
19,9,6,1,7,3,4,0,11,10,8,
18,9,7,1,7,3,4,0,11,10,8,
18,9,6,1,7,3,4,0,11,10,8,
17,9,6,1,7,3,4,0,11,10,8,
18,10,6,1,7,3,4,0,11,11,8,
18,9,6,1,7,3,4,0,11,10,8,
17,9,6,1,7,3,4,0,11,10,8,
17,9,6,1,7,3,4,0,11,10,8,
22,11,8,1,9,3,6,0,13,12,10,
18,9,6,1,7,3,4,0,11,10,8,
17,9,6,1,7,3,4,0,11,10,8,
18,9,6,1,7,3,4,0,11,10,8,
17,9,6,1,7,3,4,0,11,10,8,
19,9,6,1,7,3,4,0,12,12,8,
18,9,6,1,7,3,4,0,11,10,8,
18,9,6,1,7,3,4,0,11,10,8,
18,9,6,1,7,3,4,0,11,10,8,
18,9,6,2,7,3,4,0,11,10,8,
18,9,6,2,7,3,4,0,11,10,8,
19,9,5,1,6,3,4,0,10,9,8,
18,9,6,2,7,3,4,0,11,10,8,
18,9,6,2,7,3,4,0,11,10,8,
18,9,6,2,7,3,4,0,11,10,8,
18,9,6,2,7,3,4,0,11,10,8,
18,9,6,2,7,3,4,0,11,10,8,
18,9,6,2,7,3,4,0,11,10,8,
18,9,6,2,7,3,4,0,11,10,8,
18,9,6,2,7,3,4,0,11,10,8,
18,9,6,2,7,3,4,0,11,10,8,
18,9,6,2,7,3,4,0,11,10,8,
18,9,6,2,7,3,4,0,11,10,8,
18,9,6,2,7,3,4,0,11,10,8,
18,9,6,2,7,3,4,0,11,10,8,
18,9,6,2,7,3,4,0,11,10,8,
21,12,6,2,10,3,4,0,14,13,11,
18,9,6,2,7,3,4,0,11,10,8,
19,11,8,2,9,5,6,0,13,12,10,
18,9,6,2,7,3,4,0,11,10,8,
18,7,4,0,5,1,2,0,9,8,6,
18,9,6,2,7,3,4,0,11,10,8,
18,9,5,1,6,3,3,0,10,9,8,
18,9,5,1,7,3,4,0,10,10,8,
21,12,9,2,10,6,7,0,14,13,11,
18,9,5,1,7,3,4,0,10,9,8,
18,9,5,2,7,3,4,0,10,10,8,
18,9,6,2,7,4,4,0,11,10,8,
18,9,5,1,7,3,4,0,10,10,8,
21,8,5,1,6,3,3,0,10,9,7,
18,9,5,1,7,3,4,0,10,10,8,
18,9,5,1,7,3,4,0,10,10,8,
18,9,7,1,7,3,4,0,10,10,8,
18,9,5,1,7,3,4,0,10,10,8,
19,9,6,1,7,3,4,0,11,10,8,
20,10,5,1,7,3,4,0,12,11,8,
18,9,6,1,7,3,4,0,11,10,8,
18,9,6,1,7,3,4,0,11,10,8,
17,9,6,1,7,3,4,0,11,10,8,
20,9,6,1,7,3,4,0,11,10,8,
17,9,6,1,7,3,4,0,11,10,8,
17,9,6,1,7,3,4,0,11,10,8,
17,9,6,1,7,3,4,0,11,10,8,
17,9,6,1,7,3,4,0,11,10,8,
17,10,6,1,7,3,4,0,11,10,10,
17,9,6,1,7,3,4,0,11,10,8,
17,9,6,1,7,3,4,0,11,10,8,
18,9,6,1,7,3,4,0,11,10,8,
18,9,6,2,7,3,4,0,11,10,8,
18,9,6,1,7,3,4,0,11,10,8,
18,9,6,2,7,3,4,0,11,10,8,
18,9,6,1,7,3,4,0,11,10,8,
20,9,6,1,7,3,4,0,11,10,8,
20,12,9,2,10,3,4,0,14,13,11,
18,9,6,2,7,3,4,0,11,10,8,
18,9,6,2,7,3,4,0,11,10,8,
18,9,6,2,7,3,4,0,11,10,8,
18,9,6,2,7,3,4,0,11,10,8,
19,9,6,2,7,3,4,0,11,10,8,
18,9,6,2,7,3,4,0,11,10,8,
18,9,6,2,7,3,4,0,11,10,8,
18,9,6,2,7,3,4,0,11,10,8,
21,12,9,5,10,6,7,0,14,13,11,
18,9,6,2,7,3,4,0,11,10,8,
18,9,6,2,7,3,4,0,11,10,8,
19,11,6,2,9,3,4,0,13,12,10,
18,9,6,2,7,3,4,0,11,10,8,
18,9,6,2,7,3,4,0,11,10,8,
19,10,7,2,8,3,4,0,12,11,9,
18,9,6,2,7,4,4,0,11,10,8,
18,9,6,2,7,3,4,0,11,10,8,
18,8,5,1,6,3,3,0,10,9,7,
18,9,6,2,7,3,4,0,11,10,8,
18,9,6,2,7,3,4,0,11,10,8,
18,9,5,1,7,3,4,0,10,10,8,
20,8,5,1,6,3,3,0,12,9,7,
18,9,6,2,7,4,4,0,11,10,8,
21,11,5,1,6,3,4,0,13,12,10,
18,8,5,1,6,3,3,0,10,9,7,
20,10,7,1,8,4,5,0,12,11,9,
18,8,5,1,6,3,3,0,10,9,7,
18,6,3,0,4,1,1,0,8,7,5,
18,9,5,1,7,3,4,0,10,10,8,
18,9,6,1,7,3,4,0,11,10,8,
18,9,5,1,7,3,4,0,11,10,8,
25,15,9,4,11,6,7,0,17,16,14,
18,9,6,1,7,3,4,0,11,10,8,
19,9,6,1,7,3,4,0,11,10,8,
18,9,6,1,7,3,4,0,11,10,8,
18,9,6,1,7,3,4,0,11,10,8,
20,9,6,1,7,3,4,0,11,10,8,
