31,11,7,2,9,0,6,3,13,12,2,10,5,4,14,1,13,7,11,8,6,
25,11,6,1,9,0,5,3,14,14,2,10,4,3,14,1,14,6,10,9,5,
15,9,6,2,8,0,5,3,11,10,2,8,4,4,11,1,11,6,9,7,5,
16,10,7,2,8,0,5,3,11,11,3,9,5,4,12,1,12,6,9,8,6,
15,9,6,2,8,0,5,3,11,10,2,8,4,4,12,1,11,6,9,7,5,
15,9,6,2,7,0,5,3,11,10,2,8,4,4,12,1,11,6,9,7,5,
15,9,6,2,8,0,5,3,11,10,2,9,4,4,12,1,11,6,9,7,5,
15,9,6,1,7,0,5,2,10,9,2,8,4,3,11,1,10,5,8,7,5,
16,10,6,2,8,0,5,3,12,11,3,9,4,4,13,1,12,6,10,7,5,
15,9,6,2,8,0,5,3,11,10,3,8,4,4,12,1,11,6,9,7,5,
15,9,6,2,8,0,5,3,11,10,2,8,4,4,11,1,11,6,9,7,5,
16,10,7,2,8,0,5,3,11,10,2,9,4,4,12,1,11,6,9,8,6,
18,9,6,2,8,0,5,3,11,10,2,8,4,4,12,1,11,6,9,7,5,
16,10,6,2,8,0,5,3,11,11,2,9,4,4,12,1,12,6,9,7,5,
15,10,7,2,8,0,6,3,11,11,3,9,5,4,12,1,12,6,9,8,6,
15,9,6,2,8,0,5,3,11,10,3,8,4,4,11,1,11,6,9,7,5,
18,9,6,2,8,0,5,3,11,10,3,8,5,4,14,1,11,6,9,7,5,
15,10,6,2,8,0,8,3,11,10,3,9,4,4,12,1,11,6,9,8,5,
15,10,7,2,8,0,6,3,11,11,3,9,5,4,12,1,11,6,9,8,6,
15,9,6,2,8,0,5,3,11,10,3,9,4,4,12,1,11,6,9,7,6,
15,9,6,2,8,0,5,3,11,10,3,9,4,4,12,1,11,6,9,7,6,
18,9,6,2,8,0,5,3,11,10,3,9,4,4,12,1,11,6,9,7,6,
15,9,6,2,8,0,5,3,11,10,3,9,4,4,12,1,11,6,9,7,6,
15,9,6,2,8,0,5,3,11,10,3,9,4,4,12,1,11,6,9,7,5,
15,9,6,2,8,0,5,3,11,10,3,9,4,4,12,1,11,6,9,7,5,
18,9,6,1,7,0,5,2,12,10,2,8,4,3,13,1,13,5,8,7,5,
16,6,3,0,5,0,2,0,8,7,0,6,1,1,9,0,8,3,6,4,3,
15,9,6,2,8,0,5,3,11,10,3,9,4,4,12,1,11,6,9,7,6,
15,9,6,2,8,0,5,3,11,10,3,9,4,4,11,1,11,6,9,7,5,
15,9,7,2,8,0,5,3,11,10,3,9,4,4,12,1,11,6,9,7,6,
15,9,6,2,8,0,5,3,11,10,3,9,4,4,12,1,11,6,9,7,5,
15,9,6,1,7,0,5,2,10,10,2,8,4,3,11,1,11,5,8,7,5,
15,10,7,2,8,0,5,3,11,10,3,9,5,4,12,2,11,6,9,7,6,
15,9,6,2,8,0,5,3,11,10,3,9,4,4,12,1,11,6,9,7,6,
15,9,7,2,8,0,5,3,11,10,3,9,4,4,12,1,11,6,9,7,6,
18,12,9,2,11,0,8,6,14,13,3,11,7,7,14,2,14,9,12,10,8,
15,9,6,1,7,0,5,2,10,10,2,8,4,3,11,1,11,5,8,7,5,
15,9,6,1,7,0,5,2,10,10,2,8,4,3,11,1,11,5,8,7,5,
20,12,7,2,11,0,5,3,16,16,3,12,5,4,16,2,16,6,12,10,6,
15,10,7,2,8,0,6,3,11,10,3,9,5,4,12,2,11,6,9,8,6,
15,9,6,1,7,0,5,2,10,10,2,8,4,3,11,1,11,5,8,7,5,
18,10,7,2,8,0,5,3,11,10,3,9,5,4,15,2,14,6,9,7,6,
15,9,6,1,7,0,5,2,10,9,2,8,4,3,11,1,10,5,8,7,5,
16,9,5,1,7,0,4,2,10,9,2,8,3,3,11,1,11,5,8,6,5,
15,9,5,1,7,0,4,2,10,9,2,8,4,3,11,1,10,5,8,6,5,
15,9,5,1,7,0,4,2,10,9,2,8,4,3,11,1,10,5,8,7,5,
15,9,6,1,7,0,5,2,10,10,2,8,4,3,11,1,11,5,8,7,5,
15,9,6,1,7,0,5,2,10,10,2,8,4,3,11,1,11,5,8,7,5,
15,9,6,1,7,0,5,2,10,10,2,8,4,3,11,1,11,5,9,7,5,
15,9,6,1,7,0,5,2,10,10,2,8,4,3,11,1,11,5,8,7,5,
15,9,6,1,7,0,5,2,10,9,2,8,4,3,11,1,10,5,8,7,5,
18,12,9,1,10,0,5,2,13,12,2,11,4,3,14,1,13,8,11,10,5,
15,9,6,1,7,0,5,2,10,10,2,8,4,3,11,1,11,5,8,7,5,
16,9,6,1,8,0,5,2,11,10,2,8,4,3,11,1,11,6,9,7,5,
15,9,6,1,7,0,5,2,10,10,2,8,4,3,11,1,11,5,8,7,5,
15,9,6,1,7,0,5,2,10,9,2,8,4,3,11,1,10,5,8,7,5,
17,9,6,1,7,0,5,2,10,10,2,8,4,3,11,1,11,6,8,7,5,
15,9,6,1,7,0,5,3,10,10,2,8,4,3,11,1,11,6,8,7,5,
15,9,6,1,7,0,5,2,10,10,2,8,4,3,11,1,11,5,8,7,5,
18,11,8,4,10,0,7,5,13,12,5,11,6,6,14,1,13,8,11,9,8,
16,9,6,1,7,0,5,3,10,10,2,8,4,3,11,1,11,6,9,7,5,
15,9,6,2,8,0,5,3,11,10,2,8,4,4,11,1,11,6,9,7,5,
14,9,6,1,7,0,5,2,10,10,2,8,4,3,11,1,11,6,9,7,5,
18,10,6,1,9,0,5,3,14,14,2,9,4,3,14,1,14,6,10,8,5,
15,10,6,1,7,0,5,3,10,10,2,10,4,3,11,1,11,6,10,7,5,
14,9,6,1,7,0,5,3,10,10,2,8,4,3,11,1,11,5,8,7,5,
15,9,6,1,7,0,5,3,11,10,2,8,4,4,11,1,11,6,9,7,5,
15,9,6,1,7,0,5,3,10,10,2,8,4,3,11,1,11,6,9,7,5,
14,9,6,1,7,0,5,3,10,10,2,8,4,3,11,1,11,5,8,7,5,
14,9,6,1,7,0,5,3,10,10,2,8,4,3,11,1,11,5,8,7,5,
16,10,6,1,7,0,5,3,12,11,2,8,4,3,12,1,12,6,10,7,5,
14,9,6,1,7,0,5,3,10,10,2,8,4,3,11,1,11,5,8,7,5,
15,9,6,1,7,0,5,3,10,10,2,8,4,3,11,1,11,6,9,7,5,
15,9,6,1,7,0,5,3,10,10,2,8,4,3,11,1,11,6,9,7,5,
17,9,6,1,7,0,5,3,10,10,2,8,4,3,11,1,11,6,8,7,5,
15,9,6,2,7,0,5,3,10,10,2,8,4,3,11,1,11,6,9,7,5,
15,9,6,2,7,0,5,3,10,10,2,8,4,4,11,1,11,6,9,7,5,
15,9,6,2,7,0,5,3,10,10,2,8,4,4,11,1,11,6,9,7,5,
18,9,6,1,7,0,5,3,13,10,2,8,4,3,14,1,14,6,9,7,5,
15,9,6,2,7,0,5,3,10,10,2,8,4,4,11,1,11,6,9,7,5,
15,9,6,2,7,0,5,3,10,10,2,8,4,4,11,1,11,6,9,7,5,
15,9,6,2,7,0,5,3,10,10,2,8,4,4,11,1,11,6,9,7,5,
15,9,6,2,8,0,5,3,11,10,2,8,4,4,11,1,11,6,9,7,5,
17,9,6,2,7,0,5,3,11,10,2,8,4,4,12,1,11,6,9,7,5,
16,9,6,1,7,0,5,3,10,10,2,8,4,3,11,1,11,6,9,7,5,
15,9,6,2,8,0,5,3,11,10,3,9,4,4,12,1,11,6,9,7,5,
15,9,6,2,8,0,5,3,11,10,2,8,4,4,12,1,11,6,9,7,5,
15,9,6,2,8,0,5,3,11,10,3,9,4,4,12,1,11,6,9,7,5,
15,6,3,0,4,0,2,0,8,7,0,5,1,1,8,0,8,3,6,4,2,
15,9,6,2,8,0,5,3,11,10,2,8,4,4,11,1,11,6,9,7,5,
15,9,6,2,8,0,5,3,11,10,2,8,4,4,11,1,11,6,9,7,5,
16,9,6,2,7,0,5,3,11,10,2,8,4,4,11,1,11,6,9,7,5,
17,11,8,4,10,0,7,5,13,12,5,11,6,6,14,1,13,8,11,9,7,
15,9,6,2,8,0,5,3,11,10,2,8,4,4,11,1,11,6,9,7,5,
15,9,6,2,8,0,5,3,11,10,2,8,4,4,11,1,11,6,9,7,5,
15,9,6,2,8,0,5,3,11,10,2,8,4,4,12,1,11,6,9,7,5,
15,10,6,2,8,0,5,3,11,10,2,8,4,4,11,1,11,6,9,7,5,
15,10,6,2,8,0,5,3,11,10,3,9,4,4,12,1,11,6,9,7,5,
15,9,6,2,8,0,5,3,11,10,3,8,4,4,11,1,11,6,9,7,5,
15,9,6,2,8,0,5,3,11,10,2,8,4,4,11,1,11,6,9,7,5,
18,13,10,2,11,0,5,3,14,14,3,12,4,4,15,1,15,9,12,11,5,
15,10,7,2,8,0,5,3,11,10,3,9,4,4,12,1,11,6,9,8,6,
15,9,6,2,8,0,5,3,11,10,2,8,4,4,11,1,11,6,9,7,5,
15,9,6,2,8,0,5,3,11,10,2,9,4,4,12,1,11,6,9,7,5,
15,9,6,2,8,0,5,3,11,10,3,9,4,4,11,1,11,6,9,7,5,
18,9,6,2,8,0,5,3,11,10,3,8,4,4,11,1,11,6,9,7,5,
15,9,6,2,8,0,5,3,11,10,3,9,4,4,11,1,11,6,9,7,5,
15,9,6,2,8,0,5,3,11,10,3,8,4,4,11,1,11,6,9,7,5,
15,9,6,2,8,0,5,3,11,10,3,8,4,4,11,1,11,6,9,7,5,
15,9,6,2,8,0,5,3,11,10,3,8,4,4,11,1,11,6,9,7,5,
17,9,6,2,8,0,5,3,13,10,3,9,4,4,13,1,13,6,9,7,6,
15,9,6,2,8,0,5,3,11,10,3,9,4,4,12,1,11,6,9,7,5,
15,10,6,2,8,0,5,3,11,10,3,9,4,4,12,1,11,6,9,7,5,
15,7,4,0,6,0,3,1,9,8,1,7,2,2,10,0,9,4,7,5,3,
15,10,6,2,8,0,5,3,11,10,3,9,4,4,12,1,11,6,9,7,5,
17,12,9,2,10,0,7,3,13,12,3,11,6,4,14,1,13,8,11,9,8,
15,10,6,2,8,0,5,3,11,10,3,9,4,4,12,1,11,6,9,7,6,
15,11,7,2,8,0,5,3,11,11,3,9,4,4,12,1,11,6,9,7,6,
16,10,6,2,8,0,5,3,11,11,3,9,4,4,12,1,12,6,9,7,6,
15,10,7,2,8,0,5,3,11,11,3,9,5,4,12,2,12,6,9,8,6,
15,10,7,2,8,0,5,3,11,10,3,9,5,4,12,2,11,6,9,7,6,
18,12,9,2,11,0,8,6,14,13,6,12,7,7,15,1,14,9,12,10,8,
15,10,7,2,8,0,6,3,11,11,3,9,5,4,12,2,11,6,9,8,6,
15,9,6,2,8,0,5,3,11,10,3,9,4,4,12,1,11,6,9,7,6,
17,10,7,2,8,0,6,3,11,11,3,9,5,4,12,2,12,6,9,8,6,
15,9,6,1,7,0,5,2,10,10,2,8,4,3,11,1,10,5,8,7,5,
15,9,6,1,7,0,4,2,10,9,2,8,4,3,11,1,10,5,8,7,5,
16,9,6,1,7,0,5,3,10,10,2,8,4,3,11,1,11,5,9,7,5,
15,9,6,1,7,0,4,2,10,9,2,8,4,3,11,1,10,5,8,6,5,
15,10,7,2,8,0,6,3,11,10,3,9,5,4,12,2,11,6,9,8,6,
15,9,6,1,7,0,5,2,10,10,2,8,4,3,11,1,10,5,8,7,5,
15,9,6,1,7,0,4,2,10,9,2,8,4,3,11,1,10,5,8,7,5,
15,9,6,1,7,0,5,2,10,10,2,8,4,3,11,1,10,5,8,7,5,
15,9,6,1,7,0,5,2,10,9,2,8,4,3,11,1,10,5,8,7,5,
15,9,6,1,7,0,5,2,10,10,2,8,4,3,11,1,11,5,8,7,5,
15,9,6,1,7,0,5,2,10,10,2,8,4,3,11,1,11,5,8,7,5,
15,9,6,1,7,0,5,2,10,9,2,8,4,3,11,1,11,5,8,7,5,
15,9,6,1,7,0,5,2,10,10,2,8,4,3,11,1,11,5,8,7,5,
17,10,7,1,9,0,6,2,12,11,2,10,6,6,13,1,12,7,10,8,6,
17,11,8,3,9,0,7,4,12,12,4,10,6,5,13,1,13,7,10,9,7,
15,9,6,1,7,0,5,3,10,10,2,8,4,3,11,1,11,6,8,7,5,
15,9,6,1,7,0,5,2,10,10,2,8,4,3,11,1,11,5,8,7,5,
15,9,6,1,7,0,5,3,10,10,2,8,4,3,11,1,11,5,8,7,5,
15,9,6,1,7,0,5,2,10,10,2,8,4,3,11,1,11,5,8,7,5,
15,9,6,1,7,0,5,3,10,10,2,8,4,3,11,1,11,5,8,7,5,
14,9,6,1,7,0,5,2,10,10,2,8,4,3,11,1,11,5,8,7,5,
15,9,6,2,8,0,5,3,11,10,2,8,4,4,11,1,11,6,9,7,5,
17,11,8,1,9,0,7,5,12,12,2,10,6,5,13,1,13,8,11,9,7,
15,9,6,1,7,0,5,3,10,10,2,8,4,3,11,1,11,6,9,7,5,
15,9,6,1,7,0,5,3,10,10,2,8,4,3,11,1,11,6,9,7,5,
16,12,6,1,7,0,5,3,12,12,2,8,4,3,12,1,12,6,9,7,5,
14,9,6,1,7,0,5,3,10,10,2,8,4,3,11,1,11,6,9,7,5,
15,9,6,1,7,0,5,3,10,10,2,8,4,3,11,1,11,6,9,7,5,
15,9,6,1,7,0,5,3,10,10,2,8,4,3,11,1,11,6,8,7,5,
17,9,6,1,7,0,5,3,10,10,2,8,4,4,11,1,11,6,9,7,5,
15,9,6,1,7,0,5,3,10,10,2,8,4,3,11,1,11,6,9,7,5,
15,9,6,1,7,0,5,3,10,10,2,8,4,4,11,1,11,6,9,7,5,
16,10,7,1,9,0,6,3,12,11,2,10,6,4,12,1,12,7,10,8,6,
15,9,6,1,7,0,5,3,11,10,2,8,4,4,11,1,11,6,9,7,5,
15,9,6,1,7,0,5,3,10,10,2,8,4,4,11,1,11,6,9,7,5,
15,9,6,1,7,0,5,3,11,10,2,8,4,4,11,1,11,6,9,7,5,
16,9,6,1,7,0,5,3,10,10,2,8,4,4,11,1,11,6,9,7,5,
15,9,6,2,7,0,5,3,10,10,2,8,4,4,11,1,11,6,9,7,5,
15,9,6,2,7,0,5,3,10,10,2,8,4,4,11,1,11,6,9,7,5,
15,9,6,2,7,0,5,3,10,10,2,8,4,4,11,1,11,6,9,7,5,
18,9,6,2,8,0,5,3,13,10,2,8,4,4,14,1,14,6,9,7,5,
18,12,9,2,10,0,8,3,13,13,2,11,7,4,14,1,14,9,12,10,8,
15,9,6,2,8,0,5,3,11,10,2,8,4,4,12,1,11,6,9,7,5,
15,9,6,2,7,0,5,3,10,10,2,8,4,4,11,1,11,6,9,7,5,
15,9,6,2,7,0,5,3,11,10,2,8,4,4,11,1,11,6,9,7,5,
16,9,6,2,8,0,5,3,11,10,2,8,4,4,12,1,11,6,9,7,5,
15,9,6,2,8,0,5,3,11,10,2,8,4,4,11,1,11,6,9,7,5,
15,9,6,2,8,0,5,3,10,10,2,8,4,4,11,1,11,6,9,7,5,
15,9,6,2,8,0,5,3,11,10,2,8,4,4,11,1,11,6,9,7,5,
15,9,6,2,8,0,5,3,11,10,2,8,4,4,11,1,11,6,9,7,5,
15,7,4,0,6,0,3,1,8,8,0,6,2,2,9,0,9,4,7,5,3,
18,12,9,5,11,0,8,6,14,13,5,12,7,7,14,4,14,9,12,10,8,
15,9,6,2,8,0,5,3,11,10,2,9,4,4,12,1,11,6,9,7,5,
15,9,6,2,8,0,5,3,11,10,2,9,4,4,12,1,11,6,9,7,5,
15,9,6,2,8,0,5,3,11,10,2,8,4,4,11,1,11,6,9,7,5,
15,9,6,2,8,0,5,3,11,10,3,8,4,4,11,1,11,6,9,7,5,
15,9,6,2,8,0,5,3,11,10,3,8,4,4,11,1,11,6,9,7,5,
16,9,6,2,8,0,5,3,11,10,3,8,4,4,13,1,11,6,9,7,5,
15,9,6,2,8,0,5,3,11,10,3,8,4,4,11,1,11,6,9,7,5,
16,11,8,2,9,0,7,4,12,12,2,10,6,5,13,1,13,7,10,9,7,
15,9,6,2,8,0,5,3,11,10,3,8,4,4,11,1,11,6,9,7,5,
15,9,6,2,8,0,5,3,11,10,3,8,4,4,11,1,11,6,9,7,5,
18,11,6,2,9,0,5,3,15,12,2,10,4,4,15,1,15,6,11,9,5,
15,9,6,2,8,0,5,3,11,10,3,9,4,4,11,1,11,6,9,7,5,
15,9,6,2,8,0,5,3,11,10,3,8,4,4,11,1,11,6,9,7,5,
18,9,6,2,8,0,5,3,13,10,3,9,4,4,14,1,14,6,9,7,6,
18,12,9,2,11,0,8,3,14,13,3,12,4,4,15,1,14,9,12,10,8,
15,9,6,2,8,0,5,3,11,10,3,9,4,4,12,1,11,6,9,7,5,
15,9,6,2,8,0,5,3,11,10,3,9,4,4,11,1,11,6,9,7,5,
15,10,6,2,8,0,5,3,11,10,3,9,4,4,12,1,11,6,9,7,6,
15,9,6,2,8,0,5,3,11,10,3,9,4,4,12,1,11,6,9,7,5,
15,9,6,2,8,0,5,3,11,10,3,9,4,4,12,1,11,6,9,7,5,
15,10,6,2,8,0,5,3,11,10,3,9,4,4,12,1,11,6,9,7,6,
15,10,6,2,8,0,5,3,11,10,3,9,4,4,12,1,11,6,9,7,6,
15,9,6,2,8,0,5,3,11,10,3,9,4,4,12,1,11,6,9,7,6,
15,12,7,2,8,0,5,3,12,12,3,9,4,4,12,1,12,6,12,7,6,
15,10,6,2,8,0,5,3,11,10,3,9,4,4,12,1,11,6,9,7,6,
15,10,7,2,8,0,5,3,11,10,3,9,5,4,12,1,11,6,9,7,6,
15,10,7,2,8,0,5,3,11,10,3,9,4,4,12,1,11,6,9,7,6,
16,10,7,2,9,0,6,3,12,11,3,10,6,6,13,1,12,7,10,8,6,
15,9,6,2,8,0,5,3,11,10,3,9,4,4,12,1,11,6,9,7,6,
15,9,6,2,8,0,5,3,11,10,3,9,4,4,12,1,11,6,9,7,6,
15,9,6,1,7,0,5,2,10,10,2,8,4,3,11,1,10,5,8,7,5,
16,9,6,1,7,0,5,2,10,10,2,8,4,3,11,1,11,5,8,7,5,
15,10,7,2,8,0,6,3,11,11,3,9,5,4,12,2,12,6,9,8,6,
15,10,7,2,8,0,6,3,11,11,3,9,5,4,12,2,12,6,9,8,6,
15,9,6,1,7,0,5,2,10,10,2,8,4,3,11,1,10,5,8,7,5,
15,9,6,1,7,0,5,2,10,10,2,8,4,3,11,1,11,5,8,7,5,
15,8,5,0,6,0,4,1,9,9,1,7,3,2,10,0,10,4,7,6,4,
18,10,7,2,8,0,6,3,11,11,3,9,5,4,12,1,11,6,9,8,6,
16,9,6,1,7,0,5,2,10,10,2,8,4,3,11,1,11,5,8,7,5,
15,9,6,1,7,0,5,2,10,10,2,8,4,3,11,1,11,5,8,7,5,
15,9,6,1,7,0,5,2,10,10,2,8,4,3,11,1,11,6,8,7,5,
15,9,6,1,7,0,5,2,10,10,2,8,4,3,11,1,11,5,8,7,5,
15,9,6,1,7,0,5,2,10,10,2,8,4,3,11,1,11,5,8,7,5,
15,9,6,1,7,0,5,3,10,10,2,8,4,3,11,1,11,5,9,7,5,
15,9,6,1,7,0,5,3,10,10,2,8,4,3,11,1,11,5,8,7,5,
15,9,6,1,7,0,5,3,10,10,2,8,4,3,11,1,11,5,8,7,5,
15,9,6,1,7,0,5,2,10,10,2,8,4,3,11,1,11,5,8,7,5,
15,9,6,1,7,0,5,2,10,10,2,8,4,3,11,1,11,5,8,7,5,
18,11,8,1,10,0,7,2,13,12,2,11,7,3,14,1,13,8,11,9,7,
16,9,6,1,7,0,5,3,10,10,2,8,4,3,11,1,11,5,9,7,5,
14,9,6,1,7,0,5,3,10,10,2,8,4,3,11,1,11,5,8,7,5,
15,9,6,1,7,0,5,3,10,10,2,8,4,3,11,1,11,6,9,7,5,
14,9,6,1,7,0,5,3,10,10,2,8,4,3,11,1,11,6,9,7,5,
15,9,6,1,7,0,5,3,10,10,2,8,4,3,11,1,11,6,9,7,5,
15,9,6,1,7,0,5,3,10,10,2,8,4,3,11,1,11,6,9,7,5,
15,10,7,2,8,0,6,3,11,11,3,9,5,4,12,1,12,6,9,8,6,
16,11,7,3,9,0,6,4,12,11,4,10,5,5,13,1,12,7,10,8,7,
17,12,9,2,10,0,8,5,13,13,2,11,7,6,14,1,14,8,11,10,8,
15,9,6,1,7,0,5,3,10,10,2,8,4,3,11,1,11,6,9,7,5,
15,9,6,1,7,0,5,3,10,10,2,8,4,3,11,1,11,6,9,7,5,
16,9,6,1,7,0,5,3,13,13,2,8,4,3,13,1,13,6,9,7,5,
15,9,6,2,7,0,5,3,11,10,2,8,4,4,11,1,11,6,9,7,5,
15,9,6,2,8,0,5,3,11,10,2,8,4,4,11,1,11,6,9,7,5,
15,9,6,2,7,0,5,3,11,10,2,8,4,4,11,1,11,6,9,7,5,
17,9,6,1,7,0,5,2,10,10,2,8,4,3,11,1,11,5,8,7,5,
15,9,6,2,8,0,5,3,11,10,2,8,4,4,11,1,11,6,9,7,5,
15,9,6,2,8,0,5,3,11,10,3,9,4,4,12,1,11,6,9,7,5,
17,11,6,2,7,0,5,3,13,12,2,8,4,4,13,1,13,6,11,7,5,
15,9,6,2,7,0,5,3,11,10,2,8,4,4,11,1,11,6,9,7,5,
15,9,6,2,7,0,5,3,11,10,2,8,4,4,11,1,11,6,9,7,5,
15,9,6,2,7,0,5,3,10,10,2,8,4,4,11,1,11,6,9,7,5,
15,9,6,2,7,0,5,3,10,10,2,8,4,4,11,1,11,6,9,7,5,
15,9,6,2,8,0,5,3,11,10,2,8,4,4,11,1,11,6,9,7,5,
16,10,7,2,9,0,6,3,12,11,2,9,6,4,13,1,12,7,10,8,6,
15,9,6,2,8,0,5,3,11,10,2,8,4,4,11,1,11,6,9,7,5,
15,9,6,2,8,0,5,3,11,10,2,9,4,4,11,1,11,6,9,7,5,
15,9,6,2,8,0,5,3,11,10,2,8,4,4,12,1,11,6,9,7,5,
15,9,6,2,8,0,5,3,11,10,2,8,4,4,11,1,11,6,9,7,5,
15,9,6,2,8,0,5,3,11,10,2,8,4,4,11,1,11,6,9,7,5,
15,9,6,2,8,0,5,3,11,10,2,9,4,4,12,1,11,6,9,7,5,
15,9,6,2,8,0,5,3,11,10,2,9,4,4,11,1,11,6,9,7,5,
15,9,6,2,8,0,5,3,11,10,2,9,4,4,12,1,11,6,9,7,5,
15,9,6,2,8,0,5,3,11,10,2,9,4,4,12,1,11,6,9,7,5,
15,9,6,2,8,0,5,3,11,10,3,9,4,4,12,1,11,6,9,7,5,
15,9,6,2,8,0,5,3,11,10,2,8,4,4,11,1,11,6,9,7,5,
18,12,9,2,11,0,5,3,14,13,2,11,4,4,14,1,14,9,12,10,5,
15,9,6,2,8,0,5,3,11,10,2,8,4,4,11,1,11,6,9,7,5,
15,9,6,2,8,0,5,3,11,10,2,8,4,4,11,1,11,6,9,7,5,
15,9,6,2,8,0,5,3,11,10,2,8,4,4,11,1,11,6,9,7,5,
17,9,6,1,7,0,5,2,10,10,2,8,4,3,11,1,11,5,8,7,5,
15,9,6,2,8,0,5,3,11,10,2,9,4,4,12,1,11,6,9,7,5,
17,11,7,2,9,0,5,3,12,12,3,10,4,4,13,1,13,6,11,9,6,
18,12,6,2,8,0,5,3,14,13,3,9,4,4,14,1,14,6,12,7,6,
15,9,6,2,8,0,5,3,11,10,3,9,4,4,11,1,11,6,9,7,5,
15,9,6,2,8,0,5,3,11,10,3,9,4,4,11,1,11,6,9,7,5,
15,10,7,2,8,0,5,3,11,10,3,9,4,4,12,1,11,6,9,7,6,
15,9,6,2,8,0,5,3,11,10,3,9,4,4,12,1,11,6,9,7,5,
16,10,7,2,8,0,5,3,11,10,3,9,4,4,12,1,11,6,9,7,6,
15,9,6,5,8,0,5,5,11,10,5,9,5,5,12,1,11,6,9,7,5,
15,9,6,2,8,0,5,3,11,10,3,9,4,4,12,1,11,6,9,7,6,
15,10,6,2,8,0,5,3,11,10,3,9,4,4,12,1,11,6,9,7,6,
15,9,6,2,8,0,5,3,11,10,3,9,4,4,12,1,11,6,9,7,6,
15,10,6,2,8,0,5,3,11,10,3,9,4,4,12,1,11,6,9,7,6,
18,10,7,2,8,0,5,3,11,11,3,9,4,4,12,1,12,6,9,8,6,
15,10,7,2,8,0,5,3,11,11,3,9,4,4,12,1,12,6,9,8,6,
15,10,7,2,8,0,5,3,11,10,3,9,5,4,12,1,11,6,9,8,6,
15,10,7,2,8,0,5,3,11,10,3,9,4,4,12,1,11,6,9,8,6,
15,10,7,2,8,0,5,3,11,10,3,9,4,4,12,1,12,6,9,7,6,
15,10,7,2,8,0,5,3,11,11,3,9,5,4,12,1,12,6,9,8,6,
17,10,7,2,8,0,5,3,11,11,3,9,5,4,12,1,12,6,9,8,6,
15,10,7,2,8,0,5,3,11,10,3,9,5,4,12,1,11,6,9,7,6,
15,10,7,2,8,0,6,3,11,11,3,9,5,4,12,2,12,6,9,8,6,
15,10,7,2,8,0,6,3,11,11,3,9,5,4,12,2,11,6,9,8,6,
18,10,7,2,8,0,6,3,14,11,3,9,5,4,15,2,15,6,9,8,6,
18,12,9,1,10,0,8,2,13,13,2,11,7,3,14,1,14,8,11,10,8,
15,9,6,1,7,0,5,2,10,10,2,8,4,3,11,1,11,5,8,7,5,
15,9,6,1,7,0,5,2,10,10,2,8,4,3,11,1,11,5,8,7,5,
15,9,6,1,7,0,5,2,10,10,2,8,4,3,11,1,11,5,8,7,5,
17,9,6,1,7,0,5,2,10,10,2,8,4,3,11,1,11,5,8,7,5,
15,9,6,1,7,0,5,2,10,10,2,8,4,3,11,1,11,5,9,7,5,
17,10,7,1,9,0,6,2,12,11,2,9,4,3,12,1,12,7,10,8,6,
15,9,6,1,7,0,5,2,10,10,2,8,4,3,11,1,11,5,8,7,5,
15,9,6,1,7,0,5,3,10,10,2,8,4,3,11,1,11,6,8,7,5,
16,7,4,0,5,0,3,1,8,8,0,6,2,1,9,0,9,4,7,5,3,
18,12,9,4,10,0,8,5,13,13,5,11,7,6,14,4,14,8,11,10,8,
15,9,6,1,7,0,5,3,10,10,2,8,4,3,11,1,11,5,9,7,5,
15,9,6,1,7,0,5,3,10,10,2,8,4,3,11,1,11,5,8,7,5,
16,9,6,1,7,0,5,3,10,10,2,8,4,3,11,1,11,6,9,7,5,
16,9,6,1,7,0,5,3,10,10,2,8,4,3,11,1,11,5,9,7,5,
16,9,6,1,7,0,5,3,10,10,2,8,4,3,11,1,11,6,9,7,5,
16,9,6,1,7,0,5,3,10,10,2,8,4,3,11,1,11,6,9,7,5,
16,9,6,1,7,0,5,3,10,10,2,8,4,4,11,1,11,6,9,7,5,
14,9,6,1,7,0,5,3,10,10,2,8,4,3,11,1,11,6,9,7,5,
15,9,6,2,7,0,5,3,10,10,2,8,4,3,11,1,11,6,9,7,5,
15,9,6,1,7,0,5,3,10,10,2,8,4,3,11,1,11,6,9,7,5,
17,12,9,1,10,0,8,3,13,13,2,11,4,3,14,1,14,8,11,10,8,
15,9,6,1,7,0,5,3,10,10,2,8,4,3,11,1,11,6,9,7,5,
15,9,6,1,7,0,5,3,10,10,2,8,4,3,11,1,11,6,9,7,5,
15,9,6,1,7,0,5,3,10,10,2,8,4,3,11,1,11,6,9,7,5,
15,9,6,1,7,0,5,3,11,10,2,8,4,4,11,1,11,6,9,7,5,
15,9,6,1,7,0,5,3,10,10,2,8,4,4,11,1,11,6,9,7,5,
14,9,6,1,7,0,5,3,10,10,2,8,4,3,11,1,11,6,9,7,5,
15,9,6,1,7,0,5,3,10,10,2,8,4,3,11,1,11,6,9,7,5,
17,11,8,4,9,0,7,5,13,12,4,10,6,6,13,1,13,8,11,9,7,
17,12,9,2,10,0,8,3,13,13,2,11,7,6,14,1,14,9,11,10,8,
15,9,6,2,8,0,5,3,11,10,2,8,4,4,11,1,11,6,9,7,5,
15,9,6,1,7,0,5,3,11,10,2,8,4,4,11,1,11,6,9,7,5,
17,10,6,2,8,0,5,3,14,14,2,9,4,4,14,1,14,6,10,8,5,
15,9,6,1,7,0,5,3,10,10,2,8,4,4,11,1,11,6,9,7,5,
15,9,6,2,8,0,5,3,11,10,2,8,4,4,11,1,11,6,9,7,5,
15,9,6,2,8,0,5,3,11,10,2,8,4,4,11,1,11,6,9,7,5,
15,9,6,2,7,0,5,3,11,10,2,8,4,4,11,1,11,6,9,7,5,
15,9,6,2,8,0,5,3,11,10,2,8,4,4,11,1,11,6,9,7,5,
15,9,6,2,8,0,5,3,11,10,2,8,4,4,11,1,11,6,9,7,5,
15,10,6,2,8,0,5,3,11,11,2,8,4,4,12,1,12,6,10,7,5,
15,10,6,2,8,0,5,3,11,10,2,9,4,4,12,1,11,6,9,7,5,
15,9,6,2,8,0,5,3,11,10,2,8,4,4,11,1,11,6,9,7,5,
15,9,6,2,8,0,5,3,11,10,2,8,4,4,11,1,11,6,9,7,5,
15,9,6,2,8,0,5,3,11,10,2,8,4,4,11,1,11,6,9,7,5,
15,9,6,2,8,0,5,3,11,10,3,8,4,4,11,1,11,6,9,7,5,
15,8,5,1,7,0,4,2,10,9,1,7,3,3,10,0,10,5,8,6,4,
18,9,6,2,7,0,5,3,10,10,2,8,4,4,11,1,11,6,9,7,5,
15,9,6,2,7,0,5,3,11,10,2,8,4,4,11,1,11,6,9,7,5,
15,9,6,2,8,0,5,3,11,10,2,9,4,4,12,1,11,6,9,7,5,
15,9,6,2,8,0,5,3,11,10,2,9,4,4,12,1,11,6,9,7,5,
15,9,6,2,8,0,5,3,11,10,2,8,4,4,11,1,11,6,9,7,5,
17,9,6,2,8,0,5,3,11,10,2,8,4,4,13,1,13,6,9,7,5,
15,9,6,2,8,0,5,3,11,10,2,9,4,4,12,1,11,6,9,7,5,
18,12,9,4,10,0,8,6,13,13,5,11,7,7,14,1,14,9,12,10,8,
15,10,6,2,8,0,5,3,11,10,3,9,4,4,12,1,11,6,9,7,6,
15,9,6,2,8,0,5,3,11,10,3,9,4,4,11,1,11,6,9,7,5,
17,11,8,2,10,0,7,3,13,12,2,11,4,4,14,1,13,8,11,9,7,
15,9,6,2,8,0,5,3,11,10,2,8,4,4,11,1,11,6,9,7,5,
15,9,6,2,8,0,5,3,11,10,2,9,4,4,12,1,11,6,9,7,5,
15,9,6,2,8,0,5,3,11,10,3,9,4,4,12,1,11,6,9,7,6,
15,10,6,2,8,0,5,3,11,10,3,9,4,4,12,1,11,6,9,7,6,
15,10,6,2,8,0,5,3,11,10,3,9,4,4,12,1,11,6,9,7,6,
17,10,7,2,8,0,5,3,12,10,3,9,5,4,13,1,13,6,9,7,6,
15,10,7,2,8,0,5,3,11,10,3,9,4,4,12,1,11,6,9,8,6,
15,10,7,2,8,0,5,3,11,10,3,9,4,4,12,1,11,6,9,7,6,
15,10,7,2,8,0,5,3,11,11,3,9,5,4,12,1,12,6,9,8,6,
15,9,7,2,8,0,5,3,11,10,3,9,4,4,12,1,11,6,9,7,6,
15,10,7,2,8,0,6,3,11,10,3,9,5,4,12,1,11,6,9,7,6,
15,10,6,2,8,0,5,3,11,10,3,9,4,4,12,1,11,6,9,7,6,
15,10,7,2,8,0,5,3,11,10,3,9,4,4,12,2,11,6,9,7,6,
18,12,9,2,10,0,8,3,13,13,3,11,8,4,14,2,14,9,12,10,8,
15,10,7,2,8,0,5,3,11,11,3,9,5,4,12,2,12,6,9,8,6,
15,10,7,2,8,0,5,3,11,11,3,9,5,4,12,2,11,6,9,8,6,
15,10,7,2,8,0,6,3,11,11,3,9,5,4,12,2,12,6,9,8,6,
16,9,6,1,7,0,5,2,10,10,2,8,4,3,11,1,11,5,9,7,5,
16,10,7,2,8,0,6,3,11,11,3,9,5,4,12,2,12,6,9,8,6,
16,9,6,1,7,0,5,2,10,10,2,8,4,3,11,1,11,6,9,7,5,
15,9,6,1,7,0,5,2,10,10,2,8,4,3,11,1,11,5,8,7,5,
18,11,8,3,10,0,7,5,13,12,4,11,6,6,14,1,13,8,11,9,7,
15,9,6,1,7,0,5,2,10,10,2,8,4,6,11,1,11,5,8,7,5,
15,9,6,1,7,0,5,2,10,10,2,8,4,3,11,1,11,5,9,7,5,
15,9,6,1,7,0,5,2,10,10,2,8,4,3,11,1,11,5,8,7,5,
18,10,6,1,8,0,5,2,14,14,2,9,4,3,14,1,14,5,10,8,5,
15,9,6,1,7,0,5,3,10,10,2,8,4,3,11,1,11,5,9,7,5,
15,9,6,1,7,0,5,2,10,10,2,8,4,3,11,1,11,5,8,7,5,
15,9,6,1,7,0,5,3,10,10,2,8,4,3,11,1,11,5,9,7,5,
16,9,6,1,7,0,5,3,10,10,2,8,4,3,11,1,11,6,9,7,5,
16,9,6,1,7,0,5,2,10,10,2,8,4,3,11,1,11,6,9,7,5,
15,9,6,1,8,0,5,3,11,10,2,8,4,3,11,1,11,6,9,7,5,
17,11,6,1,7,0,5,3,12,12,2,8,4,3,13,1,13,6,11,7,5,
15,9,6,1,7,0,5,3,10,10,2,8,4,3,11,1,11,6,9,7,5,
15,9,6,1,7,0,5,3,10,10,2,8,4,3,11,1,11,6,9,7,5,
15,9,6,1,7,0,5,3,10,10,2,8,4,3,11,1,11,6,9,7,5,
15,9,6,1,7,0,5,3,10,10,2,8,4,3,11,1,11,6,9,7,5,
15,9,6,1,7,0,5,3,10,10,2,8,4,3,11,1,11,6,9,7,5,
14,9,6,1,7,0,5,3,10,10,2,8,4,3,11,1,11,6,9,7,5,
14,9,6,1,7,0,5,3,10,10,2,8,4,3,11,1,11,6,9,7,5,
15,9,6,1,7,0,5,3,10,10,2,8,4,4,11,1,11,6,9,7,5,
15,9,6,2,8,0,5,3,11,10,2,8,4,4,11,1,11,6,9,7,5,
15,9,6,1,7,0,5,3,11,10,2,8,4,3,11,1,11,6,9,7,5,
15,9,6,2,8,0,5,3,11,10,2,8,4,4,11,1,11,6,9,7,5,
15,9,6,1,7,0,5,3,10,10,2,8,4,4,11,1,11,6,9,7,5,
15,9,6,1,7,0,5,3,10,10,2,8,4,4,11,1,11,6,9,7,5,
15,9,6,2,7,0,5,3,10,10,2,8,4,4,11,1,11,6,9,7,5,
15,9,6,2,8,0,5,3,11,10,2,8,4,4,11,1,11,6,9,7,5,
15,9,6,2,7,0,5,3,10,10,2,8,4,4,11,1,11,6,9,7,5,
15,9,6,2,7,0,5,3,10,10,2,8,4,4,11,1,11,6,9,7,5,
17,12,9,2,10,0,8,3,13,13,2,11,4,4,14,1,14,9,12,10,8,
15,9,6,2,7,0,5,3,10,10,2,8,4,4,11,1,11,6,9,7,5,
15,9,6,2,8,0,5,3,11,10,2,9,4,4,12,1,11,6,9,7,5,
15,9,6,2,7,0,5,3,10,10,2,8,4,4,11,1,11,6,9,7,5,
16,10,7,2,8,0,5,3,11,10,3,9,4,4,12,2,11,6,9,7,6,
17,9,6,1,7,0,5,2,10,10,2,8,4,3,11,1,11,5,8,7,5,
15,9,6,2,8,0,5,3,11,10,2,8,4,4,11,1,11,6,9,7,5,
18,12,6,2,8,0,5,3,13,13,2,8,4,4,14,1,14,6,12,7,5,
49,43,40,32,41,0,39,36,44,44,33,42,38,37,45,1,45,39,43,41,39,
15,9,6,2,8,0,5,3,11,10,3,9,4,4,11,1,11,6,9,7,6,
17,9,6,1,7,0,5,3,10,10,2,8,4,4,11,1,11,6,9,7,5,
15,9,6,5,8,0,5,5,11,10,5,9,5,5,11,1,11,6,9,7,5,
15,9,6,2,8,0,5,3,11,10,2,8,4,4,11,1,11,6,9,7,5,
15,9,6,2,8,0,5,3,11,10,3,8,4,4,11,1,11,6,9,7,5,
15,9,6,2,8,0,5,3,11,10,2,9,4,4,11,1,11,6,9,7,5,
15,10,7,2,8,0,5,3,11,11,2,9,4,4,12,1,12,6,9,8,6,
17,10,6,2,8,0,5,3,11,10,3,9,4,4,12,1,11,6,9,7,6,
15,10,7,2,8,0,5,3,11,11,3,9,4,4,12,1,12,6,9,8,6,
15,10,7,2,8,0,5,3,11,11,3,9,4,4,12,1,12,6,9,8,6,
17,12,9,4,10,0,8,5,13,13,5,11,7,6,14,1,14,8,11,10,8,
15,9,6,2,8,0,5,3,11,10,3,9,4,4,12,1,11,6,9,7,6,
15,9,6,2,8,0,5,3,11,10,3,9,4,4,12,1,11,6,9,7,6,
15,10,6,2,8,0,5,3,11,10,3,9,4,4,12,1,11,6,9,7,6,
18,11,7,2,9,0,5,3,15,15,3,10,5,4,14,2,14,6,10,9,6,
15,10,6,2,8,0,5,3,11,10,3,9,4,4,12,1,11,6,9,7,6,
15,10,7,2,8,0,5,3,11,10,3,9,5,4,12,2,11,6,9,8,6,
15,10,7,2,8,0,6,3,11,11,3,9,5,4,12,2,12,6,9,8,6,
15,9,6,1,7,0,5,2,10,10,2,8,4,3,11,1,11,5,8,7,5,
15,9,6,1,7,0,5,2,10,10,2,8,4,3,11,1,10,5,8,7,5,
15,9,6,1,7,0,5,3,11,10,2,8,4,3,11,1,11,6,9,7,5,
17,11,6,1,7,0,5,2,12,12,2,8,4,3,13,1,13,5,10,7,5,
15,9,6,1,7,0,5,2,10,10,2,8,4,3,11,1,11,5,8,7,5,
15,9,6,1,7,0,5,2,10,10,2,8,4,3,11,1,11,5,9,7,5,
42,10,7,2,9,0,6,3,12,11,3,9,5,4,12,2,12,7,10,8,6,
15,9,6,1,7,0,5,3,10,10,2,8,4,3,11,1,11,5,8,7,5,
15,9,6,1,7,0,5,2,10,9,2,8,4,3,11,1,10,5,8,7,5,
15,9,6,1,7,0,5,3,10,10,2,8,4,3,11,1,11,5,8,7,5,
15,9,6,1,7,0,5,2,10,10,2,8,4,3,11,1,11,5,8,7,5,
16,9,6,1,7,0,5,2,10,10,2,8,4,3,11,1,11,5,9,7,5,
16,11,8,1,9,0,7,2,12,12,2,10,4,3,13,1,13,8,11,9,7,
14,9,6,1,7,0,5,2,10,10,2,8,4,3,11,1,10,5,8,7,5,
14,9,6,1,7,0,5,2,10,10,2,8,4,3,11,1,11,5,8,7,5,
15,9,6,1,7,0,5,3,10,10,2,8,4,3,11,1,11,6,9,7,5,
14,9,6,1,7,0,5,3,10,10,2,8,4,3,11,1,10,5,8,7,5,
14,9,6,1,7,0,5,3,10,10,2,8,4,3,11,1,11,5,9,7,5,
15,9,6,1,7,0,5,3,10,10,2,8,4,4,11,1,11,6,9,7,5,
18,9,6,2,7,0,5,3,11,10,2,8,4,4,11,1,11,6,9,7,5,
15,9,6,1,7,0,5,5,10,10,5,8,5,5,11,1,11,6,9,7,5,
15,9,6,1,7,0,5,3,10,10,2,8,4,3,11,1,11,6,9,7,5,
14,9,6,1,7,0,5,3,10,10,2,8,4,3,11,1,11,5,9,7,5,
14,9,6,1,7,0,5,3,10,10,2,8,4,3,11,1,11,5,9,7,5,
15,9,6,1,7,0,5,3,10,10,2,8,4,4,11,1,11,6,9,7,5,
15,9,6,1,7,0,5,3,10,10,2,8,4,3,11,1,11,6,9,7,5,
15,9,6,1,7,0,5,3,11,10,2,8,4,4,11,1,11,6,9,7,5,
15,9,6,1,7,0,5,3,10,10,2,8,4,3,11,1,11,6,9,7,5,
17,12,9,4,10,0,8,5,13,13,5,11,7,6,14,1,14,8,11,10,8,
15,9,6,2,7,0,5,3,11,10,2,8,4,4,11,1,11,6,9,7,5,
15,9,6,1,7,0,5,3,10,10,2,8,4,4,11,1,11,6,9,7,5,
16,9,6,1,7,0,5,3,10,10,2,8,4,4,11,1,11,6,9,7,5,
15,9,6,1,8,0,5,3,11,10,2,8,4,4,11,1,11,6,9,7,5,
15,9,6,1,7,0,5,3,10,10,2,8,4,4,11,1,11,6,9,7,5,
15,9,6,2,7,0,5,3,10,10,2,8,4,4,11,1,11,6,9,7,5,
15,9,6,1,7,0,5,3,10,10,2,8,4,4,11,1,11,6,9,7,5,
17,11,8,4,10,0,7,5,13,12,4,10,6,6,14,1,13,8,11,9,7,
15,9,6,1,7,0,5,3,11,10,2,8,4,4,12,1,11,6,9,7,5,
15,9,6,2,7,0,5,3,11,10,2,8,4,4,11,1,11,6,9,7,5,
15,9,6,2,8,0,5,3,11,10,2,8,4,4,11,1,11,6,9,7,5,
15,9,6,2,8,0,5,3,11,10,3,9,4,4,11,1,11,6,9,7,5,
15,9,6,2,8,0,5,3,11,10,2,8,4,4,11,1,11,6,9,7,5,
17,12,9,2,10,0,8,5,13,13,2,11,7,6,14,1,14,8,11,10,8,
15,9,6,2,7,0,5,3,10,10,2,8,4,4,11,1,11,6,9,7,5,
15,9,6,2,8,0,5,3,11,10,2,8,4,4,11,1,11,6,9,7,5,
18,10,6,2,8,0,5,3,11,10,2,9,4,4,15,1,11,6,9,7,5,
15,9,7,2,8,0,5,3,11,11,2,8,4,4,12,1,12,7,9,7,5,
16,9,6,1,7,0,5,3,11,10,2,8,4,3,11,1,11,6,9,7,5,
15,10,6,2,8,0,5,3,11,10,2,9,4,4,12,1,11,6,9,7,6,
18,9,6,2,8,0,5,3,10,10,2,8,4,4,11,1,11,6,9,7,5,
15,10,7,2,8,0,5,3,11,11,3,9,5,4,12,1,12,6,10,8,6,
15,10,6,2,8,0,5,3,11,10,3,9,5,4,12,1,11,6,9,8,6,
18,12,6,2,8,0,5,3,14,13,3,9,5,4,14,1,14,6,12,7,6,
15,10,7,2,8,0,5,3,11,10,3,9,5,4,12,1,11,6,9,8,6,
15,10,7,2,8,0,5,3,11,10,3,9,5,4,11,1,11,6,9,7,6,
15,10,7,2,8,0,6,3,11,10,3,9,5,4,12,1,12,6,9,8,6,
18,10,7,2,8,0,6,3,11,11,3,9,5,4,12,2,11,6,9,8,6,
15,10,7,2,8,0,5,3,11,10,3,9,5,4,11,1,11,6,9,7,6,
15,10,7,2,8,0,5,3,11,10,3,9,4,4,12,1,11,6,9,7,6,
15,10,7,2,8,0,6,3,11,11,3,9,5,4,12,2,11,6,9,8,6,
19,11,7,2,9,0,6,3,15,11,3,10,5,4,16,2,15,6,10,8,6,
15,9,6,1,7,0,4,2,10,9,2,8,4,3,11,1,10,5,8,6,5,
15,9,6,1,7,0,5,2,10,10,2,8,4,3,11,1,10,5,8,7,5,
15,9,6,1,7,0,5,2,10,9,2,8,4,3,11,1,10,5,8,7,5,
15,9,6,1,7,0,4,2,10,9,2,8,4,3,11,1,10,5,8,7,5,
18,9,6,1,7,0,5,2,10,9,2,8,4,3,11,1,10,5,8,7,5,
15,9,6,1,7,0,5,2,10,10,2,8,4,3,11,1,10,5,8,7,5,
15,9,6,1,7,0,5,2,10,9,2,8,4,3,11,1,10,5,8,7,5,
15,9,6,1,7,0,5,2,10,10,2,8,4,3,11,1,11,5,8,7,5,
16,9,6,2,8,0,5,3,10,10,2,8,4,4,11,1,11,6,9,7,5,
15,9,6,3,7,0,5,3,10,9,3,8,4,3,11,3,10,5,8,7,5,
15,9,6,1,7,0,5,2,10,10,2,8,4,3,11,1,11,6,9,7,5,
15,9,6,1,7,0,5,2,10,10,2,8,4,3,11,1,10,5,8,7,5,
16,9,6,1,7,0,5,3,10,10,2,8,4,3,11,1,11,5,9,7,5,
14,9,6,1,7,0,5,2,10,10,2,8,4,3,11,1,10,5,8,7,5,
14,9,6,1,7,0,5,3,10,10,2,8,4,3,11,1,11,5,9,7,5,
14,9,6,1,7,0,5,3,10,10,2,8,4,3,11,1,11,6,9,7,5,
14,9,6,1,7,0,5,2,10,10,2,8,4,3,11,1,11,5,9,7,5,
14,9,6,1,7,0,5,3,10,10,2,8,4,3,11,1,11,5,9,7,5,
14,9,6,1,7,0,5,3,10,10,2,8,4,3,11,1,11,5,9,7,5,
14,9,6,1,7,0,5,3,10,10,2,8,4,3,11,1,11,5,9,7,5,
15,9,6,1,7,0,5,3,10,10,2,8,4,3,11,1,11,6,9,7,5,
15,11,6,1,7,0,5,3,11,11,2,8,4,3,11,1,11,6,11,7,5,
14,9,6,1,7,0,5,3,10,10,2,8,4,3,11,1,11,6,9,7,5,
14,9,6,1,7,0,5,3,10,10,2,8,4,4,11,1,11,6,9,7,5,
15,9,6,1,7,0,5,3,10,10,2,8,4,4,11,1,11,6,9,7,5,
14,9,6,1,7,0,5,3,10,10,2,8,4,4,11,1,11,6,9,7,5,
15,9,6,1,7,0,5,3,10,10,2,8,4,4,11,1,11,6,9,7,5,
15,9,6,1,8,0,5,3,11,10,2,8,4,4,12,1,11,6,9,7,5,
18,12,6,1,7,0,5,3,13,13,2,8,4,4,14,1,14,6,9,7,5,
15,9,6,1,7,0,5,3,11,10,2,8,4,4,11,1,11,6,9,7,5,
15,9,6,1,8,0,5,3,11,10,2,8,4,4,11,1,11,6,9,7,5,
15,9,6,2,8,0,5,3,11,10,2,8,4,4,11,1,11,6,9,7,5,
15,9,6,1,8,0,5,3,11,10,2,8,4,4,11,1,11,6,9,7,5,
16,10,7,1,8,0,6,3,11,11,2,9,4,4,12,1,12,6,9,8,6,
16,10,7,2,8,0,6,6,11,11,6,9,6,6,12,1,12,7,10,8,6,
15,9,6,2,8,0,5,3,11,10,2,9,4,4,12,1,11,6,9,7,5,
15,9,6,1,7,0,5,3,10,10,2,8,4,3,11,1,11,5,9,7,5,
15,9,6,2,8,0,5,3,11,10,2,8,4,4,11,1,11,6,9,7,5,
15,9,6,2,8,0,5,3,11,10,3,9,4,4,11,1,11,6,9,7,5,
16,9,6,2,8,0,5,3,11,10,3,9,4,4,11,1,11,6,9,7,5,
15,9,6,2,8,0,5,5,11,10,3,9,5,5,11,1,11,6,9,7,5,
15,9,6,2,8,0,5,3,11,10,3,9,4,4,12,1,11,6,9,7,5,
18,13,10,4,11,0,8,6,14,13,5,12,7,7,15,1,14,9,12,11,9,
15,9,6,2,8,0,5,3,11,10,2,9,4,4,11,1,11,6,9,7,5,
15,10,7,2,8,0,5,3,11,11,3,9,4,4,12,1,11,6,9,8,6,
15,10,6,2,8,0,5,3,11,10,3,9,4,4,12,1,11,6,9,7,6,
19,11,6,2,9,0,5,3,12,12,3,10,4,4,16,1,16,6,10,9,6,
15,10,6,2,8,0,5,3,11,10,3,9,4,4,12,1,11,6,9,7,6,
15,9,6,2,8,0,5,3,11,10,3,9,4,4,12,1,11,6,9,7,6,
15,10,7,2,8,0,5,3,11,10,3,9,4,4,12,1,11,6,9,7,6,
15,10,7,2,8,0,5,3,11,10,3,9,5,4,12,1,11,6,9,8,6,
15,10,7,2,8,0,6,3,11,11,3,9,5,4,12,1,12,6,9,8,6,
15,10,7,2,8,0,6,3,11,11,3,9,5,4,12,1,12,6,9,8,6,
17,12,7,2,8,0,5,3,13,13,3,9,5,4,14,2,14,6,11,8,6,
16,10,7,2,8,0,6,3,11,11,3,9,5,4,12,1,12,6,9,8,6,
15,10,7,2,8,0,6,3,11,11,3,9,5,4,12,1,12,6,9,8,6,
15,10,7,2,8,0,6,3,11,11,3,9,5,4,12,1,12,6,9,8,6,
18,10,7,2,8,0,5,3,11,11,3,9,5,4,12,2,11,6,9,8,6,
15,10,7,2,8,0,5,3,11,11,3,9,5,4,12,2,11,6,9,8,6,
15,9,6,1,7,0,5,2,10,10,2,8,4,3,11,1,11,5,8,7,5,
15,9,6,1,7,0,5,2,10,10,2,8,4,3,11,1,10,5,8,7,5,
18,9,6,1,7,0,5,2,10,10,2,8,4,3,14,1,14,5,8,7,5,
15,9,6,1,7,0,7,2,10,10,2,8,4,3,11,1,10,5,8,7,5,
15,9,6,1,7,0,5,2,10,10,2,8,4,3,11,1,10,5,8,7,5,
15,9,6,1,7,0,5,2,10,10,2,8,4,3,11,1,10,5,8,7,5,
15,9,6,1,7,0,5,2,10,10,2,8,4,3,11,1,11,5,8,7,5,
18,9,6,1,7,0,5,2,10,10,2,8,4,3,11,1,11,5,9,7,5,
15,9,6,1,7,0,5,2,10,10,2,8,4,3,11,1,11,5,8,7,5,
16,9,6,1,7,0,5,2,10,10,2,8,4,3,11,1,11,5,9,7,5,
15,9,6,1,7,0,5,2,10,10,2,8,4,3,11,1,11,5,9,7,5,
15,9,6,1,7,0,5,3,10,10,2,8,4,3,11,1,11,6,9,7,5,
16,9,6,4,7,0,5,4,10,10,4,8,4,3,11,3,11,5,9,7,5,
15,9,6,1,7,0,5,2,10,10,2,8,4,3,11,1,11,5,9,7,5,
15,9,6,1,7,0,5,3,10,10,2,8,4,3,11,1,11,6,9,7,5,
15,9,6,1,7,0,5,3,10,10,2,8,4,3,11,1,11,5,9,7,5,
15,9,6,1,7,0,5,3,10,10,2,8,4,3,11,1,11,5,9,7,5,
14,9,6,1,7,0,5,2,10,10,2,8,4,3,11,1,11,5,8,7,5,
14,9,6,1,7,0,5,3,10,10,2,8,4,3,11,1,11,5,9,7,5,
14,9,6,1,7,0,5,3,10,10,2,8,4,3,11,1,11,6,9,7,5,
17,12,9,3,10,0,7,5,13,13,4,11,6,5,14,1,14,8,11,10,7,
15,9,6,1,7,0,5,3,10,10,2,8,4,3,11,1,11,6,9,7,5,
14,9,6,1,7,0,5,3,10,10,2,8,4,3,11,1,11,6,9,7,5,
15,9,6,1,7,0,5,3,10,10,2,8,4,3,11,1,11,6,9,7,5,
14,9,6,1,7,0,5,3,10,10,2,8,4,3,11,1,11,6,9,7,5,
14,9,6,1,7,0,5,3,10,10,2,8,4,3,11,1,11,6,9,7,5,
15,9,6,1,7,0,5,3,10,10,2,8,4,3,11,1,11,6,9,7,5,
16,9,6,1,7,0,5,3,10,10,2,8,4,4,13,1,13,6,9,7,5,
15,9,6,1,8,0,5,3,11,10,2,8,4,4,11,1,11,6,9,7,5,
15,9,6,2,7,0,5,3,11,10,2,8,4,4,11,1,11,6,9,7,5,
15,9,6,1,8,0,5,3,11,10,2,8,4,4,11,1,11,6,9,7,5,
15,9,6,2,7,0,5,3,11,10,2,8,4,4,11,1,11,6,9,7,5,
17,11,8,2,9,0,7,3,13,12,2,10,6,4,13,1,13,8,11,9,7,
15,9,6,2,8,0,5,3,11,10,2,8,4,4,11,1,11,6,9,7,5,
16,11,7,2,9,0,6,4,12,11,2,10,5,5,13,1,12,7,10,8,7,
15,9,6,2,8,0,5,3,11,10,2,8,4,4,11,1,11,6,9,7,5,
15,9,6,2,8,0,5,3,11,10,2,8,4,4,11,1,11,6,9,7,5,
16,12,6,2,8,0,5,3,12,12,2,8,4,4,12,1,12,6,9,7,5,
15,9,6,2,8,0,5,3,11,10,2,8,4,4,11,1,11,6,9,7,5,
16,9,6,2,8,0,5,3,11,10,2,8,4,4,11,1,11,6,9,7,5,
15,9,6,2,8,0,5,3,11,10,2,8,4,4,11,1,11,6,9,7,5,
16,9,6,2,8,0,5,3,11,10,3,9,4,4,12,1,11,6,9,7,5,
15,9,6,2,8,0,5,3,11,10,2,9,4,4,11,1,11,6,9,7,5,
15,9,6,2,8,0,5,3,11,10,2,9,4,4,12,1,11,6,9,7,5,
15,10,6,2,8,0,5,3,11,11,2,8,4,4,12,1,12,6,9,7,5,
15,9,6,2,8,0,5,3,11,10,2,8,4,4,11,1,11,6,9,7,5,
15,9,6,2,8,0,5,3,11,10,3,9,4,4,12,1,11,6,9,7,5,
16,10,6,2,8,0,5,3,11,10,2,9,4,4,12,1,11,6,9,7,5,
16,9,6,2,8,0,5,3,11,10,3,8,4,4,11,1,11,6,9,7,5,
18,12,6,2,8,0,5,3,14,13,2,11,4,4,14,1,14,6,12,7,5,
15,9,6,2,8,0,5,3,11,10,3,9,4,4,11,1,11,6,9,7,5,
15,9,6,2,8,0,5,3,11,10,3,9,4,4,11,1,11,6,9,7,5,
17,9,6,2,8,0,5,3,13,10,3,9,4,4,14,1,13,6,9,7,5,
17,12,9,2,10,0,8,3,13,13,3,11,7,4,14,1,14,8,11,10,8,
15,9,6,2,8,0,5,3,11,10,3,9,4,4,12,1,11,6,9,7,5,
15,9,6,2,8,0,5,3,11,10,3,9,4,4,11,1,11,6,9,7,5,
18,12,6,2,8,0,5,3,14,13,3,9,4,4,15,1,14,6,12,7,6,
15,10,6,2,8,0,5,3,11,10,3,9,4,4,12,1,11,6,9,7,6,
15,10,7,2,8,0,5,3,11,10,3,9,5,4,12,1,11,6,9,8,6,
15,10,7,2,8,0,5,3,11,10,3,9,4,4,12,1,11,6,9,7,6,
15,10,7,2,8,0,5,3,11,11,3,9,5,4,12,2,11,6,9,8,6,
15,10,6,2,8,0,5,3,11,10,3,9,4,4,12,1,11,6,9,7,6,
15,10,6,2,8,0,5,3,11,10,3,9,5,4,12,2,11,6,9,7,6,
15,10,6,2,8,0,5,3,11,10,3,9,4,4,12,2,11,6,9,7,6,
15,9,6,1,7,0,4,2,10,10,2,8,4,3,11,1,10,5,8,7,5,
15,9,6,1,7,0,4,2,10,10,2,8,4,3,11,1,10,5,8,7,5,
15,9,6,1,7,0,5,2,10,10,2,8,4,3,11,1,11,5,8,7,5,
15,9,6,1,7,0,4,2,10,10,2,8,4,3,11,1,11,5,8,7,5,
15,9,6,1,7,0,5,2,10,10,2,8,4,3,11,1,11,5,8,7,5,
15,9,6,1,7,0,5,2,10,10,2,8,4,3,11,1,10,5,8,7,5,
15,9,6,1,7,0,5,2,10,10,2,8,4,3,11,1,11,5,8,7,5,
15,9,6,1,7,0,5,2,10,10,2,8,4,3,11,1,11,5,9,7,5,
15,9,6,1,7,0,4,2,10,10,2,8,4,3,11,1,11,5,8,7,5,
18,9,6,1,7,0,5,3,10,10,2,8,4,3,13,1,13,5,8,7,5,
15,9,6,1,7,0,5,5,10,10,5,8,5,5,11,1,11,5,8,7,5,
15,9,6,1,7,0,5,2,10,10,2,8,4,3,11,1,11,5,8,7,5,
15,9,6,1,7,0,5,2,10,10,2,8,4,3,11,1,11,5,8,7,5,
15,9,6,1,7,0,5,2,10,10,2,8,4,3,11,1,11,5,8,7,5,
16,11,8,1,9,0,7,2,12,12,2,10,6,3,13,1,13,7,10,9,7,
15,9,6,1,7,0,5,2,10,10,2,8,4,3,11,1,11,5,8,7,5,
15,9,6,1,7,0,5,2,10,10,2,8,4,3,11,1,11,6,9,7,5,
14,9,6,1,7,0,5,3,10,10,2,8,4,3,11,1,11,5,9,7,5,
14,9,6,1,7,0,5,3,10,10,2,8,4,3,11,1,11,5,9,7,5,
14,9,6,1,7,0,5,3,10,10,2,8,4,3,11,1,11,6,9,7,5,
16,9,6,1,7,0,5,3,11,10,2,8,4,3,12,1,12,5,9,7,5,
14,9,6,1,7,0,5,3,10,10,2,8,4,3,11,1,11,6,9,7,5,
15,9,6,1,7,0,5,3,10,10,2,8,4,4,11,1,11,6,9,7,5,
15,9,6,1,7,0,5,3,10,10,2,8,4,3,11,1,11,6,9,7,5,
16,9,6,1,7,0,5,3,10,10,2,8,4,3,11,1,11,6,9,7,5,
15,9,6,1,7,0,5,3,10,10,2,8,4,3,11,1,11,6,9,7,5,
15,9,6,1,7,0,5,3,10,10,2,8,4,4,11,1,11,6,9,7,5,
15,9,6,1,7,0,5,3,10,10,2,8,4,4,11,1,11,6,9,7,5,
15,9,6,1,7,0,5,3,10,10,2,8,4,3,11,1,11,6,9,7,5,
15,9,6,1,7,0,5,3,10,10,2,8,4,4,11,1,11,6,9,7,5,
15,9,6,1,7,0,5,3,11,10,2,8,4,3,11,1,11,6,9,7,5,
15,10,6,2,8,0,5,3,11,10,3,9,4,4,12,1,11,6,9,7,6,
18,12,9,1,11,0,8,6,14,13,2,12,7,7,14,1,14,9,12,10,8,
15,9,6,1,8,0,5,3,11,10,2,8,4,4,11,1,11,6,9,7,5,
15,9,6,2,7,0,5,3,10,10,2,8,4,4,11,1,11,6,9,7,5,
18,10,6,2,8,0,5,3,11,10,2,9,4,4,14,1,14,6,9,7,5,
15,9,6,2,8,0,5,3,10,10,2,8,4,4,11,1,11,6,9,7,5,
15,9,6,2,8,0,5,3,11,10,2,8,4,4,11,1,11,6,9,7,5,
15,9,6,2,8,0,5,3,11,10,2,8,4,4,11,1,11,6,9,7,5,
18,9,6,2,8,0,5,3,11,10,3,9,4,4,12,1,11,6,9,7,5,
15,9,6,2,8,0,5,3,11,10,2,9,4,4,12,1,11,6,9,7,5,
15,9,6,2,8,0,5,3,11,10,2,8,4,4,11,1,11,6,9,7,5,
17,12,6,2,8,0,5,3,13,12,2,9,4,4,14,1,13,6,11,7,5,
15,9,6,2,8,0,5,3,11,10,2,9,4,4,12,1,11,6,9,7,5,
15,9,6,2,8,0,5,3,11,10,3,9,4,4,12,1,11,6,9,7,5,
15,9,6,2,8,0,5,3,11,10,2,9,4,4,12,1,11,6,9,7,5,
18,9,6,2,8,0,5,3,11,10,2,9,4,4,12,1,11,6,9,7,5,
15,9,6,2,8,0,5,3,11,10,3,9,4,4,12,1,11,6,9,7,5,
15,9,6,2,8,0,5,3,11,10,3,9,4,4,11,1,11,6,9,7,5,
15,10,6,2,8,0,5,3,11,10,3,9,4,4,12,1,11,6,9,7,5,
18,10,6,2,8,0,5,3,11,10,3,9,4,4,14,1,14,6,9,7,5,
15,10,7,2,8,0,5,3,11,10,3,9,4,4,12,1,11,6,9,7,6,
15,10,6,2,8,0,5,3,11,10,3,9,4,4,12,1,11,6,9,7,6,
15,10,7,2,8,0,5,3,11,10,3,9,4,4,12,1,11,6,9,8,6,
15,10,6,2,8,0,5,3,11,10,3,9,4,4,12,1,11,6,9,7,6,
18,10,7,2,8,0,5,3,11,10,3,9,4,4,12,1,11,6,9,8,6,
15,10,6,2,10,0,5,3,11,10,3,10,4,4,12,1,11,6,10,7,6,
15,10,7,2,8,0,6,3,11,11,3,9,5,4,12,2,11,6,9,8,6,
15,10,7,2,8,0,5,3,11,11,3,9,5,4,12,2,12,6,9,8,6,
16,9,6,1,7,0,5,2,10,10,2,8,4,3,11,1,11,5,9,7,5,
15,9,6,3,7,0,5,3,10,10,3,8,4,3,11,3,11,5,8,7,5,
15,9,6,1,7,0,4,2,10,10,2,8,4,3,11,1,11,5,8,7,5,
15,9,6,1,7,0,5,2,10,10,2,8,4,3,11,1,10,5,8,7,5,
15,9,6,1,7,0,5,2,10,10,2,8,4,3,11,1,11,5,8,7,5,
15,9,6,1,7,0,4,2,10,10,2,8,4,3,11,1,10,5,8,7,5,
15,9,6,1,7,0,5,2,10,9,2,8,4,3,11,1,10,5,8,7,5,
15,9,6,1,7,0,5,2,10,10,2,8,4,3,11,1,11,5,8,7,5,
15,9,6,1,7,0,5,2,10,10,2,8,4,3,11,1,11,5,8,7,5,
15,9,6,1,7,0,4,2,10,10,2,8,4,3,11,1,11,5,8,7,5,
16,9,6,1,8,0,5,3,11,10,2,8,4,4,11,1,11,6,9,7,5,
15,9,6,1,7,0,5,2,10,10,2,8,4,3,11,1,11,5,9,7,5,
16,9,6,1,7,0,5,2,10,10,2,8,4,3,11,1,11,5,8,7,5,
19,10,6,1,8,0,5,3,11,10,2,9,4,3,14,1,14,5,9,7,5,
15,9,6,1,7,0,5,2,10,10,2,8,4,3,11,1,11,5,9,7,5,
17,11,6,1,9,0,5,2,12,12,2,10,4,3,13,1,13,5,10,9,5,
16,9,6,1,7,0,5,3,12,10,2,8,4,3,13,1,12,5,8,7,5,
17,12,9,1,10,0,7,3,13,13,2,11,6,3,14,1,13,8,11,9,8,
15,9,6,1,7,0,5,3,10,10,2,8,4,3,11,1,11,5,9,7,5,
14,9,6,1,7,0,5,3,10,10,2,8,4,3,11,1,11,5,9,7,5,
15,9,6,1,7,0,5,3,10,10,2,8,4,3,11,1,11,6,9,7,5,
14,9,6,1,7,0,5,3,10,10,2,8,4,3,11,1,11,6,9,7,5,
14,9,6,1,7,0,5,3,10,10,2,8,4,3,11,1,11,5,8,7,5,
15,9,6,1,7,0,5,3,10,10,2,8,4,3,11,1,11,6,9,7,5,
15,9,6,1,7,0,5,3,10,10,2,8,4,3,11,1,11,6,9,7,5,
15,9,6,1,7,0,5,3,10,10,2,8,4,3,11,1,11,6,9,7,5,
15,11,6,1,7,0,5,3,11,11,2,11,4,4,11,1,11,6,11,7,5,
15,9,6,1,7,0,5,3,10,10,2,8,4,4,11,1,11,6,9,7,5,
15,9,6,1,8,0,5,3,11,10,2,8,4,4,11,1,11,6,9,7,5,
14,9,6,1,7,0,5,3,10,10,2,8,4,3,11,1,11,6,9,7,5,
15,9,6,1,8,0,5,3,11,10,2,8,4,3,11,1,11,6,9,7,5,
15,9,6,1,7,0,5,3,11,10,2,8,4,4,11,1,11,6,9,7,5,
15,10,6,2,8,0,5,3,11,10,3,9,4,4,12,1,11,6,9,7,5,
17,12,6,1,7,0,5,3,13,13,2,8,4,4,14,1,14,6,12,7,5,
15,9,6,1,7,0,5,3,10,10,2,8,4,4,11,1,11,6,9,7,5,
15,9,6,1,7,0,5,3,10,10,2,8,4,4,11,1,11,6,9,7,5,
15,9,6,2,8,0,5,3,11,10,2,8,4,4,11,1,11,6,9,7,5,
15,9,6,2,8,0,5,3,11,10,2,8,4,4,11,1,11,6,9,7,5,
15,9,6,2,8,0,5,3,11,10,2,8,4,4,11,1,11,6,9,7,5,
15,9,6,2,8,0,5,3,11,10,2,8,4,4,11,1,11,6,9,7,5,
15,9,6,2,8,0,5,3,11,10,2,8,4,4,11,1,11,6,9,7,5,
15,10,6,2,8,0,5,3,11,10,2,9,4,4,12,1,11,6,9,7,5,
15,9,6,2,8,0,5,3,11,10,2,8,4,4,11,1,11,6,9,7,5,
15,9,6,2,8,0,5,3,11,10,2,9,4,4,11,1,11,6,9,7,5,
17,11,8,2,9,0,7,3,12,12,2,10,4,4,13,1,13,8,11,9,7,
15,9,6,2,8,0,5,3,11,10,2,9,4,4,12,1,11,6,9,7,5,
15,9,6,2,8,0,5,3,11,10,2,9,4,4,12,1,11,6,9,7,5,
15,9,6,2,8,0,5,3,11,10,2,9,4,4,12,1,11,6,9,7,5,
15,10,6,2,8,0,5,3,11,10,3,9,4,4,12,1,11,6,9,7,6,
15,10,6,2,8,0,5,3,11,10,3,9,4,4,12,1,11,6,9,7,6,
16,9,6,1,7,0,5,3,10,10,2,8,4,3,11,1,11,6,9,7,5,
15,10,7,2,8,0,6,6,11,11,6,9,6,6,12,1,11,6,9,8,6,
15,10,6,2,8,0,5,3,11,10,3,9,4,4,12,1,11,6,9,7,6,
15,10,7,2,8,0,5,3,11,11,3,9,5,4,12,1,12,6,9,8,6,
15,10,6,2,8,0,5,3,11,10,3,9,4,4,12,1,11,6,9,7,6,
15,10,7,2,8,0,5,3,11,10,3,9,4,4,12,1,11,6,9,8,6,
15,10,6,2,8,0,5,3,11,10,3,9,4,4,12,1,11,6,9,7,6,
15,10,7,2,8,0,5,3,11,10,3,9,4,4,12,1,11,6,9,8,6,
15,10,6,2,8,0,5,3,11,10,3,9,4,4,12,1,11,6,9,7,6,
15,10,6,2,8,0,5,3,11,11,3,9,4,4,12,2,12,6,9,7,6,
15,10,7,2,8,0,5,3,11,10,3,9,5,4,12,2,11,6,9,8,6,
15,10,7,2,8,0,5,3,11,10,3,9,5,4,12,2,11,6,9,7,6,
15,10,7,2,8,0,5,3,11,11,3,9,5,4,12,2,12,6,9,8,6,
15,10,6,1,7,0,4,2,10,10,2,10,4,3,11,1,10,5,10,7,5,
15,10,7,2,8,0,5,3,11,11,3,9,4,4,12,2,11,6,9,8,6,
15,9,6,1,7,0,5,2,10,10,2,8,4,3,11,1,11,5,9,7,5,
15,9,6,1,7,0,5,2,10,10,2,8,4,3,11,1,11,5,8,7,5,
15,9,6,1,7,0,5,2,10,10,2,8,4,3,11,1,11,5,8,7,5,
15,9,6,1,7,0,5,2,10,10,2,8,4,3,11,1,10,5,8,7,5,
15,9,6,1,7,0,5,2,10,10,2,8,4,3,11,1,11,5,8,7,5,
17,10,6,1,7,0,5,2,12,11,2,8,4,3,13,1,12,5,10,7,5,
15,9,6,1,7,0,5,2,10,10,2,8,4,3,11,1,11,5,8,7,5,
15,9,6,1,7,0,5,2,10,10,2,8,4,3,11,1,11,5,8,7,5,
15,9,6,1,7,0,5,2,10,10,2,8,4,3,11,1,11,5,8,7,5,
15,9,6,1,7,0,5,2,10,10,2,8,4,3,11,1,11,5,9,7,5,
15,9,6,1,7,0,5,2,10,10,2,8,4,3,11,1,11,5,9,7,5,
15,9,6,3,7,0,5,3,10,10,3,8,4,3,11,3,11,5,8,7,5,
15,9,6,1,7,0,5,2,10,10,2,8,4,3,11,1,11,5,9,7,5,
15,9,6,1,7,0,5,2,10,10,2,8,4,3,11,1,11,5,9,7,5,
14,9,6,1,7,0,5,2,10,10,2,8,4,3,11,1,11,5,8,7,5,
14,9,6,1,7,0,5,2,10,10,2,8,4,3,11,1,11,5,8,7,5,
15,9,6,1,7,0,5,2,10,10,2,8,4,3,11,1,11,5,8,7,5,
14,9,6,1,7,0,5,3,10,10,2,8,4,3,11,1,11,6,9,7,5,
15,9,6,1,7,0,5,3,10,10,2,8,4,3,11,1,11,6,9,7,5,
15,9,6,1,7,0,5,3,10,10,2,8,4,3,11,1,11,6,9,7,5,
14,9,6,1,7,0,5,3,10,10,2,8,4,3,11,1,11,5,9,7,5,
14,9,6,1,7,0,5,3,10,10,2,8,4,3,11,1,11,6,9,7,5,
14,9,6,1,7,0,5,3,10,10,2,8,4,3,11,1,11,6,9,7,5,
15,9,6,1,7,0,5,3,10,10,2,8,4,3,11,1,11,5,9,7,5,
15,9,6,1,7,0,5,3,11,10,2,8,4,3,11,1,11,6,9,7,5,
15,9,6,1,8,0,5,3,11,10,2,8,4,4,11,1,11,6,9,7,5,
14,9,6,3,7,0,5,3,10,10,3,8,4,3,11,3,11,6,9,7,5,
15,9,6,1,8,0,5,3,11,10,2,8,4,4,11,1,11,6,9,7,5,
16,10,7,1,9,0,6,4,12,11,2,10,5,5,12,1,12,7,10,8,6,
15,9,6,1,7,0,5,3,10,10,2,8,4,4,11,1,11,6,9,7,5,
15,9,6,2,7,0,5,3,11,10,2,8,4,4,11,1,11,6,9,7,5,
15,9,6,2,8,0,5,3,11,10,2,9,4,4,12,1,11,6,9,7,5,
15,9,6,2,7,0,5,3,10,10,2,8,4,4,11,1,11,6,9,7,5,
15,9,6,2,8,0,5,3,11,10,2,8,4,4,11,1,11,6,9,7,5,
15,9,6,2,8,0,5,3,11,10,2,8,4,4,11,1,11,6,9,7,5,
16,9,6,1,7,0,5,3,10,10,2,8,4,3,11,1,11,5,9,7,5,
17,10,6,2,8,0,5,5,13,10,5,9,5,5,14,1,13,6,9,7,5,
15,9,6,2,8,0,5,3,11,10,2,8,4,4,11,1,11,6,9,7,5,
15,9,6,2,8,0,5,3,11,10,2,9,4,4,11,1,11,6,9,7,5,
15,9,6,2,8,0,5,3,11,10,2,9,4,4,12,1,11,6,9,7,5,
15,9,6,2,8,0,5,3,11,10,2,9,4,4,11,1,11,6,9,7,5,
15,9,6,1,7,0,5,2,10,10,2,8,4,3,11,1,11,5,9,7,5,
15,10,6,2,8,0,5,3,11,10,3,9,4,4,12,1,11,6,9,7,6,
15,10,6,2,8,0,5,3,11,10,3,9,4,4,12,1,11,6,9,7,6,
15,10,6,2,8,0,5,3,11,10,3,9,4,4,12,1,11,6,9,7,6,
15,9,6,2,8,0,5,3,11,10,3,9,4,4,11,1,11,6,9,7,5,
15,10,6,2,8,0,5,3,11,10,3,9,4,4,12,1,11,6,9,7,5,
15,9,6,2,8,0,5,3,11,10,3,9,4,4,12,1,11,6,9,7,5,
15,11,6,2,8,0,5,3,11,11,3,11,4,4,12,1,11,6,11,7,5,
15,10,6,2,8,0,5,3,11,10,3,9,4,4,12,1,11,6,9,7,6,
15,10,6,2,8,0,5,3,11,10,3,9,4,4,12,1,11,6,9,7,5,
15,10,6,2,8,0,5,3,11,10,3,9,4,4,12,1,11,6,9,7,6,
15,10,7,2,8,0,5,3,11,10,3,9,4,4,12,1,11,6,9,7,6,
18,10,7,2,8,0,5,3,11,11,3,9,4,4,12,1,12,6,9,7,6,
15,10,7,2,8,0,5,3,11,10,3,9,5,4,12,1,11,6,9,8,6,
15,10,7,2,8,0,5,3,11,10,3,9,4,4,12,2,11,6,9,7,6,
18,13,10,2,11,0,8,6,14,14,6,12,7,7,15,2,15,9,12,11,9,
15,10,7,2,8,0,5,3,11,11,3,9,5,4,12,2,12,6,9,8,6,
15,10,7,2,8,0,6,3,11,11,3,9,5,4,12,2,12,6,9,8,6,
16,10,6,2,8,0,5,3,11,10,3,9,5,4,12,2,11,6,9,7,6,
15,10,7,2,8,0,5,3,11,11,3,9,5,4,12,2,11,6,9,8,6,
15,9,6,1,7,0,5,2,10,9,2,8,4,3,11,1,10,5,8,7,5,
15,9,6,1,7,0,4,2,10,10,2,8,4,3,11,1,10,5,8,7,5,
15,9,6,1,7,0,4,2,10,10,2,8,4,3,11,1,10,5,8,7,5,
15,9,6,1,7,0,5,2,10,10,2,8,4,3,11,1,11,5,8,7,5,
15,9,6,1,7,0,5,2,10,10,2,8,4,3,11,1,11,5,8,7,5,
15,9,6,1,7,0,5,2,10,10,2,8,4,3,11,1,11,5,8,7,5,
15,9,6,1,7,0,5,2,10,10,2,8,4,3,11,1,11,5,8,7,5,
15,9,6,1,7,0,5,2,10,10,2,8,4,3,11,1,11,5,8,7,5,
15,9,6,1,7,0,5,2,10,10,2,8,4,3,11,1,10,5,8,7,5,
17,10,7,1,9,0,6,4,12,11,2,9,5,4,12,1,12,7,10,8,6,
16,9,6,1,7,0,5,3,10,10,2,8,4,3,11,1,11,6,9,7,5,
15,9,6,1,7,0,5,2,10,9,2,8,4,3,11,1,10,5,8,7,5,
19,10,6,1,8,0,5,3,11,11,2,9,4,3,15,1,12,6,10,8,5,
15,9,6,1,7,0,5,2,10,10,2,8,4,3,11,1,11,6,9,7,5,
14,9,6,1,7,0,5,3,10,10,2,8,4,3,11,1,11,6,9,7,5,
16,9,6,1,7,0,5,3,12,10,2,8,4,3,13,1,13,6,9,7,5,
19,14,11,1,12,0,10,3,15,15,2,13,9,4,16,1,16,11,14,12,10,
14,9,6,1,7,0,5,3,10,10,2,8,4,3,11,1,11,6,9,7,5,
14,9,6,1,7,0,5,3,10,10,2,8,4,3,11,1,11,6,9,7,5,
15,9,6,1,7,0,5,3,11,10,2,8,4,4,11,1,11,6,9,7,5,
17,9,6,1,8,0,5,3,11,10,2,8,4,4,11,1,11,6,9,7,5,
14,9,6,1,7,0,5,3,10,10,2,8,4,3,11,1,11,5,8,7,5,
14,9,6,1,7,0,5,3,10,10,2,8,4,4,11,1,11,6,9,7,5,
15,9,6,1,7,0,5,3,11,10,2,8,4,3,11,1,11,6,9,7,5,
15,10,7,2,8,0,5,3,11,10,3,9,4,4,12,1,11,6,9,8,6,
15,9,6,4,7,0,5,4,10,10,4,8,4,4,11,4,11,6,9,7,5,
16,9,6,2,8,0,5,3,11,10,2,8,4,4,11,1,11,6,9,7,5,
15,9,6,2,8,0,5,3,11,10,2,8,4,4,11,1,11,6,9,7,5,
15,9,6,1,8,0,5,3,11,10,2,8,4,4,11,1,11,6,9,7,5,
15,9,6,1,7,0,5,3,10,10,2,8,4,4,11,1,11,6,9,7,5,
15,9,6,2,7,0,5,3,11,10,2,8,4,4,11,1,11,6,9,7,5,
15,9,6,2,8,0,5,3,11,10,2,8,4,4,11,1,11,6,9,7,5,
15,9,6,2,8,0,5,3,11,10,2,9,4,4,11,1,11,6,9,7,5,
15,9,6,2,8,0,5,3,11,10,2,8,4,4,11,1,11,6,9,7,5,
15,9,6,2,8,0,5,3,11,10,2,9,4,4,11,1,11,6,9,7,5,
15,9,6,2,8,0,5,3,11,10,2,8,4,4,11,1,11,6,9,7,5,
15,9,6,2,8,0,5,3,11,10,2,8,4,4,11,1,11,6,9,7,5,
15,11,6,2,8,0,5,3,11,11,2,11,4,4,12,1,11,6,11,7,5,
15,10,6,2,8,0,5,3,11,10,3,9,4,4,12,1,11,6,9,7,5,
15,10,6,2,8,0,5,3,11,10,2,9,4,4,12,1,11,6,9,7,6,
15,9,6,2,8,0,5,3,11,10,3,9,4,4,12,1,11,6,9,7,5,
15,9,6,2,8,0,5,3,11,10,2,9,4,4,11,1,11,6,9,7,5,
18,9,6,2,8,0,5,3,11,10,2,9,4,4,11,1,11,6,9,7,5,
15,9,6,2,8,0,5,3,11,10,2,9,4,4,12,1,11,6,9,7,5,
15,10,6,2,8,0,5,3,11,10,2,9,4,4,12,1,11,6,9,7,5,
15,9,6,2,8,0,5,3,11,10,3,9,4,4,11,1,11,6,9,7,5,
16,10,7,2,8,0,5,3,11,11,3,9,4,4,12,1,12,6,9,8,6,
15,10,6,2,8,0,5,3,11,10,3,9,4,4,12,1,11,6,9,7,5,
15,9,6,2,8,0,5,3,11,10,3,9,4,4,12,1,11,6,9,7,5,
20,12,6,2,11,0,5,3,14,13,3,11,4,4,17,1,17,6,12,10,5,
15,10,6,2,8,0,5,3,11,10,3,9,4,4,12,1,11,6,9,7,6,
15,10,6,2,8,0,5,3,11,10,3,9,4,4,12,1,11,6,9,7,6,
16,10,7,2,8,0,5,3,11,10,3,9,5,4,12,2,12,6,9,8,6,
16,10,7,2,9,0,6,3,12,11,3,10,5,4,13,1,12,7,10,8,6,
15,10,7,2,8,0,5,3,11,10,3,9,4,4,12,1,11,6,9,7,6,
15,10,6,2,8,0,5,3,11,10,3,9,4,4,12,1,11,6,9,7,6,
16,10,7,2,8,0,6,3,11,11,3,9,5,4,12,2,12,6,10,8,6,
15,10,7,2,8,0,5,3,11,10,3,9,4,4,12,1,11,6,9,8,6,
15,8,5,0,6,0,3,1,9,8,1,7,2,2,10,0,9,4,7,6,4,
15,10,7,2,8,0,5,3,11,11,3,9,4,4,12,2,12,6,9,8,6,
17,11,8,2,10,0,7,5,13,12,3,10,6,6,13,2,13,8,11,9,7,
15,10,7,2,8,0,5,3,11,11,3,9,4,4,12,2,12,6,9,8,6,
15,9,6,1,9,0,4,2,10,10,2,9,4,3,11,1,10,5,9,9,5,
15,9,6,1,7,0,4,2,10,10,2,8,4,3,11,1,10,5,8,7,5,
15,9,6,1,7,0,5,2,10,10,2,8,4,3,11,1,11,5,8,7,5,
15,9,6,1,7,0,5,2,10,10,2,8,4,3,11,1,11,5,8,7,5,
18,9,6,1,7,0,5,3,10,10,2,8,4,3,11,1,11,6,9,7,5,
15,9,6,1,7,0,5,2,10,10,2,8,4,3,11,1,10,5,8,7,5,
15,9,6,1,7,0,4,2,10,10,2,8,4,3,11,1,11,5,8,7,5,
18,12,6,1,7,0,5,2,13,13,2,8,4,3,14,1,13,5,11,7,5,
15,9,6,1,7,0,5,2,10,10,2,8,4,3,11,1,11,5,8,7,5,
15,9,6,1,7,0,5,2,10,10,2,8,4,3,11,1,11,5,8,7,5,
14,9,6,1,7,0,5,2,10,10,2,8,4,3,11,1,11,5,8,7,5,
14,9,6,1,7,0,5,3,10,10,2,8,4,3,11,1,11,6,9,7,5,
14,9,6,1,7,0,5,2,10,10,2,8,4,3,11,1,11,5,8,7,5,
15,7,4,0,5,0,3,1,8,8,0,6,2,1,9,0,9,4,7,5,3,
17,9,6,1,7,0,5,2,10,10,2,8,4,3,11,1,11,5,8,7,5,
14,9,6,1,7,0,5,3,10,10,2,8,4,3,11,1,11,6,9,7,5,
15,9,6,1,8,0,5,3,11,10,2,8,4,3,11,1,11,6,9,7,5,
15,9,6,1,8,0,5,3,11,10,2,8,4,3,11,1,11,6,9,7,5,
15,9,6,1,8,0,5,3,11,10,2,9,4,3,11,1,11,6,9,7,5,
15,9,6,1,8,0,5,3,10,10,2,8,4,3,11,1,11,6,9,7,5,
15,9,6,1,8,0,5,3,11,10,2,8,4,3,11,1,11,6,9,7,5,
15,9,6,1,7,0,5,3,10,10,2,8,4,3,11,1,11,6,9,7,5,
15,9,6,1,7,0,5,3,10,10,2,8,4,3,11,1,11,6,9,7,5,
15,9,6,1,8,0,5,3,11,10,2,8,4,4,11,1,11,6,9,7,5,
15,9,6,1,7,0,5,3,10,10,2,8,4,3,11,1,11,6,9,7,5,
18,12,9,1,10,0,8,3,13,13,2,11,4,4,14,1,14,9,12,10,8,
15,9,6,1,8,0,5,3,11,10,2,8,4,4,11,1,11,6,9,7,5,
15,9,6,1,7,0,5,3,11,10,2,8,4,4,11,1,11,6,9,7,5,
15,9,6,2,8,0,5,3,11,10,2,8,4,4,11,1,11,6,9,7,5,
15,9,6,2,8,0,5,3,11,10,2,9,4,4,11,1,11,6,9,7,5,
15,9,6,2,8,0,5,3,11,10,2,9,4,4,11,1,11,6,9,7,5,
15,10,6,2,8,0,5,3,11,10,2,9,4,4,12,1,11,6,9,7,5,
15,10,6,2,8,0,5,3,11,10,2,9,4,4,12,1,11,6,9,7,5,
16,11,7,3,9,0,6,4,12,11,3,10,5,5,13,1,12,7,10,8,6,
18,12,9,2,10,0,8,6,13,13,2,11,7,6,14,1,14,9,12,10,8,
15,9,6,2,8,0,5,3,11,10,2,9,4,4,12,1,11,6,9,7,5,
15,9,6,2,8,0,5,3,11,10,2,8,4,4,12,1,11,6,9,7,5,
17,9,6,2,8,0,5,3,14,10,2,9,4,4,14,1,14,6,9,7,5,
15,10,7,2,8,0,5,3,11,10,2,9,4,4,12,1,11,6,9,8,5,
15,10,7,2,8,0,5,3,11,11,2,9,4,4,12,1,12,6,9,8,6,
15,10,7,2,8,0,5,3,11,10,3,9,4,4,12,1,11,6,9,7,5,
18,9,6,1,8,0,5,3,11,10,2,8,4,3,11,1,11,6,9,7,5,
15,12,6,2,8,0,5,3,12,12,3,9,4,4,12,1,12,6,9,7,5,
15,10,6,2,8,0,5,3,11,10,3,9,4,4,12,1,11,6,9,7,6,
17,11,6,2,8,0,5,3,13,12,3,9,4,4,13,1,13,6,11,7,5,
15,10,7,2,8,0,5,3,11,11,3,9,4,4,12,1,11,6,9,8,6,
15,10,6,2,8,0,5,3,11,10,3,9,4,4,12,1,11,6,9,7,6,
16,10,6,2,8,0,5,3,11,10,3,9,4,4,12,1,11,6,9,7,5,
17,10,6,2,8,0,5,3,11,10,3,9,4,4,12,1,11,6,9,7,5,
15,10,7,2,8,0,5,3,11,10,3,9,4,4,12,1,11,6,9,7,6,
15,10,7,2,8,0,5,3,11,10,3,9,4,4,12,1,11,6,9,8,6,
16,9,6,1,7,0,5,2,10,10,2,8,4,3,11,1,11,5,8,7,5,
15,10,6,2,8,0,5,3,11,10,3,9,4,4,12,1,11,6,9,7,6,
15,10,7,2,8,0,5,3,11,11,3,9,4,4,12,1,12,6,9,8,6,
16,10,7,2,8,0,6,3,11,11,3,9,5,4,12,2,12,6,10,8,6,
15,10,7,2,8,0,5,3,11,10,3,9,5,4,12,2,11,6,9,8,6,
15,10,6,2,8,0,5,3,11,10,3,9,4,4,12,1,11,6,9,7,6,
15,10,7,2,8,0,5,3,11,11,3,9,5,4,12,1,11,6,9,8,6,
16,10,6,2,8,0,5,3,11,10,2,9,4,4,12,1,11,6,9,7,5,
18,12,9,1,10,0,7,5,13,13,2,11,7,6,14,1,14,8,11,10,8,
15,9,6,1,7,0,4,2,10,10,2,8,4,3,11,1,10,5,8,7,5,
15,9,6,1,7,0,5,2,10,10,2,8,4,3,11,1,11,5,8,7,5,
21,12,6,1,10,0,5,3,14,13,2,11,4,4,17,1,17,6,12,10,5,
15,9,6,1,7,0,5,2,10,10,2,8,4,3,11,1,11,5,8,7,5,
15,9,6,1,7,0,5,2,10,10,2,8,4,3,11,1,11,5,8,7,5,
18,9,6,1,7,0,5,2,10,10,2,8,4,3,14,1,11,5,8,7,5,
15,9,6,1,7,0,5,2,10,10,2,8,4,3,11,1,11,5,8,7,5,
16,9,6,1,7,0,5,2,10,10,2,8,4,3,11,1,11,5,8,7,5,
16,9,6,1,7,0,5,3,11,10,2,8,4,3,12,1,11,5,9,7,5,
15,9,6,1,7,0,5,2,10,10,2,8,4,3,11,1,11,5,9,7,5,
15,9,6,2,7,0,5,3,10,10,2,8,4,4,11,1,11,6,9,7,5,
15,9,6,1,7,0,5,2,10,10,2,8,4,3,11,1,11,5,9,7,5,
15,9,6,1,7,0,5,3,10,10,2,8,4,3,11,1,11,6,9,7,5,
15,9,6,1,7,0,5,2,10,10,2,8,4,3,11,1,11,5,9,7,5,
14,9,6,1,7,0,5,3,10,10,2,8,4,3,11,1,11,6,9,7,5,
17,12,9,1,10,0,8,3,13,13,2,11,4,3,14,1,14,8,12,10,8,
14,9,6,1,7,0,5,3,10,10,2,8,4,3,11,1,11,5,9,7,5,
15,9,6,1,7,0,5,3,10,10,2,8,4,3,11,1,11,6,9,7,5,
14,9,6,1,7,0,5,3,10,10,2,8,4,3,11,1,11,6,9,7,5,
15,9,6,1,7,0,5,3,10,10,2,8,4,4,11,1,11,6,9,7,5,
15,10,6,1,8,0,5,3,11,10,2,9,4,4,12,1,11,6,9,7,5,
15,9,6,1,8,0,5,3,11,10,2,9,4,4,12,1,11,6,9,7,5,
14,9,6,1,7,0,5,3,10,10,2,8,4,3,11,1,11,6,9,7,5,
16,11,7,3,9,0,6,4,12,11,3,10,5,5,13,1,12,7,10,8,6,
17,12,9,1,10,0,8,5,13,13,2,11,7,6,14,1,14,8,12,10,8,
15,9,6,1,7,0,5,3,10,10,2,8,4,4,11,1,11,6,9,7,5,
15,9,6,1,8,0,5,3,10,10,2,8,4,4,11,1,11,6,9,7,5,
17,9,6,1,8,0,5,3,11,10,2,8,4,4,14,1,14,6,9,7,5,
15,9,6,1,7,0,5,3,10,10,2,8,4,4,11,1,11,6,9,7,5,
17,12,8,2,10,0,5,3,13,12,2,11,4,4,14,1,13,8,11,9,5,
15,9,6,2,8,0,5,3,11,10,2,8,4,4,11,1,11,6,9,7,5,
17,9,6,1,7,0,5,2,10,10,2,8,4,3,11,1,11,5,9,7,5,
15,9,6,2,8,0,5,3,11,10,2,9,4,4,12,1,11,6,9,7,5,
15,9,6,2,8,0,5,3,11,10,2,9,4,4,11,1,11,6,9,7,5,
17,11,6,2,8,0,5,3,13,12,2,9,4,4,13,1,13,6,11,7,5,
15,9,6,2,8,0,5,3,11,10,2,9,4,4,12,1,11,6,9,7,5,
15,9,6,2,8,0,5,3,11,10,2,9,4,4,12,1,11,6,9,7,5,
15,9,6,2,8,0,5,3,11,10,2,9,4,4,12,1,11,6,9,7,5,
17,9,6,2,8,0,5,3,11,10,2,9,4,4,12,1,11,6,9,7,5,
15,10,6,2,8,0,5,3,11,10,2,9,4,4,12,1,11,6,9,7,6,
15,10,7,2,8,0,5,3,11,10,3,9,4,4,12,1,11,6,9,7,6,
15,10,6,2,8,0,5,3,11,10,3,9,4,4,12,1,11,6,9,7,6,
18,10,6,2,8,0,5,3,14,10,3,9,4,4,14,1,14,6,9,7,5,
18,12,9,2,10,0,8,3,14,13,3,11,4,4,14,1,14,9,12,10,8,
15,10,6,2,8,0,5,3,11,10,3,9,4,4,12,1,11,6,9,7,6,
15,9,6,2,8,0,5,3,11,10,3,9,4,4,11,1,11,6,9,7,5,
15,10,7,2,8,0,5,3,11,10,3,9,4,4,12,1,11,6,9,8,6,
15,10,6,2,8,0,5,3,11,10,3,9,4,4,12,1,11,6,9,7,6,
15,10,7,2,8,0,5,3,11,10,3,9,5,4,12,1,11,6,9,7,6,
15,10,7,2,8,0,5,3,11,10,3,9,4,4,12,1,11,6,9,7,6,
15,10,6,2,8,0,5,3,11,10,3,9,4,4,12,1,11,6,9,8,6,
15,10,6,2,8,0,5,3,11,10,3,9,4,4,12,1,11,6,9,7,6,
15,12,7,2,8,0,5,3,12,12,3,12,4,4,12,1,12,6,12,8,6,
15,10,7,2,8,0,5,3,11,11,3,9,4,4,12,1,11,6,9,8,6,
15,10,7,2,8,0,5,3,11,11,3,9,4,4,12,1,11,6,9,8,6,
15,10,7,2,8,0,5,3,11,10,3,9,4,4,12,2,11,6,9,8,6,
15,10,7,2,8,0,5,3,11,11,3,9,5,4,12,2,11,6,9,8,6,
15,9,6,1,7,0,4,2,10,10,2,8,4,3,11,1,10,5,8,7,5,
15,9,6,1,7,0,4,2,10,10,2,8,4,3,11,1,10,5,8,7,5,
18,13,7,2,8,0,5,3,14,14,3,9,5,4,15,2,15,6,12,8,6,
15,9,6,1,7,0,5,2,10,10,2,8,4,3,11,1,11,5,9,7,5,
15,9,6,1,7,0,5,2,10,10,2,8,4,3,11,1,11,5,8,7,5,
15,9,6,1,7,0,5,2,10,10,2,8,4,3,11,1,11,5,8,7,5,
15,9,6,1,7,0,5,2,10,10,2,8,4,3,11,1,11,5,8,7,5,
16,10,7,2,8,0,5,3,11,11,3,9,4,4,12,2,12,6,9,8,6,
16,9,6,1,8,0,5,5,11,10,5,9,5,5,12,1,11,6,9,7,5,
15,9,6,1,7,0,5,2,10,10,2,8,4,3,11,1,11,5,8,7,5,
15,9,6,1,7,0,5,3,10,10,2,8,4,3,11,1,11,6,9,7,5,
15,9,6,1,7,0,5,3,10,10,2,8,4,3,11,1,11,6,9,7,5,
15,9,6,1,7,0,5,3,10,10,2,8,4,3,11,1,11,6,9,7,5,
14,9,6,1,7,0,5,3,10,10,2,8,4,3,11,1,11,6,9,7,5,
14,9,6,1,7,0,5,2,10,10,2,8,4,3,11,1,11,5,8,7,5,
14,9,6,1,7,0,5,3,10,10,2,8,4,3,11,1,11,5,9,7,5,
15,9,6,1,7,0,5,3,10,10,2,8,4,3,11,1,11,6,9,7,5,
15,9,6,1,7,0,5,3,10,10,2,8,4,3,11,1,11,6,9,7,5,
15,9,6,1,7,0,5,3,10,10,2,8,4,3,11,1,11,6,9,7,5,
14,8,5,0,6,0,4,2,9,9,1,7,3,2,10,0,10,5,8,6,4,
15,11,6,1,7,0,5,3,11,11,2,11,4,3,11,1,11,6,11,7,5,
15,9,6,1,7,0,5,3,10,10,2,8,4,3,11,1,11,6,9,7,5,
15,9,6,1,8,0,5,3,11,10,2,8,4,4,11,1,11,6,9,7,5,
15,9,6,1,7,0,5,3,11,10,2,8,4,4,11,1,11,6,9,7,5,
15,9,6,1,7,0,5,3,10,10,2,8,4,4,11,1,11,6,9,7,5,
17,9,6,1,7,0,5,3,10,10,2,8,4,4,11,1,11,6,9,7,5,
15,9,6,1,8,0,5,3,11,10,2,8,4,4,11,1,11,6,9,7,5,
15,9,6,2,7,0,5,3,11,10,2,8,4,4,11,1,11,6,9,7,5,
15,9,6,2,8,0,5,3,11,10,2,8,4,4,11,1,11,6,9,7,5,
15,10,6,2,8,0,5,3,11,10,2,9,4,4,12,1,12,6,9,7,5,
15,9,6,2,8,0,5,3,11,10,2,9,4,4,12,1,11,6,9,7,5,
17,9,6,2,8,0,5,3,11,10,2,9,4,4,11,1,11,6,9,7,5,
20,12,6,2,10,0,5,3,13,13,2,11,4,4,17,1,14,6,11,10,5,
15,9,6,2,8,0,5,3,11,10,2,9,4,4,11,1,11,6,9,7,5,
15,9,6,2,8,0,5,3,11,10,2,9,4,4,11,1,11,6,9,7,5,
15,9,6,2,8,0,5,3,11,10,2,8,4,4,12,1,12,6,9,7,5,
16,10,7,2,8,0,6,3,11,11,2,9,5,4,12,1,12,7,10,8,6,
15,9,6,2,8,0,5,3,11,10,2,9,4,4,11,1,11,6,9,7,5,
15,9,6,2,8,0,5,3,11,10,2,9,4,4,11,1,12,6,9,7,5,
18,12,6,2,8,0,5,3,14,13,2,9,4,4,14,1,14,6,12,7,5,
15,10,6,2,8,0,5,3,11,10,2,9,4,4,12,1,11,6,9,7,5,
15,10,6,2,8,0,5,3,11,10,2,9,4,4,12,1,11,6,9,7,5,
15,10,6,2,8,0,5,3,11,10,3,9,4,4,12,1,11,6,9,7,5,
15,10,6,2,8,0,5,3,11,10,3,9,4,4,12,1,11,6,9,7,6,
15,10,6,2,8,0,5,3,11,10,3,9,4,4,12,1,11,6,9,7,5,
15,9,6,2,8,0,5,3,11,10,3,9,4,4,12,1,11,6,9,7,5,
17,9,6,2,8,0,5,3,11,10,2,8,4,4,11,1,11,6,9,7,5,
15,10,6,2,8,0,5,3,11,10,3,9,4,4,12,1,12,6,9,7,6,
16,10,6,2,8,0,5,3,11,11,3,9,4,4,12,1,12,6,10,7,6,
15,10,6,2,8,0,5,3,11,10,3,9,4,4,12,1,11,6,9,7,6,
15,9,6,2,8,0,5,3,11,10,3,9,4,4,12,1,11,6,9,7,6,
15,10,7,2,8,0,5,3,11,10,3,9,4,4,12,1,12,6,9,7,6,
15,10,6,2,8,0,5,3,11,10,3,9,4,4,12,1,11,6,9,7,6,
16,11,8,3,9,0,7,5,12,12,4,10,6,6,13,1,13,8,11,9,7,
15,10,7,2,8,0,5,3,11,11,3,9,4,4,12,1,12,6,9,8,6,
15,10,7,2,8,0,5,3,11,11,3,9,5,4,12,1,12,6,9,8,6,
15,10,7,2,8,0,6,3,11,11,3,9,5,4,12,2,12,6,9,8,6,
18,13,7,2,8,0,5,3,14,13,3,12,5,4,15,1,14,6,12,8,6,
15,9,6,1,7,0,5,2,10,10,2,8,4,3,11,1,11,5,8,7,5,
15,10,7,2,8,0,5,3,11,11,3,9,5,4,12,2,12,6,9,8,6,
15,10,6,2,8,0,5,3,11,11,3,9,4,4,12,2,12,6,9,8,6,
15,9,6,1,7,0,5,2,10,10,2,8,4,3,11,1,11,5,8,7,5,
15,9,6,1,7,0,5,2,10,10,2,8,4,3,11,1,11,5,9,7,5,
17,11,6,1,7,0,5,2,12,12,2,8,4,3,13,1,13,5,10,7,5,
15,9,6,1,7,0,5,2,10,10,2,8,4,3,11,1,10,5,8,7,5,
15,9,6,1,7,0,5,2,10,10,2,8,4,3,11,1,11,5,8,7,5,
15,9,6,1,7,0,5,2,10,10,2,8,4,3,11,1,11,5,8,7,5,
15,9,6,1,7,0,5,2,10,10,2,8,4,3,11,1,11,5,8,7,5,
16,9,6,1,7,0,5,2,10,10,2,8,4,3,11,1,11,5,9,7,5,
15,9,6,1,7,0,5,2,10,10,2,8,4,3,11,1,11,5,8,7,5,
21,14,11,1,12,0,10,2,15,15,2,13,6,3,16,1,16,11,14,12,10,
14,9,6,1,7,0,5,3,10,10,2,8,4,3,11,1,11,6,9,7,5,
14,9,6,1,7,0,5,3,10,10,2,8,4,3,11,1,11,6,9,7,5,
14,9,6,1,7,0,5,3,10,10,2,8,4,3,11,1,11,6,9,7,5,
14,9,6,1,7,0,5,3,10,10,2,8,4,3,11,1,11,6,9,7,5,
16,9,6,1,7,0,5,3,10,10,2,8,4,3,11,1,11,6,9,7,5,
15,9,6,1,7,0,5,3,10,10,2,8,4,3,11,1,11,6,9,7,5,
14,9,6,1,7,0,5,3,10,10,2,8,4,3,11,1,11,6,9,7,5,
17,12,9,4,10,0,8,5,13,13,5,11,7,6,14,1,14,8,11,10,8,
15,9,6,1,7,0,5,3,10,10,2,8,4,3,11,1,11,6,9,7,5,
15,9,6,1,8,0,5,3,11,10,2,8,4,4,11,1,11,6,9,7,5,
15,9,6,1,8,0,5,3,10,10,2,8,4,4,11,1,11,6,9,7,5,
19,11,6,1,9,0,5,3,12,12,2,10,4,3,16,1,16,6,10,9,5,
16,11,6,1,8,0,5,3,12,12,2,10,4,4,13,1,13,6,11,7,5,
15,9,6,2,8,0,5,3,11,10,2,8,4,4,11,1,11,6,9,7,5,
16,9,6,2,8,0,5,3,12,10,2,8,4,4,13,1,12,6,9,7,5,
15,9,6,2,8,0,5,3,11,10,2,9,4,4,12,1,11,6,9,7,5,
15,9,6,2,8,0,5,3,11,10,2,8,4,4,11,1,11,6,9,7,5,
15,9,6,2,8,0,5,3,11,10,2,9,4,4,11,1,11,6,9,7,5,
17,12,6,2,8,0,5,3,13,13,2,8,4,4,14,1,14,6,12,7,5,
15,9,6,2,8,0,5,3,11,10,2,9,4,4,12,1,11,6,9,7,5,
15,9,6,2,8,0,5,3,11,10,2,9,4,4,11,1,11,6,9,7,5,
15,9,6,2,8,0,5,3,11,10,2,9,4,4,12,1,11,6,9,7,5,
15,9,6,2,8,0,5,3,11,10,2,8,4,4,11,1,11,6,9,7,5,
15,9,6,2,8,0,5,3,11,10,2,9,4,4,12,1,11,6,9,7,5,
15,9,6,2,8,0,5,3,11,10,2,9,4,4,11,1,11,6,9,7,5,
42,37,34,2,35,0,32,3,38,37,3,36,4,4,39,1,38,33,36,34,32,
15,9,6,2,8,0,5,3,11,10,3,9,4,4,12,1,11,6,9,7,5,
15,9,6,2,8,0,5,3,11,10,2,9,4,4,12,1,11,6,9,7,5,
15,10,6,2,8,0,5,3,11,10,2,9,4,4,12,1,11,6,9,7,5,
15,10,6,2,8,0,5,3,11,10,3,9,4,4,12,1,11,6,9,7,5,
15,10,6,2,8,0,5,3,11,10,3,9,4,4,12,1,11,6,9,7,6,
15,9,6,2,8,0,5,3,11,10,3,9,4,4,12,1,11,6,9,7,5,
15,9,6,2,8,0,5,3,11,10,3,9,4,4,12,1,11,6,9,7,5,
15,9,6,2,8,0,5,3,11,10,3,9,4,4,12,1,11,6,9,7,6,
15,9,6,2,8,0,5,3,11,10,3,9,4,4,12,1,11,6,9,7,6,
16,13,6,2,8,0,5,3,13,13,3,9,4,4,13,1,13,6,9,8,6,
15,10,6,2,8,0,5,3,11,10,3,9,4,4,12,1,11,6,9,7,6,
15,9,6,2,8,0,5,3,11,10,3,9,4,4,12,1,11,6,9,7,5,
15,10,6,2,8,0,5,3,11,10,3,9,4,4,12,1,11,6,9,7,6,
16,10,7,2,8,0,6,3,11,11,3,9,5,4,12,1,12,7,10,8,6,
16,10,7,2,8,0,6,3,11,11,3,9,6,6,12,1,12,7,10,8,6,
18,9,6,2,8,0,5,3,11,10,3,9,4,4,12,1,11,6,9,7,5,
19,14,9,2,10,0,7,5,15,15,3,11,7,6,16,2,16,8,14,10,8,
15,10,6,2,8,0,5,3,11,10,3,9,4,4,12,2,11,6,9,7,6,
15,10,7,2,8,0,6,3,11,11,3,9,5,4,12,2,12,6,9,8,6,
15,10,7,2,8,0,6,3,11,10,3,9,5,4,12,2,11,6,9,8,6,
15,10,7,2,8,0,6,3,11,11,3,9,5,4,12,2,12,6,9,8,6,
17,10,6,2,8,0,5,3,11,10,3,9,4,4,12,1,11,6,9,7,5,
17,10,7,1,8,0,6,2,12,11,2,9,6,6,12,1,12,7,10,8,6,
17,9,6,1,7,0,5,2,10,10,2,8,4,3,11,1,11,5,8,7,5,
15,9,6,1,7,0,5,3,10,10,2,8,4,3,11,1,11,5,8,7,5,
15,9,6,1,7,0,5,2,10,10,2,8,4,3,11,1,11,5,8,7,5,
15,9,6,1,7,0,5,2,10,10,2,8,4,3,11,1,11,5,8,7,5,
15,9,6,1,7,0,5,3,10,10,2,8,4,3,11,1,11,6,9,7,5,
17,11,8,3,9,0,7,5,12,12,4,10,6,5,13,3,13,7,11,9,7,
15,9,6,1,7,0,5,2,10,10,2,8,4,3,11,1,11,5,9,7,5,
16,9,6,1,8,0,5,3,11,10,2,8,4,4,11,1,11,6,9,7,5,
17,11,7,1,9,0,6,4,12,11,2,10,5,5,13,1,12,7,10,8,7,
15,9,6,1,7,0,5,2,10,10,2,8,4,3,11,1,11,5,8,7,5,
14,9,6,1,7,0,5,2,10,10,2,8,4,3,11,1,11,5,9,7,5,
16,9,6,1,7,0,5,3,12,12,2,8,4,3,12,1,12,6,9,7,5,
14,9,6,1,7,0,5,3,10,10,2,8,4,3,11,1,11,6,9,7,5,
14,9,6,1,7,0,5,3,10,10,2,8,4,3,11,1,11,6,9,7,5,
14,9,6,1,7,0,5,3,10,10,2,8,4,4,11,1,11,6,9,7,5,
17,9,6,1,7,0,5,3,11,10,2,8,4,4,11,1,11,6,9,7,5,
15,9,6,1,7,0,5,3,10,10,2,8,4,4,11,1,11,6,9,7,5,
15,9,6,1,7,0,5,3,11,10,2,8,4,4,11,1,11,6,9,7,5,
15,10,6,1,7,0,5,3,11,11,2,8,4,4,12,1,12,6,9,7,5,
15,9,6,1,7,0,5,3,11,10,2,8,4,4,11,1,11,6,9,7,5,
15,9,6,1,8,0,5,3,11,10,2,9,4,4,12,1,11,6,9,7,5,
15,9,6,1,8,0,5,3,11,10,2,8,4,4,11,1,11,6,9,7,5,
16,9,6,1,8,0,5,3,11,10,2,8,4,4,12,1,11,6,9,7,5,
15,9,6,1,8,0,5,3,11,10,2,8,4,4,11,1,11,6,9,7,5,
15,10,6,2,8,0,5,3,11,10,2,9,4,4,12,1,11,6,9,7,5,
15,9,6,1,8,0,5,3,11,10,2,8,4,4,11,1,11,6,9,7,5,
18,9,6,2,8,0,5,3,14,10,2,8,4,4,14,1,14,6,9,7,5,
17,12,9,2,10,0,8,3,13,13,2,11,7,4,14,1,14,8,11,10,8,
15,9,6,2,8,0,5,3,11,10,2,8,4,4,12,1,11,6,9,7,5,
15,9,6,2,8,0,5,3,11,10,2,8,4,4,11,1,11,6,9,7,5,
15,9,6,2,8,0,5,3,11,10,2,8,4,4,12,1,11,6,9,7,5,
17,9,6,2,8,0,5,3,11,10,2,8,4,4,11,1,11,6,9,7,5,
15,9,6,2,8,0,5,3,11,10,2,8,4,4,12,1,11,6,9,7,5,
15,9,6,2,8,0,5,3,11,10,2,9,4,4,12,1,11,6,9,7,5,
15,9,6,2,8,0,5,3,11,10,2,8,4,4,11,1,11,6,9,7,5,
15,9,6,2,8,0,5,3,11,10,2,9,4,4,12,1,11,6,9,7,5,
15,10,6,3,8,0,5,3,11,10,3,9,4,4,12,3,11,6,9,7,5,
15,10,6,2,8,0,5,3,11,10,2,10,4,4,11,1,11,6,10,7,5,
15,9,6,2,8,0,5,3,11,10,2,9,4,4,12,1,11,6,9,7,5,
15,9,6,2,8,0,5,3,11,10,2,9,4,4,12,1,11,6,9,7,5,
15,10,7,2,8,0,5,3,11,10,2,9,4,4,12,1,11,6,9,7,5,
15,9,6,2,8,0,5,3,11,10,2,9,4,4,12,1,11,6,9,7,5,
32,10,6,2,8,0,5,28,11,10,3,9,4,4,12,1,12,6,9,7,5,
16,10,7,2,8,0,6,3,11,11,3,9,5,4,12,1,12,7,10,8,6,
15,10,6,2,8,0,5,3,11,10,3,9,4,4,12,1,11,6,9,7,5,
15,10,6,2,8,0,5,3,11,10,3,9,4,4,12,1,11,6,9,7,5,
18,10,6,2,8,0,5,3,11,11,3,9,4,4,12,1,11,6,9,7,6,
65,35,32,2,33,0,31,3,36,61,3,34,30,29,37,1,37,31,35,33,31,
16,11,7,2,8,0,6,3,12,12,3,9,5,4,13,1,13,7,10,8,6,
15,10,7,2,8,0,6,3,11,11,3,9,5,4,12,1,12,6,10,8,6,
15,10,7,2,8,0,5,3,11,11,3,9,4,4,12,1,11,6,9,7,6,
15,10,7,2,8,0,5,3,11,10,3,9,4,4,12,1,11,6,9,7,6,
15,10,6,2,8,0,5,3,11,10,3,9,4,4,12,1,11,6,9,7,6,
15,10,7,2,8,0,5,3,11,11,3,9,5,4,12,1,11,6,9,8,6,
40,12,36,4,10,0,8,6,13,13,5,11,7,6,14,2,14,9,12,10,8,
16,10,7,2,9,0,5,3,12,11,3,9,5,4,12,2,12,7,10,8,6,
15,10,7,2,8,0,6,3,11,11,3,9,5,4,12,2,12,6,9,8,6,
19,10,6,1,8,0,5,2,11,11,2,9,4,3,14,1,14,5,10,8,5,
15,9,6,1,7,0,5,2,10,10,2,8,4,3,11,1,10,5,8,7,5,
15,9,6,1,7,0,5,2,10,10,2,8,4,3,11,1,11,5,8,7,5,
15,9,6,1,7,0,5,2,10,10,2,8,4,3,11,1,11,5,8,7,5,
40,33,30,1,32,0,29,2,35,34,2,33,28,3,36,1,35,30,33,31,29,
15,10,7,2,8,0,5,3,11,10,3,9,4,4,12,1,11,6,9,8,6,
15,9,6,1,7,0,5,3,10,10,2,8,4,3,11,1,11,6,9,7,5,
15,9,6,1,7,0,5,3,10,10,2,8,4,3,11,1,11,5,8,7,5,
41,9,6,1,7,0,5,3,36,10,2,8,4,3,36,1,36,5,8,7,5,
42,37,34,26,35,0,33,28,38,38,27,36,29,28,39,26,39,33,36,35,33,
41,35,32,1,33,0,5,3,36,36,2,34,4,3,37,1,37,31,35,33,5,
18,12,9,1,10,0,5,3,13,13,2,11,4,4,14,1,14,9,12,10,5,
14,9,6,1,7,0,5,3,10,10,2,8,4,3,11,1,11,6,9,7,5,
17,9,6,1,7,0,5,3,10,10,2,8,4,3,11,1,11,5,8,7,5,
14,9,6,1,7,0,5,3,10,10,2,8,4,3,11,1,11,5,8,7,5,
43,37,34,1,35,0,33,31,38,38,30,36,32,32,39,26,39,34,37,35,33,
24,19,15,12,17,0,14,12,20,19,12,18,14,13,21,10,20,15,18,16,15,
14,9,6,1,7,0,5,3,10,10,2,8,4,3,11,1,11,6,9,7,5,
42,9,6,1,7,0,5,3,10,10,2,38,4,3,11,1,11,5,9,7,5,
16,12,6,2,8,0,5,3,12,12,2,9,4,4,12,1,12,6,10,7,5,
14,9,6,1,7,0,5,3,10,10,2,8,4,3,11,1,11,5,9,7,5,
16,9,6,1,7,0,5,3,12,10,2,8,4,3,13,1,13,5,8,7,5,
15,10,7,1,8,0,6,3,11,11,2,9,5,3,12,1,12,7,10,8,6,
14,9,6,1,7,0,5,3,10,10,2,8,4,3,11,1,11,5,9,7,5,
14,9,6,1,7,0,5,3,10,10,2,8,4,3,11,1,11,6,9,7,5,
43,12,6,1,7,0,5,3,13,13,2,8,4,3,40,1,39,6,11,7,5,
15,9,6,2,8,0,5,3,11,10,2,9,4,4,12,1,11,6,9,7,5,
42,36,6,2,34,0,5,3,37,37,2,35,4,4,38,1,38,6,36,33,5,
15,9,6,2,7,0,5,3,10,10,2,8,4,4,11,1,11,6,9,7,5,
14,9,6,4,7,0,5,4,10,10,4,8,4,4,11,4,11,6,9,7,5,
37,9,6,2,34,0,5,3,10,10,2,8,4,4,20,1,19,6,9,7,5,
15,10,6,2,8,0,5,3,11,11,2,9,4,4,12,1,12,6,9,7,5,
14,9,6,2,7,0,5,3,10,10,2,8,4,4,11,1,11,6,9,7,5,
15,9,6,2,8,0,5,3,10,10,2,8,4,4,11,1,11,6,9,7,5,
14,9,6,2,7,0,5,3,10,10,2,8,4,4,11,1,11,6,9,7,5,
14,9,6,2,7,0,5,3,10,10,2,8,4,4,11,1,11,6,9,7,5,
14,9,6,2,8,0,5,3,10,10,2,8,4,4,11,1,11,6,9,7,5,
15,9,6,2,8,0,5,3,11,10,2,8,4,4,11,1,11,6,9,7,5,
40,34,6,2,8,0,5,3,36,35,2,8,4,4,37,1,36,6,34,7,5,
15,9,6,2,8,0,5,3,11,10,3,8,4,4,11,1,11,6,9,7,5,
15,9,6,2,8,0,5,3,10,10,3,8,4,4,11,1,11,6,9,7,5,
16,9,6,1,7,0,5,3,10,10,2,8,4,3,11,1,11,5,8,7,5,
15,9,6,2,8,0,5,3,10,10,2,8,4,4,11,1,11,6,9,7,5,
14,9,6,2,7,0,5,3,10,10,2,8,4,4,11,1,11,6,9,7,5,
14,9,6,2,8,0,5,3,10,10,3,8,4,4,11,1,11,6,9,7,5,
15,9,6,2,8,0,5,3,11,10,3,8,4,4,11,1,11,6,9,7,5,
45,39,6,1,7,0,4,2,40,40,2,8,3,3,41,1,40,5,8,6,5,
16,10,7,2,8,0,6,4,11,11,3,9,5,4,12,2,12,6,10,8,6,
16,10,7,2,9,0,6,4,12,11,3,10,5,5,12,2,12,7,10,8,6,
15,9,6,2,8,0,5,3,11,10,3,9,4,4,11,2,11,6,9,7,6,
15,8,6,1,7,0,4,2,10,9,2,8,3,3,10,1,10,5,8,6,5,
16,11,5,1,7,0,4,2,11,11,2,8,3,3,11,1,11,5,8,6,4,
15,9,6,2,8,0,5,3,11,10,3,9,4,4,11,2,11,6,9,7,6,
15,9,6,1,7,0,4,2,10,9,2,8,3,3,10,1,10,5,8,6,5,
15,9,6,1,7,0,5,2,10,9,2,8,4,3,11,1,10,5,8,6,5,
16,9,6,1,7,0,5,2,10,9,2,8,4,3,11,1,10,5,8,7,5,
19,10,6,1,7,0,5,2,12,11,2,8,4,3,12,1,12,5,10,6,5,
15,9,6,1,7,0,5,2,10,9,2,8,4,3,10,1,10,5,8,7,5,
15,9,6,1,7,0,4,2,10,10,2,8,4,3,11,1,11,5,9,7,5,
15,9,6,1,7,0,5,2,10,10,2,8,4,3,11,1,10,5,8,7,5,
14,9,6,1,7,0,5,2,10,9,2,8,4,3,11,1,10,5,8,7,5,
14,9,6,1,9,0,5,2,10,9,2,8,4,3,11,1,10,5,9,9,5,
15,9,6,1,7,0,5,2,10,10,2,8,4,3,11,1,10,5,8,7,5,
21,12,6,1,11,0,5,2,14,13,2,11,4,3,17,1,14,6,12,10,6,
14,9,6,1,7,0,5,2,10,10,2,8,4,3,11,1,11,5,8,7,5,
14,9,6,1,7,0,5,3,10,10,2,8,4,3,11,1,10,5,8,7,5,
17,9,6,1,7,0,5,3,13,10,2,8,4,3,14,1,14,5,8,7,5,
16,11,8,1,9,0,7,3,12,12,2,10,6,3,13,1,12,7,10,9,7,
14,9,6,1,7,0,5,3,10,10,2,8,4,3,11,1,10,5,8,7,5,
15,9,6,1,7,0,5,3,10,10,2,8,4,3,11,1,10,5,8,7,5,
17,12,6,1,7,0,5,3,13,13,2,8,4,3,14,1,13,5,11,7,5,
14,9,6,1,7,0,5,3,10,10,2,8,4,3,11,1,10,5,8,7,5,
37,9,6,1,7,0,5,3,10,10,2,8,4,3,34,1,10,5,8,7,5,
15,9,6,2,7,0,5,3,11,10,2,8,4,4,12,1,11,6,9,7,5,
14,9,6,1,7,0,5,3,10,10,2,8,4,3,11,1,11,5,8,7,5,
14,9,6,1,7,0,5,3,10,10,2,8,4,3,11,1,11,6,8,7,5,
14,9,6,1,7,0,5,3,10,10,2,8,4,3,11,1,11,6,9,7,5,
14,9,6,1,7,0,5,3,10,10,2,8,4,3,11,1,11,6,9,7,5,
14,9,6,1,7,0,5,3,10,10,2,8,4,3,11,1,11,6,9,7,5,
14,9,6,1,7,0,5,3,10,10,2,8,4,3,11,1,11,6,9,7,5,
14,9,6,2,7,0,5,3,10,10,2,8,4,3,11,1,11,6,9,7,5,
14,9,6,2,7,0,5,3,10,10,2,8,4,3,11,1,11,6,9,7,5,
14,9,6,2,7,0,5,3,10,10,2,8,4,4,11,1,11,6,9,7,5,
14,9,6,1,7,0,5,3,10,10,2,8,4,4,11,1,11,6,9,7,5,
16,10,7,2,9,0,6,4,12,11,2,10,5,5,12,1,12,7,10,8,7,
14,9,6,2,7,0,5,3,10,10,2,8,4,3,11,1,11,6,9,7,5,
15,9,6,2,7,0,5,3,10,10,2,8,4,4,11,1,11,6,9,7,5,
19,10,6,2,9,0,5,3,12,11,2,10,4,4,15,1,12,6,10,8,5,
14,9,6,2,7,0,5,3,10,10,2,8,4,4,11,1,11,6,8,7,5,
14,9,6,2,7,0,5,3,10,10,2,8,4,4,11,1,11,6,9,7,5,
17,9,6,2,7,0,5,3,10,10,2,8,4,4,14,1,14,6,9,7,5,
17,12,9,2,10,0,8,3,13,13,2,11,4,4,14,1,14,8,11,10,8,
14,9,6,2,7,0,5,3,10,10,2,8,4,4,11,1,11,6,9,7,5,
14,9,6,2,7,0,5,3,10,10,2,8,4,4,11,1,11,6,9,7,5,
15,9,6,2,7,0,5,3,10,10,2,8,4,4,11,1,11,6,9,7,5,
15,9,6,2,8,0,5,3,11,10,2,8,4,4,11,1,11,6,9,7,5,
15,9,6,2,8,0,5,3,11,10,3,8,4,4,11,1,11,6,9,7,5,
15,9,6,2,8,0,5,3,11,10,3,9,4,4,11,1,11,6,9,7,5,
15,9,6,2,8,0,5,3,11,10,3,8,4,4,11,1,11,6,9,7,5,
15,9,6,2,8,0,5,3,11,10,3,9,4,4,11,1,11,6,9,7,6,
15,12,6,2,8,0,5,3,12,12,3,9,4,4,12,1,12,6,9,7,5,
15,9,6,2,8,0,5,3,11,10,3,9,4,4,11,2,11,6,9,7,6,
15,9,6,2,8,0,5,3,11,10,3,8,4,4,11,1,11,6,9,7,5,
15,9,6,2,8,0,5,3,11,10,3,8,4,4,11,1,11,6,9,7,5,
16,9,6,2,8,0,5,3,11,10,3,9,4,4,11,2,11,6,9,7,6,
15,9,6,2,8,0,5,3,11,10,3,8,4,4,11,2,11,6,9,7,5,
15,9,7,2,8,0,5,3,11,10,3,9,5,4,12,2,11,6,9,7,6,
15,10,7,2,8,0,6,5,11,11,3,9,5,5,12,2,12,6,9,8,6,
15,10,6,2,8,0,5,3,11,10,3,9,4,4,12,1,11,6,9,7,5,
16,9,6,1,7,0,5,3,10,10,2,8,4,3,11,1,10,5,8,7,5,
15,8,5,1,7,0,4,2,10,9,2,8,3,3,10,1,10,5,8,6,5,
16,8,5,1,7,0,4,2,10,9,2,8,3,3,10,1,10,5,8,6,5,
18,11,5,1,7,0,4,2,13,12,2,10,3,3,13,1,13,5,11,6,5,
15,8,5,1,7,0,4,2,10,9,2,8,3,3,10,1,10,5,8,6,5,
15,9,6,1,7,0,5,2,10,10,2,8,4,3,11,1,11,5,8,7,5,
18,9,6,1,7,0,5,2,13,9,2,8,4,3,13,1,13,5,8,7,5,
17,11,8,1,9,0,6,2,12,11,2,10,6,3,13,1,12,7,10,8,7,
15,9,5,1,7,0,4,2,10,9,2,8,4,3,10,1,10,5,8,6,5,
16,9,6,2,8,0,5,3,11,10,2,8,4,4,11,1,11,6,9,7,5,
17,12,6,1,7,0,5,2,13,13,2,8,4,3,14,1,13,5,11,7,5,
14,9,6,1,7,0,5,3,10,10,2,8,4,3,11,1,11,5,8,7,5,
14,9,6,1,7,0,5,3,10,10,2,8,4,3,11,1,11,5,8,7,5,
14,9,6,1,7,0,5,2,10,9,2,8,4,3,11,1,10,5,8,7,5,
14,9,6,1,7,0,5,2,10,9,2,8,4,3,11,1,10,5,8,7,5,
14,9,6,1,7,0,5,3,10,10,2,8,4,3,11,1,11,5,8,7,5,
14,9,6,1,7,0,5,3,10,10,2,8,4,3,11,1,11,6,8,7,5,
14,9,6,1,7,0,5,3,10,10,2,8,4,3,11,1,11,6,8,7,5,
14,9,6,1,7,0,5,2,10,10,2,8,4,3,11,1,11,5,9,7,5,
14,9,6,1,7,0,5,2,10,10,2,8,4,3,11,1,11,5,9,7,5,
14,9,6,1,7,0,5,3,10,10,2,8,4,3,11,1,11,6,9,7,5,
14,9,6,1,7,0,5,3,10,10,2,8,4,3,11,1,11,6,9,7,5,
14,9,6,1,7,0,5,3,10,10,2,8,4,3,11,1,11,6,9,7,5,
19,11,8,3,9,0,7,5,12,12,4,10,6,6,13,1,13,8,11,9,7,
14,9,6,1,7,0,5,3,10,10,2,8,4,4,11,1,11,6,9,7,5,
14,9,6,1,7,0,5,3,10,10,2,8,4,3,11,1,11,6,9,7,5,
14,9,6,1,7,0,5,3,10,10,2,8,4,4,11,1,11,6,9,7,5,
14,9,6,1,7,0,5,3,10,10,2,8,4,3,11,1,11,6,8,7,5,
15,9,6,1,9,0,5,3,11,10,2,9,4,3,11,1,11,6,9,9,5,
14,9,6,1,7,0,5,3,10,10,2,8,4,3,11,1,11,6,9,7,5,
14,9,6,2,7,0,5,3,10,10,2,8,4,3,11,1,11,6,9,7,5,
14,9,6,1,7,0,5,3,10,10,2,8,4,3,11,1,11,6,9,7,5,
17,9,6,1,7,0,5,2,10,10,2,8,3,3,11,1,10,5,8,7,5,
15,9,6,2,8,0,5,3,11,10,2,8,4,4,12,1,11,6,9,7,5,
14,9,6,1,7,0,5,3,10,10,2,8,4,3,11,1,11,6,9,7,5,
17,12,6,2,8,0,5,3,13,13,2,8,4,4,14,1,14,6,12,7,5,
15,9,6,2,8,0,5,3,10,10,2,8,4,4,11,1,11,6,9,7,5,
14,9,6,2,7,0,5,3,10,10,2,8,4,4,11,1,11,6,9,7,5,
14,9,6,2,7,0,5,3,10,10,2,8,4,4,11,1,11,6,9,7,5,
15,9,6,2,8,0,5,3,11,10,2,8,4,4,11,1,11,6,9,7,5,
15,9,6,2,7,0,5,3,10,10,2,8,4,4,11,1,11,6,9,7,5,
15,10,7,2,8,0,5,5,11,10,5,9,5,5,11,1,11,6,9,8,6,
14,9,6,2,7,0,5,3,10,10,2,8,4,4,11,1,11,6,9,7,5,
14,9,6,2,7,0,5,3,10,10,2,8,4,4,11,1,11,6,9,7,5,
17,11,8,2,10,0,7,5,13,12,2,11,6,6,13,1,13,8,11,9,7,
16,9,6,2,8,0,5,3,12,11,2,9,4,4,13,1,12,6,9,7,6,
17,9,6,2,8,0,5,3,11,10,2,9,4,4,11,1,11,6,9,7,6,
15,9,6,2,8,0,5,3,11,10,3,8,4,4,11,1,11,6,9,7,5,
15,9,6,2,8,0,5,3,11,10,2,8,4,4,11,1,11,6,9,7,5,
15,9,6,2,8,0,5,3,11,10,3,8,4,4,11,1,11,6,9,7,5,
15,9,6,2,8,0,5,3,11,10,3,9,4,4,11,1,11,6,9,7,6,
15,10,6,2,8,0,5,3,11,10,3,9,5,4,12,1,11,6,9,7,6,
15,9,6,2,8,0,5,3,11,10,3,9,4,4,11,1,11,6,9,7,6,
19,11,6,2,10,0,5,3,13,12,3,10,4,4,16,1,13,6,11,9,6,
15,9,6,2,8,0,5,3,11,10,3,8,4,4,11,1,11,6,9,7,6,
15,9,7,2,8,0,5,3,11,10,3,9,4,4,11,1,11,6,9,7,6,
16,10,7,2,8,0,5,3,12,10,3,9,4,4,13,2,12,6,9,7,6,
15,10,7,2,8,0,6,3,11,10,3,9,5,4,12,2,11,6,9,8,6,
15,10,7,2,8,0,5,3,11,10,3,9,5,4,12,2,11,6,9,7,6,
15,10,7,2,8,0,6,3,11,10,3,9,5,4,12,2,11,6,9,7,6,
17,10,5,1,7,0,4,2,12,11,2,8,4,3,13,1,12,5,10,6,5,
15,9,6,1,7,0,4,2,10,10,2,8,4,3,11,1,10,5,8,7,5,
15,10,7,2,8,0,6,3,11,10,3,9,5,4,12,2,11,6,9,8,6,
15,10,7,2,8,0,5,3,11,10,3,9,4,4,12,2,11,6,9,8,6,
15,8,5,1,7,0,4,2,10,9,2,8,3,3,10,1,10,5,8,6,5,
15,8,5,1,7,0,4,2,10,9,2,8,3,3,10,1,10,5,8,6,5,
15,9,6,1,7,0,5,2,10,10,2,8,4,3,11,1,11,5,8,7,5,
15,8,5,1,7,0,4,2,10,9,2,8,3,3,10,1,10,5,8,6,4,
15,9,6,1,7,0,4,2,10,9,2,8,3,3,11,1,10,5,8,6,5,
15,9,6,1,7,0,5,2,10,10,2,8,4,3,11,1,10,5,8,7,5,
15,9,6,1,7,0,4,2,10,10,2,8,4,3,11,1,10,5,8,7,5,
15,9,6,1,7,0,5,2,10,9,2,8,4,3,11,1,10,5,8,7,5,
15,9,6,1,7,0,5,2,10,10,2,8,4,3,11,1,11,5,8,7,5,
15,9,6,1,7,0,4,2,10,10,2,8,4,3,11,1,11,5,8,7,5,
15,9,6,1,7,0,4,2,10,9,2,8,4,3,10,1,10,5,8,6,5,
15,9,6,1,7,0,5,2,10,10,2,8,4,3,11,1,10,5,8,7,5,
15,9,6,1,7,0,5,2,10,10,2,8,4,3,11,1,10,5,8,7,5,
14,9,6,1,7,0,5,3,10,10,2,8,4,3,11,1,11,5,8,7,5,
14,9,6,3,7,0,5,3,10,9,3,8,4,3,11,3,10,5,8,7,5,
17,11,8,4,10,0,7,5,13,12,5,11,6,6,13,4,13,8,11,9,8,
14,9,6,1,7,0,5,3,10,10,2,8,4,3,11,1,10,5,8,7,5,
14,9,6,1,7,0,5,3,10,10,2,8,4,3,11,1,10,5,8,7,5,
14,9,6,1,7,0,5,3,10,10,2,8,4,3,11,1,10,5,8,7,5,
14,9,6,1,7,0,5,2,10,10,2,8,4,3,11,1,11,5,8,7,5,
14,9,6,1,7,0,5,3,10,9,2,8,4,3,11,1,10,5,8,7,5,
14,9,6,1,7,0,5,3,10,10,2,8,4,3,11,1,11,5,8,7,5,
14,9,6,1,7,0,5,3,10,10,2,8,4,3,11,1,11,5,8,7,5,
14,9,6,1,7,0,5,3,10,10,2,8,4,3,11,1,11,5,8,7,5,
14,9,6,1,7,0,5,3,10,10,2,8,4,3,11,1,11,5,8,7,5,
15,10,6,2,8,0,5,3,11,10,3,9,5,4,12,2,11,6,9,7,6,
14,9,6,1,9,0,5,3,10,10,2,9,4,3,11,1,11,5,9,9,5,
14,9,6,1,7,0,5,3,10,10,2,8,4,3,11,1,10,5,8,7,5,
14,9,6,1,7,0,5,3,10,10,2,8,4,3,11,1,11,5,8,7,5,
14,9,6,1,7,0,5,3,10,10,2,8,4,3,11,1,11,5,8,7,5,
17,9,6,2,8,0,5,3,11,10,3,9,4,4,11,2,11,6,9,7,6,
14,9,6,1,7,0,5,3,10,10,2,8,4,3,11,1,11,5,8,7,5,
14,9,6,1,7,0,5,3,10,10,2,8,4,3,11,1,11,6,9,7,5,
17,12,6,1,7,0,5,3,13,13,2,8,4,3,14,1,13,5,8,7,5,
14,9,6,1,7,0,5,3,10,10,2,8,4,3,11,1,11,6,8,7,5,
14,9,6,1,7,0,5,3,10,10,2,8,4,3,11,1,11,6,9,7,5,
14,9,6,1,7,0,5,3,10,10,2,8,4,3,11,1,11,5,8,7,5,
14,9,6,1,7,0,5,3,10,10,2,8,4,3,11,1,11,6,8,7,5,
15,9,6,1,7,0,5,3,10,10,2,8,4,3,11,1,11,5,8,7,5,
15,10,7,2,8,0,5,5,11,11,5,9,5,5,12,1,11,6,9,8,6,
14,9,6,1,7,0,5,3,10,10,2,8,4,4,11,1,11,6,9,7,5,
14,9,6,2,7,0,5,3,10,10,2,8,4,4,11,1,11,6,9,7,5,
16,11,6,1,9,0,5,3,12,12,2,10,4,3,13,1,13,6,11,9,5,
15,9,6,2,7,0,5,3,10,10,2,8,4,4,11,1,11,6,9,7,5,
17,9,6,2,7,0,5,3,11,10,2,8,4,4,12,1,11,6,9,7,5,
15,9,6,2,7,0,5,3,11,10,2,8,4,4,11,1,11,6,9,7,5,
15,10,6,2,7,0,5,3,11,10,2,8,4,4,12,1,11,6,9,7,5,
17,11,8,2,9,0,6,3,12,11,2,10,4,4,13,1,12,7,10,9,7,
15,9,6,2,8,0,5,3,11,10,3,8,4,4,11,1,11,6,9,7,5,
14,9,6,2,7,0,5,3,10,10,2,8,4,4,11,1,11,6,9,7,5,
15,9,6,2,8,0,5,3,10,10,2,8,4,4,11,1,11,6,9,7,5,
16,10,7,1,8,0,5,3,11,10,2,9,4,4,12,1,11,6,9,7,5,
14,7,4,0,6,0,3,1,8,8,0,6,2,2,9,0,9,4,7,5,3,
19,10,6,1,8,0,5,3,11,10,2,8,4,3,12,1,12,6,9,7,5,
15,10,7,2,8,0,6,4,11,11,2,9,5,4,12,1,12,6,10,8,6,
15,9,6,2,8,0,5,3,11,10,2,8,4,4,11,1,11,6,9,7,5,
15,9,6,2,8,0,5,3,11,10,3,8,4,4,11,1,11,6,9,7,5,
15,10,6,2,8,0,5,3,11,11,2,9,4,4,12,1,11,6,9,8,6,
15,9,6,2,8,0,5,3,11,10,2,9,4,4,11,1,11,6,9,7,5,
15,9,6,2,8,0,5,3,11,10,3,9,4,4,11,1,11,6,9,7,5,
15,9,6,2,8,0,5,3,11,10,2,8,4,4,11,1,11,6,9,7,5,
15,9,6,2,8,0,5,3,11,10,3,9,4,4,11,1,11,6,9,7,5,
15,9,6,2,8,0,5,3,11,10,3,9,4,4,11,1,11,6,9,7,5,
15,9,6,2,8,0,5,3,11,10,3,8,4,4,11,1,11,6,9,7,5,
19,11,6,2,10,0,5,3,13,12,2,11,4,4,16,1,16,6,11,9,5,
15,9,6,2,8,0,5,3,11,10,2,8,4,4,11,1,11,6,9,7,5,
15,9,6,2,8,0,5,3,11,10,3,9,4,4,11,2,11,6,9,7,5,
16,9,6,2,8,0,5,3,12,10,3,9,4,4,12,1,12,6,9,7,5,
15,10,7,2,8,0,6,3,11,11,3,9,5,4,12,1,11,6,9,8,6,
15,9,6,2,8,0,5,3,11,10,3,8,4,4,11,1,11,6,9,7,5,
15,10,6,2,8,0,5,3,11,10,3,9,4,4,12,2,11,6,9,7,6,
18,12,6,2,8,0,5,3,14,13,3,9,4,4,14,2,14,6,12,7,6,
15,9,6,2,8,0,5,3,11,10,3,9,4,4,11,1,11,6,9,7,5,
15,9,6,2,8,0,5,3,11,10,3,9,4,4,11,2,11,6,9,7,5,
15,8,5,0,6,0,4,1,9,9,1,7,3,2,10,0,10,5,7,6,4,
15,9,7,2,8,0,5,3,11,10,3,8,4,4,11,1,11,6,9,7,5,
15,8,6,1,7,0,4,2,10,9,2,8,3,3,11,1,10,5,8,6,5,
15,9,6,2,8,0,5,3,11,10,3,9,4,4,11,2,11,6,9,7,6,
15,9,6,2,8,0,5,3,11,10,3,9,4,4,11,2,11,6,9,7,6,
15,9,6,2,8,0,5,3,11,10,3,8,4,4,11,2,11,6,9,7,5,
15,8,5,1,7,0,4,2,10,9,2,8,3,3,10,1,10,5,8,6,5,
15,9,5,1,7,0,4,2,10,9,2,8,4,3,11,1,10,5,8,6,5,
15,8,5,1,7,0,4,2,10,9,2,8,3,3,10,1,10,5,8,6,5,
15,9,5,1,7,0,4,2,10,9,2,8,3,3,11,1,10,5,8,6,5,
16,9,6,2,8,0,5,3,11,10,2,8,4,4,11,1,11,6,9,7,5,
17,9,6,2,8,0,5,3,11,10,2,8,4,4,11,1,11,6,9,7,5,
15,9,6,1,7,0,4,2,10,10,2,8,4,3,11,1,10,5,8,7,5,
15,8,5,1,7,0,4,2,10,9,2,8,3,3,10,1,10,5,8,6,5,
16,9,6,1,7,0,5,2,10,9,2,8,4,3,11,1,10,5,8,7,5,
15,9,6,4,7,0,4,4,10,9,4,8,4,4,11,1,10,5,8,7,5,
15,8,6,1,7,0,4,2,10,9,2,8,3,3,10,1,10,5,8,6,5,
15,8,6,1,7,0,4,2,10,9,2,8,4,3,11,1,10,5,8,6,5,
15,9,6,1,7,0,4,2,10,9,2,8,4,3,11,1,10,5,8,7,5,
15,9,6,1,7,0,5,2,10,9,2,8,4,3,10,1,10,5,8,6,5,
14,9,6,1,7,0,5,2,10,10,2,8,4,3,11,1,10,5,8,7,5,
14,9,6,1,7,0,4,2,10,9,2,8,4,3,10,1,10,5,8,7,5,
14,9,6,1,7,0,5,2,10,10,2,8,4,3,11,1,11,6,8,7,5,
14,9,6,1,7,0,5,2,10,9,2,8,4,3,11,1,10,5,8,7,5,
15,9,6,1,8,0,5,3,11,10,2,9,4,4,11,1,11,6,9,7,6,
16,11,8,3,9,0,7,4,12,12,4,10,6,5,13,1,12,7,10,9,7,
14,9,6,1,7,0,5,2,10,9,2,8,4,3,11,1,10,5,8,7,5,
15,9,6,1,7,0,5,2,12,12,2,8,4,3,12,1,12,5,8,7,5,
14,9,6,1,7,0,5,2,10,10,2,8,4,3,11,1,11,6,8,7,5,
14,9,6,1,7,0,5,2,10,10,2,8,4,3,11,1,10,5,8,7,5,
15,9,6,1,7,0,5,2,11,10,2,8,4,3,11,1,11,6,8,7,5,
15,10,7,1,8,0,5,2,11,10,2,9,5,3,11,1,11,6,9,8,6,
14,9,6,1,7,0,5,2,10,10,2,8,4,3,11,1,10,5,8,7,5,
17,9,6,1,7,0,5,2,10,10,2,8,4,3,11,1,10,5,8,7,5,
14,9,6,1,7,0,5,3,10,10,2,8,4,3,11,1,11,6,8,7,5,
16,9,6,1,7,0,5,3,10,10,2,8,4,3,11,1,11,6,8,7,5,
14,9,6,1,7,0,5,2,10,10,2,8,4,3,11,1,10,5,8,7,5,
14,9,6,1,7,0,5,3,10,10,2,8,4,3,11,1,11,6,8,7,5,
14,9,6,1,7,0,5,3,10,10,2,8,4,3,11,1,10,5,8,7,5,
16,9,6,1,7,0,5,3,10,10,2,8,4,3,11,1,11,6,9,7,5,
16,10,7,1,9,0,6,3,12,11,2,9,6,6,12,1,12,7,10,8,6,
14,9,6,1,7,0,5,3,10,10,2,8,4,3,11,1,11,6,9,7,5,
14,9,6,1,7,0,5,3,10,10,2,8,4,3,11,1,11,6,9,7,5,
14,9,6,1,7,0,5,3,10,10,2,8,4,3,11,1,11,6,8,7,5,
14,9,6,1,7,0,5,3,10,10,2,8,4,3,11,1,11,6,9,7,5,
14,9,6,1,7,0,5,3,10,10,2,8,4,3,11,1,11,6,9,7,5,
15,10,7,1,8,0,6,4,11,11,2,9,5,4,12,1,12,7,10,8,6,
16,10,6,1,7,0,5,3,12,11,2,8,4,3,12,1,12,6,10,7,5,
14,9,6,1,7,0,5,3,10,10,2,8,4,3,11,1,11,6,9,7,5,
15,9,6,1,7,0,5,3,10,10,2,8,4,3,11,1,11,6,9,7,5,
15,9,6,2,7,0,5,3,11,10,2,8,4,4,11,1,11,6,9,7,5,
15,9,6,1,8,0,5,3,11,10,2,8,4,3,11,1,11,6,9,7,5,
14,9,6,2,7,0,5,3,10,10,2,8,4,3,11,1,11,6,9,7,5,
14,6,3,0,4,0,2,0,7,7,0,5,1,1,8,0,8,3,6,4,2,
14,9,6,2,7,0,5,3,10,10,2,8,4,4,11,1,11,6,9,7,5,
14,9,6,2,7,0,5,3,10,10,2,8,4,3,11,1,11,6,9,7,5,
14,9,6,2,7,0,5,3,10,10,2,8,4,4,11,1,11,6,9,7,5,
15,9,6,2,8,0,5,3,11,10,2,8,4,4,11,1,11,6,9,7,5,
15,9,6,2,7,0,5,3,10,10,2,8,4,4,11,1,12,6,9,7,5,
14,9,6,2,7,0,5,3,10,10,2,8,4,4,11,1,11,6,9,7,5,
15,9,6,2,8,0,5,3,11,10,2,8,4,4,11,1,11,6,9,7,5,
16,10,7,3,9,0,6,4,12,11,4,10,5,5,12,1,12,7,10,8,6,
18,12,9,2,11,0,8,6,14,13,2,11,7,7,14,1,14,9,12,10,8,
15,9,6,2,8,0,5,3,11,10,2,8,4,4,11,1,11,6,9,7,5,
15,9,6,2,8,0,5,3,11,10,2,8,4,4,11,1,11,6,9,7,5,
16,9,6,2,8,0,5,3,13,13,2,8,4,4,13,1,13,6,9,7,5,
15,9,6,2,8,0,5,3,11,10,2,8,4,4,11,1,11,6,9,7,5,
15,9,6,2,8,0,5,3,11,10,2,8,4,4,11,1,11,6,9,7,5,
15,9,6,2,8,0,5,3,11,10,2,9,4,4,11,1,11,6,9,7,5,
17,9,7,2,8,0,5,3,11,10,2,9,4,4,11,1,11,6,9,7,5,
15,9,6,2,8,0,5,3,11,10,3,9,4,4,11,1,11,6,9,7,5,
15,9,6,2,8,0,5,3,11,10,2,9,4,4,11,1,11,6,9,7,5,
16,10,7,2,8,0,5,3,12,11,3,9,4,4,12,1,12,6,10,7,5,
15,9,6,1,7,0,5,2,10,10,2,8,4,3,11,1,10,5,8,7,5,
15,9,6,2,8,0,5,3,11,10,3,9,4,4,11,1,11,6,9,7,5,
15,9,6,2,8,0,5,3,11,10,3,9,4,4,11,1,11,6,9,7,5,
17,10,7,2,8,0,5,3,11,10,3,9,4,4,12,2,11,6,9,7,6,
15,10,6,2,8,0,5,3,11,10,3,9,4,4,11,1,11,6,9,7,5,
15,10,7,2,8,0,5,3,11,11,3,9,4,4,12,2,11,6,9,8,6,
15,9,7,2,8,0,5,3,11,10,3,9,4,4,11,1,11,6,9,7,6,
18,10,6,2,8,0,5,3,11,10,3,9,4,4,14,2,14,6,9,7,6,
18,12,9,2,11,0,8,3,14,13,3,12,7,4,14,2,14,9,12,10,8,
15,10,6,2,8,0,5,3,11,10,3,9,4,4,12,2,11,6,9,7,5,
15,9,6,2,8,0,5,3,11,10,3,9,4,4,11,2,11,6,9,7,5,
15,9,6,2,8,0,5,3,11,10,3,9,4,4,11,2,11,6,9,7,5,
17,9,6,2,8,0,5,3,11,10,3,9,4,4,11,2,11,6,9,7,5,
15,9,6,1,7,0,4,2,10,9,2,8,3,3,10,1,10,5,8,6,5,
15,9,6,1,7,0,4,2,10,9,2,8,3,3,11,1,10,5,8,6,5,
15,8,5,1,7,0,4,2,10,9,2,8,3,3,10,1,10,5,8,6,5,
15,9,6,1,7,0,4,2,10,9,2,8,3,3,11,1,10,5,8,7,5,
15,7,4,0,5,0,2,0,8,7,0,6,1,1,9,0,8,3,6,5,3,
18,9,6,2,8,0,5,3,11,10,3,9,4,4,12,1,11,6,9,7,5,
15,9,6,1,7,0,4,2,10,10,2,8,4,3,11,1,11,5,8,7,5,
15,9,6,3,7,0,5,3,10,10,3,8,4,3,11,1,10,5,8,7,5,
15,9,6,1,8,0,4,2,10,10,2,8,4,3,11,1,11,5,8,7,5,
15,9,6,1,7,0,5,2,10,10,2,8,4,3,11,1,11,5,9,7,5,
15,9,6,1,7,0,5,2,10,10,2,8,4,3,11,1,11,6,8,7,5,
15,9,6,1,7,0,4,2,10,10,2,8,4,3,11,1,10,5,8,7,5,
15,9,6,1,7,0,5,2,10,10,2,8,4,3,11,1,10,5,8,7,5,
16,9,6,1,8,0,5,3,11,10,2,9,4,4,11,1,11,6,9,7,5,
14,9,6,1,7,0,5,2,10,9,2,8,4,3,11,1,10,5,8,7,5,
14,9,6,1,7,0,5,2,10,10,2,8,4,3,11,1,10,5,8,7,5,
16,9,6,1,7,0,5,3,13,10,2,8,4,3,13,1,13,5,8,7,5,
14,9,6,1,7,0,5,2,10,10,2,8,4,3,11,1,10,5,8,7,5,
14,9,6,1,7,0,5,2,10,10,2,8,4,3,11,1,11,5,8,7,5,
15,9,6,1,7,0,5,3,11,10,2,8,4,3,12,1,12,6,8,7,5,
16,11,8,1,9,0,6,2,12,11,2,10,6,3,13,1,12,7,10,9,7,
14,9,6,1,7,0,5,3,10,10,2,8,4,3,11,1,11,5,8,7,5,
14,9,6,1,7,0,5,3,10,10,2,8,4,3,11,1,10,5,8,7,5,
14,9,6,1,7,0,5,3,10,10,2,8,4,3,11,1,11,6,8,7,5,
14,9,6,1,7,0,5,3,10,10,2,8,4,3,11,1,11,5,8,7,5,
14,9,6,1,7,0,5,3,10,10,2,8,4,3,11,1,11,5,9,7,5,
14,9,6,1,7,0,5,3,10,10,2,8,4,3,11,1,11,5,8,7,5,
14,9,6,1,7,0,5,3,10,10,2,8,4,3,11,1,10,5,8,7,5,
14,9,6,1,7,0,5,3,10,10,2,8,4,3,11,1,11,5,8,7,5,
14,10,6,1,10,0,5,3,10,10,2,10,4,3,11,1,11,5,10,10,5,
14,9,6,1,7,0,5,3,10,10,2,8,4,3,11,1,11,6,9,7,5,
14,9,6,1,7,0,5,3,10,10,2,8,4,3,11,1,11,6,9,7,5,
14,9,6,1,7,0,5,3,10,10,2,8,4,3,11,1,11,6,9,7,5,
17,9,6,1,7,0,5,2,10,10,2,8,4,3,11,1,10,5,8,7,5,
14,9,6,1,7,0,5,3,10,10,2,8,4,3,11,1,11,6,9,7,5,
14,9,6,1,7,0,5,3,10,10,2,8,4,3,11,1,11,6,9,7,5,
14,9,6,1,7,0,5,3,10,10,2,8,4,3,11,1,11,5,8,7,5,
16,9,6,1,7,0,5,3,10,10,2,8,4,3,11,1,11,6,9,7,5,
14,9,6,1,7,0,5,3,10,10,2,8,4,4,11,1,11,6,9,7,5,
14,9,6,1,7,0,5,3,10,10,2,8,4,3,11,1,11,6,9,7,5,
14,9,6,1,7,0,5,3,10,10,2,8,4,3,11,1,11,6,9,7,5,
16,9,6,1,7,0,5,3,10,10,2,8,4,3,11,1,11,5,9,7,5,
16,10,7,2,9,0,6,6,12,11,2,9,6,6,12,1,12,7,10,8,6,
14,9,6,2,7,0,5,3,10,10,2,8,4,3,11,1,11,6,9,7,5,
14,9,6,2,7,0,5,3,10,10,2,8,4,4,11,1,11,6,9,7,5,
14,9,6,2,7,0,5,3,10,10,2,8,4,3,11,1,11,6,9,7,5,
14,9,6,2,7,0,5,3,10,10,2,8,4,4,11,1,11,6,9,7,5,
17,9,6,2,7,0,5,3,10,10,2,8,4,4,11,1,11,6,9,7,5,
15,9,6,2,7,0,5,3,10,10,2,8,4,4,11,1,11,6,9,7,5,
15,9,6,2,7,0,5,3,10,10,2,8,4,4,11,1,11,6,9,7,5,
15,9,6,2,7,0,5,3,11,10,2,8,4,4,11,1,11,6,9,7,5,
15,9,6,2,8,0,5,3,11,10,2,8,4,4,11,1,11,6,9,7,5,
15,9,6,2,8,0,5,3,11,10,2,8,4,4,11,1,11,6,9,7,5,
15,9,6,2,8,0,5,3,10,10,2,8,4,4,11,1,11,6,9,7,5,
20,16,6,2,9,0,5,3,16,16,2,10,4,4,16,1,16,6,11,9,5,
15,9,6,2,8,0,5,3,11,10,2,8,4,4,11,1,11,6,9,7,5,
14,9,6,2,7,0,5,3,10,10,2,8,4,4,11,1,11,6,9,7,5,
15,9,6,2,8,0,5,3,11,10,2,8,4,4,12,1,12,6,9,7,5,
15,9,6,2,8,0,5,3,11,10,2,9,4,4,11,1,11,6,9,7,5,
15,9,6,2,8,0,5,3,11,10,3,9,4,4,11,1,11,6,9,7,6,
15,9,6,2,8,0,5,3,11,10,3,8,4,4,11,1,11,6,9,7,5,
17,12,6,2,8,0,5,3,13,13,3,9,4,4,14,1,14,6,12,7,5,
15,9,6,2,8,0,5,3,11,10,3,9,4,4,11,2,11,6,9,7,5,
15,9,6,2,8,0,5,3,11,10,3,8,4,4,11,1,11,6,9,7,5,
15,9,6,2,8,0,5,3,11,10,3,8,4,4,11,2,11,6,9,7,5,
15,9,6,2,8,0,5,3,11,10,3,8,4,4,11,1,11,6,9,7,5,
15,9,6,2,8,0,5,3,11,10,3,9,4,4,11,2,11,6,9,7,5,
15,9,6,2,8,0,5,3,11,10,3,9,4,4,11,1,11,6,9,7,5,
15,9,6,2,8,0,5,3,11,10,3,9,4,4,11,2,11,6,9,7,5,
15,9,6,2,8,0,5,3,11,10,3,9,4,4,11,2,11,6,9,7,5,
15,9,6,2,8,0,5,3,11,10,3,9,4,4,11,2,11,6,9,7,5,
15,10,7,2,8,0,5,3,11,10,3,9,4,4,12,2,11,6,9,8,6,
15,10,6,2,8,0,5,3,11,10,3,9,4,4,11,2,11,6,9,7,6,
15,9,6,1,7,0,5,2,10,10,2,8,4,3,11,1,10,5,8,7,5,
15,9,5,1,7,0,4,2,10,9,2,8,3,3,10,1,10,5,8,6,5,
15,9,6,2,8,0,5,3,11,10,3,8,4,4,11,2,11,6,9,7,5,
15,9,6,2,8,0,5,3,11,10,3,9,4,4,12,2,11,6,9,7,5,
15,8,6,1,7,0,4,2,10,9,2,8,3,3,11,1,10,5,8,6,5,
16,9,6,1,7,0,4,2,10,9,2,8,4,3,11,1,10,5,8,7,5,
15,9,6,1,8,0,5,5,11,10,5,8,5,5,11,1,11,6,9,7,5,
15,9,6,1,7,0,4,2,10,9,2,8,3,3,11,1,10,5,8,7,5,
15,9,5,1,7,0,4,2,10,9,2,8,3,3,11,1,10,5,8,6,5,
15,9,6,1,7,0,5,2,10,9,2,8,4,3,11,1,10,5,8,7,5,
15,9,5,1,7,0,4,2,10,9,2,8,3,3,10,1,10,5,8,6,5,
15,9,6,1,7,0,4,2,10,9,2,8,3,3,10,1,10,5,8,6,5,
15,8,6,1,7,0,4,2,10,9,2,8,3,3,10,1,10,5,8,6,5,
15,9,6,1,7,0,4,2,10,9,2,8,4,3,11,1,10,5,8,7,5,
15,9,6,2,7,0,5,3,10,10,2,8,4,4,11,1,11,6,9,7,5,
18,12,9,1,10,0,7,5,13,12,2,11,7,6,14,1,13,8,11,10,8,
15,9,6,1,7,0,5,2,10,10,2,8,4,3,11,1,11,5,8,7,5,
15,9,6,1,7,0,5,2,10,9,2,8,4,3,11,1,10,5,8,7,5,
17,11,6,1,9,0,5,2,12,12,2,10,4,3,13,1,13,5,11,9,5,
15,9,6,1,7,0,5,2,10,10,2,8,4,3,11,1,10,5,8,7,5,
15,9,6,1,7,0,5,2,10,10,2,8,4,3,11,1,11,5,8,7,5,
15,9,6,1,7,0,5,2,10,10,2,8,4,3,11,1,11,5,8,7,5,
15,9,6,1,7,0,5,2,10,10,2,8,4,3,11,1,10,5,8,7,5,
15,9,6,1,7,0,5,2,10,10,2,8,4,3,11,1,10,5,8,7,5,
14,9,6,1,7,0,5,2,10,10,2,8,4,3,11,1,10,5,8,7,5,
14,9,6,1,7,0,5,2,10,10,2,8,4,3,11,1,10,5,8,7,5,
14,9,6,1,7,0,5,2,10,10,2,8,4,3,11,1,11,5,8,7,5,
14,9,6,1,7,0,5,2,10,9,2,8,4,3,11,1,10,5,8,7,5,
14,9,6,3,7,0,5,3,10,10,3,8,4,4,11,1,11,6,9,7,5,
14,9,6,1,7,0,5,3,10,10,2,8,4,3,11,1,11,5,8,7,5,
16,9,6,1,7,0,4,2,10,9,2,8,4,3,10,1,10,5,8,7,5,
14,9,6,1,7,0,5,2,10,9,2,8,4,3,11,1,10,5,8,7,5,
14,9,6,1,7,0,5,2,10,10,2,8,4,3,11,1,11,5,9,7,5,
14,9,6,1,7,0,5,2,10,9,2,8,4,3,11,1,10,5,8,7,5,
15,9,6,1,7,0,5,3,11,10,2,8,4,3,12,1,12,5,8,7,5,
16,10,7,1,9,0,6,3,12,11,2,10,5,3,12,1,12,7,10,8,6,
14,9,6,1,7,0,5,2,10,10,2,8,4,3,11,1,11,5,8,7,5,
14,9,6,1,7,0,5,3,10,10,2,8,4,3,11,1,10,5,8,7,5,
14,9,6,1,7,0,5,3,10,10,2,8,4,3,11,1,11,5,8,7,5,
14,9,6,1,7,0,5,3,10,10,2,8,4,3,11,1,11,6,9,7,5,
14,9,6,1,7,0,5,3,10,10,2,8,4,3,11,1,11,5,8,7,5,
14,9,6,1,7,0,5,3,10,10,2,8,4,3,11,1,11,6,9,7,5,
14,9,6,1,7,0,5,3,10,10,2,8,4,3,11,1,11,6,9,7,5,
14,9,6,1,7,0,5,3,10,10,2,8,4,3,11,1,11,6,8,7,5,
14,11,6,1,7,0,5,3,11,11,2,11,4,3,11,1,11,6,11,7,5,
14,9,6,2,7,0,5,3,10,10,2,8,4,3,11,1,11,6,9,7,5,
14,9,6,2,7,0,5,3,10,10,2,8,4,4,11,1,11,6,9,7,5,
14,9,6,2,7,0,5,3,10,10,2,8,4,4,11,1,11,6,9,7,5,
14,9,6,2,7,0,5,3,10,10,2,8,4,4,11,1,11,6,9,7,5,
17,9,6,2,7,0,5,3,10,10,2,8,4,3,11,1,11,6,9,7,5,
14,9,6,2,7,0,5,3,10,10,2,8,4,3,11,1,11,6,9,7,5,
14,9,6,2,7,0,5,3,10,10,2,8,4,4,11,1,11,6,9,7,5,
14,9,6,2,7,0,5,3,10,10,2,8,4,3,11,1,11,6,9,7,5,
15,9,6,2,8,0,5,3,11,10,2,8,4,4,11,1,11,6,9,7,5,
14,9,6,2,7,0,5,3,10,10,2,8,4,4,11,1,11,6,9,7,5,
15,9,6,2,7,0,5,3,10,10,2,8,4,4,11,1,11,6,9,7,5,
17,12,8,3,10,0,7,5,13,13,4,11,6,5,14,1,14,8,11,10,7,
15,9,6,2,7,0,5,3,11,10,2,8,4,4,11,1,11,6,9,7,5,
14,9,6,2,8,0,5,3,10,10,2,8,4,4,11,1,11,6,9,7,5,
17,9,6,2,7,0,5,3,12,10,2,8,4,4,13,1,13,6,9,7,5,
16,10,7,2,9,0,6,3,12,11,2,10,5,4,12,1,12,7,10,8,7,
15,9,6,2,7,0,5,3,10,10,2,8,4,4,11,1,11,6,9,7,5,
14,9,6,2,7,0,5,3,10,10,2,8,4,4,11,1,11,6,9,7,5,
17,12,6,2,8,0,5,3,13,13,2,8,4,4,14,1,14,6,12,7,5,
15,10,7,2,8,0,5,3,11,10,3,9,4,4,12,1,11,6,9,7,6,
15,9,6,2,8,0,5,3,11,10,3,9,4,4,11,1,11,6,9,7,5,
15,10,6,2,8,0,5,3,11,11,2,9,4,4,12,1,12,6,9,8,5,
15,9,6,2,8,0,5,3,11,10,3,9,4,4,11,1,11,6,9,7,5,
15,9,6,2,8,0,5,3,11,10,2,8,4,4,11,1,11,6,9,7,5,
15,9,6,2,8,0,5,3,11,10,2,8,4,4,11,1,11,6,9,7,5,
15,9,6,2,8,0,5,3,11,10,3,8,4,4,11,1,11,6,9,7,5,
15,9,6,2,8,0,5,3,11,10,3,8,4,4,11,1,11,6,9,7,5,
15,9,6,2,8,0,5,3,11,10,3,8,4,4,11,1,11,6,9,7,5,
15,9,6,2,8,0,5,3,11,10,3,9,4,4,11,1,11,6,9,7,5,
15,9,6,2,8,0,5,3,11,10,3,8,4,4,11,1,11,6,9,7,5,
15,9,6,2,8,0,5,3,11,10,3,8,4,4,11,1,11,6,9,7,5,
15,9,6,2,8,0,5,3,11,10,3,9,4,4,11,1,11,6,9,7,5,
15,9,6,2,8,0,5,3,11,10,3,9,4,4,11,2,11,6,9,7,5,
15,9,6,2,8,0,5,3,11,10,3,9,4,4,11,2,11,6,9,7,5,
15,9,6,2,8,0,5,3,11,10,3,9,4,4,11,2,11,6,9,7,6,
16,9,6,2,8,0,5,3,11,10,3,8,4,4,11,1,11,6,9,7,5,
16,10,7,2,9,0,6,6,12,11,6,9,6,6,12,2,12,7,10,8,6,
16,10,7,2,8,0,5,3,12,10,3,9,4,4,12,2,12,6,9,7,6,
15,9,6,1,7,0,4,2,10,10,2,8,3,3,11,1,10,5,8,7,5,
16,9,6,2,8,0,5,3,11,10,3,9,4,4,11,2,11,6,9,7,6,
15,9,5,1,7,0,4,2,10,9,2,8,3,3,10,1,10,5,8,6,5,
15,8,5,1,7,0,4,2,10,9,2,8,3,3,10,1,10,5,8,6,5,
15,10,6,2,8,0,5,3,11,10,3,9,4,4,12,2,11,6,9,7,5,
15,9,5,1,7,0,4,2,10,10,2,8,3,3,11,1,10,5,8,6,5,
16,10,6,2,8,0,5,3,11,10,3,8,4,4,12,1,11,6,9,7,5,
18,11,8,1,10,0,7,5,13,12,2,11,6,6,14,1,13,8,11,9,7,
15,9,6,1,7,0,4,2,10,9,2,8,3,3,11,1,10,5,8,7,5,
15,9,6,1,7,0,4,2,10,9,2,8,3,3,11,1,10,5,8,6,5,
17,11,6,1,9,0,4,2,12,12,2,10,4,3,13,1,13,5,10,9,5,
15,9,6,1,7,0,4,2,10,9,2,8,3,3,10,1,10,5,8,7,5,
15,9,6,1,7,0,4,2,10,9,2,8,3,3,11,1,10,5,8,7,5,
15,9,6,1,7,0,4,2,10,10,2,8,4,3,11,1,10,5,8,7,5,
15,9,6,1,7,0,4,2,10,9,2,8,4,3,11,1,10,5,8,7,5,
15,9,6,1,7,0,4,2,10,9,2,8,4,3,11,1,10,5,8,7,5,
15,9,6,1,7,0,4,2,10,10,2,8,4,3,11,1,10,5,8,7,5,
15,9,6,1,7,0,5,2,10,9,2,8,4,3,11,1,10,5,8,7,5,
15,9,6,1,7,0,4,2,10,9,2,8,4,3,10,1,10,5,8,6,5,
17,9,6,1,7,0,5,2,10,10,2,8,4,3,11,1,10,5,8,7,5,
15,9,6,1,7,0,5,3,10,10,2,8,4,3,11,1,11,6,9,7,5,
15,9,6,1,7,0,4,2,10,9,2,8,4,3,10,1,10,5,8,7,5,
15,9,6,1,7,0,4,2,10,9,2,8,4,3,11,1,10,5,8,7,5,
17,9,6,1,7,0,4,2,10,9,2,8,4,3,11,1,10,5,8,7,5,
14,9,6,1,7,0,4,2,10,9,2,8,4,3,10,1,10,5,8,7,5,
14,9,6,1,7,0,5,2,10,10,2,8,4,3,11,1,10,5,8,7,5,
15,9,6,1,7,0,5,2,11,10,2,8,4,3,12,1,12,5,8,7,5,
16,10,7,1,9,0,6,2,12,11,2,10,5,3,12,1,12,7,10,8,6,
14,9,6,1,7,0,5,3,10,10,2,8,4,3,11,1,10,5,8,7,5,
14,9,6,1,7,0,5,3,10,10,2,8,4,3,11,1,10,5,8,7,5,
14,9,6,1,7,0,5,3,10,10,2,8,4,3,11,1,10,5,8,7,5,
14,9,6,1,7,0,5,3,10,10,2,8,4,3,11,1,10,5,8,7,5,
14,9,6,2,8,0,5,3,10,10,2,8,4,4,11,1,11,6,9,7,5,
14,9,6,1,7,0,5,3,10,10,2,8,4,3,11,1,11,6,9,7,5,
14,9,6,1,7,0,5,3,10,10,2,8,4,3,11,1,11,6,9,7,5,
14,9,6,1,7,0,5,3,10,10,2,8,4,3,11,1,10,5,8,7,5,
14,11,6,1,7,0,5,3,11,11,2,11,4,3,11,1,11,5,11,7,5,
14,9,6,1,7,0,5,3,10,10,2,8,4,3,11,1,11,6,8,7,5,
14,9,6,2,7,0,5,3,10,10,2,8,4,4,11,1,11,6,9,7,5,
14,8,5,0,6,0,4,2,9,9,1,7,3,3,10,0,10,5,8,6,4,
15,9,6,2,8,0,5,3,11,10,2,8,4,4,11,1,11,6,9,7,5,
14,9,6,2,7,0,5,3,10,10,2,8,4,4,11,1,11,6,9,7,5,
14,9,6,2,7,0,5,3,10,10,2,8,4,4,11,1,11,6,9,7,5,
14,9,6,2,7,0,5,3,10,10,2,8,4,4,11,1,11,6,9,7,5,
14,9,6,2,7,0,5,3,10,10,2,8,4,4,11,1,11,6,9,7,5,
14,9,6,2,7,0,5,3,10,10,2,8,4,4,11,1,11,6,9,7,5,
14,9,6,2,7,0,5,3,10,10,2,8,4,4,11,1,11,6,9,7,5,
14,9,6,2,7,0,5,3,10,10,2,8,4,4,11,1,11,6,9,7,5,
16,11,6,2,9,0,5,3,12,12,2,10,4,4,13,1,13,6,10,9,5,
15,9,6,2,8,0,5,3,11,10,3,8,4,4,11,1,11,6,9,7,5,
17,9,6,2,7,0,5,3,11,10,2,8,4,4,11,1,11,6,9,7,5,
15,9,6,2,7,0,5,3,11,10,2,8,4,4,12,1,12,6,9,7,5,
14,9,6,2,8,0,5,3,10,10,2,8,4,4,11,1,11,6,9,7,5,
14,9,6,2,8,0,5,3,10,10,2,8,4,4,11,1,11,6,9,7,5,
14,9,6,2,7,0,5,3,10,10,2,8,4,4,11,1,11,6,9,7,5,
16,11,6,2,8,0,5,3,12,12,2,8,4,4,13,1,13,6,11,7,5,
14,9,6,2,8,0,5,3,11,10,2,8,4,4,11,1,11,6,9,7,5,
14,9,6,2,8,0,5,3,10,10,2,8,4,4,11,1,11,6,9,7,5,
15,9,6,2,8,0,5,3,11,10,2,9,4,4,11,1,11,6,9,7,5,
17,9,6,2,8,0,5,3,11,10,2,8,4,4,11,1,11,6,9,7,5,
15,9,6,2,8,0,5,3,11,10,3,9,4,4,11,1,11,6,9,7,6,
14,9,6,2,8,0,5,3,11,10,3,8,4,4,11,1,11,6,9,7,5,
14,9,6,2,8,0,5,3,11,10,3,8,4,4,11,1,11,6,9,7,5,
15,9,6,2,8,0,5,3,11,10,3,8,4,4,11,1,11,6,9,7,5,
15,9,6,2,8,0,8,3,11,10,3,8,4,4,11,1,11,6,9,7,5,
15,9,6,2,8,0,5,3,11,10,3,9,4,4,11,1,11,6,9,7,5,
17,12,9,4,10,0,7,5,13,12,5,11,7,6,14,1,13,8,11,10,8,
15,10,6,2,8,0,5,3,11,10,3,9,4,4,11,1,11,6,9,7,5,
15,10,7,2,8,0,6,3,11,11,3,9,4,4,12,2,11,6,9,8,6,
15,9,6,2,8,0,5,3,11,10,3,9,4,4,11,1,11,6,9,7,5,
15,9,6,2,8,0,5,3,11,10,3,9,4,4,11,2,11,6,9,7,5,
15,9,6,2,8,0,5,3,11,10,3,9,4,4,11,1,11,6,9,7,5,
15,9,6,2,8,0,5,3,11,10,3,9,4,4,11,2,11,6,9,7,6,
15,9,6,5,8,0,5,5,11,10,5,9,5,5,11,1,11,6,9,7,5,
18,12,9,5,11,0,8,6,14,13,6,12,7,7,14,4,14,9,12,10,8,
15,9,6,2,8,0,5,3,11,10,3,8,4,4,11,2,11,6,9,7,5,
15,9,7,2,8,0,5,3,11,10,3,9,4,4,11,2,11,6,9,7,6,
15,10,7,2,8,0,5,3,11,10,3,9,4,4,12,2,11,6,9,7,6,
15,9,7,2,8,0,5,3,11,10,3,9,4,4,11,2,11,6,9,7,6,
15,9,6,2,8,0,5,3,11,10,3,8,4,4,11,2,11,6,9,7,5,
15,9,6,2,8,0,5,3,11,10,3,9,4,4,11,2,11,6,9,7,5,
17,12,9,5,10,0,8,6,13,13,5,11,7,7,14,2,14,9,12,10,8,
15,8,5,1,7,0,4,2,10,9,2,8,3,3,10,1,10,5,8,6,5,
15,9,6,2,8,0,5,3,11,10,3,9,4,4,11,2,11,6,9,7,5,
15,9,6,2,8,0,5,3,11,10,3,9,4,4,11,2,11,6,9,7,5,
19,13,7,1,11,0,5,2,14,13,2,12,5,5,14,1,14,6,12,10,6,
15,9,6,1,7,0,4,2,10,9,2,8,3,3,10,1,10,5,8,6,5,
15,9,6,1,7,0,4,2,10,9,2,8,3,3,10,1,10,5,8,7,5,
15,9,6,1,7,0,4,2,10,9,2,8,4,3,11,1,10,5,8,7,5,
15,9,5,1,7,0,4,2,10,9,2,8,3,3,10,1,10,5,8,6,5,
15,8,6,1,7,0,4,2,10,9,2,8,3,3,10,1,10,5,8,6,5,
15,8,5,1,7,0,4,2,10,9,2,8,3,3,10,1,10,5,8,6,5,
15,9,6,1,7,0,4,2,10,9,2,8,3,3,10,1,10,5,8,7,5,
15,9,6,1,7,0,4,2,10,9,2,8,4,3,11,1,10,5,8,7,5,
15,9,6,1,7,0,5,3,10,10,2,8,4,3,11,1,11,6,9,7,5,
17,11,8,1,9,0,7,5,12,12,2,10,6,5,13,1,13,8,11,9,7,
15,9,6,1,7,0,4,2,10,9,2,8,4,3,10,1,10,5,8,7,5,
15,9,6,1,7,0,5,2,10,10,2,8,4,3,11,1,10,5,8,7,5,
16,10,6,1,8,0,5,2,11,11,2,9,4,3,12,1,12,5,10,8,5,
15,9,6,1,7,0,4,2,10,9,2,8,4,3,11,1,10,5,8,6,5,
15,9,6,1,7,0,5,2,10,10,2,8,4,3,11,1,10,5,8,7,5,
18,9,6,1,7,0,5,2,13,9,2,8,4,3,14,1,13,5,8,7,5,
18,12,8,1,10,0,7,2,13,12,2,11,6,3,13,1,13,8,11,9,8,
14,9,6,1,7,0,5,2,10,9,2,8,4,3,11,1,10,5,8,7,5,
14,9,6,1,7,0,5,2,10,10,2,8,4,3,11,1,10,5,8,7,5,
14,9,6,1,7,0,5,2,10,10,2,8,4,3,11,1,11,5,8,7,5,
14,9,6,1,7,0,5,2,10,10,2,8,4,3,11,1,10,5,8,7,5,
14,9,6,1,7,0,5,2,10,10,2,8,4,3,11,1,10,5,8,7,5,
14,9,6,1,7,0,5,3,10,10,2,8,4,3,11,1,11,6,9,7,5,
14,9,6,1,7,0,5,2,10,10,2,8,4,3,11,1,10,5,8,7,5,
14,9,6,1,7,0,5,3,10,10,2,8,4,3,11,1,10,5,8,7,5,
16,9,6,1,7,0,5,3,12,12,2,8,4,3,12,1,12,5,8,7,5,
14,9,6,1,7,0,5,3,10,10,2,8,4,3,11,1,11,5,8,7,5,
14,9,6,1,7,0,5,3,10,10,2,8,4,3,11,1,11,5,8,7,5,
14,9,6,1,7,0,5,3,10,10,2,8,4,3,11,1,10,5,8,7,5,
15,9,6,1,7,0,5,3,10,10,2,8,4,3,11,1,10,5,8,7,5,
14,9,6,1,7,0,5,3,10,10,2,8,4,3,11,1,11,6,8,7,5,
14,9,6,1,7,0,5,3,10,10,2,8,4,3,11,1,11,6,8,7,5,
15,10,6,1,7,0,5,3,11,11,2,8,4,3,12,1,12,6,10,7,5,
14,9,6,1,7,0,5,3,10,10,2,8,4,3,11,1,11,6,9,7,5,
15,9,6,2,8,0,5,3,11,10,2,8,4,4,11,1,11,6,9,7,5,
14,9,6,2,7,0,5,3,10,10,2,8,4,3,11,1,11,6,9,7,5,
15,9,6,1,7,0,5,3,10,10,2,8,4,3,11,1,11,6,9,7,5,
17,12,6,2,11,0,5,3,13,13,2,11,4,4,14,1,14,6,12,10,5,
14,9,6,1,7,0,5,3,10,10,2,8,4,3,11,1,11,6,9,7,5,
14,9,6,2,7,0,5,3,10,10,2,8,4,4,11,1,11,6,9,7,5,
17,9,6,2,7,0,5,3,13,10,2,8,4,4,14,1,13,6,9,7,5,
17,11,8,2,10,0,7,3,13,12,2,10,6,4,13,1,13,8,11,9,7,
14,9,6,2,7,0,5,3,10,10,2,8,4,4,11,1,11,6,9,7,5,
14,9,6,2,7,0,5,3,10,10,2,8,4,4,11,1,11,6,9,7,5,
14,9,6,2,7,0,5,3,10,10,2,8,4,4,11,1,11,6,9,7,5,
16,9,6,2,7,0,5,3,10,10,2,8,4,4,11,1,11,6,9,7,5,
17,11,8,2,10,0,7,3,13,12,2,10,4,4,13,1,13,8,11,9,7,
14,9,6,2,7,0,5,3,10,10,2,8,4,4,11,1,11,6,9,7,5,
14,9,6,2,8,0,5,3,10,10,2,8,4,4,11,1,11,6,9,7,5,
14,9,6,2,8,0,5,3,10,10,2,8,4,4,11,1,11,6,9,7,5,
14,6,3,0,4,0,2,0,7,7,0,5,1,1,8,0,8,3,6,4,2,
16,9,6,1,7,0,5,3,10,10,2,8,4,3,11,1,11,6,9,7,5,
15,9,6,2,8,0,5,3,11,10,3,9,4,4,11,1,11,6,9,7,5,
14,9,6,2,7,0,5,3,10,10,2,8,4,4,11,1,11,6,9,7,5,
15,9,6,2,8,0,5,3,11,10,3,8,4,4,11,1,11,6,9,7,5,
14,9,6,2,8,0,5,3,11,10,3,8,4,4,11,1,11,6,9,7,5,
15,10,7,2,8,0,6,3,11,10,3,9,4,4,12,2,11,6,9,8,6,
15,9,6,2,8,0,5,3,11,10,3,9,4,4,11,1,11,6,9,7,5,
15,10,7,2,8,0,5,3,11,11,3,9,4,4,12,1,12,7,10,8,6,
40,35,32,2,34,0,31,3,36,36,3,34,4,4,37,2,37,32,35,33,31,
18,9,6,2,8,0,5,3,11,10,2,9,4,4,11,1,11,6,9,7,5,
17,12,9,2,10,0,8,3,13,13,3,11,4,4,14,1,14,9,12,10,8,
15,9,6,2,8,0,5,3,11,10,3,8,4,4,11,1,11,6,9,7,5,
15,9,6,2,8,0,5,3,11,10,3,8,4,4,11,1,11,6,9,7,5,
15,9,6,2,8,0,5,3,11,10,3,8,4,4,11,1,11,6,9,7,5,
15,10,7,2,8,0,5,3,11,11,3,9,5,4,12,2,11,6,9,8,6,
17,10,7,2,8,0,5,3,11,10,3,9,4,4,12,1,11,6,9,8,6,
15,9,6,2,8,0,5,3,11,10,3,9,4,4,11,1,11,6,9,7,5,
15,10,6,2,8,0,5,3,11,11,3,8,4,4,12,1,12,6,10,7,5,
15,9,6,2,8,0,5,3,11,10,3,8,4,4,11,1,11,6,9,7,5,
15,9,6,2,8,0,5,3,11,10,3,9,4,4,11,1,11,6,9,7,5,
15,10,6,2,8,0,5,3,11,10,3,9,4,4,12,1,11,6,9,7,5,
15,9,6,2,8,0,5,3,11,10,3,9,4,4,11,1,11,6,9,7,5,
15,10,7,2,8,0,5,3,11,10,3,9,5,4,11,1,11,6,9,8,6,
15,7,4,0,5,0,2,0,8,7,0,6,2,1,9,0,8,3,6,5,3,
17,9,6,1,7,0,5,2,10,9,2,8,4,3,11,1,10,5,8,7,5,
15,9,6,2,8,0,5,3,11,10,3,9,4,4,12,1,11,6,9,7,6,
15,9,6,2,8,0,5,3,11,10,3,9,4,4,11,2,11,6,9,7,5,
15,9,6,2,8,0,5,3,11,10,3,9,4,4,11,2,11,6,9,7,5,
15,9,6,2,8,0,5,3,11,10,3,9,4,4,11,1,11,6,9,7,5,
15,9,6,2,8,0,5,3,11,10,3,8,4,4,11,1,11,6,9,7,5,
15,9,6,2,8,0,5,3,11,10,3,9,4,4,11,2,11,6,9,7,5,
18,12,10,5,11,0,8,6,14,13,6,12,7,7,14,2,14,9,12,10,9,
15,10,7,2,8,0,5,3,11,10,3,9,5,4,12,2,11,6,9,8,6,
15,9,6,1,7,0,5,3,10,10,2,8,4,3,11,1,11,5,8,7,5,
16,9,6,1,7,0,4,2,10,9,2,8,4,3,11,1,10,5,8,7,5,
19,13,7,2,8,0,5,3,14,13,3,12,4,4,15,1,14,6,12,7,6,
15,9,6,1,7,0,4,2,10,9,2,8,4,3,11,1,10,5,8,7,5,
15,9,6,1,7,0,4,2,10,9,2,8,3,3,11,1,10,5,8,6,4,
15,8,5,1,7,0,4,2,10,9,2,8,3,3,10,1,10,5,8,6,4,
15,9,5,1,7,0,4,2,10,9,2,8,3,3,11,1,10,5,8,6,5,
15,9,6,1,7,0,4,2,10,9,2,8,3,3,11,1,10,5,8,6,5,
15,10,6,1,7,0,4,2,10,10,2,8,4,3,11,1,10,5,10,7,5,
15,9,6,1,7,0,4,2,10,9,2,8,4,3,11,1,10,5,8,6,5,
15,9,6,1,7,0,4,2,10,9,2,8,4,3,11,1,10,5,8,7,5,
15,9,6,2,8,0,5,3,11,10,2,8,4,4,11,1,11,6,9,7,5,
18,12,9,1,10,0,7,5,13,12,2,11,7,6,14,1,13,8,11,10,8,
14,9,6,1,7,0,4,2,10,9,2,8,4,3,11,1,10,5,8,7,5,
14,9,6,1,7,0,4,2,10,9,2,8,4,3,11,1,10,5,8,7,5,
15,9,6,1,8,0,5,2,11,10,2,9,4,3,11,1,11,5,9,7,5,
16,9,6,1,7,0,5,2,12,10,2,8,4,3,12,1,12,5,9,7,5,
14,9,6,1,7,0,4,2,10,9,2,8,4,3,11,1,10,5,8,7,5,
16,9,6,1,7,0,5,2,10,10,2,8,4,3,11,1,10,5,8,7,5,
14,9,6,1,7,0,5,2,10,10,2,8,4,3,11,1,10,5,8,7,5,
15,9,6,1,7,0,5,2,10,10,2,8,4,3,11,1,11,5,9,7,5,
15,10,6,2,8,0,5,3,11,10,3,9,4,4,12,1,11,6,9,7,6,
17,9,6,1,7,0,5,2,13,13,2,8,4,3,14,1,14,5,9,7,5,
14,9,6,1,7,0,5,2,10,10,2,8,4,3,11,1,11,6,8,7,5,
14,9,6,1,7,0,5,3,10,10,2,8,4,3,11,1,11,6,9,7,5,
14,9,6,1,7,0,5,3,10,10,2,8,4,4,11,1,11,6,9,7,5,
14,9,6,1,7,0,5,3,10,10,2,8,4,3,11,1,11,5,8,7,5,
14,9,6,1,7,0,5,3,10,10,2,8,4,3,11,1,11,6,8,7,5,
14,9,6,1,7,0,5,3,10,10,2,8,4,4,11,1,11,6,9,7,5,
14,9,6,1,7,0,5,3,10,10,2,8,4,3,11,1,11,6,9,7,5,
14,9,6,1,7,0,5,3,10,10,2,8,4,3,11,1,11,6,9,7,5,
14,9,6,1,8,0,5,3,10,10,2,8,4,4,11,1,11,6,9,7,5,
14,9,6,1,7,0,5,3,10,10,2,8,4,3,11,1,11,6,9,7,5,
14,9,6,1,7,0,5,3,10,10,2,8,4,3,11,1,11,6,9,7,5,
14,9,6,1,7,0,5,3,10,10,2,8,4,4,11,1,11,6,9,7,5,
14,9,6,1,7,0,5,3,10,10,2,8,4,4,11,1,11,6,9,7,5,
14,9,6,1,7,0,5,3,10,10,2,8,4,3,11,1,11,6,9,7,5,
14,9,6,1,7,0,5,3,10,10,2,8,4,4,11,1,11,6,9,7,5,
14,9,6,1,7,0,5,3,10,10,2,8,4,4,11,1,11,6,9,7,5,
16,9,6,2,8,0,5,3,11,10,3,9,4,4,11,1,11,6,9,7,5,
15,10,7,1,8,0,6,6,11,11,2,9,6,6,12,1,12,7,10,8,6,
14,9,6,2,7,0,5,3,10,10,2,8,4,4,11,1,11,6,9,7,5,
14,9,6,2,7,0,5,3,10,10,2,8,4,4,11,1,11,6,9,7,5,
14,9,6,2,7,0,5,3,10,10,2,8,4,4,11,1,11,6,9,7,5,
14,9,6,2,7,0,5,3,10,10,2,8,4,4,11,1,11,6,9,7,5,
14,9,6,2,7,0,5,3,10,10,2,8,4,4,11,1,11,6,9,7,5,
14,9,6,2,7,0,5,3,10,10,2,8,4,4,11,1,11,6,9,7,5,
14,9,6,2,7,0,5,3,10,10,2,8,4,4,11,1,11,6,9,7,5,
15,9,6,2,8,0,5,3,11,10,2,8,4,4,11,1,11,6,9,7,5,
15,10,7,2,8,0,6,3,11,11,2,9,5,4,12,1,12,6,9,8,6,
14,9,6,2,8,0,5,3,10,10,3,8,4,4,11,1,11,6,9,7,5,
15,9,6,2,8,0,5,3,11,10,2,8,4,4,11,1,11,6,9,7,5,
15,12,6,2,8,0,5,3,12,12,2,12,4,4,12,1,12,6,12,7,5,
14,9,6,2,8,0,5,3,11,10,2,8,4,4,11,1,11,6,9,7,5,
15,9,6,2,8,0,5,3,11,10,2,8,4,4,11,1,11,6,9,7,5,
15,9,6,2,8,0,5,3,11,10,2,8,4,4,11,1,11,6,9,7,5,
17,9,6,1,7,0,4,2,10,9,2,8,4,3,11,1,10,5,8,7,5,
15,9,6,2,8,0,5,3,11,10,3,8,4,4,11,1,11,6,9,7,5,
15,9,6,2,8,0,5,3,11,10,3,9,4,4,11,1,11,6,9,7,5,
18,12,6,2,8,0,5,3,14,13,3,8,4,4,14,1,14,6,9,7,5,
15,9,6,2,8,0,5,3,11,10,3,8,4,4,11,1,11,6,9,7,5,
15,9,6,2,8,0,5,3,11,10,3,8,4,4,11,1,11,6,9,7,5,
15,9,6,2,8,0,5,3,11,10,3,9,4,4,11,1,11,6,9,7,5,
15,9,6,2,8,0,5,3,11,10,3,9,4,4,11,1,11,6,9,7,5,
15,9,6,2,8,0,5,3,11,10,3,9,4,4,11,1,11,6,9,7,5,
15,9,6,4,8,0,5,4,10,10,4,8,4,4,11,4,11,6,9,7,5,
14,9,6,2,8,0,5,3,11,10,3,8,4,4,11,1,11,6,9,7,5,
15,9,6,2,8,0,5,3,11,10,3,9,4,4,11,1,11,6,9,7,5,
15,9,6,2,8,0,5,3,11,10,3,8,4,4,11,1,11,6,9,7,5,
15,9,6,2,8,0,5,3,11,10,3,9,4,4,11,1,11,6,9,7,6,
17,9,6,2,8,0,5,3,11,10,3,9,4,4,12,1,11,6,9,7,5,
15,9,6,2,8,0,5,3,11,10,3,9,4,4,11,1,11,6,9,7,5,
15,10,6,2,8,0,5,3,11,11,3,9,4,4,12,1,12,6,10,7,5,
15,9,6,2,8,0,5,3,11,10,3,9,4,4,11,1,11,6,9,7,5,
15,10,7,2,8,0,5,3,11,10,3,9,4,4,12,1,11,6,9,7,6,
15,10,7,2,8,0,5,3,11,10,3,9,4,4,11,1,11,6,9,8,6,
15,9,6,1,7,0,4,2,10,9,2,8,3,3,11,1,10,5,8,6,5,
15,9,6,1,7,0,5,2,10,10,2,8,4,3,11,1,10,5,8,7,5,
15,8,5,0,6,0,4,1,9,9,1,7,2,2,10,0,9,4,7,6,4,
17,9,6,1,7,0,4,2,10,9,2,8,4,3,11,1,10,5,8,7,5,
15,9,5,1,7,0,4,2,10,9,2,8,3,3,10,1,10,5,8,6,5,
15,9,6,1,7,0,4,2,10,9,2,8,4,3,10,1,10,5,8,7,5,
15,9,6,1,7,0,4,2,10,9,2,8,4,3,10,1,10,5,8,7,5,
16,10,7,2,8,0,5,3,11,10,3,9,5,4,12,1,11,6,9,8,6,
15,9,6,1,7,0,4,2,10,10,2,8,3,3,11,0,10,5,8,7,5,
15,9,6,1,7,0,4,2,10,9,2,8,3,3,11,1,10,5,8,7,5,
18,11,9,4,10,0,7,5,13,12,5,11,6,6,13,1,13,8,11,9,8,
15,9,6,1,7,0,4,2,10,9,2,8,4,3,11,1,10,5,8,7,5,
15,9,6,1,7,0,4,2,10,9,2,8,3,3,10,1,10,5,8,6,5,
16,9,6,1,7,0,5,2,10,10,2,8,4,3,11,1,10,5,8,7,5,
18,12,6,1,10,0,4,2,13,12,2,11,4,3,14,1,13,5,11,7,5,
15,9,6,1,7,0,4,2,10,9,2,8,4,3,11,1,10,5,8,7,5,
14,9,6,1,7,0,4,2,10,9,2,8,4,3,11,1,10,5,8,7,5,
17,9,6,1,7,0,5,2,13,10,2,8,4,3,13,1,13,5,8,7,5,
16,11,8,1,9,0,7,2,12,12,2,10,6,3,13,1,12,7,10,9,7,
14,9,6,1,7,0,5,2,10,9,2,8,4,3,11,1,10,5,8,7,5,
14,9,6,1,7,0,5,2,10,10,2,8,4,3,11,1,10,5,8,7,5,
14,9,6,1,7,0,5,2,10,10,2,8,4,3,11,1,10,5,8,7,5,
16,9,6,1,7,0,5,2,10,10,2,8,4,3,11,1,10,5,8,7,5,
14,9,6,1,7,0,5,3,10,10,2,8,4,3,11,1,10,5,8,7,5,
15,9,6,1,7,0,5,3,11,10,2,8,4,4,12,1,11,6,9,7,5,
14,9,6,1,7,0,5,2,10,10,2,8,4,3,11,1,11,5,8,7,5,
14,8,5,0,6,0,4,1,9,9,1,7,3,2,10,0,10,4,7,6,4,
15,7,4,0,6,0,3,1,9,8,0,6,2,2,9,0,9,4,7,5,3,
16,9,6,2,8,0,5,3,11,10,3,9,4,4,11,1,11,6,9,7,5,
14,9,6,1,7,0,5,3,10,10,2,8,4,3,11,1,11,5,8,7,5,
14,9,6,1,7,0,5,3,10,10,2,8,4,3,11,1,10,5,8,7,5,
14,9,6,1,7,0,5,3,10,10,2,8,4,3,11,1,10,5,8,7,5,
14,9,6,1,7,0,5,3,10,10,2,8,4,3,11,1,11,6,9,7,5,
14,9,6,1,7,0,5,3,10,10,2,8,4,4,11,1,11,6,9,7,5,
14,9,6,1,7,0,5,3,10,10,2,8,4,3,11,1,11,6,9,7,5,
14,9,6,1,7,0,5,3,10,10,2,8,4,3,11,1,11,6,9,7,5,
14,9,6,2,8,0,5,3,11,10,2,8,4,4,11,1,11,6,9,7,5,
16,9,6,1,7,0,5,3,10,10,2,8,4,3,11,1,11,6,9,7,5,
15,9,6,1,7,0,5,3,10,10,2,8,4,4,11,1,11,6,9,7,5,
18,12,9,2,11,0,5,3,14,13,2,11,4,4,14,1,14,9,12,10,8,
14,9,6,1,7,0,5,3,10,10,2,8,4,4,11,1,11,6,9,7,5,
14,9,6,2,7,0,5,3,11,10,2,8,4,4,11,1,11,6,9,7,5,
14,9,6,2,7,0,5,3,10,10,2,8,4,4,11,1,11,6,9,7,5,
15,9,6,2,7,0,5,3,11,10,2,8,4,4,11,1,11,6,9,7,5,
15,9,6,1,7,0,5,3,10,10,2,8,4,4,11,1,11,6,9,7,5,
14,9,6,2,7,0,5,3,10,10,2,8,4,4,11,1,11,6,9,7,5,
14,9,6,2,7,0,5,3,10,10,2,8,4,4,11,1,11,6,9,7,5,
16,11,8,3,9,0,7,4,12,12,4,10,6,5,13,1,13,8,11,9,7,
17,12,9,2,10,0,8,6,13,13,2,11,7,6,14,1,14,9,11,10,8,
15,9,6,2,8,0,5,3,11,10,2,8,4,4,11,1,11,6,9,7,5,
14,9,6,1,7,0,5,3,10,10,2,8,4,4,11,1,11,6,9,7,5,
14,9,6,2,7,0,5,3,10,10,2,8,4,4,11,1,11,6,9,7,5,
14,9,6,2,7,0,5,3,10,10,2,8,4,4,11,1,11,6,9,7,5,
14,9,6,2,7,0,5,3,10,10,2,8,4,4,11,1,11,6,9,7,5,
15,9,6,2,8,0,5,3,11,10,3,9,4,4,11,1,11,6,9,7,5,
17,9,6,1,7,0,5,3,10,10,2,8,4,3,11,1,11,5,8,7,5,
14,9,6,2,8,0,5,3,10,10,2,8,4,4,11,1,11,6,9,7,5,
15,9,6,2,8,0,5,3,11,10,2,8,4,4,11,1,11,6,9,7,5,
17,12,6,2,8,0,5,3,13,13,2,8,4,4,14,1,14,6,9,7,5,
14,9,7,2,8,0,5,3,10,10,2,8,4,4,11,1,11,7,9,7,5,
15,10,7,2,8,0,5,3,11,10,2,9,4,4,12,1,11,6,9,8,5,
15,9,6,2,8,0,5,3,11,10,2,8,4,4,11,1,11,6,9,7,5,
15,9,6,2,8,0,5,3,11,10,2,9,4,4,11,1,11,6,9,7,5,
14,9,6,2,8,0,5,3,10,10,2,8,4,4,11,1,11,6,9,7,5,
15,10,7,2,8,0,6,5,11,11,5,9,5,5,12,1,12,6,10,8,6,
15,9,6,2,8,0,5,3,11,10,3,8,4,4,11,1,11,6,9,7,5,
15,9,7,2,8,0,5,3,11,10,3,9,4,4,11,1,11,6,9,7,6,
17,11,6,2,8,0,5,3,13,12,3,9,4,4,13,1,13,6,11,7,5,
14,9,6,2,8,0,5,3,11,10,2,8,4,4,11,1,11,6,9,7,5,
17,9,6,2,8,0,5,3,10,10,2,8,4,4,11,1,11,6,9,7,5,
15,9,6,2,8,0,5,3,11,10,2,8,4,4,11,1,11,6,9,7,5,
15,10,6,2,8,0,5,3,11,11,2,8,4,4,12,1,12,6,9,7,5,
14,9,6,2,8,0,5,3,11,10,2,8,4,4,11,1,11,6,9,7,5,
15,9,6,2,8,0,5,3,11,10,2,9,4,4,11,1,11,6,9,7,5,
14,9,6,2,8,0,5,3,10,10,2,8,4,4,11,1,11,6,9,7,5,
15,9,6,2,8,0,5,3,11,10,3,9,4,4,11,1,11,6,9,7,5,
15,9,6,2,8,0,5,3,11,10,3,9,4,4,11,1,11,6,9,7,5,
15,7,4,0,6,0,3,1,9,8,1,7,2,2,9,0,9,4,7,5,3,
17,9,6,1,7,0,4,2,10,9,2,8,3,3,11,0,10,5,8,7,5,
15,8,6,1,7,0,4,2,10,9,2,8,3,3,10,0,10,5,8,6,5,
15,9,7,2,8,0,5,3,11,10,3,9,4,4,11,1,11,6,9,7,5,
15,9,6,2,8,0,5,3,11,10,3,9,4,4,11,1,11,6,9,7,5,
15,9,6,1,7,0,4,2,10,9,2,8,4,3,11,0,10,5,8,7,5,
17,9,6,2,8,0,5,3,11,10,3,9,4,4,11,1,11,6,9,7,5,
15,10,7,2,8,0,5,3,11,10,3,9,4,4,12,1,11,6,9,7,5,
18,11,8,4,10,0,7,5,13,12,5,11,6,6,13,0,13,8,11,9,7,
15,9,6,1,7,0,4,2,10,9,2,8,3,3,11,0,10,5,8,7,5,
15,9,6,1,7,0,4,2,10,9,2,8,3,3,11,0,10,5,8,7,5,
16,9,6,1,8,0,4,2,11,10,2,9,3,3,11,0,11,5,9,7,5,
15,9,6,1,7,0,4,2,10,9,2,8,3,3,11,1,10,5,8,7,5,
15,9,6,1,7,0,4,2,10,10,2,8,4,3,11,1,11,5,9,7,5,
15,9,6,1,7,0,5,2,10,10,2,8,4,3,11,1,11,5,8,7,5,
15,9,6,1,7,0,4,2,10,9,2,8,4,3,10,0,10,5,8,7,5,
