30,8,5,1,6,2,3,0,10,9,7,
19,7,5,1,6,3,3,0,9,8,6,
15,8,6,3,7,4,4,0,10,9,8,
16,9,7,4,8,5,5,0,11,10,9,
13,6,4,1,5,2,3,0,8,7,6,
13,7,4,1,5,2,3,0,8,7,6,
13,7,4,1,5,2,3,0,8,8,6,
14,6,4,1,5,2,3,0,8,7,6,
13,6,4,1,5,2,3,0,8,7,6,
13,7,4,1,5,2,3,0,8,7,6,
15,9,7,1,8,5,5,0,10,10,8,
13,7,4,1,5,2,3,0,8,8,6,
13,7,4,1,5,2,3,0,8,7,6,
14,8,4,1,5,2,3,0,9,8,6,
13,7,4,1,5,2,3,0,8,8,6,
13,7,4,1,5,3,3,0,8,8,6,
13,7,5,1,5,3,3,0,8,8,6,
13,7,5,1,5,2,3,0,8,8,6,
13,7,5,1,5,3,3,0,8,8,6,
14,7,5,1,6,3,3,0,9,8,7,
13,7,5,1,5,3,3,0,8,8,6,
13,7,5,1,5,3,3,0,8,8,6,
16,7,5,1,5,3,3,0,11,11,6,
13,7,5,1,5,3,3,0,8,8,6,
14,7,5,1,5,3,3,0,8,8,6,
13,7,5,1,5,3,3,0,8,8,6,
14,7,5,1,6,3,3,0,8,8,6,
13,7,5,2,6,3,3,0,8,8,6,
13,7,5,2,5,3,3,0,8,8,6,
13,7,5,1,5,3,3,0,8,8,6,
14,7,5,2,6,3,3,0,9,8,7,
15,7,4,1,6,2,2,0,9,8,7,
14,6,4,1,5,2,2,0,7,7,6,
14,8,5,2,6,3,4,0,9,8,7,
13,7,5,2,5,3,3,0,8,8,6,
14,6,4,1,5,2,2,0,8,7,6,
14,6,4,1,5,2,2,0,8,7,6,
13,7,5,1,5,3,3,0,8,8,6,
13,6,4,1,5,2,2,0,7,7,5,
16,6,4,1,5,2,3,0,8,7,6,
16,7,5,1,5,2,3,0,8,8,6,
14,6,4,1,5,2,2,0,8,7,6,
14,6,4,1,5,2,3,0,8,7,6,
14,6,4,1,5,2,2,0,8,7,6,
14,6,4,1,5,2,2,0,8,7,6,
14,6,4,1,5,2,2,0,8,7,6,
14,6,4,1,5,2,3,0,8,7,6,
14,4,2,0,3,0,0,0,5,5,3,
14,6,4,1,5,2,3,0,8,7,6,
14,6,4,1,5,2,3,0,8,7,6,
14,6,4,1,5,2,3,0,8,7,6,
14,6,4,1,5,2,3,0,8,7,6,
14,6,4,1,5,2,3,0,8,7,6,
14,6,4,1,5,2,3,0,8,7,6,
13,6,4,1,5,2,3,0,8,7,6,
13,6,4,1,5,2,3,0,8,7,6,
13,7,4,1,5,2,3,0,8,7,6,
13,7,4,1,5,2,3,0,8,7,6,
13,7,4,1,5,2,3,0,8,7,6,
14,8,4,1,5,2,3,0,8,8,8,
13,7,4,1,5,2,3,0,8,7,6,
13,7,4,1,5,2,3,0,8,7,6,
13,7,4,1,5,2,3,0,8,8,6,
13,7,4,1,5,2,4,0,8,7,6,
13,7,4,1,5,2,3,0,8,7,6,
13,7,4,1,5,2,3,0,8,7,6,
13,7,4,1,5,2,3,0,8,8,6,
13,7,4,1,5,2,3,0,8,8,6,
13,7,4,1,5,2,3,0,8,8,6,
13,7,4,1,5,2,3,0,8,7,6,
13,7,4,1,5,2,3,0,8,8,6,
13,7,5,1,5,3,3,0,8,8,6,
14,7,5,1,5,3,3,0,8,8,6,
14,6,4,1,5,2,2,0,8,7,6,
13,7,5,1,5,3,3,0,8,8,6,
13,7,5,1,5,3,3,0,8,8,6,
13,7,5,1,5,3,3,0,8,8,6,
13,7,5,1,5,3,3,0,8,8,6,
13,7,5,1,5,3,3,0,8,8,6,
13,7,5,1,5,3,3,0,8,8,6,
16,10,5,1,5,3,3,0,11,11,9,
13,7,5,1,5,3,3,0,8,8,6,
13,7,5,1,5,3,3,0,8,8,6,
18,9,7,2,8,3,3,0,13,10,8,
14,8,6,4,7,4,4,0,9,9,7,
13,7,5,2,5,3,3,0,8,8,6,
13,7,5,2,6,3,3,0,8,8,7,
14,7,4,1,5,2,2,0,8,7,6,
13,7,5,2,6,3,3,0,8,8,6,
13,6,4,1,5,2,2,0,7,7,5,
14,6,4,1,5,2,2,0,7,7,6,
13,6,4,1,5,2,2,0,7,7,5,
14,6,4,1,5,2,2,0,8,7,6,
14,6,4,1,5,2,2,0,8,7,6,
14,6,4,1,5,2,2,0,8,7,6,
14,6,4,1,5,2,2,0,8,7,6,
16,6,4,1,5,2,2,0,10,10,6,
14,6,4,1,5,2,2,0,8,7,6,
14,6,4,1,5,2,3,0,8,7,6,
14,6,4,1,5,2,3,0,8,7,6,
14,6,4,1,5,2,3,0,8,7,6,
14,6,4,1,5,2,3,0,8,7,6,
14,6,4,1,5,2,3,0,8,7,6,
14,6,4,1,5,2,3,0,8,7,6,
14,7,4,1,5,2,3,0,8,8,6,
14,6,4,1,5,2,3,0,8,7,6,
14,6,4,1,5,2,3,0,8,7,6,
13,6,4,1,5,2,3,0,8,7,6,
13,7,4,1,5,2,3,0,8,7,6,
13,7,4,1,5,2,3,0,8,7,6,
13,7,4,1,5,2,3,0,8,7,6,
13,7,4,1,5,2,3,0,8,7,6,
13,7,4,1,5,2,3,0,8,7,6,
13,7,4,1,5,2,3,0,8,8,6,
13,7,4,1,5,2,3,0,8,8,6,
13,7,4,1,5,2,3,0,8,8,6,
13,7,4,1,5,2,3,0,8,8,6,
16,10,5,1,8,2,3,0,11,10,9,
13,7,4,1,5,2,3,0,8,8,6,
16,9,7,1,8,5,6,0,11,10,9,
14,7,5,1,5,3,3,0,9,8,6,
13,7,5,1,5,3,3,0,8,8,6,
13,7,5,1,5,3,3,0,8,8,6,
13,7,4,1,5,2,3,0,8,8,6,
13,7,5,1,5,3,3,0,8,8,6,
13,7,5,2,5,3,3,0,8,8,6,
16,7,4,1,5,2,3,0,8,8,6,
13,7,5,1,5,3,3,0,8,8,6,
14,7,5,1,6,3,3,0,9,8,6,
15,9,6,2,6,3,3,0,10,10,7,
16,6,4,1,5,2,2,0,8,7,6,
15,9,7,3,7,5,5,0,10,10,8,
13,7,5,2,5,3,3,0,8,8,6,
13,7,6,2,6,3,3,0,8,8,6,
13,7,5,2,5,3,3,0,8,8,6,
13,6,4,1,5,2,2,0,7,7,5,
18,10,5,2,6,3,3,0,13,10,6,
14,6,4,1,5,2,2,0,7,7,5,
14,6,4,1,5,2,2,0,8,7,6,
13,6,4,1,5,2,2,0,7,7,6,
14,6,4,1,5,2,3,0,8,7,6,
14,6,4,1,5,2,3,0,8,7,6,
18,8,6,1,7,2,3,0,10,9,8,
14,6,4,1,5,2,2,0,8,7,6,
14,6,4,1,5,2,2,0,8,7,6,
14,6,4,1,5,2,2,0,8,7,6,
14,6,4,1,5,2,3,0,8,7,6,
16,7,4,1,5,2,3,0,8,7,6,
14,6,4,1,5,2,3,0,8,7,6,
14,6,4,1,5,2,3,0,8,7,6,
14,7,4,1,5,2,3,0,8,7,6,
14,7,4,1,5,2,3,0,8,7,6,
14,7,4,1,5,2,3,0,8,7,6,
16,7,4,1,5,2,3,0,8,7,6,
14,7,4,1,5,2,3,0,8,8,6,
13,7,5,1,5,2,3,0,8,8,6,
13,7,4,1,5,2,3,0,8,8,6,
13,7,4,1,5,2,3,0,8,8,6,
13,7,5,1,5,2,3,0,8,8,6,
13,7,4,1,5,2,3,0,8,7,6,
13,7,4,1,5,2,3,0,8,8,6,
13,7,4,1,5,2,3,0,8,8,6,
13,7,5,1,5,3,3,0,8,8,6,
14,7,5,2,5,3,3,0,8,8,6,
13,7,4,1,5,2,3,0,8,7,6,
13,7,4,1,5,2,3,0,8,8,6,
13,7,5,1,5,3,3,0,8,8,6,
13,7,5,1,5,3,3,0,8,8,6,
13,7,5,1,5,3,3,0,8,8,6,
16,7,5,1,5,3,3,0,11,8,6,
13,6,4,0,4,2,2,0,7,7,5,
13,7,5,2,5,3,3,0,8,8,6,
14,6,4,1,5,2,2,0,7,7,5,
14,7,5,1,5,3,3,0,9,8,6,
13,7,5,1,5,3,3,0,8,8,6,
15,7,5,1,5,3,3,0,10,10,6,
13,6,4,1,4,2,2,0,7,7,5,
14,7,5,2,5,3,3,0,8,8,6,
14,6,4,1,5,2,2,0,8,7,6,
16,8,6,1,7,2,2,0,10,9,8,
13,7,5,2,5,3,3,0,8,8,6,
13,7,5,2,5,3,3,0,8,8,6,
14,6,4,1,5,2,2,0,8,7,6,
14,6,4,1,5,2,2,0,8,7,6,
15,7,5,2,5,3,3,0,8,8,6,
13,6,4,1,5,2,2,0,7,7,5,
13,6,4,1,5,2,2,0,7,7,6,
14,6,4,1,5,2,2,0,8,7,6,
14,6,4,1,5,2,3,0,8,7,6,
14,6,4,1,5,2,2,0,8,7,6,
16,7,4,1,5,2,3,0,8,7,6,
14,7,4,1,5,2,3,0,8,7,6,
14,6,4,1,5,2,3,0,8,7,6,
14,6,4,1,5,2,3,0,8,7,6,
14,6,4,1,5,2,3,0,8,7,6,
14,6,4,1,5,2,2,0,8,7,6,
14,7,4,1,5,2,3,0,8,7,6,
14,6,4,1,5,2,3,0,8,7,6,
14,6,4,1,5,2,3,0,8,7,6,
14,6,4,1,5,2,3,0,8,7,6,
15,7,5,2,5,3,3,0,8,8,6,
14,6,4,1,5,2,3,0,8,7,6,
14,7,4,1,5,2,3,0,8,7,6,
14,7,4,1,5,2,3,0,8,7,6,
14,7,4,1,5,2,3,0,8,7,6,
14,7,4,1,5,2,3,0,8,7,6,
17,7,4,1,5,2,3,0,11,7,6,
14,6,3,0,4,1,2,0,7,6,5,
13,7,4,1,5,2,3,0,8,7,6,
13,7,4,1,5,2,3,0,8,7,6,
13,7,4,1,5,2,3,0,8,7,6,
13,7,4,1,5,2,3,0,8,7,6,
13,7,4,1,5,2,3,0,8,7,6,
13,7,4,1,5,2,3,0,8,7,6,
15,7,4,1,5,2,3,0,8,7,6,
14,7,4,1,5,2,3,0,8,7,6,
16,7,4,1,5,2,3,0,8,7,6,
13,7,4,1,5,2,3,0,8,8,6,
13,7,5,1,5,2,3,0,8,8,6,
13,8,7,1,8,2,3,0,8,8,8,
13,7,5,1,5,3,3,0,8,8,6,
14,8,5,1,6,3,3,0,9,9,7,
16,10,5,1,5,3,3,0,11,11,6,
15,9,7,3,7,5,5,0,10,10,8,
14,7,5,1,6,3,3,0,9,8,7,
13,7,5,2,6,3,3,0,8,8,6,
14,7,5,1,5,3,3,0,9,8,6,
16,7,4,1,5,2,3,0,8,8,6,
14,6,4,0,4,2,2,0,7,7,5,
13,7,5,1,6,3,3,0,8,8,6,
13,7,5,1,5,3,3,0,8,8,6,
13,7,5,1,5,3,3,0,8,8,6,
13,7,5,1,5,3,3,0,8,8,6,
13,7,5,1,5,3,3,0,8,8,6,
13,7,5,2,5,3,3,0,8,8,6,
13,7,5,2,5,3,3,0,8,8,6,
13,6,4,1,5,2,2,0,7,7,5,
14,7,5,1,5,3,3,0,8,8,6,
13,6,4,1,5,2,2,0,7,7,5,
14,6,4,1,5,2,2,0,8,7,6,
16,9,4,1,5,2,3,0,10,10,6,
14,6,4,1,5,2,3,0,8,7,6,
14,6,4,1,5,2,2,0,8,7,6,
16,6,4,1,5,2,2,0,10,7,6,
13,5,3,0,4,1,1,0,6,6,5,
14,6,4,1,5,2,2,0,8,7,6,
14,6,4,1,5,2,2,0,8,7,6,
14,6,4,1,5,2,3,0,8,7,6,
16,9,7,1,7,5,5,0,10,10,8,
14,6,4,1,5,2,3,0,8,7,6,
14,7,4,1,5,2,3,0,8,7,6,
15,7,4,1,5,2,3,0,8,7,6,
14,6,4,1,5,2,3,0,8,7,6,
16,7,5,1,5,3,3,0,8,8,6,
14,6,4,1,5,2,3,0,8,7,6,
14,6,4,1,5,2,3,0,8,7,6,
14,7,7,1,7,2,3,0,8,7,7,
14,6,4,1,5,2,3,0,8,7,6,
14,6,4,1,5,2,3,0,8,7,6,
16,9,4,1,5,2,3,0,10,10,6,
14,6,4,1,5,2,3,0,8,7,6,
14,7,4,1,5,2,3,0,8,7,6,
14,7,4,1,5,2,3,0,8,7,6,
14,6,4,1,5,2,3,0,8,7,6,
14,6,4,1,5,2,3,0,8,7,6,
16,9,7,1,7,3,3,0,10,10,8,
13,7,4,1,5,2,3,0,8,7,6,
15,8,6,1,7,2,3,0,10,9,8,
13,7,4,1,5,2,3,0,8,7,6,
13,7,4,1,5,2,3,0,8,7,6,
15,7,4,1,5,2,3,0,8,8,6,
13,7,4,1,5,2,3,0,8,7,6,
13,7,4,1,5,2,3,0,8,8,6,
13,7,4,1,5,2,3,0,8,8,6,
14,7,5,1,6,2,3,0,9,8,7,
14,7,5,1,6,3,3,0,9,8,7,
16,6,4,1,5,2,2,0,8,7,6,
14,8,5,1,6,3,3,0,9,9,7,
13,7,5,1,5,3,3,0,8,8,6,
15,9,7,1,8,5,5,0,10,10,9,
15,7,5,1,5,2,3,0,10,8,6,
13,7,5,1,5,2,3,0,8,8,6,
13,7,5,1,5,3,3,0,8,8,6,
13,7,5,1,5,3,3,0,8,8,6,
13,7,5,1,5,3,3,0,8,8,6,
13,7,5,1,5,3,3,0,8,8,6,
13,7,5,1,5,2,3,0,8,8,6,
13,7,5,1,5,3,3,0,8,8,6,
17,7,4,1,5,2,3,0,8,7,6,
13,7,5,1,5,3,3,0,8,8,6,
13,7,5,1,5,3,3,0,8,8,6,
13,7,5,1,5,3,3,0,8,8,6,
13,7,5,1,5,3,3,0,8,8,6,
14,9,5,1,5,3,3,0,9,9,9,
13,7,5,1,5,3,3,0,8,8,6,
13,7,5,1,5,3,3,0,8,8,6,
13,7,5,2,6,3,3,0,8,8,6,
13,7,5,2,5,3,3,0,8,8,6,
13,6,4,1,4,2,2,0,7,7,5,
13,6,4,1,5,2,2,0,7,7,5,
14,6,4,1,5,2,2,0,8,7,6,
13,6,4,1,5,2,2,0,7,7,6,
14,6,4,1,5,2,2,0,8,7,6,
13,6,4,1,5,2,2,0,7,7,5,
14,6,4,1,5,2,2,0,7,7,6,
14,6,4,1,5,2,2,0,8,7,6,
14,6,4,1,5,2,2,0,8,7,6,
14,6,4,1,5,2,2,0,8,7,6,
14,6,4,1,5,2,2,0,8,7,6,
14,6,4,1,5,2,2,0,8,7,6,
14,6,4,1,5,2,3,0,8,7,6,
14,6,4,1,5,2,3,0,8,7,6,
14,6,4,1,5,2,3,0,8,7,6,
14,6,4,1,5,2,3,0,8,7,6,
16,8,4,1,7,2,3,0,10,9,8,
14,6,4,1,5,2,3,0,8,7,6,
15,8,6,1,7,4,4,0,9,9,7,
14,4,2,0,3,0,1,0,6,5,4,
14,6,4,1,5,2,3,0,8,7,6,
14,6,4,1,5,2,3,0,8,7,6,
13,7,4,1,5,2,3,0,8,8,6,
14,7,4,1,5,2,3,0,8,7,6,
15,6,4,1,5,2,3,0,8,7,6,
16,7,5,1,5,3,3,0,8,8,6,
13,6,4,1,5,2,3,0,8,7,6,
13,6,4,1,5,2,3,0,8,7,6,
13,7,4,1,5,2,3,0,8,7,6,
13,7,4,1,5,2,3,0,8,8,6,
13,7,4,1,5,2,3,0,8,7,6,
16,7,4,1,5,2,3,0,8,7,6,
13,5,3,0,3,0,1,0,6,6,4,
13,7,4,1,5,2,3,0,8,8,6,
13,7,4,1,5,2,3,0,8,8,6,
14,7,4,1,5,2,3,0,9,8,6,
13,7,4,1,5,2,3,0,8,8,6,
13,7,4,1,5,2,3,0,8,8,6,
13,7,4,1,5,2,3,0,8,8,6,
13,7,5,1,5,2,3,0,8,8,6,
13,7,5,1,5,2,3,0,8,8,6,
13,7,4,1,5,2,3,0,8,8,6,
13,7,5,1,5,3,3,0,8,8,6,
13,7,5,1,5,2,3,0,8,8,6,
13,7,5,1,5,2,3,0,8,8,6,
13,7,5,1,5,2,3,0,8,8,6,
13,7,5,1,5,2,3,0,8,8,6,
13,7,5,1,5,3,3,0,8,8,6,
13,7,5,1,5,3,3,0,8,8,6,
13,7,5,1,5,3,3,0,8,8,6,
13,7,5,1,5,3,3,0,8,8,6,
13,7,5,1,5,3,3,0,8,8,6,
13,7,5,1,5,3,3,0,8,8,6,
16,10,5,2,9,3,3,0,11,11,9,
13,7,5,2,5,3,3,0,8,8,6,
16,10,8,2,8,5,6,0,11,11,9,
14,7,5,2,6,3,3,0,9,8,6,
13,7,5,2,6,3,3,0,8,8,6,
13,7,5,2,6,3,3,0,8,8,7,
13,7,5,2,6,3,3,0,8,8,6,
14,6,4,1,5,2,2,0,8,7,6,
13,6,4,1,5,2,2,0,7,7,6,
16,7,4,1,5,2,3,0,8,7,6,
14,6,4,1,5,2,2,0,8,7,6,
14,6,4,1,5,2,2,0,8,7,6,
14,6,4,2,5,2,3,0,8,7,6,
14,6,4,1,5,2,2,0,8,7,6,
14,6,4,1,5,2,2,0,8,7,6,
17,6,4,1,5,2,3,0,8,7,6,
14,5,3,0,3,0,1,0,6,6,4,
14,6,4,1,5,2,2,0,8,7,6,
14,6,4,1,5,2,3,0,8,7,6,
14,6,4,1,5,2,2,0,8,7,6,
14,6,4,1,5,2,2,0,8,7,6,
14,6,4,1,5,2,3,0,8,7,6,
14,6,4,1,5,2,3,0,8,7,6,
16,6,4,1,5,2,3,0,8,7,6,
14,6,4,1,5,2,3,0,8,7,6,
17,6,4,1,5,2,2,0,8,7,6,
14,6,4,1,5,2,3,0,8,7,6,
14,7,4,1,5,2,3,0,8,7,6,
14,7,7,1,7,2,3,0,8,7,7,
14,6,4,1,5,2,3,0,8,7,6,
14,7,4,1,5,2,3,0,8,7,6,
17,9,4,1,5,2,3,0,11,10,6,
13,7,4,1,5,2,3,0,8,7,6,
13,6,4,1,5,2,3,0,8,7,6,
13,7,4,1,5,2,3,0,8,7,6,
13,7,4,1,5,2,3,0,8,7,6,
13,7,4,1,5,2,3,0,8,7,6,
13,7,4,1,5,2,3,0,8,8,6,
13,7,4,1,5,2,3,0,8,7,6,
13,7,4,1,5,2,3,0,8,7,6,
13,7,4,1,5,2,3,0,8,8,6,
13,7,4,1,5,2,3,0,8,8,6,
13,7,4,1,5,2,3,0,8,8,6,
13,7,4,1,5,2,3,0,8,7,6,
13,7,5,1,5,2,3,0,8,8,6,
14,8,6,3,7,4,4,0,9,9,7,
16,7,4,1,5,2,3,0,8,7,6,
13,7,5,1,5,2,3,0,8,8,6,
13,7,5,1,5,3,3,0,8,8,6,
13,7,5,1,5,3,3,0,8,8,6,
13,7,5,1,5,3,3,0,8,8,6,
13,7,5,1,5,3,3,0,8,8,6,
13,7,5,1,5,3,3,0,8,8,6,
15,9,7,4,7,4,5,0,10,10,8,
13,7,5,1,5,3,3,0,8,8,6,
13,7,5,1,5,3,3,0,8,8,6,
13,7,5,1,5,3,3,0,8,8,6,
14,7,5,2,5,3,3,0,8,8,6,
13,7,5,1,5,3,3,0,8,8,6,
14,7,5,2,6,3,3,0,9,8,7,
13,7,5,2,6,3,3,0,8,8,6,
13,7,5,2,5,3,3,0,8,8,6,
14,7,5,2,5,3,3,0,8,8,6,
14,7,5,2,6,3,3,0,9,8,7,
13,7,5,2,6,3,3,0,8,8,7,
15,6,4,1,5,2,2,0,9,9,5,
14,6,4,1,5,2,2,0,8,7,6,
14,6,4,1,5,2,2,0,8,7,6,
19,9,7,2,8,5,5,0,14,13,9,
13,6,4,1,5,2,2,0,8,7,6,
13,6,4,1,5,2,2,0,7,7,5,
14,6,4,1,5,2,2,0,8,7,6,
14,6,4,1,5,2,2,0,8,7,6,
14,7,5,2,6,3,3,0,8,8,6,
14,6,4,1,5,2,3,0,8,7,6,
14,6,4,1,5,2,3,0,8,7,6,
14,6,4,1,5,2,3,0,8,7,6,
14,6,4,1,5,2,2,0,8,7,6,
14,6,4,1,5,2,2,0,8,7,6,
14,6,4,1,5,2,3,0,8,7,6,
14,6,4,1,5,2,3,0,8,7,6,
14,6,4,1,5,2,3,0,8,7,6,
14,6,4,1,5,2,3,0,8,7,6,
14,6,4,1,5,2,3,0,8,7,6,
14,6,4,1,5,2,3,0,8,7,6,
14,6,4,1,5,2,3,0,8,7,6,
17,9,4,1,8,2,3,0,11,10,9,
14,6,4,1,5,2,3,0,8,7,6,
16,9,7,1,7,5,5,0,10,10,8,
14,6,4,1,5,2,3,0,8,7,6,
13,7,4,1,5,2,3,0,8,7,6,
13,7,4,1,5,2,3,0,8,7,6,
13,6,4,1,5,2,3,0,8,7,6,
13,7,4,1,5,2,3,0,8,7,6,
13,7,4,1,5,2,3,0,8,7,6,
13,7,4,1,5,2,3,0,8,8,6,
13,7,4,1,5,2,3,0,8,7,6,
13,7,4,1,5,2,3,0,8,7,6,
13,7,4,1,5,2,3,0,8,7,6,
16,9,4,1,8,2,3,0,11,10,9,
13,7,4,1,5,2,3,0,8,8,6,
15,6,4,1,5,2,3,0,8,7,6,
13,7,4,1,5,2,3,0,8,8,6,
13,7,4,1,5,2,3,0,8,8,6,
13,7,4,1,5,2,3,0,8,7,6,
13,7,5,1,5,2,3,0,8,8,6,
13,7,5,1,5,3,3,0,8,8,6,
13,7,5,1,5,3,3,0,8,8,6,
13,7,5,1,5,3,3,0,8,8,6,
13,7,5,1,5,2,3,0,8,8,6,
13,7,5,1,5,3,3,0,8,8,6,
16,10,5,1,8,3,3,0,11,11,9,
13,7,5,1,5,3,3,0,8,8,6,
16,10,7,1,8,5,6,0,11,10,9,
14,7,5,1,5,3,3,0,9,8,6,
13,7,5,1,5,3,3,0,8,8,6,
13,7,5,1,5,3,3,0,8,8,6,
13,7,5,1,5,3,3,0,8,8,6,
13,7,5,1,5,3,3,0,8,8,6,
13,7,5,2,6,3,3,0,9,8,7,
16,6,4,1,5,2,3,0,8,7,6,
14,6,4,1,5,2,2,0,7,7,6,
13,7,5,2,6,3,3,0,8,8,6,
13,7,5,1,5,3,3,0,8,8,6,
14,7,5,2,6,3,3,0,9,8,7,
13,6,4,1,5,2,2,0,7,7,5,
16,6,4,1,5,2,2,0,7,7,5,
14,5,2,0,3,0,1,0,6,6,4,
13,6,4,1,5,2,2,0,7,7,6,
14,6,4,1,5,2,2,0,8,7,6,
14,6,4,1,5,2,2,0,8,7,6,
15,7,5,2,6,3,3,0,8,8,7,
14,6,4,1,5,2,2,0,8,7,6,
24,7,5,1,5,2,3,0,8,8,6,
14,7,5,1,6,3,3,0,8,8,6,
14,6,4,1,5,2,3,0,8,7,6,
14,6,4,1,5,2,3,0,8,7,6,
14,6,4,1,5,2,3,0,8,7,6,
14,6,4,1,5,2,2,0,8,7,6,
14,8,4,1,5,2,2,0,8,8,8,
14,6,4,1,5,2,3,0,8,7,6,
14,6,4,1,5,2,3,0,8,7,6,
14,6,4,1,5,2,3,0,8,7,6,
14,6,4,1,5,2,3,0,8,7,6,
14,6,4,1,5,2,3,0,8,7,6,
14,6,4,1,5,2,3,0,8,7,6,
14,7,4,1,5,2,3,0,8,7,6,
15,7,5,2,6,3,3,0,8,8,7,
14,7,4,1,5,2,3,0,8,7,6,
14,6,4,1,5,2,3,0,8,7,6,
14,6,4,1,5,2,3,0,8,7,6,
13,7,4,1,5,2,3,0,8,7,6,
13,7,4,1,5,2,3,0,8,7,6,
13,6,4,1,5,2,3,0,8,7,6,
16,6,4,1,5,2,3,0,8,7,6,
13,7,4,1,5,2,3,0,8,7,6,
14,8,6,2,6,4,4,0,9,9,7,
16,6,4,1,5,2,3,0,8,7,6,
13,7,4,1,5,2,3,0,8,7,6,
13,7,4,1,5,2,3,0,8,7,6,
13,7,4,1,5,2,3,0,8,8,6,
13,7,4,1,5,2,3,0,8,8,6,
13,7,4,1,5,2,3,0,8,8,6,
13,7,4,1,5,2,3,0,8,8,6,
15,9,7,4,7,4,5,0,10,10,8,
13,7,5,1,5,3,3,0,8,8,6,
13,7,5,1,5,3,3,0,8,8,6,
13,7,5,1,5,3,3,0,8,8,6,
13,7,5,1,5,2,3,0,8,8,6,
13,7,5,1,5,3,3,0,8,8,6,
13,7,5,1,5,3,3,0,8,8,6,
13,7,5,1,5,3,3,0,8,8,6,
13,7,5,1,5,3,3,0,8,8,6,
13,7,5,1,5,3,3,0,8,8,6,
13,7,5,1,5,3,3,0,8,8,6,
13,7,5,1,5,3,3,0,8,8,6,
15,7,5,2,5,3,3,0,10,10,6,
13,7,5,1,5,3,3,0,8,8,6,
13,7,5,2,6,3,3,0,8,8,7,
13,7,5,2,6,3,3,0,8,8,6,
13,7,5,2,6,3,3,0,8,8,6,
13,7,5,2,5,3,3,0,8,8,6,
13,7,5,2,5,3,3,0,8,8,6,
13,7,5,2,6,3,3,0,8,8,6,
14,7,5,2,5,3,3,0,8,8,6,
13,6,4,1,5,2,2,0,7,7,6,
14,6,4,1,5,2,2,0,8,7,6,
13,7,5,2,6,3,3,0,8,8,7,
13,6,4,1,5,2,2,0,7,7,6,
13,6,4,1,5,2,2,0,8,7,6,
14,6,4,1,5,2,2,0,8,7,6,
14,6,4,1,5,2,2,0,8,7,6,
14,6,4,1,5,2,3,0,8,7,6,
14,6,4,1,5,2,2,0,8,7,6,
14,6,4,1,5,2,2,0,8,7,6,
14,6,4,1,5,2,2,0,8,7,6,
14,6,4,1,5,2,3,0,8,7,6,
16,9,4,1,7,2,3,0,10,10,8,
14,6,4,1,5,2,3,0,8,7,6,
16,9,6,1,7,4,5,0,10,9,8,
14,6,4,1,5,2,3,0,8,7,6,
14,6,4,1,5,2,3,0,8,7,6,
14,6,4,1,5,2,3,0,8,7,6,
14,6,4,1,5,2,3,0,8,7,6,
14,6,4,1,5,2,3,0,8,7,6,
15,7,4,1,5,2,3,0,8,7,6,
15,7,4,1,5,2,3,0,8,7,6,
15,7,4,1,5,2,3,0,8,7,6,
15,7,4,1,5,2,3,0,8,8,6,
14,7,4,1,5,2,3,0,8,7,6,
14,7,5,1,6,2,3,0,9,8,7,
13,7,4,1,5,2,3,0,8,7,6,
13,7,4,1,5,2,3,0,8,7,6,
13,7,4,1,5,2,3,0,8,7,6,
13,6,4,1,5,2,3,0,8,7,6,
15,7,4,1,5,2,3,0,8,7,6,
13,7,4,1,5,2,3,0,8,7,6,
13,7,4,1,5,2,3,0,8,7,6,
13,7,4,1,5,2,3,0,8,7,6,
13,7,4,1,5,2,3,0,8,7,6,
13,7,4,1,5,2,3,0,8,8,6,
13,7,5,1,5,2,3,0,8,8,6,
13,7,4,1,5,2,3,0,8,8,6,
13,7,5,1,5,2,3,0,8,8,6,
13,7,5,1,5,3,3,0,8,8,6,
13,7,5,1,5,2,3,0,8,8,6,
13,7,5,1,5,3,3,0,8,8,6,
13,7,5,1,5,3,3,0,8,8,6,
13,7,5,1,5,3,3,0,8,8,6,
13,7,5,1,5,3,3,0,8,8,6,
13,7,5,1,5,3,3,0,8,8,6,
15,6,4,1,5,2,3,0,8,7,6,
13,7,5,1,5,3,3,0,8,8,6,
13,7,5,1,5,3,3,0,8,8,6,
13,6,4,1,5,2,2,0,7,7,5,
14,6,4,1,5,2,2,0,8,7,6,
14,6,4,1,5,2,2,0,8,7,6,
16,7,5,1,5,3,3,0,10,8,6,
14,5,3,0,4,1,1,0,7,6,5,
13,7,5,2,6,3,3,0,8,8,6,
13,7,5,2,5,3,3,0,8,8,6,
13,7,5,2,5,3,3,0,8,8,6,
13,7,5,2,5,3,3,0,8,8,6,
13,7,5,2,6,3,3,0,8,8,7,
13,6,4,1,4,2,2,0,7,7,5,
16,7,5,1,5,2,2,0,8,8,6,
14,6,4,1,5,2,2,0,8,7,6,
16,7,5,1,5,3,3,0,8,8,6,
13,6,4,1,5,2,2,0,7,7,6,
13,6,4,1,5,2,2,0,8,7,6,
14,7,7,1,7,2,2,0,8,7,7,
14,6,4,1,5,2,2,0,8,7,6,
14,7,5,2,5,3,3,0,8,8,6,
17,9,4,1,5,2,2,0,11,10,6,
14,6,4,1,5,2,2,0,8,7,6,
14,7,4,1,5,2,3,0,8,7,6,
14,6,4,1,5,2,3,0,8,7,6,
14,6,4,1,5,2,3,0,8,7,6,
14,6,4,1,5,2,2,0,8,7,6,
14,6,4,1,5,2,3,0,8,7,6,
14,6,4,1,5,2,3,0,8,7,6,
14,6,4,1,5,2,3,0,8,7,6,
14,6,4,1,5,2,3,0,8,7,6,
14,6,4,1,5,2,3,0,8,7,6,
14,6,4,1,5,2,3,0,8,7,6,
14,6,4,1,5,2,3,0,8,7,6,
14,6,4,1,5,2,3,0,8,7,6,
15,8,5,2,6,3,4,0,9,9,7,
17,6,4,1,5,2,3,0,8,7,6,
13,6,4,1,5,2,3,0,8,7,6,
14,7,4,1,5,2,3,0,8,7,6,
13,7,4,1,5,2,3,0,8,7,6,
13,7,4,1,5,2,3,0,8,7,6,
13,7,4,1,5,2,3,0,8,7,6,
13,7,4,1,5,2,3,0,8,7,6,
15,9,6,4,7,4,5,0,10,9,8,
13,7,4,1,5,2,3,0,8,8,6,
13,7,4,1,5,2,3,0,8,8,6,
13,7,4,1,5,2,3,0,8,7,6,
13,7,4,1,5,2,3,0,8,7,6,
13,7,4,1,5,2,3,0,8,8,6,
13,7,5,1,5,2,3,0,8,8,6,
13,7,5,1,5,2,3,0,8,8,6,
13,7,5,1,5,2,3,0,8,8,6,
13,7,5,1,5,3,3,0,8,8,6,
15,8,6,1,7,3,3,0,10,9,8,
13,7,5,1,5,3,3,0,8,8,6,
15,8,5,1,8,3,3,0,8,8,8,
13,7,5,1,5,3,3,0,8,8,6,
13,7,5,2,5,3,3,0,8,8,6,
18,9,7,2,7,5,5,0,13,13,8,
13,7,5,2,5,3,3,0,8,8,6,
13,7,5,2,5,3,3,0,8,8,6,
13,7,5,1,5,3,3,0,8,8,6,
13,7,5,2,5,3,3,0,8,8,6,
14,7,5,1,5,3,3,0,8,8,6,
14,6,4,1,5,2,2,0,8,7,6,
13,7,5,2,6,3,3,0,8,8,6,
13,7,5,1,5,3,3,0,8,8,6,
13,7,5,2,6,3,3,0,8,8,6,
14,6,4,1,5,2,2,0,8,7,6,
14,6,4,1,5,2,2,0,7,7,6,
14,6,4,1,5,2,2,0,7,7,6,
13,6,4,1,5,2,2,0,7,7,6,
13,6,4,1,5,2,2,0,7,7,5,
14,6,4,1,5,2,3,0,8,7,6,
14,6,4,1,5,2,2,0,8,7,6,
14,6,4,1,5,2,2,0,8,7,6,
16,9,4,1,7,2,2,0,10,10,8,
13,6,4,1,5,2,2,0,8,7,6,
16,8,6,1,7,4,5,0,10,9,8,
14,6,4,1,5,2,3,0,8,7,6,
14,6,4,1,5,2,3,0,8,7,6,
14,6,4,1,5,2,3,0,8,7,6,
13,6,4,1,5,2,2,0,8,7,6,
14,6,4,1,5,2,3,0,8,7,6,
14,7,4,1,5,2,3,0,8,7,6,
17,6,4,1,5,2,3,0,8,7,6,
14,6,4,1,5,2,3,0,8,7,6,
15,6,4,1,5,2,3,0,8,7,6,
14,6,4,1,5,2,3,0,8,7,6,
17,6,4,1,5,2,2,0,8,7,6,
14,7,4,1,5,2,3,0,8,7,6,
14,7,4,1,5,2,3,0,8,7,6,
17,6,4,1,5,2,3,0,8,7,6,
14,7,4,1,5,2,3,0,8,7,6,
16,7,4,1,5,2,3,0,8,7,6,
14,7,4,1,5,2,3,0,8,7,6,
14,7,4,1,5,2,3,0,8,7,6,
14,7,4,1,5,2,3,0,8,8,6,
13,7,5,1,5,3,3,0,8,8,6,
13,7,4,1,5,2,3,0,8,8,6,
13,7,4,1,5,3,3,0,8,8,6,
13,7,5,1,5,2,3,0,8,8,7,
13,7,5,1,5,2,3,0,8,8,6,
13,7,5,1,5,3,3,0,8,8,6,
15,7,5,1,5,2,3,0,10,10,6,
13,7,5,1,5,2,3,0,8,8,6,
13,7,5,1,5,2,3,0,8,8,6,
13,6,4,1,4,2,2,0,7,7,5,
15,8,5,2,6,3,4,0,10,9,7,
13,7,5,1,5,2,3,0,8,8,6,
15,6,4,1,5,2,2,0,8,7,6,
13,7,5,1,5,3,3,0,8,8,6,
13,7,5,1,5,3,3,0,8,8,6,
13,7,5,1,5,3,3,0,8,8,6,
13,7,5,1,5,3,3,0,8,8,6,
13,7,5,1,5,3,3,0,8,8,6,
16,7,5,1,5,3,3,0,11,8,6,
13,5,3,0,3,1,1,0,6,6,4,
13,7,5,2,5,3,3,0,8,8,6,
13,7,5,1,5,3,3,0,8,8,6,
13,7,5,2,5,3,3,0,8,8,6,
13,7,5,1,5,3,3,0,8,8,6,
13,7,5,2,5,3,3,0,8,8,6,
13,7,5,2,5,3,3,0,8,8,6,
16,7,5,2,5,3,3,0,8,8,6,
13,7,5,2,6,3,3,0,8,8,6,
16,7,5,1,5,3,3,0,8,8,6,
13,7,5,2,6,3,3,0,8,8,7,
13,6,4,1,5,2,2,0,7,7,5,
13,7,7,1,7,2,2,0,7,7,7,
13,6,4,1,5,2,2,0,7,7,6,
14,6,4,1,5,2,2,0,8,7,6,
17,9,4,1,5,2,2,0,11,10,6,
14,6,4,1,5,2,2,0,8,7,6,
14,6,4,1,5,2,2,0,8,7,6,
14,6,4,1,5,2,2,0,8,7,6,
14,6,4,1,5,2,2,0,8,7,6,
14,6,4,1,5,2,2,0,8,7,6,
16,9,7,1,7,2,3,0,10,10,8,
14,6,4,1,5,2,3,0,8,7,6,
14,6,4,1,5,2,3,0,8,7,6,
14,6,4,1,5,2,3,0,8,7,6,
14,6,4,1,5,2,3,0,8,7,6,
14,6,4,1,5,2,3,0,8,7,6,
14,6,4,1,5,2,3,0,8,7,6,
14,6,4,1,5,2,3,0,8,7,6,
15,8,5,2,6,3,4,0,9,9,7,
14,6,4,1,5,2,3,0,8,7,6,
14,6,4,1,5,2,3,0,8,7,6,
16,6,4,1,5,2,3,0,8,7,6,
14,6,4,1,5,2,3,0,8,7,6,
16,7,5,2,5,3,3,0,8,8,6,
14,6,4,1,5,2,3,0,8,7,6,
14,7,4,1,5,2,3,0,8,7,6,
14,7,7,1,7,2,3,0,8,7,7,
14,7,4,1,5,2,3,0,8,7,6,
13,7,4,1,5,2,3,0,8,7,6,
16,9,4,1,5,2,3,0,11,10,6,
13,6,4,1,5,2,3,0,8,7,6,
13,7,4,1,5,2,3,0,8,7,6,
13,7,4,1,5,2,3,0,8,7,6,
13,7,4,1,5,2,3,0,8,7,6,
13,7,4,1,5,2,3,0,8,7,6,
16,9,7,1,8,2,3,0,11,10,9,
13,7,4,1,5,2,3,0,8,7,6,
13,7,4,1,5,2,3,0,8,7,6,
13,7,4,1,5,2,3,0,8,8,6,
13,7,4,1,5,2,3,0,8,8,6,
15,7,4,1,5,2,3,0,8,8,6,
13,7,5,1,5,2,3,0,8,8,6,
13,7,5,1,5,2,3,0,8,8,6,
13,7,5,1,5,2,3,0,8,8,6,
13,7,5,1,5,3,3,0,8,8,6,
13,7,5,1,5,3,3,0,8,8,6,
13,7,5,1,5,3,3,0,8,8,6,
13,7,5,1,6,3,3,0,8,8,7,
13,7,5,1,5,3,3,0,8,8,6,
13,7,5,1,5,3,3,0,8,8,6,
13,7,5,1,5,3,3,0,8,8,6,
13,7,5,1,5,3,3,0,8,8,6,
13,7,5,1,5,3,3,0,8,8,6,
13,7,5,1,5,3,3,0,8,8,6,
13,7,5,2,5,3,3,0,8,8,6,
13,7,5,2,6,3,3,0,8,8,7,
15,7,5,2,5,3,3,0,8,8,6,
13,7,5,2,5,3,3,0,8,8,6,
13,7,5,1,5,3,3,0,8,8,6,
13,6,4,1,5,2,2,0,7,7,6,
14,6,4,1,5,2,2,0,8,7,6,
14,6,4,1,5,2,2,0,8,7,6,
16,6,4,1,5,2,3,0,10,7,6,
15,7,5,3,6,3,4,0,9,8,7,
14,6,4,1,5,2,3,0,8,7,6,
14,6,4,1,5,2,2,0,8,7,6,
16,8,4,1,5,2,3,0,10,9,6,
14,6,4,1,5,2,3,0,8,7,6,
14,6,4,1,5,2,3,0,8,7,6,
14,6,4,1,5,2,3,0,8,7,6,
14,6,4,1,5,2,3,0,8,7,6,
15,7,5,2,5,3,3,0,8,8,6,
14,6,4,1,5,2,3,0,8,7,6,
14,6,4,1,5,2,3,0,8,7,6,
14,6,4,1,5,2,3,0,8,7,6,
14,6,4,1,5,2,3,0,8,7,6,
14,6,4,1,5,2,3,0,8,7,6,
14,6,4,1,5,2,3,0,8,7,6,
14,7,4,1,5,2,3,0,8,7,6,
14,7,4,1,5,2,3,0,8,7,6,
13,7,4,1,5,2,3,0,8,7,6,
13,7,4,1,5,2,3,0,8,7,6,
13,7,4,1,5,2,3,0,8,8,6,
13,7,4,1,5,2,3,0,8,7,6,
16,10,4,1,8,2,3,0,11,11,9,
13,7,4,1,5,2,3,0,8,8,6,
16,9,7,1,8,5,5,0,11,10,9,
14,7,5,1,5,2,3,0,9,8,6,
13,7,5,1,5,2,3,0,8,8,6,
13,7,5,1,5,3,3,0,8,8,6,
13,7,4,1,5,2,3,0,8,8,6,
13,7,5,1,5,3,3,0,8,8,6,
13,7,5,1,5,3,3,0,8,8,6,
16,6,4,1,5,2,2,0,8,7,6,
14,8,6,2,6,4,4,0,9,9,7,
13,7,5,1,5,3,3,0,8,8,6,
13,7,5,1,5,3,3,0,8,8,6,
13,7,5,1,5,3,3,0,8,8,6,
13,7,5,1,5,3,3,0,8,8,6,
16,7,5,2,6,3,3,0,11,8,7,
14,4,2,0,3,0,0,0,6,5,4,
13,7,5,2,6,3,3,0,8,8,6,
13,7,5,2,6,3,3,0,8,8,6,
13,7,5,2,6,3,3,0,8,8,7,
13,7,5,1,5,3,3,0,8,8,6,
14,6,4,1,5,2,2,0,8,7,6,
13,6,4,1,5,2,2,0,7,7,5,
14,6,4,1,5,2,2,0,8,7,6,
13,6,4,1,5,2,2,0,7,7,6,
14,7,5,1,5,2,2,0,8,8,6,
14,6,4,1,5,2,3,0,8,7,6,
14,6,4,1,5,2,2,0,8,7,6,
14,6,4,1,5,2,2,0,8,7,6,
14,6,4,1,5,2,2,0,8,7,6,
14,6,4,1,5,2,3,0,8,7,6,
14,4,2,0,3,0,1,0,6,5,4,
14,7,4,1,5,2,3,0,8,7,6,
16,6,4,1,5,2,3,0,10,7,6,
14,6,4,1,5,2,2,0,8,7,6,
14,7,4,1,5,2,3,0,8,7,6,
14,7,4,1,5,2,3,0,8,7,6,
17,9,4,1,5,2,3,0,11,10,9,
14,7,4,1,5,2,3,0,8,8,6,
16,9,7,1,7,5,5,0,10,10,8,
16,7,4,1,5,2,3,0,10,8,6,
14,6,3,0,4,1,2,0,7,7,5,
13,7,4,1,5,2,3,0,8,8,6,
13,7,4,1,5,2,3,0,8,8,6,
13,7,4,1,5,2,3,0,8,8,6,
16,9,7,1,8,5,5,0,11,10,9,
13,7,5,1,5,2,3,0,8,8,6,
13,7,4,1,5,2,3,0,8,8,6,
15,7,5,1,5,2,3,0,8,8,6,
13,7,5,1,5,2,3,0,8,8,6,
15,7,5,1,5,3,3,0,8,8,6,
13,7,5,1,5,3,3,0,8,8,6,
13,7,5,1,5,3,3,0,8,8,6,
13,7,7,1,7,3,3,0,8,8,7,
13,7,5,1,5,3,3,0,8,8,6,
13,7,5,1,5,3,3,0,8,8,6,
16,9,5,1,5,2,3,0,11,10,6,
13,7,5,1,5,3,3,0,8,8,6,
13,7,5,1,5,3,3,0,8,8,6,
13,7,5,1,6,3,3,0,8,8,6,
13,7,5,1,5,3,3,0,8,8,6,
14,7,5,2,6,3,3,0,9,8,7,
15,9,7,2,7,3,3,0,10,10,8,
13,7,5,2,6,3,3,0,8,8,7,
13,7,5,2,6,3,3,0,9,8,7,
13,7,5,2,6,3,3,0,9,8,7,
14,6,4,1,5,2,2,0,8,7,6,
15,6,4,1,5,2,2,0,8,7,6,
14,6,4,1,5,2,2,0,8,7,6,
14,6,4,1,5,2,2,0,8,7,6,
14,6,4,1,5,2,2,0,8,7,6,
14,6,4,1,5,2,2,0,8,7,6,
15,7,5,1,6,2,3,0,9,8,7,
14,6,4,1,5,2,3,0,8,7,6,
14,6,4,1,5,2,2,0,8,7,6,
14,6,4,1,5,2,3,0,8,7,6,
14,6,4,1,5,2,3,0,8,7,6,
14,7,4,1,7,2,3,0,8,7,7,
16,8,6,4,7,4,4,0,10,9,8,
14,6,4,1,5,2,3,0,8,7,6,
14,6,4,1,5,2,3,0,8,7,6,
14,7,4,1,5,2,3,0,8,7,6,
14,6,4,1,5,2,3,0,8,7,6,
14,7,4,1,5,2,3,0,8,7,6,
14,7,4,1,5,2,3,0,8,7,6,
14,7,4,1,5,2,3,0,8,7,6,
14,7,4,1,5,2,3,0,8,7,6,
14,7,4,1,5,2,3,0,8,8,6,
14,7,4,1,5,2,3,0,8,8,6,
13,7,4,1,5,2,3,0,8,8,6,
14,10,4,1,5,2,3,0,10,10,6,
13,7,4,1,5,2,3,0,8,8,6,
27,6,4,1,5,2,2,0,8,7,6,
13,7,4,1,5,2,3,0,8,8,6,
13,7,4,1,5,2,3,0,8,8,6,
16,6,4,1,5,2,2,0,8,7,6,
13,7,4,1,5,2,3,0,8,8,6,
13,7,5,1,6,2,3,0,8,8,6,
13,7,5,1,5,2,3,0,8,8,6,
13,7,5,1,5,2,3,0,8,8,6,
13,7,5,1,5,3,3,0,8,8,6,
16,7,5,1,5,2,3,0,11,8,6,
13,4,2,0,2,0,0,0,5,5,3,
13,7,5,1,5,3,3,0,8,8,6,
13,7,5,1,5,3,3,0,8,8,6,
13,7,5,1,5,3,3,0,8,8,6,
13,7,5,1,5,3,3,0,8,8,6,
14,7,5,1,5,3,3,0,8,8,6,
13,7,5,1,5,3,3,0,8,8,6,
13,7,5,1,5,3,3,0,8,8,6,
13,7,5,1,5,3,3,0,8,8,6,
16,7,5,1,5,3,3,0,8,8,6,
36,7,5,1,6,3,3,0,8,8,31,
14,9,5,1,9,3,3,0,9,9,9,
13,7,5,2,6,3,3,0,8,8,6,
14,6,4,1,5,2,2,0,8,7,6,
36,7,31,25,6,3,3,0,11,8,6,
14,6,4,1,5,2,3,0,8,7,6,
13,6,4,1,4,2,2,0,7,7,5,
69,63,63,1,63,26,63,0,63,63,63,
16,9,7,1,8,4,5,0,10,10,8,
41,34,31,1,32,2,30,0,35,35,33,
14,6,4,1,5,2,2,0,8,7,6,
41,34,4,1,5,2,2,0,35,35,6,
13,6,4,1,5,2,2,0,8,7,5,
14,6,4,1,5,2,3,0,8,7,6,
13,6,4,1,5,2,2,0,8,7,6,
16,6,4,1,5,2,3,0,8,7,6,
14,6,4,1,5,2,3,0,8,7,6,
16,7,4,1,5,2,3,0,8,7,6,
14,6,4,1,5,2,3,0,8,7,6,
35,6,4,1,29,2,3,0,8,7,6,
13,7,4,1,5,2,3,0,8,8,6,
13,6,4,1,5,2,3,0,8,7,6,
16,9,4,1,5,2,3,0,11,10,6,
13,6,4,1,5,2,3,0,8,7,6,
13,6,4,1,5,2,3,0,8,7,6,
13,6,4,1,5,2,3,0,8,7,6,
13,6,4,1,5,2,3,0,8,7,6,
13,6,4,1,5,2,3,0,8,7,6,
15,9,6,1,7,3,3,0,10,10,8,
13,7,4,1,5,2,3,0,8,8,6,
13,7,4,1,5,2,3,0,8,7,6,
13,7,4,1,5,2,3,0,8,7,6,
13,7,4,1,5,2,3,0,8,8,6,
15,7,4,1,5,2,3,0,8,7,6,
13,7,4,1,5,3,3,0,8,8,6,
13,7,4,1,5,2,3,0,8,8,6,
13,7,4,1,5,3,3,0,8,8,6,
38,7,4,1,5,2,3,0,8,8,6,
38,6,4,1,5,2,2,0,32,31,6,
13,7,4,1,5,2,3,0,8,8,6,
14,8,6,1,6,4,4,0,9,9,7,
14,7,5,1,5,3,3,0,9,8,6,
13,7,5,1,5,3,3,0,8,8,6,
13,7,5,2,5,3,3,0,8,8,6,
15,7,5,1,5,3,3,0,8,8,6,
13,7,5,1,5,3,3,0,8,8,6,
13,6,4,1,4,2,2,0,7,7,5,
13,6,5,1,5,2,2,0,7,7,5,
36,7,5,2,5,3,3,0,31,8,6,
13,7,5,2,5,3,3,0,8,8,6,
13,6,4,1,5,2,2,0,7,7,5,
13,6,4,1,5,2,2,0,7,7,5,
13,6,4,1,5,2,2,0,7,7,5,
13,6,4,1,5,2,2,0,7,7,5,
13,6,4,1,5,2,2,0,7,7,6,
16,6,4,1,5,2,2,0,7,7,6,
13,6,4,1,5,2,2,0,7,7,6,
13,6,4,1,5,2,3,0,8,7,6,
13,6,4,1,5,2,2,0,8,7,6,
13,6,4,1,5,2,3,0,8,7,6,
14,6,4,1,5,2,3,0,8,7,6,
14,6,4,1,5,2,3,0,8,7,6,
15,8,4,1,6,2,3,0,9,9,7,
14,6,4,1,5,2,3,0,8,7,6,
13,6,4,1,5,2,3,0,8,7,6,
13,6,4,1,5,2,3,0,8,7,6,
13,6,4,1,5,2,3,0,8,7,6,
13,6,4,1,5,2,3,0,8,7,6,
13,6,4,1,5,2,3,0,8,7,6,
13,6,4,1,5,2,3,0,8,7,6,
13,7,4,1,5,2,3,0,8,7,6,
15,7,5,1,5,3,3,0,8,8,6,
13,7,4,1,5,2,3,0,8,7,6,
13,7,4,1,5,2,3,0,8,7,6,
13,7,4,1,5,2,3,0,8,7,6,
13,7,4,1,5,2,3,0,8,7,6,
13,7,4,1,5,2,3,0,8,7,6,
15,7,4,1,5,2,3,0,10,7,6,
13,5,2,0,3,0,1,0,6,6,4,
13,7,5,1,5,3,3,0,8,8,6,
13,7,4,1,5,2,3,0,8,7,6,
13,7,5,1,5,3,3,0,8,8,6,
13,7,5,1,5,3,3,0,8,8,6,
13,7,5,1,5,3,3,0,8,8,6,
13,7,5,1,5,3,3,0,8,8,6,
13,7,5,1,5,3,3,0,8,8,6,
13,7,5,2,5,3,3,0,8,8,6,
15,9,7,1,7,3,3,0,10,10,8,
13,7,5,1,5,3,3,0,8,8,6,
13,7,5,1,5,3,3,0,8,8,6,
13,7,5,2,5,3,3,0,8,8,6,
13,7,5,2,5,3,3,0,8,8,6,
13,7,5,1,5,3,3,0,8,8,6,
13,6,4,1,4,2,2,0,7,7,5,
13,6,4,1,5,2,2,0,7,7,5,
13,6,4,1,5,2,2,0,7,7,5,
16,6,4,1,4,2,2,0,7,7,5,
13,6,4,1,5,2,2,0,7,7,5,
13,6,4,1,5,2,2,0,7,7,5,
13,6,4,1,5,2,2,0,7,7,5,
14,6,4,1,5,2,3,0,8,7,6,
14,6,4,1,5,2,3,0,8,7,6,
17,6,4,1,5,2,3,0,8,7,6,
14,4,2,0,3,0,0,0,5,5,3,
14,6,4,1,5,2,3,0,8,7,6,
16,8,4,1,7,2,3,0,10,9,8,
14,6,4,1,5,2,3,0,8,7,6,
14,6,4,1,5,2,3,0,8,7,6,
14,6,4,1,5,2,3,0,8,7,6,
14,6,4,1,5,2,3,0,8,7,6,
14,6,4,1,5,2,3,0,8,7,6,
14,6,4,1,5,2,3,0,8,7,6,
13,7,4,1,5,2,3,0,8,7,6,
13,6,4,1,5,2,3,0,8,7,6,
13,7,5,1,5,3,3,0,8,8,6,
14,9,4,1,5,2,3,0,9,9,9,
13,6,4,1,5,2,3,0,8,7,6,
13,6,4,1,5,2,3,0,8,7,6,
13,6,4,1,5,2,3,0,8,7,6,
13,7,4,1,5,2,3,0,8,7,6,
13,6,4,1,5,2,3,0,8,7,6,
13,6,4,1,5,2,3,0,8,7,6,
13,6,4,1,5,2,3,0,8,7,6,
13,7,4,1,5,2,3,0,8,8,6,
16,10,4,1,8,2,3,0,11,11,9,
13,7,4,1,5,2,3,0,8,8,6,
13,7,4,1,5,2,3,0,8,7,6,
14,7,5,2,6,3,4,0,9,8,7,
13,7,5,1,5,3,3,0,8,8,6,
13,7,5,1,5,2,3,0,8,8,6,
13,7,4,1,5,3,3,0,8,8,6,
13,7,4,1,5,3,3,0,8,8,6,
13,7,5,1,5,3,3,0,8,8,6,
16,6,4,1,5,2,3,0,8,7,6,
13,7,5,1,5,3,3,0,8,8,6,
13,7,5,1,5,3,3,0,8,8,6,
13,7,5,2,5,3,3,0,8,8,6,
15,6,4,1,5,2,3,0,8,7,6,
13,7,5,1,5,3,3,0,8,8,6,
13,6,4,0,4,2,2,0,7,7,5,
14,9,5,1,5,3,3,0,9,9,6,
13,7,5,1,5,3,3,0,8,8,6,
14,7,5,2,5,3,3,0,8,8,6,
13,6,4,1,4,2,2,0,7,7,5,
13,6,4,1,4,2,2,0,7,7,5,
13,6,4,1,4,2,2,0,7,7,5,
13,6,4,1,4,2,2,0,7,7,5,
13,6,4,1,5,2,2,0,7,7,5,
16,6,4,1,5,2,3,0,8,7,6,
13,6,4,1,5,2,2,0,7,7,6,
13,6,4,1,5,2,2,0,7,7,5,
13,6,4,1,5,2,2,0,7,7,6,
13,6,4,1,5,2,2,0,8,7,6,
13,6,4,1,5,2,3,0,8,7,6,
13,6,4,1,5,2,2,0,8,7,6,
13,6,4,1,5,2,2,0,8,7,6,
14,6,4,1,5,2,3,0,8,7,6,
13,6,4,1,5,2,3,0,8,7,6,
15,7,5,1,5,3,3,0,8,8,6,
14,6,4,1,5,2,3,0,8,7,6,
14,6,4,1,5,2,3,0,8,7,6,
14,6,4,1,5,2,3,0,8,7,6,
13,6,4,1,5,2,3,0,8,7,6,
16,9,7,1,8,5,6,0,11,10,9,
14,7,4,1,5,2,3,0,10,7,6,
13,6,4,1,5,2,3,0,8,7,6,
13,7,4,1,5,2,3,0,8,7,6,
13,7,4,1,5,2,3,0,8,7,6,
13,7,4,1,5,2,3,0,8,7,6,
16,10,7,4,8,5,6,0,11,11,9,
13,7,4,1,5,2,3,0,8,7,6,
13,7,4,1,5,2,3,0,8,7,6,
15,7,4,1,5,2,3,0,8,7,6,
13,7,5,1,5,3,3,0,8,8,6,
15,7,4,1,5,2,3,0,8,7,6,
13,7,4,1,5,2,3,0,8,7,6,
13,7,5,1,5,3,3,0,8,8,6,
14,10,4,1,5,3,3,0,11,10,6,
13,7,5,1,5,3,3,0,8,8,6,
14,7,5,1,5,3,3,0,8,8,6,
13,7,5,1,5,3,3,0,8,8,6,
13,6,4,1,4,2,2,0,7,7,5,
13,7,5,1,5,3,3,0,8,8,6,
13,7,5,2,5,3,3,0,8,8,6,
13,7,5,2,5,3,3,0,8,8,6,
13,7,5,1,5,3,3,0,8,8,6,
13,7,5,1,5,3,3,0,8,8,6,
13,6,4,1,5,2,2,0,7,7,5,
13,6,4,1,4,2,2,0,7,7,5,
13,7,5,2,5,3,3,0,8,8,6,
15,8,5,3,6,3,4,0,9,9,7,
13,6,4,1,4,2,2,0,7,7,5,
13,6,4,1,4,2,2,0,7,7,5,
14,6,4,1,4,2,2,0,8,7,5,
13,6,4,1,5,2,2,0,7,7,5,
13,6,4,1,5,2,2,0,7,7,6,
13,6,4,1,5,2,2,0,7,7,5,
13,6,4,1,4,2,2,0,7,7,5,
15,8,4,1,6,2,2,0,9,9,7,
14,6,4,1,5,2,2,0,8,7,6,
13,6,4,1,5,2,2,0,7,7,5,
14,6,4,1,5,2,3,0,8,7,6,
15,6,4,1,5,2,3,0,9,9,6,
14,6,4,1,5,2,3,0,8,7,6,
14,6,4,1,5,2,3,0,8,7,6,
14,6,4,1,5,2,3,0,8,7,6,
14,6,4,1,5,2,3,0,8,7,6,
14,6,4,1,5,2,3,0,8,7,6,
14,6,4,1,5,2,3,0,8,7,6,
14,6,4,1,5,2,3,0,8,7,6,
14,6,4,1,5,2,3,0,8,7,6,
13,6,4,1,5,2,3,0,8,7,6,
13,6,4,1,5,2,3,0,8,7,6,
13,6,4,1,5,2,3,0,8,7,6,
13,7,4,1,5,2,3,0,8,7,6,
13,7,4,1,5,2,3,0,8,7,6,
13,7,4,1,5,2,3,0,8,7,6,
13,7,4,1,5,2,3,0,8,7,6,
13,7,4,1,5,2,3,0,8,7,6,
13,7,4,1,5,2,3,0,8,8,6,
13,7,4,1,5,2,3,0,8,7,6,
13,7,4,1,5,2,3,0,8,8,6,
13,7,5,1,5,2,3,0,8,8,6,
13,7,4,1,5,2,3,0,8,8,6,
13,7,4,1,5,3,3,0,8,8,6,
13,7,5,1,5,3,3,0,8,8,6,
13,7,4,1,5,3,3,0,8,8,6,
16,9,6,1,7,2,2,0,10,9,8,
13,7,5,1,5,3,3,0,8,8,6,
13,7,5,1,5,3,3,0,8,8,6,
13,7,5,1,5,3,3,0,8,8,6,
13,7,5,1,5,3,3,0,8,8,6,
13,5,3,0,3,1,1,0,6,6,4,
13,6,4,1,4,2,2,0,7,7,5,
15,7,5,2,5,3,3,0,11,8,6,
16,6,4,1,5,2,3,0,8,7,6,
13,6,4,1,4,2,2,0,7,7,5,
13,6,4,1,4,2,2,0,7,7,5,
13,6,4,1,5,2,2,0,7,7,5,
13,6,4,1,5,2,2,0,7,7,5,
15,6,4,1,5,2,2,0,7,7,5,
13,6,4,1,5,2,2,0,7,7,5,
13,6,4,1,5,2,2,0,7,7,5,
14,6,4,1,5,2,2,0,8,7,6,
14,6,4,1,5,2,2,0,8,7,6,
15,7,4,1,5,2,3,0,8,7,6,
13,6,4,1,5,2,2,0,7,7,6,
13,6,4,1,5,2,2,0,8,7,6,
14,6,4,1,5,2,3,0,8,7,6,
14,6,4,1,5,2,3,0,8,7,6,
16,9,7,1,8,5,5,0,10,10,8,
15,6,4,1,5,2,3,0,9,7,6,
14,6,4,1,5,2,3,0,8,7,6,
14,6,4,1,5,2,3,0,8,7,6,
14,6,4,1,5,2,3,0,8,7,6,
14,6,4,1,5,2,3,0,8,7,6,
13,7,5,1,5,3,3,0,8,8,6,
17,8,5,2,6,4,4,0,9,9,7,
13,7,4,1,5,2,3,0,8,7,6,
13,7,4,1,5,2,3,0,8,7,6,
13,7,4,1,5,2,3,0,8,7,6,
13,7,4,1,5,2,3,0,8,7,6,
13,7,4,1,5,2,3,0,8,7,6,
13,7,4,1,5,2,3,0,8,8,6,
15,9,6,4,7,4,5,0,10,10,8,
13,7,5,1,5,3,3,0,8,8,6,
13,7,4,1,5,2,3,0,8,7,6,
16,10,4,1,5,2,3,0,11,11,6,
13,7,5,1,5,3,3,0,8,8,6,
13,7,5,1,5,3,3,0,8,8,6,
13,7,5,1,5,3,3,0,8,8,6,
13,7,5,1,5,3,3,0,8,8,6,
13,7,5,1,5,3,3,0,8,8,6,
16,10,5,1,7,3,3,0,11,10,8,
13,7,5,2,5,3,3,0,8,8,6,
14,7,5,1,6,3,4,0,9,8,7,
13,7,5,2,5,3,3,0,8,8,6,
13,7,5,1,5,3,3,0,8,8,6,
13,8,5,1,5,3,3,0,8,8,8,
13,6,4,1,4,2,2,0,7,7,5,
13,7,5,2,5,3,3,0,8,8,6,
13,6,4,1,4,2,2,0,7,7,5,
16,6,4,1,5,2,3,0,8,7,6,
13,6,4,1,5,2,2,0,7,7,5,
13,6,4,1,5,2,2,0,7,7,5,
13,6,4,1,5,2,2,0,7,7,5,
13,6,4,1,5,2,2,0,7,7,5,
13,6,4,1,5,2,2,0,7,7,6,
16,6,4,1,5,2,2,0,10,7,6,
13,5,3,0,4,1,1,0,7,6,5,
13,6,4,1,5,2,2,0,7,7,6,
14,6,4,1,5,2,3,0,8,7,6,
13,6,4,1,5,2,2,0,8,7,6,
14,6,4,1,5,2,3,0,8,7,6,
14,6,4,1,5,2,3,0,8,7,6,
14,6,4,1,5,2,3,0,8,7,6,
17,6,4,1,5,2,3,0,8,7,6,
14,6,4,1,5,2,3,0,8,7,6,
16,6,4,1,5,2,2,0,8,7,6,
14,6,4,1,5,2,3,0,8,7,6,
14,6,4,1,5,2,3,0,8,7,6,
13,7,7,1,7,2,3,0,8,7,7,
13,6,4,1,5,2,3,0,8,7,6,
13,6,4,1,5,2,3,0,8,7,6,
16,9,4,1,5,2,3,0,11,10,6,
13,6,4,1,5,2,3,0,8,7,6,
13,6,4,1,5,2,3,0,8,7,6,
13,6,4,1,5,2,3,0,8,7,6,
13,7,4,1,5,2,3,0,8,8,6,
14,6,4,1,5,2,3,0,8,7,6,
13,7,4,1,5,2,3,0,8,7,6,
13,6,4,1,5,2,3,0,8,7,6,
13,7,4,1,5,2,3,0,8,8,6,
13,7,4,1,5,3,3,0,8,8,6,
13,7,4,1,5,2,3,0,8,8,6,
13,7,5,1,5,3,3,0,8,8,6,
13,7,4,1,5,2,3,0,8,7,6,
13,7,5,1,5,3,3,0,8,8,6,
15,9,6,3,7,4,5,0,10,10,8,
13,7,5,1,5,3,3,0,8,8,6,
13,7,5,1,5,3,3,0,8,8,6,
15,7,5,1,5,3,3,0,8,8,6,
13,7,5,1,5,3,3,0,8,8,6,
16,6,4,1,5,2,3,0,8,7,6,
13,7,5,2,5,3,3,0,8,8,6,
13,6,4,1,4,2,2,0,7,7,5,
13,7,7,2,7,3,3,0,8,8,7,
13,7,5,2,5,3,3,0,8,8,6,
13,6,4,1,5,2,2,0,7,7,5,
16,9,4,1,5,2,2,0,10,10,5,
13,6,4,1,5,2,2,0,7,7,5,
13,6,4,1,5,2,2,0,7,7,5,
13,6,4,1,5,2,2,0,7,7,6,
15,8,6,1,6,4,4,0,9,9,7,
13,6,4,1,5,2,2,0,8,7,6,
15,8,6,1,7,2,2,0,10,9,8,
13,6,4,1,5,2,2,0,7,7,6,
13,6,4,1,5,2,3,0,8,7,6,
14,6,4,1,5,2,3,0,8,7,6,
14,6,4,1,5,2,3,0,8,7,6,
16,6,4,1,5,2,3,0,8,7,6,
14,6,4,1,5,2,3,0,8,7,6,
14,6,4,1,5,2,3,0,8,7,6,
14,6,4,1,5,2,3,0,8,7,6,
14,6,4,1,5,2,3,0,8,7,6,
14,6,4,1,5,2,3,0,8,7,6,
14,6,4,1,5,2,3,0,8,7,6,
14,7,4,1,6,2,3,0,8,8,7,
13,6,4,1,5,2,3,0,8,7,6,
13,6,4,1,5,2,3,0,8,7,6,
13,6,4,1,5,2,3,0,8,7,6,
13,6,4,1,5,2,3,0,8,7,6,
13,7,4,1,5,2,3,0,8,7,6,
13,7,4,1,5,2,3,0,8,7,6,
13,7,4,1,5,2,3,0,8,7,6,
14,8,5,2,6,3,4,0,9,8,7,
13,7,4,1,5,2,3,0,8,7,6,
13,7,4,1,5,2,3,0,8,7,6,
15,7,4,1,5,2,3,0,8,8,6,
13,7,4,1,5,2,3,0,8,8,6,
13,7,4,1,5,2,3,0,8,8,6,
13,7,4,1,5,2,3,0,8,8,6,
13,7,4,1,5,2,3,0,8,8,6,
13,7,5,1,5,3,3,0,8,8,6,
13,7,5,1,5,3,3,0,8,8,6,
16,7,5,1,5,3,3,0,8,8,6,
14,6,4,1,5,2,2,0,7,7,5,
13,7,5,1,5,3,3,0,8,8,6,
13,7,5,1,5,3,3,0,8,8,6,
13,7,5,1,5,3,3,0,8,8,6,
13,7,5,1,5,3,3,0,8,8,6,
36,7,4,1,6,2,3,0,8,8,7,
13,6,4,1,4,2,2,0,7,7,5,
13,6,4,1,4,2,2,0,7,7,5,
13,6,4,1,4,2,2,0,7,7,5,
13,6,4,1,4,2,2,0,7,7,5,
13,6,4,1,5,2,2,0,7,7,5,
13,6,4,1,5,2,2,0,7,7,6,
13,6,4,1,5,2,2,0,7,7,5,
13,6,4,1,5,2,2,0,7,7,5,
16,6,4,1,5,2,2,0,7,7,5,
13,6,4,1,5,2,2,0,7,7,5,
14,6,4,1,5,2,3,0,8,7,6,
13,6,4,1,5,2,2,0,8,7,6,
13,6,4,1,5,2,2,0,7,7,6,
13,6,4,1,5,2,2,0,8,7,6,
16,6,4,1,5,2,3,0,8,7,6,
14,5,2,0,3,0,1,0,6,5,4,
14,6,4,1,5,2,3,0,8,7,6,
14,6,4,1,5,2,3,0,8,7,6,
14,6,4,1,5,2,3,0,8,7,6,
14,6,4,1,5,2,3,0,8,7,6,
14,6,4,1,5,2,3,0,8,7,6,
14,6,4,1,5,2,3,0,8,7,6,
13,6,4,1,5,2,3,0,8,7,6,
14,8,6,1,7,4,4,0,9,9,8,
13,6,4,1,5,2,3,0,8,7,6,
13,6,4,1,5,2,3,0,8,7,6,
13,6,4,1,5,2,3,0,8,7,6,
13,6,4,1,5,2,3,0,8,7,6,
13,6,4,1,5,2,3,0,8,7,6,
13,7,4,1,5,2,3,0,8,7,6,
13,7,4,1,5,2,3,0,8,7,6,
13,7,4,1,5,2,3,0,8,7,6,
13,7,4,1,5,2,3,0,8,7,6,
15,6,4,1,5,2,2,0,8,7,6,
13,7,4,1,5,3,3,0,8,8,6,
13,7,4,1,5,3,3,0,8,8,6,
13,7,4,1,5,2,3,0,8,8,6,
14,6,4,1,5,2,2,0,8,7,6,
13,7,4,1,5,3,3,0,8,7,6,
13,7,5,1,5,3,3,0,8,8,6,
16,9,7,1,8,3,6,0,11,10,9,
13,7,5,1,5,3,3,0,8,8,6,
13,7,5,1,5,3,3,0,8,8,6,
15,9,5,2,5,3,3,0,10,10,6,
14,7,5,1,5,3,3,0,9,9,6,
13,7,5,2,5,3,3,0,8,8,6,
13,6,4,1,4,2,2,0,7,7,5,
13,7,5,2,5,3,3,0,8,8,6,
13,6,4,1,4,2,2,0,7,7,5,
15,7,5,1,6,2,2,0,9,8,7,
13,6,4,1,5,2,2,0,7,7,5,
13,6,4,1,5,2,2,0,7,7,5,
13,6,4,1,5,2,2,0,7,7,5,
13,6,4,1,4,2,2,0,7,7,5,
14,6,4,1,5,2,2,0,7,7,5,
13,6,4,1,5,2,2,0,7,7,5,
14,6,4,1,5,2,2,0,8,7,6,
13,6,4,1,5,2,2,0,7,7,5,
13,6,4,1,5,2,2,0,7,7,5,
13,6,4,1,5,2,2,0,8,7,6,
15,7,5,2,5,3,3,0,8,8,6,
14,6,4,1,5,2,3,0,8,7,6,
14,6,4,1,5,2,3,0,8,7,6,
14,6,4,1,5,2,3,0,8,7,6,
14,6,4,1,5,2,3,0,8,7,6,
14,6,4,1,5,2,3,0,8,7,6,
14,6,4,1,5,2,3,0,8,7,6,
14,6,4,1,5,2,3,0,8,7,6,
13,6,4,1,5,2,3,0,8,7,6,
13,6,4,1,5,2,3,0,8,7,6,
15,6,4,1,5,2,2,0,8,7,6,
13,6,4,1,5,2,3,0,8,7,6,
13,6,4,1,5,2,3,0,8,7,6,
13,6,4,1,5,2,3,0,8,7,6,
15,7,5,1,5,3,3,0,8,8,6,
13,7,4,1,5,2,3,0,8,7,6,
13,7,4,1,5,2,3,0,8,7,6,
15,7,4,1,5,2,3,0,10,10,6,
13,7,4,1,5,3,3,0,8,8,6,
13,7,4,1,5,2,3,0,8,7,6,
13,7,5,1,5,2,3,0,8,8,6,
13,7,5,1,5,3,3,0,8,8,6,
13,7,5,1,5,2,3,0,8,8,6,
13,7,5,1,5,3,3,0,8,8,6,
13,7,5,1,5,2,3,0,8,8,6,
14,6,4,1,5,2,2,0,7,7,5,
13,7,5,1,5,3,3,0,8,8,6,
13,7,5,1,5,3,3,0,8,8,6,
13,7,5,1,5,3,3,0,8,8,6,
13,7,5,2,5,3,3,0,8,8,6,
13,6,4,1,5,2,2,0,7,7,5,
13,6,4,1,5,2,2,0,7,7,5,
13,6,4,1,4,2,2,0,7,7,5,
13,6,4,1,4,2,2,0,7,7,5,
13,6,4,1,5,2,2,0,7,7,5,
13,6,4,1,5,2,2,0,8,7,6,
13,6,4,1,5,2,2,0,7,7,5,
13,6,4,1,5,2,3,0,8,7,6,
16,9,4,1,5,2,2,0,10,10,8,
13,6,4,1,5,2,2,0,7,7,5,
15,8,6,1,6,4,4,0,9,9,7,
14,6,4,1,5,2,2,0,8,7,6,
13,6,4,1,5,2,2,0,7,7,6,
15,8,4,1,6,2,2,0,9,9,7,
13,7,4,1,5,2,3,0,8,7,6,
13,6,4,1,5,2,3,0,8,7,6,
14,6,4,1,5,2,3,0,8,7,6,
16,6,4,1,5,2,2,0,7,7,5,
13,6,4,1,5,2,3,0,8,7,6,
13,6,4,1,5,2,3,0,8,7,6,
13,6,4,1,5,2,3,0,8,7,6,
14,6,4,1,5,2,3,0,8,7,6,
14,6,4,1,5,2,3,0,8,7,6,
14,6,4,1,5,2,3,0,8,7,6,
16,9,7,1,8,5,6,0,11,10,9,
13,6,4,1,5,2,3,0,8,7,6,
13,6,4,1,5,2,3,0,8,7,6,
15,6,4,1,5,2,3,0,10,7,6,
13,6,4,1,5,2,3,0,8,7,6,
13,6,4,1,5,2,3,0,8,7,6,
13,6,4,1,5,2,3,0,8,7,6,
13,7,4,1,5,2,3,0,8,7,6,
13,7,4,1,5,2,3,0,8,7,6,
14,8,4,1,6,2,3,0,9,9,7,
13,7,4,1,5,2,3,0,8,7,6,
13,7,4,1,5,2,3,0,8,7,6,
13,7,4,1,5,2,3,0,8,8,6,
13,7,4,1,5,2,3,0,8,7,6,
13,7,5,1,5,3,3,0,8,8,6,
13,7,5,1,5,3,3,0,8,8,6,
13,7,5,1,5,3,3,0,8,8,6,
13,7,5,1,5,3,3,0,8,8,6,
16,6,4,1,5,2,2,0,7,7,5,
13,7,5,1,5,3,3,0,8,8,6,
13,7,5,1,5,3,3,0,8,8,6,
13,7,5,2,5,3,3,0,8,8,6,
13,7,5,1,5,3,3,0,8,8,6,
13,7,5,1,5,3,3,0,8,8,6,
16,7,5,2,5,3,3,0,8,8,6,
14,4,2,0,3,0,1,0,6,5,4,
13,6,4,1,4,2,2,0,7,7,5,
13,6,4,1,4,2,2,0,7,7,5,
13,6,4,1,4,2,2,0,7,7,5,
13,6,4,1,4,2,2,0,7,7,5,
13,6,4,1,5,2,2,0,7,7,6,
13,6,4,1,5,2,2,0,7,7,6,
13,6,4,1,5,2,2,0,7,7,5,
13,6,4,1,5,2,2,0,7,7,6,
16,7,4,1,5,2,3,0,8,8,6,
13,6,4,1,5,2,2,0,8,7,6,
13,6,4,1,5,2,3,0,8,7,6,
14,8,4,1,5,2,3,0,8,8,8,
14,6,4,1,5,2,3,0,8,7,6,
13,6,4,1,5,2,2,0,8,7,6,
16,6,4,1,5,2,3,0,10,7,6,
14,6,4,1,5,2,3,0,8,7,6,
14,6,4,1,5,2,3,0,8,7,6,
14,6,4,1,5,2,3,0,8,7,6,
14,6,4,1,5,2,3,0,8,7,6,
14,6,4,1,5,2,3,0,8,7,6,
16,9,4,1,7,2,3,0,10,10,8,
13,6,4,1,5,2,3,0,8,7,6,
15,9,7,1,7,5,5,0,10,10,8,
15,6,4,1,5,2,3,0,10,7,6,
13,4,2,0,3,0,1,0,6,5,4,
13,6,4,1,5,2,3,0,8,7,6,
13,7,4,1,5,2,3,0,8,7,6,
14,8,4,1,5,2,3,0,9,8,6,
13,6,4,1,5,2,3,0,8,7,6,
13,7,4,1,5,2,3,0,8,7,6,
13,7,4,1,5,2,3,0,8,7,6,
13,7,4,1,5,2,3,0,8,7,6,
13,7,4,1,5,2,3,0,8,7,6,
13,7,5,1,5,2,3,0,8,8,6,
13,7,5,1,5,3,3,0,8,8,6,
13,7,5,1,5,3,3,0,8,8,6,
16,7,5,1,5,3,3,0,11,8,6,
13,7,5,1,5,3,3,0,8,8,6,
13,7,5,1,5,3,3,0,8,8,6,
13,7,5,1,5,3,3,0,8,8,6,
13,7,5,1,5,3,3,0,8,8,6,
13,7,5,2,5,3,3,0,8,8,6,
13,7,5,1,5,3,3,0,8,8,6,
13,8,5,1,5,3,3,0,8,8,8,
15,7,5,1,5,3,3,0,8,8,6,
13,6,4,1,4,2,2,0,7,7,5,
13,6,4,1,4,2,2,0,7,7,5,
15,6,4,1,4,2,2,0,7,7,5,
13,6,4,1,5,2,2,0,7,7,5,
14,6,4,1,5,2,2,0,7,7,6,
13,6,4,1,5,2,2,0,7,7,5,
13,6,4,1,5,2,2,0,7,7,5,
13,6,4,1,5,2,2,0,7,7,5,
13,6,4,1,5,2,2,0,7,7,5,
14,6,4,1,5,2,2,0,7,7,5,
13,6,4,1,5,2,2,0,7,7,5,
13,6,4,1,5,2,2,0,8,7,6,
13,6,4,1,5,2,3,0,8,7,6,
13,6,4,1,5,2,2,0,8,7,6,
13,6,4,1,5,2,2,0,8,7,6,
14,6,4,1,5,2,3,0,8,7,6,
15,8,6,4,7,4,5,0,10,9,8,
14,6,4,1,5,2,3,0,8,7,6,
14,6,4,1,5,2,3,0,8,7,6,
16,9,4,1,5,2,3,0,11,10,6,
13,6,4,1,5,2,3,0,8,7,6,
13,6,4,1,5,2,3,0,8,7,6,
13,6,4,1,5,2,3,0,8,7,6,
13,6,4,1,5,2,3,0,8,7,6,
15,8,6,1,7,4,5,0,10,9,8,
14,8,4,1,6,2,3,0,9,9,7,
13,7,4,1,5,2,3,0,8,7,6,
13,7,5,1,5,3,3,0,8,8,6,
13,6,4,1,5,2,3,0,8,7,6,
13,6,4,1,5,2,3,0,8,7,6,
13,7,4,1,5,2,3,0,8,7,6,
13,7,4,1,5,2,3,0,8,7,6,
13,7,4,1,5,2,3,0,8,7,6,
13,7,4,1,5,3,3,0,8,8,6,
16,7,5,1,5,3,3,0,8,8,6,
13,7,5,1,5,3,3,0,8,8,6,
13,7,5,1,5,2,3,0,8,8,6,
14,6,4,1,5,2,3,0,8,7,6,
13,7,5,1,5,3,3,0,8,8,6,
13,7,5,1,5,3,3,0,8,8,6,
16,7,5,1,5,3,3,0,8,8,6,
14,5,2,0,3,0,1,0,6,5,4,
13,7,5,2,5,3,3,0,8,8,6,
13,7,5,1,5,3,3,0,8,8,6,
13,6,4,1,4,2,2,0,7,7,5,
13,6,4,1,4,2,2,0,7,7,5,
13,7,5,2,5,3,3,0,8,8,6,
13,6,4,1,4,2,2,0,7,7,5,
13,7,5,2,5,3,3,0,8,8,6,
15,6,4,1,5,2,3,0,8,7,6,
16,6,4,1,5,2,3,0,8,7,6,
13,6,4,1,5,2,2,0,7,7,5,
13,6,4,1,5,2,2,0,7,7,5,
14,8,4,1,5,2,2,0,8,8,8,
13,6,4,1,5,2,2,0,7,7,5,
13,6,4,1,5,2,3,0,8,7,6,
16,6,4,1,5,2,2,0,10,7,6,
13,6,4,1,5,2,2,0,8,7,6,
13,6,4,1,5,2,2,0,8,7,6,
13,6,4,1,5,2,3,0,8,7,6,
13,6,4,1,5,2,3,0,8,7,6,
14,6,4,1,5,2,3,0,8,7,6,
15,8,4,1,6,2,3,0,9,9,7,
14,6,4,1,5,2,3,0,8,7,6,
15,8,5,1,6,4,4,0,9,9,7,
15,6,4,1,5,2,3,0,9,7,6,
14,5,3,0,4,1,2,0,7,6,5,
14,6,4,1,5,2,3,0,8,7,6,
13,6,4,1,5,2,3,0,8,7,6,
13,6,4,1,5,2,3,0,8,7,6,
13,6,4,1,5,2,3,0,8,7,6,
13,6,4,1,5,2,3,0,8,7,6,
13,7,4,1,5,2,3,0,8,7,6,
13,6,4,1,5,2,3,0,8,7,6,
13,6,4,1,5,2,3,0,8,7,6,
13,7,4,1,5,2,3,0,8,7,6,
13,7,4,1,5,2,3,0,8,7,6,
13,7,4,1,5,3,3,0,8,7,6,
16,7,4,1,5,2,3,0,11,7,6,
13,7,4,1,5,3,3,0,8,7,6,
13,7,4,1,5,3,3,0,8,8,6,
13,7,5,1,5,3,3,0,8,8,6,
13,7,5,1,5,3,3,0,8,8,6,
13,7,5,1,5,2,3,0,8,8,6,
13,7,5,1,5,3,3,0,8,8,6,
13,7,5,1,5,3,3,0,8,8,6,
16,8,6,1,6,3,3,0,9,9,7,
13,7,5,2,5,3,3,0,8,8,6,
13,6,4,1,5,2,3,0,8,7,6,
13,7,5,1,5,3,3,0,8,8,6,
13,7,5,2,5,3,3,0,8,8,6,
13,7,6,2,6,3,3,0,8,8,6,
13,7,5,2,5,3,3,0,8,8,6,
13,7,5,2,5,3,3,0,8,8,6,
13,7,5,2,5,3,3,0,8,8,6,
13,6,4,1,4,2,2,0,7,7,5,
14,7,5,2,5,3,3,0,8,8,6,
13,6,4,1,4,2,2,0,7,7,5,
14,7,4,1,5,2,3,0,8,7,6,
13,6,4,1,5,2,2,0,7,7,5,
14,6,4,1,5,2,2,0,8,7,5,
16,9,6,1,7,4,5,0,10,10,8,
16,6,4,1,5,2,2,0,10,7,6,
14,4,2,0,3,0,1,0,6,5,4,
13,6,4,1,5,2,2,0,8,7,6,
13,6,4,1,5,2,3,0,8,7,6,
15,7,4,1,5,2,3,0,9,8,6,
13,6,4,1,5,2,3,0,8,7,6,
13,6,4,1,5,2,3,0,8,7,6,
14,6,4,1,5,2,3,0,8,7,6,
14,6,4,1,5,2,3,0,8,7,6,
15,7,5,1,5,2,3,0,8,8,6,
13,6,4,1,5,2,3,0,8,7,6,
14,6,4,1,5,2,3,0,8,7,6,
14,6,4,1,5,2,3,0,8,7,6,
13,6,4,1,5,2,3,0,8,7,6,
13,6,4,1,5,2,3,0,8,7,6,
15,8,6,3,7,4,5,0,10,9,8,
13,6,4,1,5,2,3,0,8,7,6,
13,6,4,1,5,2,3,0,8,7,6,
13,6,4,1,5,2,3,0,8,7,6,
16,7,4,1,5,2,3,0,8,8,6,
13,7,5,1,5,2,3,0,8,8,6,
13,7,4,1,5,2,3,0,8,8,6,
13,7,4,1,5,2,3,0,8,8,6,
13,7,5,1,5,2,3,0,8,8,6,
13,7,4,1,5,2,3,0,8,8,6,
16,7,4,1,5,2,3,0,8,8,6,
14,4,2,0,3,0,1,0,6,5,4,
13,7,5,1,5,3,3,0,8,8,6,
13,7,5,1,5,2,3,0,8,8,6,
13,7,5,1,5,3,3,0,8,8,6,
13,7,5,1,5,3,3,0,8,8,6,
13,7,5,1,5,3,3,0,8,8,6,
13,7,5,1,5,3,3,0,8,8,6,
13,7,5,1,5,3,3,0,8,8,6,
13,7,5,1,5,3,3,0,8,8,6,
16,7,4,1,5,2,3,0,8,7,6,
13,7,5,1,5,3,3,0,8,8,6,
13,6,4,1,5,2,2,0,7,7,5,
14,8,4,1,4,2,2,0,8,8,8,
13,6,4,1,4,2,2,0,7,7,5,
13,6,4,1,4,2,2,0,7,7,5,
16,6,4,1,4,2,2,0,10,7,5,
13,6,4,1,5,2,2,0,7,7,5,
13,6,4,1,5,2,2,0,8,7,6,
13,6,4,1,5,2,2,0,7,7,6,
15,6,4,1,5,2,2,0,7,7,6,
15,7,4,1,5,2,3,0,8,7,6,
13,6,4,1,5,2,2,0,7,7,6,
13,6,4,1,5,2,2,0,8,7,6,
13,6,4,1,5,2,2,0,8,7,6,
13,6,4,1,5,2,2,0,8,7,6,
13,6,4,1,5,2,3,0,8,7,6,
13,6,4,1,5,2,3,0,8,7,6,
13,6,4,1,5,2,3,0,8,7,6,
14,6,4,1,5,2,3,0,8,7,6,
13,6,4,1,5,2,3,0,8,7,6,
14,6,4,1,5,2,3,0,8,7,6,
14,6,4,1,5,2,3,0,8,7,6,
14,6,4,1,5,2,3,0,8,7,6,
14,6,4,1,5,2,3,0,8,7,6,
13,7,5,1,5,2,3,0,8,8,6,
13,6,4,1,5,2,3,0,8,7,6,
13,6,4,1,5,2,3,0,8,7,6,
16,6,4,1,5,2,3,0,11,7,6,
13,7,4,1,5,2,3,0,8,7,6,
13,6,4,1,5,2,3,0,8,7,6,
13,6,4,1,5,2,3,0,8,7,6,
13,7,4,1,5,2,3,0,8,8,6,
13,7,4,1,5,2,3,0,8,8,6,
13,7,4,1,5,2,3,0,8,8,6,
13,7,5,1,5,2,3,0,8,8,6,
15,6,4,1,5,2,3,0,8,7,6,
13,7,4,1,5,2,3,0,8,8,6,
13,7,5,1,5,2,3,0,8,8,6,
13,7,5,1,5,3,3,0,8,8,6,
13,7,5,1,5,3,3,0,8,8,6,
13,7,5,1,5,2,3,0,8,8,6,
14,8,6,1,6,3,3,0,9,9,7,
13,6,4,1,4,2,2,0,7,7,5,
15,6,4,1,4,2,2,0,7,7,5,
13,6,4,1,4,2,2,0,7,7,5,
14,7,5,1,5,3,3,0,8,8,6,
15,8,6,2,7,4,5,0,10,9,8,
13,6,4,1,4,2,2,0,7,7,5,
13,6,4,1,5,2,2,0,7,7,5,
13,6,4,1,4,2,2,0,7,7,5,
16,8,6,1,7,4,5,0,10,9,8,
15,6,4,1,5,2,2,0,9,7,5,
13,6,4,1,5,2,2,0,7,7,5,
13,6,4,1,5,2,2,0,7,7,5,
13,6,4,1,5,2,2,0,7,7,5,
13,6,4,1,5,2,2,0,7,7,5,
13,6,4,1,5,2,2,0,7,7,5,
13,6,4,1,5,2,2,0,7,7,5,
13,6,4,1,5,2,2,0,7,7,6,
14,6,4,1,5,2,3,0,8,7,6,
14,6,4,1,5,2,3,0,8,7,6,
13,6,4,1,5,2,2,0,8,7,6,
13,6,4,1,5,2,2,0,7,7,6,
14,6,4,1,5,2,3,0,8,7,6,
14,6,4,1,5,2,3,0,8,7,6,
14,6,4,1,5,2,3,0,8,7,6,
14,6,4,1,5,2,3,0,8,7,6,
14,6,4,1,5,2,3,0,8,7,6,
14,6,4,1,5,2,3,0,8,7,6,
14,6,4,1,5,2,3,0,8,7,6,
16,6,4,1,5,2,3,0,8,7,6,
13,6,4,1,5,2,3,0,8,7,6,
13,6,4,1,5,2,3,0,8,7,6,
13,6,4,1,5,2,3,0,8,7,6,
13,7,4,1,5,2,3,0,8,7,6,
13,7,4,1,5,2,3,0,8,7,6,
16,7,4,1,5,2,3,0,8,7,6,
13,4,2,0,2,0,0,0,5,5,3,
13,7,4,1,5,2,3,0,8,8,6,
13,7,4,1,5,2,3,0,8,7,6,
13,7,4,1,5,2,3,0,8,8,6,
13,7,4,1,5,2,3,0,8,8,6,
13,7,5,1,5,2,3,0,8,8,6,
13,7,5,1,5,3,3,0,8,8,6,
13,7,5,1,5,2,3,0,8,8,6,
13,7,5,1,5,2,3,0,8,8,6,
16,6,4,1,5,2,2,0,8,7,6,
13,7,5,1,5,3,3,0,8,8,6,
13,7,5,2,5,3,3,0,8,8,6,
14,9,5,1,5,3,3,0,9,9,9,
13,7,5,1,5,3,3,0,8,8,6,
13,7,5,2,5,3,3,0,8,8,6,
16,7,5,2,5,3,3,0,11,8,6,
13,7,5,2,5,3,3,0,8,8,6,
13,6,4,1,4,2,2,0,7,7,5,
13,7,5,2,5,3,3,0,8,8,6,
13,6,4,1,4,2,2,0,7,7,5,
14,7,4,1,5,2,3,0,8,8,6,
13,6,4,1,5,2,2,0,7,7,5,
13,6,4,1,5,2,2,0,7,7,5,
13,6,4,1,5,2,2,0,7,7,5,
13,6,4,1,5,2,2,0,7,7,5,
13,6,4,1,5,2,2,0,8,7,6,
13,6,4,1,5,2,2,0,8,7,6,
13,6,4,1,4,2,2,0,7,7,5,
13,6,4,1,5,2,2,0,8,7,6,
15,8,6,3,7,4,4,0,9,9,7,
13,6,4,1,5,2,2,0,8,7,6,
13,6,4,1,5,2,3,0,8,7,6,
13,6,4,1,5,2,3,0,8,7,6,
14,6,4,1,5,2,3,0,8,7,6,
16,6,4,1,5,2,2,0,7,7,6,
14,6,4,1,5,2,3,0,8,7,6,
14,6,4,1,5,2,3,0,8,7,6,
14,8,4,1,8,2,3,0,8,8,8,
14,6,4,1,5,2,3,0,8,7,6,
13,6,4,1,5,2,3,0,8,7,6,
16,10,4,1,5,2,3,0,11,10,6,
13,6,4,1,5,2,3,0,8,7,6,
13,7,4,1,5,2,3,0,8,7,6,
13,6,4,1,5,2,3,0,8,7,6,
13,7,4,1,5,2,3,0,8,7,6,
13,7,4,1,5,2,3,0,8,7,6,
16,9,7,1,8,2,3,0,11,10,9,
13,7,4,1,5,2,3,0,8,7,6,
13,7,4,1,5,2,3,0,8,8,6,
13,7,4,1,5,2,3,0,8,8,6,
13,7,4,1,5,2,3,0,8,8,6,
16,7,5,1,5,2,3,0,8,8,6,
13,7,5,1,5,2,3,0,8,8,6,
13,7,5,1,5,3,3,0,8,8,6,
13,7,5,1,5,3,3,0,8,8,6,
13,7,5,1,5,3,3,0,8,8,6,
13,7,5,1,5,3,3,0,8,8,6,
15,7,4,1,5,2,3,0,8,7,6,
15,9,5,1,7,3,3,0,10,10,8,
13,7,5,1,5,3,3,0,8,8,6,
13,7,5,2,5,3,3,0,8,8,6,
13,7,5,1,5,3,3,0,8,8,6,
13,7,5,2,5,3,3,0,8,8,6,
13,7,5,1,5,3,3,0,8,8,6,
13,7,5,2,5,3,3,0,8,8,6,
13,6,4,1,5,2,2,0,7,7,5,
14,7,5,2,6,3,3,0,9,8,7,
13,6,4,1,5,2,2,0,7,7,5,
13,6,4,1,4,2,2,0,7,7,5,
16,6,4,1,5,2,2,0,7,7,5,
13,6,4,1,5,2,2,0,7,7,5,
13,6,4,1,5,2,2,0,7,7,5,
13,6,4,1,5,2,2,0,7,7,6,
13,6,4,1,5,2,2,0,7,7,5,
13,6,4,1,5,2,2,0,8,7,6,
13,6,4,1,5,2,2,0,8,7,6,
13,6,4,1,5,2,3,0,8,7,6,
13,6,4,1,5,2,2,0,8,7,6,
14,6,4,1,5,2,2,0,8,7,6,
13,6,4,1,5,2,3,0,8,7,6,
14,6,4,1,5,2,3,0,8,7,6,
14,6,4,1,5,2,3,0,8,7,6,
14,6,4,1,5,2,3,0,8,7,6,
16,9,4,1,8,2,3,0,10,10,9,
14,6,4,1,5,2,3,0,8,7,6,
14,7,5,1,6,3,4,0,9,8,7,
13,6,4,1,5,2,3,0,8,7,6,
13,6,4,1,5,2,3,0,8,7,6,
13,6,4,1,5,2,3,0,8,7,6,
13,6,4,1,5,2,3,0,8,7,6,
13,6,4,1,5,2,3,0,8,7,6,
13,7,4,1,5,2,3,0,8,7,6,
16,6,4,1,5,2,3,0,8,7,6,
13,7,4,1,5,2,3,0,8,7,6,
13,7,4,1,5,2,3,0,8,7,6,
13,7,4,1,5,3,3,0,8,7,6,
13,7,5,1,5,3,3,0,8,8,6,
13,7,4,1,5,2,3,0,8,7,6,
16,7,4,1,5,2,3,0,11,8,6,
13,4,2,0,2,0,0,0,5,5,3,
13,7,5,1,5,3,3,0,8,8,6,
13,7,5,1,5,3,3,0,8,8,6,
13,7,5,1,5,3,3,0,8,8,6,
15,9,5,1,7,3,3,0,11,10,8,
13,7,5,1,5,3,3,0,8,8,6,
13,7,5,1,5,3,3,0,8,8,6,
13,7,5,2,5,3,3,0,8,8,6,
13,7,5,2,5,3,3,0,8,8,6,
16,4,2,0,3,0,0,0,5,5,3,
13,6,4,1,4,2,2,0,7,7,5,
13,6,4,1,4,2,2,0,7,7,5,
13,6,4,1,4,2,2,0,7,7,5,
13,6,4,1,4,2,2,0,7,7,5,
16,6,4,1,4,2,2,0,7,7,5,
13,6,4,1,5,2,2,0,7,7,5,
13,6,4,1,5,2,2,0,7,7,5,
13,6,4,1,5,2,2,0,7,7,5,
17,9,6,1,7,3,5,0,10,9,8,
14,6,4,1,5,2,2,0,7,7,6,
13,6,4,1,5,2,2,0,7,7,6,
13,6,4,1,5,2,2,0,8,7,6,
13,6,4,1,5,2,3,0,8,7,6,
13,6,4,1,5,2,3,0,8,7,6,
13,6,4,1,5,2,2,0,8,7,6,
16,9,7,1,7,5,5,0,10,10,8,
13,6,4,1,5,2,3,0,8,7,6,
14,6,4,1,5,2,3,0,8,7,6,
14,7,4,1,5,2,3,0,8,8,6,
14,6,4,1,5,2,3,0,8,7,6,
14,6,4,1,5,2,3,0,8,7,6,
13,6,4,1,5,2,3,0,8,7,6,
13,6,4,1,5,2,3,0,8,7,6,
13,7,4,1,5,2,3,0,8,7,6,
13,6,4,1,5,2,3,0,8,7,6,
14,8,6,3,7,4,4,0,9,9,7,
13,6,4,1,5,2,3,0,8,7,6,
15,6,4,1,5,2,3,0,10,7,6,
13,7,4,1,5,2,3,0,8,7,6,
13,7,4,1,5,2,3,0,8,7,6,
13,7,4,1,5,2,3,0,8,7,6,
13,7,4,1,5,2,3,0,8,8,6,
13,7,4,1,5,3,3,0,8,7,6,
13,7,4,1,5,2,3,0,8,8,6,
13,7,5,1,5,2,3,0,8,8,6,
15,7,4,1,5,2,3,0,8,8,6,
13,7,5,1,5,2,3,0,8,8,6,
13,7,5,1,5,3,3,0,8,8,6,
13,7,5,1,5,3,3,0,8,8,6,
13,7,5,1,5,3,3,0,8,8,6,
13,7,5,2,5,3,3,0,8,8,6,
13,6,4,1,4,2,2,0,7,7,5,
13,6,4,1,4,2,2,0,7,7,5,
13,6,4,1,4,2,2,0,7,7,5,
13,6,4,1,5,2,2,0,7,7,5,
13,6,4,1,4,2,2,0,7,7,5,
13,6,4,1,5,2,2,0,7,7,5,
15,6,4,1,5,2,2,0,7,7,6,
13,6,4,1,5,2,2,0,7,7,6,
16,6,4,1,5,2,2,0,7,7,6,
13,6,4,1,5,2,2,0,7,7,5,
13,6,4,1,5,2,2,0,8,7,6,
14,8,4,1,5,2,2,0,8,8,8,
14,6,4,1,5,2,2,0,8,7,6,
13,6,4,1,5,2,2,0,8,7,6,
13,6,4,1,5,2,2,0,8,7,6,
13,6,4,1,5,2,3,0,8,7,6,
14,6,4,1,5,2,3,0,8,7,6,
14,6,4,1,5,2,3,0,8,7,6,
14,6,4,1,5,2,3,0,8,7,6,
14,6,4,1,5,2,3,0,8,7,6,
16,9,7,1,8,2,3,0,10,10,8,
14,6,4,1,5,2,3,0,8,7,6,
14,6,4,1,5,2,3,0,8,7,6,
14,6,4,1,5,2,3,0,8,7,6,
13,6,4,1,5,2,3,0,8,7,6,
13,6,4,1,5,2,3,0,8,7,6,
13,6,4,1,5,2,3,0,8,7,6,
13,6,4,1,5,2,3,0,8,7,6,
13,6,4,1,5,2,3,0,8,7,6,
13,7,4,1,5,2,3,0,8,7,6,
13,7,4,1,5,2,3,0,8,8,6,
13,7,4,1,5,2,3,0,8,7,6,
14,8,4,1,7,2,3,0,10,9,8,
13,7,4,1,5,2,3,0,8,8,6,
13,7,4,1,5,2,3,0,8,8,6,
13,7,5,1,5,3,3,0,8,8,6,
13,7,5,1,5,3,3,0,8,8,6,
13,7,5,1,5,3,3,0,8,8,6,
13,7,5,1,5,3,3,0,8,8,6,
13,7,5,1,5,3,3,0,8,8,6,
13,7,5,2,5,3,3,0,8,8,6,
16,7,5,1,5,3,3,0,8,8,6,
13,7,5,1,5,3,3,0,8,8,6,
13,7,5,1,5,3,3,0,8,8,6,
13,7,5,2,6,3,3,0,9,8,7,
14,6,4,1,5,2,3,0,8,7,6,
13,7,5,2,5,3,3,0,8,8,6,
13,7,5,2,5,3,3,0,8,8,6,
15,7,7,1,7,2,2,0,7,7,7,
13,6,4,1,4,2,2,0,7,7,5,
14,6,4,1,4,2,2,0,7,7,5,
13,7,4,1,5,2,2,0,7,7,7,
13,6,4,1,5,2,2,0,7,7,5,
13,6,4,1,5,2,2,0,7,7,5,
13,6,4,1,5,2,2,0,7,7,6,
13,6,4,1,5,2,2,0,7,7,6,
13,6,4,1,5,2,2,0,8,7,6,
16,9,4,1,8,2,2,0,10,10,8,
13,6,4,1,5,2,2,0,8,7,6,
14,7,5,1,6,3,3,0,8,8,6,
14,7,4,1,5,2,3,0,8,7,6,
14,6,4,1,5,2,3,0,8,7,6,
14,6,4,1,5,2,3,0,8,7,6,
14,6,4,1,5,2,3,0,8,7,6,
14,6,4,1,5,2,3,0,8,7,6,
14,6,4,1,5,2,3,0,8,7,6,
16,6,4,1,5,2,2,0,7,7,5,
13,6,4,1,5,2,3,0,8,7,6,
13,6,4,1,5,2,3,0,8,7,6,
13,6,4,1,5,2,3,0,8,7,6,
13,6,4,1,5,2,3,0,8,7,6,
13,6,4,1,5,2,3,0,8,7,6,
16,7,4,1,5,2,3,0,11,7,6,
13,4,2,0,2,0,0,0,5,5,3,
13,7,4,1,5,3,3,0,8,7,6,
13,7,4,1,5,2,3,0,8,7,6,
13,7,4,1,5,2,3,0,8,8,6,
13,7,4,1,5,2,3,0,8,8,6,
13,7,4,1,5,2,3,0,8,7,6,
13,7,4,1,5,2,3,0,8,8,6,
13,7,5,1,5,2,3,0,8,8,6,
13,7,5,1,5,2,3,0,8,8,6,
16,7,5,1,5,3,3,0,8,8,6,
13,7,5,1,5,3,3,0,8,8,6,
13,7,5,1,5,3,3,0,8,8,6,
14,9,5,1,5,3,3,0,9,9,6,
13,7,5,1,5,3,3,0,8,8,6,
14,7,5,1,5,3,3,0,8,8,6,
13,7,5,1,5,3,3,0,8,8,6,
13,7,5,2,5,3,3,0,8,8,6,
13,7,5,2,5,3,3,0,8,8,6,
14,6,4,1,5,2,2,0,8,7,6,
13,6,4,1,4,2,2,0,7,7,5,
13,7,5,2,5,3,3,0,8,8,6,
13,6,4,1,4,2,2,0,7,7,5,
13,6,4,1,5,2,2,0,7,7,5,
13,6,4,1,4,2,2,0,7,7,5,
13,6,4,1,5,2,2,0,7,7,5,
16,9,7,1,7,5,5,0,10,10,8,
14,6,4,1,5,2,3,0,8,7,6,
14,7,4,1,5,2,3,0,8,8,6,
14,6,4,1,5,2,3,0,8,7,6,
14,6,4,1,5,2,3,0,8,7,6,
16,7,5,1,5,2,3,0,8,8,6,
14,6,4,1,5,2,3,0,8,7,6,
14,6,4,1,5,2,3,0,8,7,6,
14,6,4,1,5,2,3,0,8,7,6,
13,6,4,1,5,2,3,0,8,7,6,
16,9,7,1,8,2,5,0,11,10,9,
16,6,4,1,5,2,3,0,10,7,6,
14,5,3,0,4,1,2,0,7,6,5,
14,6,4,1,5,2,3,0,8,7,6,
14,6,4,1,5,2,3,0,8,7,6,
13,6,4,1,5,2,3,0,8,7,6,
13,6,4,1,5,2,3,0,8,7,6,
13,6,4,1,5,2,3,0,8,7,6,
13,6,4,1,5,2,3,0,8,7,6,
16,6,4,1,5,2,3,0,8,7,6,
13,6,4,1,5,2,3,0,8,7,6,
15,6,4,1,5,2,2,0,7,7,6,
13,7,4,1,5,2,3,0,8,8,6,
13,7,4,1,5,2,3,0,8,8,6,
13,7,7,1,7,2,3,0,8,8,7,
13,7,4,1,5,2,3,0,8,8,6,
13,7,4,1,5,2,3,0,8,8,6,
16,9,5,1,5,3,3,0,11,10,6,
13,7,5,1,5,3,3,0,8,8,6,
13,7,5,1,5,3,3,0,8,8,6,
13,7,5,1,5,2,3,0,8,8,6,
13,7,5,1,5,3,3,0,8,8,6,
14,6,4,1,5,2,3,0,8,7,6,
13,7,5,1,5,3,3,0,8,8,6,
13,7,5,2,5,3,3,0,8,8,6,
13,7,5,1,5,3,3,0,8,8,6,
13,7,5,1,5,3,3,0,8,8,6,
13,6,4,1,5,2,2,0,7,7,6,
13,6,4,1,5,2,2,0,7,7,5,
13,6,4,1,4,2,2,0,7,7,5,
15,6,4,1,5,2,3,0,8,7,6,
15,8,6,3,6,4,4,0,9,9,7,
13,6,4,1,5,2,2,0,7,7,5,
13,6,4,1,5,2,3,0,7,7,6,
16,6,4,1,5,2,2,0,7,7,6,
13,6,4,1,5,2,2,0,7,7,6,
15,7,5,2,5,3,3,0,8,8,6,
13,6,4,1,5,2,3,0,8,7,6,
14,6,4,1,5,2,3,0,8,7,6,
14,6,6,1,6,2,3,0,8,7,6,
13,6,4,1,5,2,2,0,7,7,6,
13,6,4,1,5,2,3,0,8,7,6,
16,9,4,1,5,2,3,0,10,10,6,
13,6,4,1,5,2,3,0,8,7,6,
14,6,4,1,5,2,3,0,8,7,6,
15,6,4,1,5,2,3,0,8,7,6,
14,6,4,1,5,2,3,0,8,7,6,
14,7,5,1,5,2,3,0,8,8,6,
17,10,6,1,8,2,3,0,11,10,9,
13,7,4,1,5,2,3,0,8,7,6,
13,6,4,1,5,2,3,0,8,7,6,
