25,0,2,2,3,0,2,2,3,0,3,
4,0,1,0,0,0,1,0,0,0,1,
4,0,1,1,1,0,1,1,1,0,1,
3,0,1,0,1,0,1,0,1,0,1,
3,0,1,0,0,0,1,0,1,0,1,
3,0,0,0,0,0,0,0,0,0,0,
3,0,0,0,0,0,0,0,0,0,0,
2,0,0,0,0,0,0,0,0,0,0,
3,0,0,0,0,0,0,0,0,0,0,
3,0,1,0,0,0,1,0,0,0,1,
3,0,1,0,0,0,1,0,0,0,1,
4,1,1,0,1,0,0,0,1,0,0,
3,0,0,0,1,0,0,0,1,0,1,
3,0,0,0,0,0,0,0,0,0,0,
3,0,0,0,0,0,0,0,0,0,0,
6,0,1,0,0,0,1,0,0,0,1,
3,0,1,0,0,0,1,0,0,0,1,
3,0,1,0,1,0,1,0,1,0,1,
3,0,1,0,1,1,1,0,1,0,1,
3,0,1,0,1,0,1,0,1,0,1,
3,0,1,1,1,1,1,1,1,0,1,
3,0,1,1,1,1,1,1,1,0,1,
3,0,1,1,1,0,1,1,1,0,1,
3,0,1,1,1,0,1,1,1,0,1,
4,0,1,1,1,0,1,1,1,0,1,
3,0,1,1,1,0,1,1,1,0,1,
3,0,0,0,0,0,0,0,0,0,0,
3,0,1,1,1,1,1,1,1,0,1,
3,0,0,0,0,0,0,0,0,0,0,
3,0,1,1,1,1,1,1,1,0,1,
6,0,0,0,0,0,0,0,0,0,3,
3,0,0,0,0,0,0,0,0,0,0,
6,0,0,0,1,0,0,0,1,0,0,
3,0,0,0,0,0,0,0,0,0,0,
3,0,0,0,0,0,0,0,0,0,0,
3,0,0,0,0,0,0,0,0,0,0,
2,0,0,0,0,0,0,0,0,0,0,
3,0,0,0,1,0,0,0,1,0,0,
3,0,1,0,1,0,1,0,1,0,1,
3,0,1,0,0,0,1,0,0,0,1,
4,0,2,1,1,0,2,1,1,0,2,
3,0,1,0,1,0,1,0,1,0,1,
3,0,1,0,1,0,1,0,1,0,1,
4,0,1,1,1,0,1,1,2,0,1,
3,0,1,1,1,0,1,1,1,0,1,
3,0,1,0,1,0,1,0,1,0,1,
3,0,1,0,1,0,1,0,1,0,1,
3,0,1,0,1,0,1,0,1,0,1,
3,0,1,1,1,1,1,1,1,0,1,
3,0,1,0,1,0,1,0,1,0,1,
3,0,1,1,1,0,1,1,1,0,1,
3,0,0,0,0,0,0,0,0,0,0,
3,0,1,1,1,0,1,1,1,0,1,
3,0,1,1,1,0,1,1,1,0,1,
3,0,1,1,1,1,1,1,1,0,1,
3,0,1,1,1,1,1,1,1,0,1,
3,0,1,1,1,1,1,1,1,0,1,
3,1,1,1,1,1,1,1,1,0,1,
3,0,0,0,0,0,0,0,0,0,0,
3,0,0,0,0,0,0,0,0,0,0,
3,0,0,0,0,0,0,0,0,0,0,
3,0,0,0,0,0,0,0,0,0,0,
2,0,0,0,0,0,0,0,0,0,0,
3,0,1,0,1,0,1,0,1,0,1,
2,0,0,0,0,0,0,0,0,0,0,
12,0,1,0,0,1,1,0,2,0,1,
3,0,1,0,1,0,1,0,1,0,1,
3,0,1,0,0,0,0,0,0,0,1,
3,0,1,0,0,0,1,0,1,0,1,
3,0,1,0,1,0,1,0,1,0,1,
3,0,1,0,1,0,1,0,1,0,1,
3,0,1,0,1,0,1,0,1,0,1,
3,0,1,0,1,0,1,0,1,0,1,
4,0,1,0,1,0,1,0,1,0,2,
3,0,1,0,1,0,1,0,1,0,1,
6,0,1,1,1,1,1,1,1,0,1,
4,0,0,0,0,0,0,0,0,0,0,
3,0,1,1,1,1,1,1,1,0,1,
3,0,1,1,1,1,1,1,1,0,1,
4,1,1,1,1,1,1,1,1,0,1,
3,0,1,1,1,1,1,1,1,0,1,
3,0,1,1,1,1,1,1,1,0,1,
3,0,0,0,0,0,0,0,0,0,0,
4,0,1,0,1,0,1,0,1,0,1,
3,0,0,0,0,0,0,0,0,0,0,
3,0,0,0,0,0,0,0,0,0,0,
2,0,0,0,0,0,0,0,0,0,0,
2,0,0,0,0,0,0,0,0,0,0,
2,0,0,0,0,0,0,0,0,0,0,
2,0,0,0,0,0,0,0,0,0,0,
3,0,0,0,0,0,0,0,0,0,1,
3,0,1,0,0,0,0,0,0,0,1,
3,0,1,0,0,0,1,0,0,0,1,
3,0,1,0,0,0,0,0,0,0,1,
3,0,1,0,0,0,1,0,1,0,1,
3,0,1,0,1,0,1,0,1,0,1,
4,0,1,0,1,0,1,0,1,0,1,
3,0,1,0,1,0,1,0,1,0,1,
3,0,1,0,1,0,1,0,1,0,1,
3,0,1,0,1,0,1,0,1,0,1,
3,0,1,1,1,1,1,1,1,0,1,
3,0,1,1,1,0,1,1,1,0,1,
6,0,1,1,1,0,1,1,1,0,1,
3,0,1,1,1,0,1,1,1,0,1,
3,0,1,1,1,1,1,1,1,0,1,
3,1,1,1,1,1,1,1,1,0,1,
3,0,0,0,0,0,0,0,0,0,0,
3,0,0,0,0,0,0,0,0,0,0,
3,0,0,0,0,0,0,0,0,0,0,
4,0,2,0,0,0,2,0,0,0,2,
2,0,0,0,0,0,0,0,0,0,0,
5,0,3,3,3,0,3,3,3,0,3,
3,0,0,0,0,0,1,0,0,0,1,
3,0,1,0,0,0,0,0,0,0,1,
3,0,1,0,0,0,1,0,0,0,1,
3,0,1,0,0,0,1,0,1,0,1,
5,0,1,0,1,0,1,1,1,0,1,
3,0,1,0,1,0,1,0,1,0,1,
3,0,1,0,1,0,1,0,1,0,1,
3,0,1,0,1,1,1,0,1,0,1,
3,0,1,1,1,1,1,1,1,0,1,
3,0,1,1,1,0,1,1,1,0,1,
3,0,1,1,1,0,1,1,1,0,1,
3,0,1,1,1,1,1,1,1,0,1,
3,0,1,1,1,1,1,1,1,0,1,
3,0,1,1,1,1,1,1,1,0,1,
3,0,0,0,0,0,0,0,0,0,0,
3,0,0,0,0,0,0,0,0,0,0,
3,0,0,0,0,0,0,0,0,0,0,
2,0,0,0,0,0,0,0,0,0,0,
2,0,0,0,0,0,0,0,0,0,0,
2,0,0,0,0,0,0,0,0,0,0,
2,0,0,0,0,0,0,0,0,0,0,
2,0,0,0,0,0,0,0,0,0,0,
3,0,0,0,0,0,0,0,0,0,1,
36,0,1,33,0,0,0,33,0,0,1,
5,0,3,1,1,0,3,1,1,0,3,
4,0,1,0,0,0,1,0,1,0,1,
3,0,1,0,1,0,1,0,1,0,1,
4,0,0,0,0,0,0,0,0,0,0,
3,0,1,0,1,0,1,0,1,0,1,
4,0,1,0,0,0,1,0,0,0,1,
3,0,1,1,1,1,1,1,1,0,1,
3,0,1,1,1,1,1,1,1,0,1,
3,0,1,1,1,1,1,1,1,0,1,
3,0,1,1,1,1,1,1,1,0,1,
3,0,0,0,0,0,0,0,0,0,0,
3,0,0,0,0,0,0,0,0,0,0,
3,0,0,0,0,0,0,0,0,0,0,
2,0,0,0,0,0,0,0,0,0,0,
2,0,0,0,0,0,0,0,0,0,0,
2,0,0,0,0,0,0,0,0,0,0,
3,0,0,0,0,0,0,0,0,0,1,
2,0,0,0,0,0,0,0,0,0,1,
4,0,1,0,0,0,0,0,0,0,1,
3,0,1,0,1,0,1,0,1,0,1,
3,0,1,0,1,0,1,0,1,0,1,
3,0,1,0,1,0,1,0,1,0,1,
3,1,1,1,1,1,1,0,1,0,1,
3,0,1,0,1,0,1,0,1,0,1,
5,1,1,1,1,1,1,1,1,0,1,
3,0,1,0,1,1,1,0,1,0,1,
3,0,0,0,0,0,0,0,0,0,0,
3,0,1,1,1,1,1,1,1,0,1,
3,0,1,1,1,1,1,1,1,0,1,
3,0,1,1,1,1,1,1,1,0,1,
3,0,0,0,0,0,0,0,0,0,0,
5,0,2,0,0,0,2,0,0,0,2,
3,0,0,0,0,1,0,0,0,0,0,
5,0,0,0,0,0,0,0,0,0,0,
2,0,0,0,0,0,0,0,0,0,0,
2,0,0,0,0,0,0,0,0,0,0,
2,0,0,0,0,0,0,0,0,0,0,
3,0,1,0,0,0,0,0,0,0,1,
3,0,0,0,0,0,0,0,0,0,1,
3,0,1,0,0,0,1,0,0,0,1,
3,0,1,0,0,0,1,0,1,0,1,
3,0,1,0,0,0,1,0,1,0,1,
3,0,1,0,1,0,1,0,1,0,1,
3,0,1,0,1,0,1,0,1,0,1,
3,0,1,1,1,0,1,1,1,0,1,
3,0,1,1,1,1,1,1,1,0,1,
3,0,1,1,1,1,1,1,1,0,1,
3,0,1,1,1,1,1,1,1,0,1,
3,0,1,1,1,1,1,1,1,0,1,
3,0,1,1,1,1,1,1,1,0,1,
3,0,0,0,0,0,0,0,0,0,0,
3,0,0,0,0,0,0,0,0,0,0,
2,0,0,0,0,0,0,0,0,0,0,
2,0,0,0,0,0,0,0,0,0,0,
2,0,0,0,0,0,0,0,0,0,0,
3,0,1,0,0,0,1,0,0,0,1,
2,0,0,0,0,0,0,0,0,0,0,
3,0,0,0,0,0,0,0,0,0,1,
3,0,1,0,0,0,0,0,0,0,1,
5,0,1,1,1,0,1,1,1,0,1,
3,0,1,0,0,0,1,0,0,0,1,
3,0,1,0,0,0,1,0,1,0,1,
3,0,1,0,1,0,1,0,1,0,1,
3,0,1,0,1,0,1,0,1,0,1,
3,0,1,0,1,0,1,0,1,0,1,
3,0,1,0,1,0,1,0,1,0,1,
3,1,1,0,1,1,1,1,1,0,1,
3,0,1,1,1,1,1,1,1,0,1,
3,0,1,1,1,1,1,1,1,0,1,
3,0,1,1,1,1,1,1,1,0,1,
3,0,0,0,0,0,0,0,0,0,0,
3,0,0,0,0,0,0,0,0,0,0,
2,0,0,0,0,0,0,0,0,0,0,
26,0,0,0,0,0,0,0,0,0,0,
3,0,1,0,1,0,1,0,1,0,1,
2,0,0,0,0,0,0,0,0,0,0,
4,0,0,0,0,0,0,0,0,0,0,
2,0,0,0,0,0,0,0,0,0,0,
2,0,0,0,0,0,0,0,0,0,1,
3,0,0,0,0,0,0,0,0,0,1,
6,0,1,0,0,0,1,0,1,0,1,
3,0,1,1,1,0,1,1,1,0,1,
5,0,1,0,1,0,1,3,1,0,1,
3,0,1,0,1,0,1,0,1,0,1,
3,0,1,1,1,1,1,1,1,0,1,
3,0,1,0,1,0,1,0,1,0,1,
3,0,1,1,1,0,1,0,1,0,1,
3,0,1,1,1,0,1,1,1,0,1,
3,1,1,1,1,1,1,1,1,0,1,
5,1,3,1,1,1,3,1,1,0,3,
3,1,1,1,1,1,1,1,1,0,1,
6,3,3,3,3,3,3,3,3,0,3,
2,0,0,0,0,0,0,0,0,0,0,
4,0,0,0,0,0,0,0,0,0,0,
2,0,0,0,0,0,0,0,0,0,0,
2,0,0,0,0,0,0,0,0,0,0,
3,0,0,0,0,0,0,0,0,0,0,
3,0,0,0,0,0,0,0,1,0,1,
3,0,1,0,0,0,0,0,0,0,1,
3,0,1,0,1,0,1,0,1,0,1,
4,0,2,0,1,1,2,0,1,0,2,
3,0,1,0,1,0,1,0,1,0,1,
3,0,1,1,1,0,1,1,1,0,1,
3,0,1,0,1,0,1,0,1,0,1,
3,0,1,0,1,0,1,0,1,0,1,
3,0,1,0,1,0,1,0,1,0,1,
3,1,1,1,1,1,1,1,1,0,1,
3,0,1,1,1,0,1,1,1,0,1,
3,1,1,1,1,1,1,1,1,0,1,
3,1,1,1,1,0,1,1,1,0,1,
3,1,1,1,1,1,1,1,1,0,1,
2,0,0,0,0,0,0,0,0,0,0,
2,0,0,0,0,0,0,0,0,0,0,
2,0,0,0,0,0,0,0,0,0,0,
2,0,0,0,0,0,0,0,0,0,0,
2,0,0,0,0,0,0,0,0,0,0,
2,0,0,0,0,0,0,0,0,0,0,
3,0,1,0,0,0,1,0,1,0,1,
5,0,1,1,1,0,1,1,1,0,1,
3,0,1,0,1,0,1,0,1,0,1,
3,0,1,0,1,0,1,0,1,0,1,
3,0,1,0,0,0,1,0,1,0,1,
3,0,1,0,1,0,1,0,1,0,1,
3,0,1,0,1,0,1,0,1,0,1,
3,0,1,0,1,0,1,1,1,0,1,
3,0,1,0,1,0,1,0,1,0,1,
3,1,1,1,1,0,1,1,1,0,1,
3,1,1,1,1,1,1,1,1,0,1,
3,1,1,1,1,1,1,1,1,0,1,
3,0,1,1,1,0,1,1,1,0,1,
3,1,1,1,1,1,1,1,1,0,1,
2,0,0,0,0,0,0,0,0,0,0,
2,0,0,0,0,0,0,0,0,0,0,
2,0,0,0,0,0,0,0,0,0,0,
2,0,0,0,0,0,0,0,0,0,0,
2,0,0,0,0,0,0,0,0,0,0,
2,0,0,0,0,0,0,0,0,0,0,
3,0,0,0,1,0,0,0,1,0,0,
5,0,0,0,0,0,0,0,0,0,0,
2,0,1,0,0,0,0,0,1,0,1,
5,1,1,1,1,1,1,1,1,0,1,
3,0,1,0,0,0,1,0,1,0,1,
3,0,1,0,1,0,1,0,1,0,1,
3,0,1,0,1,0,1,0,1,0,1,
3,1,1,1,1,1,1,0,1,1,1,
3,1,1,1,1,1,1,1,1,0,1,
3,1,1,1,1,1,1,1,1,0,1,
3,1,1,1,1,1,1,1,1,0,1,
3,0,0,0,0,0,0,0,0,0,0,
4,0,0,0,0,0,0,0,0,0,0,
2,0,0,0,0,0,0,0,0,0,0,
2,0,0,0,0,0,0,0,0,0,0,
2,0,0,0,0,0,0,0,0,0,0,
4,0,1,0,0,0,1,0,1,0,1,
2,0,0,0,0,0,0,0,0,0,0,
6,0,0,0,0,0,0,0,0,0,0,
2,0,0,0,0,0,0,0,0,0,1,
2,0,1,0,0,0,0,0,0,0,0,
3,0,1,0,0,0,0,0,0,0,1,
3,0,1,0,0,0,1,0,1,0,1,
3,0,1,0,0,0,1,0,1,0,1,
5,0,0,0,1,0,0,0,1,0,0,
3,0,1,0,1,0,1,0,1,0,1,
3,0,1,1,1,0,1,0,1,0,1,
3,0,1,1,1,1,1,1,1,0,1,
3,0,1,1,1,1,1,0,1,0,1,
3,0,1,1,1,1,1,1,1,0,1,
3,0,1,1,1,0,1,1,1,0,1,
3,0,1,1,1,1,1,1,1,0,1,
3,0,1,1,1,0,1,1,1,0,1,
3,0,1,1,1,1,1,1,1,0,1,
3,1,1,1,1,1,1,1,1,0,1,
3,0,0,0,0,0,0,0,0,0,0,
2,0,0,0,0,0,0,0,0,0,0,
2,0,0,0,0,0,0,0,0,0,0,
3,0,0,0,0,0,0,0,0,0,0,
2,0,0,0,0,0,0,0,0,0,0,
2,0,0,0,0,0,0,0,0,0,0,
2,0,0,0,0,0,0,0,0,0,0,
2,0,1,0,0,0,0,0,0,0,1,
2,0,1,0,0,0,0,0,0,0,1,
3,0,1,0,0,0,1,0,1,0,1,
3,0,1,0,1,0,1,0,1,0,1,
3,0,1,0,0,0,1,0,1,0,1,
3,0,1,0,0,0,1,0,1,0,1,
3,0,1,0,1,0,1,0,1,0,1,
3,0,1,0,1,0,1,0,1,0,1,
3,0,1,0,1,0,1,0,1,0,1,
3,0,1,1,1,0,1,1,1,0,1,
3,0,1,1,1,0,1,1,1,0,1,
3,1,1,1,1,1,1,1,1,0,1,
3,0,1,1,1,0,1,1,1,0,1,
4,1,1,1,1,1,1,1,1,0,1,
3,0,0,0,0,0,0,0,0,0,0,
2,0,0,0,0,0,0,0,0,0,0,
2,0,0,0,0,0,0,0,0,0,0,
2,0,0,0,0,0,0,0,0,0,0,
3,1,1,1,1,1,1,1,1,0,1,
5,0,0,3,0,0,0,3,0,0,0,
2,0,0,0,0,0,0,0,0,0,0,
3,0,1,0,0,0,0,0,0,0,1,
2,0,1,0,0,0,0,0,0,0,1,
3,0,1,0,0,0,1,0,1,0,1,
3,0,1,1,1,0,1,1,1,0,1,
3,0,1,0,1,0,1,0,1,0,1,
4,0,2,0,1,0,2,0,1,0,2,
3,0,1,0,1,0,1,0,1,0,1,
5,3,3,3,3,3,3,3,4,0,3,
3,0,1,1,1,0,1,1,1,0,1,
3,0,1,1,1,0,1,1,1,0,1,
3,0,1,1,1,0,1,1,1,0,1,
3,0,1,1,1,0,1,1,1,0,1,
3,1,1,1,1,1,1,1,1,0,1,
3,0,0,0,0,0,0,0,0,0,0,
2,0,0,0,0,0,0,0,0,0,0,
2,0,0,0,0,0,0,0,0,0,0,
2,0,0,0,0,0,0,0,0,0,0,
2,0,0,0,0,0,0,0,0,0,0,
2,0,1,0,0,0,0,0,0,0,1,
2,0,0,0,0,0,0,0,0,0,0,
2,0,0,0,0,0,0,0,0,0,0,
3,0,1,0,0,0,1,0,1,0,1,
3,0,1,0,0,0,1,0,1,0,1,
3,0,1,0,0,0,1,0,1,0,1,
3,0,1,0,1,0,1,0,1,0,1,
3,0,1,0,1,0,1,0,1,0,1,
3,0,1,0,1,0,1,0,1,0,1,
3,0,1,1,1,1,1,0,1,0,1,
3,0,1,1,1,1,1,1,1,0,1,
3,0,1,1,1,0,1,1,1,0,1,
4,0,1,0,1,0,1,0,1,0,1,
4,0,0,0,0,0,0,0,0,0,0,
3,0,1,1,1,1,1,1,1,0,1,
4,0,0,0,0,0,0,0,0,0,0,
2,0,0,0,0,0,0,0,0,0,0,
2,0,0,0,0,0,0,0,0,0,0,
2,0,0,0,0,0,0,0,0,0,0,
2,0,0,0,0,0,0,0,0,0,0,
2,0,0,0,0,0,0,0,0,0,0,
3,0,1,0,0,0,1,0,1,0,1,
3,0,1,1,1,0,1,1,1,0,1,
3,0,1,0,0,0,1,0,1,0,1,
3,0,1,0,0,0,1,0,1,0,1,
3,0,1,0,0,0,1,0,1,0,1,
3,0,1,0,1,0,1,0,1,0,1,
3,0,1,0,1,0,1,0,1,0,1,
4,0,1,1,1,0,1,1,1,0,1,
5,0,1,0,0,0,1,0,0,0,1,
3,0,1,1,1,0,1,1,1,0,1,
3,0,0,0,0,0,0,0,0,0,0,
3,0,0,0,0,0,0,0,0,0,0,
3,0,0,0,0,0,0,0,0,0,0,
3,0,0,0,0,0,0,0,0,0,0,
3,0,0,0,0,0,0,0,0,0,0,
2,0,0,0,0,0,0,0,0,0,0,
3,0,1,0,0,0,1,0,1,0,1,
2,0,0,0,0,0,0,0,0,0,0,
2,0,0,0,0,0,0,0,0,0,0,
2,0,0,0,0,0,0,0,0,0,0,
5,0,0,0,0,0,0,0,0,0,1,
3,0,0,0,0,0,0,0,1,0,1,
5,0,3,3,3,0,3,3,3,0,3,
3,0,1,0,0,0,1,0,1,0,1,
3,0,1,0,0,0,1,0,1,0,1,
3,0,1,0,1,0,1,0,1,0,1,
3,0,1,0,1,0,1,0,1,0,1,
3,0,1,0,1,0,1,0,1,0,1,
3,0,1,1,1,0,1,0,1,0,1,
4,0,2,1,1,1,2,1,1,0,2,
3,0,1,1,1,0,1,1,1,0,1,
5,0,0,0,1,0,0,0,1,0,0,
3,0,1,1,1,1,1,1,1,0,1,
3,0,0,0,0,0,0,0,0,0,0,
2,0,0,0,0,0,0,0,0,0,0,
3,0,1,1,1,1,1,1,1,0,1,
2,0,0,0,0,0,0,0,0,0,0,
5,0,0,0,0,0,0,0,1,0,1,
2,0,0,0,0,0,0,0,0,0,0,
2,0,0,0,0,0,0,0,0,0,0,
3,0,1,0,0,0,0,0,0,0,1,
2,0,1,0,0,0,0,0,0,0,1,
3,0,1,0,0,0,1,0,0,0,1,
3,0,1,0,0,0,1,0,1,0,1,
3,0,1,0,0,0,1,0,1,0,1,
3,0,1,0,1,0,1,0,1,0,1,
3,0,1,0,1,0,1,0,1,0,1,
3,0,1,1,1,1,1,1,1,0,1,
3,0,1,1,1,1,1,1,1,0,1,
3,0,1,1,1,1,1,1,1,0,1,
3,0,1,1,1,0,1,1,1,0,1,
3,0,1,1,1,1,1,1,1,0,1,
3,0,0,0,0,0,0,0,0,0,0,
3,0,0,0,0,0,0,0,0,0,0,
2,0,0,0,0,0,0,0,0,0,0,
3,0,1,0,0,0,0,0,0,0,1,
2,0,0,0,0,0,0,0,0,0,0,
3,0,1,1,1,1,1,1,1,0,1,
3,0,1,0,0,0,1,0,1,0,1,
2,0,1,0,0,0,0,0,0,0,1,
3,0,1,0,0,0,1,0,0,0,1,
3,0,1,0,0,0,1,0,0,0,1,
3,0,1,0,0,0,1,0,0,0,1,
3,0,1,0,0,0,1,0,0,0,1,
3,0,1,0,0,0,1,0,0,0,1,
3,0,1,0,0,0,1,0,1,0,1,
3,0,1,0,1,0,1,0,1,0,1,
3,0,1,0,1,0,1,0,1,0,1,
3,0,1,0,1,0,1,0,1,0,1,
3,0,1,0,1,0,1,0,1,0,1,
3,0,1,1,1,1,1,1,1,0,1,
3,0,1,1,1,0,1,1,1,0,1,
3,0,1,1,1,0,1,1,1,0,1,
3,0,1,1,1,1,1,1,1,0,1,
3,0,0,0,0,0,0,0,0,0,0,
3,0,1,1,1,1,1,1,1,0,1,
4,0,1,1,1,1,1,1,1,0,1,
3,0,0,0,0,0,0,0,0,0,0,
4,0,0,0,0,0,0,0,0,0,0,
2,0,0,0,0,0,0,0,0,0,0,
5,0,1,1,1,0,1,1,1,0,1,
26,0,0,0,0,0,0,0,0,0,24,
3,0,1,0,0,0,1,0,0,0,1,
2,0,0,0,0,0,0,0,0,0,0,
2,0,0,0,0,0,0,0,0,0,0,
2,0,1,0,0,0,1,0,0,0,1,
3,0,1,0,0,0,1,0,1,0,1,
3,0,1,0,0,0,1,0,1,0,1,
3,0,1,0,0,0,1,0,1,0,1,
4,0,0,0,0,0,0,0,0,0,0,
3,0,1,0,1,0,1,0,1,0,1,
3,0,1,1,1,1,1,1,1,0,1,
3,0,1,1,1,1,1,1,1,0,1,
4,0,1,0,0,0,1,0,1,0,1,
3,0,1,1,1,0,1,1,1,0,1,
6,0,1,1,1,1,1,1,1,0,1,
5,0,3,1,1,0,3,1,1,0,3,
3,0,1,1,1,1,1,1,1,0,1,
2,0,0,0,0,0,0,0,0,0,0,
2,0,0,0,0,0,0,0,0,0,0,
2,0,0,0,0,0,0,0,0,0,0,
2,0,0,0,0,0,0,0,0,0,0,
2,0,0,0,0,0,0,0,0,0,0,
2,0,0,0,0,0,0,0,0,0,0,
2,0,0,0,0,0,0,0,0,0,0,
2,0,0,0,0,0,0,0,0,0,0,
2,0,0,0,0,0,0,0,0,0,0,
2,0,1,0,0,0,0,0,0,0,0,
2,0,1,0,0,0,1,0,0,0,1,
3,0,1,0,0,0,1,0,0,0,1,
3,0,1,0,0,0,1,0,0,0,1,
3,0,1,0,0,0,1,0,0,0,1,
3,0,1,0,0,0,1,0,1,0,1,
3,0,1,0,1,0,1,0,1,0,1,
3,0,1,0,1,0,1,0,1,0,1,
3,0,1,1,1,1,1,1,1,0,1,
3,0,1,1,1,0,1,1,1,0,1,
3,0,1,1,1,0,1,1,1,0,1,
4,0,1,1,1,0,2,1,1,0,1,
3,0,0,0,0,0,0,0,0,0,0,
3,0,1,1,1,0,1,1,1,0,1,
3,0,1,1,1,1,1,1,1,0,1,
3,0,1,1,1,1,1,1,1,0,1,
3,0,0,0,0,0,0,0,0,0,0,
2,0,0,0,0,0,0,0,0,0,0,
2,0,0,0,0,0,0,0,0,0,0,
2,0,0,0,0,0,0,0,0,0,0,
2,0,0,0,0,0,0,0,0,0,0,
2,0,0,0,0,0,0,0,0,0,0,
3,0,1,0,0,1,1,0,0,0,1,
3,0,1,0,0,1,1,0,0,0,1,
2,0,1,0,0,0,1,0,0,0,1,
2,0,0,0,0,0,0,0,0,0,0,
3,0,1,0,0,0,1,0,0,0,1,
3,0,1,0,0,0,1,0,0,0,1,
21,1,1,1,1,19,1,1,1,0,1,
5,0,0,0,0,0,0,0,0,0,0,
3,0,1,0,1,0,1,0,1,0,1,
5,0,1,0,1,0,1,0,1,0,1,
3,0,1,0,1,0,1,0,1,0,1,
3,0,1,1,1,0,1,1,1,0,1,
3,0,1,1,1,0,1,1,1,1,1,
3,0,1,1,1,1,1,1,1,0,1,
3,0,1,1,1,0,1,1,1,0,1,
3,0,1,1,1,0,1,1,1,0,1,
3,0,1,1,1,0,1,1,1,0,1,
3,1,1,1,1,1,1,1,1,0,1,
3,0,0,0,0,0,0,0,0,0,0,
3,0,0,0,0,0,0,0,0,0,0,
2,0,0,0,0,0,0,0,0,0,0,
3,0,1,0,1,0,1,0,1,0,1,
3,0,1,0,0,0,1,0,1,0,1,
2,0,0,0,0,0,0,0,0,0,0,
5,0,0,0,0,0,0,0,0,0,0,
2,0,0,0,0,0,0,0,0,0,1,
3,0,1,0,0,0,0,0,0,0,1,
3,0,1,0,0,0,1,0,0,0,1,
3,0,1,0,0,0,1,0,0,0,1,
3,0,1,0,0,0,1,0,0,0,1,
3,0,1,0,0,0,1,0,0,0,1,
3,0,1,0,0,0,1,0,0,0,1,
3,0,1,0,0,0,1,0,1,0,1,
3,0,1,0,1,0,1,0,1,0,1,
3,0,1,0,1,0,1,0,1,0,1,
3,0,1,0,1,0,1,0,1,0,1,
3,0,1,1,1,0,1,1,1,0,1,
6,0,4,0,1,0,4,1,1,0,4,
3,0,1,1,1,0,1,1,1,0,1,
3,0,1,1,1,0,1,1,1,0,1,
3,0,1,1,1,0,1,1,1,0,1,
3,0,1,1,1,1,1,1,1,0,1,
3,0,1,1,1,0,1,1,1,0,1,
3,1,1,1,1,1,1,1,1,0,1,
2,0,0,0,0,0,0,0,0,0,0,
2,0,0,0,0,0,0,0,0,0,0,
3,0,0,0,0,0,0,0,1,0,0,
2,0,0,0,0,0,0,0,0,0,0,
2,0,0,0,0,0,0,0,0,0,0,
2,0,0,0,0,0,0,0,0,0,0,
2,0,0,0,0,0,0,0,0,0,0,
2,0,0,0,0,0,0,0,0,0,0,
2,0,0,0,0,0,0,0,0,0,0,
2,0,0,0,0,0,0,0,0,0,1,
3,0,1,0,0,0,1,0,1,0,1,
3,0,1,0,0,0,1,0,0,0,1,
3,0,1,0,0,0,1,0,1,0,1,
3,0,1,0,1,0,1,0,1,0,1,
3,0,1,0,1,0,1,0,1,0,1,
3,0,1,1,1,0,1,1,1,0,1,
5,0,1,0,1,0,1,0,1,0,1,
3,0,1,0,1,0,1,0,1,0,1,
3,0,1,0,1,0,1,1,1,0,1,
3,0,1,1,1,0,1,1,1,0,1,
3,0,1,1,1,1,1,1,1,0,1,
4,0,1,1,1,0,1,1,1,0,1,
3,0,0,0,0,0,0,0,0,0,0,
5,0,0,0,0,0,0,0,0,0,0,
3,0,0,0,0,0,0,0,0,0,0,
2,0,0,0,0,0,0,0,0,0,0,
2,0,0,0,0,0,0,0,0,0,0,
2,0,0,0,0,0,0,0,0,0,0,
2,0,0,0,0,0,0,0,0,0,0,
2,0,0,0,0,0,0,0,0,0,0,
2,0,0,0,0,0,0,0,0,0,0,
2,0,0,0,0,0,0,0,0,0,0,
4,0,0,0,0,0,0,0,0,0,0,
3,0,1,0,0,0,1,0,0,0,1,
2,0,1,0,0,0,1,0,0,0,1,
3,0,1,0,0,0,1,0,0,0,1,
5,0,1,0,0,0,1,0,0,0,1,
3,0,1,0,0,0,1,0,0,0,1,
4,0,1,0,0,0,1,0,1,0,1,
3,0,1,0,1,0,1,0,1,0,1,
3,0,1,0,1,0,1,0,1,0,1,
3,0,1,0,1,0,1,0,1,0,1,
3,0,1,0,1,0,1,0,1,0,1,
3,0,1,0,1,0,1,0,1,0,1,
3,0,1,0,1,0,1,0,1,0,1,
3,0,1,1,1,0,1,1,1,0,1,
3,0,1,1,1,0,1,1,1,0,1,
3,0,1,1,1,0,1,1,1,0,1,
3,0,0,0,0,0,0,0,0,0,0,
3,0,0,0,0,0,0,0,0,0,0,
2,0,0,0,0,0,0,0,0,0,0,
2,0,0,0,0,0,0,0,0,0,0,
2,0,0,0,0,0,0,0,0,0,0,
2,0,0,0,0,0,0,0,0,0,0,
2,0,0,0,0,0,0,0,0,0,0,
2,0,1,0,0,0,0,0,0,0,0,
2,0,0,0,0,0,0,0,0,0,0,
2,0,0,0,0,0,0,0,0,0,0,
3,0,1,0,0,0,1,0,0,0,1,
3,0,1,1,1,0,1,1,1,0,1,
3,0,1,0,1,0,1,1,1,0,1,
3,0,1,0,0,0,1,0,0,0,1,
3,0,1,1,1,0,1,1,1,0,1,
3,0,1,0,0,0,1,0,1,0,1,
3,0,1,0,0,0,1,0,1,0,1,
3,0,1,0,1,0,1,0,1,0,1,
3,0,1,0,1,0,1,0,1,0,1,
3,0,1,0,1,0,1,0,1,0,1,
3,0,1,1,1,0,1,1,1,0,1,
3,0,1,1,1,0,1,1,1,0,1,
3,1,1,1,1,1,1,1,1,0,1,
3,1,1,1,1,1,1,1,1,0,1,
3,1,1,1,1,1,1,1,1,0,1,
3,1,1,1,1,0,1,1,1,0,1,
3,0,0,0,0,0,0,0,0,0,0,
3,0,0,0,0,0,0,0,0,0,0,
2,0,0,0,0,0,0,0,0,0,0,
3,0,1,0,0,0,0,0,0,0,1,
2,0,1,0,0,0,1,0,0,0,1,
4,0,1,0,0,0,0,0,0,0,1,
2,0,1,0,0,0,0,0,0,0,1,
6,0,1,0,0,0,1,0,0,0,1,
3,0,1,0,0,0,1,0,0,0,1,
3,0,1,0,0,0,1,0,0,0,1,
5,0,1,0,0,0,1,0,0,0,1,
3,0,1,0,0,0,1,0,0,0,1,
3,0,1,0,0,0,1,0,0,0,1,
3,0,1,0,0,0,1,0,0,0,1,
3,0,1,0,0,0,1,0,1,0,1,
3,0,1,0,0,0,1,0,1,0,1,
3,0,1,0,1,0,1,0,1,0,1,
3,0,1,0,1,0,1,0,1,0,1,
3,0,1,1,1,0,1,1,1,0,1,
3,0,1,1,1,0,1,1,1,0,1,
3,0,0,0,0,0,0,0,0,0,0,
3,0,1,1,1,0,1,1,1,0,1,
5,0,1,1,1,0,1,1,1,0,1,
3,1,1,1,1,1,1,1,1,0,1,
3,1,1,1,1,0,1,1,1,0,1,
3,1,1,1,1,1,1,1,1,0,1,
3,0,0,0,0,0,0,0,0,0,0,
2,0,0,0,0,0,0,0,0,0,0,
2,0,0,0,0,0,0,0,0,0,0,
2,0,0,0,0,0,0,0,0,0,0,
2,0,0,0,0,0,0,0,0,0,0,
2,0,0,0,0,0,0,0,0,0,0,
2,0,0,0,0,0,0,0,0,0,0,
2,0,0,0,0,0,0,0,0,0,1,
3,0,1,0,0,0,1,0,0,0,1,
5,0,3,0,0,0,3,0,0,0,3,
3,0,1,0,0,0,1,0,0,0,1,
3,0,1,0,0,0,1,0,0,0,1,
3,0,1,0,0,0,1,0,0,0,1,
3,0,1,0,1,0,1,0,1,0,1,
3,0,1,0,1,0,1,0,1,0,1,
3,0,1,0,1,0,1,0,1,0,1,
3,0,1,0,1,0,1,0,1,0,1,
3,0,1,0,1,0,1,0,1,0,1,
3,0,1,1,1,0,1,1,1,0,1,
3,0,1,1,1,0,1,1,1,0,1,
6,0,1,0,1,0,1,0,1,0,1,
3,0,1,1,1,0,1,1,1,0,1,
3,0,0,0,0,0,0,0,0,0,0,
3,0,1,1,1,0,1,1,1,0,1,
3,1,1,1,1,1,1,1,1,0,1,
3,0,0,0,0,0,0,0,0,0,0,
3,0,0,0,0,0,0,0,0,0,0,
2,0,0,0,0,0,0,0,0,0,0,
2,0,0,0,0,0,0,0,0,0,0,
2,0,0,0,0,0,0,0,0,0,0,
2,0,0,0,0,0,0,0,0,0,0,
5,0,1,0,0,3,0,0,0,0,1,
4,1,2,0,1,1,1,0,1,1,2,
3,0,1,0,0,0,1,1,0,0,1,
3,0,1,0,0,0,0,0,0,0,1,
3,0,1,0,0,0,0,0,0,0,1,
3,0,1,0,0,0,1,0,0,0,1,
28,0,1,0,0,0,1,26,0,0,1,
3,0,1,1,1,0,1,1,1,0,1,
6,0,1,1,1,0,1,1,1,0,1,
4,0,2,1,1,0,2,1,1,0,2,
3,0,1,1,1,0,1,1,1,0,1,
3,0,1,1,1,0,1,1,1,0,1,
3,0,1,1,1,0,1,1,1,0,1,
3,0,1,1,1,0,1,1,1,0,1,
3,0,1,1,1,0,1,1,1,0,1,
4,0,2,1,1,0,2,1,1,0,2,
3,0,1,1,1,0,1,1,1,0,1,
6,0,0,0,1,0,0,0,1,0,0,
3,1,1,1,1,1,1,1,1,0,1,
3,0,0,0,0,0,0,0,0,0,0,
2,0,0,0,0,0,0,0,0,0,0,
2,0,0,0,0,0,0,0,0,0,0,
2,0,0,0,0,0,0,0,0,0,0,
2,0,0,0,0,0,0,0,0,0,0,
2,0,0,0,0,0,0,0,0,0,0,
2,0,0,0,0,0,0,0,0,0,0,
2,0,0,0,0,0,0,0,0,0,1,
3,0,1,0,1,0,1,0,1,0,1,
3,0,0,0,0,0,0,0,0,0,1,
3,0,1,0,0,0,1,0,1,0,1,
3,0,1,0,0,0,1,0,0,0,1,
3,0,1,0,0,0,1,0,0,0,1,
3,0,1,0,0,0,1,0,1,0,1,
3,0,1,0,1,0,1,0,1,0,1,
3,0,1,0,1,0,1,0,1,0,1,
3,0,1,1,1,0,1,1,1,0,1,
3,0,1,1,1,0,1,1,1,0,1,
3,0,1,1,1,0,1,1,1,0,1,
3,0,1,1,1,0,1,1,1,0,1,
3,0,1,1,1,0,1,1,1,0,1,
3,0,1,1,1,0,1,1,1,0,1,
3,0,1,1,1,0,1,1,1,0,1,
3,1,1,1,1,1,1,1,1,0,1,
5,0,0,0,0,0,0,0,0,0,0,
3,0,0,0,0,0,0,0,0,0,0,
3,0,1,0,1,0,1,0,1,0,1,
2,0,0,0,0,0,0,0,0,0,0,
2,0,0,0,0,0,0,0,0,0,0,
3,0,0,0,0,0,0,0,0,0,1,
2,0,0,0,0,0,0,0,0,0,0,
2,0,0,0,0,0,0,0,0,0,0,
2,0,0,0,0,0,0,0,0,0,1,
2,0,0,0,0,0,0,0,0,0,1,
3,0,1,0,0,0,0,0,0,0,1,
3,0,1,0,0,0,0,0,0,0,1,
3,0,1,0,0,0,1,0,0,0,1,
3,0,1,0,0,0,1,0,0,0,1,
3,0,1,0,1,0,1,0,1,0,1,
3,0,1,0,1,0,1,0,1,0,1,
3,0,1,1,1,0,1,1,1,0,1,
2,0,0,0,0,0,0,0,0,0,0,
3,0,1,1,1,0,1,1,1,0,1,
3,0,1,1,1,0,1,1,1,0,1,
3,0,1,1,1,0,1,1,1,0,1,
5,0,1,1,1,0,1,1,1,0,1,
3,0,1,1,1,0,1,1,1,0,1,
6,0,1,0,0,0,1,0,0,0,1,
3,0,1,1,1,1,1,1,1,0,1,
3,1,1,1,1,1,1,1,1,0,1,
3,0,0,0,0,0,0,0,0,0,0,
2,0,0,0,0,0,0,0,0,0,0,
2,0,0,0,0,0,0,0,0,0,0,
2,0,0,0,0,0,0,0,0,0,0,
2,0,0,0,0,0,0,0,0,0,0,
2,0,0,0,0,0,0,0,0,0,0,
2,0,0,0,0,0,0,0,0,0,0,
2,0,0,0,0,0,0,0,0,0,1,
2,0,0,0,0,0,0,0,0,0,1,
3,0,1,0,0,0,0,0,0,0,1,
3,0,1,1,1,0,1,1,1,0,1,
3,0,1,0,0,0,1,0,0,0,1,
5,0,1,0,0,0,1,0,1,0,1,
3,0,1,0,0,0,1,0,1,0,1,
3,0,1,0,1,0,1,0,1,0,1,
3,0,1,0,1,0,1,0,1,0,1,
3,0,1,1,1,0,1,1,1,0,1,
3,0,1,1,1,0,1,1,1,0,1,
3,0,1,1,1,0,1,1,1,0,1,
3,0,1,1,1,0,1,1,1,0,1,
3,0,1,1,1,0,1,1,1,0,1,
3,0,1,1,1,0,1,1,1,0,1,
3,0,1,1,1,0,1,1,1,0,1,
3,0,1,1,1,1,1,1,1,0,1,
3,0,0,0,0,0,0,0,0,0,0,
2,0,0,0,0,0,0,0,0,0,0,
2,0,0,0,0,0,0,0,0,0,0,
2,0,0,0,0,0,0,0,0,0,0,
3,0,0,0,0,0,0,0,0,0,0,
2,0,0,0,0,0,0,0,0,0,1,
2,0,0,0,0,0,0,0,0,0,0,
2,0,0,0,0,0,0,0,0,0,1,
2,0,0,0,0,0,0,0,0,0,1,
2,0,0,0,0,0,0,0,0,0,1,
3,0,1,0,0,0,0,0,0,0,1,
3,0,1,0,1,0,1,0,1,0,1,
3,0,1,0,0,0,1,0,0,0,1,
3,0,1,0,1,0,1,0,1,0,1,
3,0,0,0,0,0,0,0,0,0,0,
3,0,0,0,0,0,0,0,0,0,0,
3,0,1,0,1,0,1,0,1,0,1,
3,0,1,1,1,0,1,1,1,0,1,
3,0,1,1,1,0,1,1,1,0,1,
3,0,1,1,1,0,1,1,1,0,1,
3,0,1,1,1,0,1,1,1,0,1,
3,0,1,1,1,0,1,1,1,0,1,
3,0,1,1,1,0,1,1,1,0,1,
3,0,1,1,1,0,1,1,1,0,1,
29,27,0,0,0,0,0,0,0,0,0,
4,0,0,0,0,1,0,0,0,0,0,
4,0,1,0,0,0,1,0,0,0,1,
2,0,0,0,0,0,0,0,0,0,0,
2,0,0,0,0,0,0,0,0,0,0,
4,0,0,0,0,0,0,0,0,0,0,
2,0,0,0,0,0,0,0,0,0,0,
5,0,1,1,1,0,1,1,1,0,1,
2,0,0,0,0,0,0,0,0,0,0,
3,0,1,0,0,0,1,0,0,0,1,
2,0,1,0,0,0,0,0,0,0,1,
13,0,1,0,1,0,1,0,1,0,1,
3,0,1,0,0,0,1,0,1,0,1,
3,0,1,0,0,0,1,0,0,0,1,
3,0,1,0,1,0,1,0,1,0,1,
3,0,1,0,0,0,1,0,1,0,1,
4,0,0,0,0,0,0,0,0,0,0,
3,0,1,1,1,0,1,1,1,0,1,
3,0,0,0,0,0,0,0,0,0,0,
3,0,1,1,1,0,1,1,1,0,1,
6,0,1,0,0,0,0,0,0,0,1,
3,0,1,1,1,1,1,1,1,0,1,
3,0,1,1,1,1,1,1,1,0,1,
3,0,1,1,1,0,1,1,1,0,1,
3,0,1,1,1,1,1,1,1,0,2,
5,0,1,0,0,0,0,0,0,0,1,
3,0,0,0,0,0,0,0,0,0,0,
3,0,0,0,0,0,0,0,0,0,0,
3,0,1,0,1,0,1,1,1,0,1,
3,0,1,1,1,0,1,1,1,0,1,
2,0,0,0,0,0,0,0,0,0,0,
2,0,0,0,0,0,0,0,0,0,0,
2,0,0,0,0,0,0,0,0,0,0,
2,0,0,0,0,0,0,0,0,0,0,
2,0,0,0,0,0,0,0,0,0,0,
3,0,1,0,0,0,1,0,0,0,1,
3,0,1,0,0,0,0,0,0,0,1,
3,0,1,0,0,0,1,0,1,0,1,
3,0,1,0,1,0,1,0,1,0,1,
3,0,1,0,0,0,1,0,0,0,1,
3,0,1,0,0,0,1,0,1,0,1,
3,0,1,0,0,0,1,0,1,0,1,
29,0,25,1,1,0,1,1,1,0,1,
3,0,1,0,1,0,1,0,1,0,1,
3,0,0,0,0,0,0,0,0,0,0,
3,0,1,1,1,0,1,1,1,0,1,
3,0,1,1,1,0,1,1,1,0,1,
3,0,1,1,1,0,1,1,1,0,1,
4,0,1,0,1,0,1,0,1,0,1,
3,0,0,0,0,0,0,0,0,0,0,
4,0,1,1,1,1,1,1,1,0,1,
3,0,1,1,1,1,1,1,1,0,1,
3,0,0,0,0,0,0,0,0,0,0,
3,0,0,0,0,0,0,0,0,0,0,
2,0,0,0,0,0,0,0,0,0,0,
2,0,0,0,0,0,0,0,0,0,0,
2,0,0,0,0,0,0,0,0,0,0,
2,0,0,0,0,0,0,0,0,0,0,
2,0,0,0,0,0,0,0,0,0,0,
3,0,1,1,1,0,1,1,1,0,1,
3,0,1,0,0,0,0,0,0,0,1,
3,0,1,0,0,0,1,0,1,0,1,
2,0,1,0,0,0,0,0,0,0,1,
5,0,1,0,0,0,0,0,0,0,1,
3,0,1,0,0,0,1,0,0,0,1,
7,0,1,1,1,0,1,1,1,0,1,
3,0,1,0,0,0,1,0,1,0,1,
3,0,1,0,0,0,1,0,0,0,1,
3,0,1,0,1,0,1,0,1,0,1,
3,0,1,0,1,0,1,0,1,0,1,
3,0,1,0,1,0,1,0,1,0,1,
3,0,1,1,1,0,1,1,1,0,1,
3,0,1,1,1,0,1,1,1,0,1,
3,0,1,1,1,0,1,1,1,0,1,
3,0,1,1,1,0,1,1,1,0,1,
3,0,1,1,1,0,1,1,1,0,1,
3,0,1,1,1,1,1,1,1,0,1,
3,0,0,0,0,0,0,0,0,0,0,
3,0,0,0,0,0,0,0,0,0,0,
2,0,0,0,0,0,0,0,0,0,0,
4,0,0,0,0,0,0,0,0,0,0,
2,0,0,0,0,0,0,0,0,0,0,
2,0,0,0,0,0,0,0,0,0,0,
2,0,0,0,0,0,0,0,0,0,0,
2,0,0,0,0,0,0,0,0,0,0,
2,0,0,0,0,0,0,0,0,0,0,
2,0,1,0,0,0,0,0,0,0,0,
3,0,1,1,1,0,1,1,1,0,1,
4,0,2,1,1,0,2,0,2,0,2,
3,0,1,0,1,0,1,0,1,0,1,
3,0,1,0,0,0,1,0,0,0,1,
3,0,1,0,0,0,1,0,0,0,1,
3,0,1,0,1,0,1,0,1,0,1,
3,0,1,0,1,0,1,0,1,0,1,
3,0,1,0,1,0,1,0,1,0,1,
3,0,1,0,1,0,1,0,1,0,1,
3,0,1,1,1,0,1,0,1,0,1,
3,0,1,1,1,0,1,1,1,0,1,
3,0,1,1,1,0,1,1,1,0,1,
3,0,1,1,1,0,1,1,1,0,1,
3,0,0,0,0,0,0,0,0,0,0,
3,0,1,1,1,0,1,1,1,0,1,
3,0,1,1,1,1,1,1,1,0,1,
3,0,0,0,0,0,0,0,0,0,0,
2,0,0,0,0,0,0,0,0,0,0,
3,0,1,0,0,0,1,0,0,0,1,
2,0,0,0,0,0,0,0,0,0,0,
2,0,0,0,0,0,0,0,0,0,0,
2,0,0,0,0,0,0,0,0,0,0,
2,0,0,0,0,0,0,0,0,0,0,
2,0,0,0,0,0,0,0,0,0,0,
2,0,0,0,0,0,0,0,0,0,0,
2,0,0,0,0,0,0,0,0,0,0,
2,0,0,0,0,0,0,0,0,0,1,
3,0,0,0,0,0,1,0,0,0,1,
3,0,1,0,0,0,1,0,0,0,1,
3,0,1,0,1,1,1,0,1,0,1,
3,1,1,0,1,1,1,0,1,1,1,
3,1,1,0,1,1,1,0,1,1,1,
3,0,1,0,1,1,1,0,1,0,1,
3,1,1,0,1,1,1,0,1,1,1,
4,0,0,0,0,0,1,0,0,0,1,
3,0,1,1,1,1,1,1,1,0,1,
3,0,1,1,1,0,1,1,1,0,1,
3,0,1,1,1,1,1,1,1,0,1,
3,0,1,1,1,0,1,1,1,0,1,
4,0,1,1,1,0,1,1,1,0,1,
3,0,0,0,0,0,0,0,0,0,0,
3,0,0,0,0,0,0,0,0,0,0,
2,0,0,0,0,0,0,0,0,0,0,
2,0,0,0,0,0,0,0,0,0,0,
2,0,0,0,0,0,0,0,0,0,0,
2,0,0,0,0,0,0,0,0,0,0,
2,0,0,0,0,0,0,0,0,0,0,
2,0,0,0,0,0,0,0,0,0,0,
2,0,0,0,0,0,0,0,0,0,0,
2,0,0,0,0,0,0,0,0,0,1,
2,0,0,0,0,0,0,0,0,0,1,
4,0,0,0,0,0,1,0,0,0,1,
3,0,0,0,0,0,1,0,0,0,1,
3,0,1,0,0,0,1,0,0,0,1,
3,0,1,0,0,0,1,0,0,0,1,
3,0,1,0,0,0,1,0,1,0,1,
3,0,1,0,1,0,1,0,1,0,1,
5,0,1,3,1,0,1,3,1,0,1,
3,0,1,0,1,0,1,0,1,0,1,
3,1,1,0,1,1,1,0,1,1,1,
3,0,1,1,1,0,1,0,1,0,1,
3,1,1,1,1,1,1,1,1,0,1,
3,0,1,1,1,0,1,1,1,0,1,
3,0,1,1,1,1,1,1,1,0,1,
5,0,3,1,1,1,3,1,1,0,3,
3,0,0,0,0,0,0,0,0,0,0,
3,0,0,0,0,0,0,0,0,0,0,
2,0,0,0,0,0,0,0,0,0,0,
2,0,0,0,0,0,0,0,0,0,0,
3,0,0,0,0,0,0,0,0,0,0,
3,0,0,0,0,0,0,0,0,0,0,
3,0,0,0,0,0,0,0,0,0,1,
2,0,0,0,0,0,0,0,0,0,0,
2,0,0,0,0,0,1,0,0,0,1,
2,0,0,0,0,0,0,0,0,0,1,
2,0,0,0,0,0,0,0,0,0,0,
2,0,0,0,0,0,0,0,0,0,0,
3,0,1,0,0,0,1,0,0,0,1,
3,0,1,0,1,0,1,0,1,0,1,
3,0,1,0,1,0,1,1,1,0,1,
3,0,1,0,1,0,1,0,1,0,1,
3,0,1,0,1,0,1,0,1,0,1,
3,0,1,0,1,0,1,0,1,0,1,
3,0,1,0,1,0,1,1,1,0,1,
3,0,1,0,1,0,1,0,1,0,1,
3,0,0,0,0,0,0,0,0,0,0,
3,0,1,1,1,0,1,1,1,0,1,
3,1,1,1,1,0,1,1,1,0,1,
3,0,0,0,0,0,0,0,0,0,0,
3,0,0,0,0,0,0,0,0,0,0,
4,1,0,0,0,0,0,0,0,0,0,
2,0,0,0,0,0,0,0,0,0,0,
4,0,0,0,0,0,0,0,0,0,0,
3,0,1,0,0,1,1,0,1,0,1,
5,0,0,0,0,0,0,0,0,0,0,
3,1,1,0,0,1,1,0,1,0,1,
3,1,1,0,1,1,1,0,1,0,1,
3,1,1,0,1,1,1,0,1,1,1,
3,1,1,0,1,1,1,0,1,0,1,
3,0,0,0,0,0,0,0,0,0,0,
2,0,1,0,0,0,0,0,0,0,1,
3,0,1,0,0,0,1,0,0,0,1,
3,0,1,0,0,0,1,0,0,0,1,
3,0,0,0,0,0,0,0,0,0,0,
3,0,1,0,0,0,1,0,1,0,1,
3,0,1,0,1,0,1,0,1,0,1,
3,0,1,0,1,0,1,0,1,0,1,
3,0,1,1,1,0,1,1,1,0,1,
3,0,1,0,1,0,1,0,1,0,1,
5,0,1,0,1,0,1,0,1,0,1,
3,0,1,1,1,0,1,1,1,0,1,
3,1,1,1,1,0,1,1,1,0,1,
3,0,1,1,1,0,1,1,1,0,1,
3,0,1,1,1,1,1,1,1,0,1,
3,0,0,0,0,0,0,0,0,0,0,
3,0,0,0,0,0,0,0,0,0,0,
2,0,0,0,0,0,0,0,0,0,0,
3,0,0,0,0,0,0,0,0,0,0,
2,0,1,0,0,0,0,0,0,0,1,
2,0,0,0,0,0,0,0,0,0,0,
2,0,1,0,0,0,0,0,0,0,1,
3,0,1,0,0,0,0,0,0,0,1,
3,0,1,0,0,0,1,0,1,0,1,
3,0,1,0,0,0,1,1,1,0,1,
3,0,1,0,1,0,1,1,1,0,1,
3,0,1,0,1,0,1,1,1,0,1,
3,0,1,0,1,0,1,0,1,0,1,
3,0,1,0,0,0,1,0,1,0,1,
3,0,1,0,1,0,1,0,1,0,1,
3,0,1,0,1,0,1,0,1,0,1,
3,0,1,0,0,0,1,0,1,0,1,
3,0,1,0,1,0,1,0,1,0,1,
3,0,1,0,1,0,1,0,1,0,1,
3,0,1,0,1,0,1,0,1,0,1,
3,1,2,1,1,1,1,1,1,0,1,
4,0,1,1,1,0,1,1,1,0,2,
4,0,1,0,0,0,1,0,0,0,1,
4,0,1,0,0,0,0,0,0,0,1,
4,0,1,0,0,0,1,0,0,0,1,
4,0,1,0,0,0,1,0,0,0,1,
4,0,0,0,0,0,1,0,0,0,1,
3,0,0,0,0,0,1,0,0,0,1,
3,0,0,0,0,0,1,0,0,0,1,
3,0,0,0,0,0,1,0,0,0,1,
3,0,0,0,1,0,0,0,1,0,0,
3,0,0,0,1,0,0,0,0,0,0,
3,0,0,0,1,0,0,0,0,0,0,
3,0,0,0,1,0,0,0,1,0,0,
3,0,0,0,1,0,0,0,1,0,1,
3,0,1,0,0,0,1,0,0,0,1,
5,0,0,0,0,0,0,0,0,0,1,
3,0,1,0,0,0,1,0,0,0,1,
3,0,0,0,0,0,0,0,0,0,1,
3,0,1,0,0,0,1,0,1,0,1,
3,0,1,0,0,0,1,0,1,0,1,
3,0,1,0,1,0,1,0,1,0,1,
3,0,1,0,1,0,1,0,1,0,1,
3,0,1,1,1,0,1,1,1,0,1,
3,0,1,0,1,0,1,0,1,0,1,
3,0,1,1,1,0,1,1,1,0,1,
5,0,3,1,1,0,3,1,1,0,3,
4,0,0,0,1,0,0,0,1,0,0,
3,1,1,1,1,0,1,1,1,0,1,
3,0,1,1,1,1,1,1,1,0,1,
3,0,1,1,1,1,1,1,1,0,1,
5,0,1,0,0,0,1,0,0,0,1,
2,0,0,0,0,0,0,0,0,0,0,
2,0,0,0,0,0,0,0,0,0,0,
2,0,0,0,0,0,0,0,0,0,0,
2,0,0,0,0,0,0,0,0,0,0,
2,0,0,0,0,0,0,0,0,0,1,
2,0,0,0,0,0,0,0,0,0,0,
2,0,0,0,0,0,0,0,0,0,0,
3,0,0,0,1,0,0,0,2,0,1,
2,0,0,0,0,0,0,0,0,0,1,
3,0,1,0,0,0,0,0,0,0,1,
2,0,0,0,0,0,0,0,0,0,1,
5,0,0,0,0,0,0,0,1,0,1,
3,0,1,0,0,0,0,0,0,0,1,
3,0,1,0,0,0,1,0,1,0,1,
7,1,4,1,1,0,4,1,1,0,4,
3,0,1,0,1,0,1,0,1,0,1,
3,0,1,0,1,0,1,0,1,0,1,
3,0,1,0,1,0,1,0,1,0,1,
3,0,1,0,1,0,1,0,1,0,1,
3,0,1,1,1,1,1,1,1,0,1,
3,1,1,1,1,1,1,1,1,0,1,
4,0,0,0,0,0,0,0,0,0,0,
3,1,1,1,1,1,1,1,1,0,1,
3,1,1,1,1,1,1,1,1,0,1,
3,1,1,1,1,1,1,1,1,0,1,
3,0,0,0,0,0,0,0,0,0,0,
2,0,0,0,0,0,0,0,0,0,0,
2,0,0,0,0,0,0,0,0,0,0,
2,0,0,0,0,0,0,0,0,0,0,
3,0,1,1,1,0,1,1,1,0,1,
3,0,0,0,0,0,0,0,0,0,1,
2,0,0,0,0,0,0,0,0,0,0,
2,0,0,0,0,0,0,0,0,0,0,
2,0,0,0,0,0,0,0,0,0,1,
2,0,1,0,0,0,0,0,0,0,1,
2,0,1,0,0,0,1,0,0,0,1,
3,0,1,0,0,0,1,0,0,0,1,
3,0,1,0,0,0,1,0,1,0,1,
3,0,1,0,0,0,1,0,0,0,1,
3,0,1,0,0,0,1,0,1,0,1,
3,0,1,0,1,0,1,0,1,0,1,
3,0,1,0,1,0,1,0,1,0,1,
5,0,1,0,1,0,1,0,1,0,1,
3,1,1,1,1,1,1,1,1,0,1,
5,0,0,0,0,0,0,0,0,0,0,
3,1,1,1,1,1,1,1,1,0,1,
3,0,1,1,1,1,1,1,1,0,1,
3,1,1,1,1,1,1,1,1,0,1,
3,0,1,1,1,1,1,1,1,0,1,
3,1,1,1,1,1,1,1,1,0,1,
3,0,0,0,0,0,0,0,0,0,0,
3,0,1,0,0,0,1,0,0,0,1,
2,0,0,0,0,0,0,0,0,0,0,
5,0,0,0,1,0,0,0,1,0,0,
2,0,0,0,0,0,0,0,0,0,0,
2,0,0,0,0,0,0,0,0,0,0,
2,0,0,0,0,0,0,0,0,0,0,
2,0,0,0,0,0,0,0,0,0,1,
2,0,0,0,0,0,0,0,0,0,0,
4,0,0,0,0,0,0,0,0,0,1,
2,0,0,0,0,0,0,0,0,0,1,
3,0,1,0,0,0,1,0,0,0,1,
3,0,1,0,0,0,1,0,0,0,1,
3,0,1,0,0,0,1,0,0,0,1,
3,0,1,0,0,0,1,0,1,0,1,
3,0,1,0,1,0,1,0,1,0,1,
3,0,1,0,1,0,1,0,1,0,1,
3,0,1,0,1,0,1,0,1,0,1,
3,0,1,0,1,0,1,0,1,0,1,
3,0,1,1,1,0,1,1,1,0,1,
3,0,1,1,1,1,1,1,1,0,1,
3,0,1,1,1,1,1,1,1,0,1,
3,0,1,1,1,1,1,1,1,0,1,
3,1,1,1,1,1,1,1,1,0,1,
3,0,1,1,1,0,1,1,1,0,1,
3,0,0,0,0,0,0,0,0,0,0,
2,0,0,0,0,0,0,0,0,0,0,
2,0,0,0,0,0,0,0,0,0,0,
2,0,0,0,0,0,0,0,0,0,0,
3,1,1,1,1,0,1,1,1,0,1,
2,0,0,0,0,0,0,0,0,0,0,
2,0,0,0,0,0,0,0,0,0,0,
2,0,0,0,0,0,0,0,0,0,0,
2,0,0,0,0,0,0,0,0,0,0,
2,0,0,0,0,0,0,0,0,0,1,
2,0,0,0,0,0,0,0,0,0,1,
3,0,1,0,0,0,1,0,0,0,1,
3,0,1,0,0,0,1,0,0,0,1,
3,0,1,0,0,0,1,0,1,0,1,
3,0,1,0,1,0,1,0,1,0,1,
3,0,1,0,1,0,1,0,1,0,1,
3,0,1,0,1,0,1,0,1,0,1,
3,0,1,0,1,0,1,0,1,0,1,
3,0,1,0,1,0,1,0,1,0,1,
3,0,1,0,1,0,1,0,1,0,1,
3,0,1,1,1,1,1,1,1,0,1,
3,0,1,1,1,1,1,1,1,0,1,
3,0,1,1,1,1,1,1,1,0,1,
3,1,1,1,1,0,1,1,1,0,1,
3,0,1,1,1,1,1,1,1,0,1,
4,0,0,0,0,0,0,0,0,0,0,
2,0,0,0,0,0,0,0,0,0,0,
2,0,0,0,0,0,0,0,0,0,0,
2,0,0,0,0,0,0,0,0,0,0,
2,0,0,0,0,0,0,0,0,0,0,
2,0,0,0,0,0,0,0,0,0,0,
2,0,0,0,0,0,0,0,0,0,0,
3,0,1,1,1,0,1,1,1,0,1,
2,0,0,0,0,0,0,0,0,0,1,
2,0,0,0,0,0,0,0,0,0,0,
2,0,0,0,0,0,0,0,0,0,0,
2,0,0,0,0,0,0,0,0,0,1,
2,0,0,0,0,0,0,0,0,0,1,
3,0,1,0,0,0,1,0,1,0,1,
3,0,1,0,0,0,1,0,1,0,1,
3,0,1,0,1,0,1,0,1,0,1,
3,0,1,0,1,0,1,0,1,0,1,
6,0,1,0,0,0,1,0,1,0,1,
3,0,0,0,0,0,0,0,0,0,0,
3,1,1,1,1,0,1,1,1,0,1,
3,0,1,1,1,1,1,1,1,0,1,
6,0,1,1,1,1,1,1,1,0,1,
3,0,1,1,1,0,1,1,1,0,1,
6,0,1,1,1,1,1,0,1,0,1,
3,0,1,1,1,0,1,1,1,0,1,
2,1,1,1,1,1,1,1,1,0,1,
2,0,0,0,0,0,0,0,0,0,0,
2,0,0,0,0,0,0,0,0,0,0,
2,0,0,0,0,0,0,0,0,0,0,
2,0,0,0,0,0,0,0,0,0,0,
2,0,0,0,0,0,0,0,0,0,0,
2,0,0,0,0,0,0,0,0,0,0,
3,0,1,0,0,0,1,0,0,0,1,
2,0,0,0,0,0,0,0,0,0,0,
2,0,0,0,0,0,0,0,0,0,1,
3,0,1,0,0,0,0,0,0,0,1,
3,0,1,1,1,1,1,1,1,0,1,
3,0,1,0,0,0,1,0,0,0,1,
5,0,1,0,0,0,1,0,1,0,1,
3,0,1,0,0,0,1,0,1,0,1,
3,0,1,0,1,0,1,0,1,0,1,
3,0,1,0,1,0,1,0,1,0,1,
3,0,1,0,1,0,1,0,1,0,1,
3,0,1,0,1,0,1,0,1,0,1,
4,1,1,1,1,1,1,2,1,0,1,
3,1,1,1,1,1,1,1,1,0,1,
3,0,1,1,1,0,1,1,1,0,1,
4,0,0,0,1,0,0,0,1,0,0,
3,0,1,1,1,0,1,1,1,0,1,
4,0,1,1,1,1,1,1,1,0,1,
2,1,1,1,1,1,1,1,1,0,1,
5,1,4,1,1,1,1,1,1,0,4,
2,0,0,0,0,0,0,0,0,0,0,
2,0,0,0,0,0,0,0,0,0,0,
2,0,0,0,0,0,0,0,0,0,0,
2,0,0,0,0,0,0,0,0,0,0,
2,0,0,0,0,0,0,0,0,0,0,
2,0,0,0,0,0,0,0,0,0,0,
3,0,1,0,0,0,1,0,0,0,1,
2,0,0,0,0,0,0,0,0,0,1,
3,0,1,0,1,0,1,0,1,0,1,
3,0,1,0,1,0,0,0,1,0,1,
3,0,1,0,0,0,1,0,1,0,1,
3,0,1,0,1,0,1,1,1,0,1,
3,0,1,0,1,0,1,0,1,0,1,
3,0,1,0,1,0,1,0,1,0,1,
3,0,1,1,1,0,1,1,1,0,1,
3,0,0,0,0,0,0,0,0,0,0,
3,0,1,1,1,1,1,1,1,0,1,
3,0,1,1,1,1,1,1,1,0,1,
3,0,1,1,1,0,1,1,1,0,1,
3,0,1,1,1,1,1,1,1,0,1,
2,0,1,1,1,1,1,1,1,0,1,
2,0,0,0,0,0,0,0,0,0,0,
2,0,0,0,0,0,0,0,0,0,0,
2,0,0,0,0,0,0,0,0,0,0,
2,0,0,0,0,0,0,0,0,0,0,
2,0,0,0,0,0,0,0,0,0,0,
2,0,0,0,0,0,0,0,0,0,1,
4,0,1,0,0,0,0,0,0,0,1,
3,0,0,0,0,0,0,0,0,0,1,
5,0,1,0,0,0,1,0,1,0,1,
3,0,1,0,0,0,1,0,1,0,1,
3,0,1,0,0,0,1,0,1,0,1,
3,0,1,0,1,0,1,0,1,0,1,
3,0,1,0,1,0,1,0,1,0,1,
3,0,1,1,1,0,1,1,1,0,1,
4,0,2,2,2,0,2,1,2,0,2,
3,0,1,1,1,0,1,1,1,0,1,
3,0,1,1,1,1,1,1,1,0,1,
3,0,0,0,0,0,0,0,0,0,0,
3,0,1,1,1,1,1,1,1,0,1,
3,0,1,1,1,0,1,1,1,0,1,
3,1,1,1,1,1,1,1,1,0,1,
2,1,1,1,1,1,1,1,1,0,1,
2,0,0,0,0,0,0,0,0,0,0,
4,0,0,0,0,0,0,0,0,0,0,
2,0,0,0,0,0,0,0,0,0,0,
2,0,0,0,0,0,0,0,0,0,0,
2,0,0,0,0,0,0,0,0,0,0,
2,0,0,0,0,0,0,0,0,0,0,
2,0,0,0,0,0,0,0,0,0,0,
3,0,1,0,0,0,0,0,0,0,1,
3,0,1,0,0,0,1,0,0,0,1,
3,0,1,0,0,0,1,0,0,0,1,
3,0,1,0,0,0,1,0,1,0,1,
3,0,1,0,1,0,1,0,1,0,1,
3,0,1,0,1,0,1,0,1,0,1,
3,0,1,0,1,0,1,0,1,0,1,
3,0,1,0,1,0,1,0,1,0,1,
3,0,1,0,1,0,1,1,1,0,1,
3,0,1,1,1,1,1,1,1,0,1,
3,0,1,1,1,0,1,1,1,0,1,
3,0,1,1,1,1,1,1,1,0,1,
3,0,1,1,1,1,1,1,1,0,1,
3,0,1,1,1,1,1,1,1,0,1,
3,0,1,1,1,1,1,1,1,0,1,
2,0,0,0,0,0,0,0,0,0,0,
2,0,0,0,0,0,0,0,0,0,0,
2,0,0,0,0,0,0,0,0,0,0,
2,0,0,0,0,0,0,0,0,0,0,
2,0,0,0,0,0,0,0,0,0,0,
2,0,0,0,0,0,0,0,0,0,0,
2,0,0,0,0,0,0,0,0,0,0,
2,0,0,0,0,0,0,0,0,0,0,
3,0,1,0,0,0,1,0,1,0,1,
2,0,0,0,0,0,0,0,0,0,1,
3,0,1,0,0,0,1,0,0,0,1,
3,0,1,0,0,0,1,0,0,0,1,
3,0,1,0,0,0,1,0,1,0,1,
3,0,1,0,1,0,1,0,1,0,1,
3,0,1,0,1,0,1,0,1,0,1,
3,0,1,0,1,0,1,0,1,0,1,
2,0,0,0,0,0,0,0,0,0,0,
3,0,1,1,1,1,1,1,1,0,1,
3,0,1,1,1,1,1,1,1,0,1,
3,0,1,1,1,0,1,1,1,0,1,
4,0,0,0,0,0,0,0,0,0,0,
2,0,0,0,0,0,0,0,0,0,0,
4,0,0,0,0,0,0,0,0,0,0,
2,0,0,0,0,0,0,0,0,0,0,
2,0,0,0,0,0,0,0,0,0,0,
2,0,0,0,0,0,0,0,0,0,1,
2,0,0,0,0,0,0,0,0,0,1,
2,0,0,0,0,0,0,0,0,0,0,
3,0,0,0,0,0,0,0,1,0,1,
3,0,1,0,0,0,1,0,1,0,1,
3,0,1,0,0,0,1,0,0,0,1,
5,1,1,0,1,0,0,0,1,0,0,
3,0,1,0,1,0,1,0,1,0,1,
3,0,1,0,1,0,1,0,1,0,1,
3,0,1,0,1,0,1,0,1,0,1,
5,0,1,1,1,0,1,0,1,0,1,
3,0,1,1,1,0,1,1,1,0,1,
5,0,1,1,1,1,1,1,1,0,1,
3,1,1,1,1,1,1,1,1,0,1,
3,0,1,1,1,1,1,1,1,0,1,
3,0,1,1,1,1,1,1,1,0,1,
3,0,1,1,1,1,1,1,1,0,1,
3,1,1,1,1,1,1,1,1,0,1,
2,0,0,0,0,0,0,0,0,0,0,
2,0,0,0,0,0,0,0,0,0,0,
2,0,0,0,0,0,0,0,0,0,0,
2,0,0,0,0,0,0,0,0,0,0,
2,0,0,0,0,0,0,0,0,0,0,
2,0,0,0,0,0,0,0,0,0,0,
2,0,0,0,0,0,0,0,0,0,0,
2,0,0,0,0,0,0,0,0,0,0,
2,0,0,0,0,0,0,0,0,0,0,
2,0,0,0,0,0,0,0,0,0,1,
2,0,0,0,0,0,0,0,0,0,1,
2,0,1,0,0,0,0,0,0,0,1,
23,21,1,0,0,21,1,0,0,21,1,
3,0,0,0,0,0,0,0,0,0,0,
6,0,1,0,0,0,0,0,0,0,1,
3,0,1,1,1,0,1,0,1,0,1,
3,0,1,1,1,1,1,1,1,0,1,
3,1,1,0,1,1,1,0,1,1,1,
3,0,1,1,1,0,1,0,1,0,1,
3,0,1,1,1,1,1,1,1,0,1,
3,0,1,1,1,0,1,1,1,0,1,
3,0,1,1,1,1,1,1,1,0,1,
3,0,1,1,1,1,1,1,1,0,1,
3,0,1,1,1,1,1,1,1,0,1,
3,0,1,1,1,1,1,1,1,0,1,
3,0,0,0,0,0,0,0,0,0,0,
2,0,0,0,0,0,0,0,0,0,0,
2,0,0,0,0,0,0,0,0,0,0,
2,0,0,0,0,0,0,0,0,0,0,
2,0,0,0,0,0,0,0,0,0,0,
2,0,0,0,0,0,0,0,0,0,0,
2,0,0,0,0,0,0,0,0,0,0,
2,0,0,0,0,0,0,0,0,0,0,
2,0,0,0,0,0,0,0,0,0,0,
3,0,0,0,0,0,0,0,0,0,1,
5,0,0,0,0,0,0,0,0,0,1,
2,0,1,0,0,0,0,0,0,0,1,
5,0,1,1,1,0,1,1,1,0,1,
3,0,1,0,0,0,1,0,0,0,1,
3,0,1,0,1,0,1,0,1,0,1,
3,0,1,0,1,0,1,0,1,0,1,
3,0,1,0,1,0,1,0,1,0,1,
3,0,1,0,1,0,1,0,1,0,1,
4,0,1,0,0,0,1,0,1,0,1,
3,0,1,0,1,0,1,1,1,0,1,
3,0,1,1,1,1,1,1,1,0,1,
3,0,1,1,1,1,1,1,1,0,1,
3,0,1,1,1,1,1,1,1,0,1,
3,0,1,1,1,1,1,1,1,0,1,
3,1,1,1,1,1,1,1,1,0,1,
4,0,1,0,1,0,1,1,1,0,1,
2,0,0,0,0,0,0,0,0,0,0,
5,0,0,0,0,0,0,0,0,0,0,
3,1,1,0,1,1,1,1,1,0,1,
2,0,0,0,0,0,0,0,0,0,0,
2,0,0,0,0,0,0,0,0,0,0,
2,0,0,0,0,0,0,0,0,0,0,
2,0,0,0,0,0,0,0,0,0,0,
2,0,0,0,0,0,0,0,0,0,0,
2,0,0,0,0,0,0,0,0,0,0,
2,0,1,0,0,0,0,0,0,0,1,
2,0,1,0,0,0,0,0,0,0,1,
3,0,0,0,0,0,0,0,0,0,0,
3,0,1,0,1,0,1,0,1,0,1,
3,0,1,0,1,0,1,0,1,0,1,
6,0,4,0,1,0,4,0,1,0,4,
3,0,1,0,1,0,1,0,1,0,1,
3,0,1,1,1,0,1,1,1,0,1,
3,0,1,0,1,0,1,0,1,0,1,
3,0,1,0,1,1,1,0,1,0,1,
3,0,1,1,1,0,1,1,1,0,1,
3,1,1,1,1,1,1,1,1,0,1,
3,0,0,0,0,0,0,0,0,0,0,
3,1,1,1,1,1,1,1,1,0,1,
3,1,1,1,1,1,1,1,1,0,1,
3,0,0,0,0,0,0,0,0,0,0,
2,0,0,0,0,0,0,0,0,0,0,
2,0,0,0,0,0,0,0,0,0,0,
2,0,0,0,0,0,0,0,0,0,0,
2,0,0,0,0,0,0,0,0,0,0,
3,0,1,0,0,0,1,0,0,0,1,
2,0,0,0,0,0,0,0,0,0,0,
2,0,0,0,0,0,0,0,0,0,0,
2,0,0,0,0,0,0,0,0,0,0,
2,0,0,0,0,0,0,0,0,0,0,
2,0,0,0,0,0,0,0,0,0,0,
2,0,1,0,0,0,0,0,0,0,1,
3,0,1,0,0,0,1,0,0,0,1,
2,0,1,0,0,0,1,0,0,0,1,
3,1,1,1,1,1,1,1,1,0,1,
3,0,1,0,1,0,1,0,1,0,1,
3,1,1,1,1,1,1,0,1,1,1,
3,0,1,1,1,0,1,0,1,0,1,
3,1,1,0,1,1,1,0,1,0,1,
3,0,0,0,0,0,0,0,0,0,0,
7,0,0,0,1,0,0,0,1,0,0,
3,0,0,0,0,0,0,0,0,0,0,
4,1,2,1,1,1,2,1,1,0,1,
3,0,0,0,0,0,0,0,0,0,0,
3,0,0,0,0,0,0,0,0,0,0,
2,0,0,0,0,0,0,0,0,0,0,
2,0,0,0,0,0,0,0,0,0,0,
4,0,2,0,0,0,2,0,0,0,2,
3,0,1,0,0,0,1,0,0,0,1,
5,0,3,0,0,0,3,0,0,0,3,
2,0,0,0,0,0,0,0,0,0,0,
2,0,0,0,0,0,0,0,0,0,0,
2,0,0,0,0,0,0,0,0,0,0,
2,0,0,0,0,0,0,0,0,0,0,
4,0,0,0,0,0,0,0,0,0,1,
2,0,1,0,0,0,0,0,0,0,1,
3,0,1,0,0,0,1,0,0,0,1,
3,0,1,0,0,0,1,0,0,0,1,
3,0,1,0,0,0,1,0,1,0,1,
3,0,1,0,1,0,1,0,1,0,1,
3,0,1,0,0,0,1,0,1,0,1,
3,0,1,0,1,0,1,0,1,0,1,
3,0,1,0,1,0,1,1,1,0,1,
3,0,1,0,1,0,1,0,1,0,1,
3,1,1,1,1,0,1,1,1,0,1,
3,0,1,1,1,0,1,1,1,0,1,
5,1,1,1,1,1,1,3,1,0,1,
3,1,1,1,1,1,1,1,1,0,1,
3,0,1,1,1,1,1,1,1,0,1,
3,0,0,0,0,0,0,0,0,0,0,
2,0,0,0,0,0,0,0,0,0,0,
3,0,1,1,1,0,1,1,1,0,1,
2,0,0,0,0,0,0,0,0,0,0,
2,0,0,0,0,0,0,0,0,0,0,
2,0,0,0,0,0,0,0,0,0,0,
5,0,0,0,0,0,0,0,0,0,0,
2,0,0,0,0,0,0,0,0,0,0,
4,0,0,0,0,0,0,0,0,0,1,
2,0,0,0,0,0,0,0,0,0,0,
2,0,0,0,0,0,0,0,0,0,1,
2,0,0,0,0,0,0,0,0,0,1,
2,0,1,0,0,0,0,0,0,0,1,
2,0,1,0,0,0,0,0,0,0,1,
3,0,1,0,0,0,0,0,0,0,1,
3,0,1,0,0,0,1,0,0,0,1,
3,0,1,0,1,0,1,0,1,0,1,
3,0,0,0,0,0,0,0,0,0,0,
3,0,1,0,1,0,1,0,1,0,1,
3,0,1,0,1,0,1,0,1,0,1,
3,0,1,1,1,0,1,1,1,0,1,
4,1,1,1,1,1,1,1,1,0,1,
3,0,1,1,1,0,1,1,1,0,1,
3,1,1,1,1,1,1,1,1,0,1,
3,0,1,1,1,0,1,1,1,0,1,
3,1,1,1,1,1,1,1,1,0,1,
2,0,0,0,0,0,0,0,0,0,0,
2,0,0,0,0,0,0,0,0,0,0,
2,0,0,0,0,0,0,0,0,0,0,
2,0,0,0,0,0,0,0,0,0,0,
2,0,0,0,0,0,0,0,0,0,0,
2,0,0,0,0,0,0,0,0,0,0,
2,0,0,0,0,0,0,0,0,0,0,
2,0,0,0,0,0,0,0,0,0,0,
2,0,0,0,0,0,0,0,0,0,1,
2,0,0,0,0,0,0,0,0,0,1,
3,0,1,0,0,0,1,0,0,0,1,
3,0,1,0,0,0,1,0,1,0,1,
3,0,1,0,0,0,0,0,0,0,1,
3,0,1,0,0,0,1,0,1,0,1,
3,0,1,0,0,0,1,0,0,0,1,
3,0,1,0,0,0,1,0,1,0,1,
3,0,1,0,1,0,1,0,1,0,1,
4,1,1,1,1,0,1,1,1,0,1,
3,0,1,0,1,0,1,0,1,0,1,
3,0,1,1,1,1,1,1,1,0,1,
3,0,1,1,1,0,1,1,1,0,1,
3,1,1,1,1,1,1,1,1,0,1,
3,1,1,1,1,1,1,1,1,0,1,
3,0,0,0,0,0,0,0,0,0,0,
3,0,0,0,0,0,0,0,0,0,0,
2,0,0,0,0,0,0,0,0,0,0,
2,0,0,0,0,0,0,0,0,0,0,
2,0,0,0,0,0,0,0,0,0,0,
2,0,0,0,0,0,0,0,0,0,0,
2,0,0,0,0,0,0,0,0,0,0,
2,0,0,0,0,0,0,0,0,0,0,
2,0,0,0,0,0,0,0,0,0,0,
2,0,0,0,0,0,0,0,0,0,0,
2,0,0,0,0,0,0,0,0,0,0,
2,0,1,0,0,0,0,0,0,0,1,
5,0,1,0,0,0,1,0,1,0,1,
3,0,1,0,0,0,0,0,0,0,1,
3,0,1,0,0,0,1,0,0,0,1,
4,0,1,0,0,0,1,0,1,0,1,
3,0,1,0,1,0,1,0,1,0,1,
3,0,0,0,0,0,0,0,0,0,0,
3,0,1,0,1,0,1,0,1,0,1,
3,0,1,1,1,0,1,1,1,0,1,
3,1,1,1,1,1,1,1,1,0,1,
3,0,1,1,1,1,1,1,1,0,1,
3,0,1,1,1,1,1,1,1,0,1,
3,0,1,1,1,1,1,1,1,0,1,
4,0,0,0,0,0,0,0,0,0,0,
2,0,0,0,0,0,0,0,0,0,0,
3,0,0,0,0,0,0,0,0,0,0,
2,0,0,0,0,0,0,0,0,0,0,
2,0,0,0,0,0,0,0,0,0,0,
2,0,0,0,0,0,0,0,0,0,0,
2,0,0,0,0,0,0,0,0,0,0,
2,0,0,0,0,0,0,0,0,0,0,
4,0,0,0,0,0,0,0,0,0,0,
2,0,1,0,0,0,0,0,0,0,1,
3,0,1,0,0,0,1,0,0,0,1,
3,0,1,0,0,0,1,0,0,0,1,
3,0,1,0,0,0,1,0,1,0,1,
3,0,1,0,1,0,1,0,1,0,1,
3,0,1,0,1,1,1,0,1,0,1,
3,0,1,1,1,0,1,1,1,0,1,
3,1,1,1,1,1,1,1,1,0,1,
3,0,1,1,1,1,1,1,1,0,1,
3,0,1,1,1,1,1,1,1,0,1,
2,0,0,0,0,0,0,0,0,0,0,
3,0,1,0,0,0,0,0,0,0,1,
2,0,0,0,0,0,0,0,0,0,0,
2,0,0,0,0,0,0,0,0,0,0,
2,0,0,0,0,0,0,0,0,0,0,
2,0,0,0,0,0,0,0,0,0,0,
2,0,0,0,0,0,0,0,0,0,0,
2,0,1,0,0,0,0,0,0,0,1,
2,0,1,0,0,0,1,0,0,0,1,
4,0,1,1,1,0,1,1,1,0,1,
3,0,1,0,1,0,1,0,1,0,1,
3,1,1,1,1,0,1,1,1,0,1,
3,0,1,1,1,1,1,1,1,0,1,
4,0,0,0,0,0,0,0,0,0,1,
4,1,1,1,1,1,1,1,1,0,1,
3,0,1,1,1,1,1,1,1,0,1,
3,0,1,1,1,0,1,1,1,0,1,
3,0,1,1,1,1,1,1,1,0,1,
3,0,1,1,1,1,1,1,1,0,1,
2,0,0,0,0,0,0,0,0,0,0,
2,0,0,0,0,0,0,0,0,0,0,
2,0,0,0,0,0,0,0,0,0,0,
2,0,0,0,0,0,0,0,0,0,0,
2,0,0,0,0,0,0,0,0,0,0,
2,0,0,0,0,0,0,0,0,0,0,
2,0,0,0,0,0,0,0,0,0,0,
2,0,0,0,0,0,0,0,0,0,0,
2,0,1,0,0,0,0,0,0,0,1,
2,0,1,0,0,0,1,0,0,0,1,
3,0,1,0,0,0,1,0,1,0,1,
5,0,1,0,1,0,1,0,1,0,1,
3,0,1,0,1,0,1,0,1,0,1,
5,0,0,0,0,0,0,0,0,0,0,
3,0,0,0,0,0,0,0,0,0,0,
3,0,1,1,1,1,1,1,1,0,1,
3,0,1,1,1,1,1,1,1,0,1,
3,0,1,1,1,1,1,1,1,0,1,
3,0,1,1,1,1,1,1,1,0,1,
3,0,1,1,1,1,1,1,1,0,1,
3,0,1,0,0,0,1,0,0,0,1,
2,0,0,0,0,0,0,0,0,0,0,
3,0,0,0,0,0,0,0,0,0,0,
2,0,0,0,0,0,0,0,0,0,0,
2,0,0,0,0,0,0,0,0,0,0,
2,0,0,0,0,0,0,0,0,0,0,
3,0,1,0,0,0,0,0,0,0,1,
2,0,0,0,0,0,0,0,0,0,0,
2,0,0,0,0,0,0,0,0,0,0,
2,0,1,0,0,0,0,0,0,0,0,
2,0,1,0,0,0,0,0,0,0,1,
2,0,1,0,0,0,1,0,0,0,1,
3,0,1,0,0,0,1,0,1,0,1,
3,0,1,0,1,0,1,0,1,0,1,
3,0,1,0,1,0,1,0,1,0,1,
3,0,1,0,1,0,1,0,1,0,1,
3,0,1,1,1,1,1,1,1,0,1,
3,0,1,1,1,0,1,1,1,0,1,
3,0,1,1,1,0,1,1,1,0,1,
3,0,1,1,1,0,1,1,1,0,1,
3,0,0,0,0,0,0,0,0,0,0,
3,0,0,0,0,0,0,0,0,0,0,
2,0,0,0,0,0,0,0,0,0,0,
2,0,0,0,0,0,0,0,0,0,0,
2,0,0,0,0,0,0,0,0,0,0,
2,0,0,0,0,0,0,0,0,0,0,
2,0,0,0,0,0,0,0,0,0,0,
2,0,0,0,0,0,0,0,0,0,0,
4,0,1,0,0,0,0,0,0,0,1,
2,0,0,0,0,0,0,0,0,0,0,
2,0,1,0,0,0,0,0,0,0,1,
3,0,1,0,0,0,1,0,1,0,1,
3,0,1,0,1,0,1,0,1,0,1,
3,0,1,0,1,0,1,0,1,0,1,
3,0,1,0,1,0,1,0,1,0,1,
3,0,1,0,1,0,1,0,1,0,1,
3,0,0,0,0,0,0,0,0,0,0,
3,0,1,1,1,0,1,1,1,0,1,
3,0,1,1,1,1,1,1,1,0,1,
3,0,0,0,0,0,0,0,0,0,0,
3,0,0,0,0,0,0,0,0,0,0,
3,0,1,1,1,0,1,1,1,0,1,
2,0,0,0,0,0,0,0,0,0,0,
2,0,0,0,0,0,0,0,0,0,0,
2,0,0,0,0,0,0,0,0,0,0,
2,0,0,0,0,0,0,0,0,0,0,
2,0,0,0,0,0,0,0,0,0,0,
2,0,0,0,0,0,0,0,0,0,0,
2,0,1,0,0,0,0,0,1,0,1,
5,0,1,0,0,0,0,0,0,0,1,
3,0,1,0,0,0,1,0,1,0,1,
5,0,1,0,1,0,1,0,1,0,1,
3,0,1,0,1,0,1,0,1,0,1,
3,0,1,0,1,0,1,0,1,0,1,
3,0,1,0,1,0,1,0,1,0,1,
3,0,1,1,1,0,1,1,1,0,1,
3,0,1,1,1,0,1,1,1,0,1,
3,0,1,1,1,0,1,1,1,0,1,
3,0,1,1,1,1,1,1,1,0,1,
3,0,0,0,0,0,0,0,0,0,0,
3,0,0,0,0,0,0,0,0,0,0,
2,0,0,0,0,0,0,0,0,0,0,
2,0,0,0,0,0,0,0,0,0,0,
2,0,0,0,0,0,0,0,0,0,0,
3,0,0,0,0,0,0,0,0,0,0,
2,0,0,0,0,0,0,0,0,0,0,
2,0,0,0,0,0,0,0,0,0,0,
2,0,1,0,0,0,1,0,1,0,1,
3,0,1,0,0,0,1,0,1,0,1,
3,0,1,0,0,0,1,0,1,0,1,
3,0,1,0,0,0,1,0,1,0,1,
4,0,1,0,1,0,1,0,1,0,1,
3,0,1,0,1,0,1,0,1,0,1,
3,0,1,1,1,0,1,1,1,0,1,
3,0,1,1,1,0,1,1,1,0,1,
3,1,1,1,1,1,1,1,1,0,1,
3,0,1,1,1,0,1,1,1,0,1,
3,0,1,1,1,0,1,1,1,0,1,
3,0,0,0,0,0,0,0,0,0,0,
2,0,0,0,0,0,0,0,0,0,0,
2,0,0,0,0,0,0,0,0,0,0,
2,0,0,0,0,0,0,0,0,0,0,
2,0,0,0,0,0,0,0,0,0,0,
2,0,0,0,0,0,0,0,0,0,0,
2,0,0,0,0,0,0,0,0,0,0,
2,0,0,0,0,0,0,0,0,0,1,
4,0,0,0,0,0,0,0,0,0,1,
2,0,1,0,0,0,1,0,1,0,1,
3,0,1,0,0,0,1,0,1,0,1,
3,0,1,0,0,0,1,0,1,0,1,
3,0,1,0,1,0,1,0,1,0,1,
3,0,1,0,1,0,1,0,1,0,1,
3,0,1,0,1,0,1,0,1,0,1,
3,0,1,0,1,0,1,0,1,0,1,
3,0,1,1,1,0,1,1,1,0,1,
3,0,1,1,1,0,1,1,1,0,1,
3,1,1,1,1,0,1,1,1,0,1,
2,0,0,0,0,0,0,0,0,0,0,
2,0,0,0,0,0,0,0,0,0,0,
2,0,0,0,0,0,0,0,0,0,0,
3,0,0,0,0,0,0,0,0,0,0,
2,0,0,0,0,0,0,0,0,0,0,
2,0,0,0,0,0,0,0,0,0,0,
3,0,1,1,1,0,1,1,1,0,1,
2,0,1,0,0,0,0,0,0,0,1,
2,0,1,0,0,0,1,0,0,0,1,
3,0,1,0,1,0,1,0,1,0,1,
5,0,1,0,0,0,1,0,1,0,1,
3,0,1,0,1,0,1,0,1,0,1,
4,0,0,0,0,0,0,0,0,0,1,
3,0,1,1,1,0,1,1,1,0,1,
3,0,1,1,1,0,1,1,1,0,1,
3,0,1,1,1,0,1,1,1,0,1,
3,1,1,1,1,0,1,1,1,0,1,
2,0,0,0,0,0,0,0,0,0,0,
2,0,0,0,0,0,0,0,0,0,0,
2,0,0,0,0,0,0,0,0,0,0,
2,0,0,0,0,0,0,0,0,0,0,
4,0,0,0,1,0,0,0,1,0,0,
2,0,0,0,0,0,0,0,0,0,1,
2,0,1,0,0,0,1,0,1,0,1,
3,0,1,0,0,0,1,0,1,0,1,
4,0,0,0,0,0,0,0,0,0,0,
3,0,1,0,1,0,1,0,1,0,1,
3,0,1,0,1,0,1,0,1,0,1,
3,0,1,0,1,0,1,0,1,0,1,
3,0,1,1,1,0,1,1,1,0,1,
3,0,1,1,1,0,1,1,1,0,1,
3,0,0,0,0,0,0,0,0,0,0,
3,0,0,0,0,0,0,0,0,0,0,
2,0,0,0,0,0,0,0,0,0,0,
2,0,0,0,0,0,0,0,0,0,0,
2,0,0,0,0,0,0,0,0,0,0,
2,0,0,0,0,0,0,0,0,0,0,
2,0,0,0,0,0,0,0,0,0,1,
2,0,1,0,0,0,1,0,0,0,1,
3,0,1,0,0,0,1,0,1,0,1,
3,0,1,0,1,0,1,0,1,0,1,
3,0,1,0,1,0,1,0,1,0,1,
3,0,1,1,1,0,1,1,1,0,1,
3,0,1,1,1,1,1,1,1,0,1,
3,0,1,1,1,0,1,1,1,0,1,
3,0,1,1,1,0,1,1,1,0,1,
3,0,1,1,1,0,1,1,1,0,1,
3,0,0,0,0,0,0,0,0,0,0,
2,0,0,0,0,0,0,0,0,0,0,
2,0,0,0,0,0,0,0,0,0,0,
2,0,0,0,0,0,0,0,0,0,0,
2,0,0,0,0,0,0,0,0,0,0,
2,0,0,0,0,0,0,0,0,0,0,
2,0,1,0,0,0,0,0,0,0,1,
2,0,1,0,0,0,1,0,0,0,1,
3,0,1,0,0,0,1,0,1,0,1,
3,0,1,0,1,0,1,0,1,0,1,
3,0,1,0,1,0,1,0,1,0,1,
3,0,1,0,1,0,1,0,1,0,1,
3,0,1,1,1,0,1,1,1,0,1,
3,0,1,1,1,0,1,1,1,0,1,
3,0,1,1,1,0,1,1,1,0,1,
3,0,1,1,1,0,1,1,1,0,1,
3,0,0,0,0,0,0,0,0,0,0,
3,0,1,1,1,0,1,1,1,0,1,
2,0,0,0,0,0,0,0,0,0,0,
2,0,0,0,0,0,0,0,0,0,0,
2,0,0,0,0,0,0,0,0,0,0,
5,0,0,0,0,0,0,0,0,0,0,
2,0,0,0,0,0,0,0,0,0,1,
4,0,0,0,0,0,0,0,0,0,0,
3,0,1,0,0,0,1,0,1,0,1,
3,0,1,0,0,0,1,0,1,0,1,
3,0,1,0,0,0,1,0,1,0,1,
3,0,1,0,1,0,1,0,1,0,1,
3,0,1,0,1,0,1,0,1,0,1,
3,0,1,0,1,0,1,0,1,0,1,
3,0,1,0,1,0,1,0,1,0,1,
3,0,1,1,1,0,1,1,1,0,1,
3,0,1,1,1,0,1,1,1,0,1,
3,0,1,1,1,0,1,1,1,0,1,
3,0,1,1,1,1,1,1,1,0,1,
3,0,0,0,0,0,0,0,0,0,0,
3,0,0,0,0,0,0,0,0,0,0,
2,0,0,0,0,0,0,0,0,0,0,
4,0,0,0,0,0,0,0,0,0,0,
2,0,0,0,0,0,0,0,0,0,0,
2,0,0,0,0,0,0,0,0,0,0,
2,0,0,0,0,0,0,0,0,0,0,
2,0,0,0,0,0,0,0,0,0,0,
2,0,0,0,0,0,0,0,0,0,0,
2,0,0,0,0,0,0,0,0,0,1,
3,0,1,0,1,0,1,0,1,0,1,
3,0,1,0,0,0,1,0,1,0,1,
3,0,1,0,0,0,1,0,1,0,1,
3,0,1,0,1,0,1,0,1,0,1,
4,0,0,0,0,0,0,0,0,0,0,
3,0,1,0,1,0,1,0,1,0,1,
3,0,1,0,1,0,1,0,1,0,1,
3,0,1,1,1,0,1,1,1,0,1,
3,0,1,1,1,0,1,1,1,0,1,
3,0,1,1,1,0,1,1,1,0,1,
3,0,0,0,0,0,0,0,0,0,0,
2,0,0,0,0,0,0,0,1,0,0,
2,0,0,0,0,0,0,0,0,0,0,
3,0,1,1,1,0,1,1,1,0,1,
2,0,0,0,0,0,0,0,0,0,0,
3,0,0,0,0,0,0,0,1,0,0,
3,0,0,0,1,0,0,0,1,0,0,
3,0,0,0,1,0,0,0,1,0,0,
3,0,0,0,1,0,0,0,1,0,0,
3,0,0,0,1,0,0,0,1,0,1,
3,0,1,0,1,0,1,0,1,0,1,
3,0,1,0,1,0,1,0,1,0,1,
3,0,1,0,1,0,1,0,1,0,1,
3,0,1,0,1,0,1,0,1,0,1,
3,0,1,0,1,0,1,0,1,0,1,
3,0,1,0,1,0,1,0,1,0,1,
4,0,1,0,1,0,1,1,1,0,1,
3,0,0,0,0,0,0,0,0,0,0,
3,1,1,1,1,1,1,1,1,0,1,
3,0,0,0,0,0,0,0,0,0,0,
2,0,0,0,0,0,0,0,0,0,0,
2,0,0,0,0,0,0,0,0,0,0,
3,0,0,0,0,0,0,0,0,0,1,
3,0,1,0,0,0,1,0,0,0,1,
5,0,1,0,0,0,1,0,1,0,1,
3,0,1,0,0,0,1,0,1,0,1,
5,0,1,0,0,0,1,0,1,0,1,
3,0,1,0,1,0,1,1,1,0,1,
3,0,1,0,0,0,1,0,1,0,1,
3,0,1,0,1,0,1,0,1,0,1,
3,0,1,0,0,0,1,0,0,0,1,
3,0,1,0,0,0,1,0,1,0,1,
3,0,1,0,1,0,1,0,1,0,1,
3,0,1,0,1,0,1,0,1,0,1,
3,0,1,0,1,0,1,0,1,0,1,
3,0,0,0,0,0,0,0,1,0,0,
3,0,0,0,0,0,0,0,0,0,0,
3,0,0,0,0,0,0,0,0,0,0,
4,0,1,0,0,0,1,0,1,0,1,
4,1,1,1,1,1,1,1,1,0,1,
3,0,1,0,1,0,1,0,1,0,1,
5,0,1,0,0,0,1,0,1,0,1,
3,0,1,1,1,0,1,1,1,0,1,
3,0,1,0,1,0,1,0,1,0,1,
3,0,1,1,1,0,1,0,1,0,1,
2,0,0,0,0,0,0,0,0,0,0,
2,0,0,0,0,0,0,0,0,0,1,
2,0,0,0,0,0,0,0,0,0,1,
3,0,1,0,0,0,1,0,0,0,1,
3,0,1,0,0,0,1,0,1,0,1,
3,0,1,0,0,0,1,0,1,0,1,
3,0,1,0,1,0,1,0,1,0,1,
3,0,1,0,1,0,1,0,1,0,1,
3,0,1,1,1,0,1,1,1,0,1,
3,0,1,0,1,0,1,1,1,0,1,
3,0,1,1,1,1,1,1,1,0,1,
3,0,1,1,1,0,1,1,1,0,1,
3,1,1,1,1,1,1,1,1,0,1,
3,0,0,0,0,0,0,0,0,0,0,
2,0,0,0,0,0,0,0,0,0,0,
2,0,0,0,0,0,0,0,0,0,0,
4,0,1,1,1,0,1,1,1,0,1,
2,0,0,0,0,0,0,0,0,0,0,
2,0,0,0,0,0,0,0,0,0,0,
3,0,1,0,0,0,0,0,0,0,1,
2,0,0,0,0,0,0,0,0,0,0,
2,0,1,0,0,0,0,0,0,0,1,
3,1,1,0,0,1,0,0,0,0,1,
3,0,1,1,1,0,1,1,1,0,1,
3,0,1,0,0,0,1,0,1,0,1,
3,0,1,0,1,0,1,0,1,0,1,
3,1,1,0,1,0,1,1,1,1,1,
3,0,1,0,1,0,1,1,1,0,1,
3,0,1,0,1,0,1,1,1,0,1,
3,0,1,1,1,0,1,1,1,0,1,
3,0,1,1,1,0,1,1,1,0,1,
3,0,1,1,1,0,1,1,1,0,1,
3,0,0,0,0,0,0,0,0,0,0,
2,0,1,0,0,0,0,0,0,0,1,
2,0,0,0,0,0,0,0,0,0,0,
2,0,0,0,0,0,0,0,0,0,0,
2,0,0,0,0,0,0,0,0,0,0,
5,0,0,0,0,0,0,0,0,0,0,
2,0,0,0,0,0,0,0,0,0,0,
3,0,1,1,1,0,1,1,1,0,1,
2,0,0,0,0,0,0,0,0,0,0,
3,0,1,0,0,0,1,0,0,0,1,
3,0,1,0,0,0,1,0,0,0,1,
3,0,1,0,0,0,1,0,0,0,1,
3,0,1,0,0,0,1,0,1,0,1,
3,0,1,0,1,0,1,0,1,0,1,
3,0,1,0,1,0,1,1,1,0,1,
3,0,1,0,1,0,1,1,1,0,1,
5,3,3,3,3,3,3,3,3,0,3,
3,0,1,1,1,0,1,1,1,0,1,
3,0,1,1,1,0,1,1,1,1,1,
3,0,0,0,0,0,0,0,0,0,0,
2,0,0,0,0,0,0,0,0,0,0,
4,2,0,0,0,2,0,0,0,2,0,
4,0,0,0,0,0,0,0,0,0,0,
2,0,0,0,0,0,0,0,0,0,0,
2,0,0,0,0,0,0,0,0,0,0,
2,0,0,0,0,0,0,0,0,0,1,
2,0,0,0,0,0,0,0,0,0,1,
4,0,1,1,1,0,1,1,1,0,1,
5,0,3,3,3,0,3,3,3,0,3,
2,0,1,0,0,0,1,0,0,0,1,
3,0,1,0,0,0,1,0,0,0,1,
3,0,1,0,0,0,1,0,0,0,1,
3,0,1,0,0,0,1,0,1,0,1,
3,0,1,0,1,0,1,0,1,0,1,
3,0,1,0,1,0,1,0,1,0,1,
5,0,3,0,1,0,3,0,1,0,3,
3,0,1,1,1,0,1,1,1,0,1,
3,0,1,1,1,0,1,1,1,0,1,
3,0,1,1,1,0,1,1,1,0,1,
3,0,1,1,1,0,1,1,1,0,1,
3,0,0,0,0,0,0,0,0,0,0,
4,0,1,0,0,0,0,0,0,0,1,
2,0,0,0,0,0,0,0,0,0,0,
2,0,0,0,0,0,0,0,0,0,0,
2,0,0,0,0,0,0,0,0,0,0,
2,0,0,0,0,0,0,0,0,0,0,
2,0,0,0,0,0,0,0,0,0,0,
2,0,0,0,0,0,0,0,0,0,0,
2,0,0,0,0,0,0,0,0,0,0,
2,0,0,0,0,0,0,0,0,0,1,
2,0,0,0,0,0,0,0,0,0,1,
2,0,1,0,0,0,0,0,0,0,1,
3,0,1,0,0,0,1,0,0,0,1,
3,0,1,0,0,0,1,0,1,0,1,
3,0,1,0,1,0,1,0,1,0,1,
3,0,1,1,1,0,1,1,1,0,1,
3,0,1,0,1,0,1,1,1,0,1,
3,0,1,1,1,0,1,1,1,0,1,
3,0,1,1,1,0,1,1,1,0,1,
3,0,0,0,0,0,0,0,0,0,0,
3,1,1,1,1,1,1,1,1,0,1,
3,1,1,1,1,1,1,1,1,0,1,
2,0,0,0,0,0,0,0,0,0,0,
5,0,0,0,0,0,0,0,0,0,0,
2,0,0,0,0,0,0,0,0,0,0,
4,0,1,0,1,0,1,0,1,0,1,
2,0,0,0,0,0,0,0,0,0,0,
2,0,0,0,0,0,0,0,0,0,0,
2,0,0,0,0,0,0,0,0,0,0,
2,0,0,0,0,0,0,0,0,0,1,
2,0,1,0,0,0,0,0,0,0,1,
3,0,1,0,0,0,1,0,0,0,1,
3,0,1,0,1,0,1,0,1,0,1,
3,0,1,0,1,0,1,0,1,0,1,
3,0,1,0,1,0,1,0,1,0,1,
3,0,1,0,1,0,1,0,1,0,1,
3,0,1,1,1,0,1,1,1,0,1,
3,0,1,1,1,0,1,1,1,0,1,
3,0,1,1,1,0,1,1,1,0,1,
3,0,1,1,1,0,1,1,1,0,1,
4,0,0,0,0,0,0,0,0,0,0,
3,0,0,0,0,0,0,0,0,0,0,
2,0,0,0,0,0,0,0,0,0,0,
2,0,0,0,0,0,0,0,0,0,0,
2,0,0,0,0,0,0,0,0,0,0,
2,0,0,0,0,0,0,0,0,0,0,
7,0,0,0,0,0,0,0,0,0,0,
2,0,0,0,0,0,0,0,0,0,0,
2,0,0,0,0,0,0,0,0,0,1,
3,0,1,0,0,0,1,0,0,0,1,
2,0,1,0,0,0,1,0,0,0,1,
3,0,1,0,0,0,1,0,1,0,1,
3,0,1,0,1,0,1,0,1,0,1,
4,0,2,0,1,0,2,0,1,0,2,
3,0,1,1,1,1,1,1,1,0,1,
6,0,4,1,4,1,4,1,4,0,4,
3,0,1,1,1,1,1,1,1,0,1,
3,0,1,1,1,0,1,1,1,0,1,
4,0,0,0,0,0,0,0,0,0,1,
7,0,0,0,0,0,0,0,0,0,1,
4,0,1,0,0,0,1,0,0,0,1,
3,0,0,0,0,0,0,0,0,0,1,
3,0,1,0,1,0,1,0,1,0,1,
3,0,1,0,1,0,1,0,1,0,1,
3,0,1,0,1,0,1,0,1,0,1,
3,0,1,1,1,0,1,1,1,0,1,
3,0,1,1,1,0,1,1,1,0,1,
3,0,0,0,0,0,0,0,0,0,0,
4,0,0,0,0,0,0,0,0,0,0,
3,0,0,0,0,0,0,0,0,0,0,
3,0,0,0,0,0,0,0,0,0,0,
4,0,0,0,0,0,0,0,0,0,0,
3,0,0,0,0,0,0,0,0,0,0,
3,0,0,0,0,0,0,0,0,0,0,
3,0,0,0,0,0,0,0,0,0,0,
3,0,0,0,0,0,0,0,0,0,0,
3,0,0,0,0,0,0,0,0,0,0,
3,0,0,0,0,0,0,0,0,0,0,
3,0,0,0,0,0,0,0,0,0,0,
3,0,0,0,0,0,0,0,0,0,1,
2,0,0,0,0,0,0,0,0,0,0,
3,0,0,0,0,0,0,0,0,0,0,
2,0,0,0,0,0,0,0,0,0,0,
2,0,0,0,0,0,0,0,0,0,0,
2,0,0,0,0,0,0,0,0,0,0,
2,0,0,0,0,0,0,0,0,0,0,
2,0,0,0,0,0,0,0,0,0,0,
2,0,0,0,0,0,0,0,0,0,1,
3,0,1,0,0,0,1,0,1,0,1,
5,1,0,0,0,2,0,0,0,2,0,
3,0,0,0,0,0,0,0,0,0,0,
3,0,0,0,0,0,0,0,0,0,0,
3,0,0,0,0,0,0,0,0,0,0,
3,0,1,1,1,0,1,1,1,0,1,
3,0,0,0,0,0,0,0,0,0,0,
4,0,1,0,0,0,1,0,0,0,1,
3,0,0,0,0,0,0,0,0,0,0,
3,0,0,0,0,0,0,0,0,0,0,
5,0,0,0,0,0,0,0,0,0,0,
2,0,0,0,0,0,0,0,0,0,0,
2,0,0,0,0,0,0,0,0,0,0,
2,0,0,0,0,0,0,0,0,0,0,
3,0,1,0,0,0,1,0,0,0,1,
3,0,1,0,0,0,1,0,1,0,1,
7,0,4,3,3,0,4,3,4,0,4,
4,0,2,1,1,0,2,2,2,0,2,
3,0,1,1,1,0,1,1,1,0,1,
3,0,1,1,1,0,1,1,1,0,1,
3,0,1,0,1,0,1,0,1,0,1,
3,0,1,0,1,0,1,0,1,0,1,
5,0,0,0,0,0,0,0,0,0,0,
3,0,1,1,1,1,1,1,1,0,1,
4,1,1,1,1,1,1,1,1,0,2,
4,0,1,0,1,0,1,0,1,0,1,
3,0,0,0,0,0,0,0,0,0,1,
4,0,0,0,0,0,0,0,0,0,1,
4,0,1,0,0,0,1,0,0,0,1,
3,0,1,0,0,0,1,0,0,0,1,
3,0,1,0,0,0,1,0,0,0,1,
3,0,1,0,0,0,1,0,0,0,1,
