31,3,0,0,3,2,1,0,3,1,0,3,3,1,0,2,3,1,0,3,2,
12,3,0,1,3,2,1,0,3,1,1,3,3,1,1,3,3,1,1,3,3,
13,2,0,0,3,2,0,0,2,0,0,2,3,0,0,3,3,1,0,3,2,
12,3,0,1,3,2,1,0,3,1,0,3,3,1,1,3,3,1,1,3,2,
14,3,0,1,3,2,1,1,3,1,1,3,3,1,1,3,3,1,1,3,3,
12,3,0,1,3,2,1,1,3,1,1,3,3,1,1,2,3,1,1,3,3,
12,3,0,1,3,2,1,0,3,1,0,3,3,1,1,3,3,1,1,3,2,
12,3,0,1,3,2,1,0,3,1,0,3,3,1,1,3,3,1,1,3,3,
12,3,0,1,3,3,1,1,3,1,1,3,3,1,1,3,4,1,1,3,3,
12,2,0,0,2,2,0,0,2,0,0,2,2,0,0,2,3,0,0,2,2,
12,2,0,0,3,2,0,0,2,0,0,2,2,0,0,2,3,0,0,2,2,
12,2,0,0,2,2,0,0,2,0,0,2,2,0,0,2,3,0,0,2,2,
12,2,0,0,3,2,0,0,2,0,0,2,3,0,0,2,3,0,0,3,2,
12,2,0,0,3,1,0,0,2,0,0,2,3,0,0,2,3,0,0,2,2,
12,2,0,0,3,2,0,0,2,0,0,2,3,0,0,2,3,0,0,3,2,
12,2,0,0,3,2,0,0,2,0,0,2,3,0,0,2,3,0,0,3,2,
12,2,0,0,3,2,1,0,2,0,0,2,3,0,0,2,3,1,0,2,2,
13,3,0,0,3,2,1,0,3,0,0,3,3,1,0,2,3,1,0,3,2,
13,2,0,0,3,2,1,0,2,1,0,2,3,0,0,2,3,1,0,2,2,
13,3,0,0,3,2,1,0,3,1,0,3,3,1,0,2,3,1,0,3,2,
14,3,0,1,3,3,1,1,3,1,1,3,3,1,1,3,3,1,1,4,3,
11,3,0,0,3,2,1,0,3,1,0,3,3,0,0,2,3,1,1,3,2,
12,2,0,0,3,2,0,0,3,0,0,2,3,1,0,2,3,1,1,2,2,
12,3,0,0,3,2,1,0,3,1,0,3,3,0,0,2,3,1,0,3,2,
12,3,0,0,3,2,1,0,3,1,0,3,3,1,0,2,3,1,0,3,2,
244,142,0,121,158,74,93,58,143,60,157,172,189,43,111,128,205,103,169,185,92,
193,120,0,100,137,52,71,37,121,38,135,150,167,22,89,106,183,81,147,163,71,
141,68,0,47,84,1,19,0,68,0,83,97,114,0,37,54,130,28,94,110,18,
89,12,1,0,29,1,2,0,12,2,27,41,59,2,0,1,75,2,39,55,2,
38,3,0,1,3,2,1,1,3,1,1,3,12,1,1,3,28,1,1,9,3,
12,1,0,0,2,0,0,0,2,0,0,0,2,0,0,0,2,0,0,1,1,
12,3,0,1,3,2,1,1,3,1,1,3,3,1,1,3,3,1,1,3,3,
12,3,0,1,3,2,1,1,3,1,1,3,3,1,1,2,3,1,1,3,3,
12,3,0,1,3,2,2,1,3,2,1,3,3,1,1,2,3,2,1,3,3,
12,3,0,1,3,2,1,1,3,1,1,3,3,1,1,2,3,1,1,3,3,
12,3,0,1,3,2,1,1,3,1,1,3,3,1,1,2,4,1,1,3,3,
12,3,0,1,3,2,1,1,3,1,1,3,3,1,1,2,3,1,1,3,3,
12,3,0,1,3,2,1,1,3,1,1,3,3,1,1,2,4,1,1,3,3,
12,2,0,0,2,1,0,0,2,0,0,2,2,0,0,1,3,0,0,2,2,
12,2,0,0,2,1,0,0,2,0,0,2,2,0,0,1,3,0,0,2,2,
12,2,0,0,2,1,0,0,2,0,0,2,3,0,0,2,3,1,0,2,2,
14,2,0,0,4,1,0,0,4,0,0,2,4,0,0,2,4,1,0,2,3,
12,2,0,0,3,1,0,0,2,0,0,2,3,0,0,2,3,1,0,2,2,
12,2,0,0,3,2,0,0,3,0,0,2,3,0,1,2,3,1,1,2,2,
11,2,0,0,3,1,0,0,2,0,0,2,3,0,0,2,3,1,0,2,2,
11,2,0,0,3,2,0,0,3,0,0,2,3,0,0,2,3,1,0,2,2,
11,2,0,0,3,2,0,1,3,0,0,2,3,0,1,2,3,1,1,2,2,
12,3,0,1,3,2,1,0,3,1,0,3,3,1,1,2,3,1,1,3,2,
11,2,0,1,3,2,1,1,3,1,0,2,3,0,1,2,3,1,1,2,2,
12,2,0,1,3,2,0,0,3,1,0,2,3,0,1,2,3,1,1,2,2,
12,2,0,1,3,2,0,1,3,0,0,2,3,0,1,2,3,1,1,2,2,
12,2,0,1,3,2,1,1,3,1,1,2,3,0,1,2,3,1,1,2,2,
12,3,0,1,3,2,1,1,3,1,1,2,3,0,1,2,3,1,1,3,2,
12,3,0,1,3,2,1,1,3,1,1,3,3,1,1,2,3,1,1,3,3,
12,2,0,1,3,2,1,1,3,1,1,2,3,0,1,2,3,1,1,3,3,
12,3,0,1,3,2,1,1,3,1,1,2,3,0,1,2,3,1,1,3,3,
14,4,0,3,5,4,0,3,5,0,3,4,5,0,3,4,6,1,3,4,5,
12,3,0,1,3,2,1,1,3,1,0,3,3,1,1,2,3,1,1,3,3,
12,2,0,0,2,1,0,0,2,0,0,2,2,0,0,1,3,0,0,2,2,
12,3,0,1,3,2,1,1,3,1,1,3,3,1,1,2,4,1,1,3,3,
12,2,0,0,2,1,0,0,2,0,0,2,2,0,0,1,3,0,0,2,2,
12,2,0,0,2,1,0,0,2,0,0,2,2,0,0,1,3,0,0,2,2,
12,2,0,0,2,1,0,0,2,0,0,2,2,0,0,2,3,0,0,2,2,
12,2,0,0,2,1,0,0,2,0,0,2,2,0,0,2,3,1,0,2,2,
12,3,0,0,3,2,0,0,3,0,0,3,3,0,0,2,3,1,0,3,2,
21,2,0,0,2,1,0,0,2,0,0,2,3,0,0,2,3,0,0,2,2,
12,2,0,0,3,2,0,0,3,0,0,2,3,0,1,2,3,1,0,2,2,
11,2,0,0,3,1,0,0,2,0,0,2,3,0,0,2,3,1,0,2,2,
11,2,0,0,3,2,0,0,3,0,0,2,3,0,0,2,3,1,1,2,2,
16,5,0,0,3,5,0,0,3,0,0,5,3,0,1,5,3,1,0,5,2,
12,2,0,1,3,2,1,1,3,1,0,2,3,0,1,2,3,1,1,2,2,
14,2,0,1,3,2,1,1,3,1,1,2,3,0,1,2,3,1,1,2,2,
11,2,1,1,3,2,1,1,3,0,0,2,3,1,0,2,3,1,1,2,2,
11,2,0,0,3,2,1,0,3,1,0,2,3,0,0,2,3,1,1,2,2,
11,2,0,1,3,2,0,1,3,1,0,2,3,0,1,2,3,1,1,2,2,
12,2,0,1,3,2,1,1,3,1,0,2,3,0,1,2,3,1,1,3,3,
12,2,0,1,3,2,1,1,3,1,1,2,3,0,1,2,3,1,1,3,2,
12,3,0,1,3,2,1,1,3,1,0,3,3,0,1,2,3,1,1,3,3,
12,2,0,0,2,1,0,0,2,0,0,2,3,0,0,2,3,0,0,2,2,
12,2,0,1,3,2,1,1,3,1,1,2,3,0,1,2,3,1,1,3,3,
12,3,0,1,3,2,1,1,3,1,1,2,3,1,1,2,3,1,1,3,3,
12,3,0,1,3,2,1,1,3,1,1,3,3,1,1,2,3,1,1,3,3,
12,3,0,1,3,2,1,1,3,1,1,3,3,1,1,2,3,1,1,3,3,
12,3,0,1,3,2,1,1,3,1,1,3,3,1,1,2,3,1,1,3,3,
12,2,0,0,2,1,0,0,2,0,0,2,2,0,0,1,3,0,0,2,2,
12,2,0,0,2,1,0,0,2,0,0,2,2,0,0,1,3,0,0,2,2,
12,2,0,0,2,1,0,0,2,0,0,2,2,0,0,2,3,0,0,2,2,
12,2,0,0,2,1,0,0,3,0,0,2,3,0,0,2,3,0,0,2,2,
12,2,0,0,2,1,0,0,2,0,0,2,2,0,0,2,3,0,0,2,2,
12,2,0,0,3,1,0,0,2,0,0,2,2,0,0,2,3,0,0,2,2,
12,2,0,0,3,1,0,0,3,0,0,2,3,0,0,2,3,0,0,2,2,
12,2,0,0,3,1,0,0,3,0,0,2,3,0,0,2,3,1,0,2,2,
15,4,0,3,5,4,0,3,5,0,3,4,5,0,3,4,5,0,3,4,4,
11,2,0,0,3,1,0,0,3,0,0,2,3,0,0,2,3,0,0,2,2,
13,2,0,0,3,2,0,0,3,0,0,2,3,0,0,2,3,1,0,2,2,
11,2,0,0,3,2,1,0,3,0,0,2,3,0,0,2,3,1,1,2,2,
11,2,0,0,3,2,1,1,3,1,0,2,3,0,1,2,3,1,1,2,2,
12,2,0,1,3,2,1,1,3,1,0,2,3,0,1,2,3,1,1,2,2,
12,2,0,1,3,2,1,1,3,1,0,2,3,0,1,2,3,1,1,2,2,
12,2,0,1,3,2,1,1,3,1,1,2,3,0,0,2,3,1,1,2,2,
14,4,0,0,2,3,1,0,2,1,0,4,2,1,0,4,3,1,0,4,2,
12,2,0,1,3,2,1,1,3,1,0,2,3,0,1,2,3,1,1,3,3,
15,1,1,0,2,1,1,0,2,0,0,1,2,1,1,1,3,0,0,1,2,
12,2,0,1,3,2,1,1,3,1,1,2,3,1,1,2,3,1,1,3,3,
12,2,0,1,3,2,1,1,3,1,1,2,3,1,1,2,3,1,1,3,3,
12,3,0,1,3,2,1,1,3,1,1,3,3,1,1,2,3,1,1,3,3,
12,3,0,1,3,2,1,1,3,1,1,3,3,1,1,2,4,1,1,3,3,
12,3,0,1,3,2,1,1,3,1,1,3,3,1,1,2,4,1,1,3,3,
12,2,0,0,3,1,0,0,2,0,0,2,2,0,0,2,3,0,0,2,2,
12,2,0,0,3,1,0,0,2,0,0,2,3,0,0,2,3,1,0,2,2,
12,2,0,0,2,1,0,0,2,0,0,2,2,0,0,1,3,0,0,2,2,
12,2,0,0,3,1,0,0,2,0,0,2,3,0,0,2,3,0,0,2,2,
12,2,0,0,3,1,0,0,2,0,0,2,2,0,0,2,3,0,0,2,2,
12,2,0,0,3,1,0,0,2,0,0,2,3,0,0,2,3,0,0,2,2,
12,2,0,0,2,1,0,0,2,0,0,2,3,0,0,2,3,0,0,2,2,
12,2,0,0,3,1,0,0,2,0,0,2,3,0,0,2,3,0,0,2,2,
12,2,0,0,3,1,0,0,3,0,0,2,3,0,0,2,3,1,0,3,2,
11,2,0,0,3,1,0,0,3,0,0,2,3,0,0,2,3,0,0,2,2,
11,2,0,0,3,2,0,0,3,0,0,2,3,0,0,2,3,1,1,2,2,
11,2,0,0,3,2,0,0,3,0,0,2,3,0,0,2,3,1,1,3,2,
12,2,0,0,3,2,1,1,3,0,0,2,3,0,0,2,3,1,1,3,2,
11,2,0,1,3,2,1,1,3,1,0,2,3,0,0,2,3,1,1,3,2,
11,2,0,1,3,2,1,1,3,0,0,2,3,0,1,2,3,1,1,2,2,
14,2,0,0,3,2,0,0,3,0,0,2,3,0,0,2,3,0,1,2,2,
12,2,0,1,3,2,1,1,3,1,0,2,3,0,1,2,3,1,1,3,2,
12,2,0,1,3,2,1,1,3,1,0,2,3,0,1,2,3,1,1,3,3,
12,2,0,1,3,2,1,1,3,1,1,2,3,1,1,2,3,1,1,3,3,
12,3,0,1,3,2,1,1,3,1,1,3,3,1,1,2,4,1,1,3,3,
12,3,0,1,3,2,1,1,3,1,1,3,3,1,1,2,4,1,1,3,3,
12,3,0,1,3,2,1,1,3,1,1,3,3,1,1,2,4,1,1,3,3,
12,3,0,1,3,2,1,1,3,1,1,3,3,1,1,2,3,1,1,3,3,
14,2,1,0,2,1,2,0,2,1,0,2,2,1,0,1,2,2,0,2,2,
12,3,0,1,3,2,1,1,3,1,1,3,3,1,1,2,4,1,1,3,3,
12,3,0,1,3,2,1,1,3,1,1,3,3,1,1,2,4,1,1,3,3,
12,3,0,1,3,2,1,1,3,1,1,3,3,1,1,2,4,1,1,3,3,
12,2,0,0,3,1,0,0,2,0,0,2,2,0,0,1,3,0,0,2,2,
17,5,0,0,3,4,0,0,2,0,0,5,2,0,0,4,3,0,0,5,2,
12,2,0,0,3,1,0,0,3,0,0,2,3,0,0,2,3,0,0,2,2,
15,2,0,0,3,1,0,0,2,0,0,2,3,0,0,2,3,0,1,2,2,
12,2,0,0,3,1,1,0,2,0,0,2,3,0,0,2,3,1,0,2,2,
12,2,0,0,3,1,1,0,2,0,0,2,3,0,0,2,3,1,0,2,2,
11,2,0,0,3,1,1,0,2,0,0,2,3,0,0,2,3,1,0,2,2,
11,2,0,0,3,2,0,0,3,0,0,2,3,0,0,2,3,1,0,2,3,
11,2,0,0,3,2,0,0,2,0,0,2,3,0,0,2,3,1,1,2,2,
11,2,0,0,3,2,0,0,3,0,0,2,3,0,0,2,3,1,1,3,3,
12,3,0,1,3,2,1,1,3,1,0,3,3,0,0,2,3,1,1,3,3,
11,2,0,1,3,2,1,1,3,1,0,2,3,0,0,2,3,1,1,3,3,
11,3,0,1,3,2,1,1,3,1,0,3,3,0,0,2,3,1,1,3,3,
11,2,0,0,3,2,1,0,3,1,0,2,3,0,0,2,3,1,1,3,3,
11,2,0,1,3,2,1,1,3,0,0,2,3,0,0,2,3,1,1,3,3,
12,2,0,1,3,2,1,1,3,1,0,2,3,0,0,2,3,1,1,3,3,
12,2,0,1,3,2,1,1,3,1,0,2,3,0,0,2,3,1,1,3,3,
12,2,0,1,3,2,1,1,3,1,0,2,3,1,1,2,3,1,1,3,3,
12,2,0,1,3,2,1,1,3,1,0,2,3,1,0,2,3,1,1,3,3,
13,3,0,1,3,2,1,1,3,1,1,3,3,1,1,2,3,1,1,3,3,
14,2,0,0,3,1,0,0,2,0,0,2,3,0,0,2,3,0,0,2,2,
12,3,0,1,3,2,1,1,3,1,1,3,3,1,1,2,3,1,1,3,3,
12,2,0,0,3,1,0,0,2,0,0,2,2,0,0,2,3,0,0,2,2,
12,2,0,0,3,1,0,0,2,0,0,2,2,0,0,2,3,0,0,2,2,
15,5,0,4,6,5,1,4,6,1,3,5,6,1,4,5,6,1,4,6,6,
12,2,0,0,2,1,0,0,2,0,0,2,2,0,0,2,3,0,0,2,2,
12,2,0,0,3,1,0,0,2,0,0,2,2,0,0,2,3,0,0,2,2,
12,2,0,0,3,1,0,0,2,0,0,2,3,0,0,2,3,0,0,2,2,
12,2,0,0,3,1,0,0,2,0,0,2,3,0,0,2,3,0,0,2,2,
12,2,0,0,3,1,0,0,2,0,0,2,3,0,0,2,3,0,0,2,2,
12,2,0,0,3,1,0,0,2,0,0,2,3,0,0,2,3,1,0,2,2,
11,2,0,0,3,1,0,0,2,0,0,2,3,0,0,2,3,0,0,2,2,
14,4,0,0,2,3,0,0,2,0,0,4,2,0,0,4,2,1,0,4,2,
11,2,0,0,3,2,0,0,3,0,0,2,3,0,0,2,3,1,1,3,2,
15,1,0,0,2,0,0,0,2,0,0,1,2,0,0,0,2,0,0,1,2,
11,2,0,0,3,2,0,0,3,0,0,2,3,0,0,2,3,1,1,3,3,
11,2,0,0,3,2,0,0,3,0,0,2,3,0,0,2,3,1,1,3,2,
11,2,0,0,3,2,1,1,3,1,0,2,3,0,0,2,3,1,1,2,2,
11,2,0,1,3,2,1,1,3,1,0,2,3,0,0,2,3,1,1,3,2,
13,2,0,1,3,2,1,1,3,1,0,2,3,0,0,2,3,1,1,3,2,
12,2,0,1,3,2,1,1,3,1,0,2,3,0,0,2,3,1,1,3,3,
14,3,0,1,3,2,1,1,3,1,1,3,3,0,1,2,3,1,1,3,3,
12,2,0,1,3,2,1,1,3,1,0,2,3,0,1,2,3,1,1,3,3,
12,3,0,1,3,2,1,1,3,1,1,3,3,1,1,2,3,1,1,3,3,
12,3,0,1,3,2,1,1,3,1,1,3,3,1,1,2,3,1,1,3,3,
12,3,0,1,3,2,1,1,3,1,1,3,3,1,1,2,3,1,1,3,3,
12,3,0,1,3,2,1,1,3,1,1,3,3,1,1,2,3,1,1,3,3,
12,3,0,1,3,2,1,1,3,1,1,3,3,1,1,2,3,1,1,3,3,
12,2,0,0,3,1,0,0,2,0,0,2,3,1,0,2,3,0,0,2,2,
12,2,0,0,2,1,0,0,2,0,0,2,2,0,0,1,3,0,0,2,2,
12,2,0,0,3,1,0,0,2,0,0,2,2,0,0,1,3,0,0,2,2,
12,2,0,0,3,1,0,0,2,0,0,2,2,0,0,2,3,0,0,2,2,
12,2,0,0,2,1,0,0,2,0,0,2,3,0,0,2,3,0,0,2,2,
12,2,0,0,3,1,0,0,2,0,0,2,2,0,0,2,3,0,0,2,2,
12,2,0,0,3,1,0,0,2,0,0,2,3,0,0,2,3,0,0,2,2,
14,2,0,0,3,1,0,0,2,0,0,2,3,0,0,2,3,0,0,2,2,
11,2,0,0,3,1,0,0,2,0,0,2,3,0,0,2,3,0,0,2,2,
11,2,0,0,3,2,0,0,2,0,0,2,3,0,0,2,3,1,1,2,2,
11,2,0,0,3,2,0,0,2,0,0,2,3,0,0,2,3,1,0,2,2,
11,2,0,0,3,2,0,0,3,0,0,2,3,0,0,2,3,1,1,2,2,
11,2,0,0,3,2,0,0,3,0,0,2,3,0,0,2,3,1,1,2,2,
11,2,0,0,3,2,0,0,3,0,0,2,3,0,0,2,3,1,1,2,2,
11,2,0,0,3,2,1,0,3,0,0,2,3,0,0,2,3,1,1,2,2,
12,3,0,0,2,2,1,0,2,1,0,3,2,0,0,3,2,1,0,3,2,
12,2,0,1,3,2,1,1,3,1,0,2,3,0,0,2,3,1,1,3,2,
12,2,0,0,2,1,0,0,2,0,0,1,2,0,0,1,2,0,0,2,2,
12,3,0,1,3,2,1,1,3,1,1,2,3,1,1,2,3,1,1,3,3,
12,3,0,1,3,2,1,1,3,1,1,2,3,1,1,2,3,1,1,3,3,
14,6,0,1,3,2,1,1,3,1,1,5,3,1,1,2,3,1,1,6,3,
12,3,0,1,3,2,1,1,3,1,1,3,3,1,1,2,3,1,1,3,3,
12,3,0,1,3,2,1,1,3,1,1,3,3,1,1,2,3,1,1,3,3,
12,3,0,1,3,2,1,1,3,1,1,3,3,1,1,2,3,1,1,3,3,
12,3,0,1,3,2,1,1,3,1,1,3,3,1,1,2,4,1,1,3,3,
12,2,0,0,2,1,0,0,2,0,0,2,2,0,0,2,3,0,0,2,2,
12,2,0,0,2,1,0,0,2,0,0,2,2,0,0,1,3,0,0,2,2,
12,2,0,0,2,1,0,0,2,0,0,2,2,0,0,2,3,0,0,2,2,
31,3,0,0,3,2,0,0,2,0,0,3,3,0,0,2,3,0,0,3,2,
12,2,0,0,3,1,0,0,2,0,0,2,3,0,0,2,3,0,0,2,2,
12,2,0,0,3,1,0,0,2,0,0,2,3,0,0,2,3,0,0,2,2,
11,2,0,0,3,1,0,0,2,0,0,2,3,0,0,2,3,1,0,2,2,
11,2,0,0,3,1,0,0,2,0,0,2,3,0,0,2,3,0,0,2,2,
11,2,0,0,3,1,0,0,2,0,0,2,3,0,0,2,3,1,0,2,2,
11,2,0,0,3,1,0,0,2,0,0,2,3,0,0,2,3,0,0,2,2,
11,2,0,0,3,2,0,0,2,0,0,2,3,0,0,2,3,0,0,2,2,
11,2,0,0,3,2,0,0,2,0,0,2,3,0,0,2,3,0,0,2,2,
11,2,0,0,3,2,0,0,3,0,0,2,3,0,0,2,3,1,1,2,2,
14,5,0,4,6,5,1,4,6,1,4,5,6,1,4,5,6,1,4,5,5,
11,2,0,1,3,2,1,1,3,1,0,2,3,1,0,2,3,1,1,3,3,
11,2,0,1,3,2,1,1,3,1,0,2,3,0,0,2,3,1,1,3,2,
12,2,0,1,3,2,1,1,3,1,0,2,3,0,0,2,3,1,1,3,2,
12,2,0,1,3,2,1,1,3,1,0,2,3,0,0,2,3,1,1,3,3,
12,3,0,1,3,2,1,1,3,1,1,3,3,1,1,2,3,1,1,3,3,
12,3,0,1,3,2,1,1,3,1,1,3,3,1,1,2,3,1,1,3,3,
12,2,0,0,2,1,0,0,2,0,0,2,2,0,0,1,2,0,0,2,2,
14,2,1,0,3,2,2,0,3,2,0,2,3,2,0,2,3,2,0,3,2,
12,3,0,1,3,2,1,1,3,1,1,3,3,1,1,2,3,1,1,3,3,
14,3,0,1,3,2,1,1,3,1,1,3,4,1,1,2,3,1,1,3,3,
12,3,0,1,3,2,1,1,3,1,1,3,4,1,1,2,3,1,1,3,3,
12,3,0,1,3,2,1,1,3,1,1,3,4,1,1,2,3,1,1,3,3,
13,3,0,1,3,2,1,1,3,1,1,3,4,1,1,2,3,1,1,3,3,
13,2,0,0,3,2,0,0,2,0,0,2,3,0,0,2,3,1,1,2,2,
12,2,0,0,3,1,0,0,2,0,0,2,2,0,0,2,3,0,0,2,2,
12,2,0,0,3,1,0,0,2,0,0,2,3,0,0,2,3,0,0,2,2,
12,2,0,0,3,1,0,0,2,0,0,2,2,0,0,2,3,0,0,2,2,
11,2,0,0,3,1,0,0,3,0,0,2,3,0,0,2,3,0,0,3,3,
11,2,0,0,3,1,0,0,3,0,0,2,3,0,0,2,3,1,0,3,3,
11,3,0,0,3,2,0,0,2,0,0,3,3,0,0,2,3,1,1,3,2,
11,2,0,0,3,2,0,0,3,0,0,3,3,0,0,2,3,0,1,3,3,
11,2,0,0,3,2,0,0,3,0,0,2,3,0,0,2,3,1,1,3,2,
11,2,0,1,3,2,1,1,3,1,0,2,3,0,0,2,3,1,1,3,2,
12,2,0,1,3,2,1,1,3,1,0,2,3,0,0,2,3,1,1,3,2,
11,2,0,1,3,2,1,1,3,1,0,2,3,0,0,2,3,1,1,3,3,
12,3,0,1,3,2,1,0,3,1,0,3,3,1,0,2,3,1,1,3,3,
12,2,0,1,3,2,1,1,3,1,0,2,3,0,0,2,3,1,1,3,3,
12,3,0,1,3,2,1,0,3,1,0,3,3,0,0,2,3,1,1,3,3,
12,3,0,1,3,2,1,1,3,1,0,3,3,1,1,2,3,1,1,3,3,
12,3,0,1,3,2,1,1,3,1,0,2,3,1,1,2,3,1,1,3,3,
12,3,0,1,3,2,1,1,3,1,1,3,3,1,1,2,3,1,1,3,3,
12,3,0,1,3,2,1,1,3,1,1,3,3,1,1,2,3,1,1,3,3,
12,3,0,1,3,2,1,1,3,1,1,3,3,1,1,2,3,1,1,3,3,
12,2,0,0,3,1,0,0,2,0,0,2,3,0,0,2,3,0,0,2,2,
12,2,0,0,2,1,0,0,2,0,0,2,2,0,0,2,3,0,0,2,2,
12,2,0,0,2,1,0,0,2,0,0,2,2,0,0,2,2,0,0,2,2,
12,2,0,0,2,1,0,0,2,0,0,2,2,0,0,2,2,0,0,2,2,
12,2,0,0,2,1,0,0,2,0,0,2,2,0,0,1,3,0,0,2,2,
12,2,0,0,2,1,0,0,2,0,0,2,2,0,0,2,3,0,0,2,2,
12,2,0,0,2,1,0,0,2,0,0,2,2,0,0,2,3,0,0,2,2,
15,3,0,0,3,2,0,0,2,0,0,2,3,0,1,2,3,0,1,3,2,
12,2,0,0,3,2,0,0,2,0,0,2,3,0,0,2,3,0,0,3,2,
11,2,0,0,3,2,0,0,2,0,0,2,2,0,0,2,3,1,0,2,2,
11,2,0,0,3,2,0,0,2,0,0,2,3,0,0,2,3,0,0,2,2,
11,2,0,0,3,2,0,0,3,0,0,2,3,0,0,2,3,0,1,2,2,
11,2,0,0,3,2,0,0,2,0,0,2,3,0,0,2,3,0,0,2,2,
11,2,0,0,3,2,0,0,3,0,0,2,3,0,0,2,3,1,1,3,2,
11,2,0,0,3,2,0,0,3,0,0,2,3,0,0,2,3,1,1,2,2,
12,2,1,0,3,2,2,0,2,2,0,2,3,2,0,2,3,2,0,3,2,
11,3,0,0,3,2,0,0,3,0,0,3,3,0,0,2,3,1,1,3,2,
11,2,0,1,3,2,1,1,3,1,0,2,3,0,1,2,3,1,1,3,2,
12,2,0,1,3,2,1,1,3,1,0,2,3,0,1,2,3,1,1,3,2,
12,3,0,1,3,2,1,1,3,1,1,3,3,1,1,2,3,1,1,3,3,
16,5,0,1,3,5,1,1,3,1,0,5,3,0,1,5,3,1,1,6,3,
12,3,0,1,3,2,1,1,3,1,1,3,3,1,1,2,3,1,1,3,3,
15,3,0,1,3,2,1,1,3,1,1,3,6,1,1,2,7,1,1,3,3,
12,3,0,1,3,2,1,1,3,1,1,3,3,1,1,3,3,1,1,3,3,
12,3,0,1,3,2,1,1,3,1,1,3,3,1,1,2,3,1,1,3,3,
12,2,0,0,2,1,0,0,2,0,0,2,3,0,0,2,3,0,0,2,2,
12,2,0,0,3,1,0,0,2,0,0,2,3,0,0,1,3,0,0,2,2,
12,2,0,0,3,1,0,0,2,0,0,2,3,0,0,1,3,0,0,2,2,
12,2,0,0,3,1,0,0,2,0,0,2,3,0,0,1,3,0,0,2,2,
12,2,0,0,3,1,0,0,2,0,0,2,3,0,0,1,3,0,0,2,2,
12,2,0,0,3,1,0,0,2,0,0,2,3,0,0,2,3,0,0,3,2,
12,2,0,0,3,1,0,0,2,0,0,2,3,0,0,2,3,0,0,2,2,
12,2,0,0,3,2,0,0,2,0,0,2,3,0,0,2,3,0,0,2,2,
11,2,0,0,3,1,0,0,3,0,0,2,3,0,0,2,3,0,0,2,2,
11,2,0,0,3,1,0,0,3,0,0,2,3,0,0,2,3,0,0,2,2,
11,2,0,0,3,2,0,0,3,0,0,2,3,0,0,2,3,1,0,2,2,
11,2,0,0,3,2,1,0,3,1,0,2,3,0,0,2,3,1,1,2,2,
11,2,0,0,3,2,0,0,3,0,0,2,3,0,0,2,3,1,1,2,2,
13,2,0,0,3,2,0,0,3,0,0,2,3,0,0,2,3,0,0,2,2,
11,2,0,0,3,2,0,0,3,0,0,2,3,0,0,2,3,1,1,2,2,
11,2,0,0,3,2,0,1,3,0,0,2,3,0,1,2,3,1,1,3,2,
11,2,0,1,3,2,1,1,3,0,0,2,3,0,1,2,3,1,1,3,2,
12,2,0,1,3,2,1,1,3,1,0,2,3,0,1,2,3,1,1,3,3,
17,2,0,1,5,2,0,0,5,0,0,2,5,0,0,2,5,1,1,2,5,
12,3,0,1,3,2,1,1,3,1,1,3,3,1,1,2,3,1,1,3,3,
12,3,0,1,3,2,1,1,3,1,1,3,3,1,1,2,3,1,1,3,3,
12,3,0,1,3,2,1,1,3,1,0,3,3,1,1,2,3,1,1,3,3,
12,3,0,1,3,2,1,1,3,1,1,3,3,1,1,2,3,1,1,3,3,
12,3,0,1,3,2,1,1,3,1,1,3,3,1,1,2,3,1,1,3,3,
12,3,0,1,3,2,1,1,3,1,1,3,3,1,1,2,3,1,1,3,3,
12,3,0,1,3,2,1,1,3,1,1,3,3,1,1,2,3,1,1,3,3,
15,5,0,1,3,5,1,1,3,1,1,5,3,1,1,5,3,1,1,5,3,
12,3,0,1,3,2,1,1,3,1,1,3,3,1,1,2,4,1,1,3,3,
15,4,0,0,6,4,0,0,5,0,0,5,6,0,0,5,6,0,0,4,5,
14,2,0,0,3,1,0,0,2,0,0,2,2,0,0,2,3,0,0,4,2,
12,2,0,0,3,2,0,0,3,0,0,2,3,0,0,2,3,0,0,2,2,
12,2,0,0,3,2,0,0,3,0,0,2,3,0,0,2,3,0,0,2,2,
12,2,0,0,3,1,0,0,2,0,0,2,3,0,0,2,3,0,0,2,2,
14,2,0,0,3,1,0,0,3,0,0,2,3,0,0,2,3,0,0,2,2,
11,2,0,0,3,2,0,0,3,0,0,2,3,0,0,2,3,0,0,2,2,
11,2,0,0,3,2,0,0,3,0,0,2,3,0,0,2,3,0,0,2,2,
11,2,0,0,3,2,0,0,3,0,0,2,3,0,0,2,3,1,1,3,2,
11,2,0,1,3,2,1,1,3,1,0,2,3,0,1,2,3,1,1,3,2,
29,18,0,18,20,18,1,18,20,1,18,18,20,1,18,18,20,1,18,18,20,
12,3,0,1,3,2,1,0,3,1,0,3,3,0,1,3,3,1,1,3,3,
11,3,0,1,3,2,1,0,3,1,1,3,3,0,1,2,3,1,1,3,2,
11,2,0,0,3,2,1,0,3,0,0,2,3,0,0,2,3,1,1,3,2,
11,3,0,1,3,2,1,0,3,1,1,3,3,0,1,3,3,1,1,3,3,
12,3,0,1,3,2,1,0,3,1,0,3,3,0,1,3,3,1,1,3,3,
11,2,0,1,3,2,1,1,3,1,1,2,3,0,1,2,3,1,1,3,3,
12,3,0,1,3,2,1,0,3,1,0,3,3,0,1,2,3,1,1,3,3,
33,3,0,1,3,2,1,1,3,1,1,3,3,1,1,2,3,1,1,24,3,
12,2,0,0,2,2,0,0,2,0,0,2,3,0,0,2,3,0,0,2,2,
12,3,0,1,3,2,1,1,3,1,1,3,3,1,1,2,3,1,1,3,3,
15,5,0,4,6,4,1,4,6,1,4,5,6,0,4,4,6,1,4,5,5,
12,2,0,0,2,1,0,0,2,0,0,2,2,0,0,1,3,0,0,2,2,
12,2,0,0,2,1,0,0,2,0,0,2,2,0,0,2,3,0,0,2,2,
12,2,0,0,2,1,0,0,2,0,0,2,2,0,0,2,3,0,0,2,2,
12,2,0,0,2,1,0,0,2,0,0,2,3,0,0,2,3,0,0,2,2,
13,3,0,1,3,2,0,1,3,0,1,3,3,0,1,3,4,0,2,3,3,
12,2,0,0,3,2,0,0,3,0,0,2,3,0,0,2,3,1,1,2,2,
12,2,0,0,3,1,0,0,3,0,0,2,2,0,0,2,3,1,0,2,2,
14,1,2,0,3,1,3,0,2,3,0,2,2,2,0,1,3,3,0,2,2,
11,2,0,0,3,2,0,0,3,0,0,2,3,0,0,2,3,0,1,2,2,
14,2,0,0,3,2,0,0,3,0,0,2,3,0,0,2,3,0,1,2,2,
11,2,0,1,3,2,0,0,3,0,0,2,3,0,0,2,3,1,1,2,2,
11,2,0,0,3,2,0,0,3,0,0,2,3,0,0,2,3,0,1,2,2,
14,5,0,0,3,2,0,0,3,0,0,5,3,0,0,2,3,1,1,5,2,
11,2,0,1,3,2,0,0,3,0,0,2,3,0,1,2,3,1,1,2,2,
11,3,0,0,3,2,0,0,3,0,0,3,3,0,0,2,3,1,1,3,2,
11,3,0,1,3,2,1,0,3,1,1,3,3,0,1,2,3,1,1,3,2,
12,3,0,1,3,2,1,1,3,1,1,3,3,0,1,2,3,1,1,3,3,
13,3,0,1,3,2,1,1,3,1,1,3,3,0,1,2,3,1,1,3,3,
32,3,0,1,3,2,1,1,3,1,1,24,3,1,1,3,3,1,1,3,3,
12,2,0,0,2,2,0,0,2,0,0,2,2,0,0,2,2,0,0,2,2,
12,3,0,1,3,2,1,1,3,1,1,3,3,1,1,2,3,1,1,3,3,
12,3,0,1,3,2,1,1,3,1,1,3,3,1,1,3,3,1,1,3,3,
12,2,0,0,2,1,0,0,2,0,0,2,2,0,0,2,2,0,0,2,2,
32,2,0,0,2,1,0,0,2,0,0,2,2,0,0,23,2,0,0,2,2,
12,3,0,0,3,2,0,0,3,0,0,3,3,0,0,2,3,0,1,3,2,
12,2,0,0,2,1,0,0,2,0,0,2,2,0,0,2,2,0,0,2,2,
12,3,0,1,3,2,1,1,3,1,1,3,3,1,1,2,4,1,1,3,3,
31,3,0,1,3,2,1,1,3,1,1,3,3,1,1,2,4,1,22,3,3,
12,2,0,1,3,2,0,0,3,0,1,2,3,0,1,2,3,0,1,2,2,
12,2,0,0,2,1,0,0,2,0,0,2,2,0,0,2,3,0,0,2,2,
15,2,0,0,2,1,0,0,2,0,0,2,2,0,0,2,3,0,0,2,2,
11,2,0,0,3,2,0,0,3,0,0,2,3,0,0,2,3,0,0,2,2,
11,2,0,0,3,2,0,0,3,0,0,2,3,0,0,2,3,1,0,2,2,
11,2,0,0,3,2,0,0,3,0,0,2,3,0,0,2,3,1,1,3,2,
13,3,0,1,3,2,1,1,3,1,1,2,3,0,1,2,3,1,1,3,2,
16,2,0,0,5,2,1,0,5,0,0,2,5,0,0,2,5,0,1,2,5,
11,2,0,0,3,2,0,0,3,1,0,2,3,0,0,2,3,1,1,3,2,
11,3,0,0,3,2,1,1,3,1,0,2,3,0,1,2,3,1,1,3,2,
11,3,0,1,3,2,1,0,3,1,1,3,3,0,1,2,3,1,1,3,3,
11,3,0,0,3,2,1,1,3,1,0,2,3,0,1,2,3,1,1,3,3,
11,2,0,1,3,2,1,0,3,1,1,2,3,0,1,2,3,1,1,3,3,
11,2,0,1,3,2,1,0,3,1,1,2,3,0,1,2,3,1,1,3,3,
12,3,0,1,3,2,1,1,3,1,1,3,3,1,1,2,3,1,1,3,3,
29,5,0,1,3,4,1,1,3,1,1,5,3,0,20,5,3,1,2,5,3,
12,3,0,1,3,2,1,1,3,1,1,3,3,1,1,2,3,1,1,3,3,
15,5,0,1,6,5,1,0,6,1,1,5,6,1,1,5,7,1,2,5,6,
12,3,0,1,3,3,1,1,3,1,1,3,3,1,1,3,3,1,1,3,3,
12,3,0,1,3,2,1,1,3,1,1,3,3,1,1,2,3,1,1,3,3,
12,3,0,1,3,2,1,1,3,1,1,3,3,1,1,2,3,1,1,3,3,
12,3,0,1,3,2,1,1,3,1,1,3,3,1,1,2,3,1,1,3,3,
12,3,0,1,3,2,1,1,3,1,1,3,3,1,1,2,3,1,1,3,3,
12,3,0,1,3,2,1,1,3,1,1,3,3,1,1,2,4,1,1,3,3,
12,2,0,0,3,1,0,0,2,0,0,2,3,0,0,2,3,0,0,2,2,
29,2,0,1,3,2,0,0,3,0,19,2,3,0,0,2,3,1,1,2,2,
31,2,0,1,3,2,1,1,3,1,1,2,3,21,1,2,3,2,1,3,2,
11,2,0,0,3,1,1,0,3,1,0,2,3,0,0,2,3,1,0,2,2,
11,2,0,0,3,1,0,0,3,0,0,2,3,0,0,2,3,0,0,2,2,
11,2,0,0,3,1,0,0,3,0,0,2,3,0,0,2,3,0,0,2,2,
13,3,0,1,3,2,1,1,3,1,1,3,3,1,1,2,4,1,1,3,3,
11,2,0,0,3,2,0,0,3,0,0,2,3,0,0,2,3,0,1,2,2,
11,2,0,0,3,2,0,0,3,0,0,2,3,0,0,2,3,1,0,2,2,
11,2,0,0,3,2,0,0,3,0,0,2,3,0,0,2,3,0,1,2,2,
11,2,0,0,3,2,0,0,3,0,0,2,3,0,0,2,3,0,0,3,2,
11,2,0,0,3,2,0,0,3,0,0,2,3,0,0,2,3,1,1,2,2,
11,2,0,1,3,2,0,1,3,0,1,2,3,0,1,2,3,1,1,3,2,
11,2,1,0,2,1,2,0,2,2,0,1,2,2,0,1,2,2,0,2,2,
14,5,0,4,6,5,1,4,6,1,4,5,6,0,4,5,6,1,4,6,6,
11,2,0,1,3,2,1,1,3,1,1,2,3,0,1,2,3,1,1,3,3,
12,3,0,1,3,2,1,1,3,1,1,2,3,0,1,2,3,1,1,3,3,
12,3,0,1,3,2,1,1,3,1,1,2,3,1,1,2,3,1,1,3,3,
12,3,0,1,3,2,1,1,3,1,1,2,3,1,1,2,3,1,1,3,3,
29,3,0,1,3,2,20,1,3,1,1,2,3,1,1,2,3,1,1,3,3,
12,2,0,0,2,1,0,0,2,0,0,2,2,0,0,1,2,0,0,2,2,
12,3,0,1,3,2,1,1,3,1,1,3,3,1,1,2,4,1,1,3,3,
14,4,0,1,3,4,1,1,3,1,1,4,3,1,1,4,3,1,1,4,2,
12,3,0,1,3,2,1,1,3,1,1,3,3,1,1,2,4,1,1,3,3,
14,1,0,0,2,1,0,0,2,0,0,1,2,0,0,1,2,0,0,1,2,
12,2,0,0,3,1,0,0,2,0,0,2,2,0,0,2,3,0,0,2,2,
12,2,0,0,3,1,0,0,3,0,0,2,2,0,0,2,3,0,0,2,2,
12,2,0,0,3,1,0,0,2,0,0,2,3,0,0,2,3,0,0,2,2,
11,2,0,0,3,1,0,0,3,0,0,2,3,0,0,2,3,0,0,2,2,
11,1,0,0,2,0,0,0,2,0,0,1,2,0,0,1,2,0,0,1,1,
11,2,0,0,3,1,1,0,3,0,0,2,3,0,0,2,3,0,0,2,2,
11,2,0,0,3,2,1,0,3,0,0,2,3,0,0,2,3,0,0,2,2,
11,2,0,0,3,2,1,0,3,0,0,2,3,0,0,2,3,0,1,2,2,
11,2,0,0,3,2,1,0,3,0,0,2,3,0,0,2,3,0,1,2,2,
11,2,0,0,3,2,1,0,3,0,0,2,3,0,0,2,3,1,1,3,2,
11,2,0,1,3,2,1,1,3,0,1,2,3,0,1,2,3,1,1,3,2,
11,2,0,1,3,2,1,1,3,0,1,2,3,0,1,2,3,1,1,3,3,
11,2,0,1,3,2,1,1,3,0,1,2,3,0,1,2,3,1,1,3,2,
11,2,0,1,3,2,1,1,3,0,1,2,3,0,1,2,3,1,1,3,3,
29,2,0,20,2,1,0,0,2,0,0,2,2,0,0,1,3,0,0,2,2,
12,2,0,0,2,1,0,0,2,0,0,2,2,0,0,1,2,0,0,2,2,
12,3,0,1,3,2,1,1,3,0,1,2,3,0,0,2,3,1,1,3,3,
12,3,0,1,3,2,1,1,3,1,1,2,3,0,1,2,3,1,1,3,3,
12,3,0,1,3,2,1,1,3,1,1,3,3,1,1,2,3,1,1,3,3,
12,2,0,0,2,1,0,0,2,0,0,2,2,0,0,1,2,0,0,2,2,
14,5,0,4,6,4,1,4,6,1,4,5,6,1,3,4,6,1,4,5,5,
12,3,0,1,3,2,1,1,3,1,1,3,3,1,1,2,3,1,1,3,3,
32,2,0,0,2,1,0,0,2,0,0,2,2,0,0,1,22,21,0,2,2,
12,2,0,0,3,1,1,0,3,0,0,2,3,0,0,2,3,0,0,2,2,
12,2,0,0,2,1,0,0,2,0,0,2,2,0,0,2,3,0,0,2,2,
12,2,0,0,3,2,0,0,3,0,0,2,3,0,1,2,3,0,1,3,2,
32,23,0,0,2,1,0,0,2,0,0,2,22,0,0,2,3,0,0,2,2,
13,2,0,0,3,2,1,0,3,0,0,3,3,0,1,2,3,1,1,3,3,
13,2,1,0,2,1,1,0,2,1,0,1,2,1,0,1,2,1,0,2,2,
11,2,0,0,2,1,0,0,2,0,0,2,3,0,0,2,3,0,0,2,2,
12,2,0,0,3,1,0,0,2,0,0,2,3,0,0,2,3,0,0,2,2,
11,2,0,0,3,2,0,0,3,0,0,2,3,0,0,2,3,0,0,3,2,
11,2,0,0,3,2,0,0,3,0,0,2,3,0,0,2,3,0,1,3,2,
11,2,0,0,3,2,1,0,3,0,0,2,3,0,0,2,3,0,1,3,2,
11,2,0,1,3,2,1,0,3,0,0,3,3,0,0,2,3,0,1,3,2,
11,2,0,1,3,2,1,1,3,0,1,2,3,0,1,2,3,1,1,3,3,
11,2,0,1,3,2,1,1,3,0,1,2,3,0,1,2,3,1,1,3,3,
12,2,0,1,3,2,1,1,3,1,1,2,3,0,1,2,3,1,1,3,3,
12,2,0,1,3,2,1,1,3,1,1,2,3,0,1,2,3,1,1,3,3,
12,3,0,1,3,2,1,1,3,1,1,2,3,0,1,2,3,1,1,3,3,
12,3,0,1,3,2,1,1,3,1,1,2,3,0,1,2,3,1,1,3,3,
12,3,0,1,3,2,1,1,3,1,1,3,3,1,1,2,4,1,1,3,3,
12,3,0,1,3,2,1,1,3,1,2,2,3,0,1,2,3,1,2,3,3,
12,3,0,1,3,2,1,1,3,1,1,2,3,0,1,2,4,1,1,3,3,
12,3,0,1,3,2,1,1,3,1,1,3,3,1,1,2,4,1,1,3,3,
12,3,0,1,3,2,1,1,3,1,1,3,3,1,1,2,4,1,1,3,3,
12,2,0,0,2,1,0,0,2,0,0,2,3,0,0,2,3,0,0,2,2,
12,3,0,1,3,2,1,1,3,1,1,3,3,1,1,2,4,1,1,3,3,
12,2,0,0,2,1,0,0,2,0,0,2,2,0,0,2,3,0,0,2,2,
13,2,0,1,3,2,1,0,3,1,1,2,3,0,0,2,3,1,1,4,2,
12,2,0,0,3,1,0,0,2,0,0,2,3,0,0,2,3,0,0,2,2,
13,2,0,0,2,1,0,0,2,0,0,2,2,0,0,2,3,0,0,2,2,
12,2,0,0,3,2,0,0,2,0,0,2,3,0,0,2,3,0,0,3,2,
11,2,0,0,3,1,0,0,3,0,0,2,3,0,0,2,3,0,0,2,2,
11,2,2,0,3,1,2,0,3,2,0,2,3,2,0,2,3,2,0,2,2,
11,2,0,0,3,2,1,0,3,0,0,2,3,0,0,2,3,1,0,3,2,
11,2,0,0,3,1,0,0,3,0,0,2,3,0,0,2,3,0,0,2,2,
31,2,0,0,3,2,0,0,22,0,0,2,3,0,0,2,3,0,1,3,2,
12,2,0,0,3,2,1,0,3,0,0,2,3,0,0,2,3,1,0,3,3,
31,3,1,0,3,2,1,0,3,21,1,2,3,1,0,2,3,1,1,3,3,
11,2,0,0,3,2,1,0,3,1,0,2,3,0,0,2,3,1,0,3,2,
11,2,0,0,3,2,0,0,3,0,0,2,3,0,0,2,3,0,1,3,3,
12,3,0,1,3,2,0,1,3,1,1,3,3,0,0,2,3,1,1,3,3,
11,2,0,1,3,2,0,1,3,0,1,2,3,0,1,2,3,1,1,3,3,
14,1,1,0,2,1,1,0,2,1,0,1,2,1,0,1,2,1,0,2,2,
12,3,0,1,3,2,0,0,3,0,1,2,3,0,1,2,3,1,1,3,3,
13,2,0,1,3,2,1,1,3,1,1,2,3,0,1,2,3,1,1,3,3,
12,3,0,1,3,2,1,1,3,0,1,2,3,0,0,2,3,1,1,3,3,
12,3,0,1,3,2,1,1,3,1,1,3,3,0,1,3,3,1,1,3,3,
12,2,0,1,3,2,1,1,3,1,1,2,3,0,1,2,3,1,1,3,3,
12,3,0,1,3,2,1,1,3,1,1,3,3,1,1,3,3,1,1,3,3,
12,3,0,1,3,2,1,1,3,1,1,3,3,1,1,2,4,1,1,3,3,
13,2,0,0,3,1,0,0,4,0,0,2,3,0,0,2,3,0,0,2,2,
12,2,0,0,3,1,0,0,2,1,0,2,3,0,0,2,3,1,0,2,2,
12,2,0,0,2,1,0,0,2,0,0,2,3,0,0,2,3,1,0,2,2,
12,2,0,0,2,1,0,0,2,0,0,2,3,0,0,2,3,1,0,2,2,
12,2,0,0,2,2,0,0,2,0,0,2,3,0,0,2,3,0,0,3,2,
12,2,0,0,2,1,0,0,2,0,0,2,3,0,0,2,3,0,0,2,2,
11,2,0,0,3,1,0,0,2,0,0,2,3,0,0,2,3,0,0,2,2,
11,2,0,0,2,2,0,0,2,0,0,2,3,0,0,2,3,1,0,2,2,
11,2,0,0,3,2,0,0,2,0,0,2,3,0,0,2,3,0,1,2,2,
12,2,0,0,3,2,0,1,3,0,0,2,3,0,0,2,3,1,1,3,3,
14,2,0,1,4,2,1,0,3,1,1,2,4,0,1,2,4,1,1,3,3,
13,2,0,0,3,1,2,0,3,1,0,1,3,0,0,1,4,1,0,2,3,
12,1,0,0,3,1,1,0,3,1,0,1,3,0,0,1,3,1,0,2,3,
12,1,0,0,3,1,1,0,3,1,0,1,3,1,0,1,3,1,0,2,2,
13,1,0,0,3,1,1,0,3,1,0,1,3,0,0,1,3,1,0,2,2,
16,2,0,0,3,1,1,0,3,0,0,2,3,0,0,1,3,1,0,2,2,
13,1,0,0,3,1,1,0,3,1,0,1,3,1,0,1,3,1,0,2,2,
15,2,0,0,5,1,1,0,5,1,0,1,5,1,0,1,6,1,0,2,2,
13,2,0,0,3,1,1,0,3,1,0,1,3,1,0,1,3,1,0,2,2,
13,2,1,0,3,1,1,0,3,1,0,1,3,1,0,1,3,1,0,2,2,
13,2,1,0,3,1,1,0,2,1,0,2,3,1,0,2,3,1,0,2,2,
17,2,0,0,6,2,0,0,2,1,0,2,6,1,0,2,8,1,0,3,2,
13,2,0,0,3,1,0,0,2,0,0,2,3,1,0,2,3,1,0,2,2,
14,3,1,0,3,2,2,0,3,2,1,3,3,2,0,2,3,2,1,3,2,
12,3,0,1,3,2,1,1,3,1,1,3,3,1,1,2,3,1,1,3,3,
12,3,0,1,3,2,1,1,3,1,1,3,3,1,1,2,3,1,1,3,3,
12,3,0,1,3,2,1,1,3,1,1,3,3,1,1,2,3,1,1,3,3,
12,3,0,1,3,2,1,1,3,1,1,3,3,1,1,3,4,1,1,3,3,
16,5,0,0,2,4,0,0,2,0,0,5,2,0,0,4,3,0,0,5,2,
12,2,0,0,3,2,0,0,2,0,0,3,3,0,0,2,3,1,0,3,2,
16,5,0,1,6,5,1,1,6,1,1,6,6,1,1,6,6,1,1,5,6,
14,4,0,0,2,3,0,0,2,0,0,4,2,0,0,3,3,0,0,5,2,
12,4,0,1,3,3,1,1,3,1,1,4,3,1,1,4,3,1,1,4,3,
12,3,0,1,3,3,1,1,3,1,1,3,3,1,1,3,3,1,1,4,3,
12,4,0,1,3,3,1,1,3,1,1,4,3,1,1,3,3,1,1,4,3,
16,3,0,0,3,2,0,0,3,0,0,3,3,0,0,3,3,0,1,3,2,
12,3,0,1,3,3,1,1,3,1,1,4,3,1,1,3,3,1,1,4,3,
12,2,0,0,2,2,0,0,2,0,0,3,2,0,0,2,2,0,0,3,2,
12,4,0,1,3,3,1,1,3,1,1,4,3,1,1,3,3,1,1,4,3,
13,3,0,0,2,3,0,0,2,0,0,3,2,0,0,3,3,0,0,3,2,
12,3,0,1,3,2,0,0,2,0,1,3,3,0,0,2,3,0,1,3,2,
18,8,0,0,3,8,0,0,3,0,0,8,3,0,0,8,3,0,0,9,2,
12,3,0,0,3,2,0,0,3,0,0,3,3,0,0,3,3,0,0,3,2,
12,3,0,1,3,3,1,1,3,1,1,3,3,1,1,3,4,1,1,3,3,
14,2,0,1,3,2,1,1,3,1,1,2,3,1,1,2,3,1,1,3,3,
12,2,0,0,2,1,0,0,2,0,0,2,2,0,0,1,2,0,0,2,2,
13,2,0,1,3,2,1,0,3,1,1,2,3,0,0,2,3,1,1,3,3,
12,2,0,0,2,1,0,0,2,0,0,2,2,0,0,1,3,0,0,2,2,
13,4,1,1,4,3,1,1,4,1,1,4,4,1,0,4,4,1,1,4,4,
13,2,0,1,3,2,1,1,3,1,1,2,3,0,1,2,3,1,1,3,3,
33,2,0,1,22,1,0,0,2,0,1,2,2,0,0,2,3,0,1,2,2,
16,5,0,4,6,4,0,5,6,0,4,5,6,0,4,5,7,1,4,5,6,
12,2,0,1,3,2,0,1,3,0,1,2,3,0,1,2,3,1,1,3,3,
13,3,0,1,3,2,1,1,3,1,1,3,3,1,1,2,4,1,1,3,3,
12,3,0,2,3,2,1,1,3,1,2,3,3,0,2,3,4,1,2,3,3,
12,3,0,2,4,3,1,1,3,1,2,3,4,1,2,3,4,1,2,3,3,
12,3,0,2,4,2,1,1,3,1,2,3,4,1,1,3,4,1,2,3,3,
12,3,0,2,4,3,1,1,3,1,2,3,4,1,2,3,4,1,2,3,3,
12,3,0,2,4,3,1,2,4,1,2,3,4,1,2,3,4,1,2,4,3,
14,4,0,0,2,3,0,0,2,0,0,4,2,0,0,4,2,0,1,4,1,
14,2,0,1,3,2,0,1,2,0,1,2,3,0,1,2,3,0,1,2,2,
15,1,0,1,3,1,1,1,3,1,1,1,3,1,1,1,3,1,1,1,2,
11,2,0,1,3,2,1,1,3,1,1,2,3,1,1,2,3,1,1,3,3,
11,2,0,1,3,2,1,1,3,1,1,2,3,0,0,2,3,1,1,3,3,
11,2,0,1,3,2,1,0,3,1,1,2,3,0,0,2,3,1,1,3,3,
12,2,0,1,3,2,1,1,3,1,1,2,3,1,0,2,3,1,1,3,3,
14,2,0,1,3,2,1,1,3,1,1,2,3,1,1,2,3,1,1,3,3,
12,2,0,1,3,2,1,1,3,1,1,3,3,1,0,2,3,1,1,3,3,
12,3,0,1,3,2,1,1,3,1,1,3,3,1,1,2,3,1,1,3,3,
12,3,0,1,3,2,1,1,3,1,1,3,3,1,1,2,3,1,1,3,3,
12,2,0,0,2,1,0,0,2,0,0,2,2,0,0,1,3,0,0,2,2,
12,2,0,0,2,1,0,0,2,0,0,2,2,0,0,1,3,0,0,2,2,
12,2,0,0,2,1,0,0,2,0,0,2,2,0,0,1,3,0,0,2,2,
12,2,0,0,2,1,0,0,2,0,0,2,2,0,0,2,3,0,0,2,2,
12,2,0,0,2,1,0,0,2,0,0,2,2,0,0,2,3,0,0,2,2,
12,2,0,0,2,1,0,0,2,0,0,2,2,0,0,1,3,0,0,2,2,
12,2,0,0,3,1,0,0,2,0,0,2,2,0,0,2,3,0,0,2,2,
12,2,0,0,3,1,0,0,2,0,0,2,3,0,0,2,3,0,0,2,2,
12,2,0,0,3,2,0,0,2,0,0,2,3,0,0,2,3,0,0,2,2,
11,2,0,1,3,2,1,1,3,1,1,2,3,0,1,2,3,1,1,2,2,
11,2,0,0,3,2,0,0,2,0,0,2,3,0,0,2,3,0,0,2,2,
11,2,0,0,3,2,1,0,3,1,0,2,3,0,1,2,3,1,0,3,2,
14,2,0,0,3,1,0,0,2,0,0,2,3,0,0,2,3,0,0,2,2,
11,2,0,1,3,2,1,1,3,1,1,2,3,0,1,2,3,1,1,3,2,
11,2,0,1,3,2,1,1,3,0,1,2,3,0,1,2,3,1,1,3,2,
11,2,0,1,3,2,1,1,3,1,1,2,3,0,1,2,3,1,1,3,2,
11,2,0,1,3,2,1,1,3,1,1,2,3,0,1,2,3,1,1,3,3,
11,2,1,0,3,1,2,1,3,2,0,2,3,2,1,2,3,2,0,2,2,
11,3,0,1,3,2,1,0,3,1,1,3,3,0,0,2,3,1,1,3,3,
11,2,0,1,3,2,1,1,3,1,1,2,3,1,1,2,3,1,1,3,3,
12,3,1,0,3,3,1,0,3,1,0,3,3,1,1,3,3,1,0,3,2,
12,3,0,1,3,2,1,1,3,1,1,3,3,1,1,2,3,1,1,3,3,
12,3,0,1,3,2,1,1,3,1,1,3,3,1,1,2,3,1,1,3,3,
12,3,0,1,3,2,1,1,3,1,1,3,3,1,1,2,3,1,1,3,3,
12,3,0,1,3,2,1,1,3,1,1,3,3,1,1,3,3,1,1,3,3,
12,2,0,0,2,1,0,0,2,0,0,2,2,0,0,1,3,0,0,2,2,
12,2,0,0,2,1,0,0,2,0,0,2,2,0,0,1,3,0,0,2,2,
12,2,0,0,2,1,0,0,2,0,0,2,2,0,0,1,3,0,0,2,2,
12,2,0,0,3,2,0,0,2,0,0,2,3,0,0,2,3,0,0,2,2,
12,2,0,0,2,1,0,0,2,0,0,2,2,0,0,2,3,0,1,2,2,
14,4,0,0,3,1,0,0,2,0,0,4,2,0,0,2,3,0,0,4,2,
29,2,0,1,3,2,0,1,2,0,1,2,3,0,1,2,3,1,1,2,2,
12,2,0,0,3,1,0,0,2,0,0,2,3,0,0,2,3,0,1,2,2,
12,2,0,0,3,1,0,0,2,0,0,2,2,0,0,2,3,0,0,2,2,
11,2,0,0,3,1,0,0,2,0,0,2,3,0,0,2,3,0,0,2,2,
11,2,0,0,3,2,0,0,2,0,0,2,3,0,0,2,3,0,1,2,2,
11,2,0,0,3,2,0,0,3,0,0,2,3,0,1,3,3,1,1,3,2,
11,2,0,1,3,2,0,0,3,0,0,2,3,0,0,2,3,1,1,3,2,
11,2,0,1,3,2,1,0,3,0,1,2,3,0,1,2,3,1,1,3,2,
11,2,0,1,3,2,1,0,3,1,1,2,3,0,1,2,3,1,1,3,2,
11,2,0,0,3,2,0,0,3,0,0,2,3,0,0,2,3,1,1,2,2,
11,2,0,0,3,2,1,0,3,0,0,2,3,0,1,2,3,1,1,2,2,
11,2,0,1,3,2,1,0,3,1,1,2,3,0,1,2,3,1,1,3,2,
14,5,0,4,6,5,1,4,6,1,4,5,6,0,4,5,6,1,4,5,5,
11,2,0,1,3,2,1,0,3,1,1,2,3,0,1,2,3,1,1,3,3,
12,2,0,0,2,1,0,0,2,0,0,2,2,0,0,1,3,0,0,2,2,
11,3,0,1,3,2,1,1,3,1,1,3,3,1,1,2,3,1,1,3,3,
11,3,0,1,3,2,1,1,3,1,1,3,3,1,1,2,3,1,1,3,3,
12,2,0,0,2,1,0,0,2,0,0,2,2,0,0,1,2,0,0,2,2,
12,3,0,1,3,2,1,1,3,1,1,3,3,1,1,2,4,1,1,3,3,
12,3,0,1,3,2,1,1,3,1,1,3,3,1,1,2,3,1,1,3,3,
15,2,0,0,3,1,1,0,2,1,0,2,2,1,0,2,3,1,0,2,2,
12,2,0,0,2,1,0,0,2,0,0,2,2,0,0,2,3,0,0,2,2,
12,2,0,0,3,1,0,0,2,0,0,2,2,0,0,2,3,0,0,2,2,
12,2,0,0,3,1,0,0,2,0,0,2,2,0,0,1,3,0,0,2,2,
12,2,0,0,3,1,0,0,2,0,0,2,3,0,0,2,3,0,0,2,2,
12,2,0,0,3,2,1,0,2,1,0,2,3,0,0,2,3,1,1,2,2,
11,2,0,0,3,2,1,0,2,1,0,2,3,0,0,2,3,1,0,2,2,
11,2,0,0,3,2,0,0,2,0,0,2,3,0,0,2,3,0,0,2,2,
11,2,0,0,3,2,0,0,2,0,0,2,3,0,0,2,3,1,1,2,2,
11,2,0,0,3,2,1,0,2,1,0,2,3,0,1,2,3,1,1,3,2,
11,2,0,0,3,2,1,0,2,1,0,2,3,0,1,2,3,1,1,2,2,
11,2,0,0,3,2,1,0,2,1,0,2,3,0,0,2,3,1,1,2,2,
11,2,0,1,3,2,1,0,3,1,0,2,3,0,1,2,3,1,1,3,2,
11,2,0,1,3,2,1,0,3,1,1,2,3,0,1,2,3,1,1,3,2,
11,2,0,1,3,2,0,0,3,1,1,2,3,0,1,2,3,1,1,3,2,
11,2,0,1,3,2,1,0,3,1,1,3,3,0,1,2,3,1,1,3,3,
11,2,0,1,3,2,1,0,3,1,1,2,3,1,1,2,3,1,1,3,3,
11,2,0,1,3,2,1,1,3,1,1,3,3,1,1,2,3,1,1,3,3,
12,2,0,1,3,2,1,1,3,1,1,3,3,1,1,2,3,1,1,3,3,
12,2,0,1,3,2,1,1,3,1,1,3,3,1,1,2,3,1,1,3,3,
11,2,0,1,3,2,1,1,3,1,1,3,3,1,1,2,3,1,1,3,3,
12,2,0,1,3,2,1,1,3,1,1,3,3,1,1,2,3,1,1,3,3,
12,3,0,1,3,2,1,1,3,1,1,3,3,1,1,2,3,1,1,3,3,
15,2,0,1,3,2,1,1,3,1,1,3,3,1,1,2,3,1,1,3,3,
12,2,0,0,2,1,0,0,2,0,0,2,2,0,0,1,3,1,0,2,2,
12,2,0,0,2,1,0,0,2,0,0,2,2,0,0,2,3,0,0,2,2,
12,2,0,0,2,1,0,0,2,0,0,2,2,0,0,2,3,0,0,2,2,
12,2,0,0,3,1,0,0,2,0,0,2,2,0,0,2,3,0,0,2,2,
12,2,0,0,3,2,0,0,2,0,0,2,2,0,0,2,3,0,0,2,2,
12,2,0,0,3,1,0,0,2,0,0,2,2,0,0,2,3,1,0,2,2,
12,2,0,0,3,1,1,0,2,1,0,2,3,0,0,2,3,1,0,2,2,
14,1,2,0,3,1,3,0,2,3,0,1,2,3,0,1,3,3,0,2,2,
11,2,0,0,3,2,0,0,2,0,0,2,3,1,0,2,3,0,1,2,2,
12,2,0,0,2,1,0,0,2,0,0,2,2,0,0,1,3,0,0,2,2,
13,2,0,0,3,2,0,0,2,1,0,2,3,0,0,2,3,1,1,2,2,
11,2,0,0,3,2,0,0,2,1,0,2,3,0,0,2,3,1,1,2,2,
11,2,0,1,3,2,0,0,2,0,0,2,3,0,0,2,3,1,1,2,2,
11,2,0,1,3,2,1,0,3,1,1,2,3,0,1,2,3,1,1,3,2,
11,2,0,1,3,2,1,0,3,1,1,3,3,0,1,2,3,1,1,3,2,
11,2,0,1,3,2,1,0,3,1,1,2,3,0,1,2,3,1,1,3,3,
12,3,0,1,3,2,1,1,3,1,1,3,3,1,1,2,4,1,1,3,3,
12,3,0,1,3,2,1,1,3,1,1,3,3,1,1,2,3,1,1,3,3,
12,3,0,1,3,2,1,1,3,1,1,3,3,1,1,2,3,1,1,3,3,
12,2,0,0,2,1,0,0,2,0,0,2,2,0,0,1,2,0,0,2,2,
12,2,0,0,2,1,0,0,2,0,0,2,2,0,0,1,2,0,0,2,2,
12,2,0,0,2,2,0,0,2,0,0,2,2,0,0,2,2,0,0,2,2,
12,2,0,0,2,1,0,0,2,0,0,2,2,0,0,1,2,0,0,2,2,
12,3,0,1,3,2,1,1,3,1,1,3,3,1,1,2,3,1,1,3,3,
12,2,0,0,2,1,0,0,2,0,0,2,2,0,0,2,3,0,0,2,2,
12,2,0,0,2,1,0,0,2,0,0,2,2,0,0,1,2,0,0,2,2,
12,3,0,1,3,2,1,1,3,1,1,3,3,1,1,3,4,1,1,3,3,
12,3,0,1,3,2,1,1,3,1,1,3,4,1,1,3,4,1,1,3,3,
12,2,0,0,2,1,0,0,2,0,0,2,3,0,0,1,3,0,0,2,2,
12,2,0,0,2,1,0,0,2,0,0,2,3,0,0,2,3,0,0,2,2,
15,4,0,3,5,4,0,3,5,1,3,5,5,0,3,4,5,1,3,5,5,
12,2,0,0,3,1,0,0,2,0,0,2,3,0,0,2,3,0,0,2,2,
12,2,0,0,3,2,0,0,2,0,0,2,3,0,0,2,3,0,0,2,2,
11,2,0,0,3,2,0,0,2,0,0,2,3,0,0,2,3,0,0,3,2,
11,2,0,0,3,2,0,0,2,0,0,2,3,0,0,2,3,1,1,2,2,
11,2,0,0,3,2,0,0,3,1,0,2,3,0,0,2,3,1,1,3,2,
11,2,0,0,3,2,0,0,2,1,0,3,3,0,0,2,3,1,0,3,2,
11,2,0,0,3,2,0,0,2,0,0,3,3,0,0,2,3,1,0,3,2,
13,3,0,0,2,3,1,0,2,1,0,3,2,0,0,3,2,1,0,3,2,
11,2,0,1,3,2,1,0,3,1,1,2,3,0,0,2,3,1,1,2,2,
13,1,0,0,2,1,0,0,2,0,0,1,2,0,0,1,3,0,0,2,2,
11,2,0,1,3,2,1,0,3,1,1,2,3,0,1,2,3,1,1,3,2,
11,2,0,1,3,2,1,0,3,1,1,2,3,0,1,2,3,1,1,3,2,
11,2,0,1,3,2,1,0,3,1,1,3,3,0,1,2,3,1,1,3,3,
11,2,0,1,3,2,1,0,3,1,1,2,3,1,1,2,3,1,1,3,2,
12,3,1,1,3,2,1,0,3,1,1,3,3,1,0,2,3,1,1,3,3,
12,3,1,1,3,2,1,0,3,1,1,3,3,1,1,3,3,1,1,3,3,
14,2,0,0,2,1,0,0,2,0,0,2,5,0,0,1,5,0,0,2,2,
12,3,0,1,3,2,1,1,3,1,1,3,4,1,1,2,4,1,1,3,3,
12,2,0,0,2,1,0,0,2,0,0,2,3,0,0,2,3,0,0,2,2,
12,2,0,0,2,1,0,0,2,0,0,2,3,0,0,1,3,0,0,2,2,
12,3,0,1,3,2,1,1,3,1,1,3,4,1,1,2,4,1,1,3,3,
12,2,0,0,2,2,0,0,2,0,0,2,2,0,0,2,3,0,0,2,2,
12,2,0,0,2,1,0,0,2,0,0,2,2,0,0,2,3,0,0,2,2,
12,2,0,0,2,2,0,0,2,0,0,2,2,0,0,2,3,0,0,2,2,
12,2,0,0,3,1,0,0,2,0,0,2,3,0,0,2,3,0,0,2,2,
12,2,0,1,3,2,0,0,3,0,0,2,3,0,0,2,3,1,1,2,2,
11,2,0,0,3,2,1,0,2,1,0,2,3,1,0,2,3,1,0,2,2,
11,2,0,0,3,2,0,0,2,1,0,2,3,0,0,2,3,1,0,3,2,
11,2,0,0,3,2,1,0,2,1,0,3,3,0,0,2,3,1,0,3,2,
11,2,0,0,3,2,0,0,2,1,0,2,3,0,0,2,3,1,1,2,2,
15,2,0,0,5,2,0,0,5,1,0,2,5,0,0,2,5,1,1,3,4,
11,2,0,1,3,2,0,0,3,1,0,2,3,0,0,2,3,1,1,3,2,
11,2,0,1,3,2,0,0,3,1,1,2,3,0,1,2,3,1,1,3,2,
31,2,0,1,3,23,1,0,3,1,1,2,3,0,1,2,3,1,1,3,2,
12,3,0,1,3,2,1,1,3,1,1,3,3,1,1,3,4,1,1,3,3,
12,2,0,1,3,2,1,0,3,1,1,2,3,0,1,2,3,1,1,3,2,
12,3,0,1,3,2,1,0,3,1,1,3,3,0,1,3,3,1,1,3,2,
12,2,0,1,3,2,1,0,3,1,1,3,3,1,1,2,3,1,1,3,3,
13,3,0,1,3,3,1,1,2,1,1,3,3,1,1,3,3,1,1,3,2,
12,3,0,1,3,2,1,1,3,1,1,3,3,1,1,2,4,1,1,3,3,
18,3,0,0,2,3,0,0,2,0,0,3,2,0,0,3,2,0,0,4,1,
12,2,0,0,2,1,0,0,2,0,0,2,2,0,0,1,3,0,0,2,2,
12,3,0,1,3,2,1,1,3,1,1,3,3,1,1,2,4,1,1,3,3,
12,2,0,0,2,1,0,0,2,0,0,2,2,0,0,2,3,0,0,2,2,
12,3,0,1,3,2,1,1,3,1,1,3,3,1,1,2,4,1,1,3,3,
14,2,0,0,2,1,0,0,2,0,0,2,2,0,0,2,3,0,0,2,2,
12,2,0,0,2,1,0,0,2,0,0,2,2,0,0,2,3,0,0,2,2,
12,2,0,0,2,1,0,0,2,0,0,2,2,0,0,2,3,0,0,2,2,
12,2,0,0,3,2,0,0,2,0,0,2,3,0,0,2,3,0,0,2,2,
12,2,0,0,3,2,0,0,3,0,0,2,3,0,0,2,3,1,1,3,2,
12,2,0,0,3,2,0,0,2,0,0,2,3,0,0,2,3,0,0,2,2,
11,2,0,0,3,1,0,0,2,0,0,2,3,0,0,2,3,0,0,2,2,
11,2,0,0,3,2,0,0,2,0,0,2,3,0,0,2,3,0,0,2,2,
11,2,0,0,3,2,0,0,3,0,0,2,3,0,0,2,3,1,1,3,2,
11,2,0,0,3,2,0,0,3,0,0,2,3,0,0,2,3,1,1,3,2,
11,2,0,0,3,2,0,0,3,0,0,2,3,0,0,2,3,1,1,2,2,
11,2,0,1,3,2,1,0,3,1,1,2,3,0,0,2,3,1,1,3,2,
12,2,0,1,3,2,1,1,3,1,1,2,3,2,1,2,3,1,1,3,3,
12,3,0,1,3,2,1,0,3,1,1,3,3,0,1,3,4,1,1,3,3,
12,3,0,1,3,2,1,0,3,1,1,3,3,0,1,3,3,1,1,3,2,
12,3,0,1,3,2,1,0,3,1,1,3,3,0,1,3,3,1,1,3,2,
13,5,0,0,5,4,0,0,5,0,0,5,5,0,0,4,5,1,1,5,4,
12,3,0,1,3,2,1,1,3,1,1,3,3,0,1,3,3,1,1,3,3,
13,3,0,1,3,2,1,1,3,1,1,3,3,0,1,3,4,1,1,3,3,
12,2,0,0,2,2,1,0,2,0,0,2,2,0,0,2,3,0,0,2,2,
12,2,0,0,2,2,0,0,2,0,0,2,2,0,0,2,3,0,0,2,2,
12,2,0,0,2,2,0,0,2,0,0,2,2,0,0,2,3,0,0,2,2,
12,2,0,0,2,2,0,0,2,0,0,2,2,0,0,2,3,0,0,2,2,
12,2,0,0,2,2,0,0,2,0,0,2,2,0,0,2,3,0,0,2,2,
15,4,0,0,2,3,0,0,2,0,0,4,2,0,0,4,2,0,0,4,1,
12,2,0,0,2,2,0,0,2,0,0,2,2,0,0,2,3,0,0,2,2,
15,0,0,0,2,0,0,0,2,0,0,0,2,0,0,0,2,0,0,0,1,
12,2,0,0,2,2,0,0,2,0,0,2,2,0,0,2,3,0,0,3,2,
12,2,0,0,2,2,0,0,2,0,0,2,3,0,0,2,3,0,1,3,2,
12,2,0,0,2,2,0,0,2,0,0,2,3,0,0,2,3,0,1,3,2,
11,2,0,0,3,2,0,0,2,0,0,3,3,0,0,2,3,1,1,3,2,
14,3,0,0,3,2,0,0,3,0,0,3,3,0,0,2,3,1,0,3,2,
11,3,0,0,3,2,0,0,3,0,0,3,3,0,0,2,3,1,0,3,2,
11,3,0,0,3,2,0,0,3,0,0,3,3,0,0,2,3,1,1,3,2,
11,3,0,0,3,2,0,0,3,0,0,3,3,0,0,2,3,1,1,3,2,
11,3,0,0,3,2,0,0,3,0,0,3,3,0,0,2,3,1,1,3,2,
11,3,0,1,3,2,1,0,3,1,1,3,3,0,1,2,3,1,1,3,2,
11,3,0,1,3,2,1,0,3,0,1,3,3,0,1,2,3,1,1,3,2,
12,3,0,1,3,2,1,0,3,1,1,3,3,0,1,3,3,1,1,3,2,
12,3,0,1,3,2,1,0,3,1,1,3,3,0,1,3,3,1,1,3,2,
12,3,0,1,3,2,1,0,3,1,1,3,3,0,1,3,3,1,1,3,3,
12,3,0,1,3,2,1,0,3,1,1,3,3,0,1,3,3,1,1,3,3,
12,2,0,0,2,2,0,0,2,0,0,2,2,0,0,2,3,0,0,2,2,
12,3,0,1,3,2,1,1,3,1,1,3,3,0,1,3,4,1,1,3,3,
12,3,0,1,3,3,1,1,3,1,1,3,3,0,1,3,4,1,1,3,3,
12,3,0,1,3,3,1,1,3,1,1,3,3,1,1,3,4,1,1,3,3,
12,2,0,0,2,2,0,0,2,0,0,2,2,0,0,2,3,0,0,2,2,
17,3,0,1,6,3,1,1,6,1,1,3,6,0,1,3,6,1,1,3,5,
12,2,0,0,2,2,0,0,2,0,0,2,3,0,0,2,3,0,1,3,2,
12,2,0,0,3,2,0,0,2,0,0,2,2,0,0,2,3,0,0,2,2,
12,2,0,0,2,2,0,0,2,0,0,2,2,0,0,2,3,0,0,2,2,
12,2,0,0,2,2,0,0,2,0,0,2,3,0,0,2,3,0,0,3,2,
12,2,0,0,2,2,0,0,2,0,0,2,3,0,0,2,3,0,1,3,2,
12,2,0,0,3,2,0,0,2,0,0,2,3,0,0,2,3,0,0,3,2,
11,2,0,0,3,2,0,0,2,0,0,2,3,0,0,2,3,0,1,3,2,
13,4,0,0,2,4,0,0,2,0,0,4,2,0,0,4,2,1,0,4,2,
11,3,0,0,3,2,1,0,3,0,0,3,3,0,1,2,3,1,1,3,2,
13,1,0,0,2,1,0,0,1,0,0,1,2,0,0,1,2,0,0,1,2,
11,3,0,1,3,2,1,0,3,0,1,3,3,0,1,2,3,1,1,3,3,
11,3,0,0,3,2,1,0,2,0,0,3,3,0,1,2,3,1,1,3,2,
11,3,0,1,3,2,1,0,3,1,1,3,3,0,1,2,3,1,1,3,3,
11,3,0,1,3,2,0,0,3,0,1,3,3,0,1,2,3,1,1,3,3,
13,3,0,1,3,2,1,0,3,1,1,3,3,0,1,2,3,1,1,3,3,
11,3,0,1,3,2,1,0,3,1,1,3,3,0,1,3,3,1,1,3,3,
12,3,0,1,3,2,1,0,3,1,1,3,3,0,1,3,3,1,1,3,3,
12,3,0,1,3,3,1,0,3,1,1,3,3,0,1,3,3,1,1,3,3,
12,3,0,1,3,3,1,1,3,1,1,3,3,0,1,3,4,1,1,3,3,
12,3,0,1,3,3,1,1,3,1,1,3,3,0,1,3,4,1,1,3,3,
12,2,0,0,2,2,0,0,2,0,0,2,2,0,0,2,3,0,0,2,2,
12,2,0,0,2,2,0,0,2,0,0,2,2,0,0,2,3,0,0,2,2,
12,2,0,0,2,2,0,0,2,0,0,2,2,0,0,2,3,0,0,2,2,
12,2,0,0,2,2,0,0,2,0,0,2,2,0,0,2,3,0,0,2,2,
12,2,0,0,2,2,0,0,2,0,0,2,2,0,0,2,3,0,0,2,2,
12,2,0,0,2,2,0,0,2,0,0,2,2,0,0,2,3,0,0,3,2,
12,2,0,0,2,2,0,0,2,0,0,2,2,0,0,2,3,0,1,3,2,
12,2,0,0,3,2,0,0,2,0,0,2,3,0,0,2,3,0,1,3,2,
12,2,0,0,3,2,0,0,2,0,0,2,2,0,0,2,3,0,1,3,2,
11,2,0,0,3,2,0,0,2,0,0,3,3,0,0,2,3,1,1,3,2,
14,4,0,3,5,4,0,0,4,0,3,4,4,0,3,4,5,0,3,5,4,
11,2,0,0,3,2,0,0,2,0,0,3,3,0,0,2,3,1,1,3,2,
11,3,0,0,3,2,0,0,2,0,0,3,3,0,0,2,3,1,0,3,2,
11,2,0,0,3,2,0,0,2,0,0,3,3,0,0,2,3,1,0,3,2,
11,3,0,0,3,2,0,0,2,0,0,3,3,0,0,2,3,1,0,3,2,
11,3,0,1,3,2,0,0,2,0,1,3,3,0,1,2,3,1,1,3,3,
11,3,0,1,3,2,0,0,3,0,1,3,3,0,1,2,3,1,1,3,3,
11,3,0,1,3,2,1,0,3,1,1,3,3,0,1,3,3,1,1,3,3,
13,4,0,0,2,3,1,0,2,1,0,4,2,0,0,4,3,1,1,4,2,
13,4,0,1,5,4,1,0,5,1,1,4,5,0,1,4,5,1,1,4,5,
14,1,0,0,2,0,0,0,1,0,0,1,2,0,0,1,2,0,0,1,2,
11,3,0,1,3,2,1,0,3,1,1,3,3,1,1,3,3,1,1,3,3,
12,3,0,1,3,3,1,0,3,1,1,3,3,1,1,3,3,1,1,3,3,
12,3,0,1,3,3,1,1,3,1,1,3,3,1,1,3,3,1,1,3,3,
12,3,0,1,3,3,1,1,3,1,1,3,3,1,1,3,3,1,1,3,3,
14,3,0,1,3,3,1,1,3,1,1,3,3,1,1,3,3,1,1,3,3,
12,2,0,0,3,2,0,0,2,0,0,2,2,0,0,2,3,0,0,3,2,
12,2,0,0,2,2,0,0,2,0,0,2,2,0,0,2,3,0,0,2,2,
12,2,0,0,3,2,0,0,2,0,0,2,2,0,0,2,3,1,1,3,2,
12,2,0,0,2,2,0,0,2,0,0,2,2,0,0,2,3,0,0,2,2,
12,2,0,0,2,2,0,0,2,0,0,2,2,0,0,2,3,0,0,2,2,
12,2,0,0,3,2,0,0,2,0,0,2,2,0,0,2,3,1,0,3,2,
12,2,0,0,3,2,0,0,2,0,0,2,2,0,0,2,3,0,0,3,2,
12,2,0,0,3,2,0,0,2,1,0,2,3,0,0,2,3,1,0,3,2,
11,2,0,0,3,2,0,0,2,1,0,3,3,0,0,2,3,1,0,3,2,
11,3,0,0,3,2,0,0,2,1,0,3,3,0,0,2,3,1,0,3,2,
12,2,0,0,2,2,0,0,2,0,0,2,2,0,0,2,3,0,0,2,2,
11,3,0,1,3,2,1,0,2,1,0,3,3,0,1,2,3,1,1,3,2,
11,3,0,0,3,2,0,0,2,1,0,3,3,0,0,2,3,1,0,3,2,
11,2,0,1,3,2,1,0,2,1,1,3,3,0,1,2,3,1,1,3,2,
11,3,0,1,3,2,1,0,3,1,0,3,3,0,1,2,3,1,1,3,3,
11,3,0,1,3,2,1,0,2,1,1,3,3,0,1,2,3,1,1,3,3,
11,3,0,1,3,2,1,0,3,1,1,3,3,0,1,3,3,1,1,3,3,
11,3,0,1,3,2,1,0,3,1,1,3,3,0,1,2,3,1,1,3,3,
13,2,2,0,3,2,2,0,3,2,0,2,3,2,1,2,3,2,1,3,3,
11,3,1,1,3,2,1,0,3,1,1,3,3,1,1,3,3,1,1,3,3,
13,3,0,1,3,3,1,0,3,1,1,3,3,1,1,3,3,1,1,3,3,
12,3,0,1,3,3,1,1,3,1,1,3,3,1,1,3,3,1,1,3,3,
12,3,0,1,3,3,1,1,3,1,1,3,3,1,1,3,3,1,1,3,3,
12,3,0,1,3,3,1,1,3,1,1,3,3,1,1,3,4,1,1,3,3,
12,2,0,0,2,2,0,0,2,0,0,2,2,0,0,2,2,0,0,2,2,
12,2,0,0,2,2,0,0,2,0,0,2,2,0,0,2,3,0,0,2,2,
12,2,2,0,3,1,3,0,2,3,0,2,3,3,0,1,3,3,0,2,2,
12,2,0,0,2,2,0,0,2,0,0,2,2,0,0,2,3,0,0,2,2,
12,2,0,0,2,2,0,0,2,0,0,2,2,0,0,2,3,0,0,2,2,
12,2,0,0,2,2,0,0,2,0,0,2,2,0,0,2,3,0,0,2,2,
12,2,0,0,3,2,0,0,2,0,0,2,2,0,0,2,3,1,0,3,2,
12,2,0,0,3,2,0,0,2,0,0,2,3,0,0,2,3,0,0,3,2,
33,2,0,0,24,2,0,0,24,0,0,2,24,0,0,2,25,1,0,3,24,
11,2,0,0,3,2,1,0,2,1,0,3,3,0,0,2,3,1,1,3,2,
11,2,0,0,3,2,0,0,2,1,0,3,3,0,0,2,3,1,0,3,2,
11,3,0,0,3,2,0,0,2,1,0,3,3,0,0,2,3,1,0,3,2,
11,3,0,0,3,2,0,0,2,1,0,3,3,0,0,2,3,1,0,3,2,
11,3,0,0,3,2,0,0,2,1,0,3,3,0,0,2,3,1,0,3,2,
11,3,0,1,3,2,1,0,2,1,1,3,3,0,1,2,3,1,1,3,2,
12,3,0,1,3,2,1,0,3,1,1,3,3,0,1,3,3,1,1,3,3,
11,3,0,1,3,2,1,0,3,1,1,3,3,0,1,3,3,1,1,3,3,
15,2,1,0,3,2,2,0,2,2,0,2,3,2,0,2,3,2,0,2,2,
11,3,0,1,3,2,1,0,3,1,1,3,3,1,1,3,3,1,1,3,3,
12,3,0,1,3,2,1,0,3,1,1,3,3,1,1,3,3,1,1,3,3,
12,3,0,1,3,3,1,1,3,1,1,3,3,1,1,3,4,1,1,3,3,
12,3,0,1,3,3,1,1,3,1,1,3,3,1,1,3,4,1,1,3,3,
12,3,0,1,3,3,1,1,3,1,1,3,3,1,1,3,3,1,1,3,3,
12,3,0,1,3,3,1,1,3,1,1,3,3,1,1,3,3,1,1,3,3,
12,3,0,1,4,3,1,1,3,1,1,3,3,1,1,3,4,1,1,4,3,
12,2,0,0,2,2,0,0,2,0,0,2,2,0,0,2,2,0,0,3,2,
12,2,0,0,3,2,0,0,2,0,0,2,2,0,0,2,3,0,0,2,2,
13,2,0,0,3,2,0,0,2,0,0,2,3,0,0,2,3,0,0,2,2,
12,2,0,0,3,2,0,0,2,0,0,2,3,0,0,2,3,0,0,2,2,
12,2,0,0,3,2,0,0,2,0,0,2,3,0,0,2,3,0,0,3,2,
16,2,0,0,3,2,0,0,2,0,0,2,3,0,0,2,3,0,0,5,2,
12,2,0,0,3,2,0,0,2,0,0,2,3,0,0,2,3,0,0,3,2,
12,2,0,0,3,2,0,0,2,0,0,3,3,0,0,2,3,0,0,3,2,
11,2,0,0,3,2,0,0,2,0,0,3,3,0,0,2,3,0,1,3,2,
11,2,0,0,3,2,0,0,2,1,0,3,3,0,0,2,3,1,0,3,2,
11,3,0,0,3,2,0,0,2,1,0,3,3,0,0,2,3,1,0,3,2,
11,3,0,0,3,2,0,0,2,1,0,3,3,0,0,2,3,1,0,3,2,
11,3,0,0,3,2,1,0,3,1,0,3,3,0,1,3,3,1,1,3,3,
11,3,0,1,3,2,0,0,3,1,1,3,3,0,1,2,3,1,1,3,3,
11,3,0,1,3,2,1,0,3,1,1,3,3,0,1,3,3,1,1,3,3,
11,3,0,1,3,2,1,0,3,1,1,3,3,0,1,3,3,1,1,3,3,
11,3,0,1,3,2,1,0,3,1,1,3,3,0,1,3,3,1,1,3,2,
12,3,0,1,3,2,1,0,3,1,1,3,3,0,1,3,3,1,1,3,3,
12,3,0,1,3,2,1,0,3,1,1,3,3,0,1,3,3,1,1,3,3,
12,3,0,1,3,3,1,0,3,1,1,3,3,1,1,3,4,1,1,3,3,
12,3,0,1,3,3,1,1,3,1,1,3,4,1,1,3,4,1,1,3,3,
12,3,0,1,3,3,1,1,3,1,1,3,3,1,1,3,4,1,1,3,3,
12,3,0,1,3,3,1,1,3,1,1,3,3,1,1,3,4,1,1,3,3,
13,5,0,4,5,4,1,0,5,1,3,5,5,1,3,5,5,1,3,5,5,
12,3,0,1,3,3,1,1,3,1,1,3,3,1,1,3,4,1,1,3,3,
12,3,0,1,3,3,1,1,3,1,1,3,3,1,1,3,4,1,1,3,3,
12,2,0,0,2,2,0,0,2,0,0,2,2,0,0,2,3,0,0,2,2,
12,2,0,0,3,2,0,0,2,0,0,2,3,0,0,2,3,0,0,3,2,
13,3,0,0,3,2,0,0,3,1,0,3,3,0,0,2,3,1,1,3,3,
13,3,0,1,3,2,1,0,3,1,1,3,3,0,1,3,3,1,1,3,3,
12,2,0,0,3,2,1,0,2,1,0,3,3,0,0,2,3,1,1,3,2,
16,2,2,0,2,2,2,0,2,2,0,2,2,2,0,2,2,2,0,2,2,
12,2,0,0,3,2,0,0,2,1,0,3,3,0,0,2,3,1,0,3,2,
11,2,0,0,3,2,0,0,2,1,0,3,3,0,0,2,3,1,0,3,2,
11,3,0,0,3,2,0,0,2,1,0,3,3,0,0,2,3,1,0,3,2,
11,2,2,0,3,2,3,0,2,3,0,2,3,2,0,2,3,3,0,2,3,
11,3,0,0,3,2,1,0,2,1,0,3,3,0,0,2,3,1,0,3,3,
11,3,0,1,3,2,1,0,3,1,1,3,3,0,1,3,3,1,1,3,3,
11,3,0,1,3,2,1,0,3,1,1,3,3,0,1,2,3,1,1,3,3,
11,3,0,1,3,2,1,0,3,1,1,3,3,0,1,3,3,1,1,3,3,
12,3,0,1,3,3,1,0,3,1,1,3,3,0,1,3,3,1,1,3,3,
12,3,0,1,3,3,1,1,3,1,1,3,3,1,1,3,3,1,1,3,3,
12,3,0,1,3,3,1,1,3,1,1,3,3,1,1,3,3,1,1,3,3,
12,3,0,1,4,3,1,1,3,1,1,3,3,1,1,3,4,1,1,3,3,
12,3,0,1,3,3,1,1,3,1,1,3,3,1,1,3,4,1,1,3,3,
12,3,0,1,3,3,1,1,3,1,1,3,3,1,1,3,4,1,1,3,3,
12,2,0,0,3,2,0,0,2,0,0,2,3,0,0,2,3,0,0,2,2,
12,2,0,0,2,2,0,0,2,0,0,2,2,0,0,2,3,0,0,2,2,
12,2,0,0,3,2,0,0,2,0,0,2,3,0,0,2,3,1,0,3,2,
12,3,0,0,3,2,0,0,2,1,0,3,3,0,0,2,3,1,1,3,2,
12,2,0,0,3,2,0,0,2,0,0,3,3,0,0,3,3,0,1,3,2,
12,2,0,0,3,2,0,0,2,0,0,3,3,0,0,2,3,0,0,3,2,
12,2,0,0,3,2,0,0,2,0,0,3,3,0,0,2,3,0,0,3,2,
12,2,0,0,3,2,0,0,2,0,0,3,3,0,0,2,3,1,1,3,2,
14,4,0,3,5,4,0,3,5,0,3,5,5,0,3,4,5,0,3,5,5,
12,2,0,0,3,2,0,0,2,0,0,3,3,0,0,2,3,1,1,3,2,
12,2,0,0,3,2,0,0,2,0,0,3,3,0,0,2,3,1,0,3,2,
11,3,0,0,3,2,0,0,2,1,0,3,3,0,0,2,3,1,0,3,2,
11,3,0,0,3,2,1,0,3,1,0,3,3,0,0,2,3,1,1,3,2,
11,3,0,0,3,2,0,0,3,1,1,3,3,0,0,3,3,1,1,3,2,
11,3,0,1,3,2,1,0,3,1,1,3,3,0,1,3,3,1,1,3,3,
11,3,0,1,3,2,1,0,3,1,1,3,3,0,1,3,3,1,1,3,2,
13,3,0,0,2,3,1,0,2,1,0,3,2,0,0,3,3,1,0,4,2,
11,3,0,1,3,2,1,0,3,1,1,3,3,0,1,3,3,1,1,3,3,
14,3,0,0,3,1,0,0,2,0,0,3,3,0,0,3,3,0,0,3,2,
12,3,0,1,3,3,1,1,3,1,1,3,3,1,1,3,3,1,1,3,3,
12,3,0,1,4,3,1,1,3,1,1,3,3,1,1,3,4,1,1,3,3,
12,3,0,1,3,3,1,1,3,1,1,3,3,1,1,3,4,1,1,3,3,
12,2,0,0,2,2,0,0,2,0,0,2,2,0,0,2,3,0,0,2,2,
14,2,0,0,2,2,0,0,2,0,0,2,3,0,0,2,3,0,0,2,2,
12,2,0,0,2,2,0,0,2,0,0,2,2,0,0,2,3,0,0,2,2,
12,3,0,1,3,3,1,1,3,1,1,3,3,1,1,3,4,1,1,3,3,
12,3,0,1,4,3,1,1,3,1,1,3,4,1,1,3,4,1,1,3,3,
12,3,0,1,4,3,1,1,3,1,1,3,4,1,1,3,4,1,1,3,3,
12,3,0,1,4,3,1,1,3,1,1,3,4,1,1,3,4,1,1,3,3,
12,2,0,0,3,2,0,0,2,0,0,2,3,0,0,2,3,0,0,3,2,
12,2,0,0,3,2,0,0,2,0,0,2,3,0,0,2,3,0,0,3,2,
12,2,0,0,3,2,0,0,2,0,0,2,3,0,0,2,3,0,0,3,2,
12,2,0,0,3,2,0,0,2,0,0,3,3,0,0,2,3,0,0,3,2,
12,3,0,0,3,2,0,0,2,0,0,3,3,0,0,2,3,1,0,3,2,
12,3,0,0,3,2,0,0,2,0,0,3,3,0,0,2,3,1,1,3,2,
11,3,0,0,3,2,0,0,2,0,0,3,3,0,0,2,3,1,1,3,2,
11,3,0,0,3,2,0,0,2,0,0,3,3,0,0,2,3,1,1,3,2,
11,3,0,1,3,2,0,0,3,1,1,3,3,0,1,3,3,1,1,3,2,
11,3,0,1,3,2,1,0,3,1,1,3,3,0,1,3,3,1,1,3,3,
14,5,0,4,5,5,1,0,5,1,4,5,5,1,4,5,6,1,5,5,5,
13,3,0,1,3,2,1,0,3,1,1,3,3,0,1,3,3,1,1,3,2,
11,3,0,1,3,2,1,0,3,1,1,3,3,1,1,3,3,1,1,3,3,
11,3,0,1,3,2,1,0,3,1,1,3,3,1,1,3,3,1,1,3,3,
12,3,0,1,3,3,1,1,3,1,1,3,3,1,1,3,3,1,1,3,3,
11,3,0,1,3,2,1,0,3,1,1,3,3,1,1,3,3,1,1,3,3,
12,3,0,1,3,3,1,0,3,1,1,3,3,1,1,3,3,1,1,3,3,
12,3,0,1,3,3,1,0,3,1,1,3,3,1,1,3,3,1,1,3,3,
14,4,0,1,3,4,6,1,2,6,1,5,3,6,1,4,3,6,1,5,2,
12,3,0,1,3,3,1,1,3,1,1,3,3,1,1,3,4,1,1,3,3,
14,2,0,0,2,1,0,0,2,0,0,2,2,0,0,1,3,0,0,2,2,
12,3,0,1,4,3,1,1,3,1,1,4,4,1,1,3,4,1,1,4,3,
12,2,0,0,3,2,0,0,2,0,0,2,3,0,0,2,3,0,0,3,2,
12,3,0,1,4,3,1,1,3,1,1,3,4,1,1,3,4,1,1,4,3,
12,2,0,0,3,2,0,0,2,0,0,2,3,0,0,2,3,1,0,3,2,
12,2,0,0,3,2,0,0,2,0,0,2,3,0,0,2,3,1,1,3,2,
12,2,0,0,3,2,0,0,2,0,0,2,3,0,0,2,3,0,1,3,2,
12,2,0,0,3,2,0,0,2,1,0,3,3,0,0,2,3,1,0,3,2,
12,2,0,0,3,2,1,0,2,1,1,3,3,0,0,2,3,1,1,3,2,
11,3,0,0,3,2,0,0,2,1,0,3,3,0,0,2,3,1,1,3,2,
11,3,0,1,3,2,0,0,3,0,0,3,3,0,0,2,3,1,1,3,2,
11,3,0,0,3,2,0,0,3,1,0,3,3,0,0,2,3,1,0,3,2,
11,2,0,1,3,2,1,0,3,1,1,2,3,0,1,2,3,1,1,2,2,
11,3,0,1,3,2,1,0,3,1,1,3,3,0,1,3,3,1,1,3,2,
11,3,0,1,3,2,1,0,3,1,1,3,3,0,1,3,3,1,1,3,2,
11,3,0,1,3,2,1,0,3,1,1,3,3,0,1,3,3,1,1,3,3,
11,3,0,1,3,2,1,0,3,1,1,3,3,1,1,3,3,1,1,3,3,
11,3,0,1,3,2,1,0,3,1,1,3,3,1,1,3,3,1,1,3,2,
11,3,0,1,3,2,1,0,3,1,1,3,3,1,1,3,3,1,1,3,3,
11,3,0,1,3,2,1,1,3,1,1,3,3,1,1,3,3,1,1,3,3,
11,3,0,1,3,2,1,1,3,1,1,3,3,1,1,3,3,1,1,3,3,
13,5,0,1,5,4,1,0,5,1,1,5,5,1,1,5,5,1,1,5,5,
11,3,0,1,3,3,1,1,3,1,1,3,3,1,1,3,3,1,1,3,3,
12,2,0,0,2,2,0,0,2,0,0,2,2,0,0,2,2,0,0,2,2,
12,2,0,0,2,2,0,0,2,0,0,2,2,0,0,2,2,0,0,2,2,
12,2,0,0,2,2,0,0,2,0,0,2,2,0,0,2,3,0,0,3,2,
13,2,0,0,2,2,0,0,2,0,0,2,2,0,0,2,3,0,0,2,2,
12,2,0,0,3,2,0,0,2,0,0,2,3,0,0,2,3,0,0,3,2,
12,2,0,0,2,2,0,0,2,0,0,2,2,0,0,2,3,0,0,3,2,
12,2,0,0,2,2,0,0,2,0,0,3,2,0,0,3,2,0,0,3,2,
12,2,0,0,3,2,0,0,2,0,0,3,3,0,0,2,3,1,0,3,2,
13,2,0,0,2,2,0,0,2,0,0,2,2,0,0,2,2,0,0,2,2,
12,2,0,0,3,2,0,0,3,1,0,3,3,0,0,2,3,1,1,3,2,
11,2,0,0,3,2,0,0,2,1,0,3,3,0,0,2,3,1,0,3,2,
11,2,0,0,3,2,0,0,3,0,0,3,3,0,0,2,3,1,0,3,2,
11,3,0,1,3,2,0,0,3,1,1,3,3,0,1,2,3,1,1,3,2,
13,3,0,0,3,2,0,0,3,1,0,3,3,0,1,2,3,1,0,3,2,
11,3,0,1,3,2,1,0,3,1,1,3,3,0,1,3,3,1,1,3,2,
11,3,0,1,3,2,1,0,3,1,1,3,3,0,1,3,3,1,1,3,2,
11,3,0,1,3,2,1,0,3,1,1,3,3,0,1,3,3,1,1,3,3,
11,3,0,1,3,2,1,0,3,1,1,3,3,1,1,3,3,1,1,3,3,
11,3,0,1,3,2,1,0,3,1,1,3,3,1,1,3,3,1,1,3,3,
11,3,0,1,3,2,1,1,3,1,1,3,3,1,1,3,3,1,1,3,3,
11,3,0,1,3,2,1,1,3,1,1,3,3,1,1,3,3,1,1,3,3,
11,3,0,1,3,3,1,1,3,1,1,3,3,1,1,3,3,1,1,3,3,
11,3,0,1,3,3,1,1,3,1,1,3,3,1,1,3,3,1,1,3,3,
11,3,0,1,3,3,1,1,3,1,1,3,3,1,1,3,3,1,1,3,3,
12,3,0,1,3,3,1,1,3,1,1,3,3,1,1,3,3,1,1,3,3,
12,3,0,1,3,3,1,1,3,1,1,3,3,1,1,3,3,1,1,3,3,
13,3,0,1,3,3,1,1,3,1,1,3,3,1,1,3,3,1,1,3,3,
12,2,0,0,2,2,0,0,2,0,0,2,2,0,0,2,3,0,0,2,2,
12,2,0,0,2,2,0,0,2,0,0,2,2,0,0,2,3,0,0,2,2,
14,5,0,0,5,4,0,0,5,0,3,5,5,0,0,4,5,0,3,5,4,
12,2,0,0,2,2,0,0,2,0,0,2,2,0,0,2,3,0,0,2,2,
12,2,0,0,3,2,0,0,3,0,0,2,3,0,0,2,3,0,0,3,2,
12,2,0,0,3,2,0,0,3,0,0,2,3,0,0,2,3,1,0,3,2,
12,2,2,0,3,1,3,0,3,3,0,2,3,2,0,2,3,3,0,2,2,
12,2,0,0,3,2,1,0,2,1,0,3,3,0,0,2,3,1,0,3,2,
11,3,0,0,3,2,1,0,3,1,0,3,3,0,0,2,3,1,1,3,2,
11,2,0,0,3,2,1,0,3,1,0,3,3,0,0,2,3,1,1,3,2,
14,4,0,0,2,4,1,0,2,1,0,4,2,0,0,4,2,1,0,4,2,
11,3,0,1,3,2,1,0,3,1,1,3,3,0,1,3,3,1,1,3,3,
14,1,0,0,2,1,0,0,2,0,0,1,2,0,0,1,2,0,0,2,2,
11,3,0,1,3,2,1,0,3,1,1,3,3,0,1,3,3,1,1,3,3,
11,3,0,1,3,2,1,0,3,1,1,3,3,0,1,3,3,1,1,3,3,
11,3,0,1,3,2,1,0,3,1,1,3,3,0,1,3,3,1,1,3,3,
11,3,0,1,3,2,1,0,3,1,1,3,3,1,1,3,3,1,1,3,3,
14,3,0,1,3,3,1,1,3,1,1,3,3,1,1,3,3,1,1,3,3,
11,3,0,1,3,3,1,1,3,1,1,3,3,1,1,3,3,1,1,3,3,
11,3,0,1,3,3,1,1,3,1,1,3,3,1,1,3,3,1,1,3,3,
11,2,0,0,2,2,0,0,2,0,0,2,2,0,0,2,2,0,0,2,2,
11,3,0,1,3,3,1,1,3,1,1,3,3,1,1,3,3,1,1,3,3,
12,2,0,0,2,2,0,0,2,0,0,2,2,0,0,2,2,0,0,2,2,
12,3,0,1,3,3,1,1,3,1,1,3,3,1,1,3,4,1,1,3,3,
11,2,0,0,2,2,0,0,2,0,0,2,2,0,0,2,2,0,0,2,2,
12,3,0,1,3,3,1,1,3,1,1,3,3,1,1,3,3,1,1,3,3,
12,2,0,0,2,2,0,0,2,0,0,2,2,0,0,2,3,0,0,2,2,
12,2,0,0,2,2,0,0,2,0,0,2,2,0,0,2,3,0,0,2,2,
12,2,0,0,3,2,0,0,3,0,0,2,3,0,0,2,3,1,1,3,2,
12,2,0,0,3,2,0,0,3,0,0,2,3,0,0,2,3,1,1,3,2,
11,3,0,0,3,2,1,0,3,1,0,2,3,0,0,2,3,1,0,3,2,
11,3,0,1,3,2,0,0,3,1,1,3,3,0,1,2,3,1,1,3,2,
11,3,0,1,3,2,0,0,3,1,1,3,3,0,1,3,3,1,1,3,3,
13,2,0,0,5,2,1,0,5,1,0,2,5,0,1,2,5,1,0,3,5,
13,2,0,0,3,2,0,0,2,0,0,2,3,0,0,2,3,0,0,2,2,
11,3,0,1,3,2,1,0,3,1,1,3,3,1,1,3,3,1,1,3,3,
11,3,0,1,3,2,1,0,3,1,1,3,3,1,1,3,3,1,1,3,3,
12,3,0,1,3,2,1,1,3,1,1,3,3,1,1,3,3,1,1,3,3,
11,3,0,1,3,3,1,1,3,1,1,3,3,1,1,3,3,1,1,3,3,
11,3,0,1,3,2,1,1,3,1,1,3,3,1,1,2,3,1,1,3,3,
11,3,0,1,3,2,1,1,3,1,1,3,3,1,1,3,3,1,1,3,3,
12,3,0,1,3,3,1,1,2,1,1,3,3,1,1,3,3,1,1,3,2,
12,3,0,1,3,2,1,1,3,1,1,3,3,1,1,3,3,1,1,3,3,
14,2,0,0,2,1,0,0,2,0,0,2,2,0,0,1,3,0,0,2,2,
12,2,0,0,2,1,0,0,2,0,0,2,2,0,0,2,3,0,0,2,2,
12,2,0,0,3,2,0,0,2,0,0,2,2,0,0,2,3,1,0,3,2,
12,2,0,0,3,2,0,0,2,0,0,2,3,0,0,2,3,0,0,2,2,
12,2,0,0,3,2,1,0,2,1,0,2,3,0,0,2,3,1,0,3,2,
13,2,0,0,3,2,0,0,3,1,0,2,3,0,0,2,3,1,1,2,2,
12,2,0,0,3,2,1,0,3,1,0,2,3,0,1,2,3,1,0,3,2,
11,2,0,0,3,2,0,0,3,1,0,2,3,0,0,2,3,1,1,2,2,
11,2,0,1,3,2,1,0,3,1,1,2,3,0,1,2,3,1,1,3,2,
11,2,0,1,3,2,1,0,3,1,1,2,3,0,1,2,3,1,1,3,2,
11,2,0,1,3,2,1,0,3,1,1,2,3,0,1,2,3,1,1,3,2,
11,2,0,1,3,2,1,1,3,1,1,2,3,1,1,2,3,1,1,3,3,
11,3,0,1,3,2,1,0,3,1,1,3,3,1,1,3,3,1,1,3,3,
11,3,0,1,3,2,1,1,3,1,1,3,3,1,1,3,3,1,1,3,3,
13,3,0,1,3,2,1,1,3,1,1,3,3,1,1,3,3,1,1,3,3,
11,3,0,1,3,2,1,1,3,1,1,3,3,1,1,3,3,1,1,3,3,
11,3,0,1,3,3,1,1,3,1,1,3,3,1,1,3,3,1,1,3,3,
11,3,0,1,3,2,1,1,3,1,1,3,3,1,1,3,3,1,1,3,3,
12,3,0,1,3,2,1,1,3,1,1,3,3,1,1,3,3,1,1,3,3,
12,3,0,1,3,2,1,1,3,1,1,3,3,1,1,3,3,1,1,3,3,
12,3,0,1,3,2,1,1,3,1,1,3,3,1,1,3,3,1,1,3,3,
14,4,3,0,5,3,4,0,4,4,2,4,5,4,2,4,5,4,3,4,4,
12,2,0,0,3,1,0,0,2,1,0,2,3,0,0,2,3,1,0,2,2,
12,2,0,0,3,2,1,0,2,0,0,2,3,0,0,2,3,1,0,2,2,
12,2,0,0,3,2,1,0,2,1,0,2,3,0,0,2,3,1,0,2,2,
12,2,0,0,3,1,0,0,2,0,0,2,3,0,0,2,3,1,0,2,2,
12,2,0,0,3,2,1,0,2,1,0,2,3,0,0,2,3,1,0,3,2,
12,2,0,0,3,2,1,0,2,1,0,2,3,0,0,2,3,1,0,2,2,
11,2,0,0,3,2,0,0,2,1,0,2,3,0,0,2,3,1,0,2,2,
13,4,0,0,2,3,1,0,2,1,0,4,2,0,0,4,2,1,0,4,2,
11,2,0,1,3,2,1,0,2,1,1,2,3,0,1,2,3,1,1,3,2,
14,1,0,0,2,1,0,0,2,0,0,1,2,0,0,1,2,0,0,1,1,
12,3,0,1,3,2,1,0,3,1,1,3,3,1,1,3,3,1,1,3,3,
11,3,0,1,3,2,1,1,3,1,1,3,3,1,1,3,3,1,1,3,3,
11,3,0,1,3,3,1,0,3,1,1,3,3,1,1,3,3,1,1,3,3,
11,3,0,1,3,2,1,1,3,1,1,3,3,1,1,3,3,1,1,3,3,
12,3,0,1,3,3,1,1,3,1,1,3,3,1,1,3,3,1,1,3,3,
12,3,0,1,3,3,1,1,3,1,1,3,3,1,1,3,3,1,1,3,3,
12,3,0,1,3,3,1,1,3,1,1,3,3,1,1,3,4,1,1,3,3,
12,2,0,0,2,1,0,0,2,0,0,2,2,0,0,2,3,0,0,2,2,
12,2,0,0,2,2,0,0,2,0,0,2,2,0,0,2,3,0,0,2,2,
12,2,0,0,2,2,0,0,2,0,0,2,2,0,0,2,3,1,0,3,2,
12,2,0,0,3,2,0,0,2,0,1,2,3,0,0,2,3,1,1,3,2,
12,2,0,0,3,2,0,0,2,0,0,2,2,0,0,2,3,1,0,2,2,
12,2,0,0,3,2,0,0,2,0,1,2,3,0,0,2,3,1,1,2,2,
12,3,0,1,3,2,1,0,3,1,1,3,3,1,1,3,3,1,1,3,2,
12,2,0,0,3,2,0,0,2,1,0,2,3,0,0,2,3,1,0,3,2,
12,2,0,0,3,2,1,0,2,1,0,2,2,0,0,2,3,1,0,2,2,
11,2,0,1,3,2,1,0,2,1,1,2,3,0,1,2,3,1,1,2,2,
11,3,0,1,3,2,1,0,3,1,1,3,3,0,0,2,3,1,1,3,2,
11,3,0,1,3,2,1,0,3,1,1,3,3,0,0,2,3,1,1,3,2,
11,3,0,1,3,2,1,0,3,1,1,3,3,0,0,3,3,1,1,3,2,
11,3,0,1,3,2,1,0,3,1,1,3,3,0,0,3,3,1,1,3,3,
12,3,0,1,3,3,1,1,3,1,1,3,3,1,1,3,3,1,1,3,3,
12,3,0,1,3,2,1,1,3,1,1,3,3,1,1,3,3,1,1,3,3,
11,3,0,1,3,3,1,1,3,1,1,3,3,1,1,3,3,1,1,3,3,
11,3,0,1,3,3,1,1,3,1,1,3,3,1,1,3,3,1,1,3,3,
12,3,0,1,3,2,1,1,3,1,1,3,3,1,1,3,4,1,1,3,3,
12,3,0,1,3,3,1,1,3,1,1,3,3,1,1,3,4,1,1,3,3,
12,3,0,1,3,2,1,1,3,1,1,3,3,1,1,3,4,1,1,3,3,
16,5,0,0,2,5,0,0,2,0,0,5,2,0,0,5,3,0,0,5,2,
12,2,0,0,2,2,0,0,2,0,1,2,2,0,0,2,3,1,1,2,2,
15,2,0,0,5,1,0,0,5,0,0,2,5,0,0,2,6,1,0,5,2,
12,2,0,0,3,2,1,0,2,1,1,2,3,0,0,2,3,1,1,2,2,
12,2,0,0,3,2,1,0,3,1,1,2,3,0,0,2,3,1,1,2,2,
12,3,0,0,3,2,1,0,3,1,0,2,3,0,0,2,3,1,0,3,2,
11,2,0,0,3,2,0,0,2,1,0,2,3,0,0,2,3,1,0,3,2,
11,2,0,0,3,2,0,0,3,1,0,2,3,0,0,2,3,1,0,3,2,
11,3,0,1,3,2,0,0,3,1,0,3,3,0,0,2,3,1,1,3,2,
11,2,0,1,3,2,1,0,3,1,1,2,3,1,0,2,3,1,1,3,2,
11,3,0,1,3,2,1,0,3,1,1,3,3,1,0,3,3,1,1,3,3,
12,2,0,0,3,2,0,0,2,1,1,2,3,0,0,2,3,1,1,2,2,
11,3,0,1,3,2,1,1,3,1,1,3,3,1,1,3,3,1,1,3,3,
12,3,0,1,3,2,1,1,3,1,1,3,3,1,1,3,3,1,1,3,3,
11,3,0,1,3,2,1,1,3,1,1,3,3,1,1,3,3,1,1,3,3,
11,3,0,1,3,3,1,1,3,1,1,3,3,1,1,3,3,1,1,3,3,
12,3,0,1,3,3,1,1,3,1,1,3,3,1,1,3,4,1,1,3,3,
12,3,0,1,3,2,1,1,3,1,1,3,3,1,1,3,4,1,1,3,3,
12,3,0,1,3,3,1,1,3,1,1,3,3,1,1,3,4,1,1,3,3,
12,3,0,0,3,2,1,0,3,1,0,3,3,1,0,2,3,1,0,3,2,
12,2,0,0,2,2,0,0,2,0,0,2,2,0,0,2,3,0,0,2,2,
12,2,0,0,3,2,0,0,2,0,0,2,2,0,0,2,3,0,0,2,2,
12,2,0,0,3,2,0,0,2,0,0,2,3,0,0,2,3,0,0,3,2,
15,5,0,3,5,4,0,3,5,0,3,5,5,0,3,4,6,1,3,5,5,
12,3,0,0,3,2,0,0,3,1,1,3,3,0,0,2,3,1,1,3,2,
13,2,0,1,3,2,0,0,3,1,1,2,3,0,0,2,3,1,1,3,2,
11,3,0,0,3,2,0,0,3,1,0,3,3,0,0,2,3,1,1,3,2,
11,3,0,1,3,2,1,0,3,1,1,3,3,0,0,2,3,1,1,3,2,
11,3,0,1,3,2,1,0,3,1,1,3,3,0,1,3,3,1,1,3,2,
11,3,0,1,3,2,1,0,3,1,1,3,3,1,1,3,3,1,1,3,3,
12,3,0,1,3,2,1,1,3,1,1,3,3,1,1,3,3,1,1,3,3,
12,3,0,0,3,2,0,0,2,0,0,3,3,0,0,3,3,1,1,3,2,
11,3,0,1,3,2,1,1,3,1,1,3,3,1,1,3,3,1,1,3,3,
12,3,0,1,3,2,1,1,3,1,1,3,3,1,1,3,3,1,1,3,3,
12,2,0,0,2,2,0,0,2,0,0,2,2,0,0,2,3,0,0,2,2,
12,2,0,0,2,2,0,0,2,0,0,2,2,0,0,2,3,0,0,2,2,
17,6,0,1,3,2,1,1,3,1,1,6,3,1,1,6,4,1,1,6,3,
12,2,0,0,2,2,0,0,2,0,0,2,2,0,0,2,3,0,0,2,2,
12,2,0,0,2,2,0,0,2,0,0,2,2,0,0,2,3,0,0,2,2,
12,2,0,0,2,2,0,0,2,0,0,2,2,0,0,2,3,0,0,2,2,
12,2,0,0,2,1,0,0,2,0,0,2,2,0,0,2,3,0,0,2,2,
12,2,0,0,2,2,0,0,2,0,0,2,2,0,0,2,3,0,0,2,2,
12,2,0,0,3,2,0,0,2,0,0,2,2,0,0,2,3,1,1,3,2,
12,2,0,0,2,2,0,0,2,0,0,2,2,0,0,2,3,1,1,3,2,
14,4,0,0,5,4,0,0,5,0,0,4,5,0,0,4,5,1,1,4,4,
12,3,0,0,3,2,0,0,2,1,0,3,3,0,0,2,3,1,1,3,2,
12,2,0,0,3,2,0,0,3,1,1,2,3,0,0,2,3,1,1,2,2,
12,2,0,0,3,2,0,0,3,0,1,2,3,0,1,2,3,1,1,2,2,
11,3,1,1,3,2,1,0,3,1,1,3,3,1,1,3,3,2,1,3,3,
11,2,0,1,3,2,1,0,3,1,1,3,3,0,1,2,3,1,1,3,2,
11,3,0,1,3,2,1,0,3,1,1,3,3,0,0,3,3,1,1,3,2,
11,3,0,1,3,2,1,0,3,1,1,3,3,1,0,3,3,1,1,3,3,
11,3,0,1,3,2,1,0,3,1,1,3,3,1,1,3,3,1,1,3,3,
11,3,0,1,3,2,1,0,3,1,1,3,3,1,1,3,3,1,1,3,3,
14,3,0,1,3,2,1,1,3,1,1,3,3,1,1,3,3,1,1,3,3,
11,3,0,1,3,2,1,0,3,1,1,3,3,1,1,3,3,1,1,3,3,
11,3,0,1,3,2,1,0,3,1,1,3,3,1,0,3,3,1,1,3,3,
11,3,0,1,3,2,1,1,3,1,1,3,3,1,1,3,3,1,1,3,3,
12,3,0,1,3,2,1,1,3,1,1,3,3,1,1,3,3,1,1,3,3,
12,2,0,0,2,1,0,0,2,0,0,2,2,0,0,2,2,0,0,2,2,
12,3,0,1,3,2,1,1,3,1,1,3,3,1,1,3,4,1,1,3,3,
12,2,0,0,2,2,0,0,2,0,0,2,2,0,0,2,3,0,0,2,2,
13,2,0,0,2,2,3,0,2,3,0,2,2,0,0,2,3,3,0,2,2,
12,2,0,0,2,2,0,0,2,0,0,2,2,0,0,2,3,0,0,2,2,
13,3,0,0,3,2,0,0,2,1,0,3,3,0,0,2,3,1,0,3,2,
12,2,0,0,3,2,0,0,2,0,0,2,2,0,0,2,3,1,1,3,2,
12,2,0,0,3,2,0,0,2,0,1,2,3,0,0,2,3,1,1,3,2,
12,2,0,0,3,2,0,0,2,1,0,2,3,0,0,2,3,1,1,3,2,
12,2,0,0,3,2,0,0,2,0,0,2,3,0,0,2,3,1,1,3,2,
13,2,0,1,3,2,0,0,3,1,1,2,3,0,0,2,3,1,1,3,2,
12,3,0,1,3,2,1,0,3,1,1,3,3,0,0,3,3,1,1,3,2,
11,3,0,1,3,2,1,0,3,1,1,3,3,1,1,2,3,1,1,3,3,
11,2,0,1,3,2,1,0,3,1,1,2,3,1,1,2,3,1,1,2,3,
11,3,0,1,3,2,1,0,3,1,1,3,3,1,1,2,3,1,1,3,3,
11,3,0,1,3,2,1,0,3,1,1,3,3,1,1,3,3,1,1,3,3,
11,2,0,1,3,2,1,1,3,1,1,2,3,1,1,2,3,1,1,3,3,
11,3,0,1,3,2,1,0,3,1,1,3,3,1,0,3,3,1,1,3,3,
11,3,0,1,3,2,1,0,3,1,1,3,3,1,1,3,3,1,1,3,3,
12,3,0,1,3,2,1,1,3,1,1,3,3,1,1,3,3,1,1,3,3,
12,3,0,1,3,2,1,1,3,1,1,3,3,1,1,3,3,1,1,3,3,
12,3,0,1,3,2,1,1,3,1,1,3,3,1,1,3,4,1,1,3,3,
11,3,0,1,3,2,1,1,3,1,1,3,3,1,1,3,3,1,1,3,3,
12,3,0,1,3,3,1,1,3,1,1,3,3,1,1,3,4,1,1,3,3,
12,2,0,0,2,2,0,0,2,0,0,2,2,0,0,2,3,0,0,2,2,
12,3,0,1,3,3,1,1,3,1,1,3,3,1,1,3,4,1,1,3,3,
15,3,0,1,3,2,1,1,3,1,1,3,3,1,1,2,3,1,1,3,3,
12,2,0,0,2,2,0,0,2,0,0,2,2,0,0,2,3,0,0,2,2,
12,2,0,0,2,2,0,0,2,0,1,2,2,0,0,2,3,1,1,2,2,
12,3,1,0,3,2,1,0,2,1,1,3,3,1,0,2,3,2,1,3,2,
12,2,0,0,3,2,0,0,2,0,0,2,3,0,0,2,3,1,1,3,2,
12,2,0,0,3,2,0,0,2,0,0,2,2,0,0,2,3,0,1,3,2,
12,3,0,0,3,2,0,0,2,1,0,3,3,0,0,2,3,1,1,3,2,
12,2,0,0,3,2,0,0,2,0,0,2,3,0,0,2,3,0,1,3,2,
13,3,0,0,2,2,0,0,2,0,0,3,2,0,0,3,2,1,0,3,2,
12,3,0,1,3,2,0,0,2,1,0,3,3,0,1,2,3,1,1,3,2,
13,2,0,0,3,2,0,0,2,0,0,2,3,0,0,2,3,1,0,3,2,
11,3,0,1,3,2,0,0,3,1,1,3,3,0,0,2,3,1,1,3,2,
11,2,0,1,3,2,1,0,3,1,1,2,3,0,1,2,3,1,1,3,2,
11,3,0,1,3,2,1,0,3,1,1,3,3,0,0,3,3,1,1,3,2,
11,3,0,1,3,2,1,0,3,1,1,3,3,0,0,3,3,1,1,3,2,
11,3,0,1,3,2,1,0,3,1,1,3,3,0,1,3,3,1,1,3,2,
11,3,0,1,3,2,1,0,3,1,1,3,3,1,1,2,3,1,1,3,2,
14,4,0,1,5,4,1,0,5,1,1,4,5,1,1,4,6,1,1,4,5,
11,2,0,1,3,2,1,1,3,1,1,2,3,1,1,2,3,1,1,3,3,
11,3,0,1,3,2,1,1,3,1,1,3,3,1,1,3,3,1,1,3,3,
11,3,0,1,3,2,1,1,3,1,1,3,3,1,1,3,3,1,1,3,3,
12,3,0,1,3,3,1,1,3,1,1,3,3,1,1,3,4,1,1,3,3,
12,2,0,0,2,1,0,0,2,0,0,2,2,0,0,2,3,0,0,2,2,
12,2,0,0,2,2,0,0,2,0,0,2,2,0,0,2,3,0,0,2,2,
12,2,0,1,3,1,0,0,2,0,1,2,2,0,1,2,3,0,1,2,2,
12,3,0,1,3,2,1,1,3,1,1,3,3,1,1,3,4,1,1,3,3,
12,2,0,0,2,1,0,0,2,0,0,2,2,0,0,2,3,0,0,2,2,
12,2,0,0,2,1,0,0,2,0,0,2,2,0,0,2,3,0,0,2,2,
12,2,0,0,3,2,0,0,2,0,0,2,2,0,0,2,3,0,0,2,2,
12,2,0,0,3,2,0,0,2,0,0,2,2,0,0,2,3,0,0,2,2,
12,2,0,0,3,1,0,0,2,0,0,2,2,0,0,2,3,1,0,2,2,
13,5,0,1,5,4,1,0,5,1,3,5,5,0,1,4,5,1,3,5,5,
12,2,0,1,3,2,1,1,3,1,1,2,3,0,1,2,3,1,1,2,2,
12,2,0,0,3,2,0,0,2,1,1,2,3,0,0,2,3,1,0,2,2,
11,2,0,0,3,2,0,0,3,1,1,2,3,0,1,2,3,1,1,2,2,
11,2,0,0,3,2,0,0,2,1,1,2,3,0,0,2,3,1,1,2,2,
11,3,0,1,3,2,1,0,3,1,1,3,3,0,1,2,3,1,1,3,3,
11,3,0,1,3,2,1,0,3,1,1,3,3,1,1,2,3,1,1,3,3,
11,3,0,1,3,2,1,0,3,1,1,3,3,1,1,3,3,1,1,3,3,
15,2,0,0,2,2,0,0,2,1,0,2,2,0,0,2,3,1,0,2,2,
11,3,0,1,3,2,1,1,3,1,1,3,3,1,1,2,3,1,1,3,3,
15,5,0,1,3,2,1,1,3,1,1,5,3,1,1,2,3,1,1,5,3,
11,3,0,1,3,2,1,1,3,1,1,3,3,1,1,2,3,1,1,3,3,
11,2,0,0,2,1,0,0,2,0,0,2,2,0,0,1,2,0,0,2,2,
12,2,0,0,2,1,0,0,2,0,0,2,2,0,0,2,2,0,0,2,2,
12,3,0,1,3,2,1,1,3,1,1,3,3,1,1,3,4,1,1,3,3,
12,2,0,0,2,2,0,0,2,0,0,2,2,0,0,2,3,0,0,2,2,
12,3,0,1,3,2,1,1,3,1,1,3,3,1,1,3,4,1,1,3,3,
12,2,0,0,2,1,0,0,2,0,0,2,2,0,0,2,3,0,0,2,2,
12,3,0,1,4,2,1,1,3,1,1,3,4,1,1,3,4,1,1,3,3,
12,2,0,0,3,1,0,0,2,0,0,2,2,0,0,2,3,0,0,2,2,
12,2,0,0,3,1,0,0,2,0,0,2,3,0,0,2,3,0,0,2,2,
12,2,0,0,3,2,0,0,2,0,0,2,2,0,0,2,3,0,1,2,2,
12,2,0,0,3,2,0,0,2,0,0,2,3,0,0,2,3,0,0,2,2,
12,2,0,0,3,2,0,0,2,0,1,2,3,0,0,2,3,1,1,2,2,
12,2,0,0,3,2,0,0,2,0,0,2,3,0,0,2,3,1,1,2,2,
14,2,0,0,3,2,0,0,3,1,1,2,3,0,1,2,3,1,1,2,2,
12,3,0,0,3,2,0,0,3,1,1,3,3,0,1,2,3,1,1,3,3,
11,2,0,1,3,2,0,0,3,1,1,2,3,0,1,2,3,1,1,3,2,
11,2,0,0,3,2,0,0,3,1,1,2,3,0,0,2,3,1,1,3,2,
11,2,0,1,3,2,1,0,3,1,1,2,3,0,1,2,3,1,1,3,2,
11,3,0,1,3,2,1,0,3,1,1,3,3,0,1,3,3,1,1,3,2,
14,2,0,0,3,2,0,0,3,1,1,2,3,0,0,2,3,1,1,2,2,
11,2,0,1,3,2,1,0,3,1,1,2,3,0,1,2,3,1,1,3,2,
11,3,0,1,3,2,1,0,3,1,1,3,3,0,1,3,3,1,1,3,2,
11,3,0,1,3,2,1,0,3,1,1,3,3,0,0,3,3,1,1,3,3,
11,3,0,1,3,2,1,1,3,1,1,3,3,1,1,2,3,1,1,3,3,
12,3,0,1,3,2,1,1,3,1,1,3,3,1,1,2,3,1,1,3,3,
12,3,0,1,3,2,1,1,3,1,1,3,3,1,1,2,3,1,1,3,3,
12,3,0,1,3,3,1,1,3,1,1,3,3,1,1,3,4,1,1,3,3,
12,2,0,0,2,2,0,0,2,0,0,2,2,0,0,2,2,0,0,2,1,
12,2,0,0,2,2,0,0,2,0,0,2,2,0,0,2,3,0,0,2,2,
14,2,0,0,2,1,0,0,2,0,0,2,2,0,0,2,3,1,0,2,2,
12,2,0,0,2,2,0,0,2,0,0,2,2,0,0,2,3,0,0,2,2,
12,2,0,0,2,2,0,0,2,0,0,2,2,0,0,2,3,0,0,2,2,
12,2,0,0,3,2,0,0,2,0,0,2,2,0,0,2,3,0,0,2,2,
12,2,0,0,3,2,0,0,3,0,0,2,3,0,0,2,3,1,1,2,2,
14,2,0,0,3,2,0,0,2,0,0,2,3,0,0,2,3,0,0,2,2,
12,2,0,0,3,1,0,0,2,0,0,2,3,0,0,2,3,0,0,2,2,
12,2,0,0,3,2,0,0,3,1,1,2,3,0,0,2,3,1,1,2,2,
12,2,0,0,3,2,0,0,3,0,1,2,3,0,0,2,3,1,1,2,2,
12,3,0,0,3,2,0,0,3,1,1,3,3,0,0,2,3,1,1,3,2,
11,3,0,0,3,2,1,0,3,1,1,3,3,0,1,2,3,1,1,3,2,
11,3,0,0,3,2,0,0,3,1,0,3,3,0,0,2,3,1,1,3,2,
11,2,0,1,3,2,0,0,3,1,1,2,3,0,1,2,3,1,1,3,2,
28,3,0,1,3,2,1,20,3,1,1,3,3,0,0,2,3,1,1,3,2,
11,3,0,1,3,2,1,1,3,1,1,3,3,1,1,2,3,1,1,3,3,
11,3,0,1,3,2,1,0,3,1,0,3,3,1,0,3,3,1,1,3,3,
12,3,0,1,3,2,1,0,3,1,1,3,3,1,1,3,3,1,1,3,3,
11,3,0,1,3,2,1,0,3,1,1,3,3,1,1,3,3,1,1,3,3,
12,3,0,1,3,3,1,0,3,1,1,3,3,1,1,3,4,1,1,3,3,
12,3,1,1,3,3,1,0,3,1,1,3,3,1,1,3,4,1,1,3,3,
12,2,0,0,2,2,0,0,2,0,0,2,2,0,0,2,3,0,0,2,2,
14,5,0,1,5,4,1,0,5,1,1,5,5,1,1,5,6,1,1,5,5,
12,2,0,0,2,2,0,0,2,0,0,2,2,0,0,2,3,0,0,2,2,
12,2,0,0,2,2,0,0,2,0,0,2,2,0,0,2,3,0,0,2,2,
12,2,0,0,3,2,0,0,2,0,0,2,2,0,0,2,3,0,0,2,2,
31,3,0,0,3,2,0,0,2,1,0,3,3,0,0,3,3,1,1,3,2,
12,2,0,0,2,2,0,0,2,0,0,2,2,0,0,2,3,0,0,2,2,
12,2,0,0,2,2,0,0,2,0,0,2,2,0,0,2,3,0,0,2,2,
12,2,0,0,3,2,0,0,2,0,0,2,2,0,0,2,3,0,0,3,2,
13,3,0,0,2,3,0,0,2,0,0,3,2,0,0,3,2,1,0,3,1,
12,2,0,0,3,2,1,0,2,0,0,2,2,0,0,2,3,0,0,3,2,
12,2,0,0,2,2,0,0,2,0,0,2,2,0,0,2,2,0,0,2,2,
12,2,0,0,3,2,0,0,2,0,0,2,3,0,0,2,3,1,1,3,2,
12,2,0,0,3,2,0,0,3,1,0,2,3,0,0,2,3,1,0,3,2,
12,3,0,0,3,2,0,0,2,1,0,3,3,0,0,2,3,1,0,3,2,
11,3,0,0,3,2,0,0,3,1,0,3,3,0,0,2,3,1,1,3,2,
12,3,0,0,3,2,0,0,3,1,0,3,3,0,0,2,3,1,0,3,2,
11,3,0,0,3,2,0,0,3,1,0,3,3,0,0,2,3,1,1,3,2,
12,3,0,1,3,2,1,0,3,1,1,3,3,0,1,2,3,1,1,3,3,
11,3,0,1,3,2,1,0,3,1,1,3,3,0,1,2,3,1,1,3,2,
11,3,0,1,3,2,1,0,3,1,1,3,3,0,1,2,3,1,1,3,2,
11,3,0,1,3,2,1,0,3,1,1,3,3,0,1,2,3,1,1,3,3,
11,3,0,1,3,2,1,0,3,1,1,3,3,1,1,3,3,1,1,3,3,
11,3,0,1,3,2,1,0,3,1,1,3,3,1,1,3,3,1,1,3,3,
12,3,0,1,3,2,1,0,3,1,1,3,3,1,1,3,3,1,1,3,3,
11,3,0,1,3,2,1,0,3,1,1,3,3,1,1,3,3,1,1,3,3,
11,3,0,1,3,3,1,0,3,1,1,3,3,1,1,3,3,1,1,3,3,
11,3,0,1,3,3,1,0,3,1,1,3,3,1,1,3,3,1,1,3,3,
12,2,0,0,2,2,0,0,2,0,0,2,2,0,0,2,2,0,0,2,2,
12,3,0,0,2,2,0,0,2,0,0,2,2,0,0,2,3,0,0,2,2,
12,2,0,0,2,2,0,0,2,0,0,2,2,0,0,2,3,0,0,2,2,
12,2,0,0,3,2,0,0,2,0,0,2,2,0,0,2,3,0,0,2,2,
14,5,0,0,5,4,1,0,5,1,0,5,5,0,0,4,5,1,0,5,4,
12,2,0,0,3,2,1,0,2,1,0,2,2,0,0,2,3,0,1,3,2,
12,2,0,0,3,2,0,0,2,0,0,2,2,0,0,2,3,1,0,2,2,
12,2,0,0,3,2,0,0,2,1,0,2,3,0,0,2,3,1,0,3,2,
12,2,0,0,3,2,0,0,2,1,0,2,2,0,0,2,3,1,0,3,2,
12,2,0,0,3,2,1,0,2,1,0,2,3,0,0,2,3,1,1,2,2,
12,3,0,0,3,2,1,0,2,1,0,3,3,0,0,2,3,1,0,3,2,
11,3,0,0,3,2,1,0,2,1,0,3,3,0,0,2,3,1,0,3,2,
12,3,0,0,3,2,4,0,2,4,0,3,2,0,0,2,3,4,0,3,2,
13,4,0,0,5,4,1,0,5,0,0,4,5,0,0,4,5,1,0,4,5,
12,2,0,0,2,2,0,0,2,0,0,2,2,0,0,2,2,0,0,2,2,
11,3,0,1,3,2,1,0,3,1,0,3,3,0,1,2,3,1,1,3,3,
11,3,0,1,3,2,1,0,3,1,1,3,3,1,1,2,3,1,1,3,3,
11,3,0,1,3,2,1,0,3,1,1,3,3,1,1,2,3,1,1,3,3,
11,3,0,1,3,2,1,0,3,1,1,3,3,1,1,3,3,1,1,3,3,
13,2,0,0,2,2,0,0,2,0,0,2,2,0,0,2,3,0,0,2,2,
11,3,0,1,3,2,1,1,3,1,1,3,3,1,1,3,3,1,1,3,3,
11,3,0,1,3,2,1,1,3,1,1,3,3,1,1,3,3,1,1,3,3,
11,3,0,1,3,3,1,1,3,1,1,3,3,1,1,3,3,1,1,3,3,
12,2,0,0,2,2,0,0,2,0,0,2,2,0,0,2,2,0,0,2,2,
12,2,0,0,2,2,0,0,2,0,0,2,2,0,0,2,3,0,0,2,2,
12,2,0,0,2,2,0,0,2,0,0,2,2,0,0,2,3,0,0,2,2,
12,2,0,0,3,2,0,0,2,0,0,2,2,0,0,2,3,1,0,2,2,
12,2,0,0,2,2,0,0,2,0,0,2,2,0,0,2,3,0,0,2,2,
12,2,0,0,3,2,0,0,2,0,0,2,2,0,0,2,3,1,0,2,2,
12,2,0,0,3,2,0,0,2,0,0,2,3,0,0,2,3,1,0,3,2,
12,2,0,0,3,2,0,0,2,0,0,2,3,0,0,2,3,1,1,3,2,
12,2,0,0,3,2,1,0,3,1,0,2,3,0,0,2,3,1,0,3,2,
12,3,0,0,3,2,1,0,3,1,0,3,3,0,1,2,3,1,1,3,2,
11,3,0,0,3,2,0,0,2,1,0,2,3,0,0,2,3,1,0,3,2,
11,3,0,0,3,2,1,0,2,1,0,3,3,0,1,2,3,1,1,3,2,
14,3,0,1,5,2,1,0,5,1,0,3,5,0,1,2,5,1,1,3,5,
11,2,0,1,3,2,1,0,3,1,1,2,3,1,1,2,3,1,1,3,3,
11,3,0,1,3,2,1,0,3,1,1,3,3,1,1,3,3,1,1,3,3,
11,3,0,1,3,2,1,1,3,1,1,3,3,1,1,3,3,1,1,3,3,
11,3,0,1,3,2,1,0,3,1,1,3,3,1,1,3,3,1,1,3,3,
11,3,0,1,3,2,1,1,3,1,1,3,3,1,1,3,3,1,1,3,3,
12,2,0,0,3,2,0,0,2,0,1,2,2,0,0,2,3,1,1,2,2,
12,2,0,0,2,2,0,0,2,0,0,2,2,0,0,2,3,0,0,2,2,
15,2,3,0,3,2,3,0,3,3,0,2,3,3,0,2,3,4,1,2,3,
12,2,0,0,2,2,0,0,2,0,0,2,2,0,0,2,2,0,0,2,2,
12,2,0,0,2,2,0,0,2,0,0,2,2,0,0,2,3,0,0,2,2,
12,2,0,0,3,2,0,0,2,0,0,2,2,0,0,2,3,0,0,2,2,
12,2,0,0,2,2,0,0,2,0,0,2,2,0,0,2,3,0,0,2,2,
12,2,0,0,3,2,0,0,2,0,0,2,2,0,0,2,3,1,0,2,2,
12,2,0,0,3,2,0,0,2,0,0,2,2,0,0,2,3,1,0,2,2,
12,2,0,0,3,2,0,0,2,0,0,2,2,0,0,2,3,1,0,2,2,
12,2,0,0,3,2,1,0,2,0,0,2,3,0,0,2,3,1,1,3,2,
12,2,0,0,3,2,1,0,2,0,0,2,3,0,0,2,3,1,0,3,2,
12,2,0,0,3,2,1,0,2,0,0,2,3,0,0,2,3,1,0,3,2,
12,3,0,0,3,2,1,0,3,1,0,3,3,0,0,2,3,1,1,3,2,
11,3,0,0,3,2,0,0,2,1,0,3,3,0,0,2,3,1,0,3,2,
11,3,0,0,3,2,1,0,3,1,0,3,3,0,1,2,3,1,1,3,2,
11,3,0,0,3,2,1,0,3,1,0,3,3,0,0,2,3,1,1,3,2,
11,3,0,1,3,2,1,0,3,1,0,3,3,0,1,2,3,1,1,3,2,
11,3,0,1,3,2,0,0,3,1,0,3,3,0,0,2,3,1,1,3,2,
11,3,0,1,3,2,1,0,3,1,0,3,3,0,0,2,3,1,1,3,3,
11,3,0,1,3,2,1,0,3,1,0,3,3,0,0,2,3,1,1,3,3,
11,3,0,1,3,2,1,1,3,1,1,3,3,0,1,2,3,1,1,3,3,
11,3,0,1,3,2,1,0,3,1,1,3,3,0,1,3,3,1,1,3,3,
11,3,0,1,3,2,1,1,3,1,1,3,3,0,1,3,3,1,1,3,3,
29,3,0,21,3,2,1,1,3,1,1,3,3,0,1,3,3,1,1,3,3,
14,4,0,3,5,4,0,0,5,0,3,4,5,0,3,4,5,0,4,5,4,
11,3,0,1,3,2,1,1,3,1,1,3,3,1,1,3,3,1,1,3,3,
11,3,0,1,3,3,1,0,3,1,1,3,3,0,1,3,3,1,1,3,3,
12,2,0,0,2,2,0,0,2,0,0,2,2,0,0,2,3,0,0,2,2,
12,2,0,0,2,2,0,0,2,0,0,2,2,0,0,2,3,0,0,2,2,
12,0,0,0,1,0,0,0,1,0,0,0,1,0,0,0,1,0,0,0,1,
35,2,0,0,2,2,0,0,2,0,0,2,2,0,0,2,3,0,0,26,2,
12,3,0,0,3,2,0,0,2,0,0,3,3,0,0,2,3,1,0,3,2,
15,1,2,0,3,1,3,0,2,3,0,1,3,2,0,1,3,3,1,2,2,
12,2,0,0,3,2,0,0,2,0,0,2,3,0,0,2,3,0,0,2,2,
12,3,0,1,3,2,1,0,3,1,1,3,3,0,1,3,3,1,1,3,3,
12,2,0,0,3,2,0,0,3,0,0,2,3,0,0,2,3,1,0,3,2,
12,2,0,0,3,2,0,0,2,0,0,2,3,0,0,2,3,1,0,3,2,
11,3,0,0,3,2,0,0,3,0,0,2,3,0,0,2,3,1,0,3,2,
11,3,0,0,3,2,0,0,3,0,0,3,3,0,0,2,3,1,1,3,2,
11,3,0,0,3,2,0,0,3,0,0,2,3,0,0,2,3,1,1,3,2,
11,3,0,1,3,2,0,0,3,1,1,3,3,0,1,2,3,1,1,3,2,
11,3,0,0,3,2,0,0,3,1,1,3,3,0,0,2,3,1,1,3,2,
11,3,0,1,3,2,1,0,3,1,0,3,3,0,0,2,3,1,1,3,3,
11,3,0,1,3,2,1,0,3,1,0,3,3,0,0,2,3,1,1,3,3,
11,3,0,1,3,2,1,0,3,1,1,3,3,0,1,3,3,1,1,3,3,
31,23,0,1,3,2,1,0,3,1,1,23,3,0,1,2,3,1,1,23,3,
12,2,0,0,2,2,0,0,2,0,0,2,2,0,0,2,3,0,0,2,2,
11,3,0,1,3,2,1,1,3,1,1,3,3,0,1,2,3,1,1,3,3,
11,3,0,1,3,2,1,1,3,1,1,3,3,1,1,3,3,1,1,3,3,
11,3,0,1,3,2,1,1,3,1,1,3,3,0,1,3,3,1,1,3,3,
12,2,0,0,2,1,0,0,2,0,0,2,2,0,0,1,3,0,0,2,2,
12,2,0,0,2,2,0,0,2,0,0,2,2,0,0,2,3,0,0,2,2,
31,2,0,0,2,2,0,0,2,0,0,22,2,0,0,2,3,0,0,3,2,
23,3,0,1,3,2,0,1,3,1,1,2,3,0,1,2,3,1,13,3,3,
12,2,0,0,3,2,0,1,2,0,0,2,2,0,1,2,3,0,1,2,2,
32,2,0,0,5,2,0,0,5,0,0,2,5,0,0,23,5,0,0,2,5,
12,3,0,0,3,2,0,0,2,0,0,3,3,0,0,2,3,1,0,3,2,
12,2,0,0,3,2,0,0,2,0,0,2,2,0,0,2,3,0,0,3,2,
12,3,0,0,3,2,0,0,2,0,0,2,3,0,0,2,3,1,1,3,2,
12,2,0,0,3,2,0,0,2,0,0,2,3,0,0,2,3,1,0,3,2,
11,3,0,0,3,2,0,0,2,0,0,3,3,0,0,2,3,1,0,3,2,
11,3,0,0,3,2,0,0,2,0,0,3,3,0,0,2,3,1,0,3,2,
11,3,0,0,3,2,0,0,3,1,0,3,3,0,1,2,3,1,1,3,2,
13,4,0,0,2,3,0,0,2,1,0,4,2,0,0,3,2,1,0,4,2,
11,3,0,1,3,2,0,1,3,1,1,3,3,0,1,2,3,1,1,3,3,
14,3,0,0,3,2,0,0,2,0,0,3,3,0,0,2,3,1,0,3,2,
11,3,0,1,3,2,0,0,3,1,1,3,3,0,1,2,3,1,1,3,2,
11,3,0,1,3,2,0,0,3,1,0,3,3,0,0,2,3,1,1,3,3,
12,2,0,0,3,2,0,0,2,0,0,2,2,0,0,2,3,0,1,3,2,
11,3,0,1,3,2,1,0,3,1,1,3,3,0,1,3,3,1,1,3,3,
12,3,0,1,3,2,1,1,3,1,1,3,3,1,1,2,3,1,1,3,3,
12,3,0,1,3,3,1,1,3,1,1,3,3,0,1,3,3,1,1,3,3,
11,2,0,0,2,1,0,0,2,0,0,2,2,0,0,1,2,0,0,2,2,
12,2,0,0,2,2,0,0,2,0,0,2,2,0,0,2,3,0,0,2,2,
32,2,0,0,2,2,0,0,2,0,0,2,2,0,23,2,2,0,0,2,2,
12,2,0,0,3,1,0,0,2,0,0,2,2,0,1,1,3,0,1,2,2,
12,2,0,0,2,2,0,0,2,0,0,2,2,0,0,2,3,0,0,2,2,
12,2,0,0,2,2,0,0,2,0,0,2,2,0,0,2,3,0,0,2,2,
12,2,0,0,2,2,0,0,2,0,0,2,2,0,0,2,3,0,1,3,2,
12,2,0,0,3,2,0,0,2,0,0,2,2,0,0,2,3,0,0,3,2,
12,2,0,1,3,2,0,1,3,0,1,2,3,0,1,2,3,1,1,2,2,
12,2,0,0,3,2,0,0,2,0,0,2,2,0,0,2,3,1,1,3,2,
12,3,0,0,3,2,0,0,2,0,0,2,3,0,0,2,3,1,1,3,2,
12,2,0,0,3,2,0,0,2,0,0,2,3,0,0,2,3,1,1,3,2,
11,2,0,0,3,2,0,0,3,0,0,2,3,0,0,2,3,1,1,3,2,
11,3,0,0,3,2,0,0,3,0,0,3,3,0,0,2,3,1,1,3,2,
34,5,0,0,6,5,0,0,6,0,0,5,5,0,1,5,26,1,1,5,5,
15,0,0,0,3,0,0,0,2,0,0,0,3,0,0,0,3,0,0,0,2,
11,3,0,1,3,2,0,1,3,1,1,3,3,0,1,2,3,1,1,3,2,
11,3,0,1,3,2,0,0,3,1,1,3,3,0,1,3,3,1,1,3,3,
30,3,0,1,3,2,22,0,3,21,1,3,3,0,1,3,3,22,1,3,3,
31,3,0,1,3,2,1,0,3,1,1,3,23,1,1,3,3,1,1,3,3,
12,3,0,1,3,2,1,1,3,1,1,3,3,0,1,2,4,1,1,3,3,
11,3,0,1,3,3,1,1,3,1,1,3,3,0,1,3,3,1,1,3,3,
32,4,0,0,3,3,1,0,2,1,0,4,2,24,0,4,3,1,1,4,2,
11,2,0,0,2,2,0,0,2,0,0,2,2,0,0,2,2,0,0,2,2,
12,3,0,1,3,3,1,0,3,1,1,3,3,0,1,3,3,1,1,3,3,
12,3,0,1,3,3,1,1,3,1,1,3,3,0,1,3,4,1,1,3,3,
12,3,0,1,3,2,1,1,3,1,1,3,3,1,1,3,4,1,1,3,3,
12,2,0,0,2,2,0,0,2,0,0,2,2,0,0,2,3,0,0,2,2,
12,2,0,0,2,2,0,0,2,0,0,2,2,0,0,2,3,0,0,2,2,
12,2,0,0,2,2,0,0,2,0,0,2,2,0,0,2,3,0,0,2,2,
12,2,0,0,3,2,0,0,2,0,0,2,2,0,0,2,3,0,0,2,2,
12,2,0,0,3,2,0,0,2,0,0,2,2,0,0,2,3,0,0,2,2,
12,2,0,0,3,2,0,0,3,0,0,2,3,0,0,2,3,0,0,2,3,
12,2,0,0,3,2,0,0,2,0,0,2,2,0,0,2,3,0,1,3,2,
12,2,0,0,3,2,0,0,2,0,0,2,3,0,0,2,3,1,1,2,2,
30,2,0,0,4,2,20,0,3,0,0,2,3,0,0,2,4,0,1,4,2,
11,2,0,0,3,2,1,0,3,1,0,2,3,1,0,2,3,1,1,3,2,
11,3,0,0,3,2,1,0,3,1,0,3,3,0,1,2,3,1,1,3,2,
11,3,0,1,3,2,0,0,3,0,0,3,3,0,1,2,3,1,1,3,2,
11,3,0,1,3,2,0,0,3,0,0,3,3,0,1,2,3,1,1,3,2,
12,2,0,0,3,2,0,0,2,0,0,2,3,0,0,2,3,1,1,2,2,
11,3,0,1,3,2,1,1,3,1,1,3,3,0,1,2,3,1,1,3,2,
11,3,0,1,3,2,1,0,3,1,1,3,3,0,1,2,3,1,1,3,3,
11,3,0,1,3,2,1,0,3,1,1,3,3,0,1,2,3,1,1,3,3,
11,3,0,1,3,2,1,0,3,1,1,3,3,0,1,3,3,1,1,3,3,
11,3,0,1,3,2,1,1,3,1,1,3,3,0,1,2,3,1,1,3,3,
11,3,0,1,3,2,1,1,3,1,1,3,3,0,1,3,3,1,1,3,3,
12,4,0,1,3,3,1,1,3,1,1,3,3,1,1,3,3,1,1,4,3,
11,3,0,1,3,2,1,1,3,1,1,3,3,1,1,3,3,1,1,3,3,
12,3,0,1,3,3,1,1,3,1,1,3,3,1,1,3,3,1,1,3,3,
12,3,0,1,3,2,1,1,3,1,1,3,3,1,1,2,3,1,1,3,3,
11,3,0,1,3,3,1,1,3,1,1,3,3,1,1,3,3,1,1,3,3,
12,2,0,0,2,2,0,0,2,0,0,2,2,0,0,2,3,0,0,3,2,
13,3,0,0,3,2,0,0,2,0,0,3,3,0,0,2,3,0,1,3,2,
12,2,0,0,3,2,0,0,2,0,0,2,2,0,0,2,3,0,1,2,2,
13,3,0,0,3,2,1,0,3,0,0,3,3,0,0,2,3,1,0,3,2,
12,2,0,0,3,2,0,0,2,0,0,2,2,0,0,2,3,0,0,2,2,
12,2,0,0,3,2,0,0,2,0,0,2,2,0,0,2,3,1,1,3,2,
12,2,0,0,3,2,0,0,2,0,0,2,3,0,0,2,3,1,1,3,2,
12,2,0,0,3,2,0,0,2,0,0,2,3,0,0,2,3,1,1,3,2,
30,2,0,0,3,2,1,0,2,0,0,2,3,0,0,2,3,21,1,2,2,
11,2,0,0,3,2,1,0,3,1,0,2,3,1,0,2,3,1,1,2,2,
11,3,0,0,3,2,0,0,3,0,0,3,3,0,0,2,3,1,1,3,2,
11,2,0,0,3,2,0,0,3,0,0,2,3,0,0,2,3,1,1,3,2,
11,2,0,0,3,2,0,0,3,0,0,2,3,0,1,2,3,1,1,3,2,
11,3,0,1,3,2,0,0,3,0,1,3,3,0,1,2,3,1,1,3,2,
11,3,0,1,3,2,1,0,3,1,1,2,3,0,1,2,3,1,1,3,3,
11,3,0,1,3,2,1,0,3,1,1,3,3,0,1,2,3,1,1,3,3,
11,3,0,1,3,2,1,0,3,1,1,2,3,0,1,2,3,1,1,3,3,
11,3,0,1,3,2,1,0,3,1,0,3,3,0,1,2,3,1,1,3,3,
11,3,0,1,3,2,1,0,3,1,1,3,3,0,1,3,3,1,1,3,3,
11,3,0,1,3,2,1,1,3,1,1,3,3,0,1,2,3,1,1,3,3,
11,3,0,1,3,2,1,1,3,1,1,3,3,1,1,2,3,1,1,3,3,
13,0,0,0,2,0,0,0,2,0,0,0,2,0,0,0,2,0,0,0,1,
12,2,0,0,2,1,0,0,2,0,0,2,2,0,0,1,3,0,0,2,2,
12,3,0,1,3,2,1,0,3,1,1,2,3,0,1,2,3,1,1,3,3,
12,2,0,0,3,1,0,0,2,0,0,2,3,0,0,2,3,1,1,2,2,
12,2,0,0,2,1,0,0,2,0,0,2,2,0,0,1,3,0,0,2,2,
259,147,0,135,169,83,98,68,159,66,173,178,204,52,123,133,222,111,190,194,102,
207,123,0,110,145,59,73,44,134,42,148,153,179,27,98,108,197,86,165,170,77,
155,71,0,59,93,7,21,0,83,0,96,101,127,0,46,57,146,35,114,118,26,
103,19,0,6,41,1,0,0,30,0,43,49,75,0,0,4,93,0,61,65,2,
51,2,0,0,2,1,0,0,2,0,0,2,23,0,0,2,41,0,9,14,2,
12,2,0,0,3,1,0,0,3,0,0,2,3,0,0,2,3,1,0,2,2,
16,4,0,0,2,4,0,0,2,0,0,4,2,0,0,4,3,1,0,4,2,
11,2,0,0,3,2,0,0,2,0,0,2,2,0,0,2,3,1,0,2,2,
13,4,0,4,5,4,4,4,5,4,4,4,5,0,4,4,5,4,4,4,5,
11,2,0,0,2,1,0,0,2,0,0,2,2,0,0,1,2,0,0,2,2,
11,2,0,1,3,2,1,1,3,1,1,2,3,0,1,2,3,1,1,2,2,
11,2,0,1,3,2,1,1,3,1,1,2,3,0,1,2,3,1,1,3,2,
11,2,0,1,3,2,1,1,3,1,1,2,3,0,1,2,3,1,1,2,2,
11,2,0,1,3,2,1,1,3,1,1,2,3,0,1,2,3,1,1,2,2,
11,2,0,1,3,2,1,1,3,1,1,2,3,0,1,2,3,1,1,2,2,
11,2,0,1,3,2,1,1,3,1,1,2,3,0,1,2,3,1,1,3,2,
11,2,0,1,3,2,1,1,3,1,1,2,3,0,1,2,3,1,1,3,3,
11,3,0,1,3,2,1,1,3,1,1,3,3,1,1,2,3,1,1,3,3,
11,2,0,0,2,1,0,0,2,0,0,2,2,0,0,1,2,0,0,2,2,
11,3,1,1,3,2,1,1,3,1,1,3,3,1,0,2,3,1,1,3,3,
11,2,0,0,2,1,0,0,2,0,0,2,2,0,0,1,2,0,0,2,2,
11,2,0,0,2,1,0,0,2,0,0,2,2,0,0,1,2,0,0,2,2,
11,2,0,0,2,1,0,0,2,0,0,2,2,0,0,1,2,0,0,2,2,
11,2,0,0,2,1,0,0,2,0,0,2,2,0,0,1,3,0,0,2,2,
14,2,0,0,3,1,0,0,2,0,0,2,2,0,0,2,3,1,0,2,2,
12,2,0,0,2,1,0,0,2,0,0,2,2,0,0,1,3,0,0,2,2,
12,2,0,0,2,1,0,0,2,0,0,2,2,0,0,2,3,0,0,2,2,
12,2,0,0,2,1,0,0,2,0,0,2,2,0,0,2,3,0,0,2,2,
12,2,0,0,3,1,0,0,2,0,0,2,2,0,0,2,3,1,0,2,2,
14,2,0,1,3,2,1,1,3,1,1,2,3,0,1,2,3,1,1,2,2,
12,2,0,0,3,2,0,0,3,0,0,2,3,0,0,2,3,1,0,2,2,
76,2,0,0,68,2,0,0,67,0,0,2,67,0,1,2,67,1,1,2,2,
28,2,0,0,16,2,0,0,16,0,0,2,16,0,1,2,16,1,1,2,20,
11,2,0,0,3,2,0,0,3,0,0,2,3,0,1,2,3,1,1,2,2,
11,2,0,1,3,2,1,1,3,0,0,2,3,0,1,2,3,1,1,2,2,
11,2,0,1,3,2,1,1,3,1,1,2,3,1,1,2,3,1,1,3,2,
11,2,0,1,3,2,1,0,3,1,0,2,3,0,1,2,3,1,1,2,2,
14,2,3,0,2,1,3,0,2,3,0,2,2,3,0,1,3,3,0,2,2,
11,2,0,1,3,2,1,1,3,1,1,2,3,0,1,2,3,1,1,2,2,
13,2,0,1,3,2,1,1,3,1,1,2,3,0,1,2,3,1,1,3,2,
11,2,0,1,3,2,1,1,3,1,1,2,3,0,1,2,3,1,1,2,2,
11,2,0,1,3,2,1,1,3,1,1,2,3,0,1,2,3,1,1,3,2,
11,1,0,0,2,1,0,0,2,0,0,2,2,0,0,1,2,0,0,2,2,
11,1,0,0,2,1,0,0,2,0,0,1,2,0,0,1,2,0,0,2,2,
11,1,0,0,2,1,0,0,2,0,0,1,2,0,0,1,2,0,0,2,2,
12,2,0,0,2,1,0,0,2,0,0,2,2,0,0,1,3,0,0,2,2,
11,2,0,0,2,1,0,0,2,0,0,2,2,0,0,1,3,0,0,2,2,
12,2,0,0,2,1,0,0,2,0,0,2,2,0,0,1,3,0,0,2,2,
12,2,0,0,2,1,0,0,2,0,0,2,2,0,0,1,3,0,0,2,2,
12,2,0,0,2,1,0,0,2,0,0,2,2,0,0,1,3,0,0,2,2,
12,2,0,0,3,1,0,0,2,0,0,2,2,0,0,2,3,0,0,2,2,
12,2,0,0,2,1,0,0,2,0,0,2,2,0,0,2,3,0,0,2,2,
12,2,0,0,3,1,0,0,3,0,0,2,3,0,0,2,3,0,0,2,2,
12,1,0,0,2,0,0,0,2,0,0,1,2,0,0,1,2,0,0,1,1,
12,2,0,0,3,1,0,0,3,0,0,2,3,0,0,2,3,0,0,2,2,
12,2,0,0,3,2,1,0,3,0,0,2,3,0,1,2,3,1,1,2,2,
12,2,0,0,3,2,1,0,3,0,0,2,3,0,1,2,3,1,1,2,2,
11,2,0,0,3,2,1,0,3,0,0,2,3,0,1,2,3,1,1,2,2,
11,2,0,0,3,2,1,0,3,0,0,2,3,0,1,2,3,1,1,2,2,
11,2,0,0,3,2,1,0,3,0,0,2,3,0,1,2,3,1,1,2,2,
12,2,0,0,3,1,0,0,2,0,0,2,2,0,0,1,3,0,0,2,2,
11,2,0,0,3,2,1,0,3,0,0,2,3,0,1,2,3,1,1,2,2,
11,2,0,1,3,2,1,1,3,1,1,2,3,0,1,2,3,1,1,2,2,
11,2,0,1,3,2,1,1,3,0,0,2,3,0,1,2,3,1,1,2,2,
11,2,0,1,3,2,1,1,3,1,1,2,3,0,1,2,3,1,1,3,2,
11,2,0,1,3,2,1,1,3,1,1,2,3,0,1,2,3,1,1,2,3,
11,2,0,1,3,2,1,1,3,1,1,2,3,1,1,2,3,1,1,3,3,
11,2,0,1,3,2,1,1,3,1,1,2,3,1,1,2,3,1,1,3,3,
12,3,0,0,3,2,1,0,3,1,0,3,3,0,1,3,3,1,1,3,3,
11,1,0,0,2,1,0,0,2,0,0,1,2,0,0,1,2,0,0,2,2,
13,2,0,0,3,2,0,0,3,0,0,2,3,0,0,2,3,0,0,2,2,
11,3,0,1,3,2,1,1,3,1,1,3,3,1,1,2,3,1,1,3,3,
12,2,0,0,3,1,0,0,2,0,0,2,2,0,0,1,3,0,0,2,2,
12,2,0,0,3,1,0,0,2,0,0,2,2,0,0,1,3,0,0,2,2,
13,2,0,0,3,1,0,0,2,0,0,2,3,0,0,1,3,0,0,2,2,
15,2,0,0,3,1,0,0,2,0,0,2,2,0,0,2,3,0,0,2,2,
12,2,0,0,3,1,0,0,3,0,0,2,3,0,0,2,3,0,0,2,2,
12,2,0,0,3,1,0,0,2,0,0,2,2,0,0,2,3,0,0,2,2,
12,2,0,0,3,1,0,0,3,0,0,2,3,0,0,2,3,0,0,2,2,
12,2,0,0,3,1,0,0,2,0,0,2,3,0,0,2,3,0,0,2,2,
12,2,0,0,3,2,0,0,3,0,0,2,3,0,0,2,3,0,0,2,2,
12,2,0,0,3,2,0,0,3,0,0,2,3,0,1,2,3,0,1,2,2,
11,2,0,0,3,2,1,0,3,0,0,2,3,0,1,2,3,0,1,2,2,
11,2,0,0,3,2,0,0,3,0,0,2,3,0,1,2,3,1,1,2,2,
12,2,0,0,2,1,0,0,2,0,0,2,2,0,0,1,3,0,0,2,2,
11,2,0,0,3,2,1,0,3,0,0,2,3,0,1,2,3,1,1,2,2,
12,2,0,0,3,1,0,0,2,0,0,2,3,0,0,1,3,0,0,2,2,
11,2,0,0,3,2,1,0,3,0,0,2,3,0,1,2,3,1,1,2,3,
11,2,0,1,3,2,1,1,3,0,1,2,3,0,1,2,3,1,1,2,2,
11,2,0,1,3,2,1,1,3,0,1,2,3,0,1,2,3,1,1,2,2,
11,2,0,1,3,2,1,1,3,1,1,2,3,0,1,2,3,1,1,2,2,
14,2,0,1,6,2,1,1,5,1,1,2,5,0,1,2,6,1,1,2,5,
11,2,0,1,3,2,1,1,3,1,1,2,3,1,1,2,3,1,1,3,3,
11,2,0,1,3,2,1,1,3,1,1,2,3,0,1,2,3,1,1,3,3,
11,3,0,1,3,2,1,1,3,1,1,3,3,1,1,2,3,1,1,3,3,
11,2,0,0,2,1,0,0,2,0,0,2,2,0,0,1,2,0,0,2,2,
12,2,0,0,2,1,0,0,2,0,0,2,2,0,0,1,3,0,0,2,2,
11,2,0,0,2,1,0,0,2,0,0,2,2,0,0,1,3,0,0,2,2,
12,2,0,0,2,1,0,0,2,0,0,2,2,0,0,1,3,0,0,2,2,
14,3,0,0,2,3,0,0,2,0,0,3,2,0,0,3,2,0,0,3,1,
12,2,0,0,3,1,0,0,2,0,0,2,2,0,0,1,3,0,1,2,2,
14,2,0,0,2,1,0,0,2,0,0,2,2,0,0,1,2,0,0,2,2,
12,2,0,0,3,1,0,0,3,0,0,2,3,0,0,2,3,1,0,2,2,
12,2,0,0,3,1,0,0,2,0,0,2,2,0,0,2,3,0,0,2,2,
12,2,0,0,3,1,0,0,3,0,0,2,3,0,0,2,3,1,0,2,2,
12,2,0,0,3,1,0,0,3,0,0,2,3,0,0,2,3,1,0,2,2,
15,2,0,0,3,1,0,0,3,0,0,2,3,0,0,2,3,1,0,2,2,
11,2,0,0,3,1,0,0,3,0,0,2,3,0,0,2,3,1,0,2,2,
11,2,0,0,3,1,0,0,3,0,0,2,3,0,0,2,3,1,0,2,2,
11,2,0,0,3,2,1,0,3,1,0,2,3,0,1,2,3,1,1,2,2,
11,2,0,0,3,2,0,0,3,0,0,2,3,0,0,2,3,1,1,3,2,
11,2,0,1,3,2,1,0,3,1,1,2,3,0,1,2,3,1,1,2,2,
11,2,0,1,3,2,1,0,3,1,1,2,3,0,1,2,3,1,2,2,2,
11,2,0,1,3,2,1,1,3,1,1,2,3,0,1,2,3,1,1,2,2,
11,2,0,1,3,2,1,1,3,1,1,2,3,0,1,2,3,1,1,2,2,
11,2,0,1,3,2,1,0,3,1,1,2,3,0,1,2,3,1,1,2,2,
11,3,0,1,3,2,1,1,3,1,1,3,3,0,1,2,3,1,1,3,3,
12,3,0,1,4,2,1,1,3,1,1,3,4,1,1,2,4,1,1,3,3,
12,3,0,1,4,2,1,1,3,1,1,2,3,1,1,2,4,1,1,3,3,
12,2,0,0,3,1,0,0,2,0,0,2,3,0,0,1,3,0,0,2,2,
12,3,0,1,4,2,1,1,3,1,1,3,4,1,1,2,4,1,1,3,3,
12,3,0,1,4,2,1,1,3,1,1,3,4,1,1,2,4,1,1,3,3,
12,3,0,1,4,2,1,1,3,1,1,3,4,1,1,2,4,1,1,3,3,
12,3,0,1,4,2,1,1,3,1,1,3,4,1,1,2,4,1,1,3,3,
12,2,0,0,3,1,0,0,2,0,0,2,3,0,0,2,3,0,0,2,2,
12,2,0,0,3,1,0,0,2,0,0,2,2,0,0,2,3,0,0,2,2,
12,2,0,0,3,1,0,0,2,0,0,2,2,0,0,2,3,0,0,2,2,
12,2,0,0,3,1,0,0,2,0,0,2,2,0,0,2,3,0,0,2,2,
12,2,0,0,3,1,0,0,2,0,0,2,3,0,0,2,3,1,0,2,2,
12,2,0,0,3,1,0,0,2,0,0,2,3,0,0,2,3,0,0,2,2,
15,4,0,0,2,4,0,0,2,0,0,4,2,0,0,4,2,1,0,4,2,
12,2,0,0,3,2,0,0,2,0,0,2,3,0,0,2,3,0,1,2,2,
13,3,0,1,3,2,1,1,3,1,1,3,3,1,1,2,4,1,1,3,3,
11,2,0,0,3,2,0,0,2,0,0,2,3,0,0,2,3,1,1,2,2,
11,2,0,0,3,2,1,0,2,0,0,2,3,0,1,2,3,1,1,2,2,
11,2,0,0,3,2,1,0,2,0,0,2,3,0,1,2,3,1,1,2,2,
11,2,0,1,3,2,1,0,3,1,0,2,3,0,1,2,3,1,1,2,2,
12,2,0,1,3,2,1,0,2,1,1,2,3,0,1,2,3,1,1,2,2,
11,2,0,1,3,2,1,0,3,1,1,2,3,0,1,2,3,1,1,2,3,
11,2,0,1,3,2,1,0,3,1,1,2,3,0,1,2,3,1,1,2,3,
13,2,0,0,4,1,0,0,4,0,0,2,4,0,0,2,4,0,0,4,2,
11,2,0,1,3,2,1,1,3,1,1,2,3,1,1,2,3,1,1,3,3,
11,1,0,0,2,1,0,0,2,0,0,1,2,0,0,1,2,0,0,2,2,
11,2,0,1,3,2,1,1,3,1,1,2,3,1,1,2,3,1,1,3,3,
11,3,0,1,3,2,1,1,3,1,1,3,3,1,1,2,3,1,1,3,3,
11,3,0,1,3,2,1,1,3,1,1,3,3,1,1,2,3,1,1,3,3,
11,3,0,1,3,2,1,1,3,1,1,3,3,1,1,2,4,1,1,3,3,
12,2,0,0,2,1,0,0,2,0,0,2,2,0,0,1,3,0,1,2,2,
14,2,0,0,2,1,0,0,2,0,0,2,2,0,0,1,3,0,0,2,2,
12,2,0,0,3,1,0,0,3,0,0,2,3,0,0,2,3,0,0,2,3,
12,2,0,0,3,1,0,0,3,0,0,2,3,0,0,2,3,1,0,2,2,
12,2,0,0,2,1,1,0,2,0,0,2,2,0,0,1,3,1,0,2,2,
12,2,0,0,3,1,1,0,2,1,0,2,3,1,0,2,3,1,0,2,2,
14,2,0,0,5,1,0,0,5,0,0,2,5,0,0,2,6,1,0,2,5,
12,2,0,0,3,1,0,0,2,0,0,2,3,0,0,2,3,0,1,2,2,
12,2,0,0,3,1,0,0,2,0,0,2,2,0,0,2,3,0,0,2,2,
11,2,0,0,3,2,0,0,2,0,0,2,3,0,0,2,3,1,1,2,2,
11,2,0,0,3,2,0,0,2,0,0,2,3,0,0,2,3,1,1,2,2,
11,2,0,0,3,2,0,0,2,0,0,2,3,0,0,2,3,1,1,2,2,
11,2,0,1,3,2,0,0,3,1,1,2,3,0,1,2,3,1,1,3,2,
12,3,0,1,4,2,1,1,3,1,1,3,4,0,1,2,4,1,1,3,3,
12,4,1,0,3,3,1,0,3,1,0,4,3,0,0,3,4,1,1,4,3,
11,3,1,1,3,2,1,0,3,1,1,3,3,1,1,3,3,1,1,3,2,
13,2,0,0,2,1,0,0,2,0,0,2,2,0,0,2,3,1,0,2,2,
11,2,0,1,3,2,0,0,3,1,1,2,3,0,1,2,3,1,1,3,2,
11,3,0,1,3,2,1,1,3,1,1,3,3,0,1,2,3,1,1,3,3,
11,2,0,1,3,2,1,1,3,1,1,3,3,0,1,2,4,1,1,3,3,
11,3,0,1,3,2,1,1,3,1,1,3,3,0,1,2,3,1,1,3,3,
13,2,0,1,3,2,1,1,3,1,1,3,3,1,1,2,3,1,1,3,3,
30,3,22,1,3,2,2,1,3,1,1,3,3,0,1,2,3,1,1,3,3,
12,2,0,0,3,2,0,0,2,1,0,2,2,0,0,2,3,1,0,2,2,
12,2,0,0,2,1,0,0,2,0,0,2,2,0,0,2,3,0,0,2,2,
12,2,0,0,2,1,0,0,2,0,0,2,2,0,0,2,3,0,0,2,2,
12,2,0,0,2,1,0,0,2,0,0,2,2,0,0,2,3,0,0,2,2,
12,2,0,0,2,1,0,0,2,0,0,2,2,0,0,2,3,0,0,2,2,
12,2,0,0,3,1,0,0,2,0,0,2,2,0,0,2,3,0,0,2,2,
12,2,0,0,3,1,0,0,2,0,0,2,2,0,0,2,3,0,0,2,2,
12,2,0,0,3,1,0,0,2,0,0,2,2,0,0,2,3,0,0,2,2,
12,2,0,0,3,1,0,0,2,0,0,2,3,0,0,2,3,0,0,2,2,
13,2,0,1,3,2,1,1,3,1,1,2,3,1,1,2,3,1,1,3,3,
12,3,0,1,3,2,0,1,3,0,1,3,3,0,1,2,3,1,1,3,2,
11,3,0,0,3,2,1,0,3,1,0,3,3,1,0,3,3,1,1,3,3,
11,3,0,0,3,2,0,0,3,0,0,3,3,0,0,3,3,1,1,3,2,
11,2,0,0,3,2,0,0,2,0,0,2,3,0,0,2,3,1,0,2,2,
14,2,0,0,5,2,0,0,5,0,0,2,5,0,0,2,6,1,0,2,5,
11,2,0,0,3,2,0,0,3,0,1,2,3,0,0,2,3,1,1,3,2,
11,2,0,1,3,2,1,0,3,0,1,2,3,0,1,2,3,1,1,3,2,
11,2,0,1,3,2,1,0,3,1,1,2,3,1,1,2,3,1,1,3,3,
12,3,0,2,4,3,1,2,4,1,2,3,4,1,2,3,4,1,2,4,4,
11,2,0,1,3,2,1,1,3,1,1,2,3,1,1,2,3,1,1,3,3,
12,2,0,0,3,1,0,0,2,0,0,2,3,0,0,2,3,0,0,2,2,
11,3,0,1,3,2,1,1,3,1,1,3,3,1,1,3,3,1,1,3,3,
14,4,0,0,3,3,1,1,2,1,0,4,3,1,1,4,3,1,1,4,2,
11,3,0,1,4,2,1,1,3,1,1,3,3,1,1,3,4,1,1,3,3,
14,2,0,0,3,2,0,0,3,1,1,2,3,0,1,2,3,1,1,3,3,
11,3,0,1,4,2,1,1,3,1,1,3,3,1,1,3,4,1,1,3,3,
12,3,0,1,4,2,1,1,3,1,1,3,4,1,1,3,4,1,1,3,3,
12,2,0,0,2,1,0,0,2,0,0,2,2,0,0,2,3,0,0,2,2,
13,4,1,0,4,4,1,2,4,1,0,4,4,1,0,4,5,1,0,4,4,
14,2,0,0,3,1,0,0,2,0,0,2,3,0,1,2,3,0,1,2,2,
12,2,0,1,3,1,0,0,2,0,1,2,3,0,1,2,3,0,1,2,2,
12,2,0,1,3,2,0,1,3,0,1,2,3,0,1,2,3,1,1,2,2,
12,2,0,0,3,1,0,0,2,0,0,2,3,0,0,2,3,0,0,2,2,
12,2,0,0,3,2,0,0,2,0,0,2,3,0,0,2,3,0,0,2,2,
12,2,0,0,3,2,0,0,2,0,0,2,3,0,0,2,3,1,0,2,2,
12,2,0,0,3,2,0,0,2,0,0,2,3,0,0,2,3,1,0,2,2,
11,2,0,0,3,2,0,0,2,0,0,2,3,0,0,2,3,0,1,2,2,
11,2,0,0,3,2,0,0,2,0,0,2,3,0,0,2,3,1,0,2,2,
11,2,0,0,3,2,0,0,3,0,0,2,3,0,0,2,3,1,1,3,2,
11,2,0,0,3,2,0,0,3,0,1,2,3,0,0,2,3,1,1,2,2,
12,2,0,1,3,2,1,1,3,1,1,2,3,0,1,2,3,1,1,3,3,
11,2,0,1,3,2,0,0,3,0,1,2,3,0,0,2,3,1,1,2,2,
11,2,0,1,3,2,0,1,3,1,1,2,3,0,1,2,3,1,1,3,3,
11,3,0,1,3,2,0,1,3,1,1,3,3,0,1,2,3,1,1,3,3,
11,2,0,1,3,2,1,1,3,1,1,2,3,0,1,2,3,1,1,3,3,
11,2,0,0,3,2,0,0,3,0,1,2,3,0,0,2,3,1,1,3,2,
11,2,0,1,3,2,1,1,3,1,1,2,3,1,1,2,4,1,1,3,3,
11,2,0,1,3,2,1,1,3,1,1,2,3,1,1,2,3,1,1,3,3,
12,3,0,1,3,2,1,1,3,1,1,3,3,1,1,2,4,1,1,3,3,
12,2,0,0,2,1,0,0,2,0,0,2,2,0,0,2,3,0,0,2,2,
12,2,0,0,2,1,0,0,2,0,0,2,2,0,0,2,3,0,0,2,2,
12,2,0,0,2,1,0,0,2,0,0,2,2,0,0,2,3,0,0,2,2,
12,3,0,1,3,2,1,1,3,1,1,3,3,1,1,3,4,1,1,3,3,
15,4,0,0,2,3,0,0,1,0,0,4,2,0,0,4,2,0,0,4,1,
12,2,0,0,3,1,0,0,2,0,0,2,3,0,0,2,3,0,0,2,2,
13,2,0,1,3,2,1,1,3,1,1,2,3,0,1,2,3,1,1,3,3,
12,2,0,0,3,1,0,0,2,0,0,2,3,0,0,2,3,0,0,2,2,
12,2,0,0,3,2,0,0,2,0,0,2,3,0,0,2,3,1,1,2,2,
12,2,0,0,3,1,0,0,2,0,0,2,3,0,0,2,3,0,1,2,2,
12,2,0,0,3,2,0,0,2,0,0,2,3,0,0,2,3,1,1,2,2,
13,2,0,0,3,2,0,0,2,0,0,2,3,0,0,2,3,1,1,2,2,
11,2,0,0,3,2,0,0,2,0,0,2,3,0,0,2,3,1,1,2,2,
11,2,0,0,3,2,0,0,3,0,0,2,3,0,0,2,3,1,1,2,2,
11,2,0,1,3,2,0,1,3,0,1,2,3,0,0,2,3,1,1,2,2,
11,2,0,1,3,2,0,0,3,1,1,2,3,0,1,2,3,1,1,2,2,
11,2,0,1,3,2,0,1,3,0,1,2,3,0,0,2,3,1,1,2,2,
11,2,0,1,3,2,1,0,3,1,1,2,3,0,1,2,3,1,1,3,3,
11,2,0,1,3,2,1,1,3,1,1,2,3,0,1,2,3,1,1,3,3,
11,3,0,1,3,2,1,1,3,1,1,3,3,0,1,2,3,1,1,3,3,
11,2,0,1,3,2,1,1,3,1,1,2,3,0,1,2,3,1,1,3,3,
11,2,0,1,3,2,1,1,3,1,1,2,3,1,1,2,3,1,1,3,3,
14,2,0,1,3,2,0,1,3,1,1,2,3,0,1,2,3,1,1,2,2,
12,3,0,1,3,2,1,1,3,1,1,3,3,1,1,2,4,1,1,3,3,
12,3,0,1,3,2,1,1,3,1,1,3,3,1,1,2,4,1,1,3,3,
12,2,0,0,2,1,0,0,2,0,0,2,2,0,0,2,3,0,0,2,2,
11,2,0,0,2,1,0,0,2,0,0,2,2,0,0,1,3,0,0,2,2,
12,2,0,0,3,1,0,0,2,0,0,2,2,0,0,2,3,0,0,2,2,
35,2,0,0,24,2,0,0,23,0,0,2,24,0,0,2,24,0,0,2,23,
12,2,0,0,3,1,0,0,2,0,0,2,3,0,0,2,3,0,0,2,2,
13,1,1,0,2,1,1,0,2,1,0,1,2,1,0,1,2,2,0,1,2,
12,2,0,0,3,1,0,0,2,0,0,2,3,0,0,2,3,0,0,2,2,
12,2,0,0,3,2,0,0,2,0,0,2,3,0,0,2,3,0,1,2,2,
12,2,0,0,3,1,0,0,2,0,0,2,3,0,0,2,3,0,1,2,2,
11,2,0,0,3,2,0,0,2,0,0,2,3,0,0,2,3,0,1,2,2,
13,5,0,0,3,5,0,0,2,0,0,5,3,0,0,5,3,1,1,5,2,
11,2,0,1,3,2,0,0,3,0,1,2,3,0,0,2,3,1,1,3,3,
14,2,0,1,6,2,0,0,6,0,1,2,6,0,1,2,6,1,1,2,2,
11,2,0,1,3,2,0,0,3,1,1,2,3,0,0,2,3,1,1,3,2,
11,2,0,1,3,2,0,1,3,1,1,2,3,0,0,2,3,1,1,3,3,
11,2,0,1,3,2,0,0,3,1,1,2,3,0,1,2,3,1,1,3,3,
11,2,0,1,3,2,1,1,3,1,1,2,3,0,1,2,3,1,1,3,3,
11,2,0,1,3,2,1,1,3,1,1,2,3,0,1,2,3,1,1,3,3,
11,2,0,1,3,2,1,1,3,1,1,2,3,0,1,2,4,1,1,3,3,
12,2,0,1,3,2,1,1,3,1,1,2,3,1,1,2,4,1,1,3,3,
12,3,0,1,4,2,1,1,3,1,1,3,3,0,1,3,4,1,1,3,3,
12,2,0,0,3,1,0,0,2,0,0,2,3,0,0,1,3,0,0,2,2,
12,2,0,0,2,1,0,0,2,0,0,2,2,0,0,1,3,0,0,2,2,
19,2,0,0,2,1,0,0,2,0,0,2,2,0,0,2,3,0,0,2,2,
12,2,0,0,3,1,0,0,2,0,0,2,3,0,0,2,3,0,0,2,2,
12,2,0,0,3,2,0,0,2,0,0,2,3,0,0,2,3,0,0,2,2,
12,2,0,0,3,1,0,0,2,0,0,2,3,0,0,2,3,0,0,2,2,
12,2,0,0,3,1,0,0,2,0,0,2,3,0,0,2,3,0,0,2,2,
12,2,0,0,3,1,0,0,2,0,0,2,3,0,0,2,3,0,0,2,2,
12,2,0,0,3,2,0,0,2,0,0,2,3,0,0,2,3,0,0,2,2,
12,2,0,0,3,1,0,0,2,0,0,2,3,0,0,2,3,0,0,2,2,
12,2,0,0,3,2,0,0,2,0,0,2,3,0,0,2,3,0,0,2,2,
12,2,0,0,3,2,0,0,2,0,0,2,3,0,0,2,3,1,0,2,2,
12,2,0,0,3,1,0,0,2,0,0,2,3,0,0,2,3,0,1,2,2,
11,2,0,0,3,2,0,0,3,0,0,2,3,0,0,2,3,1,1,2,2,
11,2,0,1,3,2,0,0,3,0,1,2,3,0,0,2,3,1,1,2,2,
11,2,0,1,3,2,0,0,3,0,1,2,3,0,0,2,3,1,1,2,2,
11,2,0,1,3,2,0,0,3,1,1,2,3,0,0,2,3,1,1,3,3,
11,2,0,1,3,2,1,1,3,1,1,2,3,0,1,2,3,1,1,3,3,
11,2,0,1,3,2,1,1,3,1,1,2,3,0,1,2,3,1,1,3,3,
11,2,0,1,3,2,1,1,3,1,1,2,3,0,1,2,3,1,1,3,3,
15,5,0,1,3,4,1,1,2,1,1,5,3,1,1,4,3,1,1,6,2,
12,2,0,0,2,1,0,0,2,0,0,2,2,0,0,2,3,0,0,2,2,
14,2,0,0,3,2,0,0,2,0,0,2,3,0,0,2,3,1,1,2,2,
11,2,0,1,3,2,1,1,3,1,1,2,3,1,1,3,4,1,1,3,3,
11,3,0,1,3,2,1,1,3,1,1,3,3,1,1,3,4,1,1,3,3,
12,3,0,1,3,2,1,1,3,1,1,3,3,1,1,3,4,1,1,3,3,
11,2,0,0,2,1,0,0,2,0,0,1,2,0,0,2,3,0,0,2,2,
12,2,0,0,3,1,0,0,2,0,0,2,3,0,0,2,3,0,0,2,2,
12,2,0,0,2,1,0,0,2,0,0,2,3,0,0,2,3,0,0,2,2,
12,2,0,0,3,2,0,0,2,0,0,2,3,0,0,2,3,0,0,2,2,
12,2,0,0,3,2,0,0,3,0,0,2,3,0,0,2,3,0,1,2,2,
12,2,0,0,3,1,0,0,2,0,0,2,3,0,0,2,3,0,0,2,2,
12,2,0,0,3,2,0,0,2,0,0,2,3,0,0,2,3,0,0,2,2,
12,2,0,0,3,2,0,0,2,0,0,2,3,0,0,2,3,0,1,2,2,
12,2,0,0,3,2,0,0,2,0,0,2,3,0,0,2,3,1,1,2,2,
11,2,0,0,3,2,0,0,3,0,0,2,3,0,0,2,3,1,1,2,2,
11,2,0,1,3,2,0,0,3,0,1,2,3,0,0,2,3,1,1,2,2,
11,2,0,1,3,2,0,0,3,0,1,2,3,0,0,2,3,1,1,2,3,
13,2,0,1,3,2,0,1,3,1,1,2,3,0,1,2,3,1,1,3,3,
11,2,0,1,3,2,1,1,3,1,1,2,3,0,1,2,3,1,1,3,3,
12,3,0,1,3,2,1,1,3,1,1,3,3,1,1,3,4,1,1,3,3,
12,3,0,1,3,2,1,1,3,1,1,3,3,1,1,3,4,1,1,3,3,
12,3,0,1,3,2,1,1,3,1,1,3,3,0,1,3,3,1,1,3,3,
11,3,0,1,3,2,0,0,3,1,1,3,3,0,1,3,4,1,1,3,3,
11,3,0,1,3,3,1,1,3,1,1,3,3,1,1,3,4,1,1,3,3,
14,4,0,1,3,3,1,1,3,1,1,4,4,1,1,4,4,1,1,6,3,
12,2,0,0,3,2,0,0,2,0,0,2,3,0,0,2,3,0,0,3,2,
12,2,0,0,3,1,0,0,2,0,0,2,3,0,0,2,3,0,0,2,2,
12,2,0,0,3,2,0,0,2,0,0,2,3,0,0,2,3,0,0,3,2,
12,2,0,0,3,2,0,0,2,0,0,2,3,0,1,2,3,0,0,2,2,
12,3,0,0,3,2,0,0,2,0,0,2,3,0,0,2,3,0,0,3,2,
14,3,0,0,2,2,0,0,2,0,0,3,2,0,0,2,2,1,0,3,2,
12,3,0,0,3,2,0,0,3,1,0,2,3,0,0,2,3,1,0,3,2,
13,3,0,0,3,2,0,0,3,1,0,2,3,0,1,2,3,1,0,3,2,
11,3,0,0,3,2,0,0,3,1,1,3,3,0,1,3,3,1,1,3,3,
11,3,0,0,3,2,0,0,3,1,1,3,3,0,1,3,3,1,1,3,3,
11,3,0,0,3,2,1,0,3,1,1,3,3,0,1,3,3,1,1,3,3,
11,3,0,1,3,2,1,1,3,1,1,3,3,0,1,3,3,1,1,3,3,
13,3,0,0,3,2,1,0,3,1,1,3,3,0,1,3,3,1,1,3,3,
11,3,0,1,3,2,1,1,3,1,1,3,3,0,1,3,3,1,1,3,3,
71,4,0,1,4,3,1,1,4,1,2,4,4,0,2,3,5,1,2,4,4,
20,4,0,1,4,4,0,0,4,0,1,4,4,0,0,4,5,0,1,4,4,
12,2,0,0,2,1,0,0,2,0,0,2,2,0,0,2,3,0,0,2,2,
11,3,0,1,3,2,1,1,3,1,1,3,3,0,1,3,4,1,1,3,3,
11,2,0,0,2,2,0,0,2,0,0,2,2,0,0,2,3,0,0,2,2,
12,2,0,0,3,2,0,0,2,0,0,2,3,0,0,2,3,0,0,2,2,
12,3,0,1,3,2,1,1,3,1,1,3,3,1,1,3,4,1,1,3,3,
12,2,0,0,3,1,0,0,3,0,0,2,3,0,0,2,3,0,0,2,2,
12,2,0,0,3,1,0,0,2,0,0,2,3,0,0,2,3,1,0,2,2,
12,2,0,0,3,2,0,0,3,0,0,2,3,0,0,2,3,1,0,2,2,
12,2,0,0,3,2,0,0,3,0,0,2,3,0,0,2,3,0,0,2,2,
12,2,0,0,3,2,0,0,3,0,0,2,3,0,0,2,3,0,0,2,2,
12,2,0,0,3,2,0,0,2,0,0,2,3,0,1,2,3,0,1,2,2,
12,3,0,0,3,2,0,0,3,0,0,2,3,0,1,2,3,0,1,3,2,
12,2,0,0,3,2,0,0,2,1,0,2,3,0,1,2,3,1,0,2,2,
11,3,0,0,3,2,0,0,3,0,0,2,3,0,1,2,3,1,0,3,2,
11,3,0,0,3,2,0,0,3,0,0,3,3,0,1,3,3,1,0,3,2,
11,3,1,0,3,2,1,0,3,1,1,2,3,1,1,2,3,1,1,3,3,
11,3,1,0,3,2,2,0,3,2,1,3,3,2,1,3,3,2,1,3,3,
13,3,0,0,3,2,1,0,3,1,1,3,3,0,1,3,3,1,1,3,3,
11,3,0,0,3,2,1,0,3,1,1,3,3,0,1,3,3,1,1,3,3,
11,3,0,1,3,2,1,0,3,1,1,3,3,1,1,3,3,1,1,3,3,
14,5,0,0,2,4,1,0,2,1,0,4,2,1,0,4,3,1,0,5,2,
11,3,0,1,3,2,1,0,3,1,1,3,3,1,1,3,3,1,1,3,3,
14,0,0,0,1,0,0,0,1,0,0,0,1,0,0,0,2,0,0,0,1,
11,3,0,1,3,2,1,1,3,1,1,3,3,1,1,3,3,1,1,3,3,
11,2,0,0,2,1,0,0,2,0,0,2,2,0,0,2,3,0,0,2,2,
12,2,0,0,2,1,0,0,2,0,0,2,3,0,0,2,3,0,0,2,2,
12,2,0,0,2,2,0,0,2,0,0,2,2,0,0,2,3,0,0,3,2,
12,3,0,1,3,2,1,1,3,1,1,3,3,1,1,3,4,1,1,3,3,
12,3,0,1,4,2,1,1,3,1,1,3,3,1,1,3,4,1,1,3,3,
12,2,0,0,2,1,0,0,2,0,0,2,3,0,0,2,3,0,0,2,2,
12,2,0,0,3,2,0,0,3,0,0,2,3,0,0,2,3,0,0,2,2,
12,2,0,0,3,2,0,0,3,0,0,2,3,0,0,2,3,1,0,3,2,
12,2,0,0,3,2,0,0,2,1,1,2,3,0,0,2,3,1,1,3,2,
12,2,0,0,3,2,1,0,3,1,0,2,3,0,0,2,3,1,0,3,2,
12,3,0,0,3,2,1,0,3,1,0,2,3,0,0,2,3,1,0,3,2,
11,3,0,0,3,2,1,0,3,1,0,3,3,0,0,3,3,1,0,3,2,
11,3,0,0,3,2,1,0,3,1,1,3,3,0,1,3,3,1,1,3,2,
11,3,0,0,3,2,1,0,3,1,1,2,3,0,1,2,3,1,1,3,2,
13,3,0,0,3,2,1,0,3,1,1,2,3,0,1,2,3,1,1,3,3,
11,3,0,0,3,2,1,0,3,1,1,3,3,0,1,3,3,1,1,3,3,
11,3,0,0,3,2,1,0,3,1,1,3,3,0,1,3,3,1,1,3,3,
11,3,0,1,3,2,1,1,3,1,1,3,3,0,1,3,3,1,1,3,3,
11,3,0,1,3,2,1,1,3,1,1,3,3,0,1,3,3,1,1,3,3,
12,2,0,0,3,2,0,0,2,0,0,2,3,0,0,2,3,0,0,2,2,
11,3,0,1,3,2,1,1,3,1,1,3,3,1,1,3,3,1,1,3,3,
12,2,0,0,2,1,0,0,2,0,0,2,2,0,0,2,3,0,0,2,2,
11,2,0,0,2,2,0,0,2,0,0,2,2,0,0,2,3,0,0,2,2,
11,3,0,1,3,2,1,1,3,1,1,3,3,1,1,3,4,1,1,3,3,
12,3,0,1,3,2,1,1,3,1,1,3,3,1,1,3,4,1,1,3,3,
12,2,0,0,2,2,0,0,2,0,0,2,2,0,0,2,3,0,0,2,2,
12,2,0,0,3,1,0,0,2,0,0,2,3,0,0,2,3,0,0,2,2,
13,3,0,0,2,2,1,0,2,1,0,2,2,0,0,2,2,1,0,3,2,
12,2,0,0,3,2,1,0,3,1,0,2,3,0,0,2,3,1,0,2,2,
14,2,0,1,3,2,1,0,3,1,1,2,3,0,1,2,3,1,1,3,2,
11,3,0,0,3,2,1,0,3,1,0,2,3,0,0,2,3,1,0,3,2,
11,3,0,0,3,2,1,0,3,1,0,3,3,0,1,3,3,1,1,3,2,
11,3,0,0,3,2,1,0,3,1,1,3,3,0,1,3,3,1,1,3,2,
11,3,0,0,3,2,1,0,3,1,1,3,3,0,1,3,3,1,1,3,3,
13,3,0,0,3,2,1,0,3,1,1,3,3,0,1,3,3,1,1,3,3,
11,3,0,0,3,2,1,0,3,1,0,3,3,0,1,3,3,1,1,3,3,
11,3,0,0,3,2,1,0,3,1,1,3,3,0,1,3,3,1,1,3,3,
11,3,0,1,3,2,1,1,3,1,1,3,3,0,1,3,3,1,1,3,3,
11,3,0,0,3,2,1,1,3,1,1,3,3,0,1,3,3,1,1,3,3,
12,3,0,1,4,2,1,1,3,1,1,3,4,1,1,3,4,1,1,3,3,
11,3,0,1,3,2,1,1,3,1,1,3,3,1,1,3,3,1,1,3,3,
11,3,0,1,3,3,1,1,3,1,1,3,3,1,1,3,3,1,1,3,3,
12,3,0,1,3,2,1,1,3,1,1,3,3,1,1,3,4,1,1,3,3,
11,3,0,1,3,2,1,1,3,1,1,3,3,1,1,3,4,1,1,3,3,
13,3,0,1,3,2,1,1,3,1,1,3,3,1,1,3,4,1,1,3,3,
12,2,0,0,3,2,0,0,2,0,0,2,3,0,0,2,3,0,0,2,2,
12,3,0,1,3,2,1,1,3,1,1,3,3,1,1,3,4,1,1,3,3,
12,2,0,0,3,2,0,0,2,0,0,2,2,0,0,2,3,0,0,2,2,
12,2,0,0,3,1,0,0,2,0,0,2,3,0,0,2,3,0,0,2,2,
12,2,0,0,3,2,0,0,2,0,0,2,3,0,0,2,3,0,0,2,2,
11,2,0,0,2,1,0,0,2,0,0,2,2,0,0,2,3,0,0,2,2,
12,2,0,0,3,2,0,0,3,0,0,2,3,0,0,2,3,1,0,3,2,
12,2,0,0,3,2,1,0,3,0,0,2,3,0,0,3,3,1,0,3,2,
12,3,0,0,3,2,0,0,3,0,0,2,3,0,0,2,3,1,0,3,2,
11,2,0,0,3,2,1,0,3,0,0,2,3,0,0,2,3,1,0,3,2,
11,3,0,0,3,2,1,0,3,0,1,3,3,0,1,3,3,1,1,3,2,
11,2,0,0,3,2,1,0,3,0,1,2,3,0,1,2,3,1,1,3,2,
11,3,0,0,3,2,0,0,3,0,0,3,3,0,1,3,3,1,1,3,2,
14,4,0,0,2,4,1,0,2,1,0,4,2,0,0,4,3,1,0,5,2,
11,3,0,0,3,2,1,0,3,1,1,2,3,0,1,2,3,1,1,3,2,
13,0,0,0,2,0,1,0,2,0,0,0,2,1,0,0,2,0,0,0,2,
11,3,0,0,3,2,1,1,3,1,1,3,3,0,1,3,3,1,1,3,3,
11,3,0,1,3,2,1,1,3,1,1,3,3,0,1,3,3,1,1,3,3,
11,3,0,1,3,2,1,1,3,1,1,3,3,1,1,2,3,1,1,3,3,
11,3,0,1,3,2,1,1,3,1,1,3,3,1,1,3,3,1,1,3,3,
12,3,0,1,3,2,1,1,3,1,1,3,3,1,1,3,3,1,1,3,3,
12,2,0,0,2,1,0,0,2,0,0,2,2,0,0,2,3,0,0,2,2,
11,2,0,0,2,1,0,0,2,0,0,2,2,0,0,2,2,0,0,2,2,
11,2,0,0,2,1,0,0,2,0,0,2,2,0,0,2,3,0,0,2,2,
11,2,0,0,2,2,0,0,2,0,0,2,2,0,0,2,3,0,0,2,2,
12,2,0,0,3,2,0,0,2,0,0,2,2,0,0,2,3,0,0,2,2,
12,2,0,0,3,2,0,0,2,0,0,2,3,0,0,2,3,1,0,3,2,
12,2,0,0,3,1,0,0,2,0,0,2,3,0,0,2,3,0,0,2,2,
12,2,0,0,3,2,0,0,2,0,0,2,3,0,0,2,3,0,0,2,2,
12,2,0,0,3,2,0,0,2,0,0,2,3,0,0,2,3,0,0,2,2,
12,2,0,0,3,2,0,0,2,0,0,2,3,0,0,2,3,1,0,2,2,
14,2,0,0,3,2,0,0,2,0,0,2,3,0,0,2,3,1,0,3,2,
12,3,0,0,3,2,0,0,3,1,0,2,3,0,0,2,3,1,0,3,2,
12,3,0,0,3,2,0,0,3,1,0,2,3,0,0,3,3,1,0,3,2,
11,3,0,0,3,2,0,0,3,1,0,3,3,0,1,2,3,1,1,3,2,
11,3,0,0,3,2,0,0,3,1,0,3,3,0,1,3,3,1,1,3,2,
11,3,0,0,3,2,0,0,3,0,0,2,3,0,0,3,3,1,0,3,2,
11,3,0,0,3,2,1,0,3,1,1,3,3,0,1,3,3,1,1,3,2,
11,3,0,0,3,2,1,0,3,1,0,3,3,0,1,3,3,1,1,3,3,
11,3,0,0,3,2,1,0,3,1,1,3,3,0,1,3,3,1,1,3,3,
11,3,0,0,3,2,1,1,3,1,1,3,3,1,1,3,3,1,1,3,3,
11,3,0,0,3,2,1,0,3,1,1,3,3,1,1,3,3,1,1,3,3,
11,3,0,1,3,2,1,1,3,1,1,3,3,1,1,3,3,1,1,3,3,
11,3,0,1,3,2,1,1,3,1,1,3,3,1,1,3,4,1,1,3,3,
13,3,0,1,3,3,1,1,2,1,1,3,3,1,1,3,3,1,1,3,2,
11,2,0,0,2,2,0,0,2,0,0,2,2,0,0,2,3,0,0,2,2,
14,2,0,0,2,2,0,0,2,0,0,2,2,0,0,2,3,0,0,2,2,
12,2,0,0,3,2,0,0,2,0,0,2,3,0,0,2,3,0,0,2,2,
12,2,0,0,2,2,0,0,2,0,0,2,3,0,0,2,3,1,0,2,2,
12,2,0,0,3,2,0,0,2,0,0,2,3,0,0,2,3,1,0,3,2,
12,2,0,0,3,2,0,0,2,0,0,2,3,0,0,2,3,1,0,3,2,
14,2,0,0,3,2,0,0,2,1,0,2,3,0,0,2,3,1,0,3,2,
12,3,0,0,3,2,0,0,3,1,0,2,3,0,1,2,3,1,0,3,2,
12,3,0,0,3,2,0,0,3,1,0,2,3,0,0,2,3,1,0,3,2,
11,3,0,0,3,2,0,0,3,1,1,3,3,0,1,3,3,1,1,3,2,
11,3,0,0,3,2,0,0,3,1,0,3,3,0,1,3,3,1,1,3,2,
11,3,0,0,3,2,1,0,3,1,0,3,3,0,1,3,3,1,1,3,3,
13,3,0,0,3,2,1,0,3,1,1,2,3,1,1,2,3,1,1,3,3,
11,3,0,0,3,2,1,1,3,1,1,3,3,1,1,3,3,1,1,3,3,
11,3,0,1,3,2,1,1,3,1,1,3,3,1,1,3,3,1,1,3,3,
11,3,0,1,3,2,1,1,3,1,1,3,3,1,1,3,4,1,1,3,3,
11,3,0,1,3,3,1,1,3,1,1,3,3,1,1,3,4,1,1,3,3,
12,2,0,0,3,2,0,0,2,0,0,2,3,0,0,2,3,1,0,2,2,
11,2,0,0,2,1,0,0,2,0,0,2,2,0,0,2,3,0,0,2,2,
12,2,0,0,2,1,0,0,2,0,0,2,2,0,0,2,3,0,0,2,2,
12,2,0,0,3,2,0,0,2,0,0,2,3,0,0,2,3,0,0,2,2,
12,2,0,0,3,1,0,0,2,0,0,2,3,0,0,2,3,0,0,2,2,
11,2,0,0,2,1,0,0,2,0,0,2,2,0,0,2,3,0,0,2,2,
12,2,0,0,3,2,0,0,2,0,0,2,3,0,0,2,3,1,0,3,2,
12,2,0,0,3,2,0,0,2,0,0,2,3,0,0,2,3,1,0,3,2,
12,2,0,0,3,2,0,0,2,1,0,2,3,0,0,2,3,1,0,3,2,
12,2,0,0,3,2,0,0,3,1,0,2,3,0,0,2,3,1,0,2,2,
12,3,0,0,3,2,0,0,3,1,0,2,3,0,0,2,3,1,0,3,2,
12,3,0,0,3,2,0,0,3,1,0,2,3,0,0,2,3,1,0,3,2,
12,2,0,0,3,2,0,0,3,1,0,2,3,0,0,2,3,1,0,3,2,
15,4,0,0,2,3,1,0,2,1,0,4,2,0,0,4,3,1,0,4,2,
11,3,0,0,3,2,1,0,3,1,0,3,3,0,1,3,3,1,1,3,3,
13,0,0,0,2,0,0,0,2,0,0,0,2,0,0,0,2,0,0,0,1,
11,3,0,0,3,2,1,0,3,1,1,3,3,0,1,3,3,1,1,3,3,
11,3,0,0,3,2,1,0,3,1,1,2,3,0,1,2,3,1,1,3,3,
11,3,0,1,3,2,1,1,3,1,1,2,3,1,1,3,3,1,1,3,3,
11,3,0,1,3,2,1,1,3,1,1,3,3,0,1,3,3,1,1,3,3,
12,3,0,1,3,2,1,1,3,1,1,3,3,1,1,3,3,1,1,3,3,
11,3,0,0,3,2,1,1,3,1,1,3,3,1,1,3,3,1,1,3,3,
11,3,0,1,3,2,1,1,3,1,1,3,3,1,1,3,3,1,1,3,3,
11,3,0,1,3,3,1,1,3,1,1,3,3,1,1,3,4,1,1,3,3,
11,2,0,0,2,1,0,0,2,0,0,2,2,0,0,2,3,0,0,2,2,
11,3,0,1,3,3,1,1,3,1,1,3,3,1,1,3,4,1,1,3,3,
12,2,0,0,2,2,0,0,2,0,0,2,2,0,0,2,3,0,0,2,2,
12,2,0,0,2,2,0,0,2,0,0,2,3,0,0,2,3,0,0,2,2,
12,2,0,0,2,1,0,0,2,0,0,2,3,0,0,2,3,0,0,2,2,
12,2,0,0,3,2,0,0,2,0,0,2,3,0,0,2,3,1,0,2,2,
12,2,0,0,3,2,0,0,2,0,0,2,3,0,0,2,3,0,0,2,2,
15,3,0,0,3,2,0,0,3,1,0,2,3,0,0,2,3,1,0,3,2,
12,3,0,0,3,2,0,0,3,1,0,2,3,0,0,2,3,1,0,3,2,
12,3,0,0,3,2,0,0,3,1,0,2,3,0,0,2,3,1,0,3,2,
12,3,0,0,3,2,0,0,3,1,0,2,3,0,0,2,3,1,0,3,2,
12,3,0,0,3,2,0,0,3,1,0,3,3,0,0,3,3,1,0,3,2,
12,3,0,0,3,2,0,0,3,1,0,3,3,0,1,3,3,1,1,3,2,
12,3,0,0,3,2,1,0,3,1,1,3,3,0,1,3,3,1,1,3,2,
12,3,0,0,3,2,1,0,3,1,1,3,3,0,1,3,3,1,1,3,2,
14,2,2,0,3,1,3,0,3,3,0,2,3,3,0,1,3,3,0,2,2,
11,3,0,0,3,2,1,0,3,1,0,3,3,0,1,3,3,1,1,3,2,
13,2,0,0,3,2,1,0,3,1,1,2,3,0,1,2,3,1,1,3,3,
11,3,0,0,3,2,1,0,3,1,1,3,3,1,1,3,3,1,1,3,3,
11,3,0,0,3,2,1,1,3,1,1,3,3,1,1,3,3,1,1,3,3,
14,6,0,1,3,2,1,1,3,1,1,6,3,1,1,6,3,1,1,6,3,
11,3,0,1,3,2,1,1,3,1,1,3,3,1,1,3,3,1,1,3,3,
11,3,0,1,3,2,1,1,3,1,1,3,3,1,1,3,3,1,1,3,3,
11,2,0,0,2,1,0,0,2,0,0,2,2,0,0,2,2,0,0,2,2,
11,2,0,0,2,2,0,0,2,0,0,2,2,0,0,2,3,0,0,2,2,
11,2,0,0,2,2,0,0,2,0,0,2,2,0,0,2,3,0,0,2,2,
11,2,0,0,2,2,0,0,2,0,0,2,2,0,0,2,3,0,0,2,2,
12,2,0,0,3,1,0,0,2,0,0,2,3,0,0,2,3,0,0,2,2,
12,2,0,0,3,2,0,0,2,0,0,2,3,0,0,2,3,1,0,2,2,
12,2,0,0,3,1,0,0,2,0,0,2,3,0,0,2,3,0,0,2,2,
