147,7,0,5,1,6,6,6,6,7,0,5,1,6,7,7,7,6,0,6,2,7,7,7,138,1,6,7,7,7,73,5,1,7,0,5,1,6,6,6,6,
143,4,0,1,0,3,4,4,4,5,0,2,0,3,4,5,5,2,0,3,0,4,4,5,134,0,3,5,5,5,70,1,0,4,0,2,0,3,4,4,5,
146,8,0,4,1,5,6,8,8,8,0,4,1,5,7,8,8,4,1,5,1,7,8,9,140,1,5,7,8,9,76,4,1,8,0,4,1,5,6,8,8,
145,7,0,4,1,5,7,5,7,7,0,4,1,6,7,6,7,4,1,6,2,7,6,7,139,1,6,7,6,8,72,4,1,7,0,4,1,5,7,5,7,
144,6,0,3,1,5,7,8,6,6,0,4,1,5,7,9,6,4,0,5,1,6,8,7,137,0,5,7,9,7,72,3,1,6,0,4,1,5,6,8,6,
143,6,0,4,1,5,6,6,6,7,0,4,1,6,7,7,7,4,0,5,1,7,7,7,136,0,6,7,7,7,71,4,1,6,0,4,1,5,6,7,7,
148,6,0,4,1,5,6,6,6,6,0,4,1,5,6,7,6,4,0,5,1,6,6,7,141,0,5,7,7,7,74,4,1,6,0,4,1,5,6,6,6,
164,7,0,4,1,5,6,6,7,7,0,4,1,5,7,7,7,4,0,5,1,7,7,7,158,1,5,7,7,7,71,4,1,7,0,4,1,5,6,6,7,
147,7,0,4,1,5,6,6,7,7,0,4,1,5,7,7,7,4,1,5,1,7,7,7,141,1,5,7,7,7,76,4,1,7,0,4,1,5,6,6,7,
142,7,0,4,1,5,7,7,7,7,0,4,1,6,7,7,7,5,1,6,2,7,7,7,137,1,6,8,7,8,72,4,2,7,0,4,1,5,7,7,7,
145,7,1,4,1,5,7,7,7,7,0,4,1,6,7,7,7,4,1,5,2,7,7,7,139,1,6,7,7,8,75,4,2,7,1,4,1,5,7,7,7,
151,6,0,4,1,5,6,6,6,7,0,4,1,5,7,7,7,4,0,5,1,6,7,7,141,0,5,7,7,7,77,4,1,6,0,4,1,5,6,6,6,
147,6,0,4,1,5,6,6,6,6,0,4,1,6,7,7,7,4,0,5,1,6,7,6,140,0,6,7,7,6,72,4,1,6,0,4,1,5,6,6,7,
145,7,0,4,1,7,6,7,7,7,0,4,1,7,7,8,7,4,1,7,1,7,8,7,138,1,7,7,8,8,72,4,1,7,0,4,1,7,6,7,7,
143,8,0,4,6,6,7,7,7,8,0,4,6,6,8,8,8,4,1,6,7,7,7,8,137,1,6,8,8,8,73,4,6,8,0,4,6,6,7,7,7,
146,7,1,4,2,5,7,7,7,7,0,4,1,6,7,7,7,4,1,5,2,7,7,7,140,1,6,7,7,8,75,4,2,7,1,4,1,5,7,7,7,
148,7,1,4,2,6,7,7,7,7,0,6,2,6,7,7,7,5,1,6,2,7,7,8,142,1,6,8,7,8,75,4,2,7,1,6,2,6,7,7,7,
154,6,0,4,1,5,6,6,6,6,0,4,1,5,6,6,6,4,0,5,1,6,6,7,147,0,5,7,6,7,72,4,1,6,0,4,1,5,6,6,6,
143,6,0,13,1,5,6,6,6,6,0,13,1,5,6,7,7,13,0,5,1,6,6,7,136,1,5,7,7,7,71,13,1,6,0,13,1,5,6,6,6,
145,7,3,4,1,5,6,6,7,7,0,4,1,6,7,7,7,4,1,5,1,7,7,7,139,1,6,7,7,8,75,4,1,7,0,4,1,5,6,7,7,
146,7,0,4,1,5,6,6,7,7,0,4,1,5,7,6,7,4,1,5,1,7,6,7,140,1,5,7,7,7,72,4,1,7,0,4,1,5,6,6,7,
152,7,0,4,1,5,7,6,7,7,0,4,1,6,7,7,7,4,1,5,2,7,7,7,137,1,6,8,7,8,74,4,2,7,0,4,1,5,7,6,7,
142,7,0,4,1,5,6,6,7,7,0,4,1,5,7,7,7,4,1,5,2,7,7,7,137,1,5,7,7,8,72,4,2,7,0,4,1,5,6,6,7,
144,7,4,5,4,5,7,7,7,7,0,5,4,6,7,7,7,5,4,6,4,7,7,7,137,4,6,8,7,8,72,5,4,7,0,5,4,5,7,7,7,
146,6,0,4,1,5,6,6,6,6,0,4,1,5,7,6,7,4,0,5,1,6,6,7,139,0,6,7,6,7,75,4,1,6,0,4,1,6,6,6,6,
146,7,0,4,1,5,6,6,6,7,0,4,1,5,6,6,7,4,0,5,1,6,6,7,139,1,5,7,6,7,71,4,1,6,0,4,1,5,6,6,6,
143,7,0,4,1,5,6,9,7,7,0,4,1,6,7,9,7,4,1,5,1,7,9,7,137,1,6,7,9,7,72,4,1,6,0,4,1,5,6,9,7,
157,7,0,4,1,5,6,6,7,7,0,4,1,5,7,6,7,4,1,5,1,7,6,7,151,1,5,7,7,7,86,4,1,7,0,4,1,5,6,6,7,
146,7,0,4,1,5,7,7,7,7,0,4,1,6,7,7,7,5,1,5,2,7,7,7,141,1,6,8,7,8,76,4,1,7,0,4,1,5,7,7,7,
145,7,1,5,2,6,7,7,7,7,0,4,1,6,7,7,7,5,1,6,2,7,7,8,139,1,6,8,7,8,72,5,1,7,1,4,1,6,7,7,7,
143,6,0,4,1,5,6,6,6,6,0,4,1,6,6,6,6,4,0,5,1,6,6,7,136,1,6,7,6,7,72,4,1,6,0,3,1,5,6,6,6,
144,6,0,4,1,5,6,6,7,7,0,4,1,6,7,6,7,4,0,5,1,6,6,7,137,0,5,7,7,7,72,4,1,6,0,4,1,5,6,6,7,
147,6,0,4,1,5,6,16,6,6,0,4,1,5,6,16,7,4,1,5,1,6,16,7,140,0,5,7,16,7,75,4,1,6,0,4,1,5,6,16,6,
146,7,0,6,1,5,5,6,7,7,0,6,1,5,6,7,7,6,0,5,1,6,7,7,140,1,5,6,7,8,72,6,1,7,0,6,1,5,5,6,7,
145,6,0,4,1,5,7,6,7,6,0,4,1,5,7,7,7,5,1,5,1,7,7,7,140,1,5,7,7,7,72,4,1,6,0,4,1,5,7,6,7,
146,6,0,4,1,16,6,6,6,6,0,4,1,16,6,6,6,4,0,16,1,6,6,7,138,0,16,7,6,7,71,4,1,6,0,4,1,16,6,6,6,
144,6,0,4,1,5,6,6,6,6,0,4,1,5,6,6,6,4,0,5,1,6,6,6,137,0,5,7,6,6,72,4,1,6,0,4,0,5,6,6,6,
148,6,0,6,1,5,6,6,8,6,0,6,1,5,6,6,8,6,0,5,1,6,6,7,141,0,5,7,6,7,76,6,1,6,0,6,1,5,6,6,8,
147,7,0,4,1,5,6,6,7,7,0,4,1,6,7,7,7,4,1,5,2,7,7,7,140,2,6,7,7,7,72,4,1,7,0,4,1,5,6,6,7,
143,7,0,4,1,5,6,6,7,6,0,4,1,5,7,6,7,4,1,5,1,7,6,7,137,1,6,7,7,7,72,4,1,7,0,4,1,5,6,6,7,
146,7,1,5,1,5,7,6,7,7,0,4,1,6,7,7,7,5,0,5,1,7,7,7,140,1,6,7,7,7,73,4,1,7,1,4,1,5,7,6,7,
145,7,0,4,2,6,7,7,7,7,0,5,1,6,7,7,7,5,1,6,2,7,7,7,140,1,6,8,7,7,75,5,2,7,0,5,1,6,7,7,7,
145,6,0,4,1,5,6,6,6,6,0,4,0,5,7,6,6,4,0,5,1,6,6,6,139,0,5,7,6,6,71,4,1,6,0,4,0,5,6,6,6,
144,6,0,4,1,5,6,6,6,6,0,4,1,5,7,6,6,4,0,5,1,6,6,7,137,0,5,7,6,7,72,4,1,6,0,4,1,5,6,6,6,
143,6,0,4,1,5,6,6,6,6,0,4,1,5,7,6,6,4,0,5,1,6,6,6,137,0,5,7,6,7,72,4,1,6,0,4,1,5,6,6,6,
145,7,0,6,2,6,6,7,8,7,0,7,1,7,7,7,8,7,1,6,2,7,7,7,139,1,6,7,7,7,75,6,2,7,0,6,1,6,6,7,8,
161,7,0,4,2,5,7,6,7,7,0,4,1,6,7,7,7,5,1,5,2,7,7,7,155,1,6,8,7,7,75,5,2,7,0,5,1,5,7,6,7,
146,6,0,3,1,4,6,5,6,6,0,4,1,5,6,6,6,4,0,4,1,6,6,6,139,0,5,7,6,6,73,3,1,6,0,4,1,5,6,5,6,
179,7,1,5,2,6,7,7,7,7,0,5,2,6,7,7,7,5,1,6,2,7,7,7,173,1,6,8,7,7,76,4,2,7,1,5,1,6,7,7,7,
144,6,0,4,1,5,6,6,6,6,0,5,1,5,6,6,6,4,0,5,1,6,6,6,138,0,5,7,6,6,73,4,1,6,0,4,1,5,6,6,6,
149,6,0,4,1,5,6,6,7,6,0,4,1,6,7,6,7,4,0,5,1,6,6,7,142,0,6,7,7,7,77,4,1,6,0,4,1,5,6,6,7,
145,6,0,4,1,5,12,6,7,6,0,4,1,5,12,6,7,4,0,5,1,12,6,7,139,1,6,12,6,7,72,4,1,6,0,4,1,5,12,6,7,
142,7,0,4,1,5,7,6,7,7,0,4,1,5,7,7,7,4,0,5,1,7,7,7,136,1,6,7,7,7,72,4,1,7,0,4,1,5,7,6,7,
142,7,0,4,1,5,7,7,7,7,0,4,1,6,7,7,7,5,1,6,2,7,7,7,136,1,6,8,7,7,72,4,1,7,1,4,1,6,7,7,7,
145,7,1,4,1,5,7,7,7,7,0,4,1,6,7,7,7,4,1,5,2,7,7,7,139,1,6,7,7,7,75,4,1,7,1,4,1,5,7,7,7,
146,6,0,6,1,5,6,7,7,7,0,6,1,6,7,7,7,6,0,5,1,7,7,7,139,1,6,7,7,7,72,6,1,6,0,6,1,5,6,7,7,
168,6,0,3,1,5,7,6,6,6,0,3,1,5,8,6,6,3,0,5,1,8,6,6,161,0,5,8,6,6,95,3,1,6,0,3,1,5,7,6,7,
142,7,0,4,1,5,7,6,7,7,0,4,1,6,7,7,7,4,0,5,1,7,7,7,136,1,6,7,7,7,72,4,1,7,0,4,1,5,7,6,7,
144,7,0,4,1,14,7,6,7,7,0,4,1,15,7,7,7,4,0,14,1,7,7,8,136,1,15,7,7,7,72,4,1,7,0,4,1,14,7,6,7,
147,15,1,3,0,4,6,6,6,15,0,3,0,5,6,6,6,3,0,5,1,6,6,15,139,0,5,7,6,16,75,3,0,15,0,3,0,5,6,6,6,
146,6,0,3,1,5,6,6,7,6,0,4,0,5,6,6,7,4,0,5,1,6,6,7,139,0,5,7,6,7,73,3,1,6,0,3,0,5,6,6,7,
142,6,0,3,1,5,6,6,6,6,0,3,0,5,6,6,6,3,0,5,1,6,6,6,135,0,5,7,6,6,71,3,0,6,0,3,0,5,6,6,6,
143,6,0,4,1,5,6,6,7,6,0,4,1,5,7,6,7,4,0,5,1,6,6,7,136,0,5,7,7,7,72,3,1,6,0,4,1,5,6,6,7,
145,6,0,4,1,5,6,6,7,6,0,4,1,5,6,6,7,4,0,5,1,6,6,7,139,1,5,7,6,7,75,4,1,6,0,4,1,5,6,6,7,
147,7,0,4,1,6,6,6,7,7,0,4,1,7,7,7,7,4,0,6,1,7,7,7,141,1,7,7,7,7,72,4,1,7,0,4,1,7,6,6,7,
144,7,0,4,1,5,7,6,7,7,0,4,1,6,7,7,7,5,1,5,1,7,7,7,138,1,6,8,7,7,73,4,1,7,0,5,1,6,7,6,7,
152,7,0,4,1,6,6,6,17,7,0,4,1,6,7,7,17,4,1,6,1,7,6,7,146,1,6,7,7,7,82,4,1,7,0,4,1,6,6,6,17,
143,7,0,4,4,6,6,7,7,7,0,4,4,6,7,7,7,4,4,6,4,7,7,7,137,4,6,7,7,7,73,4,4,7,0,4,4,6,6,7,8,
148,6,0,3,1,5,6,6,9,6,0,3,1,5,6,6,9,4,0,5,1,6,6,6,141,1,5,7,6,6,77,3,1,6,0,4,1,5,6,6,9,
148,6,0,4,1,5,6,6,6,7,0,4,1,6,7,7,6,4,0,5,1,7,7,7,142,1,6,7,7,7,72,4,1,7,0,4,1,5,6,6,6,
142,7,0,4,1,5,6,6,7,7,0,4,1,6,7,10,7,4,0,5,1,7,7,7,136,1,6,7,10,7,72,4,1,7,0,4,1,5,6,6,7,
142,7,0,4,1,5,6,6,7,7,0,4,1,5,7,6,7,4,0,5,1,7,6,7,136,1,6,7,7,7,72,4,1,6,0,4,1,5,6,6,7,
147,7,0,5,1,5,7,6,7,7,0,5,1,6,7,7,7,5,1,5,2,7,7,7,141,1,6,7,7,7,77,5,1,7,0,5,1,5,7,6,7,
146,7,1,5,1,6,7,7,7,7,0,5,1,6,7,7,7,5,1,6,1,7,7,7,140,1,6,7,7,7,73,5,1,7,1,5,1,6,7,6,7,
145,6,0,4,1,5,6,6,6,6,0,4,1,5,7,6,6,4,0,5,1,6,6,7,138,0,5,7,7,7,74,4,1,6,0,4,1,5,6,6,6,
163,6,0,4,1,5,6,6,6,6,0,4,1,5,6,6,6,4,0,5,1,6,6,6,157,0,5,7,6,6,72,5,1,6,0,4,1,5,6,6,6,
146,8,0,4,1,5,6,6,7,7,0,4,1,5,7,7,7,4,0,5,1,7,6,7,140,1,6,7,7,7,76,4,1,6,0,4,1,5,6,6,7,
145,7,0,7,1,5,7,7,7,7,0,7,1,6,7,7,7,7,0,5,1,7,7,7,139,1,6,7,7,7,72,7,1,7,0,7,1,5,7,7,7,
143,7,1,4,1,5,7,7,7,7,0,5,2,6,7,7,7,5,1,5,2,7,7,7,137,2,6,10,7,7,73,5,1,7,1,5,2,5,7,7,7,
145,7,1,5,2,5,7,7,7,7,0,5,2,6,7,7,7,5,1,6,2,7,7,7,139,1,6,8,7,7,75,5,2,7,1,5,2,5,7,7,7,
144,6,0,4,1,5,6,6,6,6,0,4,1,5,6,6,6,4,0,5,1,6,6,6,137,0,5,7,6,6,73,4,1,6,0,4,1,4,6,6,6,
149,6,0,4,1,5,6,6,6,6,0,4,1,5,6,6,6,4,0,5,1,6,6,7,139,0,5,7,6,7,75,4,1,7,0,4,1,5,6,6,6,
148,7,0,4,1,5,6,6,7,7,0,4,1,6,7,7,7,4,0,5,1,6,7,7,142,0,6,7,7,7,73,4,1,6,0,4,1,5,6,6,7,
143,6,0,4,1,5,6,6,7,6,0,4,1,5,7,6,7,4,0,5,1,6,6,7,137,1,6,7,6,7,72,4,1,6,0,4,1,5,6,6,7,
147,7,0,4,1,5,7,7,7,7,0,4,1,6,7,7,7,4,0,5,1,7,7,7,142,1,6,8,7,7,76,4,1,7,0,4,1,5,7,7,7,
157,7,0,4,1,5,7,6,7,7,0,4,1,6,7,7,7,4,1,5,2,7,7,7,151,1,6,7,7,7,76,4,1,7,0,4,1,5,7,6,7,
149,7,0,4,1,5,6,6,7,7,0,4,1,6,7,7,7,4,1,5,1,7,7,7,143,1,6,7,7,7,74,4,1,7,0,4,1,5,6,6,7,
144,6,0,3,1,5,6,6,6,6,0,4,1,5,6,6,6,4,0,5,1,6,6,6,137,0,5,7,6,6,72,4,1,6,0,3,1,5,6,6,6,
148,7,0,4,1,5,6,6,7,7,0,4,1,6,7,7,7,4,0,5,1,7,6,7,141,1,6,7,7,7,77,4,1,7,0,4,1,5,6,6,7,
151,6,0,4,1,5,6,6,7,6,0,4,1,6,7,7,7,4,0,5,1,7,6,7,145,1,6,7,7,7,80,4,1,6,0,4,1,5,6,6,7,
151,6,0,4,1,5,6,6,7,6,0,4,1,5,7,6,7,4,0,5,1,7,6,7,142,1,5,7,6,7,76,4,1,6,0,4,1,5,6,6,7,
148,7,0,4,2,5,7,6,7,7,0,4,1,5,7,7,7,5,1,5,2,7,7,7,142,1,5,8,7,7,74,4,1,7,0,4,1,5,7,6,7,
147,6,0,4,1,6,6,6,7,7,0,4,1,7,7,7,7,4,1,7,1,6,6,7,139,1,7,7,7,7,74,4,1,6,0,4,1,6,6,6,7,
146,6,0,4,1,5,6,6,6,6,0,4,1,5,6,7,7,4,0,5,1,6,6,6,139,0,5,7,7,7,73,4,1,6,0,4,1,5,6,6,6,
151,6,0,5,1,5,6,6,7,6,0,5,1,6,7,7,7,6,0,5,1,6,6,7,144,1,5,7,7,7,78,5,1,6,0,6,1,5,6,6,7,
168,6,0,4,1,5,6,6,7,6,0,4,1,5,7,7,7,4,1,5,1,6,6,7,163,1,5,7,7,7,92,4,1,6,0,4,1,5,6,6,7,
147,7,0,4,1,5,6,6,7,7,0,4,1,6,7,7,7,4,1,5,1,7,7,7,141,1,6,7,7,7,75,4,1,7,0,4,1,5,7,6,7,
146,6,0,3,1,6,6,6,7,7,0,3,1,6,7,7,7,3,1,6,1,7,6,7,140,1,6,7,7,7,75,3,1,6,0,3,1,6,6,6,7,
148,7,1,4,1,6,6,7,7,7,0,4,2,6,7,7,7,4,1,6,2,7,7,7,142,1,6,7,7,7,77,4,2,7,1,4,2,6,6,7,7,
149,6,0,3,1,5,6,6,6,6,0,3,1,6,6,7,6,3,0,5,1,6,6,6,142,1,6,7,6,6,74,3,1,6,0,3,1,5,6,6,6,
146,6,0,4,1,5,14,6,6,6,0,4,1,5,15,7,7,4,0,5,1,14,7,7,139,0,5,15,7,7,74,4,1,6,0,4,1,5,14,6,6,
145,6,0,4,1,5,6,6,6,7,0,4,1,6,7,7,7,4,0,5,1,7,6,7,139,1,6,7,7,7,74,4,1,6,0,4,1,5,6,6,7,
147,9,0,4,9,8,8,9,9,9,0,4,9,9,8,8,9,4,0,9,9,8,9,9,142,1,9,8,9,8,76,4,9,9,0,4,9,9,8,9,9,
149,7,0,4,1,5,6,6,7,7,0,4,1,6,7,7,7,4,0,6,1,7,7,7,144,1,6,7,7,7,77,4,1,7,0,4,1,5,6,6,7,
150,7,0,4,1,5,6,6,7,7,0,4,2,6,7,7,7,4,1,5,2,6,6,7,144,1,6,7,6,7,75,4,1,7,0,4,2,5,6,6,7,
159,6,0,4,1,4,6,6,6,6,0,4,1,5,6,7,6,4,0,5,1,6,6,7,153,0,5,7,6,7,87,4,1,6,0,4,1,5,6,6,6,
152,6,0,4,1,5,6,6,6,6,0,4,1,6,7,7,7,4,0,5,1,6,6,7,145,0,5,7,6,7,74,4,1,6,0,4,1,5,6,6,6,
150,6,0,4,1,5,6,6,6,6,0,4,1,5,6,7,7,4,0,5,1,6,6,6,143,0,5,7,6,7,78,4,1,6,0,4,1,5,6,6,6,
152,6,0,4,1,5,6,6,7,6,0,4,1,6,7,7,7,4,0,5,1,6,6,7,147,1,6,7,7,7,76,4,1,6,0,4,1,5,6,6,7,
146,6,0,3,1,6,6,6,7,7,0,3,1,6,7,6,7,3,1,6,1,7,6,7,141,1,6,7,7,7,75,3,1,6,0,3,1,6,6,6,7,
147,7,0,4,1,5,7,6,7,7,0,4,2,6,7,7,7,4,1,5,2,7,7,7,141,2,6,7,7,7,75,4,1,7,0,4,2,5,7,7,7,
149,6,0,4,1,4,6,6,6,6,0,4,1,5,6,6,6,4,0,5,1,6,6,6,143,0,5,6,6,6,77,4,0,6,0,4,1,4,6,6,6,
151,6,0,4,1,5,6,6,6,6,0,4,1,5,6,7,7,5,0,5,1,6,6,7,144,0,5,7,7,7,76,4,1,6,0,4,1,5,6,6,6,
149,6,0,3,1,6,6,6,6,6,0,3,1,6,7,7,7,3,0,6,1,6,6,7,143,1,6,7,7,7,74,3,1,6,0,3,1,6,6,6,7,
147,6,0,4,1,5,6,6,6,6,0,4,1,5,7,7,7,4,0,5,1,6,6,7,142,1,5,7,6,7,75,4,1,6,0,4,1,5,6,6,7,
146,7,0,4,4,5,6,6,7,7,0,4,4,6,7,7,7,4,0,5,4,6,7,7,140,1,6,7,7,7,74,4,4,7,0,4,4,5,6,6,7,
149,7,0,4,1,5,6,7,7,7,0,4,2,6,7,7,7,4,1,5,2,7,7,7,144,1,6,7,7,7,77,4,1,7,0,4,2,5,7,7,7,
150,6,0,3,1,5,6,6,6,6,0,4,1,6,6,6,6,4,0,5,1,6,6,6,143,1,6,7,6,6,73,3,1,6,0,4,1,5,6,6,6,
154,6,0,4,1,5,6,9,6,6,0,4,1,5,7,9,6,4,0,5,1,6,9,6,144,0,6,7,9,7,79,4,1,6,0,4,1,5,6,9,6,
149,6,0,4,1,5,6,5,6,6,0,4,1,6,7,5,7,4,0,5,1,6,5,6,142,0,5,7,6,6,77,4,1,6,0,4,1,5,6,5,6,
153,7,0,4,1,5,6,6,7,7,0,4,1,6,7,7,7,4,0,5,1,7,7,7,147,1,6,7,7,7,81,4,1,7,0,4,1,5,6,7,7,
152,7,0,4,1,5,6,6,7,7,0,4,1,5,7,7,7,4,0,5,1,7,6,7,146,1,5,7,7,7,77,4,1,7,0,4,1,5,6,7,7,
147,7,0,5,1,5,7,7,7,7,0,5,1,6,7,7,7,5,1,6,2,7,7,7,141,1,6,7,7,7,75,5,1,7,0,5,1,5,7,7,7,
151,6,0,4,0,4,6,6,6,6,0,4,1,5,6,6,6,4,0,4,1,6,6,6,144,0,5,7,6,7,78,4,0,6,0,4,0,4,6,6,6,
171,6,0,4,1,5,6,6,6,6,0,4,1,5,6,6,6,4,0,5,1,6,6,7,161,0,5,7,6,7,79,4,1,6,0,4,1,5,6,6,6,
151,6,0,4,1,5,6,6,7,6,0,4,1,5,7,7,7,4,0,5,1,6,6,7,144,0,5,7,7,7,75,4,1,6,0,4,1,5,6,6,7,
148,6,0,4,1,5,6,6,6,6,0,4,1,6,7,6,7,4,1,5,1,6,6,6,142,1,6,7,6,7,75,4,1,6,0,4,1,5,6,6,6,
146,7,0,4,1,5,6,6,7,7,0,4,1,6,7,7,7,4,0,5,1,7,7,7,140,1,6,7,7,7,74,4,1,7,0,4,1,5,6,7,7,
149,6,0,3,2,4,5,6,6,6,0,3,2,4,6,6,6,3,0,4,2,6,6,6,140,0,4,6,6,6,75,3,2,6,0,3,2,4,6,6,6,
151,9,0,5,1,5,8,8,9,9,0,6,1,6,9,9,9,5,1,6,2,9,9,9,145,1,6,9,9,9,80,5,1,9,0,5,1,5,8,8,9,
150,7,1,5,2,5,7,7,7,7,0,5,1,6,7,7,7,5,1,6,2,7,7,7,145,1,6,8,7,7,75,5,2,7,1,5,1,6,7,7,7,
147,6,0,4,1,5,6,8,6,6,0,4,1,5,6,8,6,4,0,5,1,6,8,6,140,0,5,7,8,6,75,4,1,6,0,4,0,4,6,8,6,
148,6,0,4,1,5,6,6,6,6,0,4,1,5,7,6,7,4,0,5,1,6,6,6,141,0,5,7,6,7,76,4,1,6,0,4,1,5,6,6,6,
150,6,0,4,1,5,6,6,6,6,0,4,1,5,6,6,6,4,0,5,1,6,6,6,144,0,5,7,6,6,78,4,1,6,0,4,1,5,6,6,6,
162,7,0,4,1,6,7,7,7,7,0,4,1,6,7,7,7,4,1,6,2,7,7,7,155,1,6,7,7,7,75,4,1,7,0,4,1,6,7,7,7,
145,7,0,4,1,5,6,6,7,7,0,4,1,6,7,7,7,4,0,5,1,7,7,7,140,1,6,7,7,7,73,4,1,7,0,4,1,5,6,6,7,
146,7,0,4,1,5,7,7,7,7,0,5,1,5,7,7,7,5,0,5,1,7,7,7,140,1,6,8,7,7,74,4,1,7,0,4,1,5,7,7,7,
148,7,0,4,1,5,7,7,7,7,0,4,1,5,7,7,7,5,1,6,2,7,7,7,142,1,6,8,7,7,75,4,2,7,0,4,1,5,7,7,7,
148,7,0,4,1,5,7,7,7,7,0,4,1,5,7,7,7,4,1,5,1,7,7,7,142,1,5,7,7,7,73,4,1,7,0,4,1,5,7,7,7,
146,7,1,4,2,6,10,7,7,7,0,4,1,6,10,7,7,4,1,6,2,10,7,7,140,1,6,11,7,7,74,4,2,7,1,4,1,6,10,7,7,
147,6,0,3,1,4,6,6,6,6,0,3,0,4,6,6,6,3,0,5,1,6,6,6,139,1,5,6,6,6,73,3,1,6,0,3,0,4,6,6,6,
148,6,0,4,1,5,6,6,6,6,0,4,1,5,7,7,7,4,0,5,1,6,6,7,139,1,5,7,6,7,73,4,1,6,0,4,1,5,6,6,6,
154,7,0,4,1,5,7,7,7,7,0,4,1,5,7,7,7,4,0,5,2,7,7,7,145,3,5,7,7,7,77,4,1,7,0,4,1,5,7,7,7,
149,7,0,4,1,5,7,7,7,7,0,4,1,5,7,7,7,4,1,5,1,7,7,7,142,3,5,7,7,7,73,4,1,7,0,4,1,5,7,7,7,
162,7,0,6,1,5,7,7,7,7,0,6,1,5,7,7,7,6,0,5,1,7,7,7,157,2,5,7,7,7,91,6,1,7,0,6,1,5,7,7,7,
146,7,0,4,1,5,7,6,7,7,0,4,1,5,7,7,7,4,1,5,1,7,7,7,141,1,5,7,7,7,74,4,1,7,0,4,1,5,7,6,7,
148,7,0,5,1,5,7,7,7,7,0,4,1,6,7,7,7,5,1,6,2,7,7,7,142,1,6,7,7,7,76,4,1,7,0,4,1,5,7,7,7,
151,7,1,5,1,6,7,7,7,7,0,4,1,6,7,7,7,5,1,6,2,7,7,7,146,2,6,8,7,7,74,4,1,7,1,4,1,5,7,7,7,
147,7,1,4,1,5,7,7,7,7,0,4,1,5,7,7,7,4,1,5,2,7,7,7,141,2,5,7,7,7,75,4,1,7,1,4,1,5,7,7,7,
145,6,0,4,1,4,6,6,6,6,0,4,1,5,7,6,7,4,0,5,1,6,6,6,138,1,5,7,7,7,72,4,1,6,0,4,1,5,6,6,6,
149,6,0,4,1,4,6,6,6,6,0,3,1,5,6,6,6,4,0,5,1,6,6,7,142,1,5,6,7,7,76,4,1,6,0,4,1,4,6,6,6,
150,6,0,6,1,4,6,6,7,6,0,6,1,4,6,7,7,7,0,4,1,6,7,7,142,1,4,6,7,7,73,6,1,6,0,6,1,4,5,6,7,
153,6,0,4,1,5,6,6,7,6,0,4,1,5,7,6,7,4,0,5,1,7,6,6,145,1,5,7,7,7,76,4,1,6,0,4,1,5,6,6,7,
149,7,0,4,1,7,7,7,7,7,0,4,1,7,7,7,7,4,1,7,2,7,7,7,141,2,7,7,7,7,74,4,1,7,1,4,1,7,7,7,7,
150,7,0,4,1,5,7,7,7,7,0,4,1,5,7,7,7,4,1,5,2,7,7,7,144,1,5,7,7,7,77,4,1,7,0,4,1,5,7,7,7,
176,7,1,4,1,5,7,7,7,7,0,4,1,5,7,7,7,5,3,5,2,7,7,7,148,3,5,7,7,7,82,4,1,7,1,4,1,5,7,7,7,
153,6,0,4,1,5,5,5,6,6,0,4,1,6,6,6,6,4,0,6,1,6,6,6,146,2,6,6,6,6,77,4,1,6,0,4,1,5,5,5,6,
152,6,0,4,1,5,6,6,6,6,0,4,1,5,6,6,6,4,0,5,1,6,6,6,145,1,5,6,6,6,79,4,1,6,0,4,1,5,6,6,6,
149,6,0,4,1,5,6,6,7,6,0,4,1,6,7,6,7,4,0,6,1,7,6,7,143,0,6,7,6,7,77,4,1,6,0,4,1,5,6,6,7,
153,6,0,4,1,5,6,6,7,7,0,4,1,6,7,7,7,4,0,5,1,7,7,7,148,1,6,7,7,7,80,4,1,6,0,4,1,5,6,6,7,
152,6,0,4,1,5,7,6,7,7,0,4,1,6,7,7,7,5,0,6,1,7,7,7,147,1,6,7,7,7,78,4,1,7,0,4,1,5,6,6,7,
150,7,0,5,2,6,7,7,7,7,0,5,1,6,7,7,7,5,1,6,2,7,7,7,144,2,6,7,7,7,77,5,2,7,0,5,2,6,7,7,7,
150,6,0,4,1,5,5,6,6,6,0,4,1,5,6,6,6,4,0,5,3,6,6,6,143,3,5,6,6,6,76,4,1,6,0,4,1,5,5,6,6,
163,7,0,7,2,7,7,7,9,7,0,7,2,7,7,7,8,7,1,7,3,7,7,7,157,2,7,7,7,7,78,7,2,7,0,7,2,7,7,7,8,
153,6,0,4,1,5,6,6,6,6,0,4,1,5,6,6,6,4,0,5,1,6,6,6,146,1,5,6,6,6,79,4,1,6,0,4,1,4,6,6,6,
152,6,0,4,1,5,7,7,7,7,0,4,1,6,7,7,7,4,0,6,1,7,7,7,146,1,6,7,7,7,76,4,1,7,0,4,1,5,6,7,7,
149,6,0,4,1,5,7,6,7,7,0,4,1,6,7,7,7,5,0,5,1,7,7,7,143,1,6,7,7,7,76,4,1,6,0,4,1,5,6,6,7,
151,6,0,4,1,5,7,6,7,7,0,4,1,5,7,7,7,4,0,5,1,7,7,7,145,2,5,7,7,7,78,4,1,7,0,4,1,5,7,6,7,
152,6,0,4,1,5,6,6,6,6,0,4,0,5,6,6,6,4,0,5,1,6,6,6,145,1,5,6,6,6,79,3,1,6,0,4,0,5,6,6,6,
152,6,0,4,1,5,6,6,6,6,0,4,1,5,6,6,6,4,0,5,1,6,6,6,146,1,5,6,6,6,76,3,1,6,0,4,1,5,6,6,6,
147,6,0,4,1,5,7,6,7,7,0,4,1,6,7,7,7,4,0,5,1,7,7,7,141,1,6,7,7,7,76,4,1,6,0,4,1,5,6,6,7,
153,7,0,4,1,5,7,6,7,7,0,5,1,6,7,7,7,5,0,6,2,7,7,7,147,2,6,7,7,7,78,4,1,7,0,5,1,5,7,7,7,
153,7,0,4,1,5,7,7,7,7,0,4,1,6,7,7,7,4,1,6,2,7,7,7,147,2,6,7,7,7,80,4,1,7,0,4,1,5,7,7,7,
172,6,0,3,1,5,6,6,6,6,0,4,1,6,6,6,6,4,0,5,1,6,6,7,165,1,6,6,6,7,99,3,1,6,0,4,1,5,6,6,6,
145,6,0,4,1,5,6,6,6,6,0,4,1,6,7,6,7,4,0,5,1,6,6,6,138,1,5,7,6,6,73,4,1,6,0,4,1,5,6,6,7,
146,7,0,4,1,5,7,7,7,7,0,4,1,6,7,7,7,5,0,6,2,7,7,7,141,2,6,7,7,7,75,4,1,7,0,4,1,5,7,7,7,
148,6,0,4,4,6,6,6,7,7,0,4,4,6,6,7,7,4,1,6,4,6,7,7,142,4,6,6,7,7,74,4,4,6,0,4,4,6,6,6,7,
151,8,0,4,1,5,9,6,8,8,0,4,1,5,9,6,8,4,0,5,1,9,6,9,144,1,5,9,6,9,77,4,1,8,0,4,1,5,8,6,8,
150,6,0,5,1,6,6,7,7,6,0,5,1,7,6,8,7,5,0,7,1,6,7,6,143,2,7,6,7,6,74,5,1,6,0,5,1,6,5,7,7,
146,7,0,4,1,5,6,9,7,7,0,4,1,6,7,9,7,4,0,6,1,7,9,7,140,1,6,7,10,7,74,4,1,7,0,4,1,5,6,9,7,
145,7,0,14,1,5,7,7,7,7,0,14,1,6,7,7,7,14,1,6,1,7,7,7,139,1,6,7,7,7,73,14,1,7,0,14,1,5,7,7,7,
151,6,0,4,2,5,7,7,7,7,0,4,1,6,7,7,7,28,1,6,2,7,7,7,145,2,6,7,7,7,76,4,2,6,0,4,2,5,6,7,7,
148,6,0,4,1,5,6,6,6,7,0,4,1,6,7,6,7,4,1,6,1,6,6,7,141,1,6,7,6,7,73,4,1,6,0,4,1,5,6,6,6,
158,6,0,4,1,4,6,6,6,6,0,4,1,5,6,8,7,4,0,5,1,6,7,6,151,1,5,6,7,6,85,4,1,6,0,4,1,4,6,7,6,
147,7,0,4,1,5,7,7,7,7,0,4,1,6,7,7,7,4,2,6,2,7,7,7,141,2,6,7,7,7,75,4,1,6,0,4,1,5,6,7,7,
148,7,0,4,1,5,7,7,7,7,0,4,1,6,7,7,7,5,0,6,2,7,7,7,143,1,6,7,7,7,76,4,1,7,0,4,1,5,7,7,7,
150,7,0,4,1,5,7,7,7,7,0,4,1,6,7,7,7,4,0,6,1,7,7,7,144,1,6,7,7,7,76,4,1,7,0,4,1,5,6,7,7,
148,5,0,3,0,4,5,5,5,5,0,3,0,5,6,6,6,3,0,5,1,5,6,6,140,1,5,5,5,6,73,3,0,5,0,3,0,4,5,6,5,
144,6,0,4,1,5,6,12,6,6,0,4,1,5,6,12,6,4,0,5,1,6,12,6,137,1,5,6,12,6,71,4,1,6,0,4,1,5,6,12,6,
149,7,0,4,1,5,6,7,7,7,0,4,1,6,7,7,7,4,0,6,1,7,7,7,142,1,6,7,7,7,76,4,1,7,0,4,1,5,6,7,7,
152,9,0,4,1,5,6,8,8,8,0,4,1,6,7,8,8,4,0,6,2,6,9,9,146,1,6,7,8,8,80,4,1,8,0,4,1,5,6,8,8,
151,7,1,5,1,6,7,6,7,6,0,5,1,7,8,6,7,5,1,6,2,7,6,7,145,2,7,7,6,6,77,5,1,7,1,5,1,6,7,6,7,
144,6,0,4,1,5,6,9,6,6,0,4,1,5,7,10,7,4,0,5,1,6,10,7,137,1,5,6,9,7,72,4,1,6,0,4,1,5,6,9,6,
143,7,0,4,1,5,6,6,6,6,0,4,1,5,6,6,7,4,0,5,1,6,7,7,138,1,5,6,6,6,72,4,1,7,0,4,1,5,6,6,6,
149,7,0,4,1,5,6,7,7,7,0,4,1,6,7,7,7,4,0,6,1,7,7,7,143,1,6,7,7,7,75,4,1,7,0,4,1,5,6,7,7,
146,7,0,5,2,6,7,7,7,7,0,5,2,6,7,7,8,5,1,6,2,7,8,8,140,1,6,7,7,7,74,5,2,7,0,5,2,5,7,7,7,
143,8,1,4,2,5,7,7,7,7,0,4,2,6,7,7,7,5,1,6,2,7,7,7,137,2,6,7,7,7,72,4,2,8,1,4,2,5,7,7,7,
144,7,0,4,1,5,6,6,6,7,0,4,1,6,7,7,7,4,0,6,1,6,7,7,137,1,6,7,7,7,72,4,1,7,0,4,1,5,6,7,6,
147,7,0,4,1,5,6,6,6,7,0,4,1,5,7,7,7,4,1,5,1,6,7,7,141,1,5,7,6,7,75,4,1,7,0,4,1,5,6,7,6,
147,7,0,7,1,6,7,7,7,7,0,7,1,6,7,7,7,7,1,6,2,7,8,7,141,1,6,7,7,7,73,7,1,7,0,7,1,5,7,7,7,
146,6,0,4,1,5,6,6,6,6,0,4,1,5,7,6,6,4,0,5,1,7,6,6,140,0,5,6,6,6,71,4,1,6,0,4,1,5,6,6,6,
145,6,0,4,1,5,6,6,6,6,0,4,1,5,7,7,7,4,0,5,1,7,7,7,137,1,5,6,6,7,73,4,1,6,0,4,1,5,6,7,6,
158,7,0,4,1,5,6,6,7,7,0,4,1,5,7,7,7,4,0,6,1,7,7,7,152,1,6,7,7,7,72,4,1,7,0,4,1,5,6,7,6,
148,7,1,5,2,6,7,7,7,7,0,5,1,6,7,7,8,5,1,6,2,7,7,7,141,1,6,7,7,7,77,5,1,7,1,5,1,5,7,7,7,
145,6,0,3,1,5,6,6,6,6,0,3,1,5,6,7,7,4,0,5,1,6,7,6,138,0,5,6,6,6,72,3,1,6,0,3,1,5,6,6,6,
142,6,0,4,1,4,5,6,6,6,0,4,1,4,6,7,6,4,0,5,1,6,7,6,136,1,5,6,6,6,72,4,1,6,0,4,1,4,5,7,6,
142,7,0,4,1,5,6,7,7,7,0,4,1,5,7,7,7,4,0,5,1,7,7,7,136,1,5,7,7,7,72,4,1,7,0,4,1,5,6,7,7,
146,7,1,4,2,5,7,7,7,7,0,5,2,5,7,8,8,5,1,6,2,7,7,7,140,2,6,7,7,7,75,4,1,7,1,5,1,5,7,7,7,
145,6,0,4,1,5,6,6,6,6,0,4,1,5,6,6,6,4,0,5,1,6,6,6,138,0,5,6,6,6,71,3,0,6,0,4,1,4,6,6,6,
143,6,0,4,1,5,6,6,7,6,0,4,1,5,7,6,7,4,0,5,1,7,7,7,136,1,5,7,7,7,72,4,1,6,0,4,1,5,6,7,6,
145,7,0,4,1,6,6,6,7,7,0,4,1,5,7,6,7,4,0,6,1,7,7,7,139,1,6,7,6,7,72,4,1,7,0,4,1,5,6,7,7,
146,7,0,4,1,5,7,7,7,7,0,4,2,5,7,7,7,5,0,6,1,7,7,7,140,1,6,7,7,7,76,4,1,7,0,4,1,5,7,7,7,
168,6,0,4,1,5,6,6,6,7,0,4,1,5,7,6,7,5,0,5,1,7,7,7,158,1,5,7,6,7,93,4,1,6,0,4,1,5,6,6,6,
146,6,0,4,1,6,6,5,7,6,0,4,1,6,7,5,7,4,0,6,1,7,6,6,139,1,6,7,5,6,73,4,1,6,0,4,1,6,6,6,7,
145,6,0,4,1,6,6,6,7,6,0,4,1,6,7,6,7,4,0,7,1,7,7,7,136,1,6,7,6,7,72,4,1,6,0,4,1,6,6,6,7,
146,7,0,4,1,5,7,7,7,7,0,4,1,5,7,7,7,5,0,6,1,7,7,7,140,1,6,7,7,7,73,4,1,7,0,4,1,5,7,7,7,
155,6,0,3,1,4,6,6,6,7,0,3,0,4,7,6,7,4,0,5,1,7,7,7,149,2,5,7,7,7,75,3,1,6,0,3,1,4,6,7,6,
150,6,0,4,1,5,6,7,6,7,0,4,1,5,7,7,7,4,0,5,1,6,7,7,143,1,5,6,7,7,74,4,1,6,0,4,1,5,6,7,6,
143,7,0,4,1,5,7,6,7,7,0,4,1,5,7,7,7,5,0,6,1,7,7,7,137,2,6,7,7,7,72,4,1,7,0,4,1,5,6,7,7,
143,7,0,4,1,5,17,7,7,7,0,4,1,6,17,7,7,5,0,6,1,17,7,7,138,1,6,16,7,7,74,4,1,7,0,5,1,5,16,7,7,
150,7,1,4,1,5,7,7,7,7,0,5,1,6,7,7,7,5,1,6,2,7,7,7,145,2,6,7,7,7,80,5,1,7,1,5,1,5,7,7,7,
151,6,0,4,1,4,7,6,6,7,0,4,1,5,7,6,7,4,0,5,1,7,7,7,144,1,5,7,6,7,77,4,1,6,0,4,1,4,6,7,6,
149,7,0,4,1,5,7,7,8,7,0,4,1,7,7,7,7,4,1,7,1,7,7,7,143,1,7,7,7,7,78,4,1,7,0,4,1,5,7,7,8,
148,7,0,4,1,5,7,7,7,7,0,4,1,6,7,7,7,5,1,6,1,7,7,7,142,2,6,7,7,7,77,4,1,7,0,4,1,5,7,7,7,
149,9,0,4,1,5,9,6,9,9,0,4,4,5,9,9,9,4,0,5,4,9,9,9,142,1,5,9,9,9,76,4,1,9,0,4,1,5,9,9,9,
154,9,1,6,2,7,9,8,9,9,0,6,2,7,9,8,9,6,2,7,2,9,9,9,145,4,7,9,9,9,79,6,2,9,1,6,2,7,8,9,9,
146,9,0,5,1,6,6,5,6,9,0,5,1,6,6,6,6,5,0,6,1,6,6,9,141,1,6,6,6,9,73,5,1,9,0,5,1,6,5,6,6,
144,7,0,4,1,6,6,6,7,7,0,4,1,7,7,6,7,4,0,7,1,7,7,7,139,2,7,7,6,7,74,4,1,7,0,4,1,6,6,7,7,
143,7,0,4,1,6,7,7,7,7,0,4,1,6,7,7,7,4,1,6,2,7,7,7,138,2,6,7,7,7,73,4,1,7,0,4,1,6,7,7,7,
147,7,0,4,1,5,7,6,7,7,0,4,1,6,7,7,7,4,1,6,2,7,7,7,141,2,6,7,7,7,76,4,1,7,0,4,1,5,7,7,7,
147,7,0,4,1,5,7,6,7,7,0,4,1,5,7,7,7,4,0,5,1,7,7,7,140,3,5,7,7,7,73,4,1,7,0,4,1,5,6,6,7,
161,6,0,4,1,5,6,6,6,7,0,4,1,5,7,6,7,4,0,6,1,7,7,7,154,2,6,7,7,7,73,4,1,6,0,4,1,5,6,6,6,
144,7,0,4,1,6,7,6,7,7,0,4,1,6,7,7,7,3,0,7,1,7,7,7,139,2,7,7,7,7,74,4,1,7,0,4,1,6,7,6,7,
146,7,0,5,1,5,7,7,7,7,0,5,1,6,7,7,7,5,0,6,1,7,7,7,141,2,6,7,7,7,76,5,1,7,0,5,1,5,7,7,7,
147,7,0,5,1,5,7,6,7,7,0,5,1,6,7,7,7,5,1,6,2,7,7,7,141,1,6,7,7,7,73,5,1,7,0,5,1,5,7,7,7,
145,6,0,4,1,5,6,6,6,7,0,4,0,5,7,6,6,4,0,6,1,7,7,7,138,2,6,6,6,7,73,4,1,6,0,4,0,5,6,6,6,
145,7,0,4,1,5,7,6,7,7,0,4,1,5,7,7,7,4,0,5,1,7,7,7,138,1,5,7,7,7,73,4,1,6,0,4,1,5,6,6,7,
146,7,0,4,1,5,7,6,7,7,0,4,1,5,7,7,7,4,0,6,1,7,7,7,141,1,5,7,7,7,76,4,1,7,0,4,1,5,6,6,7,
148,7,0,5,1,5,7,6,7,7,0,5,1,6,7,7,7,5,0,6,1,7,7,7,141,2,6,7,7,7,76,5,1,7,0,5,1,5,7,7,7,
149,6,0,5,1,5,5,5,6,6,0,5,0,5,6,5,6,5,0,6,1,6,6,6,142,0,6,5,5,6,74,5,0,6,0,5,0,5,5,5,6,
148,7,0,5,1,7,7,7,7,7,0,5,1,7,7,7,7,5,3,7,2,7,7,7,140,1,8,7,7,7,75,5,1,7,0,5,1,7,7,7,7,
161,6,0,4,1,4,6,6,6,7,0,4,1,4,7,6,6,4,0,5,1,7,7,7,155,2,5,6,6,7,90,4,1,6,0,4,1,4,6,6,6,
147,7,0,4,1,5,7,6,7,7,0,4,1,6,7,7,7,4,0,6,1,7,7,8,141,2,6,7,7,8,77,4,1,7,0,4,1,5,7,7,7,
642,7,0,4,2,5,7,7,7,7,0,5,1,6,7,7,7,5,1,6,2,7,7,8,143,2,6,7,7,8,75,4,1,7,0,5,1,5,7,7,7,
686,6,0,7,1,4,6,6,6,7,0,7,1,5,6,6,7,7,0,5,1,6,7,7,140,2,5,6,6,7,76,7,1,6,0,7,1,4,6,6,6,
147,7,1,7,2,5,6,6,7,7,0,7,1,5,6,7,7,7,1,5,2,6,7,7,141,2,5,6,7,7,73,7,1,7,1,7,1,5,6,6,7,
146,6,0,5,1,5,7,6,6,7,0,6,1,5,7,7,7,6,1,5,1,7,7,7,140,1,6,7,7,7,73,5,1,7,0,6,1,5,7,6,6,
148,7,0,7,1,5,7,7,7,7,0,6,1,5,7,7,8,6,1,6,2,7,7,8,142,1,6,7,7,8,77,7,1,7,0,6,1,5,7,7,7,
145,7,1,6,2,5,7,7,7,8,0,6,1,6,7,7,7,6,1,6,2,7,8,8,139,1,6,7,7,8,74,6,1,7,1,6,1,5,7,7,7,
150,6,0,6,1,4,6,6,6,6,0,6,1,5,6,6,6,6,0,5,1,6,7,7,141,0,5,6,6,7,76,6,1,6,0,6,1,5,6,6,6,
159,5,0,6,1,5,6,5,6,6,0,6,1,5,7,6,6,6,0,5,1,7,6,6,152,0,6,6,6,6,83,6,1,6,0,6,1,5,6,5,6,
147,6,0,5,1,4,5,6,6,6,0,5,1,4,6,7,7,5,0,5,1,6,7,7,140,1,5,6,7,7,74,5,1,6,0,5,1,4,5,6,6,
147,6,0,6,1,5,6,6,6,7,0,6,1,5,7,7,7,6,0,6,1,7,7,7,140,0,6,7,7,7,75,6,1,7,0,6,1,5,6,6,6,
147,7,0,6,1,5,6,6,6,7,0,6,1,5,7,7,7,6,0,6,1,7,7,7,141,1,6,6,7,7,76,6,1,7,0,6,1,5,6,6,6,
147,7,0,6,1,5,6,7,7,7,0,6,1,6,7,7,7,6,0,6,1,7,7,8,142,1,6,7,7,7,74,6,1,7,0,6,1,5,6,7,7,
146,7,0,6,1,5,6,7,7,7,0,6,1,5,7,7,7,6,0,6,1,7,7,8,140,1,6,7,7,8,75,6,1,7,0,6,1,5,6,7,7,
145,7,0,6,1,5,6,7,7,7,0,6,1,5,7,7,7,7,1,6,1,7,7,8,138,1,6,7,7,7,74,6,1,7,0,6,1,5,6,7,7,
148,7,1,7,2,6,7,7,7,8,0,7,1,6,7,7,7,7,1,6,2,7,8,8,142,1,6,7,7,8,78,7,1,7,1,7,1,6,7,7,7,
147,6,0,7,1,4,5,6,6,6,0,7,1,4,6,6,6,7,0,5,1,6,6,7,140,0,5,6,6,7,73,7,0,6,0,7,1,4,5,6,6,
165,6,0,5,1,5,8,6,6,7,0,5,1,5,9,6,7,5,0,5,1,9,7,7,158,1,5,8,7,7,74,5,1,6,0,5,1,5,8,6,6,
146,6,0,6,1,5,6,6,6,7,0,6,1,5,7,7,7,6,0,6,1,7,7,7,138,0,6,6,7,7,73,6,1,7,0,6,1,5,6,6,6,
146,6,0,5,1,5,6,6,6,7,0,5,1,5,7,7,7,5,0,5,1,7,7,7,138,1,5,6,7,7,73,5,1,7,0,5,1,5,6,6,6,
148,7,0,6,2,5,7,7,7,7,0,6,1,6,8,7,7,6,1,6,2,7,7,8,141,1,6,7,7,8,77,6,1,7,0,6,1,5,7,7,7,
147,17,0,6,1,5,6,6,7,18,0,6,1,5,7,7,7,6,0,6,1,7,7,18,141,1,6,7,7,18,74,6,1,18,0,6,1,5,6,6,7,
144,7,0,6,1,5,6,7,7,7,0,6,1,5,7,7,7,6,1,6,1,7,7,8,138,1,6,7,7,8,74,6,1,7,0,6,1,5,6,7,7,
143,6,0,6,1,6,6,7,6,6,0,6,1,6,7,7,7,6,1,6,2,7,7,7,138,1,6,7,7,7,73,6,1,6,0,6,1,6,6,7,6,
147,7,1,6,2,5,7,7,7,7,0,6,1,5,7,7,7,6,1,6,2,7,7,8,141,1,6,7,7,8,77,6,2,7,1,6,1,5,7,7,7,
148,6,0,5,1,5,6,6,6,7,0,5,1,5,7,6,6,5,0,5,1,6,7,7,141,0,5,6,6,7,74,5,1,7,0,5,1,5,6,6,6,
144,6,0,6,1,5,6,6,6,7,0,6,1,5,6,6,6,6,0,5,1,6,7,7,138,0,6,6,7,7,73,6,1,7,0,6,1,5,6,6,6,
167,7,0,6,1,6,6,6,7,7,0,6,1,5,7,7,7,6,0,6,1,7,7,7,161,1,6,7,7,7,95,6,1,7,0,6,1,5,6,6,7,
147,6,0,6,1,5,6,6,6,7,0,6,1,5,7,7,7,6,0,6,1,7,7,7,141,1,6,6,7,7,76,6,1,7,0,6,1,5,6,6,6,
151,15,0,7,1,5,6,6,7,7,0,7,1,5,6,7,7,7,0,6,1,6,7,7,145,1,6,6,7,8,78,7,1,15,0,7,1,5,6,6,7,
147,7,0,6,1,5,7,7,7,7,0,6,1,5,7,7,7,6,0,6,1,7,7,7,141,1,6,7,7,8,74,6,1,7,0,6,1,5,7,7,7,
146,7,0,6,1,6,5,7,6,7,0,6,1,6,6,7,7,6,0,6,1,6,7,8,138,1,6,5,7,8,72,6,1,7,0,6,1,6,5,7,6,
146,7,0,6,1,5,6,9,7,7,0,6,1,5,7,9,7,6,1,6,2,7,9,7,138,1,6,7,9,8,74,6,1,7,0,6,1,5,6,9,7,
156,6,0,5,1,4,5,6,6,6,0,5,1,4,6,6,6,5,0,4,1,6,6,6,146,1,5,6,6,7,77,5,0,6,0,5,0,4,5,6,6,
149,6,0,6,1,5,6,6,6,7,0,6,1,5,7,7,7,6,0,5,1,7,7,7,142,1,6,6,7,7,73,6,1,7,0,6,1,5,6,6,6,
144,6,0,5,1,4,6,6,6,6,0,5,1,4,6,7,7,5,0,5,1,6,7,6,138,0,5,6,7,6,73,5,1,6,0,5,1,4,6,6,6,
145,7,0,6,1,4,6,7,7,7,0,6,1,5,6,7,7,6,0,5,1,6,7,7,138,1,6,6,7,7,74,6,1,7,0,6,1,4,6,6,7,
158,7,0,6,1,5,6,6,17,7,0,6,1,5,7,7,18,6,0,6,1,7,7,7,153,1,6,7,7,7,88,6,1,7,0,6,1,5,6,6,17,
147,7,0,6,1,5,7,6,7,7,0,6,1,5,7,7,7,6,0,6,1,7,7,7,141,1,6,7,7,7,74,6,1,7,0,6,1,5,7,6,6,
146,7,0,6,1,5,6,7,6,7,0,6,1,6,7,7,7,6,0,6,1,7,7,7,141,1,6,7,7,8,74,6,1,7,0,6,1,5,6,7,6,
144,7,0,6,1,5,6,7,7,7,0,5,1,5,7,7,7,6,0,5,1,7,7,7,138,1,5,7,7,7,73,6,1,7,0,5,1,5,6,7,7,
148,7,1,6,2,5,6,7,7,7,0,6,1,5,7,8,7,5,1,6,2,6,8,7,142,1,6,7,8,7,77,5,2,7,1,5,1,5,6,7,7,
146,7,1,8,2,5,6,7,7,7,0,7,2,5,7,7,7,7,1,5,2,7,7,7,141,1,6,7,7,7,73,7,2,7,1,7,2,5,6,7,7,
147,6,0,5,1,4,7,6,6,6,0,5,1,4,7,6,7,5,0,5,1,7,7,7,140,1,5,7,6,7,72,5,1,6,0,5,1,4,6,6,6,
148,6,0,6,1,4,6,6,6,7,0,6,1,5,6,7,7,6,1,5,1,6,7,7,141,1,6,7,7,7,75,5,1,6,0,6,1,4,6,6,6,
146,6,0,5,1,4,6,6,7,7,0,5,1,4,6,7,7,5,0,5,1,6,7,7,139,1,5,6,7,7,75,5,1,6,0,5,1,4,6,6,7,
165,7,0,6,1,5,7,7,7,7,0,6,1,5,7,7,7,6,0,5,1,7,7,7,158,1,6,7,7,7,81,5,1,7,0,6,1,5,7,7,7,
150,7,0,7,1,6,6,7,7,7,0,7,1,7,7,7,7,7,0,7,1,7,7,7,144,1,7,7,7,7,76,7,1,7,0,7,1,6,6,7,7,
144,6,0,6,1,5,6,7,7,7,0,6,1,5,7,8,7,6,0,5,1,7,8,7,138,1,6,7,8,7,73,6,1,6,0,6,1,5,6,7,7,
147,7,0,6,1,5,6,7,7,7,0,6,1,5,7,7,7,6,5,5,2,7,8,8,141,1,6,8,7,8,77,6,1,7,0,6,1,5,6,7,7,
148,6,0,5,1,4,6,6,6,7,0,5,1,4,6,6,6,5,0,5,1,6,7,7,141,1,5,7,6,7,77,5,1,6,0,5,1,4,6,6,6,
148,6,0,5,1,4,5,6,6,7,0,5,1,4,6,7,7,5,0,5,1,6,7,7,141,0,5,6,7,7,73,5,1,6,0,5,1,4,5,6,6,
144,6,0,5,1,4,5,6,6,7,0,5,1,4,6,6,6,5,0,5,1,6,6,6,137,0,5,6,6,7,72,5,1,6,0,5,1,4,5,6,6,
146,6,0,5,1,4,6,6,7,7,0,6,1,5,6,7,7,6,0,5,1,6,7,7,139,1,6,7,7,7,74,6,1,6,0,6,1,4,6,6,6,
148,6,0,4,0,4,5,6,6,6,0,5,0,4,6,6,6,5,0,4,0,6,6,6,140,0,5,6,6,7,75,5,0,6,0,5,0,4,5,6,6,
149,6,0,9,1,6,6,6,7,6,0,9,1,6,7,6,7,9,0,6,1,7,6,6,143,1,6,7,6,7,75,9,1,6,0,9,1,6,6,6,7,
166,7,0,6,1,5,6,7,7,8,0,6,1,6,7,7,7,6,1,6,2,7,7,8,160,1,6,7,7,8,92,6,1,7,0,6,1,5,6,7,7,
148,7,1,5,1,5,6,6,7,7,0,5,1,5,7,7,7,6,1,5,2,7,7,7,140,1,6,7,7,7,75,6,1,7,1,6,1,5,6,7,7,
148,6,0,5,1,4,5,6,6,7,0,5,0,4,6,6,6,5,0,5,1,6,6,7,138,0,5,6,6,7,72,5,1,6,0,5,0,4,5,6,6,
151,7,0,5,1,4,6,6,7,7,0,5,1,5,7,7,7,5,0,5,1,7,7,7,143,1,6,7,7,7,76,6,1,7,0,5,1,5,6,6,7,
150,6,0,5,1,4,5,6,6,7,0,5,1,4,6,6,7,5,0,5,1,6,7,7,144,0,5,6,7,7,73,5,1,6,0,5,1,4,5,6,6,
147,6,0,5,1,4,6,6,6,7,0,5,1,5,6,7,7,5,0,5,1,6,7,7,140,1,5,7,7,7,74,5,1,6,0,5,1,4,6,6,7,
146,6,0,5,1,5,6,5,6,7,0,6,1,5,6,6,7,5,0,6,1,6,6,7,139,1,5,7,6,7,73,5,1,6,0,6,1,5,6,5,6,
148,7,0,5,1,5,6,6,7,7,0,5,1,5,7,7,7,5,0,6,1,7,7,7,142,1,5,7,7,8,77,5,1,7,0,5,1,5,6,7,7,
147,7,0,5,1,5,6,6,7,7,0,5,1,5,7,7,7,5,0,5,2,7,7,7,141,1,5,7,7,7,74,5,1,7,0,5,1,5,6,7,7,
148,6,0,5,1,4,5,6,6,7,0,5,1,4,7,7,7,5,0,5,1,6,7,7,141,0,5,6,7,7,75,5,1,6,0,5,1,4,5,6,6,
145,6,0,2,2,5,6,6,7,7,0,3,2,5,7,7,7,3,0,6,2,7,7,7,139,1,5,7,7,7,73,2,2,6,0,3,2,5,6,6,6,
148,17,0,4,1,5,6,6,6,18,0,4,1,5,7,6,7,4,0,6,1,7,7,18,141,0,5,7,6,18,76,4,1,17,0,4,1,5,6,6,6,
150,6,0,7,1,5,6,6,7,7,0,7,1,5,7,7,7,7,0,6,1,7,7,7,143,1,6,7,7,7,73,7,1,7,0,7,1,5,6,6,6,
144,6,0,4,1,5,9,6,7,7,0,5,1,5,10,7,7,5,0,6,1,10,7,7,138,1,6,10,7,7,73,4,1,7,0,5,1,5,9,6,7,
146,7,0,5,1,5,6,7,7,8,0,5,1,6,8,7,7,5,0,6,2,7,8,7,138,1,6,7,7,8,73,5,1,7,0,5,1,5,7,7,7,
146,6,0,4,1,5,5,6,6,7,0,4,0,5,6,6,6,4,0,6,1,6,6,7,138,0,5,6,6,7,73,4,1,6,0,4,0,5,5,6,6,
149,7,1,5,1,4,6,6,7,7,0,5,1,4,7,7,7,5,1,5,1,7,7,7,140,1,4,7,7,7,75,5,1,7,0,5,1,4,6,6,7,
150,6,0,5,1,5,6,6,7,7,0,5,2,5,7,7,7,5,0,6,1,7,7,7,143,0,5,7,7,7,73,5,1,6,0,5,2,5,6,6,7,
144,6,0,4,1,5,6,7,6,6,0,5,1,5,6,7,6,5,0,6,1,7,7,6,137,0,6,7,7,6,72,4,1,6,0,5,1,5,6,7,6,
158,7,0,15,1,5,6,5,7,7,0,15,1,6,7,6,7,15,0,6,1,7,6,7,151,1,6,7,6,8,73,15,1,7,0,15,1,5,6,5,7,
146,7,0,5,1,5,6,6,7,7,0,5,1,5,6,7,7,5,0,6,1,7,7,7,140,1,6,7,7,7,76,5,1,7,0,5,1,5,6,7,7,
148,7,1,5,1,6,7,7,7,8,0,5,1,6,7,7,7,5,1,6,2,7,7,7,143,1,6,7,7,8,75,5,1,7,1,5,1,6,7,7,7,
145,7,0,4,1,5,5,6,7,7,0,4,0,5,6,6,7,4,0,6,1,6,7,7,139,0,6,6,6,8,74,4,1,7,0,4,0,5,5,6,7,
146,7,1,5,1,5,7,7,7,8,0,5,2,6,7,7,7,5,1,6,2,7,7,7,140,1,6,7,7,8,75,5,2,7,1,5,1,5,7,7,7,
147,6,0,5,1,5,6,6,6,7,0,5,1,5,6,7,6,5,0,6,1,7,7,7,140,0,5,7,7,7,75,5,1,6,0,5,1,5,6,6,6,
147,6,0,7,1,4,5,31,6,7,0,7,1,4,6,6,6,6,0,5,1,6,7,7,141,1,5,6,7,7,73,7,1,6,0,7,1,4,5,31,6,
147,7,0,6,1,5,7,6,7,7,0,6,1,5,8,7,7,6,1,6,2,8,7,7,141,2,5,8,7,7,73,6,1,7,0,6,1,5,7,6,7,
145,7,0,6,1,5,7,7,7,8,0,6,1,5,7,7,7,6,0,6,1,7,7,7,139,1,5,7,7,8,74,6,1,7,0,6,1,5,7,7,7,
147,7,1,6,1,5,6,7,7,7,0,6,1,5,6,7,7,6,1,5,2,7,7,7,141,1,5,7,7,8,76,6,1,7,1,6,1,5,6,7,7,
164,6,0,6,1,4,5,6,6,7,0,6,1,4,6,6,6,5,0,5,1,6,6,7,155,0,5,6,6,7,90,6,1,6,0,6,1,4,5,6,6,
148,6,0,6,1,4,5,5,6,6,0,6,1,4,5,6,6,6,0,4,1,6,5,6,141,1,4,6,6,6,72,6,1,6,0,6,1,4,5,5,6,
145,7,0,5,1,4,6,7,6,7,0,5,1,5,6,7,7,5,0,5,1,7,7,7,139,1,5,7,7,7,73,5,1,7,0,5,1,4,6,7,6,
146,6,0,5,1,4,6,6,6,7,0,5,1,5,6,7,6,5,0,5,1,7,6,7,140,1,5,7,7,7,75,5,1,6,0,5,1,4,6,6,6,
149,7,0,6,1,5,17,7,7,7,0,6,1,5,17,7,7,6,0,5,1,18,7,7,143,1,5,18,7,8,77,6,1,7,0,6,1,5,17,7,7,
147,7,0,6,2,5,7,7,7,8,0,6,1,5,7,7,7,6,1,6,2,7,7,7,141,1,5,7,7,8,73,6,2,7,0,6,1,5,7,7,7,
144,7,0,6,1,5,6,7,7,7,0,6,1,5,6,7,7,5,1,5,2,7,7,7,138,1,5,7,7,8,73,6,1,7,1,6,1,5,6,7,7,
144,6,0,5,1,6,5,6,6,7,0,5,1,7,6,6,6,5,0,7,1,6,6,7,137,0,7,6,7,7,72,5,1,6,0,5,1,6,5,6,6,
147,6,0,5,1,4,5,6,6,7,0,5,1,4,6,6,6,5,0,5,1,6,6,7,140,1,5,6,6,7,75,5,1,6,0,5,1,4,5,6,6,
172,6,0,7,1,4,5,6,6,7,0,7,1,5,6,6,7,7,0,5,1,6,6,7,166,1,5,6,7,7,74,7,1,6,0,7,1,5,5,6,6,
150,7,0,7,1,5,7,7,7,7,0,7,1,5,7,7,7,7,0,5,1,7,7,7,144,1,7,8,7,7,74,7,1,7,0,7,1,5,7,7,7,
146,7,0,7,1,4,7,7,7,7,0,5,1,5,7,7,7,5,0,5,1,7,7,7,141,1,5,7,7,7,73,7,1,7,0,5,1,4,7,7,7,
148,7,0,7,1,5,7,7,7,8,0,7,1,5,7,7,7,6,1,6,2,7,7,8,143,1,6,7,8,8,75,7,1,7,0,7,1,5,7,7,7,
153,7,0,6,1,5,6,7,7,7,0,6,1,5,6,7,7,6,1,5,2,7,7,7,145,1,5,7,7,7,77,6,1,7,0,6,1,5,6,7,7,
149,6,0,5,1,4,6,6,7,30,0,5,1,5,7,7,7,5,0,5,1,7,7,7,142,0,5,7,7,7,73,5,1,6,0,5,1,4,6,6,7,
147,7,0,5,1,4,6,6,6,7,0,5,1,5,6,7,7,5,0,5,1,6,7,7,141,1,5,6,7,7,73,5,1,7,0,5,1,4,6,6,6,
147,7,0,6,1,5,6,6,7,7,0,6,1,5,6,7,7,6,0,5,1,7,7,7,141,1,5,7,7,7,75,6,1,7,0,6,1,5,6,6,7,
151,7,0,6,1,5,6,7,7,8,0,6,1,5,7,7,7,6,1,5,2,7,7,7,146,1,5,7,8,8,77,6,1,7,0,6,1,5,6,7,7,
151,7,0,6,1,5,6,7,7,7,0,5,1,5,6,7,7,5,1,5,2,7,7,7,145,2,5,7,7,7,74,6,1,7,0,5,1,5,6,7,7,
170,6,0,5,1,4,5,6,6,7,0,5,1,5,6,6,7,5,0,5,1,6,6,7,163,0,5,6,7,7,93,5,1,6,0,5,1,4,5,6,6,
149,6,0,6,1,4,6,6,6,7,0,5,1,4,6,6,7,5,0,5,1,6,6,7,142,1,4,6,7,7,74,6,1,6,0,5,1,4,6,6,6,
149,6,0,5,1,4,6,6,6,7,0,5,1,5,6,7,7,5,0,5,1,6,7,7,143,1,5,6,7,7,76,5,1,6,0,5,1,4,6,6,6,
151,7,0,7,1,4,5,6,6,7,0,7,1,5,6,7,7,7,0,5,1,6,7,7,146,1,5,6,7,7,77,7,1,7,0,7,1,4,5,6,6,
149,7,0,5,1,4,7,6,7,7,0,5,1,5,7,6,7,5,0,5,1,7,7,7,143,1,5,7,7,7,74,5,1,7,0,5,1,4,7,6,7,
148,7,0,6,1,5,5,7,7,8,0,6,1,5,5,7,7,6,1,5,2,6,7,7,143,1,5,6,8,8,75,6,1,7,0,6,1,5,5,7,7,
147,6,0,5,1,4,5,6,6,7,0,5,1,4,6,6,6,5,0,4,1,6,6,6,140,0,4,6,7,7,73,5,1,6,0,5,1,4,5,6,6,
153,7,0,5,1,5,6,6,7,7,0,5,1,5,6,7,7,5,0,5,1,6,7,7,144,1,5,7,7,7,77,5,1,7,0,5,1,5,6,6,7,
150,6,0,5,1,4,6,6,6,7,0,5,1,4,6,7,7,5,0,5,1,6,7,7,144,1,5,6,7,7,75,5,1,6,0,5,1,4,6,6,6,
148,7,0,5,1,4,5,6,7,8,0,5,1,5,6,7,8,5,2,5,3,6,8,7,142,4,5,11,8,14,76,5,1,7,0,5,1,4,6,6,7,
156,6,0,6,1,5,6,6,6,7,0,5,1,6,7,7,7,6,1,6,1,7,7,7,149,2,6,7,8,7,84,6,1,6,0,5,1,5,6,7,6,
149,7,0,7,1,6,6,6,7,7,0,6,1,6,6,6,7,6,0,6,2,6,6,7,143,1,6,6,6,7,77,7,1,7,0,6,1,6,6,6,7,
149,7,1,6,2,5,7,7,8,8,0,6,2,6,7,7,8,6,1,6,2,7,7,8,144,1,6,7,7,8,74,6,2,7,1,6,2,5,7,7,8,
147,6,0,5,1,5,6,6,7,7,0,5,1,5,6,6,7,5,0,5,1,6,6,7,140,0,5,6,6,7,75,5,1,6,0,5,1,5,6,6,7,
145,7,0,27,1,5,6,6,7,7,0,5,1,5,6,6,7,5,0,5,1,6,7,7,139,1,5,6,7,7,74,27,1,7,0,5,1,5,6,6,7,
148,7,0,5,1,5,6,6,7,7,0,6,1,5,6,7,7,6,0,5,1,7,7,7,143,1,5,7,7,8,77,5,1,7,0,6,1,5,6,6,7,
148,7,0,7,1,5,6,6,7,7,0,7,1,5,6,7,7,7,0,5,1,6,7,7,142,1,5,6,7,8,74,6,1,7,0,6,1,5,6,6,7,
146,7,0,5,1,5,6,7,7,7,0,6,1,6,6,7,7,6,1,5,2,6,7,7,141,1,5,6,7,8,75,5,1,7,0,6,1,5,6,7,7,
148,6,0,5,1,4,5,6,6,7,0,5,1,5,5,6,6,5,0,5,1,6,6,6,141,0,5,6,6,7,75,5,1,6,0,5,1,4,5,6,6,
164,6,0,5,1,4,6,6,6,7,0,5,1,5,6,6,7,5,0,5,1,6,6,7,157,0,5,6,6,7,74,5,1,6,0,5,1,4,6,6,6,
149,6,0,5,1,4,6,6,6,7,0,5,1,5,6,6,7,5,0,5,1,6,6,7,141,1,5,6,6,7,76,5,1,6,0,5,1,4,6,6,6,
149,7,0,5,1,5,6,6,7,7,0,5,1,5,6,7,7,5,0,5,1,6,7,7,144,1,5,6,7,8,75,5,1,7,0,5,1,5,6,6,7,
146,7,0,5,1,5,7,8,7,7,0,5,1,6,6,7,7,5,0,5,2,7,7,7,140,1,6,7,8,8,74,5,1,7,0,5,1,5,7,8,8,
145,7,0,5,1,5,6,7,7,7,0,5,1,5,6,7,7,5,0,5,2,6,7,7,140,1,5,7,7,8,74,5,2,7,0,5,1,5,6,7,7,
148,6,0,5,1,4,6,6,6,7,0,5,1,5,6,6,7,5,0,5,1,6,6,7,142,0,5,6,6,7,76,5,1,6,0,5,1,4,6,6,6,
151,7,0,5,1,5,6,6,7,7,0,5,1,5,6,6,7,5,0,5,1,7,7,7,144,1,5,7,7,7,75,5,1,7,0,5,1,5,6,6,7,
146,7,0,5,2,5,6,7,7,7,0,5,1,5,6,7,7,5,1,5,2,6,7,7,140,1,5,6,7,8,74,5,1,7,0,5,1,5,6,7,7,
145,7,0,5,1,5,6,7,7,7,0,5,1,5,6,7,7,6,0,5,1,6,7,7,139,1,5,7,7,8,74,5,1,7,0,5,1,5,6,7,7,
147,6,0,6,1,5,7,7,7,6,0,6,1,5,7,7,7,6,0,5,1,7,7,6,141,1,5,7,7,7,77,6,1,6,0,6,1,5,7,7,7,
165,6,0,7,1,4,6,6,6,7,0,7,1,4,6,6,6,7,0,4,1,6,6,6,159,0,5,6,6,7,93,7,1,6,0,7,0,4,6,6,6,
144,6,0,5,1,4,9,6,6,7,0,5,0,4,8,6,6,5,0,4,1,9,6,6,138,0,5,9,6,7,73,5,1,6,0,5,0,4,9,6,6,
146,7,0,5,1,4,6,6,7,7,0,5,1,5,6,6,7,5,0,5,1,6,7,7,139,0,5,6,7,7,73,5,1,7,0,5,1,4,6,6,7,
147,7,0,5,1,4,6,6,7,7,0,5,1,5,6,7,7,5,0,5,1,6,7,7,141,1,5,6,7,7,74,5,1,7,0,5,1,4,6,6,7,
148,7,0,5,1,5,6,6,7,7,0,5,1,5,6,7,7,5,0,5,1,6,7,7,142,1,5,6,7,8,77,5,1,7,0,5,1,5,6,6,7,
149,6,0,5,1,5,6,7,28,7,0,6,1,6,6,7,7,6,0,5,2,6,7,6,144,1,5,7,7,7,75,5,1,6,0,6,1,5,6,7,28,
145,7,1,5,2,5,7,6,7,7,0,5,2,5,7,7,7,5,1,5,2,7,7,7,139,1,5,7,7,8,74,5,2,7,1,5,1,5,7,7,7,
145,6,0,5,1,4,6,6,6,7,0,5,1,5,6,6,7,5,0,5,1,6,6,7,138,1,5,6,6,7,74,5,1,6,0,5,1,4,6,6,6,
188,6,0,5,1,4,6,6,7,7,0,5,1,5,6,6,7,6,0,5,1,6,6,7,181,1,5,6,6,7,113,5,1,6,0,5,1,4,6,6,7,
150,8,0,5,1,5,28,6,7,9,0,6,1,5,6,7,7,6,0,5,1,6,7,9,144,1,5,6,7,9,74,5,1,8,0,6,1,5,28,6,7,
147,6,0,6,1,5,6,6,7,6,0,6,1,5,6,7,7,6,0,5,1,7,7,6,141,1,6,7,7,7,74,6,1,6,0,6,1,5,6,7,7,
146,7,0,5,1,5,6,6,7,7,0,5,1,5,6,7,7,6,0,5,1,6,7,7,141,1,6,6,7,7,74,5,1,7,0,5,1,5,6,6,7,
151,7,0,6,2,5,6,7,7,7,0,6,1,6,6,7,7,6,1,5,2,7,7,7,145,1,5,7,7,8,78,6,2,7,0,6,1,5,6,7,7,
154,6,0,5,1,4,5,6,6,6,0,5,1,5,5,6,6,5,0,4,1,5,6,6,145,0,5,5,6,7,77,4,1,6,0,5,1,4,5,6,6,
151,7,0,5,1,5,6,7,7,7,0,6,1,6,6,8,7,6,1,5,1,6,7,7,144,1,5,6,7,11,74,5,1,7,0,6,1,5,6,7,7,
148,6,0,5,1,6,5,6,6,7,0,5,1,6,6,6,7,5,0,6,1,6,6,7,140,0,6,6,7,7,73,5,1,6,0,5,1,6,5,6,6,
148,7,0,7,7,5,6,6,7,7,0,7,28,5,6,6,8,7,1,5,7,6,6,7,142,1,5,6,6,7,75,7,7,7,0,7,28,5,6,6,7,
150,7,1,6,2,5,6,7,7,8,0,6,2,6,6,7,8,6,1,5,2,6,7,8,144,1,6,7,7,8,77,6,2,7,1,6,2,5,6,7,7,
150,6,0,4,1,4,5,6,6,6,0,4,0,4,6,6,6,5,0,4,1,6,6,6,144,0,4,6,6,7,75,4,1,6,0,4,0,4,5,6,6,
167,6,22,5,1,4,5,6,6,7,0,5,1,5,5,6,7,5,0,5,1,5,6,7,160,1,5,5,6,7,74,5,1,6,22,5,1,4,5,6,6,
150,6,0,5,23,5,6,6,6,7,0,5,1,5,6,6,7,5,1,5,1,6,6,7,144,2,5,6,6,7,75,5,23,6,0,5,1,5,6,6,7,
149,6,0,5,1,4,5,6,6,7,0,5,1,5,6,6,7,5,0,5,2,6,6,7,143,0,5,6,6,7,76,5,1,6,0,5,1,4,5,6,6,
147,6,0,5,1,5,6,6,7,6,0,5,1,5,6,7,7,6,0,5,1,6,7,6,141,1,6,6,7,7,73,5,1,6,0,6,1,5,6,7,7,
146,7,0,5,1,5,6,6,7,7,0,5,1,5,6,7,7,6,0,5,2,6,7,7,141,1,5,6,7,8,76,5,1,7,0,5,1,5,6,7,7,
147,7,1,6,1,5,6,7,7,8,0,6,1,6,6,7,8,6,1,5,2,6,7,7,141,1,6,6,7,8,76,6,1,7,1,6,1,5,6,7,7,
149,6,0,5,1,4,5,6,6,6,0,5,1,5,5,6,7,5,0,4,1,5,6,6,142,0,5,5,6,7,77,5,1,6,0,5,0,4,5,6,6,
150,6,0,6,1,4,5,6,6,7,0,6,1,5,5,6,7,6,0,4,1,5,6,7,142,0,5,5,6,7,77,6,1,6,0,6,1,4,5,6,6,
148,6,0,5,1,5,6,6,6,7,0,5,1,5,7,6,7,5,0,5,1,7,6,7,141,0,5,7,6,7,73,5,1,6,0,5,1,5,6,6,6,
147,7,0,6,1,5,4,6,7,7,0,5,1,5,4,6,7,6,1,5,1,5,6,7,141,1,5,5,6,7,75,5,1,6,0,5,1,5,4,6,7,
156,7,1,6,1,5,16,7,7,7,0,6,1,6,16,7,7,6,1,5,2,16,7,7,151,1,6,16,7,8,75,6,1,7,1,6,1,5,16,7,7,
150,7,0,5,1,5,6,6,7,7,0,5,1,5,6,7,7,6,0,5,1,6,7,7,143,1,5,6,7,8,77,5,1,7,0,5,1,5,6,7,7,
148,6,0,6,1,4,6,6,7,7,0,5,1,5,6,6,7,6,0,5,1,6,6,7,141,1,5,6,6,7,73,5,1,6,0,5,1,4,6,6,7,
145,6,0,5,1,4,5,6,6,7,0,5,1,5,6,6,7,5,0,5,1,6,6,7,139,1,5,6,6,7,73,5,1,6,0,5,1,4,5,6,7,
147,6,0,5,1,13,6,6,7,7,0,5,1,14,6,6,7,6,0,14,1,6,6,7,140,1,14,6,6,7,74,5,1,7,0,5,1,13,6,6,7,
147,7,0,5,1,5,6,7,7,7,0,5,1,5,6,7,7,6,0,5,1,6,7,7,142,1,5,6,7,8,76,5,1,7,0,5,1,5,6,7,7,
147,7,0,6,1,5,6,7,7,7,0,6,1,5,6,7,7,6,1,5,2,6,7,7,142,1,5,6,7,8,73,6,1,7,0,6,1,5,6,7,7,
146,7,1,6,2,5,6,7,7,8,0,6,1,6,6,7,8,6,1,6,2,7,7,8,140,1,6,7,7,8,75,6,2,8,1,6,1,5,6,7,7,
145,6,0,5,1,4,5,6,6,7,0,5,1,5,5,6,7,5,0,5,1,5,6,6,139,0,5,6,6,7,73,5,1,7,0,5,1,4,5,6,6,
149,7,0,5,1,4,5,6,6,7,0,5,1,5,6,6,7,6,0,5,1,6,7,7,142,0,5,6,7,7,77,5,1,7,0,5,1,4,5,6,7,
164,7,0,8,1,5,6,5,7,7,0,8,1,5,6,5,7,9,0,5,1,6,5,7,158,1,5,6,5,7,92,8,1,7,0,8,1,5,6,5,7,
149,7,0,5,1,5,6,6,7,7,0,5,1,5,6,7,7,6,0,5,1,6,7,7,144,1,5,9,7,8,75,5,1,7,0,5,1,5,6,6,7,
146,7,0,6,1,5,6,7,7,8,0,6,1,6,6,7,7,6,1,5,2,6,7,8,141,1,6,7,7,8,75,6,2,7,0,6,1,5,6,7,7,
147,7,1,6,2,5,6,7,7,8,0,6,1,6,6,7,7,6,1,5,2,6,7,7,141,1,6,6,7,8,74,6,2,7,1,6,1,5,6,7,7,
151,7,0,6,1,5,6,6,7,7,0,6,1,5,6,7,7,6,0,5,1,6,7,7,143,1,5,6,7,8,76,5,1,7,0,5,1,5,6,7,7,
152,6,0,3,1,3,6,5,6,7,0,3,1,4,6,6,7,4,1,6,2,6,8,6,144,2,4,6,6,7,75,3,1,7,5,3,1,3,6,6,7,
150,7,1,6,2,5,7,7,7,8,0,6,2,6,7,8,8,6,2,6,2,8,8,8,143,3,6,8,8,8,76,6,2,7,1,6,2,5,7,8,7,
151,7,0,5,1,4,6,6,6,7,0,6,1,5,6,7,7,6,0,6,1,6,7,7,144,2,6,7,7,7,79,5,1,7,0,6,1,4,6,6,7,
154,7,0,5,1,5,6,6,7,7,0,5,1,5,6,6,7,6,0,5,1,6,7,7,148,0,5,6,7,7,81,5,1,7,0,5,1,5,6,6,7,
150,8,1,6,2,5,6,7,7,8,0,6,2,6,6,7,8,6,1,5,2,6,7,8,145,1,6,7,7,8,76,6,2,8,1,6,2,5,6,7,7,
149,6,0,5,1,4,6,6,6,6,0,5,1,5,6,6,7,5,0,5,1,6,6,6,143,0,5,6,6,7,78,5,1,6,0,5,1,4,6,6,6,
150,7,0,6,1,5,6,6,6,7,0,6,1,5,6,6,7,6,0,5,1,6,7,7,143,1,5,7,7,7,78,5,1,7,0,6,1,5,6,6,6,
154,7,0,5,1,5,6,6,7,7,0,5,1,5,6,7,7,5,0,5,1,6,7,7,147,1,5,6,7,8,82,5,1,7,0,5,1,5,6,6,7,
156,8,0,9,1,29,8,8,8,9,0,9,1,6,8,8,9,9,0,6,1,8,9,9,148,1,6,8,8,9,83,9,1,8,0,9,1,29,8,8,8,
149,6,0,5,1,4,6,6,6,6,0,5,0,4,6,6,7,5,0,5,1,6,6,6,143,0,5,6,6,7,74,5,1,6,0,5,0,4,6,6,6,
151,6,0,5,1,4,5,6,6,6,0,5,1,4,5,6,6,5,0,4,1,6,6,6,144,0,4,6,6,7,75,5,1,6,0,5,0,4,5,6,6,
153,6,0,5,1,4,6,6,6,7,0,5,1,5,6,6,7,6,0,5,1,6,7,7,147,1,5,6,6,7,76,5,1,6,0,5,1,4,5,6,6,
156,6,0,5,1,4,5,6,6,6,0,5,1,4,5,6,7,5,0,4,1,6,7,6,147,1,5,6,7,7,78,5,1,6,0,5,1,4,5,6,6,
159,7,0,5,1,5,6,6,7,7,0,6,1,5,6,7,7,6,0,5,1,6,7,7,152,1,5,7,7,8,79,5,1,7,0,6,1,5,6,7,7,
170,7,0,5,1,5,5,7,6,7,0,5,1,5,6,7,7,5,0,5,1,6,7,7,164,1,5,6,7,8,76,5,1,7,0,5,1,5,5,7,6,
151,6,0,5,0,4,5,5,6,6,0,5,0,4,5,6,7,5,0,4,1,5,6,6,145,0,4,5,6,7,78,5,0,6,0,5,0,4,5,5,6,
151,6,0,5,1,4,5,6,6,6,0,5,1,4,5,6,7,5,0,4,1,6,6,7,144,0,5,6,6,7,78,5,1,6,0,5,1,4,5,6,6,
150,5,0,5,1,5,5,5,6,6,0,5,1,5,6,5,7,5,0,5,1,6,5,6,143,0,5,6,5,6,75,5,1,5,0,5,1,5,5,5,6,
151,9,0,5,1,4,6,6,9,9,0,5,1,5,6,9,9,6,0,4,1,6,9,9,144,1,5,6,9,9,78,5,1,9,0,5,1,4,6,6,9,
149,7,0,6,1,5,6,6,7,7,0,5,1,5,6,7,7,6,0,5,1,6,7,7,142,1,5,6,7,8,77,5,1,7,0,5,1,5,6,6,7,
151,7,0,5,1,5,6,6,7,7,0,5,1,5,6,6,7,6,0,5,1,6,7,7,145,1,5,6,7,8,79,5,1,7,0,5,1,5,6,6,7,
152,6,0,7,1,4,5,5,6,6,0,6,0,4,6,6,7,7,0,4,1,6,6,7,143,0,4,6,6,7,78,6,1,6,0,6,0,4,5,5,6,
153,6,0,5,1,5,6,6,6,6,0,5,1,6,6,6,7,5,0,6,1,6,6,6,147,1,6,7,6,7,75,5,1,6,0,5,1,5,6,6,6,
150,6,0,5,1,5,4,6,6,7,0,5,1,5,4,6,7,5,0,5,1,5,7,7,144,0,5,5,6,7,78,5,1,6,0,5,1,5,4,6,6,
163,6,0,5,1,4,6,6,6,6,0,5,1,5,6,6,7,5,0,5,1,6,7,7,156,1,5,6,6,7,77,5,1,6,0,5,1,4,6,6,7,
152,6,0,5,1,5,5,6,6,7,0,5,1,5,5,6,7,5,0,5,1,6,6,7,144,1,5,6,6,7,77,5,1,6,0,5,1,5,5,6,6,
151,8,0,7,4,7,7,7,8,8,1,7,3,7,8,8,8,7,1,7,4,8,8,8,145,2,7,8,8,9,77,7,4,8,0,7,3,7,7,7,8,
146,6,0,4,1,4,5,6,6,6,0,4,1,4,5,6,6,4,0,4,1,5,6,6,139,0,4,6,6,7,74,4,1,6,0,4,1,4,5,6,6,
148,5,0,5,1,4,5,6,6,6,0,5,1,5,6,6,7,5,0,5,1,6,8,6,141,0,5,6,6,6,74,5,1,5,0,5,1,4,5,6,6,
149,6,0,5,1,5,5,6,6,6,0,5,1,5,5,6,7,5,0,5,1,6,6,6,143,0,5,6,6,7,77,5,1,6,0,5,1,5,5,6,6,
150,7,0,5,1,5,6,6,7,7,0,5,1,5,6,7,7,5,1,5,1,6,7,7,143,1,5,6,7,8,75,5,1,7,0,5,1,5,6,6,7,
148,7,0,5,1,5,6,6,7,7,0,5,1,5,6,7,7,5,0,5,1,6,7,7,142,1,5,6,7,8,76,5,1,7,0,5,1,5,6,6,7,
148,7,0,5,1,5,6,6,7,7,0,5,1,5,6,6,7,5,0,5,1,6,7,7,143,1,5,6,7,8,75,5,1,7,0,5,1,5,6,6,7,
149,7,1,6,2,6,6,7,7,7,0,6,1,6,6,7,7,6,1,6,2,7,7,8,144,1,6,7,7,8,78,6,2,7,1,6,1,6,6,7,7,
171,6,0,6,0,4,5,5,6,6,0,6,0,4,5,6,6,6,0,4,1,5,6,6,165,0,4,5,6,7,99,6,0,6,0,6,0,4,5,6,6,
151,6,0,5,1,5,7,13,6,6,0,5,1,5,7,14,7,5,0,5,1,8,14,7,145,0,5,8,14,7,75,5,1,6,0,5,1,5,7,13,6,
147,6,0,5,1,4,6,6,6,7,0,5,1,4,6,6,7,5,0,4,1,6,7,7,141,1,5,6,6,7,75,5,1,6,0,5,1,4,6,6,6,
148,7,0,5,1,5,6,6,7,7,0,5,1,5,6,7,7,5,0,5,1,6,7,7,143,1,5,6,7,8,75,5,1,7,0,5,1,5,6,6,7,
149,6,0,5,1,4,5,6,6,6,0,5,0,4,5,6,7,5,0,4,1,6,7,6,142,0,5,6,7,7,76,5,1,6,0,5,0,4,5,6,6,
150,6,0,5,1,5,5,6,6,6,0,5,0,5,6,6,7,5,0,5,1,6,6,6,143,1,5,6,7,7,74,5,1,6,0,5,0,5,6,6,6,
146,5,0,6,1,5,5,6,6,5,0,6,1,5,6,6,7,6,0,5,1,6,7,5,140,0,5,6,7,6,73,6,1,5,0,6,0,5,5,6,6,
146,6,0,4,1,4,5,5,6,6,0,4,1,5,5,6,6,5,0,4,1,6,6,6,139,0,5,6,6,7,73,4,1,6,0,4,1,4,5,5,6,
152,7,0,6,1,5,6,6,7,7,0,6,1,5,6,7,7,6,0,5,1,7,7,7,145,1,6,7,7,8,80,6,1,7,0,6,1,5,6,6,7,
151,7,0,6,1,5,6,6,7,7,0,6,1,6,6,6,7,6,0,5,1,9,8,7,145,1,6,9,7,7,75,6,1,7,0,6,1,5,6,6,7,
160,6,0,5,1,5,6,6,6,7,0,5,1,5,6,6,7,6,1,5,1,7,7,7,154,1,6,7,7,7,87,5,1,6,0,5,1,5,6,6,6,
146,7,0,6,1,5,6,6,7,7,0,6,1,6,7,7,8,6,1,5,2,7,7,8,140,1,6,7,7,8,74,6,1,7,0,6,1,5,6,6,7,
149,7,1,6,2,5,6,7,7,7,0,6,2,6,7,7,8,6,1,6,2,7,7,7,144,2,6,7,8,8,77,6,2,7,1,6,2,6,6,7,7,
153,6,0,6,1,5,6,6,6,6,0,6,1,5,6,6,7,6,0,5,1,6,7,7,146,1,5,6,7,7,80,6,1,6,0,6,1,5,6,6,6,
150,6,0,6,1,5,7,6,6,7,0,5,1,5,7,7,7,6,0,5,1,7,7,7,143,1,6,8,7,8,74,6,1,6,0,5,1,5,7,6,6,
147,6,0,6,1,5,6,6,7,7,0,6,1,5,6,7,7,6,1,5,2,7,7,7,142,2,6,7,7,7,75,6,1,7,0,6,1,5,6,6,7,
146,7,0,6,1,5,6,6,7,7,0,6,1,6,7,7,8,6,1,5,2,7,7,7,140,4,6,7,7,8,74,6,1,7,0,6,1,5,6,7,7,
154,6,0,6,1,5,6,7,7,7,0,6,1,5,6,7,7,6,1,5,1,7,7,7,146,1,6,7,7,7,78,6,1,6,0,6,1,5,6,7,7,
152,6,0,5,1,5,6,6,6,6,0,5,1,5,6,7,7,5,1,5,1,6,6,6,145,1,5,7,7,7,78,5,1,6,0,5,1,5,6,6,6,
145,5,0,4,1,4,5,6,6,5,0,4,0,4,5,6,6,5,0,4,1,6,6,5,138,0,4,6,6,6,73,4,1,5,0,4,0,4,5,6,6,
149,6,0,6,1,5,6,6,6,7,0,6,1,5,6,7,7,6,1,5,1,7,7,7,141,1,6,7,7,7,74,6,1,6,0,6,1,5,6,6,6,
156,6,0,6,1,5,6,6,7,7,0,6,1,6,6,7,7,6,1,6,2,7,7,7,149,2,6,7,7,7,78,6,1,6,0,6,1,5,6,6,7,
153,6,0,6,1,5,6,6,6,7,0,6,1,5,7,7,6,6,0,5,1,7,7,7,147,1,6,7,7,7,74,6,1,6,0,6,1,5,6,6,6,
152,7,0,6,1,5,6,7,7,7,0,6,1,6,7,7,7,6,1,6,2,7,7,7,147,1,6,7,7,7,75,6,1,7,0,6,1,5,6,7,7,
151,7,1,5,1,5,6,7,7,7,0,6,1,5,6,7,7,6,1,5,2,7,7,7,146,1,6,7,7,7,74,6,1,7,1,6,1,5,6,7,7,
157,6,0,5,1,4,6,6,6,6,0,5,1,5,6,6,7,5,0,5,1,7,6,7,150,1,5,7,7,7,78,5,1,6,0,5,1,4,6,6,6,
156,6,0,7,1,5,5,6,7,7,0,7,1,5,6,7,7,7,0,5,1,6,7,7,149,1,6,6,7,7,77,7,1,6,0,7,1,5,5,6,7,
152,6,0,13,1,4,6,6,6,6,0,13,1,5,6,6,7,13,0,5,1,7,6,6,145,1,5,7,6,7,74,13,1,6,0,13,1,4,6,6,6,
148,7,0,5,1,5,4,7,7,7,0,6,1,6,5,7,7,6,0,6,1,5,7,7,143,1,6,5,7,7,74,5,1,7,0,6,1,5,4,7,7,
168,7,0,5,1,5,6,7,7,7,0,5,1,5,6,7,7,6,0,5,1,6,7,7,162,1,5,7,7,7,75,5,1,7,0,5,1,5,6,7,7,
151,7,0,5,1,5,6,7,7,7,0,6,1,5,6,7,7,6,0,5,1,6,7,7,143,1,6,7,7,7,77,5,1,7,0,6,1,5,6,7,7,
149,6,0,5,1,4,5,6,6,6,0,5,1,4,5,6,6,5,0,4,1,6,6,6,143,0,4,6,6,6,74,5,1,6,0,5,1,4,5,6,6,
150,6,0,5,1,5,5,7,6,6,0,5,1,5,5,7,7,5,0,5,1,5,7,7,143,1,5,6,7,7,75,5,1,6,0,5,1,5,5,7,6,
149,7,0,5,1,5,6,7,7,7,0,5,1,5,6,7,7,6,0,5,1,6,7,7,142,1,5,7,7,7,76,5,1,7,0,5,1,5,6,7,7,
150,6,0,6,1,6,5,6,7,6,0,6,1,6,5,6,7,6,0,6,1,6,6,7,144,1,6,6,6,7,78,6,1,6,0,6,1,6,5,6,7,
149,7,1,6,1,5,6,7,7,7,0,6,1,6,6,7,7,6,1,6,2,6,7,7,144,1,6,7,7,8,75,6,1,7,1,6,1,5,6,7,7,
147,6,0,5,1,5,5,6,6,6,0,5,1,5,5,6,6,5,0,5,1,5,6,6,140,0,5,6,6,6,74,5,1,6,0,5,1,5,5,6,6,
149,6,0,5,1,5,6,6,7,7,0,5,1,5,6,7,7,5,0,5,1,6,6,7,143,1,5,7,7,7,75,5,1,6,0,5,1,5,6,6,7,
151,7,0,5,1,5,6,7,7,7,0,5,1,5,6,7,7,5,0,5,1,6,7,9,144,1,6,7,7,10,78,5,1,7,0,5,1,5,6,7,7,
161,6,0,7,1,5,6,6,6,6,0,7,1,5,6,7,7,7,0,5,1,6,6,7,156,1,5,7,7,7,79,7,1,6,0,7,1,5,6,6,6,
151,7,0,6,1,5,8,7,7,7,0,6,1,5,8,7,7,6,0,5,1,8,7,7,145,1,5,9,7,8,76,5,1,7,0,6,1,5,8,7,7,
146,7,1,5,1,5,6,7,7,7,0,6,1,5,6,7,7,6,1,5,2,6,7,7,141,1,5,7,7,8,75,6,1,7,1,6,1,5,6,7,7,
149,6,0,5,1,4,5,6,6,6,0,5,1,5,6,7,7,5,0,5,1,6,6,7,143,1,5,6,7,7,74,5,1,6,0,5,1,4,5,6,6,
151,6,0,5,1,5,5,6,6,6,0,5,1,5,6,7,7,5,1,5,1,6,7,7,143,1,5,6,7,7,77,5,1,6,0,5,1,5,5,6,6,
150,6,0,5,1,5,6,6,7,7,0,5,1,5,6,7,7,6,0,5,1,6,7,7,143,1,5,7,7,8,74,5,1,6,0,6,1,5,6,6,7,
148,6,0,5,3,5,6,7,7,7,0,6,3,5,6,8,7,6,0,5,3,6,8,7,142,1,6,6,8,8,76,5,3,6,0,6,3,5,6,8,7,
