94,9,8,7,0,7,8,8,9,9,9,7,0,7,8,8,9,7,9,7,1,8,9,9,86,9,8,8,9,9,49,
93,9,9,6,0,7,9,9,9,9,9,6,1,8,9,9,9,6,9,8,1,9,9,10,87,10,8,10,9,10,49,
96,8,8,6,0,5,7,8,9,9,8,7,0,6,8,8,9,7,8,6,1,7,8,9,90,8,6,8,8,9,53,
89,9,8,4,0,6,7,8,9,9,8,4,1,6,8,8,9,4,9,6,1,8,8,9,84,29,7,8,8,9,47,
88,9,8,4,0,6,7,8,9,9,9,4,1,6,8,8,9,4,9,6,1,7,8,9,84,9,7,8,8,9,47,
91,9,8,4,0,6,7,8,9,9,9,4,1,7,8,8,10,5,9,6,2,8,8,9,87,9,7,8,8,9,50,
88,9,8,4,0,6,7,8,9,9,9,5,1,7,8,8,10,5,9,7,2,8,8,9,84,9,7,8,9,10,47,
96,8,8,3,0,5,7,7,9,8,8,4,0,6,7,7,10,4,8,6,1,7,7,9,90,8,6,7,8,9,52,
91,8,8,3,0,6,7,8,9,9,8,4,0,6,7,8,9,4,8,6,1,7,8,9,86,9,6,8,8,9,48,
96,8,8,4,0,5,7,8,9,9,8,4,0,6,8,8,9,4,8,6,1,7,8,9,90,9,6,8,8,9,50,
89,5,5,1,0,3,4,5,6,6,5,1,0,3,5,5,6,1,5,3,0,4,5,6,81,5,3,5,5,6,44,
91,9,8,4,0,6,7,8,9,9,8,4,1,6,8,8,9,4,8,6,1,7,8,9,87,9,6,8,8,9,49,
91,9,8,4,0,6,7,8,9,9,9,4,1,6,8,8,9,4,9,6,1,7,8,9,87,9,7,8,8,9,47,
94,9,8,4,0,7,7,10,9,9,8,4,1,7,7,11,9,4,8,7,1,7,11,9,87,9,8,7,11,9,49,
92,9,8,4,0,6,7,8,9,9,9,5,1,7,8,8,10,5,9,7,2,8,9,9,87,9,7,8,9,10,49,
111,8,8,4,0,6,7,7,9,8,8,4,0,6,7,8,9,4,8,6,1,7,8,9,105,8,6,7,8,9,68,
93,9,11,5,0,7,8,8,9,9,12,5,0,7,9,9,9,5,12,7,1,8,9,9,88,12,7,9,9,10,48,
93,9,8,4,0,7,7,8,9,9,8,4,0,6,8,8,9,4,8,6,1,7,8,9,87,9,7,8,8,9,47,
88,8,8,4,0,7,7,8,9,9,8,4,1,6,8,8,9,4,9,6,1,7,8,9,83,9,6,8,8,9,46,
92,9,8,4,0,7,7,8,9,9,9,4,1,7,8,8,10,4,9,7,1,7,8,9,87,9,7,8,8,9,50,
88,9,8,4,0,6,7,8,9,9,9,4,1,6,8,8,10,4,9,6,1,7,8,9,84,9,6,8,8,9,47,
89,9,8,4,0,6,7,8,9,9,9,4,1,7,8,8,10,4,9,6,2,8,8,9,85,9,7,8,8,9,47,
89,9,9,4,0,6,7,8,9,9,9,4,1,7,8,9,10,5,9,7,2,8,9,9,85,9,7,8,9,10,47,
90,9,9,5,0,7,8,8,10,9,9,5,2,7,8,9,10,5,9,7,2,8,9,10,86,9,7,8,9,10,48,
95,8,8,4,0,6,7,7,9,9,8,4,0,6,7,8,9,4,8,6,1,7,8,9,89,8,6,8,8,9,48,
90,8,8,4,0,6,7,7,9,8,8,4,0,6,7,8,9,4,8,6,1,7,8,9,85,8,6,8,8,9,47,
92,8,8,4,0,6,7,7,9,9,8,5,0,6,8,8,9,4,8,6,1,8,8,9,87,8,6,8,8,9,48,
99,11,11,4,0,6,7,11,12,11,11,4,0,6,11,11,12,4,11,6,1,7,11,11,93,11,6,11,11,11,53,
89,9,8,4,0,6,8,7,9,9,8,4,0,6,8,8,9,5,8,6,1,8,8,9,85,9,6,8,8,9,47,
92,8,8,4,0,6,7,8,9,9,8,4,1,6,7,8,9,4,8,6,1,7,8,9,88,8,6,8,8,9,47,
89,9,8,6,0,6,7,8,9,9,8,6,1,6,8,8,9,6,8,6,1,7,8,9,85,9,6,8,8,9,48,
90,9,8,4,0,6,7,8,9,9,9,4,1,6,8,8,10,4,9,6,1,8,8,9,85,9,7,8,8,9,48,
111,8,8,4,0,5,7,7,8,8,8,4,0,6,7,8,9,4,8,6,1,7,8,8,105,8,6,7,8,9,68,
89,9,9,5,0,7,9,9,9,10,10,6,1,7,9,9,10,6,10,7,2,9,9,10,85,10,7,9,9,10,48,
89,9,8,3,0,5,7,7,9,9,9,4,0,6,7,8,9,4,9,5,1,7,8,9,84,9,6,7,8,9,46,
92,9,8,3,0,5,7,8,9,9,9,4,0,6,8,8,10,4,9,6,1,7,8,9,86,9,6,8,8,9,47,
94,10,8,4,0,5,7,8,9,9,10,4,1,6,8,8,10,4,10,5,1,7,8,10,89,10,6,8,10,10,52,
90,9,8,4,0,5,7,8,9,9,9,4,0,6,8,8,9,4,9,6,1,7,8,9,84,9,6,8,8,9,47,
90,9,8,3,0,5,7,7,9,9,9,4,0,6,7,8,9,4,9,5,1,7,8,9,85,9,6,8,8,9,48,
89,9,8,4,0,5,7,7,8,9,9,3,0,5,7,8,9,4,9,5,1,7,8,9,84,9,5,7,8,9,47,
140,9,8,4,0,5,7,8,8,9,8,4,0,6,8,8,9,4,8,6,1,7,8,9,135,8,6,8,8,10,50,
90,9,9,5,0,6,9,9,9,9,9,5,0,7,9,9,9,5,9,6,1,9,9,9,85,9,7,9,9,9,48,
88,17,8,4,0,6,7,8,9,17,9,4,1,6,8,8,9,4,9,6,1,7,8,17,84,9,6,8,8,17,47,
90,9,9,4,0,9,9,16,10,9,9,4,1,9,9,16,10,4,9,9,1,9,16,9,85,9,9,9,16,9,49,
91,9,8,4,0,6,7,8,9,9,9,4,1,6,8,8,10,4,9,6,1,8,8,9,86,9,6,8,8,9,50,
92,9,9,4,0,6,8,8,10,9,9,5,1,6,8,8,10,5,9,6,2,8,8,10,87,9,7,8,9,10,48,
89,9,9,4,0,6,8,8,10,9,9,5,1,6,8,9,10,5,9,6,2,8,8,9,85,9,6,8,9,10,48,
89,9,9,4,0,6,8,8,9,9,9,5,1,6,9,9,10,5,9,6,1,8,8,9,85,9,6,9,9,10,48,
92,8,8,4,0,5,7,7,9,8,8,4,0,6,8,8,9,4,8,5,1,7,8,9,87,8,6,8,8,9,50,
96,8,8,4,0,5,7,7,15,8,8,4,0,5,7,8,15,4,8,5,1,7,7,8,90,8,5,7,8,9,53,
92,8,8,3,0,5,7,7,9,8,11,3,0,6,7,8,9,4,11,6,1,7,7,9,86,11,6,7,8,9,47,
89,8,8,4,0,6,7,8,9,9,8,4,0,6,8,8,9,4,8,6,1,7,8,9,83,8,6,8,8,9,47,
90,8,8,4,0,6,7,8,9,9,8,4,0,6,8,8,9,4,8,6,1,7,8,9,85,9,6,8,8,9,48,
94,8,8,4,0,5,7,7,9,9,8,4,0,6,7,8,9,4,8,5,1,7,8,9,87,8,6,8,8,9,49,
88,8,7,3,0,5,6,7,8,8,7,3,0,5,7,7,8,3,8,5,0,6,7,8,83,8,5,7,7,8,45,
88,9,8,4,0,6,7,8,9,9,8,4,1,6,8,8,9,4,9,6,1,7,8,9,84,9,6,8,8,9,46,
88,9,8,4,0,6,7,8,9,9,8,4,1,6,8,8,9,4,9,6,1,7,8,9,84,9,6,8,8,9,46,
91,9,8,4,0,6,8,8,10,9,9,4,1,6,8,8,10,5,9,6,2,8,8,10,86,9,6,9,9,10,47,
96,8,8,4,0,6,7,7,9,9,8,4,0,6,8,8,9,4,8,6,1,7,8,9,90,9,6,8,8,9,48,
93,9,8,4,0,6,8,8,9,9,9,4,1,6,8,8,10,4,9,6,2,8,8,9,88,9,6,8,9,9,49,
94,8,7,8,0,5,6,7,9,8,8,8,0,5,7,7,9,8,8,5,1,6,7,9,88,8,5,7,7,9,49,
95,9,9,4,0,6,8,8,10,9,9,5,1,6,8,9,10,5,9,6,2,8,8,10,90,9,6,9,9,10,51,
93,9,9,4,0,6,8,8,10,9,9,5,1,6,9,8,10,5,9,6,2,9,8,10,89,9,6,9,8,10,49,
98,8,8,4,0,5,7,7,9,9,8,4,0,6,8,8,9,4,8,5,1,7,8,9,92,8,6,8,8,9,48,
93,8,8,3,0,5,7,7,9,9,8,4,0,5,8,8,9,4,8,5,1,7,8,9,88,8,5,8,8,9,48,
93,8,8,4,0,5,8,8,9,9,8,4,0,6,8,8,9,4,8,6,1,8,8,9,87,9,6,8,8,9,48,
111,9,8,4,0,6,7,8,9,9,8,4,1,6,8,8,9,4,9,6,1,7,8,9,106,9,6,8,8,9,65,
97,9,9,5,0,7,9,9,9,9,9,5,1,7,9,9,10,5,9,7,1,9,9,10,93,10,7,9,9,10,49,
93,9,8,4,0,6,8,8,9,9,9,5,1,6,8,8,10,5,9,6,2,8,8,9,89,9,6,8,9,10,49,
94,9,8,4,0,6,7,8,9,9,9,4,1,6,8,8,10,4,9,6,2,7,8,9,89,9,6,8,8,9,49,
96,9,8,4,0,6,7,8,10,9,9,4,1,6,8,8,10,4,9,6,1,8,8,10,92,9,6,8,9,10,52,
94,9,9,4,0,6,8,8,10,9,9,5,1,6,8,9,10,5,9,6,2,8,8,10,90,9,6,8,9,10,50,
95,9,9,4,0,6,8,8,10,9,9,5,1,6,8,9,10,5,9,6,2,8,8,10,91,9,6,8,9,10,52,
96,9,8,4,0,6,7,8,9,9,9,4,0,6,7,8,9,5,8,6,2,8,8,9,88,9,6,8,8,10,48,
94,10,8,4,0,5,7,7,9,10,8,4,0,6,7,8,9,4,8,5,1,7,8,10,88,8,6,8,8,10,48,
96,8,8,4,0,5,7,7,9,8,8,4,0,6,8,8,9,4,8,5,1,7,8,9,91,8,6,8,8,9,48,
94,9,9,4,0,8,7,11,10,9,9,5,1,8,8,11,10,5,9,8,2,7,11,10,89,9,8,8,12,10,49,
94,11,8,4,0,5,7,8,9,11,8,4,0,6,8,8,9,4,9,6,1,7,8,11,89,9,6,8,8,20,49,
97,9,8,4,0,6,7,8,9,9,8,4,1,6,8,8,9,4,9,6,1,7,8,9,92,9,6,8,8,9,52,
94,9,8,4,0,5,7,8,9,9,8,4,1,6,8,8,9,4,8,5,1,7,8,9,90,9,6,8,8,9,50,
97,9,8,4,0,6,7,8,9,9,12,4,1,6,8,8,10,4,12,6,1,8,8,9,92,12,6,8,8,9,49,
93,9,8,4,0,6,7,8,9,9,9,4,1,6,19,8,10,4,9,6,2,8,8,9,89,9,6,8,8,9,49,
95,8,8,3,0,5,7,7,9,8,8,4,0,5,7,8,9,4,8,5,1,7,7,9,89,8,5,8,8,9,49,
111,9,9,5,0,6,8,8,10,9,9,5,1,7,8,9,10,5,9,6,2,8,8,10,105,9,7,8,9,10,64,
95,9,8,4,0,6,8,8,9,9,9,5,0,6,8,8,9,5,9,6,1,8,8,9,89,9,7,8,9,9,49,
94,8,8,4,0,5,7,7,9,8,8,4,0,6,7,8,9,4,8,5,1,7,8,9,88,8,6,8,8,9,48,
93,11,8,4,0,5,7,7,9,11,8,4,0,6,8,8,9,4,8,5,1,7,8,12,88,9,6,8,8,12,48,
100,9,8,4,0,6,7,8,9,9,8,4,1,6,8,8,9,4,9,6,1,7,8,9,93,9,6,8,8,9,53,
93,8,8,4,0,5,7,8,9,9,8,4,1,6,8,8,9,4,8,6,1,7,8,9,88,9,6,8,8,9,49,
94,8,8,7,0,5,6,7,9,9,8,8,1,5,7,7,10,8,8,5,1,7,7,9,90,9,5,7,8,9,50,
98,9,8,4,0,6,7,8,9,9,8,4,1,6,8,8,10,4,8,6,1,7,8,9,94,9,6,8,8,9,52,
95,9,8,4,0,6,7,8,9,9,9,4,1,6,8,8,10,4,9,6,2,8,8,9,90,9,6,8,8,9,50,
97,9,8,4,0,6,7,8,9,9,9,4,1,6,8,8,10,4,9,6,2,8,8,9,93,9,6,8,8,9,50,
94,9,8,4,0,6,7,8,10,9,9,4,1,6,8,8,10,4,9,6,1,8,8,9,89,9,6,8,9,10,50,
94,9,9,4,0,6,7,8,10,9,9,5,1,6,8,9,10,5,9,6,2,8,8,9,89,9,6,9,9,10,50,
96,9,9,4,0,6,7,8,10,9,9,5,1,6,8,9,10,5,9,6,2,8,8,9,92,9,6,9,9,9,52,
93,9,9,4,0,6,8,8,10,9,9,5,1,6,8,9,10,5,9,6,2,8,8,10,88,9,6,9,9,10,49,
96,8,8,3,0,5,7,7,9,9,8,4,0,6,8,8,9,4,8,5,1,7,8,9,91,9,6,8,8,9,49,
93,8,8,3,0,5,7,7,9,8,8,4,0,5,7,7,9,4,8,5,1,7,7,8,87,8,5,8,8,9,48,
94,8,8,4,0,5,7,7,9,9,8,4,0,6,8,8,9,4,8,6,1,7,8,9,88,8,6,8,8,9,49,
106,9,8,4,0,6,7,8,18,9,9,4,1,6,8,8,18,4,9,6,1,7,8,9,101,9,6,8,8,9,63,
92,9,8,4,0,6,7,8,9,9,8,4,1,6,8,8,9,4,9,6,1,7,8,9,88,9,6,8,8,9,48,
93,9,8,4,0,6,7,8,9,9,8,4,1,6,8,8,9,4,9,6,1,7,8,9,88,9,6,8,8,9,49,
93,9,8,5,0,6,7,8,10,9,9,5,1,6,8,8,10,5,9,6,1,8,8,9,89,9,6,8,8,9,49,
94,9,9,4,0,6,7,9,10,9,9,4,1,6,9,9,10,4,9,6,2,9,9,9,89,9,6,9,9,9,49,
95,9,8,4,0,6,7,8,9,9,9,4,1,6,8,8,10,4,9,6,2,8,8,9,91,9,6,8,8,9,49,
93,9,8,4,0,7,7,11,9,9,9,4,1,8,7,11,10,4,9,8,2,7,11,9,88,9,8,8,11,9,49,
94,9,9,4,0,6,8,8,10,9,9,5,1,7,8,9,10,5,9,6,2,8,9,10,90,9,7,9,9,10,51,
95,9,8,4,0,6,7,8,10,9,9,4,1,6,8,8,10,4,9,6,2,8,8,9,91,9,6,8,8,10,52,
93,9,9,4,0,6,8,8,10,9,9,5,1,6,8,9,10,5,9,6,2,8,8,10,89,9,7,8,9,10,49,
95,8,11,3,0,5,7,7,9,8,11,4,0,6,7,8,9,4,11,5,1,7,7,9,90,11,6,7,8,9,48,
93,8,8,4,0,5,7,7,9,8,8,4,0,6,7,8,9,4,8,5,1,7,8,9,87,8,6,8,8,9,48,
93,9,8,4,0,6,7,8,9,9,9,4,1,6,8,8,10,4,9,6,1,7,8,9,88,9,6,8,8,9,49,
95,9,9,4,0,6,8,8,9,9,9,5,1,6,8,9,10,5,9,6,2,8,9,9,91,9,6,8,9,9,52,
92,9,8,4,0,6,7,8,9,9,9,4,0,6,8,8,9,4,9,6,1,7,8,9,88,9,6,8,8,9,49,
93,9,8,4,0,6,7,8,10,9,9,4,1,6,8,9,10,4,9,6,1,8,8,9,89,9,6,8,9,10,50,
94,10,10,5,0,8,9,10,11,11,10,5,1,8,10,10,11,5,10,8,2,9,10,11,90,11,8,10,10,11,51,
107,9,8,4,0,6,7,8,20,9,9,4,1,6,8,9,20,4,9,6,1,8,8,9,101,9,6,8,9,9,62,
99,9,8,4,0,6,7,8,9,9,9,5,1,6,8,8,10,5,9,6,1,8,8,9,94,9,6,8,8,9,55,
96,9,9,4,0,6,7,8,10,9,9,5,1,6,8,9,10,5,9,6,2,8,9,10,92,9,6,8,9,10,51,
94,9,9,6,0,6,7,8,10,9,9,6,1,6,8,9,10,6,9,6,2,8,9,10,90,9,6,8,9,10,51,
98,12,12,4,0,6,8,8,12,12,12,5,1,7,8,12,13,5,12,6,2,8,12,12,94,12,7,11,12,12,54,
96,9,8,4,0,6,7,8,9,9,8,4,1,6,8,8,9,4,9,6,1,7,8,9,90,9,6,8,8,9,51,
99,8,8,4,0,5,7,7,9,9,8,4,0,6,7,8,9,4,8,6,1,7,8,9,93,9,6,8,8,9,51,
96,9,8,4,0,6,7,9,9,9,9,4,0,6,8,9,9,4,9,6,1,7,9,9,91,9,6,8,9,9,52,
94,8,8,4,0,6,7,7,9,9,8,4,0,6,8,8,9,4,8,6,1,7,8,9,90,8,6,8,8,9,51,
97,9,8,4,0,6,7,8,9,9,8,4,0,6,8,8,9,4,9,6,1,8,8,9,93,9,7,8,8,9,54,
96,9,8,4,0,6,7,8,9,9,9,4,1,6,11,8,10,4,9,6,1,8,8,9,91,9,6,11,8,9,52,
97,8,8,3,0,5,7,7,9,8,8,4,0,5,7,8,9,4,8,5,1,7,7,8,92,8,5,7,8,9,50,
96,9,10,4,0,6,7,8,9,9,11,4,1,6,8,8,9,4,11,6,1,8,8,9,92,11,6,8,8,9,53,
94,9,8,4,0,6,7,8,9,9,9,4,1,6,8,9,10,4,9,6,2,8,8,9,90,9,6,8,8,9,51,
98,9,8,4,0,6,7,8,9,9,9,4,1,6,8,9,10,5,9,6,2,8,9,9,94,9,6,8,8,9,55,
93,9,8,4,0,6,7,8,9,9,9,4,1,6,8,8,10,4,9,6,2,8,8,9,89,9,6,8,9,9,49,
93,9,9,4,0,6,8,8,10,9,9,4,24,6,8,9,10,4,9,6,2,8,9,10,89,9,6,8,9,10,49,
107,8,8,4,0,6,7,8,9,9,9,4,0,6,8,8,9,4,9,6,1,8,8,9,101,9,6,8,8,9,61,
94,29,7,3,0,5,7,7,8,9,8,4,0,5,7,8,9,4,8,5,1,7,7,9,89,8,6,7,8,9,49,
97,8,8,4,0,5,7,8,9,9,8,4,0,6,8,8,9,4,8,6,1,8,8,9,92,9,6,8,8,9,52,
94,9,8,3,0,5,7,7,9,9,9,4,0,5,7,8,9,4,9,5,1,7,8,9,89,9,6,8,8,9,49,
97,8,8,4,0,5,7,8,9,9,8,4,0,6,8,8,9,4,8,6,1,8,8,9,93,9,6,8,8,9,50,
95,10,10,4,0,9,10,10,10,9,10,4,1,10,10,10,11,4,10,10,1,10,10,10,90,10,10,10,10,10,51,
94,9,8,4,0,6,7,8,9,9,9,4,1,6,8,8,10,4,9,6,1,8,8,9,90,9,6,8,9,9,49,
98,8,8,4,0,6,7,8,9,9,9,4,1,6,8,8,10,4,9,6,1,8,8,9,94,9,6,8,8,9,51,
93,9,8,4,0,9,7,8,9,9,9,4,1,9,8,8,10,4,9,9,2,8,8,9,89,9,9,8,9,9,50,
95,9,8,4,0,6,7,8,9,9,9,4,1,6,8,8,10,4,9,6,2,8,8,9,90,9,6,8,9,9,51,
96,9,8,4,0,6,7,8,9,9,9,4,1,6,8,8,10,4,9,6,1,8,8,9,92,9,6,8,9,9,53,
95,9,9,4,0,6,8,9,10,9,9,5,1,6,8,9,10,5,9,6,2,8,9,9,91,10,7,8,9,9,50,
99,9,9,4,0,6,8,8,10,9,9,5,1,6,8,9,10,5,9,6,2,8,9,9,95,9,7,8,9,9,50,
94,8,7,3,0,5,6,7,9,8,8,3,0,5,7,8,9,3,8,5,1,7,7,8,89,8,5,7,8,8,49,
98,8,8,4,0,5,7,8,9,9,9,4,1,6,8,8,9,4,9,6,1,7,8,9,92,9,6,8,8,9,50,
100,11,11,5,0,8,9,10,11,11,11,5,0,8,10,11,12,6,11,8,1,10,11,11,95,11,8,10,11,11,54,
93,8,8,4,0,5,7,8,9,9,8,4,0,6,8,8,9,4,8,6,1,7,8,9,89,9,6,8,8,9,49,
106,9,8,4,0,6,7,8,9,9,9,4,1,6,8,8,10,4,9,6,1,8,8,9,101,9,6,8,9,9,61,
92,10,8,4,0,6,7,8,9,9,9,4,1,6,8,8,10,4,9,6,1,8,8,9,88,9,6,8,9,10,48,
93,10,8,4,0,6,7,8,9,9,9,4,1,6,9,8,10,4,9,6,1,8,8,9,89,9,6,8,9,9,50,
95,10,8,4,0,6,7,8,10,9,9,4,1,6,8,9,10,4,9,6,2,8,8,9,91,9,6,8,9,9,49,
93,10,8,4,0,6,7,9,10,9,9,4,1,6,8,10,10,4,9,6,2,8,9,9,89,9,6,8,10,9,50,
92,10,8,4,0,6,7,8,10,9,9,4,1,6,8,9,10,4,9,6,2,8,8,9,88,9,6,8,9,9,49,
97,9,8,3,0,5,6,7,9,8,8,4,0,5,7,8,9,4,8,5,1,7,8,8,91,8,5,7,8,8,52,
95,10,9,4,0,6,7,8,10,9,9,4,1,6,11,9,10,4,9,6,2,11,9,9,91,9,7,11,9,9,52,
96,10,8,4,0,6,7,8,9,9,9,4,1,6,8,9,10,4,9,6,2,8,8,9,91,9,6,8,9,9,49,
95,9,8,4,0,5,7,8,9,8,8,4,0,6,8,8,9,4,8,6,1,8,8,9,90,9,6,8,8,9,50,
94,9,8,4,0,5,7,8,9,9,9,4,0,6,7,8,9,4,9,6,1,7,8,9,88,9,6,8,9,9,49,
97,9,8,4,0,5,7,8,9,9,9,4,0,6,8,8,9,4,9,6,1,8,8,9,93,9,6,8,9,9,52,
95,9,8,4,0,6,7,8,9,9,9,4,0,6,8,8,9,4,9,6,1,8,8,9,89,9,6,8,9,9,50,
93,10,8,4,0,6,7,8,9,9,10,4,1,6,8,8,9,4,9,6,1,8,8,9,89,10,6,8,9,10,49,
93,9,8,4,0,6,7,8,9,9,9,4,1,6,8,8,9,4,9,6,1,8,8,9,88,9,6,8,9,9,49,
93,10,8,4,0,6,7,8,9,9,9,4,1,6,8,8,9,4,9,6,2,8,8,10,88,9,6,8,9,10,49,
98,9,8,4,0,6,7,8,9,9,9,4,1,6,8,9,9,4,9,6,1,8,8,9,93,9,6,8,9,9,52,
108,10,8,4,0,6,7,8,9,9,10,4,1,6,8,9,10,4,9,6,2,8,8,10,103,10,6,8,10,10,49,
95,10,9,15,0,6,8,8,10,10,10,15,1,6,8,9,10,15,10,6,2,8,9,10,90,10,7,9,10,10,51,
95,10,10,4,0,10,10,10,11,10,10,4,1,10,10,10,11,5,10,10,2,10,10,10,90,10,10,10,10,10,51,
94,10,9,4,0,6,8,8,10,9,9,5,1,6,8,9,10,5,9,6,2,8,9,10,89,9,7,8,9,10,50,
98,9,8,4,0,5,7,8,9,9,9,4,0,6,8,9,9,4,9,6,1,7,8,9,92,9,6,8,9,9,50,
94,9,8,4,0,5,7,7,9,9,9,4,0,6,7,8,9,4,9,5,1,7,8,9,88,9,6,8,9,9,49,
95,9,8,4,0,5,7,8,9,9,9,4,0,6,7,8,9,4,9,5,1,7,8,9,90,9,6,8,9,9,49,
98,9,8,4,0,5,7,7,9,9,9,4,1,6,8,8,9,4,9,6,1,8,8,9,92,9,6,8,8,9,53,
93,9,8,4,0,5,7,7,9,9,9,4,1,6,8,8,9,4,9,6,1,8,8,9,89,9,6,8,8,9,49,
99,9,8,3,0,5,7,7,9,8,8,4,0,6,7,8,9,4,8,6,1,7,8,9,95,8,6,8,8,9,50,
96,9,8,4,0,7,7,8,9,9,9,4,1,7,8,8,9,4,9,7,1,8,8,9,91,9,7,8,8,9,49,
97,9,8,4,0,6,7,8,9,9,9,4,1,7,8,8,9,4,9,7,1,8,8,9,93,9,7,8,8,9,49,
99,9,8,4,0,6,7,8,9,9,9,4,1,6,8,8,9,4,9,6,2,8,9,9,94,9,6,8,8,9,52,
93,10,9,4,0,6,7,8,10,9,9,5,1,6,8,9,10,5,9,6,2,8,9,9,89,9,6,8,9,10,49,
95,10,9,4,0,6,8,8,10,9,9,5,1,6,8,9,10,5,9,6,2,8,9,9,90,9,7,8,9,10,50,
96,7,5,1,0,3,4,5,7,6,6,2,0,3,5,6,7,2,6,3,0,5,6,7,89,6,4,5,6,7,48,
95,9,8,4,0,5,7,7,9,8,8,4,0,6,7,8,9,4,8,5,1,7,8,9,90,8,6,8,8,9,50,
116,9,8,4,0,5,7,7,9,8,8,4,0,6,8,8,9,4,8,5,1,7,8,9,111,8,6,8,8,9,50,
97,9,8,5,0,6,8,8,9,9,9,5,1,7,9,9,9,5,9,6,1,9,9,9,92,9,7,9,9,9,50,
100,9,8,4,0,13,7,7,9,9,8,4,0,13,8,8,9,4,8,13,1,7,8,9,95,9,17,8,8,9,55,
94,9,8,4,0,5,10,7,9,9,8,4,0,6,10,8,9,4,8,6,1,10,8,9,90,9,6,10,8,9,50,
97,9,8,4,0,6,7,8,9,9,8,4,1,6,8,8,9,4,9,6,1,8,8,9,93,9,6,8,8,9,50,
95,9,8,4,0,6,7,8,9,9,9,4,1,6,8,8,9,4,9,6,1,8,8,9,91,9,6,8,8,9,51,
95,9,8,4,0,6,7,8,9,9,9,4,1,6,8,8,9,4,9,6,1,8,8,9,90,9,6,8,8,9,51,
98,9,8,3,0,4,7,7,9,8,8,3,2,5,7,8,9,4,8,5,1,7,8,9,93,8,5,7,8,9,53,
95,10,9,4,0,6,8,8,10,9,9,5,1,6,9,9,10,5,9,6,2,8,9,9,91,9,7,9,9,10,51,
95,10,9,4,0,6,8,8,10,9,9,5,1,6,8,9,10,5,9,6,2,8,9,9,91,9,7,9,9,9,51,
95,9,8,4,0,5,7,7,9,8,8,4,0,6,8,8,9,4,8,5,1,7,8,8,89,8,6,8,8,9,49,
97,11,8,3,0,5,7,7,9,10,8,4,0,5,7,7,9,4,8,5,1,7,8,10,91,8,6,7,8,10,51,
99,9,8,4,0,5,7,7,9,8,8,4,0,5,7,8,9,4,8,5,1,7,8,8,94,8,7,7,8,9,50,
94,9,8,4,0,5,7,7,9,9,8,4,0,6,8,8,9,4,8,5,1,7,8,9,89,8,6,8,8,9,50,
94,9,8,4,0,5,7,7,9,8,8,4,0,6,8,8,9,4,8,6,1,7,8,9,89,8,6,8,8,9,50,
95,9,8,4,0,8,8,8,9,9,8,4,0,8,8,8,10,4,8,8,1,8,8,9,90,8,8,8,8,9,50,
93,9,8,4,0,6,7,8,9,9,9,4,1,6,8,8,9,4,9,6,2,8,8,9,89,9,7,8,8,9,49,
109,9,8,4,0,6,7,8,9,9,8,4,1,6,8,8,9,4,9,6,1,8,8,9,104,9,6,8,8,9,50,
97,10,9,5,0,7,9,9,10,10,10,5,1,7,10,10,10,5,10,7,2,9,9,10,92,10,8,10,10,10,53,
98,9,8,4,0,5,7,7,9,9,8,4,1,6,8,8,9,4,8,6,1,8,8,9,93,8,6,8,8,9,52,
95,10,9,4,0,6,7,8,10,9,9,5,1,6,8,9,10,5,9,6,2,8,9,9,91,9,7,9,9,9,50,
98,9,7,3,0,5,6,7,8,8,8,4,0,5,7,7,9,4,8,5,1,7,7,8,93,8,6,7,7,8,49,
95,9,8,4,0,5,7,7,9,9,9,4,0,5,7,8,9,4,9,5,1,7,8,9,89,9,6,8,8,9,49,
95,9,8,4,0,5,7,7,9,8,8,4,0,6,8,8,9,4,8,6,1,7,8,9,90,8,6,8,8,9,49,
102,12,11,7,0,9,10,11,12,12,12,7,4,9,11,11,12,7,12,9,4,11,11,12,96,12,9,11,11,12,56,
95,9,8,4,0,6,7,8,9,9,8,4,0,6,8,8,9,4,8,6,1,8,8,9,89,9,6,8,8,9,49,
97,10,8,14,0,6,7,7,10,9,8,14,0,6,8,8,10,14,8,6,1,8,8,9,92,9,6,8,8,9,52,
94,10,9,4,0,6,7,8,9,9,9,4,1,6,8,9,9,4,9,6,1,8,9,9,89,9,6,9,9,9,50,
94,9,8,4,0,6,7,8,9,9,8,4,1,6,8,8,9,4,8,6,1,8,8,9,89,9,6,8,8,9,50,
100,9,10,4,0,6,7,8,9,9,10,4,1,6,8,8,9,4,11,6,1,8,8,9,96,11,6,8,8,9,50,
96,10,8,4,0,6,7,10,9,9,9,4,1,6,8,10,10,5,9,6,1,8,10,9,92,9,7,8,10,9,52,
95,9,8,4,0,6,7,8,9,9,9,4,1,6,8,8,9,4,9,6,2,8,8,9,91,9,7,8,8,9,51,
99,10,8,7,0,6,7,8,9,9,9,8,1,6,8,8,10,8,9,6,2,7,8,9,95,9,6,8,9,9,53,
95,10,9,4,0,6,8,8,9,9,9,5,1,6,8,9,10,5,9,6,2,8,9,9,91,9,7,8,9,9,50,
117,10,10,4,0,6,8,8,10,9,11,5,1,6,8,9,10,5,11,6,2,8,9,9,112,11,7,9,9,10,69,
95,9,8,5,0,6,8,8,9,9,9,5,0,7,9,9,9,5,9,7,1,9,9,9,90,9,7,9,9,9,51,
97,9,8,4,0,5,7,7,9,8,8,4,0,6,7,8,9,4,8,5,1,7,8,8,92,8,6,8,8,9,53,
95,9,8,4,0,6,7,7,9,9,8,4,1,6,8,8,9,4,8,6,1,8,8,9,90,8,6,8,8,9,50,
96,9,8,4,0,6,7,7,9,9,8,4,1,6,8,8,9,4,8,6,1,8,8,9,92,9,6,8,8,9,53,
94,9,8,4,0,6,7,7,9,9,8,4,0,6,8,8,9,4,8,6,1,7,8,9,90,8,6,8,8,9,50,
185,12,8,4,0,6,7,7,9,12,8,4,1,6,8,8,9,4,8,6,1,8,8,12,181,8,6,8,8,12,51,
95,9,9,5,0,7,8,9,10,9,9,5,1,7,9,9,9,5,9,7,1,9,9,9,91,9,7,9,9,9,52,
95,9,9,8,0,5,7,7,9,9,9,8,1,6,7,8,10,9,9,6,2,7,8,9,91,9,6,8,8,9,50,
98,9,9,4,0,6,8,8,13,9,9,5,1,6,8,9,13,5,9,6,2,8,9,9,94,9,7,8,9,9,53,
95,10,8,4,0,6,7,8,10,10,10,5,1,6,8,9,10,5,10,6,2,8,9,10,90,10,7,8,9,10,50,
97,10,8,5,0,6,8,8,10,10,10,5,1,6,8,9,10,5,10,6,2,8,9,10,93,10,7,9,9,10,50,
94,9,8,4,0,5,7,7,9,9,8,4,0,6,7,8,9,4,9,5,1,7,8,9,89,9,6,8,8,9,49,
95,9,9,4,0,7,7,7,9,9,9,4,0,7,8,9,9,4,9,7,1,7,9,9,90,9,7,9,9,9,49,
100,9,8,4,0,5,7,7,9,9,9,4,0,6,8,8,9,4,9,6,1,7,8,9,94,9,6,8,8,9,54,
95,9,8,4,0,6,7,8,9,9,8,4,1,6,8,8,9,4,8,6,1,8,8,9,91,9,6,8,8,9,50,
114,9,8,4,0,6,7,8,9,9,8,4,1,6,8,8,9,4,8,6,1,8,8,9,109,9,6,8,8,9,51,
95,9,9,5,0,7,9,9,10,10,10,5,1,7,10,10,10,5,10,7,1,9,10,10,91,10,8,10,10,10,52,
98,9,8,4,0,6,7,8,10,9,9,4,1,6,8,8,10,5,9,6,1,8,8,9,94,9,6,8,8,9,55,
95,9,8,4,0,6,7,8,10,9,9,4,1,6,8,8,10,4,9,6,2,8,9,9,91,9,6,8,9,10,51,
95,9,9,4,0,6,8,8,10,9,9,5,1,6,8,9,10,5,9,6,2,8,9,9,91,9,7,8,9,10,51,
98,9,9,7,0,7,8,8,10,9,9,7,1,7,8,9,10,7,9,7,2,8,9,9,94,9,7,8,9,10,52,
96,9,9,5,0,6,8,8,10,9,9,5,1,7,8,9,10,5,9,6,1,8,9,9,91,9,7,8,9,10,51,
98,8,8,4,0,5,7,7,9,9,8,4,0,6,8,8,9,4,8,6,1,7,8,9,93,8,6,8,8,9,50,
97,9,9,7,0,8,7,11,10,9,9,7,1,9,8,11,10,7,9,8,2,8,11,9,91,9,9,8,12,10,50,
94,8,8,4,0,5,7,7,9,9,8,4,0,6,7,8,9,4,8,6,1,7,8,9,89,8,6,8,8,9,49,
98,8,8,4,0,6,7,7,9,8,8,4,0,6,7,8,9,4,8,6,1,7,8,8,93,8,6,8,8,9,52,
93,8,8,4,0,6,7,8,9,9,8,4,0,6,8,8,9,4,8,6,1,8,8,9,89,8,6,8,8,9,49,
99,9,8,4,0,6,7,8,9,9,8,4,1,6,8,8,9,4,8,6,1,8,8,9,95,9,6,8,8,9,51,
94,9,9,4,0,6,7,8,9,9,9,4,1,6,8,9,10,4,9,6,1,8,9,9,90,9,6,8,9,9,50,
95,9,8,4,0,6,7,8,9,9,9,4,1,6,8,8,10,4,9,6,1,8,8,9,90,9,6,8,8,9,50,
103,9,16,4,0,6,7,8,9,9,16,4,1,6,9,9,9,4,17,6,1,8,9,9,96,17,6,9,9,9,55,
98,10,9,5,0,6,8,8,10,10,10,5,1,6,8,10,10,5,10,6,2,8,10,10,91,10,7,8,10,10,51,
113,9,9,4,0,6,7,8,10,9,9,5,1,6,8,9,10,5,9,6,2,8,9,9,109,9,7,9,9,10,65,
95,9,8,5,0,6,8,8,9,9,9,5,0,7,9,9,10,5,9,6,1,8,9,9,89,9,7,9,9,9,50,
100,8,8,3,0,5,7,7,9,8,8,3,0,6,7,8,9,4,8,5,1,7,8,8,92,8,6,7,8,9,49,
96,8,8,6,0,5,7,7,9,8,8,6,0,5,7,8,9,6,8,5,1,7,8,8,91,8,6,7,8,9,50,
95,9,8,6,0,6,7,7,9,9,8,6,0,6,7,8,9,6,8,6,1,7,8,9,89,9,6,8,8,9,49,
98,9,8,4,0,6,7,7,9,9,8,4,1,6,8,8,9,4,8,6,1,7,8,9,93,9,6,8,8,9,53,
96,9,8,4,0,6,8,8,9,9,9,4,1,6,9,8,10,4,9,6,1,9,8,9,92,9,6,9,8,9,50,
99,10,9,4,0,6,10,9,11,9,10,4,1,6,10,10,11,4,9,6,1,10,10,9,95,10,6,9,9,10,52,
95,10,8,4,0,10,8,8,10,10,10,5,1,10,8,9,10,5,10,10,2,8,9,10,91,10,10,8,9,10,51,
95,9,8,4,0,6,7,8,9,9,8,4,1,6,8,8,10,4,9,6,1,8,8,9,90,9,6,8,8,9,51,
98,9,8,4,0,6,7,8,9,9,9,5,1,6,8,8,10,5,9,6,1,8,8,9,94,9,7,8,9,9,54,
96,9,8,4,0,6,7,8,9,9,9,4,1,6,8,8,10,5,9,6,1,8,8,9,92,9,6,8,8,9,51,
98,9,8,4,0,6,7,8,9,9,9,4,1,6,8,9,10,4,9,6,1,8,8,9,93,9,7,8,9,9,50,
96,8,8,3,0,5,7,7,9,8,8,3,1,5,7,8,9,3,8,5,1,7,8,8,91,8,6,7,8,8,49,
96,9,9,4,0,6,7,8,9,9,9,5,1,6,8,9,10,5,9,6,2,8,9,9,92,9,7,8,9,9,50,
101,11,11,7,0,8,10,10,12,11,11,7,3,9,11,11,12,7,11,9,4,10,11,12,95,11,9,11,11,12,55,
100,8,8,4,0,6,7,7,9,9,9,4,0,6,8,8,9,4,9,6,1,7,8,9,93,9,6,8,8,9,50,
97,7,7,3,0,5,6,6,8,8,7,3,0,5,7,7,9,3,7,5,0,6,7,8,90,7,5,7,7,8,50,
94,9,8,4,0,6,7,8,9,9,8,4,1,6,8,8,10,4,8,6,1,8,8,9,90,9,6,8,8,9,50,
96,9,8,4,0,6,7,8,9,9,9,4,1,6,8,8,10,4,9,6,1,8,8,9,92,9,7,8,8,10,52,
99,9,8,4,0,6,7,8,9,9,9,4,1,6,8,8,10,4,9,6,1,8,8,9,94,9,6,8,8,9,50,
95,9,8,4,0,8,7,11,9,9,9,4,1,8,7,11,10,5,9,8,2,7,11,9,90,9,8,8,11,9,50,
96,9,9,4,0,6,7,8,9,9,9,4,1,6,9,9,10,4,9,6,2,8,9,9,91,9,7,9,9,9,51,
97,9,8,4,0,6,7,8,9,9,9,4,1,6,8,8,10,4,9,6,2,8,8,9,93,9,6,8,8,9,53,
94,10,8,4,0,6,8,8,10,10,10,5,1,6,8,8,10,5,10,6,2,8,8,10,90,10,7,8,9,10,51,
99,9,8,4,0,6,7,8,9,9,9,4,1,6,8,9,10,4,9,6,2,8,9,9,95,9,6,8,9,9,50,
98,10,9,4,0,6,8,8,10,10,10,5,1,6,8,9,10,5,10,6,2,8,9,10,93,10,7,8,9,10,53,
95,8,8,4,0,5,7,7,9,8,8,4,0,6,8,8,9,4,8,5,0,7,8,9,89,8,6,8,8,9,49,
98,8,8,4,0,5,7,7,9,9,8,4,0,6,8,8,9,4,8,6,1,7,8,9,92,8,6,8,8,9,53,
97,8,8,4,0,5,7,7,9,9,8,4,0,5,7,8,9,4,8,5,1,8,8,9,92,8,6,8,8,9,51,
96,8,8,4,0,5,7,7,9,9,8,4,0,6,8,8,9,4,8,6,1,8,8,9,90,8,6,8,8,9,50,
95,9,8,4,0,6,7,7,9,9,8,4,0,6,8,8,9,4,8,6,1,8,8,9,91,9,6,8,8,9,51,
98,11,8,4,0,6,7,8,9,12,8,4,1,6,8,9,9,4,8,6,1,8,8,12,93,8,6,8,9,12,51,
116,9,8,4,0,6,7,8,9,9,8,4,1,6,8,8,9,4,8,6,1,8,8,9,112,8,6,8,9,9,55,
96,9,9,8,0,6,8,9,9,9,9,8,1,7,8,10,10,8,9,7,1,9,9,10,91,10,7,8,10,10,51,
101,10,10,4,0,6,10,10,11,10,10,4,1,6,10,10,12,5,10,6,1,10,10,10,97,10,7,10,10,10,53,
98,10,9,4,0,6,8,8,10,10,10,4,1,6,8,10,10,4,10,6,2,8,9,10,91,10,7,8,10,10,51,
97,9,9,4,0,6,8,8,10,9,9,5,1,6,8,9,10,5,9,6,2,8,9,9,93,9,7,8,9,10,50,
95,8,8,4,0,5,7,8,9,8,8,4,0,6,7,8,9,4,8,5,0,7,8,8,90,8,6,7,8,9,50,
96,9,8,4,0,6,17,8,9,9,8,4,1,6,18,8,10,4,9,6,2,18,8,9,91,9,6,18,9,9,51,
99,9,8,4,0,6,7,8,9,9,8,4,1,6,8,8,10,4,9,6,1,8,8,9,94,9,6,8,9,9,54,
95,9,9,4,0,6,7,8,9,10,9,4,0,6,8,9,10,4,9,6,1,8,8,21,91,10,7,8,9,10,51,
98,10,8,4,0,6,7,8,9,10,9,4,1,6,8,8,9,4,9,6,1,7,8,10,93,9,6,8,8,10,50,
94,9,8,4,0,6,7,8,9,9,9,4,1,6,8,8,10,4,9,6,1,8,8,9,90,9,6,8,9,9,50,
97,9,8,4,0,6,7,8,9,9,9,4,1,6,8,8,10,4,9,6,1,8,8,9,92,9,6,8,9,9,50,
98,9,8,4,0,6,7,8,10,10,9,5,1,6,8,9,11,5,9,6,2,8,8,9,94,9,7,8,9,10,54,
94,10,9,4,0,6,7,8,10,10,10,5,1,6,8,9,10,5,10,6,1,8,9,10,90,10,7,8,10,10,50,
96,10,8,4,0,6,7,8,9,9,10,4,4,7,8,10,10,4,9,7,2,8,8,9,91,10,7,8,9,10,51,
95,7,6,1,0,3,5,6,7,7,7,2,0,3,5,7,7,2,7,3,0,5,6,7,88,7,4,5,7,7,48,
96,8,8,3,0,5,7,7,9,9,8,3,0,6,7,8,9,3,8,6,0,7,8,8,91,8,6,7,8,9,50,
112,9,8,4,0,5,7,8,9,9,9,4,0,6,8,9,10,4,9,6,0,7,8,9,106,9,6,8,9,9,51,
95,10,9,5,0,6,10,9,9,9,10,5,0,7,10,10,10,5,9,7,1,10,10,10,90,10,7,10,10,10,50,
98,8,8,4,0,5,7,8,9,9,8,4,0,6,8,8,9,4,8,6,1,7,8,9,93,8,6,8,8,9,53,
97,9,8,4,0,6,7,8,9,9,9,4,1,6,8,9,10,4,9,6,1,8,8,9,93,9,6,8,9,9,52,
98,9,8,4,0,6,7,8,9,9,9,4,1,6,8,9,10,4,9,6,2,8,8,9,94,9,6,8,9,9,51,
95,9,8,4,0,6,7,8,10,9,8,4,1,6,8,8,10,4,9,6,1,8,8,9,90,9,6,8,9,9,50,
94,9,9,4,0,6,7,8,10,9,9,4,1,6,8,9,10,5,9,6,1,8,9,9,90,9,7,9,9,9,50,
98,9,8,4,0,6,7,8,9,9,9,4,1,6,8,9,10,5,9,6,1,8,8,9,93,9,6,8,9,9,53,
95,9,9,4,0,6,7,8,9,9,9,5,1,6,8,9,10,5,9,6,1,8,9,9,91,9,7,8,9,9,50,
97,8,8,3,0,5,7,7,9,9,8,4,0,5,7,8,9,4,8,5,1,7,8,9,91,8,6,7,8,9,51,
97,9,8,4,0,16,7,7,9,9,9,4,0,16,7,9,9,4,9,16,1,7,8,9,91,9,16,7,9,9,50,
96,9,8,4,0,5,7,8,9,9,9,4,0,6,8,9,9,4,9,5,1,7,8,9,90,9,6,8,9,9,50,
101,8,8,4,0,5,7,7,9,9,8,4,0,5,7,8,9,4,8,5,1,7,8,8,93,8,6,7,8,9,50,
95,8,8,4,0,8,8,8,9,8,8,4,0,8,8,9,9,4,8,8,1,8,9,8,90,8,8,8,9,9,50,
101,8,8,7,0,6,7,8,9,9,8,7,0,6,8,8,9,7,8,6,1,7,8,9,95,8,6,8,8,9,55,
98,9,8,4,0,6,7,8,9,9,9,4,1,6,8,9,10,4,9,6,1,8,8,9,93,9,6,8,9,9,53,
95,8,8,4,0,6,10,8,9,9,8,4,0,6,10,8,9,4,8,6,1,10,8,9,91,8,6,10,8,9,51,
105,9,8,4,0,6,7,8,18,9,8,4,1,6,8,8,18,4,9,6,1,8,8,9,101,9,6,8,9,9,58,
94,9,8,4,0,6,7,8,9,9,9,4,1,6,8,9,10,4,9,6,1,8,8,9,90,9,6,8,9,9,50,
94,9,8,4,0,6,7,8,9,9,9,4,1,6,8,9,10,4,9,6,1,8,8,9,90,9,6,8,9,9,50,
97,9,8,4,0,6,7,8,9,9,9,4,1,6,8,9,10,5,9,6,1,8,8,9,93,9,7,8,9,9,53,
94,9,9,4,0,6,8,8,9,9,9,4,1,6,8,9,10,5,9,6,1,8,9,9,90,9,7,9,9,10,50,
100,9,8,4,0,6,7,8,9,9,9,4,1,6,8,9,10,4,9,6,1,8,8,9,96,9,6,8,9,9,50,
94,8,8,3,0,5,7,7,8,9,8,4,0,5,7,8,9,4,8,5,1,7,8,8,89,8,6,7,8,9,49,
95,9,8,4,0,5,7,7,8,9,8,4,0,6,7,8,9,4,8,6,1,7,8,9,89,8,6,8,8,9,49,
114,9,8,4,0,6,7,8,9,9,8,4,2,6,8,8,9,4,9,6,2,8,8,9,93,9,7,8,9,9,53,
95,8,8,4,0,6,7,8,9,9,8,4,1,6,8,8,9,4,8,6,2,8,8,9,90,8,7,8,8,9,50,
95,9,8,7,0,7,7,8,9,9,9,7,0,7,8,9,9,7,9,7,1,8,8,9,90,9,7,8,9,9,50,
96,9,8,4,0,6,7,8,9,9,8,4,0,6,8,9,10,4,9,6,1,8,8,9,91,9,7,8,9,9,51,
97,9,8,4,0,6,7,8,9,9,8,4,1,7,8,8,10,4,9,6,1,8,8,9,93,9,7,8,9,9,50,
95,9,8,4,0,9,7,8,9,9,8,4,1,10,8,9,10,4,9,10,1,8,8,9,90,9,10,8,9,9,50,
98,9,8,4,0,6,7,8,9,9,8,4,1,7,8,9,10,4,9,7,1,8,8,9,94,9,7,8,9,9,53,
98,9,8,4,0,6,7,8,9,9,8,4,1,7,8,8,10,4,9,6,2,8,8,9,93,9,7,8,9,9,53,
107,10,9,4,0,6,7,8,10,10,10,4,1,7,8,9,10,5,10,6,2,8,9,10,103,10,7,8,10,10,51,
99,9,8,3,0,6,7,7,9,9,8,4,0,6,7,8,9,4,9,6,1,7,8,9,94,9,6,8,9,9,50,
96,9,8,4,0,6,7,8,9,9,8,15,0,6,8,8,9,4,9,6,1,8,8,9,91,9,6,8,9,9,50,
97,9,8,4,0,6,7,8,9,9,9,4,0,6,7,9,9,4,9,6,1,7,8,9,91,9,6,8,9,9,51,
101,11,11,5,0,9,9,10,12,11,11,5,0,9,10,11,12,5,11,9,4,10,11,11,96,11,9,10,11,11,56,
94,9,8,4,0,6,7,8,9,9,8,4,1,7,8,9,10,4,9,6,1,8,8,9,90,9,7,8,9,9,50,
94,9,8,4,0,6,7,8,9,9,8,4,0,6,8,9,9,4,9,6,1,8,9,9,90,9,7,8,9,9,50,
97,9,8,4,0,6,7,8,9,9,8,4,1,6,8,9,10,4,9,6,1,8,8,9,93,9,7,8,9,9,52,
96,9,9,5,0,6,10,9,11,9,9,5,1,6,9,9,11,5,9,6,1,10,9,9,92,9,9,9,9,9,52,
97,9,8,4,0,6,7,8,9,9,8,4,1,7,8,8,9,4,9,6,2,8,8,9,93,9,7,8,9,9,50,
94,9,8,4,0,6,7,9,9,9,9,4,1,6,8,10,10,4,9,6,2,8,9,9,90,9,7,8,10,9,50,
96,9,9,4,0,6,7,8,9,9,9,4,1,7,8,9,10,4,9,6,2,8,9,9,91,9,7,8,9,9,51,
99,9,9,4,0,7,7,8,9,9,9,4,1,7,8,9,10,5,9,7,2,8,9,9,95,9,7,8,9,9,53,
97,9,9,4,0,7,8,8,9,9,9,4,1,7,8,9,10,5,9,6,2,8,9,9,93,9,7,8,9,10,50,
102,8,8,3,0,6,7,7,9,8,8,4,0,6,7,8,9,4,8,6,1,7,8,8,97,8,6,7,8,9,49,
100,8,8,4,0,6,7,8,9,9,8,4,0,6,8,8,9,4,8,6,1,7,8,9,94,8,7,8,8,9,49,
98,9,8,4,0,6,7,8,9,9,9,4,0,6,7,9,9,4,9,6,1,7,8,9,93,9,6,8,9,9,50,
114,9,8,4,0,6,7,8,9,9,8,4,0,6,8,8,9,4,9,6,1,7,8,9,109,9,7,8,8,9,53,
95,9,8,5,0,7,8,9,9,9,9,5,0,7,9,9,9,5,9,7,1,9,9,9,91,9,7,9,9,9,50,
99,9,8,4,0,7,7,8,9,9,9,4,1,7,8,9,10,4,9,7,2,8,8,9,95,9,7,8,29,9,51,
99,10,8,4,0,7,7,8,9,10,9,4,1,7,8,9,9,4,9,7,2,8,9,9,94,9,7,8,9,10,50,
101,9,8,4,0,6,7,8,9,9,8,4,1,7,8,8,10,4,9,7,1,8,8,9,97,9,7,8,9,9,53,
98,9,8,4,0,6,7,8,9,9,9,4,1,7,8,9,10,5,9,7,2,8,8,9,94,9,7,8,9,9,50,
100,9,8,4,0,6,7,8,9,9,9,4,1,6,8,9,10,5,9,6,1,8,8,9,96,9,6,8,9,9,51,
100,9,8,4,0,8,8,9,9,9,9,8,1,8,8,9,10,8,9,8,1,8,8,9,95,9,8,8,9,9,51,
102,9,9,4,0,6,8,9,10,9,9,5,1,6,8,9,10,5,9,6,1,8,9,9,97,9,7,8,9,10,51,
105,8,8,4,0,5,7,7,9,8,8,4,0,5,7,8,9,4,8,5,1,7,8,8,99,8,6,7,8,9,52,
133,8,8,3,0,6,7,7,9,9,8,4,0,6,8,8,10,4,8,6,1,7,8,9,128,8,6,8,8,9,82,
100,9,8,4,0,6,8,9,9,9,9,4,0,6,9,9,9,5,9,6,1,9,9,9,95,9,7,9,9,9,53,
97,8,8,4,0,5,7,8,9,9,8,4,0,6,8,8,9,4,8,6,1,7,8,9,92,8,6,8,8,9,49,
100,9,8,4,0,6,7,8,9,9,9,4,0,6,8,9,9,4,9,6,1,7,8,9,96,9,6,8,9,9,51,
97,8,8,4,0,6,7,8,9,9,8,4,0,6,8,8,9,4,8,6,1,7,8,9,93,8,6,8,8,9,51,
96,9,8,4,0,6,7,8,9,9,8,4,1,6,8,8,9,4,9,6,1,7,8,9,92,9,6,8,8,9,49,
116,11,11,6,0,7,9,10,11,11,11,6,1,7,10,11,12,6,11,8,1,10,11,11,111,11,7,10,11,12,56,
99,11,10,5,0,7,11,10,11,10,11,5,1,11,11,11,12,5,10,10,1,11,11,11,95,11,11,11,10,11,53,
98,8,8,4,0,5,7,7,9,9,8,4,0,6,7,8,9,4,8,5,0,7,8,9,93,8,6,8,8,9,50,
98,8,8,3,0,5,7,7,9,8,8,4,0,6,7,8,9,4,8,5,0,7,8,8,92,8,6,7,8,9,49,
101,8,8,3,0,5,7,8,9,9,8,3,0,5,7,8,9,3,8,5,0,7,8,8,96,8,5,8,8,9,49,
99,8,8,4,0,7,6,10,9,9,8,4,0,7,7,11,9,4,8,7,1,7,10,8,93,8,7,7,11,9,49,
101,9,8,4,0,5,7,8,9,9,8,4,0,6,8,8,9,4,8,6,1,7,8,9,96,8,6,8,8,9,52,
102,9,8,4,0,6,7,8,9,9,8,4,0,6,8,8,9,4,8,6,1,7,8,9,97,8,6,8,8,9,54,
98,19,8,4,0,6,7,8,9,19,8,4,1,6,8,8,10,4,9,6,1,7,8,19,93,9,6,8,9,19,49,
100,9,11,4,0,6,7,8,9,9,11,4,0,6,8,8,9,4,11,6,1,7,8,9,95,11,6,8,8,9,49,
96,9,8,4,0,6,7,8,9,9,8,4,0,6,8,8,9,4,9,6,1,7,8,9,92,9,6,8,8,9,50,
95,9,8,4,0,6,7,8,9,9,8,4,1,6,8,9,10,5,9,6,1,8,8,9,91,9,6,8,9,9,51,
99,9,8,4,0,5,7,8,9,9,8,4,0,6,8,8,9,4,8,6,1,7,8,9,93,8,6,8,8,9,53,
96,9,8,4,0,6,7,8,9,9,9,4,1,6,8,9,10,5,9,6,1,8,8,9,91,9,6,8,9,9,50,
96,9,8,4,0,6,7,8,9,9,8,4,1,6,8,8,9,4,9,6,1,8,8,9,91,9,6,8,8,9,51,
95,9,8,3,0,5,6,7,8,8,8,3,0,5,7,8,9,4,8,5,1,7,8,8,90,8,5,7,8,9,50,
96,10,9,4,0,6,8,8,9,9,9,5,1,6,8,9,10,5,9,6,2,8,8,9,92,9,7,8,9,10,51,
112,9,8,4,0,5,7,8,9,9,8,4,0,6,8,8,9,4,8,6,1,7,8,9,107,9,6,8,8,9,66,
95,9,8,8,0,6,8,8,9,9,9,8,0,7,9,9,9,8,9,6,1,8,9,9,90,9,7,9,9,9,50,
101,9,8,4,0,5,7,8,9,9,9,4,0,6,8,8,9,4,9,6,1,7,8,9,96,9,6,8,9,9,55,
95,9,8,4,0,6,10,8,9,9,8,4,0,6,11,8,9,4,8,6,1,10,8,9,90,8,6,11,8,9,50,
97,9,8,4,0,6,8,8,9,9,8,4,0,6,8,8,9,4,8,6,1,7,8,9,93,9,6,8,8,9,50,
95,9,8,4,0,6,8,8,9,9,8,4,1,6,8,9,9,4,9,6,1,7,8,9,91,9,6,8,9,9,51,
95,9,8,4,0,6,8,8,9,9,8,4,1,6,8,9,9,4,9,6,1,7,8,9,91,9,6,8,9,9,51,
622,9,8,4,0,6,7,8,9,9,8,5,1,6,7,8,9,5,8,6,1,7,8,9,95,8,6,7,8,9,54,
612,9,8,5,0,6,6,9,9,9,8,5,0,6,7,9,9,5,8,6,1,7,9,9,91,8,7,7,9,9,50,
96,9,8,4,0,5,7,8,9,9,8,4,0,6,7,8,9,4,8,6,1,7,8,9,91,8,6,7,8,9,51,
98,9,8,4,0,5,7,8,9,9,8,4,0,6,7,8,9,4,8,6,1,7,8,9,93,8,6,7,8,9,53,
96,9,8,4,0,6,7,8,9,9,8,4,0,6,11,8,9,4,8,6,1,10,8,9,91,9,6,11,8,9,50,
98,9,8,4,0,6,7,8,9,9,8,4,1,6,8,8,9,4,8,6,1,7,8,9,94,9,6,8,9,9,51,
95,9,8,4,0,6,7,8,9,9,8,4,1,6,8,9,9,4,9,6,1,7,8,9,91,9,6,8,9,9,51,
111,9,8,4,0,6,7,8,9,9,8,4,1,6,8,9,9,4,9,6,1,7,8,9,106,9,6,8,9,9,51,
98,10,9,5,0,7,9,10,9,10,9,5,1,7,9,10,10,6,10,7,2,9,9,10,94,10,7,9,10,10,51,
95,10,9,4,0,6,7,9,10,9,9,4,1,6,8,9,10,5,9,6,2,8,9,9,91,9,7,8,9,9,51,
96,9,8,4,0,6,7,8,10,9,9,4,1,6,8,9,10,4,9,6,2,8,8,9,92,9,6,8,9,9,52,
95,11,8,4,0,5,7,7,9,11,8,4,0,5,7,8,9,4,8,5,1,7,8,11,90,8,6,7,8,11,50,
98,9,8,4,0,6,7,7,9,9,8,4,0,6,7,8,9,4,8,6,1,7,8,9,93,8,6,7,8,9,52,
95,9,8,4,0,5,7,8,9,9,8,4,0,6,7,8,9,4,8,5,1,7,8,9,90,8,6,7,8,9,49,
95,9,8,4,0,5,7,8,9,9,8,4,0,6,7,8,9,4,8,6,1,7,8,9,90,8,6,7,8,9,49,
97,9,9,4,0,6,10,9,11,9,9,4,1,9,9,9,11,4,9,9,1,10,9,9,92,9,9,9,9,10,51,
95,9,8,4,0,6,7,8,9,9,8,4,0,6,8,8,9,4,8,6,1,7,8,9,91,8,6,7,8,9,50,
98,9,8,4,0,6,7,8,9,9,8,4,1,7,8,8,9,4,8,6,1,7,8,9,94,9,7,8,9,9,51,
98,9,8,4,0,6,28,8,9,9,8,4,1,6,8,9,10,4,9,6,1,8,8,9,94,9,7,9,9,9,51,
95,9,8,4,0,6,7,8,9,9,8,4,1,6,8,9,10,4,9,6,1,8,8,9,91,9,7,8,9,9,50,
98,9,8,4,0,6,7,8,9,9,8,4,1,6,8,8,9,4,9,6,2,7,8,9,94,9,6,8,9,9,54,
95,12,9,4,0,6,8,8,10,12,9,4,1,6,8,9,10,5,9,6,2,8,9,12,91,9,7,8,9,12,50,
99,9,8,13,0,5,7,7,9,8,8,13,0,6,7,8,9,13,8,5,1,7,8,8,94,8,6,7,8,9,51,
95,9,8,4,0,5,7,7,9,8,8,4,0,6,7,8,9,4,8,5,1,7,8,8,90,8,6,7,8,9,50,
111,9,8,4,0,5,7,7,9,9,8,4,0,6,7,8,9,4,8,5,1,7,8,9,105,8,6,7,8,9,64,
97,9,9,5,0,6,8,8,9,9,9,5,0,7,8,9,9,5,9,6,1,8,9,9,92,9,7,8,9,9,52,
98,9,8,4,0,6,7,8,9,9,8,4,0,6,8,8,9,4,8,6,1,7,8,9,92,8,6,8,8,9,52,
101,9,8,5,0,6,7,8,9,9,8,5,1,6,8,8,9,5,8,6,1,7,8,9,95,9,6,8,9,9,55,
98,10,8,4,0,6,7,8,9,9,8,4,1,6,8,8,9,4,9,6,1,7,8,9,94,9,6,8,9,9,53,
99,9,8,4,0,6,7,8,9,9,8,4,1,6,8,8,9,5,9,6,1,7,8,9,94,9,7,8,9,9,51,
96,9,8,4,0,9,7,8,9,9,8,4,1,9,8,8,10,4,9,9,2,7,8,9,92,9,10,8,9,9,51,
97,9,8,4,0,6,7,8,9,9,8,4,0,6,7,8,9,4,8,6,1,7,8,9,91,9,6,8,8,9,50,
98,9,8,3,3,5,6,7,8,8,8,4,0,5,7,8,9,4,8,5,1,7,8,8,93,8,6,7,8,8,52,
95,9,8,3,0,6,7,7,9,8,8,4,0,6,7,8,9,4,8,6,1,7,8,8,89,8,6,7,8,9,49,
98,9,7,4,0,5,7,7,9,8,8,4,0,6,7,8,9,4,8,5,1,7,8,8,93,8,6,7,8,9,50,
95,9,8,4,0,5,7,7,9,8,8,4,0,6,7,8,9,4,8,6,1,7,8,8,90,8,6,7,8,9,49,
95,9,8,4,0,5,7,7,9,8,8,4,0,6,7,8,9,4,8,5,1,7,8,9,90,8,6,7,8,9,50,
102,12,11,7,0,9,10,11,12,12,11,7,3,9,10,11,12,7,11,9,4,10,11,12,97,11,10,10,11,12,56,
97,9,8,4,0,6,7,8,9,9,8,4,0,6,8,8,9,4,8,6,1,7,8,9,92,8,7,8,8,9,51,
96,9,8,4,0,6,9,8,9,9,8,4,0,7,10,8,9,4,8,6,1,9,8,9,91,8,7,10,8,9,50,
111,9,8,4,0,6,7,8,9,9,8,4,0,6,7,8,9,4,8,6,1,7,8,9,107,8,6,7,8,9,51,
99,10,9,5,0,7,9,9,9,9,9,5,1,7,9,9,10,6,9,7,1,9,9,9,95,9,8,9,10,10,51,
95,9,8,4,0,15,7,11,9,9,9,4,1,15,7,12,10,4,9,15,2,7,11,9,91,9,16,7,12,9,50,
95,10,9,4,0,6,7,8,9,9,9,4,1,6,8,9,10,5,9,6,1,8,9,9,91,9,7,8,9,9,50,
98,10,9,4,0,6,7,8,9,9,9,4,1,7,8,9,10,5,9,7,2,8,9,9,93,9,7,8,9,9,53,
98,9,8,4,0,5,7,7,9,8,8,4,0,6,7,8,9,4,8,5,1,7,8,9,93,8,6,7,8,9,50,
100,9,10,3,0,5,7,7,9,8,10,4,0,6,7,8,9,4,10,5,0,7,8,8,95,10,6,7,8,9,51,
96,9,8,3,0,6,7,7,9,8,8,4,0,6,7,8,9,4,8,6,1,7,8,8,91,8,6,7,8,9,50,
96,9,8,4,0,5,7,7,9,8,8,4,0,6,7,8,9,4,8,6,1,7,8,9,90,8,6,7,8,9,50,
98,9,8,4,0,5,7,7,9,8,8,4,0,6,7,8,9,4,8,5,1,7,8,8,93,8,6,7,8,9,52,
96,9,8,4,0,6,7,8,9,9,8,4,0,6,8,8,9,4,8,6,1,7,8,9,90,8,6,8,8,9,50,
95,9,8,4,0,6,7,8,9,9,8,4,1,6,8,8,9,4,9,6,1,7,8,9,90,9,6,8,8,9,50,
95,9,8,4,0,6,7,8,9,9,8,4,1,6,8,8,9,4,9,6,1,7,8,9,90,9,6,8,8,9,50,
95,9,8,4,0,6,7,8,9,9,8,4,1,6,8,8,9,4,9,6,2,8,8,9,91,9,7,8,8,9,50,
99,9,8,4,0,6,7,8,9,9,8,4,1,6,8,8,10,4,9,6,2,8,8,9,94,9,7,8,9,9,51,
98,9,8,3,0,5,6,7,8,8,8,4,0,5,7,8,9,4,8,5,1,7,8,8,93,8,6,7,8,8,52,
99,10,9,6,0,6,7,8,9,9,9,7,1,7,8,9,10,7,9,6,2,8,9,9,95,9,7,8,9,9,60,
112,13,9,4,0,6,7,8,13,9,9,5,1,6,8,9,13,5,9,6,1,8,9,9,108,9,7,8,9,9,67,
103,9,8,5,0,6,8,8,9,9,9,5,0,7,8,9,9,5,9,6,1,8,9,9,98,9,7,8,9,9,54,
98,9,8,4,0,6,6,7,9,8,8,4,0,6,7,8,9,4,8,6,1,7,8,8,92,8,6,7,8,8,52,
97,9,8,4,0,6,7,8,9,9,8,4,0,7,8,8,9,4,9,6,1,7,8,9,91,9,7,7,8,9,51,
100,9,8,4,0,6,7,8,9,9,8,4,0,6,7,8,9,4,8,6,1,7,8,9,94,8,7,7,8,9,54,
97,9,8,4,0,6,7,8,9,9,8,4,0,6,7,8,9,4,8,6,1,7,8,9,92,8,6,7,8,9,51,
99,9,8,4,0,6,7,8,9,9,9,4,1,7,8,9,9,4,9,6,1,7,8,9,95,9,7,8,9,9,51,
95,9,8,6,0,6,7,8,9,9,9,6,1,6,8,9,9,6,9,6,1,7,8,9,91,9,6,8,9,9,50,
96,12,9,5,0,6,8,8,10,11,10,5,1,7,8,10,10,5,10,6,2,8,9,12,92,10,7,8,10,12,51,
99,10,9,4,0,6,7,8,10,9,9,5,1,6,8,9,10,5,9,6,2,8,9,9,95,9,7,8,9,9,54,
95,9,8,4,0,6,8,8,9,9,9,5,1,6,8,9,10,5,19,6,2,8,8,9,91,9,7,8,9,9,50,
103,10,9,4,0,6,7,9,10,9,9,5,1,6,9,9,10,5,9,6,2,8,9,9,99,9,7,8,9,10,56,
99,9,9,3,0,5,9,9,10,9,9,3,0,5,9,9,11,4,9,5,1,9,9,9,94,9,9,9,9,9,53,
99,10,9,4,0,6,8,8,10,9,9,5,1,6,8,9,10,5,9,6,2,8,8,9,92,9,7,8,9,9,50,
100,9,8,3,0,5,7,7,9,8,8,4,0,5,7,8,9,4,8,5,1,7,8,9,95,8,6,7,8,9,50,
99,9,8,4,0,5,7,7,9,8,8,4,0,6,7,9,9,4,8,6,1,7,8,8,92,8,6,8,9,9,51,
116,9,8,4,0,5,7,8,9,8,8,4,0,6,8,8,9,4,8,5,1,7,8,9,111,8,6,7,8,9,52,
97,10,9,5,0,6,8,9,9,9,9,5,1,7,8,10,10,5,9,7,1,8,9,9,93,9,7,8,9,9,52,
99,10,9,5,0,6,8,8,9,9,9,5,1,7,8,9,10,5,9,6,2,8,9,9,95,9,7,8,9,10,51,
95,10,8,4,0,6,7,8,9,9,9,4,1,6,8,9,10,4,9,6,1,8,8,9,91,9,7,8,9,9,50,
98,10,8,4,0,6,8,8,9,9,9,4,1,6,8,9,9,4,9,6,1,8,8,10,94,9,7,8,9,10,51,
100,10,8,4,0,6,7,8,10,9,9,4,1,6,8,9,11,5,9,6,2,8,8,9,96,9,7,8,9,10,55,
97,9,8,3,0,5,7,8,9,8,8,3,0,6,7,8,9,4,8,6,1,7,8,8,92,8,6,8,8,9,50,
97,9,8,4,0,5,7,8,8,8,8,4,0,5,7,8,9,4,8,5,1,7,8,8,92,8,6,8,8,9,51,
97,10,8,5,0,6,8,8,9,9,9,5,1,7,8,9,10,6,9,7,2,8,9,10,93,9,7,9,9,10,51,
102,10,9,5,0,6,8,8,9,9,9,5,1,7,8,9,31,5,9,7,2,8,9,9,97,9,7,9,9,10,55,
100,9,8,4,0,6,7,8,9,9,9,4,1,6,8,9,9,5,9,6,1,8,8,9,95,9,7,8,9,9,50,
97,9,8,4,0,5,7,8,9,8,8,4,0,8,8,8,9,4,8,5,1,7,8,8,92,8,9,8,8,9,50,
97,9,8,4,0,6,7,8,9,9,9,4,1,6,8,9,10,5,9,6,2,8,8,9,92,9,7,8,9,9,50,
102,9,8,4,0,6,7,8,9,9,8,4,0,6,8,8,9,4,8,6,1,8,8,9,97,8,6,8,8,9,55,
96,9,8,4,0,6,7,8,9,9,9,5,0,6,8,8,9,5,9,6,1,7,8,9,92,9,6,8,8,9,50,
99,9,8,4,0,5,7,8,9,9,9,4,1,6,8,8,9,4,9,6,1,7,8,9,95,9,6,8,8,9,51,
96,9,8,4,0,5,7,8,9,9,8,4,1,6,8,8,9,4,8,6,1,7,8,9,92,8,6,8,8,9,50,
110,9,8,4,0,6,7,8,9,9,8,4,1,6,8,8,9,4,9,6,1,8,8,9,106,9,6,8,8,9,64,
100,10,9,5,0,7,9,9,9,9,9,6,1,7,10,9,10,6,9,8,2,9,9,9,94,10,7,10,10,10,53,
96,9,8,4,0,6,7,8,9,9,9,4,1,6,8,9,10,5,9,6,1,8,8,9,92,9,6,8,9,9,51,
96,9,8,4,0,6,7,8,9,9,8,4,1,6,8,8,10,5,9,6,1,8,8,9,92,9,6,8,9,9,50,
98,10,8,4,0,6,8,8,9,9,9,5,1,7,8,9,10,5,9,7,1,8,8,9,94,9,7,8,9,9,53,
100,10,9,4,0,6,7,8,9,9,9,5,2,7,9,9,10,5,9,6,2,8,8,9,96,9,7,8,9,10,52,
97,10,9,4,0,7,8,11,9,9,9,5,1,8,9,12,10,5,9,8,2,8,11,9,93,9,8,9,12,9,51,
97,10,9,4,0,6,8,8,9,9,9,5,1,7,9,9,10,5,9,7,1,8,8,9,93,9,7,9,9,10,52,
100,10,9,4,0,6,8,8,9,9,9,5,1,6,8,9,10,5,9,6,2,8,8,9,96,9,7,9,9,9,55,
97,9,8,3,0,5,7,7,8,8,8,4,0,6,7,8,9,4,8,6,1,7,8,8,92,8,6,8,8,9,50,
220,9,10,4,0,5,7,7,9,8,11,4,3,6,8,8,9,4,11,6,3,7,8,8,215,11,6,8,8,9,172,
101,10,9,5,0,6,8,9,9,9,9,5,1,7,9,9,9,5,9,7,1,9,9,9,96,9,7,9,9,9,55,
96,9,8,4,0,5,7,8,9,9,8,4,1,6,8,8,9,4,8,6,1,7,8,9,92,8,6,8,8,9,50,
96,9,8,4,0,6,7,9,9,9,8,4,1,6,8,10,9,4,8,6,1,8,10,9,92,9,6,8,10,9,50,
96,9,8,4,0,6,7,8,9,9,8,4,1,6,8,8,9,4,9,6,1,8,8,9,92,9,6,8,8,9,51,
96,9,8,4,0,6,7,8,9,9,8,4,1,6,8,8,10,5,9,6,1,8,8,9,92,9,6,8,8,9,50,
110,9,9,4,0,6,7,8,20,9,9,4,1,6,9,9,20,4,9,6,1,8,9,9,106,9,6,9,9,9,65,
98,10,9,8,0,7,9,9,9,10,10,8,1,7,10,10,9,8,10,7,1,9,9,10,94,10,8,10,10,10,51,
99,9,8,4,0,6,7,8,9,9,9,4,1,6,8,8,10,5,8,6,1,8,8,9,95,9,6,8,8,9,53,
97,10,8,4,0,6,10,8,9,9,9,5,1,6,11,9,10,5,9,6,2,11,9,9,93,9,7,11,9,9,51,
101,10,9,4,0,6,8,8,9,9,9,5,1,6,9,9,10,5,9,6,2,8,8,9,97,9,7,9,9,10,52,
98,9,8,4,0,5,7,7,9,8,8,4,0,6,7,8,9,4,8,5,1,7,8,8,92,8,6,8,8,9,50,
98,9,8,3,0,5,7,7,8,8,8,4,0,6,8,8,9,4,8,5,1,7,8,8,92,8,6,8,8,9,50,
103,11,10,6,0,8,9,10,11,11,10,6,3,8,10,10,11,6,10,8,3,10,10,11,97,10,8,10,10,11,55,
98,9,8,4,0,5,7,7,9,8,8,4,0,6,8,8,9,4,8,6,1,7,8,9,93,8,6,8,8,9,51,
101,9,8,4,0,6,7,8,9,9,8,4,0,6,8,8,9,4,8,6,1,7,8,9,95,8,6,8,8,9,51,
97,9,8,4,0,6,7,15,9,9,8,4,0,6,8,16,9,4,8,6,1,7,16,9,92,8,6,8,16,9,51,
99,12,8,4,0,6,7,8,9,9,8,4,1,6,8,8,9,4,8,6,1,7,8,9,95,8,6,8,8,12,53,
100,9,8,4,0,5,7,8,9,9,8,4,1,6,8,8,9,4,8,6,1,7,8,9,96,8,6,8,8,9,54,
96,9,8,4,0,6,7,8,9,9,8,4,1,6,8,8,9,4,8,6,1,8,8,9,92,9,7,8,8,9,51,
98,9,8,6,0,6,7,8,9,9,8,7,1,6,8,8,10,6,9,6,1,8,8,9,92,9,6,8,8,9,50,
98,9,9,4,0,6,9,9,10,9,9,4,1,9,9,9,11,4,9,9,1,9,9,9,94,9,9,9,9,9,52,
116,10,8,4,0,6,8,8,9,9,9,4,1,6,8,9,10,4,9,6,1,8,8,9,111,9,6,8,9,9,69,
97,10,9,5,0,7,9,9,9,9,9,6,1,7,10,9,10,5,9,7,1,9,9,10,93,10,8,10,10,10,52,
97,10,8,4,0,6,8,8,9,9,9,4,1,6,9,9,10,5,9,6,1,8,9,9,93,9,7,9,9,9,52,
102,10,8,4,0,6,8,8,9,9,9,5,1,17,8,9,10,5,9,6,2,8,8,9,97,9,7,9,9,9,54,
98,8,7,3,0,5,6,7,8,8,7,3,0,5,7,7,8,3,7,5,0,7,7,8,92,7,5,7,7,8,51,
99,9,8,4,0,5,7,7,9,8,8,4,0,6,8,8,9,4,8,5,1,7,8,8,94,8,6,8,8,9,51,
97,9,8,3,0,5,7,7,9,8,8,4,0,6,8,8,9,4,8,6,1,7,8,8,92,8,6,8,8,9,50,
96,9,8,4,0,6,7,7,8,9,8,4,0,6,8,8,9,4,8,6,1,7,8,9,91,8,6,8,8,9,49,
100,9,8,4,0,6,7,8,9,9,9,4,0,6,8,8,9,4,9,6,1,8,8,9,94,9,7,8,8,9,54,
97,9,8,4,0,5,7,8,10,9,8,4,1,6,8,8,9,4,8,6,1,8,8,9,93,8,6,8,8,9,52,
98,9,8,4,0,6,7,8,9,9,8,4,1,6,8,8,9,4,9,6,1,8,8,9,94,9,6,8,8,9,51,
96,9,8,5,0,6,7,8,9,9,8,5,1,6,8,8,9,5,8,6,1,8,8,9,92,9,6,8,8,9,51,
96,9,8,4,0,6,7,8,9,9,8,4,1,6,8,8,10,4,9,6,2,8,8,9,92,9,6,8,8,9,50,
102,9,8,4,0,6,7,8,9,9,9,4,1,7,8,8,9,4,9,6,1,8,8,9,98,9,7,8,8,9,51,
99,10,9,4,0,6,8,8,9,9,9,4,1,9,9,9,10,4,9,9,1,8,8,9,93,9,10,9,9,9,51,
97,10,8,4,0,6,8,8,9,9,9,4,1,6,8,9,10,4,9,6,1,8,8,9,93,9,7,8,9,9,52,
116,9,8,4,0,6,8,8,9,9,9,4,1,6,9,9,10,5,9,6,2,9,9,9,111,9,6,9,9,9,56,
100,9,8,5,0,6,8,8,9,9,9,5,0,7,9,9,9,5,9,6,1,9,9,9,94,9,7,9,9,9,51,
97,9,8,4,0,5,7,8,9,9,8,4,0,6,8,8,9,4,8,6,1,8,8,9,92,8,6,8,8,9,50,
97,9,8,4,0,6,7,8,9,9,8,4,0,6,8,8,9,4,8,6,1,8,8,9,92,8,6,8,8,9,50,
101,11,9,4,0,6,7,9,10,11,11,4,0,7,8,10,11,4,11,6,1,8,9,11,97,11,7,8,11,11,56,
96,9,8,4,0,6,7,8,9,9,8,4,1,6,8,8,9,4,9,6,1,8,8,9,92,9,6,8,8,9,51,
98,20,8,4,0,6,7,8,9,19,8,4,1,6,8,8,9,4,8,6,1,8,8,19,94,9,6,8,8,19,53,
96,9,8,4,0,6,7,8,9,9,8,4,1,6,8,8,9,4,8,6,1,8,8,9,92,9,6,8,8,9,51,
99,9,8,4,0,6,7,8,9,9,8,4,1,6,8,8,10,4,9,6,1,8,8,9,95,9,6,8,9,9,53,
100,9,8,17,0,6,7,8,9,9,8,17,1,6,8,8,9,17,8,6,1,8,8,9,96,8,6,8,8,9,51,
99,10,9,4,0,6,8,10,9,9,9,5,1,7,8,10,10,5,9,6,2,8,10,9,93,9,7,9,10,10,52,
97,9,8,3,0,5,7,7,8,9,9,4,0,6,7,8,9,4,9,5,1,7,7,9,92,9,6,8,9,9,51,
101,9,8,3,0,5,7,7,9,8,8,4,0,6,7,8,9,4,8,5,1,7,8,8,96,8,6,8,8,9,54,
97,9,8,4,0,5,7,7,9,8,8,4,0,6,8,8,9,4,8,5,0,7,8,8,92,8,6,8,8,9,52,
100,9,11,3,0,5,7,8,9,8,11,4,0,6,8,8,9,4,11,6,1,8,8,8,95,11,6,8,8,9,51,
97,9,8,4,0,5,7,8,9,9,9,4,0,6,8,8,9,4,9,6,1,8,8,9,91,9,6,8,9,9,51,
100,9,8,4,0,6,7,8,9,9,8,4,0,6,8,8,9,4,9,6,1,8,8,9,94,9,6,8,8,9,52,
106,9,8,4,0,5,7,8,11,9,8,4,1,6,8,8,12,4,8,6,1,8,8,9,99,9,6,8,8,9,57,
95,9,8,4,0,6,7,8,9,9,8,4,1,6,10,8,9,4,8,6,1,10,8,9,91,9,6,10,8,9,50,
96,9,8,4,0,6,7,8,9,9,8,4,1,6,8,8,9,4,8,6,1,8,8,9,92,8,6,8,9,9,51,
97,9,8,4,0,6,7,19,9,9,8,4,1,6,8,19,10,4,9,6,2,8,19,9,93,9,6,8,19,9,52,
98,10,8,4,0,6,8,8,9,9,10,4,1,6,8,8,10,4,10,6,1,8,8,10,94,10,6,8,9,10,52,
102,9,8,4,0,6,8,8,9,9,9,4,1,6,8,8,9,4,9,6,2,8,8,9,96,9,6,8,9,9,51,
96,9,8,4,0,6,8,10,9,9,8,5,1,7,8,10,9,5,8,6,2,8,10,9,92,8,7,8,10,9,51,
97,9,8,4,0,5,7,7,9,9,8,7,0,5,7,8,9,7,9,5,1,7,8,9,92,9,6,8,8,9,51,
102,9,9,4,0,5,7,8,8,8,9,4,0,5,8,8,9,4,9,5,1,7,8,8,97,9,6,8,8,9,54,
97,9,8,4,0,5,10,8,9,9,8,4,0,6,11,9,9,4,9,6,1,10,8,9,92,9,6,11,9,9,51,
99,9,8,4,0,5,7,8,8,8,8,4,0,6,8,8,9,4,8,6,1,7,8,8,94,8,6,8,8,9,51,
100,9,8,4,0,6,7,8,9,9,8,4,1,6,8,8,9,4,9,6,1,7,8,9,94,9,6,8,9,9,53,
99,9,8,4,0,6,7,8,9,9,8,4,0,6,8,8,9,4,8,6,1,7,8,9,94,9,6,8,8,9,53,
99,9,8,4,0,6,7,8,9,9,8,4,1,6,8,8,9,4,8,6,1,8,8,9,95,9,6,8,8,9,53,
97,9,8,4,0,6,7,8,9,9,8,4,1,6,8,8,9,4,8,6,1,8,8,9,93,9,7,8,8,9,52,
100,9,8,4,0,6,7,8,9,9,8,4,1,6,8,8,9,4,9,6,1,8,8,9,96,9,7,8,8,9,52,
112,10,8,4,0,6,8,8,9,9,9,4,1,6,8,8,10,4,9,6,2,8,8,9,108,9,7,8,9,9,51,
103,9,8,5,0,6,8,9,9,9,9,5,0,7,9,9,9,5,9,7,1,8,9,9,98,9,7,9,9,9,56,
98,9,7,3,0,5,7,7,8,8,9,4,0,5,7,8,9,4,8,5,1,7,7,8,92,9,6,7,8,9,51,
98,9,8,4,0,5,7,7,9,8,8,4,0,6,8,8,9,4,8,6,1,7,8,8,93,8,6,8,8,9,52,
100,9,8,4,0,8,8,8,9,9,8,4,0,8,8,8,9,4,8,8,1,8,8,9,95,8,8,8,8,9,53,
98,9,8,4,0,5,7,8,9,9,8,4,0,6,8,8,9,4,8,6,1,7,8,9,92,8,6,8,8,9,51,
100,9,8,4,0,5,7,7,9,8,8,4,1,6,8,8,9,4,8,6,1,7,8,8,95,8,6,8,8,9,50,
97,9,8,4,0,5,7,8,9,9,8,4,0,6,8,8,9,4,8,6,1,7,8,9,92,8,6,8,8,9,50,
96,9,8,4,0,5,8,8,9,9,8,4,1,6,8,8,9,4,8,6,1,8,8,9,91,8,6,8,8,9,51,
101,9,8,4,0,6,8,8,9,9,8,4,1,6,8,8,9,4,9,6,1,8,8,9,96,9,6,8,8,9,55,
98,10,8,4,0,6,8,8,9,9,10,4,1,7,8,10,10,5,9,7,1,8,8,9,94,10,7,8,9,10,53,
100,8,7,3,0,5,7,7,8,8,8,3,0,5,7,7,8,4,8,5,0,7,7,8,94,8,5,7,8,8,50,
98,10,8,4,0,6,8,8,9,9,9,5,1,7,9,9,10,5,9,7,1,8,9,9,93,9,7,8,9,9,52,
98,10,8,4,0,6,8,8,9,9,10,5,1,6,8,10,10,5,9,6,2,8,8,9,93,10,7,8,9,10,52,
100,10,9,5,0,6,8,8,9,9,9,5,1,7,9,9,10,5,9,7,2,8,9,9,96,9,7,9,9,10,55,
97,9,8,4,0,5,7,7,9,8,8,4,0,6,7,8,9,4,8,5,1,7,8,9,91,8,6,8,8,9,50,
98,9,8,3,0,6,7,7,9,8,8,4,0,6,7,8,9,4,8,6,1,7,7,8,92,8,6,7,8,8,51,
107,8,7,3,0,5,6,6,16,7,7,3,0,5,6,7,16,3,7,5,0,6,7,7,100,7,6,7,7,8,59,
98,9,8,4,0,5,7,7,9,9,8,4,0,6,8,8,9,4,8,6,1,7,8,9,93,8,6,8,8,9,51,
109,9,8,4,0,6,7,8,9,9,8,4,0,6,8,8,10,4,8,6,1,7,8,9,104,8,6,8,8,9,62,
101,10,16,5,0,8,7,11,9,9,16,5,1,8,8,12,10,5,16,8,2,8,11,9,96,16,9,8,12,10,52,
97,9,8,17,0,6,7,8,9,9,8,17,1,6,8,8,9,17,8,6,1,8,8,9,93,9,6,8,8,9,51,
101,9,8,4,0,6,7,8,9,9,8,4,1,6,8,8,10,4,8,6,1,8,8,9,96,9,6,8,9,9,55,
97,9,8,4,0,6,7,8,9,9,8,4,1,7,8,9,10,4,9,7,1,8,8,9,93,9,7,8,9,9,51,
99,9,11,4,0,6,8,8,9,9,12,4,1,7,8,9,10,4,12,7,1,8,8,9,95,12,7,8,9,9,51,
96,9,8,4,0,6,8,8,9,9,9,4,1,7,8,8,10,4,9,7,2,8,8,9,92,9,7,8,9,9,51,
97,10,9,4,0,6,8,8,9,9,9,5,1,7,8,9,10,5,9,7,2,8,9,9,92,9,7,9,9,9,51,
103,10,9,4,0,6,9,9,9,9,9,5,1,6,9,9,10,5,9,6,2,9,9,9,96,9,7,9,9,9,54,
97,9,8,4,0,6,7,7,8,8,8,4,0,6,8,8,9,4,8,6,1,7,8,8,91,8,6,8,8,9,50,
96,9,8,4,0,5,7,7,9,8,8,4,0,6,7,8,9,4,8,6,1,7,8,8,91,8,6,8,8,9,50,
102,9,8,3,0,6,7,8,9,8,8,4,0,6,8,8,9,4,8,6,1,7,8,9,96,8,6,8,8,9,55,
98,9,8,4,0,6,7,8,9,9,8,4,0,6,8,8,9,4,8,6,1,7,8,9,93,8,7,8,8,9,51,
102,9,8,4,0,6,7,8,9,9,8,4,0,6,8,8,9,4,8,6,1,7,8,9,96,8,7,8,8,9,51,
109,9,8,4,0,6,7,9,9,8,8,4,1,6,8,10,9,4,8,6,1,8,9,8,104,8,6,8,10,9,50,
99,10,9,5,0,7,9,9,9,9,9,5,1,7,9,9,10,5,9,7,1,9,9,9,95,9,7,9,10,10,54,
96,9,8,4,0,6,10,8,9,9,8,4,1,7,10,8,9,4,8,7,2,10,8,9,92,8,7,10,8,9,51,
99,10,9,4,0,6,8,8,9,9,9,4,1,7,8,9,10,5,9,7,2,8,9,9,95,9,7,9,9,9,51,
98,10,8,4,0,6,8,8,9,9,9,4,1,7,8,9,10,5,9,7,2,8,8,9,94,9,7,8,9,9,53,
97,9,8,3,0,6,7,7,9,8,8,4,0,6,7,8,9,4,8,6,1,7,8,8,92,8,6,8,8,9,51,
100,9,8,4,0,7,7,8,9,8,8,4,0,7,8,8,9,6,8,7,1,7,8,9,95,8,7,8,8,9,54,
97,9,8,4,0,6,7,8,9,8,8,4,0,6,8,8,9,4,8,6,1,7,8,9,92,8,6,8,8,9,51,
99,9,8,4,0,5,7,8,9,8,8,4,0,6,8,8,9,4,8,6,1,7,8,9,94,8,6,8,8,9,50,
97,9,8,4,0,6,7,8,9,9,8,4,0,6,8,8,9,4,8,6,1,7,8,9,92,8,7,8,8,9,51,
95,10,8,4,0,6,7,8,8,9,8,4,1,6,8,8,9,4,8,6,1,8,8,9,91,8,7,8,8,9,50,
100,9,8,4,0,6,7,8,9,9,8,4,1,7,8,8,9,4,8,6,1,8,8,9,96,9,7,8,8,9,54,
98,9,8,4,0,6,7,8,9,9,8,4,1,6,8,8,9,4,8,6,1,7,8,9,94,8,7,8,8,9,51,
96,9,8,4,0,6,7,8,9,9,8,4,1,7,8,8,10,4,8,6,1,8,8,9,92,9,7,8,9,9,51,
96,10,8,5,0,6,7,8,9,9,9,5,1,7,8,9,10,5,9,7,2,8,8,9,92,9,7,8,9,9,51,
98,10,9,4,0,7,8,8,9,9,9,5,1,7,8,9,10,5,9,7,2,8,9,9,94,9,7,9,9,9,51,
116,12,10,29,0,8,9,10,11,11,10,7,2,8,10,10,11,7,10,8,3,10,10,11,111,11,9,10,11,11,52,
97,10,9,5,0,7,9,9,9,9,9,6,1,7,9,9,10,6,9,7,2,9,9,9,93,9,8,9,10,10,52,
99,9,8,4,0,5,7,7,8,8,8,4,0,5,7,8,9,4,8,5,1,7,8,8,94,8,6,7,8,8,53,
96,9,8,4,0,6,7,8,8,8,8,4,0,6,7,8,9,4,8,6,1,7,8,8,91,8,6,8,8,9,50,
100,9,8,4,0,6,7,8,9,9,8,4,0,6,8,8,9,4,8,6,1,7,8,9,95,8,7,8,8,9,51,
97,9,8,4,0,6,7,8,9,8,8,4,0,6,8,8,9,4,8,6,1,7,8,9,92,8,6,8,8,9,51,
98,9,8,4,0,6,7,7,9,8,8,4,0,6,7,8,9,4,8,6,1,7,8,8,92,8,6,7,8,9,51,
100,9,8,4,0,6,7,8,9,9,8,4,1,6,8,8,9,4,8,6,1,7,8,9,96,9,6,8,8,9,54,
101,9,8,4,0,6,7,8,9,9,9,4,1,7,8,8,9,4,9,6,1,7,8,9,94,9,7,8,9,9,53,
97,9,8,4,0,6,7,8,9,9,8,4,1,6,8,8,10,4,9,6,1,8,8,9,93,9,6,8,9,9,52,
96,12,7,3,0,5,6,7,8,11,8,3,0,5,7,7,9,3,8,5,0,7,8,11,91,8,5,7,8,12,50,
96,10,8,4,0,6,7,8,9,9,9,4,1,6,8,9,10,4,9,6,1,8,8,9,92,9,7,8,9,9,51,
99,10,9,4,0,6,8,8,9,9,9,5,1,7,8,9,10,5,9,6,2,8,9,9,95,9,7,8,9,9,51,
98,9,8,4,0,8,7,11,9,9,9,4,1,8,7,11,9,4,9,8,1,7,11,9,92,9,8,7,12,9,51,
96,9,8,3,0,5,7,7,8,8,8,4,0,6,7,8,9,4,8,6,1,7,8,8,91,8,6,8,8,9,50,
101,9,9,4,0,6,7,9,10,9,9,4,0,6,9,9,10,4,9,6,1,7,9,9,96,9,6,9,9,9,55,
96,9,7,4,0,5,7,7,9,8,8,4,0,6,7,8,9,4,8,6,1,7,8,8,91,8,6,8,8,8,50,
109,9,11,4,0,6,7,8,17,9,11,4,0,6,8,8,17,4,11,6,1,7,8,9,104,11,6,8,8,9,59,
97,9,8,5,0,6,8,9,9,9,9,5,0,7,9,9,9,5,9,7,1,8,9,9,92,9,7,9,9,9,51,
102,9,8,4,0,6,7,8,9,9,8,4,0,6,8,8,9,4,8,6,1,8,8,9,95,8,7,8,8,9,54,
97,9,8,4,0,6,7,8,9,9,8,4,1,6,8,8,9,4,8,6,1,8,8,9,92,9,6,8,8,9,51,
96,9,8,5,0,6,7,8,9,9,9,5,1,7,8,9,9,5,9,6,2,8,8,9,92,9,7,8,9,9,51,
96,9,8,4,0,6,7,8,9,9,9,4,1,6,8,9,10,5,9,6,2,8,8,9,92,9,7,8,9,9,51,
97,10,8,4,0,6,7,8,9,9,9,5,1,6,8,9,10,5,9,6,1,8,8,9,93,9,7,8,9,9,51,
99,10,9,4,0,6,8,8,9,9,9,5,1,7,8,9,10,5,9,7,2,8,9,9,95,9,7,9,9,9,51,
98,9,8,4,0,6,8,10,9,9,9,5,1,7,8,10,10,5,9,7,1,8,10,9,94,9,7,8,10,9,52,
99,9,7,3,0,6,7,7,8,8,8,4,0,6,7,8,9,4,8,6,1,7,7,8,93,8,6,7,8,8,50,
101,9,8,4,0,5,7,8,9,8,8,4,0,6,7,8,9,4,8,6,1,7,8,8,96,8,6,8,8,9,54,
97,9,8,4,0,5,10,8,9,9,8,4,0,6,11,8,9,4,8,6,1,10,8,9,92,8,6,11,8,9,51,
107,10,9,4,0,6,8,8,9,9,9,5,1,6,8,9,10,5,9,6,1,8,9,9,103,9,7,8,9,9,57,
98,9,8,4,0,6,7,8,9,9,8,4,0,6,8,8,9,4,9,6,1,7,8,9,92,9,6,8,9,9,51,
99,9,8,4,0,6,7,8,9,9,8,4,0,6,8,9,9,4,9,6,1,7,9,9,93,9,6,8,9,9,51,
101,9,8,4,0,6,7,8,9,9,9,4,1,6,8,8,9,4,9,6,1,8,8,9,96,9,6,8,9,9,54,
108,9,8,4,0,6,7,8,9,9,9,4,1,6,8,8,9,5,9,6,1,8,8,9,104,9,6,8,9,9,62,
97,10,9,6,0,7,9,9,9,9,9,6,1,8,9,10,10,6,10,7,1,9,9,10,93,10,8,10,10,10,51,
99,9,8,4,0,6,7,8,9,9,8,4,1,6,8,8,9,4,8,6,2,8,8,9,95,9,6,8,8,9,51,
100,9,8,4,0,5,7,7,8,8,8,4,0,6,7,8,9,4,8,6,1,7,8,8,95,8,6,7,8,9,54,
98,10,8,4,0,6,8,8,9,9,9,5,1,6,8,9,10,5,9,6,2,8,8,10,94,9,7,8,9,10,52,
99,10,9,5,0,6,8,8,9,9,9,5,1,7,8,9,10,5,9,6,2,8,8,9,95,9,7,8,9,10,53,
100,10,10,4,0,6,10,10,11,10,10,5,1,7,10,10,12,5,10,6,2,10,10,10,95,10,10,10,10,10,53,
99,9,8,4,0,6,8,7,9,9,8,4,0,6,8,8,9,4,8,6,1,8,7,9,93,8,7,8,8,9,51,
105,9,8,4,0,6,7,8,9,9,8,4,0,6,8,8,9,4,8,6,1,8,8,9,97,8,7,8,8,9,52,
99,9,8,4,0,6,7,7,8,8,8,4,0,6,8,8,9,4,8,6,1,7,8,8,94,8,6,8,8,9,51,
98,9,8,4,0,6,7,7,9,9,8,4,0,6,8,8,9,4,9,6,1,7,8,9,93,9,6,8,9,9,51,
103,10,9,5,0,7,8,9,10,10,9,5,1,8,9,9,10,5,9,7,2,8,9,10,97,9,8,9,9,10,55,
102,9,8,4,0,6,7,7,9,9,8,4,0,6,8,8,9,4,9,6,1,7,8,9,97,9,6,8,9,9,54,
102,9,8,4,0,6,7,8,9,9,9,4,1,6,8,8,9,5,9,6,1,7,8,9,98,9,7,8,9,9,52,
99,9,8,5,0,6,7,8,9,9,8,5,1,7,8,8,10,5,8,6,1,8,8,9,94,9,7,8,8,10,52,
98,10,8,5,0,6,7,8,9,9,9,5,1,7,8,9,9,5,9,7,1,8,8,10,94,9,7,8,9,10,51,
118,10,8,4,0,6,7,8,9,9,9,4,1,7,8,8,10,4,9,7,2,8,8,9,113,10,7,8,9,10,71,
99,10,9,6,0,7,9,9,10,10,9,6,1,8,10,10,10,6,10,8,2,9,10,10,95,10,8,10,10,10,53,
99,10,8,6,0,7,8,8,10,9,9,6,1,7,8,9,10,6,9,7,2,8,9,10,95,9,7,8,9,10,53,
98,9,7,4,0,6,7,7,9,8,8,4,0,6,7,8,9,4,8,6,1,7,8,8,93,8,6,7,8,9,52,
105,9,8,4,0,6,7,7,9,8,8,4,0,6,8,8,9,4,8,6,1,7,8,8,99,8,6,8,8,9,53,
99,9,8,4,0,6,7,8,9,9,9,4,0,9,8,8,9,4,9,6,1,7,8,9,94,9,9,8,9,9,51,
99,9,8,4,0,6,7,8,9,9,8,4,0,6,8,8,9,4,9,6,1,7,8,9,94,9,6,8,9,9,52,
102,9,8,4,0,27,7,8,9,9,9,4,1,6,8,8,9,4,9,7,1,7,8,9,97,9,7,8,9,9,55,
98,9,8,4,0,6,7,8,9,9,8,4,1,7,8,8,9,4,9,7,1,8,8,9,94,9,7,8,9,9,51,
102,9,8,4,0,5,7,8,9,9,9,4,0,6,8,8,9,4,9,6,1,7,8,9,97,9,6,8,9,9,51,
99,9,8,4,0,5,7,8,9,9,8,4,0,6,8,8,9,4,9,6,1,7,8,9,94,9,6,8,9,9,51,
99,9,8,4,0,5,7,8,9,9,9,4,1,6,8,8,9,4,9,6,2,7,8,9,94,9,6,8,9,9,51,
103,10,8,4,0,6,7,8,10,10,9,4,1,7,8,8,10,4,9,7,1,7,8,10,98,9,7,8,9,10,55,
101,9,8,4,0,6,7,8,9,9,9,4,3,6,8,8,9,4,9,6,2,7,8,9,94,9,6,8,9,9,51,
101,9,8,4,0,6,7,7,8,8,8,4,0,6,7,8,9,4,8,6,1,7,8,8,96,8,6,7,8,9,51,
99,9,8,3,0,6,7,14,8,9,9,4,0,6,8,14,9,4,9,6,1,7,14,9,94,9,6,8,14,9,52,
110,8,7,3,0,5,6,7,9,8,8,4,0,6,7,8,9,4,8,6,1,7,7,8,105,8,6,7,8,8,53,
99,9,8,5,0,8,8,11,9,9,9,5,0,9,9,11,9,5,9,9,1,8,11,9,93,9,9,9,12,9,52,
98,9,8,4,0,6,7,8,9,9,8,4,0,6,8,8,9,4,8,6,1,7,8,9,93,8,7,8,8,9,52,
102,9,9,4,0,6,9,9,10,9,9,4,1,6,9,9,10,4,9,6,1,9,9,9,97,9,7,9,9,9,56,
98,9,8,4,0,6,7,8,9,9,8,4,1,7,8,8,9,5,9,7,2,8,8,9,94,9,7,8,9,9,53,
100,9,11,4,0,6,7,8,9,9,11,5,1,7,8,8,9,5,12,7,2,8,8,9,96,12,7,8,9,9,51,
99,10,9,4,0,7,7,9,9,9,9,5,1,7,8,9,10,5,9,7,2,8,9,9,95,9,7,8,9,9,52,
100,10,9,5,0,6,8,8,10,9,9,5,1,7,8,9,10,5,9,7,2,8,9,9,96,9,7,8,9,10,55,
104,9,8,4,0,6,7,8,9,9,8,4,1,7,8,8,9,5,9,7,1,8,8,9,98,9,7,8,8,9,56,
99,9,8,4,0,6,7,7,9,8,8,4,0,6,8,8,9,4,8,6,1,7,8,8,93,8,6,8,8,9,51,
99,9,8,3,0,5,7,7,8,8,8,3,0,6,7,8,9,4,8,6,1,7,8,8,93,8,6,7,8,8,51,
99,9,8,4,0,6,7,8,9,9,9,4,0,6,8,8,9,4,9,6,1,7,8,9,94,9,7,8,9,9,51,
99,9,8,4,0,6,7,7,9,8,8,4,0,6,8,8,9,4,8,6,1,7,8,8,94,8,6,7,8,9,51,
101,9,8,4,0,6,7,7,9,9,9,4,0,6,8,8,9,4,9,6,1,7,8,9,96,9,6,8,9,9,51,
99,9,7,4,0,6,7,8,9,9,8,4,0,6,8,9,9,4,8,6,1,7,9,9,93,8,7,8,9,9,51,
99,9,8,7,0,6,7,8,9,9,8,7,1,6,8,8,9,7,8,6,1,7,8,9,93,9,7,8,8,9,51,
117,9,8,4,0,6,7,8,9,9,8,4,1,7,19,8,9,4,9,7,1,8,8,9,113,9,7,8,9,9,56,
101,9,9,5,0,7,8,9,9,9,9,6,1,7,9,9,9,6,9,7,1,9,9,9,96,9,7,9,9,9,52,
98,9,8,4,0,6,9,8,9,9,8,5,1,7,10,8,10,5,9,7,2,9,8,9,94,9,7,10,9,9,52,
97,9,8,4,0,6,7,8,9,9,8,4,1,6,8,8,9,4,8,6,2,7,8,9,93,9,7,8,8,9,51,
101,9,8,4,0,6,7,8,9,9,9,5,1,7,8,9,10,5,9,7,2,8,8,9,97,9,7,8,9,10,55,
99,10,9,4,0,6,8,8,10,10,10,5,1,7,8,9,10,5,10,7,2,8,9,10,95,10,7,8,10,10,52,
101,9,8,4,0,6,7,7,8,9,9,4,0,6,7,8,9,4,9,6,1,7,8,9,96,9,6,8,9,9,51,
98,9,8,4,0,6,7,8,9,9,8,4,0,6,8,8,9,4,8,7,1,7,8,9,93,8,6,8,8,9,51,
101,12,9,4,0,6,8,8,9,12,9,5,1,7,8,9,10,5,9,7,2,8,9,12,96,9,7,8,9,13,53,
103,8,8,4,0,6,7,8,9,9,8,4,0,6,8,8,9,4,8,6,1,7,8,9,98,9,6,8,8,9,54,
98,9,8,4,0,6,7,8,9,9,8,4,1,6,8,8,9,4,9,6,1,7,8,9,93,9,7,8,9,9,51,
98,9,8,4,0,6,7,8,9,9,8,4,1,7,8,8,10,4,9,7,1,8,8,9,94,9,7,8,9,9,52,
98,9,8,4,0,8,8,8,9,9,9,7,1,8,8,9,9,8,9,8,1,8,8,9,94,9,8,8,9,9,52,
98,9,8,4,0,5,7,8,9,9,8,4,1,6,8,8,9,4,8,6,1,7,8,9,94,9,6,8,8,9,52,
101,9,8,4,0,6,7,8,9,9,8,4,1,7,8,8,10,4,9,7,2,8,8,9,97,9,7,8,9,10,52,
98,9,17,4,0,6,7,8,9,9,17,5,1,7,8,9,10,5,17,7,2,8,8,9,94,17,7,8,9,9,52,
116,9,9,4,0,6,7,8,9,9,9,5,1,7,8,9,10,5,9,7,2,8,9,9,112,9,7,9,9,10,53,
98,10,10,6,0,7,10,10,9,10,10,6,1,8,10,10,10,6,10,8,2,10,10,10,94,10,8,10,10,10,53,
103,8,8,4,0,6,7,7,8,8,8,4,0,6,7,8,9,4,8,6,1,7,8,8,98,8,6,8,8,9,54,
99,8,8,4,0,6,7,8,9,9,8,4,0,6,8,8,9,4,8,6,1,7,8,9,94,8,6,8,8,9,51,
99,8,8,4,0,6,7,8,9,9,8,4,0,6,8,8,9,4,8,6,1,7,8,9,94,8,6,8,8,9,52,
102,8,8,4,0,6,7,8,9,9,8,4,1,6,8,8,9,4,8,6,1,7,8,9,97,8,7,8,8,9,54,
98,8,8,4,0,6,7,8,9,9,8,4,1,6,8,8,9,4,8,6,1,7,8,9,93,9,7,8,8,9,51,
98,8,8,4,0,6,7,8,9,9,8,4,1,6,8,9,9,4,8,6,1,7,8,9,94,8,6,8,9,9,51,
98,8,8,4,0,6,7,8,9,9,8,4,1,7,8,8,9,4,8,7,1,7,8,9,94,9,7,8,8,9,52,
98,9,8,4,0,6,7,8,9,9,8,4,1,7,8,8,9,4,9,7,2,8,8,9,95,9,7,8,9,9,52,
102,9,8,4,0,6,7,8,9,9,8,4,1,7,8,8,9,4,9,7,2,8,8,9,98,9,7,8,9,9,52,
100,8,8,4,0,7,6,11,9,9,8,4,0,7,7,11,9,4,8,7,1,7,11,8,93,8,8,7,11,9,51,
99,7,6,2,0,4,6,6,7,7,7,2,0,5,6,7,8,3,7,5,0,6,6,7,93,7,5,6,7,8,51,
101,8,8,3,0,6,7,7,8,8,8,3,0,6,7,8,9,4,8,6,1,7,8,8,96,8,6,7,8,9,54,
98,8,8,4,0,5,7,8,9,9,8,4,0,6,8,8,9,4,8,6,1,7,8,8,93,8,6,8,8,9,51,
101,8,8,4,0,6,7,8,9,9,8,4,0,6,8,8,9,4,8,6,1,7,8,9,96,8,6,8,8,9,51,
100,9,8,4,0,6,7,8,9,9,9,4,1,7,8,9,9,4,9,7,2,8,8,9,94,9,7,8,9,9,52,
107,8,8,4,0,6,7,8,16,9,8,4,0,6,8,8,16,4,8,6,1,7,8,8,102,8,6,8,8,9,60,
105,12,11,7,0,9,10,11,12,12,12,7,4,9,11,11,12,7,12,9,4,10,11,12,100,12,9,11,12,12,58,
100,9,8,4,0,6,7,8,9,9,8,4,1,6,8,8,9,4,9,6,1,8,8,9,95,9,6,8,9,9,52,
100,10,8,4,0,6,7,9,9,9,10,4,1,6,8,10,10,4,9,6,2,8,10,10,96,10,6,8,9,10,53,
101,10,11,4,0,17,7,8,10,10,11,4,1,17,8,10,10,4,11,17,2,8,10,10,97,11,17,8,10,10,53,
98,9,8,4,0,6,9,8,9,9,9,4,1,6,8,8,10,4,9,6,1,8,8,9,94,9,7,9,8,10,53,
105,9,8,4,0,6,7,8,10,9,9,4,1,6,8,9,10,4,9,6,1,8,9,9,98,9,6,8,9,10,52,
98,9,9,4,0,6,7,10,10,9,9,4,1,6,8,10,10,5,9,6,1,8,10,9,94,9,7,8,10,10,52,
97,9,9,4,0,6,15,8,10,9,9,4,1,6,16,9,10,5,9,6,1,15,9,9,93,9,7,16,9,10,52,
105,9,9,4,0,6,7,8,10,9,9,5,1,7,8,9,10,5,9,6,2,8,9,9,101,9,7,8,9,10,55,
98,8,8,3,0,5,6,7,9,8,8,3,0,5,7,8,9,4,8,5,1,7,8,8,93,8,6,7,7,9,51,
100,8,8,4,0,5,7,7,9,9,8,4,0,6,7,8,9,4,8,6,1,7,8,9,95,8,6,7,8,9,51,
99,8,8,4,0,6,7,7,9,9,8,4,0,6,8,8,9,4,8,6,1,7,8,9,94,9,6,8,8,9,52,
98,8,8,4,0,6,7,7,9,9,8,4,0,6,8,8,9,4,8,6,1,7,8,9,93,9,6,8,8,9,52,
104,9,8,4,0,6,7,8,9,9,8,4,1,6,8,8,9,4,9,6,1,7,8,9,99,9,6,8,8,9,57,
100,9,8,4,0,6,7,8,9,9,8,4,1,6,8,8,9,4,9,6,1,7,8,9,95,9,7,8,8,10,53,
110,9,8,4,0,6,7,8,9,9,9,4,1,6,8,8,10,4,9,7,2,7,8,9,106,9,6,8,8,9,52,
97,12,10,5,0,7,8,9,9,13,9,5,1,7,9,9,10,5,9,7,1,9,9,13,93,10,7,9,9,13,52,
101,9,9,4,0,6,7,8,9,9,9,4,1,6,8,9,9,4,9,6,1,8,8,9,97,9,6,8,9,9,55,
97,9,9,4,0,6,7,8,9,9,9,4,1,6,8,9,10,5,9,6,1,8,9,9,93,9,7,8,9,10,52,
97,17,9,7,0,5,7,8,9,17,9,7,1,6,8,9,9,7,9,6,1,8,8,17,93,9,6,8,9,18,52,
99,9,9,4,0,5,9,9,10,9,9,4,0,6,9,9,10,4,9,6,1,9,9,9,94,9,9,9,9,9,53,
100,8,7,4,0,6,8,7,9,8,8,4,0,6,9,7,9,4,8,6,1,9,7,8,92,8,6,9,7,9,50,
103,8,8,4,0,5,8,8,9,9,8,4,0,8,8,8,10,4,8,8,1,8,8,9,98,8,8,8,8,9,53,
99,9,8,4,0,6,7,8,9,10,8,4,0,6,8,8,9,4,9,6,1,7,8,9,94,9,6,8,8,10,52,
99,9,9,4,0,6,7,8,9,9,9,5,1,6,8,9,10,5,9,6,2,8,9,9,93,9,7,8,9,10,51,
102,9,8,4,0,6,7,8,9,9,8,4,1,6,8,8,9,4,9,6,1,7,8,9,97,9,6,8,8,9,55,
98,9,8,4,0,6,7,8,9,9,9,4,1,6,8,8,9,4,9,6,1,7,8,9,94,9,6,8,8,9,52,
101,9,8,4,0,6,7,8,9,9,9,4,1,6,8,8,9,4,9,6,1,7,8,9,97,9,6,8,8,9,53,
98,9,8,4,0,6,7,8,9,9,8,4,1,6,8,8,9,4,8,6,1,7,8,9,94,9,6,7,8,9,52,
98,9,9,4,0,6,7,8,9,9,9,4,1,6,8,9,10,5,9,6,1,8,9,9,94,9,7,8,9,10,52,
105,10,8,4,0,6,8,8,10,10,9,4,1,6,8,9,10,5,9,6,2,8,8,10,99,9,7,8,9,11,57,
111,9,9,4,0,6,8,8,9,9,9,5,1,7,8,9,10,5,9,6,2,8,9,9,107,9,7,8,9,10,52,
98,7,6,3,0,4,6,6,7,7,7,3,0,5,7,17,7,3,7,5,0,6,7,7,91,7,5,7,7,7,49,
99,8,8,4,0,6,7,8,9,9,8,4,0,6,8,8,9,4,8,6,1,7,8,9,94,9,6,8,8,9,52,
102,8,8,4,0,5,7,7,9,9,8,4,0,6,8,8,9,4,8,6,1,7,8,9,97,8,6,7,8,9,52,
102,9,8,4,0,9,7,7,9,9,8,4,1,9,7,8,9,4,8,9,1,7,7,9,95,8,9,7,8,9,53,
105,9,8,4,0,5,7,7,9,9,8,4,0,6,8,8,9,4,8,6,1,7,8,9,99,9,6,8,8,9,52,
157,9,8,4,0,6,7,7,9,9,8,4,0,6,8,8,10,4,8,6,1,7,8,9,151,9,6,8,8,9,109,
102,9,9,5,0,6,8,8,9,9,9,5,1,7,9,9,9,5,9,7,1,9,9,9,98,9,7,9,9,9,53,
101,9,8,4,0,6,7,8,9,9,8,4,1,6,8,8,10,4,9,6,1,8,8,9,97,9,6,8,8,9,54,
98,9,8,4,0,6,7,8,9,9,9,4,1,6,8,8,10,4,9,6,1,8,8,9,94,9,6,8,8,9,51,
101,10,10,4,0,6,7,8,10,10,10,4,1,7,7,8,11,5,10,7,2,7,8,10,97,10,7,7,8,11,55,
100,9,9,4,0,6,7,8,9,9,9,4,1,7,8,9,10,5,9,6,2,8,8,9,94,9,7,8,9,10,51,
97,9,9,5,0,6,8,8,10,10,9,5,1,7,8,9,10,5,9,7,1,8,9,10,93,9,7,8,9,10,51,
100,9,8,4,0,5,7,7,9,9,9,4,2,6,7,8,9,4,9,6,2,7,8,9,94,9,6,7,9,9,52,
99,9,8,4,0,6,7,7,9,9,9,4,0,6,8,8,9,4,9,6,1,7,8,9,94,9,6,8,8,9,52,
105,9,8,4,0,6,7,7,9,9,9,4,0,6,8,8,9,4,9,6,1,7,8,9,98,9,6,8,8,9,53,
115,9,9,4,0,7,7,10,9,9,9,4,0,8,7,10,9,4,9,7,1,7,10,9,109,9,8,7,11,9,67,
105,9,9,5,0,6,8,7,9,9,9,5,0,7,9,7,9,5,9,7,1,9,7,9,99,9,7,9,7,9,57,
98,9,8,4,0,6,7,8,9,9,8,4,1,7,8,8,9,4,9,6,1,7,8,9,94,9,7,8,8,9,52,
101,9,10,4,0,6,7,8,9,9,10,4,1,7,8,8,10,4,11,6,1,8,8,9,97,11,7,8,8,9,52,
98,9,8,4,0,6,7,8,9,9,9,4,1,6,8,8,10,4,9,6,2,8,8,9,94,9,6,8,8,9,52,
98,9,8,4,0,6,7,8,9,9,9,4,1,6,8,9,10,4,9,6,2,8,9,9,94,9,6,8,8,10,52,
104,8,8,4,0,5,7,7,8,8,8,4,0,6,7,8,9,4,8,5,1,7,8,8,97,8,6,7,8,9,55,
98,9,9,4,0,6,7,8,9,10,9,5,1,7,8,9,10,5,9,6,2,8,9,10,94,9,7,8,9,10,52,
99,8,8,4,0,5,7,7,9,9,8,4,0,6,7,8,9,4,8,6,0,7,8,9,94,8,6,7,8,9,52,
99,8,8,4,0,8,7,7,9,9,8,4,0,8,7,8,9,4,8,8,1,7,8,9,94,8,8,7,8,9,52,
101,8,8,4,0,5,7,7,9,9,8,4,0,6,8,8,9,4,8,6,1,7,8,9,96,8,6,7,8,9,52,
103,8,8,4,0,6,7,7,9,8,8,4,0,6,7,8,9,4,8,6,1,7,8,8,98,8,6,7,8,9,56,
99,8,8,4,0,6,7,8,9,8,8,4,0,6,8,9,9,4,8,6,1,7,9,8,94,8,6,8,9,9,52,
99,9,8,7,0,6,7,7,9,9,8,7,1,7,8,8,9,7,8,6,1,7,8,9,94,9,7,8,8,9,52,
101,9,8,5,0,6,7,8,9,9,8,4,1,6,8,8,10,5,9,6,1,8,8,9,97,9,6,8,8,9,55,
98,9,8,4,0,6,10,10,9,9,9,4,1,6,11,10,10,4,9,6,1,11,11,9,94,9,6,11,11,9,52,
119,9,8,4,0,6,7,8,9,9,9,4,1,6,8,8,10,4,9,6,1,8,8,9,114,9,6,8,8,9,69,
99,9,9,5,0,7,8,9,9,9,9,5,1,7,9,9,9,5,9,7,1,9,9,9,94,9,7,9,9,10,52,
102,9,9,5,0,6,8,8,9,10,9,5,1,7,8,9,10,5,9,7,1,8,8,10,98,9,7,8,9,10,56,
102,8,8,4,0,5,7,7,9,9,8,4,0,6,7,8,9,4,8,6,0,7,8,9,96,8,6,7,8,9,55,
102,8,8,4,0,5,7,7,9,9,8,4,0,6,8,8,9,4,8,6,1,7,8,9,97,8,6,7,8,9,52,
99,8,8,4,0,6,7,7,9,9,8,4,0,6,7,8,9,4,8,6,1,7,8,8,94,8,6,7,8,9,52,
99,11,8,4,0,6,9,7,9,11,8,4,1,6,10,8,9,4,8,6,1,9,8,11,94,8,6,10,8,12,52,
103,9,8,4,0,6,7,7,9,9,8,4,1,6,8,8,9,4,8,6,1,7,8,9,98,8,6,8,8,9,54,
99,9,8,4,0,6,7,8,9,9,8,4,1,6,8,8,9,4,9,6,1,7,8,9,94,9,6,8,8,9,51,
100,11,11,6,0,8,9,10,11,11,10,6,1,8,10,10,11,6,11,8,1,9,10,11,96,11,8,10,10,11,53,
99,9,9,4,0,9,9,17,10,9,9,4,1,9,9,18,10,4,9,9,1,9,18,9,95,9,9,9,18,10,53,
99,9,8,4,0,6,8,7,9,9,8,4,1,6,9,8,10,5,8,6,1,8,8,9,95,8,6,9,8,9,53,
101,9,9,5,0,6,7,8,9,9,9,5,1,6,8,9,10,5,9,6,1,8,8,9,97,9,6,8,9,10,52,
102,9,9,5,0,6,7,8,9,9,9,5,1,7,8,8,10,5,9,6,1,8,8,9,98,9,7,8,9,10,56,
99,9,9,4,0,6,8,8,9,9,9,4,1,6,8,8,10,5,9,6,2,8,8,9,95,9,6,8,8,9,53,
103,8,8,4,0,5,7,7,8,9,8,4,0,6,7,8,9,4,8,6,1,7,8,9,98,8,6,7,8,9,56,
118,8,8,4,0,5,7,7,9,9,8,4,0,6,7,8,9,4,8,6,0,7,8,9,113,8,6,7,8,9,70,
102,9,9,5,0,6,8,8,9,9,9,5,0,7,8,9,9,5,9,7,1,8,9,9,97,9,7,8,9,9,54,
101,9,8,4,0,6,7,8,8,9,8,4,0,6,7,8,9,4,8,6,1,7,8,9,96,8,6,8,8,9,52,
105,9,8,4,0,6,7,7,9,9,8,4,0,6,7,8,9,4,8,6,1,7,8,9,100,8,6,8,8,9,56,
101,9,8,4,0,6,7,8,9,9,8,4,1,6,7,8,9,4,8,6,1,7,8,9,96,9,6,8,8,9,52,
127,9,10,4,0,6,7,7,9,9,10,4,1,6,7,8,9,4,10,6,1,7,8,9,101,10,7,7,8,9,53,
101,9,8,4,0,15,8,8,9,9,9,5,1,15,8,8,10,5,9,15,1,8,8,9,97,9,15,8,8,10,54,
104,9,9,4,0,6,8,8,9,9,9,5,1,7,8,9,10,5,9,6,1,8,8,9,99,9,7,8,9,10,53,
100,9,9,4,0,6,8,8,9,9,9,5,1,9,8,8,10,5,9,9,2,8,8,9,96,9,9,8,9,9,52,
100,8,8,4,0,6,7,7,8,9,8,4,0,6,7,8,9,4,8,6,1,7,7,9,95,8,6,7,8,9,52,
106,9,9,5,0,6,8,8,10,10,9,5,1,7,8,9,10,5,9,6,1,8,9,10,101,9,7,8,9,10,57,
102,9,9,5,0,6,8,8,10,10,9,5,1,7,8,9,10,5,9,7,1,8,9,10,97,9,7,8,9,10,55,
105,8,8,4,0,5,7,7,9,9,8,4,0,6,7,8,9,4,8,6,1,7,8,9,99,8,6,7,8,9,53,
101,9,8,4,0,5,7,7,9,9,8,4,0,6,7,8,9,4,8,6,1,7,8,9,95,8,6,8,8,9,52,
103,8,8,4,0,5,7,7,9,9,8,4,0,6,8,8,9,4,8,6,1,7,8,9,98,8,6,8,8,9,52,
107,9,8,4,0,6,7,8,10,10,8,4,1,7,7,8,10,4,8,7,1,7,8,10,101,8,7,7,8,10,57,
113,9,8,4,0,6,7,8,9,9,8,4,1,6,8,9,10,4,9,6,1,7,8,9,108,9,6,8,9,9,64,
100,9,9,5,0,7,8,9,9,9,9,6,1,7,9,9,10,6,9,7,1,8,9,10,96,9,7,9,9,10,53,
99,9,8,4,0,6,7,8,9,9,8,4,1,6,7,8,9,4,8,6,2,7,8,9,95,9,6,8,8,9,52,
107,9,8,4,0,6,7,8,9,9,9,5,1,6,8,8,10,5,9,6,1,8,8,9,100,9,6,8,8,10,53,
101,9,8,4,0,7,7,11,9,9,8,4,0,8,7,11,9,4,8,8,1,7,11,9,96,9,8,7,11,9,52,
101,8,8,3,0,5,7,7,9,9,8,3,0,6,7,8,9,3,8,6,0,7,8,9,96,8,6,7,8,9,52,
103,8,8,4,0,5,7,7,9,9,8,4,0,6,7,8,9,4,8,6,0,7,8,9,98,8,6,7,8,9,56,
105,8,8,4,0,5,7,7,9,9,8,4,0,6,7,8,9,4,8,6,1,7,8,9,100,8,6,7,8,9,54,
103,8,10,4,0,5,7,7,9,9,10,4,0,6,7,8,9,4,10,6,1,7,8,9,98,10,6,7,8,9,52,
101,9,8,4,0,5,7,7,9,9,8,4,0,6,7,8,9,4,8,6,1,7,8,9,96,8,6,8,8,9,53,
101,9,8,4,0,6,7,7,9,9,9,4,1,6,8,8,9,4,9,6,1,7,8,9,96,9,6,8,8,9,53,
106,9,8,4,0,6,7,8,9,9,9,4,1,6,8,8,10,4,9,6,1,8,8,9,99,9,6,8,8,9,56,
100,9,8,4,0,6,7,7,9,9,8,4,1,6,7,8,9,4,8,6,1,7,8,9,96,8,6,7,8,9,53,
105,9,8,4,0,6,7,8,9,9,8,4,1,6,8,8,10,5,9,6,1,8,8,9,101,9,6,8,8,9,54,
103,9,9,4,0,6,8,8,9,9,9,5,1,7,8,9,10,5,9,7,2,8,8,9,99,9,7,8,9,10,55,
101,9,8,4,0,6,7,8,9,9,9,4,1,6,8,8,10,5,9,6,2,8,8,9,97,9,6,8,8,9,54,
120,9,9,5,0,6,8,8,10,10,9,5,1,7,8,8,10,5,9,6,1,8,8,10,116,9,7,8,9,10,71,
102,10,9,7,0,7,9,9,10,10,10,7,1,8,10,10,10,7,10,8,1,9,10,10,98,10,8,10,10,10,54,
105,8,8,4,0,5,7,19,9,9,8,4,0,6,7,20,9,4,8,6,0,7,20,9,99,8,6,7,20,9,56,
105,9,9,4,0,5,10,7,9,9,9,4,0,6,10,8,9,4,9,6,1,10,8,9,98,9,6,10,9,9,53,
105,8,8,4,0,5,7,7,9,9,8,4,0,6,7,8,9,4,8,6,1,7,8,9,100,8,6,7,8,9,53,
101,9,8,4,0,6,7,7,9,9,8,4,1,6,7,8,9,4,8,6,1,7,8,9,96,8,6,8,8,9,52,
102,8,8,4,0,5,7,7,9,9,8,4,0,6,7,8,9,4,8,6,1,7,8,9,97,8,6,8,8,9,53,
104,9,8,4,0,6,7,7,9,9,8,4,1,6,7,8,9,4,8,6,1,7,8,9,99,8,6,8,8,9,55,
101,9,8,4,0,6,7,8,9,9,8,4,1,6,8,8,10,4,9,6,1,7,8,9,97,9,6,8,8,9,53,
107,9,9,4,0,6,7,8,9,9,9,4,1,6,8,8,10,5,9,6,1,7,8,9,102,9,6,8,8,9,54,
103,9,9,4,0,6,7,8,9,10,9,4,1,6,8,9,10,5,9,6,1,8,8,10,99,9,6,8,9,10,54,
102,12,9,4,0,6,8,8,9,12,9,5,1,7,8,8,10,5,9,6,2,8,8,12,98,9,7,8,9,12,54,
104,9,9,4,0,6,8,8,9,9,9,4,1,7,8,9,10,4,9,6,2,8,8,9,100,9,7,8,9,9,56,
101,9,9,4,0,6,7,8,9,9,9,5,1,6,8,8,10,5,9,6,2,8,8,9,97,9,7,8,9,9,53,
110,9,9,5,0,6,8,8,10,9,9,5,1,7,8,8,10,5,9,6,2,8,8,9,105,9,7,8,9,10,53,
103,9,8,5,0,6,9,8,8,9,8,5,0,6,9,8,9,5,8,6,1,9,8,9,98,9,6,9,8,9,55,
116,8,8,4,0,6,7,7,9,9,8,4,0,6,7,8,9,4,8,6,1,7,8,9,108,8,6,8,8,9,62,
102,9,8,5,0,6,7,8,9,9,9,5,1,6,7,8,9,5,9,6,1,7,8,9,97,9,6,7,9,9,54,
105,9,9,4,0,6,7,8,9,9,9,4,1,6,8,9,9,5,9,6,1,7,9,9,100,9,6,8,9,9,57,
100,9,8,4,0,6,7,8,9,9,8,4,1,6,8,8,9,5,9,6,1,7,8,9,96,9,6,8,8,9,53,
103,9,8,4,0,6,7,8,9,9,9,4,1,6,8,8,9,5,9,6,1,8,8,9,99,9,6,8,8,9,54,
103,9,9,4,0,6,7,8,9,9,9,5,1,6,8,8,10,5,9,6,1,8,8,9,99,9,6,8,9,9,54,
102,9,9,4,0,6,7,8,9,9,9,4,1,6,8,8,10,4,9,6,1,8,8,9,98,9,6,8,9,9,54,
105,9,9,4,0,6,7,8,9,9,9,4,1,7,8,9,10,4,9,6,1,8,8,9,100,9,7,8,9,10,56,
101,9,9,4,0,6,8,8,9,9,9,4,1,6,8,8,10,5,9,6,1,8,9,9,97,9,6,8,9,10,53,
100,9,9,4,0,6,7,8,9,9,9,5,1,6,8,8,10,5,9,6,2,8,8,9,96,9,6,8,9,9,53,
101,10,10,4,0,6,8,8,10,10,10,4,4,7,8,10,10,5,10,6,4,8,8,10,97,10,7,8,10,10,54,
101,9,9,4,0,7,7,7,9,9,9,4,0,7,7,9,9,4,9,7,1,7,8,9,96,9,7,7,9,9,52,
105,9,8,4,0,5,7,8,8,9,8,4,0,6,8,8,9,4,8,6,1,7,8,9,99,8,6,8,8,9,52,
101,9,8,4,0,8,7,7,9,9,8,4,1,9,7,8,9,4,8,9,1,7,8,9,95,9,9,8,8,9,52,
102,9,8,4,0,6,7,8,9,9,8,4,1,6,8,8,9,4,9,6,1,7,8,9,98,9,6,8,8,9,54,
104,9,8,4,0,6,7,8,9,9,8,4,1,6,8,8,9,4,9,6,1,7,8,9,100,9,6,8,8,9,56,
113,9,8,4,0,6,7,8,9,9,8,4,1,6,8,8,9,4,9,6,1,7,8,9,109,9,6,8,8,9,66,
100,9,9,5,0,7,8,9,9,10,9,6,1,7,9,9,10,6,9,7,1,8,9,10,96,9,7,9,9,10,53,
101,10,8,4,0,6,7,8,10,10,10,4,1,6,8,8,10,4,10,6,1,8,8,10,97,10,6,8,10,10,55,
106,10,8,4,0,6,7,8,10,10,10,5,1,6,7,8,10,5,10,6,2,7,8,10,102,10,6,7,8,10,57,
102,9,8,4,0,5,7,7,9,9,9,4,0,6,7,8,9,26,9,6,1,7,8,9,96,9,6,7,9,9,53,
100,9,9,4,0,6,7,7,9,9,9,4,0,6,7,9,9,4,9,6,1,7,8,9,95,9,6,7,9,9,53,
100,9,9,4,0,5,7,7,9,9,30,4,0,6,7,8,9,4,9,6,1,7,8,9,95,9,6,7,9,9,53,
101,9,9,4,0,5,7,7,9,9,9,4,0,6,7,9,9,4,9,6,1,7,9,9,96,9,6,8,9,9,53,
108,8,8,4,0,5,7,7,9,9,8,4,0,6,7,8,9,4,8,6,1,7,8,9,99,8,6,8,8,9,53,
102,9,9,5,0,8,7,11,9,10,9,5,1,9,8,12,10,5,9,8,2,7,11,10,97,9,9,8,12,10,53,
101,9,8,4,0,6,7,8,9,9,8,4,1,6,8,8,9,4,9,6,1,7,8,9,97,9,6,8,8,9,54,
104,9,8,4,0,6,7,8,9,9,8,4,1,6,8,8,9,4,8,6,1,7,8,9,99,9,6,8,8,9,56,
101,9,9,4,0,6,7,30,9,9,9,5,1,7,8,9,10,5,9,6,1,8,9,9,97,9,7,8,9,9,53,
107,9,11,4,0,6,7,8,9,9,11,4,1,6,7,8,9,4,11,6,1,7,8,9,101,12,6,8,8,9,56,
101,9,8,4,0,6,7,8,9,9,9,4,1,6,8,9,10,5,9,6,1,8,8,9,97,9,6,8,9,9,53,
101,9,9,5,0,6,8,8,9,9,9,5,1,7,8,8,10,5,9,6,2,8,8,9,97,9,7,8,9,10,53,
122,9,8,4,0,5,7,8,9,9,9,5,1,5,7,9,10,5,9,5,25,7,8,9,115,9,5,7,9,9,71,
101,8,9,4,0,6,8,8,9,8,9,4,0,7,8,9,9,5,9,7,1,8,9,8,96,9,7,8,9,8,53,
102,9,9,4,0,5,7,7,9,10,9,4,0,6,7,9,9,4,9,6,1,7,8,10,97,9,6,7,9,10,53,
100,9,9,4,0,5,7,7,9,9,9,4,0,6,7,9,9,4,9,6,1,7,8,9,95,9,6,7,9,9,53,
105,9,9,4,0,6,7,7,9,9,9,4,1,6,8,9,9,4,9,6,1,7,8,9,99,9,6,8,9,9,54,
102,9,8,4,0,6,7,8,9,9,8,4,1,6,8,9,9,4,8,6,1,7,9,9,97,9,6,8,9,9,53,
104,9,8,4,0,6,7,8,9,9,8,4,1,6,8,8,9,4,8,6,2,7,30,9,100,9,6,8,8,9,56,
103,9,8,4,0,6,7,8,9,9,8,4,1,6,7,8,9,4,8,6,1,7,8,9,99,8,6,7,9,9,57,
104,9,8,4,0,6,20,8,9,9,8,4,1,6,20,8,10,4,9,6,1,20,8,9,98,9,6,20,8,9,54,
105,9,9,4,0,6,7,8,9,9,9,4,1,6,8,8,10,5,9,6,1,8,8,9,101,9,6,8,9,9,54,
105,9,8,4,0,6,8,8,9,9,9,5,1,8,8,9,10,5,9,8,2,8,8,9,101,9,8,8,9,10,54,
103,9,9,4,0,6,8,8,10,9,9,5,1,7,8,9,10,5,9,6,1,8,8,9,99,9,7,8,9,10,55,
105,9,9,4,0,6,8,8,10,9,9,5,1,7,8,9,10,5,9,6,2,8,8,9,101,9,7,8,9,10,57,
101,8,8,3,0,5,7,8,9,9,8,4,0,5,7,8,9,4,8,5,1,7,8,9,96,8,6,7,8,9,53,
105,8,8,4,0,5,7,8,9,9,8,4,0,8,7,8,9,4,8,8,1,7,8,9,100,8,8,7,8,9,53,
104,8,8,4,0,6,7,8,9,9,8,4,0,6,7,8,9,4,8,6,1,7,8,9,99,8,6,7,8,9,53,
118,8,8,4,0,5,7,8,9,9,8,4,0,6,7,8,9,4,8,6,1,7,8,9,113,8,6,7,8,9,69,
102,9,9,4,0,7,8,9,9,9,9,4,1,7,8,9,9,5,9,28,1,8,9,9,98,9,7,8,9,9,54,
102,9,8,6,0,5,7,8,9,9,8,7,1,6,8,8,10,7,9,6,1,7,8,9,98,9,6,8,8,9,54,
103,10,10,4,0,6,10,10,11,10,10,4,1,6,10,11,11,4,10,6,1,29,10,10,99,10,6,10,11,10,55,
101,9,9,4,0,6,8,8,9,9,9,4,1,6,8,9,10,4,9,6,1,8,8,9,97,9,6,8,9,10,53,
104,13,8,4,0,6,7,8,9,13,9,4,1,6,8,9,10,5,9,6,1,8,8,13,100,9,6,8,9,13,53,
102,9,8,4,0,6,8,8,9,9,9,4,1,6,8,9,10,5,9,6,1,8,8,9,98,9,6,8,9,9,54,
101,9,9,4,0,6,8,8,9,9,9,4,1,7,8,9,10,5,9,6,2,8,8,9,97,9,7,8,9,10,53,
109,8,8,4,0,6,7,8,9,9,8,4,0,6,7,8,9,4,8,6,1,7,8,9,104,8,6,7,8,9,58,
108,9,8,5,0,6,8,9,9,9,9,5,0,7,9,9,9,5,9,7,1,8,9,9,102,9,7,9,9,9,53,
105,9,8,4,0,5,7,8,9,9,9,4,0,6,7,8,9,4,9,6,1,7,8,9,99,9,6,7,9,9,53,
104,9,9,4,0,6,7,8,9,10,9,4,0,6,7,9,9,4,9,6,1,7,9,10,99,9,6,8,9,10,53,
103,9,8,4,0,6,7,8,9,9,8,4,1,6,7,8,9,4,9,6,1,7,8,9,99,9,6,8,8,9,56,
105,9,9,4,0,5,6,9,10,10,9,4,1,6,7,9,10,4,9,6,1,6,9,10,98,9,6,7,9,10,54,
101,9,9,4,0,6,7,8,9,9,9,4,1,6,8,8,9,4,10,6,1,8,8,9,97,10,6,8,8,9,54,
101,9,8,4,0,6,7,8,9,9,9,4,1,6,8,8,9,5,9,6,4,7,8,9,97,9,7,8,8,9,53,
109,9,9,5,0,6,8,8,17,9,9,5,1,6,8,8,17,5,9,6,1,8,8,9,104,9,6,8,8,10,61,
101,9,9,6,0,10,9,9,9,10,10,6,1,10,9,10,10,6,10,10,2,9,9,10,97,10,10,9,10,10,53,
102,9,9,4,0,5,7,8,9,9,9,4,0,6,7,9,9,4,9,6,1,7,8,9,96,9,6,7,9,9,54,
105,9,9,4,0,5,7,8,9,9,9,4,0,6,7,9,9,4,9,6,1,7,8,9,99,9,6,7,9,9,56,
100,8,8,4,0,5,7,8,8,8,8,4,0,5,7,8,9,4,8,6,1,7,8,8,95,8,6,7,8,8,52,
105,9,8,4,0,6,7,8,9,9,8,4,1,6,7,8,9,4,9,6,1,7,8,9,99,9,6,8,8,9,53,
102,9,8,4,0,6,7,8,9,9,9,4,1,6,8,8,9,4,9,6,2,7,8,9,97,9,6,29,8,9,54,
102,9,8,4,0,5,7,8,9,9,8,4,1,6,8,8,9,4,9,6,1,8,8,9,97,9,6,8,8,9,53,
104,8,8,4,0,6,7,8,9,9,8,4,1,6,7,8,9,4,8,6,1,7,8,9,100,8,6,7,8,9,56,
102,9,8,4,0,6,7,8,9,9,9,4,1,6,8,8,9,4,9,6,1,8,8,9,98,9,6,8,8,9,53,
101,9,8,4,0,6,7,8,9,9,9,4,1,6,8,8,10,5,9,6,1,7,8,9,97,9,6,8,8,9,53,
100,9,8,4,0,6,7,8,9,9,9,4,1,6,8,8,10,4,9,6,1,8,8,9,96,9,6,8,8,9,53,
100,9,9,4,0,6,7,8,9,9,9,4,1,6,8,9,10,4,9,6,1,8,9,9,96,9,6,8,9,9,53,
107,10,10,4,0,6,8,8,10,10,10,4,1,6,8,10,10,5,10,6,1,8,8,10,101,10,7,8,10,10,54,
620,9,9,3,0,6,6,10,9,9,9,4,0,7,6,10,9,4,9,7,1,6,10,9,96,9,7,6,11,9,53,
617,10,10,6,0,8,9,10,9,10,10,7,1,8,9,10,10,7,10,8,2,9,10,10,97,10,8,9,10,10,54,
100,9,8,4,0,6,7,8,9,9,9,4,1,6,8,8,9,4,9,6,1,7,8,9,96,9,6,8,8,9,52,
100,9,8,4,0,6,7,8,9,9,9,4,1,6,8,8,9,4,9,6,1,7,8,9,96,9,6,8,8,9,53,
103,9,8,4,0,6,7,8,9,9,9,4,1,6,8,8,9,4,9,6,1,7,8,9,99,9,6,8,8,9,54,
100,9,8,5,0,6,8,10,9,9,9,5,1,7,8,10,10,5,9,7,2,8,10,9,96,9,7,8,10,9,53,
