23,1,8,2,0,6,7,7,7,8,2,
32,0,8,1,0,4,6,17,7,8,1,
18,0,7,2,0,6,6,6,7,7,2,
19,0,8,2,0,5,6,6,7,7,2,
19,0,8,2,0,5,6,6,7,7,2,
19,0,8,4,0,5,6,6,7,7,4,
19,1,8,2,0,5,6,6,7,8,2,
29,1,18,4,0,7,6,6,7,18,4,
19,1,8,4,0,6,6,7,7,8,4,
19,1,8,2,0,6,6,7,7,8,3,
18,1,8,3,0,6,6,7,7,8,3,
18,1,8,3,0,6,7,7,7,8,3,
18,1,8,4,0,6,7,7,7,8,5,
18,1,8,5,0,6,7,7,7,8,5,
18,1,8,6,0,6,7,7,7,8,6,
19,1,8,5,0,6,7,7,8,8,5,
19,0,7,4,0,5,6,6,6,7,4,
19,1,8,4,0,5,6,6,7,8,4,
19,1,7,4,0,5,7,6,6,7,4,
19,1,8,2,0,5,6,7,7,8,2,
19,0,7,3,0,7,7,7,7,7,6,
19,1,8,5,0,6,6,7,7,8,5,
18,1,8,3,0,6,6,7,7,8,3,
18,0,7,4,0,5,6,6,6,7,4,
18,1,8,5,0,6,7,7,7,8,5,
23,0,7,4,0,5,6,6,6,7,4,
19,9,8,4,0,6,7,7,7,8,4,
18,0,7,2,0,5,6,6,6,7,2,
18,0,7,4,0,5,6,7,6,7,4,
19,1,7,4,0,5,6,6,7,7,4,
21,0,7,4,0,5,6,6,6,7,4,
19,1,8,4,0,5,6,6,7,8,4,
19,0,8,6,0,5,6,6,7,8,6,
19,0,6,2,0,3,4,5,5,6,2,
18,1,8,4,0,5,6,7,7,8,4,
18,1,8,4,0,6,6,7,7,8,4,
18,1,8,4,0,6,7,7,7,8,5,
20,1,8,3,0,6,6,7,7,8,3,
18,0,7,2,0,5,6,6,6,7,2,
19,1,8,4,0,6,6,6,7,8,4,
18,1,8,3,0,6,7,7,7,8,3,
18,1,7,4,0,5,6,6,6,7,4,
19,1,9,4,0,6,7,7,8,9,5,
18,0,7,2,0,6,6,6,7,7,3,
19,0,7,2,0,5,6,6,7,7,2,
19,1,8,4,0,6,6,7,7,8,4,
18,1,8,4,0,6,6,6,7,7,4,
19,0,9,2,1,6,6,7,7,8,3,
22,2,8,4,0,6,7,8,7,8,5,
18,2,8,4,0,6,7,7,7,8,4,
18,1,8,3,0,6,6,7,7,8,3,
27,1,10,4,0,17,7,8,7,10,4,
18,1,8,3,0,6,7,7,7,8,3,
18,1,7,4,0,5,6,6,6,7,4,
21,0,8,2,0,5,6,6,7,8,2,
19,0,8,4,0,6,6,6,7,8,4,
19,0,8,3,0,6,6,7,7,7,3,
19,0,7,2,0,5,5,6,6,7,2,
19,1,8,2,0,5,6,7,7,8,2,
18,1,8,3,0,6,6,7,7,8,3,
21,1,8,3,0,6,6,7,7,8,3,
18,2,8,4,0,6,7,7,7,8,5,
18,1,8,3,0,6,7,7,7,8,3,
18,2,8,4,0,6,7,7,7,8,5,
18,0,7,3,0,5,6,6,6,7,4,
19,1,8,4,0,6,6,6,7,8,4,
23,1,8,3,0,6,6,7,7,8,3,
19,0,8,4,0,5,6,6,7,7,4,
19,0,8,2,0,6,6,6,6,7,3,
19,3,8,4,0,5,6,7,6,8,4,
19,1,8,3,0,6,6,7,7,8,4,
18,1,8,3,0,6,6,7,7,8,4,
18,4,8,1,0,5,6,7,7,8,2,
18,1,8,3,0,6,6,7,7,8,3,
18,1,8,3,0,6,7,7,7,8,4,
18,1,8,4,0,6,6,7,7,8,5,
18,1,8,4,0,6,7,7,7,8,5,
18,0,7,4,0,5,6,6,6,7,4,
22,0,7,3,0,5,6,6,6,7,3,
28,0,8,3,0,6,6,17,7,8,4,
19,0,8,3,0,6,6,6,7,7,3,
19,1,8,4,0,5,6,7,7,8,5,
19,1,8,3,0,5,7,7,7,8,3,
19,1,8,3,0,6,7,7,7,8,4,
18,1,8,6,0,6,6,7,7,7,6,
18,1,8,3,0,6,6,7,7,8,3,
18,1,8,3,0,6,6,7,7,8,3,
18,1,8,3,0,6,7,7,7,8,3,
18,1,8,4,0,6,7,7,7,8,4,
21,0,10,3,0,7,6,6,6,10,4,
18,1,8,2,0,5,6,6,6,7,2,
19,1,9,2,0,7,7,7,8,9,2,
19,1,8,2,0,5,6,7,7,8,3,
19,1,8,4,0,5,6,7,7,8,4,
19,1,8,3,0,6,6,7,7,8,3,
19,4,8,2,0,5,6,7,7,8,2,
18,0,8,5,0,5,6,7,7,8,5,
18,1,8,4,0,6,7,7,7,8,5,
18,1,8,3,0,6,7,7,7,8,4,
19,1,9,4,0,6,7,7,7,9,4,
19,1,9,5,0,6,7,7,9,9,5,
19,1,8,2,0,6,7,7,7,8,2,
18,1,7,6,0,6,6,6,7,7,6,
19,0,8,4,0,5,6,6,6,7,4,
19,1,8,2,0,5,6,6,6,7,2,
19,1,8,4,0,5,6,6,7,8,4,
19,0,8,4,0,5,6,6,7,8,4,
30,0,8,15,0,5,6,6,7,8,15,
19,1,8,4,0,5,6,7,7,8,4,
19,1,8,2,0,5,6,6,7,8,3,
18,1,8,3,0,6,6,7,7,8,4,
18,1,8,4,0,6,6,7,7,8,4,
20,1,8,3,0,6,7,7,7,8,3,
18,1,8,2,0,5,6,7,7,8,3,
18,1,8,7,0,5,6,7,7,8,8,
18,1,8,4,0,6,6,7,7,8,4,
18,1,8,3,0,7,7,7,7,8,3,
19,0,8,2,0,5,6,6,7,7,3,
26,1,8,3,0,6,15,6,7,8,3,
21,0,8,3,0,5,6,7,7,8,3,
19,0,7,3,0,4,5,5,5,6,3,
19,1,8,3,0,6,6,6,7,8,3,
19,1,8,2,0,5,6,6,7,8,2,
19,1,8,3,0,6,6,6,7,8,3,
18,0,8,2,0,5,6,6,7,8,2,
23,1,8,4,0,6,6,6,7,8,4,
18,1,8,3,0,6,6,7,7,8,3,
19,1,8,3,0,6,7,7,7,8,3,
18,1,8,3,0,6,7,7,7,8,3,
18,1,8,4,0,6,7,7,7,8,4,
18,1,8,3,0,6,7,7,7,8,3,
19,1,8,4,0,5,6,6,6,7,4,
19,0,8,2,0,5,6,6,6,7,2,
19,0,8,3,0,5,6,7,7,8,3,
19,1,8,2,0,5,6,6,7,8,2,
20,1,8,2,0,5,6,6,7,8,2,
19,3,8,2,0,5,6,7,7,8,2,
18,1,8,7,0,5,6,7,7,8,7,
18,1,8,3,0,6,6,7,7,8,3,
18,1,8,3,0,5,6,7,7,8,3,
18,1,8,3,0,6,6,7,7,8,3,
18,1,8,4,0,6,7,7,7,8,4,
19,0,8,3,0,5,6,6,7,8,3,
27,0,4,0,0,1,3,3,13,4,0,
26,0,15,2,0,5,6,6,6,15,2,
19,0,8,2,0,5,6,6,7,7,2,
19,1,8,3,0,6,9,7,7,8,3,
18,0,7,2,0,5,6,6,7,7,2,
22,0,10,2,0,5,6,6,6,7,2,
18,1,7,2,0,5,6,6,6,7,2,
19,1,8,2,0,5,6,6,7,8,2,
19,1,8,3,0,5,6,7,7,8,3,
23,1,8,12,0,5,6,7,7,8,12,
19,1,8,2,0,6,6,7,7,8,3,
18,3,8,3,0,6,6,7,7,8,4,
18,1,8,4,0,6,7,7,7,8,4,
31,1,8,3,0,6,7,21,7,8,3,
18,0,7,3,0,5,6,6,6,7,3,
18,1,8,3,0,6,7,7,7,8,3,
18,1,8,3,0,6,7,7,7,8,3,
18,0,7,3,0,5,6,6,6,7,3,
19,1,8,2,0,6,6,6,7,7,3,
18,2,8,4,0,6,7,7,7,8,4,
18,1,8,4,0,6,6,6,7,8,4,
19,1,8,3,0,6,6,7,7,8,3,
18,1,8,3,0,5,6,7,7,8,4,
25,1,8,4,0,5,6,7,7,8,5,
18,1,8,5,0,6,7,7,7,8,5,
18,1,8,3,0,6,7,7,7,8,3,
18,1,8,3,0,6,7,7,7,8,3,
19,2,8,5,0,6,7,7,7,8,5,
18,0,7,3,0,5,6,6,6,7,3,
18,6,8,1,0,5,7,7,7,8,1,
19,0,8,2,0,5,6,6,7,7,2,
18,0,7,3,0,5,6,6,7,7,3,
17,1,7,2,0,5,6,6,7,7,3,
18,2,9,4,0,6,7,8,8,8,4,
18,1,8,3,0,5,6,7,7,8,3,
21,1,8,2,0,5,6,7,7,7,2,
18,1,8,3,0,5,6,7,7,8,3,
18,1,8,2,0,6,7,7,7,8,3,
18,1,8,5,0,6,7,7,7,8,5,
19,0,7,1,0,5,8,6,6,7,1,
18,1,8,3,0,6,7,7,7,8,3,
24,1,11,3,0,5,6,7,7,8,3,
18,1,8,3,0,6,7,7,7,8,3,
18,1,8,3,0,6,7,7,8,8,3,
18,0,7,3,0,4,6,7,6,6,3,
18,2,9,3,0,7,7,8,8,9,3,
36,1,23,4,0,6,7,7,8,22,4,
18,4,8,2,0,5,7,7,7,8,2,
18,1,9,3,0,6,7,7,8,8,3,
19,0,8,1,1,4,5,7,7,8,1,
19,0,8,1,0,5,6,6,7,8,1,
19,0,8,1,0,5,6,6,7,7,1,
20,0,8,1,0,4,6,6,7,8,1,
22,1,8,2,0,5,7,7,7,8,2,
20,0,7,1,0,4,5,6,6,7,1,
19,0,8,3,0,5,6,7,7,8,3,
18,1,8,2,0,5,6,7,7,8,2,
18,1,8,3,0,6,7,7,7,8,3,
18,1,8,2,0,5,6,7,7,8,2,
23,1,11,3,0,6,6,7,7,11,3,
18,1,8,3,0,6,6,7,7,8,3,
18,2,9,3,0,6,7,8,8,9,3,
19,2,9,3,0,6,7,8,8,9,3,
18,2,9,4,0,7,8,8,8,9,4,
18,1,8,2,0,6,6,7,7,8,2,
19,1,8,3,0,6,7,7,7,8,3,
18,1,9,3,0,6,7,7,7,8,3,
21,1,9,3,0,6,7,7,8,8,3,
19,1,9,3,0,6,7,7,8,8,3,
20,1,9,3,0,6,7,7,8,9,3,
18,2,9,3,0,6,7,8,8,9,3,
18,1,9,6,0,6,7,8,8,9,6,
18,2,9,5,0,6,7,8,8,9,5,
18,2,9,3,0,6,7,8,8,9,4,
18,1,8,3,0,5,7,7,7,8,3,
18,1,8,3,0,6,7,7,7,8,3,
19,1,9,3,0,6,6,7,7,9,3,
18,1,8,3,0,6,6,7,8,8,6,
18,1,8,3,0,6,7,7,7,8,3,
19,1,9,3,0,7,7,7,8,8,3,
19,1,9,3,0,6,7,7,8,9,3,
18,1,9,3,0,6,7,7,8,9,3,
18,1,9,3,0,7,7,7,8,9,3,
18,2,9,3,0,6,7,7,8,9,4,
18,1,8,2,0,5,6,7,7,8,3,
19,1,8,3,0,6,6,9,7,8,3,
18,2,9,3,0,7,7,8,8,9,3,
18,1,8,2,0,6,7,7,7,8,2,
18,1,8,2,0,5,7,7,7,8,2,
583,0,8,2,0,6,6,7,7,8,2,
18,2,9,3,0,5,7,8,7,8,3,
18,1,8,3,0,6,6,7,7,8,4,
18,1,8,3,0,6,6,7,7,8,4,
18,3,8,3,0,6,7,7,7,8,4,
18,1,8,6,0,5,7,7,7,8,6,
18,1,8,2,0,5,7,7,7,8,3,
18,1,8,3,0,6,7,7,7,8,3,
20,1,9,3,0,6,7,7,8,8,3,
19,1,8,3,0,6,7,7,7,8,3,
20,0,8,1,0,5,6,7,7,8,1,
18,0,7,1,0,4,5,5,6,7,1,
18,1,8,3,0,6,6,7,7,8,4,
18,1,8,3,0,6,6,7,7,8,4,
18,1,8,4,0,6,6,7,7,8,4,
18,1,8,4,0,6,6,7,7,8,5,
25,0,10,2,0,5,6,6,7,10,3,
18,1,8,3,0,6,6,7,7,8,3,
18,1,8,3,0,6,7,7,7,8,3,
19,0,7,2,0,5,8,9,6,7,2,
18,0,8,2,0,5,6,6,6,7,2,
18,2,8,4,0,6,7,7,7,8,4,
19,0,8,2,0,5,6,6,7,8,2,
18,1,9,7,0,6,7,8,8,9,7,
18,1,8,2,0,6,6,7,7,8,2,
18,1,8,2,0,5,6,7,7,8,2,
18,1,8,2,0,6,6,7,7,8,2,
18,1,8,2,0,6,6,7,7,8,3,
20,1,10,4,0,6,8,9,9,10,5,
18,1,8,5,0,5,6,6,7,8,5,
18,1,8,3,0,6,7,7,7,8,3,
18,0,8,2,0,5,6,6,7,7,2,
18,1,8,3,0,6,7,7,7,8,3,
19,0,8,2,0,5,6,6,7,7,2,
19,0,8,2,0,6,6,6,7,7,2,
18,0,8,2,0,5,6,6,7,8,3,
18,1,8,3,0,6,6,7,7,8,3,
18,0,7,2,0,5,6,8,6,7,3,
18,1,8,2,0,5,6,7,7,8,2,
18,1,8,3,0,6,6,7,7,8,3,
29,1,8,3,0,6,6,6,7,8,3,
22,6,10,8,0,8,13,9,9,10,8,
18,2,8,4,0,6,7,7,7,8,4,
18,2,8,3,0,6,7,7,7,8,3,
18,2,8,3,0,6,7,7,7,8,3,
18,2,9,3,0,6,8,7,7,8,3,
19,0,8,2,0,5,6,6,7,8,2,
18,3,7,3,0,5,6,6,7,7,3,
18,1,8,3,0,5,6,7,7,8,3,
18,1,8,4,0,6,6,7,7,8,5,
18,1,8,4,0,5,6,6,7,8,4,
18,1,8,2,0,6,6,7,7,8,2,
18,0,7,2,0,6,5,6,6,7,2,
18,1,8,3,0,6,7,7,7,8,3,
18,0,7,4,0,5,6,6,6,7,4,
18,1,8,3,0,6,7,7,7,8,3,
18,1,7,2,0,5,6,6,7,7,2,
18,1,8,2,0,5,6,7,7,8,2,
19,0,8,2,0,5,6,6,7,7,2,
18,1,7,4,0,5,6,6,7,7,4,
19,1,8,3,0,5,6,6,7,8,3,
17,1,8,4,0,5,6,6,7,8,4,
18,2,8,5,0,6,7,7,7,8,5,
18,1,8,3,0,6,7,6,7,8,3,
18,1,9,4,0,6,7,7,8,8,4,
20,1,9,2,0,10,10,10,10,10,3,
18,1,8,4,0,6,6,7,7,8,4,
18,1,8,4,0,6,7,7,7,8,4,
18,0,8,2,0,5,6,6,7,7,2,
19,1,8,4,0,5,6,6,7,7,4,
19,1,8,3,0,5,5,6,6,7,3,
20,0,8,2,0,5,6,7,7,8,2,
19,0,8,3,0,6,6,6,7,8,3,
18,0,8,4,0,5,6,6,7,8,4,
18,1,8,3,0,6,6,7,7,8,3,
18,1,8,4,0,6,6,7,7,8,4,
18,1,8,5,0,6,6,7,7,8,5,
18,1,8,5,0,6,6,7,7,8,5,
28,0,17,0,11,14,16,16,16,17,0,
18,1,8,5,0,6,7,7,7,8,5,
18,1,7,4,0,5,6,6,7,7,4,
20,0,7,2,0,5,7,6,6,7,2,
19,1,8,3,0,6,6,6,7,8,4,
18,1,7,5,0,5,6,6,7,7,5,
19,2,9,3,0,7,7,7,7,8,3,
17,2,9,4,0,6,7,7,7,8,4,
17,2,9,4,0,7,7,7,8,8,5,
18,1,8,4,0,6,6,6,7,8,4,
21,1,11,4,0,8,6,6,7,11,4,
28,2,18,4,0,6,6,6,7,17,4,
18,1,8,4,0,6,6,7,7,8,4,
22,12,8,4,0,6,6,7,7,8,4,
18,2,8,4,0,6,6,7,7,8,4,
18,2,8,3,0,6,7,7,7,8,4,
18,2,8,4,0,6,7,7,7,8,5,
18,2,8,4,0,7,7,7,7,8,4,
18,2,8,5,0,6,7,7,7,8,5,
18,2,8,5,0,6,7,7,7,8,5,
27,2,9,14,0,6,7,7,7,8,18,
17,2,8,5,0,6,7,7,7,8,5,
17,2,9,5,0,7,7,7,8,8,5,
24,1,11,4,0,6,6,6,7,7,4,
20,1,10,4,0,6,6,6,7,10,4,
18,1,8,4,0,6,6,7,7,8,5,
18,1,8,4,0,6,6,7,6,7,4,
18,2,8,4,0,6,6,7,7,8,4,
18,1,8,4,0,6,6,7,7,8,4,
18,6,8,3,0,5,6,7,7,8,3,
18,1,8,4,0,6,6,7,7,8,4,
18,2,8,4,0,6,7,7,7,8,5,
18,2,8,4,0,6,7,7,7,8,4,
18,2,8,5,0,6,7,7,7,8,5,
18,2,9,4,0,6,7,7,7,8,5,
19,0,7,1,0,5,6,6,6,7,1,
17,3,8,5,0,7,7,7,8,8,5,
17,2,9,5,0,7,7,7,8,8,5,
30,0,9,0,2,6,7,7,8,9,1,
18,1,8,4,0,6,6,6,7,8,4,
18,1,8,4,0,6,6,6,7,8,4,
18,1,8,4,0,7,6,6,6,8,4,
18,1,8,4,0,6,7,7,7,8,4,
18,1,8,4,0,6,7,7,7,8,5,
18,1,8,4,0,6,7,9,7,8,5,
18,1,8,4,0,6,7,7,7,8,5,
18,1,8,4,0,6,7,7,7,8,5,
18,1,8,3,0,6,7,7,7,8,3,
18,1,7,5,0,5,6,6,6,7,5,
18,2,8,4,0,6,7,7,7,8,4,
18,2,8,5,0,7,7,7,7,8,5,
18,2,9,4,0,7,7,7,8,8,4,
18,1,8,4,0,6,8,6,7,7,4,
18,1,8,4,0,6,6,6,7,8,4,
21,1,10,4,0,6,6,6,7,10,4,
18,1,8,3,0,6,6,6,7,8,3,
18,1,8,4,0,6,6,6,7,8,4,
18,1,8,3,0,6,6,7,7,8,3,
18,1,8,3,0,6,6,7,7,8,3,
19,1,9,4,0,7,6,7,7,9,5,
18,1,8,3,0,6,6,7,7,8,3,
18,1,8,3,0,6,7,7,7,8,3,
19,1,8,4,0,6,7,7,7,8,5,
18,2,8,4,0,6,7,7,7,8,5,
18,1,8,4,0,5,6,6,7,7,4,
18,2,8,5,0,6,7,7,8,8,5,
21,1,8,4,0,6,6,7,7,8,4,
17,1,8,4,0,5,6,6,7,7,4,
18,0,8,3,0,6,6,6,7,8,3,
18,1,8,4,0,6,6,6,7,8,4,
18,1,8,3,0,5,6,7,7,8,3,
18,0,8,3,0,6,6,7,7,8,3,
22,0,10,3,0,6,6,6,7,10,3,
18,1,8,5,0,6,7,7,7,8,5,
18,1,8,4,0,6,6,7,7,8,5,
18,1,8,3,0,6,7,7,7,8,3,
28,1,8,5,0,6,7,18,7,8,5,
18,1,7,3,0,5,6,6,6,7,4,
18,5,8,4,0,6,7,7,7,8,4,
18,1,9,3,0,7,7,7,8,8,3,
19,2,9,5,0,7,7,7,8,8,5,
19,2,9,3,0,7,7,7,8,9,3,
23,1,8,4,0,6,13,6,7,8,4,
18,1,8,2,0,6,6,6,7,8,3,
18,1,8,4,0,6,6,7,7,8,4,
18,3,8,3,0,5,6,7,7,7,3,
18,1,8,4,0,6,6,7,7,8,4,
18,1,8,4,0,6,6,7,7,8,4,
18,1,8,3,0,6,6,7,7,8,3,
18,1,8,4,0,6,6,7,7,8,5,
25,2,11,5,0,7,7,7,8,11,5,
18,1,8,3,0,6,6,7,7,8,3,
18,1,8,4,0,6,6,7,7,8,4,
20,1,8,4,0,6,7,10,7,8,4,
18,2,8,4,0,6,7,7,7,8,4,
18,2,8,4,0,6,7,7,7,8,5,
18,2,8,4,0,6,7,7,7,8,4,
18,2,9,6,0,6,7,7,7,8,6,
18,1,8,2,0,6,6,6,7,8,2,
18,1,8,3,0,6,6,6,7,7,3,
29,1,20,4,0,6,7,7,8,20,4,
18,1,8,4,0,6,7,6,6,8,4,
18,2,9,5,0,7,7,8,8,9,6,
18,5,9,5,0,6,7,7,8,8,5,
18,2,9,5,0,7,7,8,8,9,5,
19,2,9,6,0,7,7,8,8,9,6,
18,1,8,5,0,6,7,7,7,8,5,
18,2,9,5,0,7,7,8,8,9,6,
21,1,11,5,0,8,7,7,7,11,5,
18,1,8,5,0,6,7,7,7,8,5,
18,1,8,5,0,6,7,7,7,8,5,
18,2,8,5,0,6,7,7,7,8,5,
18,1,9,5,0,6,7,7,7,8,5,
19,1,8,3,0,6,6,6,6,8,3,
18,1,9,5,0,6,7,7,7,8,5,
18,2,9,5,0,6,7,8,8,9,5,
18,1,8,3,0,5,6,7,7,8,3,
18,2,9,4,0,7,7,8,8,9,4,
18,2,9,5,0,7,7,7,8,9,5,
18,1,8,4,0,6,7,6,6,7,4,
18,2,10,5,0,7,8,8,8,9,5,
18,2,9,8,0,8,8,8,8,9,8,
18,1,8,4,0,6,6,7,7,8,5,
18,1,8,3,0,6,6,7,7,8,3,
18,2,9,5,0,7,7,8,8,9,6,
22,1,8,4,0,6,6,7,13,8,4,
18,2,9,5,0,7,7,7,7,8,5,
18,7,9,2,0,6,7,7,7,8,2,
18,2,8,5,0,6,7,7,7,8,5,
19,2,9,4,0,6,7,7,7,8,4,
19,2,9,4,0,7,7,7,7,9,4,
18,2,9,5,0,7,7,7,7,9,5,
18,1,8,4,0,6,6,6,6,8,4,
18,1,8,4,0,6,6,6,7,8,4,
18,1,8,4,0,6,6,6,7,8,4,
18,1,8,4,0,6,6,7,7,8,4,
19,1,8,4,0,6,6,6,7,8,4,
18,1,8,4,0,6,6,7,7,8,5,
20,1,8,4,0,6,6,6,7,8,4,
24,2,11,5,0,6,7,7,7,11,5,
18,1,8,5,0,6,6,7,7,8,5,
18,1,8,4,0,6,6,7,7,8,5,
19,1,8,5,0,6,7,9,7,8,5,
19,0,9,2,0,5,6,6,6,8,2,
26,2,16,5,0,6,9,7,7,16,5,
18,1,8,5,0,6,7,7,7,8,5,
18,1,9,8,0,6,7,7,7,8,8,
19,2,9,5,0,6,7,7,7,8,5,
18,2,9,5,0,7,7,7,7,9,5,
18,2,9,5,0,6,7,7,8,9,5,
18,2,9,4,0,7,7,7,8,9,4,
21,2,9,5,0,6,7,8,8,9,6,
18,0,7,3,0,5,5,5,6,7,3,
18,2,9,4,0,7,7,7,8,9,5,
27,1,18,2,0,14,16,16,16,18,2,
27,1,8,4,0,6,6,17,7,8,5,
18,1,8,4,0,6,6,7,7,8,5,
18,1,8,4,0,6,6,7,7,8,4,
18,1,8,4,0,6,6,7,7,8,4,
24,1,8,14,0,6,7,7,7,8,14,
21,1,9,4,0,7,7,7,7,8,4,
18,2,9,5,0,6,7,7,7,8,5,
18,2,9,5,0,6,7,7,7,8,5,
18,6,9,2,0,6,8,8,8,9,2,
19,2,9,4,0,7,7,7,8,9,4,
18,2,9,4,0,7,7,7,8,9,5,
18,2,9,3,0,7,7,7,7,9,3,
18,2,9,4,0,7,7,7,8,9,4,
18,2,9,5,0,6,7,8,8,9,5,
20,2,8,5,0,6,7,7,7,8,5,
18,1,8,4,0,6,6,6,7,8,4,
18,1,8,4,0,5,6,7,7,8,4,
18,1,8,4,0,6,6,7,7,8,4,
18,1,8,4,0,6,6,7,7,8,5,
18,1,8,3,0,6,6,7,7,8,4,
18,1,8,3,0,6,7,7,7,8,3,
18,2,9,4,0,7,8,8,8,9,4,
18,2,9,6,0,7,8,8,8,9,6,
29,0,0,0,0,0,0,0,0,0,0,
19,2,9,3,0,7,7,7,8,9,3,
19,2,9,5,0,6,7,7,7,8,5,
18,5,9,4,0,7,7,7,7,9,4,
19,0,8,4,0,6,6,6,7,8,4,
25,2,9,5,0,16,7,7,8,9,5,
18,1,8,4,0,5,6,6,7,8,4,
17,1,9,5,0,7,7,7,7,8,5,
18,1,8,4,0,5,6,6,7,8,4,
28,1,18,4,0,6,6,6,7,18,4,
18,1,8,4,0,5,6,7,7,8,4,
18,1,8,4,0,6,6,7,7,8,4,
18,2,9,5,0,7,7,8,8,9,6,
18,1,8,4,0,6,6,7,7,8,5,
18,1,8,5,0,6,7,7,7,8,5,
21,1,11,5,0,8,7,7,7,11,5,
18,2,8,3,0,6,7,7,7,8,3,
18,1,8,4,0,6,7,7,7,8,4,
18,1,8,5,0,6,7,7,7,8,5,
18,2,9,5,0,6,7,7,7,8,5,
18,2,8,4,0,6,7,7,7,8,4,
18,2,9,5,0,6,7,7,7,8,5,
19,1,8,6,0,5,6,6,7,8,7,
18,1,8,4,0,5,6,6,7,8,4,
18,1,8,4,0,5,6,7,7,8,4,
18,1,8,4,0,6,6,6,7,8,4,
19,1,8,4,0,5,9,7,7,8,4,
18,1,8,4,0,6,6,7,7,8,4,
23,1,10,4,0,5,6,6,7,10,4,
18,1,8,4,0,6,6,7,7,8,5,
18,1,8,4,0,6,6,7,7,8,5,
18,1,8,3,0,6,6,7,6,8,4,
21,1,8,4,0,6,7,7,7,8,4,
18,1,8,5,0,6,7,7,7,8,5,
18,2,8,1,0,6,7,7,7,8,2,
18,1,8,4,0,6,7,7,7,8,4,
18,0,7,3,0,5,6,6,6,7,3,
18,2,8,5,0,8,7,7,7,8,5,
19,0,8,4,0,5,6,6,6,8,4,
19,1,8,4,0,6,6,6,7,8,4,
20,2,8,5,0,6,7,7,7,8,5,
18,1,8,4,0,6,6,6,7,8,4,
18,1,8,3,0,6,6,7,7,8,4,
18,1,8,4,0,6,6,6,7,8,4,
18,1,8,4,0,5,6,6,7,8,4,
19,1,8,4,0,6,6,7,7,8,4,
26,1,12,5,0,6,7,7,7,12,5,
18,1,8,4,0,6,7,7,7,8,5,
18,1,8,4,0,6,6,7,7,8,5,
18,1,8,5,0,6,7,7,7,8,5,
20,1,8,4,0,5,6,7,7,8,5,
23,13,8,5,0,6,7,7,7,8,5,
18,5,9,1,0,5,7,7,7,8,1,
19,2,9,3,0,6,7,7,7,8,3,
19,0,8,3,0,5,6,6,6,7,3,
30,1,8,2,0,6,6,6,6,8,3,
26,2,9,5,0,6,7,16,7,8,5,
18,1,8,4,0,6,6,6,6,8,4,
19,2,9,4,0,5,6,8,8,9,4,
17,4,8,5,0,6,7,7,8,8,5,
18,1,8,4,0,5,6,6,7,8,4,
18,1,8,3,0,6,7,7,7,8,4,
18,1,8,4,0,6,7,7,7,8,5,
18,1,8,4,0,6,7,7,7,8,5,
18,1,8,4,0,6,7,7,7,8,4,
38,1,28,4,0,6,7,7,7,8,5,
19,1,8,4,0,6,7,7,7,8,5,
18,2,8,5,0,6,7,8,7,8,5,
20,2,11,5,0,6,7,7,7,10,5,
18,1,8,4,0,6,7,7,7,8,5,
18,1,9,5,0,6,7,7,7,8,5,
18,0,8,5,0,5,6,6,6,7,6,
19,1,8,4,0,5,6,6,6,8,4,
18,0,8,4,0,5,6,6,6,7,4,
18,1,8,4,0,6,6,6,6,7,4,
17,1,8,3,0,5,7,6,6,7,3,
20,1,9,3,0,6,7,8,8,9,3,
18,1,8,7,0,7,7,7,8,8,7,
21,1,8,4,0,11,6,7,7,8,4,
18,2,8,4,0,6,6,7,7,8,4,
28,1,8,5,0,6,8,7,7,8,5,
18,1,8,4,0,6,7,7,7,8,4,
18,1,8,3,0,6,7,7,7,8,3,
18,0,7,4,0,5,6,6,6,7,4,
19,0,7,4,0,5,6,6,6,7,4,
21,1,8,3,0,6,7,7,7,8,3,
19,0,8,3,0,5,6,6,6,7,3,
18,0,8,4,0,5,6,6,6,7,4,
18,1,8,3,0,6,7,7,7,8,3,
19,1,8,7,0,5,6,6,6,7,7,
18,1,8,4,0,5,6,7,7,8,4,
18,1,8,4,0,5,6,7,7,8,4,
18,1,8,4,0,6,6,7,7,8,4,
18,1,8,4,0,6,6,7,7,8,4,
18,1,8,4,0,5,6,7,7,8,4,
20,1,10,5,0,9,10,10,10,10,5,
18,1,8,4,0,6,7,7,7,8,4,
27,1,17,4,0,6,7,7,7,16,4,
18,1,8,4,0,6,6,7,7,8,4,
18,1,8,3,0,6,7,7,7,8,3,
21,1,11,3,0,9,7,7,7,11,3,
18,1,8,3,0,6,7,7,7,8,3,
18,1,7,4,0,5,6,6,6,7,4,
19,0,8,3,0,5,6,6,6,7,3,
18,1,9,5,0,6,7,7,7,8,5,
19,1,8,4,0,5,6,6,6,7,4,
19,1,8,4,0,5,6,6,6,7,4,
20,0,8,4,0,6,7,7,7,8,4,
18,0,6,0,0,3,4,5,5,6,1,
18,1,8,3,0,6,6,7,7,8,3,
18,1,8,4,0,5,6,7,7,8,4,
18,1,8,3,0,6,6,7,7,8,3,
18,1,8,5,0,6,7,7,7,8,5,
20,1,10,3,0,6,10,10,10,10,3,
18,1,8,3,0,6,7,7,7,8,3,
18,1,8,4,0,6,6,7,7,8,4,
18,1,8,3,0,5,6,7,6,8,3,
20,1,8,4,0,6,6,7,7,8,4,
18,1,8,4,0,6,7,7,7,8,4,
18,5,8,3,0,6,7,7,7,8,3,
18,1,8,4,0,6,7,7,7,8,4,
18,1,8,5,0,6,7,7,7,8,5,
19,0,8,3,0,6,6,6,6,7,3,
18,1,8,5,0,6,7,7,7,8,5,
18,0,8,4,0,5,6,6,6,7,4,
18,1,8,3,0,5,6,6,7,8,4,
18,0,7,3,0,4,5,6,6,7,3,
18,1,8,4,0,5,6,7,7,8,4,
18,0,8,4,0,5,6,7,7,8,4,
18,1,8,4,0,5,6,7,7,8,4,
18,1,8,4,0,5,6,7,7,8,4,
24,1,10,4,0,6,7,7,7,10,5,
18,1,8,4,0,6,6,7,7,8,4,
18,1,8,3,0,6,7,7,7,8,3,
29,1,8,4,0,6,6,19,7,8,5,
18,2,8,5,0,6,7,7,7,8,5,
18,2,8,4,0,6,7,7,7,8,4,
19,1,9,3,0,6,7,7,7,8,3,
19,1,8,5,0,5,6,6,7,7,5,
19,0,8,2,0,5,6,6,6,7,2,
19,0,8,3,0,5,6,6,6,7,3,
21,0,11,2,0,5,6,6,6,11,2,
17,0,7,3,0,5,7,6,6,7,3,
18,0,8,2,0,6,7,7,7,8,3,
18,3,7,4,0,5,6,7,7,7,4,
18,0,8,3,0,6,6,7,7,8,3,
18,1,8,3,0,5,6,7,7,8,3,
18,1,8,4,0,5,6,7,7,8,4,
18,1,8,4,0,5,7,7,7,8,4,
19,1,9,3,0,7,6,6,6,9,4,
18,1,8,4,0,6,7,7,7,8,5,
18,1,8,4,0,6,7,7,7,8,5,
18,1,8,4,0,6,7,7,7,8,5,
18,1,8,4,0,6,7,7,7,8,4,
18,1,8,5,0,6,7,7,7,8,5,
18,1,7,4,0,5,6,6,6,7,4,
20,0,7,4,0,5,6,6,6,7,4,
19,1,8,4,0,5,6,6,6,8,4,
18,1,8,4,0,5,6,6,7,8,4,
18,0,8,4,0,5,6,7,7,8,4,
17,1,7,4,0,5,7,6,6,7,4,
18,1,8,4,0,6,7,7,7,8,4,
18,1,8,6,0,6,6,7,7,8,6,
18,1,8,4,0,5,7,7,7,8,4,
18,1,8,4,0,5,6,7,7,8,4,
18,0,8,5,0,5,7,7,7,8,5,
18,1,8,4,0,6,6,7,7,8,4,
18,1,8,4,0,6,6,7,7,8,4,
18,5,8,1,0,5,7,7,7,8,1,
18,1,8,4,0,6,7,7,7,8,5,
33,0,8,2,0,5,6,11,6,8,2,
18,1,8,4,0,6,7,7,7,8,5,
20,2,8,4,0,6,7,7,10,8,4,
18,2,8,3,0,6,7,7,7,8,3,
20,1,8,5,0,6,7,7,7,8,5,
18,0,8,2,0,5,6,6,7,8,2,
18,0,8,3,0,5,6,7,7,8,3,
18,1,8,3,0,6,7,7,7,8,4,
18,1,8,3,0,6,8,7,7,8,4,
18,1,8,3,0,6,6,7,7,8,3,
25,1,10,4,0,5,6,10,10,10,4,
18,1,8,3,0,6,7,7,7,8,3,
22,12,8,3,0,6,7,7,7,8,3,
21,1,8,4,0,6,7,7,7,8,4,
18,1,8,4,0,6,7,7,7,8,4,
18,1,8,3,0,8,8,8,8,8,3,
18,0,8,4,0,5,6,6,6,7,4,
18,1,9,6,0,6,7,7,7,8,6,
18,0,8,4,0,5,6,6,6,8,4,
19,1,9,3,0,7,7,7,7,9,3,
19,2,9,4,0,7,7,7,7,8,4,
19,0,8,3,0,6,7,7,7,8,3,
19,1,9,3,0,5,6,8,8,9,4,
17,0,4,0,0,3,3,3,4,4,0,
18,0,8,2,0,5,6,6,7,8,2,
18,1,8,2,0,5,6,7,7,8,2,
18,0,8,2,0,6,6,7,7,8,2,
18,1,8,4,0,5,6,7,7,8,4,
20,1,10,4,0,7,6,7,7,10,4,
18,1,8,4,0,6,7,7,7,8,5,
18,1,8,4,0,6,7,7,7,8,5,
25,1,8,3,0,7,6,7,15,8,3,
18,1,8,3,0,6,7,7,7,8,3,
18,1,8,5,0,6,7,7,7,8,5,
18,2,8,5,0,6,7,7,7,8,5,
19,1,9,5,0,6,7,7,7,8,5,
18,1,9,4,0,7,7,7,7,9,4,
19,2,9,3,0,7,8,7,7,8,3,
24,1,14,6,0,6,6,6,7,14,6,
18,2,8,5,0,6,9,7,7,8,5,
17,2,9,5,0,7,7,7,7,9,5,
22,1,10,4,0,6,6,10,10,10,4,
18,2,9,5,0,7,7,7,7,9,5,
18,1,8,4,0,6,6,6,7,8,4,
18,3,7,4,0,6,6,9,7,7,4,
18,1,8,4,0,6,6,7,7,8,4,
18,1,8,3,0,6,7,7,7,8,3,
18,1,8,3,0,6,7,7,7,8,3,
30,0,7,6,20,5,6,6,6,7,6,
18,1,8,4,0,6,7,7,7,8,4,
20,1,8,5,0,6,7,7,7,8,5,
18,1,8,4,0,6,7,7,7,8,4,
18,2,8,4,0,6,7,7,7,8,4,
21,1,8,4,0,6,7,7,7,8,4,
19,2,9,5,0,7,7,7,7,8,5,
20,2,8,4,0,6,7,7,7,8,4,
19,2,9,5,0,6,7,7,7,8,5,
18,1,8,2,0,6,6,6,6,7,2,
18,1,8,4,0,6,6,7,6,8,4,
18,1,8,3,0,6,6,6,7,8,3,
18,1,8,3,0,6,6,7,7,8,3,
18,0,7,2,0,5,5,6,6,7,2,
21,1,9,4,0,6,6,7,7,9,4,
18,1,8,3,0,6,6,7,7,8,3,
18,1,8,3,0,6,7,7,7,8,3,
18,1,8,2,0,6,7,7,7,8,3,
18,1,8,8,0,6,7,7,7,8,8,
18,1,8,3,0,6,7,7,7,8,3,
18,1,8,3,0,6,7,7,7,8,3,
19,1,7,4,0,5,6,6,6,7,4,
18,0,7,2,0,5,6,6,6,7,2,
18,2,8,5,0,6,7,7,7,8,5,
18,3,7,3,0,5,6,6,7,7,3,
25,2,9,4,0,6,7,7,15,8,4,
17,1,8,4,0,5,6,6,6,8,4,
17,2,9,5,0,7,7,7,7,9,5,
18,1,8,4,0,6,6,7,7,8,4,
29,0,9,1,2,7,8,8,8,9,1,
18,1,8,4,0,6,6,7,7,8,4,
18,1,8,4,0,6,6,7,7,8,4,
18,1,8,4,0,6,6,7,7,8,4,
18,1,8,4,0,6,6,7,7,8,5,
19,0,7,2,0,5,6,6,6,7,3,
18,1,8,5,0,6,7,7,7,8,5,
18,1,8,6,0,6,7,7,7,8,6,
18,2,8,3,0,6,7,7,7,8,3,
18,2,8,5,0,6,7,7,7,8,5,
18,2,8,5,0,6,7,7,7,8,5,
19,2,8,5,0,6,9,7,7,8,5,
18,2,8,4,0,6,7,7,7,8,5,
21,1,10,5,0,6,7,7,10,10,5,
17,2,9,5,0,7,7,7,7,9,5,
18,1,8,3,0,6,7,7,7,8,3,
18,1,8,3,0,6,6,9,7,8,3,
18,1,8,3,0,6,6,7,7,8,3,
21,1,8,3,0,5,6,7,7,8,3,
18,2,7,2,0,5,6,6,6,7,2,
18,1,8,4,0,6,7,7,7,8,4,
18,1,8,4,0,6,7,7,7,8,4,
19,1,9,3,0,5,7,7,7,9,3,
18,1,8,4,0,6,7,7,7,8,4,
18,2,8,5,0,6,7,7,7,8,5,
18,2,8,8,0,6,7,7,7,8,8,
19,2,9,5,0,7,7,7,8,9,5,
19,1,9,3,0,7,7,7,8,8,3,
18,1,9,4,0,7,7,7,7,8,4,
19,0,9,5,0,6,7,7,8,9,6,
18,1,8,5,0,5,7,7,7,8,5,
24,1,10,3,0,6,10,10,10,10,3,
17,2,9,5,0,6,7,7,8,9,5,
18,1,8,4,0,6,7,7,7,8,4,
18,1,8,4,0,6,7,8,7,8,4,
18,1,8,4,0,6,7,7,7,8,5,
19,1,8,3,0,9,7,7,7,8,3,
18,1,8,4,0,6,7,7,7,8,5,
18,1,8,5,0,6,7,7,7,8,5,
23,1,13,2,0,5,6,6,6,13,3,
18,1,8,5,0,6,7,7,7,8,5,
18,1,8,3,0,6,7,7,7,8,3,
18,1,8,5,0,6,7,7,7,8,5,
21,1,8,2,0,6,6,6,7,8,2,
27,1,8,5,0,6,7,17,7,8,5,
18,2,8,3,0,6,7,7,8,8,3,
18,0,8,2,0,6,6,6,7,7,2,
27,2,9,5,0,7,8,8,8,8,5,
18,2,9,5,0,7,7,7,8,8,5,
18,1,8,2,0,6,7,7,7,8,2,
19,1,9,4,0,7,7,7,8,9,4,
18,2,9,3,0,9,8,8,8,9,4,
18,1,8,3,0,6,7,8,7,8,3,
20,1,8,3,0,6,7,7,7,8,3,
18,1,8,3,0,6,7,7,7,8,3,
18,5,8,1,0,5,7,7,7,8,1,
18,1,8,3,0,6,7,7,7,8,3,
18,1,8,3,0,6,7,7,7,8,3,
18,1,8,3,0,6,7,7,7,8,3,
18,1,7,4,0,5,6,6,6,7,4,
18,0,7,2,0,6,6,6,6,7,2,
20,0,9,4,0,6,6,7,8,8,4,
18,0,4,0,0,2,3,3,4,4,0,
19,1,8,4,0,6,6,7,7,8,4,
17,6,9,2,0,6,7,8,8,8,2,
18,1,8,3,0,6,7,7,7,8,3,
18,1,8,4,0,5,6,7,7,8,4,
18,1,8,4,0,7,6,6,7,8,4,
18,1,8,4,0,6,6,7,7,8,5,
18,1,8,2,0,6,7,7,7,8,3,
20,1,8,3,0,6,7,10,7,8,3,
18,1,8,4,0,6,6,7,7,8,4,
18,0,7,4,0,5,6,6,6,7,4,
18,0,6,1,0,4,5,5,5,6,1,
18,1,8,6,0,6,7,7,7,8,7,
18,0,7,3,0,5,6,6,6,7,3,
18,1,8,3,0,6,7,7,7,8,3,
18,0,7,2,0,5,6,6,7,7,2,
29,1,8,3,0,6,7,7,7,8,3,
20,1,8,3,0,6,6,7,7,7,3,
18,2,8,4,0,8,8,8,8,8,4,
18,2,8,5,0,6,7,7,8,8,5,
17,1,8,4,0,6,6,6,7,7,4,
18,0,8,3,0,6,6,6,7,7,3,
19,1,8,2,0,5,7,7,7,8,2,
18,1,8,3,0,7,6,6,6,8,4,
18,1,8,4,0,5,7,7,7,8,4,
18,1,8,3,0,5,7,7,7,8,3,
18,1,8,3,0,6,7,7,7,8,3,
18,1,8,4,0,6,7,7,7,8,4,
18,1,8,4,0,6,7,7,7,8,4,
19,1,9,3,0,6,7,7,7,9,3,
18,1,8,4,0,6,7,7,7,8,4,
18,1,8,5,0,6,7,7,7,8,5,
18,1,8,3,0,6,7,7,7,8,3,
18,1,8,3,0,6,7,7,7,8,3,
18,1,8,3,0,6,7,7,7,8,3,
18,1,8,3,0,6,7,7,7,8,3,
23,0,9,3,0,5,9,9,10,9,3,
17,1,7,7,0,5,6,6,7,7,7,
17,0,8,3,0,6,6,6,7,7,3,
17,1,7,4,0,5,6,7,7,7,4,
18,1,8,3,0,5,6,6,7,7,3,
18,1,8,4,0,5,6,7,7,8,4,
18,6,9,2,0,6,7,8,8,9,2,
18,1,8,4,0,6,6,7,7,8,4,
18,1,8,4,0,6,7,7,7,8,4,
18,1,8,5,0,6,7,7,7,8,5,
18,2,8,5,0,6,7,7,7,8,5,
18,2,8,5,0,6,7,7,7,8,5,
19,2,9,4,0,6,7,7,8,9,4,
18,0,5,2,0,3,4,4,5,5,2,
18,1,8,3,0,6,7,7,7,8,3,
18,1,8,3,0,6,7,7,7,8,3,
18,2,8,4,0,6,7,7,8,8,4,
17,1,8,2,0,5,6,6,7,7,2,
33,0,7,3,0,5,6,6,6,7,3,
25,1,15,3,0,6,6,7,7,15,3,
17,1,8,4,0,6,6,6,7,7,4,
19,1,8,3,0,6,6,9,7,7,3,
18,1,8,4,0,6,6,7,7,7,4,
18,1,8,3,0,6,6,7,7,8,3,
18,1,8,3,0,6,6,7,7,8,3,
19,0,9,7,1,6,7,7,7,8,7,
18,0,7,3,0,5,6,6,6,7,4,
18,1,8,3,0,6,7,7,7,8,3,
18,1,8,5,0,6,7,7,7,8,5,
18,0,7,3,0,6,7,6,6,7,3,
19,1,9,3,0,6,8,8,8,9,3,
19,7,10,8,0,9,9,9,10,10,8,
18,1,7,2,0,6,6,6,7,7,2,
19,1,8,2,0,6,6,7,7,7,2,
17,2,8,5,0,7,7,7,8,8,5,
17,2,9,4,0,7,7,8,8,8,4,
18,1,9,4,0,7,7,7,7,8,4,
18,2,9,4,0,7,7,8,8,8,4,
18,2,9,4,0,7,7,8,8,9,4,
18,1,8,3,0,6,7,7,7,8,3,
18,2,9,4,0,7,7,8,8,9,4,
18,1,8,4,0,6,6,7,7,8,4,
18,1,8,3,0,6,7,7,7,8,3,
19,1,8,4,0,6,7,7,7,8,4,
18,1,8,4,0,6,7,7,7,8,4,
18,1,8,4,0,6,7,7,7,8,4,
18,1,8,3,0,7,7,7,7,8,3,
18,1,8,4,0,7,7,7,7,8,4,
18,1,8,4,0,7,7,7,7,8,4,
20,1,9,5,0,9,9,9,10,9,5,
18,2,9,5,0,7,7,7,8,8,5,
17,2,9,5,0,7,7,7,8,9,5,
17,2,8,5,0,6,7,8,7,8,5,
18,2,9,5,0,6,7,7,8,9,5,
18,2,9,5,0,6,7,7,8,8,5,
18,8,10,2,0,7,8,8,9,10,3,
18,2,9,5,0,7,7,8,8,9,5,
19,0,8,0,0,5,6,8,7,8,0,
18,1,8,3,0,6,6,7,7,8,3,
18,1,8,4,0,6,6,7,7,8,5,
18,2,8,4,0,6,7,7,7,8,4,
18,2,8,4,0,6,7,7,7,8,5,
18,0,5,0,0,3,4,4,4,5,0,
18,2,9,3,0,7,7,7,8,9,4,
18,1,8,3,0,7,7,7,7,8,3,
19,2,9,5,0,7,7,7,8,8,5,
18,1,8,2,0,6,6,6,7,7,2,
23,1,9,4,0,9,9,9,9,9,5,
18,2,9,5,0,7,7,7,7,8,5,
17,2,9,5,0,7,7,7,8,8,5,
19,2,9,5,0,7,7,11,8,9,5,
18,2,9,5,0,7,7,8,8,9,5,
18,2,9,5,0,7,7,7,8,8,5,
18,2,9,5,0,7,7,8,8,9,5,
18,2,8,5,0,6,6,7,7,8,5,
18,3,9,5,0,7,7,8,8,9,5,
18,2,9,5,0,7,7,8,8,9,5,
18,2,8,5,0,6,7,7,7,8,5,
18,1,8,4,0,6,7,7,7,8,4,
19,2,9,5,0,7,7,8,8,9,5,
18,4,8,4,0,6,7,7,8,8,4,
18,2,9,3,0,6,7,7,7,8,3,
18,2,9,3,0,6,7,7,8,8,3,
18,2,8,3,0,7,7,7,7,8,3,
18,2,9,5,0,6,7,7,8,8,5,
18,2,9,3,0,7,6,7,8,8,3,
19,2,9,3,0,6,7,7,8,8,3,
18,2,9,5,0,7,7,8,8,9,5,
18,2,9,3,0,7,7,8,8,9,4,
18,2,9,4,0,7,7,8,8,9,4,
18,2,9,5,0,7,7,8,8,9,5,
18,3,9,4,0,7,7,8,8,9,4,
18,1,8,3,0,6,7,7,7,8,3,
18,2,8,3,0,6,7,7,7,8,3,
18,2,9,6,0,7,8,8,8,9,6,
18,3,9,5,0,7,8,8,8,9,5,
18,2,8,4,0,6,7,7,7,8,4,
30,1,20,1,0,17,18,19,19,20,2,
19,3,8,4,0,6,7,7,8,8,4,
18,2,8,4,0,6,7,7,7,8,4,
18,2,8,5,0,6,7,7,7,8,5,
18,2,8,3,0,6,7,7,7,8,3,
18,2,8,4,0,6,7,7,7,8,4,
27,2,9,5,0,6,7,18,8,8,5,
18,2,9,3,0,6,7,7,8,8,3,
18,2,9,5,0,7,7,8,8,9,5,
18,2,9,4,0,7,7,8,8,9,4,
18,2,9,4,0,7,7,8,8,9,4,
18,2,9,5,0,7,7,8,8,9,5,
18,2,9,5,0,7,7,8,8,9,5,
21,2,9,4,0,7,7,8,8,9,4,
18,1,8,3,0,6,7,7,7,8,4,
18,1,8,5,0,6,7,7,7,8,5,
18,2,8,5,0,6,7,7,7,8,5,
18,1,8,4,0,6,7,7,7,8,5,
18,2,8,5,0,6,7,7,7,8,5,
34,2,8,8,0,8,8,8,8,8,8,
18,2,8,5,0,6,7,7,7,8,5,
18,1,8,5,0,6,7,7,7,8,5,
20,2,8,5,0,7,7,7,7,8,5,
18,2,9,4,0,7,7,8,8,9,4,
18,2,9,5,0,6,7,8,8,9,5,
18,1,8,3,0,6,6,7,7,8,3,
18,2,9,6,0,6,7,8,8,9,6,
18,2,9,5,0,7,7,8,8,9,5,
18,2,9,5,0,7,7,8,8,9,5,
18,1,8,2,0,6,6,7,7,8,2,
18,1,8,5,0,6,7,7,7,8,5,
22,3,12,4,0,5,8,9,9,12,4,
18,0,7,4,0,5,6,6,6,7,4,
18,2,8,5,0,6,7,7,7,8,5,
18,1,8,3,0,6,7,7,7,8,3,
18,1,8,5,0,6,7,7,7,8,5,
18,1,8,5,0,6,7,7,8,8,5,
23,13,11,5,0,8,7,7,7,10,5,
24,2,14,4,0,6,6,6,6,14,4,
18,2,8,5,0,7,7,7,7,8,5,
17,2,8,5,0,7,7,7,7,8,5,
17,1,8,4,0,6,6,6,7,7,4,
18,1,8,5,0,6,6,7,7,8,5,
18,1,8,4,0,6,6,7,7,8,4,
18,2,8,4,0,7,7,7,7,8,4,
18,1,8,2,0,6,7,7,7,8,3,
18,1,8,5,0,7,7,7,7,8,5,
18,1,8,4,0,6,6,7,7,8,5,
19,1,8,3,0,6,7,6,6,8,3,
18,1,8,4,0,6,7,7,7,8,4,
18,1,8,3,0,7,7,7,8,8,4,
18,1,8,3,0,6,7,7,7,8,3,
18,2,8,4,0,6,7,7,7,8,4,
18,2,8,5,0,6,7,8,7,8,5,
20,2,8,3,0,6,7,7,7,8,3,
18,2,8,4,0,6,7,7,7,8,4,
18,5,8,4,0,7,7,7,7,8,4,
17,2,8,5,0,7,7,7,7,8,5,
20,2,8,5,0,6,7,7,7,8,5,
17,1,8,2,0,6,6,7,7,7,3,
20,1,10,3,0,6,6,7,7,10,4,
18,1,8,3,0,6,6,7,7,8,3,
20,1,8,3,0,6,7,7,7,8,3,
18,2,9,5,0,7,7,8,8,9,6,
18,1,8,3,0,6,6,7,7,8,4,
18,1,8,4,0,6,6,7,7,8,5,
18,1,8,3,0,6,7,7,7,8,3,
