26,0,2,3,7,6,0,6,7,0,2,3,5,6,7,0,7,3,6,6,7,
31,0,3,4,6,5,0,6,6,0,3,5,5,6,6,0,6,3,6,6,6,
25,0,3,5,6,6,0,6,7,0,3,5,5,7,7,0,6,3,6,7,7,
23,0,3,5,6,6,0,6,6,0,3,5,5,7,7,0,6,3,6,7,7,
23,0,5,7,9,8,3,8,9,0,5,7,7,9,9,2,8,5,8,9,9,
23,0,3,5,7,6,1,7,7,0,3,5,6,7,7,0,7,3,6,7,7,
23,0,3,4,6,5,0,6,6,0,3,4,5,6,6,0,6,3,6,6,6,
23,0,5,6,8,7,2,8,8,0,5,6,7,8,8,2,8,5,7,8,8,
23,0,5,6,9,7,2,8,8,1,5,7,7,8,8,2,8,5,8,8,8,
23,0,5,6,8,8,2,8,8,0,5,6,7,8,8,2,8,5,8,8,8,
25,0,5,8,9,8,2,8,10,1,5,8,8,9,9,2,10,8,8,9,9,
23,0,5,6,8,7,2,8,8,0,5,6,7,8,8,2,8,5,8,8,8,
24,0,5,6,9,7,2,8,8,0,5,7,7,8,10,2,8,5,8,8,10,
22,0,4,6,8,7,2,8,8,0,4,7,7,8,8,2,8,4,8,8,9,
22,0,5,7,8,8,2,8,8,1,5,7,7,8,8,2,8,5,8,9,9,
22,0,5,7,8,8,2,8,8,0,5,7,7,8,8,2,8,6,8,9,9,
22,0,6,7,8,8,3,8,8,0,5,7,7,9,9,2,8,6,8,9,9,
25,0,5,7,11,8,3,8,9,0,5,7,8,9,12,2,8,6,8,9,12,
24,0,3,5,8,7,3,8,8,0,3,5,7,8,8,3,8,4,7,8,9,
23,0,4,6,7,7,1,7,7,0,4,6,6,7,8,1,7,5,7,8,8,
23,0,4,6,7,7,1,8,8,0,4,6,7,8,8,1,8,5,7,8,8,
23,0,2,4,7,7,2,7,7,1,2,4,6,7,7,2,7,2,7,7,7,
23,0,3,6,6,5,0,6,6,0,3,6,5,6,6,0,6,3,6,6,6,
26,0,5,5,7,6,0,6,7,0,5,5,6,7,7,0,7,5,6,7,7,
23,1,3,4,6,5,0,5,6,1,3,5,5,6,6,0,6,3,5,6,6,
23,0,3,4,6,5,0,6,6,0,3,4,5,6,6,0,6,3,5,6,6,
23,0,5,6,8,8,2,8,8,0,5,6,8,8,8,2,8,5,8,8,8,
26,0,5,6,8,7,2,8,8,0,5,6,7,8,8,2,8,5,7,8,8,
23,0,8,6,8,7,2,8,8,0,8,7,7,8,8,2,8,8,8,8,8,
23,0,5,7,8,7,2,8,8,0,5,7,7,8,8,2,8,5,8,8,9,
22,0,5,6,8,9,2,8,8,0,5,6,9,8,8,2,8,5,9,8,8,
24,0,9,5,9,6,1,7,7,0,8,6,6,7,10,1,7,9,7,7,10,
22,0,5,6,8,7,2,8,8,0,5,6,7,8,8,2,8,5,8,8,8,
22,0,5,6,8,7,2,8,8,0,5,6,8,8,8,2,8,5,8,8,9,
25,0,5,6,8,7,2,8,8,0,5,6,8,8,8,2,8,5,8,8,8,
22,0,4,6,7,7,1,7,7,0,4,6,7,8,8,1,7,5,7,8,8,
23,0,4,6,7,7,1,7,7,0,4,6,6,8,8,1,7,5,7,8,8,
24,0,4,6,7,7,1,7,7,0,4,6,6,8,8,1,7,5,7,8,8,
22,0,2,2,4,4,0,4,5,0,2,3,4,4,4,0,5,2,4,4,5,
27,0,2,4,6,5,0,6,6,0,2,4,5,6,6,0,6,2,5,6,6,
46,0,4,6,7,7,1,7,31,0,4,6,6,31,31,1,7,5,7,31,31,
23,0,5,6,8,7,2,7,8,0,5,6,7,8,8,1,8,5,7,8,8,
23,0,3,5,6,6,0,6,7,0,3,5,6,7,7,0,6,4,6,7,7,
23,0,7,7,7,7,1,7,9,0,7,7,7,7,8,1,8,7,7,8,8,
23,0,5,6,8,7,2,8,8,0,5,7,8,8,8,2,8,5,7,8,8,
23,0,5,6,8,7,2,8,8,0,5,6,7,8,8,2,8,5,8,8,8,
22,0,5,6,8,7,3,8,8,0,5,6,7,8,9,2,8,5,8,8,9,
22,0,5,6,8,7,2,8,8,1,5,7,7,8,9,2,8,5,8,8,9,
23,0,5,7,8,8,2,8,8,0,5,7,7,8,9,2,8,5,8,8,9,
22,0,5,7,8,7,2,8,8,0,5,7,7,8,8,2,8,5,8,8,9,
25,0,5,7,11,8,3,8,8,0,5,7,8,8,11,2,8,5,8,9,12,
25,0,5,6,8,7,2,8,8,0,5,7,7,8,8,2,8,5,8,8,9,
22,0,6,7,8,8,3,8,9,0,6,7,8,8,9,2,8,6,8,9,9,
23,0,6,7,8,8,3,8,8,0,5,7,8,8,9,2,8,6,8,9,9,
23,0,5,6,8,7,2,8,8,0,5,7,7,8,8,2,8,5,7,8,8,
23,0,4,7,8,7,2,8,8,0,4,7,7,8,8,2,8,4,7,8,8,
26,0,8,7,9,8,3,8,9,0,8,7,8,8,9,2,9,8,8,8,9,
23,2,3,5,6,6,0,6,6,2,3,5,6,6,7,0,6,4,6,7,7,
22,2,3,5,6,6,0,6,6,2,3,5,5,7,7,0,6,3,6,7,7,
24,0,2,7,6,7,1,4,5,0,2,8,4,4,6,1,5,2,7,5,6,
23,0,2,4,6,5,0,5,6,0,2,5,5,6,6,0,5,3,5,6,6,
23,0,3,5,7,6,0,6,7,0,3,5,6,7,7,0,6,3,6,7,7,
23,0,5,6,8,7,2,8,8,0,5,6,7,8,8,2,8,5,7,8,9,
22,0,5,6,8,7,2,8,8,0,5,6,7,8,8,2,8,5,8,8,8,
22,0,5,6,8,7,2,8,8,0,5,6,7,8,8,2,8,5,8,8,9,
22,0,4,5,7,6,1,7,7,0,4,6,6,7,8,1,7,4,7,7,8,
22,0,5,6,8,7,2,8,8,1,5,6,7,8,8,2,8,5,8,8,9,
22,1,3,4,6,5,1,6,6,2,3,5,5,6,6,0,6,3,6,6,7,
23,0,4,6,7,7,1,7,7,0,4,6,6,8,8,1,7,5,7,8,8,
23,0,4,6,7,7,1,7,7,0,4,6,6,7,8,1,7,5,7,8,8,
23,0,4,6,7,6,1,7,7,0,4,6,6,7,8,1,7,4,7,8,8,
25,0,4,9,9,9,1,9,10,0,4,9,9,9,9,1,10,5,9,9,9,
23,0,4,6,7,7,1,7,7,0,4,6,6,8,8,1,7,5,7,8,8,
23,0,4,6,7,7,1,7,7,0,4,6,6,8,8,1,7,5,7,8,8,
23,0,5,6,8,7,1,7,8,0,5,6,6,8,8,1,8,5,7,8,8,
23,0,5,6,8,7,1,7,8,0,5,6,7,8,8,2,7,5,7,8,8,
23,0,9,7,8,8,2,8,8,0,9,7,8,8,9,2,8,9,8,8,9,
23,0,5,6,8,7,2,8,8,0,5,6,7,8,8,1,8,5,7,8,8,
23,0,4,7,8,7,2,8,8,1,4,7,7,8,8,2,8,5,7,8,9,
22,0,4,6,7,7,4,7,8,0,4,6,7,7,8,4,8,5,7,8,8,
22,0,3,4,6,5,0,6,6,0,3,4,5,6,6,0,6,3,6,6,6,
22,0,3,5,6,5,0,6,6,0,3,5,5,6,6,0,6,3,6,6,7,
22,0,4,6,7,7,1,7,7,0,4,6,7,7,8,1,7,4,7,8,8,
23,0,4,7,6,6,1,6,7,0,3,7,6,7,7,1,6,4,6,7,7,
45,0,8,6,8,7,2,8,8,0,8,6,7,8,8,2,8,28,8,8,9,
22,0,3,5,6,5,0,6,6,0,3,5,5,6,6,0,6,3,6,7,7,
23,0,4,5,6,6,0,6,7,0,3,5,5,7,7,0,6,4,6,7,7,
24,0,4,5,6,8,0,6,6,0,3,5,7,7,7,0,6,4,8,7,7,
22,0,5,6,7,7,1,7,7,0,4,6,6,8,8,1,7,5,7,8,8,
33,0,5,6,8,7,1,7,8,0,4,6,7,8,8,1,7,5,7,8,8,
23,0,4,6,7,6,1,8,8,0,4,6,6,8,8,1,7,4,7,8,8,
23,0,4,5,7,6,1,6,7,1,4,5,6,7,7,1,6,4,6,7,7,
23,0,4,5,7,6,1,7,7,0,4,5,6,7,7,1,7,4,6,7,7,
26,0,3,4,6,5,1,5,6,0,3,4,5,6,6,0,6,3,5,6,6,
25,1,3,5,6,5,0,6,6,1,3,5,5,6,6,0,6,3,5,6,6,
26,5,2,3,6,5,0,6,6,5,2,3,5,9,6,0,6,2,5,9,6,
22,1,3,5,6,6,0,6,6,1,3,5,5,7,6,0,6,3,6,7,7,
23,1,3,4,7,6,0,6,7,1,3,5,6,7,7,0,6,3,6,7,7,
22,1,3,4,6,6,0,6,6,1,3,5,5,6,6,0,6,3,6,7,7,
23,0,5,6,6,6,0,6,7,0,6,6,6,6,6,0,7,6,6,6,6,
22,0,3,5,6,6,0,6,6,0,3,5,5,6,6,0,6,3,6,7,7,
23,0,4,6,7,7,2,7,8,0,4,6,7,8,8,2,7,5,7,8,8,
27,0,3,4,6,6,0,6,6,0,3,5,5,6,6,0,6,3,6,7,7,
22,0,4,6,7,7,1,7,7,0,4,6,6,7,7,1,7,5,7,8,8,
22,0,5,7,8,8,3,8,8,0,5,7,7,8,8,2,8,5,8,9,9,
22,0,4,6,7,7,1,7,7,0,4,6,7,7,7,1,7,4,7,8,8,
23,0,4,7,7,7,2,7,8,0,4,7,6,8,8,1,7,4,7,8,8,
23,0,3,6,7,7,4,7,8,0,3,6,7,7,8,4,8,4,7,7,8,
23,0,5,6,7,7,2,7,7,0,4,6,7,8,8,1,7,5,7,8,8,
23,0,5,6,8,7,2,8,8,0,4,6,7,8,8,2,7,5,7,8,8,
23,0,5,6,8,8,2,8,8,0,5,7,7,8,8,2,8,5,8,8,8,
23,0,6,6,7,7,1,7,8,0,6,7,7,7,7,1,8,6,7,8,8,
24,2,7,4,6,6,0,6,6,2,6,4,5,6,7,0,6,7,6,6,7,
22,0,5,6,8,8,2,8,8,1,5,7,7,8,8,2,8,5,8,8,9,
22,0,5,6,8,8,3,8,8,0,4,7,7,8,8,3,8,5,8,8,9,
22,0,5,6,8,8,2,8,8,0,5,7,8,8,8,2,8,5,8,8,8,
25,0,5,6,8,7,2,8,8,1,5,7,7,8,8,2,8,5,8,9,9,
33,0,3,5,6,5,0,6,17,0,2,5,5,6,6,0,17,3,6,7,7,
22,0,5,6,8,7,2,8,8,0,5,6,7,8,8,2,8,5,8,9,8,
22,0,4,5,7,6,1,7,7,0,4,6,6,7,7,1,7,4,7,8,8,
23,0,4,6,7,7,1,7,7,0,4,6,6,7,8,1,7,5,7,8,8,
22,0,5,6,7,7,1,7,7,0,4,6,6,7,8,1,7,5,7,8,8,
25,0,5,6,7,7,2,7,8,0,4,6,6,8,8,1,7,5,7,8,8,
23,3,2,2,5,5,0,5,6,3,1,3,4,5,6,0,5,2,5,5,6,
23,0,5,6,7,7,2,8,8,0,4,6,7,8,8,1,7,5,7,8,8,
23,0,4,5,7,6,1,7,7,0,3,5,6,7,7,0,6,4,6,7,7,
23,0,5,6,8,7,2,8,8,0,5,6,7,8,8,2,7,5,7,8,8,
23,0,5,6,8,7,2,8,8,1,5,7,7,8,8,2,8,5,7,8,8,
26,0,5,6,8,7,2,7,8,0,5,6,6,8,8,1,7,5,7,8,8,
22,0,5,6,8,7,2,8,8,0,5,7,7,8,8,2,8,5,7,8,8,
32,1,3,5,6,5,0,6,6,2,3,5,5,6,6,0,6,3,5,6,6,
24,2,4,6,7,6,1,7,7,3,4,6,6,7,7,0,7,4,6,7,7,
22,0,4,5,5,5,0,5,6,0,4,5,5,6,6,0,6,4,5,6,6,
22,1,3,5,6,5,0,6,7,2,3,5,5,6,6,0,6,3,6,6,7,
24,0,5,10,8,7,3,8,9,0,5,11,7,8,8,3,8,5,7,8,9,
22,0,4,5,7,6,1,7,8,0,4,6,6,7,7,1,7,5,7,7,8,
22,0,6,7,8,8,3,8,8,1,5,7,7,9,9,2,8,6,8,9,9,
22,0,6,7,8,8,3,8,9,1,5,7,7,9,9,2,8,6,8,9,9,
34,0,5,6,18,7,2,7,8,0,4,6,6,8,19,1,7,5,7,8,19,
23,0,4,6,9,8,4,8,9,0,4,6,8,8,9,4,8,4,8,9,9,
23,0,5,6,9,8,6,8,10,1,5,7,8,8,10,6,9,6,8,8,10,
23,0,5,6,9,8,3,9,9,1,5,6,8,9,9,3,8,5,8,9,9,
23,0,4,5,8,7,3,7,8,0,4,5,7,8,8,2,8,5,7,8,8,
23,0,4,4,8,8,2,7,8,0,4,4,8,7,8,2,8,4,8,8,8,
662,200,0,2,6,5,1,5,6,200,0,3,4,6,7,1,6,1,5,6,7,
26,0,2,5,7,6,1,7,7,1,2,5,6,7,7,1,7,2,6,8,7,
22,0,3,6,8,8,3,8,8,0,3,6,7,8,9,3,8,3,8,8,9,
22,0,4,7,8,8,3,8,8,0,3,7,7,8,9,2,8,4,8,8,9,
24,0,5,5,8,7,3,7,8,0,5,6,7,8,8,3,8,5,8,8,8,
23,0,3,5,6,5,0,5,6,0,3,6,5,6,6,0,5,3,5,6,6,
25,0,8,6,8,7,2,8,8,0,8,6,7,8,8,2,8,8,7,8,8,
23,0,5,6,8,7,2,7,8,0,5,6,7,8,8,2,7,5,7,8,8,
23,0,2,4,6,5,0,6,6,0,2,4,5,6,6,0,5,2,5,6,6,
23,0,6,7,8,9,3,8,8,1,6,7,9,9,9,3,8,6,9,9,9,
25,0,5,7,8,7,2,7,8,0,5,7,7,8,8,2,8,5,7,8,8,
23,0,2,5,7,6,1,7,7,1,2,6,6,7,7,1,6,2,6,7,7,
23,0,5,6,8,7,2,8,8,1,5,7,7,8,8,2,8,5,8,8,9,
23,0,3,4,6,5,0,6,6,1,3,5,5,6,6,0,6,3,5,6,6,
22,0,5,6,8,7,2,8,8,1,5,7,7,8,8,2,8,5,7,8,8,
22,0,5,6,8,7,2,8,8,0,5,7,7,8,8,2,8,5,7,8,9,
23,0,5,6,8,7,2,7,7,0,5,7,7,8,8,2,7,5,7,8,8,
25,0,5,6,8,7,3,8,8,1,5,6,7,9,8,2,8,5,8,9,9,
23,0,2,4,6,5,0,6,6,0,2,5,5,6,6,0,6,3,5,6,6,
22,1,3,4,6,5,0,6,6,1,3,5,5,6,6,0,6,3,5,6,6,
24,0,3,5,6,5,0,6,6,0,3,5,5,6,6,0,6,4,6,7,7,
22,0,1,2,4,3,0,3,4,0,1,2,3,4,4,0,4,1,3,4,4,
23,0,5,6,8,7,2,7,8,3,5,7,7,8,8,2,7,5,7,8,8,
23,0,5,6,8,7,2,7,8,0,5,6,7,8,8,1,7,5,7,8,8,
23,0,5,7,8,8,3,8,8,0,5,7,7,8,9,2,8,5,8,9,9,
22,0,4,6,8,7,2,7,8,0,4,6,6,8,8,1,7,5,7,8,8,
23,0,5,6,8,7,2,8,8,1,5,7,7,8,8,1,8,5,7,8,8,
23,0,5,6,8,7,2,8,8,1,5,7,7,8,8,2,8,5,8,8,8,
24,0,4,5,8,6,1,7,7,0,4,6,6,7,8,1,6,4,6,7,8,
26,0,5,6,8,7,2,7,8,0,5,7,7,8,8,2,8,5,7,8,8,
23,0,5,6,8,7,2,8,8,0,5,6,7,8,8,2,8,5,7,8,8,
26,0,5,6,12,7,2,8,8,0,5,7,7,8,13,1,8,5,7,8,13,
22,0,3,5,7,7,0,6,7,0,3,5,7,7,7,0,7,3,7,7,7,
22,0,5,8,8,7,2,8,8,1,5,8,7,8,8,2,8,5,7,8,8,
27,0,9,7,11,8,2,8,9,1,9,7,7,9,11,2,9,9,8,9,11,
22,0,2,4,6,6,0,6,6,0,2,5,5,6,6,0,6,2,6,7,6,
22,0,5,7,8,8,3,8,8,0,5,7,7,8,8,2,8,6,8,8,8,
22,0,3,5,6,7,0,6,6,0,3,5,6,6,6,0,6,3,7,6,6,
22,0,6,7,8,8,3,8,8,0,5,7,7,8,8,2,8,6,8,8,9,
22,0,8,6,7,7,2,7,7,0,7,6,6,7,8,1,7,8,7,8,8,
22,0,4,6,7,7,1,7,7,0,4,6,6,7,7,1,7,4,7,8,8,
22,0,6,7,8,8,3,9,9,1,6,7,8,9,9,2,9,6,8,9,9,
22,0,5,6,7,7,2,7,7,0,4,6,7,7,8,1,7,5,7,8,8,
23,0,4,5,8,6,4,7,8,0,4,5,6,8,8,3,8,4,6,8,8,
26,9,3,4,6,5,0,6,6,10,3,5,5,6,6,0,6,3,5,6,6,
25,5,2,3,6,5,0,5,6,5,2,3,5,5,6,0,6,2,5,8,6,
22,0,5,6,7,7,2,8,8,0,5,6,7,8,8,1,7,5,7,8,8,
23,0,1,4,6,5,0,6,6,0,1,5,5,6,6,0,6,2,5,6,6,
22,0,5,7,8,7,2,8,8,0,5,7,7,8,8,2,8,5,7,8,8,
24,0,5,6,10,10,2,10,11,0,5,10,10,10,10,2,11,5,10,10,10,
22,0,2,4,6,5,0,6,6,0,2,5,5,6,6,0,6,2,5,6,6,
22,0,4,5,7,6,1,7,7,0,4,6,6,7,7,1,7,4,7,7,7,
22,0,5,6,8,7,2,8,8,1,5,7,7,8,8,2,8,5,8,8,9,
32,0,4,5,7,7,1,7,17,0,4,6,6,7,7,1,17,4,7,7,7,
22,0,4,5,7,6,1,7,7,0,4,6,6,7,7,1,7,4,7,7,8,
22,0,4,5,7,6,1,7,7,0,4,6,6,7,7,1,7,4,6,7,7,
33,0,4,5,7,6,1,6,7,1,3,6,6,7,7,1,7,4,6,7,7,
22,0,3,4,6,5,3,6,6,2,3,5,5,6,6,2,6,3,6,6,6,
22,0,3,5,6,6,0,6,6,0,3,5,5,6,6,0,6,4,6,7,7,
23,0,4,5,6,6,0,6,6,0,3,5,5,7,7,0,6,4,6,7,7,
22,0,4,5,6,6,0,6,7,0,3,5,6,7,7,0,6,4,6,7,7,
26,0,3,8,7,6,0,6,6,0,3,8,5,6,7,0,6,4,6,7,7,
23,0,6,5,7,6,1,7,7,0,6,6,6,7,7,0,7,6,6,7,7,
23,0,3,5,7,6,1,7,7,1,3,5,6,7,7,0,6,3,6,7,7,
23,0,5,5,7,6,1,7,7,1,6,6,6,7,7,1,7,6,6,7,7,
23,0,4,5,7,6,1,7,7,1,4,6,6,7,7,1,7,4,6,7,7,
22,2,4,5,7,6,1,7,7,2,4,6,6,7,7,0,7,4,6,7,7,
22,0,5,6,8,7,2,8,8,1,5,7,7,8,8,2,8,5,8,8,8,
25,0,5,6,8,6,2,8,8,0,5,6,6,8,8,2,7,5,7,8,8,
22,0,4,5,7,6,1,7,7,0,4,6,6,7,7,1,7,4,7,7,8,
22,0,4,5,7,7,1,7,7,0,4,6,7,7,7,1,7,4,7,7,8,
23,0,4,5,7,6,1,7,7,0,4,6,6,7,7,1,7,4,7,7,8,
22,0,2,2,4,4,0,4,4,0,1,2,3,4,4,0,4,2,4,4,4,
28,0,4,6,13,7,1,7,7,3,4,6,6,7,13,1,7,5,7,8,13,
22,0,5,6,7,7,2,7,7,0,4,6,7,7,8,1,7,5,7,8,8,
22,0,5,7,8,8,2,8,8,0,5,7,7,8,8,2,8,5,8,8,9,
22,0,5,7,8,8,3,8,8,0,5,7,7,8,9,3,8,5,8,8,9,
24,0,4,6,7,7,1,7,7,0,4,6,6,7,7,1,7,4,7,7,8,
43,0,4,6,7,7,1,7,28,0,4,6,6,7,7,1,7,4,7,8,8,
22,0,4,6,7,7,2,7,7,0,4,7,7,7,8,1,7,5,7,8,8,
22,0,4,5,7,6,4,7,7,0,4,6,6,7,7,4,7,4,7,7,8,
23,0,5,6,8,7,2,7,7,0,4,6,7,7,8,1,7,5,7,8,8,
23,0,5,6,8,7,2,7,8,0,5,7,7,8,8,2,7,5,7,8,8,
22,0,4,6,7,8,1,7,7,0,4,6,7,7,8,1,7,5,8,8,8,
22,0,6,8,7,7,2,7,7,0,6,8,7,7,8,2,7,7,7,8,8,
25,0,9,6,9,7,2,7,9,0,9,6,7,8,9,2,8,9,8,8,9,
22,0,5,6,8,7,2,8,8,0,5,6,7,8,8,2,8,5,7,8,9,
22,0,5,6,8,7,2,8,8,0,5,7,7,8,8,2,8,5,7,8,8,
23,0,5,6,8,9,2,8,8,0,5,7,8,8,8,2,7,6,9,8,8,
25,0,5,6,8,7,2,8,8,0,5,7,7,8,8,2,8,5,8,8,9,
22,0,5,6,8,7,2,8,8,0,5,6,7,8,8,2,8,6,8,8,9,
22,0,2,4,6,5,0,6,6,0,2,4,5,6,6,0,6,2,6,6,7,
22,0,5,7,8,7,2,8,8,1,5,7,7,8,8,2,8,6,8,8,9,
22,0,4,6,7,7,1,7,7,0,4,6,7,7,7,1,7,5,7,7,8,
23,0,4,5,7,6,1,6,7,0,4,5,6,7,7,1,6,4,6,7,7,
23,0,2,3,4,4,0,4,5,0,2,3,4,4,4,0,5,2,4,4,5,
23,5,3,4,6,5,0,6,6,5,3,5,5,6,6,0,6,3,6,6,6,
23,0,5,6,8,7,2,7,8,0,5,6,7,8,8,2,8,5,7,8,8,
23,1,3,5,6,5,0,6,6,1,3,5,5,6,6,0,5,3,5,6,6,
23,0,5,6,7,6,1,7,7,0,5,6,6,7,7,0,7,5,6,7,7,
23,0,3,4,6,5,0,5,6,0,3,5,5,5,6,0,6,3,5,5,6,
22,0,4,5,7,6,1,7,7,0,4,6,6,7,7,1,7,4,7,7,8,
23,0,3,4,7,5,0,6,6,0,3,5,5,6,7,0,6,3,6,6,7,
25,1,3,4,6,5,0,6,6,1,3,5,5,6,6,0,6,3,6,6,6,
22,0,3,5,7,6,2,6,7,0,3,5,6,7,7,1,7,4,7,7,7,
22,0,5,6,9,8,3,8,8,0,5,6,7,8,8,2,8,5,8,8,9,
22,0,5,6,9,8,3,8,8,0,5,6,7,8,8,3,8,5,8,8,9,
22,0,4,7,7,6,0,6,7,0,4,7,6,6,7,0,6,4,6,6,7,
22,0,6,6,8,7,1,7,7,0,6,6,7,7,8,1,7,6,7,8,8,
23,0,5,6,8,7,1,7,8,0,5,6,7,8,8,1,7,5,7,8,8,
23,0,5,6,8,7,2,7,8,0,5,7,7,8,8,1,7,5,8,8,8,
23,0,4,5,7,6,0,6,7,0,4,6,6,7,7,0,6,4,6,7,7,
23,0,5,6,8,7,2,8,8,0,5,7,7,8,8,2,8,5,8,8,8,
23,0,5,6,8,7,2,8,8,0,5,7,7,8,8,2,8,5,7,8,8,
26,0,3,4,7,6,1,6,6,0,3,4,5,7,7,0,6,3,6,7,7,
23,0,4,5,8,7,3,7,8,0,4,5,7,7,8,3,8,5,8,7,9,
25,0,6,7,9,8,3,9,9,1,6,8,8,9,9,3,9,6,9,9,10,
23,0,6,6,9,8,3,8,9,0,5,6,8,8,9,3,9,6,9,8,10,
22,0,3,4,6,5,0,5,6,0,3,5,5,5,6,0,6,3,6,6,6,
22,0,6,7,9,8,3,9,9,4,6,7,8,9,9,3,9,6,9,9,9,
22,0,5,6,8,8,3,7,8,0,5,7,7,8,8,2,8,5,8,8,9,
22,0,6,7,9,8,4,8,9,1,6,8,8,8,9,3,9,6,9,9,9,
22,0,5,6,8,7,3,7,8,0,5,6,7,8,8,2,8,5,7,8,8,
22,0,5,6,8,8,3,7,8,0,5,6,7,8,8,2,8,5,8,8,9,
22,0,5,5,8,7,3,7,8,0,5,6,7,8,8,2,8,5,8,8,9,
46,9,3,5,6,5,0,5,6,9,3,5,5,6,6,0,6,3,6,6,31,
23,0,6,7,9,8,3,8,9,0,5,7,8,8,9,3,8,6,8,8,10,
23,0,5,7,8,8,3,8,8,0,5,7,8,8,8,2,8,6,8,9,9,
23,0,5,6,9,8,3,8,9,0,5,6,8,8,9,3,8,5,8,8,9,
23,0,5,5,8,9,3,8,9,0,5,6,8,8,9,3,9,5,9,8,9,
23,0,5,7,8,7,2,7,8,0,5,7,7,8,8,1,8,5,7,8,8,
23,1,4,4,6,5,0,6,6,1,4,5,5,6,6,0,6,4,5,6,6,
23,0,3,4,6,5,0,6,6,0,3,4,5,6,6,0,6,3,5,6,6,
23,0,5,6,8,8,2,8,8,1,5,6,7,8,8,2,8,5,8,8,8,
24,0,4,5,7,9,1,7,7,0,4,5,9,7,7,1,7,4,10,7,7,
22,0,4,5,7,6,1,7,7,1,4,5,6,7,7,1,7,4,7,7,7,
22,1,3,4,6,5,0,6,6,1,3,4,5,6,6,0,6,3,5,6,6,
33,0,3,15,6,5,0,6,6,0,3,16,5,7,6,0,6,4,5,7,7,
22,0,3,4,6,5,0,6,6,0,3,4,5,6,6,0,6,3,6,6,6,
22,1,3,5,6,5,0,6,6,1,3,5,5,6,6,0,6,3,6,7,6,
22,1,3,5,6,6,0,6,6,1,3,5,5,6,6,0,6,3,6,7,7,
23,0,6,6,6,6,0,6,8,0,6,6,6,6,6,0,8,6,6,7,7,
24,0,5,6,8,7,3,8,8,0,5,7,8,8,8,3,8,6,8,9,9,
24,0,5,9,9,9,2,9,10,0,5,9,9,9,9,2,10,5,9,9,9,
22,0,4,6,8,7,2,7,7,0,4,6,7,8,8,1,7,5,7,8,8,
23,0,6,8,9,8,3,8,9,0,5,8,8,9,9,3,9,6,8,9,9,
23,0,5,6,8,7,2,7,8,0,5,7,7,8,8,2,7,5,7,8,8,
23,0,5,6,8,7,2,8,8,0,5,7,7,8,8,2,8,5,8,8,8,
26,0,5,6,11,7,2,8,8,0,5,7,7,8,11,2,8,5,7,8,11,
24,0,5,7,9,8,5,8,9,0,5,7,8,8,9,4,9,5,8,8,9,
22,0,5,6,8,7,2,8,8,0,5,6,7,8,8,2,8,5,8,8,8,
22,0,5,6,8,7,2,8,8,0,5,7,7,8,8,2,8,5,8,8,8,
42,0,5,7,29,13,3,8,8,0,5,7,13,8,8,2,8,5,13,8,8,
22,0,5,6,8,8,3,8,8,0,5,7,7,8,8,2,8,5,8,9,9,
22,0,5,7,8,8,2,8,8,0,5,7,7,8,8,2,8,5,8,9,9,
22,0,5,6,8,7,2,8,8,0,5,6,7,9,8,2,8,5,7,9,9,
22,0,5,5,8,8,3,7,8,0,5,6,7,8,8,3,8,5,8,8,9,
42,0,5,6,7,7,2,27,7,0,4,6,7,8,8,1,7,5,7,8,8,
22,0,6,7,8,8,3,8,8,0,5,7,8,9,9,2,8,6,8,9,9,
25,0,5,6,8,7,2,7,8,0,4,6,7,8,8,1,7,5,7,8,8,
25,4,2,3,6,5,0,5,5,4,1,3,5,5,6,0,5,2,5,9,6,
23,0,5,6,8,7,2,7,8,0,4,6,7,8,8,2,8,5,7,8,8,
23,0,5,6,8,7,2,8,8,0,5,6,7,8,8,2,8,5,8,8,8,
23,0,3,4,6,5,0,6,6,0,3,4,5,6,6,0,6,3,6,6,6,
23,0,8,8,8,8,3,8,10,1,8,8,10,8,8,3,10,8,9,8,9,
23,0,5,6,8,7,2,7,8,0,5,6,7,8,8,2,8,5,8,8,8,
22,0,5,6,8,7,2,7,7,0,5,6,6,7,8,2,7,5,7,7,9,
42,0,6,7,9,8,3,8,9,0,26,7,8,9,9,3,9,6,9,9,9,
22,0,5,6,8,7,2,8,8,0,5,6,7,8,8,2,8,5,8,8,9,
41,1,3,4,7,5,0,6,6,1,3,26,5,6,6,0,6,3,6,6,7,
22,0,3,5,6,6,0,6,6,0,3,5,6,6,6,0,6,3,7,6,7,
22,0,3,5,7,6,0,6,6,0,3,5,5,7,7,0,6,4,6,7,7,
25,0,6,5,7,7,1,7,7,0,6,5,6,7,7,1,7,7,7,7,8,
23,0,5,6,8,7,2,7,7,0,4,6,7,8,8,1,7,5,7,8,8,
23,2,4,5,7,6,1,6,6,2,3,5,6,6,7,0,6,4,6,7,7,
23,0,4,5,7,7,1,6,6,0,3,5,6,6,7,0,6,4,7,7,7,
24,0,4,5,7,6,1,6,7,0,3,5,6,7,7,0,6,4,6,7,7,
23,0,7,5,7,6,1,6,6,0,6,5,6,7,7,1,6,7,6,7,7,
23,0,4,5,7,6,1,6,7,0,4,5,6,7,7,1,7,4,7,7,7,
23,0,4,5,7,6,1,6,7,1,4,6,6,7,7,1,7,4,7,7,7,
23,0,5,6,8,7,2,8,8,0,5,6,7,8,8,2,8,5,8,8,9,
23,0,5,6,8,7,2,7,8,0,5,6,7,8,8,2,8,5,8,8,9,
23,0,5,6,8,8,2,8,8,0,5,6,7,8,8,2,8,5,8,8,8,
24,0,3,4,6,5,1,6,6,0,3,4,5,6,6,0,6,3,6,6,7,
22,0,5,6,8,8,2,8,8,0,5,7,7,8,8,2,8,5,8,8,9,
22,0,5,7,8,8,3,8,8,0,5,7,7,8,8,2,8,5,8,9,9,
22,0,5,6,8,8,3,8,8,0,5,7,7,8,8,2,8,5,8,8,9,
33,0,3,5,6,6,0,5,6,0,3,5,5,6,7,0,6,3,6,6,7,
22,0,4,6,7,7,1,7,7,0,4,6,7,7,7,1,7,4,7,8,8,
23,0,4,5,8,7,1,7,7,0,4,6,6,7,8,1,7,4,7,7,9,
25,0,5,6,8,7,2,8,8,0,5,7,7,8,8,2,8,5,8,8,8,
23,0,5,6,7,7,2,7,7,0,4,6,7,8,8,1,7,5,7,8,8,
23,0,6,7,9,8,3,8,9,1,5,7,8,9,9,3,9,6,8,9,9,
23,0,6,7,9,8,3,8,8,1,5,7,8,9,9,2,8,6,8,9,9,
33,0,4,7,8,18,2,7,8,0,4,7,18,8,8,1,7,4,18,8,8,
25,0,6,7,9,8,3,8,9,0,6,7,8,9,9,2,9,6,8,9,9,
22,0,5,6,8,7,4,7,8,0,4,6,7,8,8,3,8,5,7,8,8,
22,0,5,6,8,7,2,7,8,0,4,6,7,8,8,2,8,5,7,8,8,
25,0,4,5,7,9,1,6,7,0,3,5,9,7,7,0,7,4,9,7,7,
22,1,3,5,6,5,0,6,6,1,3,5,5,6,6,0,6,3,6,6,6,
31,0,16,4,6,5,0,6,6,0,2,5,5,6,6,0,6,3,6,6,7,
29,0,4,5,7,6,1,14,7,0,4,5,6,14,7,1,7,4,6,14,7,
22,0,3,4,6,6,0,6,6,0,3,5,5,6,7,0,6,3,6,6,7,
22,0,3,5,6,6,0,6,6,0,3,5,5,6,7,0,6,3,6,6,7,
22,0,4,6,7,7,2,7,7,0,4,6,6,7,8,1,7,5,7,7,8,
22,0,5,6,8,7,2,7,8,0,4,6,7,8,8,1,7,5,7,8,8,
22,0,4,5,7,6,1,6,7,1,3,5,6,7,7,1,6,4,6,7,7,
28,13,4,5,7,6,1,6,7,2,3,6,6,7,7,0,7,4,6,7,7,
22,1,3,4,6,5,0,5,6,1,3,5,5,6,6,0,6,3,5,6,6,
22,0,4,5,7,6,1,6,7,1,4,6,6,7,7,1,7,4,6,7,7,
25,0,1,2,6,3,0,6,7,0,1,3,3,6,6,0,7,1,6,6,6,
23,1,3,5,6,5,0,5,6,1,3,5,5,6,6,0,6,3,5,6,6,
25,1,3,4,9,5,0,5,6,1,3,4,5,6,9,0,6,3,5,6,9,
23,0,2,3,5,4,1,5,5,0,1,3,4,5,6,1,5,2,4,5,6,
35,1,3,4,6,5,0,5,6,1,3,4,5,6,6,18,6,3,5,6,6,
23,0,3,4,6,5,0,6,6,0,3,4,5,6,6,0,6,3,6,6,6,
22,1,3,5,6,6,0,5,6,1,3,5,6,6,6,0,6,3,6,6,6,
22,1,3,5,6,5,0,6,6,1,3,5,5,6,6,0,6,3,6,6,7,
22,0,5,6,7,7,1,7,7,0,5,6,6,8,8,1,7,6,7,7,8,
22,0,4,7,7,6,1,7,7,0,4,7,6,8,8,1,7,4,7,8,8,
22,0,4,6,7,7,1,7,7,0,4,6,6,8,8,1,7,4,7,8,8,
25,0,3,5,6,9,1,6,6,0,3,5,9,6,7,0,6,4,9,7,7,
22,0,4,5,6,6,1,6,6,0,3,5,6,6,7,0,6,4,6,6,7,
22,0,5,6,7,7,2,7,7,0,4,6,7,7,8,1,7,5,7,8,8,
22,0,5,5,8,7,2,7,8,0,4,6,7,8,8,1,8,5,7,8,8,
22,0,4,5,7,6,1,6,7,1,3,5,6,7,7,0,7,4,6,7,7,
23,0,4,5,7,6,1,6,7,1,3,5,6,7,7,0,7,4,6,7,7,
24,3,5,6,7,7,0,7,7,3,5,6,7,7,7,0,7,5,7,7,7,
22,0,5,5,7,7,4,6,8,0,4,6,7,7,7,4,8,5,7,7,8,
23,0,5,6,8,7,2,7,8,0,5,6,7,8,8,1,8,5,7,8,8,
42,0,4,5,8,7,2,7,8,0,4,6,27,7,8,2,7,4,7,7,8,
22,0,5,6,8,7,2,7,8,0,5,6,7,8,8,2,8,5,7,8,8,
22,0,5,6,8,7,2,8,8,0,5,6,7,8,8,2,8,5,7,8,8,
22,0,5,6,8,7,2,8,8,1,5,6,7,8,8,2,8,5,7,8,8,
22,0,4,5,7,6,1,7,7,0,4,6,6,7,7,1,7,4,7,7,8,
22,0,5,6,8,7,2,8,8,1,5,7,7,8,8,2,8,5,8,8,8,
25,0,5,6,8,7,2,7,8,1,5,6,7,8,8,2,8,5,7,8,8,
23,3,5,6,7,7,1,7,7,3,5,6,7,8,8,0,7,6,8,8,8,
23,0,5,8,7,7,2,7,8,0,4,8,7,8,8,1,7,5,7,8,8,
23,0,4,6,7,7,2,7,7,0,4,6,7,8,8,1,7,5,7,8,8,
23,2,4,5,6,5,0,6,6,2,4,6,5,7,7,0,6,5,6,7,7,
25,0,4,6,7,7,1,7,7,0,4,6,6,7,7,1,7,4,7,8,8,
23,0,5,6,7,7,2,8,8,0,4,7,8,8,8,2,8,5,7,8,8,
22,0,6,7,8,8,3,8,9,1,5,7,8,9,9,2,9,6,8,9,9,
34,1,3,4,6,5,0,5,6,1,2,4,5,6,6,0,6,3,5,6,6,
22,1,3,5,6,6,0,6,6,2,3,5,6,7,7,0,6,4,6,7,7,
32,2,16,5,7,6,1,7,7,2,16,6,6,7,7,0,7,16,6,7,7,
22,1,3,4,6,5,0,6,6,1,2,4,5,6,6,0,6,3,6,6,6,
22,0,5,6,8,7,2,7,8,0,5,6,7,7,8,2,8,5,7,7,8,
22,0,5,6,8,8,3,7,8,0,5,6,8,8,8,3,8,5,8,8,9,
22,0,4,6,8,8,3,8,8,0,3,6,8,8,9,3,8,4,8,9,9,
23,0,5,6,8,8,3,10,8,0,4,6,8,10,9,3,8,5,8,10,9,
22,1,2,3,5,5,0,5,5,1,2,3,5,5,6,0,5,2,5,5,6,
22,0,6,6,9,8,3,8,8,0,5,6,8,8,9,3,8,6,8,9,9,
22,0,5,6,9,8,3,8,9,1,5,6,8,8,9,3,8,5,8,9,9,
23,0,5,6,9,8,3,8,9,0,5,6,8,8,9,3,9,5,8,8,9,
25,0,4,6,11,11,3,11,12,1,3,7,11,11,11,3,11,4,11,11,11,
23,0,3,5,8,7,3,7,8,0,3,5,7,8,8,2,8,3,7,8,8,
25,0,3,5,10,7,2,8,8,0,3,6,7,8,11,2,8,3,7,8,11,
24,0,2,4,8,8,4,8,8,0,2,4,7,8,9,4,8,2,8,8,9,
22,0,4,6,9,8,4,8,9,0,4,6,8,9,9,3,9,4,8,9,9,
22,0,4,5,7,6,1,6,7,1,4,5,6,7,7,0,7,4,6,7,7,
23,0,5,6,8,8,2,8,8,0,5,6,8,8,8,2,8,5,8,8,8,
24,0,5,7,8,7,2,8,8,0,5,7,7,8,8,2,8,5,7,8,9,
22,0,6,7,8,8,2,8,8,0,6,7,7,8,9,2,8,6,8,8,9,
22,0,4,5,7,7,1,7,7,0,4,6,6,7,7,1,7,5,7,7,8,
22,0,5,7,8,7,2,8,8,1,5,7,7,8,8,2,8,5,8,8,9,
24,0,3,5,6,8,0,6,6,0,3,5,8,6,6,0,6,3,9,6,7,
22,0,4,5,7,7,1,7,7,1,4,6,6,7,7,1,7,4,7,7,8,
32,0,4,5,7,7,1,7,7,0,4,6,6,7,8,1,18,4,7,7,8,
23,0,5,6,8,7,2,7,8,0,4,6,7,8,8,2,8,5,7,8,8,
23,0,4,6,8,7,2,7,7,0,4,6,7,8,8,1,7,5,7,8,8,
23,0,5,6,8,7,2,8,8,0,4,7,7,8,8,2,8,5,7,8,8,
22,0,3,5,6,6,0,6,6,0,3,5,5,6,7,0,6,3,6,6,7,
22,0,4,5,7,6,4,6,7,0,4,5,6,7,7,4,7,4,7,7,8,
23,0,5,7,9,8,2,8,8,0,5,7,8,8,9,2,8,6,8,9,9,
23,0,4,6,7,6,1,7,7,0,4,6,6,7,8,1,7,4,6,8,8,
22,0,4,5,7,7,3,7,8,2,3,6,7,7,7,3,8,4,7,7,8,
23,1,3,5,6,5,0,5,6,1,2,5,5,6,6,0,6,3,5,6,6,
24,1,4,5,7,6,1,8,7,1,3,6,6,9,7,0,7,4,6,9,8,
23,1,3,4,6,6,0,6,6,1,2,4,6,6,6,0,6,3,7,6,7,
26,0,3,4,5,5,0,5,11,1,3,4,5,5,5,0,11,3,6,5,6,
24,0,5,6,10,7,5,7,10,0,4,7,7,7,10,5,10,5,7,8,10,
22,0,5,6,8,8,2,8,8,0,5,7,7,8,8,2,8,5,8,9,9,
22,0,3,4,6,6,0,6,6,0,3,4,5,6,6,0,6,3,6,6,7,
22,2,4,6,7,7,1,7,7,2,4,6,7,7,7,0,7,4,8,7,7,
26,0,4,8,12,7,2,8,8,0,4,8,7,8,12,2,8,4,8,8,13,
23,0,8,6,9,8,3,8,9,0,7,6,7,9,9,3,8,8,8,9,9,
22,0,3,4,6,5,0,6,6,0,3,5,5,6,6,0,6,3,6,6,7,
32,1,3,16,6,6,0,6,6,1,3,5,5,6,6,0,6,3,6,6,7,
34,1,4,6,7,6,18,6,7,1,3,6,6,7,7,0,7,4,6,7,7,
22,1,4,5,6,6,0,6,6,1,3,5,6,7,7,0,6,4,6,7,7,
44,0,5,6,8,7,2,7,8,0,4,6,7,8,8,1,8,5,7,29,8,
26,6,0,4,7,6,1,7,7,6,0,4,6,10,7,1,7,0,6,10,7,
23,0,5,6,8,7,2,7,8,0,4,6,7,8,8,2,8,5,7,8,8,
23,0,5,6,8,7,2,8,8,0,5,6,7,8,8,2,8,6,7,8,8,
32,0,5,9,8,7,2,8,8,0,5,11,7,8,8,2,8,5,8,8,9,
25,0,5,7,8,7,5,8,8,1,5,7,7,8,8,5,8,6,7,8,8,
22,0,5,6,8,7,2,8,8,0,5,7,7,8,8,2,8,5,8,8,9,
22,0,5,6,8,8,2,8,8,0,5,7,7,8,8,2,8,5,8,8,9,
22,0,4,6,7,7,1,7,7,0,4,6,6,7,7,1,7,4,7,8,8,
22,0,4,6,7,7,1,7,7,0,4,6,6,7,7,1,7,4,7,7,8,
22,0,5,7,8,8,2,8,8,0,5,7,7,8,8,2,8,5,8,9,9,
22,0,4,6,7,7,1,7,7,0,4,6,6,8,8,1,7,5,7,8,8,
22,0,4,7,7,7,1,7,7,0,3,7,6,8,7,1,7,4,7,8,8,
24,0,5,7,8,7,2,8,8,0,5,7,7,8,8,2,8,5,8,8,9,
22,0,4,6,7,7,1,7,7,0,4,6,6,8,7,1,7,4,7,8,8,
22,0,4,6,7,7,1,7,7,0,4,6,7,8,8,1,7,4,7,8,8,
22,0,4,6,7,8,2,7,7,0,4,6,7,7,7,1,7,5,8,7,8,
25,0,5,6,8,7,2,7,8,0,4,7,7,8,8,2,8,5,7,8,8,
23,0,8,7,8,7,2,8,8,1,8,7,7,8,8,2,8,8,7,8,8,
23,0,5,7,8,7,2,8,8,1,5,7,7,8,8,2,8,5,7,8,8,
23,0,4,5,7,6,1,7,7,0,4,5,6,7,7,1,7,4,6,7,7,
23,0,4,5,7,6,1,7,7,0,4,6,6,7,7,1,7,4,7,7,8,
22,0,4,5,7,7,1,7,7,0,4,6,6,7,7,1,7,4,7,7,8,
23,0,4,6,7,7,1,7,7,0,4,6,6,7,8,1,7,4,7,8,8,
25,0,4,5,7,6,1,7,7,0,4,6,6,7,7,1,7,4,7,7,7,
22,0,4,6,8,7,1,7,7,0,4,6,7,8,8,1,7,4,7,8,8,
32,0,4,5,7,6,0,7,7,0,3,5,6,7,7,0,7,4,6,7,7,
22,0,3,5,6,6,0,6,6,1,3,5,5,6,6,0,6,3,6,6,7,
22,0,3,5,6,6,0,6,6,1,3,5,5,6,6,0,6,3,6,7,7,
22,0,3,5,6,6,0,6,6,0,3,5,5,6,6,0,6,3,6,7,7,
32,0,4,6,10,18,2,7,7,0,4,6,7,8,10,1,7,5,7,8,11,
24,0,3,5,8,6,3,8,8,0,3,5,5,8,8,3,8,3,6,8,8,
23,0,5,6,8,7,2,8,8,0,4,6,7,8,8,2,8,5,7,8,8,
23,0,4,6,8,7,2,7,8,0,4,7,7,8,8,2,8,5,7,8,8,
23,0,5,6,8,7,2,7,8,0,4,6,7,8,8,2,8,5,7,8,8,
23,0,4,7,8,7,2,8,8,1,4,7,7,8,8,2,8,5,8,8,8,
37,0,7,6,20,7,2,9,9,0,7,6,7,9,20,2,9,7,7,9,20,
23,0,5,6,8,7,2,8,8,1,5,6,7,8,8,2,8,5,8,8,8,
23,0,5,6,8,7,2,8,8,0,5,6,7,8,8,2,8,5,7,8,8,
22,0,5,6,8,8,2,8,8,1,5,6,8,8,8,2,8,5,8,8,8,
24,0,4,5,7,6,1,7,7,0,4,6,6,7,7,1,7,4,7,7,8,
22,0,4,5,7,6,1,7,7,0,4,6,6,7,7,1,7,4,7,7,8,
22,0,4,5,7,6,1,7,7,0,4,5,6,7,7,1,7,4,7,7,8,
22,0,5,7,8,8,2,8,8,0,5,7,8,9,9,2,8,6,8,9,9,
22,0,4,5,7,6,1,7,7,0,4,6,6,7,7,1,7,5,7,8,8,
23,0,4,6,7,7,1,7,7,0,4,6,6,7,7,1,7,4,7,8,8,
22,0,4,5,7,6,4,7,7,0,4,6,6,7,7,4,7,5,6,7,7,
28,0,13,6,7,7,2,7,7,0,13,6,7,8,8,1,7,14,7,8,8,
22,0,4,6,8,7,2,7,8,0,4,6,7,8,8,1,7,5,7,8,8,
23,0,5,6,8,7,2,7,8,0,4,7,7,8,8,1,8,5,7,8,8,
23,0,4,5,7,6,1,6,7,0,4,5,6,7,7,0,7,4,6,7,7,
35,0,5,6,8,7,2,7,8,21,4,7,7,8,8,1,8,5,7,8,8,
25,0,5,6,8,7,2,8,8,1,5,6,7,8,8,1,8,5,7,8,8,
25,0,5,6,10,7,2,8,8,0,5,6,7,8,10,2,8,5,7,8,10,
26,0,4,5,7,6,1,7,7,0,4,6,6,7,7,1,7,4,7,7,8,
23,0,5,6,8,7,2,8,8,0,4,6,7,8,8,2,8,5,8,8,8,
22,0,4,5,7,6,1,7,7,0,4,5,6,7,7,1,7,4,7,7,7,
22,0,4,5,7,7,1,7,7,0,4,5,7,7,7,0,7,4,7,7,8,
22,0,4,6,7,6,1,7,7,0,4,6,6,7,7,1,7,4,7,7,7,
22,0,5,6,7,6,1,7,7,0,5,6,6,7,7,1,7,5,7,7,7,
22,0,4,5,7,6,1,7,7,0,4,6,6,7,7,1,7,4,7,7,8,
22,0,4,6,7,7,1,7,7,0,4,6,6,7,7,1,7,4,7,7,8,
22,0,4,6,7,7,1,7,7,0,4,6,7,7,7,1,7,4,7,7,8,
26,1,3,5,6,6,1,6,10,1,3,5,6,7,7,0,10,4,6,7,7,
23,1,3,5,6,5,0,6,6,1,3,5,5,6,6,0,6,3,6,6,7,
26,0,3,4,6,7,1,6,6,0,3,5,7,7,7,0,6,3,8,7,7,
22,0,3,5,6,6,0,6,6,0,3,5,6,7,6,0,6,4,6,7,7,
23,0,5,6,8,7,2,7,8,0,5,6,7,8,8,1,8,5,7,8,8,
23,0,5,6,8,7,2,7,8,0,5,6,7,8,8,1,8,5,7,8,8,
22,0,2,3,4,4,0,4,5,0,2,3,4,5,4,0,5,2,4,4,5,
23,0,5,6,8,7,2,8,8,0,5,6,7,8,8,2,8,5,8,8,8,
23,0,5,7,8,7,2,8,8,0,5,7,7,8,8,1,8,5,8,8,8,
23,2,0,4,6,5,0,6,6,3,0,4,5,6,6,0,6,0,6,6,6,
23,0,5,6,8,7,2,8,8,0,5,6,7,8,8,2,8,5,8,8,8,
22,0,5,6,8,7,2,8,8,1,5,6,7,8,8,2,8,5,8,9,8,
22,0,5,6,8,7,2,8,8,1,5,7,7,8,8,2,8,5,8,8,8,
26,10,3,5,6,6,0,6,6,10,3,5,5,6,6,0,6,3,6,7,7,
44,0,4,6,8,7,1,7,8,0,4,7,7,8,8,1,8,4,28,8,8,
22,0,4,6,7,7,1,7,7,0,4,6,7,7,7,1,7,4,7,8,8,
22,0,4,6,7,7,1,7,7,0,4,6,7,7,8,1,7,5,7,8,8,
23,0,4,6,7,9,2,7,7,0,4,6,8,7,7,1,7,5,8,8,8,
25,0,5,6,8,7,1,7,7,0,5,6,7,8,8,1,7,5,7,8,8,
22,0,7,6,8,7,1,7,7,0,7,6,7,7,8,1,7,8,7,8,8,
23,0,5,6,8,7,2,7,8,0,4,7,7,8,8,1,8,5,7,8,8,
23,0,5,6,8,7,2,7,8,0,5,6,7,8,8,1,8,5,7,8,8,
23,0,5,7,8,7,2,8,8,0,5,7,7,8,8,2,8,5,8,8,9,
23,0,5,6,8,8,2,8,8,0,5,7,7,8,8,2,8,5,8,8,9,
26,0,4,6,7,7,1,7,7,0,4,6,6,7,7,1,7,4,7,7,8,
23,3,2,4,5,5,0,5,5,3,2,4,4,5,5,0,5,2,5,5,6,
23,0,4,5,7,7,1,7,7,0,4,6,6,7,7,1,7,4,7,7,8,
22,0,5,6,8,8,2,8,8,0,5,7,7,8,8,2,8,6,8,8,9,
22,0,5,7,8,8,2,8,8,1,5,7,7,8,8,2,8,6,8,9,9,
25,0,5,7,8,8,2,8,8,0,5,7,7,8,8,2,8,6,8,9,12,
22,0,5,7,8,8,2,8,8,0,5,7,7,8,9,2,8,6,8,9,9,
23,0,6,7,9,8,2,8,8,0,5,7,8,8,9,2,8,6,8,9,9,
25,0,4,6,7,7,1,7,7,0,4,6,6,7,8,1,7,5,7,8,8,
23,0,4,6,8,7,2,7,8,0,4,6,7,7,8,2,8,4,7,8,8,
23,0,5,6,8,7,2,7,8,0,5,6,7,8,8,1,8,5,7,8,8,
23,0,5,6,8,7,2,7,8,0,5,6,7,8,8,1,8,5,7,8,8,
33,0,4,5,7,6,1,6,6,0,4,5,6,7,7,1,6,4,6,7,8,
24,0,4,6,7,6,0,6,7,0,4,6,6,7,7,0,7,4,6,7,7,
22,1,4,6,7,6,0,6,6,1,3,6,6,7,7,0,6,4,6,7,7,
23,0,5,7,8,7,2,7,8,0,4,7,7,8,8,1,8,5,7,8,8,
24,0,5,7,8,9,2,8,8,0,5,7,9,8,8,2,8,5,9,8,8,
23,0,5,7,8,7,2,8,8,0,5,7,7,8,8,2,8,5,7,8,8,
23,0,4,6,8,7,3,7,8,0,4,6,7,7,8,3,8,4,7,7,9,
23,0,4,5,7,6,1,7,7,0,4,5,6,8,7,1,7,4,6,8,7,
22,0,5,7,8,7,2,8,8,1,5,7,7,8,8,2,8,5,8,8,9,
22,0,5,7,8,7,2,8,8,1,5,7,7,8,8,2,8,5,8,8,9,
22,0,4,6,7,7,1,7,7,0,4,6,6,7,7,1,7,4,7,7,8,
22,0,5,5,7,7,3,6,7,0,4,5,6,7,7,3,7,5,7,7,7,
22,1,3,5,6,6,0,6,6,1,3,5,5,6,6,0,6,3,6,6,7,
22,0,4,6,7,7,1,7,7,0,4,6,7,7,8,1,7,5,7,8,8,
22,0,4,6,7,7,1,7,7,0,4,6,7,8,8,1,7,5,7,8,8,
23,0,5,6,8,7,1,7,7,0,4,6,7,8,8,1,7,5,7,8,8,
25,0,5,6,10,10,2,10,10,0,4,10,10,10,9,1,10,5,10,10,9,
23,0,5,6,8,7,2,7,8,0,4,7,7,8,8,1,8,5,7,8,8,
23,0,5,6,8,7,2,8,8,0,5,7,7,8,8,2,7,5,7,8,9,
26,0,5,6,8,7,2,8,8,0,5,6,7,8,8,1,8,5,7,8,9,
23,0,5,7,8,7,2,8,8,0,4,7,7,8,8,1,8,5,7,8,9,
23,0,5,6,8,7,2,8,8,0,4,7,7,8,8,1,8,5,7,8,9,
23,0,5,6,8,7,2,8,8,0,4,6,7,8,8,2,8,5,8,8,9,
23,0,5,8,8,7,2,8,8,1,5,8,7,8,8,2,8,5,7,8,9,
22,0,7,6,8,7,2,8,8,1,7,7,7,8,8,2,8,7,8,8,9,
22,0,4,5,7,6,1,7,7,0,4,6,6,7,7,1,7,4,7,7,8,
22,0,4,6,7,7,1,7,7,0,4,6,6,7,7,1,7,4,7,8,8,
23,0,4,6,7,7,1,7,7,0,4,6,7,8,8,1,7,5,7,8,8,
22,0,4,6,7,7,1,7,7,0,4,6,6,7,7,1,7,4,7,8,8,
23,0,4,6,7,7,1,7,7,0,4,7,7,8,8,1,7,5,7,8,8,
22,0,5,5,7,7,1,8,7,0,4,6,7,8,8,1,7,5,7,8,8,
23,0,4,6,8,7,2,8,8,0,4,6,7,8,8,2,7,5,7,8,8,
23,0,5,6,8,7,2,8,8,0,4,6,7,8,8,2,7,5,7,8,8,
24,0,5,6,8,9,2,8,8,0,4,7,9,8,8,2,8,5,9,8,8,
23,0,5,6,8,7,2,8,8,0,4,7,7,8,8,1,8,5,7,8,8,
24,0,9,6,8,7,2,8,8,4,9,6,7,8,8,1,8,9,7,8,8,
23,0,4,6,8,7,2,8,8,0,4,7,7,8,8,1,8,4,7,8,8,
23,1,4,6,7,6,1,7,7,2,3,6,6,7,7,0,6,4,6,7,7,
23,1,4,6,7,6,0,7,7,1,3,6,6,7,7,0,6,4,6,7,7,
23,1,3,6,7,6,0,7,7,1,3,6,6,7,7,0,6,4,6,7,7,
23,1,3,4,6,5,0,6,6,1,3,4,5,6,6,0,6,3,6,6,7,
22,0,5,7,8,7,2,8,8,1,5,7,7,8,8,2,8,5,8,8,9,
22,0,5,7,8,7,2,8,8,1,5,7,7,8,8,2,8,5,8,8,9,
22,0,4,5,7,6,1,7,7,0,4,6,6,7,7,1,7,4,7,7,8,
22,0,4,6,7,7,1,7,7,0,4,6,6,7,7,1,7,4,7,7,8,
22,0,4,6,7,7,1,7,7,0,4,6,7,7,7,1,7,4,7,8,8,
22,0,4,7,8,7,1,8,7,0,4,7,7,8,8,1,7,5,7,8,8,
22,0,6,6,7,7,1,7,7,0,6,6,7,7,7,1,7,6,7,8,8,
22,0,4,6,8,7,1,7,7,0,4,6,7,8,8,1,7,5,7,8,8,
22,0,4,6,8,7,1,7,7,0,4,6,7,8,8,1,7,5,7,8,8,
22,0,4,6,8,7,1,7,7,0,4,6,7,8,8,1,7,5,7,8,8,
23,0,5,6,8,7,2,8,8,0,4,7,7,8,8,1,7,5,7,8,8,
32,0,5,18,8,7,1,7,8,0,4,18,7,8,8,1,7,5,7,8,8,
25,6,0,4,7,6,1,7,7,6,0,4,6,10,7,1,7,1,6,10,7,
23,0,5,6,8,8,2,8,8,0,5,7,7,8,8,2,8,5,7,8,9,
23,0,4,5,7,7,1,7,7,0,4,5,6,7,7,1,7,4,7,7,8,
23,0,4,6,7,7,1,7,7,0,4,6,6,7,8,1,7,5,7,8,8,
24,0,5,8,9,8,2,9,10,1,5,8,8,9,9,2,9,8,8,9,9,
22,0,5,6,8,8,2,8,8,1,5,7,7,8,8,2,8,5,8,8,9,
22,0,4,5,7,6,1,7,7,1,4,6,6,7,7,1,7,4,6,7,8,
22,0,4,6,8,7,1,7,7,0,4,6,7,8,8,1,7,5,7,8,8,
22,0,4,6,7,7,1,7,7,0,4,6,6,7,7,1,7,4,7,8,8,
22,0,3,5,7,6,0,6,6,0,3,5,5,7,7,0,6,4,6,7,7,
32,0,4,6,17,7,1,7,7,0,4,6,7,8,17,1,7,5,7,8,17,
22,0,4,6,8,7,2,7,7,0,4,7,6,8,8,1,7,4,7,8,8,
24,0,4,6,8,7,1,7,8,0,4,6,7,8,8,1,7,4,7,8,8,
22,0,4,6,8,7,1,7,7,0,4,6,6,8,8,1,7,5,7,8,8,
23,0,5,7,8,7,2,7,8,0,4,7,7,8,8,1,7,5,7,8,8,
23,0,5,7,8,8,2,7,8,0,4,7,8,8,8,1,7,5,9,8,8,
23,0,5,6,8,7,2,8,8,0,5,6,7,8,8,2,8,5,7,8,8,
23,0,5,6,8,7,2,8,8,0,5,7,7,8,8,2,8,5,8,8,8,
23,0,4,6,8,7,2,8,8,0,4,6,6,8,8,2,8,5,7,8,8,
27,0,3,5,7,6,0,6,6,0,3,5,5,6,7,0,6,3,6,7,7,
23,0,4,5,7,6,1,7,7,0,4,5,6,7,7,1,7,4,7,7,7,
22,1,3,5,6,5,0,6,6,1,3,5,5,6,6,0,6,3,6,6,7,
23,0,4,5,7,6,1,7,7,1,4,5,6,7,7,1,6,4,7,7,8,
24,1,4,6,7,6,0,7,6,1,4,6,6,7,7,0,6,4,6,7,7,
23,0,5,6,8,7,1,7,8,0,4,6,7,8,8,1,7,5,7,8,8,
22,0,5,6,8,7,1,7,7,0,4,6,7,8,8,1,7,5,7,8,8,
23,0,5,6,8,7,2,7,8,0,5,6,7,8,8,2,7,5,7,8,8,
22,0,3,4,6,5,0,5,6,0,3,4,5,5,6,0,6,3,5,5,6,
30,0,16,6,8,7,2,8,8,0,4,7,7,8,8,2,8,5,7,8,8,
23,0,4,6,8,7,2,8,8,0,4,7,6,8,8,2,8,5,7,8,8,
25,0,3,5,6,6,0,6,6,0,3,5,5,6,7,0,6,3,6,6,7,
23,0,5,6,8,7,2,8,8,0,5,6,7,8,8,2,8,5,7,8,8,
23,0,4,5,7,6,1,7,7,0,4,6,6,7,7,0,7,4,6,7,7,
23,0,4,5,7,6,1,6,7,0,3,6,6,7,7,0,6,4,6,7,7,
23,1,4,5,7,6,1,7,7,1,4,5,6,7,7,0,6,4,6,7,7,
23,1,4,5,7,6,2,7,7,1,4,5,6,7,7,0,7,4,6,7,7,
23,1,3,4,6,5,0,6,6,1,3,5,5,6,6,0,6,3,6,6,6,
23,0,4,5,7,6,1,7,7,0,4,6,6,7,7,1,7,4,7,7,8,
22,0,3,4,6,6,0,6,6,0,2,4,6,6,6,0,6,3,6,6,7,
22,0,4,7,7,6,2,7,7,0,4,7,6,7,7,1,7,4,7,7,8,
22,0,4,5,6,6,0,6,6,0,4,5,6,6,7,0,6,4,6,7,7,
22,0,4,6,8,7,1,7,7,0,4,6,7,7,8,1,7,4,7,8,8,
22,0,3,5,7,6,0,6,6,0,3,5,6,7,7,0,6,3,6,7,7,
22,0,3,5,7,6,0,6,6,0,3,5,6,7,7,0,6,4,6,7,7,
34,0,3,5,7,6,0,6,6,0,3,5,6,17,7,0,6,4,6,7,7,
25,0,3,5,7,6,0,6,6,0,3,5,6,6,7,0,6,4,6,7,7,
25,5,1,3,6,5,0,5,5,5,1,3,5,6,6,0,5,2,5,8,6,
24,0,4,5,7,8,1,6,7,0,3,6,8,7,7,0,6,4,9,7,7,
23,0,4,5,7,6,1,6,7,0,4,6,6,7,7,0,7,4,7,7,7,
23,0,4,5,7,6,1,6,7,0,4,6,6,7,7,0,6,4,7,7,7,
24,0,3,6,6,6,0,6,8,0,2,6,6,6,6,0,8,6,6,6,6,
23,0,4,5,7,6,1,7,7,0,4,6,6,7,7,1,7,4,7,7,7,
23,0,6,5,7,6,1,7,7,0,6,5,6,7,7,1,7,6,6,7,8,
23,0,2,5,6,6,0,6,6,0,2,5,5,6,6,0,6,3,6,6,7,
24,0,4,5,7,7,1,7,7,0,4,6,6,7,7,1,7,4,7,7,8,
22,0,3,4,6,6,0,6,6,0,3,5,5,6,6,0,6,3,6,6,7,
22,1,3,5,6,6,0,6,6,1,3,5,6,6,7,0,6,3,6,6,7,
22,0,4,6,7,7,1,7,7,0,4,6,6,7,7,1,7,4,7,7,8,
35,0,4,5,6,6,0,6,6,0,4,5,5,6,6,0,6,4,6,6,7,
22,1,3,4,6,6,0,6,6,1,3,5,5,6,6,0,6,3,6,6,7,
22,2,3,5,6,6,0,6,6,2,3,5,6,6,7,0,6,4,6,7,7,
24,0,3,5,6,8,0,6,6,0,3,5,8,6,7,0,6,4,9,7,7,
22,0,3,5,7,6,0,6,6,0,3,5,6,7,7,0,6,4,6,7,7,
22,2,3,5,7,6,1,6,6,2,3,5,6,7,7,0,6,4,6,7,7,
22,0,4,4,7,5,1,7,6,0,3,5,5,7,7,0,6,4,6,7,7,
22,2,4,6,7,6,1,6,6,2,3,6,6,7,7,0,6,4,6,7,7,
24,1,3,4,6,5,0,7,6,1,3,5,5,8,6,0,6,3,5,8,6,
23,0,4,5,7,6,1,7,7,0,4,6,6,7,7,1,7,4,6,7,7,
23,0,3,4,6,5,0,6,6,0,3,5,5,6,6,0,6,3,6,6,6,
23,0,3,4,6,5,0,6,6,0,3,5,5,6,7,0,6,3,6,6,7,
23,0,4,5,7,6,1,7,7,0,4,6,6,7,7,1,7,4,7,7,8,
22,0,4,6,7,6,1,7,7,0,4,6,6,7,7,1,7,5,7,7,8,
22,0,4,5,7,6,1,7,7,0,4,6,6,7,7,1,7,4,7,7,8,
25,0,4,6,10,6,1,10,10,0,4,6,6,10,10,1,10,4,10,10,10,
22,0,4,6,7,7,1,7,7,0,4,6,6,7,7,1,7,5,7,7,8,
31,0,4,17,10,7,1,7,7,0,4,17,6,7,10,1,7,5,7,8,11,
23,0,5,6,8,7,4,7,8,0,5,6,7,7,8,4,7,5,7,7,8,
22,0,4,6,7,6,1,7,7,0,4,6,6,7,7,1,7,5,7,8,8,
22,0,4,6,7,7,1,7,7,0,4,6,6,7,8,1,7,5,7,8,8,
31,0,5,6,7,7,2,7,7,0,4,6,7,8,8,1,17,5,8,8,8,
23,0,5,8,8,7,2,7,8,0,5,8,7,8,8,2,8,5,7,8,8,
22,0,6,6,8,7,2,7,8,0,6,7,7,8,8,2,7,6,7,8,8,
22,0,5,6,7,7,1,7,7,0,4,6,7,8,8,1,7,5,7,8,8,
22,0,5,6,8,7,2,7,8,0,5,7,7,8,8,2,8,5,7,8,8,
25,0,4,5,7,9,1,6,7,0,3,6,9,7,7,0,6,4,9,7,7,
23,0,5,6,8,7,2,8,8,0,5,6,7,8,8,2,7,5,7,8,8,
23,0,5,6,8,7,2,8,8,0,5,6,7,8,8,2,8,5,7,8,8,
22,0,5,7,8,7,2,8,8,1,5,7,7,8,8,2,8,5,8,8,8,
22,6,3,4,6,5,0,5,6,6,3,5,5,6,7,0,6,3,5,6,7,
22,1,3,5,6,6,1,6,6,1,3,5,5,6,7,0,6,3,6,7,7,
23,0,3,4,6,5,0,6,6,0,3,5,5,6,6,0,6,3,6,6,7,
21,0,5,6,7,7,5,7,8,1,5,6,7,7,8,5,8,5,7,7,8,
22,0,5,6,8,8,3,8,8,0,5,6,8,8,8,3,8,5,8,8,9,
22,0,4,6,8,6,2,7,7,0,4,6,6,7,8,1,7,4,7,7,8,
22,0,4,6,7,7,2,7,7,0,4,6,7,8,8,1,7,5,7,8,8,
22,0,4,6,7,7,2,7,7,0,4,6,7,8,8,1,7,4,7,8,8,
22,2,3,5,6,6,1,6,6,2,3,5,6,7,7,0,6,4,6,7,7,
24,0,5,6,8,7,2,8,8,0,5,6,7,8,8,2,8,5,8,8,8,
25,0,3,5,9,6,0,6,6,0,3,5,6,7,9,0,6,3,6,7,9,
24,0,4,5,8,8,3,8,8,0,3,5,8,8,8,3,8,4,9,8,8,
23,0,4,6,7,6,1,7,7,0,4,6,6,7,7,1,7,4,7,7,7,
22,2,4,5,7,6,1,7,7,2,3,5,6,7,7,0,6,4,6,7,7,
23,2,4,6,7,7,1,7,7,3,4,6,7,7,7,0,7,4,7,7,7,
22,2,3,7,7,6,1,6,7,2,4,7,6,7,7,0,7,3,6,7,7,
23,1,5,6,7,6,0,7,7,1,5,6,6,7,7,0,7,5,6,7,7,
22,2,4,6,7,6,1,7,7,2,4,6,6,7,7,0,7,4,6,7,7,
22,1,3,4,6,5,0,6,6,1,3,5,5,6,6,0,6,3,5,6,6,
22,0,3,4,6,6,0,6,6,0,4,5,5,7,6,0,6,3,6,7,7,
22,0,4,5,7,6,1,7,7,0,4,6,6,8,7,1,7,4,7,8,8,
22,0,3,5,6,6,0,6,6,0,3,5,5,6,6,0,6,3,6,7,7,
25,5,2,4,6,5,0,6,6,6,2,4,5,10,6,0,6,2,6,10,7,
22,0,3,5,6,6,0,6,6,0,3,5,5,6,7,0,6,4,6,7,7,
22,0,3,5,6,6,0,6,6,0,3,5,5,6,7,0,6,4,6,7,7,
22,0,3,5,6,6,0,6,6,0,3,5,6,7,7,0,6,4,6,7,7,
24,0,6,6,7,9,2,7,8,0,6,6,7,7,7,1,7,6,9,7,7,
22,0,4,5,7,6,1,6,7,0,3,5,6,7,7,0,6,4,6,7,7,
23,0,3,6,7,6,1,7,7,0,3,6,6,7,7,0,6,4,6,7,8,
24,0,4,5,8,6,1,7,7,0,4,5,6,7,8,0,7,4,6,7,9,
31,0,15,5,7,6,1,7,7,0,15,6,6,7,7,1,7,15,7,7,7,
23,0,4,4,6,5,0,6,6,0,4,5,5,6,6,0,6,4,5,6,6,
23,0,5,6,8,7,2,8,8,0,5,7,7,8,8,2,8,5,8,8,8,
23,0,2,4,6,5,0,6,6,0,2,5,5,6,6,0,6,2,6,6,6,
23,0,7,5,8,6,0,7,9,0,7,5,6,7,9,0,9,8,6,8,9,
22,0,2,4,6,5,0,6,6,0,2,5,5,6,6,0,6,3,6,6,6,
442,2,2,5,7,6,0,7,7,3,2,5,6,7,7,0,6,2,6,7,7,
26,6,3,4,6,5,0,9,6,6,3,4,5,10,6,0,6,3,6,10,7,
22,6,2,5,7,6,0,6,7,6,2,5,6,7,7,0,6,2,6,7,7,
24,5,1,4,6,5,0,6,6,5,1,4,5,6,6,0,6,1,5,6,6,
22,4,2,2,5,4,0,4,5,4,1,2,4,4,5,0,5,2,4,4,5,
23,6,3,3,6,5,0,6,6,6,3,4,5,6,6,0,6,3,6,6,6,
24,5,3,4,6,8,0,6,6,6,3,4,7,6,6,0,6,3,8,6,6,
23,5,3,4,6,5,0,6,6,6,2,4,5,6,6,0,6,3,6,6,6,
22,5,3,4,6,5,0,6,6,6,2,4,5,6,6,0,6,3,6,6,6,
32,3,1,4,16,6,0,6,6,4,1,5,5,6,16,0,6,2,6,6,16,
23,5,3,4,6,6,0,6,6,5,2,4,5,6,6,0,6,3,6,6,7,
22,4,3,7,7,6,0,7,7,4,3,7,6,7,7,0,7,3,7,7,7,
24,1,3,4,6,5,0,6,6,2,3,4,5,6,6,0,6,3,6,6,7,
22,2,3,5,6,6,0,6,6,2,3,5,5,6,7,0,6,3,6,6,7,
22,2,3,5,6,6,0,6,6,2,3,5,6,6,7,0,6,3,6,6,7,
22,1,3,5,6,6,0,6,6,1,3,5,6,6,7,0,6,3,7,6,7,
23,0,4,5,6,6,0,6,6,0,3,5,6,7,7,0,6,4,6,7,7,
22,0,7,6,8,7,2,7,8,0,7,6,7,8,8,1,7,7,7,8,8,
23,0,4,6,8,7,2,7,8,0,4,6,7,8,8,1,7,5,7,8,8,
23,0,2,4,6,5,0,5,6,0,2,4,5,6,6,0,6,2,5,6,6,
23,0,4,5,7,6,1,6,7,1,4,5,6,7,7,1,7,4,6,7,7,
23,0,5,6,8,7,2,8,8,1,5,6,7,8,8,2,8,5,7,8,8,
24,0,5,6,8,7,2,8,8,1,5,7,7,8,8,2,8,5,8,8,9,
26,0,3,4,6,5,0,6,6,0,3,5,5,7,6,0,6,3,5,7,6,
23,0,3,4,6,5,0,6,6,0,3,5,5,6,6,0,6,3,5,6,6,
23,0,3,4,6,5,0,6,6,0,3,5,5,6,6,0,6,3,6,6,7,
23,0,3,5,6,6,0,6,6,1,3,5,6,6,7,0,6,4,6,7,7,
25,0,4,5,9,9,1,9,10,0,4,6,9,9,9,1,10,5,9,9,9,
22,0,4,6,7,7,1,7,7,1,4,6,6,7,8,1,7,5,7,7,8,
23,0,4,5,7,6,0,6,6,0,3,5,6,7,7,0,6,4,6,7,7,
25,0,5,6,8,7,2,8,8,1,5,6,7,8,8,2,8,5,8,8,9,
24,0,5,6,7,7,1,7,10,0,4,6,6,10,10,1,7,5,7,10,10,
22,0,4,5,6,6,0,6,6,0,3,5,6,7,7,0,6,4,6,7,7,
22,0,4,5,7,6,1,6,7,0,4,5,6,7,7,0,6,4,6,7,7,
22,0,3,6,6,7,0,6,7,0,3,6,7,6,7,0,7,3,7,7,7,
24,0,2,4,6,5,0,6,6,0,2,5,5,6,6,0,6,3,6,6,7,
23,0,4,5,7,6,1,6,7,1,4,5,6,7,7,1,7,4,6,7,7,
23,0,6,4,6,5,0,5,6,0,6,4,5,6,6,0,6,6,5,6,6,
23,0,3,5,7,7,1,6,7,1,3,6,7,7,7,1,7,4,8,7,7,
23,0,4,5,7,6,0,6,7,1,4,5,6,7,7,0,7,4,6,7,7,
23,0,3,4,6,5,0,6,6,0,3,4,5,6,6,0,6,3,6,6,6,
31,0,4,5,6,6,1,12,7,1,4,6,6,12,7,0,6,4,6,12,7,
24,0,4,5,6,6,0,6,7,0,4,5,6,7,7,0,6,4,6,7,7,
23,1,3,5,6,5,0,6,6,2,3,5,5,6,6,0,6,3,6,6,7,
22,2,3,5,6,6,0,6,6,2,3,5,5,6,7,0,6,3,6,6,7,
22,2,3,5,6,6,0,6,6,2,3,5,5,6,7,0,6,3,6,6,7,
22,3,3,5,6,6,0,6,6,4,3,5,5,6,7,0,6,3,6,7,7,
22,1,3,5,6,6,0,6,6,2,3,5,5,6,7,0,6,3,6,6,7,
23,1,3,5,6,8,0,6,6,1,3,5,8,6,7,0,6,4,8,7,7,
22,1,3,5,6,6,0,6,6,1,3,5,6,7,7,0,6,4,6,7,7,
24,1,4,8,8,8,0,8,9,1,4,8,8,8,8,0,9,4,8,8,8,
23,0,4,5,7,6,1,7,7,0,4,6,6,7,7,0,6,4,6,7,7,
23,1,4,6,7,6,1,6,7,1,4,6,6,7,7,0,6,4,6,7,7,
25,0,4,4,7,6,0,6,7,0,4,5,6,7,7,0,6,4,6,7,7,
23,0,5,6,8,7,2,8,8,0,5,6,7,8,8,2,8,5,8,8,9,
23,0,5,6,8,7,2,8,8,0,5,6,7,8,8,2,8,5,8,8,9,
23,0,5,6,8,8,2,8,8,0,5,6,8,8,9,2,8,6,8,8,9,
23,0,4,7,7,6,1,7,7,0,4,7,6,7,8,1,7,4,7,7,8,
23,0,6,5,7,7,1,7,7,0,5,5,6,7,8,1,7,6,7,7,8,
23,0,4,5,7,7,1,7,7,0,4,6,6,7,8,1,7,4,7,7,8,
22,0,4,6,7,7,1,7,7,0,4,6,7,7,8,1,7,5,7,8,8,
25,0,4,6,7,7,1,7,7,0,4,6,7,7,8,1,7,5,10,8,8,
23,0,4,6,7,7,1,7,7,0,4,6,7,8,8,1,7,5,7,8,8,
22,0,4,6,7,7,2,7,7,0,4,6,7,7,8,1,7,5,7,8,8,
22,0,5,5,7,7,2,8,8,0,5,5,7,8,8,1,7,5,7,8,8,
23,0,5,6,8,7,2,7,8,0,5,6,7,8,8,2,7,5,7,8,8,
23,0,4,5,7,6,1,6,7,0,4,5,6,7,7,0,6,4,6,7,7,
23,0,5,6,8,7,2,7,8,0,5,6,7,8,8,1,7,5,7,8,8,
23,0,5,6,8,7,2,7,8,0,5,6,7,8,8,1,7,5,8,8,8,
23,1,3,4,6,5,0,6,6,2,3,4,5,6,6,0,6,3,6,6,6,
23,0,3,4,6,5,0,6,6,0,3,4,5,6,6,0,6,3,5,6,7,
23,0,3,5,7,6,1,7,7,1,3,5,6,7,7,0,7,3,6,7,7,
23,0,4,5,7,6,1,7,7,0,4,5,6,7,7,1,7,4,7,7,7,
23,0,4,5,7,6,1,7,7,0,4,5,6,7,8,1,7,4,7,7,8,
23,0,4,6,7,7,1,7,7,0,4,6,7,7,8,1,7,4,7,8,8,
23,0,4,6,7,7,2,7,7,0,4,6,7,7,8,1,7,5,7,8,8,
23,0,3,5,6,6,0,6,6,0,3,5,5,6,7,0,6,3,6,7,7,
22,0,3,5,6,6,0,6,6,0,3,5,6,6,7,0,6,3,6,7,7,
22,0,3,5,6,6,0,6,7,0,3,5,6,6,7,0,7,4,6,7,7,
22,0,5,6,7,8,2,7,7,0,5,6,7,7,8,1,7,5,8,8,8,
36,1,3,4,8,5,0,5,5,1,2,4,5,6,9,0,5,3,5,6,9,
22,2,4,5,6,6,0,6,6,2,4,6,6,7,7,0,6,4,6,7,7,
22,2,3,5,6,6,0,6,6,2,3,5,6,7,7,0,6,4,6,7,7,
22,2,4,5,6,6,0,6,6,2,3,5,6,7,7,0,6,4,6,7,7,
22,0,4,5,6,7,0,6,7,0,3,5,6,7,7,0,6,4,6,7,7,
34,0,5,9,7,7,1,7,7,0,5,9,7,8,8,1,7,5,7,8,8,
23,0,5,6,8,7,2,7,8,0,5,6,7,8,8,2,7,5,7,8,8,
23,4,0,3,6,5,0,5,6,4,0,3,5,5,6,0,6,0,5,6,6,
23,0,5,6,8,7,2,8,8,0,5,7,7,8,8,2,8,5,7,8,8,
23,0,4,5,7,6,1,7,7,0,4,5,6,7,8,1,7,4,6,7,8,
23,0,4,5,7,6,1,7,7,0,4,5,6,7,8,1,7,4,7,7,8,
27,0,8,8,8,12,2,8,9,1,8,8,13,8,9,2,9,8,13,8,9,
34,0,4,7,8,8,3,8,8,0,4,7,7,8,20,3,8,4,8,9,9,
22,0,4,5,7,6,1,7,7,0,4,6,6,7,8,1,7,4,7,7,8,
22,0,3,4,6,5,0,6,6,0,3,5,5,6,7,0,6,3,6,6,7,
22,0,4,6,7,6,1,7,7,0,4,6,6,7,8,1,7,4,7,8,8,
22,0,4,6,7,7,2,7,7,0,4,6,7,7,8,1,7,5,7,8,8,
22,0,4,6,7,7,2,7,7,0,4,6,7,8,8,1,7,5,7,8,8,
24,0,4,6,9,7,2,9,10,0,4,6,7,9,9,2,10,4,9,9,9,
24,0,4,5,7,6,1,7,7,0,4,6,6,7,7,1,7,4,7,7,8,
22,0,4,6,8,7,1,7,8,0,4,6,7,7,8,1,7,5,7,8,8,
23,0,5,6,8,8,2,7,8,0,4,7,8,8,8,2,7,5,8,8,8,
22,0,5,6,7,8,2,7,8,0,4,7,8,7,8,2,7,5,8,8,8,
26,0,5,6,8,7,2,8,8,0,5,6,7,8,8,2,8,5,7,8,8,
23,0,4,5,7,6,1,7,7,0,4,6,6,7,7,1,6,4,6,7,8,
23,0,5,6,8,7,2,8,8,0,5,6,7,8,8,2,8,5,7,8,8,
23,0,5,6,8,7,2,8,8,0,5,7,7,8,8,2,8,6,8,8,9,
23,0,2,5,6,5,0,6,6,1,2,5,5,6,6,0,6,3,5,6,7,
25,0,2,4,6,5,0,6,6,0,2,4,5,6,6,0,6,2,5,6,6,
22,0,4,5,7,6,0,6,6,0,3,5,6,6,7,0,6,4,6,7,7,
24,5,3,3,6,6,0,9,6,5,2,4,6,9,6,0,6,3,6,9,7,
22,0,4,6,7,7,1,7,7,0,4,6,7,7,7,1,7,4,7,8,8,
22,0,3,5,6,6,0,6,6,0,3,5,6,6,6,0,6,4,6,7,7,
22,0,3,5,6,6,0,6,6,0,3,5,6,6,6,0,6,3,6,7,7,
22,0,7,7,8,8,3,8,9,0,7,8,8,8,8,3,9,8,8,8,9,
22,0,5,6,8,7,2,7,8,0,4,6,7,7,8,2,7,5,7,8,8,
23,0,4,6,7,7,1,7,7,0,4,6,6,7,7,1,7,4,7,7,8,
35,0,15,18,20,20,15,20,20,0,15,18,19,20,20,15,20,15,20,20,21,
22,0,3,5,6,6,1,6,6,0,3,5,6,6,7,1,6,4,6,7,7,
22,0,3,4,6,5,0,5,6,1,2,5,5,6,6,0,6,3,5,6,6,
32,0,4,4,6,7,0,9,16,0,3,5,7,9,7,0,16,4,7,9,7,
22,0,4,6,7,6,1,7,7,1,4,6,6,7,7,1,7,4,6,7,7,
23,0,4,5,7,6,1,7,7,0,4,5,6,7,7,1,7,5,7,7,7,
23,0,2,4,6,6,0,6,6,0,2,4,5,6,6,0,6,3,6,7,6,
23,0,3,4,6,6,0,6,6,0,3,5,5,6,6,0,6,3,6,6,6,
25,0,3,4,6,8,0,6,6,0,3,5,8,6,6,0,6,3,9,6,6,
22,0,3,4,6,6,0,6,6,0,3,5,5,6,6,0,6,3,6,7,7,
22,0,3,5,6,6,0,6,6,0,3,5,5,7,6,0,6,4,6,7,7,
25,1,9,5,7,6,0,7,7,2,9,5,6,7,7,0,6,9,6,7,7,
22,0,3,5,6,6,0,6,6,0,3,5,6,7,6,0,6,4,6,7,7,
22,0,3,5,6,6,0,6,6,0,3,5,6,6,6,0,6,4,6,7,7,
22,0,3,5,6,6,0,6,6,0,3,5,6,7,6,0,6,4,6,7,7,
22,2,4,5,7,6,1,6,6,2,3,6,6,7,7,0,6,4,6,7,7,
32,2,3,5,6,14,0,6,6,2,3,5,14,7,16,0,6,4,14,7,7,
22,2,4,6,7,6,1,7,7,2,3,6,6,7,7,0,6,4,6,7,7,
22,2,3,5,6,6,1,7,6,2,3,5,6,7,7,0,6,4,6,7,7,
22,0,4,5,7,6,1,7,7,1,3,5,6,7,7,1,7,4,7,7,7,
22,0,3,4,6,5,0,6,6,0,2,4,5,6,6,0,6,3,6,6,6,
23,0,3,4,6,5,0,6,6,0,3,4,5,6,6,0,6,3,6,6,6,
25,0,5,7,10,8,2,8,8,1,5,7,7,8,10,2,8,5,8,8,10,
27,0,3,4,6,6,0,6,6,0,3,5,6,6,6,0,6,4,6,7,7,
23,0,3,4,6,6,0,6,6,0,3,4,5,6,6,0,6,3,6,6,6,
23,0,3,4,6,6,0,6,6,0,3,5,5,6,6,0,6,4,6,6,7,
22,0,4,5,7,7,1,7,7,0,4,6,6,7,7,1,7,5,7,7,8,
22,0,3,6,6,6,1,6,6,0,2,6,5,6,6,0,6,3,6,7,7,
22,0,4,5,6,6,0,6,6,0,3,5,5,6,6,0,6,4,6,7,7,
22,0,3,5,6,6,0,6,6,0,3,5,6,7,6,0,6,4,6,7,7,
22,0,4,5,6,6,0,6,7,0,3,5,6,7,7,0,6,4,6,7,7,
22,0,4,5,6,6,0,6,6,0,3,5,6,6,7,0,6,4,6,7,7,
22,0,3,5,7,6,1,6,7,0,3,5,6,7,7,0,6,4,6,7,7,
25,0,4,5,7,6,0,6,7,0,3,5,6,7,7,0,6,4,6,7,7,
27,0,3,3,5,5,0,6,6,1,2,4,5,6,6,0,5,3,5,6,6,
22,0,4,5,7,6,1,7,7,0,4,5,6,7,7,1,7,4,6,7,7,
23,0,4,5,7,6,1,7,7,1,4,5,6,7,7,1,7,4,6,7,7,
25,1,3,5,6,5,0,6,6,1,3,5,5,6,6,0,6,3,5,6,6,
22,0,2,3,4,4,0,4,5,0,2,3,4,4,4,0,5,2,5,5,5,
23,2,3,4,6,6,0,6,6,3,3,4,5,6,6,0,6,3,6,6,6,
23,0,3,4,6,6,0,6,6,0,3,5,5,6,6,0,6,3,6,6,7,
23,0,5,6,8,8,2,8,8,0,5,7,7,8,8,2,8,5,8,9,9,
22,0,5,7,8,8,3,8,9,1,5,7,8,8,8,2,8,6,8,9,9,
22,0,5,7,8,8,2,8,8,1,5,7,7,8,8,2,8,6,8,9,9,
22,0,4,5,7,7,1,7,7,0,4,6,6,7,7,1,7,4,7,7,8,
22,0,5,6,7,7,2,7,7,0,4,6,6,7,8,1,7,5,7,8,8,
35,0,3,6,8,7,2,8,8,0,3,6,7,8,8,2,8,3,7,8,8,
22,0,5,7,8,8,3,8,8,0,5,7,7,9,8,2,8,5,8,9,9,
22,0,6,7,8,8,3,8,9,0,5,7,8,9,9,3,8,6,8,9,9,
23,0,5,7,9,9,3,9,9,1,5,7,9,9,9,3,9,5,9,9,9,
24,0,5,6,8,7,2,8,8,0,5,6,7,8,8,2,8,5,7,8,8,
23,0,8,6,8,9,2,8,8,0,8,6,9,8,8,2,8,8,9,8,8,
23,0,4,6,8,7,2,8,8,0,4,6,7,8,8,2,8,4,7,8,8,
23,0,5,6,8,7,2,8,8,0,5,7,7,8,8,2,8,5,8,8,8,
23,0,5,6,8,8,2,8,8,0,5,6,7,8,8,2,8,5,8,9,9,
23,0,5,7,8,7,2,8,8,0,5,7,7,8,8,2,8,5,8,9,9,
25,0,6,6,8,8,2,8,8,0,5,7,7,8,8,2,8,6,8,9,9,
26,0,5,7,7,7,2,9,8,0,4,7,7,8,8,2,8,5,7,9,8,
25,0,6,7,8,8,3,9,9,1,5,7,8,8,9,2,8,6,8,9,9,
22,0,3,7,8,8,3,8,8,0,3,7,7,8,8,2,8,3,8,9,9,
22,1,4,5,6,6,0,6,6,2,3,5,6,7,7,0,6,4,6,7,7,
22,0,6,6,6,6,1,6,8,0,6,6,6,6,7,1,7,6,7,7,7,
22,0,3,4,6,6,0,6,6,0,2,4,5,6,6,0,6,3,6,6,7,
22,0,4,5,7,6,1,6,7,0,4,6,6,7,7,1,7,4,6,7,8,
24,0,4,6,7,7,2,8,7,0,4,6,6,8,8,1,7,5,7,8,8,
22,0,4,6,7,7,1,8,7,0,4,6,6,7,7,1,7,4,7,8,8,
22,0,4,6,7,7,1,7,7,0,4,6,6,7,7,1,7,4,7,8,8,
22,0,4,6,7,7,2,7,7,0,4,6,6,7,8,1,7,5,7,8,8,
22,0,4,6,7,7,2,7,7,0,4,7,6,7,8,1,7,4,7,8,8,
24,0,5,6,7,7,1,8,8,0,4,6,7,8,8,1,7,5,7,8,8,
22,0,5,6,7,7,2,8,8,0,4,6,7,8,8,2,8,5,7,8,8,
22,0,5,6,8,7,2,8,8,0,4,6,7,8,8,2,7,5,7,8,8,
22,0,4,5,6,7,1,7,7,0,3,5,7,7,7,1,7,4,7,7,7,
22,0,5,7,7,7,2,7,8,0,4,7,6,7,8,1,7,5,7,8,8,
23,0,5,5,7,6,1,7,7,1,4,5,6,7,7,1,7,5,7,7,7,
22,0,3,4,6,5,0,6,6,0,3,4,5,6,6,0,6,3,5,6,6,
23,0,3,5,6,6,0,6,6,0,3,5,5,6,6,0,6,3,6,6,6,
22,0,3,5,6,6,0,6,6,0,3,5,5,6,6,0,6,3,6,6,6,
23,0,6,7,9,8,4,8,9,1,5,7,8,8,9,3,9,6,8,9,9,
22,0,6,7,8,8,3,9,9,0,5,7,7,9,9,3,8,6,8,9,9,
22,0,3,4,5,5,0,5,5,1,2,4,4,5,6,0,5,3,5,6,6,
22,0,5,6,7,7,2,8,8,0,4,6,7,8,8,1,7,5,7,8,8,
22,0,5,6,8,7,2,8,8,0,5,6,7,8,8,2,8,5,7,8,8,
22,0,5,6,7,7,2,8,8,0,4,6,7,8,8,1,7,5,7,8,8,
23,0,7,7,7,7,2,7,9,0,7,7,7,8,8,2,9,7,8,8,8,
22,0,6,7,9,8,3,9,9,1,6,7,8,9,9,3,9,6,8,9,9,
22,0,5,6,8,7,2,8,8,0,5,6,7,8,8,1,8,5,7,8,8,
22,0,5,6,8,7,2,8,8,0,5,6,7,8,8,2,8,5,7,8,8,
27,0,5,6,8,7,2,12,8,0,5,6,7,12,8,2,8,5,8,12,8,
23,0,5,6,8,8,2,8,8,0,5,6,7,8,8,2,8,5,8,8,8,
24,0,5,6,8,7,2,8,8,0,5,6,7,8,8,2,8,5,8,8,8,
23,0,5,7,8,7,2,8,8,1,4,7,7,8,8,2,8,5,8,8,8,
25,0,7,6,8,7,2,8,10,1,7,6,7,8,8,1,10,7,8,8,8,
23,0,5,6,8,7,2,8,8,0,5,6,7,8,8,2,8,5,8,8,8,
22,0,5,6,8,8,2,8,8,1,5,6,7,8,8,2,8,5,8,8,8,
24,0,5,6,8,8,2,9,8,1,5,7,7,9,8,2,8,6,11,9,9,
22,0,4,5,7,7,1,7,7,0,4,6,6,7,7,1,7,5,7,7,8,
22,0,4,6,7,7,2,8,7,0,4,6,6,8,8,1,7,5,7,8,8,
22,0,5,5,7,7,2,8,7,0,4,5,6,8,7,1,7,5,7,8,8,
22,0,5,6,7,7,2,7,7,0,4,6,7,8,8,1,7,5,7,8,8,
22,0,5,6,7,7,1,7,7,0,4,6,7,8,8,1,7,5,7,8,8,
45,0,5,6,7,7,2,7,29,0,4,6,6,8,8,1,7,5,7,8,9,
22,0,5,6,8,7,2,8,8,0,5,6,7,8,8,2,8,5,7,8,8,
22,2,4,5,7,6,1,6,7,2,3,5,6,7,7,0,6,4,6,7,7,
22,0,6,7,9,8,3,9,9,1,5,7,8,9,9,2,8,6,8,9,9,
22,0,5,6,8,7,2,8,8,0,5,6,7,8,8,1,8,5,7,8,8,
24,0,5,7,9,8,3,9,9,1,5,7,8,9,9,3,8,6,9,9,9,
22,0,5,6,8,7,2,8,8,0,4,6,7,8,8,1,7,5,7,8,8,
24,0,5,6,8,7,2,8,8,0,5,6,7,8,9,2,8,5,8,8,10,
24,0,5,6,8,7,2,9,8,0,5,6,7,8,9,2,8,5,8,8,9,
29,0,5,6,7,7,13,7,15,0,5,6,7,7,8,13,15,5,7,8,8,
22,2,4,6,7,6,1,7,7,2,4,6,6,7,7,0,7,4,7,7,7,
22,1,3,5,6,5,0,6,6,1,3,5,5,6,6,0,6,3,6,6,6,
22,1,3,5,6,6,0,6,6,2,3,5,6,6,6,0,6,3,6,7,7,
23,2,4,6,7,6,1,7,7,2,4,6,6,7,7,0,7,4,6,7,7,
24,1,3,5,6,6,0,6,6,1,3,5,5,6,7,0,6,3,6,7,7,
22,2,3,5,6,6,0,6,6,2,3,5,5,6,7,0,6,3,6,7,7,
22,1,4,5,7,6,0,6,7,2,3,5,6,6,7,0,6,4,6,7,7,
22,2,4,5,6,7,0,6,7,2,3,5,6,6,7,0,6,4,7,7,7,
24,1,4,5,6,6,0,6,7,2,3,8,6,7,7,0,6,4,6,7,7,
22,1,4,5,6,6,0,6,6,2,3,5,6,6,7,0,6,4,6,7,7,
22,2,4,6,7,6,0,6,7,2,3,6,6,7,7,0,6,4,6,7,7,
22,2,4,6,7,6,0,6,7,2,3,6,6,7,7,0,6,4,6,7,7,
22,2,5,6,7,6,1,6,7,2,5,6,6,7,7,0,6,5,6,7,7,
24,0,3,5,6,5,0,6,6,0,3,6,5,6,6,0,6,3,5,6,6,
24,2,4,6,7,6,1,6,7,2,3,6,6,7,7,0,6,4,6,7,7,
22,2,3,5,6,5,0,6,6,2,3,5,5,6,6,0,6,3,6,6,6,
22,1,3,5,6,5,0,6,6,1,3,5,5,6,6,0,6,3,6,6,6,
22,1,3,5,6,6,0,6,6,1,3,5,5,6,6,0,6,3,6,7,7,
22,1,3,5,6,6,0,6,6,2,3,5,5,6,6,0,6,3,6,6,7,
30,2,3,5,9,6,0,14,9,2,3,5,5,14,9,0,9,3,6,14,9,
22,2,3,5,6,6,0,6,6,2,3,5,6,6,6,0,6,3,6,7,7,
23,1,3,5,8,6,0,6,6,2,3,5,6,6,8,0,6,3,6,7,8,
25,1,3,5,6,6,0,6,6,1,3,5,5,6,6,0,6,3,6,6,7,
22,2,4,5,6,6,0,6,7,2,3,5,6,7,7,0,6,4,6,7,7,
22,0,4,5,6,6,0,6,6,1,3,5,6,7,7,0,6,4,6,7,7,
22,1,4,5,6,6,0,6,7,1,3,5,6,7,7,0,6,4,6,7,7,
22,3,3,6,6,6,0,7,7,3,3,6,6,7,7,0,6,3,6,7,7,
22,1,4,6,7,6,0,7,7,1,4,6,6,7,7,0,7,4,6,7,7,
22,1,4,5,7,6,1,6,7,2,4,6,6,7,7,0,7,4,6,7,7,
22,1,4,6,7,6,1,7,7,2,4,6,6,7,7,0,7,4,6,7,7,
23,1,3,5,6,5,0,6,6,1,3,5,5,6,6,0,6,3,6,6,6,
44,0,3,5,6,6,0,6,6,0,3,5,5,6,6,0,6,3,6,6,28,
23,0,3,5,6,5,0,6,6,0,3,5,5,6,6,0,6,3,6,6,6,
23,0,3,4,6,5,0,6,6,0,4,4,5,6,6,0,6,4,5,7,6,
22,0,3,5,6,6,0,6,6,0,3,5,5,6,6,0,6,3,6,6,6,
22,1,3,5,6,6,0,6,6,1,3,5,6,6,6,0,6,3,6,6,7,
31,2,16,5,6,6,0,6,7,2,4,5,6,7,7,0,6,5,6,7,7,
22,2,4,5,6,6,0,6,7,2,3,5,6,7,7,0,6,4,6,7,7,
22,1,5,5,6,6,0,6,7,1,5,5,6,7,7,0,6,5,6,7,7,
22,2,4,5,6,6,0,6,6,2,3,5,6,6,7,0,6,4,6,7,7,
22,0,3,5,6,6,1,6,6,0,3,5,6,6,7,0,6,3,6,7,7,
23,0,4,5,7,6,1,7,7,1,4,5,6,7,7,1,7,4,6,7,7,
22,0,5,7,8,7,2,8,8,0,5,7,7,8,8,1,7,5,7,8,8,
23,0,5,6,8,7,2,8,8,0,5,6,7,8,8,2,8,5,8,8,9,
22,0,5,6,8,7,2,8,8,0,5,6,7,8,8,2,8,5,8,8,8,
24,0,5,6,8,7,2,8,8,1,5,6,7,8,8,2,8,6,8,8,8,
25,0,5,6,8,7,2,8,8,1,5,6,7,8,8,2,8,5,8,8,8,
23,0,3,4,6,6,0,6,6,0,3,5,5,6,6,0,6,4,6,6,7,
23,0,4,5,7,7,1,8,7,0,4,5,7,7,7,1,7,5,7,8,8,
23,0,5,10,9,8,2,8,8,1,5,10,8,8,9,2,8,6,8,8,9,
22,0,8,6,9,8,2,8,8,0,8,6,7,8,8,2,8,8,8,8,9,
22,0,5,6,8,7,1,7,8,0,4,6,6,7,8,1,7,5,7,7,8,
22,0,5,7,8,8,2,8,9,0,5,7,7,8,9,2,8,6,8,8,9,
