11,0,1,1,0,1,1,1,1,1,1,
7,1,1,2,0,1,1,1,2,3,1,
16,0,1,11,0,0,0,0,0,1,11,
7,0,1,1,1,1,1,4,1,1,1,
5,0,0,0,0,0,0,0,0,0,0,
17,0,12,0,0,0,0,0,0,12,0,
8,0,1,0,0,0,0,0,0,1,0,
5,0,1,0,0,0,0,0,1,1,0,
5,0,1,0,0,0,0,1,1,1,0,
5,0,1,0,0,0,0,0,0,1,0,
8,0,1,0,0,0,0,1,1,1,0,
5,0,1,0,0,0,0,1,1,1,0,
5,0,1,0,0,0,0,1,1,1,0,
6,0,1,1,1,1,1,1,1,1,1,
8,0,1,1,1,1,1,1,1,1,1,
5,0,1,1,1,1,1,1,1,1,1,
5,0,1,1,1,1,1,1,1,1,1,
5,0,1,0,0,0,0,0,0,0,0,
5,0,1,0,0,0,0,0,1,1,0,
5,0,1,0,0,0,0,1,0,1,0,
8,0,1,0,0,0,0,0,0,1,0,
5,0,1,0,0,0,0,0,0,1,0,
5,0,1,0,0,0,0,1,0,1,0,
5,0,1,0,0,0,0,1,1,1,0,
5,0,1,0,0,0,0,1,1,1,0,
5,0,1,1,1,1,1,1,1,1,1,
5,0,1,0,0,0,0,1,1,1,0,
4,0,1,1,1,1,1,1,1,1,1,
10,0,3,0,0,0,1,1,1,3,0,
5,0,1,2,1,1,1,1,1,1,1,
5,0,1,1,1,1,1,1,1,1,1,
5,0,1,0,0,0,0,0,0,1,0,
5,0,1,0,0,0,0,0,0,0,0,
12,0,1,0,0,0,8,0,0,0,0,
5,0,1,0,0,0,0,0,0,0,0,
5,0,1,1,1,1,1,1,1,1,1,
5,0,1,0,0,0,0,1,0,1,0,
6,0,1,1,1,1,1,1,1,1,1,
6,0,1,0,1,0,0,1,1,1,0,
7,0,1,1,1,2,1,1,1,1,1,
5,0,1,1,1,1,1,1,1,1,1,
8,0,1,1,1,2,1,1,1,1,1,
5,0,1,0,0,0,0,0,0,0,0,
7,0,1,3,0,0,0,0,0,1,3,
6,0,0,0,0,0,0,0,1,0,0,
5,0,1,0,0,0,0,0,0,1,0,
5,0,1,0,0,0,0,0,0,1,0,
6,0,1,0,0,0,1,0,0,1,0,
5,0,1,0,0,0,0,0,0,1,0,
16,0,1,11,0,0,0,1,1,1,12,
6,0,0,0,0,0,0,0,0,0,0,
5,0,1,0,0,0,0,1,0,1,0,
7,0,1,1,1,1,1,1,1,1,1,
5,0,1,1,1,1,1,1,1,1,1,
7,0,1,0,0,0,0,1,0,1,0,
5,0,1,0,0,0,0,0,0,1,0,
5,0,1,1,0,1,1,1,1,1,1,
5,0,1,1,0,1,1,1,1,1,1,
5,0,2,1,1,1,1,1,1,2,1,
5,0,1,0,0,0,0,0,0,1,0,
5,0,1,0,0,0,0,0,0,1,0,
5,0,1,0,0,0,0,0,0,1,0,
5,0,1,0,0,0,0,0,0,1,0,
5,0,1,0,0,0,0,1,0,1,0,
4,0,1,0,0,0,0,1,0,1,0,
4,0,1,0,0,0,0,1,0,1,0,
6,0,1,0,0,0,1,1,1,1,0,
5,0,1,0,1,1,1,1,1,1,0,
5,0,1,1,0,1,1,1,1,1,1,
5,0,1,1,0,1,1,1,1,1,1,
6,0,1,0,0,0,0,0,0,1,0,
579,0,1,1,0,1,12,0,0,1,1,
4,0,1,1,0,1,1,1,1,1,1,
5,0,2,1,1,1,1,1,1,2,1,
5,0,1,0,1,1,1,1,1,1,1,
9,0,3,0,0,0,0,0,0,3,0,
5,0,1,1,1,1,1,1,1,1,1,
5,0,1,0,0,0,0,0,0,1,0,
7,0,0,0,0,0,0,0,1,0,0,
5,0,1,0,0,0,0,0,0,1,0,
5,0,1,0,0,0,0,1,1,1,0,
7,0,1,0,0,0,3,0,1,1,0,
6,0,1,0,0,0,0,0,1,1,0,
5,0,0,0,0,0,0,0,0,0,0,
5,0,1,0,1,0,1,1,1,1,1,
5,0,0,0,0,0,0,0,0,0,0,
5,2,1,0,1,0,1,1,1,1,1,
4,0,1,1,1,1,1,1,1,1,1,
5,0,2,1,1,1,1,1,1,2,1,
5,0,1,1,1,1,1,1,1,2,1,
5,0,0,0,0,0,0,0,0,1,0,
6,0,1,1,0,1,1,1,1,1,1,
5,0,1,0,0,0,0,0,0,1,0,
5,0,1,0,0,0,0,0,0,1,0,
5,0,1,0,0,0,0,0,0,1,0,
6,0,0,0,0,0,0,0,0,0,0,
6,0,1,0,1,1,1,1,1,1,0,
5,0,2,1,0,1,1,1,1,1,1,
4,0,1,1,1,1,1,1,1,1,1,
5,0,0,0,0,0,0,0,0,0,0,
5,0,2,1,0,1,1,1,1,1,1,
5,1,2,1,0,1,1,1,1,1,1,
5,1,2,1,0,1,1,1,1,1,1,
5,1,2,1,0,1,1,1,1,1,1,
8,0,4,1,1,1,1,1,1,4,1,
5,0,1,0,0,0,0,0,1,1,0,
5,0,1,1,0,0,0,0,1,1,1,
5,0,1,0,0,0,0,1,1,1,0,
4,0,1,0,0,1,1,1,1,1,0,
4,0,1,0,0,0,0,1,1,1,0,
5,0,1,0,0,0,1,1,1,1,0,
6,0,1,0,0,0,0,1,1,1,0,
5,0,1,1,1,1,1,1,1,1,1,
5,0,2,1,1,1,1,1,1,1,1,
13,0,1,0,0,0,8,0,0,1,0,
11,0,1,1,1,6,1,1,1,1,1,
5,0,1,0,0,0,0,0,0,1,0,
5,0,1,0,0,0,0,0,0,1,0,
5,0,1,0,0,0,0,0,0,1,0,
14,10,1,0,0,0,0,1,1,1,0,
6,0,1,0,0,0,0,0,0,1,0,
4,0,1,0,0,0,0,1,1,1,0,
5,0,2,1,0,1,1,1,1,1,1,
5,0,1,1,0,1,1,1,1,1,1,
6,0,0,0,0,0,0,0,0,0,0,
5,0,1,0,0,0,0,0,0,1,0,
5,0,2,1,0,1,1,1,1,1,1,
5,1,2,1,0,1,1,1,1,2,1,
15,0,1,0,0,0,0,1,1,1,0,
5,0,1,0,0,0,0,0,0,1,0,
5,0,1,0,0,0,0,0,1,1,0,
5,0,1,0,0,0,0,1,1,1,0,
5,0,1,0,0,0,0,1,1,1,0,
5,0,1,0,0,0,0,1,1,1,1,
5,0,2,1,1,1,1,1,1,1,1,
5,0,1,1,0,1,1,1,1,1,1,
5,0,2,1,0,1,1,1,1,1,1,
5,0,2,1,0,1,1,1,1,1,1,
5,0,2,1,0,1,1,1,1,1,1,
5,0,2,1,0,1,1,1,1,1,1,
5,0,1,0,0,0,0,0,0,1,0,
5,1,2,1,0,1,1,2,2,2,1,
5,0,0,0,0,0,0,0,0,0,0,
5,0,1,0,0,0,0,1,1,1,0,
5,0,1,0,0,0,0,0,1,1,0,
4,1,1,0,0,0,0,1,1,1,0,
8,0,4,1,1,1,1,1,1,4,1,
4,0,1,1,1,1,1,1,1,1,1,
7,0,2,3,1,1,1,1,1,1,3,
5,0,0,0,0,0,0,0,0,0,0,
5,0,2,1,1,1,1,1,1,1,1,
5,0,2,1,0,1,1,1,1,1,1,
5,0,2,1,0,1,2,1,1,2,1,
5,0,2,1,1,1,1,1,1,1,1,
5,1,2,1,0,1,1,1,1,2,1,
5,0,1,0,0,0,0,1,1,1,0,
5,1,2,1,0,1,1,1,2,2,1,
6,0,1,0,0,0,2,1,1,1,0,
5,0,2,0,1,0,1,1,1,1,1,
5,0,1,1,1,1,1,1,1,1,1,
5,0,1,1,1,1,1,1,1,1,0,
5,0,1,1,1,1,1,1,1,1,1,
15,0,1,1,1,1,1,11,1,1,0,
5,0,1,0,0,0,0,0,0,1,0,
5,0,2,1,1,1,1,1,1,2,1,
5,0,2,1,1,1,1,1,1,2,1,
5,0,1,0,0,0,0,0,0,1,0,
8,0,2,1,0,2,1,1,1,1,1,
5,0,1,0,0,0,0,0,1,1,0,
5,0,1,0,0,0,0,1,1,1,0,
5,0,1,0,0,1,1,1,1,1,0,
4,0,1,0,0,0,1,1,1,1,0,
5,0,1,1,0,0,1,1,1,2,0,
6,0,1,1,1,1,1,1,1,2,1,
5,0,2,1,1,1,1,1,1,1,1,
6,0,1,0,0,0,0,0,0,1,0,
5,0,0,0,0,0,0,0,0,0,0,
6,0,2,1,1,1,1,1,1,2,1,
7,0,1,0,0,0,0,3,0,1,0,
5,0,2,1,1,1,1,1,1,2,1,
5,0,1,0,0,0,0,1,1,1,0,
5,0,1,0,0,0,1,1,1,1,0,
6,0,2,1,1,1,1,1,1,2,1,
5,0,1,0,0,0,1,1,1,1,0,
5,0,1,1,0,1,1,1,1,1,1,
5,0,1,1,1,1,1,1,1,1,1,
5,0,1,1,1,1,1,1,1,1,1,
5,0,2,1,1,1,1,1,1,1,1,
5,0,1,0,0,0,0,0,0,1,0,
5,0,2,1,1,1,1,1,1,2,1,
5,0,1,0,0,0,0,0,0,1,0,
5,0,2,1,1,1,1,1,1,2,1,
5,0,1,0,0,0,0,1,0,1,0,
5,0,1,0,0,0,1,1,1,1,0,
4,0,1,0,0,0,1,1,1,1,0,
4,0,1,0,1,0,1,1,1,1,1,
10,0,4,0,0,0,1,1,1,4,0,
6,1,1,0,0,0,0,0,0,1,0,
5,0,2,1,1,1,1,1,1,2,1,
5,0,1,0,0,0,0,0,0,1,0,
15,0,2,1,1,1,12,1,1,2,1,
5,0,2,1,1,1,1,1,1,2,1,
6,0,1,0,0,0,2,1,0,1,0,
5,0,1,0,0,0,1,1,0,1,0,
5,0,1,1,1,1,1,1,1,1,1,
5,0,2,1,1,1,1,1,1,1,1,
5,0,1,1,1,1,1,1,1,1,1,
6,0,1,1,0,1,1,3,1,2,1,
5,0,2,1,1,1,1,1,1,2,1,
5,0,2,1,1,1,1,1,1,2,1,
14,9,1,0,0,0,0,0,0,1,0,
5,0,1,0,0,0,1,1,1,1,0,
5,0,1,0,0,0,1,1,1,1,0,
4,0,1,0,1,0,1,1,1,1,0,
5,0,1,1,1,1,1,1,1,1,1,
5,0,1,1,0,1,1,1,1,1,1,
5,0,2,1,1,1,1,1,1,2,1,
7,0,1,0,0,0,0,0,0,1,0,
5,0,1,0,0,0,0,0,0,1,0,
6,0,0,0,0,0,0,0,0,0,0,
5,0,1,1,0,1,1,1,1,1,1,
5,0,1,0,1,0,1,1,1,1,0,
5,0,1,1,1,1,1,1,1,1,1,
5,0,2,1,1,1,1,1,1,2,1,
5,0,2,1,1,1,1,1,1,1,1,
7,0,2,0,0,0,0,0,0,2,0,
5,0,1,0,0,0,0,0,0,1,0,
5,0,1,1,0,0,0,0,0,1,1,
5,0,1,0,0,0,1,1,1,1,0,
5,0,1,0,0,0,1,1,0,1,1,
7,0,1,0,0,0,1,1,1,1,0,
5,0,1,1,0,1,1,1,1,1,1,
5,0,2,1,1,1,1,1,1,2,1,
5,0,1,1,0,1,1,1,1,1,1,
5,0,1,0,0,0,0,0,0,1,0,
5,0,1,0,0,0,0,0,0,1,0,
5,0,1,0,0,0,0,0,0,1,0,
5,0,1,0,0,0,0,1,0,1,0,
6,0,1,0,0,0,0,0,1,1,0,
4,0,1,0,0,0,1,1,1,1,0,
5,0,2,1,1,1,1,1,1,1,1,
5,0,1,0,0,0,1,1,1,1,0,
5,0,1,0,0,0,0,0,0,1,0,
5,0,1,0,0,0,0,0,0,1,0,
5,0,1,0,0,0,0,0,0,1,0,
7,0,1,0,0,0,0,1,1,1,0,
7,0,2,0,0,2,0,1,1,1,0,
6,2,0,0,0,0,0,0,0,0,0,
5,0,1,1,1,1,1,1,1,1,1,
5,0,0,0,0,0,0,0,0,0,0,
5,0,2,1,1,1,1,1,1,1,1,
5,0,1,0,0,0,0,0,0,1,0,
7,0,1,0,0,0,2,0,0,1,0,
6,0,1,0,0,0,0,1,1,1,0,
6,0,1,0,0,0,0,1,1,1,0,
5,0,1,0,0,0,0,1,1,1,0,
5,0,2,0,1,1,1,1,1,1,0,
5,0,1,0,0,0,0,0,0,0,0,
5,0,2,1,1,1,1,1,1,2,1,
5,0,1,0,0,0,0,0,0,1,0,
5,0,1,0,0,0,0,1,1,1,0,
5,0,1,0,0,0,0,0,1,1,0,
5,0,1,0,0,0,0,0,1,1,0,
5,0,1,0,0,0,0,0,1,1,0,
5,0,1,0,1,0,0,1,1,1,0,
5,0,2,1,1,1,1,1,1,1,1,
5,0,1,1,1,1,1,1,1,1,1,
6,0,2,1,1,1,1,1,1,1,1,
5,0,2,1,1,1,1,1,1,1,0,
5,0,1,0,0,0,0,0,0,1,0,
5,0,1,0,0,0,0,1,0,1,0,
5,0,1,1,0,0,0,1,1,1,1,
5,0,1,1,0,0,0,0,1,1,0,
4,0,1,1,0,0,0,1,1,1,1,
5,0,1,1,1,1,1,1,1,1,1,
5,0,1,0,0,0,0,0,0,1,0,
5,0,1,1,1,1,1,1,1,1,1,
5,0,0,0,0,0,0,0,0,0,0,
5,1,1,0,0,0,0,1,1,1,0,
5,0,0,0,0,0,0,0,0,0,0,
5,0,1,0,0,0,0,1,1,1,0,
5,0,1,0,0,0,0,0,1,1,0,
5,0,0,0,0,0,0,0,0,0,0,
5,0,1,0,0,0,0,1,1,1,0,
4,0,1,0,1,0,0,1,1,1,0,
4,0,1,1,0,1,1,1,1,1,1,
5,0,1,1,1,1,1,1,1,1,1,
5,0,0,0,0,0,0,0,0,0,0,
5,0,1,0,0,0,0,0,0,1,0,
5,0,1,0,0,0,0,0,0,1,0,
5,0,1,0,0,0,0,0,0,1,0,
5,0,1,0,0,0,0,0,0,1,0,
6,0,1,0,0,0,0,0,0,1,0,
5,0,1,0,0,0,0,0,0,1,0,
6,0,1,0,0,0,0,1,1,1,0,
6,0,1,0,0,0,0,1,1,1,0,
13,0,4,0,0,0,0,0,0,4,0,
6,3,1,0,1,0,1,1,1,1,0,
5,0,0,0,0,0,0,0,0,0,0,
7,0,4,0,1,1,1,1,1,4,0,
5,1,1,0,1,1,1,1,1,1,0,
5,0,0,0,0,0,0,0,0,0,0,
15,10,1,0,0,0,0,0,0,0,0,
8,0,1,0,0,0,0,0,0,0,0,
5,0,1,0,0,0,0,0,0,1,0,
5,0,1,0,0,0,0,1,0,1,0,
5,0,1,0,0,0,0,1,1,1,0,
5,0,1,0,0,0,0,0,0,1,0,
4,0,1,0,0,0,0,1,1,1,0,
5,0,1,0,0,0,0,1,1,1,0,
16,0,1,0,0,0,0,1,1,1,0,
6,0,1,0,1,0,1,1,1,1,0,
5,0,2,0,1,1,1,1,1,1,0,
5,0,2,1,1,1,1,1,1,1,1,
5,0,1,0,0,0,0,0,0,0,0,
5,0,2,1,1,1,1,1,1,1,1,
5,0,1,0,0,0,0,0,0,1,0,
5,0,1,0,0,0,0,0,0,1,0,
5,0,1,0,0,0,0,1,1,1,0,
6,0,1,0,0,2,0,1,1,1,0,
4,0,1,0,1,0,1,1,1,1,0,
4,0,1,0,1,1,1,1,1,1,0,
4,0,0,0,0,0,0,0,0,0,0,
4,0,1,1,1,1,1,1,1,1,1,
4,0,1,1,1,1,1,1,1,1,0,
12,0,3,0,0,0,0,0,0,3,0,
7,3,0,0,0,0,0,0,0,0,0,
5,0,1,0,0,0,0,0,0,0,0,
5,0,1,0,0,0,0,0,0,0,0,
14,0,1,0,0,0,10,0,1,1,0,
5,0,1,0,0,0,0,1,0,1,0,
7,0,1,0,0,0,3,1,1,1,0,
5,0,1,0,1,1,1,1,1,1,1,
5,0,2,1,1,1,1,1,1,1,1,
5,0,1,1,1,1,1,1,1,1,1,
5,0,2,1,1,1,1,1,1,2,1,
8,0,1,1,1,1,1,1,1,1,1,
5,0,1,0,0,0,0,0,0,1,0,
5,0,1,0,0,0,0,1,1,1,0,
5,0,0,0,0,0,0,0,0,0,0,
8,0,1,2,0,1,1,1,1,2,1,
6,0,1,1,1,1,1,1,1,1,1,
6,2,2,1,0,1,1,1,1,2,1,
6,0,1,0,0,0,0,1,1,1,0,
5,0,1,0,0,0,0,1,1,1,0,
4,0,1,1,1,1,1,1,1,1,1,
5,0,1,1,1,1,1,1,1,1,1,
5,0,1,1,1,1,1,1,1,1,1,
5,0,0,0,0,0,0,0,0,0,0,
5,0,1,1,0,1,1,1,1,1,1,
5,0,1,0,0,0,0,0,0,1,0,
5,0,1,0,0,1,0,1,1,1,0,
5,0,1,0,0,0,0,1,1,1,0,
5,0,1,0,0,0,0,1,1,1,0,
9,0,3,0,1,0,1,1,1,3,0,
16,0,1,0,0,0,0,0,0,1,0,
6,0,0,1,0,0,0,0,0,0,1,
6,0,1,1,1,1,1,1,1,1,1,
5,0,1,0,0,0,1,1,1,1,0,
4,0,0,0,0,0,0,0,0,0,0,
6,0,1,0,1,1,3,1,1,2,0,
5,0,2,1,1,1,1,1,1,1,1,
5,0,2,0,1,1,1,1,1,1,1,
5,0,1,0,0,0,0,0,0,0,0,
5,0,1,0,0,0,0,0,0,1,0,
7,0,1,0,0,0,0,3,0,1,0,
5,0,1,0,0,0,0,0,0,1,0,
16,0,1,0,0,0,0,1,11,1,0,
5,0,1,0,1,0,0,1,1,1,1,
5,0,1,0,1,1,1,1,1,1,1,
5,0,1,0,0,0,0,0,0,1,0,
5,0,0,0,0,0,0,0,0,0,0,
5,0,1,0,1,1,1,1,1,1,0,
5,0,2,1,1,1,1,1,1,2,1,
5,0,2,1,1,1,1,1,1,1,1,
5,0,1,0,0,0,0,0,0,1,0,
5,0,1,0,0,0,0,0,0,1,0,
5,0,1,0,0,0,0,1,1,1,0,
5,0,1,1,1,1,1,1,1,1,1,
5,0,0,0,0,0,0,0,0,0,0,
5,0,0,0,0,0,0,0,0,0,0,
5,0,1,1,1,1,1,1,1,1,1,
5,0,0,0,0,0,0,0,0,0,0,
7,0,3,1,1,1,1,1,1,3,1,
5,0,1,1,1,1,1,1,1,1,1,
5,0,0,1,0,0,0,0,0,0,1,
5,0,1,0,0,0,0,0,0,1,0,
5,0,1,0,0,0,0,1,0,1,0,
12,0,1,0,0,0,0,0,0,1,0,
5,0,1,0,0,0,0,0,0,1,0,
8,0,3,0,3,0,0,3,3,3,0,
16,0,12,0,0,0,0,0,0,12,0,
6,0,1,0,0,0,0,1,0,1,0,
6,0,0,0,0,0,0,0,0,0,0,
4,0,1,0,0,0,0,0,0,1,0,
4,0,1,0,0,0,0,1,1,1,0,
5,0,1,1,0,1,1,1,1,1,1,
5,0,2,1,1,1,1,1,1,2,1,
5,0,1,0,0,0,0,0,0,0,0,
5,0,0,0,0,0,0,0,0,0,0,
5,0,1,0,0,0,0,0,0,1,0,
5,0,1,0,0,0,1,1,1,1,1,
5,0,1,0,0,0,0,0,0,1,0,
5,1,2,1,0,1,1,1,1,2,1,
5,0,1,0,1,1,1,1,1,1,0,
5,0,1,0,1,0,0,1,1,1,0,
5,0,1,0,0,0,0,1,1,1,0,
5,0,0,0,0,0,0,0,0,0,0,
5,0,1,0,0,0,0,0,0,0,0,
15,0,1,1,1,1,1,12,1,1,1,
5,0,2,1,1,1,1,1,1,2,1,
5,0,1,0,0,0,0,0,0,1,0,
5,0,1,0,0,0,0,0,0,1,0,
5,0,1,0,0,0,0,1,1,1,0,
6,0,1,0,0,0,0,0,1,1,0,
6,0,1,1,1,0,1,1,1,1,0,
16,0,1,0,0,0,11,1,1,1,0,
5,0,0,0,0,0,0,0,0,0,0,
6,0,1,1,1,1,1,1,1,1,1,
6,0,1,1,3,1,1,1,1,1,1,
5,0,2,1,0,1,1,1,1,1,1,
5,0,1,1,1,1,1,1,1,1,1,
5,0,2,1,1,1,1,1,1,2,1,
5,0,1,0,0,0,1,0,0,1,0,
5,0,1,0,0,0,0,0,0,1,0,
5,0,1,0,0,0,0,0,1,1,0,
5,0,1,0,0,0,0,0,1,1,0,
5,0,1,0,0,0,0,0,0,1,0,
5,0,1,0,1,1,1,1,1,1,1,
4,0,1,1,1,1,1,1,1,1,1,
5,0,2,1,1,1,1,1,1,2,1,
5,0,2,2,1,1,1,1,1,2,2,
5,0,2,1,1,1,1,1,1,2,1,
12,0,4,0,0,0,1,1,1,4,1,
5,0,1,0,0,0,0,0,0,1,0,
5,0,1,0,0,0,0,0,0,1,0,
8,0,4,0,0,0,0,1,1,4,0,
6,0,1,0,0,0,0,0,0,1,0,
6,0,0,0,0,0,0,0,0,0,0,
5,0,2,0,1,1,1,1,1,1,1,
7,0,2,1,1,1,1,1,1,2,1,
5,0,1,0,0,0,0,0,0,1,0,
5,0,1,0,0,0,0,0,0,1,0,
5,0,1,0,0,0,0,0,0,1,0,
15,0,2,1,1,12,1,1,1,2,1,
5,0,1,0,0,0,0,1,1,1,0,
5,0,1,0,0,0,1,1,1,1,0,
6,1,1,0,1,1,1,1,1,1,1,
6,0,1,0,0,0,0,1,1,1,0,
5,0,1,0,0,0,0,0,0,1,0,
5,0,1,0,0,0,0,0,0,0,0,
5,1,1,0,1,1,1,1,1,1,1,
5,0,2,1,1,1,1,1,1,2,1,
5,0,1,0,0,0,0,0,0,1,0,
5,0,1,0,0,0,0,0,0,1,0,
5,0,1,0,0,0,0,1,1,1,0,
5,0,1,0,0,0,0,1,1,1,0,
5,0,1,0,0,0,0,1,1,1,0,
5,0,1,0,1,1,1,1,1,1,1,
5,0,1,0,1,1,1,1,1,1,1,
4,0,1,0,1,0,1,1,1,1,0,
5,0,2,0,1,1,1,1,1,2,1,
8,0,4,0,0,0,0,1,1,4,0,
5,0,1,0,0,0,0,0,0,1,0,
6,0,1,2,0,0,0,0,1,1,2,
6,0,2,0,1,0,0,1,1,2,0,
5,0,1,0,0,0,0,0,1,1,0,
5,0,1,0,0,0,0,0,1,1,0,
7,0,1,0,0,0,2,0,0,1,0,
4,0,0,0,0,0,0,0,0,0,0,
5,0,1,0,0,0,1,1,1,1,0,
5,0,1,0,1,0,1,1,1,1,1,
5,0,1,1,1,1,1,1,1,1,1,
12,0,1,0,0,1,1,1,1,1,0,
5,0,2,1,1,1,1,1,1,2,1,
5,0,2,1,2,2,2,2,2,2,1,
5,0,1,0,0,0,0,0,0,1,0,
5,0,1,0,0,0,0,0,0,1,0,
5,0,1,0,0,0,0,0,0,1,0,
6,0,1,0,0,1,1,1,1,1,1,
6,0,2,1,0,1,1,1,1,2,1,
5,0,2,1,0,1,1,1,1,2,1,
5,1,1,1,0,1,1,1,1,1,1,
5,1,2,1,0,1,1,1,1,2,1,
6,0,1,1,1,1,1,1,1,1,1,
5,0,2,1,0,1,1,1,1,2,1,
5,0,2,1,1,1,1,1,1,2,1,
6,0,2,0,1,1,1,1,1,1,1,
5,0,2,1,1,1,1,1,1,2,1,
5,0,1,0,0,0,0,0,0,1,0,
5,0,1,0,0,0,0,0,0,1,0,
9,0,4,0,0,0,0,1,1,4,0,
16,0,1,0,0,0,0,12,0,1,0,
5,0,1,2,0,1,1,1,1,1,2,
5,0,1,1,1,1,1,1,1,1,1,
5,0,1,1,1,1,1,1,1,1,1,
5,0,1,0,0,1,1,1,1,1,1,
5,0,2,0,1,1,1,1,1,1,1,
5,0,2,1,1,1,1,1,1,2,1,
5,0,1,0,0,0,0,0,0,1,0,
5,0,2,0,1,1,1,1,1,2,1,
5,0,1,0,0,0,0,0,0,1,0,
5,0,2,1,0,1,1,1,1,2,1,
5,0,1,0,0,0,0,0,0,1,0,
5,0,1,0,0,0,1,1,0,1,0,
5,0,1,0,0,0,0,1,0,1,0,
4,0,1,0,0,0,1,1,1,1,0,
5,0,1,1,1,1,1,1,1,1,1,
7,0,3,0,0,0,1,1,1,3,0,
5,0,1,1,1,1,1,1,1,1,1,
5,0,2,0,0,1,1,1,1,2,1,
5,0,2,1,1,1,1,1,1,2,1,
6,0,1,0,0,2,1,1,1,1,0,
5,0,1,0,0,0,0,0,0,1,0,
5,0,1,0,0,0,0,0,0,1,0,
8,0,3,0,3,0,3,3,4,3,3,
5,0,1,0,0,0,0,0,0,1,0,
5,0,1,0,0,0,0,1,1,1,0,
8,0,1,0,0,0,3,1,1,1,0,
5,0,1,0,0,0,0,0,0,1,0,
5,0,1,0,1,1,1,1,1,1,1,
5,0,1,0,0,1,1,1,1,1,1,
5,0,2,0,1,1,1,1,1,2,1,
5,0,2,0,0,1,1,2,1,1,1,
5,0,2,0,0,1,1,1,1,2,1,
5,0,1,0,0,0,0,0,0,1,0,
16,0,2,1,1,12,1,1,1,2,1,
5,0,1,0,0,0,0,0,1,1,0,
6,0,1,0,0,0,0,0,0,1,0,
5,0,1,0,0,0,0,0,1,1,0,
5,0,1,0,0,0,0,1,1,1,0,
6,0,1,0,1,0,0,1,1,1,0,
4,0,1,0,0,1,1,1,1,1,0,
13,0,4,0,0,0,0,1,1,4,0,
5,0,2,0,1,1,1,1,1,2,1,
5,0,1,0,1,1,1,1,1,1,1,
5,0,1,0,1,1,1,1,1,2,1,
5,0,1,0,0,0,0,0,0,1,0,
5,0,1,0,0,0,0,0,0,1,0,
5,0,1,0,0,0,0,0,0,1,0,
5,0,1,0,0,0,0,0,0,1,0,
7,0,3,0,0,0,0,1,1,3,0,
5,0,1,0,0,0,0,1,1,1,0,
5,0,1,0,0,0,0,1,1,1,0,
6,0,1,0,0,0,0,1,1,1,0,
4,0,1,0,1,0,0,1,1,1,0,
5,0,2,0,1,1,1,1,1,1,1,
5,0,2,0,1,1,1,1,1,1,1,
8,0,2,0,1,1,1,1,1,2,1,
5,0,2,0,1,1,1,1,1,1,1,
5,0,1,0,0,1,0,0,0,1,0,
5,0,1,0,0,0,1,0,0,1,0,
5,0,1,0,0,0,0,0,0,1,0,
6,0,1,0,0,0,1,1,1,1,0,
5,0,1,1,1,1,1,1,1,1,1,
5,0,1,0,0,0,0,0,1,1,0,
5,0,1,0,0,0,0,0,1,1,0,
4,0,1,0,0,0,0,1,1,1,0,
4,0,1,0,1,1,1,1,1,1,1,
4,0,0,0,0,0,0,0,0,0,0,
4,0,1,1,0,1,1,1,1,1,1,
4,0,1,1,1,1,1,1,1,1,1,
11,0,4,0,0,0,0,1,1,4,0,
4,0,1,1,1,1,1,1,1,1,1,
5,0,1,0,0,0,0,0,0,1,0,
7,0,0,0,0,0,0,0,0,0,0,
5,0,1,0,0,0,0,0,1,1,0,
5,0,1,0,0,0,0,0,0,1,0,
5,0,1,0,0,1,1,1,1,1,0,
5,0,1,0,1,1,1,1,1,1,0,
4,0,1,1,0,0,1,1,1,1,0,
5,0,2,2,0,2,2,2,2,2,2,
4,0,1,1,0,1,1,1,1,1,1,
6,0,1,1,0,1,1,1,3,1,1,
5,0,1,1,0,1,1,1,1,1,1,
5,1,1,1,0,1,1,1,1,1,1,
16,0,2,1,0,1,1,13,1,1,1,
5,0,1,0,0,0,1,0,1,1,0,
5,0,1,0,0,0,0,0,1,1,0,
5,0,1,0,0,0,0,0,1,1,0,
5,0,1,0,0,0,0,1,1,1,0,
5,0,1,0,0,0,0,1,1,1,0,
7,0,3,0,0,0,0,1,1,1,0,
11,0,4,0,0,0,0,0,0,4,0,
4,0,1,0,0,0,1,1,1,1,0,
4,1,1,1,0,1,1,1,1,1,1,
7,0,4,4,4,4,4,4,4,4,4,
5,0,2,1,0,1,1,1,1,1,1,
5,0,2,0,0,1,1,1,1,2,1,
5,0,1,0,0,0,0,0,0,1,0,
5,0,1,0,0,0,0,0,0,1,0,
5,0,1,0,0,0,0,0,1,1,0,
5,0,1,0,0,0,0,1,0,1,0,
5,0,1,0,0,0,0,0,1,1,0,
8,0,1,0,0,0,0,3,0,1,0,
5,0,1,0,0,0,1,1,1,1,0,
4,0,1,0,0,0,1,1,1,1,0,
4,0,1,0,0,0,0,1,1,1,0,
8,0,3,1,0,1,1,1,1,3,1,
4,1,1,1,0,1,1,1,1,1,1,
5,0,2,1,0,1,1,1,1,1,1,
5,0,2,1,0,1,1,1,1,2,1,
5,0,2,1,0,1,1,1,1,2,1,
5,0,1,0,0,0,0,0,0,1,0,
7,0,1,0,0,0,0,0,0,1,0,
5,0,1,0,0,0,0,1,1,1,0,
5,0,1,0,0,0,0,0,1,1,0,
5,0,1,0,0,0,0,0,0,1,0,
5,0,1,1,0,1,1,1,1,1,1,
4,0,1,0,0,0,0,1,1,1,0,
5,0,2,1,0,1,1,1,1,2,1,
5,0,1,1,0,1,1,1,1,1,1,
10,0,4,1,0,1,1,1,1,4,1,
7,1,1,0,0,0,0,0,0,1,0,
5,0,1,1,0,0,0,0,0,1,1,
5,1,2,1,0,1,1,1,1,2,1,
6,0,1,0,0,0,0,0,1,1,0,
15,0,1,0,0,0,0,0,0,1,0,
5,0,1,0,0,0,0,1,1,1,0,
8,0,4,1,0,1,1,1,1,4,1,
6,0,1,0,0,0,0,1,1,1,0,
5,1,1,1,0,1,1,1,1,1,1,
4,0,1,0,0,0,0,1,1,1,0,
5,0,1,1,0,1,1,1,1,1,1,
5,0,1,1,0,1,1,1,1,1,1,
5,0,2,1,0,1,1,1,1,2,1,
5,0,2,2,0,1,1,1,1,2,2,
5,0,1,0,0,0,0,0,0,1,0,
5,0,2,1,0,1,1,1,1,2,1,
5,0,1,0,0,0,0,0,0,1,0,
5,0,1,0,0,0,0,0,0,1,0,
5,0,1,0,0,0,0,1,1,1,0,
5,0,1,0,0,0,1,1,1,1,0,
12,0,4,0,0,0,0,0,0,4,0,
6,2,0,0,0,0,0,0,0,0,0,
8,0,1,1,0,1,5,1,1,1,1,
7,0,0,0,0,0,0,0,1,0,0,
5,0,1,0,0,0,0,0,0,1,0,
5,0,1,0,0,0,0,0,0,1,0,
6,0,2,1,0,1,3,1,1,1,1,
5,0,1,0,0,0,0,0,0,1,0,
5,0,1,0,0,0,0,0,0,1,0,
5,0,1,0,0,0,0,0,1,1,0,
5,0,1,0,0,0,0,0,1,1,0,
5,0,1,0,0,0,0,0,0,1,0,
5,0,1,0,0,0,0,0,0,1,0,
5,0,1,0,0,0,0,0,1,1,0,
5,0,2,1,0,1,1,1,1,1,1,
5,0,2,1,0,1,1,1,1,1,1,
5,0,1,0,0,0,0,0,0,1,0,
5,0,1,0,0,0,1,1,0,1,0,
5,0,1,0,0,0,0,0,1,1,0,
5,0,1,0,0,0,0,0,0,1,0,
5,0,1,0,0,0,0,1,1,1,0,
5,0,0,0,0,0,0,0,0,0,0,
5,0,1,0,0,0,0,0,1,1,0,
579,0,1,1,0,1,1,1,1,1,1,
483,1,1,1,0,1,1,1,1,1,1,
5,0,2,1,0,1,1,1,1,2,1,
5,0,1,0,0,0,0,0,0,1,0,
5,0,0,0,0,0,0,0,0,0,0,
5,0,1,0,0,0,0,0,0,1,0,
5,0,1,0,0,0,0,0,0,1,0,
5,0,0,0,0,0,0,0,0,1,0,
5,0,1,1,0,1,1,1,1,1,1,
8,0,1,0,0,0,0,0,1,1,0,
5,0,1,0,0,0,1,1,1,1,0,
5,0,1,0,0,0,0,1,1,1,0,
4,0,1,1,0,0,1,1,1,1,0,
4,1,1,1,0,1,1,1,1,1,1,
5,1,2,1,0,1,1,2,2,2,1,
5,1,1,1,0,1,1,1,1,1,1,
5,1,1,1,0,1,1,1,1,1,1,
5,1,1,1,0,1,1,1,1,1,1,
5,1,2,1,0,1,1,1,1,2,1,
5,0,1,0,0,0,0,0,0,1,0,
5,0,1,0,0,0,0,1,1,1,0,
5,0,1,0,0,0,0,0,1,1,0,
5,0,1,0,0,0,0,0,0,1,0,
13,1,4,1,0,1,1,1,1,4,1,
6,0,1,0,0,0,0,1,1,1,0,
4,1,1,1,0,1,1,1,1,1,1,
6,0,0,0,0,0,0,0,0,0,0,
5,0,2,1,0,1,1,1,1,2,1,
5,1,2,1,0,1,1,1,1,1,1,
6,0,2,1,0,1,3,1,1,1,1,
5,1,2,1,0,1,1,1,1,2,1,
5,1,2,1,0,1,1,1,1,2,1,
5,0,1,0,0,0,0,0,0,1,0,
5,1,2,1,0,1,1,1,1,2,1,
5,0,1,0,0,0,0,1,0,1,0,
5,0,1,0,0,0,0,0,0,1,0,
6,0,1,0,0,0,1,1,1,1,0,
5,1,1,1,0,1,1,1,1,1,1,
5,0,1,0,0,0,0,1,1,1,0,
5,0,1,1,0,1,1,1,1,1,1,
5,0,2,1,0,1,1,1,1,1,1,
5,0,1,1,0,1,1,1,1,1,1,
5,1,2,1,0,1,1,1,1,2,1,
5,0,1,0,0,0,0,0,1,1,0,
13,1,4,1,0,1,1,2,1,4,1,
5,1,2,1,0,1,1,1,1,2,1,
5,0,1,0,0,0,0,0,1,1,0,
8,0,4,0,0,0,0,0,0,4,0,
5,0,1,0,0,0,0,1,1,1,0,
5,0,1,0,0,0,0,1,1,1,0,
14,11,1,0,0,0,0,1,1,1,0,
4,0,1,0,0,1,1,1,1,1,0,
5,0,1,0,0,0,0,1,1,1,0,
5,0,1,0,0,1,1,1,1,1,0,
5,0,2,0,0,1,1,1,1,2,0,
7,0,2,0,0,1,1,1,1,1,1,
5,0,2,0,0,1,1,1,1,2,0,
5,0,2,0,0,1,1,1,1,2,1,
5,0,1,0,0,1,1,1,1,1,1,
5,0,1,0,0,0,0,0,0,1,0,
5,0,1,0,0,0,0,0,0,1,0,
5,0,1,0,0,0,0,0,0,1,0,
5,0,1,0,0,0,0,1,1,1,0,
4,0,1,0,0,0,1,1,1,1,0,
5,0,1,0,0,1,1,1,1,1,1,
6,0,1,0,0,0,1,1,1,1,1,
5,1,2,1,0,1,1,1,1,2,1,
8,0,2,0,1,0,1,1,1,1,0,
5,0,1,1,1,1,1,1,1,1,1,
5,0,2,1,1,1,1,1,1,2,1,
5,0,2,1,1,1,1,1,1,2,1,
5,0,1,0,0,0,0,0,0,0,0,
5,0,1,0,0,0,0,0,0,1,0,
10,0,4,0,0,1,1,1,1,4,0,
5,0,1,0,0,0,0,1,0,1,0,
5,0,1,0,0,0,0,0,0,1,0,
4,0,1,0,0,0,1,1,1,1,0,
4,0,1,0,0,0,0,1,1,1,0,
4,0,1,0,0,0,1,1,1,1,0,
5,0,1,1,0,1,1,1,1,1,1,
5,0,2,1,0,1,1,1,1,2,1,
16,0,1,0,0,1,1,12,1,1,1,
5,1,2,1,0,1,1,1,1,2,1,
5,1,2,1,0,1,1,1,1,1,1,
5,0,1,1,0,1,1,2,1,1,1,
5,0,1,0,0,0,0,1,0,1,0,
5,0,1,0,0,0,0,0,1,1,0,
5,0,1,0,0,0,0,1,1,1,0,
5,0,1,0,0,0,1,1,1,1,0,
4,0,1,1,0,1,1,1,1,1,0,
4,0,1,1,0,1,1,1,1,1,1,
4,0,1,1,0,1,1,1,1,1,1,
4,0,1,1,0,1,1,1,1,1,1,
4,0,1,1,0,1,1,1,1,1,1,
9,0,1,0,0,0,0,1,1,1,0,
4,0,1,1,0,1,1,1,1,1,1,
4,0,1,1,0,1,1,1,1,1,1,
7,0,3,0,0,0,0,3,3,3,0,
5,0,1,0,0,0,0,0,1,1,0,
5,0,1,0,0,0,0,0,1,1,0,
6,0,1,0,0,0,2,1,1,1,0,
5,0,1,0,0,1,1,1,1,1,1,
5,0,0,0,0,0,0,0,0,0,0,
6,0,2,1,0,1,1,1,1,1,1,
4,0,1,1,0,1,1,1,1,1,1,
5,0,1,1,0,1,1,1,1,1,1,
15,0,1,1,1,1,11,1,1,1,1,
5,0,1,1,1,1,1,1,1,1,1,
5,0,0,0,0,0,0,0,0,0,0,
5,1,1,1,0,1,1,1,1,1,1,
5,0,1,0,0,0,0,0,0,1,0,
5,0,1,0,0,0,0,1,0,1,0,
6,0,1,0,0,0,0,1,1,1,0,
6,0,2,2,2,2,2,2,2,2,2,
27,0,1,1,24,0,1,1,1,1,1,
6,0,1,1,1,1,1,1,1,1,1,
4,0,1,1,0,0,1,1,1,1,0,
5,0,1,1,0,1,1,1,1,1,1,
5,0,1,1,0,1,1,1,1,1,1,
5,1,1,1,0,1,1,1,1,1,1,
5,1,1,1,0,1,1,1,1,1,1,
5,0,1,0,0,0,0,0,0,1,0,
5,0,1,0,0,0,0,0,0,1,0,
5,0,1,0,0,0,0,0,0,1,0,
5,0,1,1,0,0,1,1,1,1,1,
5,0,1,0,0,0,0,1,1,1,0,
5,0,1,0,0,0,0,1,1,1,0,
4,0,1,0,0,0,1,1,1,1,1,
4,0,1,0,1,0,0,1,1,1,0,
4,0,1,0,0,0,1,1,1,1,0,
5,0,1,0,1,1,1,1,1,1,1,
5,0,1,0,1,1,1,1,1,1,1,
5,0,1,0,0,0,0,0,0,0,0,
5,0,1,0,0,0,0,0,0,1,0,
5,0,1,0,0,0,0,0,0,1,0,
5,0,1,0,0,0,0,1,0,1,0,
5,0,1,0,0,0,0,0,1,1,0,
5,0,1,0,0,0,0,0,1,1,0,
5,0,1,0,0,0,0,0,0,1,0,
5,0,1,0,0,0,0,1,1,1,0,
4,0,1,0,1,0,0,1,1,1,0,
4,0,1,0,0,0,0,1,1,1,0,
4,0,1,0,0,0,0,1,1,1,0,
4,1,1,0,1,1,1,1,1,1,1,
9,0,1,0,1,1,1,1,1,1,1,
7,3,0,0,0,0,0,0,0,0,0,
7,0,2,3,1,1,1,1,1,2,4,
6,0,2,0,0,0,0,2,2,2,0,
5,0,1,0,0,0,0,0,0,0,0,
5,0,1,0,0,0,0,0,1,1,0,
6,0,1,0,0,1,2,1,1,1,0,
5,0,1,0,0,0,0,0,0,0,0,
5,0,1,0,0,0,1,1,1,1,0,
4,0,1,0,0,0,1,1,1,1,0,
4,0,1,0,0,1,1,1,1,1,1,
5,0,1,0,0,0,0,0,0,0,0,
5,0,0,0,0,0,0,0,0,0,0,
5,0,1,0,1,1,1,1,1,1,1,
5,0,0,0,0,0,0,0,0,0,0,
5,1,1,0,1,1,1,1,1,1,1,
5,0,1,0,0,0,0,0,1,1,0,
6,0,1,0,0,0,0,0,0,1,0,
5,0,1,0,0,0,0,0,0,1,0,
16,0,1,0,0,0,0,12,1,1,0,
17,0,13,0,0,0,0,1,1,12,0,
9,0,1,0,1,0,1,1,1,1,0,
4,1,1,0,1,1,1,1,1,1,1,
4,0,1,0,0,0,0,1,1,1,0,
7,0,4,1,1,1,4,4,4,4,3,
5,0,1,0,0,0,0,0,0,1,0,
5,0,1,0,1,1,1,1,1,1,1,
6,0,1,1,1,1,3,1,1,1,1,
4,1,1,0,0,1,1,1,1,1,1,
5,0,1,0,0,0,0,0,0,0,0,
5,0,1,0,0,0,0,0,0,0,0,
5,0,1,0,0,0,0,0,0,1,0,
5,0,1,0,0,0,0,1,0,1,0,
5,0,1,0,0,0,0,0,1,1,0,
4,0,1,0,0,0,1,1,1,1,0,
4,0,1,0,0,0,1,1,1,1,0,
4,0,1,0,0,1,1,1,1,1,0,
4,1,1,0,0,1,1,1,1,1,0,
5,0,1,0,0,1,1,1,2,1,0,
4,0,1,0,0,1,1,1,1,1,0,
4,0,1,0,0,1,1,1,1,1,0,
5,0,0,0,0,0,0,0,0,0,0,
5,0,1,0,0,0,0,0,0,1,0,
5,0,1,0,0,0,0,0,0,0,0,
5,0,1,0,0,0,0,0,0,1,0,
5,0,1,0,0,0,0,0,0,1,0,
4,0,1,0,0,0,0,0,1,1,0,
4,0,1,0,0,0,0,1,1,1,0,
4,0,1,0,0,0,0,1,1,1,1,
4,0,1,0,0,0,1,1,1,1,0,
6,0,3,1,0,1,1,1,1,2,1,
4,1,1,1,0,1,1,1,1,1,1,
4,0,1,1,0,1,1,1,1,1,1,
5,0,1,1,0,1,1,1,1,1,1,
11,0,1,0,0,7,0,0,0,0,0,
5,0,1,0,0,0,0,1,0,1,0,
5,0,1,0,0,0,0,0,0,0,0,
5,0,1,0,0,0,0,0,0,0,0,
5,0,1,0,0,0,0,0,0,0,0,
5,0,1,2,0,0,0,1,1,1,2,
4,1,1,0,1,1,1,1,1,1,0,
5,0,1,0,0,0,1,2,1,1,0,
4,0,1,0,0,0,1,1,1,1,0,
4,0,1,0,0,0,1,1,1,1,0,
4,1,1,0,0,1,1,1,1,1,0,
5,0,0,0,0,0,0,0,0,0,0,
5,0,0,0,0,0,0,0,0,0,0,
4,0,1,1,0,1,1,1,1,1,1,
5,1,1,1,0,1,1,1,1,1,1,
12,0,1,8,0,0,0,0,0,1,8,
5,0,1,0,0,0,0,0,0,0,0,
12,0,4,0,0,0,0,1,1,4,0,
4,0,1,0,0,0,0,1,0,1,0,
4,0,1,0,0,0,0,1,1,1,0,
5,0,0,0,0,0,0,0,1,0,0,
4,0,1,0,0,0,1,1,1,1,0,
4,0,1,0,0,1,1,1,1,1,1,
5,0,1,0,0,1,1,1,1,1,1,
4,1,1,1,0,1,1,1,1,1,1,
5,0,1,0,0,1,1,1,1,1,1,
4,0,1,0,0,1,1,1,1,1,1,
5,0,0,0,0,0,0,0,0,0,0,
6,1,2,1,0,1,1,3,1,1,1,
5,0,1,0,0,0,0,0,0,0,0,
6,0,1,0,0,0,0,0,1,1,0,
4,0,1,0,0,0,0,1,1,1,0,
4,0,1,0,0,0,0,1,1,1,0,
4,0,1,1,0,1,1,1,1,1,1,
4,0,1,0,0,1,1,1,1,1,1,
4,0,1,0,0,1,1,1,1,1,1,
18,0,1,0,0,0,3,0,0,0,0,
8,3,1,0,0,1,1,1,1,1,1,
12,0,4,1,0,1,1,1,1,1,1,
5,0,2,1,0,1,1,1,1,1,1,
5,0,1,0,0,0,0,0,0,1,0,
7,0,3,0,0,0,3,3,3,3,3,
5,0,1,0,0,0,0,0,0,1,0,
5,0,1,0,0,0,0,0,1,1,0,
4,0,1,0,0,0,1,1,1,1,0,
4,0,1,0,0,0,1,1,1,1,0,
4,0,1,0,0,0,0,1,1,1,0,
15,0,1,0,0,1,1,12,1,1,0,
4,0,1,0,0,1,1,1,1,1,1,
7,0,1,0,0,0,0,3,1,1,0,
5,0,1,0,1,1,1,1,1,1,1,
5,0,1,1,1,1,1,1,1,1,1,
5,0,1,0,0,0,0,0,0,1,0,
5,0,1,1,1,1,1,1,1,1,1,
5,0,1,0,0,0,0,0,0,1,0,
5,0,1,0,0,0,0,0,0,1,0,
5,0,1,0,0,0,0,1,1,1,0,
4,0,1,0,0,0,1,1,1,1,0,
4,0,1,0,1,0,1,1,1,1,0,
7,0,1,0,1,0,1,1,1,1,0,
7,0,2,1,1,1,1,1,1,1,1,
5,0,2,2,1,1,1,1,1,1,2,
5,0,0,0,0,0,0,0,0,0,0,
5,0,2,1,1,1,1,1,1,2,1,
5,0,0,0,0,0,0,0,0,0,0,
5,0,1,0,0,0,0,0,0,1,0,
5,0,1,0,0,0,0,0,1,1,0,
11,0,4,0,0,0,0,0,0,4,0,
7,3,1,0,0,0,0,1,0,1,0,
7,0,1,3,0,0,0,1,1,1,3,
4,0,1,0,0,0,1,1,1,1,1,
4,0,1,0,1,0,1,1,1,1,0,
5,0,2,1,1,1,1,1,1,2,2,
5,0,1,1,0,1,1,1,1,2,1,
5,0,1,0,0,0,0,0,0,1,0,
5,0,2,1,1,1,1,1,1,2,1,
5,0,1,0,0,0,0,0,0,1,0,
5,0,1,0,0,0,0,0,0,1,0,
7,0,1,0,0,0,0,2,0,1,0,
5,0,1,0,0,0,0,0,0,1,0,
18,0,1,0,0,0,0,1,10,1,0,
6,0,1,0,0,0,0,1,1,2,0,
5,1,1,0,1,1,1,1,1,1,1,
4,0,1,0,0,0,0,1,1,1,0,
4,0,1,0,1,0,1,1,1,1,0,
5,1,1,0,1,1,1,1,1,1,0,
4,1,1,0,1,1,1,1,1,1,0,
5,0,1,1,1,1,1,1,1,2,1,
6,0,1,0,1,1,1,1,1,2,1,
5,0,1,0,0,0,0,0,0,1,0,
15,0,1,0,0,0,11,0,0,1,0,
5,0,1,0,0,0,0,0,1,1,0,
5,0,1,0,0,0,0,1,1,1,0,
5,0,1,0,0,0,0,1,1,1,0,
5,0,1,0,0,0,1,1,1,1,0,
6,0,1,0,0,0,1,1,1,1,0,
5,0,1,0,0,0,1,1,1,1,0,
4,0,1,0,1,1,1,1,1,1,1,
4,0,1,0,1,1,1,1,1,1,1,
5,0,1,0,0,0,0,0,0,1,0,
5,0,1,0,0,0,0,0,0,1,0,
5,0,1,0,0,0,0,0,0,1,0,
5,0,1,0,0,0,0,0,0,1,0,
5,0,1,0,0,0,0,1,0,1,0,
5,0,1,0,1,0,1,1,1,1,1,
5,0,1,1,1,1,1,1,1,1,1,
5,0,1,0,0,0,0,1,1,1,0,
5,0,1,0,0,0,1,1,1,1,0,
6,1,1,0,1,1,1,1,1,1,0,
4,0,1,0,1,1,1,1,1,1,0,
5,0,1,0,0,0,0,0,0,1,0,
5,1,1,0,1,1,1,1,1,1,1,
5,1,2,0,1,1,1,1,1,2,1,
6,0,1,0,0,0,0,2,0,1,0,
6,0,1,0,0,0,0,1,1,1,0,
5,0,1,0,0,0,0,0,0,1,0,
5,0,1,0,0,0,0,0,0,1,0,
11,0,4,0,0,0,0,1,0,4,0,
6,0,1,0,0,0,0,1,1,1,0,
5,0,1,0,1,1,1,1,1,1,1,
6,1,1,0,1,1,1,1,1,1,1,
19,1,2,0,1,1,1,1,1,2,1,
4,0,1,0,1,0,1,1,1,1,0,
5,0,1,0,0,0,1,0,0,1,0,
5,0,1,0,0,0,0,0,0,1,0,
5,0,2,0,1,1,1,1,1,1,0,
5,1,2,0,1,1,1,1,1,1,0,
5,0,1,0,0,0,0,0,0,1,0,
5,0,1,0,0,0,0,1,0,1,0,
14,0,1,0,0,0,0,0,10,1,0,
5,0,1,0,0,0,0,1,0,1,0,
5,0,1,0,0,0,0,0,0,1,0,
5,0,1,0,0,0,0,1,1,1,0,
5,0,1,0,0,0,0,1,0,1,0,
5,0,1,0,0,0,1,1,1,1,0,
5,0,1,1,1,1,1,1,1,1,1,
5,0,1,0,1,1,1,1,1,1,1,
5,1,1,0,1,1,1,1,1,1,0,
10,0,4,0,0,0,0,0,0,4,0,
