136,4,2,3,2,4,4,4,4,4,0,3,3,4,4,4,4,3,1,5,3,4,4,4,128,1,4,4,4,4,70,3,2,4,2,3,3,4,4,4,4,
132,3,0,2,2,2,3,3,3,4,0,2,2,2,3,3,4,2,0,2,1,3,3,3,127,1,3,3,3,3,66,2,2,3,0,2,0,2,3,3,3,
138,3,0,2,0,2,3,2,4,3,0,2,1,2,3,2,3,2,0,3,0,3,2,3,133,0,3,2,3,3,75,2,0,3,0,2,0,2,3,2,3,
129,3,0,2,1,2,3,13,3,3,0,2,1,3,3,13,4,3,0,3,1,3,13,3,124,1,3,3,14,3,66,2,1,3,0,2,0,2,3,13,3,
129,3,1,2,1,3,3,4,4,3,0,2,1,4,3,3,4,3,1,4,1,3,4,4,124,1,3,3,3,4,66,2,1,3,0,3,1,3,3,4,4,
128,3,0,2,1,3,3,3,3,3,0,2,1,3,3,3,3,2,0,3,1,3,3,3,124,1,3,3,3,3,62,2,1,3,0,2,1,3,3,3,3,
124,3,1,2,1,3,3,4,4,4,0,3,1,4,3,4,4,3,0,3,1,4,4,4,120,1,3,3,4,4,62,2,1,3,0,3,1,3,3,4,4,
131,4,1,2,1,3,4,4,4,4,0,2,1,4,3,3,4,2,1,3,1,3,4,4,127,1,4,3,3,4,63,2,1,4,0,2,1,3,3,4,4,
134,6,1,2,1,3,6,6,6,6,0,2,1,6,3,6,6,2,0,3,1,6,6,6,130,1,6,3,6,6,66,2,1,6,0,3,1,3,6,6,6,
133,3,0,2,0,3,13,3,3,3,0,2,0,3,12,3,3,2,0,3,0,13,3,3,128,0,3,13,3,3,62,2,0,3,0,2,0,3,12,3,3,
130,3,0,2,0,3,5,3,3,3,0,2,0,3,4,3,3,2,0,3,0,5,3,3,125,1,3,4,3,3,62,2,0,3,0,2,0,3,5,3,3,
129,3,0,2,0,3,3,3,3,3,0,2,1,3,2,3,3,2,0,3,0,3,3,3,125,1,3,2,3,3,62,2,0,3,0,2,0,3,3,3,3,
144,3,0,2,1,3,3,3,3,3,0,2,1,3,3,3,4,2,1,3,1,3,3,3,140,1,3,3,3,3,65,2,1,3,0,2,1,3,3,3,3,
128,3,1,2,1,3,3,3,3,3,0,2,1,3,3,3,4,2,0,3,1,3,3,3,124,1,3,3,3,3,62,2,1,3,0,2,1,3,3,3,3,
125,7,1,2,1,3,4,4,4,7,0,2,1,3,3,3,4,2,1,4,1,4,4,7,121,2,4,3,3,7,62,2,1,7,0,3,1,3,3,3,4,
126,4,1,2,1,3,4,4,4,4,0,2,1,4,3,4,4,2,1,4,1,4,5,4,122,1,4,3,4,4,63,2,1,3,1,3,1,3,3,4,4,
125,4,1,2,1,3,4,4,4,4,0,2,1,4,3,3,4,2,1,3,1,3,4,3,121,2,4,3,3,4,62,2,1,4,1,2,1,3,3,4,4,
133,3,0,2,0,3,3,4,3,3,0,2,0,3,3,3,3,2,0,3,1,3,3,3,128,1,3,3,3,4,65,2,0,3,0,2,1,3,3,3,3,
132,3,1,2,1,3,3,4,4,3,0,2,1,3,3,4,4,2,1,3,1,3,4,4,128,1,3,3,4,4,62,2,1,3,0,2,1,3,3,4,4,
129,3,1,2,1,3,3,4,3,3,0,2,1,3,3,3,4,2,0,3,1,3,4,3,125,1,3,3,3,3,63,2,1,3,0,2,1,3,3,3,4,
610,4,1,3,1,3,3,4,4,3,0,2,1,4,3,3,4,3,1,3,1,3,4,4,126,1,4,3,4,4,62,3,1,4,0,3,1,3,3,4,3,
632,4,1,3,1,3,3,4,4,4,0,3,1,3,3,4,4,3,1,3,1,4,4,4,122,2,3,3,4,4,63,3,1,4,1,3,1,3,3,4,4,
143,7,1,2,1,2,3,3,3,7,0,2,1,2,2,2,4,2,0,2,1,3,3,3,139,1,3,3,3,3,80,2,1,3,0,2,1,2,3,3,3,
129,4,0,3,1,3,4,4,4,4,0,3,1,4,4,3,4,3,1,3,1,4,4,4,125,1,4,4,4,4,66,3,1,4,0,3,1,3,4,4,4,
129,3,1,3,1,3,3,4,4,4,0,3,1,3,3,4,4,3,1,3,1,4,4,4,125,1,3,4,4,4,62,3,1,3,1,3,1,3,3,4,4,
126,4,1,3,1,3,3,4,4,4,0,2,1,3,3,3,4,3,1,3,1,3,4,4,122,1,3,3,4,4,62,3,1,4,1,3,1,3,3,4,4,
127,4,1,3,1,4,3,4,4,4,0,3,1,4,3,4,4,3,1,4,1,4,4,4,123,1,4,4,4,4,64,3,1,4,0,3,1,4,3,4,4,
128,4,0,3,1,4,3,4,4,4,0,3,1,4,3,3,4,2,1,4,1,4,4,4,124,1,4,4,4,4,66,3,1,4,1,3,1,4,3,4,4,
129,3,0,4,1,3,2,3,3,3,0,4,0,3,3,3,3,4,0,3,1,3,3,3,124,1,3,3,3,3,62,4,1,3,0,4,0,3,3,3,3,
125,3,1,3,1,3,3,4,4,4,0,2,1,4,3,3,4,2,0,3,1,3,4,4,121,1,4,3,4,4,62,3,1,4,1,3,1,3,3,4,4,
127,3,2,2,1,3,3,3,3,3,0,2,1,3,3,3,3,2,1,3,1,3,3,3,123,1,3,3,3,3,62,2,1,3,0,2,1,3,3,3,3,
130,4,1,3,1,4,4,4,4,4,0,2,1,4,4,3,4,2,1,4,1,4,4,4,126,1,4,4,4,4,67,3,1,4,0,3,1,4,4,4,4,
134,5,1,3,1,3,3,4,4,4,0,2,1,4,4,3,4,2,1,3,1,4,4,4,125,1,3,4,3,7,63,3,1,4,0,3,1,4,3,4,4,
125,4,1,3,1,3,3,4,4,3,0,2,1,3,4,3,4,2,1,3,1,4,4,3,120,1,3,3,3,4,62,2,1,4,1,2,1,3,3,4,4,
126,3,0,2,0,3,3,3,3,3,0,2,0,3,3,3,3,2,0,3,0,3,3,3,121,0,3,3,3,3,62,2,0,3,0,2,0,3,3,3,3,
126,3,0,2,1,3,3,3,3,3,0,2,1,3,3,3,3,2,0,3,1,3,3,3,122,0,3,3,3,4,62,2,1,3,0,2,0,3,3,3,3,
130,4,1,3,1,3,3,4,4,4,0,2,1,3,4,3,4,3,1,3,1,3,4,4,124,1,4,3,4,4,66,3,1,4,1,2,1,3,3,4,4,
125,3,0,3,1,3,3,3,4,3,0,2,1,4,3,3,3,3,0,3,1,3,4,3,121,0,4,3,3,4,62,3,1,3,0,3,1,3,3,3,4,
126,4,1,3,1,3,3,4,4,4,0,2,1,4,4,3,4,3,0,3,1,3,4,4,122,1,4,3,3,4,63,3,1,3,0,3,1,3,3,4,4,
127,4,1,3,1,3,3,4,4,4,0,2,1,4,3,3,4,3,1,3,1,4,4,4,123,1,4,3,4,4,64,3,1,4,1,3,2,3,3,4,4,
131,4,1,3,1,4,3,4,4,4,0,3,1,4,3,4,4,3,1,4,1,3,4,4,127,1,4,4,4,4,66,3,1,4,1,2,1,4,3,4,4,
129,3,0,2,0,3,3,3,3,3,0,2,0,3,3,2,3,2,0,3,0,4,3,3,124,0,3,4,2,3,62,2,0,3,0,2,0,3,3,3,3,
125,3,0,2,1,3,3,3,3,3,0,2,1,3,3,3,3,2,0,3,1,3,3,3,121,1,3,3,3,4,62,2,1,3,0,2,1,3,3,3,3,
139,4,0,3,1,3,3,4,4,4,0,3,1,4,3,3,4,3,0,3,1,3,4,4,135,1,3,4,3,4,65,3,1,4,0,3,1,3,3,4,4,
128,3,1,3,1,3,3,4,4,3,0,2,1,4,3,3,4,3,1,3,1,3,4,3,124,1,3,3,3,4,66,3,1,3,1,3,1,3,3,3,4,
130,4,1,3,1,4,3,4,4,4,0,3,1,4,4,4,4,4,1,4,1,4,4,4,126,1,4,4,4,5,65,3,1,4,1,3,1,4,3,4,4,
125,3,0,3,0,3,2,3,3,3,0,3,0,3,3,3,3,3,0,3,0,3,3,3,120,0,3,3,3,4,62,3,0,3,0,3,0,3,2,3,3,
126,3,0,3,0,3,2,5,3,3,0,2,1,3,3,3,3,3,0,3,1,3,5,3,121,0,3,3,3,3,63,3,0,3,0,2,0,3,2,5,3,
129,3,0,3,3,3,3,3,4,3,0,3,3,3,3,3,3,3,0,3,3,3,4,3,125,1,3,3,4,4,66,3,3,3,0,2,3,3,3,3,4,
131,4,1,3,1,3,3,4,4,4,0,3,1,4,3,3,4,3,1,3,1,3,4,4,127,1,4,3,3,4,63,3,1,4,0,3,1,3,3,4,4,
127,4,1,3,1,4,3,4,4,4,0,3,1,4,3,3,4,3,1,4,1,3,4,4,123,1,4,3,4,4,65,3,1,4,1,3,1,4,3,4,4,
126,4,1,3,1,4,3,4,4,4,0,3,1,4,3,3,4,3,1,4,1,3,4,4,123,1,4,3,3,4,64,3,1,3,1,3,1,4,3,4,4,
127,0,0,0,0,0,0,0,2,0,0,0,0,0,0,0,2,0,0,0,0,0,0,0,119,0,0,0,0,0,61,0,0,0,0,0,0,0,0,0,2,
131,3,0,2,0,3,2,3,6,3,0,2,0,3,3,2,6,2,0,3,0,3,3,3,126,1,3,3,3,3,68,2,0,3,0,2,0,3,2,3,6,
142,3,0,2,1,3,3,3,3,3,0,2,1,3,3,3,3,2,0,3,1,3,3,3,137,0,3,3,3,4,77,2,1,3,0,2,1,3,3,3,3,
128,3,0,2,1,3,2,3,3,3,0,2,1,3,3,3,3,2,0,3,1,3,3,3,124,0,3,3,3,4,66,2,1,3,0,2,1,3,3,3,3,
128,3,1,3,1,3,3,4,4,4,0,2,1,4,3,3,4,3,0,3,1,3,4,4,121,1,3,3,3,4,63,2,1,3,1,2,1,3,3,4,4,
129,4,0,2,1,3,3,4,4,4,0,2,1,4,3,3,4,3,0,3,1,3,4,4,124,1,3,4,3,4,66,2,1,3,1,2,1,3,3,3,4,
128,4,1,2,1,12,3,3,4,4,0,2,1,13,3,3,3,2,1,12,1,3,4,3,124,1,13,4,3,4,63,2,1,4,1,2,1,12,3,3,4,
127,3,1,2,0,3,2,3,3,3,0,2,0,3,3,3,3,2,0,3,0,3,3,3,122,1,3,3,3,3,64,2,0,3,0,2,0,3,3,3,3,
126,3,0,2,0,3,3,3,3,3,0,2,1,3,3,3,3,2,0,3,1,3,3,3,121,0,3,3,3,4,63,2,0,3,0,2,0,3,3,3,3,
127,3,1,2,1,3,3,3,3,3,0,2,1,3,3,3,3,2,1,3,1,3,3,3,123,1,3,3,3,4,65,2,1,3,2,2,1,3,3,3,3,
129,3,1,2,1,3,3,3,4,3,0,2,1,4,3,3,3,2,0,3,1,3,4,4,124,1,3,4,3,4,63,2,1,3,0,2,1,3,3,3,4,
125,4,0,3,1,3,3,3,4,4,0,3,1,4,3,3,4,3,0,3,1,3,4,4,121,1,4,7,3,4,64,3,1,4,1,3,1,3,3,3,4,
144,3,2,3,1,3,3,3,4,3,0,3,1,3,3,3,3,3,1,3,1,3,4,3,140,1,3,4,3,4,63,3,1,3,1,3,1,3,3,3,3,
128,4,0,3,1,4,3,4,4,4,0,3,1,4,4,4,4,3,1,4,1,4,4,4,124,1,4,4,4,5,66,3,1,4,1,3,1,4,3,4,4,
127,3,0,2,0,3,2,3,3,3,0,2,0,3,3,3,3,2,0,3,0,3,3,3,122,0,3,3,3,4,62,2,0,3,0,2,0,3,3,3,3,
126,3,1,2,0,3,3,3,3,3,0,2,1,3,3,2,3,2,0,3,0,3,3,3,121,1,3,3,3,3,63,2,0,3,1,2,0,3,3,3,3,
125,3,2,2,1,3,3,4,4,3,0,2,1,4,3,3,3,3,0,3,2,3,4,3,121,2,3,4,3,4,63,2,1,3,1,2,1,3,3,4,4,
126,3,1,3,1,3,3,4,4,3,0,3,1,3,3,3,3,3,1,3,1,3,3,3,122,1,3,4,3,4,63,3,1,3,1,3,1,3,3,4,4,
132,3,0,2,1,3,3,3,4,3,0,2,1,3,3,3,3,2,0,3,1,3,3,3,125,1,3,4,3,4,66,2,1,3,0,2,1,3,3,3,4,
126,3,1,3,1,3,3,13,4,3,0,3,1,4,3,12,4,3,0,3,1,3,13,4,122,1,3,4,13,4,64,3,1,3,0,3,1,3,3,13,4,
124,4,1,3,1,3,4,4,4,4,0,3,1,4,4,3,4,3,0,3,1,4,4,4,120,1,4,4,3,4,62,3,1,4,1,3,1,3,4,4,4,
126,3,0,2,0,2,3,3,3,3,0,2,0,3,3,3,3,2,0,2,1,3,3,3,121,0,3,4,3,4,63,2,0,3,0,2,0,2,3,3,3,
127,3,0,3,1,3,3,3,3,3,0,3,1,3,3,3,3,3,0,3,1,3,4,3,123,0,3,4,3,4,66,3,1,3,0,3,1,3,3,3,3,
147,3,1,2,1,3,3,3,3,3,0,2,1,3,3,3,3,2,0,3,1,3,3,3,143,1,3,3,3,4,82,2,1,3,0,2,1,3,3,3,3,
124,3,1,3,1,3,3,3,4,3,0,3,1,4,3,3,4,3,1,3,1,3,4,3,120,1,3,4,3,4,62,3,1,3,1,3,1,3,3,3,4,
125,4,1,3,1,4,3,4,4,4,0,3,1,4,4,3,4,3,1,4,1,3,4,4,121,1,4,4,4,4,63,3,1,4,1,3,1,4,4,4,4,
128,3,1,3,1,3,4,4,4,4,0,2,1,4,4,3,4,3,1,3,1,4,4,3,123,1,3,4,3,4,65,3,1,3,1,2,1,3,4,4,4,
135,3,0,2,1,3,3,3,3,3,0,2,1,3,3,3,3,2,0,3,1,3,3,3,130,1,3,3,3,4,67,3,1,3,0,2,0,3,3,3,3,
129,4,0,4,3,4,4,4,4,4,1,4,4,4,4,4,4,4,0,4,4,4,4,4,122,0,4,4,4,5,63,4,3,4,0,4,3,4,4,4,4,
125,3,1,2,1,3,3,3,3,3,0,2,1,3,3,3,3,2,0,3,1,3,3,3,121,1,3,4,3,4,63,2,1,3,0,2,1,3,3,3,3,
128,3,1,2,1,3,3,3,4,3,0,3,1,3,3,3,3,2,1,3,1,3,4,3,124,1,3,4,3,4,66,2,1,3,1,2,1,3,3,3,4,
131,3,1,2,1,3,3,3,3,3,0,2,1,3,3,3,3,2,0,3,1,3,3,3,125,0,3,4,3,4,64,2,1,3,0,2,1,3,3,3,3,
126,4,1,3,1,3,3,4,4,4,0,3,1,4,4,4,4,3,1,4,1,3,4,4,122,1,4,4,4,5,62,3,1,4,1,3,1,4,3,4,4,
126,4,1,3,1,4,4,4,4,4,0,3,1,4,4,4,4,3,1,4,1,4,4,4,122,1,4,4,4,4,64,3,1,4,1,3,1,4,4,4,4,
139,3,0,12,1,3,3,3,3,3,0,12,0,3,3,3,3,12,0,3,0,3,3,3,134,0,3,3,3,4,76,12,0,3,0,12,1,3,3,3,3,
129,3,0,3,1,3,3,3,3,3,0,3,1,3,3,3,3,2,0,3,1,3,3,3,125,1,3,4,3,4,64,3,1,3,0,2,1,3,3,3,4,
125,6,1,3,1,3,3,3,4,7,0,3,1,4,3,3,3,3,1,3,1,3,4,7,121,1,3,4,3,7,63,3,1,6,0,3,1,3,3,3,4,
127,3,0,2,1,3,3,6,3,3,0,2,1,3,3,3,3,2,0,3,1,3,6,3,123,1,3,3,3,4,63,2,1,3,1,2,1,3,3,6,3,
125,4,1,3,1,4,3,4,4,4,0,3,1,4,4,3,4,3,1,4,1,3,4,4,121,1,4,4,4,4,63,3,1,4,1,3,1,4,3,4,4,
132,3,0,2,1,3,3,3,3,3,0,2,1,3,3,3,3,2,0,3,1,3,3,3,125,0,3,4,3,4,67,2,1,3,0,2,1,3,3,3,3,
126,3,1,2,0,3,3,3,3,3,0,2,0,3,3,2,3,2,0,2,0,3,3,3,121,1,3,3,2,3,63,2,0,3,0,2,1,3,3,3,3,
126,3,0,2,1,3,3,3,3,3,0,2,1,3,3,3,3,2,0,3,1,3,3,3,121,1,3,4,3,4,63,2,1,3,0,2,1,3,3,3,3,
127,3,0,2,1,3,3,3,4,3,0,2,1,3,3,3,3,3,0,3,1,3,4,3,123,1,3,4,3,4,65,2,1,3,0,2,1,3,3,3,3,
129,3,0,2,1,3,3,3,4,3,0,2,1,3,3,3,3,2,0,3,1,3,4,3,125,1,3,4,3,4,66,2,1,3,0,2,1,3,3,3,3,
146,3,1,3,1,3,3,6,4,3,0,3,1,4,3,5,4,2,1,3,1,3,6,4,142,1,3,4,6,4,63,3,1,3,0,3,1,3,3,6,4,
125,4,1,3,1,3,3,4,4,4,0,3,1,4,3,3,4,3,1,3,1,3,4,4,121,1,4,4,3,4,63,3,1,4,1,3,1,3,3,4,4,
126,3,2,2,1,3,3,3,3,3,0,2,1,3,3,3,3,2,0,3,1,3,3,3,121,1,3,4,3,4,63,2,1,3,2,2,0,3,3,3,3,
132,3,0,2,0,3,3,3,3,3,0,2,1,3,3,3,3,2,0,3,1,3,3,3,127,0,3,4,3,4,69,2,0,3,0,2,0,3,3,3,3,
128,3,0,2,1,3,2,3,3,3,0,2,0,3,3,2,3,2,0,3,0,2,3,3,124,1,3,3,3,3,63,2,0,3,0,2,1,3,2,3,3,
125,3,0,3,1,3,3,3,4,3,0,3,1,3,3,3,3,3,1,3,1,3,3,3,121,1,3,4,3,4,63,3,1,3,0,3,1,3,3,3,3,
125,3,0,3,1,3,3,4,4,3,0,3,1,4,3,3,4,3,1,3,1,3,4,4,121,1,3,4,3,4,63,2,1,3,1,3,1,3,3,4,4,
128,3,1,2,1,3,3,4,4,3,0,2,1,3,3,3,3,2,1,3,1,3,4,3,124,1,4,4,3,4,65,2,1,3,1,2,1,3,3,3,4,
131,3,0,2,0,3,3,3,3,3,0,2,1,3,3,3,3,2,0,3,0,3,3,3,126,0,3,3,3,4,65,2,0,3,0,2,1,3,3,3,3,
126,3,0,2,0,3,3,3,3,3,0,2,0,3,3,3,3,2,0,3,1,3,3,3,121,0,3,3,3,4,63,2,0,3,0,2,1,3,3,3,3,
127,3,0,2,0,5,2,3,3,3,0,2,0,6,3,2,3,2,0,5,0,2,3,3,120,0,6,3,2,3,62,2,0,3,0,2,0,5,2,3,3,
146,3,0,2,1,3,3,3,3,3,0,2,1,3,3,3,3,2,1,3,1,3,3,3,142,1,3,4,3,4,83,2,1,3,0,2,1,3,3,3,3,
128,3,1,2,1,3,3,3,4,3,0,2,1,4,3,3,4,2,2,3,1,3,4,3,124,2,3,4,3,4,63,2,1,3,0,2,1,3,3,3,4,
125,2,0,1,0,2,2,2,2,2,0,1,0,2,2,2,2,1,0,2,0,2,2,2,120,0,2,3,2,3,61,1,0,2,0,1,0,2,2,2,2,
125,3,0,3,1,4,3,4,4,3,0,2,1,4,3,3,4,3,1,3,1,3,4,3,121,1,4,4,3,4,63,3,1,3,0,2,1,4,3,4,4,
126,3,1,2,1,3,3,3,4,3,0,2,1,3,3,3,3,2,1,3,1,3,4,3,122,1,4,4,3,4,63,2,1,3,1,2,1,3,3,3,4,
129,4,1,3,1,4,3,4,4,4,0,3,1,4,4,3,4,3,1,4,1,3,4,4,125,2,4,4,4,5,66,3,1,4,1,3,1,4,3,4,4,
129,3,0,2,0,3,3,3,3,3,0,2,0,3,3,3,3,2,0,3,0,2,3,3,124,1,3,3,3,4,63,2,0,3,0,2,0,3,3,3,3,
126,3,0,2,0,3,3,3,3,3,0,2,0,3,3,2,3,2,1,3,0,2,3,3,121,1,3,3,2,3,63,2,0,3,0,2,0,3,3,3,3,
127,3,0,2,1,3,3,3,3,3,0,2,1,3,3,3,4,2,1,3,1,3,3,3,122,2,3,4,3,4,64,2,1,3,0,2,0,3,3,3,3,
130,3,1,2,1,3,3,3,3,3,0,2,1,3,3,3,3,2,1,3,1,3,3,3,126,1,3,4,3,4,66,2,1,3,1,2,1,3,3,3,3,
130,3,1,3,1,4,3,4,4,3,0,2,1,3,3,3,4,3,1,3,1,3,4,3,126,1,4,4,3,4,63,3,1,3,1,3,1,3,3,3,4,
130,4,1,4,1,4,3,4,4,4,0,3,1,4,4,3,4,3,1,4,1,4,4,4,126,1,4,4,4,4,65,4,1,4,1,3,1,4,4,4,4,
131,3,0,3,1,4,3,4,4,3,0,3,1,4,3,4,4,3,1,3,1,3,4,3,125,1,4,4,4,4,65,3,1,3,1,3,1,4,3,4,4,
129,3,1,3,1,4,3,4,4,4,0,2,1,4,4,3,4,3,1,4,1,3,4,4,125,1,4,4,3,4,66,3,1,3,1,3,1,4,4,4,4,
130,3,0,2,0,3,3,3,3,3,0,2,0,3,3,3,3,2,0,3,0,3,3,3,125,1,4,3,3,4,63,2,0,3,0,2,0,3,3,3,3,
127,3,0,3,0,3,3,3,3,3,0,2,0,3,3,3,3,2,0,3,1,3,3,3,122,0,3,3,3,4,63,3,0,3,0,2,0,3,3,3,3,
127,3,2,2,0,3,3,3,3,3,0,2,0,3,3,3,3,2,0,3,0,3,3,3,122,0,3,3,3,3,63,2,0,3,2,2,1,3,3,3,3,
130,3,1,3,4,4,3,4,3,3,0,2,4,4,3,3,3,3,1,3,4,3,3,3,125,1,3,4,3,4,66,3,4,3,0,3,1,4,3,4,3,
131,3,1,2,1,3,2,3,3,3,0,2,1,3,3,2,3,2,0,3,1,2,3,3,125,0,3,3,3,3,63,2,1,3,0,2,1,3,2,3,3,
129,3,1,3,1,4,3,4,4,3,0,3,1,4,3,3,3,3,1,3,1,3,3,3,125,1,4,4,3,4,66,3,1,3,1,3,1,4,3,4,4,
128,3,1,3,1,4,3,4,4,3,0,2,1,4,3,3,4,3,1,3,1,3,3,4,123,1,4,4,3,4,64,3,1,3,1,3,1,4,3,4,4,
146,4,1,3,1,4,3,4,4,4,0,2,1,4,3,3,4,3,1,3,1,4,3,4,142,1,4,4,3,4,67,3,1,4,1,2,1,4,3,4,4,
133,4,1,3,1,4,3,4,4,4,0,3,1,4,4,3,4,3,1,4,1,3,3,4,126,1,4,4,4,4,64,3,1,4,1,3,1,4,3,4,4,
129,3,0,2,0,3,3,4,3,3,0,3,2,3,3,3,3,2,0,4,0,5,4,5,123,2,4,4,3,5,64,2,2,3,0,2,2,3,3,4,3,
127,3,1,2,1,3,3,3,3,3,0,2,1,3,3,3,3,2,1,3,1,3,3,3,122,1,3,4,3,3,63,2,1,3,1,2,1,3,3,3,3,
128,3,0,2,1,3,3,3,3,3,0,2,0,3,3,3,3,2,0,3,1,3,3,4,123,0,3,4,3,4,62,2,1,3,0,2,0,3,3,3,3,
133,3,0,3,1,4,3,4,4,3,0,3,1,4,3,3,3,3,0,3,1,3,3,4,128,1,4,4,3,4,66,3,1,3,0,3,1,3,3,4,4,
130,3,0,2,1,3,3,3,3,3,0,2,1,3,3,3,3,2,0,3,1,3,3,3,126,0,3,4,3,3,64,2,1,3,0,2,1,3,3,3,3,
127,4,1,3,1,4,4,4,4,4,0,2,1,4,4,4,4,3,1,4,1,4,4,4,124,1,4,4,4,4,63,3,1,4,0,2,1,4,4,4,4,
127,4,1,2,1,4,4,4,4,4,0,2,1,4,4,4,4,3,1,4,1,4,4,4,123,1,4,4,4,4,64,2,1,4,0,2,1,4,4,4,4,
131,3,1,2,1,3,3,3,4,3,0,2,1,3,3,3,3,3,1,3,1,3,3,4,127,1,4,4,3,4,67,2,1,3,1,2,1,3,3,3,3,
133,3,0,2,0,3,3,3,3,3,0,2,0,3,3,3,3,2,0,3,0,3,3,3,128,0,3,3,3,3,64,2,0,3,0,2,0,3,3,3,3,
144,3,0,1,0,3,3,3,3,3,0,1,0,3,3,2,3,2,0,2,0,3,2,3,139,0,3,3,2,3,79,1,0,3,0,1,0,3,3,3,3,
126,3,0,2,0,3,3,3,3,3,0,2,0,3,3,3,3,2,0,2,0,3,3,3,122,0,3,3,3,3,62,2,0,3,0,2,0,3,3,3,3,
130,3,0,2,1,3,3,4,3,3,0,2,1,3,3,3,3,2,0,3,1,3,3,3,125,0,3,4,3,4,66,2,1,3,0,2,1,3,3,4,3,
130,3,1,2,1,3,3,3,3,3,0,2,1,3,3,3,3,2,1,3,1,3,3,3,125,1,3,4,3,4,62,2,1,3,0,2,1,3,3,3,3,
129,3,0,2,1,4,3,3,4,4,0,2,1,3,3,3,3,2,0,3,1,3,3,4,125,1,4,4,4,4,63,2,1,3,0,2,1,4,3,3,4,
127,4,1,2,1,4,4,4,4,4,0,2,1,4,4,4,4,3,1,3,1,4,4,4,123,1,4,4,4,4,63,2,1,4,0,2,1,4,4,4,4,
130,4,1,2,1,4,3,3,4,4,0,2,1,4,4,3,3,2,1,3,1,3,3,4,126,1,4,4,3,4,67,2,1,3,1,2,1,4,3,3,4,
131,4,3,3,1,4,4,4,4,4,0,3,1,4,4,3,4,3,1,4,1,4,3,4,127,1,4,4,4,4,64,3,1,4,3,3,1,4,4,4,4,
128,4,1,3,1,4,4,4,4,4,0,2,1,4,4,4,4,3,1,4,1,4,3,4,124,1,4,4,4,5,64,2,1,4,1,2,1,4,4,4,4,
131,3,0,3,3,4,3,3,4,3,0,3,3,3,3,3,3,3,0,3,3,3,3,4,126,0,4,4,3,4,66,3,3,3,0,3,3,4,3,3,3,
129,1,0,2,1,2,1,1,2,2,0,1,1,2,1,1,2,2,0,1,1,1,1,2,122,0,2,2,1,2,61,1,1,1,0,1,1,2,1,1,2,
132,4,0,4,2,4,4,4,4,4,0,4,2,4,4,3,4,4,0,4,2,4,3,4,127,2,4,4,4,4,67,4,2,4,0,4,2,4,4,4,4,
128,3,0,2,1,3,3,3,3,3,0,2,0,3,3,3,3,2,0,3,1,3,3,3,123,0,3,3,3,4,63,2,1,3,0,2,1,3,3,3,3,
129,3,0,3,1,3,3,3,3,3,0,2,1,3,3,3,4,2,0,3,1,3,3,4,123,1,4,4,3,4,63,2,1,3,0,2,1,3,3,3,3,
131,3,1,2,1,3,3,3,3,3,0,2,1,3,3,3,3,2,0,3,1,3,3,3,125,1,3,4,3,3,65,2,1,3,0,2,1,3,3,3,3,
130,4,1,3,1,3,4,4,4,4,0,3,1,4,4,4,4,3,1,3,1,4,4,4,126,1,4,4,4,4,68,3,1,4,0,3,1,4,4,4,4,
130,4,2,3,1,3,4,4,4,4,0,3,1,4,4,4,4,2,1,3,1,4,3,4,126,1,4,4,4,4,63,3,1,4,2,3,1,3,4,4,4,
129,3,1,2,1,4,3,3,3,3,0,2,1,3,3,3,3,2,1,4,1,3,3,3,123,1,4,4,3,4,63,3,1,3,0,2,1,5,3,3,3,
126,4,1,3,1,5,4,4,4,4,0,3,1,4,4,4,4,3,1,4,1,4,3,4,122,1,4,4,4,4,63,3,1,4,1,3,1,4,4,4,4,
134,3,0,2,0,3,3,3,3,3,0,2,0,2,3,3,3,2,0,3,0,3,3,3,129,0,3,3,3,3,69,2,0,3,0,2,0,3,3,3,3,
130,3,0,2,0,3,3,3,3,3,0,2,0,2,3,2,3,2,0,2,0,3,2,3,125,0,3,3,3,3,62,2,0,3,0,2,0,3,3,3,3,
144,4,0,2,1,3,3,3,3,4,0,2,1,3,3,3,3,2,0,3,1,3,3,4,138,1,4,4,3,4,64,2,1,4,0,3,1,3,3,3,3,
127,4,0,3,0,3,3,4,3,4,0,2,0,3,3,4,3,2,0,2,0,3,4,4,123,1,3,4,5,4,63,2,0,4,0,3,0,3,3,4,3,
131,3,1,2,1,3,3,4,3,4,0,2,1,3,3,4,3,2,1,2,1,3,4,3,127,1,3,4,4,3,67,2,1,4,1,2,1,3,3,4,3,
132,3,1,2,1,3,3,4,3,3,0,2,1,3,3,4,3,2,0,3,1,3,4,3,126,1,3,4,4,3,63,3,1,3,0,2,1,3,3,3,3,
127,4,1,3,1,3,6,3,4,4,0,3,1,3,6,3,3,3,1,3,1,6,3,4,123,1,4,7,3,4,63,3,1,4,1,2,1,3,6,3,4,
131,3,2,3,2,2,3,3,5,3,0,2,2,2,3,3,5,2,2,2,2,3,3,3,126,2,3,3,3,3,64,3,2,3,2,2,2,2,3,3,5,
131,4,3,3,1,3,3,4,4,4,0,3,1,3,4,3,4,3,3,3,1,3,3,4,127,3,4,4,4,4,65,3,1,4,3,3,1,3,3,4,4,
136,4,0,3,0,3,3,4,4,4,0,2,0,2,3,3,4,3,2,2,1,3,3,4,132,1,3,4,3,4,62,2,0,4,1,2,0,3,3,4,3,
129,3,0,3,0,3,3,3,3,3,0,2,0,2,3,2,3,3,1,2,0,2,3,3,124,1,3,3,3,3,61,2,0,3,0,2,0,3,3,3,3,
130,3,0,2,1,5,4,3,3,3,0,3,1,5,3,3,3,3,2,5,1,4,3,3,126,1,6,4,3,3,62,2,1,3,0,2,0,5,4,3,3,
130,2,0,1,0,2,2,2,2,2,0,1,0,1,2,1,2,1,0,1,0,2,2,2,125,1,2,2,2,2,62,1,0,2,0,1,0,2,2,2,2,
149,3,0,2,0,3,3,3,3,3,0,2,1,3,3,3,3,2,0,2,0,3,3,3,143,1,3,3,3,3,79,2,0,3,0,2,0,3,3,3,3,
133,4,0,3,1,14,4,4,4,4,0,3,1,14,4,4,4,2,1,14,1,4,4,4,129,1,14,4,4,4,62,2,1,4,0,2,1,14,4,4,4,
129,4,1,2,1,4,4,4,4,4,0,2,1,3,4,4,4,2,1,3,1,4,4,4,125,1,4,4,4,4,62,3,1,4,0,2,1,4,4,4,4,
130,4,0,3,2,3,3,4,4,4,0,3,1,3,4,4,4,3,1,3,1,4,4,4,126,1,4,4,4,4,63,3,1,4,1,3,1,3,3,4,4,
134,4,1,3,1,3,3,4,4,4,0,3,1,3,4,3,4,3,1,3,1,4,4,4,130,1,4,4,4,4,66,3,1,4,1,3,1,4,3,4,4,
134,3,0,2,0,3,3,3,3,3,0,2,0,2,3,2,3,2,0,2,0,3,3,3,130,0,3,3,3,3,61,2,0,3,0,2,0,3,3,3,3,
132,3,0,2,0,3,3,3,3,3,0,2,0,3,3,3,3,2,0,2,0,3,3,3,127,1,3,3,3,3,62,2,0,3,0,2,0,3,3,3,3,
131,3,0,2,1,2,3,3,3,3,0,2,0,3,3,3,3,3,1,2,1,3,3,3,126,1,3,4,3,3,63,2,0,3,0,2,0,3,3,3,3,
134,3,1,3,0,3,3,3,3,3,0,2,1,2,3,3,3,2,1,2,1,3,3,3,129,2,3,3,3,3,65,3,0,3,0,2,1,3,3,3,3,
131,3,0,3,1,3,3,3,3,3,0,3,1,3,4,3,4,2,0,3,1,3,3,4,128,1,4,3,3,4,62,2,1,3,0,2,1,3,3,3,3,
130,3,0,3,1,3,3,3,3,3,0,2,1,3,3,3,4,2,1,3,1,3,3,4,126,1,3,3,3,4,62,3,1,3,0,2,1,3,3,3,3,
131,3,1,3,1,3,3,3,3,3,0,2,1,3,3,3,3,2,1,3,1,3,3,3,127,1,3,3,3,3,63,3,1,3,1,2,1,3,3,3,3,
131,3,0,3,1,3,3,3,4,4,0,3,1,3,4,3,4,2,1,3,1,3,3,4,127,1,4,3,3,4,65,3,1,4,1,3,1,3,3,3,4,
134,3,1,5,1,3,3,3,4,3,0,5,1,3,4,3,4,4,1,3,1,3,3,3,130,1,5,3,3,3,63,5,1,3,1,5,1,4,3,3,3,
131,3,1,2,1,3,3,3,3,3,0,2,0,3,3,3,3,2,2,3,1,3,3,3,126,2,3,3,3,3,63,3,0,3,1,2,0,3,3,3,3,
129,3,0,2,0,3,3,3,3,3,0,2,0,3,3,3,3,2,0,2,0,3,3,3,124,0,3,3,3,3,63,2,0,3,0,2,0,3,3,3,3,
133,3,0,2,0,3,3,3,3,3,0,2,0,2,3,2,3,2,0,2,0,3,3,3,129,1,3,3,3,3,66,2,0,3,0,2,0,3,3,3,3,
135,5,0,2,1,3,3,3,3,5,0,2,1,3,3,3,3,2,0,3,1,3,3,5,130,1,3,3,3,5,63,2,1,5,0,2,1,3,3,3,3,
130,6,1,3,1,3,3,3,3,6,0,2,1,3,3,3,3,2,0,3,1,3,3,6,127,1,3,3,3,6,63,3,1,6,0,2,1,3,3,3,3,
131,3,1,2,1,3,3,3,3,3,0,2,1,2,3,3,3,2,1,2,1,3,3,3,128,1,3,3,3,3,64,2,1,3,1,2,1,3,3,3,3,
130,3,0,3,1,3,3,4,4,4,0,3,1,3,4,3,4,2,1,3,1,3,3,4,127,1,3,3,4,3,63,3,1,3,1,3,1,3,3,4,4,
148,7,4,6,1,6,7,7,7,7,0,6,1,6,7,6,7,5,4,6,1,6,6,7,144,4,6,7,6,7,69,6,1,7,3,5,1,6,7,7,7,
126,3,1,3,1,3,3,3,4,3,0,3,1,3,3,3,4,2,1,3,1,3,3,3,123,1,3,3,3,3,63,3,1,3,1,2,1,3,3,3,3,
129,4,1,3,1,3,4,4,4,4,0,3,1,3,4,3,4,3,1,3,1,3,3,4,125,1,3,4,3,4,65,3,1,4,1,3,1,3,4,4,4,
129,3,0,2,0,2,3,3,3,3,0,2,0,2,3,3,3,2,1,2,0,3,3,3,122,1,3,3,3,3,63,2,0,3,0,2,0,3,3,3,3,
131,14,0,2,0,3,3,3,3,14,0,2,0,3,3,2,3,2,0,3,0,2,2,14,126,1,3,3,2,14,66,2,0,14,0,2,0,3,3,3,3,
133,3,0,3,1,3,3,3,4,4,0,3,1,3,4,3,4,3,1,3,1,3,3,4,129,1,3,3,3,3,66,3,1,3,1,3,1,3,3,3,4,
128,3,1,2,0,2,3,3,3,3,0,2,1,2,3,2,3,2,0,2,1,3,2,3,124,1,2,3,3,3,64,2,0,3,0,2,0,3,3,3,3,
127,3,0,2,1,3,3,3,3,3,0,2,1,3,3,3,3,2,0,2,1,3,3,3,123,1,3,3,3,3,63,2,1,3,1,2,1,3,3,3,3,
130,3,1,3,3,3,3,3,4,3,0,3,3,3,3,3,4,3,0,3,3,3,3,3,126,1,3,3,3,3,65,3,3,3,0,3,3,3,3,3,3,
130,3,1,2,1,3,3,3,3,3,0,2,1,2,3,3,3,2,1,2,1,3,3,3,126,1,3,3,3,3,63,3,1,3,1,2,1,3,3,3,3,
129,3,0,3,1,3,3,4,4,4,0,3,1,3,4,3,4,2,1,3,1,3,3,4,126,1,3,4,3,4,65,3,1,3,1,3,1,3,3,4,4,
140,3,1,3,1,3,9,3,4,4,0,3,1,3,9,3,4,3,1,3,1,9,3,4,136,1,3,9,3,4,76,3,1,3,1,3,1,3,9,4,4,
132,3,1,2,1,3,3,3,3,3,0,2,1,2,3,3,3,2,2,2,1,3,3,3,127,1,3,3,3,3,66,2,1,3,2,2,1,3,3,3,3,
130,3,0,2,0,3,2,3,3,3,0,2,0,3,3,3,3,2,0,3,0,3,3,3,125,1,3,3,3,3,63,2,0,3,1,2,0,3,2,3,3,
158,4,1,3,1,4,3,4,4,4,0,3,1,4,4,4,4,3,1,4,1,4,4,4,127,1,4,4,4,4,65,4,1,4,0,3,1,4,3,4,4,
128,3,1,2,0,3,3,3,3,3,0,2,0,2,3,3,3,2,0,2,0,3,3,3,124,0,3,3,3,3,65,2,0,3,0,2,0,3,3,3,3,
130,3,1,2,1,3,3,3,3,3,0,2,1,3,3,3,3,2,0,3,1,3,3,3,126,1,3,3,3,3,66,2,1,3,0,2,1,3,3,3,3,
130,3,1,3,1,3,3,3,4,4,0,3,1,3,3,3,4,3,0,3,1,3,3,4,126,1,3,4,3,4,63,3,1,3,0,3,1,3,3,3,3,
125,3,1,2,1,3,3,4,3,4,0,2,1,3,3,3,3,2,1,3,1,3,3,3,122,1,3,3,3,4,63,2,1,3,1,2,1,3,3,4,3,
127,3,1,2,1,6,3,3,4,4,0,2,1,6,4,3,4,2,1,5,1,3,3,3,123,1,6,4,4,4,64,2,1,3,0,2,1,6,3,4,4,
131,2,0,2,0,3,2,3,3,3,0,1,0,2,3,2,3,1,0,2,0,3,2,3,126,0,3,3,3,3,67,2,0,2,0,1,0,3,2,3,3,
148,3,2,3,1,3,3,3,4,4,0,3,1,3,3,3,4,3,0,3,1,3,3,3,143,1,3,4,3,4,70,3,1,3,2,3,1,3,3,3,3,
134,4,0,4,2,3,3,4,4,4,0,4,2,3,4,3,4,3,0,3,3,3,3,4,127,2,3,4,4,4,65,4,2,4,0,4,2,3,3,4,4,
128,3,1,2,0,3,3,3,3,3,0,2,0,2,3,2,3,2,0,3,0,3,3,3,123,1,3,3,3,3,63,2,0,2,0,2,0,3,3,3,3,
127,3,0,2,1,3,3,6,3,3,0,2,1,3,3,3,3,2,0,2,2,3,3,3,122,0,3,3,3,4,63,2,0,3,0,2,0,3,3,6,3,
130,3,1,3,1,3,3,4,3,4,0,2,1,3,4,3,4,2,1,3,1,3,3,4,127,1,3,4,4,4,68,3,1,3,1,2,1,3,3,4,3,
130,3,1,2,1,3,3,3,3,4,0,2,1,3,4,3,4,2,1,3,1,3,3,3,126,1,3,4,3,4,65,2,1,3,1,2,1,3,3,4,4,
127,3,1,3,1,3,3,4,3,4,0,2,1,3,4,3,4,3,1,3,1,3,3,3,123,1,3,4,3,4,65,3,1,3,0,2,1,3,3,4,4,
127,4,1,3,1,3,3,4,4,4,0,3,1,3,4,3,4,3,0,3,2,3,3,4,123,1,3,4,4,4,65,3,1,4,0,3,1,3,3,4,4,
130,3,1,3,1,3,4,3,4,4,0,2,1,3,3,3,4,3,1,3,1,3,3,3,126,1,3,3,3,4,68,3,1,3,1,2,1,3,4,4,4,
131,3,1,3,1,3,3,4,4,4,0,3,1,3,4,3,4,3,1,3,1,4,3,4,127,1,3,4,4,4,66,3,1,3,1,3,1,3,3,4,4,
127,4,1,3,1,3,4,4,4,4,0,3,1,3,4,3,4,3,1,3,1,4,4,4,123,1,3,4,4,4,65,3,1,3,1,3,1,3,4,4,4,
138,3,1,3,1,3,3,3,4,4,0,3,1,3,4,3,4,2,1,3,1,3,3,3,134,1,3,4,3,4,73,3,1,3,1,3,1,3,3,4,4,
141,4,1,3,1,4,4,4,4,4,0,3,1,4,4,4,4,3,1,3,1,4,4,4,137,2,4,4,4,4,78,3,1,4,1,3,1,4,4,4,4,
144,3,1,3,1,3,3,4,4,4,0,3,1,3,4,3,4,2,1,3,1,4,3,3,137,1,3,4,3,4,75,3,1,3,1,3,1,3,3,4,4,
136,3,1,2,0,3,17,3,3,3,0,2,0,3,17,3,3,2,0,3,1,17,3,3,132,1,3,17,3,4,73,2,0,3,0,2,1,3,17,4,3,
125,4,0,2,1,3,3,3,3,4,0,2,0,3,3,3,3,2,0,2,1,3,3,3,121,1,3,3,3,4,62,2,1,4,1,2,0,3,3,4,3,
128,3,1,15,1,3,3,3,3,4,0,15,1,2,3,3,3,15,0,2,1,3,3,3,124,1,3,3,3,4,65,15,1,3,0,15,1,3,3,4,3,
130,3,1,3,1,3,3,4,4,4,0,3,1,3,4,4,4,2,1,3,1,3,4,3,126,1,3,3,4,4,64,3,1,3,1,3,1,3,3,4,4,
128,3,1,3,1,3,4,4,4,4,0,3,1,3,4,3,4,3,1,3,1,3,4,4,124,2,3,4,4,4,63,3,1,3,1,3,1,3,4,4,4,
129,3,1,3,1,3,4,6,4,4,0,3,1,3,3,3,4,2,1,3,1,3,3,3,125,1,3,3,3,4,63,3,1,3,1,3,1,3,4,6,4,
129,3,1,3,1,3,4,4,4,4,0,3,1,3,4,3,4,2,1,3,1,4,3,4,126,1,3,4,3,4,63,3,1,3,0,3,1,4,4,4,4,
146,3,0,2,1,3,3,3,3,3,0,2,1,3,3,3,3,2,1,2,1,3,3,3,140,1,3,3,3,4,67,2,1,3,0,2,1,3,3,3,3,
129,2,0,2,0,2,3,3,3,3,0,2,0,2,3,2,3,2,0,2,0,3,2,3,124,0,3,3,2,3,63,2,0,2,0,2,0,3,3,3,3,
129,3,0,2,1,3,3,3,3,3,0,2,0,3,4,3,3,2,0,3,1,3,3,3,125,0,3,3,3,4,64,2,0,3,0,2,1,3,3,3,3,
126,3,0,2,1,3,3,3,3,3,0,2,0,3,3,3,3,2,0,3,1,3,3,3,122,1,3,3,3,4,64,2,0,3,0,2,0,3,3,3,3,
129,3,1,2,1,3,4,3,3,3,0,2,1,2,3,3,3,2,1,2,1,3,3,3,126,1,3,3,3,3,66,2,1,3,0,2,1,3,3,3,3,
129,3,1,3,1,3,3,3,4,4,0,3,1,3,4,3,4,2,1,3,1,3,3,3,125,1,3,3,3,4,64,3,1,3,0,3,1,3,3,4,4,
126,3,1,2,1,3,3,3,3,4,0,3,1,3,3,3,3,2,1,3,1,3,3,3,122,1,3,3,3,4,64,2,1,3,1,3,1,3,3,3,3,
128,3,1,3,1,3,4,4,4,4,0,3,1,3,4,3,4,2,1,3,1,3,3,3,124,1,3,4,3,4,64,3,1,3,1,3,1,3,4,4,4,
131,3,1,3,1,4,4,4,4,4,0,3,1,4,4,3,4,3,1,3,1,3,3,4,127,1,4,4,4,4,68,3,1,3,1,3,1,4,4,4,4,
130,4,1,2,1,3,4,4,4,4,0,2,1,3,4,4,4,3,1,3,1,3,4,4,126,1,3,4,4,4,64,2,1,4,1,3,1,3,4,4,4,
129,3,0,2,0,2,3,3,4,3,0,2,1,2,3,3,3,2,0,2,1,3,3,3,124,0,3,3,3,3,64,2,0,3,2,2,0,3,3,3,4,
139,3,0,2,1,3,3,3,3,3,0,2,0,3,3,3,4,2,0,3,1,3,3,3,135,1,3,3,3,4,75,2,1,3,2,2,1,3,3,3,3,
132,3,1,3,1,3,4,4,4,4,0,2,1,3,4,4,4,2,0,3,1,4,4,4,128,1,3,4,4,4,68,3,1,3,2,2,1,4,4,4,4,
129,3,1,3,1,3,4,4,4,4,0,3,1,3,4,4,4,3,0,3,1,4,4,4,125,1,3,4,4,4,63,3,1,3,2,3,1,4,4,4,4,
126,3,1,2,1,3,4,4,4,4,0,2,1,3,4,4,4,2,1,3,1,4,4,4,122,1,3,4,4,4,63,3,1,3,1,2,1,3,4,4,4,
130,3,1,3,1,4,4,4,4,4,0,3,1,4,4,4,4,3,1,4,1,4,4,4,126,1,4,4,4,4,67,3,1,3,1,3,1,4,4,4,4,
129,1,0,0,1,1,1,1,3,1,0,0,0,1,1,1,3,1,1,0,1,1,1,1,122,0,1,1,1,1,63,0,1,1,0,0,0,1,1,1,3,
133,4,0,2,0,3,5,5,5,5,0,2,0,2,5,5,5,2,0,2,0,5,5,5,128,0,2,5,5,5,69,2,0,4,0,2,0,3,5,5,5,
126,2,0,2,0,2,3,3,3,3,0,2,0,2,3,3,3,2,0,2,0,3,3,3,121,0,2,3,3,3,62,2,0,3,0,2,0,3,3,3,3,
127,3,0,2,1,3,3,3,3,3,0,2,1,3,3,3,3,2,0,3,1,3,3,3,122,1,3,3,3,3,63,2,1,3,0,2,1,3,3,4,3,
128,4,1,3,1,4,4,4,4,4,0,2,1,4,4,4,4,2,0,4,1,4,4,4,123,1,4,4,4,4,64,2,1,4,1,2,1,4,4,4,4,
146,4,2,3,1,5,4,4,5,4,0,2,2,4,4,4,4,4,1,4,1,4,4,4,142,2,4,4,4,4,67,3,1,4,2,2,2,5,4,4,5,
132,3,1,3,1,4,4,4,4,4,0,2,1,4,4,4,4,3,1,4,1,3,4,4,128,2,4,4,4,4,65,3,1,3,1,2,1,3,4,4,4,
126,4,1,2,1,4,3,3,3,4,0,2,1,4,3,3,3,2,0,3,1,3,3,3,122,1,4,3,3,4,63,2,1,4,1,2,1,3,4,4,3,
128,4,1,3,1,4,4,4,4,4,0,2,1,4,4,4,4,3,0,3,1,3,4,4,124,1,4,4,4,5,64,3,1,4,1,2,1,3,4,4,4,
130,3,1,3,1,4,4,4,4,4,0,3,1,5,4,4,4,3,0,5,1,4,4,4,126,1,4,4,4,5,66,3,1,4,1,3,1,4,4,4,4,
129,4,1,3,1,4,4,4,4,4,0,2,1,4,4,3,4,2,1,3,1,3,4,4,125,2,3,4,4,5,63,2,1,4,1,2,1,3,4,4,4,
129,3,1,2,1,3,3,3,4,4,0,2,1,4,3,3,3,2,0,3,1,3,4,3,124,1,3,3,4,4,65,2,1,3,0,2,1,3,3,4,4,
135,3,2,3,2,4,3,4,4,4,0,2,1,4,4,3,4,2,2,3,2,3,4,3,130,2,4,3,4,4,66,3,1,3,2,2,1,3,3,4,4,
132,3,1,2,0,3,3,3,3,4,0,2,1,3,3,3,3,2,0,3,1,3,3,4,128,1,3,3,4,4,67,2,1,3,1,2,1,3,3,3,3,
133,3,1,4,1,4,3,4,3,4,0,3,1,4,3,4,4,4,1,3,5,3,4,3,130,1,3,3,4,4,64,4,1,3,1,3,1,4,3,4,3,
128,2,1,2,0,3,6,3,3,3,0,2,1,4,6,3,3,2,1,3,1,5,3,3,123,2,3,6,3,3,63,2,1,2,1,2,1,3,6,2,3,
147,3,1,2,1,4,4,3,3,3,0,2,1,4,4,3,3,2,1,3,1,3,3,3,143,1,3,4,3,4,84,2,1,3,1,2,1,3,4,3,3,
131,3,2,2,2,3,3,3,3,3,0,2,1,3,3,3,7,2,1,3,2,3,3,3,126,2,3,3,3,4,66,2,1,3,1,2,1,3,3,3,3,
129,3,2,2,0,3,3,2,3,3,0,2,0,3,3,3,4,2,0,2,1,3,3,3,124,2,3,3,3,4,63,2,0,3,1,2,0,3,4,2,3,
126,3,1,3,1,4,4,4,4,4,0,2,1,4,4,4,4,3,1,3,1,4,4,3,122,1,4,4,4,4,64,3,1,3,1,2,1,4,4,4,4,
127,3,1,2,0,3,3,3,3,3,0,2,0,3,3,3,3,2,0,3,1,3,3,3,123,1,3,3,3,3,65,2,0,3,1,2,1,3,3,3,3,
126,1,0,1,0,2,2,1,2,2,0,1,0,2,2,2,2,1,0,1,0,2,1,1,121,0,2,2,2,2,63,1,0,1,0,1,0,2,2,1,2,
136,3,1,3,1,3,4,3,3,4,0,3,1,4,4,3,3,3,2,3,1,4,3,3,129,2,3,4,4,4,71,3,1,3,1,2,1,3,4,3,3,
129,3,1,3,1,4,3,3,3,4,0,3,1,4,4,3,4,3,1,3,1,3,3,3,125,2,3,3,3,4,64,3,1,3,1,3,1,3,3,3,3,
126,3,1,2,1,4,3,3,3,3,0,2,1,3,3,3,3,2,0,3,1,3,3,3,123,1,3,4,3,4,64,2,1,3,1,2,1,3,3,3,3,
125,3,0,3,1,4,4,3,3,4,0,3,1,4,4,3,3,3,1,3,1,3,3,3,122,1,3,4,3,4,63,3,1,3,1,3,1,3,3,3,3,
130,3,0,3,1,3,4,4,3,4,0,3,1,4,4,4,3,3,1,3,1,3,4,3,127,1,4,4,4,4,68,3,1,3,1,3,1,3,3,3,3,
128,3,1,14,1,3,4,3,4,4,0,13,1,4,4,3,4,14,0,3,1,4,3,3,125,1,4,4,3,4,64,13,1,3,1,13,1,3,4,3,4,
125,4,1,3,1,4,4,3,4,4,0,3,1,4,4,4,4,3,1,3,1,4,4,4,122,1,4,4,4,4,64,3,1,4,1,3,1,4,4,3,4,
125,3,0,2,0,3,3,3,3,3,0,2,0,3,3,3,3,2,0,3,0,3,3,3,121,0,3,3,3,3,63,2,0,3,0,2,0,3,3,3,3,
127,2,0,2,0,3,3,3,3,3,0,2,0,3,3,3,3,1,0,2,0,3,3,2,123,1,3,3,3,3,65,2,0,2,0,2,0,3,3,2,3,
128,3,0,2,1,3,3,3,3,3,0,2,1,3,4,3,3,2,0,3,1,3,3,3,124,1,4,3,3,4,63,2,0,3,0,2,1,3,3,3,3,
127,3,0,3,1,3,3,3,3,3,0,2,1,3,3,3,3,2,0,3,1,3,3,3,123,1,3,3,3,3,64,2,1,3,1,2,1,3,3,3,3,
124,3,1,3,1,4,4,3,4,4,0,3,1,4,4,3,4,3,0,3,1,3,3,3,121,1,4,4,3,4,63,3,1,3,1,3,1,4,3,3,4,
128,2,0,2,3,3,3,2,3,3,1,2,3,3,3,3,3,2,0,3,3,3,3,3,124,1,3,3,3,3,66,2,3,2,1,2,3,3,3,2,3,
129,3,1,3,1,4,3,3,3,4,0,2,1,4,4,3,4,2,1,3,1,3,3,3,125,2,4,3,3,4,64,3,1,3,2,2,1,4,3,3,3,
128,4,2,3,2,3,7,4,4,4,0,3,1,4,7,4,4,2,1,3,1,6,4,4,124,2,4,7,4,4,65,3,1,4,2,3,1,3,6,3,4,
137,4,1,3,1,4,4,3,4,4,0,3,1,4,4,4,4,3,1,3,1,4,4,4,133,1,4,4,4,4,64,3,1,4,1,3,1,4,4,3,4,
128,3,0,5,0,3,3,2,3,5,0,2,0,5,3,3,5,2,0,3,2,3,3,3,124,0,5,3,3,5,66,2,0,5,0,2,2,3,3,2,3,
130,4,0,2,0,4,4,4,3,4,0,2,1,4,4,4,3,2,0,3,1,4,4,4,125,1,4,4,4,4,64,3,1,4,0,2,1,4,4,3,4,
130,6,0,3,1,4,4,3,4,6,0,3,1,4,4,4,4,2,0,3,1,4,3,6,125,1,4,4,4,6,65,3,1,6,0,3,1,4,4,3,4,
126,4,1,3,1,4,4,5,4,4,0,2,1,4,4,5,4,3,2,4,1,4,5,4,122,1,4,4,5,4,63,2,1,4,0,3,1,4,4,4,4,
126,4,1,3,1,4,4,4,4,4,0,3,1,4,4,4,4,3,1,4,1,4,4,4,122,2,4,4,4,4,63,3,1,4,1,3,1,4,4,4,4,
130,4,0,3,1,4,4,4,4,4,0,4,1,4,4,4,4,3,1,4,1,4,4,4,127,1,4,4,4,4,69,4,1,4,0,3,1,4,4,4,4,
128,3,1,3,1,3,3,3,3,4,0,3,1,3,3,3,3,2,1,3,1,3,3,3,125,1,3,3,3,4,64,3,1,3,1,2,1,3,3,3,3,
128,4,1,2,1,4,4,4,4,4,0,2,1,4,4,4,4,2,1,4,1,4,4,4,124,1,4,4,4,4,64,4,1,4,0,2,1,4,4,4,4,
128,3,0,2,0,3,3,3,3,3,0,1,0,3,3,3,3,1,0,2,0,3,3,3,123,0,3,3,3,3,63,2,0,3,0,2,0,2,3,3,3,
131,3,0,2,0,3,3,3,3,4,0,2,0,3,3,3,3,2,1,3,1,3,3,3,126,1,4,4,3,4,66,2,0,3,0,2,1,3,3,3,3,
142,3,0,2,0,3,3,3,3,3,0,2,0,3,3,3,3,2,1,3,0,3,3,3,137,1,3,3,3,4,74,2,0,3,0,2,0,3,3,3,3,
128,3,0,2,0,3,3,3,3,3,0,2,0,3,3,3,3,2,0,3,0,3,4,3,124,2,3,3,3,3,63,2,0,3,0,2,0,3,3,3,3,
132,3,0,2,1,3,3,3,5,3,0,2,1,3,3,3,5,2,0,3,1,3,3,3,127,2,3,3,3,4,67,2,1,3,1,2,1,3,3,3,5,
130,3,0,2,1,3,3,3,3,3,0,2,1,3,3,3,3,2,0,3,1,3,3,3,128,2,3,3,3,4,67,2,1,3,0,2,1,3,3,3,3,
132,3,0,2,1,3,3,3,3,3,0,2,1,3,3,3,3,2,0,3,1,3,3,3,129,2,3,3,3,3,65,2,0,3,0,2,1,3,3,3,3,
128,3,0,2,1,3,3,3,4,4,0,2,1,3,4,3,3,3,1,3,1,3,3,3,125,2,3,4,3,4,64,2,1,3,1,3,1,3,3,3,3,
128,3,1,3,1,3,4,3,4,4,0,3,1,3,4,4,4,3,1,3,1,4,4,4,125,1,3,4,4,4,64,3,1,3,0,3,1,3,4,3,4,
134,3,1,2,4,3,4,3,3,4,0,2,4,3,4,3,3,2,1,3,4,3,3,3,130,1,3,4,3,4,69,2,4,3,1,2,4,3,3,3,3,
131,3,0,2,0,3,3,3,3,3,0,2,0,3,3,3,3,2,0,3,0,3,3,3,127,1,3,3,3,4,64,2,0,3,0,2,0,3,3,3,3,
128,3,0,2,0,3,3,3,3,3,0,2,0,3,3,4,3,2,0,3,0,3,3,3,124,1,3,3,3,3,63,2,0,3,0,2,0,3,3,3,3,
142,3,0,2,0,3,3,3,3,3,0,1,0,3,3,3,3,2,22,3,0,3,3,3,137,0,3,3,3,3,63,2,0,3,0,2,0,3,3,3,3,
128,2,1,2,0,2,2,2,2,3,0,1,0,2,3,2,3,1,0,2,0,2,2,2,122,1,2,3,3,3,63,2,0,2,0,2,0,2,2,2,2,
135,3,2,2,1,3,3,3,3,3,0,2,1,3,3,3,3,2,1,3,1,3,3,3,128,2,3,3,3,4,70,2,0,3,2,2,1,3,3,3,3,
127,4,1,3,1,3,4,3,4,4,0,3,1,3,4,3,4,3,1,4,1,4,3,4,124,2,4,4,4,4,64,3,1,4,2,3,1,3,4,3,4,
671,4,1,3,1,3,4,3,3,4,0,3,1,3,4,3,4,3,1,3,1,3,3,4,124,1,3,4,4,4,64,3,1,4,1,3,1,3,3,3,4,
696,3,0,2,1,3,3,3,3,3,0,3,1,2,3,3,3,3,0,2,1,3,3,3,125,1,3,4,3,3,64,2,1,3,0,2,1,2,3,3,3,
128,3,0,2,0,2,3,2,3,3,0,2,0,2,3,3,3,2,0,2,0,3,3,3,124,0,2,3,3,3,64,2,0,3,0,2,0,2,3,2,3,
128,3,0,2,0,3,3,3,3,3,0,2,0,2,3,3,3,2,0,2,0,3,3,3,123,1,3,3,3,3,63,2,0,3,0,2,0,2,3,3,3,
131,3,0,2,0,2,3,2,3,3,0,2,0,2,3,2,3,2,0,2,0,2,3,3,126,0,2,3,3,3,66,2,0,3,0,2,0,2,3,2,3,
130,3,0,2,0,3,3,3,3,3,0,2,1,2,3,3,3,2,0,2,1,3,3,3,126,1,3,3,3,3,63,2,1,3,0,2,1,3,3,3,3,
147,3,0,3,1,2,4,3,3,3,0,2,1,2,4,3,3,2,1,2,1,3,3,3,143,1,2,4,3,3,81,2,1,3,0,2,1,2,3,3,3,
131,3,1,2,1,2,3,3,3,3,0,2,1,2,3,3,4,2,1,2,1,3,3,3,127,1,2,3,3,3,63,2,1,3,1,2,1,2,3,3,3,
132,4,0,2,1,3,3,3,4,4,0,2,1,3,4,3,4,2,1,3,1,4,3,4,128,1,3,4,3,4,67,2,1,4,0,2,1,3,3,3,4,
134,3,0,2,1,3,3,3,3,3,0,2,1,3,3,3,4,2,1,3,1,4,3,3,128,1,3,3,3,3,64,2,1,3,0,2,1,3,3,3,3,
129,3,1,13,1,3,5,3,3,3,0,13,1,3,5,3,4,13,1,3,1,5,3,3,125,1,3,5,3,3,65,13,1,4,1,13,1,3,5,3,3,
131,4,0,3,1,6,4,3,4,3,0,3,1,6,4,3,4,3,0,6,1,3,3,4,124,1,6,4,3,3,64,2,1,4,0,3,1,6,3,3,4,
131,3,0,2,0,2,3,2,3,3,0,2,0,2,3,3,3,2,0,2,0,3,3,3,126,0,2,3,3,3,66,2,0,3,0,2,0,2,3,2,3,
132,4,0,3,0,3,3,3,4,3,0,3,1,3,3,3,4,3,0,3,1,3,3,4,127,0,3,3,3,3,64,3,0,4,0,2,0,3,3,3,3,
129,3,0,2,1,3,4,3,3,3,0,2,1,3,4,3,4,2,1,3,1,3,3,3,125,1,3,4,3,3,65,2,1,3,0,2,1,3,3,3,3,
127,3,0,2,1,3,3,3,3,3,0,2,1,3,3,3,3,2,0,3,1,3,3,3,123,0,3,3,3,3,63,2,0,3,1,2,1,3,3,3,3,
146,4,0,2,1,3,4,3,4,4,0,2,1,3,4,3,4,2,1,3,1,3,3,4,142,1,3,3,3,4,65,2,1,4,0,2,1,3,3,3,4,
133,4,1,3,1,4,4,3,4,4,0,2,1,3,4,3,4,2,1,3,1,3,3,4,129,1,3,3,3,4,69,2,1,4,1,3,1,3,4,3,4,
131,4,1,3,1,4,4,3,4,4,0,3,1,3,3,3,4,2,1,3,1,3,3,4,128,1,3,3,3,3,65,3,1,4,1,3,1,3,3,3,4,
128,4,0,3,1,8,4,3,4,4,0,3,1,8,4,3,4,2,1,8,1,4,3,4,124,1,8,3,3,4,64,3,1,4,0,3,1,8,4,3,4,
127,4,1,3,1,3,4,3,4,4,0,3,1,3,4,4,4,3,1,3,1,4,4,4,123,1,3,3,4,4,63,3,1,4,0,3,1,3,4,3,4,
132,4,1,2,1,3,4,3,4,4,0,3,1,3,4,3,4,2,1,3,1,3,3,3,128,1,3,4,3,4,68,2,1,4,1,2,1,3,4,3,4,
131,14,0,2,0,3,3,3,3,14,0,2,0,3,3,3,3,2,0,2,0,3,3,14,126,0,3,3,3,14,63,2,0,14,0,2,0,3,3,3,3,
129,3,0,2,1,3,3,3,3,3,0,2,1,3,4,3,4,2,1,3,1,3,3,3,126,1,3,4,3,3,86,2,1,3,0,2,1,3,3,3,3,
129,3,0,2,1,3,3,3,3,3,0,2,1,2,3,3,3,2,0,2,1,3,3,3,125,1,3,3,3,3,66,2,0,3,0,2,0,3,3,3,3,
134,3,1,2,1,3,4,3,3,3,0,3,1,3,4,3,4,2,1,3,1,3,3,3,130,1,3,4,3,3,68,2,1,4,0,3,1,3,3,3,4,
133,4,2,2,1,3,4,3,3,3,0,2,1,3,3,3,4,2,1,3,1,3,3,3,129,1,3,4,3,3,66,2,1,4,2,3,1,3,3,3,4,
148,3,0,2,0,3,3,3,3,3,0,2,0,3,3,3,3,2,0,3,1,3,3,3,142,1,3,3,3,3,83,2,1,3,0,2,1,3,3,3,3,
127,4,1,2,1,3,4,3,4,4,0,3,1,4,4,3,4,2,1,3,1,3,4,4,123,1,4,4,4,4,64,2,1,4,1,3,1,3,4,3,4,
129,4,1,2,3,3,4,3,4,3,0,2,3,3,4,3,4,2,1,3,3,3,3,4,125,1,3,4,3,3,67,2,3,4,1,3,3,3,4,3,4,
133,3,0,2,0,2,3,2,4,3,0,2,0,2,3,3,3,2,0,2,0,3,3,3,128,1,3,3,3,3,64,2,0,3,0,2,0,3,3,3,3,
127,3,0,2,0,3,5,3,3,3,0,2,0,2,5,3,4,2,0,3,0,5,3,3,122,0,3,5,3,3,63,2,0,3,0,2,0,2,5,3,3,
126,3,0,2,0,2,3,3,3,3,0,2,1,2,3,3,4,2,0,3,1,3,3,3,121,0,3,3,3,3,62,2,0,3,0,2,0,2,3,3,3,
130,3,0,2,1,3,3,3,3,3,0,2,1,3,3,3,4,2,1,3,1,3,3,3,126,1,3,4,3,3,67,2,1,3,0,2,1,3,3,3,3,
131,4,1,2,1,3,4,3,4,4,0,3,1,3,4,3,4,2,1,3,1,3,3,4,127,1,3,4,3,4,65,3,1,4,0,3,1,3,3,3,4,
128,5,1,2,1,3,4,3,4,5,0,2,1,3,3,3,4,3,0,4,1,3,3,5,124,1,3,4,3,5,63,2,1,5,0,2,1,3,3,3,3,
126,4,1,2,1,3,4,4,4,4,0,2,1,3,4,4,4,3,1,3,1,3,4,4,122,1,3,4,4,4,63,2,1,4,0,3,1,3,4,4,4,
146,4,1,3,1,4,4,3,4,4,0,3,1,4,4,3,4,3,1,3,1,3,3,4,143,1,4,4,3,4,64,3,1,4,1,3,1,3,3,3,4,
131,4,1,2,1,3,4,3,4,3,0,2,1,3,3,3,4,2,1,3,1,3,3,3,127,1,3,4,3,3,68,2,1,4,1,3,1,3,3,3,4,
130,4,1,3,1,3,4,3,4,4,0,3,1,3,4,4,5,3,1,3,1,3,4,4,125,1,3,4,4,4,63,3,1,4,1,3,1,3,4,3,4,
128,3,0,2,0,2,3,2,3,3,0,2,0,2,3,2,3,2,0,2,0,2,2,3,123,0,2,3,2,3,64,2,0,3,0,2,0,2,3,2,3,
127,3,0,2,0,3,3,3,3,3,0,2,1,15,3,3,4,2,0,3,1,3,3,3,122,1,3,3,3,3,63,2,1,3,0,2,0,3,3,3,3,
129,3,0,2,1,3,4,3,3,3,0,2,1,3,3,3,4,2,0,3,1,3,4,3,125,1,4,4,4,3,66,2,1,4,0,2,1,3,3,3,3,
129,5,2,2,1,3,3,4,3,3,0,2,1,2,3,3,4,2,1,3,1,3,3,3,125,1,3,3,3,3,63,2,1,5,2,2,1,3,3,4,3,
129,6,1,2,1,3,4,4,4,4,0,3,1,3,4,3,4,3,1,4,1,3,4,4,125,1,4,4,3,4,63,2,1,4,1,3,1,3,4,4,4,
132,4,1,3,1,3,4,3,4,4,0,2,1,3,4,3,4,3,1,3,2,3,4,4,128,3,3,4,4,4,66,3,2,4,1,2,2,3,4,3,4,
133,4,1,3,1,3,4,3,3,3,0,2,1,3,3,3,4,3,1,3,1,3,3,3,129,1,3,4,3,3,67,3,1,3,1,2,1,3,3,3,4,
133,4,1,3,1,4,4,4,4,4,0,3,1,4,4,4,4,3,1,4,1,4,4,4,129,1,4,4,4,4,64,3,1,4,1,3,1,4,4,4,4,
150,4,1,3,1,3,4,4,4,4,0,3,1,3,4,4,4,3,1,4,2,4,3,4,146,1,3,4,4,4,84,3,1,4,1,3,1,3,4,4,4,
129,3,0,2,0,2,3,2,3,3,0,2,0,2,3,2,3,2,0,2,0,3,2,3,124,0,2,3,2,3,62,2,0,3,0,2,0,2,3,2,3,
137,4,0,1,1,3,4,3,4,4,0,1,1,3,4,3,4,1,0,3,1,4,3,4,132,1,3,4,3,4,70,1,0,3,0,1,0,3,3,3,4,
132,4,0,1,1,3,3,3,3,3,0,2,1,3,3,3,4,2,0,3,1,3,3,4,128,0,3,4,3,3,63,1,1,3,0,1,1,3,3,3,3,
128,4,0,1,1,3,4,3,3,3,0,1,1,3,3,3,4,1,1,3,1,3,3,3,124,1,3,4,4,3,63,1,1,4,0,1,1,3,3,3,3,
135,4,1,1,1,4,4,3,3,3,0,2,1,4,4,3,4,2,1,4,1,4,3,3,131,1,4,4,3,3,63,1,1,3,0,1,1,4,3,3,4,
135,4,0,1,1,3,4,3,3,3,0,1,1,3,3,3,4,2,0,3,1,3,3,3,132,1,3,4,3,3,65,1,1,3,0,1,1,3,3,3,4,
139,4,1,2,1,3,4,4,4,3,0,2,1,3,3,3,4,2,1,3,1,3,4,3,132,2,3,4,4,3,66,2,1,3,0,2,1,3,3,4,4,
140,4,1,3,1,3,4,4,5,4,0,3,1,3,5,4,5,3,2,3,2,4,4,4,136,3,3,4,4,6,64,3,1,4,1,3,1,3,4,4,5,
134,4,1,2,1,3,4,4,4,3,0,2,1,3,4,4,4,2,1,3,1,3,4,4,130,1,3,4,4,4,63,2,1,4,1,3,1,3,4,4,4,
129,3,0,2,0,2,3,3,3,3,0,2,0,2,3,3,3,2,0,2,1,3,3,3,125,1,2,3,3,4,64,2,0,3,0,2,0,2,3,3,3,
131,3,0,2,1,2,3,3,3,3,0,2,1,2,3,3,3,2,0,2,1,4,3,3,127,1,2,3,3,4,66,2,1,3,0,2,0,2,3,3,3,
130,3,0,2,0,2,3,3,3,3,0,2,1,2,3,3,3,2,0,2,1,3,3,3,126,1,2,3,3,3,63,2,0,3,0,2,0,2,3,3,3,
128,3,1,2,1,2,3,3,3,3,0,3,1,3,3,3,3,3,0,3,1,3,3,3,124,1,3,4,3,4,63,2,1,3,0,3,1,2,3,3,3,
130,3,0,2,1,2,3,3,3,3,0,3,1,3,3,3,3,3,0,3,1,4,3,3,126,1,3,4,3,4,64,2,1,3,0,3,1,2,3,3,3,
132,3,1,2,1,3,3,3,3,3,0,1,1,2,3,3,3,2,1,3,1,3,3,4,128,2,3,4,3,4,66,2,1,3,1,2,1,3,3,3,3,
133,4,1,2,1,4,4,3,4,4,0,2,1,4,4,4,4,2,1,4,1,4,3,4,129,1,4,4,4,4,64,2,1,4,0,2,1,4,4,3,4,
132,6,1,3,1,3,5,3,5,4,0,4,1,3,4,4,4,3,1,4,2,4,4,5,128,1,3,4,4,5,65,3,1,4,1,3,1,3,4,3,4,
131,3,0,2,1,2,3,3,3,4,0,2,1,2,3,4,3,2,0,2,1,3,4,3,126,1,2,4,4,4,64,2,0,3,0,2,1,2,3,3,3,
135,3,1,2,1,2,3,3,3,3,0,2,1,3,3,4,3,2,1,3,1,3,3,4,130,1,3,4,3,4,67,2,1,3,1,2,1,3,3,4,3,
133,3,0,4,0,3,3,3,3,3,0,4,0,2,3,3,3,4,0,3,1,3,3,3,128,0,2,3,3,3,63,4,1,3,0,4,0,3,3,3,3,
143,3,0,2,1,3,3,4,3,3,0,2,0,3,6,3,3,2,0,3,1,3,3,3,139,0,3,7,3,4,64,2,0,3,0,2,0,3,3,4,3,
128,3,0,2,1,3,3,3,4,3,0,2,1,3,3,4,3,2,0,3,1,3,3,4,124,0,3,4,3,4,63,2,1,3,0,2,1,3,3,3,4,
131,3,0,2,1,3,3,4,3,3,0,2,1,3,3,3,3,2,0,3,1,3,3,3,127,0,3,4,3,4,66,2,1,3,0,2,1,3,3,4,3,
133,3,0,2,1,3,4,4,4,4,0,2,1,3,4,4,4,2,1,3,1,3,4,4,129,1,3,4,4,4,66,2,1,3,0,2,1,3,3,4,4,
130,4,1,2,1,3,4,4,4,4,0,2,1,3,4,4,4,2,1,4,1,4,4,4,126,1,3,4,4,4,65,2,1,3,0,2,1,4,4,4,4,
129,3,1,2,1,6,4,4,4,4,0,2,1,5,4,4,4,2,1,6,1,3,3,4,125,1,5,4,4,4,64,2,1,3,1,2,1,6,3,4,4,
130,4,0,2,1,2,3,4,3,3,0,2,0,2,3,4,3,2,0,2,1,3,3,3,125,1,2,3,3,4,63,2,0,3,1,2,1,2,3,3,3,
133,4,0,3,1,4,4,4,4,4,0,3,1,3,4,4,4,3,1,4,1,4,4,4,128,1,3,4,4,4,67,3,1,4,0,3,1,3,4,4,4,
132,3,0,2,0,3,3,14,3,3,0,2,1,3,3,14,3,2,0,3,1,3,14,3,129,1,3,3,15,4,64,2,0,3,0,2,1,3,3,14,3,
129,3,0,2,1,3,3,4,3,3,0,3,1,3,4,4,3,3,0,3,1,3,3,4,125,1,3,4,4,4,64,2,1,3,0,3,1,3,3,4,4,
131,3,0,3,2,3,4,4,3,3,0,3,2,3,4,4,3,3,1,3,2,3,3,4,128,1,3,4,4,4,64,2,2,3,0,3,1,3,3,4,4,
144,3,1,2,1,3,3,3,3,3,0,2,1,2,3,3,3,2,0,2,2,3,3,4,141,1,2,4,3,4,79,2,1,3,1,2,1,3,3,4,3,
133,4,1,3,2,3,4,4,4,4,0,3,1,3,4,4,4,3,1,3,2,3,4,4,130,2,3,4,4,4,65,3,1,4,1,3,1,3,4,4,4,
129,3,1,3,1,3,4,4,4,3,0,2,1,3,4,4,3,3,1,3,1,3,4,4,125,2,3,4,4,4,64,2,1,3,1,2,1,3,3,4,4,
129,4,1,3,1,3,4,4,4,4,0,2,1,3,4,4,4,3,1,3,1,4,4,4,126,1,3,4,4,4,64,2,1,4,1,3,1,3,4,4,4,
135,3,0,2,0,3,3,3,3,3,0,2,0,2,3,3,3,2,0,2,0,3,3,3,130,1,3,3,3,4,66,2,0,3,0,2,0,3,3,3,3,
134,3,1,3,1,3,3,3,3,3,0,2,1,3,3,3,3,2,1,3,1,3,3,3,128,2,3,3,3,4,63,3,1,3,1,2,1,3,3,3,3,
128,3,0,2,1,3,3,3,3,3,0,2,1,3,3,3,3,2,1,3,1,3,3,4,124,1,3,4,3,4,63,2,1,3,0,2,1,3,3,3,3,
129,3,1,2,1,3,4,4,4,4,0,2,1,3,4,4,4,3,1,3,1,3,4,4,125,2,3,4,4,4,64,2,1,3,0,2,1,3,4,4,4,
132,3,1,2,1,3,3,3,3,3,0,3,1,3,3,4,3,2,1,3,1,3,3,4,128,1,3,4,3,4,67,2,1,3,1,2,1,3,3,3,4,
135,4,0,3,1,3,4,3,4,4,0,3,1,3,4,4,4,3,1,3,1,4,3,4,131,1,3,4,4,4,67,3,1,4,0,3,1,3,4,3,4,
146,3,0,2,0,3,3,3,3,3,0,2,0,2,3,3,3,2,0,2,0,3,3,3,142,1,2,3,3,4,63,2,0,3,0,2,0,3,3,3,3,
129,3,0,2,0,2,3,3,3,3,0,2,0,2,3,3,3,2,0,2,0,3,3,3,124,1,2,2,3,3,63,2,0,3,0,2,0,3,2,3,3,
129,3,0,2,1,3,3,3,3,3,0,2,0,3,3,3,3,2,1,3,1,3,3,3,125,1,3,3,3,4,63,2,0,3,0,2,0,3,3,3,3,
134,3,1,3,1,3,3,3,4,3,0,3,1,3,3,4,4,3,1,3,1,3,3,4,129,1,3,3,3,4,68,3,1,3,0,3,1,3,3,3,4,
135,3,0,2,1,2,3,3,3,3,0,2,1,2,3,3,3,2,0,2,1,3,3,3,130,1,2,2,3,3,66,2,1,3,0,2,1,2,2,3,3,
129,4,1,2,1,4,4,4,4,4,0,2,1,4,4,4,5,2,1,4,1,4,4,4,125,1,4,4,4,5,64,2,1,4,1,2,1,4,4,4,4,
129,4,1,2,1,3,4,4,4,4,0,2,1,3,4,4,4,2,1,3,2,3,4,5,126,1,4,4,4,4,64,2,1,4,1,2,1,3,3,4,4,
132,4,0,1,1,3,4,3,3,3,0,1,1,3,4,3,3,1,0,3,1,3,3,4,127,0,3,3,3,4,66,1,0,4,0,1,1,3,3,3,3,
133,3,0,2,1,3,3,3,3,3,0,1,0,2,3,3,3,2,0,3,0,3,3,3,129,0,3,3,3,3,64,1,0,3,0,2,0,3,3,4,3,
131,3,1,1,1,3,3,3,3,3,0,1,1,2,3,3,3,1,2,3,1,3,3,3,126,1,3,3,3,3,65,1,1,3,0,1,1,3,3,3,3,
129,3,1,2,1,3,3,3,3,3,0,2,1,3,3,4,3,2,1,3,1,4,3,4,126,1,3,4,4,3,64,2,1,4,0,2,1,3,3,3,3,
148,3,1,2,1,3,3,3,4,3,0,2,1,3,4,4,3,2,0,3,1,3,3,4,144,1,3,4,4,3,83,2,1,4,0,2,1,3,3,3,4,
132,3,1,2,1,3,3,3,4,3,0,2,1,3,3,4,4,2,1,3,2,4,3,4,128,1,3,4,3,3,64,2,2,4,1,2,1,3,3,3,4,
129,4,1,3,1,3,3,3,4,4,0,3,1,3,4,4,4,3,1,3,1,3,4,4,125,1,3,4,4,4,64,3,1,4,1,3,1,3,3,3,4,
129,3,0,2,0,3,2,3,3,3,0,2,0,2,3,3,3,2,0,2,0,3,3,3,124,2,3,3,3,3,63,2,1,3,0,2,0,3,2,3,3,
134,3,0,2,3,3,2,3,4,3,0,2,3,2,3,3,4,2,1,2,3,3,3,3,130,1,2,3,3,3,69,2,3,3,0,2,3,3,2,3,4,
132,3,1,2,0,3,3,3,3,3,0,2,1,3,3,3,3,2,0,3,1,3,3,3,128,1,3,3,3,3,64,2,1,3,0,2,0,3,3,3,3,
128,3,1,2,0,3,6,3,3,3,0,2,0,3,6,5,3,2,0,3,1,6,3,4,125,2,6,6,4,3,64,2,1,6,0,2,1,3,6,3,3,
129,4,1,2,1,3,3,3,3,3,0,2,1,3,4,3,3,2,1,4,1,3,3,4,125,2,4,4,4,3,64,2,1,4,1,2,1,3,3,3,4,
135,6,1,3,1,6,6,7,7,6,0,3,1,3,6,6,7,3,1,3,1,6,6,7,131,1,6,6,6,6,69,3,1,7,1,2,1,6,6,7,7,
135,5,1,3,1,3,5,5,5,5,0,2,1,3,5,5,5,2,1,4,1,5,5,5,131,1,4,6,5,5,69,3,2,5,1,2,1,3,6,5,5,
152,3,0,2,0,3,3,2,3,3,0,2,0,2,3,3,3,2,0,2,0,3,3,3,147,1,3,3,3,3,63,2,0,3,0,2,0,3,3,2,3,
132,3,0,2,0,3,3,5,3,3,0,2,0,2,3,5,3,2,0,2,1,3,5,3,126,1,3,3,5,3,65,2,1,3,0,2,1,3,3,5,3,
129,3,1,2,1,3,3,3,3,3,0,2,1,2,3,3,3,2,0,3,1,3,3,3,126,1,3,3,3,3,65,2,0,3,0,2,1,3,3,3,3,
132,3,1,3,1,3,3,3,3,3,0,2,1,3,3,3,3,2,1,3,1,3,3,4,129,1,3,4,3,3,66,3,1,3,0,2,1,3,4,3,3,
131,4,1,3,1,4,3,3,4,4,0,3,1,3,4,4,4,3,1,3,1,4,4,4,128,1,4,4,4,4,64,3,1,4,1,3,1,3,4,3,4,
128,3,1,2,1,3,3,3,3,3,0,2,1,3,3,3,3,2,1,3,1,3,3,4,125,1,3,4,3,3,64,2,1,3,1,2,1,3,3,3,4,
128,4,1,3,1,3,3,3,4,4,0,3,1,3,4,4,4,3,1,3,1,4,4,4,125,2,4,4,4,4,64,3,1,4,1,3,1,4,4,3,4,
132,3,0,2,0,2,3,3,3,3,0,2,1,2,3,3,3,2,0,2,1,3,3,3,128,0,3,3,3,3,67,2,1,3,0,2,1,2,3,3,3,
131,3,0,3,1,3,3,3,3,3,0,2,1,2,3,3,3,2,0,2,1,3,3,3,128,1,3,3,3,3,63,3,1,3,1,2,1,3,3,3,3,
129,3,0,2,1,3,3,3,3,3,0,2,1,3,3,3,4,2,0,3,1,3,3,4,125,1,3,4,4,3,64,2,1,4,0,2,1,3,3,3,4,
129,4,1,3,1,3,3,3,4,3,0,3,1,3,4,3,4,3,1,3,1,3,3,4,126,1,4,4,4,4,64,3,1,4,0,3,1,3,4,3,4,
146,3,0,1,0,2,3,3,3,2,0,2,0,2,3,3,3,2,0,2,0,3,3,3,142,0,3,3,3,3,80,2,0,3,0,2,0,2,3,3,3,
136,3,0,2,1,3,3,3,3,3,0,2,1,3,3,3,3,2,0,3,1,3,3,3,130,1,3,3,3,3,64,2,0,3,0,2,1,3,3,3,3,
132,3,0,2,0,3,3,3,3,3,0,2,1,3,3,3,3,2,0,3,1,3,3,3,127,1,3,3,3,3,66,2,0,3,0,2,0,3,3,3,3,
129,3,1,2,1,3,3,3,3,3,0,2,1,3,3,3,3,2,1,3,1,3,3,3,126,1,3,3,3,3,65,2,1,3,0,2,1,3,3,3,3,
133,3,0,2,1,3,3,3,3,3,0,2,1,3,3,3,4,2,0,3,1,3,3,4,130,2,3,4,3,3,67,2,1,4,0,2,1,3,3,3,3,
131,3,1,3,1,3,3,3,3,3,0,3,1,3,3,3,3,3,2,3,1,3,3,4,128,2,3,4,3,3,64,3,1,3,1,3,1,3,3,3,3,
131,4,1,3,1,3,3,3,4,4,0,3,1,3,4,3,4,3,1,3,1,3,3,7,128,1,4,4,4,4,64,3,1,7,0,3,1,3,3,3,4,
130,5,1,3,1,3,3,4,4,5,0,3,1,3,4,3,4,3,1,3,1,3,4,6,126,1,4,4,4,5,64,3,1,5,1,3,1,3,3,4,4,
129,4,1,3,1,3,3,3,4,3,0,2,1,3,4,3,4,2,1,3,1,3,4,4,126,1,4,4,4,3,64,3,1,4,1,3,1,3,3,3,4,
135,4,1,3,1,4,3,3,4,4,0,3,1,4,4,4,4,3,1,4,1,3,4,4,129,2,4,4,4,4,68,3,1,4,1,3,1,4,3,3,4,
153,3,0,2,0,3,3,3,3,3,0,2,0,3,3,3,3,2,0,3,1,3,3,3,149,1,3,3,3,3,63,2,0,3,0,2,0,3,3,3,3,
131,3,0,2,1,3,2,3,3,3,0,2,1,2,3,3,3,2,0,2,1,2,3,3,128,1,3,3,3,3,65,2,0,3,0,2,1,3,2,3,3,
130,3,0,2,1,4,3,3,4,3,0,2,1,4,3,3,4,2,1,4,1,3,3,4,126,1,5,4,3,3,64,2,1,4,1,2,1,4,3,3,4,
132,3,1,2,1,3,3,3,4,3,0,2,1,3,3,3,4,2,0,3,1,3,3,4,129,1,3,4,3,3,67,2,1,4,0,2,1,3,3,3,4,
131,3,1,2,1,3,3,3,3,3,0,2,1,3,3,3,3,2,1,3,1,3,3,3,128,1,3,3,3,3,64,2,1,3,1,2,1,3,3,3,3,
129,4,1,3,1,3,3,3,4,3,0,3,1,3,4,3,4,2,1,3,1,3,3,4,126,1,4,4,4,4,64,2,1,4,0,2,1,3,3,3,4,
131,4,1,3,1,4,3,3,4,5,0,3,1,4,4,4,4,2,1,4,1,4,4,5,128,2,4,4,4,5,64,3,1,4,1,3,1,4,3,3,4,
131,3,0,1,0,2,2,3,3,3,0,1,0,2,3,3,3,1,0,2,0,2,3,3,128,2,3,3,3,3,66,1,0,3,0,1,0,2,2,3,3,
132,3,0,2,1,3,3,3,3,3,0,2,1,3,3,3,4,2,2,3,1,3,3,3,129,2,3,3,3,3,64,2,1,3,0,2,1,3,3,3,3,
130,3,1,2,1,3,3,3,3,3,0,2,1,3,3,3,3,2,1,3,1,3,3,3,127,1,3,3,3,3,65,2,1,3,1,2,1,3,3,3,3,
131,4,2,3,1,3,3,3,4,4,0,3,1,3,4,3,4,3,1,3,2,3,3,4,127,2,3,4,4,4,66,3,1,4,1,3,1,3,3,3,4,
147,4,1,3,1,3,4,3,4,4,0,3,1,4,4,3,4,3,1,3,2,4,3,4,144,1,4,4,4,4,81,3,1,4,1,3,1,3,4,3,4,
135,3,1,2,1,3,3,3,3,3,0,2,1,3,3,3,3,2,0,3,1,3,4,3,129,1,3,3,4,3,64,2,1,3,0,2,1,3,3,3,3,
130,3,0,2,0,3,2,2,3,3,0,2,1,3,3,3,3,2,0,3,1,3,3,3,126,0,3,3,3,3,65,2,0,3,0,2,1,3,2,2,3,
128,3,0,2,0,3,3,3,3,3,0,2,1,3,3,3,3,2,0,3,1,3,3,3,125,0,3,3,3,3,63,2,0,3,0,2,0,3,3,3,3,
131,3,1,2,1,3,3,3,3,3,0,2,1,3,3,3,3,2,0,3,1,3,3,3,128,1,3,3,3,3,66,2,1,3,0,2,1,3,3,3,3,
134,3,0,2,1,3,3,3,4,4,0,2,1,3,4,3,3,2,0,3,1,3,3,3,130,1,3,3,3,3,63,2,1,3,0,2,1,3,3,3,3,
130,6,1,2,1,3,3,3,4,7,0,2,1,3,4,3,4,2,0,3,1,3,3,6,127,1,3,3,4,6,65,2,1,6,0,3,1,3,3,3,4,
128,3,2,2,1,3,3,3,4,3,0,2,1,3,3,3,3,2,1,3,1,3,3,3,125,1,3,3,3,3,63,2,1,4,1,2,1,3,3,3,4,
129,3,0,2,0,3,3,3,3,3,0,2,1,3,4,4,3,2,0,3,1,3,4,3,125,1,3,3,3,4,63,2,1,4,0,2,0,3,3,3,3,
133,4,1,2,1,3,3,3,4,3,0,2,1,3,4,3,4,2,0,3,1,3,3,4,129,2,3,3,3,3,67,2,1,4,0,3,1,3,3,3,4,
154,4,1,2,1,3,3,4,5,4,0,2,1,3,3,4,4,2,0,3,1,3,4,4,151,1,3,3,4,4,65,2,0,4,0,2,1,3,3,4,4,
130,3,0,2,1,3,3,3,4,3,0,2,1,3,3,3,3,2,0,4,1,3,3,3,127,1,3,3,3,3,65,2,1,3,0,2,1,3,3,3,3,
132,3,0,2,0,2,3,2,3,3,0,2,0,2,3,2,3,1,0,2,1,2,2,3,127,0,3,2,3,3,65,2,0,3,0,2,0,2,2,2,3,
134,4,1,3,3,3,4,3,4,4,0,3,3,4,4,3,4,2,0,3,4,3,3,4,131,1,4,3,4,4,69,3,3,4,0,2,4,3,3,3,4,
134,4,1,2,1,3,4,3,4,4,0,3,1,4,4,4,4,3,1,4,1,4,3,4,131,1,4,4,4,4,66,3,1,4,1,3,1,3,4,3,4,
133,3,0,2,0,3,3,2,3,3,0,2,0,3,3,2,3,2,0,3,0,2,2,3,129,0,3,2,3,3,67,2,0,3,0,2,0,2,3,2,3,
129,3,0,2,0,3,3,3,3,3,0,2,1,3,3,3,3,2,0,3,1,3,3,3,126,1,3,3,3,3,64,2,1,3,0,2,0,3,3,3,3,
132,4,0,2,1,3,3,3,3,4,0,2,1,3,3,3,3,2,0,3,1,3,3,3,128,1,3,3,3,4,67,2,1,3,0,2,1,3,3,3,3,
134,3,1,2,1,3,3,3,3,3,0,2,1,3,3,3,3,2,0,3,1,3,3,3,131,1,3,3,3,3,66,2,1,3,0,2,1,3,3,3,3,
130,4,0,2,1,3,4,3,4,4,0,3,1,3,4,3,4,2,1,3,1,3,3,4,127,1,4,3,4,4,66,2,1,4,1,3,1,3,3,3,4,
133,4,1,3,1,3,4,3,4,4,0,3,1,4,4,4,4,3,1,4,1,3,4,4,130,2,4,4,4,4,68,3,1,4,1,3,1,4,4,3,4,
149,3,0,2,0,3,3,2,3,3,0,2,0,3,3,2,3,2,0,3,0,2,2,3,145,0,3,2,3,3,82,2,0,3,0,2,0,2,2,2,3,
135,3,0,2,0,3,3,3,3,3,0,2,1,3,3,3,3,2,0,3,1,3,3,3,131,1,3,3,3,3,65,2,1,3,0,2,1,3,3,3,3,
130,3,0,2,1,3,3,3,3,3,0,2,1,3,3,3,3,2,0,3,1,3,3,3,127,1,3,3,3,3,65,2,1,3,0,2,1,3,3,3,3,
132,3,1,2,1,7,3,3,3,3,0,3,1,7,3,3,3,2,1,7,1,3,3,3,127,1,7,3,3,3,65,2,1,3,1,2,1,7,3,3,3,
134,5,1,5,1,5,14,5,6,5,0,5,1,5,14,5,6,5,0,5,1,14,5,5,130,1,5,14,5,5,69,5,1,5,0,5,1,5,14,5,6,
135,3,1,2,1,3,3,3,4,3,0,3,1,3,3,3,4,2,1,3,1,3,3,3,130,1,3,3,4,3,65,2,1,4,1,2,1,3,3,3,4,
130,6,1,3,1,3,4,3,4,6,0,3,1,4,4,4,4,3,1,4,1,3,4,6,126,2,4,3,4,6,65,3,1,6,1,3,1,3,4,3,4,
132,3,0,2,0,3,3,5,3,3,0,2,0,3,3,5,3,2,0,3,1,3,5,3,126,1,3,3,5,3,63,2,0,3,0,2,0,3,3,5,3,
132,3,1,2,1,3,3,3,3,3,0,2,1,3,3,3,3,2,0,3,1,2,3,3,125,1,3,2,3,3,63,2,1,3,0,2,1,3,3,3,3,
133,3,0,2,1,3,3,3,3,3,0,2,1,3,3,3,3,2,0,3,1,3,3,3,130,1,3,3,3,3,68,2,1,3,0,2,1,3,3,3,3,
153,3,1,2,1,3,3,3,4,3,0,2,1,3,4,3,4,2,0,3,1,3,3,3,149,1,4,3,3,3,65,2,1,4,0,3,1,3,3,3,4,
129,3,1,2,1,3,3,3,4,3,0,3,1,3,4,3,4,2,0,3,1,3,3,3,125,1,3,3,3,3,64,2,1,3,1,2,1,3,3,3,4,
129,4,1,3,1,3,4,3,4,4,0,3,1,4,4,4,4,3,1,4,2,4,4,4,126,2,4,4,4,4,65,3,1,4,1,3,1,3,4,4,4,
134,3,0,2,0,3,3,2,3,3,0,2,0,3,3,3,3,2,0,3,0,3,3,3,129,0,3,3,3,3,68,2,0,3,0,2,0,3,3,2,3,
133,3,1,2,0,3,3,3,3,3,0,2,0,3,3,3,3,2,0,3,1,2,3,3,128,0,3,3,3,3,64,2,0,3,0,2,0,3,3,3,3,
130,3,0,2,0,3,3,3,3,3,0,2,0,3,3,3,3,2,0,3,1,3,3,3,126,1,3,3,3,3,65,2,0,3,0,2,0,3,3,3,3,
129,3,1,2,1,3,3,3,3,3,0,2,1,3,3,3,3,2,0,3,1,3,3,3,126,1,3,3,4,3,65,2,1,3,0,2,1,3,3,3,3,
133,3,1,2,1,3,3,3,3,3,0,2,1,3,3,3,3,2,1,3,1,3,3,3,130,1,3,3,3,3,69,2,1,3,1,2,1,3,3,3,3,
133,14,2,3,1,4,4,3,4,14,0,3,1,3,4,4,4,2,1,4,1,4,3,14,129,2,4,3,4,14,65,3,1,14,1,3,1,4,3,3,4,
129,3,0,2,0,3,3,2,3,3,0,2,1,3,3,2,3,2,0,3,0,2,2,3,125,0,3,2,3,3,64,2,0,3,0,2,0,3,3,2,3,
130,3,0,2,0,3,3,3,3,3,0,2,1,3,3,3,3,2,0,3,1,3,3,3,125,0,3,3,3,3,64,2,0,3,0,2,1,3,3,3,3,
