145,6,1,4,1,5,6,6,6,6,0,4,1,5,6,6,6,4,1,5,1,6,6,6,135,3,5,6,6,6,73,4,1,6,1,4,1,5,5,5,6,
140,5,1,3,1,4,5,6,6,6,0,3,1,4,5,5,6,3,1,4,1,5,5,5,134,1,4,5,5,6,69,3,1,5,1,3,1,4,5,5,6,
137,5,1,3,1,4,5,6,6,6,0,3,1,4,5,5,6,3,0,4,1,5,5,5,131,1,4,5,5,6,69,3,1,5,1,2,1,4,5,5,6,
138,5,0,3,1,3,4,5,6,5,0,3,1,3,4,5,6,3,0,3,1,4,5,5,132,1,3,4,5,6,69,3,1,5,0,3,0,3,4,4,6,
141,5,0,3,1,3,4,4,6,5,0,2,1,3,4,4,6,2,0,3,1,4,5,5,134,1,3,4,5,5,71,2,1,5,0,2,1,3,4,4,6,
141,5,0,3,1,3,4,4,6,5,0,3,1,3,4,4,6,2,0,3,1,5,5,5,134,1,3,4,5,5,68,3,1,5,0,2,1,3,4,4,6,
136,5,0,3,1,3,4,5,6,5,0,3,1,3,5,5,6,3,0,3,1,5,5,5,131,1,3,5,5,6,68,3,1,5,0,3,1,3,4,5,6,
138,5,0,3,1,4,4,5,6,6,0,3,1,4,5,5,7,3,0,4,1,5,6,6,133,1,4,5,5,6,70,3,1,6,0,3,1,4,4,5,6,
139,6,0,5,0,5,5,5,7,6,0,5,0,5,5,5,7,5,0,5,0,6,6,6,133,0,5,5,6,6,71,5,0,6,0,5,0,5,5,5,7,
140,5,0,2,0,3,4,4,5,5,0,2,1,3,4,4,6,2,0,3,1,4,5,5,133,0,3,4,5,5,71,2,0,5,0,2,1,3,4,4,5,
144,5,0,3,1,3,4,4,5,5,0,2,1,3,4,4,6,2,0,3,1,5,5,5,138,1,3,4,5,5,69,3,1,5,0,3,1,3,4,4,5,
138,5,0,2,1,3,4,6,5,5,0,2,1,3,4,6,5,2,0,3,1,5,7,5,132,1,4,4,6,5,69,2,1,5,0,2,1,3,4,6,5,
137,5,0,3,1,4,4,5,6,6,0,3,1,3,5,5,6,3,0,3,1,5,5,5,131,1,4,5,5,6,68,3,1,5,0,3,1,4,4,5,6,
139,5,1,3,1,4,5,5,6,6,0,3,1,4,5,5,6,3,1,4,2,5,5,6,133,1,4,5,6,6,72,3,1,5,1,3,1,4,5,5,6,
140,5,0,3,0,3,4,4,5,5,0,2,1,3,4,4,6,2,0,3,1,5,5,5,134,0,3,4,5,7,68,3,0,5,0,3,0,3,4,4,5,
136,5,1,2,1,3,4,5,6,6,0,2,1,3,5,5,6,2,1,3,1,5,5,6,130,2,3,5,5,6,68,3,1,5,1,2,1,3,4,5,6,
154,5,0,2,1,3,4,4,5,5,0,2,1,3,4,4,6,2,0,3,1,5,5,5,148,1,3,5,5,5,68,2,1,5,0,2,1,3,4,4,5,
140,5,1,3,1,3,4,5,5,5,0,3,1,3,5,5,6,3,0,3,1,5,5,5,134,1,4,5,5,5,72,3,1,5,0,2,1,4,4,5,5,
141,5,1,3,1,4,5,5,6,6,0,3,1,4,5,5,6,3,1,4,2,5,6,6,136,2,4,5,5,6,70,3,1,5,1,3,1,4,5,5,6,
139,6,1,3,1,4,5,5,6,6,0,3,1,4,5,5,7,3,1,4,2,5,6,6,133,2,4,5,5,6,70,3,1,6,1,3,1,4,5,5,6,
139,5,1,3,1,4,5,5,6,6,0,3,1,4,5,5,7,4,1,4,1,5,6,6,134,2,4,5,6,6,69,3,1,5,1,3,1,4,5,5,6,
148,6,0,6,1,6,6,6,7,6,0,6,1,6,6,6,7,6,0,6,1,6,6,6,133,1,6,6,6,6,70,6,1,6,0,6,1,6,6,6,7,
140,5,0,2,0,3,4,4,5,5,0,2,1,3,4,4,5,2,0,3,1,4,5,5,134,1,3,5,5,5,71,2,0,5,0,2,1,3,4,4,5,
141,5,0,3,1,3,4,5,5,6,0,3,1,3,5,5,5,3,0,3,1,5,5,6,135,1,3,5,5,6,69,3,1,5,0,3,1,3,4,5,5,
136,5,0,3,1,4,5,5,5,5,0,3,1,3,5,5,6,3,0,3,1,5,5,5,131,1,4,5,5,6,68,3,1,5,0,3,1,4,4,5,5,
139,5,0,2,0,3,4,4,5,5,0,2,0,3,4,4,5,2,0,3,1,5,5,5,133,0,3,4,5,5,68,3,0,5,0,3,0,3,4,4,5,
680,6,1,5,1,5,5,5,6,6,0,5,1,4,6,6,6,5,1,4,2,6,6,6,135,1,5,6,6,7,72,5,1,6,1,5,1,5,5,5,6,
137,5,1,2,1,6,4,5,6,5,0,2,1,5,5,5,6,3,1,6,1,5,5,5,132,1,6,5,5,5,69,2,1,5,1,2,1,6,4,5,5,
137,5,0,5,1,5,5,5,6,6,0,5,1,5,5,5,6,5,1,5,1,5,5,5,132,1,5,5,5,6,69,5,1,5,0,5,1,5,5,5,6,
139,5,0,2,1,3,4,4,5,5,0,2,1,3,4,4,6,3,0,3,1,5,5,5,133,1,3,5,5,5,71,2,1,5,0,3,0,3,4,4,5,
141,5,0,2,0,3,4,4,5,5,0,2,0,3,4,4,5,2,0,3,1,4,5,5,134,1,3,4,4,5,68,2,0,5,0,2,0,3,4,4,5,
138,4,0,2,1,4,5,4,5,5,0,2,1,4,5,4,6,2,0,4,1,6,5,5,131,0,4,5,4,5,69,2,1,4,0,2,1,4,5,4,5,
138,5,0,3,1,4,4,4,5,5,0,3,1,4,5,5,6,3,0,4,1,5,5,5,131,0,4,5,5,6,69,3,1,5,0,3,1,4,4,4,5,
137,5,0,2,1,4,4,5,5,5,0,2,1,4,5,5,6,3,0,4,1,5,5,5,132,1,4,5,5,5,69,2,1,5,0,2,1,4,4,5,5,
140,5,0,2,1,3,4,4,5,5,0,3,1,3,4,4,6,3,0,3,1,5,5,5,134,0,3,4,5,6,71,2,1,5,0,2,1,3,4,4,5,
159,5,1,3,1,4,5,5,6,6,0,3,1,4,5,5,6,3,1,4,2,5,5,6,153,1,4,5,5,6,70,3,1,5,1,3,1,4,5,5,6,
137,5,0,3,1,3,4,4,5,5,0,3,1,3,4,4,6,3,0,3,1,5,5,5,131,1,3,4,5,6,68,2,1,5,0,3,0,3,4,4,5,
137,5,0,2,1,3,4,4,5,5,0,2,1,3,4,4,6,2,0,3,1,5,4,5,131,1,3,5,4,5,68,2,1,5,0,2,0,3,4,4,5,
140,5,0,2,1,3,4,5,5,5,0,2,1,3,4,5,6,2,0,3,1,5,5,5,134,1,4,4,5,6,71,2,1,5,0,2,1,3,4,5,5,
142,5,0,2,1,3,4,4,6,5,0,2,1,4,4,4,6,2,1,3,1,5,5,5,136,1,4,5,5,6,70,2,1,5,0,2,1,3,4,4,5,
137,5,0,3,1,4,5,5,6,6,0,3,1,4,5,5,6,3,1,4,1,5,5,6,132,1,4,5,5,6,69,3,1,5,0,3,1,4,5,5,6,
137,5,1,3,1,4,5,5,6,6,0,3,1,4,5,5,6,3,1,4,2,5,5,6,132,1,4,5,5,6,69,3,1,5,1,3,1,4,5,5,6,
142,5,0,2,1,3,4,4,5,5,0,2,1,3,4,4,5,2,0,3,1,4,4,5,136,0,3,4,5,5,71,2,1,5,0,2,1,3,4,4,5,
143,5,0,2,1,3,4,4,5,5,0,2,1,3,4,4,6,3,0,3,1,5,5,5,135,1,4,4,5,6,69,2,1,5,0,2,1,3,4,4,5,
137,5,0,2,1,3,7,5,5,5,0,3,1,4,8,6,6,3,0,4,1,8,7,5,131,1,4,8,6,6,68,2,1,5,0,3,1,3,7,5,5,
152,5,0,3,1,3,4,5,6,5,0,3,1,4,5,5,6,3,0,4,1,5,5,5,147,1,4,5,5,6,69,2,1,5,0,2,1,3,4,5,5,
138,5,1,3,1,4,4,5,6,6,0,3,1,4,5,5,6,3,1,4,1,5,5,6,133,1,4,5,5,6,70,3,1,5,0,3,1,4,4,5,6,
144,5,0,3,1,3,4,4,6,5,0,3,1,4,4,5,6,3,0,4,1,5,5,5,138,1,4,5,5,6,73,3,1,5,0,3,1,3,4,4,5,
141,5,1,3,1,4,5,5,6,6,0,3,1,4,5,5,6,3,1,4,2,5,5,6,135,1,4,5,5,6,69,3,1,6,1,3,1,4,5,5,6,
137,4,0,2,1,3,4,5,5,5,0,2,1,3,4,5,5,2,0,3,1,4,5,5,131,0,3,4,5,5,68,2,1,5,0,2,1,3,4,5,5,
138,5,0,2,1,3,4,4,5,5,0,2,1,3,4,4,6,2,0,4,1,5,5,5,132,1,4,4,5,6,69,2,1,5,0,2,1,3,4,4,5,
141,5,0,2,1,3,4,4,6,6,0,3,1,4,5,5,6,3,0,4,1,5,5,5,136,1,4,5,5,6,73,2,1,5,0,3,1,3,4,4,6,
142,5,0,3,1,4,4,5,6,6,0,3,1,4,5,5,6,3,1,4,1,5,5,5,137,1,4,5,5,6,69,3,1,5,0,3,1,4,4,5,6,
137,5,1,3,1,4,4,5,6,6,0,3,1,4,5,5,6,3,1,4,1,5,5,6,131,1,4,5,5,6,70,3,1,5,1,3,1,4,4,5,6,
139,6,1,2,1,3,5,5,6,6,0,2,1,3,5,5,6,3,1,3,1,5,5,5,132,1,4,5,5,6,70,2,1,6,1,2,1,3,5,5,6,
154,5,0,2,1,3,5,5,5,5,0,2,1,3,5,5,5,2,0,3,1,6,5,5,148,1,4,5,5,6,72,2,1,5,0,2,1,3,5,5,5,
140,4,0,5,1,3,4,4,5,5,0,5,1,3,4,4,6,5,0,3,1,4,4,6,134,1,3,4,4,5,69,5,1,4,0,5,1,3,4,4,5,
139,5,1,2,1,3,7,4,6,5,0,2,1,4,7,5,6,2,1,4,1,8,5,5,134,1,4,8,5,6,71,2,1,5,1,2,1,3,7,4,5,
137,5,0,3,1,4,5,5,6,6,0,3,1,4,5,5,6,3,1,4,2,5,5,6,132,1,4,5,5,6,69,3,1,6,1,3,1,4,5,5,6,
138,5,1,3,1,4,5,5,6,6,0,3,1,4,5,5,6,3,1,4,2,5,5,5,132,1,4,5,5,6,70,3,1,5,1,3,1,4,5,5,6,
142,7,1,3,1,4,5,7,7,7,0,3,1,4,5,7,8,3,1,4,2,5,8,7,137,1,4,6,8,8,74,3,1,7,1,3,1,4,5,7,7,
140,5,0,2,1,3,4,5,5,5,0,3,1,3,4,5,5,2,0,3,1,4,5,5,134,1,3,5,5,5,68,2,1,5,0,3,1,3,4,5,5,
140,5,0,2,1,3,4,6,5,5,0,2,1,4,5,6,6,2,0,4,1,5,6,6,134,1,4,5,6,6,71,2,1,5,0,2,1,3,4,6,5,
138,5,1,2,1,3,4,4,5,5,0,3,1,4,4,4,6,3,1,4,1,5,5,6,132,1,4,5,5,7,70,2,1,5,1,2,1,3,4,4,5,
142,5,0,2,1,3,5,5,6,5,0,3,1,4,5,5,6,3,1,4,2,5,5,6,137,2,4,5,5,6,74,2,1,5,1,2,1,3,5,5,6,
189,5,0,2,1,3,4,4,5,5,0,2,1,3,4,4,5,2,0,3,1,4,4,5,157,1,3,5,4,5,94,2,1,5,0,2,1,3,4,4,5,
136,6,0,4,1,5,6,5,6,6,0,4,1,5,6,6,6,4,1,5,2,6,6,6,131,1,5,6,6,7,69,4,1,6,1,4,1,5,6,5,6,
138,6,1,3,2,4,5,5,6,6,0,3,2,4,5,5,6,3,3,4,2,6,6,6,132,2,4,6,6,9,70,3,1,6,1,3,2,4,5,5,6,
140,6,1,3,1,4,5,5,6,6,0,3,2,4,5,5,6,3,1,4,2,5,5,6,135,2,4,6,5,6,72,3,1,6,1,3,1,4,5,5,6,
140,5,0,3,1,3,4,4,5,6,0,3,1,4,5,5,6,3,0,4,1,4,5,6,135,0,4,5,5,6,69,3,1,5,0,3,1,3,4,4,5,
137,5,0,3,1,3,4,4,5,5,0,3,1,4,5,4,6,3,0,3,1,4,5,5,131,0,4,5,5,6,69,3,1,5,0,3,1,3,4,5,5,
141,5,1,3,1,6,5,5,6,6,0,3,1,6,5,5,6,4,1,6,2,5,5,5,133,1,6,5,5,6,71,4,1,5,1,4,1,6,5,5,6,
137,6,0,3,1,3,5,5,6,7,0,3,1,4,5,5,6,3,0,4,1,5,6,7,132,1,4,5,6,7,69,3,1,6,0,3,1,3,5,5,6,
141,5,0,3,1,3,4,4,5,5,0,3,0,3,5,4,6,3,0,3,1,4,5,5,134,0,3,5,5,6,71,3,1,5,0,3,0,3,4,4,5,
141,5,0,2,0,3,4,4,5,5,0,2,0,3,4,4,5,3,0,3,1,4,4,5,134,0,3,5,4,5,69,2,1,5,0,3,0,3,4,4,5,
158,5,0,3,1,3,4,4,5,5,0,3,1,14,4,4,6,3,1,3,1,4,4,5,153,1,3,5,5,5,90,3,1,5,0,3,1,3,4,4,5,
136,5,0,3,1,5,5,5,6,5,0,3,1,4,5,5,6,3,0,5,1,5,5,5,130,1,5,5,5,6,68,3,1,5,1,3,1,5,5,5,6,
138,5,0,3,1,3,5,5,6,5,0,3,1,4,5,5,6,3,0,4,1,5,5,5,133,1,4,5,5,6,71,3,1,5,0,3,1,4,5,5,6,
140,5,0,3,1,3,5,5,5,5,0,3,1,4,5,6,6,3,1,4,1,5,6,5,133,1,4,5,6,6,68,3,1,5,0,3,1,3,5,5,5,
138,5,0,3,1,4,5,5,6,6,0,3,1,4,5,5,6,3,1,4,1,5,5,5,132,1,5,5,5,6,70,3,1,5,0,3,1,4,5,5,6,
136,5,0,2,1,3,4,4,5,5,0,2,1,3,4,4,5,3,0,3,1,4,4,5,130,0,3,5,4,5,68,2,0,5,0,2,1,3,4,4,5,
142,5,0,3,1,3,4,4,5,5,0,3,1,4,5,5,6,3,0,3,1,4,5,5,135,0,4,5,5,6,71,3,1,5,0,3,1,3,4,4,5,
140,6,0,3,1,3,5,5,6,6,0,3,1,4,7,5,6,4,1,4,1,5,6,6,135,1,4,8,5,7,69,4,1,6,1,3,1,3,5,5,6,
137,5,1,3,1,3,6,4,5,5,0,3,1,3,6,4,5,3,1,3,1,7,5,5,131,1,3,7,5,7,69,3,1,5,1,3,1,3,6,4,5,
137,5,1,3,1,3,6,6,6,6,0,3,1,4,6,6,6,3,2,4,2,6,6,6,132,2,4,7,6,6,70,3,1,5,0,3,1,4,6,6,6,
157,4,0,2,0,3,4,4,5,5,0,2,0,3,4,4,5,3,0,3,1,4,4,5,149,0,3,5,4,5,86,2,0,4,0,2,0,3,4,4,5,
143,5,0,3,1,4,5,5,6,5,0,3,1,4,5,5,6,3,0,4,1,5,5,5,137,1,4,5,5,6,71,3,1,5,0,3,1,4,5,5,6,
142,5,0,2,0,3,4,4,5,5,0,2,0,3,4,4,5,2,0,3,1,4,4,5,135,0,3,5,4,5,69,2,1,5,0,2,1,3,4,4,5,
137,5,0,2,1,3,4,6,5,5,0,2,1,4,5,7,6,3,0,4,1,4,7,5,131,1,4,5,7,6,69,2,1,5,0,3,1,3,5,6,5,
137,5,0,2,3,3,4,5,5,5,0,2,1,4,5,5,6,3,0,4,3,4,6,5,131,1,4,5,6,6,68,2,1,5,0,2,1,3,4,5,5,
140,5,0,2,1,3,5,8,6,6,0,2,1,4,5,8,6,3,0,4,1,5,8,5,135,1,4,5,8,6,72,2,1,5,0,2,1,3,5,8,6,
144,5,0,2,1,3,5,5,6,6,0,2,1,4,5,5,6,3,1,4,1,5,5,6,138,1,4,5,5,6,73,3,1,5,0,3,1,3,5,5,6,
139,5,0,2,0,3,4,4,5,5,0,2,0,4,5,4,6,3,0,3,1,4,4,5,133,0,4,5,5,6,92,2,0,5,0,2,0,3,4,4,5,
138,5,0,2,1,3,4,4,5,5,0,2,1,3,5,4,6,2,0,3,1,4,4,5,131,0,3,5,4,5,69,2,1,5,0,2,1,3,4,4,5,
140,5,0,2,1,3,4,4,5,5,0,3,1,3,5,4,6,3,0,3,1,4,4,5,134,1,3,5,5,5,71,3,1,5,0,3,1,3,4,4,5,
158,6,0,3,1,4,5,5,6,6,0,3,1,4,5,5,6,3,1,4,2,5,5,6,151,1,4,6,6,6,87,3,1,6,1,3,1,4,5,5,6,
139,5,0,2,1,4,7,5,6,6,0,2,1,4,8,5,5,2,0,4,1,7,5,6,134,1,4,8,6,6,71,2,1,5,0,2,1,4,7,5,6,
138,5,0,2,1,15,5,5,6,6,0,3,1,16,5,5,6,3,1,15,1,5,5,5,132,1,16,5,5,6,69,2,1,5,0,3,1,15,5,5,6,
137,6,1,3,1,4,5,5,6,6,0,3,1,4,5,5,6,3,1,4,2,5,5,6,132,1,4,5,5,6,70,3,1,6,1,3,1,4,5,5,6,
144,6,0,2,1,4,5,5,6,6,0,3,1,4,5,5,6,3,0,4,1,5,5,6,136,1,4,5,5,6,74,3,1,6,0,3,1,4,5,5,6,
139,5,0,2,1,4,4,4,5,5,0,2,1,4,5,5,6,2,1,3,1,4,5,5,134,1,4,5,5,6,69,2,1,5,0,2,1,3,4,4,5,
138,5,0,14,1,4,4,5,6,5,0,14,1,4,5,5,6,14,1,4,1,5,5,5,132,1,4,5,5,6,70,14,1,5,0,14,1,4,4,5,6,
137,5,0,2,1,4,4,5,6,5,0,2,1,4,5,5,6,2,0,3,1,5,5,5,132,1,4,5,5,6,69,2,1,5,0,2,1,3,4,5,6,
142,5,0,3,1,4,5,5,6,6,0,3,1,4,5,5,6,3,1,4,1,5,5,6,136,1,4,5,5,6,73,2,1,5,0,3,1,4,5,5,6,
143,6,1,3,1,4,5,5,6,6,0,3,1,5,5,5,6,3,1,4,2,5,5,6,138,2,6,6,5,6,70,3,1,6,1,3,2,4,5,5,6,
153,5,0,2,1,3,4,4,5,5,0,2,1,3,5,5,5,2,0,3,1,5,5,5,146,0,4,5,5,6,82,2,1,5,0,2,1,3,5,4,5,
141,5,0,2,1,4,4,4,6,5,0,2,1,4,5,5,6,2,0,4,1,5,5,5,135,0,4,5,5,6,70,2,1,5,0,2,1,4,5,4,6,
142,5,0,2,1,3,5,5,5,5,0,2,1,4,6,5,5,2,0,3,1,6,5,5,137,0,3,6,5,5,73,2,1,5,0,2,1,3,6,5,5,
143,5,0,5,1,3,5,5,6,6,0,5,1,4,5,5,6,6,0,3,1,5,5,6,138,1,4,5,5,6,70,5,1,5,1,5,1,3,5,6,6,
140,5,0,2,1,4,5,6,6,6,0,2,1,5,5,6,6,3,0,5,1,5,6,6,135,1,5,5,5,6,70,2,1,5,0,2,1,4,5,6,6,
142,6,0,4,0,5,5,5,6,7,0,4,0,5,5,6,7,4,0,5,1,6,6,7,136,0,6,6,6,7,71,4,1,6,0,4,0,5,6,5,6,
141,4,0,1,0,2,3,3,4,4,0,1,0,2,3,4,4,1,0,2,0,3,4,4,134,0,3,3,4,4,69,1,0,4,0,1,0,2,3,3,4,
147,7,1,2,1,3,6,6,7,7,0,2,1,3,6,6,7,2,1,4,2,6,7,7,141,2,4,6,7,7,76,2,1,7,1,3,1,3,6,7,7,
143,16,0,2,1,3,5,5,5,16,0,2,1,3,6,5,5,3,0,4,1,6,5,16,137,1,4,6,5,16,69,2,1,16,0,2,1,3,5,5,5,
140,6,0,3,1,4,5,8,6,6,0,3,1,4,5,9,6,3,0,4,1,5,9,6,135,1,5,5,9,6,70,3,1,6,0,3,1,4,5,8,6,
156,5,1,3,1,3,4,4,6,5,0,3,1,3,4,4,6,3,1,4,1,4,5,6,150,2,5,5,5,6,84,3,1,5,0,3,1,3,5,4,6,
148,5,0,3,0,3,4,4,5,5,0,3,0,3,4,4,5,3,0,3,1,5,4,5,142,0,3,5,4,5,76,3,0,5,0,3,1,3,4,4,5,
148,5,0,6,1,3,4,4,6,5,0,6,1,3,5,5,6,6,1,4,2,5,5,6,142,2,4,5,5,6,74,6,1,5,0,6,1,3,4,4,6,
140,5,0,3,1,3,4,5,6,5,0,3,1,3,6,5,6,3,1,4,1,5,5,5,133,1,4,6,6,5,71,3,1,5,0,3,1,3,4,5,6,
140,5,0,2,1,3,4,5,6,5,0,2,1,3,5,6,5,2,0,4,1,5,6,5,135,1,4,5,6,5,73,2,1,5,0,2,1,3,4,5,6,
145,5,0,2,1,3,5,5,6,5,0,2,1,3,4,5,6,2,0,4,1,5,5,5,139,1,4,5,5,5,75,2,1,5,0,2,1,3,5,5,6,
143,5,0,3,1,4,5,5,6,5,0,3,1,4,6,5,6,3,1,4,1,5,5,5,137,1,5,6,6,6,72,3,1,5,0,3,1,4,5,5,6,
139,5,1,3,1,3,5,5,6,6,0,3,1,4,5,5,6,3,1,4,2,5,5,6,134,2,4,5,6,6,71,3,1,5,1,3,1,3,5,5,6,
142,4,0,2,1,3,4,4,5,5,0,2,1,3,4,4,6,3,0,3,1,4,4,5,136,1,3,5,5,5,71,2,1,4,0,3,1,3,4,4,5,
143,4,0,2,1,3,4,5,5,4,0,2,0,3,4,5,9,2,0,3,1,4,5,4,137,0,4,4,8,5,74,2,1,4,0,2,0,3,4,5,5,
157,5,0,3,1,3,4,5,6,5,0,3,1,4,5,5,6,3,0,4,1,5,5,5,152,1,5,5,5,5,89,3,1,5,0,3,1,3,5,5,6,
143,7,0,2,1,3,4,4,6,7,0,2,1,3,4,5,6,2,0,4,1,5,5,7,137,1,4,5,5,7,71,2,1,7,0,3,1,3,4,4,6,
140,5,0,3,1,3,5,5,6,5,0,3,1,3,5,5,6,3,0,4,1,5,5,5,135,1,4,5,5,5,72,3,1,5,0,3,1,3,5,5,6,
140,5,0,3,1,3,5,5,6,5,0,3,1,3,5,5,6,3,1,4,1,5,5,5,135,1,4,5,6,6,71,3,1,5,1,3,1,3,5,5,6,
143,6,1,3,1,4,5,5,6,6,0,3,1,4,6,6,7,3,1,5,2,6,6,6,138,1,5,6,6,6,74,3,2,6,1,3,2,4,6,6,6,
145,5,1,3,1,4,6,6,6,6,0,3,1,4,6,6,6,3,1,4,2,6,6,6,140,1,5,7,7,6,73,3,1,5,1,3,1,4,6,6,6,
141,5,0,3,1,3,4,4,5,5,0,3,0,3,4,5,6,3,0,4,1,5,5,5,136,0,4,5,5,5,72,3,1,5,0,3,1,3,5,4,5,
140,5,0,3,1,3,5,5,6,5,0,3,1,3,5,5,6,3,0,4,1,5,5,5,135,1,4,5,5,5,70,3,1,5,0,3,1,3,5,5,6,
140,5,0,3,1,3,5,5,6,5,0,3,1,3,5,5,6,3,1,4,1,5,5,5,135,1,4,5,5,5,73,3,1,5,0,3,1,3,5,5,6,
141,5,0,3,1,4,5,5,6,5,0,3,1,4,5,5,6,3,1,5,1,6,5,5,136,1,5,5,6,5,70,3,1,5,1,3,1,4,5,5,6,
153,4,0,2,0,3,4,4,5,4,0,2,0,3,4,4,5,2,0,3,1,4,5,5,146,0,3,4,6,5,83,2,0,4,0,2,0,3,4,4,5,
140,4,0,3,1,3,5,5,5,5,0,2,0,3,5,6,6,3,0,4,1,6,6,5,134,0,4,5,6,5,71,2,1,4,0,2,1,3,5,5,5,
143,5,0,2,1,3,4,4,5,5,0,2,1,3,4,4,6,3,0,3,1,4,4,5,138,0,3,4,5,5,75,3,1,5,0,3,1,3,4,4,5,
143,5,0,3,1,3,5,5,6,5,0,2,1,3,5,5,6,3,0,4,1,5,5,5,138,1,4,5,5,5,72,2,1,5,0,2,1,3,5,5,6,
141,5,0,3,1,4,5,5,6,5,0,3,1,4,5,5,6,3,1,4,1,5,5,5,136,1,4,5,5,5,74,3,1,5,1,3,1,3,5,5,6,
138,4,0,2,1,5,4,4,5,5,0,3,1,5,4,4,6,3,0,6,1,4,4,5,132,0,6,4,5,5,70,3,1,4,0,3,1,5,4,4,5,
137,4,0,2,0,12,4,4,5,4,0,2,0,11,4,4,5,2,0,12,0,4,4,4,131,0,12,4,4,4,68,2,0,4,0,2,0,11,4,4,5,
141,5,0,3,1,3,5,5,6,5,0,3,1,4,5,5,6,3,1,5,1,5,5,6,135,1,5,5,5,6,72,3,1,5,0,3,1,4,5,5,6,
141,5,0,3,1,3,4,4,6,5,0,2,1,3,4,5,6,3,0,4,1,4,4,5,136,0,4,4,5,5,70,2,1,5,0,2,1,3,4,4,6,
138,5,0,2,1,3,4,4,6,5,0,2,1,3,4,5,6,3,0,4,1,5,5,5,133,1,4,4,5,5,70,3,1,5,0,2,1,3,5,4,6,
149,5,0,3,1,3,4,4,6,5,0,2,1,3,5,5,6,3,0,3,1,5,5,5,143,1,4,5,5,5,80,2,1,5,0,2,1,3,5,5,6,
141,5,1,3,1,4,5,5,6,6,0,3,1,4,5,5,7,4,1,4,2,5,5,6,136,1,4,5,6,6,73,3,1,5,1,3,2,4,5,5,6,
141,4,0,2,1,3,4,5,5,4,0,2,0,3,4,5,6,2,0,3,1,4,5,5,134,0,4,4,5,5,68,2,0,4,0,2,1,3,4,5,5,
137,5,1,15,1,4,5,6,6,6,0,14,1,4,5,6,6,15,1,4,2,5,7,6,132,2,5,5,7,6,69,15,1,5,1,15,2,4,6,6,6,
137,5,0,3,1,3,5,5,6,5,0,2,1,3,5,5,6,3,0,3,1,5,5,5,132,1,4,5,5,5,69,3,1,5,1,2,1,3,5,5,6,
141,5,0,3,1,3,4,5,6,5,0,2,1,3,5,5,6,3,0,3,1,5,5,5,136,1,4,5,5,5,73,2,1,5,0,2,1,3,5,5,6,
142,4,0,3,1,3,4,4,6,5,0,3,1,3,4,4,6,3,0,3,1,4,4,5,135,0,4,4,5,5,69,3,0,5,0,3,1,3,4,4,6,
138,5,0,3,1,4,5,4,6,5,0,3,1,4,5,5,7,3,0,4,2,6,5,5,133,1,4,5,5,5,69,3,1,5,0,3,1,3,6,4,6,
138,4,0,3,0,3,5,4,5,4,0,3,0,3,5,4,5,3,0,3,0,5,4,4,131,0,4,5,4,5,69,3,0,4,0,3,0,3,5,4,5,
141,4,0,3,1,3,4,4,6,5,0,2,1,3,5,4,6,3,0,3,1,5,4,5,135,0,4,5,5,5,70,2,0,4,0,2,1,3,4,4,6,
142,5,0,2,1,3,5,5,6,5,0,2,1,3,5,5,7,3,0,3,1,5,5,5,135,1,4,5,5,5,72,3,1,5,0,2,1,3,5,5,6,
141,5,0,2,1,3,5,4,6,5,0,2,1,3,5,5,7,2,0,3,1,5,5,5,135,1,4,5,5,5,69,3,1,5,0,2,1,3,5,5,6,
138,5,0,3,1,3,5,5,7,5,0,2,1,3,5,5,7,3,0,3,1,5,5,5,133,1,4,5,5,5,70,2,1,5,0,2,1,3,5,5,7,
140,4,0,2,0,3,4,4,5,5,0,2,0,3,4,4,6,2,0,3,1,4,4,5,134,0,3,4,5,6,70,2,0,4,0,2,0,3,4,4,5,
144,5,0,3,1,4,5,5,6,5,0,3,1,4,5,5,6,3,1,4,1,5,5,5,138,1,4,5,5,6,72,3,1,5,0,3,1,4,5,5,6,
143,5,0,2,1,3,4,4,5,5,0,2,1,3,4,4,6,2,0,3,1,4,4,5,137,0,3,4,5,5,70,2,1,5,0,2,1,3,4,4,5,
138,5,1,2,1,3,5,5,6,5,0,2,1,3,5,5,6,3,1,3,1,5,5,5,133,1,4,5,5,5,70,2,1,5,0,2,1,3,5,5,6,
140,5,2,2,1,3,5,5,5,5,0,2,1,3,5,5,6,3,1,3,1,5,5,5,135,1,3,5,5,5,70,2,1,5,0,2,1,3,5,5,5,
141,5,0,2,1,14,5,5,6,5,0,2,1,14,5,5,6,3,1,14,1,5,5,5,136,1,14,5,5,5,73,2,1,5,0,3,1,13,5,5,6,
167,5,0,3,1,4,5,5,6,5,0,3,1,4,5,5,6,3,1,4,2,5,5,5,159,1,4,5,6,6,72,3,1,5,0,3,1,3,5,5,6,
139,5,0,2,0,4,5,4,5,5,0,2,0,4,8,4,5,2,0,4,0,8,4,5,133,0,4,8,5,5,70,2,0,5,0,2,1,4,8,4,5,
141,5,0,2,0,3,4,4,5,5,0,2,0,3,4,4,6,2,0,3,1,5,5,5,135,0,4,4,5,5,71,2,1,5,0,2,1,3,4,4,5,
139,4,0,1,0,2,3,3,4,4,0,1,0,2,3,3,5,1,0,2,0,3,4,4,133,0,2,3,4,4,70,1,0,4,0,1,0,2,3,3,4,
144,5,0,2,1,3,5,5,5,5,0,2,1,3,5,5,6,3,0,3,1,5,5,5,137,1,4,5,5,5,74,2,1,5,0,2,1,3,5,5,5,
145,5,0,2,1,4,5,5,6,5,0,2,1,4,5,5,6,3,0,4,1,5,5,5,140,1,5,5,5,6,74,2,1,5,0,2,1,4,5,5,6,
141,5,1,4,1,6,6,6,6,6,0,4,1,5,6,6,7,4,1,5,2,6,7,6,136,1,6,6,7,6,73,4,2,5,1,4,2,5,6,6,6,
140,4,0,12,0,3,4,5,5,5,0,12,1,3,4,5,6,13,0,3,1,4,5,5,134,1,3,4,6,5,71,13,1,4,0,12,1,3,4,5,6,
143,4,0,2,0,3,4,4,5,5,0,2,1,3,4,4,6,2,0,3,1,4,4,5,137,0,3,4,5,5,73,2,1,4,0,2,1,3,4,4,5,
141,5,0,2,1,6,5,5,5,5,0,2,1,6,5,5,6,2,0,5,1,5,5,5,136,1,6,5,5,5,70,2,1,5,0,2,1,5,5,5,5,
159,7,0,2,1,4,7,7,8,7,0,3,1,4,7,7,8,3,0,4,1,7,7,7,154,1,7,7,7,7,73,3,1,7,0,3,1,3,7,7,8,
137,6,0,3,1,4,5,5,6,6,0,3,1,3,6,5,6,3,0,4,1,6,5,6,132,1,4,5,6,6,69,3,1,6,0,3,1,4,5,5,6,
140,6,0,2,1,3,6,6,5,5,0,2,1,3,6,6,6,3,1,3,1,6,6,6,135,1,4,6,6,5,72,2,1,6,0,3,1,3,6,6,5,
141,4,0,5,0,3,4,4,5,5,0,5,0,3,4,4,6,5,0,3,0,4,4,5,135,0,3,4,5,5,69,2,0,4,0,5,0,3,4,4,5,
139,4,0,2,0,3,4,4,5,5,0,2,1,3,4,4,5,2,0,3,1,4,4,5,133,0,3,4,5,5,70,2,0,4,0,2,1,3,4,4,5,
138,4,0,2,1,3,4,4,5,5,0,2,1,3,4,4,6,2,0,3,1,4,4,5,132,0,3,4,5,5,69,2,1,4,0,2,1,3,4,4,5,
137,3,0,0,0,1,3,3,3,3,0,0,0,1,3,3,4,0,0,1,0,3,3,3,130,0,2,3,3,4,67,0,0,3,0,0,0,1,3,3,3,
143,6,0,2,1,3,6,6,7,6,0,2,1,3,6,6,7,2,1,3,1,6,6,7,138,2,4,6,7,7,74,2,1,6,0,2,1,3,6,6,7,
140,5,0,3,1,4,5,5,5,5,0,3,1,4,6,5,6,3,0,4,1,6,5,5,135,1,4,5,6,6,69,2,1,5,0,3,1,3,5,5,5,
138,15,0,3,1,4,5,5,6,15,0,2,1,4,5,5,6,3,1,4,1,5,5,15,133,1,4,5,6,15,70,2,1,15,0,3,1,4,5,5,6,
152,5,0,2,1,3,4,4,5,5,0,2,1,3,5,4,5,3,0,3,1,5,4,5,146,0,4,5,5,6,69,2,1,5,0,2,1,3,4,4,5,
141,5,0,2,1,3,4,4,5,5,0,2,1,3,5,4,6,2,0,3,1,5,4,5,135,1,4,4,5,5,72,2,1,4,0,2,1,3,4,4,5,
140,5,0,2,1,3,5,4,6,5,0,2,1,3,5,4,6,2,0,4,1,5,5,5,135,0,4,4,5,5,69,2,1,5,0,2,1,4,5,5,6,
138,5,0,2,1,3,5,5,6,5,0,2,1,3,5,5,6,3,0,4,1,5,5,5,133,2,4,5,5,5,69,2,1,5,0,3,1,3,5,5,6,
138,5,0,3,1,4,6,5,6,5,0,3,1,4,6,6,6,3,0,4,1,6,6,5,133,1,4,6,6,6,70,3,1,5,0,3,1,4,6,5,6,
141,5,1,2,1,4,5,5,6,5,0,3,1,4,5,5,6,3,1,5,1,5,5,5,136,1,4,5,6,6,73,2,1,5,1,3,2,4,5,5,6,
142,4,0,2,0,4,4,4,5,5,0,2,1,3,4,4,6,2,0,3,1,4,4,5,136,0,3,4,5,5,70,2,0,4,0,2,1,3,4,4,5,
138,5,0,2,1,3,4,4,5,5,0,3,1,3,5,5,6,2,0,4,1,5,5,5,132,0,4,5,5,5,69,2,1,5,0,3,1,3,5,4,5,
137,5,0,2,1,4,4,4,5,5,0,2,1,3,6,4,6,2,0,4,1,5,5,5,132,0,4,5,5,5,68,2,1,5,0,2,1,3,5,4,5,
142,5,0,2,1,4,5,4,8,8,0,2,1,3,8,5,9,2,1,4,1,5,5,8,137,1,4,5,8,8,72,2,1,5,0,3,1,3,5,5,8,
153,5,0,13,1,4,6,5,5,5,0,14,1,4,6,5,6,14,1,4,1,6,6,5,148,1,4,6,6,6,71,13,1,5,0,14,1,3,6,5,5,
138,8,0,3,1,4,5,5,6,9,0,3,2,4,6,5,7,3,1,4,2,5,5,9,132,1,5,5,6,9,70,3,1,8,0,3,2,4,6,5,6,
138,5,0,2,1,3,4,4,5,5,0,2,1,3,5,4,5,2,0,3,1,4,4,5,132,0,3,4,5,5,69,2,1,4,0,2,1,3,4,4,5,
138,4,0,3,1,3,4,4,5,5,0,3,1,3,5,4,6,3,0,3,1,4,4,5,132,0,4,4,5,5,69,2,1,4,0,3,1,3,4,4,5,
143,4,0,2,1,3,4,4,5,5,0,2,1,3,5,4,6,2,0,3,1,5,4,5,138,0,4,5,5,5,72,2,1,5,0,2,1,3,4,4,5,
140,5,0,2,1,4,6,5,5,5,0,2,1,3,6,6,6,2,2,4,1,6,6,5,135,1,4,6,6,6,68,2,1,5,0,2,1,3,6,5,5,
136,5,1,2,1,4,6,5,5,5,0,2,1,4,6,6,6,2,1,4,1,6,6,5,131,1,5,6,6,6,68,2,1,5,1,2,1,4,6,5,5,
138,4,0,2,0,3,12,4,5,4,0,1,0,2,11,4,5,2,2,3,0,11,4,5,132,0,3,11,4,5,69,1,0,4,0,2,0,2,11,4,5,
142,5,0,2,1,3,4,4,5,5,0,2,1,3,5,4,6,2,0,3,1,4,4,5,135,0,4,4,5,5,73,2,0,5,0,2,1,3,4,4,5,
143,5,0,2,1,3,4,4,5,5,0,2,1,3,5,5,6,2,0,3,1,5,5,5,137,0,4,5,5,5,71,2,1,5,0,2,1,3,4,4,5,
156,5,0,2,1,3,4,5,5,5,0,2,1,3,5,5,5,2,0,3,1,5,5,6,148,0,4,5,6,6,86,2,1,5,0,2,1,3,4,5,5,
137,5,0,2,1,3,5,5,5,5,0,2,1,3,6,5,5,2,0,4,1,6,6,5,132,0,4,6,6,5,68,2,1,5,0,2,1,3,6,5,5,
142,5,0,2,5,4,5,5,6,6,0,2,5,3,5,5,6,2,0,4,5,5,5,6,137,1,4,5,5,6,73,2,5,5,0,2,5,3,5,5,6,
140,5,0,3,1,4,5,5,6,5,0,3,1,4,5,5,6,3,0,4,1,5,5,5,135,1,5,5,5,6,69,2,1,5,0,3,1,3,5,5,6,
143,4,0,1,0,3,4,4,5,4,0,2,1,3,4,4,5,2,0,3,1,4,4,4,136,0,3,4,4,5,70,1,0,4,0,2,1,3,4,4,5,
138,5,0,3,1,3,4,4,5,5,0,3,1,3,5,5,6,3,1,3,1,5,4,5,132,0,4,5,5,5,68,3,1,5,0,3,1,3,4,4,5,
142,4,0,3,1,3,5,5,5,5,0,3,1,3,6,6,6,3,0,3,1,6,5,5,133,0,4,6,6,5,69,3,1,4,0,3,1,3,6,5,5,
142,5,0,3,2,4,5,6,7,5,0,3,2,4,6,6,7,3,1,4,2,5,6,5,135,1,4,5,6,6,72,3,2,5,1,3,2,3,5,6,7,
140,4,0,2,1,5,4,4,5,4,0,3,1,5,5,4,5,3,0,5,1,5,4,5,135,0,6,4,5,5,68,2,1,4,0,3,1,5,4,4,5,
138,5,0,5,1,5,5,5,6,5,0,5,1,5,5,5,6,5,0,5,1,5,5,5,132,1,5,5,5,6,69,5,1,5,0,5,1,5,5,5,6,
158,4,0,2,0,3,4,4,5,5,0,3,0,3,5,4,5,2,0,3,0,5,4,5,152,0,4,5,5,5,88,2,0,4,0,2,0,3,4,4,5,
141,6,0,2,1,3,4,4,5,6,0,2,0,3,5,4,6,2,0,3,1,5,4,6,135,0,4,5,5,7,71,2,1,6,0,3,1,3,4,4,5,
140,4,0,2,1,3,6,6,5,5,0,3,1,3,6,5,5,3,0,3,1,6,6,5,134,1,4,6,6,5,68,2,1,4,0,3,1,3,6,6,5,
138,5,0,2,1,3,5,5,5,5,0,3,1,3,5,5,6,3,0,3,1,5,5,6,133,1,4,5,5,6,69,2,1,5,0,3,1,3,5,5,5,
139,5,1,3,1,4,5,5,6,6,0,3,1,4,5,5,6,3,1,4,1,5,5,6,134,1,4,5,5,6,70,3,1,5,1,3,1,3,5,5,6,
144,4,0,2,0,3,4,4,5,5,0,3,0,3,4,4,5,3,0,3,1,4,4,5,138,0,3,4,5,6,71,2,0,4,0,3,0,2,4,4,5,
144,5,1,6,1,3,4,4,5,5,0,6,1,3,4,4,6,6,0,3,1,4,4,5,138,1,3,5,5,6,72,6,1,5,1,6,1,3,4,4,5,
139,5,0,2,1,3,5,5,5,5,0,2,1,3,5,5,6,2,0,3,1,5,5,6,133,1,4,5,5,6,69,2,1,5,0,2,1,3,5,5,5,
139,5,0,2,1,3,6,5,5,6,0,2,1,3,6,6,6,3,0,3,1,6,6,6,133,1,4,6,6,6,69,2,1,5,0,2,1,3,6,6,5,
139,7,0,7,1,7,7,7,7,7,0,3,1,7,6,7,8,7,1,7,1,7,7,7,134,1,7,7,7,7,71,7,1,7,0,7,1,7,7,7,7,
156,5,0,3,1,4,5,5,6,6,0,3,1,4,5,5,6,3,1,3,1,5,5,6,150,1,4,5,6,7,87,3,1,5,0,3,1,4,5,5,6,
141,5,0,2,0,3,4,4,5,5,0,2,0,3,5,5,6,2,0,3,1,5,5,5,135,0,4,5,6,6,68,2,0,5,0,2,0,3,4,4,5,
140,5,0,3,1,3,4,7,5,5,0,2,0,3,5,8,6,3,0,3,1,5,7,5,134,0,4,5,8,6,70,3,1,5,0,3,0,3,4,7,5,
139,5,0,2,1,3,4,4,5,5,0,2,1,3,5,5,6,2,0,3,1,5,5,5,133,0,3,5,5,6,69,2,1,5,0,2,1,3,4,4,5,
141,5,0,3,1,3,6,6,5,5,0,2,1,4,6,6,6,3,0,4,1,6,6,6,135,1,4,6,6,6,72,2,1,5,0,2,1,3,6,6,5,
140,5,4,2,1,3,5,4,6,5,0,2,1,4,5,5,6,3,0,3,1,5,5,6,135,1,3,5,5,6,69,2,1,5,0,2,1,3,5,5,6,
139,4,0,2,0,3,4,4,5,5,0,2,0,3,4,4,5,2,0,3,0,4,4,6,133,0,4,4,5,6,70,2,0,4,0,2,0,3,4,4,5,
138,5,0,2,0,3,4,4,5,5,0,2,0,3,4,4,6,2,0,4,0,5,4,5,132,1,5,5,5,6,68,2,0,5,0,2,0,3,4,4,5,
144,7,0,2,1,3,4,4,5,5,0,2,0,3,5,5,6,2,0,3,1,5,4,6,138,0,3,5,5,6,72,2,1,7,0,2,1,3,5,4,5,
142,5,0,2,1,3,6,5,5,6,0,2,1,3,6,6,6,2,0,3,1,6,6,6,136,0,3,6,6,6,69,2,1,5,0,2,1,3,6,6,5,
148,5,0,3,1,3,6,5,5,5,0,3,1,3,6,6,6,3,0,3,1,6,6,5,142,0,3,6,6,6,79,3,1,5,0,3,1,3,6,6,5,
138,5,0,3,1,3,5,5,5,5,0,3,1,3,5,5,6,3,0,3,1,5,5,5,132,1,4,5,5,6,69,3,1,5,0,3,1,3,5,5,5,
141,5,0,3,1,4,5,5,9,8,0,3,1,4,5,5,10,3,1,4,2,5,5,8,135,1,4,5,8,8,72,3,1,8,0,4,1,4,5,5,9,
143,4,0,2,0,3,4,4,5,5,0,2,0,3,4,4,5,2,0,3,0,4,4,5,137,0,3,4,5,5,72,2,0,4,0,2,0,3,4,4,5,
142,6,0,2,0,3,4,4,5,6,0,2,1,3,4,4,5,2,0,3,1,4,4,7,136,0,3,4,5,7,69,2,0,6,0,2,0,3,4,4,5,
139,4,0,2,1,5,5,5,5,4,0,2,1,5,6,5,5,3,0,5,1,6,5,5,133,0,5,6,6,5,69,2,1,4,0,2,1,5,6,5,5,
141,5,0,2,1,3,5,5,5,5,0,2,1,3,6,5,5,3,0,3,1,6,5,5,132,0,3,6,6,6,69,2,1,5,0,3,1,3,6,5,5,
140,5,0,3,1,3,5,4,5,5,0,3,1,3,5,5,6,3,0,3,1,5,5,5,135,1,3,5,5,6,72,3,1,5,0,3,1,3,5,5,5,
145,5,0,2,1,3,4,4,5,5,0,2,1,3,5,5,6,2,0,3,1,5,5,5,138,0,3,5,5,6,72,2,1,5,0,2,1,3,5,4,5,
143,5,0,3,1,3,5,5,6,6,0,3,1,4,5,5,7,3,0,3,1,5,5,6,134,1,4,5,6,6,69,3,1,5,0,3,1,3,5,5,6,
141,6,0,3,1,3,5,5,6,5,0,3,1,3,5,5,6,3,0,4,1,5,5,6,135,1,4,5,5,6,70,3,1,5,0,3,1,3,5,5,6,
144,5,0,3,1,3,5,5,5,5,0,3,1,3,5,6,5,3,0,3,1,5,5,5,136,1,3,5,6,6,72,3,1,5,0,3,1,3,5,5,5,
144,4,0,2,0,3,4,5,5,5,0,2,0,3,4,5,5,2,0,3,0,4,5,5,136,0,3,4,5,5,69,2,0,4,0,2,0,3,4,5,5,
142,5,0,2,1,3,4,4,5,5,0,3,0,3,5,4,5,3,0,3,1,5,4,5,136,0,3,5,5,6,71,2,0,5,0,3,0,3,4,4,5,
139,5,0,2,1,3,5,5,5,5,0,3,1,4,5,5,6,3,0,4,1,5,5,5,133,1,4,5,5,6,69,2,1,5,0,3,1,4,5,5,5,
142,5,0,3,1,4,5,4,5,5,0,3,1,4,5,5,6,4,1,3,1,5,5,5,135,1,4,5,5,6,72,2,1,5,1,3,1,4,5,5,5,
143,5,0,5,1,3,5,5,5,5,0,6,0,3,5,5,5,5,0,3,1,5,5,5,136,0,3,5,6,6,70,5,0,5,0,5,0,3,5,5,5,
139,5,0,5,1,4,5,5,5,5,0,5,1,4,5,5,6,4,0,3,1,5,5,5,133,1,4,5,5,6,69,4,1,5,0,5,1,4,5,5,6,
143,5,0,2,1,3,4,4,5,5,0,2,1,3,4,4,5,3,0,3,1,4,4,5,136,0,3,4,5,6,71,2,1,5,0,2,1,3,4,4,5,
161,5,0,5,1,5,5,5,6,5,0,5,1,5,5,5,6,5,1,5,1,5,5,5,155,1,5,5,5,6,70,5,1,5,0,5,1,5,5,5,6,
145,5,0,2,1,3,4,4,7,5,0,3,0,3,5,4,7,3,0,3,0,4,5,5,138,0,3,4,5,6,75,2,0,5,0,2,0,3,4,4,7,
142,5,0,2,1,3,4,4,5,5,0,3,1,3,5,5,6,2,0,3,1,5,5,5,135,0,4,5,5,6,69,2,1,5,0,2,1,3,4,5,5,
139,5,0,3,1,3,6,6,5,5,0,3,1,3,6,6,6,3,1,3,1,6,6,5,132,1,4,6,6,6,69,2,1,5,0,3,1,4,6,6,5,
145,5,0,2,1,3,5,5,5,5,0,3,1,3,5,6,6,2,1,3,1,5,6,5,138,2,4,6,6,6,74,2,1,5,1,2,1,4,5,6,5,
144,6,0,3,1,3,4,4,5,6,0,3,1,4,5,5,6,3,0,3,1,5,5,6,137,0,4,5,5,7,73,3,1,5,0,3,1,3,5,5,5,
144,5,0,3,1,4,5,5,6,5,0,3,1,4,5,5,6,3,0,5,1,5,5,6,138,1,6,5,5,6,71,3,1,5,0,3,1,4,5,5,6,
140,5,1,2,1,5,5,5,6,6,0,3,1,4,6,5,7,3,1,4,2,6,5,6,135,1,4,6,6,6,71,3,1,6,1,3,1,5,5,6,6,
139,5,0,2,1,3,4,4,5,5,0,3,1,3,5,4,6,2,0,3,1,6,5,5,133,1,4,5,5,6,70,3,1,5,0,3,1,3,5,5,5,
143,5,0,3,1,3,5,6,6,6,0,3,1,4,5,6,6,3,0,3,2,5,6,6,137,1,4,5,6,6,74,3,1,5,0,3,1,4,5,6,6,
161,5,0,3,1,3,5,5,5,5,0,3,1,3,5,5,5,3,0,3,1,5,6,5,152,1,4,5,6,5,70,3,1,5,0,3,1,3,4,5,5,
139,5,0,3,1,3,5,4,5,5,0,3,1,3,5,5,6,3,0,3,1,5,5,5,132,1,4,5,5,6,70,3,1,5,0,3,1,3,4,5,5,
139,5,0,3,1,3,5,5,6,5,0,3,1,4,5,5,6,3,0,3,1,5,5,5,132,1,4,5,5,6,70,3,1,5,0,3,1,4,5,5,6,
145,5,0,2,1,3,4,4,5,5,0,3,1,3,4,4,5,3,0,3,1,4,4,5,137,0,3,5,5,5,74,3,1,5,0,3,1,3,4,4,5,
141,5,0,3,1,4,4,6,6,5,0,3,1,4,5,6,6,3,1,4,1,5,6,5,135,2,4,5,6,6,70,3,1,5,1,3,1,4,5,6,6,
140,4,0,3,1,3,5,5,5,4,0,3,1,3,5,5,5,3,0,3,1,5,5,5,133,0,4,6,5,5,70,3,1,4,0,3,1,3,5,5,5,
138,5,0,3,1,4,4,5,5,5,0,3,1,4,5,6,6,3,0,4,1,5,6,5,132,1,4,5,6,6,68,3,1,5,1,4,1,4,5,6,5,
138,5,0,3,1,3,4,5,6,5,0,3,1,3,5,5,6,3,1,3,1,5,5,5,131,1,4,5,5,6,68,3,1,5,0,3,1,5,5,5,6,
145,5,0,2,0,3,4,4,5,5,0,2,0,3,4,4,5,2,0,3,1,5,5,5,136,0,4,5,5,5,71,2,1,5,0,2,0,3,4,4,5,
141,5,0,3,1,3,4,5,6,5,0,3,1,3,5,5,6,3,0,3,1,5,5,5,135,1,4,5,5,6,69,3,1,5,0,3,1,3,4,5,6,
152,6,0,5,2,4,4,5,6,6,0,5,1,4,4,5,6,5,1,4,1,4,5,6,146,1,4,5,6,6,70,5,2,6,0,5,2,4,4,5,6,
139,5,0,2,1,4,5,5,6,5,0,3,1,4,5,6,6,3,0,4,1,5,6,5,133,1,4,5,6,6,70,2,1,5,0,3,1,4,4,5,6,
142,5,0,3,1,4,5,6,6,6,0,3,1,4,5,6,6,3,1,4,1,5,6,6,135,1,4,5,6,6,72,3,1,5,0,3,1,4,5,6,6,
148,6,0,2,1,5,6,6,7,7,0,2,0,5,6,6,7,2,0,5,1,6,6,7,141,0,6,6,7,7,71,2,1,6,0,2,0,5,6,6,7,
142,5,0,3,1,4,5,5,6,6,0,3,1,3,5,5,6,3,1,4,1,5,5,6,135,2,4,5,5,6,71,3,1,5,0,3,1,4,5,5,6,
152,5,0,2,1,3,4,4,5,5,0,2,1,3,4,4,5,2,0,3,1,4,4,5,145,0,3,4,5,5,70,2,1,5,0,2,1,3,4,4,5,
153,5,0,2,1,4,5,5,6,6,0,3,1,4,5,5,6,3,1,4,1,5,5,6,147,4,4,5,5,6,73,2,1,5,0,3,1,4,4,5,6,
146,5,0,3,1,3,4,5,5,5,0,3,1,4,5,6,5,3,0,3,1,4,5,5,140,1,4,6,6,6,69,3,1,5,0,3,1,4,4,5,5,
143,5,0,2,2,3,6,4,5,5,0,2,1,3,6,4,5,2,0,3,1,6,4,5,137,0,3,6,5,6,70,2,1,5,0,2,1,3,5,4,5,
143,5,0,3,1,3,5,5,5,6,0,3,1,3,5,5,6,3,1,3,1,5,5,5,136,1,4,5,5,6,71,3,1,5,0,2,1,3,5,5,5,
155,8,0,2,1,3,8,8,8,8,0,2,1,3,8,8,8,2,0,3,1,8,8,8,148,1,3,8,8,8,73,2,1,8,0,2,1,3,8,8,9,
147,4,0,2,1,3,4,4,5,5,0,2,0,3,4,4,5,2,0,3,1,4,4,5,140,0,3,4,5,5,73,2,0,4,0,2,0,3,4,4,5,
145,6,0,2,1,3,5,5,4,7,0,2,1,3,5,5,5,2,0,3,1,5,5,7,140,0,4,6,5,7,70,2,1,6,0,2,1,4,5,5,4,
145,5,0,3,1,5,6,5,5,5,0,3,1,5,6,5,6,3,1,5,1,6,5,5,139,1,6,6,5,6,74,3,1,5,0,3,1,5,6,5,5,
143,4,0,3,1,3,4,4,5,5,0,3,1,3,4,4,5,3,0,3,1,4,4,5,135,0,3,4,5,5,70,3,1,4,0,3,1,3,4,4,5,
147,5,0,3,1,3,4,4,5,5,0,3,1,4,4,5,6,3,0,3,1,4,5,5,141,1,4,5,5,6,75,3,1,5,0,3,1,4,4,5,5,
145,5,0,3,1,4,5,5,5,6,0,3,1,4,5,5,6,3,0,4,1,4,5,6,139,1,4,5,5,6,70,3,1,5,0,3,1,4,4,5,5,
143,5,0,3,1,3,4,4,5,5,0,3,1,3,4,4,5,3,0,3,1,4,5,5,136,0,3,5,5,5,71,3,1,5,0,3,1,3,4,5,5,
143,5,0,4,1,4,6,6,5,6,0,3,1,4,6,6,6,4,1,4,2,6,6,6,138,1,4,7,6,6,73,4,1,5,0,3,1,4,6,6,5,
144,5,0,2,1,4,5,5,5,6,0,3,1,4,5,5,5,3,0,4,1,5,5,6,139,1,4,5,5,6,74,3,1,5,0,3,1,4,5,5,5,
155,5,0,3,1,3,5,5,5,6,0,3,1,4,5,5,6,3,1,3,1,5,5,6,150,1,4,5,5,6,71,3,1,5,0,3,1,4,5,5,5,
145,5,1,3,1,4,5,5,6,6,0,3,1,4,5,5,6,3,1,4,1,5,5,6,140,1,4,5,6,6,72,3,1,5,1,3,1,4,4,5,6,
144,5,0,3,1,3,4,4,5,5,0,3,1,3,4,5,5,3,0,3,1,4,5,5,138,0,3,5,5,6,69,3,1,5,0,3,1,3,4,4,5,
147,5,0,2,1,3,4,4,5,5,0,3,1,3,4,5,5,3,0,3,1,4,4,5,141,0,3,4,5,5,73,3,1,5,0,3,1,3,4,4,5,
141,5,0,5,1,3,4,5,5,5,0,5,1,3,4,6,5,6,0,4,1,4,5,5,136,0,4,5,6,6,69,5,1,5,0,5,1,3,4,5,5,
141,5,0,3,1,3,5,5,5,5,0,3,1,4,5,5,6,3,1,3,1,5,5,5,136,1,4,5,5,6,72,3,1,5,0,3,1,4,4,5,5,
139,5,0,3,1,4,5,5,5,6,0,3,1,4,5,5,6,3,0,4,1,5,5,6,134,1,4,5,6,6,70,3,1,5,0,3,1,4,4,5,5,
139,1,0,0,0,0,1,1,2,2,0,0,0,0,1,1,2,0,0,0,0,1,1,2,130,0,0,1,2,2,66,0,0,1,0,0,0,0,0,1,2,
142,6,1,3,2,4,5,5,6,6,0,3,1,4,5,5,6,4,1,4,2,5,5,6,137,1,4,5,6,6,73,3,2,6,1,3,2,4,5,5,6,
142,5,0,3,1,3,4,4,5,5,0,3,1,3,4,5,5,3,0,3,1,4,5,5,136,0,3,5,5,6,69,3,1,5,0,3,1,3,4,4,5,
157,5,0,3,1,3,4,5,5,5,0,3,1,3,4,5,5,3,0,3,1,5,5,5,152,0,3,5,6,6,88,3,1,5,0,3,1,3,4,5,5,
139,5,0,3,1,3,4,6,5,5,0,3,1,3,4,5,6,3,0,3,1,5,6,5,134,1,4,5,6,6,70,3,1,5,0,3,1,4,4,5,5,
142,4,0,2,1,3,3,4,5,5,0,2,0,3,4,4,5,2,0,3,1,4,4,5,136,1,3,4,5,5,72,2,0,4,0,2,1,3,4,4,5,
144,5,0,3,1,3,5,4,5,5,0,3,1,3,5,5,6,3,0,3,1,5,5,5,138,1,3,5,5,6,71,3,1,5,0,3,1,3,4,4,5,
141,5,0,3,1,3,4,4,5,5,0,3,1,3,5,4,5,3,0,3,1,4,4,5,135,0,3,4,5,6,70,3,1,5,0,3,1,3,4,4,5,
141,5,0,2,1,3,5,5,5,5,0,3,1,3,6,5,5,3,0,3,1,5,5,5,135,0,3,5,6,5,72,3,1,5,0,3,1,3,5,5,5,
145,5,0,2,1,3,4,6,6,5,0,3,1,3,5,6,6,3,0,3,1,5,6,5,139,1,3,5,6,6,76,2,1,5,0,3,1,3,4,6,6,
148,5,0,3,1,4,5,5,6,6,0,3,1,4,5,5,6,3,1,4,1,5,5,6,143,1,4,5,6,6,74,3,1,5,0,3,1,4,4,5,6,
142,5,1,3,1,4,5,5,6,6,0,3,1,4,5,5,6,3,1,4,2,5,5,6,137,1,4,6,5,6,73,3,1,5,1,3,1,4,5,5,6,
143,5,0,2,1,3,4,4,5,5,0,2,1,3,4,4,5,2,0,3,1,4,4,5,137,0,3,4,5,5,74,2,1,5,0,2,1,3,4,4,5,
162,5,0,7,1,4,4,6,5,5,0,7,1,3,4,6,5,8,0,3,1,4,6,5,155,0,4,4,6,6,92,7,1,5,0,7,1,3,4,5,5,
143,5,0,5,1,3,4,4,6,5,0,6,1,3,4,4,6,6,0,3,1,4,4,6,138,0,3,4,4,6,71,6,1,5,0,6,1,3,3,4,6,
141,5,0,3,1,4,7,5,6,6,0,3,1,4,7,5,6,3,1,3,1,8,5,6,135,1,4,7,5,6,70,3,1,5,0,3,1,4,7,5,6,
710,6,1,5,1,5,5,6,6,6,0,5,1,5,5,6,6,5,1,5,2,5,6,6,133,1,5,5,6,6,70,5,1,6,1,5,1,5,5,6,6,
138,5,0,4,1,5,6,4,6,6,0,4,1,5,16,4,6,4,0,5,1,6,5,5,133,1,5,6,5,6,70,4,1,5,0,4,1,5,6,4,5,
141,5,0,3,1,3,5,5,6,6,0,3,1,4,5,5,6,3,0,3,1,5,5,6,136,1,4,5,5,6,73,3,1,5,0,3,1,3,5,5,6,
141,5,0,3,1,3,4,5,6,6,0,3,1,4,5,5,6,3,1,3,1,4,5,6,136,1,4,5,5,6,70,3,1,5,0,3,1,3,4,6,6,
138,5,0,3,1,3,4,5,5,5,0,3,1,4,4,5,6,3,1,3,1,4,5,5,132,2,5,4,5,6,69,3,0,5,1,3,0,3,4,5,5,
138,6,1,3,2,4,5,5,6,6,0,3,1,5,5,5,7,4,1,4,2,5,5,6,133,1,5,5,5,7,70,3,1,6,1,4,1,4,5,5,6,
145,4,0,2,3,4,5,5,5,5,0,2,3,4,5,5,5,2,0,4,4,5,5,5,139,0,4,5,5,5,73,2,4,4,0,2,3,4,5,5,5,
143,5,0,3,1,3,4,5,5,5,0,3,1,3,5,5,5,3,0,3,1,4,5,5,137,1,4,5,5,5,69,3,1,5,0,3,1,3,4,5,5,
140,5,0,3,1,3,4,5,5,5,0,3,1,5,5,5,5,3,0,3,1,4,5,5,134,1,4,5,5,6,70,3,1,5,0,3,1,3,4,5,5,
141,6,1,3,2,6,4,6,6,6,0,3,2,7,6,6,6,3,1,6,2,5,6,6,136,3,7,6,6,6,70,3,2,6,1,3,2,6,4,6,6,
141,6,0,3,1,4,5,6,6,6,0,3,1,4,6,6,6,3,1,4,1,5,6,6,136,2,4,6,6,6,72,3,1,6,0,3,1,3,5,6,6,
143,6,1,3,1,4,5,6,6,6,0,3,1,5,6,6,6,3,1,4,1,6,6,6,138,3,4,6,6,6,72,3,1,6,1,3,1,4,5,6,6,
141,5,0,3,1,3,4,5,5,5,0,3,1,4,5,6,5,3,0,3,1,4,5,5,135,1,4,5,6,6,69,3,1,5,0,3,1,3,4,5,5,
137,4,0,3,1,3,4,5,5,5,0,3,1,4,5,5,5,3,0,3,1,4,5,5,132,0,4,4,5,5,69,3,1,4,0,3,1,3,4,5,5,
139,5,0,3,1,3,4,5,6,6,0,3,1,4,5,5,6,3,1,4,1,4,5,5,134,1,4,5,5,6,70,3,1,5,0,3,1,4,4,5,6,
158,5,0,3,1,4,4,5,6,6,0,3,1,4,5,5,6,3,1,4,1,4,5,6,153,1,4,5,5,6,72,3,1,5,0,3,1,4,4,5,6,
145,5,0,3,1,4,5,5,6,6,0,3,1,4,5,5,7,3,1,4,1,5,5,6,139,1,4,5,5,7,73,3,1,5,0,3,1,4,4,5,6,
139,5,1,3,1,4,6,6,6,6,0,3,1,4,6,6,6,3,1,4,2,6,6,5,134,1,4,6,6,6,70,3,1,5,1,3,1,4,6,6,5,
140,5,0,3,1,3,4,4,5,5,0,3,1,3,4,4,6,3,0,3,1,4,4,5,134,1,3,4,5,6,71,3,1,5,0,3,1,3,4,4,5,
142,5,0,3,1,3,4,4,6,5,0,3,1,3,4,4,6,3,0,3,1,4,4,5,137,0,4,4,5,6,73,3,1,5,0,3,1,3,4,4,5,
142,5,0,6,1,3,4,4,5,5,0,6,1,3,5,5,6,6,1,3,1,4,5,5,136,1,4,5,5,6,69,6,1,5,0,6,1,3,4,4,5,
143,5,0,3,1,4,7,5,6,5,0,3,1,4,8,5,6,3,1,4,1,8,5,6,138,1,4,8,5,6,74,3,1,5,0,3,1,4,7,5,6,
142,5,1,3,1,4,5,5,6,6,0,3,1,4,5,5,6,3,1,4,1,5,5,6,137,1,4,5,5,6,74,3,1,5,1,3,1,4,4,5,6,
140,2,0,1,0,2,3,3,3,3,0,1,0,2,4,4,4,1,0,2,0,3,4,3,132,0,2,4,4,4,68,0,0,2,0,1,0,2,3,3,3,
144,4,0,3,1,3,5,5,5,5,0,3,1,3,6,5,5,4,0,3,1,5,5,5,138,0,4,6,5,6,74,3,1,4,0,3,1,3,5,5,5,
159,5,0,3,1,4,4,5,6,6,0,4,1,4,5,5,6,4,1,4,1,5,5,6,154,2,4,5,5,6,69,3,1,5,0,4,1,4,4,4,6,
141,5,0,3,1,4,4,5,6,5,0,3,1,4,5,5,6,3,1,4,1,5,5,5,136,1,4,5,5,6,72,3,1,5,0,3,1,4,4,5,5,
139,5,0,3,1,4,4,5,6,6,0,3,1,4,5,5,6,3,1,4,1,5,5,6,135,1,4,6,5,6,70,3,1,5,0,3,1,4,4,5,6,
142,5,0,3,1,4,5,5,6,6,1,3,1,4,5,5,6,3,1,4,1,5,5,6,137,1,4,5,5,6,73,3,1,5,1,3,1,4,5,5,6,
141,5,0,3,1,4,5,6,5,5,0,3,1,4,6,6,6,3,1,4,1,6,6,5,136,1,4,6,6,6,69,3,1,5,0,3,1,4,5,6,5,
139,5,0,2,1,3,4,4,5,6,0,2,1,3,4,4,5,2,0,3,1,4,4,5,133,0,3,5,4,6,70,2,1,5,0,2,1,3,4,4,5,
137,5,0,3,1,3,4,5,6,6,0,2,1,3,5,5,6,2,0,3,1,5,5,6,132,1,4,5,5,6,69,2,1,6,0,2,1,3,4,5,5,
140,5,0,3,2,3,4,5,5,5,0,3,1,3,5,5,6,3,1,3,1,5,5,5,135,1,3,5,6,5,72,3,2,5,0,3,1,3,4,6,5,
140,5,0,3,1,3,4,5,6,5,0,3,1,4,5,5,6,3,1,3,1,5,5,5,135,1,4,5,6,5,68,3,1,5,0,3,1,3,4,5,5,
139,4,0,2,0,3,3,4,5,5,0,2,0,3,4,4,5,2,0,3,1,4,4,5,134,0,3,5,5,5,70,2,0,5,0,2,0,3,4,4,5,
152,5,0,2,1,3,4,6,5,5,0,2,1,3,5,5,5,2,1,3,1,5,6,5,146,3,3,5,5,5,70,2,1,5,0,2,1,3,4,5,5,
140,5,0,3,4,3,4,4,5,5,0,3,4,3,4,4,6,3,0,3,4,4,5,5,135,1,3,5,4,5,72,3,4,5,0,3,4,3,4,4,5,
141,5,0,3,1,3,4,5,5,5,0,3,1,3,5,5,6,3,1,3,1,5,5,5,135,1,3,5,5,5,69,3,1,5,0,3,1,3,4,5,5,
142,8,0,3,1,3,4,5,6,8,0,3,1,4,5,5,6,3,0,4,1,5,5,9,137,1,4,5,5,9,71,3,1,9,0,3,1,3,4,5,6,
137,5,0,3,1,5,4,5,6,5,0,3,1,5,5,5,6,3,1,5,1,5,5,5,133,1,5,5,5,5,70,3,1,5,0,3,1,5,4,5,6,
139,5,0,3,1,3,4,6,6,5,0,3,1,4,5,6,6,3,1,3,1,5,6,5,133,1,4,5,6,5,70,3,1,5,1,3,1,4,4,6,6,
140,5,0,3,1,3,4,6,5,5,0,3,1,3,5,6,6,3,1,3,1,5,6,5,135,1,4,5,6,5,72,3,1,5,0,3,1,3,4,6,5,
141,5,0,3,1,3,4,4,5,5,0,3,1,3,5,5,5,3,0,3,1,5,5,5,136,0,3,5,5,5,70,3,1,5,0,3,1,3,4,5,5,
138,5,0,3,1,3,4,5,5,5,0,3,1,3,5,5,5,3,0,3,1,5,5,5,132,0,3,5,5,5,69,3,1,5,0,3,1,3,4,5,5,
137,5,0,3,1,3,4,5,5,5,0,3,1,3,5,5,5,3,1,3,1,5,5,5,132,1,4,5,5,5,69,3,1,5,0,3,1,3,4,5,5,
168,5,0,3,1,4,4,5,6,5,0,3,1,4,5,5,6,3,1,4,1,5,5,6,163,1,4,5,5,6,94,3,1,5,0,3,1,4,4,5,6,
145,4,0,2,0,3,4,5,5,5,0,3,0,3,5,5,5,3,0,3,0,5,5,5,139,0,3,5,5,5,69,2,0,5,0,2,0,3,4,5,4,
142,4,0,2,0,3,4,5,5,4,0,2,0,3,4,5,5,3,0,3,0,4,5,5,136,0,3,5,5,5,69,3,0,5,0,2,0,3,4,5,5,
141,4,0,2,0,3,4,4,5,5,0,2,0,3,4,4,5,3,0,3,1,4,4,5,136,0,3,5,4,5,69,2,0,5,0,2,0,3,4,4,5,
145,5,0,3,1,3,4,5,5,5,0,3,1,3,5,5,6,3,0,3,1,5,5,5,139,0,4,5,5,5,71,3,1,5,0,3,1,3,4,5,5,
150,5,0,5,1,3,3,5,5,5,0,5,1,3,4,5,6,5,1,3,1,4,5,5,143,1,3,5,5,5,70,5,1,5,0,5,1,3,3,5,6,
142,5,0,3,1,3,6,5,5,5,0,3,1,3,7,5,6,3,1,3,1,7,5,5,137,1,4,7,5,5,70,3,1,5,0,3,1,3,6,5,6,
143,5,0,3,1,4,4,6,6,5,0,3,1,4,5,6,6,4,1,4,1,5,6,5,138,1,4,5,6,5,70,3,1,5,0,3,1,4,4,6,6,
142,4,0,1,0,2,3,3,4,4,0,2,0,2,4,3,4,2,0,2,0,4,4,4,135,0,2,4,4,4,68,1,0,4,0,2,0,2,3,3,4,
149,6,0,3,1,3,4,4,6,6,0,3,1,3,5,4,7,3,0,3,1,4,5,6,143,0,3,5,4,6,75,3,0,6,0,3,0,3,4,4,6,
164,5,0,3,1,3,4,5,6,5,0,3,1,3,5,5,6,3,0,3,1,5,5,5,159,0,3,5,5,5,88,3,1,5,0,3,1,3,4,4,6,
143,5,0,3,1,3,4,7,5,5,0,3,1,3,5,7,6,3,1,3,1,5,8,5,138,1,3,5,7,5,69,3,1,5,0,3,1,3,4,7,5,
142,5,0,3,1,4,5,5,6,5,0,3,1,4,5,5,6,3,0,4,1,5,5,6,137,1,4,6,5,6,69,3,1,6,0,3,1,4,5,5,6,
148,5,0,3,1,3,5,5,6,5,0,3,1,4,6,5,6,3,1,3,1,6,5,6,143,1,4,7,5,6,74,3,1,5,0,3,1,3,5,5,6,
147,5,0,3,1,4,4,5,6,6,0,3,1,4,5,5,6,3,1,4,1,5,5,6,142,1,4,6,5,6,70,3,1,6,1,3,1,4,5,5,6,
142,5,0,3,1,3,4,4,5,5,0,3,1,3,5,5,5,3,0,3,1,5,5,5,136,0,4,5,5,5,71,3,1,5,0,3,0,3,4,5,5,
141,5,0,2,1,3,4,4,5,5,0,2,1,3,5,4,5,3,0,3,1,5,5,5,135,0,3,5,4,5,69,2,1,5,0,3,1,3,4,4,5,
145,5,0,3,1,3,4,5,5,5,0,3,1,3,5,5,5,3,0,3,1,5,5,5,140,0,3,5,5,5,74,3,1,5,0,3,1,3,4,5,5,
143,5,0,3,1,3,4,6,5,5,0,3,1,4,5,6,6,3,1,3,1,5,6,5,138,1,4,5,6,6,70,3,1,5,0,3,1,3,4,6,5,
140,5,0,3,1,4,4,6,6,6,0,3,1,4,5,6,6,3,1,4,1,5,6,6,136,1,4,6,6,6,70,3,1,5,0,3,1,4,5,6,6,
152,5,1,3,1,4,5,5,15,5,0,3,1,4,5,5,16,3,1,4,2,5,5,6,147,1,4,6,5,6,82,3,1,6,1,3,1,4,5,5,15,
143,7,0,3,1,3,4,7,8,7,0,3,1,3,7,7,8,3,0,3,1,7,7,7,137,0,3,7,7,7,73,3,1,7,0,3,1,3,4,7,8,
141,5,0,3,1,3,4,4,5,5,0,3,1,3,5,4,5,3,0,3,1,5,5,5,135,0,4,5,5,5,72,3,1,5,0,3,1,3,4,5,5,
144,16,0,3,1,3,4,5,5,16,0,3,1,3,5,5,5,3,0,3,1,5,5,17,140,1,4,5,5,17,73,3,1,17,0,3,1,3,4,5,5,
141,4,0,3,1,5,5,5,5,4,0,3,1,5,6,5,5,3,1,5,1,6,6,4,137,1,6,6,5,5,73,3,1,4,0,3,1,5,5,5,5,
150,5,0,3,1,3,4,6,6,5,0,3,1,3,5,6,6,3,1,3,1,5,6,5,146,1,4,5,6,6,83,3,1,5,0,3,1,3,4,6,6,
147,4,0,3,0,3,4,4,5,5,0,3,0,3,5,5,5,2,0,3,1,5,5,5,141,0,3,5,5,5,77,2,0,5,0,3,0,3,4,4,5,
145,4,0,2,0,3,4,4,5,5,0,2,0,3,5,4,5,2,0,3,1,5,4,5,140,0,3,5,4,5,73,2,0,5,0,2,0,3,4,4,5,
143,5,0,3,1,3,4,4,5,5,0,3,1,3,5,4,5,3,0,3,1,5,5,5,137,0,3,5,4,5,73,3,1,5,0,3,1,3,4,4,5,
160,4,0,3,1,3,4,4,5,5,0,3,1,3,5,4,6,3,0,3,1,5,5,5,155,0,3,5,4,5,73,3,1,5,0,3,1,3,4,5,5,
146,5,0,3,1,4,4,6,6,5,0,3,1,4,5,6,6,3,1,4,1,5,6,5,141,1,5,5,6,6,77,3,1,5,0,3,1,4,4,6,6,
146,5,0,3,1,4,5,5,6,6,0,3,1,4,6,5,6,3,1,4,1,5,6,6,141,1,4,6,6,6,74,3,1,5,1,3,1,4,5,5,6,
144,4,0,2,0,3,3,4,5,5,0,2,0,3,5,4,5,2,0,3,1,5,5,5,138,0,3,5,4,5,74,2,0,5,0,2,0,3,4,4,5,
145,5,0,3,0,3,4,4,5,5,0,2,1,3,4,4,5,2,0,3,1,5,4,5,139,0,3,5,4,5,75,2,0,5,0,2,0,3,4,4,5,
146,5,0,3,1,3,4,5,5,5,0,3,1,4,5,5,5,3,0,3,1,5,5,6,141,0,4,5,5,6,77,3,1,5,0,3,1,3,4,5,5,
142,4,0,6,1,3,4,5,5,4,0,5,1,3,4,6,5,5,0,3,1,4,5,4,136,0,4,5,6,5,68,5,1,4,0,5,1,3,4,5,5,
140,5,0,3,1,3,4,6,5,5,0,2,1,4,5,6,5,2,1,4,1,5,5,5,135,1,5,5,6,5,70,2,1,5,0,2,1,3,4,5,5,
140,5,0,3,1,4,5,5,6,6,0,3,1,5,6,6,6,3,1,4,1,6,6,6,136,1,5,6,6,6,72,3,1,5,0,3,1,4,5,5,6,
149,4,0,2,0,3,3,4,5,4,0,2,0,2,4,4,5,2,1,3,1,4,4,4,139,1,2,4,4,4,72,2,0,4,0,2,0,2,3,4,5,
167,9,3,5,0,6,7,7,9,9,0,5,0,6,9,9,9,5,3,6,1,9,7,9,158,3,6,9,9,9,77,5,0,9,2,5,0,6,7,7,9,
145,5,0,3,1,3,4,5,5,5,0,3,1,3,5,6,5,3,0,4,1,5,6,5,139,0,4,5,6,5,70,3,1,5,0,3,1,3,5,5,5,
141,6,1,7,2,5,5,7,6,6,0,6,2,5,6,8,6,4,4,5,2,6,7,6,135,2,6,6,8,6,73,7,2,6,1,6,2,4,5,8,6,
138,5,0,3,1,4,5,5,5,5,0,3,1,4,6,5,6,3,0,4,1,6,5,5,134,0,4,6,5,5,70,3,1,5,0,3,1,3,5,5,5,
147,5,0,3,1,4,4,5,5,5,0,3,1,4,6,5,6,3,1,4,2,5,5,5,140,1,5,5,7,5,74,3,1,5,1,3,1,3,4,5,5,
148,5,0,3,1,13,4,5,5,5,0,3,1,13,5,5,6,3,1,13,1,5,5,5,142,2,14,5,5,5,72,3,1,5,1,3,2,13,5,5,5,
144,5,0,13,1,4,4,4,5,5,0,13,0,4,5,5,6,13,0,4,1,4,5,5,138,0,4,5,5,5,70,13,1,5,0,13,0,4,4,4,5,
143,5,0,3,1,4,4,5,5,5,0,3,0,3,4,4,6,3,0,4,1,5,5,5,137,0,3,4,5,5,70,3,1,5,0,3,0,4,4,5,6,
143,4,1,3,1,4,6,5,5,5,0,2,1,4,6,5,5,3,1,4,1,6,5,5,137,4,4,6,6,5,73,3,1,4,0,2,1,4,6,5,5,
143,5,0,3,1,4,5,5,6,5,0,3,1,4,5,5,6,3,1,4,1,5,5,5,138,3,4,5,5,6,71,3,1,5,0,3,1,4,5,5,6,
158,4,0,1,0,3,4,4,5,4,0,1,0,3,4,4,5,2,0,4,1,4,4,4,152,1,3,4,4,5,70,1,0,4,0,1,0,3,4,4,5,
139,6,1,3,1,4,5,6,6,6,0,3,1,4,6,6,6,3,1,4,2,6,6,6,134,2,4,6,6,6,71,3,1,6,1,3,1,4,5,6,6,
140,6,1,6,2,6,6,6,7,6,0,6,2,6,6,6,7,6,1,6,2,6,6,6,135,2,6,6,6,6,72,6,2,6,1,6,2,6,6,6,7,
143,5,0,2,1,3,5,5,5,5,0,2,1,3,5,5,5,3,0,4,1,5,5,5,137,1,3,5,5,5,74,2,1,5,0,3,1,3,5,5,5,
142,7,0,2,1,3,5,5,5,7,0,2,1,3,5,5,5,2,0,4,1,6,5,7,137,1,3,6,6,8,70,2,1,7,0,2,1,3,5,5,5,
139,4,0,2,1,5,4,5,5,4,0,2,1,6,4,5,5,3,1,6,1,4,5,4,135,1,6,4,5,6,71,2,1,4,0,2,1,5,4,5,5,
138,5,0,3,1,3,5,5,6,5,0,3,1,4,5,5,6,3,1,4,1,5,5,5,133,2,4,5,5,5,70,2,1,5,1,3,1,3,5,5,6,
143,5,1,3,1,4,5,5,6,5,0,3,1,4,5,5,6,3,1,4,2,5,5,6,138,2,4,5,6,6,75,3,1,5,1,3,1,4,5,5,6,
142,4,0,2,0,3,4,4,5,5,0,2,0,3,4,4,5,2,0,4,1,4,4,5,137,0,3,4,5,5,70,2,0,4,0,2,0,3,4,4,5,
139,4,0,2,1,3,4,4,5,4,0,2,1,3,4,4,5,2,0,3,1,4,4,5,134,0,4,4,5,5,70,2,1,4,0,2,1,3,4,4,5,
163,4,0,2,1,3,4,5,5,5,0,2,1,3,4,5,5,2,1,4,1,4,5,5,157,0,3,4,6,5,93,2,1,4,0,2,1,3,4,5,5,
142,5,0,3,1,3,5,5,6,5,0,3,1,4,5,5,6,3,1,4,1,5,5,5,137,1,4,5,5,5,74,3,1,5,0,3,1,3,5,5,6,
142,5,0,3,1,3,5,5,6,5,0,3,1,4,5,5,6,3,1,4,1,5,5,5,137,1,4,5,5,5,70,3,1,5,0,3,1,3,5,5,6,
138,5,0,3,1,3,5,5,6,5,0,3,1,4,5,5,6,3,1,4,1,5,5,5,134,1,4,5,5,5,70,3,1,5,0,3,1,3,5,5,6,
139,5,1,3,1,4,5,5,6,6,0,4,1,4,5,5,6,3,1,4,2,5,5,6,134,1,4,5,6,6,71,3,1,5,1,4,1,4,5,5,6,
142,4,0,2,0,3,5,5,5,4,0,3,0,3,5,5,5,3,0,4,1,5,5,5,137,0,3,5,6,5,73,3,0,4,0,3,0,3,5,5,5,
142,4,0,5,1,3,5,5,5,4,0,5,1,3,5,6,5,5,0,4,1,5,5,5,137,0,3,5,6,5,70,5,1,4,0,5,1,3,5,5,5,
138,5,0,3,1,3,7,5,5,5,0,3,1,4,7,5,5,3,1,4,1,7,5,5,134,1,4,7,5,5,70,3,1,5,0,3,1,3,7,5,5,
140,5,0,3,1,4,5,5,6,5,0,3,1,4,5,5,6,3,1,4,1,5,5,5,135,1,4,5,6,6,71,3,1,5,0,3,1,4,5,5,6,
140,16,0,3,1,3,5,5,6,16,0,3,1,4,5,5,6,3,1,4,1,5,5,16,136,1,4,5,5,16,72,4,1,16,0,3,1,3,5,5,6,
160,5,1,3,1,4,5,5,6,5,0,3,1,4,5,5,6,3,1,4,1,5,5,6,153,1,4,5,6,6,89,4,1,5,1,4,1,4,5,5,6,
143,5,0,3,0,4,5,5,5,5,0,3,0,4,5,5,5,3,0,4,1,5,5,5,137,0,4,5,5,5,70,3,0,5,0,3,0,4,5,5,5,
139,5,0,2,1,3,5,7,5,5,0,3,1,3,5,8,5,3,0,4,1,5,8,5,134,1,3,5,8,5,70,3,1,5,0,3,1,3,4,7,5,
139,5,0,2,1,3,5,5,5,5,0,3,1,4,5,5,6,3,1,4,1,5,5,5,134,1,4,5,5,5,71,2,1,5,0,3,1,3,5,5,5,
143,5,0,3,1,3,5,5,6,5,0,3,1,4,5,5,6,3,1,4,1,5,5,5,138,1,4,5,5,5,74,3,1,5,0,3,1,3,5,5,6,
143,4,0,2,1,3,4,4,5,5,0,2,0,3,4,4,5,2,0,4,1,4,4,5,137,0,3,4,5,5,70,2,1,5,0,2,1,3,4,4,5,
139,5,0,2,0,3,4,4,5,5,0,2,0,3,4,4,5,2,0,3,1,4,4,5,134,0,3,4,5,5,70,2,0,5,0,2,1,3,4,4,5,
140,5,0,2,1,3,4,5,5,5,0,2,1,3,4,5,5,2,0,4,1,5,5,5,134,0,3,4,6,5,71,2,1,5,0,2,1,3,4,5,5,
143,5,0,2,1,3,4,5,5,5,0,2,1,3,4,6,5,2,1,4,1,5,5,5,137,1,3,4,6,5,73,2,1,5,0,2,1,3,4,5,5,
144,5,0,3,1,5,5,5,6,5,0,3,1,4,5,5,6,3,0,4,1,5,5,5,139,1,5,5,5,6,71,3,1,5,0,3,1,4,5,5,6,
142,5,1,3,1,4,5,5,9,5,0,3,1,4,5,5,9,3,1,4,1,5,5,6,137,1,4,5,5,7,73,3,1,5,0,3,1,4,5,5,9,
141,5,1,3,1,4,5,5,6,6,0,3,1,4,5,5,6,3,1,4,2,5,5,6,136,2,4,5,6,6,72,3,1,6,1,3,1,4,5,5,6,
143,8,1,3,2,8,8,8,9,8,0,3,2,8,8,8,9,4,1,5,3,8,8,8,138,2,8,8,8,8,74,3,2,8,1,3,2,8,8,8,9,
144,6,0,3,1,4,5,5,6,6,0,3,1,4,5,6,6,3,0,3,1,5,6,6,138,1,4,5,6,6,74,3,1,6,0,3,1,4,5,5,6,
145,8,0,3,1,3,5,5,6,8,0,3,1,4,5,6,6,3,1,3,1,5,5,8,139,1,4,5,5,9,70,2,1,8,0,3,1,3,5,5,6,
140,7,0,3,1,4,4,5,6,7,0,3,1,5,4,5,6,3,1,5,1,4,5,7,136,1,5,4,6,8,72,3,1,10,0,3,1,5,4,5,6,
140,6,0,3,1,4,5,6,6,6,0,3,1,4,5,6,6,3,1,4,1,5,6,6,135,1,4,5,6,7,71,3,1,6,1,3,1,4,5,5,6,
144,5,0,3,1,3,4,5,5,5,0,2,1,3,4,5,5,3,0,3,1,4,5,5,138,0,3,4,5,5,73,2,1,5,0,2,1,3,4,4,5,
144,5,1,3,1,3,4,6,5,5,0,3,1,3,4,6,6,3,1,3,1,5,6,5,138,1,4,4,6,6,71,3,1,5,1,3,1,3,4,6,5,
143,5,0,2,1,3,4,6,5,5,0,2,1,3,4,6,5,3,0,3,1,5,6,5,137,0,4,4,6,5,70,2,1,5,0,2,1,3,4,5,5,
141,5,0,3,1,4,5,5,6,5,0,3,1,4,5,5,6,3,0,4,1,5,5,6,135,1,4,5,5,6,71,3,1,5,0,3,1,4,4,5,6,
143,5,0,3,1,3,5,5,6,5,0,3,1,4,5,6,6,3,1,4,1,5,5,6,138,1,4,5,5,6,74,3,1,5,0,3,1,3,4,5,6,
143,15,0,3,1,4,5,5,6,15,0,3,1,4,5,5,6,3,1,4,1,5,5,15,138,1,4,5,5,16,71,3,1,15,0,3,1,4,5,5,6,
141,5,1,3,1,4,5,5,6,6,0,3,1,4,5,5,6,4,1,4,1,5,5,6,136,1,4,5,5,6,72,3,1,5,1,3,1,4,5,5,6,
142,6,1,3,2,4,6,6,6,6,0,3,1,4,7,7,6,4,1,4,2,6,7,6,137,1,4,7,7,6,73,3,1,6,1,3,1,4,6,6,6,
142,4,0,2,1,3,4,5,5,5,0,2,0,3,7,6,5,3,0,3,1,6,6,5,137,0,3,7,6,5,73,2,1,5,0,2,1,3,4,5,5,
143,4,0,5,1,3,4,4,5,5,0,5,1,3,4,5,5,5,0,3,1,4,4,5,137,0,3,4,5,5,70,5,1,4,0,5,1,3,4,4,5,
141,5,0,3,1,3,6,5,6,5,0,3,1,4,7,5,6,3,1,3,1,7,5,6,137,1,4,7,5,6,72,3,1,5,0,3,1,3,6,5,6,
140,5,0,3,1,4,5,5,6,5,0,3,1,4,5,5,6,3,1,4,1,5,5,6,136,1,4,5,5,6,71,3,1,5,0,3,1,4,5,5,6,
146,5,1,3,1,4,5,6,6,5,0,3,1,4,5,6,6,3,1,4,1,5,6,6,137,1,4,5,6,6,74,3,1,5,1,3,1,4,5,6,6,
143,4,0,2,1,3,5,4,5,4,0,3,0,3,5,4,5,3,0,3,1,5,4,5,137,0,3,6,4,5,73,2,0,4,0,3,0,3,5,4,5,
143,5,0,3,1,3,5,5,6,5,0,3,1,4,5,5,6,3,1,3,1,5,5,5,138,1,4,5,5,6,72,3,1,5,0,3,1,3,5,5,6,
140,5,0,2,1,3,4,4,5,5,0,3,1,4,5,5,5,3,1,3,1,4,8,5,134,1,4,5,5,6,70,2,1,5,0,3,1,3,4,5,5,
139,5,0,2,1,3,5,5,5,5,0,3,1,4,5,5,5,3,1,3,1,5,5,5,134,1,4,5,5,6,70,2,1,5,0,3,1,3,4,5,5,
143,6,0,3,1,3,6,6,7,6,0,3,1,4,6,6,7,3,1,3,1,6,6,6,138,1,6,6,6,6,74,3,1,6,0,3,1,3,6,6,7,
145,5,0,3,1,4,5,5,6,6,0,3,1,4,5,6,6,3,1,4,1,5,6,6,140,1,4,5,6,6,74,3,1,5,0,3,1,4,5,5,6,
139,5,1,3,1,4,5,6,6,6,0,3,1,4,5,6,6,3,1,4,1,5,6,6,134,1,4,5,6,6,71,3,1,5,1,3,1,4,5,6,6,
139,5,0,2,0,3,4,4,5,5,0,2,0,3,4,5,5,2,0,3,1,4,5,5,133,0,3,4,4,5,69,2,0,5,0,2,0,3,4,4,5,
142,5,0,2,1,3,4,4,5,5,0,2,1,3,4,5,5,3,0,3,1,4,5,5,136,0,3,5,5,5,72,2,1,5,0,3,1,3,4,4,5,
163,5,0,3,1,3,4,5,6,5,0,3,1,5,5,5,6,3,1,4,1,5,5,6,158,1,4,5,5,6,72,3,1,5,0,3,1,3,4,5,6,
140,5,0,2,1,3,4,5,5,5,0,3,1,4,5,5,6,3,1,3,1,5,5,5,135,1,4,5,5,6,71,2,1,5,0,3,1,3,4,5,5,
139,5,0,3,1,4,5,6,5,5,0,3,1,4,6,6,5,3,1,4,1,6,6,5,134,1,4,6,6,6,70,3,1,5,0,3,1,4,5,6,5,
140,6,1,6,1,6,6,6,7,6,0,6,1,6,6,6,7,6,1,6,2,6,6,6,135,1,6,6,6,6,72,6,1,6,1,6,1,6,6,6,7,
142,5,0,2,1,3,4,4,5,5,0,2,1,6,4,5,5,2,0,6,1,4,5,5,137,0,6,5,5,5,73,2,1,5,0,3,1,3,4,4,5,
144,5,0,2,1,3,4,4,5,5,0,2,1,4,4,5,5,2,0,3,1,4,5,5,138,0,4,5,5,6,71,2,1,5,0,3,1,3,4,4,5,
139,5,0,2,1,3,4,5,5,5,0,2,1,4,4,5,5,2,0,3,1,4,6,5,134,1,4,5,5,6,71,2,1,5,0,2,1,3,4,5,5,
139,5,0,3,2,4,5,5,6,5,0,3,1,4,5,5,6,3,1,4,1,5,5,6,134,1,4,5,5,6,70,3,2,5,0,3,1,4,5,5,6,
142,5,0,3,1,4,6,6,5,5,0,3,1,4,6,6,5,3,1,4,1,6,6,6,138,1,4,6,6,6,74,3,1,5,0,3,1,4,6,6,6,
144,4,0,2,0,3,4,5,5,5,0,2,0,3,4,5,5,2,0,3,1,4,5,5,139,0,3,4,5,5,70,2,0,4,0,2,0,3,4,5,5,
153,5,0,2,1,3,4,4,5,5,0,2,1,3,4,5,5,2,0,3,1,4,4,5,147,0,3,5,5,5,70,2,1,5,0,2,1,3,4,4,5,
141,5,0,2,1,3,4,5,5,5,0,3,1,4,5,5,6,3,0,3,1,5,5,5,135,1,4,5,5,6,71,2,1,5,0,3,1,3,4,5,5,
144,5,0,2,1,3,4,5,6,5,0,3,1,4,5,5,6,2,1,3,1,5,5,5,139,1,4,5,5,6,75,2,1,5,0,3,1,3,4,5,6,
143,5,0,2,2,3,4,5,7,5,0,3,2,4,5,5,7,3,1,3,1,5,5,5,138,1,4,5,5,7,71,2,1,5,0,3,1,4,4,5,7,
141,5,0,3,1,4,6,6,6,6,0,3,1,4,6,6,6,3,1,4,1,6,6,6,136,1,4,6,6,6,70,3,1,5,0,3,1,4,6,6,6,
139,4,0,2,0,3,4,5,5,5,0,2,0,3,4,5,5,2,0,3,0,4,5,5,133,0,3,4,5,5,70,2,0,4,0,2,0,3,4,5,5,
143,8,1,3,4,4,8,9,9,8,0,3,4,5,8,8,9,4,1,4,4,8,8,9,139,1,5,8,9,8,76,3,4,8,1,3,4,4,8,9,9,
143,5,0,2,1,3,4,4,5,5,0,3,1,3,4,5,5,3,0,3,1,5,5,5,137,0,3,5,5,5,74,2,1,5,0,3,1,3,4,4,5,
143,6,0,2,1,4,4,4,5,6,0,3,1,4,5,5,5,3,0,4,1,4,5,6,137,1,4,5,5,7,70,2,1,6,0,3,1,4,4,4,5,
141,5,0,3,1,4,4,5,5,5,0,3,1,5,5,5,6,3,1,5,1,5,5,5,136,1,5,5,5,6,70,3,1,5,0,3,1,5,4,5,6,
160,5,0,3,1,4,5,5,5,5,0,3,1,4,6,6,5,3,1,4,1,6,6,5,155,1,4,6,6,6,91,3,1,5,0,3,1,4,5,5,5,
143,5,0,3,1,4,5,6,6,6,0,3,1,4,5,6,6,3,1,4,1,5,6,6,138,1,4,5,6,6,74,3,1,5,0,3,1,4,5,6,6,
143,5,0,2,1,3,4,4,5,5,0,2,0,4,4,5,5,2,0,3,1,5,4,5,137,0,3,5,5,6,71,2,1,5,0,2,0,3,4,4,5,
139,5,0,2,1,3,4,4,5,5,0,3,1,3,4,5,5,3,0,3,1,4,5,5,134,0,3,5,5,5,70,2,1,5,0,3,1,3,4,4,5,
143,5,0,3,1,3,4,4,5,5,0,3,1,3,4,5,5,3,0,3,1,4,5,5,137,0,3,5,5,5,74,2,1,5,0,3,1,3,4,4,5,
142,5,0,3,1,4,5,6,5,5,0,3,1,4,5,6,6,3,0,4,1,5,6,6,137,1,4,6,6,6,74,3,1,5,0,3,1,4,5,6,6,
142,5,0,3,1,4,5,5,5,5,0,3,1,4,6,5,5,3,1,4,1,6,5,6,137,1,4,6,5,6,70,3,1,5,0,3,1,4,5,5,5,
141,5,0,2,1,3,4,4,5,5,0,2,1,3,4,5,5,2,1,3,1,4,4,5,135,1,4,5,4,5,71,2,1,5,0,2,1,3,4,4,5,
