39
36
35
35
35
35
34
34
35
35
35
35
35
35
35
35
35
35
35
36
35
38
35
233
35
35
35
34
34
34
34
35
34
35
43
36
37
34
35
35
35
35
35
35
35
35
35
35
35
35
35
35
35
35
35
35
35
35
35
35
35
37
35
35
35
35
34
35
35
35
35
35
35
35
37
35
35
35
35
37
37
35
35
35
35
35
36
36
36
35
35
35
57
35
35
35
35
35
35
35
35
35
35
35
235
34
34
35
37
35
35
35
57
35
35
35
35
35
35
35
35
35
35
35
35
51
38
35
35
35
36
34
34
34
34
34
35
35
35
35
35
35
35
35
35
35
35
35
36
37
36
35
35
35
35
35
35
37
35
35
34
279
35
36
35
35
35
35
37
35
35
35
35
36
35
35
38
35
35
35
58
36
35
35
235
34
34
34
36
35
35
35
35
35
35
36
36
37
35
35
35
35
35
35
35
35
35
35
37
35
34
35
36
34
34
34
34
34
34
34
35
35
36
35
36
35
35
35
35
35
35
35
35
35
35
35
35
37
35
35
35
35
49
34
34
34
34
34
34
34
34
34
34
35
35
35
35
37
35
35
38
38
35
35
35
35
35
36
35
35
35
35
35
34
34
34
34
34
35
36
34
34
34
34
35
35
35
35
35
35
35
35
36
35
35
35
35
37
35
35
37
35
35
37
37
34
34
34
34
34
34
35
35
35
35
36
35
35
35
35
36
35
35
36
35
35
35
35
35
35
35
38
35
35
35
58
34
34
34
34
34
34
34
34
34
35
35
35
35
37
35
35
34
35
35
35
35
35
35
36
35
35
35
35
35
35
35
35
38
35
34
35
36
34
34
35
35
35
35
35
35
35
35
35
37
36
35
35
35
35
36
35
35
35
35
35
35
35
35
34
34
34
34
37
34
35
34
35
35
35
36
36
35
35
35
35
35
35
35
35
35
35
35
38
35
35
35
37
35
34
34
34
34
37
34
34
34
34
34
35
35
35
35
35
37
39
35
35
35
35
35
44
35
35
35
35
35
35
35
37
34
34
34
34
34
34
34
35
47
37
35
35
57
35
35
57
36
35
35
35
35
35
45
35
48
35
35
47
37
34
34
34
34
34
51
47
42
53
56
37
34
35
35
35
35
35
35
35
35
49
35
35
35
38
50
34
34
35
35
49
36
34
34
232
35
35
35
35
35
35
41
35
36
36
35
35
39
279
34
34
34
34
34
36
34
36
38
34
37
35
35
35
35
35
49
36
35
37
35
35
35
35
35
35
34
35
34
37
34
34
34
34
34
34
36
37
35
34
36
36
35
36
35
35
35
35
35
38
35
35
35
35
35
35
36
34
34
34
34
36
34
34
34
34
34
34
34
34
35
35
35
34
37
35
35
35
35
35
37
35
35
235
36
34
34
34
36
34
34
34
34
34
35
35
35
35
35
35
35
37
35
35
35
35
35
35
35
36
35
36
34
34
36
37
34
34
34
37
34
34
34
34
34
37
35
34
35
35
35
35
35
35
35
35
35
35
38
35
35
35
34
34
34
34
34
34
34
34
34
35
37
34
34
35
37
35
35
35
35
35
36
35
35
35
35
35
35
35
34
35
34
37
34
34
34
34
34
34
35
57
34
35
35
35
35
35
35
35
35
35
35
37
35
35
35
35
35
34
34
34
34
34
34
35
34
36
34
34
35
34
35
36
37
35
35
35
35
35
35
35
35
35
37
44
35
35
34
34
37
34
34
34
34
34
37
34
34
34
35
34
36
35
35
35
35
35
35
36
35
35
35
280
34
34
36
34
34
34
34
34
34
34
35
35
35
35
37
35
35
35
35
35
35
35
35
35
35
34
35
34
34
34
34
34
37
34
34
34
35
34
37
35
35
35
35
35
36
35
35
44
35
35
35
37
35
35
34
34
34
34
34
34
34
34
34
34
37
34
34
34
35
35
35
35
35
35
35
35
35
35
35
35
35
35
37
34
34
35
34
34
36
34
34
35
57
35
34
34
35
35
35
35
35
35
35
35
35
35
36
35
35
35
35
35
34
34
35
37
34
34
34
37
34
56
34
34
34
34
34
35
35
35
35
35
37
35
36
35
38
35
233
34
34
34
34
34
34
34
34
34
36
35
34
35
35
35
35
35
35
35
36
35
35
35
35
50
62
34
34
34
34
34
37
34
34
34
34
34
35
36
35
36
38
35
35
35
35
35
35
35
35
36
35
35
35
34
34
34
37
37
34
34
34
36
34
34
34
34
34
34
34
35
34
34
35
35
35
35
36
35
35
35
35
36
34
34
34
34
34
34
36
34
34
34
35
34
35
34
34
35
34
35
34
35
34
35
35
35
35
35
35
35
36
34
35
36
43
34
34
34
37
36
34
34
35
34
34
34
34
35
34
36
35
35
35
35
35
35
36
35
35
235
37
34
34
34
62
34
34
34
34
35
34
34
35
34
234
35
234
34
34
37
34
34
34
34
34
35
34
35
35
35
35
35
35
35
35
35
35
35
35
35
35
35
37
35
45
35
34
34
34
34
34
34
35
34
34
34
35
35
36
36
35
35
35
35
35
35
35
35
35
35
35
38
35
35
35
35
34
34
34
34
34
35
34
34
34
34
35
35
35
35
35
37
35
35
35
36
36
35
35
35
35
35
35
35
34
34
35
37
34
34
34
234
35
38
35
