28,6,2,0,3,2,2,0,6,6,3,
20,4,1,0,2,2,1,0,3,4,2,
12,3,1,1,2,2,1,0,3,4,3,
12,3,1,0,2,2,1,0,3,3,2,
12,3,1,0,2,2,1,0,3,3,2,
12,3,1,0,2,2,1,0,3,3,2,
12,3,1,0,2,2,1,0,3,4,3,
11,3,1,0,2,2,1,0,3,3,3,
12,3,1,0,2,2,1,0,3,4,3,
12,3,1,1,2,2,1,0,3,4,3,
12,3,1,0,2,2,1,0,3,4,3,
12,3,1,0,2,2,1,0,3,4,3,
32,3,1,0,2,2,1,0,3,4,24,
12,3,1,0,2,2,1,0,3,4,3,
11,3,1,0,2,2,1,0,3,3,2,
13,3,1,1,2,2,1,0,3,4,3,
12,3,1,1,2,2,2,0,3,4,3,
12,3,2,1,2,2,2,0,4,4,3,
12,3,2,1,2,2,2,0,4,4,3,
12,3,2,1,2,2,2,0,4,4,3,
12,3,2,1,2,2,2,0,4,4,3,
12,4,2,1,2,2,2,0,3,4,3,
13,4,2,1,3,2,2,0,4,4,3,
12,3,2,1,2,2,2,0,4,4,3,
15,3,1,0,2,2,1,0,3,4,3,
12,4,2,1,2,2,2,0,4,4,3,
12,3,2,1,2,2,2,0,4,4,3,
12,3,2,1,2,2,2,0,4,4,3,
12,3,2,1,2,2,2,0,4,4,3,
11,3,2,1,2,2,2,0,4,4,3,
11,3,1,0,2,2,1,0,3,3,2,
13,4,2,1,5,2,2,0,4,4,6,
11,3,1,0,1,1,1,0,3,3,2,
11,4,2,1,3,2,2,0,4,4,3,
11,4,3,1,2,2,2,0,4,4,2,
13,4,2,1,3,2,2,0,4,4,3,
12,4,3,2,4,3,2,0,4,4,5,
11,3,1,0,2,1,1,0,3,3,2,
11,3,1,0,2,1,1,0,3,3,2,
11,3,1,0,2,2,1,0,3,3,2,
11,3,1,0,2,1,1,0,3,3,2,
11,3,1,0,2,2,1,0,3,3,2,
11,3,1,0,2,2,1,0,3,3,2,
11,3,1,0,3,2,1,0,3,3,3,
11,3,1,0,2,2,1,0,3,3,2,
13,5,1,0,2,4,1,0,5,5,2,
12,4,2,1,2,2,2,0,4,4,3,
12,3,1,0,2,2,1,0,3,3,2,
13,3,1,0,2,2,1,0,3,3,2,
11,3,1,0,2,2,1,0,3,3,2,
14,3,1,0,2,1,1,0,3,3,2,
14,3,1,0,2,2,1,0,3,3,2,
11,3,1,0,2,2,1,0,3,3,2,
11,3,1,0,2,2,1,0,3,3,2,
11,3,1,0,2,2,1,0,3,3,2,
11,3,1,0,2,2,1,0,3,3,2,
11,3,1,0,2,2,1,0,3,3,2,
11,3,1,0,2,2,1,0,3,3,2,
14,3,1,0,2,2,1,0,3,4,3,
11,3,1,0,2,2,1,0,3,3,2,
14,3,1,0,2,2,1,0,3,3,2,
12,3,1,0,2,2,1,0,3,3,2,
12,3,1,0,2,2,1,0,3,4,3,
12,3,1,0,2,2,1,0,3,4,2,
12,3,1,0,2,2,1,0,3,4,3,
12,3,1,0,2,2,1,0,3,4,3,
14,3,1,0,2,2,1,0,3,6,3,
12,3,1,0,2,2,1,0,3,4,3,
12,0,0,0,0,0,1,0,0,1,0,
12,3,1,0,2,2,1,0,3,4,3,
12,3,4,0,2,2,1,0,3,4,3,
12,3,1,1,2,2,1,0,4,4,3,
14,3,4,4,5,2,1,0,3,4,6,
12,3,1,0,2,2,1,0,3,4,3,
12,3,2,1,2,2,2,0,3,4,3,
12,3,1,1,2,2,1,0,4,4,3,
16,5,1,1,2,4,1,0,6,6,3,
12,3,2,1,2,2,2,0,4,4,3,
12,3,2,1,2,2,2,0,4,4,3,
12,3,2,1,2,2,2,0,4,4,3,
12,3,2,1,2,2,2,0,4,4,3,
12,3,2,1,2,2,2,0,4,4,3,
14,3,2,1,2,2,2,0,6,4,3,
13,5,2,1,2,2,2,0,3,5,3,
14,3,2,1,2,2,2,0,4,4,3,
12,4,2,1,3,2,2,0,4,4,3,
12,3,2,1,2,2,2,0,4,4,3,
12,3,2,1,2,2,2,0,4,4,3,
12,3,2,1,2,2,2,0,4,4,3,
12,3,2,1,2,2,2,0,4,4,3,
12,1,0,0,0,0,0,0,2,2,1,
12,4,2,1,5,2,2,0,4,4,5,
11,4,2,1,2,2,2,0,4,4,3,
12,3,1,0,2,2,1,0,3,3,2,
14,4,2,1,3,2,2,0,4,4,3,
13,6,2,1,3,2,2,0,3,6,3,
11,4,2,1,3,2,2,0,4,4,3,
11,3,1,0,2,1,1,0,3,3,2,
11,4,2,1,3,2,2,0,4,4,3,
11,3,1,0,2,2,1,0,3,3,2,
16,6,2,1,2,5,2,0,6,6,3,
11,3,1,0,2,2,1,0,3,3,2,
11,3,1,0,2,2,1,0,3,3,2,
11,3,1,0,2,2,1,0,3,3,2,
14,3,1,0,2,2,1,0,3,6,2,
11,3,1,0,2,2,1,0,3,3,2,
11,3,1,0,2,2,1,0,3,3,2,
11,3,1,0,2,2,1,0,3,3,2,
11,3,1,0,2,2,1,0,3,3,2,
11,3,1,0,2,2,1,0,3,3,2,
11,3,1,0,2,2,1,0,3,3,2,
11,3,1,0,2,2,1,0,3,3,2,
11,3,1,0,2,2,1,0,3,3,2,
11,3,1,0,2,2,1,0,3,3,2,
11,3,1,0,2,2,1,0,3,3,2,
11,3,1,0,2,2,1,0,3,3,2,
11,3,1,0,2,2,1,0,3,3,2,
11,3,1,0,2,2,1,0,3,3,2,
11,3,1,0,2,2,1,0,3,3,2,
15,3,1,0,2,2,1,0,3,7,2,
11,3,1,0,2,2,1,0,3,3,2,
11,3,1,0,2,2,1,0,3,3,2,
12,3,2,0,2,2,1,0,3,3,2,
11,3,1,0,2,2,1,0,3,3,3,
13,3,1,0,2,2,1,0,3,3,2,
12,3,1,0,2,2,1,0,3,4,3,
12,3,1,0,2,2,1,0,3,4,3,
13,3,1,0,2,2,1,0,5,4,3,
12,3,1,0,2,2,1,0,3,4,3,
12,3,1,0,2,2,1,0,3,4,3,
12,3,2,1,2,2,2,0,4,4,3,
13,3,1,0,2,2,1,0,3,4,3,
12,3,1,1,2,2,1,0,3,4,3,
15,3,1,0,2,2,1,0,3,4,3,
12,3,1,1,2,2,1,0,3,4,3,
12,3,2,1,2,2,2,0,4,4,3,
12,4,2,1,2,2,2,0,4,4,3,
12,3,1,1,2,2,1,0,3,4,3,
12,3,1,1,2,2,1,0,3,4,3,
12,3,2,1,2,2,2,0,4,4,3,
14,3,2,1,5,2,2,0,4,4,6,
12,1,0,0,0,0,1,0,2,2,1,
12,3,2,1,2,2,2,0,4,4,3,
12,3,4,1,2,2,2,0,4,4,2,
13,3,3,2,4,2,2,0,3,4,5,
13,3,4,3,5,2,1,0,3,4,5,
12,3,2,1,2,2,2,0,4,4,3,
12,4,2,1,2,2,2,0,4,4,3,
12,3,2,1,2,2,2,0,4,4,3,
12,3,2,1,2,2,2,0,4,4,3,
11,3,2,1,2,2,2,0,4,4,3,
11,4,2,1,3,2,2,0,4,4,3,
13,4,2,1,5,2,2,0,4,4,6,
11,3,1,0,2,1,1,0,3,3,2,
11,3,1,0,2,1,1,0,3,3,2,
14,3,2,1,2,2,2,0,4,4,3,
11,3,1,0,2,2,1,0,3,3,2,
14,4,2,1,3,2,2,0,4,4,3,
11,3,1,0,2,1,1,0,3,3,2,
11,3,1,0,2,2,1,0,3,3,2,
11,3,1,0,2,2,1,0,3,3,2,
11,3,1,0,2,2,1,0,3,3,2,
11,3,1,0,2,2,1,0,3,3,2,
11,3,1,0,2,2,1,0,3,3,2,
13,3,1,0,4,2,1,0,3,3,5,
11,2,0,0,1,1,1,0,2,2,1,
11,3,1,0,2,2,1,0,3,3,2,
11,3,3,0,1,2,1,0,3,3,2,
11,3,1,0,2,2,1,0,3,3,2,
13,4,4,3,5,2,2,0,4,4,6,
11,3,1,0,2,2,1,0,3,3,2,
34,26,1,0,2,25,24,23,26,26,2,
13,5,1,0,2,4,1,0,5,5,2,
11,3,1,0,2,2,1,0,3,3,2,
11,3,1,0,2,2,1,0,3,3,2,
11,3,1,0,2,2,1,0,3,3,2,
11,3,1,0,2,2,1,0,3,3,2,
11,3,1,0,2,2,1,0,3,3,2,
12,3,1,0,2,2,1,0,4,3,2,
11,3,1,0,2,2,1,0,3,3,2,
11,3,1,0,2,2,1,0,3,3,2,
11,3,1,0,2,2,1,0,3,3,2,
12,3,1,0,2,2,1,0,3,4,3,
12,3,1,0,2,2,1,0,3,4,2,
12,3,1,0,2,2,1,0,3,4,3,
12,3,1,0,2,2,1,0,3,4,2,
12,3,1,0,2,2,1,0,3,4,3,
12,3,1,0,2,2,1,0,3,4,3,
12,3,1,0,2,2,1,0,3,4,3,
12,3,1,0,2,2,1,0,3,4,3,
12,3,1,0,2,2,1,0,3,4,3,
12,3,1,0,2,2,1,0,3,4,3,
12,3,1,0,2,2,1,0,3,4,3,
12,3,1,1,2,2,1,0,3,4,3,
12,3,1,1,2,2,1,0,3,4,3,
12,3,1,0,2,2,1,0,3,4,3,
14,3,2,1,2,2,2,0,3,4,3,
12,3,2,1,2,2,2,0,4,4,3,
12,3,1,1,2,2,2,0,3,4,3,
12,3,1,1,2,2,1,0,3,4,3,
12,3,2,1,2,2,2,0,4,4,3,
12,3,2,1,2,2,2,0,4,4,3,
12,3,2,1,2,2,2,0,4,4,3,
12,3,2,1,2,2,2,0,4,4,3,
12,3,2,1,2,2,2,0,4,4,3,
12,3,2,1,2,2,2,0,4,4,3,
12,3,2,1,2,2,2,0,4,4,3,
12,3,2,1,2,2,2,0,4,4,3,
11,3,2,1,2,2,2,0,4,4,3,
11,4,2,1,3,2,2,0,4,4,3,
11,4,2,1,3,2,2,0,4,4,3,
11,4,2,1,2,2,2,0,4,4,3,
11,4,2,1,3,2,2,0,4,4,3,
11,4,2,1,3,2,2,0,4,4,3,
11,4,2,1,3,2,2,0,4,4,3,
15,4,1,0,2,1,1,0,2,5,2,
11,3,1,0,2,1,1,0,3,3,2,
11,3,1,0,2,1,1,0,3,3,2,
11,3,1,0,2,1,1,0,3,3,2,
11,3,1,0,2,1,1,0,3,3,2,
12,3,1,0,2,2,1,0,3,3,2,
11,3,1,0,2,2,1,0,3,3,2,
11,3,1,0,2,1,1,0,3,3,2,
11,3,1,0,2,2,1,0,3,3,2,
11,3,1,0,2,2,1,0,3,3,2,
11,3,1,0,2,2,1,0,3,3,2,
11,3,1,0,3,2,1,0,3,3,3,
11,3,1,0,2,2,1,0,3,3,2,
12,3,1,0,2,2,1,0,3,3,2,
14,3,2,1,2,2,1,0,4,4,3,
11,3,1,0,2,2,1,0,3,3,2,
11,3,1,0,2,2,1,0,3,3,2,
11,4,2,1,3,2,2,0,4,4,3,
11,3,1,0,2,2,1,0,3,3,2,
11,3,1,0,2,2,1,0,3,3,2,
11,3,1,0,2,2,1,0,3,3,2,
13,3,1,0,5,2,1,0,3,3,5,
11,2,0,0,1,1,1,0,2,2,1,
11,3,1,0,2,2,1,0,3,3,2,
11,3,2,0,1,2,1,0,3,3,2,
12,3,1,0,2,2,1,0,3,3,2,
13,3,4,3,4,2,1,0,3,3,5,
11,3,1,0,2,2,1,0,3,4,2,
11,3,1,0,2,2,1,0,3,4,3,
12,3,1,0,2,2,1,0,3,4,3,
14,5,1,1,2,4,1,0,5,5,3,
12,3,1,0,2,2,1,0,3,4,3,
12,3,1,0,2,2,1,0,3,4,3,
12,3,1,0,2,2,1,0,3,4,3,
12,3,1,0,2,2,1,0,3,4,3,
12,3,1,0,2,2,1,0,3,4,3,
12,3,1,1,2,2,1,0,4,4,3,
12,3,1,0,2,2,1,0,3,4,3,
12,3,1,0,2,2,1,0,3,4,3,
12,3,1,1,2,2,1,0,3,4,3,
12,3,1,0,2,2,1,0,3,4,3,
12,3,2,1,2,2,2,0,4,4,3,
12,3,1,1,2,2,1,0,4,4,3,
12,3,1,1,2,2,1,0,4,4,3,
12,3,2,1,2,2,2,0,4,4,3,
12,3,2,1,2,2,2,0,4,4,3,
12,3,2,1,2,2,2,0,4,4,3,
12,3,2,1,2,2,2,0,4,4,3,
12,3,2,1,2,2,2,0,4,4,3,
12,3,2,1,2,2,2,0,4,4,3,
13,3,4,1,4,2,2,0,4,4,5,
12,3,2,1,2,2,2,0,4,4,3,
12,4,2,1,2,2,2,0,4,4,3,
11,4,2,1,3,2,2,0,4,4,3,
11,4,2,1,2,3,1,0,4,4,3,
11,4,2,1,4,4,2,0,4,4,4,
11,4,2,1,2,2,2,0,4,4,3,
11,4,2,1,3,2,2,0,4,4,3,
12,5,2,1,5,5,2,0,5,5,5,
11,4,2,1,3,2,2,0,4,4,3,
11,4,2,1,3,2,2,0,4,4,3,
11,4,2,1,3,2,2,0,4,4,3,
11,4,2,1,3,2,2,0,4,4,3,
11,3,1,0,2,1,1,0,3,3,2,
13,3,1,0,2,1,1,0,3,3,2,
11,3,1,0,2,1,1,0,3,3,2,
16,6,2,1,2,4,2,0,6,6,3,
11,3,1,0,2,2,1,0,3,3,2,
11,3,1,0,2,2,1,0,3,3,2,
11,3,1,0,2,2,1,0,3,3,2,
11,3,1,0,2,2,1,0,3,3,2,
11,3,1,0,2,2,1,0,3,3,2,
14,3,1,0,2,2,1,0,6,3,2,
14,5,1,0,2,2,1,0,3,6,2,
12,3,1,0,2,2,1,0,3,3,2,
11,3,1,0,2,2,1,0,3,3,2,
11,3,1,0,2,2,1,0,3,3,2,
13,5,1,0,2,2,1,0,3,5,2,
11,3,1,0,2,2,1,0,3,3,2,
11,3,1,0,2,2,1,0,3,3,2,
11,3,1,0,2,2,1,0,3,3,2,
11,3,1,0,2,2,1,0,3,3,2,
11,3,1,0,2,2,1,0,3,3,2,
11,3,1,0,2,2,1,0,3,3,2,
12,3,1,0,2,2,1,0,3,3,2,
12,3,1,0,2,2,1,0,3,4,3,
12,3,1,0,2,2,1,0,3,4,2,
13,3,1,0,2,2,1,0,3,4,3,
11,3,1,0,2,2,1,0,3,4,3,
11,3,1,0,2,2,1,0,3,3,2,
14,3,1,0,2,2,1,0,3,4,3,
14,3,1,1,2,2,1,0,3,4,3,
12,3,1,0,2,2,1,0,3,4,3,
12,3,1,0,2,2,1,0,3,4,3,
12,3,1,0,2,2,1,0,3,4,3,
12,3,1,0,2,2,1,0,3,4,3,
12,3,1,1,2,2,2,0,3,4,3,
13,3,1,0,2,2,1,0,3,3,2,
12,3,1,1,2,2,1,0,3,4,3,
14,3,1,0,2,2,1,0,3,3,2,
12,3,1,1,2,2,1,0,3,4,3,
12,3,1,1,2,2,1,0,3,4,3,
13,3,1,1,2,2,1,0,3,4,3,
12,3,2,1,2,2,2,0,4,4,3,
12,3,2,1,2,2,1,0,3,4,3,
12,3,2,1,2,2,2,0,4,4,3,
12,3,2,1,2,2,2,0,4,4,3,
12,3,2,1,2,2,2,0,4,4,3,
12,3,2,1,2,2,2,0,4,4,3,
15,5,1,0,2,2,1,0,3,6,2,
12,4,2,1,3,2,2,0,4,4,3,
12,4,2,1,3,2,2,0,4,4,3,
12,4,2,1,2,2,2,0,4,4,3,
12,3,2,1,2,2,2,0,4,4,3,
12,3,2,1,2,2,2,0,4,4,3,
12,3,2,1,2,2,2,0,4,4,3,
12,3,2,1,2,2,2,0,4,4,3,
12,3,2,1,2,2,2,0,4,4,3,
12,3,2,1,2,2,2,0,4,4,3,
11,3,2,1,2,2,2,0,4,4,3,
11,3,2,1,2,2,2,0,4,4,3,
14,6,2,1,2,2,2,0,4,7,3,
11,4,2,1,2,2,2,0,3,4,3,
11,4,2,1,3,2,2,0,4,4,3,
11,4,2,1,3,2,2,0,4,4,3,
11,4,2,1,2,2,2,0,4,4,3,
11,4,2,1,3,2,2,0,4,4,3,
11,4,2,1,3,2,2,0,4,4,3,
11,4,2,1,3,2,2,0,4,4,3,
11,3,1,0,2,1,1,0,3,3,2,
11,3,1,0,2,1,1,0,3,3,2,
11,3,1,0,2,2,1,0,3,3,2,
11,3,1,0,2,2,1,0,3,3,2,
11,3,1,0,2,2,1,0,3,3,2,
11,3,1,0,2,2,1,0,3,3,2,
14,3,2,1,2,2,2,0,4,4,3,
13,3,1,0,2,2,1,0,3,3,2,
11,3,1,0,2,2,1,0,3,3,2,
11,3,1,0,2,2,1,0,3,3,2,
11,3,1,0,2,2,1,0,3,3,2,
11,3,1,0,2,2,1,0,3,3,2,
11,3,1,0,2,2,1,0,3,3,2,
13,3,1,0,5,2,1,0,3,3,5,
11,2,0,0,1,1,1,0,2,2,1,
11,3,1,0,2,2,1,0,3,3,2,
11,3,2,0,1,2,1,0,3,3,2,
11,3,1,0,2,2,1,0,3,3,2,
13,3,3,3,4,2,1,0,3,3,5,
11,3,1,0,2,2,1,0,3,3,2,
12,4,2,1,3,2,2,0,4,4,3,
11,3,1,0,2,2,1,0,3,3,2,
13,5,1,0,2,4,1,0,5,5,2,
11,3,1,0,2,2,1,0,3,3,2,
12,3,2,1,2,2,2,0,4,4,3,
11,3,1,0,2,2,1,0,3,3,2,
12,3,1,0,2,2,1,0,3,4,3,
12,3,1,0,2,2,1,0,3,4,3,
12,3,1,0,2,2,1,0,4,4,3,
11,3,1,0,2,2,1,0,3,4,3,
12,3,1,0,2,2,1,0,3,4,3,
12,3,1,0,2,2,1,0,3,4,3,
14,3,1,0,2,2,1,0,3,4,3,
12,3,1,0,2,2,1,0,3,4,3,
15,6,2,1,2,4,1,0,6,6,3,
12,3,1,0,2,2,1,0,3,4,3,
12,3,1,1,2,2,2,0,4,4,3,
12,3,2,1,2,2,2,0,4,4,3,
13,5,2,1,5,5,2,0,5,5,5,
12,3,1,1,2,2,2,0,3,4,3,
12,3,4,1,2,2,2,0,4,4,3,
12,3,2,1,2,2,2,0,4,4,3,
13,3,4,3,5,2,1,0,3,4,5,
12,3,2,1,2,2,2,0,4,4,3,
12,3,2,1,2,2,2,0,4,4,3,
12,3,2,1,2,2,2,0,4,4,3,
14,5,2,1,2,4,1,0,6,6,3,
12,3,2,1,2,2,2,0,4,4,3,
12,3,2,1,2,2,2,0,4,4,3,
12,3,2,1,2,2,2,0,4,4,3,
12,3,2,1,2,2,2,0,4,4,3,
11,3,2,1,2,2,2,0,4,4,3,
12,4,2,1,2,2,2,0,5,4,3,
11,4,2,1,3,2,2,0,4,4,3,
12,4,2,1,3,2,2,0,5,4,3,
11,3,1,0,2,1,1,0,3,3,2,
11,4,2,1,3,2,2,0,4,4,3,
11,3,1,0,2,1,1,0,3,3,2,
11,3,1,0,2,2,1,0,3,3,2,
11,3,1,0,2,2,1,0,3,3,2,
11,3,1,0,2,1,1,0,3,3,2,
11,3,1,0,2,1,1,0,3,3,2,
11,3,1,0,2,2,1,0,3,3,2,
11,3,1,0,2,2,1,0,3,3,2,
11,3,1,0,2,2,1,0,3,3,2,
11,3,1,0,2,2,1,0,3,3,2,
11,3,1,0,2,2,1,0,3,3,2,
11,3,1,0,2,2,1,0,3,3,2,
11,3,1,0,2,2,1,0,3,3,2,
11,3,1,0,2,2,1,0,3,3,2,
13,3,1,0,2,2,1,0,3,3,2,
12,3,2,1,3,2,1,0,3,4,4,
11,3,1,0,2,2,1,0,3,3,2,
11,3,1,0,2,2,1,0,3,3,2,
11,3,1,0,2,2,1,0,3,3,2,
11,3,1,0,2,2,1,0,3,4,2,
11,3,1,0,2,2,1,0,3,4,2,
13,3,1,0,2,2,1,0,3,3,2,
11,3,1,0,2,2,1,0,3,3,2,
14,3,1,0,2,2,1,0,3,3,2,
12,3,1,0,2,2,1,0,3,4,2,
11,3,1,0,2,2,1,0,3,3,2,
12,3,1,0,2,2,1,0,3,4,3,
12,3,1,0,2,2,1,0,3,4,2,
12,3,1,0,2,2,1,0,3,4,2,
11,3,1,0,2,2,1,0,3,4,2,
11,3,1,0,2,2,1,0,3,4,3,
12,1,0,0,0,0,1,0,1,2,1,
12,3,1,0,2,2,1,0,3,4,3,
12,3,1,0,2,2,1,0,3,4,3,
12,3,1,0,2,2,1,0,3,4,3,
15,3,1,0,2,2,1,0,3,4,3,
12,3,1,0,2,2,1,0,3,4,3,
12,3,1,0,2,2,1,0,3,4,3,
12,3,1,1,2,2,1,0,3,4,3,
12,3,1,1,2,2,1,0,4,4,3,
12,3,1,0,2,2,1,0,3,4,3,
12,3,2,1,2,2,2,0,4,4,3,
12,3,1,1,2,2,1,0,3,4,3,
12,3,1,1,2,2,1,0,3,4,3,
12,3,2,1,2,2,2,0,4,4,3,
14,4,2,1,2,2,2,0,4,4,3,
12,3,2,1,2,2,2,0,4,4,3,
15,3,1,0,2,2,1,0,3,4,3,
12,3,2,1,2,2,2,0,4,4,3,
12,3,2,1,2,2,2,0,4,4,3,
12,4,2,1,2,2,2,0,4,4,3,
12,4,2,1,2,2,2,0,4,4,3,
12,3,2,1,2,2,2,0,4,4,3,
12,3,2,1,2,2,2,0,4,4,3,
12,4,2,1,2,2,2,0,4,4,3,
11,4,4,4,4,4,4,0,4,4,4,
11,4,2,1,3,2,2,0,4,4,3,
11,4,4,1,2,2,2,0,4,4,3,
11,4,2,1,3,2,2,0,4,4,3,
12,4,4,4,5,2,2,0,4,4,5,
11,4,2,1,3,2,2,0,4,4,3,
11,4,2,1,3,2,2,0,4,4,3,
11,3,1,0,2,1,1,0,3,3,2,
15,5,2,1,2,4,1,0,6,6,3,
11,3,1,0,2,1,1,0,3,3,2,
11,3,1,0,2,2,1,0,3,3,2,
11,3,1,0,2,2,1,0,3,3,2,
11,3,1,0,2,2,1,0,3,3,2,
11,3,1,0,2,2,1,0,3,3,2,
13,3,1,0,2,2,1,0,5,3,2,
13,4,1,0,2,2,1,0,3,5,2,
11,3,1,0,2,2,1,0,3,3,2,
11,3,1,0,2,2,1,0,3,3,2,
11,3,1,0,2,2,1,0,3,3,2,
11,3,1,0,2,2,1,0,3,3,2,
11,3,1,0,2,2,1,0,3,3,2,
11,3,1,0,2,2,1,0,3,3,2,
11,3,1,0,2,2,1,0,3,3,2,
11,3,1,0,2,2,1,0,3,3,2,
11,3,1,0,2,2,1,0,3,3,2,
11,3,1,0,2,2,1,0,3,3,2,
11,3,1,0,2,2,1,0,3,4,2,
11,3,1,0,2,2,1,0,3,3,2,
11,3,1,0,2,2,1,0,3,4,2,
11,3,1,0,2,2,1,0,3,4,3,
12,3,1,0,2,2,1,0,3,4,2,
11,3,1,0,2,2,1,0,3,3,2,
13,3,1,0,2,2,1,0,3,3,2,
12,3,1,0,2,2,1,0,3,4,2,
13,3,1,0,2,2,1,0,3,4,2,
12,3,1,0,2,2,1,0,3,4,3,
12,3,1,0,2,2,1,0,3,4,3,
12,3,1,0,2,2,1,0,3,4,3,
11,3,1,0,2,2,1,0,3,4,3,
12,3,1,0,2,2,1,0,3,4,3,
12,3,1,0,2,2,1,0,3,4,3,
12,3,1,0,2,2,1,0,3,4,3,
12,1,0,0,0,0,1,0,1,2,1,
12,3,1,0,2,2,1,0,3,4,3,
12,3,1,0,2,2,1,0,3,4,3,
12,3,2,1,2,2,2,0,4,4,3,
12,3,2,1,2,2,2,0,3,4,3,
12,3,1,1,2,2,2,0,4,4,3,
12,3,1,1,2,2,1,0,3,4,3,
14,3,2,1,2,2,2,0,3,4,3,
12,3,2,1,2,2,2,0,4,4,3,
12,3,2,1,2,2,2,0,4,4,3,
12,4,2,1,2,2,2,0,4,4,3,
12,4,2,1,2,2,2,0,4,4,3,
12,3,2,1,2,2,2,0,4,4,3,
12,3,1,0,2,2,1,0,3,4,3,
14,4,2,1,2,2,2,0,4,4,3,
12,4,2,1,2,2,2,0,4,4,3,
11,4,2,1,2,2,2,0,4,4,3,
11,4,2,1,2,2,2,0,4,4,3,
11,4,2,1,3,2,2,0,4,4,3,
11,4,2,1,3,2,2,0,4,4,3,
11,4,2,1,3,2,2,0,4,4,3,
13,4,2,1,3,2,2,0,4,4,3,
11,3,1,0,2,1,1,0,3,3,2,
14,3,1,0,2,2,1,0,3,4,3,
11,3,1,0,2,2,1,0,3,3,2,
11,3,1,0,2,2,1,0,3,3,2,
11,3,1,0,2,2,1,0,3,3,2,
11,3,1,0,2,2,1,0,3,3,2,
11,3,1,0,2,2,1,0,3,3,2,
11,3,1,0,2,2,1,0,3,3,2,
12,3,1,0,2,2,1,0,3,4,2,
11,0,0,0,0,0,0,0,0,0,0,
11,3,1,0,2,2,1,0,3,3,2,
11,3,3,0,2,2,1,0,3,3,2,
11,3,1,0,2,2,1,0,3,3,2,
13,3,4,3,5,2,1,0,3,3,5,
12,3,1,0,2,2,1,0,3,3,2,
11,3,1,0,2,2,1,0,3,3,2,
11,3,1,0,2,2,1,0,3,3,2,
15,6,2,1,2,4,1,0,6,6,3,
11,3,1,0,2,2,1,0,3,3,2,
11,3,1,0,2,2,1,0,3,3,2,
11,3,1,0,2,2,1,0,3,3,2,
11,3,1,0,2,2,1,0,3,3,2,
11,3,1,0,2,2,1,0,3,3,2,
13,3,1,0,2,2,1,0,5,3,2,
12,4,1,0,2,2,1,0,3,4,2,
12,3,1,0,2,2,1,0,3,4,2,
11,3,1,0,2,2,1,0,3,4,2,
14,3,1,0,2,2,1,0,3,4,3,
11,3,1,0,2,2,1,0,3,4,2,
16,5,2,1,2,3,1,0,5,5,3,
13,3,1,0,2,2,1,0,3,4,3,
12,3,1,0,2,2,1,0,3,4,3,
12,3,1,0,3,2,1,0,3,4,4,
13,5,1,0,2,2,1,0,5,5,5,
12,3,1,0,2,2,1,0,3,4,3,
12,3,2,1,2,2,1,0,3,4,3,
12,3,2,1,2,2,2,0,4,4,3,
12,3,1,1,2,2,2,0,3,4,3,
12,3,1,0,2,2,1,0,3,4,3,
14,3,2,1,2,2,2,0,3,4,3,
12,3,1,0,2,2,1,0,3,4,3,
12,3,1,0,2,2,1,0,3,4,3,
12,3,2,1,2,2,1,0,3,4,3,
12,3,1,1,2,2,1,0,3,4,3,
12,3,1,1,2,2,1,0,3,4,3,
12,3,1,1,2,2,1,0,3,4,3,
12,3,2,1,2,2,2,0,4,4,3,
12,3,2,1,2,2,2,0,3,4,3,
15,6,2,1,2,2,2,0,4,7,3,
12,3,2,1,2,2,2,0,4,4,3,
12,3,2,1,2,2,2,0,4,4,3,
12,4,2,1,2,2,2,0,4,4,3,
12,3,2,1,2,2,2,0,4,4,3,
12,4,2,1,2,2,2,0,4,4,3,
12,4,2,1,2,2,2,0,4,4,3,
12,4,2,1,2,2,2,0,4,4,3,
11,4,2,1,3,2,2,0,4,4,3,
11,3,1,0,2,1,1,0,3,3,2,
11,4,2,1,3,2,2,0,4,4,3,
11,3,1,0,2,1,1,0,3,3,2,
11,3,1,0,2,2,1,0,3,3,2,
12,3,1,0,2,1,1,0,4,3,2,
13,3,1,0,2,2,1,0,3,3,2,
11,3,1,0,2,2,1,0,3,3,2,
14,4,2,1,3,2,2,0,4,4,3,
14,3,1,0,2,2,1,0,3,3,2,
11,3,1,0,2,2,1,0,3,3,2,
11,3,1,0,2,2,1,0,3,3,2,
11,3,1,0,2,2,1,0,3,3,2,
11,3,3,0,3,3,3,0,3,3,3,
11,3,1,0,2,2,1,0,3,3,2,
11,3,1,0,2,2,1,0,3,3,2,
14,3,2,1,2,2,2,0,3,4,3,
11,3,1,0,2,2,1,0,3,3,2,
14,5,1,0,2,4,3,2,5,6,2,
11,3,1,0,2,2,1,0,3,3,2,
11,3,1,0,2,2,1,0,3,3,2,
11,3,1,0,2,2,1,0,3,3,2,
11,3,1,0,2,2,1,0,3,3,2,
11,3,1,0,2,2,1,0,3,3,2,
11,3,1,0,2,2,1,0,3,3,2,
11,3,1,0,2,2,1,0,3,3,2,
12,1,0,0,0,0,0,0,0,1,0,
11,3,1,0,2,2,1,0,3,3,2,
11,3,2,0,2,2,1,0,3,4,2,
11,3,1,0,2,2,1,0,3,3,3,
11,3,1,0,2,2,3,0,3,4,2,
12,3,1,0,2,2,1,0,3,4,3,
11,3,1,0,2,2,1,0,3,4,2,
11,3,1,0,2,2,1,0,3,3,2,
11,3,1,0,2,2,1,0,3,3,2,
11,3,1,0,2,2,1,0,3,4,2,
12,3,1,0,2,2,1,0,3,4,3,
11,3,1,0,2,2,1,0,3,4,2,
11,3,1,0,2,2,1,0,3,4,3,
14,3,1,0,2,2,1,0,3,4,2,
14,6,1,0,2,2,1,0,3,6,3,
12,3,1,0,2,2,1,0,3,4,3,
12,3,1,0,2,2,1,0,3,4,3,
12,3,1,0,2,2,1,0,3,4,3,
12,3,1,0,2,2,1,0,3,4,3,
12,3,2,1,2,2,2,0,4,4,3,
12,3,1,0,2,2,1,0,3,4,3,
12,3,1,0,2,2,1,0,3,3,2,
12,3,2,1,2,2,2,0,3,4,3,
12,3,2,1,2,2,2,0,4,4,3,
12,3,2,1,2,2,2,0,4,4,3,
12,3,2,1,2,2,2,0,4,4,3,
12,3,2,1,2,2,2,0,4,4,3,
12,4,2,1,2,2,2,0,4,4,3,
13,3,1,0,2,2,1,0,3,3,2,
12,3,2,1,2,2,2,0,4,4,3,
12,4,2,1,2,2,2,0,4,4,3,
13,3,1,0,2,2,1,0,3,4,2,
11,2,0,0,1,1,1,0,2,2,2,
12,3,1,0,2,1,1,0,3,3,2,
12,3,1,0,1,1,1,0,3,3,2,
12,3,1,0,4,1,1,0,3,3,4,
11,3,1,0,1,1,1,0,3,3,2,
11,4,2,1,2,2,2,0,4,4,3,
11,4,2,1,2,2,2,0,4,4,3,
11,4,2,1,3,2,2,0,4,4,3,
13,6,2,1,2,4,4,0,6,6,4,
11,4,2,1,3,2,2,0,4,4,3,
11,4,2,1,2,2,2,0,4,4,3,
11,4,2,1,3,2,2,0,4,4,3,
11,4,2,1,2,2,2,0,4,4,3,
11,3,1,0,2,1,1,0,3,3,2,
11,4,2,1,3,2,2,0,4,4,3,
11,3,1,0,2,1,1,0,3,3,2,
12,3,3,0,3,3,4,0,3,3,3,
11,3,1,0,2,2,1,0,3,3,2,
12,3,4,0,2,2,1,0,3,3,2,
11,3,1,0,2,2,1,0,3,3,2,
12,3,1,0,4,2,1,0,3,3,4,
11,3,1,0,2,2,1,0,3,3,2,
13,3,1,0,2,2,1,0,3,3,2,
11,3,1,0,2,2,1,0,3,3,2,
16,5,2,1,2,4,1,0,6,6,3,
11,3,1,0,2,2,1,0,3,3,2,
11,3,1,0,2,2,1,0,3,3,2,
11,3,1,0,2,2,1,0,3,3,2,
11,3,1,0,2,2,1,0,3,3,2,
11,3,1,0,2,2,1,0,3,4,2,
11,3,1,0,2,2,1,0,3,3,2,
11,3,1,0,2,2,1,0,3,4,2,
11,3,1,0,2,2,1,0,3,4,2,
11,3,1,0,2,2,1,0,3,4,2,
12,3,1,0,2,2,1,0,3,4,2,
11,3,1,0,2,2,1,0,3,3,3,
14,5,2,1,2,4,1,0,5,6,3,
11,3,1,0,2,2,1,0,3,4,2,
11,3,1,0,2,2,1,0,3,3,2,
12,3,1,0,2,2,1,0,3,4,2,
11,3,1,0,2,2,1,0,3,4,2,
11,3,1,0,2,2,1,0,3,4,2,
12,3,1,0,2,2,1,0,4,4,3,
12,3,1,0,2,2,1,0,3,4,3,
12,3,1,0,2,2,1,0,3,4,3,
12,3,1,0,2,2,1,0,3,4,3,
12,3,1,0,2,2,1,0,5,4,3,
12,3,1,0,2,2,1,0,3,4,3,
12,3,1,1,2,2,1,0,3,4,3,
12,3,2,1,2,2,2,0,3,4,3,
12,3,1,1,2,2,1,0,3,4,3,
12,3,2,1,2,2,2,0,4,4,3,
12,3,2,1,2,2,1,0,3,4,3,
12,3,2,1,2,2,2,0,4,4,3,
12,3,2,1,2,2,2,0,3,4,3,
12,3,2,1,2,2,2,0,4,4,3,
12,3,2,1,2,2,2,0,3,4,3,
12,3,2,1,2,2,2,0,4,4,3,
12,4,2,1,2,2,2,0,4,4,3,
11,3,1,0,2,2,1,0,3,3,2,
13,4,2,1,2,2,2,0,4,4,3,
12,4,2,1,2,2,2,0,4,4,3,
11,4,2,1,2,2,2,0,4,4,3,
11,4,2,1,2,2,2,0,4,4,3,
11,4,2,1,3,2,2,0,4,4,3,
11,4,2,1,3,2,2,0,4,4,3,
11,4,2,1,3,2,2,0,4,4,3,
12,4,2,1,3,2,2,0,4,4,3,
11,4,2,1,3,2,2,0,4,4,3,
14,3,1,0,2,2,1,0,3,4,3,
11,4,2,1,3,2,2,0,4,4,3,
11,4,2,1,3,2,2,0,4,4,3,
11,4,2,1,3,2,2,0,4,4,3,
11,3,1,0,2,2,1,0,3,3,2,
11,3,1,0,2,2,1,0,3,3,2,
11,3,1,0,2,2,1,0,3,3,2,
13,3,1,0,5,2,1,0,3,3,5,
11,1,0,0,0,0,0,0,1,1,0,
11,3,1,0,2,2,1,0,3,3,2,
11,3,2,0,1,2,1,0,3,3,2,
11,3,1,0,2,2,1,0,3,3,2,
12,3,3,2,4,1,1,0,3,3,5,
11,3,1,0,2,2,1,0,3,3,2,
11,3,1,0,2,2,1,0,3,3,2,
11,3,1,0,2,2,1,0,3,3,2,
11,3,1,0,2,2,1,0,3,3,2,
11,3,1,0,2,2,1,0,3,3,2,
11,3,1,0,2,2,1,0,3,3,2,
11,3,1,0,2,2,1,0,3,3,2,
11,0,0,0,0,0,0,0,0,0,0,
11,3,1,0,2,2,1,0,3,3,2,
11,3,2,0,1,2,1,0,3,3,2,
12,3,1,0,3,2,1,0,3,3,4,
12,3,2,2,3,2,1,0,3,4,4,
13,4,2,1,2,2,2,0,4,4,3,
11,3,1,0,2,2,1,0,3,3,2,
11,3,1,0,2,2,1,0,3,3,2,
12,4,1,0,2,2,1,0,4,4,2,
12,3,1,0,2,2,1,0,3,4,3,
11,3,1,0,2,2,1,0,3,3,2,
11,3,1,0,2,2,1,0,3,4,2,
13,5,1,0,2,2,1,0,5,5,5,
11,3,1,0,2,2,1,0,3,4,2,
12,3,1,0,2,2,1,0,3,4,3,
11,3,1,0,2,2,1,0,3,4,3,
11,3,1,0,2,2,1,0,3,4,3,
11,3,1,0,2,2,1,0,3,4,3,
12,3,1,0,2,2,1,0,3,4,3,
12,3,1,0,2,2,1,0,3,4,3,
12,3,1,1,2,2,1,0,3,4,3,
12,3,1,1,2,2,1,0,3,4,3,
12,3,1,0,2,2,1,0,3,4,3,
12,3,1,0,2,2,1,0,3,4,3,
12,3,1,1,2,2,1,0,3,4,3,
12,3,2,1,2,2,2,0,3,4,3,
12,3,2,1,2,2,2,0,4,4,3,
14,6,2,1,2,2,2,0,4,7,3,
12,3,2,1,2,2,2,0,4,4,3,
12,3,2,1,2,2,2,0,4,4,3,
12,4,2,1,2,2,2,0,4,4,3,
12,3,2,1,2,2,2,0,4,4,3,
12,4,2,1,2,2,2,0,4,4,3,
12,3,1,0,2,2,1,0,3,3,2,
12,4,2,1,2,2,2,0,4,4,3,
11,4,2,1,2,2,2,0,4,4,3,
11,3,2,1,2,2,2,0,4,4,3,
34,3,1,0,2,2,1,0,3,3,2,
11,4,2,1,3,2,2,0,4,4,3,
11,4,2,1,2,2,2,0,4,4,3,
13,4,2,1,3,2,2,0,4,4,3,
11,4,2,1,3,2,2,0,4,4,3,
11,4,2,1,2,2,2,0,4,4,3,
11,4,2,1,3,2,2,0,4,4,3,
11,4,2,1,3,2,2,0,4,4,3,
11,4,2,1,3,2,2,0,4,4,3,
11,4,2,1,3,2,2,0,4,4,3,
12,3,1,0,4,1,1,0,3,3,4,
11,2,0,0,1,0,0,0,2,2,1,
11,3,1,0,2,2,1,0,3,3,2,
11,3,1,0,2,1,1,0,3,3,2,
11,3,1,0,2,2,1,0,3,3,2,
12,4,3,3,4,3,2,0,4,4,5,
11,3,1,0,2,2,1,0,3,3,2,
11,3,1,0,2,2,1,0,3,3,2,
11,3,1,0,2,2,1,0,3,3,2,
11,3,1,0,2,2,1,0,3,3,2,
11,3,1,0,2,2,1,0,3,3,2,
11,3,1,0,2,2,1,0,3,3,2,
13,3,1,0,5,2,1,0,3,3,5,
11,2,0,0,1,1,1,0,2,2,1,
11,3,1,0,2,2,1,0,3,3,2,
11,3,2,0,1,2,1,0,3,3,2,
11,3,1,0,2,2,1,0,3,3,2,
13,3,3,2,4,1,1,0,3,3,5,
11,3,1,0,2,2,1,0,3,3,2,
11,3,1,0,2,2,1,0,3,4,2,
11,3,1,0,2,2,1,0,3,3,2,
13,5,1,1,2,4,1,0,5,6,3,
11,3,1,0,2,2,1,0,3,3,2,
11,3,1,0,2,2,1,0,3,4,2,
11,3,1,0,2,2,1,0,3,4,2,
11,3,1,0,2,2,1,0,3,4,3,
11,3,1,0,2,2,1,0,3,4,3,
12,3,1,0,2,2,1,0,4,4,3,
11,3,1,0,2,2,1,0,3,4,3,
11,3,1,0,2,2,1,0,3,4,3,
11,3,1,0,2,2,1,0,3,4,3,
12,3,1,1,2,2,1,0,3,4,3,
12,3,2,1,2,2,2,0,3,4,3,
12,3,1,0,2,2,1,0,3,4,3,
11,3,1,1,2,2,1,0,3,4,3,
12,3,1,1,2,2,1,0,3,4,3,
12,3,1,1,2,2,1,0,3,4,3,
12,3,1,1,2,2,2,0,3,4,3,
12,3,2,1,2,2,2,0,4,4,3,
12,3,2,1,2,2,2,0,3,4,3,
12,3,2,1,2,2,2,0,4,4,3,
12,3,2,1,2,2,2,0,4,4,3,
12,4,2,1,2,2,2,0,4,4,3,
12,3,2,1,2,2,2,0,4,4,3,
11,4,2,1,3,2,2,0,4,4,3,
13,4,2,1,2,2,2,0,4,4,3,
14,5,2,1,3,4,2,0,6,6,3,
12,4,2,1,3,2,2,0,4,4,3,
11,4,2,1,3,2,2,0,4,4,3,
11,4,2,1,3,2,2,0,4,4,3,
11,4,2,1,3,2,2,0,4,4,3,
11,4,2,1,3,2,2,0,4,4,3,
12,3,1,0,2,2,1,0,3,4,3,
11,4,2,1,3,2,2,0,4,4,3,
14,3,3,2,4,2,2,0,3,3,4,
11,4,2,1,3,2,2,0,4,4,3,
11,4,2,1,3,2,2,0,4,4,3,
11,4,2,1,3,2,2,0,4,4,3,
11,3,1,0,2,2,1,0,3,3,2,
11,3,1,0,2,1,1,0,3,3,2,
11,3,1,0,2,1,1,0,3,3,2,
12,3,1,0,4,2,1,0,3,3,5,
11,3,1,0,2,1,1,0,3,3,2,
11,3,1,0,2,2,1,0,3,3,2,
14,3,1,0,2,2,1,0,3,3,2,
11,3,1,0,2,2,1,0,3,3,2,
14,6,1,0,2,4,4,2,6,6,2,
11,3,1,0,2,2,1,0,3,3,2,
11,3,1,0,2,2,1,0,3,3,2,
11,3,1,0,2,2,1,0,3,3,2,
11,3,1,0,2,2,1,0,3,3,2,
11,3,1,0,2,2,1,0,3,3,2,
11,3,1,0,2,2,1,0,3,3,2,
11,3,1,0,2,2,1,0,3,3,2,
12,3,3,3,3,3,4,0,3,3,3,
12,3,1,0,2,2,1,0,3,3,2,
12,3,4,0,2,2,1,0,3,3,2,
11,3,1,0,2,2,1,0,3,4,2,
14,4,5,4,6,2,2,0,4,4,6,
11,3,1,0,2,2,1,0,3,4,2,
13,3,1,0,2,2,1,0,3,4,3,
11,3,1,0,2,2,1,0,3,3,2,
15,5,1,0,2,4,1,0,5,5,2,
11,3,1,0,2,2,1,0,3,4,2,
11,3,1,0,2,2,1,0,3,4,3,
11,3,1,0,2,2,1,0,3,4,3,
11,3,1,0,2,2,1,0,3,4,3,
11,3,1,0,2,2,1,0,3,4,3,
13,3,1,0,2,2,1,0,6,4,3,
13,5,1,0,2,2,1,0,3,5,3,
12,3,1,0,2,2,1,0,3,4,3,
12,3,3,0,3,3,3,0,3,4,3,
12,3,1,0,2,2,1,0,3,4,3,
12,3,1,0,2,2,1,0,3,4,3,
12,3,1,1,2,2,1,0,3,4,3,
12,3,1,1,2,2,1,0,3,4,3,
12,3,2,1,2,2,1,0,3,4,3,
12,3,2,1,2,2,2,0,3,4,3,
12,3,2,1,2,2,2,0,3,4,3,
12,3,2,1,2,2,2,0,3,4,3,
12,3,2,1,2,2,2,0,4,4,3,
12,3,2,1,2,2,2,0,4,4,3,
12,3,2,1,2,2,2,0,4,4,3,
12,3,1,0,2,1,1,0,3,3,2,
12,3,2,1,2,2,2,0,4,4,3,
11,3,1,0,2,2,1,0,3,4,2,
13,4,2,1,2,2,2,0,4,4,3,
11,4,2,1,3,2,2,0,4,4,3,
11,4,2,1,3,2,2,0,4,4,3,
11,4,2,1,3,2,2,0,4,4,3,
11,4,2,1,2,2,2,0,4,4,3,
11,4,2,1,3,2,2,0,4,4,3,
11,4,2,1,3,2,2,0,4,4,3,
11,3,1,0,2,2,1,0,3,4,2,
11,4,2,1,3,2,2,0,4,4,3,
14,3,2,1,2,2,2,0,4,4,3,
11,4,2,1,3,2,2,0,4,4,3,
11,3,1,0,2,1,1,0,3,3,2,
11,3,1,0,2,2,1,0,3,3,2,
11,3,1,0,2,2,1,0,3,3,2,
11,3,1,0,2,2,1,0,3,3,2,
11,3,1,0,2,2,1,0,3,3,2,
11,3,1,0,2,2,1,0,3,3,3,
11,3,1,0,2,2,1,0,3,3,2,
11,3,1,0,2,2,1,0,3,3,2,
14,3,1,0,2,2,1,0,3,3,2,
11,3,1,0,2,2,1,0,3,3,2,
13,5,1,0,2,4,3,0,5,5,2,
11,3,1,0,2,2,1,0,3,3,2,
11,3,1,0,2,2,1,0,3,3,2,
11,3,1,0,2,2,1,0,3,3,2,
11,3,1,0,2,2,1,0,3,3,2,
11,3,1,0,2,2,1,0,3,3,2,
11,3,1,0,2,2,1,0,3,3,2,
11,3,1,0,2,2,1,0,3,3,2,
12,4,4,0,4,4,4,0,4,4,4,
11,3,1,1,2,2,1,0,3,4,3,
11,3,1,0,2,2,1,0,3,4,2,
11,3,1,0,2,2,1,0,3,4,2,
12,3,1,0,4,2,1,0,3,4,5,
11,3,1,0,2,2,1,0,3,4,3,
14,3,1,1,2,2,1,0,3,4,3,
12,3,1,0,2,2,1,0,3,4,3,
16,5,1,0,2,4,1,0,5,5,2,
11,3,1,0,2,2,1,0,3,4,3,
11,3,1,0,2,2,1,0,3,4,3,
11,3,1,0,2,2,1,0,3,4,3,
12,3,1,0,2,2,1,0,3,4,3,
12,3,1,1,2,2,2,0,3,4,3,
14,3,1,1,2,2,1,0,6,4,3,
34,4,2,1,3,2,2,0,4,4,3,
12,3,1,1,2,2,1,0,3,4,3,
12,3,1,0,2,2,1,0,3,4,3,
12,3,1,1,2,2,1,0,3,4,3,
11,3,1,1,2,2,1,0,3,4,3,
12,3,1,1,2,2,2,0,3,4,3,
12,3,1,1,2,2,1,0,3,4,3,
12,3,2,1,2,2,2,0,4,4,3,
12,3,2,1,2,2,2,0,4,4,3,
12,3,2,1,2,2,2,0,4,4,3,
12,3,2,1,2,2,2,0,4,4,3,
12,3,2,1,2,2,2,0,4,4,3,
12,4,2,1,3,2,2,0,4,4,3,
13,4,2,1,3,2,2,0,4,4,3,
12,4,2,1,3,2,2,0,4,4,3,
12,3,2,1,2,2,2,0,4,4,3,
13,4,2,1,3,2,2,0,4,4,3,
11,4,2,1,3,2,2,0,4,4,3,
11,4,4,1,3,2,2,0,4,4,3,
11,3,1,0,2,1,1,0,3,3,2,
11,4,2,1,3,2,2,0,4,4,3,
11,3,1,0,2,1,1,0,3,3,2,
11,3,1,0,2,2,1,0,3,3,2,
13,3,1,0,2,2,1,0,5,3,2,
11,3,1,0,2,1,1,0,3,3,2,
13,3,1,0,2,1,1,0,3,3,2,
11,3,1,0,2,2,1,0,3,3,2,
11,3,1,0,2,2,1,0,3,3,2,
11,3,1,0,2,2,1,0,3,3,2,
11,3,1,0,2,2,1,0,3,3,2,
11,3,1,0,2,2,1,0,3,3,2,
11,3,1,0,2,2,1,0,3,3,2,
12,4,1,0,4,3,0,0,4,4,4,
11,3,1,0,2,2,1,0,3,3,2,
11,3,1,0,2,2,1,0,3,3,2,
11,3,2,0,1,2,1,0,3,3,2,
11,3,1,0,2,2,1,0,3,3,2,
13,4,2,1,2,2,4,0,4,4,3,
11,3,1,0,2,2,1,0,3,3,2,
11,3,1,0,2,2,1,0,3,3,2,
12,3,3,2,4,2,1,0,3,3,5,
12,4,1,0,2,3,1,0,4,4,2,
11,3,1,0,2,2,1,0,3,3,3,
11,3,1,0,2,2,1,0,3,4,3,
11,3,1,0,2,2,1,0,3,4,2,
14,6,1,0,2,2,1,0,6,6,3,
11,3,1,0,2,2,1,0,3,4,3,
11,3,1,0,2,2,1,0,3,4,3,
12,3,1,0,2,2,1,0,3,4,3,
12,3,1,0,2,2,1,0,3,4,3,
11,3,1,0,2,2,1,0,3,4,3,
12,3,1,0,2,2,1,0,3,4,3,
11,3,1,0,2,2,1,0,3,4,3,
11,3,1,0,2,2,1,0,3,4,3,
12,3,1,0,2,2,1,0,3,4,3,
12,3,1,1,2,2,1,0,3,4,3,
12,3,1,0,2,2,1,0,3,4,3,
12,4,1,1,2,2,1,0,3,4,3,
12,3,2,1,2,2,2,0,3,4,3,
12,3,1,1,2,2,2,0,4,4,3,
15,6,1,1,2,2,2,0,4,7,3,
12,3,2,1,2,2,2,0,4,4,3,
12,4,2,1,2,2,2,0,4,4,3,
12,4,2,1,3,2,2,0,4,4,3,
13,3,1,0,2,2,1,0,3,3,2,
12,4,2,1,2,2,2,0,4,4,3,
12,4,2,1,2,2,2,0,4,4,3,
12,4,2,1,3,2,2,0,4,4,3,
12,4,2,1,2,2,2,0,4,4,3,
12,4,2,1,3,2,2,0,4,4,3,
12,4,2,1,3,2,2,0,4,4,3,
11,4,2,1,3,2,2,0,4,4,3,
11,4,2,1,3,2,2,0,4,4,3,
11,4,2,1,3,2,2,0,4,4,3,
11,4,2,1,3,2,2,0,4,4,3,
11,3,1,0,2,1,1,0,3,3,2,
11,3,1,1,2,2,1,0,3,4,3,
12,3,1,0,2,1,1,0,3,3,2,
12,3,1,0,4,2,1,0,3,3,4,
11,3,1,0,2,2,1,0,3,3,2,
11,3,1,0,2,2,1,0,3,3,2,
11,3,1,0,2,2,1,0,3,3,2,
11,3,1,0,2,2,1,0,3,3,2,
11,3,1,0,2,2,1,0,3,3,2,
11,3,1,0,2,2,1,0,3,4,3,
11,3,1,0,2,2,1,0,3,3,2,
14,3,2,1,2,2,2,0,4,4,3,
11,3,1,0,2,2,1,0,3,3,2,
11,3,1,0,2,2,1,0,3,3,2,
11,3,1,0,2,2,1,0,3,3,2,
11,3,1,0,2,2,1,0,3,3,2,
11,3,1,0,2,2,1,0,3,3,2,
11,3,1,0,2,2,1,0,3,4,2,
13,3,1,0,5,2,1,0,3,4,5,
11,2,0,0,1,1,1,0,2,3,2,
11,3,1,0,2,2,1,0,3,3,2,
11,3,2,0,2,2,1,0,3,4,2,
11,3,1,0,2,2,1,0,3,4,3,
13,3,4,3,4,2,1,0,3,3,5,
11,3,1,0,2,2,1,0,3,4,3,
12,3,1,0,2,2,1,0,3,4,3,
11,3,1,0,2,2,1,0,3,4,3,
13,5,1,1,2,3,1,0,5,5,3,
12,3,1,1,2,2,1,0,3,4,3,
11,3,1,0,2,2,1,0,3,4,3,
12,3,1,0,2,2,1,0,3,4,3,
12,3,1,0,2,2,1,0,3,4,3,
12,3,2,1,2,2,2,0,3,4,3,
12,3,2,1,2,2,2,0,4,4,3,
12,4,2,1,2,2,2,0,4,4,3,
12,3,2,1,2,2,2,0,4,4,3,
12,3,2,1,2,2,2,0,4,4,3,
12,3,2,1,3,2,2,0,4,4,3,
13,4,2,1,3,2,2,0,4,4,3,
12,4,2,1,3,2,2,0,4,4,3,
12,4,2,1,3,2,2,0,4,4,3,
12,3,1,0,2,2,1,0,3,3,2,
11,3,1,0,2,2,1,0,3,3,2,
11,3,1,0,2,2,1,0,3,3,2,
11,3,1,0,2,2,1,0,3,3,2,
11,3,1,0,2,2,1,0,3,3,2,
11,3,1,0,2,2,1,0,3,3,2,
11,3,1,0,2,2,1,0,3,3,2,
13,5,1,0,2,2,1,0,5,5,2,
11,3,1,0,2,2,1,0,3,3,2,
11,3,1,0,2,2,1,0,3,3,2,
11,3,1,0,2,2,1,0,3,3,2,
11,3,1,0,2,2,1,0,3,3,2,
11,3,1,0,2,2,1,0,3,3,2,
11,3,1,0,2,2,1,0,3,3,2,
11,3,1,0,2,2,1,0,3,3,2,
11,3,1,0,2,2,1,0,3,3,2,
11,3,1,0,2,2,1,0,3,3,2,
14,6,1,0,2,2,1,0,3,6,2,
11,3,1,0,2,2,1,0,3,3,2,
11,3,1,0,2,2,1,0,3,4,2,
11,3,1,0,2,2,1,0,3,3,2,
11,3,1,0,2,2,1,0,3,3,2,
11,3,1,0,2,2,1,0,3,4,2,
11,3,1,0,2,2,1,0,3,3,2,
11,3,1,0,2,2,1,0,3,4,2,
11,3,1,0,2,2,1,0,3,4,2,
11,3,1,0,2,2,1,0,3,4,3,
11,3,1,0,2,2,1,0,3,4,2,
11,3,1,0,2,2,1,0,3,4,2,
32,3,2,1,2,25,1,0,3,4,3,
14,4,2,1,3,2,2,0,4,4,3,
11,3,1,0,2,2,1,0,3,4,3,
11,3,1,0,2,2,1,0,3,4,3,
34,3,25,24,25,2,1,0,3,4,26,
11,3,2,1,2,2,1,0,3,4,3,
12,3,1,0,2,2,1,0,3,4,3,
13,3,1,0,5,2,1,0,3,4,5,
12,2,2,0,1,1,1,0,2,3,1,
12,3,1,0,2,2,1,0,3,4,3,
11,3,2,1,2,2,1,0,3,4,3,
11,3,2,1,2,2,1,0,3,4,3,
13,3,4,3,5,2,1,0,3,4,5,
12,3,2,1,2,2,2,0,3,4,3,
12,3,2,1,2,2,2,0,3,4,3,
12,3,2,1,2,2,2,0,4,4,3,
13,5,2,1,2,3,1,0,5,5,3,
12,3,2,1,2,2,2,0,4,4,3,
12,3,2,1,2,2,2,0,4,4,3,
12,3,2,1,2,2,2,0,4,4,3,
15,3,2,1,2,2,2,0,4,7,3,
12,3,2,1,2,2,2,0,4,4,3,
13,5,2,1,2,4,1,0,5,5,3,
12,3,2,1,3,2,2,0,4,4,3,
12,3,2,1,2,2,2,0,4,4,3,
12,4,2,1,2,2,2,0,4,4,3,
12,4,2,1,3,2,2,0,4,4,3,
12,4,2,1,3,2,2,0,4,4,3,
17,6,2,1,2,4,1,0,6,6,3,
12,3,1,0,2,2,1,0,3,3,2,
12,3,2,1,2,2,1,0,3,3,3,
11,4,2,1,3,2,2,0,4,4,3,
11,4,2,1,3,2,2,0,4,4,3,
11,4,2,1,3,2,2,0,4,4,3,
13,4,2,1,3,2,2,0,7,4,3,
13,5,1,0,2,1,1,0,3,5,2,
11,3,1,0,2,1,1,0,3,3,2,
11,3,1,0,2,2,1,0,3,3,2,
11,3,1,0,2,2,1,0,3,3,2,
34,26,1,0,2,2,1,0,3,3,2,
11,3,1,0,2,2,1,0,3,4,2,
11,3,1,0,2,2,1,0,3,3,2,
11,3,1,0,2,2,1,0,3,3,2,
11,3,1,0,2,2,1,0,3,3,2,
11,3,1,0,2,2,1,0,3,3,2,
11,3,1,0,2,2,1,0,3,3,2,
33,3,1,0,25,2,1,0,3,3,2,
33,2,1,0,1,1,1,23,3,3,2,
14,3,1,0,2,2,1,0,3,4,2,
13,3,1,1,2,2,1,0,3,3,2,
11,3,1,0,2,2,1,0,3,3,2,
11,3,1,0,2,2,1,0,3,3,2,
11,3,1,0,2,2,1,0,3,3,2,
11,3,1,0,2,2,1,0,3,4,3,
11,3,1,0,2,2,3,0,3,4,3,
11,3,1,0,2,2,1,0,3,4,3,
13,4,2,1,2,2,2,0,4,4,3,
12,3,1,1,2,2,1,0,3,4,3,
14,3,1,0,2,2,1,0,3,4,2,
12,3,2,1,2,2,1,0,3,4,3,
11,3,2,1,2,2,2,0,3,4,3,
12,3,2,1,2,2,2,0,4,4,3,
12,3,2,1,2,2,2,0,4,4,3,
12,3,2,1,2,2,2,0,4,4,3,
11,2,1,0,1,1,1,0,2,3,2,
15,3,2,1,6,2,2,0,4,4,7,
12,1,0,0,0,0,1,0,1,1,0,
12,3,2,1,2,2,2,0,4,4,3,
12,3,3,1,2,2,2,0,4,4,3,
12,3,2,1,3,2,2,0,4,4,3,
13,3,4,3,5,2,2,0,3,4,5,
12,4,2,1,3,2,2,0,4,4,3,
12,4,2,1,3,2,2,0,4,4,3,
12,4,2,1,3,2,2,0,4,4,3,
13,4,2,1,2,3,1,0,5,5,3,
11,4,2,1,3,2,2,0,4,4,3,
11,4,2,1,3,2,2,0,4,4,3,
11,3,1,0,2,1,1,0,3,3,2,
14,6,1,0,2,2,1,0,6,6,2,
11,3,1,0,2,1,1,0,3,3,2,
11,3,1,0,2,1,1,0,3,3,2,
11,3,1,0,2,2,1,0,3,3,2,
11,3,1,0,2,2,1,0,3,3,2,
11,3,1,0,2,2,1,0,3,3,2,
11,3,1,0,2,2,1,0,3,3,2,
11,3,1,0,2,2,1,0,3,3,2,
11,3,1,0,2,2,1,0,3,3,2,
11,3,1,0,2,2,1,0,3,3,2,
11,3,1,0,2,2,1,0,3,3,2,
11,3,1,0,2,2,1,0,3,3,2,
11,3,1,0,2,2,1,0,3,3,2,
11,3,1,0,2,2,1,0,3,3,2,
11,3,1,0,2,2,1,0,3,3,2,
14,6,1,0,2,2,1,0,3,6,2,
11,3,1,0,2,2,1,0,3,3,2,
11,3,1,0,2,2,1,0,3,4,3,
11,3,1,0,2,2,1,0,3,4,3,
11,3,1,0,2,2,1,0,3,3,2,
12,3,1,0,2,2,1,0,3,4,3,
11,3,1,0,2,2,1,0,3,4,3,
32,3,2,1,2,2,24,0,4,4,3,
11,3,1,0,2,2,1,0,3,4,3,
11,3,1,0,2,2,1,0,3,4,3,
12,3,2,1,2,2,2,0,4,4,3,
11,3,1,1,2,2,1,0,3,4,3,
11,3,1,0,2,2,1,0,3,4,3,
13,3,1,1,2,2,1,0,3,3,3,
11,3,2,1,2,2,1,0,3,4,3,
11,3,1,1,2,2,1,0,3,4,3,
12,3,2,1,2,2,2,0,4,4,3,
12,3,2,1,2,2,2,0,4,4,3,
12,3,2,1,2,2,2,0,4,4,3,
12,3,2,1,2,2,2,0,4,4,3,
12,3,2,1,3,2,2,0,4,4,3,
12,3,2,1,2,2,2,0,4,4,3,
12,3,2,1,2,2,2,0,4,4,3,
14,3,1,1,2,2,1,0,3,4,3,
12,4,2,1,3,2,2,0,4,4,3,
14,6,2,1,3,5,4,0,6,6,3,
12,4,2,1,2,2,2,0,4,4,3,
12,4,2,1,3,2,2,0,4,4,3,
32,4,24,1,3,2,2,0,4,4,3,
11,3,1,0,2,2,1,0,3,3,2,
11,4,2,1,3,2,2,0,4,4,3,
11,4,2,1,3,2,2,0,4,4,3,
11,4,4,0,4,4,4,0,4,4,4,
11,3,1,0,2,1,1,0,3,3,2,
11,3,1,0,2,2,1,0,3,3,2,
11,3,1,0,2,2,1,0,3,3,2,
33,3,1,0,4,2,1,0,25,3,4,
13,3,1,0,2,2,1,0,3,3,2,
11,3,1,0,2,2,1,0,3,3,2,
16,6,2,1,2,4,1,0,6,6,3,
11,3,1,0,2,2,1,0,3,3,2,
11,3,1,0,2,2,1,0,3,3,2,
11,3,1,0,2,2,1,0,3,3,2,
11,3,1,0,2,2,1,0,3,3,2,
11,3,1,0,2,2,1,0,3,3,2,
14,3,1,0,2,2,1,0,6,4,3,
13,5,1,0,2,2,1,0,3,6,2,
11,3,1,0,2,2,1,0,3,4,3,
11,3,1,1,2,2,1,0,3,4,3,
11,3,1,0,2,2,1,0,3,4,3,
33,3,1,0,2,2,1,0,3,26,3,
12,3,1,0,2,2,1,0,3,4,3,
11,3,1,1,2,2,1,0,3,4,3,
11,3,1,0,2,2,1,0,3,4,3,
11,3,1,1,2,2,1,0,3,4,3,
11,3,1,1,2,2,1,0,3,4,3,
11,3,1,1,2,2,1,0,3,4,3,
11,3,1,1,2,2,1,0,3,4,3,
12,3,2,1,2,2,2,0,3,4,3,
13,5,2,1,2,4,1,0,5,5,3,
11,3,2,1,2,2,2,0,4,4,3,
11,4,2,1,3,2,2,0,4,4,3,
13,3,2,1,2,2,2,0,4,4,3,
12,3,2,1,2,2,2,0,4,4,3,
13,3,1,0,2,2,1,0,3,4,3,
12,3,2,1,2,2,2,0,4,4,3,
12,3,2,1,2,2,2,0,4,4,3,
12,3,4,3,4,2,2,0,4,4,5,
12,3,2,1,2,2,2,0,4,4,3,
13,3,1,0,2,1,1,0,3,3,2,
12,4,2,1,3,2,2,0,4,4,3,
15,4,2,1,3,2,2,0,4,4,3,
12,4,2,1,3,2,2,0,4,4,3,
11,4,2,1,3,2,2,0,4,4,3,
11,3,1,0,2,1,1,0,3,3,2,
31,3,1,0,2,1,1,0,3,3,23,
11,3,1,0,2,2,1,0,3,3,2,
13,3,1,0,5,2,1,0,3,3,5,
11,1,0,0,0,0,1,0,1,1,0,
11,3,1,0,2,2,1,0,3,3,2,
11,3,3,0,1,2,1,0,3,3,2,
11,3,1,0,2,2,1,0,3,3,2,
13,4,5,4,5,2,2,0,4,4,6,
12,3,1,0,2,2,1,0,3,3,2,
11,3,1,0,2,2,1,0,3,3,2,
11,3,1,0,2,2,1,0,3,3,2,
13,5,2,1,2,4,1,0,5,6,3,
11,3,1,0,2,2,1,0,3,3,2,
11,3,1,0,2,2,1,0,3,3,2,
11,3,1,0,2,2,1,0,3,4,2,
15,6,1,0,2,2,1,0,6,6,2,
11,3,1,0,2,2,1,0,3,3,2,
12,3,1,0,2,2,1,0,4,3,2,
12,3,1,0,2,2,1,0,3,4,3,
11,3,1,0,2,2,1,0,3,4,3,
11,3,1,0,2,2,1,0,3,4,3,
11,3,1,0,2,2,1,0,3,4,3,
11,3,1,0,2,2,1,0,3,4,3,
11,3,1,0,2,2,1,0,3,4,3,
11,3,1,0,2,2,1,0,3,4,3,
11,3,1,1,2,2,1,0,3,4,3,
11,3,1,1,2,2,1,0,3,4,3,
11,3,1,1,2,2,1,0,3,4,3,
13,5,2,1,2,2,2,0,5,5,3,
12,3,2,1,2,2,2,0,3,4,3,
11,3,2,1,2,2,2,0,4,4,3,
11,3,2,1,2,2,2,0,4,4,3,
12,3,2,1,2,2,2,0,4,4,3,
12,3,2,1,2,2,2,0,4,4,3,
11,3,1,0,2,1,1,0,3,3,2,
13,3,2,1,2,2,2,0,4,4,3,
12,3,2,1,2,2,2,0,4,4,3,
12,3,2,1,2,2,2,0,4,4,3,
12,4,2,1,2,2,2,0,4,4,3,
12,4,2,1,3,2,2,0,4,4,3,
12,4,2,1,3,2,2,0,4,4,3,
12,4,2,1,3,2,2,0,4,4,3,
11,3,2,1,2,2,2,0,4,4,3,
11,4,2,1,3,2,2,0,4,4,3,
14,3,2,1,2,2,2,0,4,4,3,
11,3,1,0,2,1,1,0,3,3,2,
11,3,1,0,2,2,1,0,3,3,2,
11,3,1,0,2,2,1,0,3,3,2,
11,3,1,0,2,2,1,0,3,3,2,
11,3,1,0,2,2,1,0,3,3,2,
13,3,1,0,2,2,1,0,3,5,2,
13,3,1,0,5,2,1,0,3,3,5,
11,1,0,0,0,0,1,0,1,1,0,
11,3,1,0,2,2,1,0,3,3,2,
11,3,3,0,1,2,1,0,3,3,2,
11,3,1,0,2,2,1,0,3,3,2,
13,3,4,3,5,2,1,0,3,3,5,
11,3,1,0,2,2,1,0,3,3,2,
11,3,1,0,2,2,1,0,3,3,2,
11,3,1,0,2,2,1,0,3,3,2,
13,5,2,1,2,4,1,0,5,6,3,
11,3,1,0,2,2,1,0,3,3,2,
11,3,1,0,2,2,1,0,3,4,2,
11,3,1,0,2,2,1,0,3,3,2,
11,3,1,0,2,2,1,0,3,4,3,
11,3,1,0,2,2,1,0,3,4,3,
12,3,1,0,2,2,1,0,4,4,3,
12,3,1,0,2,2,1,0,3,4,3,
11,3,1,0,2,2,1,0,3,4,3,
11,3,2,1,2,2,1,0,3,4,3,
11,3,2,1,2,2,1,0,3,4,3,
11,3,1,1,2,2,1,0,3,4,3,
11,3,2,1,2,2,2,0,3,4,3,
11,3,2,1,2,2,1,0,3,4,3,
12,3,2,1,2,2,2,0,4,4,3,
12,3,2,1,4,2,2,0,3,4,4,
11,3,2,1,2,2,2,0,4,4,3,
11,3,2,1,2,2,2,0,4,4,3,
12,3,2,1,2,2,2,0,4,4,3,
17,6,2,1,2,2,2,0,4,7,3,
12,3,2,1,2,2,2,0,4,4,3,
11,3,1,0,2,2,1,0,3,3,2,
12,3,2,1,2,2,2,0,4,4,3,
12,4,2,1,3,2,2,0,4,4,3,
12,4,2,1,2,2,2,0,4,4,3,
19,3,1,0,2,2,1,0,3,3,2,
12,4,2,1,3,2,2,0,4,4,3,
11,4,2,1,3,2,2,0,4,4,3,
11,4,2,1,3,2,2,0,4,4,3,
11,3,1,0,2,1,1,0,3,3,2,
13,3,1,0,2,1,1,0,6,3,2,
13,5,1,0,2,2,1,0,3,5,2,
11,3,1,0,2,2,1,0,3,3,2,
11,3,1,0,2,2,1,0,3,3,2,
11,3,1,0,2,2,1,0,3,3,2,
11,3,1,0,2,2,1,0,3,3,2,
11,3,1,0,2,2,1,0,3,3,2,
11,3,1,0,2,2,1,0,3,3,2,
11,3,1,0,2,2,1,0,3,3,2,
11,3,1,0,2,2,1,0,3,3,2,
11,3,1,0,2,2,1,0,3,3,2,
11,3,1,0,2,2,1,0,3,3,2,
11,3,1,0,2,2,1,0,3,3,2,
11,3,1,0,2,2,1,0,3,4,2,
11,3,1,0,2,2,1,0,3,4,3,
12,3,1,0,2,2,1,0,3,3,2,
11,3,1,0,2,2,1,0,3,4,3,
11,3,1,0,2,2,1,0,3,3,2,
13,3,1,0,2,2,1,0,3,3,2,
11,3,1,0,2,2,1,0,3,4,3,
11,3,1,0,2,2,1,0,3,4,3,
11,3,2,0,2,2,1,0,3,4,3,
11,3,1,1,2,2,1,0,3,4,3,
11,3,1,1,2,2,1,0,3,4,3,
11,3,2,1,2,2,1,0,3,4,3,
11,3,2,1,2,2,2,0,4,4,3,
11,3,2,1,2,2,1,0,3,4,3,
13,3,1,0,2,2,1,0,3,3,2,
11,3,2,1,2,2,1,0,3,4,3,
11,3,2,1,2,2,1,0,3,4,3,
12,3,2,1,2,2,2,0,4,4,3,
12,3,2,1,2,2,2,0,4,4,3,
12,3,2,1,2,2,2,0,4,4,3,
12,3,2,1,2,2,2,0,4,4,3,
13,3,2,1,4,2,2,0,4,4,5,
12,2,1,0,1,1,1,0,3,3,2,
12,3,2,1,2,2,2,0,4,4,3,
12,3,2,1,2,2,2,0,4,4,3,
12,3,1,0,2,2,1,0,3,3,2,
13,4,4,3,4,3,2,0,4,4,5,
12,3,1,0,2,2,1,0,3,3,2,
11,3,1,0,2,1,1,0,3,3,2,
11,3,1,0,2,1,1,0,3,3,2,
11,3,1,0,2,2,0,0,3,4,2,
11,3,1,0,2,1,1,0,3,3,2,
11,3,1,0,2,2,1,0,3,3,2,
11,3,1,0,2,2,1,0,3,3,2,
13,5,1,0,2,2,1,0,5,5,2,
11,3,1,0,2,2,1,0,3,3,2,
11,3,1,0,2,2,1,0,3,3,2,
11,3,1,0,2,2,1,0,3,3,2,
11,3,1,0,2,2,1,0,3,3,2,
11,3,1,0,2,2,1,1,3,3,2,
11,3,1,0,2,2,1,0,3,3,2,
11,3,1,0,2,2,1,0,3,4,3,
11,3,1,0,2,2,1,0,3,3,2,
11,3,1,0,2,2,1,0,3,3,2,
11,3,1,0,2,2,1,0,3,3,2,
11,3,1,0,2,2,1,0,3,3,2,
11,3,1,0,2,2,1,0,3,3,2,
11,3,1,0,2,2,1,0,3,4,2,
11,3,1,0,2,2,1,0,3,3,2,
14,5,1,1,2,2,1,0,3,6,3,
11,3,1,0,2,2,1,0,3,3,2,
11,3,1,0,2,2,1,0,3,4,3,
11,3,1,0,2,2,1,0,3,4,3,
11,3,2,1,2,2,2,0,4,4,3,
12,3,1,0,2,2,1,0,3,4,3,
11,3,1,0,2,2,1,0,3,4,3,
11,3,1,1,2,2,1,0,3,4,3,
11,3,1,0,2,2,1,0,3,4,3,
13,3,1,0,2,2,1,0,5,4,3,
11,3,1,1,2,2,1,0,3,4,3,
12,3,1,1,2,2,1,0,4,4,3,
11,3,2,1,2,2,2,0,3,4,3,
11,4,4,1,3,4,4,0,4,4,4,
15,3,1,0,2,2,1,0,3,3,4,
11,3,2,1,2,2,1,0,4,4,3,
12,3,2,1,2,2,2,0,4,4,3,
12,3,2,1,2,2,2,0,4,4,3,
12,3,2,1,2,2,2,0,4,4,3,
12,3,2,1,2,2,2,0,4,4,3,
12,4,2,1,2,2,2,0,4,4,3,
13,4,2,1,5,2,2,0,4,4,5,
12,1,0,0,0,0,0,0,2,2,1,
12,4,2,1,3,2,2,0,4,4,3,
12,4,2,1,2,2,2,0,4,4,3,
12,4,2,1,3,2,2,0,4,4,3,
12,3,4,3,5,2,2,0,4,4,5,
11,3,1,0,2,1,1,0,3,3,2,
11,3,1,0,2,1,1,0,3,3,2,
11,3,1,0,2,1,1,0,3,3,2,
12,4,1,0,2,3,0,0,4,4,2,
11,3,1,0,2,2,1,0,3,3,2,
11,3,1,0,2,2,1,0,3,3,2,
11,3,1,0,2,3,1,0,3,4,2,
14,3,1,0,2,2,1,0,3,6,2,
13,5,1,0,2,2,1,0,3,5,2,
11,3,1,0,2,2,1,0,3,3,2,
11,3,1,0,2,2,1,0,3,3,2,
11,3,1,0,2,2,1,0,3,3,2,
11,3,1,0,2,2,1,0,3,3,2,
11,3,1,0,2,2,1,0,3,3,2,
11,3,1,0,2,2,1,0,3,3,2,
11,3,1,0,2,2,1,0,3,3,2,
11,3,1,0,2,2,1,0,3,3,2,
11,3,1,0,2,2,1,0,3,3,2,
11,3,1,1,2,2,1,0,3,3,2,
11,3,1,0,2,2,1,0,3,3,3,
11,3,1,0,2,2,1,0,3,3,2,
11,3,1,0,2,2,1,0,3,4,3,
15,7,2,0,2,4,3,2,5,7,3,
11,3,2,1,2,2,1,0,3,4,3,
43,3,2,1,2,2,1,0,34,34,3,
11,4,1,0,2,2,2,0,4,4,3,
12,3,1,0,2,2,1,0,3,4,3,
11,3,1,0,2,2,1,0,3,4,3,
11,3,1,1,2,2,1,0,3,4,3,
11,3,2,1,2,2,1,0,3,4,3,
12,3,1,1,2,2,1,0,3,4,3,
11,3,2,1,2,2,1,0,3,4,3,
12,3,2,1,4,2,2,0,4,4,4,
11,3,2,1,2,2,1,0,3,4,3,
12,3,2,1,2,2,2,0,4,4,3,
14,3,1,0,2,1,1,0,3,3,2,
11,3,2,1,2,2,2,0,4,4,3,
12,3,2,1,2,2,2,0,4,4,3,
11,3,1,0,2,2,1,0,3,3,2,
12,3,2,1,2,2,2,0,4,4,3,
12,4,2,2,3,2,2,0,4,4,3,
12,4,2,1,3,2,2,0,4,4,3,
13,4,2,1,5,2,2,0,4,4,5,
11,2,0,0,1,0,0,0,2,2,1,
11,3,1,0,2,1,1,0,3,3,2,
11,3,2,0,1,1,1,0,3,3,2,
11,3,2,0,2,2,1,0,3,3,2,
12,3,4,2,4,1,1,0,3,3,5,
11,3,1,0,2,2,1,0,3,3,2,
11,3,1,0,2,2,1,0,3,3,2,
11,3,1,0,2,2,1,0,3,3,2,
12,4,1,0,2,3,0,0,4,4,2,
11,3,1,0,2,2,1,0,3,3,2,
11,3,1,0,2,2,1,0,3,3,2,
11,3,1,0,2,2,1,0,3,3,2,
14,3,1,0,2,2,1,0,3,6,2,
11,3,1,0,2,2,1,0,3,3,2,
12,3,1,0,2,2,1,0,3,3,2,
11,3,1,0,2,2,1,0,3,4,3,
11,3,1,0,2,2,1,0,3,3,2,
11,3,1,0,2,2,1,0,3,3,2,
11,3,1,0,2,2,1,0,3,3,2,
11,3,1,0,2,2,1,0,3,3,2,
11,3,1,0,2,2,1,0,3,3,2,
11,3,1,0,2,2,1,0,3,3,3,
11,3,1,0,2,2,1,0,3,3,3,
11,3,1,0,2,2,1,0,3,3,3,
12,3,1,0,2,2,1,0,3,4,3,
11,3,1,0,2,2,1,0,3,3,3,
11,3,1,0,2,2,1,0,3,4,3,
14,3,1,0,2,2,1,0,3,6,3,
11,3,1,0,2,2,1,0,3,4,3,
11,3,1,1,2,2,1,0,3,4,3,
11,3,1,1,2,2,1,0,3,4,3,
11,3,1,0,2,2,1,0,3,4,3,
13,3,2,1,2,2,1,0,3,4,3,
11,3,2,1,2,2,2,0,4,4,3,
11,3,1,1,2,2,1,0,3,4,3,
11,3,2,1,2,2,2,0,4,4,3,
11,3,2,1,2,2,1,0,4,4,3,
11,3,2,1,2,2,2,0,4,4,3,
12,4,2,1,2,2,2,0,4,4,3,
14,3,1,0,2,2,1,0,3,4,3,
12,4,2,1,2,2,2,0,4,4,3,
14,3,1,0,2,2,1,0,3,4,3,
12,3,2,1,2,2,2,0,4,4,3,
12,4,2,1,2,2,2,0,4,4,3,
12,4,2,1,2,2,2,0,4,4,3,
12,4,2,1,3,2,2,0,4,4,3,
11,4,2,1,3,2,2,0,4,4,3,
11,4,2,1,3,2,2,0,4,4,3,
13,3,1,0,4,1,1,0,3,3,5,
11,1,0,0,0,0,0,0,1,1,0,
11,3,1,0,2,1,1,0,3,3,2,
11,3,2,0,1,2,1,0,3,3,2,
11,3,1,0,2,2,1,0,3,3,2,
12,4,5,4,5,2,2,0,4,4,6,
11,3,1,0,2,2,1,0,3,4,2,
11,3,1,0,2,2,1,0,3,3,2,
11,3,1,0,2,2,1,0,3,3,2,
13,5,2,1,2,4,1,0,5,5,3,
11,3,1,0,2,2,1,0,3,3,2,
11,3,1,0,2,2,1,0,3,3,2,
11,3,1,0,2,2,1,0,3,3,2,
11,3,1,0,2,2,1,0,3,3,2,
11,3,1,0,2,2,1,0,3,3,2,
12,3,1,1,2,2,1,0,4,3,2,
11,3,1,0,2,2,1,0,3,3,2,
11,3,1,1,2,2,1,0,3,3,3,
11,3,1,1,2,2,1,0,3,4,3,
11,3,1,0,2,2,1,0,3,4,3,
11,3,1,0,2,2,1,0,3,3,2,
11,3,1,0,2,2,1,0,3,4,3,
11,3,1,0,2,2,1,0,3,4,3,
11,3,1,1,2,2,1,0,3,4,3,
11,3,1,0,2,2,1,0,3,4,3,
11,3,1,0,2,2,2,0,3,4,3,
12,3,1,0,2,2,1,0,4,4,3,
11,3,1,1,2,2,1,0,3,4,3,
14,3,2,1,2,2,1,0,3,7,3,
13,4,1,1,2,3,1,0,5,5,3,
11,3,2,1,2,2,2,0,4,4,3,
11,3,2,1,2,2,1,0,4,4,3,
11,3,1,0,2,2,1,0,3,4,3,
13,3,2,1,2,2,2,0,4,4,3,
12,3,2,1,2,2,2,0,4,4,3,
11,3,2,1,2,2,2,0,4,4,3,
11,3,2,1,2,2,2,0,4,4,3,
12,3,2,1,2,2,2,0,4,4,3,
12,3,2,1,2,2,2,0,4,4,3,
12,4,2,1,3,2,2,0,4,4,3,
12,3,1,1,2,2,1,0,3,4,3,
11,3,1,0,2,2,1,0,3,3,2,
15,3,2,1,2,2,2,0,4,4,3,
11,3,1,0,2,1,1,0,3,3,2,
11,3,1,0,2,2,1,0,3,3,2,
11,3,1,0,2,2,1,0,3,3,2,
11,3,1,0,2,2,1,0,3,3,2,
11,3,1,0,2,2,1,0,3,3,2,
11,3,1,0,2,2,1,0,3,3,2,
13,3,1,0,5,2,1,0,3,3,5,
11,1,0,0,0,0,0,0,1,1,0,
11,3,1,0,2,2,1,0,3,3,2,
11,3,2,0,1,2,1,0,3,3,2,
11,3,1,0,2,2,1,0,3,3,2,
12,3,4,3,4,2,1,0,3,3,5,
11,3,1,0,2,2,1,0,3,3,2,
11,3,1,0,2,2,1,0,3,3,2,
11,3,1,0,2,2,1,0,3,3,2,
13,5,1,1,2,3,1,0,5,5,3,
11,3,1,0,2,2,1,0,3,3,3,
11,3,1,0,2,2,1,0,3,3,3,
11,3,1,1,2,2,1,0,3,3,2,
13,5,1,1,2,2,1,0,5,5,5,
11,3,1,1,2,2,1,0,3,4,3,
14,3,6,1,2,2,1,0,3,3,3,
11,3,1,1,2,2,1,0,3,4,3,
11,3,1,0,2,2,1,0,3,4,3,
11,3,1,1,2,2,1,0,3,4,3,
11,3,1,0,2,2,1,0,3,4,3,
11,3,1,1,2,2,1,0,3,4,3,
11,3,1,1,2,2,1,0,3,4,3,
11,3,1,1,2,2,1,0,3,4,3,
11,3,1,1,2,2,1,0,3,4,3,
11,3,1,1,2,2,1,0,3,4,3,
11,3,2,1,2,2,2,0,4,4,3,
11,3,2,1,2,2,2,0,4,4,3,
14,3,2,1,2,2,2,0,4,4,3,
14,6,2,1,2,2,1,0,4,6,3,
13,5,2,1,2,4,2,0,5,5,3,
11,3,2,1,2,2,2,0,4,4,3,
13,3,2,1,2,2,2,0,4,4,3,
12,3,2,1,3,2,2,0,4,4,3,
12,4,2,1,3,2,2,0,4,4,3,
13,3,1,1,2,2,1,0,3,4,3,
12,4,2,1,3,2,2,0,4,4,3,
12,4,2,1,3,2,2,0,4,4,3,
13,4,4,3,5,2,2,0,4,4,5,
12,4,2,1,3,2,2,0,4,4,3,
12,4,2,1,3,2,2,0,4,4,3,
11,3,1,0,2,2,1,0,3,3,2,
11,3,1,0,2,2,1,0,3,3,2,
13,3,1,0,2,2,1,0,3,3,2,
11,3,1,0,2,2,1,0,3,3,2,
11,3,1,0,2,2,1,0,3,3,2,
11,3,1,0,2,2,1,0,3,3,2,
11,3,1,0,2,2,1,0,3,3,2,
11,3,1,0,2,2,1,0,3,3,2,
11,3,1,0,2,2,1,0,3,3,2,
12,3,1,0,4,2,1,0,3,3,4,
11,3,1,0,2,2,1,0,3,3,2,
11,3,1,0,2,2,1,0,3,3,2,
11,3,2,0,1,2,1,0,3,3,2,
11,3,1,0,2,2,1,0,3,3,2,
12,3,3,2,4,2,1,0,3,3,4,
11,3,1,1,2,2,1,0,3,3,3,
11,3,1,1,2,2,1,0,3,3,2,
11,3,1,0,2,2,1,0,3,3,2,
12,4,1,0,2,2,1,0,4,4,3,
11,3,1,0,2,2,1,0,3,3,3,
11,3,1,1,2,2,1,0,3,4,3,
11,3,1,1,2,2,1,0,3,4,3,
14,3,1,1,2,2,1,0,6,6,3,
11,3,1,1,2,2,1,0,3,4,3,
11,3,1,1,2,2,1,0,3,4,3,
11,3,1,1,2,2,1,0,3,4,3,
11,3,1,1,2,2,1,0,3,4,3,
11,3,1,1,2,2,1,0,3,4,3,
11,3,1,0,2,2,1,0,3,4,3,
11,3,1,1,2,2,1,0,3,4,3,
11,3,1,1,2,2,1,0,3,4,3,
11,3,2,1,2,2,1,0,4,4,3,
11,3,2,1,2,2,1,0,3,4,3,
11,3,2,1,2,2,2,0,4,4,3,
11,3,2,1,2,2,2,0,4,4,3,
12,3,2,1,2,2,2,0,4,4,3,
12,3,1,0,2,2,1,0,3,3,2,
14,6,2,1,2,2,2,0,4,7,3,
12,3,2,1,2,2,2,0,4,4,3,
12,3,2,1,2,2,2,0,4,4,3,
12,3,2,1,3,2,2,0,4,4,3,
11,3,1,1,2,2,1,0,3,4,3,
12,4,2,1,3,2,2,0,4,4,3,
12,4,2,1,3,2,2,0,4,4,3,
12,4,2,1,3,2,2,0,4,4,3,
12,4,2,1,3,2,2,0,4,4,3,
12,3,1,0,2,1,1,0,3,3,2,
11,4,2,1,3,2,2,0,4,4,3,
11,3,1,0,2,2,1,0,3,3,2,
11,3,1,0,2,2,1,0,3,3,2,
11,3,1,0,2,2,1,0,3,3,2,
14,4,2,1,3,2,2,0,4,4,3,
11,3,1,0,2,2,1,0,3,3,2,
11,3,1,0,2,2,1,0,3,3,2,
11,3,1,0,2,2,1,0,3,3,2,
11,3,1,0,2,2,1,0,3,3,2,
11,3,1,0,2,2,1,0,3,3,2,
11,3,1,0,2,2,1,0,3,3,2,
12,3,1,0,4,2,1,0,3,3,4,
11,3,1,0,2,2,1,0,3,3,2,
11,3,1,0,2,2,1,0,3,3,2,
14,4,2,1,3,2,2,0,4,4,3,
11,3,1,1,2,2,1,0,3,3,3,
11,3,1,0,2,2,1,0,3,3,3,
11,3,1,1,2,2,1,0,3,3,3,
11,3,1,0,2,2,1,0,3,3,2,
11,3,1,0,2,2,1,0,3,3,2,
33,3,2,1,2,2,2,0,4,4,3,
11,3,1,0,2,2,1,0,3,3,2,
11,3,1,1,2,2,1,0,3,3,3,
13,5,1,1,5,2,1,0,5,5,5,
11,3,1,1,2,2,1,0,3,3,3,
11,3,1,1,2,2,1,0,3,3,3,
11,3,1,1,2,2,1,0,3,3,3,
11,3,1,1,2,2,1,0,3,4,3,
11,3,1,1,2,2,1,0,3,4,3,
14,3,1,1,2,2,1,0,3,4,3,
11,3,1,1,2,2,1,0,3,4,3,
11,3,1,0,2,2,1,0,3,4,3,
11,1,0,0,0,0,0,0,1,2,1,
13,3,1,1,2,2,1,0,3,4,5,
11,3,2,1,2,2,2,0,4,4,3,
11,3,2,1,2,2,1,0,3,4,3,
11,3,2,1,2,2,2,0,4,4,3,
14,3,2,1,2,2,2,0,4,4,3,
14,6,2,1,2,2,2,0,4,7,3,
11,3,2,1,2,2,2,0,4,4,3,
11,3,2,1,2,2,2,0,4,4,3,
12,3,2,1,2,2,2,0,4,4,3,
12,3,2,1,3,2,2,0,4,4,3,
12,3,2,1,3,2,2,0,4,4,3,
12,3,2,1,2,2,2,0,4,4,3,
12,4,2,1,2,2,2,0,4,4,3,
12,4,2,1,3,2,2,0,4,4,3,
12,4,2,1,3,2,2,0,4,4,3,
12,4,2,1,3,2,2,0,4,4,3,
12,4,2,1,3,2,2,0,4,4,3,
11,4,2,1,3,2,2,0,4,4,3,
11,3,1,0,2,1,1,0,3,3,2,
11,3,1,0,2,2,1,0,3,3,2,
11,3,1,0,2,1,1,0,3,3,2,
11,3,1,0,2,2,1,0,3,3,2,
11,3,1,0,2,2,1,0,3,3,2,
11,3,1,0,2,2,1,0,3,3,2,
11,3,1,0,2,2,1,0,3,3,2,
11,3,1,0,2,2,1,0,3,3,2,
11,3,1,0,2,2,1,0,3,3,2,
11,3,1,0,2,2,1,0,3,3,2,
11,3,1,0,2,2,1,0,3,3,2,
11,3,1,0,2,2,1,0,3,3,2,
11,3,1,0,2,2,1,0,3,3,2,
13,4,2,1,3,2,2,0,4,4,3,
11,3,1,0,2,2,1,0,3,3,2,
13,3,1,1,2,2,1,0,3,4,3,
11,3,1,0,2,2,1,0,3,3,2,
11,3,1,1,2,2,1,0,3,3,2,
11,3,1,1,2,2,1,0,3,3,3,
11,3,1,1,2,2,1,0,3,3,3,
11,3,1,1,2,2,1,0,3,3,3,
11,3,1,1,2,2,1,0,3,3,3,
11,3,1,1,2,2,1,0,3,4,3,
14,3,2,1,3,2,2,0,4,4,3,
11,3,1,1,2,2,1,0,3,4,3,
13,5,1,0,2,4,3,0,5,5,3,
11,3,1,1,2,2,1,0,3,4,3,
11,3,1,1,2,2,1,0,3,4,3,
11,3,1,1,2,2,1,0,3,4,3,
11,3,1,1,2,2,1,0,3,4,3,
11,3,2,1,2,2,1,0,3,4,3,
11,3,2,1,2,2,2,0,4,4,3,
11,3,2,1,2,2,1,0,4,4,3,
13,4,4,1,4,4,4,0,4,4,4,
11,3,2,1,2,2,2,0,4,4,3,
12,3,4,1,2,2,2,0,4,4,3,
12,3,2,1,2,2,2,0,4,4,3,
13,3,4,1,5,2,2,0,4,4,5,
11,3,2,1,3,2,2,0,4,4,3,
13,3,2,1,2,2,2,0,4,4,3,
12,4,2,1,3,2,2,0,4,4,3,
15,4,1,0,2,3,0,0,5,5,2,
12,4,2,1,3,2,2,0,4,4,3,
12,4,2,1,3,2,2,0,4,4,3,
12,4,2,1,3,2,2,0,4,4,3,
11,4,2,1,3,2,2,0,4,4,3,
11,3,1,0,2,2,1,0,3,3,2,
13,3,1,0,2,1,1,0,5,3,2,
12,4,1,0,2,2,1,0,2,5,2,
11,3,1,0,2,2,1,0,3,3,2,
11,3,1,0,2,2,1,0,3,3,2,
11,3,1,0,2,2,1,0,3,3,2,
11,3,1,0,2,2,1,0,3,3,2,
11,3,1,0,2,2,1,0,3,3,2,
11,3,1,0,2,2,1,0,3,3,2,
11,3,1,0,2,2,1,0,3,3,2,
11,3,1,0,2,2,1,0,3,3,2,
11,3,1,0,2,2,1,0,3,3,2,
11,3,1,0,2,2,1,0,3,3,2,
11,3,2,0,1,2,1,0,3,3,2,
11,3,1,0,2,2,1,0,3,3,2,
11,3,1,0,2,2,1,0,3,3,3,
11,3,1,1,2,2,1,0,3,3,2,
11,3,1,1,2,2,1,0,3,3,2,
11,3,1,0,2,2,1,0,3,3,2,
12,3,1,0,2,2,1,0,3,3,2,
11,3,1,1,2,2,1,0,3,3,3,
11,3,1,1,2,2,1,0,3,4,3,
11,3,1,1,2,2,1,0,3,3,3,
11,3,1,1,2,2,1,0,3,4,3,
11,3,1,1,2,2,1,0,3,4,3,
11,3,1,0,2,2,1,0,3,4,3,
14,3,1,0,2,2,1,0,3,5,2,
11,3,1,1,2,2,1,0,3,4,3,
14,3,1,1,2,2,1,0,3,3,3,
11,3,1,1,2,2,1,0,3,4,3,
11,3,2,1,2,2,1,0,3,4,3,
11,3,2,1,2,2,1,0,3,4,3,
12,3,2,1,2,2,2,0,4,4,3,
11,3,2,1,2,2,1,0,4,4,3,
11,3,2,1,2,2,1,0,4,4,3,
14,4,2,1,6,2,2,0,4,4,6,
11,1,0,0,1,0,1,0,2,2,1,
11,3,2,1,2,2,2,0,4,4,3,
11,3,3,1,2,2,2,0,4,4,2,
11,3,2,1,2,2,2,0,4,4,3,
13,3,4,3,5,2,1,0,3,4,5,
12,3,2,1,3,2,2,0,4,4,3,
12,3,2,1,3,2,2,0,4,4,3,
12,4,2,1,3,2,2,0,4,4,3,
13,4,1,0,2,3,1,0,4,5,2,
12,4,2,1,3,2,2,0,4,4,3,
12,4,2,1,3,2,2,0,4,4,3,
12,4,2,1,3,2,2,0,4,4,3,
12,3,1,0,2,1,1,0,3,3,2,
11,3,1,0,2,1,1,0,3,3,2,
11,3,1,0,2,1,1,0,4,3,2,
11,3,1,0,2,2,1,0,3,3,2,
11,3,1,0,2,2,1,0,3,3,2,
11,3,1,0,2,2,1,0,3,3,2,
11,3,1,0,2,2,1,0,3,3,2,
11,3,1,0,2,2,1,0,3,3,2,
11,3,1,0,2,2,1,0,3,3,2,
11,3,1,0,2,2,1,0,3,3,2,
11,3,1,0,2,2,1,0,3,3,2,
11,3,1,0,2,2,1,0,3,3,2,
11,3,1,0,2,2,1,0,3,3,2,
11,3,1,0,2,2,1,0,3,3,2,
11,3,1,0,2,2,1,0,3,3,2,
14,3,1,0,2,2,1,0,3,6,2,
11,3,1,0,2,2,1,0,3,3,2,
11,3,1,0,2,2,1,0,3,3,2,
11,3,1,0,2,2,1,0,3,3,3,
11,3,1,1,2,2,1,0,3,3,2,
12,3,1,0,2,2,1,0,3,3,2,
11,3,1,1,2,2,1,0,3,3,3,
11,3,1,1,2,2,1,0,3,3,3,
11,3,1,1,2,2,1,0,3,4,3,
11,3,2,2,2,2,3,0,3,4,3,
11,3,1,1,2,2,1,0,3,4,3,
11,3,1,0,2,2,1,0,3,4,3,
11,3,2,1,2,2,2,0,4,4,3,
11,3,1,1,2,2,1,0,3,4,3,
14,3,1,1,2,2,1,0,3,3,3,
11,3,2,1,2,2,1,0,3,4,3,
11,3,2,1,2,2,1,0,4,4,3,
11,3,2,1,2,2,2,0,4,4,3,
11,3,2,1,2,2,2,0,4,4,3,
11,3,2,1,2,2,2,0,4,4,3,
11,3,2,1,2,2,2,0,4,4,3,
13,3,2,1,5,2,2,0,4,4,6,
12,1,0,0,1,0,1,0,2,2,1,
11,3,2,1,2,2,2,0,4,4,3,
12,3,3,1,2,2,2,0,4,4,3,
11,3,2,1,2,2,2,0,4,4,3,
13,3,4,3,5,2,1,0,3,4,6,
12,4,2,1,3,2,2,0,4,4,3,
12,4,2,1,3,2,2,0,4,4,3,
12,4,2,1,3,2,2,0,4,4,3,
13,4,1,0,2,3,1,0,4,5,2,
13,4,1,0,2,1,1,0,2,4,2,
11,3,1,0,2,2,1,0,3,3,2,
11,3,1,0,2,1,1,0,3,3,2,
13,3,1,0,2,2,1,0,6,6,2,
11,3,1,0,2,2,1,0,3,3,2,
11,3,1,0,2,2,1,0,3,3,2,
11,3,1,0,2,2,1,0,3,3,2,
11,3,1,0,2,2,1,0,3,3,2,
11,3,1,0,2,2,1,0,3,3,2,
11,3,1,0,2,2,1,0,3,3,2,
11,3,1,0,2,2,1,0,3,3,2,
11,3,1,0,2,2,1,0,3,3,2,
11,3,1,0,2,2,1,0,3,3,2,
11,3,1,0,2,2,1,0,3,3,2,
13,3,1,0,2,2,1,0,3,3,2,
11,3,1,0,2,2,1,0,3,3,2,
11,3,1,0,2,2,1,0,3,3,2,
11,3,1,0,2,2,1,0,3,3,2,
14,3,1,0,2,2,1,0,3,6,2,
11,3,1,0,2,2,1,0,3,3,2,
11,3,1,0,2,2,1,0,3,3,2,
11,3,1,0,2,2,1,0,3,3,2,
11,3,1,0,2,1,1,0,3,3,2,
12,3,1,1,2,2,1,0,3,4,3,
11,3,1,1,2,2,1,0,3,4,3,
11,3,1,1,2,2,1,0,3,3,3,
11,3,1,1,2,2,1,0,3,4,3,
11,3,1,1,2,2,1,0,3,4,3,
11,3,1,0,2,2,1,0,3,4,3,
11,3,1,1,2,2,1,0,3,4,3,
11,3,1,1,2,2,1,0,3,4,3,
11,3,1,1,2,2,1,0,3,4,3,
13,3,2,1,2,2,1,0,4,4,3,
11,3,1,1,2,2,1,0,3,4,3,
11,3,2,1,2,2,1,0,3,4,3,
11,3,2,1,2,2,1,0,4,4,3,
11,3,2,1,2,2,1,0,4,4,3,
11,3,2,1,2,2,1,0,4,4,3,
11,3,2,1,2,2,2,0,4,4,3,
13,3,2,1,5,2,2,0,4,4,5,
11,2,1,0,1,1,1,0,3,3,2,
12,3,2,1,2,2,2,0,4,4,3,
11,3,2,1,2,2,2,0,4,4,2,
12,3,2,1,2,2,2,0,4,4,3,
13,3,4,3,4,2,2,0,3,4,5,
11,3,2,1,2,2,2,0,4,4,3,
12,3,2,1,2,2,2,0,4,4,3,
11,3,2,1,2,2,2,0,4,4,3,
12,4,2,1,2,3,1,0,4,5,3,
11,3,2,1,2,2,2,0,4,4,3,
12,4,2,1,3,2,2,0,4,4,3,
12,4,2,1,3,2,2,0,4,4,3,
14,4,2,1,3,2,2,0,7,7,3,
12,3,1,0,2,1,1,0,3,3,2,
12,4,2,1,3,2,2,0,4,4,3,
12,4,2,1,3,2,2,0,4,4,3,
12,4,2,1,3,2,2,0,4,4,3,
12,3,1,0,2,1,1,0,3,3,2,
11,3,1,0,2,1,1,0,3,3,2,
11,3,3,0,2,1,1,0,3,3,2,
11,3,1,0,2,1,1,0,3,3,2,
11,3,1,0,2,2,1,0,3,3,2,
11,3,1,0,2,2,1,0,3,3,2,
11,3,1,0,2,2,1,0,3,3,2,
13,3,1,0,2,2,1,0,5,3,2,
11,3,1,0,2,2,1,0,3,3,2,
11,3,1,0,2,2,1,0,3,3,2,
14,3,1,0,2,2,1,0,3,6,2,
11,3,1,0,2,2,1,0,3,3,2,
11,3,1,0,2,2,1,0,3,3,2,
11,3,1,0,2,2,1,0,3,3,2,
12,4,2,1,4,2,2,0,4,4,4,
11,3,1,1,2,2,1,0,3,3,2,
11,3,1,0,2,2,1,0,3,3,2,
11,3,1,0,2,2,1,0,3,3,2,
11,3,1,0,2,2,1,0,3,3,2,
11,3,1,1,2,2,1,0,3,3,2,
11,3,1,1,2,2,1,0,3,3,2,
11,3,1,0,2,2,1,0,3,3,2,
11,3,1,1,2,2,1,0,3,3,2,
11,3,1,1,2,2,1,0,3,4,3,
13,3,1,1,2,2,1,0,3,4,3,
11,3,1,1,2,2,1,0,3,4,3,
11,3,1,1,2,2,1,0,3,4,3,
11,3,1,1,2,2,1,0,3,4,3,
11,3,1,1,2,2,1,0,3,4,3,
11,3,1,1,2,2,1,0,3,4,3,
11,3,1,1,2,2,1,0,3,4,3,
12,3,1,1,4,2,1,0,3,4,5,
11,2,1,0,1,1,1,0,3,3,2,
11,3,2,1,2,2,1,0,4,4,3,
11,3,2,1,2,2,1,0,4,4,2,
11,3,2,1,2,2,2,0,4,4,3,
13,3,4,3,5,2,1,0,3,4,5,
11,3,2,1,2,2,2,0,4,4,3,
11,3,2,1,2,2,2,0,4,4,3,
11,3,2,1,2,2,2,0,4,4,3,
12,4,2,1,2,3,1,0,4,4,3,
11,3,2,1,2,2,2,0,4,4,3,
11,3,2,1,2,2,2,0,4,4,3,
12,4,2,1,3,2,2,0,4,4,3,
14,4,2,1,3,2,2,0,7,7,3,
12,4,2,1,3,2,2,0,4,4,3,
12,4,2,1,3,2,2,0,4,4,3,
12,4,2,1,3,2,2,0,4,4,3,
16,3,4,3,5,2,1,0,3,3,5,
12,3,1,0,2,1,1,0,3,3,2,
11,3,1,0,2,2,1,0,3,3,2,
11,3,1,0,2,1,1,0,3,3,2,
11,3,1,0,2,1,1,0,3,3,2,
11,3,1,0,2,2,1,0,3,3,2,
11,3,1,0,2,2,1,0,3,3,2,
11,3,1,0,2,2,1,0,3,3,2,
11,3,1,0,2,2,1,0,3,3,2,
11,3,1,0,2,2,1,0,3,3,2,
14,3,1,0,2,2,1,0,3,3,2,
14,6,1,0,2,2,1,0,3,6,2,
11,3,1,0,2,2,1,0,3,3,2,
11,3,1,0,2,2,1,0,3,3,2,
11,3,1,0,2,2,1,0,3,3,2,
11,3,1,0,2,2,1,0,3,3,2,
11,3,1,0,2,2,1,0,3,3,2,
12,3,1,0,2,2,1,0,3,3,2,
11,3,1,0,2,2,1,0,3,3,2,
11,3,1,1,2,2,1,0,3,3,2,
11,3,1,0,2,2,1,0,3,3,2,
11,3,1,0,2,2,1,0,3,3,2,
11,3,1,0,2,2,1,0,3,4,2,
11,3,1,1,2,2,1,0,3,4,3,
11,3,1,1,2,2,1,0,3,4,3,
13,3,1,1,2,2,1,0,3,4,3,
11,3,2,1,2,2,1,0,4,4,3,
11,3,1,1,2,2,1,0,3,4,3,
11,3,2,1,2,2,1,0,3,4,3,
11,3,1,1,2,2,1,0,3,4,3,
11,3,1,1,2,2,1,0,4,4,3,
11,3,2,1,2,2,1,0,4,4,3,
13,3,2,1,5,2,1,0,4,4,5,
11,2,1,0,1,1,1,0,3,3,2,
12,4,2,1,3,3,2,0,4,4,3,
11,3,2,1,2,2,2,0,4,4,3,
11,3,2,1,2,2,2,0,4,4,3,
13,3,4,3,5,2,2,0,3,4,5,
12,4,2,1,3,2,2,0,4,4,3,
11,3,2,1,2,2,2,0,4,4,3,
11,3,2,1,2,2,2,0,4,4,3,
12,4,2,1,2,2,2,0,4,4,3,
12,3,1,1,2,2,1,0,3,4,2,
12,4,2,1,3,2,2,0,4,4,3,
12,4,2,1,3,2,2,0,4,4,3,
12,4,4,0,4,4,4,0,4,4,4,
12,4,2,1,3,2,2,0,4,4,3,
12,3,4,0,2,2,1,0,3,3,2,
12,3,1,0,2,2,1,0,3,3,2,
12,3,1,0,4,2,1,0,3,3,4,
