29,7,4,1,4,4,3,0,7,7,5,
17,5,3,1,3,3,2,0,5,5,4,
18,6,2,1,3,4,2,0,7,7,4,
16,5,2,0,3,3,2,0,5,5,3,
19,9,3,1,4,4,3,0,8,8,5,
17,5,3,1,4,3,2,0,5,6,4,
16,5,5,1,3,3,2,0,5,5,3,
16,5,3,1,3,3,2,0,5,5,4,
20,5,6,4,6,3,2,0,5,5,7,
16,5,3,1,3,3,2,0,5,5,4,
16,5,3,1,3,3,2,0,5,5,4,
16,5,3,1,4,3,2,0,5,6,4,
19,5,3,1,3,3,3,0,6,6,4,
16,5,3,1,4,3,2,0,5,6,4,
16,5,3,1,4,3,2,0,5,5,4,
18,5,3,1,6,3,2,0,5,5,7,
17,5,3,3,4,3,4,0,5,6,4,
16,5,3,1,4,3,2,0,5,6,4,
17,5,2,1,3,3,2,0,5,6,4,
16,5,3,1,4,3,2,0,5,6,4,
19,7,4,2,5,5,4,0,7,8,5,
17,5,3,1,4,3,2,0,6,6,4,
19,5,3,1,4,3,2,0,6,8,4,
17,5,3,1,4,3,3,0,6,6,4,
17,5,3,1,3,3,2,0,6,6,4,
17,5,3,1,4,3,3,0,6,6,4,
17,5,3,1,4,3,3,0,6,6,4,
16,5,3,1,5,3,3,0,6,6,6,
15,2,0,0,1,0,1,0,2,2,1,
16,5,3,1,4,3,3,0,6,6,4,
16,5,3,1,4,3,3,0,6,6,4,
16,5,3,1,3,3,3,0,6,6,4,
17,5,6,4,7,3,2,0,5,5,7,
16,5,3,1,4,3,3,0,6,6,4,
16,5,3,1,4,3,3,0,6,6,5,
16,5,3,2,4,4,3,0,6,6,5,
16,5,3,2,4,3,3,0,6,6,5,
16,5,3,2,4,4,3,0,6,6,5,
17,5,3,2,4,4,3,0,7,6,5,
18,5,3,2,7,4,3,0,6,6,8,
16,5,5,4,5,5,5,0,6,6,5,
16,5,3,2,4,4,3,0,6,6,5,
16,6,3,1,4,4,3,0,6,6,4,
16,5,3,1,4,4,3,0,6,6,4,
19,6,7,6,8,4,5,0,6,6,9,
16,6,3,1,4,4,3,0,6,6,4,
16,5,3,1,3,3,2,0,5,5,4,
16,6,3,2,4,4,3,0,6,6,5,
16,5,3,1,3,3,2,0,5,5,4,
16,5,3,1,3,3,2,0,5,5,4,
16,5,2,0,3,3,2,0,5,5,3,
16,5,2,0,3,3,2,0,5,5,3,
18,5,3,1,3,3,2,0,5,5,4,
16,5,2,1,3,3,2,0,5,5,4,
16,5,3,1,4,3,2,0,5,5,4,
16,5,3,1,3,3,2,0,5,5,4,
18,6,3,1,4,4,3,0,6,6,4,
16,5,3,1,3,3,2,0,5,5,4,
16,5,2,1,3,3,2,0,5,5,4,
16,5,3,1,3,3,2,0,5,5,4,
16,5,3,1,4,3,2,0,5,6,4,
17,5,3,1,3,3,2,0,5,6,4,
16,5,3,1,3,3,2,0,5,6,4,
17,5,3,1,4,3,2,0,5,6,4,
16,5,3,1,3,3,2,0,5,6,4,
17,5,3,1,4,3,2,0,6,5,4,
17,5,3,1,4,3,3,0,6,6,4,
17,5,3,1,3,3,2,0,5,6,4,
17,5,3,1,4,3,2,0,5,6,4,
17,5,3,1,3,3,2,0,6,6,4,
17,5,3,1,4,3,2,0,6,6,4,
19,7,3,1,3,3,3,0,8,8,4,
17,5,3,1,4,3,3,0,6,6,4,
17,5,3,1,4,3,3,0,6,6,4,
16,5,3,1,4,3,3,0,6,6,4,
16,5,3,1,4,4,3,0,6,6,4,
16,5,3,2,4,3,3,0,6,6,5,
18,5,3,1,4,3,3,0,8,6,4,
18,7,3,1,4,3,3,0,5,8,4,
16,5,3,1,4,3,3,0,6,6,4,
16,5,3,1,4,3,3,0,6,6,4,
17,5,3,2,4,4,3,0,6,6,5,
17,5,3,1,4,3,2,0,5,6,4,
18,7,3,1,4,3,3,0,8,8,5,
16,5,3,2,4,4,3,0,6,6,5,
16,5,3,2,4,4,3,0,6,6,5,
16,6,3,2,4,4,3,0,6,6,5,
16,6,3,2,4,4,3,0,6,6,5,
16,6,3,2,4,4,3,0,6,6,5,
16,5,4,2,4,4,3,0,7,6,5,
16,6,3,2,6,4,3,0,6,6,6,
16,6,3,2,4,4,3,0,6,6,5,
16,5,3,1,3,3,2,0,5,5,4,
16,5,2,1,3,3,2,0,5,5,4,
16,5,3,1,3,3,2,0,5,5,4,
17,5,2,1,3,3,1,0,6,6,4,
16,5,3,1,3,3,2,0,5,5,4,
17,5,3,1,4,3,3,0,6,6,4,
18,5,5,3,7,3,2,0,5,5,7,
16,5,3,3,3,3,4,0,5,5,4,
16,5,3,1,3,3,2,0,5,5,4,
16,5,3,1,3,3,2,0,5,5,4,
16,5,3,1,3,3,2,0,5,5,4,
18,7,4,3,5,5,4,0,7,8,6,
17,5,3,1,4,3,2,0,5,6,4,
16,5,3,1,4,3,2,0,5,5,4,
17,5,2,1,3,3,2,0,5,6,4,
16,5,3,1,4,3,2,0,5,5,4,
16,5,3,1,4,3,2,0,5,6,4,
16,5,3,1,3,3,2,0,5,6,4,
16,5,3,1,4,3,2,0,5,6,4,
16,5,2,1,3,3,2,0,5,6,4,
17,5,3,1,4,3,2,0,5,6,4,
20,5,3,1,4,3,2,0,6,6,4,
17,5,3,1,4,3,2,0,6,6,4,
19,7,4,2,5,5,4,0,8,8,5,
17,5,3,1,4,3,2,0,6,6,4,
17,5,3,1,4,3,2,0,6,6,4,
17,5,3,1,4,3,2,0,6,6,4,
18,5,3,1,4,3,3,0,6,6,4,
16,6,3,1,4,4,3,0,6,6,4,
16,5,3,1,4,3,3,0,6,6,4,
17,5,3,1,7,3,3,0,6,6,7,
16,5,4,4,4,4,5,0,6,6,5,
16,5,3,1,4,3,3,0,6,6,4,
16,5,3,1,3,3,3,0,6,6,4,
16,5,3,2,4,3,3,0,6,6,5,
20,6,9,7,9,4,3,0,6,6,10,
16,5,3,2,4,3,3,0,6,6,5,
16,5,3,1,4,3,3,0,6,6,5,
16,5,3,2,4,3,3,0,6,6,5,
16,5,3,2,4,4,3,0,6,6,5,
16,5,3,2,4,4,3,0,6,6,5,
16,5,3,1,4,4,3,0,6,6,4,
16,5,3,2,4,4,3,0,6,6,5,
16,6,3,2,4,4,3,0,6,6,5,
16,6,4,2,4,4,3,0,6,6,5,
18,5,3,2,4,3,2,0,6,6,4,
16,5,2,1,3,3,2,0,5,5,4,
19,5,3,2,4,4,3,0,6,6,5,
34,5,3,23,3,3,2,0,5,5,4,
18,5,3,1,3,3,2,0,5,5,4,
16,5,3,1,3,3,2,0,5,5,4,
36,5,2,1,3,25,2,0,5,5,4,
16,5,2,1,3,3,2,0,5,6,4,
16,5,2,1,3,3,2,0,5,5,4,
19,5,3,1,3,3,2,0,5,5,4,
18,7,3,1,4,3,2,0,5,7,4,
16,5,3,1,3,3,2,0,5,5,4,
16,5,2,1,3,3,2,0,5,5,4,
16,5,2,1,3,3,2,0,5,6,4,
16,5,3,1,4,3,2,0,5,5,4,
19,8,3,1,3,6,2,0,8,9,4,
17,5,3,1,3,3,2,0,5,6,4,
16,5,3,1,3,3,2,0,5,6,4,
16,5,3,1,4,3,2,0,5,6,4,
17,5,3,1,4,3,2,0,5,6,4,
16,5,3,1,4,3,2,0,5,6,4,
19,5,3,1,4,3,2,0,5,6,4,
19,8,3,1,4,3,2,0,5,8,4,
17,5,3,1,4,3,2,0,6,6,4,
17,5,3,1,4,3,3,0,6,6,4,
17,5,3,1,4,3,3,0,6,6,4,
17,5,3,1,3,3,2,0,5,6,4,
17,5,3,1,4,3,3,0,6,6,4,
16,5,3,1,4,3,3,0,6,6,4,
16,5,3,1,4,3,3,0,6,6,4,
16,6,3,1,4,4,3,0,6,6,4,
16,5,3,1,4,3,3,0,6,6,4,
16,5,3,1,4,3,3,0,6,6,4,
18,5,3,1,4,3,3,0,8,6,4,
17,6,3,1,4,3,3,0,5,7,4,
16,5,3,1,4,3,3,0,6,6,5,
16,5,3,2,4,3,3,0,6,6,5,
16,5,3,2,4,3,3,0,6,6,5,
16,5,3,1,4,4,3,0,6,6,4,
18,8,3,2,4,6,2,0,8,8,5,
15,4,2,0,3,2,2,0,4,5,3,
16,5,3,2,5,4,3,0,6,6,5,
16,6,3,2,4,4,3,0,6,6,5,
18,7,2,0,3,3,2,0,7,7,3,
16,6,3,2,4,4,3,0,6,6,5,
16,6,5,2,4,4,3,0,6,6,4,
38,27,4,2,4,4,3,0,6,28,5,
16,5,3,1,3,3,2,0,5,5,4,
16,5,3,1,3,3,2,0,5,5,4,
37,5,3,1,26,3,2,0,5,5,4,
16,5,3,1,3,3,2,0,5,5,4,
16,5,3,1,3,3,2,0,5,5,4,
16,5,2,1,5,3,2,0,5,5,6,
16,3,2,0,3,2,2,0,4,4,3,
16,5,3,1,4,3,2,0,5,6,4,
19,5,3,1,4,3,2,0,5,6,4,
16,5,3,1,4,3,2,0,5,6,4,
19,6,2,0,2,4,4,2,6,7,3,
16,5,3,1,4,3,2,0,5,6,4,
16,5,3,1,3,3,2,0,5,6,4,
16,5,3,1,3,3,2,0,5,6,4,
16,5,3,1,4,3,2,0,5,6,4,
17,5,3,1,3,3,2,0,5,6,4,
17,5,3,1,4,3,2,0,5,6,4,
18,5,3,1,6,3,2,0,5,6,7,
17,5,4,4,4,4,5,0,6,6,4,
17,5,3,1,4,3,2,0,5,6,4,
17,5,4,1,3,3,3,0,6,6,3,
17,5,3,1,4,3,3,0,6,6,4,
17,5,5,4,6,3,3,0,6,6,7,
18,5,3,1,4,3,2,0,5,6,4,
17,5,3,1,4,3,3,0,6,6,4,
16,5,3,1,4,3,3,0,6,6,4,
20,5,2,0,3,3,2,0,5,5,3,
16,5,3,1,4,3,3,0,6,6,4,
16,5,3,2,4,3,3,0,6,6,5,
17,5,3,1,6,3,3,0,6,6,7,
18,2,0,0,1,0,2,0,5,3,2,
16,5,3,1,4,3,3,0,6,6,5,
19,5,3,1,4,3,2,0,5,6,4,
16,5,3,2,4,4,3,0,6,6,5,
18,8,3,1,4,6,5,0,8,8,5,
16,5,3,2,4,4,3,0,6,6,5,
18,8,3,2,4,6,3,0,8,8,5,
16,6,3,2,4,4,3,0,6,6,5,
16,6,3,1,4,4,3,0,6,6,4,
16,6,3,1,4,4,3,0,6,6,4,
16,6,3,2,4,4,3,0,6,6,5,
17,6,3,1,4,4,3,0,6,6,4,
16,5,2,0,3,3,2,0,5,5,4,
16,5,2,0,3,3,2,0,5,5,4,
16,5,3,1,3,3,2,0,5,5,4,
37,3,2,0,2,1,26,24,3,3,3,
35,5,3,1,3,3,24,0,5,6,4,
18,7,2,1,3,3,2,0,7,8,4,
16,5,3,1,3,3,2,0,5,5,4,
16,5,3,1,3,3,2,0,5,5,4,
36,5,25,1,4,3,2,0,5,5,4,
16,5,3,1,4,3,2,0,5,6,4,
18,5,3,1,4,3,2,0,7,6,4,
19,8,3,1,4,3,2,0,4,9,4,
16,5,3,1,4,3,2,0,5,6,4,
16,5,3,1,4,3,2,0,5,6,4,
16,5,3,1,3,3,2,0,5,6,4,
16,5,3,1,3,3,2,0,5,5,4,
19,7,3,1,4,3,2,0,8,8,4,
16,5,3,1,3,3,2,0,5,6,4,
16,5,3,1,3,3,2,0,5,6,4,
16,5,3,1,4,3,3,0,6,6,4,
17,5,3,1,3,3,2,0,6,6,4,
17,5,3,1,4,3,2,0,5,6,4,
19,5,4,1,3,3,2,0,6,6,4,
18,7,3,1,4,3,3,0,5,8,4,
37,5,3,1,4,3,3,0,27,6,4,
16,5,3,1,4,3,3,0,6,6,4,
16,5,3,1,4,3,3,0,6,6,4,
19,8,3,1,4,6,3,0,9,9,4,
16,5,3,1,4,3,3,0,6,6,5,
16,5,3,1,4,3,3,0,6,6,5,
16,5,3,2,4,3,3,0,6,6,5,
19,6,3,2,4,4,3,0,6,9,5,
16,5,3,2,4,4,3,0,6,6,5,
16,6,6,2,4,4,3,0,6,6,5,
16,6,3,2,4,4,3,0,6,6,5,
17,5,6,2,6,4,3,0,6,6,7,
16,6,4,2,4,4,3,0,6,6,5,
16,5,3,1,3,3,2,0,5,5,4,
16,6,4,2,4,4,3,0,6,6,5,
18,5,3,1,3,3,2,0,5,5,4,
16,5,3,1,3,3,2,0,5,5,4,
16,5,3,1,3,3,2,0,5,5,4,
17,5,3,1,5,3,2,0,5,5,6,
16,2,1,0,1,0,2,0,3,3,2,
16,5,3,1,3,3,2,0,5,5,4,
19,5,3,1,3,3,3,0,6,6,4,
16,5,3,1,3,3,2,0,5,5,4,
18,6,2,0,2,4,3,1,6,6,3,
16,5,3,1,3,3,2,0,5,5,4,
16,5,3,1,3,3,2,0,5,5,4,
16,5,3,1,4,3,2,0,5,6,4,
16,5,3,1,3,3,2,0,5,5,4,
16,5,3,1,3,3,2,0,5,5,4,
16,5,3,1,3,3,2,0,5,5,4,
16,5,2,1,5,3,2,0,5,6,6,
16,2,1,0,2,1,2,0,3,3,2,
16,5,3,1,3,3,2,0,5,6,4,
17,5,3,1,4,3,2,0,5,6,4,
17,5,3,1,4,3,2,0,6,6,4,
38,5,3,1,3,3,2,0,5,6,4,
17,5,3,1,4,3,2,0,5,6,4,
17,5,3,1,4,3,2,0,5,6,4,
19,6,3,2,4,4,3,0,6,6,5,
17,5,3,1,4,3,2,0,5,6,4,
16,5,3,1,4,3,2,0,5,6,4,
18,5,3,1,6,3,2,0,6,6,7,
16,5,3,3,4,3,4,0,5,6,4,
17,5,3,1,4,3,2,0,6,6,4,
17,5,3,1,4,3,2,0,5,6,4,
16,5,3,1,4,3,3,0,6,6,4,
18,7,3,1,4,5,5,0,8,8,4,
16,5,3,1,4,3,3,0,6,6,4,
16,5,3,1,4,3,3,0,6,6,4,
16,5,3,1,4,3,3,0,6,6,4,
16,5,3,1,3,3,3,0,6,6,4,
16,5,3,1,4,3,3,0,6,6,4,
16,5,3,1,4,3,3,0,6,6,4,
16,5,4,1,4,4,5,0,6,6,4,
17,5,3,1,6,3,3,0,6,6,7,
16,5,3,1,4,3,3,0,6,6,4,
16,5,3,1,4,4,3,0,6,6,4,
16,5,3,2,4,4,3,0,6,6,5,
18,5,3,1,4,3,2,0,5,6,4,
16,5,3,1,4,4,3,0,6,6,4,
16,5,3,1,4,3,3,0,6,6,4,
18,8,3,2,4,4,3,0,8,8,5,
16,6,3,2,4,4,3,0,6,6,5,
16,6,3,1,4,4,3,0,6,6,4,
16,6,3,1,4,4,3,0,6,6,4,
16,5,3,1,3,3,2,0,5,5,4,
37,5,2,0,3,3,2,0,5,26,3,
16,5,2,1,3,3,2,0,5,6,4,
16,5,3,1,3,3,2,0,5,5,4,
16,5,2,1,3,3,2,0,5,5,4,
16,5,3,1,3,3,2,0,5,5,4,
16,5,2,1,3,3,2,0,5,5,4,
18,7,3,1,3,3,2,0,7,7,4,
16,5,2,0,3,3,2,0,5,5,3,
16,5,3,1,3,3,2,0,5,5,4,
16,5,3,1,3,3,2,0,5,5,4,
16,5,3,1,4,3,2,0,5,6,4,
16,5,3,1,3,3,2,0,5,5,4,
19,5,3,1,4,3,2,0,5,5,4,
19,7,3,1,3,3,2,0,5,8,4,
17,5,2,1,3,3,2,0,6,6,4,
16,5,3,1,3,3,2,0,5,5,4,
16,5,3,1,3,3,2,0,5,6,4,
16,5,3,1,3,3,2,0,5,6,4,
21,7,3,1,3,5,2,0,8,8,4,
16,5,3,1,3,3,2,0,5,6,4,
16,5,3,1,4,3,2,0,5,6,4,
17,5,2,0,3,3,3,1,5,6,3,
17,5,3,1,4,3,2,0,5,6,4,
16,5,3,1,3,3,2,0,5,6,4,
15,5,3,1,3,3,2,0,5,5,4,
16,5,3,1,3,3,2,0,6,6,4,
16,5,3,1,3,3,3,0,6,6,4,
16,5,3,1,3,3,3,0,6,6,4,
35,5,3,1,4,4,3,0,6,6,25,
16,5,3,1,4,4,3,0,6,6,4,
17,6,3,1,3,4,2,0,7,7,4,
16,5,3,1,4,4,3,0,6,6,4,
17,5,3,1,7,4,3,0,6,6,7,
16,5,4,4,4,4,5,0,6,6,4,
16,6,3,1,4,4,3,0,6,6,4,
16,5,2,0,3,3,2,0,5,5,3,
16,6,3,1,4,4,3,0,6,6,4,
18,7,3,2,4,5,4,0,7,8,5,
16,6,3,1,4,4,3,0,6,6,4,
16,5,2,0,3,3,2,0,5,5,3,
16,5,2,0,3,3,2,0,5,5,3,
16,5,2,0,3,3,2,0,5,5,3,
16,5,2,0,3,3,2,0,5,5,3,
16,5,2,0,3,3,2,0,5,5,3,
16,5,2,0,3,3,2,0,5,5,3,
16,5,2,0,3,3,2,0,5,5,3,
16,5,2,0,3,3,2,0,5,5,3,
19,5,2,0,3,3,2,0,5,5,3,
16,5,2,0,3,3,2,0,5,5,3,
18,7,3,1,4,5,4,0,7,7,4,
16,5,2,0,3,3,2,0,5,5,3,
16,5,2,0,3,3,2,0,5,5,4,
16,5,2,0,3,3,2,0,5,5,3,
17,5,2,1,3,3,2,0,5,6,4,
16,5,2,1,3,3,2,0,5,6,4,
16,5,2,1,3,3,2,0,5,6,4,
17,5,2,1,3,3,2,0,5,6,6,
16,5,5,1,5,5,5,0,5,6,5,
16,5,2,1,3,3,2,0,6,6,4,
16,5,4,1,2,3,2,0,5,6,3,
16,5,2,1,3,3,2,0,5,6,4,
19,5,8,4,7,3,2,0,5,5,7,
17,5,2,1,3,3,2,0,6,6,4,
17,5,2,1,3,3,2,0,6,6,4,
16,5,2,1,3,3,2,0,5,6,4,
17,5,3,1,3,3,3,0,6,6,4,
17,5,3,1,3,3,2,0,6,6,4,
17,5,3,1,3,3,2,0,6,6,4,
17,5,2,1,4,3,2,0,6,6,5,
16,5,3,1,3,3,3,0,6,6,4,
16,5,3,1,3,3,2,0,6,6,4,
18,5,3,1,3,3,2,0,6,6,4,
16,5,3,1,3,3,3,0,6,6,4,
19,5,3,1,3,3,3,0,6,6,4,
16,5,3,1,3,3,3,0,6,6,4,
16,5,3,1,3,3,3,0,6,6,4,
18,5,3,1,4,4,3,0,6,6,4,
16,5,3,1,3,4,3,0,6,6,4,
16,5,3,1,4,4,3,0,6,6,4,
16,6,3,1,4,4,3,0,6,6,4,
17,6,3,1,4,4,3,0,6,6,4,
16,6,3,1,4,4,3,0,6,6,4,
16,6,3,1,4,4,3,0,6,6,4,
27,6,3,1,4,4,3,0,6,6,4,
18,5,7,5,7,3,3,0,6,6,8,
16,6,3,1,4,4,3,0,6,6,4,
16,6,3,1,4,4,3,0,6,6,4,
16,6,3,1,4,4,3,0,6,6,4,
18,5,2,1,3,3,2,0,5,5,4,
16,5,2,0,3,3,2,0,5,5,3,
16,5,2,0,3,3,2,0,5,5,3,
16,5,2,0,3,3,2,0,5,5,3,
17,6,2,0,3,3,2,0,6,6,6,
16,5,2,0,3,3,2,0,5,5,3,
16,5,5,0,3,3,2,0,5,5,3,
16,5,2,1,3,3,2,0,5,5,4,
17,5,3,1,5,3,2,0,5,5,6,
16,5,2,0,3,3,2,0,5,5,3,
18,5,2,1,3,3,2,0,5,5,3,
16,5,2,1,3,3,2,0,5,5,4,
18,7,2,1,3,5,2,0,7,8,4,
16,5,2,1,3,3,2,0,5,5,4,
16,5,2,1,3,3,2,0,5,6,4,
16,5,2,1,3,3,2,0,5,6,4,
16,5,2,1,3,3,2,0,5,6,4,
16,5,2,1,3,3,2,0,5,6,4,
18,5,2,1,3,3,2,0,8,6,4,
17,6,2,1,3,3,2,0,4,6,4,
16,5,2,1,3,3,2,0,6,6,4,
18,5,2,0,3,3,2,0,5,5,3,
16,5,2,1,3,3,2,0,5,6,4,
16,5,2,1,3,3,2,0,5,6,4,
19,8,2,1,3,6,2,0,8,8,4,
16,5,2,1,3,3,2,0,5,6,4,
16,5,3,1,3,3,2,0,5,6,4,
16,5,2,1,3,3,2,0,6,6,4,
19,5,3,1,3,3,3,0,6,9,4,
16,5,3,1,3,3,3,0,6,6,4,
17,7,7,1,3,3,3,0,7,7,4,
16,5,3,1,3,4,3,0,6,6,4,
16,5,5,1,6,3,3,0,6,6,6,
16,5,3,1,4,4,3,0,6,6,4,
16,5,3,1,3,4,3,0,6,6,4,
16,5,3,1,3,4,3,0,6,6,4,
18,6,3,1,4,4,3,0,6,6,4,
16,6,3,1,4,4,3,0,6,6,4,
16,5,5,3,6,4,3,0,6,6,6,
16,5,2,1,5,4,3,0,6,6,6,
16,5,2,0,3,3,2,0,5,5,3,
16,5,2,0,3,3,2,0,5,5,3,
19,5,2,0,3,3,2,0,5,5,3,
16,5,2,0,3,3,2,0,5,5,3,
18,7,4,2,4,5,4,0,7,7,5,
16,5,2,0,3,3,2,0,5,5,3,
16,5,2,0,3,3,2,0,5,5,3,
16,5,2,0,3,3,2,0,5,5,3,
17,5,2,1,3,3,2,0,5,6,4,
16,5,2,0,3,3,2,0,5,5,3,
16,5,2,0,3,3,2,0,5,5,3,
17,5,2,1,3,3,2,0,5,5,7,
16,5,5,1,5,5,5,0,5,5,5,
16,5,2,0,3,3,2,0,5,6,3,
16,5,4,0,2,3,2,0,5,5,3,
16,5,2,1,3,3,2,0,5,5,4,
16,5,4,0,5,3,2,0,5,5,6,
16,5,2,1,3,3,2,0,5,6,4,
16,5,2,1,3,3,2,0,5,5,4,
16,5,2,1,3,3,2,0,5,6,4,
17,6,3,1,3,4,1,0,6,6,4,
16,5,2,0,3,3,2,0,5,5,3,
16,5,2,1,3,3,2,0,5,5,4,
16,5,2,1,3,3,2,0,5,6,4,
19,8,2,1,3,3,2,0,8,8,4,
16,5,2,1,3,3,2,0,5,6,4,
16,5,5,1,3,3,2,0,5,6,3,
16,5,2,1,3,3,2,0,5,6,4,
17,5,5,4,5,3,2,0,5,6,6,
17,5,3,1,4,3,2,0,6,6,4,
16,5,3,1,3,3,2,0,6,6,4,
17,5,2,1,3,3,2,0,5,6,4,
18,6,3,1,4,4,3,0,6,6,4,
16,5,2,1,3,3,2,0,5,6,4,
27,5,3,1,3,3,2,0,5,6,4,
17,5,3,1,5,3,2,0,5,6,6,
16,3,1,0,2,1,1,0,3,3,2,
16,5,3,1,3,3,2,0,5,6,4,
20,5,3,1,4,3,2,0,6,6,4,
15,5,3,1,4,3,2,0,6,6,4,
18,5,2,0,3,3,2,0,5,5,3,
16,5,3,1,4,3,2,0,6,6,4,
16,5,3,1,4,3,2,0,6,6,4,
16,5,3,1,4,3,2,0,6,6,4,
16,5,3,1,4,3,2,0,6,6,4,
16,5,3,1,4,3,2,0,6,6,4,
16,5,3,1,4,3,2,0,6,6,4,
16,5,3,1,4,3,3,0,6,6,4,
16,6,3,1,4,4,3,0,6,6,4,
16,5,3,2,4,3,3,0,6,6,5,
16,5,3,1,4,3,3,0,6,6,4,
16,5,3,1,4,3,3,0,6,6,5,
16,5,3,1,3,3,2,0,5,5,4,
16,5,3,1,4,3,3,0,6,6,4,
16,5,3,2,4,3,3,0,6,6,5,
18,5,3,2,4,4,3,0,6,6,5,
16,5,3,2,4,4,3,0,6,6,5,
16,5,3,2,4,4,3,0,6,6,5,
16,5,3,2,4,3,3,0,6,6,5,
16,5,3,2,4,4,3,0,6,6,5,
16,5,3,2,4,4,3,0,6,6,5,
16,6,3,2,4,4,3,0,6,6,5,
18,5,3,1,3,3,2,0,5,5,4,
16,6,3,1,4,4,3,0,6,6,4,
18,6,2,0,2,4,3,1,6,6,3,
16,6,3,2,4,4,3,0,6,6,5,
16,5,2,1,3,3,2,0,5,5,4,
18,6,3,2,4,4,3,0,6,6,5,
16,5,3,1,3,3,2,0,5,5,4,
16,5,3,1,3,3,2,0,5,5,4,
16,5,3,1,3,3,2,0,5,5,4,
17,5,3,1,6,3,2,0,5,5,7,
16,5,4,4,4,4,4,0,5,5,4,
16,5,2,1,3,3,2,0,5,5,4,
16,5,3,1,2,3,2,0,5,5,3,
16,5,3,1,3,3,2,0,5,5,4,
18,5,6,4,6,3,2,0,5,5,7,
16,5,3,1,3,3,2,0,5,5,4,
16,5,3,1,3,3,2,0,5,5,4,
16,5,3,1,3,3,2,0,5,5,4,
16,4,2,0,2,2,2,0,4,4,3,
16,5,2,1,4,3,2,0,5,6,5,
16,5,3,1,4,3,2,0,5,6,4,
16,5,3,1,4,3,2,0,5,5,4,
16,5,5,1,5,5,5,0,5,5,5,
16,5,3,1,4,3,2,0,5,5,4,
16,5,3,1,4,3,2,0,5,6,4,
16,5,3,1,4,3,2,0,5,6,4,
20,5,8,6,9,3,2,0,5,5,9,
17,5,3,1,4,3,2,0,5,6,4,
17,5,2,1,3,3,2,0,5,6,4,
17,5,3,1,3,3,2,0,5,6,4,
16,5,3,1,4,3,2,0,5,6,4,
17,5,3,1,4,3,2,0,6,6,4,
16,5,3,1,4,3,2,0,6,6,4,
16,5,3,1,3,3,3,0,6,6,4,
16,5,3,1,4,3,3,0,6,6,4,
16,5,3,1,4,3,3,0,6,6,4,
16,5,3,1,4,3,2,0,5,6,4,
16,5,3,1,4,3,3,0,6,6,4,
18,5,3,1,3,3,2,0,5,5,4,
16,5,3,1,4,3,3,0,6,6,5,
16,5,3,2,4,4,3,0,6,6,5,
17,5,3,1,4,4,3,0,6,6,4,
16,5,3,1,4,4,3,0,6,6,4,
16,5,3,1,3,3,2,0,5,5,4,
16,6,3,2,4,4,3,0,6,6,5,
16,5,3,1,4,4,3,0,6,6,4,
16,5,3,1,3,4,3,0,6,6,4,
16,5,3,2,4,3,3,0,6,6,5,
17,5,3,1,4,3,2,0,5,6,4,
16,5,3,2,4,4,3,0,6,6,5,
19,5,3,1,3,3,3,0,6,6,4,
16,6,3,2,4,4,3,0,6,7,5,
16,6,3,2,4,4,3,0,6,6,5,
17,7,3,2,4,5,4,0,7,7,5,
16,6,3,2,4,4,3,0,6,6,5,
16,6,4,2,4,4,3,0,6,6,5,
16,6,3,1,4,4,3,0,6,6,4,
17,6,3,2,6,4,3,0,6,6,7,
16,5,3,3,3,3,4,0,5,5,4,
16,5,3,1,3,3,2,0,5,5,4,
16,5,3,1,3,3,2,0,5,5,3,
16,5,2,0,3,3,2,0,5,5,3,
17,5,5,4,6,3,2,0,5,5,7,
16,5,2,1,3,3,2,0,5,5,4,
16,5,2,0,3,3,2,0,5,5,3,
16,5,3,1,3,3,2,0,5,5,4,
17,5,3,1,3,3,1,0,6,6,4,
17,6,5,2,4,4,3,0,6,6,5,
17,5,3,1,4,3,3,0,6,6,4,
16,5,3,1,3,3,2,0,5,5,4,
18,8,3,1,3,3,2,0,8,8,4,
16,5,4,2,5,3,2,0,5,5,5,
16,5,5,1,4,3,2,0,5,5,4,
16,5,3,1,3,3,2,0,5,5,4,
17,5,3,1,6,3,2,0,6,5,6,
16,5,3,1,4,3,2,0,5,6,4,
17,5,3,1,4,3,2,0,5,6,4,
16,5,3,1,4,3,2,0,5,6,4,
19,6,3,1,4,4,3,0,6,6,4,
17,5,3,1,3,5,2,0,6,6,4,
16,5,2,1,3,3,2,0,5,6,4,
17,5,3,1,6,3,2,0,6,6,6,
16,2,0,0,0,0,1,0,3,2,1,
17,5,3,2,4,3,2,0,6,6,4,
19,5,3,1,4,3,2,0,5,5,4,
16,5,3,1,4,3,2,0,5,6,4,
19,7,6,4,7,5,5,0,8,8,8,
17,5,3,1,4,3,2,0,6,6,4,
16,5,3,1,4,3,2,0,6,6,4,
16,5,3,1,4,3,3,0,6,6,4,
16,5,3,1,4,3,2,0,6,6,4,
16,5,3,1,4,3,3,0,6,6,4,
16,5,3,1,4,3,3,0,6,6,4,
16,5,3,1,4,3,3,0,6,6,4,
16,5,3,1,4,3,3,0,6,6,4,
16,5,3,1,4,3,3,0,6,6,4,
16,5,3,1,3,3,2,0,5,5,4,
16,5,3,1,4,3,3,0,6,6,5,
19,6,3,2,4,4,3,0,6,6,5,
16,5,3,1,4,3,3,0,6,6,5,
16,5,3,1,4,3,3,0,6,6,4,
16,6,3,1,4,4,3,0,6,6,4,
16,5,3,1,4,4,3,0,7,6,4,
16,5,3,1,4,4,3,0,6,6,4,
16,5,3,1,4,3,3,0,6,6,4,
16,5,3,2,6,4,3,0,6,6,6,
16,2,0,0,1,0,1,0,3,2,2,
16,5,3,1,4,4,3,0,6,6,4,
16,5,3,1,4,4,3,0,6,6,5,
16,6,3,2,4,4,3,0,6,6,5,
17,6,6,4,7,4,3,0,6,6,8,
16,6,3,2,4,4,3,0,6,6,5,
16,6,3,1,4,4,3,0,6,6,4,
16,6,3,2,4,4,3,0,6,6,5,
16,6,3,2,4,4,3,0,6,6,5,
16,6,4,2,4,4,3,0,6,6,5,
16,5,3,1,3,3,2,0,5,5,4,
16,5,3,1,3,3,2,0,5,5,4,
18,8,3,1,3,3,2,0,8,8,4,
16,5,3,1,3,3,2,0,5,5,4,
16,4,3,1,3,3,2,0,5,5,4,
16,5,2,0,3,3,2,0,5,5,3,
16,5,2,1,3,3,2,0,5,5,4,
16,5,3,1,3,3,2,0,5,5,4,
18,5,3,1,3,3,2,0,5,5,4,
16,6,3,1,4,3,2,0,5,5,4,
18,6,2,1,3,4,1,0,6,6,4,
17,5,3,1,4,4,3,0,6,6,4,
16,5,2,1,3,3,2,0,5,6,4,
16,5,3,1,3,3,2,0,5,5,4,
18,7,2,1,3,3,2,0,7,7,7,
17,5,3,1,3,3,2,0,6,5,4,
16,5,4,1,2,3,2,0,5,5,3,
16,5,3,1,4,3,2,0,5,6,4,
17,5,4,3,5,3,2,0,5,5,6,
16,5,2,1,3,3,2,0,5,6,4,
16,5,3,1,4,3,2,0,5,6,4,
16,5,3,1,4,3,2,0,5,6,4,
17,5,3,2,4,3,3,0,6,6,5,
16,5,3,1,4,4,2,0,5,6,4,
16,5,3,1,4,3,2,0,6,6,4,
16,5,3,1,5,3,2,0,5,6,5,
16,4,2,0,3,2,1,0,4,4,3,
17,5,3,1,4,3,3,0,6,6,5,
19,5,3,1,3,3,2,0,5,5,4,
16,5,3,1,4,3,2,0,6,6,4,
18,5,3,1,3,3,2,0,5,6,4,
16,5,3,1,4,3,3,0,6,6,4,
16,5,3,1,4,3,2,0,6,6,4,
16,5,3,1,4,3,3,0,6,6,4,
16,5,3,1,4,3,2,0,6,6,4,
16,5,3,1,3,3,3,0,6,6,4,
16,5,3,1,4,3,3,0,6,6,4,
17,6,2,1,4,4,2,0,7,7,4,
15,4,2,0,3,2,2,0,4,4,3,
16,5,3,1,4,3,3,0,6,6,4,
18,5,2,1,3,3,2,0,5,5,4,
16,5,3,1,4,4,3,0,6,6,4,
19,5,8,6,9,3,4,0,5,6,9,
16,4,2,1,3,3,2,0,5,5,4,
16,5,3,2,4,3,3,0,6,6,5,
16,5,3,2,4,4,3,0,6,6,5,
18,5,3,1,4,3,3,0,6,6,4,
16,5,3,1,4,4,3,0,6,6,4,
16,6,3,1,4,4,3,0,6,6,4,
16,6,3,2,4,4,3,0,6,6,5,
16,7,3,2,7,7,3,0,7,7,7,
16,6,3,2,4,4,3,0,6,6,5,
16,6,5,1,4,4,3,0,6,6,4,
16,6,4,2,4,4,3,0,6,6,5,
16,6,3,2,4,4,3,0,6,6,5,
16,6,3,2,4,4,3,0,6,6,5,
17,6,3,2,4,4,3,0,6,6,5,
16,5,2,1,3,3,2,0,5,5,4,
18,7,3,1,3,5,1,0,7,7,4,
16,5,3,1,3,3,2,0,5,5,4,
16,5,3,1,3,3,2,0,5,5,4,
16,5,3,1,3,3,2,0,5,5,4,
16,5,3,1,4,3,2,0,5,5,4,
16,5,3,1,3,3,2,0,5,5,4,
16,5,6,1,3,3,2,0,5,5,4,
16,5,2,1,3,3,2,0,5,5,4,
16,5,3,1,3,3,2,0,5,5,4,
16,5,3,1,3,3,3,0,5,5,4,
16,5,2,1,3,3,2,0,5,6,4,
16,5,2,1,3,3,2,0,5,6,4,
16,5,2,1,3,3,2,0,5,6,4,
16,5,2,1,3,3,2,0,5,6,4,
18,5,2,1,3,3,2,0,5,6,4,
17,5,2,1,6,3,2,0,5,6,7,
17,5,4,4,4,4,4,0,5,6,4,
16,5,2,1,3,3,2,0,6,6,4,
16,5,2,1,3,3,2,0,5,6,4,
17,5,3,1,3,3,3,0,6,6,4,
19,7,7,6,8,5,5,0,7,8,9,
16,5,3,1,3,3,2,0,6,6,4,
17,5,3,1,3,3,3,0,6,6,4,
17,7,3,1,3,3,2,0,7,7,4,
17,5,3,1,3,3,2,0,6,6,4,
17,5,3,1,3,3,3,0,6,6,4,
17,5,3,1,3,3,3,0,6,6,4,
16,5,3,1,3,3,3,0,6,6,4,
16,5,3,1,3,3,3,0,6,6,4,
16,5,3,1,3,3,3,0,6,6,4,
18,5,2,0,3,3,2,0,5,5,3,
16,5,3,1,3,3,3,0,6,6,4,
19,5,3,1,3,4,3,0,6,6,4,
16,5,3,1,3,4,3,0,6,6,4,
16,5,3,1,3,3,3,0,6,6,4,
16,5,3,1,3,4,3,0,6,6,4,
45,34,2,0,34,34,2,0,34,34,34,
16,5,3,1,3,3,3,0,6,6,4,
17,6,3,1,6,4,3,0,6,6,7,
16,6,5,1,5,5,5,0,6,6,5,
16,5,3,1,4,4,3,0,6,6,4,
16,5,4,1,3,4,3,0,6,6,3,
16,6,3,1,4,4,3,0,6,6,4,
16,6,5,1,6,4,3,0,6,6,6,
16,6,3,1,4,4,3,0,6,6,4,
16,6,3,1,4,4,3,0,6,6,4,
16,6,3,1,4,4,3,0,6,6,4,
16,5,2,0,3,3,1,0,6,6,3,
16,5,2,0,3,3,2,0,5,5,3,
16,6,3,1,4,4,3,0,6,6,4,
16,5,2,0,3,3,2,0,5,5,3,
16,5,2,0,3,3,2,0,5,5,3,
16,5,2,0,3,3,2,0,5,5,3,
17,4,2,0,3,3,2,0,6,5,3,
17,5,2,0,3,3,2,0,5,6,3,
17,5,2,0,3,3,2,0,5,5,3,
16,5,2,0,3,3,2,0,5,5,3,
18,5,2,0,3,3,2,0,5,5,3,
18,5,2,0,3,3,2,0,5,5,3,
17,6,2,0,3,4,1,0,7,7,3,
16,5,2,1,3,3,2,0,5,5,3,
16,5,2,0,3,3,2,0,5,5,3,
16,4,2,0,3,3,2,0,6,5,3,
17,6,2,1,3,3,2,0,6,6,6,
16,5,2,1,3,3,2,0,5,6,3,
16,5,4,0,2,3,2,0,5,6,3,
16,5,2,1,3,3,2,0,5,6,4,
19,5,4,4,6,3,2,0,5,6,6,
17,6,2,1,3,4,1,0,6,6,4,
16,5,2,1,3,3,2,0,6,6,4,
16,5,2,1,3,3,2,0,5,6,4,
17,6,3,1,4,4,3,0,6,6,4,
16,5,3,1,3,3,2,0,6,6,4,
16,5,2,1,3,3,2,0,5,6,4,
16,5,2,1,4,3,2,0,6,6,5,
16,4,1,0,2,2,1,0,4,4,3,
16,5,2,1,3,3,2,0,6,6,4,
19,5,2,0,3,3,2,0,5,5,3,
17,5,3,1,3,3,3,0,6,6,4,
19,5,2,1,3,3,2,0,5,6,4,
17,5,3,1,3,3,3,0,6,6,4,
17,5,3,1,3,3,2,0,6,6,4,
17,5,3,1,3,3,3,0,6,6,4,
17,5,3,1,3,3,3,0,6,6,4,
16,5,3,1,3,3,3,0,6,6,4,
16,5,3,1,3,3,3,0,6,6,4,
16,5,3,1,6,4,3,0,6,6,6,
16,5,4,4,4,4,5,0,6,6,4,
16,5,3,1,3,4,3,0,6,6,4,
16,5,4,1,3,3,3,0,6,6,4,
16,5,3,1,3,4,3,0,6,6,4,
16,5,5,1,6,4,3,0,6,6,6,
16,5,3,1,3,4,3,0,6,6,4,
16,5,3,1,3,4,3,0,6,6,4,
16,5,3,1,3,4,3,0,6,6,4,
16,6,3,1,3,4,2,0,6,7,4,
16,6,3,1,4,4,3,0,6,6,4,
16,6,3,1,4,4,3,0,6,6,4,
16,6,3,1,4,4,3,0,6,6,4,
16,6,3,1,4,4,3,0,6,6,4,
16,5,3,1,4,4,3,0,6,6,4,
16,5,3,1,4,4,3,0,6,6,4,
16,6,3,1,4,4,3,0,6,6,4,
18,5,2,0,3,3,2,0,5,5,3,
16,5,2,0,3,3,2,0,5,5,3,
16,6,3,1,4,4,3,0,6,6,4,
16,6,3,1,4,4,3,0,6,6,4,
19,8,2,0,3,6,2,0,8,8,3,
16,5,2,0,3,3,2,0,5,5,3,
16,5,2,0,3,3,2,0,5,5,3,
16,5,2,0,3,3,2,0,5,5,3,
16,5,2,0,3,3,2,0,5,5,3,
16,5,2,0,3,3,2,0,5,5,3,
18,6,2,0,3,5,2,0,7,7,3,
16,5,2,0,3,3,2,0,5,5,4,
16,5,2,0,3,3,2,0,5,5,3,
16,5,2,1,3,3,2,0,5,5,3,
16,5,2,1,3,3,2,0,5,6,4,
17,5,2,1,3,3,2,0,5,6,4,
16,5,2,1,3,3,2,0,5,6,4,
16,5,3,1,3,3,2,0,6,6,4,
16,5,2,1,3,3,2,0,6,6,4,
17,5,2,1,3,3,2,0,6,6,7,
16,5,5,1,5,5,5,0,6,6,5,
16,5,3,1,3,3,2,0,6,6,4,
16,5,3,1,3,3,2,0,6,6,4,
16,5,3,1,3,3,2,0,6,6,4,
20,5,8,6,9,3,4,0,5,5,9,
16,5,3,1,3,3,2,0,6,6,4,
16,5,2,1,3,3,2,0,6,6,4,
16,5,2,1,3,3,2,0,6,6,4,
17,5,3,1,3,3,3,0,6,6,4,
17,5,3,1,3,3,2,0,6,6,4,
16,5,3,1,3,3,2,0,6,6,4,
16,5,3,1,5,3,2,0,6,6,5,
16,2,0,0,0,0,1,0,2,2,1,
17,5,3,1,3,3,3,0,6,6,4,
17,5,3,1,3,3,3,0,6,6,4,
17,5,3,1,3,3,3,0,6,6,4,
17,5,5,4,6,3,3,0,6,6,7,
16,5,3,1,3,3,3,0,6,6,4,
16,5,3,1,3,3,3,0,6,6,4,
16,5,3,1,3,3,3,0,6,6,4,
16,5,3,1,3,3,3,0,6,6,4,
16,5,3,1,3,3,3,0,6,6,4,
16,5,3,1,3,3,3,0,6,6,4,
16,5,3,1,3,3,3,0,6,6,4,
18,8,3,1,3,3,3,0,8,8,4,
16,5,3,1,4,4,3,0,6,6,4,
16,5,3,1,4,4,3,0,6,6,4,
16,6,3,1,4,4,3,0,6,6,4,
16,5,3,1,3,4,3,0,6,6,4,
16,5,3,1,3,4,3,0,6,6,4,
19,5,3,1,4,4,3,0,6,6,4,
16,5,3,1,3,4,3,0,6,6,4,
19,9,3,1,4,7,3,0,9,9,4,
16,6,3,1,4,4,3,0,6,6,4,
16,6,3,1,4,4,3,0,6,6,4,
17,7,3,1,4,4,3,0,7,8,4,
16,6,3,1,4,4,3,0,6,6,4,
16,6,3,1,4,4,3,0,6,6,4,
19,6,3,1,4,4,3,0,9,6,4,
18,6,2,0,3,3,2,0,4,7,3,
16,5,2,0,3,3,2,0,5,5,3,
16,5,2,0,3,3,2,0,5,5,3,
16,5,2,0,3,3,2,0,5,5,3,
16,5,2,0,3,3,2,0,5,5,3,
18,7,2,0,3,5,2,0,7,8,3,
16,5,2,0,3,3,2,0,5,5,3,
16,5,2,0,3,3,2,0,5,5,3,
16,5,2,0,3,3,2,0,5,5,3,
19,5,2,0,3,3,2,0,5,8,3,
16,5,2,0,3,3,2,0,5,5,3,
16,5,5,1,3,3,2,0,5,5,4,
16,5,2,1,3,3,2,0,5,6,4,
16,5,2,1,5,3,2,0,5,5,6,
16,5,2,1,3,3,2,0,5,5,4,
16,5,2,1,3,3,2,0,5,6,4,
16,5,2,1,3,3,2,0,5,5,4,
19,5,3,1,3,3,3,0,6,6,4,
16,5,2,1,3,3,2,0,6,6,4,
16,5,2,1,3,3,2,0,5,6,4,
17,5,2,1,5,3,2,0,5,6,6,
16,2,0,0,0,0,1,0,2,2,1,
16,5,2,1,3,3,2,0,6,6,4,
16,5,3,1,3,3,2,0,5,6,4,
16,5,3,1,3,3,2,0,6,6,4,
17,5,5,4,6,3,2,0,6,6,7,
16,5,3,1,3,3,2,0,6,6,4,
16,5,5,1,3,3,2,0,6,6,4,
16,5,3,1,3,3,2,0,6,6,4,
16,5,3,1,3,3,2,0,6,6,4,
17,5,3,1,3,3,3,0,6,6,4,
17,5,3,1,3,3,3,0,6,6,4,
17,5,3,1,3,3,3,0,6,6,4,
19,8,3,1,3,3,2,0,8,8,4,
16,5,3,1,3,3,3,0,6,6,4,
15,5,3,1,3,3,3,0,6,6,4,
16,5,3,1,3,3,3,0,6,6,4,
16,5,3,1,3,3,3,0,6,6,4,
16,5,3,1,3,3,3,0,6,6,4,
19,6,3,1,3,3,3,0,6,6,4,
16,6,3,1,3,3,3,0,6,6,4,
19,9,3,1,3,7,2,0,9,10,4,
16,5,2,0,3,3,2,0,5,6,3,
16,6,3,1,3,4,3,0,6,6,4,
16,6,3,1,4,4,3,0,6,6,4,
17,7,3,1,4,4,3,0,7,7,4,
16,6,3,1,4,4,3,0,6,6,4,
16,6,6,1,3,4,3,0,6,6,4,
16,6,3,1,3,4,3,0,6,6,4,
16,6,3,1,4,4,3,0,6,6,4,
16,6,3,1,4,4,3,0,6,6,4,
18,6,3,1,4,4,3,0,6,6,4,
16,6,3,1,4,4,3,0,6,6,4,
17,6,2,0,3,4,1,0,6,7,3,
16,5,2,0,3,3,2,0,5,5,3,
16,5,2,0,3,3,2,0,5,5,3,
16,5,2,0,3,3,2,0,5,5,3,
17,6,2,0,3,3,2,0,6,6,6,
16,5,2,0,3,3,2,0,5,5,3,
16,5,4,0,2,3,2,0,5,6,3,
16,5,2,0,3,3,2,0,5,6,4,
18,7,5,3,6,3,2,0,5,8,6,
16,5,2,1,3,3,2,0,5,5,4,
16,5,2,0,3,3,2,0,5,6,4,
16,5,2,1,3,3,2,0,5,6,4,
17,5,3,1,3,3,3,0,6,6,4,
16,5,2,1,3,3,2,0,5,6,4,
16,5,2,1,3,3,2,0,5,6,3,
16,5,2,1,4,3,2,0,5,6,5,
16,5,2,1,3,3,2,0,5,6,4,
16,5,2,1,3,3,2,0,5,6,4,
19,6,3,1,4,4,3,0,6,6,4,
18,6,3,1,4,4,3,0,6,6,4,
19,5,2,0,3,3,2,0,5,6,3,
16,5,2,1,3,3,2,0,5,6,4,
18,7,3,1,3,5,4,0,7,7,4,
17,5,3,1,3,3,3,0,6,6,4,
17,5,3,1,3,3,2,0,6,6,4,
16,5,3,1,3,3,2,0,5,6,4,
16,5,2,1,3,3,2,0,6,6,4,
16,5,2,1,5,3,2,0,5,6,5,
16,3,0,0,1,1,2,0,3,3,2,
17,5,3,1,3,3,2,0,6,6,4,
16,5,3,1,3,3,2,0,6,6,4,
17,5,2,1,3,3,2,0,6,6,4,
17,5,5,4,6,3,3,0,6,6,7,
17,5,2,1,3,3,2,0,6,6,4,
17,5,3,1,3,3,3,0,6,6,4,
17,6,3,1,3,4,3,0,6,6,4,
17,5,3,1,3,3,3,0,6,6,4,
17,5,3,1,3,3,3,0,6,6,4,
16,5,3,1,3,3,3,0,6,6,4,
16,5,2,0,3,3,2,0,5,5,3,
16,6,6,3,6,6,3,0,6,6,6,
16,5,2,0,3,3,2,0,5,5,3,
16,5,5,1,3,3,3,0,6,6,4,
16,5,3,1,3,3,3,0,6,6,4,
16,6,3,1,3,3,3,0,6,6,4,
16,6,3,1,3,3,3,0,6,6,4,
17,5,3,1,3,3,3,0,6,6,4,
16,6,3,1,3,3,3,0,6,6,4,
18,7,3,1,4,5,2,0,8,8,4,
16,6,3,1,4,4,3,0,6,6,4,
16,6,3,1,4,4,3,0,6,6,4,
16,6,3,1,4,4,3,0,6,6,4,
16,6,3,1,4,4,3,0,6,6,4,
16,6,3,1,4,4,3,0,6,6,4,
16,6,3,1,4,4,3,0,6,6,4,
16,5,2,0,3,3,2,0,5,5,3,
16,5,2,0,3,3,2,0,5,5,3,
16,5,2,0,3,3,2,0,5,5,3,
16,5,2,0,3,3,2,0,5,5,3,
16,5,2,0,3,3,2,0,5,5,3,
18,5,2,1,3,3,2,0,5,6,4,
16,5,2,0,3,3,2,0,5,5,3,
16,5,2,1,3,3,2,0,5,6,4,
17,5,2,1,6,3,2,0,5,6,7,
37,4,3,3,3,25,4,0,26,5,4,
16,5,2,1,3,3,2,0,5,6,4,
18,6,2,1,3,4,4,0,7,7,4,
19,7,7,5,8,5,5,0,7,8,9,
33,5,2,22,3,3,2,0,5,6,4,
18,5,2,1,3,3,2,0,7,6,4,
16,5,2,1,3,3,2,0,5,6,4,
16,5,2,1,3,3,2,0,5,6,4,
16,5,2,1,3,3,2,0,5,6,4,
16,5,2,1,3,3,2,0,5,6,4,
16,5,2,1,3,3,2,0,5,6,4,
16,5,3,2,3,3,3,0,5,6,4,
19,5,2,0,3,3,2,0,5,6,3,
16,5,2,1,3,3,2,0,5,6,4,
20,5,8,6,9,3,4,0,6,6,9,
16,5,2,1,3,3,2,0,5,6,4,
27,6,3,1,4,4,3,0,6,6,4,
17,5,2,1,3,3,2,0,5,6,4,
18,5,2,1,3,3,2,0,5,6,4,
17,5,2,1,3,3,2,0,5,6,4,
16,5,2,1,3,3,2,0,5,6,4,
16,5,2,1,3,3,2,0,5,6,4,
17,6,2,1,6,6,2,0,6,6,6,
17,5,3,1,3,3,3,0,6,6,4,
17,5,5,1,3,3,2,0,6,6,4,
17,5,3,1,3,3,3,0,6,6,4,
17,5,3,1,3,3,3,0,6,6,4,
17,5,3,1,3,3,3,0,6,6,4,
18,5,3,1,3,3,3,0,6,6,4,
16,5,3,1,3,3,3,0,6,6,4,
18,7,3,1,3,5,2,0,8,8,4,
16,5,3,1,3,3,3,0,6,6,4,
16,5,3,1,3,3,3,0,6,6,4,
16,5,3,1,3,3,3,0,6,6,4,
16,6,3,1,3,3,3,0,6,6,4,
16,6,3,1,4,4,3,0,6,6,4,
18,6,3,1,4,4,3,0,8,6,4,
17,7,3,1,4,3,3,0,5,8,4,
16,6,3,1,4,4,3,0,6,6,4,
16,6,3,1,4,4,3,0,6,6,4,
16,6,3,1,4,4,3,0,6,6,4,
16,6,3,1,4,4,3,0,6,6,4,
40,30,3,1,4,6,3,0,8,8,4,
16,6,3,1,4,4,3,0,6,7,4,
16,5,2,0,3,3,2,0,5,5,3,
36,5,2,0,25,3,2,0,5,8,3,
16,5,5,0,3,3,2,0,5,5,4,
16,5,2,0,3,3,2,0,5,5,3,
16,5,2,0,5,3,2,0,5,5,6,
16,5,2,1,3,3,2,0,5,6,4,
16,5,2,0,3,3,2,0,5,5,3,
16,5,2,0,3,3,2,0,5,5,3,
18,5,3,1,3,3,2,0,6,6,4,
16,5,2,1,3,3,2,0,5,5,3,
16,5,2,0,3,3,2,0,5,5,3,
17,5,2,1,5,3,2,0,5,6,6,
16,2,0,0,1,1,2,1,3,3,2,
16,5,2,1,3,3,2,0,5,5,4,
16,5,2,1,3,3,2,0,5,5,4,
16,5,2,1,3,3,2,0,5,5,4,
17,5,5,4,6,3,2,0,5,5,7,
16,5,2,1,3,3,2,0,5,6,4,
16,5,2,1,3,3,2,0,5,6,4,
16,5,2,1,3,3,2,0,5,6,4,
19,5,2,0,3,3,2,0,5,5,3,
16,5,2,1,3,3,2,0,5,6,4,
16,5,2,1,3,3,2,0,6,6,4,
16,5,2,1,3,3,2,0,6,6,4,
18,7,2,1,3,3,2,0,7,7,4,
16,5,2,1,3,3,2,0,6,6,4,
16,5,5,1,3,3,2,0,6,6,4,
16,5,2,1,3,3,2,0,6,6,4,
16,5,2,1,3,3,2,0,5,6,4,
16,5,2,1,3,3,2,0,6,6,4,
19,5,3,1,3,3,2,0,6,6,4,
18,7,3,1,3,3,2,0,6,7,4,
19,8,3,1,3,6,3,0,8,8,4,
17,5,2,0,3,3,2,0,5,5,3,
16,5,3,1,3,3,2,0,6,6,4,
17,5,3,1,3,3,3,0,6,6,4,
17,5,3,1,3,3,3,0,6,6,4,
17,5,3,1,3,3,3,0,6,6,4,
19,5,3,1,3,3,3,0,9,6,4,
19,8,3,1,3,3,3,0,5,8,4,
16,5,3,1,3,3,3,0,6,6,4,
16,5,3,1,3,3,3,0,6,6,4,
16,6,3,1,3,4,3,0,6,7,4,
16,5,2,1,3,3,2,0,6,6,4,
17,5,3,1,3,4,3,0,8,6,4,
16,5,3,1,3,4,3,0,6,6,4,
16,5,2,0,3,3,2,0,5,5,3,
16,6,3,1,4,4,3,0,6,6,4,
16,6,3,1,4,4,3,0,6,6,4,
16,6,3,1,4,4,3,0,6,6,4,
16,5,3,1,4,4,3,0,7,6,4,
35,6,25,1,4,4,24,0,6,6,4,
16,5,2,0,3,3,2,0,5,5,3,
17,5,2,0,3,3,2,0,5,5,3,
16,5,2,0,3,3,2,0,5,5,3,
16,5,2,0,3,3,2,0,5,6,3,
16,5,2,0,3,3,2,0,5,5,3,
17,5,2,0,3,3,2,0,5,5,3,
16,5,2,0,3,3,2,0,5,5,3,
16,5,5,0,5,5,5,0,5,6,5,
40,29,2,0,3,27,26,24,29,29,3,
38,4,2,0,2,2,2,0,26,5,3,
16,5,2,1,3,3,2,0,5,5,4,
16,5,2,0,3,3,2,0,5,5,3,
16,5,2,1,3,3,2,0,5,6,4,
16,5,2,1,3,3,2,0,5,6,4,
16,5,2,1,3,3,2,0,5,6,4,
16,5,2,1,3,3,2,0,5,6,4,
17,5,2,1,6,3,2,0,5,6,7,
16,5,4,1,4,4,5,0,5,6,4,
16,5,2,1,3,3,2,0,5,6,4,
16,5,4,1,2,3,2,0,5,6,3,
16,5,2,1,3,3,2,0,5,6,4,
17,5,4,0,5,3,2,0,5,5,5,
17,5,3,1,4,3,2,0,6,6,4,
16,5,3,1,3,3,3,0,6,6,4,
16,5,3,1,3,3,3,0,6,6,4,
17,6,3,1,3,4,2,0,6,6,4,
17,5,3,1,3,3,3,0,6,6,4,
16,5,3,1,3,3,3,0,6,6,4,
16,5,3,1,3,3,3,0,6,6,4,
17,5,3,1,3,3,3,0,6,6,4,
16,5,3,1,3,3,3,0,6,6,4,
18,5,3,1,3,3,3,0,7,5,4,
17,6,3,1,3,3,3,0,6,6,4,
17,5,3,1,3,3,3,0,6,6,4,
17,5,3,1,3,3,3,0,6,6,4,
17,5,3,1,3,3,3,0,6,6,4,
17,5,3,1,3,3,3,0,6,6,4,
18,5,3,1,3,3,3,0,8,6,4,
17,6,3,1,4,4,3,0,6,6,4,
17,5,3,1,3,4,3,0,6,6,4,
16,5,3,1,3,4,3,0,6,6,4,
16,5,3,1,4,4,3,0,6,6,4,
16,5,3,1,3,4,3,0,6,6,4,
19,6,3,1,4,4,3,0,9,6,4,
17,7,3,1,4,3,3,0,5,7,4,
16,6,3,1,4,4,3,0,6,6,4,
16,6,3,3,4,4,4,0,6,6,4,
16,6,3,1,4,4,3,0,6,6,4,
16,5,2,0,3,3,2,0,5,5,3,
18,8,3,1,4,6,3,0,8,8,5,
16,5,2,0,3,3,2,0,5,5,3,
16,5,2,0,3,3,2,0,5,5,3,
16,5,2,0,3,3,2,0,5,5,3,
18,5,2,0,3,3,2,0,8,8,3,
16,5,2,0,3,3,2,0,5,5,3,
16,5,5,0,3,3,2,0,5,5,3,
16,5,2,0,3,3,2,0,5,5,3,
16,5,2,1,5,3,2,0,5,6,6,
16,5,2,0,3,3,2,0,5,5,3,
16,5,2,0,3,3,2,0,5,5,3,
16,5,2,1,3,3,2,0,5,6,4,
18,5,2,1,3,3,2,0,5,6,4,
16,5,2,1,3,3,2,0,5,5,3,
16,5,2,1,3,3,2,0,5,6,4,
17,5,2,1,6,3,2,0,5,5,6,
16,5,4,1,4,4,4,0,5,6,4,
16,5,2,1,3,3,2,0,5,6,4,
16,5,3,0,2,3,2,0,5,6,3,
16,5,2,1,3,3,2,0,5,6,4,
16,5,5,1,5,3,2,0,5,6,6,
16,5,2,1,3,3,2,0,5,6,4,
16,5,2,1,3,3,2,0,5,6,4,
16,5,2,1,3,3,2,0,5,6,4,
17,6,2,1,3,4,1,0,6,6,4,
16,5,2,1,3,3,2,0,5,6,4,
39,5,3,1,3,4,3,0,6,6,4,
16,5,2,1,3,3,2,0,5,6,4,
16,5,2,1,3,3,2,0,5,6,4,
17,5,2,1,3,3,2,0,7,5,4,
18,7,2,1,3,5,4,0,7,7,4,
16,5,2,1,3,3,2,0,5,6,4,
16,5,2,1,3,3,2,0,6,6,4,
16,5,2,1,3,3,2,0,6,6,4,
16,5,2,1,3,3,2,0,6,6,4,
18,5,2,1,3,3,2,0,8,6,4,
16,5,3,1,3,3,2,0,6,6,4,
16,5,3,1,3,3,2,0,6,6,4,
16,5,3,1,3,3,2,0,6,6,4,
16,5,3,1,3,3,2,0,6,6,4,
16,5,3,1,3,3,2,0,6,6,4,
16,5,2,1,5,5,2,0,6,6,5,
16,5,3,1,3,3,2,0,6,6,4,
16,5,3,1,3,3,3,0,6,6,4,
17,5,3,1,4,4,3,0,6,6,4,
41,5,3,1,3,3,3,0,6,28,4,
18,8,3,1,3,3,3,0,8,8,4,
16,5,3,1,3,4,3,0,6,6,4,
16,5,3,1,3,3,3,0,6,6,4,
16,5,3,1,4,4,3,0,6,6,4,
16,5,3,1,4,4,3,0,6,6,4,
16,6,3,1,4,4,3,0,6,6,4,
16,5,3,1,4,4,3,0,6,6,4,
16,6,3,1,4,4,3,0,6,6,4,
16,6,3,1,4,4,3,0,6,6,4,
16,6,3,1,4,4,3,0,6,6,4,
16,6,3,1,4,4,3,0,6,6,4,
16,6,3,1,4,4,3,0,6,6,4,
16,5,2,0,3,3,2,0,5,5,3,
16,5,2,0,3,3,2,0,5,5,3,
16,5,2,0,3,3,2,0,5,5,3,
17,5,2,0,3,3,2,0,5,5,6,
16,5,4,0,4,4,4,0,5,5,4,
16,5,2,0,3,3,2,0,5,5,3,
16,5,2,0,3,3,2,0,5,5,3,
16,5,2,0,3,3,2,0,5,5,3,
17,5,5,3,6,3,2,0,5,5,6,
16,5,2,0,3,3,2,0,5,5,3,
16,5,2,0,3,3,2,0,5,5,3,
16,5,2,0,3,3,2,0,5,5,3,
16,5,2,0,3,3,2,0,5,5,3,
16,5,2,1,3,3,2,0,5,5,3,
16,5,2,0,3,3,2,0,5,5,3,
16,5,3,0,2,3,2,0,5,5,3,
18,7,2,1,3,3,2,0,7,7,4,
16,5,2,1,3,3,2,0,5,6,4,
16,5,2,1,3,3,2,0,5,5,4,
37,5,2,1,3,3,2,0,5,6,25,
16,5,2,1,3,3,2,0,5,5,4,
19,5,2,1,3,3,2,0,5,6,4,
16,5,2,1,3,3,2,0,5,6,4,
19,8,2,1,3,6,2,0,8,9,4,
16,5,2,1,3,3,2,0,5,6,4,
16,5,2,1,3,3,2,0,5,6,4,
16,5,2,1,3,3,2,0,5,6,4,
16,5,2,1,3,3,2,0,5,6,4,
16,5,2,1,3,3,2,0,5,6,4,
16,5,2,1,3,3,2,0,5,6,4,
19,8,2,1,3,3,2,0,5,8,4,
17,5,2,1,3,3,2,0,5,6,4,
16,5,3,1,3,3,2,0,6,6,4,
16,5,3,1,3,3,2,0,6,6,4,
16,5,2,1,3,3,2,0,5,6,4,
16,5,3,1,3,3,3,0,6,6,4,
17,5,3,1,3,3,3,0,6,6,4,
17,5,3,1,3,3,3,0,6,6,4,
17,5,3,1,3,3,3,0,6,6,4,
16,5,3,1,3,3,3,0,6,6,4,
17,5,3,1,3,3,3,0,6,6,4,
18,5,3,1,3,3,3,0,8,6,4,
16,6,3,1,3,3,3,0,5,7,4,
16,5,3,1,3,3,3,0,6,6,4,
16,5,3,1,3,4,3,0,6,6,4,
18,6,3,1,3,4,3,0,6,6,4,
16,5,3,1,3,3,3,0,6,6,4,
17,7,3,1,3,5,2,0,7,8,4,
16,6,3,1,4,4,3,0,6,6,4,
16,5,3,1,3,4,3,0,6,6,4,
16,6,3,1,4,4,3,0,6,6,4,
17,8,3,1,4,4,3,0,8,8,4,
16,6,3,1,4,4,3,0,6,6,4,
16,6,5,1,3,4,3,0,6,6,4,
16,5,2,0,3,3,2,0,5,5,3,
16,6,5,1,6,4,3,0,6,6,7,
16,6,3,1,4,4,3,0,6,6,4,
16,5,2,0,3,3,2,0,5,5,3,
16,5,2,0,3,3,2,0,5,5,3,
18,5,2,0,3,3,2,0,5,5,3,
16,5,2,0,3,3,2,0,5,5,3,
16,5,2,0,3,3,2,0,5,5,3,
17,5,2,0,3,3,2,0,5,5,6,
16,5,5,0,5,5,5,0,5,5,5,
16,5,2,0,3,3,2,0,5,5,3,
16,5,4,0,2,3,2,0,5,5,3,
16,5,2,0,3,3,2,0,5,5,3,
16,5,2,0,3,3,2,0,5,5,3,
16,5,2,0,3,3,2,0,5,5,3,
16,5,2,0,3,3,2,0,5,5,3,
17,5,2,0,3,4,1,0,6,6,3,
17,6,2,0,3,4,1,0,7,7,3,
16,5,2,1,3,3,2,0,5,6,3,
16,5,2,1,3,3,2,0,5,5,3,
16,5,2,1,3,3,2,0,5,5,4,
16,5,2,1,3,3,2,0,5,5,4,
16,5,2,1,3,3,2,0,5,5,4,
18,5,2,1,3,3,2,0,7,6,4,
17,6,2,1,3,3,2,0,4,6,4,
16,5,2,1,3,3,2,0,5,6,4,
16,5,2,1,3,3,2,0,5,6,4,
16,5,2,1,3,3,2,0,5,6,4,
16,5,2,1,3,3,2,0,5,5,3,
19,7,2,1,3,3,2,0,8,8,4,
16,5,2,1,3,3,2,0,6,6,4,
16,5,2,1,3,3,2,0,5,6,4,
16,5,2,1,3,3,2,0,6,6,4,
16,5,2,1,3,3,2,0,5,6,4,
16,5,2,1,3,3,2,0,5,6,4,
16,5,3,1,3,3,2,0,6,6,4,
16,5,3,1,3,3,2,0,6,6,4,
16,5,3,1,3,3,2,0,6,6,4,
17,5,2,1,3,3,2,0,5,6,4,
16,5,3,1,3,3,2,0,6,6,4,
16,5,2,1,3,3,2,0,5,5,4,
19,7,3,1,3,3,2,0,8,8,4,
16,5,3,1,3,3,3,0,6,6,4,
16,5,3,1,3,3,3,0,6,6,4,
16,5,3,1,3,3,3,0,6,6,4,
15,5,3,1,3,3,3,0,6,6,4,
15,5,3,1,3,3,3,0,6,6,4,
16,5,3,1,3,3,3,0,6,5,4,
16,5,3,1,3,3,3,0,6,6,4,
16,6,3,1,3,4,3,0,6,6,4,
16,5,3,1,4,4,3,0,6,6,4,
16,5,3,1,4,4,3,0,6,6,4,
16,5,3,1,3,4,3,0,6,6,4,
16,6,3,1,4,4,2,0,6,7,4,
16,6,3,1,4,4,3,0,6,6,4,
16,6,3,1,4,4,3,0,6,6,4,
16,5,3,1,4,4,3,0,6,6,4,
16,6,6,1,6,6,6,0,6,6,6,
16,6,3,1,4,4,3,0,6,6,4,
16,6,3,1,3,4,3,0,6,6,4,
16,5,2,0,3,3,2,0,5,5,3,
18,6,6,4,8,4,3,0,8,8,8,
16,5,2,0,3,3,2,0,5,5,3,
16,5,2,0,3,3,2,0,5,5,3,
16,5,2,0,3,3,2,0,5,5,3,
16,5,2,0,3,3,2,0,5,5,3,
16,5,2,0,3,3,2,0,5,5,3,
16,5,2,0,3,3,2,0,5,5,3,
17,5,3,1,3,3,3,0,6,6,4,
18,8,2,0,3,3,2,0,8,8,3,
16,5,2,0,3,3,2,0,5,5,3,
16,5,2,0,3,3,2,0,5,5,3,
16,5,2,0,3,3,2,0,5,5,3,
16,5,2,0,3,3,2,0,5,5,3,
16,5,2,1,3,3,2,0,5,5,4,
19,5,2,0,3,3,2,0,5,5,3,
16,5,2,1,3,3,2,0,5,5,4,
19,8,2,1,3,6,2,0,8,8,4,
16,5,2,1,3,3,2,0,5,6,4,
16,5,2,1,3,3,2,0,5,6,4,
16,5,2,1,3,3,2,0,5,6,4,
16,5,2,1,3,3,2,0,5,6,4,
16,5,2,1,3,3,2,0,5,6,4,
16,5,2,1,3,3,2,0,5,6,4,
19,8,2,1,3,3,2,0,5,8,4,
16,5,2,1,3,3,2,0,5,6,4,
16,5,2,1,3,3,2,0,6,6,4,
16,5,2,1,3,3,2,0,5,6,4,
16,5,2,0,3,3,2,0,5,5,4,
16,5,2,1,3,3,2,0,5,6,4,
16,5,2,1,3,3,2,0,6,6,4,
16,5,2,1,3,3,2,0,6,6,4,
16,5,2,1,3,3,2,0,6,6,4,
16,5,3,1,3,3,2,0,6,6,4,
16,5,3,1,3,3,2,0,6,6,4,
18,5,3,1,3,3,2,0,8,6,4,
17,6,3,1,3,3,2,0,5,6,4,
16,5,3,1,3,3,2,0,6,6,4,
17,5,3,1,3,3,3,0,6,6,4,
19,5,3,1,3,3,3,0,6,6,4,
17,5,3,1,3,3,3,0,6,6,4,
18,7,3,1,3,5,2,0,7,8,4,
16,5,3,1,3,3,3,0,6,6,4,
16,5,3,1,3,3,3,0,6,6,4,
16,5,3,1,3,3,3,0,6,6,4,
17,8,3,1,4,4,3,0,8,8,4,
18,5,3,1,5,4,3,0,6,8,6,
16,5,5,1,3,4,3,0,6,6,4,
16,6,3,1,4,4,3,0,6,6,4,
16,5,5,1,6,4,3,0,6,6,6,
16,6,3,1,4,4,3,0,6,6,4,
16,6,3,1,4,4,3,0,6,6,4,
16,6,3,1,4,4,3,0,6,6,4,
17,5,2,1,3,3,2,0,5,5,4,
16,5,2,0,3,3,2,0,5,5,3,
16,6,5,3,5,4,3,0,6,6,6,
17,5,2,0,6,3,2,0,5,5,6,
16,6,5,1,5,5,5,0,6,6,5,
16,5,2,0,3,3,2,0,5,5,3,
16,6,4,1,3,4,3,0,6,6,3,
16,5,2,0,3,3,2,0,5,5,3,
16,5,4,0,5,3,2,0,5,5,6,
16,5,2,0,3,3,2,0,5,5,3,
16,5,2,0,3,3,2,0,5,5,3,
16,5,2,0,3,3,2,0,5,5,3,
16,5,2,0,3,3,1,0,6,6,3,
16,5,3,1,3,3,2,0,5,5,4,
16,5,2,0,3,3,2,0,5,5,3,
16,5,2,0,3,3,2,0,5,5,3,
16,5,2,0,3,3,2,0,5,5,3,
16,5,2,0,3,3,2,0,5,5,3,
17,4,2,0,3,3,2,0,6,5,3,
17,5,2,1,3,3,2,0,5,6,4,
16,5,2,0,3,3,2,0,5,5,3,
16,5,2,0,3,3,2,0,5,5,4,
16,5,2,0,3,3,2,0,5,5,3,
16,5,2,0,3,3,2,0,5,5,3,
18,5,2,1,3,3,2,0,7,5,3,
16,5,2,1,3,3,2,0,5,6,4,
16,5,2,1,3,3,2,0,5,5,4,
16,5,3,0,3,3,2,0,5,5,4,
16,5,2,1,3,3,2,0,5,6,4,
16,5,2,1,3,3,2,0,5,6,4,
16,5,2,1,3,3,2,0,5,6,4,
16,5,2,1,3,3,2,0,5,6,4,
16,5,2,1,3,3,2,0,5,6,4,
16,5,2,1,3,3,2,0,5,6,4,
16,5,2,1,3,3,2,0,5,6,4,
16,5,2,0,3,3,2,0,5,5,3,
19,7,3,1,3,3,2,0,8,8,4,
16,5,3,1,3,3,2,0,6,6,4,
16,5,3,1,3,3,2,0,6,6,4,
16,5,3,1,3,3,2,0,6,6,4,
16,5,3,1,3,3,3,0,6,6,4,
16,5,3,1,3,3,3,0,6,6,4,
17,5,3,1,3,3,3,0,6,5,4,
17,5,3,1,3,3,3,0,6,6,4,
16,5,3,1,3,4,3,0,6,6,4,
16,5,3,1,3,3,3,0,6,6,4,
16,5,3,1,4,4,3,0,6,6,4,
16,5,4,1,5,3,3,0,6,6,5,
16,5,3,1,3,4,3,0,6,6,4,
16,5,3,1,3,4,3,0,6,6,4,
16,5,3,1,4,4,3,0,6,6,4,
17,5,3,1,4,4,3,0,6,6,7,
16,6,5,1,5,5,5,0,6,6,5,
23,5,3,1,4,4,3,0,6,6,4,
16,5,2,0,3,3,2,0,5,5,3,
16,5,3,1,4,4,3,0,6,6,4,
17,5,6,4,7,3,3,0,6,6,8,
16,6,3,1,4,4,3,0,6,6,4,
16,5,3,1,4,3,3,0,6,6,4,
16,6,3,1,4,4,3,0,6,6,4,
19,5,2,0,3,3,2,0,5,5,3,
16,6,3,1,4,4,3,0,6,6,4,
16,6,3,1,4,4,3,0,6,6,4,
16,6,3,1,4,4,3,0,6,6,4,
17,7,2,0,3,3,2,0,7,7,3,
16,5,2,0,3,3,2,0,5,5,3,
16,5,5,0,3,3,2,0,5,5,3,
16,5,2,0,3,3,2,0,5,5,3,
16,5,2,0,3,3,2,0,5,5,3,
16,5,2,0,3,3,2,0,5,5,3,
18,5,2,0,3,3,2,0,5,5,3,
16,5,2,0,3,3,2,0,5,5,3,
18,7,2,0,3,5,2,0,7,8,3,
16,5,2,0,3,3,2,0,5,5,3,
16,5,2,0,3,3,2,0,5,5,3,
16,5,2,1,3,3,2,0,5,6,4,
16,5,2,1,3,3,2,0,5,6,4,
16,5,2,0,3,3,2,0,5,5,3,
19,5,2,0,3,3,2,0,8,5,3,
18,7,2,1,3,3,2,0,5,8,3,
16,5,2,1,3,3,2,0,5,5,4,
16,5,2,1,3,3,2,0,5,6,4,
16,5,2,1,3,3,2,0,5,5,3,
16,5,2,0,3,3,2,0,5,5,5,
18,7,2,1,3,3,2,0,7,8,4,
16,5,2,1,3,3,2,0,5,6,4,
16,5,2,1,3,3,2,0,5,6,4,
16,5,2,1,3,3,2,0,5,6,4,
16,5,2,1,3,3,2,0,5,6,4,
16,5,2,1,3,3,2,0,5,6,4,
16,5,2,1,3,3,2,0,5,5,4,
16,5,3,1,3,3,2,0,6,6,4,
16,5,4,1,5,3,2,0,6,6,5,
16,5,3,1,3,3,2,0,6,6,4,
16,5,3,1,3,3,3,0,6,6,4,
16,5,3,1,3,3,3,0,6,6,4,
16,5,3,1,3,3,2,0,6,6,4,
16,5,3,1,3,3,3,0,6,6,4,
16,5,3,1,3,3,3,0,6,6,4,
17,5,3,1,3,3,3,0,6,6,7,
16,5,5,1,5,5,5,0,6,6,5,
17,5,3,1,3,3,3,0,6,6,4,
16,5,3,1,3,3,3,0,6,6,4,
17,5,3,1,3,3,3,0,6,6,4,
19,6,8,6,9,4,5,0,6,6,9,
15,5,3,1,3,3,3,0,6,6,4,
16,5,3,1,3,4,3,0,6,6,4,
16,5,3,1,4,4,3,0,6,6,4,
16,5,3,1,3,4,3,0,6,6,4,
16,5,3,1,4,4,3,0,6,6,4,
16,5,3,1,3,4,3,0,6,6,4,
16,6,3,1,5,4,3,0,6,6,6,
15,2,0,0,1,0,1,0,2,3,1,
16,6,3,1,4,4,3,0,6,6,4,
16,6,3,1,4,4,3,0,6,6,4,
16,6,3,1,4,4,3,0,6,6,4,
17,5,8,4,6,4,3,0,6,6,7,
18,5,2,0,3,3,2,0,5,5,3,
16,6,3,1,4,4,3,0,6,6,4,
16,6,3,1,4,4,3,0,6,6,4,
16,5,2,0,3,3,2,0,5,5,3,
16,5,2,0,3,3,2,0,5,5,3,
16,5,2,0,3,3,2,0,5,5,3,
16,5,2,0,3,3,2,0,5,5,3,
18,7,2,0,3,3,2,0,7,7,3,
16,5,2,0,3,3,2,0,5,5,3,
16,5,2,0,3,3,2,0,5,5,3,
16,5,2,0,3,3,2,0,5,5,3,
16,5,3,0,3,3,4,0,5,5,3,
16,5,2,0,3,3,2,0,5,5,3,
19,5,2,0,3,3,2,0,5,5,3,
16,5,2,0,3,3,2,0,5,5,3,
19,8,2,0,3,6,2,0,8,8,3,
16,5,2,1,3,3,2,0,5,6,4,
16,5,2,1,3,3,2,0,5,5,3,
16,5,2,0,3,3,2,0,5,5,3,
16,5,2,1,3,3,2,0,5,5,4,
16,5,2,1,3,3,2,0,5,5,3,
19,5,2,1,3,3,2,0,5,6,4,
19,8,2,1,3,3,2,0,5,8,4,
16,5,2,1,3,3,2,0,5,5,4,
16,5,2,1,3,3,2,0,5,6,4,
16,5,2,1,3,3,2,0,5,6,4,
16,5,2,1,3,3,2,0,5,6,4,
19,7,2,1,3,6,2,0,8,8,4,
16,5,2,1,3,3,2,0,5,6,4,
17,6,3,1,4,4,3,0,6,6,4,
16,5,3,1,3,3,2,0,6,6,4,
27,5,2,0,2,2,2,0,5,5,3,
16,5,2,1,3,3,2,0,5,6,4,
16,5,3,1,3,3,2,0,6,5,4,
16,5,3,1,3,3,2,0,6,6,4,
16,5,3,1,3,3,3,0,6,6,4,
16,5,3,1,3,3,3,0,6,6,4,
17,6,3,1,3,3,3,0,6,6,4,
16,5,3,1,3,3,3,0,6,6,4,
17,6,3,1,3,3,3,0,6,6,4,
17,5,3,1,3,3,3,0,6,6,4,
16,5,3,1,3,3,3,0,6,6,4,
17,5,3,1,3,3,3,0,6,6,7,
17,5,5,1,5,5,5,0,6,6,5,
17,5,5,1,4,4,3,0,6,6,4,
18,5,3,1,4,4,3,0,6,6,4,
16,5,3,1,3,4,3,0,6,6,4,
16,5,5,1,6,4,3,0,6,6,6,
16,6,3,1,4,4,3,0,6,6,4,
17,5,3,1,3,4,3,0,7,6,4,
16,5,3,1,3,3,3,0,6,6,4,
16,6,3,1,4,4,3,0,6,6,4,
16,6,3,1,4,4,3,0,6,6,4,
16,6,3,1,4,4,3,0,6,6,4,
16,6,3,1,4,4,3,0,6,6,4,
16,6,3,1,4,4,3,0,6,6,4,
16,5,2,0,3,3,2,0,5,5,3,
16,5,3,1,4,4,3,0,6,6,4,
16,5,2,1,3,3,2,0,5,6,4,
16,6,3,1,4,4,3,0,6,6,4,
16,5,2,0,3,3,2,0,5,5,3,
21,5,2,0,3,3,2,0,5,5,3,
16,6,3,1,4,4,3,0,6,6,4,
18,7,2,0,3,3,2,0,7,8,3,
16,5,2,0,3,3,2,0,5,5,3,
16,5,3,0,4,3,2,0,5,5,5,
16,5,2,0,3,3,2,0,5,5,3,
16,5,2,0,3,3,2,0,5,5,3,
16,5,2,0,3,3,2,0,5,5,3,
16,5,2,0,3,3,2,0,5,5,3,
19,8,2,0,3,3,2,0,5,8,3,
16,5,2,0,3,3,2,0,5,5,3,
17,5,3,1,4,4,3,0,6,6,4,
16,5,2,0,3,3,2,0,5,5,3,
16,5,2,1,3,3,2,0,5,5,4,
18,5,2,0,3,3,2,0,5,5,3,
16,5,2,1,3,3,2,0,5,5,3,
16,5,2,1,3,3,2,0,5,5,3,
16,5,2,1,3,3,2,0,5,6,4,
16,5,2,1,3,3,2,0,5,5,4,
16,5,2,1,3,3,2,0,5,6,4,
16,5,2,1,3,3,2,0,5,6,4,
19,8,2,1,3,3,2,0,5,8,4,
16,5,2,1,3,3,2,0,5,6,4,
16,5,2,1,3,3,2,0,5,6,4,
16,5,2,1,3,3,2,0,6,6,4,
16,5,3,1,3,3,3,0,6,6,4,
19,7,2,1,3,6,2,0,8,8,4,
16,5,3,1,3,3,2,0,6,6,4,
16,5,3,1,3,3,2,0,6,6,4,
18,7,3,1,3,5,4,0,7,7,4,
16,5,3,1,3,3,3,0,6,6,4,
16,5,3,1,3,3,3,0,6,6,4,
16,5,3,1,3,3,3,0,6,6,4,
18,5,3,1,3,3,3,0,7,6,4,
17,5,3,1,3,3,3,0,6,6,4,
16,5,3,1,3,3,3,0,6,6,4,
17,5,3,1,3,3,3,0,6,6,4,
16,5,3,1,3,3,2,0,6,6,4,
17,5,3,1,3,3,3,0,6,6,4,
18,7,3,1,3,5,3,0,7,7,4,
17,5,3,1,3,3,3,0,6,6,4,
17,5,3,1,3,3,3,0,6,6,4,
19,8,3,1,3,3,3,0,8,8,4,
16,6,3,1,3,3,3,0,6,6,4,
16,6,3,1,3,3,3,0,6,6,4,
16,6,3,1,4,4,3,0,6,6,4,
16,5,3,1,3,4,3,0,6,6,4,
16,5,3,1,3,4,3,0,6,6,4,
16,5,3,1,3,4,3,0,6,6,4,
16,4,2,0,3,3,2,0,5,5,3,
19,8,3,1,3,6,3,0,9,9,4,
16,6,3,1,4,4,3,0,6,6,4,
16,6,3,1,4,4,3,0,6,6,4,
16,6,3,1,4,4,3,0,6,6,4,
16,6,3,1,4,4,3,0,6,6,4,
16,5,2,0,3,3,2,0,5,5,3,
16,6,3,1,4,4,3,0,6,6,4,
18,7,2,0,3,3,2,0,5,8,3,
16,6,3,1,4,4,3,0,6,6,4,
16,5,2,0,3,3,2,0,5,5,3,
17,7,3,1,4,4,3,0,5,7,4,
16,5,2,0,3,3,2,0,5,5,3,
17,5,2,0,3,3,2,0,5,5,3,
16,5,2,0,3,3,2,0,5,5,3,
16,5,2,0,3,3,2,0,5,5,3,
16,5,2,0,3,3,2,0,5,5,3,
16,5,2,0,3,3,2,0,5,5,3,
16,5,2,0,3,3,2,0,5,5,3,
16,5,2,0,3,3,2,0,5,5,3,
17,5,3,1,3,3,3,0,6,6,4,
16,5,2,1,3,3,2,0,5,5,3,
19,6,3,1,4,4,3,0,6,6,4,
16,5,2,1,3,3,2,0,5,5,3,
16,5,2,1,3,3,2,0,5,6,4,
17,5,2,1,3,3,2,0,5,5,4,
16,5,2,1,3,3,2,0,5,6,4,
16,5,2,1,3,3,2,0,5,6,4,
16,5,2,1,3,3,2,0,5,6,4,
16,5,2,1,3,3,2,0,5,6,4,
16,5,2,1,3,3,2,0,5,6,4,
19,5,2,1,3,3,2,0,5,6,4,
18,7,2,1,3,3,2,0,5,7,4,
16,5,2,1,3,3,2,0,5,6,4,
16,5,3,1,3,3,2,0,6,6,4,
16,5,3,1,3,3,3,0,6,6,4,
16,5,2,1,3,3,2,0,6,6,4,
19,8,3,1,3,6,2,0,8,8,4,
16,5,3,1,3,3,2,0,6,6,4,
16,5,2,1,3,3,2,0,6,6,4,
16,5,3,1,3,3,2,0,6,6,4,
16,5,2,1,3,3,2,0,6,6,4,
16,5,3,1,3,3,3,0,6,6,4,
16,5,5,1,3,3,3,0,6,6,4,
17,5,3,1,3,3,3,0,6,6,4,
16,5,3,1,3,3,3,0,6,6,4,
16,5,3,1,3,3,3,0,6,6,4,
16,5,3,1,3,3,3,0,6,6,4,
16,5,3,1,3,3,3,0,6,6,4,
19,8,3,1,3,6,3,0,8,8,4,
17,5,3,1,3,3,3,0,6,6,4,
17,5,3,1,3,3,3,0,6,6,4,
17,5,3,1,3,3,3,0,6,6,4,
16,5,3,1,3,3,3,0,6,6,4,
16,5,3,1,3,3,3,0,6,6,4,
18,6,3,1,4,4,3,0,9,6,4,
18,8,3,1,4,4,3,0,5,8,4,
16,6,3,1,3,4,3,0,6,6,4,
16,6,3,1,3,4,3,0,6,6,4,
16,6,3,1,4,4,3,0,6,6,4,
17,5,3,1,3,3,3,0,6,6,4,
18,8,3,1,4,4,3,0,8,8,4,
16,6,3,1,4,4,3,0,6,6,4,
16,6,3,1,4,4,3,0,6,6,4,
16,6,3,1,4,4,3,0,6,6,4,
16,5,2,0,3,3,2,0,5,5,3,
16,5,2,0,3,3,2,0,5,5,3,
16,6,3,1,4,4,3,0,6,6,4,
16,6,3,1,4,4,3,0,6,6,4,
16,5,2,0,3,3,2,0,5,5,3,
19,7,3,1,3,5,4,0,7,7,4,
16,5,2,0,3,3,2,0,5,5,3,
16,5,2,0,3,3,2,0,5,5,3,
16,5,2,0,3,3,2,0,5,5,3,
16,5,2,0,3,3,2,0,5,5,3,
16,5,2,0,3,3,2,0,5,5,3,
16,5,2,1,3,3,2,0,5,5,3,
16,5,2,0,3,3,2,0,5,5,3,
16,5,2,1,3,3,2,0,5,5,3,
16,5,2,1,3,3,2,0,5,5,3,
16,5,2,1,3,3,2,0,5,6,4,
16,4,1,0,2,1,1,0,4,4,3,
17,6,3,1,3,4,3,0,6,6,4,
17,6,2,1,3,4,1,0,6,6,4,
16,5,2,0,3,3,2,0,5,5,3,
19,8,2,1,3,6,2,0,8,8,4,
16,5,2,1,3,3,2,0,5,6,4,
16,5,2,1,3,3,2,0,5,6,4,
16,5,2,1,3,3,2,0,5,6,4,
16,5,5,1,5,5,5,0,5,6,5,
16,5,2,1,3,3,2,0,5,6,4,
19,5,2,1,3,3,2,0,5,6,4,
16,5,2,1,3,3,2,0,6,6,4,
19,5,2,0,3,3,2,0,5,5,3,
16,5,2,1,3,3,2,0,6,6,4,
16,5,2,1,3,3,2,0,6,6,4,
18,5,3,1,3,3,2,0,6,6,4,
16,5,2,1,3,3,2,0,6,6,4,
16,5,3,1,3,3,3,0,6,6,4,
16,5,3,1,3,3,3,0,6,6,4,
16,5,3,1,3,3,3,0,6,6,4,
16,5,3,1,3,3,3,0,6,6,4,
16,5,3,1,3,3,3,0,6,6,4,
18,6,3,1,3,4,3,0,6,6,4,
17,6,3,1,3,3,3,0,6,6,4,
19,5,3,1,3,3,3,0,6,6,4,
17,5,3,1,3,3,3,0,6,6,4,
17,5,3,1,3,3,3,0,6,6,4,
17,5,3,1,3,3,3,0,6,6,4,
17,5,3,1,3,3,3,0,6,6,4,
16,5,3,1,4,4,3,0,6,6,4,
16,5,3,1,3,3,3,0,6,6,4,
16,5,3,1,5,4,3,0,6,6,6,
15,2,0,0,1,0,2,0,3,3,1,
16,6,3,1,4,4,3,0,6,6,4,
16,6,3,1,4,4,3,0,6,6,4,
16,5,3,1,4,4,3,0,6,6,4,
16,6,5,4,6,4,3,0,6,6,7,
16,6,3,1,4,4,3,0,6,6,4,
16,6,3,1,4,4,3,0,6,6,4,
16,6,3,1,4,4,3,0,6,6,4,
16,6,3,1,4,4,3,0,6,6,4,
16,6,3,1,4,4,3,0,6,6,4,
16,6,3,1,4,4,3,0,6,6,4,
16,5,2,0,3,3,2,0,5,5,3,
19,5,2,0,3,3,2,0,5,8,3,
16,5,2,0,3,3,2,0,5,5,3,
16,4,2,0,3,3,2,0,5,5,3,
16,5,2,0,3,3,2,0,5,5,3,
16,5,2,0,3,3,2,0,5,5,3,
16,5,2,0,3,3,2,0,5,5,3,
18,5,2,0,3,3,2,0,5,5,3,
16,5,2,0,3,3,2,0,5,5,3,
16,5,2,1,3,3,2,0,6,6,4,
16,5,2,0,3,3,2,0,5,5,3,
16,5,2,0,3,3,2,0,5,5,3,
16,5,2,1,3,3,2,0,5,5,4,
16,5,5,0,5,5,2,0,5,5,5,
16,5,2,1,3,3,2,0,5,5,4,
16,5,3,0,2,3,2,0,5,5,3,
16,5,2,1,3,3,2,0,5,6,4,
17,5,5,4,6,3,2,0,5,5,7,
16,5,2,1,3,3,2,0,5,6,4,
16,5,2,1,3,3,2,0,5,6,4,
16,5,2,1,3,3,2,0,5,6,4,
17,6,2,1,3,3,2,0,5,6,4,
16,5,2,1,3,3,2,0,5,6,4,
16,5,2,1,3,3,2,0,6,6,4,
16,5,2,1,3,3,2,0,5,6,4,
16,5,2,1,3,3,2,0,5,6,4,
16,5,2,1,3,3,2,0,5,6,4,
18,5,3,1,3,3,3,0,6,6,4,
16,5,3,1,3,3,2,0,6,6,4,
19,5,2,1,3,3,2,0,5,6,4,
16,5,3,1,3,3,3,0,6,6,4,
16,5,3,1,3,3,2,0,6,6,4,
16,5,3,1,3,3,2,0,6,6,4,
16,5,3,1,3,3,3,0,6,6,4,
16,5,3,1,3,3,3,0,6,6,4,
16,5,3,1,3,3,3,0,6,6,4,
17,5,3,1,6,3,3,0,6,6,6,
16,5,4,4,4,4,4,0,6,6,4,
16,5,3,1,3,3,3,0,6,6,4,
16,5,3,1,3,3,3,0,6,6,3,
16,5,3,1,3,3,3,0,6,6,4,
17,6,5,3,6,3,3,0,6,6,6,
17,6,3,1,3,3,3,0,6,6,4,
16,6,3,1,3,3,3,0,6,6,4,
16,5,3,1,3,3,3,0,6,6,4,
16,6,3,1,3,4,3,0,6,6,4,
16,6,3,1,6,4,3,0,6,6,6,
16,6,3,1,4,4,3,0,6,6,4,
16,5,3,1,3,4,3,0,6,6,4,
19,6,3,1,4,4,3,0,6,6,4,
16,5,3,1,4,4,3,0,6,6,4,
16,5,3,1,4,4,3,0,6,6,4,
16,6,3,1,4,4,3,0,6,6,4,
16,6,3,1,4,4,3,0,6,6,4,
16,6,3,1,4,4,3,0,6,6,4,
16,6,3,1,4,4,3,0,6,6,4,
16,6,3,1,4,4,3,0,6,6,4,
18,8,3,1,4,6,3,0,8,9,4,
16,6,3,1,4,4,3,0,6,6,4,
16,5,2,0,3,3,2,0,5,5,3,
16,5,2,0,3,3,2,0,5,5,3,
16,5,2,0,3,3,2,0,5,5,3,
16,5,2,0,3,3,2,0,5,5,3,
17,4,2,0,3,3,2,0,7,5,3,
16,5,2,0,3,3,2,0,5,5,3,
16,5,2,1,3,3,2,0,5,5,3,
16,5,2,0,3,3,2,0,5,5,3,
18,5,2,0,3,3,2,0,5,5,3,
16,5,2,0,3,3,2,0,5,5,3,
17,6,2,0,3,4,1,0,6,6,4,
16,5,2,1,3,3,2,0,5,5,4,
16,5,2,1,3,3,2,0,5,6,4,
16,5,2,1,3,3,2,0,5,5,4,
17,6,2,1,3,3,2,0,6,6,6,
16,5,2,1,3,3,2,0,5,6,4,
16,5,3,0,2,3,2,0,5,6,3,
16,5,2,1,3,3,2,0,5,6,4,
17,5,5,3,6,3,2,0,5,6,6,
16,5,2,1,3,3,2,0,5,6,4,
16,5,2,1,3,3,2,0,5,6,4,
16,5,2,1,3,3,2,0,5,6,4,
16,5,3,1,3,3,3,0,6,6,4,
16,5,2,1,3,3,2,0,5,6,4,
16,5,2,1,3,3,2,0,5,6,4,
36,5,2,25,25,3,2,0,5,6,25,
16,5,3,1,3,3,2,0,6,6,4,
16,5,3,1,3,3,2,0,6,6,3,
16,5,2,1,3,3,2,0,6,6,4,
16,5,5,1,5,3,2,0,6,6,6,
16,5,3,1,3,3,3,0,6,6,4,
16,5,2,1,5,5,3,0,6,6,5,
16,5,3,1,3,3,3,0,6,6,4,
18,5,3,1,3,3,3,0,7,6,4,
16,5,3,1,3,3,3,0,6,6,4,
18,5,3,1,3,3,3,0,6,6,4,
17,6,3,1,3,4,3,0,6,6,4,
37,4,3,1,3,25,3,0,27,5,4,
17,5,6,1,3,4,3,0,6,6,4,
17,5,3,1,3,3,3,0,6,6,4,
16,5,3,1,3,3,3,0,6,6,4,
16,5,3,1,3,3,3,0,6,6,4,
16,5,3,1,3,3,3,0,6,6,4,
15,5,3,1,3,3,3,0,6,6,4,
18,8,3,1,3,6,3,0,9,9,4,
16,5,3,1,3,4,3,0,6,6,4,
16,6,3,1,4,4,3,0,6,6,4,
16,6,3,1,4,4,3,0,6,6,4,
16,6,3,1,4,4,3,0,6,6,4,
16,6,3,1,4,4,3,0,6,6,4,
18,6,3,1,4,4,3,0,6,6,4,
18,8,3,1,4,4,3,0,6,8,4,
16,6,3,1,4,4,3,0,6,6,4,
16,5,2,0,3,3,2,0,5,5,3,
16,5,2,0,3,3,2,0,5,5,3,
16,5,2,0,3,3,2,0,5,5,3,
18,7,2,0,3,5,2,0,8,8,3,
16,5,2,0,3,3,2,0,5,5,3,
16,5,2,0,3,3,2,0,5,5,3,
16,5,2,0,3,3,2,0,5,5,3,
16,5,2,0,3,3,2,0,5,5,3,
16,5,2,0,3,3,2,0,5,5,3,
16,5,5,0,3,3,2,0,5,5,3,
16,5,2,0,3,3,2,0,5,5,3,
16,5,2,0,3,3,2,0,5,5,3,
16,5,2,1,3,3,2,0,5,5,4,
16,5,2,1,3,3,2,0,5,5,3,
16,5,2,1,3,3,2,0,5,6,4,
21,5,2,0,3,3,2,0,5,5,3,
38,27,2,1,3,3,2,0,5,6,4,
17,5,2,1,6,3,2,0,5,6,6,
16,5,4,4,4,4,4,0,5,6,4,
16,5,2,1,3,3,2,0,5,6,4,
19,6,3,1,4,4,3,0,6,6,4,
16,5,2,1,3,3,2,0,5,6,4,
18,5,6,4,7,3,2,0,5,6,7,
17,6,2,1,3,4,2,0,6,6,4,
16,5,2,1,3,3,2,0,5,6,4,
16,5,2,1,3,3,2,0,5,6,4,
19,5,2,0,3,3,2,0,5,5,3,
16,5,3,1,3,3,2,0,5,6,4,
16,5,2,1,3,3,2,0,5,6,4,
16,5,3,1,3,3,3,0,6,6,4,
18,7,7,3,7,3,2,0,7,7,7,
16,5,3,1,3,3,3,0,6,6,4,
16,5,5,1,3,3,3,0,6,6,4,
36,5,3,1,26,3,3,0,6,6,4,
16,5,3,1,4,3,3,0,6,6,4,
19,5,3,1,3,3,3,0,6,6,4,
16,5,3,1,3,3,3,0,6,6,4,
19,7,3,1,3,5,2,0,8,8,4,
17,5,2,0,3,3,2,0,5,5,3,
16,5,3,1,3,3,3,0,6,6,4,
17,5,3,1,3,4,3,0,6,6,4,
17,5,3,1,4,4,3,0,6,6,4,
17,6,3,1,3,4,3,0,6,6,4,
19,5,3,1,3,4,3,0,9,6,4,
17,7,3,1,4,4,3,0,5,8,4,
16,6,3,1,4,4,3,0,6,6,4,
16,5,3,1,4,4,3,0,6,6,4,
16,6,3,1,4,4,3,0,6,6,4,
17,5,3,1,3,4,3,0,6,6,4,
18,8,3,1,4,4,3,0,8,8,4,
16,5,2,0,3,3,2,0,5,5,3,
16,6,3,1,4,4,3,0,6,6,4,
16,6,3,1,4,4,3,0,6,6,4,
16,5,2,0,3,3,2,0,5,5,3,
16,5,2,0,3,3,2,0,5,5,3,
17,4,2,0,3,3,2,0,7,5,3,
16,5,2,0,3,3,2,0,5,5,3,
16,5,2,0,3,3,2,0,5,5,3,
16,5,2,0,3,3,2,0,5,5,3,
18,5,2,0,3,3,2,0,5,5,3,
16,5,2,0,3,3,2,0,5,5,3,
17,5,2,0,3,3,1,0,6,6,3,
16,5,2,0,3,3,2,0,5,5,3,
16,5,2,1,3,3,2,0,5,5,4,
16,5,2,0,3,3,2,0,5,5,3,
17,6,2,1,6,6,2,0,6,6,6,
16,5,2,1,3,3,2,0,5,6,4,
16,5,3,0,2,3,2,0,5,6,3,
16,5,2,1,3,3,2,0,5,6,4,
17,5,5,3,6,3,2,0,5,6,7,
16,5,2,1,3,3,2,0,5,6,4,
16,5,2,1,3,3,2,0,5,6,4,
16,5,2,1,3,3,2,0,5,6,4,
17,5,3,1,3,3,3,0,6,6,4,
16,5,2,1,3,3,2,0,5,6,4,
16,5,2,1,3,3,2,0,5,6,4,
17,5,2,1,6,3,2,0,5,6,7,
16,5,5,1,5,5,5,0,5,6,5,
16,5,2,1,3,3,2,0,6,6,4,
16,5,4,1,2,3,2,0,6,6,3,
16,5,3,1,3,3,3,0,6,6,4,
16,5,3,1,3,3,2,0,6,6,4,
35,5,3,1,3,3,24,0,6,6,4,
16,5,3,1,3,3,3,0,6,6,4,
17,6,3,1,3,4,2,0,6,7,4,
16,5,3,1,3,3,3,0,6,6,4,
16,5,3,1,3,3,3,0,6,6,4,
35,5,24,1,3,3,3,0,6,6,4,
17,5,3,1,3,4,3,0,6,6,4,
18,5,3,1,3,3,3,0,7,6,4,
17,6,3,1,3,3,3,0,5,6,4,
16,5,3,1,3,3,3,0,6,6,4,
16,5,3,1,3,3,3,0,6,6,4,
16,5,3,1,3,3,3,0,6,6,4,
16,5,2,1,3,3,2,0,5,6,4,
41,8,3,1,3,6,3,0,30,8,4,
16,5,3,1,3,3,3,0,6,6,4,
17,5,3,1,3,3,3,0,6,6,4,
16,6,3,1,4,4,3,0,6,6,4,
16,6,3,1,4,4,3,0,6,6,4,
16,5,3,1,4,4,3,0,6,6,4,
18,8,3,1,4,4,3,0,6,9,4,
16,6,3,1,4,4,3,0,6,6,4,
16,6,3,1,4,4,3,0,6,6,4,
33,5,2,0,3,3,2,22,5,5,3,
19,8,2,0,3,6,2,0,8,8,3,
16,5,3,0,3,3,3,0,5,5,3,
17,5,2,0,2,3,2,0,5,5,3,
17,5,2,0,3,3,2,0,5,5,6,
16,5,4,0,4,4,4,0,5,5,4,
16,5,2,0,3,3,2,0,5,5,3,
16,5,2,0,3,3,2,0,5,5,3,
16,5,2,0,3,3,2,0,5,5,3,
20,5,8,6,8,3,2,0,5,6,9,
16,5,2,0,3,3,2,0,5,5,4,
16,5,2,0,3,3,2,0,5,5,4,
16,5,2,1,3,3,2,0,5,6,4,
16,5,2,1,3,3,2,0,5,5,4,
16,5,2,1,3,3,2,0,5,6,4,
16,5,2,1,3,3,2,0,5,6,4,
16,5,2,1,3,3,2,0,5,6,4,
16,5,2,1,3,3,2,0,5,6,4,
16,5,2,1,3,3,2,0,5,6,4,
17,5,2,1,3,3,2,0,5,6,4,
16,5,2,1,3,3,2,0,5,6,4,
19,5,2,0,3,3,2,0,5,5,3,
16,5,2,1,3,3,2,0,5,6,4,
16,5,2,1,3,3,2,0,5,6,4,
16,5,2,1,3,3,2,0,5,6,4,
16,5,2,1,3,3,2,0,5,6,4,
16,5,2,1,3,3,2,0,5,6,4,
16,5,2,1,3,3,2,0,5,6,4,
16,5,2,1,5,3,2,0,5,6,6,
16,2,0,0,0,0,1,0,2,3,1,
16,5,3,1,3,3,2,0,6,6,4,
16,5,3,1,3,3,2,0,6,6,4,
16,5,3,1,3,3,3,0,6,6,4,
17,5,5,4,6,3,3,0,6,6,6,
16,5,3,1,3,3,3,0,6,6,4,
16,5,4,1,3,3,3,0,6,6,4,
18,5,3,1,3,3,2,0,6,6,4,
16,5,3,1,3,3,3,0,6,6,4,
16,5,3,1,3,3,3,0,6,6,4,
16,5,3,1,3,3,3,0,6,6,4,
18,5,3,1,3,3,2,0,7,6,4,
19,5,3,1,3,3,3,0,6,9,4,
17,6,3,1,3,3,3,0,6,6,4,
16,5,3,1,3,3,3,0,6,6,4,
17,5,3,1,3,3,3,0,6,6,4,
17,5,3,1,4,4,3,0,6,6,4,
17,5,3,1,3,4,3,0,6,6,4,
17,4,2,0,3,3,2,0,5,5,3,
17,5,3,1,4,4,3,0,6,6,4,
20,9,3,1,4,7,2,0,10,10,4,
16,5,2,0,3,3,2,0,5,5,3,
16,6,3,1,4,4,3,0,6,6,4,
16,6,3,1,4,4,3,0,6,6,4,
16,6,3,1,4,4,3,0,6,6,4,
16,6,3,1,4,4,3,0,6,6,4,
16,5,5,1,3,3,2,0,6,6,4,
16,6,3,1,4,4,3,0,6,6,4,
16,5,2,0,3,3,2,0,5,5,3,
16,5,2,0,3,3,2,0,5,5,3,
16,5,2,0,3,3,2,0,5,5,3,
16,5,2,0,3,3,2,0,5,5,3,
19,6,3,1,4,4,3,0,6,6,4,
16,5,2,0,3,3,2,0,5,5,3,
16,5,2,0,3,3,2,0,5,5,3,
17,5,2,0,6,3,2,0,5,5,6,
16,5,3,3,3,3,4,0,5,5,4,
16,5,2,0,3,3,2,0,5,5,3,
19,6,3,1,4,4,3,0,6,6,4,
16,5,2,1,3,3,2,0,5,6,4,
19,7,4,2,4,5,4,0,7,7,5,
16,5,2,1,3,3,2,0,5,6,4,
16,5,2,1,3,3,2,0,5,6,4,
16,5,2,1,3,3,2,0,5,5,4,
16,5,2,1,3,3,2,0,5,6,4,
