35,11,10,8,9,0,7,7,9,11,5,9,6,7,10,3,10,10,10,8,8,
22,10,9,8,9,0,6,6,9,10,6,9,5,7,9,2,9,10,9,9,8,
20,11,10,9,10,0,7,7,10,11,6,10,6,8,10,3,10,11,10,9,9,
20,11,10,8,9,0,7,7,10,11,6,10,6,8,10,3,10,10,10,9,9,
20,11,10,9,10,0,7,7,10,11,6,10,6,7,10,3,10,11,10,9,9,
20,11,10,8,9,0,7,7,9,11,6,10,6,7,10,3,10,10,10,9,9,
20,11,10,8,9,0,7,7,10,11,6,10,6,8,10,3,10,10,10,9,9,
20,11,10,8,9,0,7,7,10,11,6,10,6,8,10,3,10,10,10,9,9,
42,11,10,8,9,0,7,7,10,11,6,10,6,8,10,3,32,11,10,9,9,
20,11,10,8,10,0,7,7,10,11,6,10,6,8,10,3,10,11,10,9,9,
20,11,10,9,10,0,7,7,10,11,6,10,6,8,10,3,10,11,10,9,9,
19,11,10,9,9,0,7,7,10,11,7,10,6,8,10,3,10,11,10,9,9,
43,11,13,11,13,0,7,7,10,11,9,35,6,8,10,3,10,14,10,12,12,
19,11,10,8,10,0,7,7,9,11,6,10,6,7,10,3,10,10,10,9,9,
36,11,9,8,9,0,8,8,10,12,27,9,7,8,11,2,11,10,11,8,8,
42,11,10,8,9,0,7,7,10,11,6,10,6,7,10,3,11,34,11,9,9,
19,11,10,8,10,0,7,7,10,11,6,10,6,8,10,4,10,11,10,9,9,
19,10,9,8,9,0,8,6,8,10,5,9,7,6,9,2,9,9,9,8,8,
19,11,10,8,9,0,7,7,10,11,6,9,6,7,10,3,10,10,10,9,9,
40,10,9,7,9,0,6,6,9,10,5,9,5,7,31,2,10,9,10,8,8,
20,10,11,10,11,0,6,6,9,10,8,11,6,7,9,2,10,12,10,10,10,
20,10,9,8,8,0,6,6,9,10,6,9,5,7,9,2,9,10,10,8,8,
24,11,10,8,10,0,7,7,10,11,6,10,6,8,10,3,12,10,10,9,9,
23,11,10,8,10,0,7,7,10,11,6,10,6,8,10,3,10,11,10,9,9,
20,10,9,8,9,0,6,6,9,10,6,9,5,7,9,2,9,10,10,9,8,
20,10,9,8,9,0,6,6,9,10,6,9,5,7,9,2,10,10,10,9,8,
20,10,9,8,9,0,6,6,9,10,6,9,5,7,9,2,9,10,10,8,8,
20,10,9,8,9,0,6,7,9,11,6,9,5,7,9,2,10,10,10,8,8,
47,10,35,8,9,0,6,6,9,11,6,9,5,7,9,2,10,10,10,9,8,
20,10,9,8,9,0,6,6,9,10,6,9,5,7,9,2,10,10,10,8,8,
20,10,9,8,9,0,6,6,9,10,6,9,5,7,9,2,10,10,10,8,8,
22,10,9,7,8,0,5,7,9,11,5,8,4,7,9,2,10,9,10,8,8,
20,10,9,8,9,0,6,7,9,11,6,9,6,7,9,2,10,10,10,9,9,
20,10,9,8,9,0,6,7,9,11,6,9,5,7,9,2,10,10,10,9,8,
20,10,9,8,9,0,6,7,9,11,6,9,5,7,9,2,10,10,10,9,8,
20,10,9,8,9,0,6,7,9,11,6,9,5,7,9,2,10,10,10,9,8,
32,10,10,8,9,0,6,7,9,11,6,10,5,7,9,23,10,10,10,9,9,
20,10,10,8,9,0,6,7,9,11,6,10,5,7,9,3,10,10,10,9,9,
20,10,9,8,9,0,6,7,9,11,6,9,5,7,9,2,10,10,10,9,8,
20,9,9,7,8,0,5,6,8,10,5,8,5,6,8,2,9,9,9,8,8,
43,12,10,8,31,0,6,7,9,12,6,9,6,28,9,2,9,10,11,9,9,
20,10,9,8,9,0,6,7,9,11,6,10,5,7,9,2,10,10,10,9,8,
20,10,10,8,9,0,6,7,9,11,6,9,6,7,9,2,10,10,10,9,9,
20,10,10,8,9,0,6,7,9,11,6,9,6,7,9,2,10,10,10,9,9,
20,10,10,8,9,0,6,7,9,11,6,10,6,7,9,2,10,10,10,9,9,
20,10,10,8,9,0,6,7,9,11,6,9,6,7,9,2,10,10,10,9,9,
20,10,10,8,9,0,6,7,9,11,6,9,6,7,9,2,10,10,10,9,9,
20,10,10,8,9,0,6,7,9,11,6,9,6,7,9,3,10,10,10,9,9,
20,10,10,8,9,0,9,7,9,11,6,10,8,7,9,3,10,10,10,9,9,
20,10,10,8,9,0,6,7,9,11,6,9,6,7,9,3,10,10,10,8,9,
20,10,10,8,9,0,7,7,9,11,6,9,6,7,10,3,10,10,10,9,9,
20,10,10,8,9,0,6,7,9,11,6,9,6,7,10,3,10,10,10,8,9,
42,10,12,10,11,0,6,7,9,33,8,11,6,7,10,3,10,12,10,10,11,
20,11,10,8,9,0,6,7,9,11,6,9,6,7,9,2,10,10,10,8,9,
21,12,11,9,10,0,8,8,11,12,8,11,7,9,11,5,11,12,11,10,10,
22,10,10,8,9,0,6,7,9,11,6,9,6,7,10,3,10,10,10,9,9,
20,11,10,8,10,0,7,7,10,11,6,10,6,7,10,3,11,11,10,9,9,
20,10,10,8,9,0,6,7,9,11,6,10,6,7,10,3,10,10,10,9,9,
22,12,10,8,9,0,6,7,9,12,6,10,6,7,10,3,10,10,12,9,9,
20,10,10,8,9,0,7,7,9,10,6,10,6,7,9,3,10,10,10,9,9,
24,12,12,8,12,0,6,7,12,12,6,12,6,7,12,3,13,13,12,9,9,
20,11,10,8,9,0,7,7,10,11,6,10,6,7,10,3,10,10,10,9,9,
21,10,10,8,9,0,7,7,11,11,6,9,6,7,12,3,12,10,10,9,9,
24,14,10,8,9,0,7,10,12,14,6,10,6,10,13,3,13,10,13,9,9,
23,11,10,8,9,0,7,7,9,11,6,10,6,7,10,3,10,10,10,9,9,
20,10,10,8,9,0,6,7,9,11,6,9,6,7,9,2,10,10,10,9,9,
23,11,10,8,10,0,7,7,10,11,6,10,6,8,10,3,10,11,10,9,9,
20,11,10,8,9,0,7,7,9,11,6,10,6,7,10,3,10,10,10,9,9,
20,11,10,8,9,0,7,7,10,11,6,10,6,7,10,3,10,10,10,9,9,
20,11,10,8,9,0,7,7,10,11,6,10,6,7,10,3,10,10,10,9,9,
20,11,10,8,9,0,7,7,10,11,6,10,6,7,10,3,10,10,10,9,9,
23,10,10,8,9,0,6,7,9,11,6,9,6,7,9,3,10,10,10,9,9,
27,12,13,8,12,0,6,7,13,12,6,12,6,7,13,3,13,13,12,12,12,
22,10,10,8,9,0,6,7,9,11,6,9,6,7,9,3,10,10,10,8,9,
20,10,10,8,9,0,6,7,9,11,6,9,5,7,9,2,10,10,10,8,9,
25,13,9,8,9,0,6,9,12,13,6,9,5,10,12,2,12,10,12,8,8,
21,10,10,8,9,0,6,7,9,10,6,9,5,7,9,2,10,10,10,8,9,
20,10,10,9,9,0,6,7,9,10,6,9,5,7,9,2,10,11,10,9,9,
21,10,9,8,9,0,6,6,9,10,6,9,5,7,9,2,10,10,10,8,8,
20,10,9,8,9,0,6,7,9,10,6,9,5,7,9,2,10,10,10,8,8,
20,10,9,8,9,0,6,7,9,11,6,9,5,7,9,2,10,10,10,8,8,
21,10,9,8,9,0,6,7,9,11,6,12,5,7,9,2,10,10,10,9,8,
20,10,10,8,9,0,6,7,9,11,6,9,6,7,9,2,10,10,10,9,9,
20,10,10,8,9,0,6,7,9,11,6,10,5,7,9,2,10,10,10,9,9,
41,32,9,8,9,0,6,7,9,10,6,9,5,7,9,5,10,10,10,9,8,
20,10,9,8,9,0,6,7,9,11,6,9,5,7,9,2,10,10,10,8,8,
20,10,9,8,9,0,6,7,9,11,6,9,6,7,9,3,10,10,10,9,8,
20,10,10,8,9,0,6,7,9,11,6,9,5,7,9,3,10,10,10,8,9,
20,10,10,8,9,0,6,7,9,11,6,9,6,7,10,3,10,10,10,8,9,
20,10,10,8,9,0,6,7,9,11,6,9,6,7,10,3,10,10,10,8,9,
20,10,10,8,9,0,6,7,9,11,6,9,6,7,9,3,10,10,10,8,9,
20,10,10,8,9,0,6,7,9,11,6,9,6,7,10,3,10,10,10,9,9,
20,10,9,7,10,0,7,7,9,11,6,10,6,7,10,3,10,10,10,9,8,
20,11,10,8,9,0,7,7,10,11,6,10,6,7,10,3,10,10,10,9,9,
20,11,10,8,9,0,7,7,10,11,6,9,6,7,10,3,10,10,10,9,9,
20,11,10,8,9,0,7,7,10,11,6,9,6,7,10,3,10,10,10,9,9,
21,12,10,8,9,0,7,7,9,12,6,10,6,8,9,3,10,10,11,9,9,
21,11,10,8,9,0,7,7,9,11,6,9,6,7,10,3,10,10,10,9,9,
20,11,10,8,9,0,7,7,10,11,6,9,6,8,10,3,10,10,10,9,9,
20,11,10,8,9,0,7,7,10,11,7,10,6,7,10,3,10,10,10,9,9,
21,11,10,8,9,0,7,7,10,11,7,10,6,8,10,3,10,11,10,9,9,
19,11,10,8,9,0,7,7,9,11,7,9,6,7,10,3,10,10,10,9,9,
19,11,10,8,9,0,7,7,10,11,7,10,6,8,10,3,10,11,10,9,9,
20,10,9,8,9,0,6,6,9,10,6,9,5,7,9,2,10,10,9,8,8,
20,10,9,8,9,0,6,6,9,10,6,9,5,7,9,2,10,10,10,8,8,
20,10,9,8,9,0,9,6,9,10,6,9,5,7,9,2,10,10,10,8,8,
20,10,9,8,9,0,6,6,9,10,6,9,5,7,9,2,10,10,10,8,8,
20,10,9,8,9,0,6,6,9,10,6,9,5,7,9,2,10,10,10,8,8,
20,10,9,8,9,0,6,7,9,10,5,9,5,7,9,2,10,10,10,8,8,
21,10,11,10,11,0,6,7,9,10,8,11,5,7,9,2,10,12,10,10,10,
22,10,10,8,9,0,6,7,9,11,6,9,6,7,9,3,10,10,10,8,9,
20,10,9,8,9,0,6,7,9,11,6,9,5,7,9,2,10,10,10,8,8,
21,12,11,9,10,0,8,8,11,12,8,10,7,8,11,5,11,11,11,10,10,
22,10,10,8,9,0,6,7,9,11,6,9,6,7,10,3,10,10,10,8,9,
20,10,9,7,8,0,6,7,9,11,6,9,5,7,9,2,10,10,10,8,8,
20,10,10,8,9,0,6,7,9,11,6,9,5,7,9,2,10,10,10,8,9,
20,10,10,8,9,0,6,7,9,11,6,9,6,7,9,2,10,10,10,9,9,
19,10,9,8,9,0,6,6,9,10,6,9,6,7,9,3,10,10,9,8,8,
22,10,12,11,10,0,6,7,11,11,6,10,5,10,11,3,12,13,10,10,11,
20,10,10,8,9,0,6,7,9,11,6,10,6,7,9,3,10,10,10,9,9,
20,10,10,8,9,0,6,7,9,11,6,10,6,7,10,3,10,10,10,9,9,
22,12,10,8,9,0,6,9,11,12,6,10,5,9,11,3,12,10,12,9,9,
43,11,34,32,8,0,6,7,9,11,6,8,6,7,10,3,10,34,10,8,32,
20,10,10,8,9,0,6,7,9,11,6,9,6,7,10,3,10,10,10,8,8,
20,11,10,8,9,0,6,7,9,11,6,9,6,7,10,3,10,10,10,9,9,
20,11,10,8,9,0,7,7,9,11,6,10,6,7,10,3,10,10,10,9,9,
22,11,10,8,12,0,7,7,10,11,6,13,6,7,10,3,10,10,10,9,9,
20,11,10,8,9,0,7,7,10,11,6,10,6,7,10,3,10,10,10,9,9,
21,10,9,8,9,0,6,7,9,11,6,9,5,7,9,3,10,10,10,9,8,
20,11,10,8,9,0,7,7,10,11,6,9,6,7,10,6,10,10,10,9,9,
24,13,9,7,8,0,6,6,9,13,5,8,5,7,9,2,10,9,12,8,8,
21,11,10,8,10,0,7,7,10,11,6,10,6,8,10,3,10,10,10,9,9,
21,11,10,8,10,0,7,7,10,11,6,10,6,8,10,3,11,10,11,9,9,
20,11,10,8,9,0,7,7,10,11,6,10,6,8,10,3,10,10,10,9,9,
20,10,9,7,8,0,6,6,9,10,6,8,5,7,9,2,9,9,10,8,8,
20,10,9,7,8,0,6,6,9,10,6,8,5,7,9,2,10,10,10,8,8,
20,10,9,7,8,0,6,6,9,10,5,8,5,7,9,2,10,9,10,8,8,
20,10,9,7,8,0,6,7,9,10,5,9,5,7,9,2,10,10,10,8,8,
19,11,9,7,10,0,7,7,10,11,6,10,6,8,10,3,10,9,10,10,8,
20,10,9,7,8,0,6,7,9,10,6,9,5,7,9,2,10,10,10,8,8,
20,10,9,8,9,0,6,7,9,11,5,9,5,7,9,3,10,10,10,8,8,
20,9,8,7,8,0,5,6,8,10,5,8,4,6,8,2,9,9,9,7,7,
20,10,9,8,9,0,6,7,9,11,5,9,5,7,9,3,10,10,10,8,8,
21,10,11,10,9,0,6,7,9,11,5,9,5,7,9,2,10,12,10,8,10,
20,10,9,8,9,0,6,7,9,11,6,9,5,7,9,2,10,10,10,9,8,
20,10,9,8,8,0,6,7,9,11,6,9,5,7,9,3,10,10,10,8,8,
20,10,9,8,8,0,6,7,9,11,6,9,5,7,9,3,10,10,10,8,8,
20,10,9,8,8,0,6,7,9,11,6,9,5,7,9,2,10,10,10,8,8,
20,10,9,8,8,0,6,7,9,11,6,9,5,7,9,3,10,10,10,8,8,
20,10,9,8,8,0,6,7,9,11,6,9,5,7,9,3,10,10,10,8,8,
20,10,9,8,9,0,6,7,9,11,6,9,5,7,9,2,10,10,10,8,8,
20,10,10,8,9,0,8,7,9,11,6,9,7,7,9,3,10,10,10,9,8,
20,10,9,8,9,0,6,7,9,11,6,9,6,7,9,3,10,10,10,9,8,
20,10,9,8,9,0,6,7,9,11,6,9,6,7,10,3,10,10,10,8,8,
20,11,10,8,9,0,7,7,9,11,6,9,6,7,10,3,10,10,10,9,9,
21,10,11,9,11,0,6,6,9,10,7,11,5,7,9,2,9,11,9,10,10,
20,10,10,8,9,0,6,7,9,11,6,10,6,7,10,3,10,10,10,9,9,
20,10,9,8,9,0,6,7,9,11,6,9,6,7,9,3,10,10,10,8,8,
23,11,11,9,11,0,7,7,10,11,8,11,6,7,10,3,10,12,10,10,10,
20,11,10,8,9,0,7,7,10,11,6,9,6,7,10,3,10,10,10,9,9,
20,10,10,8,9,0,7,7,9,11,6,9,6,7,10,3,10,10,10,8,9,
20,10,10,8,9,0,7,7,9,11,6,9,6,7,10,3,10,10,10,8,9,
20,11,10,8,9,0,7,7,10,11,6,9,6,7,10,3,10,10,10,9,9,
23,11,10,8,9,0,7,7,9,11,6,9,6,7,10,3,10,10,10,8,9,
22,10,12,10,10,0,10,10,11,10,6,10,6,10,11,3,12,13,10,10,11,
21,11,10,8,9,0,7,7,9,11,6,10,6,7,10,3,10,10,10,9,9,
22,11,10,8,9,0,7,7,10,11,6,10,6,8,10,3,10,10,10,9,9,
23,13,10,8,10,0,7,9,12,13,6,10,6,9,12,3,12,10,12,9,9,
21,11,10,8,9,0,7,7,10,11,6,9,6,8,10,3,10,10,10,9,9,
21,11,10,8,9,0,7,7,10,11,6,9,6,8,10,3,10,10,10,9,9,
21,10,9,7,8,0,6,6,9,10,5,8,5,7,9,2,10,9,9,8,8,
20,10,9,7,8,0,6,6,9,10,6,8,5,7,9,2,10,9,10,8,8,
20,11,10,8,9,0,7,7,10,11,6,9,6,8,10,3,10,10,10,9,9,
21,10,9,7,8,0,6,6,9,10,6,11,5,7,9,2,10,9,10,8,8,
20,11,10,8,9,0,7,7,10,11,6,9,6,8,10,3,10,10,10,9,9,
20,10,9,7,8,0,6,7,9,10,6,9,5,7,9,2,10,9,10,8,8,
20,10,9,7,9,0,6,7,9,10,5,9,5,7,9,4,10,10,10,8,8,
30,10,9,8,9,0,7,7,9,11,6,9,6,7,10,3,10,10,10,8,8,
20,10,9,7,8,0,6,6,9,10,5,9,5,7,9,2,10,9,9,8,8,
20,10,9,7,8,0,6,6,9,10,5,9,5,7,9,2,9,9,9,8,8,
20,10,9,7,9,0,6,7,9,10,5,9,5,7,9,2,10,10,10,8,8,
20,10,9,7,8,0,6,6,9,10,5,9,5,7,9,2,9,9,10,8,8,
20,10,9,7,8,0,6,6,9,10,5,8,5,7,9,2,10,9,10,8,8,
20,10,9,7,8,0,6,6,9,10,6,9,5,7,9,2,10,9,9,8,8,
20,10,9,7,8,0,6,6,9,10,6,8,5,7,9,2,10,10,10,8,8,
20,10,9,7,9,0,6,6,9,10,5,9,5,7,9,2,10,9,10,8,8,
20,10,9,7,9,0,6,7,9,11,5,9,5,7,9,2,10,10,10,8,8,
20,10,9,7,8,0,6,7,9,11,6,8,5,7,9,2,10,10,10,8,8,
22,12,9,8,9,0,6,7,9,12,5,9,5,7,9,3,10,10,12,8,8,
20,10,9,8,9,0,6,7,9,11,5,9,5,7,9,3,10,10,10,8,8,
21,10,11,10,11,0,6,7,9,11,6,11,5,7,9,2,10,12,10,10,10,
20,10,9,8,9,0,6,7,9,11,6,9,5,7,9,2,10,10,10,8,8,
21,10,9,8,9,0,6,7,11,11,6,9,5,7,12,3,12,10,10,9,8,
20,10,9,8,8,0,8,7,9,11,6,9,8,7,9,2,10,10,10,8,8,
20,10,9,7,8,0,6,7,9,11,6,9,6,7,9,3,10,10,10,8,8,
20,10,9,8,9,0,6,7,9,11,6,9,5,7,9,3,10,10,10,8,8,
20,10,9,8,8,0,6,7,9,11,6,9,5,7,9,3,10,10,10,8,8,
20,10,9,8,9,0,6,7,9,11,6,9,6,7,9,3,10,10,10,8,8,
19,10,9,8,8,0,9,6,9,10,6,9,8,6,9,3,9,10,9,8,8,
20,10,10,8,9,0,6,7,9,11,6,9,6,7,10,3,10,10,10,8,9,
20,10,10,8,9,0,6,7,9,11,6,9,6,7,9,3,10,10,10,9,8,
20,10,9,8,9,0,6,7,9,11,6,9,6,7,10,3,10,10,10,9,8,
21,10,11,9,11,0,6,7,9,11,7,11,5,7,9,2,10,11,10,10,10,
20,10,9,8,9,0,6,7,9,11,6,9,6,7,10,3,10,10,10,9,8,
23,10,10,8,9,0,6,7,9,11,6,10,6,7,9,3,10,10,10,9,8,
25,10,9,8,9,0,6,7,9,11,5,9,5,7,9,3,10,10,10,8,8,
20,11,10,8,9,0,7,7,9,11,6,9,6,7,10,3,10,10,10,9,9,
20,11,10,8,9,0,7,7,10,11,6,9,6,7,10,3,10,10,10,9,9,
20,11,9,7,8,0,6,7,10,11,6,9,6,8,10,3,10,10,10,8,8,
19,11,10,8,9,0,7,7,10,11,6,9,6,8,10,3,10,10,10,8,9,
22,11,10,8,9,0,7,7,10,11,6,9,6,7,10,3,10,10,10,9,9,
20,10,12,10,9,0,9,9,11,10,9,9,9,9,11,3,11,12,9,9,11,
19,11,10,8,9,0,7,7,10,11,6,10,6,8,10,3,10,10,10,9,9,
19,11,10,8,9,0,7,7,10,11,6,9,6,7,10,3,10,10,10,9,9,
20,11,10,8,9,0,6,8,10,12,6,10,5,8,10,3,11,10,11,9,9,
22,10,9,7,8,0,6,6,9,12,5,9,5,7,9,2,9,9,9,8,8,
20,10,9,7,9,0,6,6,9,10,5,9,5,7,9,2,10,9,9,8,8,
20,10,9,7,8,0,6,6,9,10,6,8,5,7,9,2,9,9,9,8,8,
20,10,9,7,8,0,6,6,9,10,6,8,5,7,9,2,10,9,10,8,8,
20,10,9,7,8,0,6,7,9,10,6,8,5,7,9,2,10,10,10,8,8,
20,10,9,7,11,0,6,6,9,10,6,11,5,7,9,2,10,10,10,10,8,
20,10,9,8,8,0,6,7,9,11,6,9,5,7,9,3,10,10,10,8,8,
20,10,9,7,9,0,6,7,9,11,5,9,5,7,9,2,10,10,10,8,8,
20,8,7,6,7,0,4,5,7,9,3,7,3,5,7,0,8,8,8,6,6,
22,12,9,8,9,0,6,7,9,13,6,9,5,7,9,3,9,10,12,8,8,
21,10,9,8,8,0,6,7,9,11,6,9,5,7,9,3,10,10,10,8,8,
20,10,9,8,8,0,6,7,9,11,6,9,5,7,9,3,10,10,10,8,8,
20,10,9,8,9,0,6,7,9,11,6,9,5,7,9,3,10,10,10,9,8,
20,10,9,8,9,0,6,7,9,11,6,9,5,7,9,3,10,10,10,8,8,
20,10,9,8,9,0,6,7,9,11,6,9,6,7,10,3,10,10,10,8,8,
20,10,9,8,9,0,6,7,9,11,6,9,6,7,9,3,10,10,10,8,8,
20,10,9,8,9,0,6,7,9,11,6,9,6,7,9,3,10,10,10,8,8,
22,12,9,7,9,0,6,7,9,13,5,10,6,7,10,3,10,9,12,9,8,
20,10,9,8,9,0,6,7,9,11,6,9,6,7,9,3,10,10,10,8,8,
20,10,9,8,9,0,6,7,9,11,6,9,6,7,10,3,10,10,10,9,8,
20,11,10,8,9,0,7,7,9,11,6,9,6,7,10,3,10,10,10,9,9,
21,11,9,8,9,0,6,7,9,11,6,9,6,7,9,3,12,10,10,9,8,
22,11,12,10,9,0,6,7,9,11,6,10,6,7,10,3,10,12,10,9,11,
20,11,10,8,9,0,7,7,9,11,6,9,6,7,10,3,10,10,10,9,9,
20,11,9,8,9,0,7,7,9,11,6,9,6,7,10,3,10,10,10,8,8,
20,11,10,8,9,0,7,7,9,11,6,10,6,8,10,3,10,10,10,9,9,
20,11,10,8,9,0,7,7,10,11,6,9,6,7,10,3,10,10,10,9,9,
20,11,10,8,9,0,7,7,10,11,6,9,6,7,10,3,10,10,10,9,9,
19,11,10,8,9,0,7,7,10,11,6,9,6,7,10,3,10,10,10,9,9,
19,11,10,8,9,0,7,7,10,11,6,9,6,7,10,3,10,10,10,9,9,
20,11,10,8,9,0,9,7,10,11,6,9,8,7,10,3,10,10,10,9,9,
19,11,10,8,9,0,7,7,10,11,6,10,6,7,10,3,10,10,10,9,9,
19,11,10,8,9,0,7,7,10,11,6,10,6,8,10,3,10,10,10,9,9,
20,10,9,7,8,0,6,6,9,10,5,9,5,7,9,2,9,9,9,8,8,
20,10,10,9,10,0,6,6,9,10,6,10,5,6,9,2,9,11,9,9,9,
20,10,9,7,8,0,6,6,9,10,5,9,5,7,9,2,10,9,9,8,8,
20,10,9,7,9,0,6,7,9,10,5,9,5,7,9,2,10,10,10,8,8,
23,11,10,8,9,0,7,7,9,11,6,9,6,7,10,3,10,10,10,9,9,
20,10,9,7,8,0,6,7,9,10,5,9,5,7,9,2,10,10,10,8,8,
20,10,9,7,8,0,6,7,9,10,5,9,5,7,9,2,10,10,10,8,8,
20,10,9,7,8,0,6,6,9,10,5,9,5,7,9,2,10,9,10,8,8,
20,10,9,7,8,0,6,6,9,10,5,9,5,7,9,2,10,9,10,8,8,
22,10,9,7,8,0,6,6,9,10,5,9,5,7,9,2,10,9,10,8,8,
20,10,10,8,8,0,7,7,10,10,7,8,7,7,10,2,10,10,10,7,9,
25,15,9,8,8,0,6,7,9,16,6,9,5,7,9,2,10,10,15,8,8,
20,10,9,8,9,0,6,7,9,11,6,9,5,7,9,3,10,10,10,8,8,
20,10,9,7,8,0,5,7,9,11,5,8,5,7,9,2,10,9,10,8,8,
20,10,9,8,9,0,6,7,9,11,5,9,5,7,9,2,10,10,10,8,8,
20,10,9,8,9,0,6,7,9,11,6,9,5,7,9,2,10,10,10,8,8,
20,10,9,8,9,0,6,7,9,11,6,9,5,7,9,3,10,10,10,9,8,
20,10,9,8,8,0,6,7,9,11,6,9,5,7,9,2,10,10,10,8,8,
20,10,9,8,8,0,6,7,9,11,6,9,5,7,9,3,10,10,10,8,8,
20,10,9,8,11,0,6,7,9,11,6,11,6,7,9,3,10,10,10,10,8,
20,10,9,8,8,0,6,7,9,11,6,9,5,7,9,3,10,10,10,8,8,
20,10,9,8,9,0,6,7,9,11,6,9,6,7,9,3,10,10,10,8,8,
20,10,9,8,9,0,6,7,9,11,6,9,6,7,10,4,10,10,10,9,8,
23,13,9,8,9,0,6,7,9,14,6,9,6,7,9,3,10,10,10,9,8,
20,10,9,8,9,0,6,7,9,11,6,9,6,7,10,3,10,10,10,8,8,
20,11,10,8,9,0,6,7,9,11,6,9,5,7,10,2,10,10,10,8,8,
20,10,10,8,9,0,7,7,9,11,6,9,6,7,10,3,10,10,10,8,9,
20,10,10,8,9,0,7,7,9,11,6,9,6,7,10,3,10,10,10,9,9,
22,12,10,8,9,0,6,7,9,13,6,10,6,7,10,3,10,10,12,9,9,
20,11,10,8,9,0,7,7,9,11,6,9,6,7,10,3,10,10,10,9,9,
20,11,10,8,9,0,7,7,9,11,6,9,6,8,10,3,10,10,10,8,9,
19,11,9,7,10,0,7,7,10,11,6,10,6,7,10,3,10,9,10,9,8,
21,11,10,8,9,0,7,7,12,11,6,10,6,7,12,3,13,10,10,9,9,
20,11,10,8,9,0,7,7,10,11,6,9,6,8,10,3,10,10,10,9,9,
20,10,9,7,8,0,6,6,9,10,6,8,5,7,9,2,10,10,10,8,8,
20,10,9,7,8,0,6,6,9,10,6,8,5,7,9,2,10,10,10,8,8,
21,10,11,10,8,0,6,6,9,10,6,9,5,7,9,2,10,12,10,8,10,
20,10,9,8,8,0,6,7,9,11,6,9,5,7,9,2,10,10,10,8,8,
21,11,9,7,8,0,7,8,10,12,6,8,6,8,10,2,11,10,11,8,8,
20,10,9,8,9,0,6,7,9,11,5,9,5,7,9,2,10,10,10,8,8,
20,10,9,8,9,0,6,7,9,11,6,9,5,7,9,3,10,10,10,8,8,
20,10,9,8,9,0,6,7,9,11,6,9,5,7,9,3,10,10,10,8,8,
20,10,11,9,8,0,6,7,9,11,6,9,5,7,9,2,10,11,10,8,10,
20,10,9,8,8,0,6,7,9,11,6,9,5,7,9,3,10,10,10,8,8,
20,10,9,8,9,0,8,7,9,11,6,9,7,7,9,2,10,10,10,8,8,
20,10,9,7,9,0,6,7,9,11,5,9,5,7,9,2,10,10,10,8,8,
20,10,9,8,9,0,6,7,9,11,6,9,5,7,9,3,10,10,10,8,8,
20,10,9,8,9,0,6,7,9,11,6,9,6,7,10,3,10,10,10,8,8,
21,10,11,9,10,0,6,6,8,10,7,11,5,6,9,2,9,11,9,10,10,
20,10,9,8,9,0,6,7,9,11,6,9,6,7,9,3,10,10,10,8,8,
20,10,9,8,9,0,6,7,9,11,6,9,5,7,9,2,10,10,10,8,8,
23,10,10,8,9,0,6,7,9,11,6,9,6,7,9,3,10,10,10,8,9,
20,10,9,7,9,0,6,7,9,11,5,9,6,7,9,3,10,9,10,8,8,
20,11,10,8,9,0,7,7,9,11,6,9,6,7,10,3,10,10,10,8,9,
20,11,10,8,9,0,7,7,9,11,6,9,6,7,10,3,10,10,10,8,9,
22,13,9,8,9,0,7,7,9,13,6,9,6,7,10,3,10,10,12,8,8,
23,10,9,8,8,0,6,7,9,11,6,9,5,7,9,3,10,10,10,8,8,
22,11,12,11,11,0,6,7,11,11,6,11,6,7,12,3,12,13,11,11,11,
20,11,10,8,9,0,7,7,9,11,6,9,6,7,10,3,10,10,10,8,9,
20,11,10,8,9,0,7,7,9,11,6,9,6,7,10,3,10,10,10,8,9,
22,13,10,8,9,0,6,9,11,13,6,9,6,9,12,3,12,10,12,9,9,
21,11,9,7,8,0,7,7,10,11,5,9,6,7,10,3,10,9,10,8,8,
20,11,10,8,9,0,7,7,9,11,6,9,6,7,10,3,10,10,10,9,9,
21,11,10,8,10,0,7,7,10,11,6,10,6,8,10,3,10,10,10,9,9,
20,11,10,8,9,0,7,7,10,11,6,9,6,7,10,3,10,10,10,9,9,
20,11,10,8,9,0,7,7,10,11,6,10,6,8,10,3,10,10,10,9,9,
22,11,10,8,12,0,7,7,10,11,6,12,6,8,10,3,11,10,10,9,9,
21,10,9,7,9,0,6,6,9,10,5,9,5,7,9,2,10,9,10,8,8,
20,11,10,8,9,0,7,7,10,11,6,9,6,8,10,3,10,10,10,9,9,
19,11,10,8,9,0,7,7,10,11,6,9,6,8,10,5,10,10,10,9,9,
22,13,9,7,8,0,6,6,9,13,6,8,5,7,9,2,10,9,12,8,8,
20,10,9,7,8,0,6,6,9,10,6,8,5,7,9,3,9,9,9,8,8,
22,12,9,7,8,0,6,9,10,12,5,9,5,9,10,2,11,10,12,8,8,
20,10,9,7,8,0,6,7,9,11,5,8,5,7,9,3,10,9,10,7,8,
20,10,9,8,9,0,6,7,9,11,6,9,5,7,10,3,10,10,10,9,8,
20,10,9,7,9,0,6,7,9,11,5,9,5,7,9,2,10,10,10,8,8,
20,9,9,7,9,0,6,6,10,9,5,9,5,6,10,2,10,10,9,8,8,
20,10,9,7,9,0,6,7,9,11,5,9,5,7,9,2,10,10,10,8,8,
20,10,9,7,9,0,6,7,9,10,5,9,5,7,9,2,10,9,10,9,8,
20,10,9,8,9,0,6,7,9,11,5,9,5,7,9,2,10,10,10,8,8,
20,10,9,8,8,0,6,7,9,11,6,9,5,7,9,3,10,10,10,8,8,
20,10,9,7,8,0,6,7,9,10,5,8,5,7,9,2,10,10,10,8,8,
21,11,10,8,9,0,7,7,10,11,6,10,6,8,10,4,11,10,10,9,9,
21,10,11,10,11,0,6,7,9,11,5,11,5,7,9,3,10,12,10,10,10,
20,10,9,8,9,0,6,7,9,11,6,9,5,7,9,3,10,10,10,8,8,
20,10,9,8,9,0,6,7,9,11,6,9,5,7,9,3,10,10,10,8,8,
22,12,11,10,10,0,8,9,11,13,8,11,7,9,11,2,12,12,12,10,10,
20,10,9,8,9,0,6,7,9,11,6,9,5,7,9,3,10,10,10,8,8,
20,10,9,8,9,0,6,7,9,11,6,9,5,7,9,3,10,10,10,9,8,
20,10,9,8,9,0,6,7,9,11,6,9,6,7,10,3,10,10,10,9,8,
20,10,9,8,9,0,6,7,9,11,6,9,5,7,9,3,10,10,10,8,8,
20,11,9,8,9,0,9,7,9,11,6,9,8,7,10,3,10,10,10,8,8,
20,10,10,8,9,0,6,7,9,11,6,9,6,7,10,3,10,10,10,8,9,
20,10,9,8,8,0,6,7,9,11,6,9,5,7,9,3,10,10,10,8,8,
20,10,10,8,9,0,6,7,9,11,6,9,6,7,10,3,10,10,10,8,8,
22,10,12,10,11,0,6,7,9,11,9,12,6,7,10,3,10,13,10,11,11,
20,11,10,8,9,0,7,7,9,11,6,9,6,7,10,3,10,10,10,9,9,
20,11,10,8,9,0,7,7,10,11,6,9,6,7,10,3,10,10,10,9,9,
22,12,11,10,11,0,8,9,11,13,8,11,7,9,11,6,12,12,12,10,10,
25,12,9,8,9,0,6,7,9,13,6,9,5,7,9,3,10,10,12,8,8,
20,11,10,8,9,0,7,7,9,11,6,9,6,7,10,3,10,10,10,9,9,
20,11,10,8,9,0,7,7,10,11,6,10,6,8,10,3,10,10,10,9,9,
20,11,10,8,9,0,7,7,9,11,6,10,6,7,10,3,10,10,10,9,9,
20,10,9,8,9,0,7,7,9,11,6,9,6,7,9,3,10,10,10,8,8,
22,12,13,8,9,0,7,7,12,12,6,12,6,8,13,3,13,13,12,9,9,
20,11,10,8,9,0,7,7,9,11,6,9,6,7,10,3,10,10,10,9,9,
21,11,10,8,9,0,7,7,10,12,6,10,6,8,10,3,10,10,11,9,9,
23,14,10,8,9,0,7,10,12,14,6,10,6,10,13,3,13,10,13,9,9,
31,10,9,7,8,0,6,6,9,10,5,9,5,7,9,2,9,9,9,8,8,
20,11,10,8,9,0,7,7,9,11,6,9,6,7,10,3,10,10,10,9,9,
19,10,9,7,8,0,6,6,9,10,5,9,5,7,9,2,9,9,9,8,8,
20,10,9,7,8,0,6,6,9,10,5,9,5,7,9,2,9,9,10,8,8,
21,11,12,8,11,0,7,7,11,11,6,11,6,8,11,3,11,12,11,9,9,
20,10,9,7,8,0,6,6,9,10,6,8,5,7,9,2,10,9,10,8,8,
20,10,9,7,8,0,6,6,9,10,6,8,5,7,9,2,10,9,10,8,8,
20,10,9,7,8,0,6,6,9,10,6,8,5,7,9,2,10,9,10,8,8,
20,10,9,7,8,0,6,6,9,10,6,8,5,7,9,2,10,10,10,8,8,
20,10,9,7,9,0,6,7,9,11,6,9,5,7,9,2,10,10,10,8,8,
22,10,12,10,11,0,6,7,9,11,8,11,5,7,9,3,10,12,10,11,11,
20,10,9,7,8,0,6,7,9,11,5,9,5,7,9,2,10,10,10,8,8,
20,10,9,8,9,0,6,7,9,11,6,9,5,7,9,2,10,10,10,8,8,
21,12,11,9,10,0,8,8,11,12,7,11,7,9,11,2,11,11,11,10,10,
23,10,9,8,9,0,6,7,9,11,6,9,5,7,9,3,10,10,10,8,8,
20,10,9,8,9,0,6,7,9,11,6,9,5,7,9,2,10,10,10,9,8,
19,10,9,7,8,0,6,6,8,10,5,9,6,6,9,2,9,10,9,8,8,
20,10,9,8,9,0,6,7,9,11,6,9,5,7,9,2,10,10,10,9,8,
20,10,8,6,9,0,6,6,9,10,5,9,5,7,9,2,9,8,9,8,7,
22,12,13,8,9,0,6,7,13,12,6,9,6,7,13,3,13,13,13,8,8,
20,10,9,8,9,0,6,7,9,11,6,9,5,7,9,3,10,10,10,8,8,
20,10,9,8,8,0,6,7,9,11,6,9,5,7,9,3,10,10,10,8,8,
21,9,11,9,10,0,5,6,8,10,7,10,4,6,8,2,9,11,9,10,10,
20,11,9,8,9,0,6,7,9,11,6,9,6,7,10,3,10,10,10,8,8,
23,11,9,8,9,0,6,7,9,11,6,9,6,7,10,3,10,10,10,8,8,
25,10,9,7,8,0,6,7,9,11,5,9,5,7,9,2,10,10,10,8,8,
20,11,10,8,9,0,6,7,9,11,6,10,6,7,10,3,10,10,10,9,9,
20,11,9,8,9,0,6,7,9,11,6,9,6,7,10,3,10,10,10,9,9,
20,11,10,8,9,0,6,7,9,11,6,10,6,7,10,3,10,10,10,9,9,
20,11,10,8,9,0,7,7,9,11,6,9,6,7,10,3,10,10,10,8,9,
23,11,9,8,9,0,6,7,9,11,6,9,6,7,10,3,10,10,10,9,8,
21,10,11,10,9,0,9,8,11,10,8,9,9,9,11,3,11,12,10,9,10,
20,11,10,8,9,0,7,7,10,11,6,9,6,7,10,3,10,10,10,9,9,
20,11,10,8,9,0,7,7,9,11,6,9,6,7,10,3,10,10,10,9,9,
21,11,10,8,9,0,6,7,10,11,6,9,5,8,10,3,10,10,10,9,9,
20,11,10,8,9,0,7,7,10,11,6,10,6,7,10,3,10,10,10,9,9,
20,11,10,8,9,0,7,7,9,11,6,9,6,7,10,3,10,10,10,9,9,
20,11,10,8,9,0,7,7,9,11,6,9,6,7,10,3,10,10,10,8,9,
20,11,10,8,9,0,7,7,10,11,6,9,6,8,10,3,10,10,10,8,9,
21,11,10,8,10,0,7,7,10,11,6,10,6,7,10,3,10,10,10,9,9,
21,11,10,8,12,0,7,7,10,11,6,12,6,8,10,3,10,10,10,11,9,
19,11,10,8,9,0,7,7,10,11,6,9,6,8,10,3,10,10,10,9,9,
19,11,10,8,9,0,7,7,10,11,6,10,6,8,10,3,10,10,10,9,9,
20,9,8,6,7,0,5,6,8,9,4,8,4,6,8,1,9,9,9,7,7,
22,12,9,7,8,0,6,6,8,12,5,9,5,7,9,2,9,10,12,8,8,
21,10,9,7,8,0,6,6,9,10,6,8,5,7,9,2,10,9,10,8,8,
20,10,9,7,8,0,6,7,9,11,5,9,5,7,9,2,10,10,10,8,8,
20,10,9,8,9,0,6,7,9,11,5,9,5,7,9,2,10,10,10,8,8,
21,10,11,9,9,0,6,7,9,11,5,9,5,7,9,2,10,12,10,9,10,
20,10,9,7,8,0,6,7,9,11,5,9,5,7,9,2,10,9,10,8,8,
20,10,9,8,9,0,6,7,9,11,6,9,5,7,9,2,10,10,10,8,8,
20,10,9,8,9,0,6,7,9,11,6,9,5,7,9,2,10,10,10,9,8,
20,10,9,8,9,0,6,7,9,11,6,9,5,7,9,2,10,10,10,9,8,
31,11,10,8,9,0,7,7,9,11,7,9,6,7,10,3,10,10,10,9,9,
20,10,10,8,9,0,6,7,9,11,6,9,6,7,9,2,10,10,10,9,9,
20,10,9,8,9,0,6,7,9,11,6,9,5,7,9,2,10,10,10,8,8,
21,10,11,10,11,0,6,7,9,11,8,11,5,7,10,2,10,12,10,10,10,
20,11,9,8,9,0,6,7,9,11,6,9,5,7,9,2,10,10,10,8,8,
20,10,10,8,9,0,6,7,9,11,6,9,6,7,9,2,10,10,10,9,9,
20,10,9,8,9,0,8,7,9,11,6,9,8,7,9,2,10,10,10,8,8,
20,10,10,8,9,0,6,7,9,11,6,9,6,7,9,2,10,10,10,9,9,
22,10,9,8,10,0,6,7,9,11,6,11,5,7,9,2,10,10,10,10,8,
20,11,10,8,9,0,6,7,9,11,6,9,6,7,10,3,10,10,10,9,9,
20,11,10,8,9,0,6,7,9,11,6,9,6,7,10,3,10,10,10,9,9,
20,11,10,8,9,0,6,7,9,11,6,10,6,7,10,3,10,10,10,9,9,
20,11,11,9,10,0,6,7,9,11,7,10,6,7,10,3,10,11,10,9,10,
20,11,10,8,9,0,6,7,9,11,6,9,6,7,10,3,10,10,10,9,9,
20,11,10,8,9,0,7,7,10,11,6,9,6,7,10,3,10,10,10,9,9,
23,11,13,11,12,0,7,7,10,11,9,12,6,7,10,3,10,13,10,12,12,
20,11,10,8,9,0,6,7,9,11,6,9,6,7,10,3,10,10,10,8,9,
20,11,10,8,9,0,7,7,10,11,7,10,6,7,10,3,10,11,10,9,9,
22,12,11,10,11,0,8,9,11,13,8,11,7,9,11,3,12,12,12,10,10,
22,10,9,7,9,0,6,7,9,11,5,9,5,7,9,2,10,10,10,8,8,
20,11,10,8,9,0,7,7,10,11,6,10,6,7,10,3,10,10,10,9,9,
20,11,10,9,10,0,7,7,10,11,7,10,6,8,10,3,10,11,10,9,9,
21,11,10,8,10,0,7,7,10,11,6,10,6,8,10,3,10,11,11,9,9,
20,10,10,8,9,0,7,6,9,10,6,9,6,7,9,3,9,10,10,9,9,
22,13,10,8,9,0,7,7,13,13,7,10,6,8,13,3,13,13,13,9,9,
20,10,9,8,9,0,6,6,9,10,6,9,5,7,9,2,10,10,10,8,8,
20,11,10,9,10,0,7,7,10,11,7,10,6,8,10,3,11,11,11,9,9,
23,13,10,8,9,0,6,9,11,13,7,10,5,10,12,2,12,11,12,9,9,
23,11,10,9,9,0,7,7,10,11,7,10,6,8,10,3,10,11,11,9,9,
20,10,9,8,9,0,6,7,9,11,6,9,5,7,9,2,10,10,10,8,8,
21,10,10,8,9,0,6,7,9,11,6,9,5,7,9,2,10,10,10,9,9,
20,10,9,8,9,0,6,6,9,10,6,9,5,7,9,2,10,10,10,9,8,
20,10,9,8,9,0,6,7,9,11,6,9,5,7,9,2,9,10,10,9,9,
20,11,10,9,10,0,7,7,10,11,7,10,6,8,10,3,11,11,11,10,9,
20,10,9,8,9,0,6,7,9,11,6,9,5,7,9,2,10,10,10,9,8,
21,11,10,9,10,0,7,7,10,11,7,10,6,8,10,3,10,11,11,10,9,
20,10,10,8,9,0,6,7,9,11,6,9,5,7,9,5,10,10,10,9,9,
23,13,9,7,8,0,6,7,9,14,5,9,5,7,9,2,10,10,10,8,8,
21,12,10,8,9,0,6,7,9,12,6,9,5,7,9,2,10,12,10,9,9,
20,11,9,8,9,0,6,7,9,11,6,9,5,7,10,2,10,10,10,8,8,
20,10,9,8,9,0,6,7,9,11,6,9,5,7,9,2,10,10,10,9,8,
20,10,10,8,9,0,6,7,9,11,6,9,5,7,9,2,10,10,10,9,9,
20,10,9,7,9,0,6,7,9,11,5,9,5,7,9,2,10,10,10,8,8,
20,10,10,8,9,0,6,7,9,11,6,10,5,7,9,3,10,10,10,9,9,
20,10,10,8,9,0,6,7,9,11,6,9,5,7,9,3,10,10,10,9,9,
20,10,10,8,9,0,6,7,9,11,6,9,5,7,9,2,10,10,10,9,9,
20,10,10,8,9,0,6,6,10,10,6,10,5,7,10,3,11,10,10,9,9,
22,11,10,8,9,0,6,7,9,11,6,9,6,7,10,3,10,10,10,9,9,
21,10,11,10,8,0,9,8,10,10,9,9,9,9,11,3,11,12,9,9,10,
20,11,10,8,9,0,6,7,9,11,6,10,6,7,10,3,10,10,10,9,9,
20,11,10,8,9,0,6,7,9,11,6,10,6,8,10,3,10,10,10,9,9,
21,11,10,8,9,0,6,8,10,12,6,10,5,8,11,3,11,10,11,9,9,
20,10,10,8,9,0,8,7,9,11,6,9,7,7,9,3,10,10,10,9,9,
20,11,9,8,9,0,6,7,9,11,6,9,6,7,10,3,10,10,10,8,8,
20,11,10,8,9,0,6,7,9,11,7,9,6,7,10,3,10,11,10,9,9,
20,11,10,8,10,0,6,7,9,11,6,10,6,7,10,3,10,10,10,9,9,
21,11,12,10,9,0,6,7,9,11,7,10,6,7,10,3,10,12,10,9,10,
22,11,10,8,12,0,6,7,9,11,6,13,6,7,10,3,10,11,10,12,9,
20,11,10,9,10,0,6,7,10,11,6,10,6,7,10,3,10,11,10,9,9,
20,11,10,8,9,0,6,7,9,11,7,10,6,7,10,3,10,11,10,9,9,
20,8,7,6,6,0,4,4,7,8,4,7,3,4,7,0,7,8,7,6,6,
23,14,10,8,9,0,7,7,10,14,6,9,6,8,10,3,10,10,13,9,9,
23,11,10,8,9,0,7,7,10,11,7,9,6,8,10,3,10,11,10,9,9,
20,11,10,9,9,0,7,7,10,11,7,10,6,8,10,3,10,11,10,9,9,
20,11,10,9,10,0,6,7,10,11,7,10,6,7,10,3,10,11,10,9,9,
20,11,10,8,9,0,7,7,10,11,6,10,6,8,10,3,11,11,10,9,9,
20,11,10,9,10,0,7,7,10,11,7,10,6,8,10,3,10,11,11,9,9,
20,10,9,8,9,0,6,7,9,11,6,9,5,7,9,2,10,10,10,9,8,
20,11,10,9,10,0,7,7,10,11,7,10,6,8,10,3,10,11,11,9,9,
22,12,10,8,9,0,6,7,9,13,6,9,5,7,9,2,10,10,10,8,8,
20,10,10,8,9,0,6,6,9,10,6,10,5,7,9,2,10,10,10,9,8,
20,10,9,8,8,0,6,6,9,10,6,9,5,7,9,2,10,10,10,8,8,
20,10,9,7,8,0,6,7,9,11,6,8,5,7,9,2,10,10,10,8,8,
20,10,10,8,9,0,6,7,9,11,6,9,5,7,9,2,10,10,10,9,9,
22,10,12,11,12,0,6,7,9,11,9,12,5,7,9,2,10,13,10,11,11,
20,10,10,8,9,0,6,7,9,11,6,9,5,7,9,2,10,10,10,9,9,
20,10,9,8,9,0,6,6,9,11,6,9,5,7,9,2,10,10,10,8,8,
22,12,9,7,9,0,8,9,11,13,5,9,7,9,11,3,12,10,12,8,8,
20,10,10,8,9,0,6,7,9,11,6,9,5,7,9,2,10,10,10,9,9,
20,10,10,8,9,0,6,7,9,11,6,10,5,7,9,3,10,10,10,9,9,
20,10,10,8,9,0,6,7,9,11,6,9,5,7,9,3,10,10,10,9,9,
20,10,10,8,9,0,6,7,9,11,6,10,5,7,9,3,10,10,10,9,9,
20,10,10,8,9,0,6,7,9,11,6,10,5,7,10,3,10,10,10,9,9,
20,10,10,8,9,0,6,7,9,11,6,9,5,7,9,3,10,10,10,8,9,
20,11,10,8,9,0,6,7,9,11,6,9,6,7,10,3,10,11,10,9,9,
20,10,9,8,8,0,6,7,9,11,6,9,5,7,9,3,9,10,10,8,9,
20,11,10,8,9,0,6,7,9,11,6,9,6,7,10,3,10,10,10,8,9,
20,11,10,8,9,0,6,7,9,11,6,9,6,7,10,3,10,10,10,8,9,
20,10,10,8,9,0,6,7,9,11,6,9,6,7,9,3,10,10,10,9,9,
20,11,10,8,9,0,6,7,9,11,6,9,6,7,10,3,10,10,10,8,9,
33,21,23,21,21,0,6,7,21,21,6,21,6,7,21,3,21,24,21,21,22,
20,11,10,8,9,0,6,7,9,11,6,10,6,7,10,3,10,10,10,9,9,
20,11,10,8,9,0,6,7,9,11,6,10,6,7,10,3,10,10,10,9,9,
20,11,10,8,9,0,9,7,9,11,6,10,6,7,10,3,10,10,10,9,9,
22,11,10,8,9,0,6,7,9,11,6,9,6,7,10,3,10,10,10,9,9,
20,11,10,8,10,0,6,7,9,11,6,10,6,7,10,3,10,10,10,9,9,
20,11,10,9,10,0,6,7,10,11,7,10,6,7,10,3,10,11,10,9,9,
22,11,12,10,11,0,7,7,10,11,8,12,6,8,10,3,10,13,10,11,11,
20,11,10,8,9,0,7,7,10,11,6,9,6,8,10,3,10,10,10,9,9,
20,11,10,8,9,0,7,7,10,11,7,9,6,8,10,3,10,10,10,9,9,
25,10,9,7,8,0,6,7,9,11,5,9,5,7,9,2,10,9,10,8,8,
23,10,9,7,8,0,6,7,9,10,5,9,5,7,9,2,10,9,10,8,8,
20,10,9,8,9,0,6,7,9,11,6,9,5,7,9,2,10,10,10,9,8,
19,11,10,9,10,0,7,7,10,11,7,10,6,8,10,3,10,11,10,9,9,
20,10,9,7,8,0,6,7,9,10,5,9,5,7,9,2,9,9,10,8,8,
23,11,10,9,10,0,7,7,10,11,7,10,6,7,10,3,10,11,10,9,9,
21,11,13,11,10,0,7,10,11,11,7,10,6,11,12,3,12,13,10,10,12,
20,11,10,9,10,0,7,7,10,11,6,10,6,8,10,3,11,11,10,9,9,
20,10,9,8,9,0,6,7,9,11,6,9,5,7,9,2,10,10,10,8,8,
45,35,10,8,9,0,6,32,10,36,6,9,5,9,11,2,11,10,35,9,9,
20,11,10,9,9,0,7,7,10,11,7,10,6,8,10,3,11,11,11,9,9,
20,10,10,8,9,0,6,7,9,10,6,9,5,7,9,2,10,10,10,8,8,
20,10,10,8,9,0,6,6,9,10,6,9,5,7,9,2,9,10,10,8,9,
20,10,10,8,9,0,6,7,9,11,6,9,5,7,9,2,10,10,10,8,9,
20,10,10,8,9,0,6,7,9,11,6,9,5,7,9,2,10,10,10,9,9,
20,10,9,8,9,0,6,7,9,11,6,9,5,7,9,3,10,10,10,9,8,
22,11,10,9,10,0,7,7,10,11,7,10,6,7,10,3,10,11,10,9,9,
22,10,12,11,10,0,6,7,11,11,6,10,5,7,11,3,12,13,10,10,11,
20,10,9,8,9,0,6,7,9,11,6,9,5,7,9,2,10,10,10,9,8,
20,11,10,8,9,0,6,7,9,11,6,9,5,7,9,3,10,10,10,9,9,
22,12,10,8,9,0,6,7,11,13,6,10,5,7,11,3,12,10,12,9,9,
20,10,10,8,9,0,6,7,9,11,6,10,5,7,9,2,10,10,10,9,9,
20,10,9,8,9,0,6,7,9,11,6,9,5,7,9,3,10,10,10,8,8,
21,10,10,8,9,0,6,7,9,11,6,10,6,7,9,3,10,10,10,9,9,
20,10,10,8,9,0,6,7,9,11,6,9,6,7,9,3,10,10,10,9,8,
22,11,12,10,10,0,6,7,10,11,7,10,6,7,10,3,10,12,10,10,11,
22,10,10,8,9,0,6,7,9,11,6,12,6,7,9,3,10,10,10,9,9,
20,10,9,8,9,0,7,7,9,11,6,9,6,7,10,3,10,10,10,8,8,
20,11,10,8,9,0,7,7,10,11,6,10,6,8,10,3,10,10,10,9,9,
20,11,10,8,9,0,6,7,9,11,6,10,6,7,10,5,10,10,10,9,9,
23,13,10,8,10,0,6,7,9,14,6,10,6,7,10,3,10,10,13,9,9,
20,11,10,8,9,0,6,7,9,11,7,9,6,7,9,3,10,10,10,9,9,
21,11,9,8,8,0,6,7,10,11,6,9,6,8,10,3,10,10,10,8,8,
20,11,10,9,9,0,7,7,9,11,7,10,6,7,10,3,10,11,10,9,9,
20,11,10,8,9,0,7,7,9,11,7,9,6,7,10,3,10,10,10,9,9,
20,11,10,8,9,0,7,7,10,11,7,9,6,7,10,3,10,10,10,9,9,
20,10,10,8,9,0,6,7,9,11,6,10,6,7,9,3,10,10,10,9,9,
20,10,10,8,9,0,7,6,9,10,6,9,6,7,9,3,9,10,9,9,9,
20,11,9,8,10,0,7,7,9,11,6,10,6,7,10,3,10,10,10,10,8,
20,11,9,8,10,0,7,7,10,11,6,10,6,8,10,3,10,10,10,9,9,
20,11,10,9,10,0,7,7,9,11,7,10,6,7,10,3,10,11,10,9,9,
41,11,10,9,10,0,7,7,10,11,7,12,6,7,10,3,10,11,10,32,9,
21,11,13,11,13,0,7,7,9,11,7,13,6,8,10,3,10,13,10,12,12,
19,11,10,9,10,0,7,7,10,11,7,10,6,8,10,3,10,11,10,9,9,
19,11,10,9,10,0,7,7,10,11,7,10,6,7,10,3,10,11,10,9,9,
20,11,10,8,9,0,7,7,10,11,6,9,6,8,10,3,10,10,10,9,9,
27,11,10,9,10,0,17,7,10,11,7,10,6,8,10,3,10,11,10,9,9,
20,10,10,8,9,0,6,6,9,11,6,9,5,7,9,2,10,10,10,8,9,
19,11,10,8,9,0,7,7,10,11,6,9,6,8,10,3,10,10,10,8,9,
19,11,10,9,9,0,7,7,10,11,7,10,6,7,10,3,10,11,10,9,9,
20,11,10,8,9,0,9,7,10,11,7,9,9,7,10,3,10,11,11,9,9,
20,11,10,9,9,0,7,7,10,11,7,10,6,8,10,3,10,11,10,9,9,
20,11,10,9,9,0,7,7,10,11,7,10,6,8,10,3,10,11,10,9,9,
20,11,10,8,10,0,7,7,10,11,6,10,6,8,10,3,10,11,11,9,9,
21,11,13,11,12,0,7,7,10,11,10,12,6,8,10,3,11,13,11,11,12,
20,10,9,7,8,0,6,6,9,10,5,8,5,7,9,2,9,9,10,8,8,
20,10,9,7,9,0,6,7,9,11,5,9,5,7,9,3,10,10,10,8,8,
20,10,9,7,8,0,6,7,9,11,5,9,5,7,9,2,10,9,10,8,8,
20,10,9,8,8,0,6,7,9,11,5,9,5,7,9,3,10,10,10,8,8,
20,10,9,7,8,0,6,7,9,11,5,9,5,7,9,3,10,9,10,8,8,
20,10,9,7,8,0,6,7,9,11,5,9,5,7,9,3,10,10,10,8,8,
20,10,9,8,9,0,6,7,9,11,5,9,5,7,9,3,10,10,10,8,8,
20,11,9,8,8,0,6,7,9,11,6,9,5,7,9,3,10,10,10,8,8,
20,10,9,8,8,0,6,7,9,11,6,9,5,7,9,3,10,10,10,8,8,
46,10,9,8,9,0,6,7,9,36,6,9,6,7,10,3,10,10,35,9,8,
22,11,12,10,11,0,6,7,9,11,9,11,6,7,10,3,10,12,10,10,11,
20,10,9,7,8,0,6,7,9,11,5,9,5,7,9,3,10,9,10,8,8,
20,10,9,7,8,0,6,7,9,11,6,8,5,7,10,3,10,10,10,8,8,
22,12,9,7,9,0,8,9,11,13,5,9,8,9,11,3,12,10,12,8,8,
20,10,9,8,8,0,6,7,9,11,6,9,6,7,10,3,10,10,10,8,8,
20,10,9,8,9,0,6,7,9,11,6,9,6,7,10,3,10,10,10,8,8,
21,12,10,8,9,0,6,8,11,12,6,9,5,8,11,3,11,10,11,8,8,
20,10,10,8,9,0,7,7,9,11,6,9,6,7,10,3,10,10,10,9,8,
19,10,9,8,9,0,7,6,9,10,6,9,6,6,9,3,9,10,9,8,8,
23,10,10,8,9,0,7,7,9,11,6,9,6,8,10,3,10,10,10,9,9,
20,11,10,8,9,0,7,7,10,11,6,10,6,7,10,3,11,10,10,9,9,
20,10,10,8,9,0,7,7,9,11,6,9,6,7,10,3,10,10,10,9,9,
42,13,11,9,11,0,7,7,33,14,7,11,6,7,10,3,10,12,13,10,10,
20,10,9,8,9,0,6,7,9,11,6,9,5,7,10,3,10,10,10,9,8,
21,11,10,8,9,0,7,7,10,11,6,9,6,8,10,3,10,10,10,8,9,
22,11,10,8,11,0,7,7,10,11,6,11,6,7,10,3,10,10,10,11,9,
19,11,9,8,9,0,7,7,9,11,6,9,6,8,10,3,10,10,10,8,8,
19,11,10,8,9,0,7,7,10,11,6,9,6,8,10,3,10,10,10,9,9,
19,11,9,8,9,0,7,7,9,11,6,9,6,7,10,3,10,10,10,8,8,
21,10,11,9,10,0,7,7,9,11,7,10,6,7,9,2,10,11,10,10,10,
20,11,10,9,9,0,7,7,10,11,7,9,7,8,11,3,11,11,11,8,9,
20,11,10,8,9,0,7,7,10,11,6,10,6,8,10,3,10,10,10,9,9,
20,11,10,8,9,0,7,7,10,11,6,10,6,8,10,3,10,10,10,9,9,
22,12,9,7,8,0,6,9,11,12,5,9,5,9,11,2,12,9,12,8,8,
20,10,9,7,8,0,6,6,9,10,5,9,5,7,9,2,9,9,9,8,8,
20,10,9,7,9,0,6,6,9,10,5,9,5,7,9,2,10,9,10,8,8,
38,10,9,7,8,0,6,6,9,10,5,9,27,7,9,2,10,9,10,8,8,
20,10,9,7,9,0,7,7,9,11,5,9,6,7,9,3,10,10,10,8,8,
20,10,9,7,8,0,6,7,9,11,5,9,5,7,9,2,10,9,10,8,8,
20,10,9,7,8,0,6,7,9,11,5,9,5,7,9,2,10,9,10,8,8,
20,10,9,7,9,0,6,7,9,11,5,9,5,7,9,2,10,10,10,8,8,
22,11,12,8,11,0,6,7,12,11,6,11,5,7,12,3,12,13,11,11,11,
20,10,9,8,8,0,6,7,9,11,6,9,5,7,9,3,10,10,10,8,8,
20,10,9,7,8,0,6,7,9,11,5,8,5,7,9,3,10,9,10,8,8,
23,13,9,7,8,0,6,10,11,13,5,9,5,10,12,3,12,9,13,8,8,
21,10,9,8,9,0,6,7,9,11,6,9,5,7,9,3,10,10,10,8,8,
20,10,9,8,8,0,6,7,9,11,6,9,5,7,9,3,10,10,10,8,8,
21,10,9,8,9,0,6,7,9,11,6,9,5,7,9,3,10,10,10,9,8,
20,10,9,8,9,0,6,7,9,11,6,9,5,7,9,3,10,10,10,8,8,
20,10,10,8,9,0,6,7,9,11,6,9,6,7,10,3,10,10,10,8,8,
20,10,9,8,9,0,6,7,9,11,6,9,5,7,9,3,10,10,10,8,8,
20,10,9,7,8,0,6,7,9,11,6,9,6,7,9,3,10,10,10,8,8,
20,10,10,8,9,0,6,7,9,11,6,9,6,7,9,3,10,10,10,8,8,
20,10,9,8,9,0,6,7,9,11,6,9,6,7,10,5,10,10,10,8,8,
23,13,9,8,9,0,6,7,9,14,6,9,6,7,10,3,10,10,13,8,8,
20,8,7,5,6,0,4,5,7,9,3,6,4,5,8,1,8,7,8,6,6,
21,11,9,7,8,0,6,7,10,11,5,9,6,7,10,2,10,10,10,8,8,
20,11,9,7,8,0,6,7,9,11,6,9,6,7,10,3,10,10,10,8,8,
20,11,10,8,9,0,6,7,9,11,6,10,6,7,10,3,10,10,10,9,9,
20,11,10,8,9,0,7,7,10,11,6,10,6,7,10,3,10,10,10,9,9,
20,11,10,8,10,0,7,7,10,11,6,10,6,7,10,3,10,10,10,9,9,
20,11,9,8,9,0,7,7,9,11,5,9,6,8,10,3,10,10,10,8,8,
19,11,9,7,10,0,7,7,10,11,6,10,6,7,10,3,10,9,10,9,8,
19,11,10,8,9,0,7,7,10,11,6,9,6,8,10,3,10,10,10,9,8,
19,11,10,8,9,0,7,7,10,11,6,10,6,8,10,3,10,10,10,9,9,
19,11,9,8,9,0,7,7,10,11,6,9,6,8,10,3,10,10,10,8,8,
20,11,10,8,9,0,7,7,10,11,6,10,6,8,10,3,10,10,10,9,9,
21,10,12,10,8,0,6,7,9,11,5,9,5,7,9,2,10,12,10,8,11,
19,11,10,8,9,0,7,7,10,11,6,10,6,8,10,3,10,10,10,9,9,
19,11,10,8,9,0,7,7,10,11,6,9,6,8,10,3,10,10,10,9,9,
20,11,10,8,9,0,7,7,10,11,6,10,6,8,10,3,10,10,10,9,9,
21,11,10,8,9,0,7,7,10,11,6,10,6,7,10,3,10,10,10,9,8,
20,10,9,7,8,0,6,6,9,10,5,8,5,7,9,2,9,9,9,8,8,
20,11,10,8,9,0,7,7,10,11,6,9,6,7,10,3,10,10,10,8,9,
20,10,8,7,10,0,6,6,9,10,5,10,5,7,9,2,10,9,9,9,7,
20,10,9,7,8,0,6,7,9,11,5,8,5,7,9,2,10,9,10,8,8,
20,10,9,7,8,0,6,7,9,11,5,8,5,7,9,2,10,9,10,8,8,
20,8,7,5,6,0,4,4,7,8,4,6,3,5,7,0,8,8,8,6,6,
22,12,9,7,8,0,6,7,9,13,5,8,5,7,9,3,10,9,12,8,8,
21,10,9,8,9,0,6,7,9,11,6,9,5,7,9,3,10,10,10,8,8,
20,10,9,7,8,0,6,7,9,11,5,8,5,7,9,3,10,9,10,8,8,
20,10,9,7,8,0,6,7,9,11,6,9,5,7,9,3,10,10,10,8,8,
20,10,9,8,9,0,6,7,9,11,6,9,5,7,9,3,10,10,10,8,8,
20,10,9,8,8,0,6,7,9,11,6,9,5,7,9,3,10,10,10,8,8,
20,10,9,8,9,0,6,7,9,11,6,9,5,7,9,3,10,10,10,9,8,
20,10,9,8,8,0,6,7,9,11,6,9,5,7,9,3,10,10,10,8,8,
20,10,9,7,9,0,6,7,9,11,5,9,6,7,10,3,10,10,10,8,8,
20,10,9,7,8,0,6,7,9,11,5,9,6,7,9,3,10,10,10,8,8,
20,10,9,8,9,0,6,7,9,11,6,9,6,7,9,3,10,10,10,8,8,
20,10,9,7,8,0,6,7,9,11,5,9,6,7,10,3,10,9,10,8,8,
20,10,9,8,9,0,6,7,9,11,5,9,6,7,10,3,10,10,10,8,8,
21,10,12,10,11,0,6,7,9,11,8,12,6,7,10,3,10,12,10,11,11,
20,10,9,8,9,0,6,7,9,11,6,9,6,7,10,3,10,10,10,8,8,
20,10,9,8,9,0,6,7,9,11,5,9,6,7,10,3,10,10,10,8,8,
22,12,11,10,11,0,8,9,11,13,7,11,7,9,11,5,12,12,12,10,10,
23,10,9,8,9,0,6,7,9,11,6,9,6,7,10,3,10,10,10,9,8,
20,10,9,8,9,0,6,7,9,11,6,9,6,7,10,3,10,10,10,9,8,
20,10,9,7,8,0,7,7,9,11,5,9,6,7,10,3,10,10,10,8,8,
20,11,10,8,9,0,7,7,10,11,6,9,6,7,10,3,10,10,10,8,9,
21,10,11,9,9,0,7,6,9,10,6,9,6,6,9,3,9,11,9,9,10,
22,13,9,8,8,0,7,7,13,13,6,9,6,7,13,3,13,13,13,8,8,
20,11,10,8,9,0,7,7,10,11,6,9,6,8,10,3,10,10,10,8,9,
19,11,9,8,8,0,7,7,10,11,6,9,6,8,10,3,10,10,10,8,8,
22,13,10,9,10,0,7,7,12,13,7,10,6,8,12,3,13,11,13,9,9,
19,11,10,8,9,0,7,7,10,11,6,9,6,8,10,3,10,10,10,8,8,
20,10,9,8,8,0,6,7,9,11,6,9,5,7,9,3,10,10,10,8,8,
22,11,10,8,9,0,7,7,10,11,6,10,6,7,10,3,10,10,10,9,9,
19,11,10,8,9,0,7,7,10,11,6,9,6,7,10,3,10,10,10,9,8,
20,11,9,8,9,0,7,7,10,11,6,9,6,8,10,3,10,10,10,8,8,
19,11,10,8,9,0,7,7,10,11,6,10,6,8,10,3,10,10,10,9,9,
20,11,10,8,9,0,7,7,10,11,6,10,6,8,10,3,10,10,10,9,9,
20,10,8,7,8,0,8,6,9,10,5,8,7,7,9,2,9,9,9,8,7,
22,12,12,7,8,0,6,6,12,12,5,8,5,7,12,2,13,12,12,7,8,
21,11,10,8,11,0,7,7,10,11,6,11,6,8,10,3,10,10,10,11,9,
20,10,9,7,8,0,6,7,9,11,5,9,5,7,9,2,10,10,10,8,8,
22,12,10,9,10,0,6,6,9,13,7,10,5,7,9,2,9,11,12,9,9,
20,10,9,7,8,0,6,7,9,10,5,8,5,7,9,2,10,9,10,8,7,
20,10,11,9,10,0,6,7,9,10,7,11,5,7,9,3,10,11,10,10,9,
22,11,10,8,9,0,7,7,10,11,6,9,6,7,10,3,10,10,10,8,9,
20,10,9,7,8,0,6,7,9,11,5,9,5,7,9,3,10,9,10,8,8,
20,10,9,8,9,0,6,7,9,11,5,9,5,7,9,3,10,10,10,8,8,
20,10,9,7,8,0,6,7,9,11,5,8,5,7,9,3,10,9,10,8,8,
20,10,9,7,8,0,6,7,9,11,5,9,5,7,9,3,10,9,10,8,8,
21,11,9,8,8,0,6,7,9,11,6,9,5,7,10,3,10,10,10,8,8,
20,10,9,7,8,0,6,7,9,11,6,8,6,7,9,3,10,9,10,7,8,
23,10,9,7,8,0,6,7,9,14,6,8,5,7,9,3,10,9,10,8,8,
20,10,9,7,8,0,6,7,9,11,5,9,6,7,10,3,10,10,10,8,8,
20,10,9,7,8,0,5,7,9,11,5,9,5,7,10,2,10,9,10,8,8,
20,10,9,8,9,0,6,7,9,11,5,9,6,7,9,3,10,10,10,8,8,
20,10,9,8,9,0,6,7,9,11,6,9,6,7,10,3,10,10,10,9,8,
20,10,9,8,9,0,6,7,9,11,6,9,6,7,9,3,10,10,10,8,8,
20,10,9,8,9,0,6,7,9,11,6,9,6,7,10,3,10,10,10,9,8,
20,10,9,8,9,0,6,7,9,11,6,9,6,7,10,3,10,10,10,9,8,
20,10,8,7,10,0,6,7,9,11,5,11,6,7,10,3,10,9,10,10,7,
20,11,9,8,9,0,6,7,9,11,6,9,6,7,10,3,10,10,10,8,8,
20,11,10,8,9,0,7,7,9,11,6,9,6,7,10,3,10,10,10,9,8,
20,11,10,8,9,0,7,7,10,11,6,9,6,7,10,3,10,10,10,9,9,
20,11,10,8,9,0,7,7,9,11,6,9,6,7,9,3,10,10,10,9,9,
22,11,13,11,9,0,7,7,10,11,6,10,6,8,10,3,11,13,10,9,11,
20,11,9,8,9,0,7,7,10,11,6,9,6,8,10,3,10,10,10,8,8,
21,10,9,7,8,0,6,6,9,10,5,9,5,7,9,2,10,9,9,8,8,
20,11,10,8,9,0,7,7,10,11,6,9,6,8,10,3,10,10,10,9,9,
20,10,9,7,8,0,6,6,9,10,6,8,5,7,9,2,9,9,9,8,8,
20,10,9,7,8,0,6,7,9,10,5,9,5,7,9,2,10,9,10,8,8,
20,10,9,7,8,0,6,6,9,10,5,9,5,7,9,2,10,9,10,8,8,
20,10,8,7,8,0,6,6,9,10,5,9,5,7,9,2,10,9,9,8,7,
20,10,9,7,9,0,6,7,9,10,5,9,5,7,9,2,10,9,10,8,8,
20,11,9,7,8,0,6,7,10,11,5,9,5,7,10,2,10,9,10,8,8,
20,10,9,7,8,0,6,6,9,11,6,8,5,7,9,2,10,10,10,8,8,
21,12,9,7,8,0,6,6,8,12,6,8,5,7,9,2,9,9,11,8,8,
22,10,9,8,8,0,6,7,9,11,6,9,5,7,9,3,10,10,10,8,8,
21,10,9,7,8,0,6,7,10,11,5,8,5,7,11,2,11,9,10,8,8,
20,10,9,8,9,0,6,7,9,11,5,9,5,7,9,3,10,10,10,8,8,
20,10,9,8,9,0,6,7,9,11,5,9,5,7,9,3,10,10,10,8,8,
20,10,9,8,9,0,6,7,9,11,6,9,5,7,9,3,10,10,10,9,8,
20,10,9,8,9,0,6,7,9,11,6,9,5,7,9,3,10,10,10,9,8,
20,10,9,8,9,0,6,7,9,11,6,9,5,7,9,3,10,10,10,8,8,
21,11,9,8,8,0,7,8,10,12,6,9,7,8,11,3,11,10,11,8,8,
20,10,9,8,9,0,6,7,9,11,6,9,5,7,9,3,10,10,10,8,8,
20,10,9,8,9,0,6,7,9,11,6,9,6,7,9,3,10,10,10,8,8,
20,10,9,8,8,0,6,7,9,11,5,9,6,7,10,3,10,10,10,8,8,
20,10,11,9,8,0,6,7,9,11,6,9,5,7,9,3,10,11,10,8,10,
22,11,12,11,11,0,6,7,9,11,9,12,6,7,10,3,10,13,10,11,11,
20,10,9,8,9,0,7,7,9,11,6,9,6,7,10,3,10,10,10,9,8,
20,11,10,8,9,0,7,7,9,11,6,9,6,7,10,3,10,10,10,9,9,
22,12,9,8,9,0,8,9,11,13,6,9,8,9,11,3,12,10,12,8,8,
20,10,10,8,9,0,7,7,9,11,6,9,6,7,10,3,10,10,10,9,9,
20,11,9,8,9,0,7,7,9,11,6,9,6,7,10,3,10,10,10,8,8,
21,11,10,8,9,0,7,7,10,11,6,9,6,7,10,3,10,10,10,9,9,
20,11,10,8,9,0,7,7,10,11,6,9,6,7,10,3,10,10,10,9,9,
19,10,9,8,9,0,7,6,8,10,5,9,7,6,9,3,9,10,9,8,8,
23,11,10,8,9,0,7,7,10,14,6,9,6,7,10,3,14,10,10,9,8,
20,11,10,8,9,0,7,7,9,11,6,9,6,7,10,3,10,10,10,9,9,
20,11,10,8,9,0,7,7,9,11,6,9,6,7,10,3,10,10,10,9,9,
24,14,11,10,11,0,7,7,10,15,8,11,6,7,10,3,10,12,14,10,10,
20,11,10,8,9,0,7,7,9,11,6,9,6,7,10,3,10,10,10,9,9,
20,11,10,8,9,0,7,7,10,11,6,10,6,8,10,3,10,10,10,9,9,
22,11,10,8,9,0,7,7,10,11,6,10,6,8,10,3,10,10,10,9,9,
21,10,9,7,8,0,6,6,9,10,5,9,5,7,9,2,9,9,9,8,8,
20,11,10,8,10,0,7,7,10,11,6,10,6,8,10,3,10,10,10,9,9,
20,10,9,7,8,0,6,6,9,10,5,9,5,7,9,2,9,9,9,8,8,
20,10,9,7,8,0,6,6,9,10,6,8,5,7,9,2,9,9,9,8,8,
22,11,9,8,8,0,7,7,10,11,6,9,6,8,10,3,10,10,10,8,8,
22,10,12,10,10,0,6,6,11,10,6,10,5,10,11,2,12,12,10,10,11,
20,10,9,7,8,0,6,6,9,10,6,8,5,7,9,2,10,10,10,8,8,
19,11,10,8,9,0,7,7,10,11,6,9,6,8,10,3,10,10,10,9,9,
22,12,10,9,9,0,6,6,9,13,7,10,5,7,9,2,10,11,12,9,9,
20,10,9,7,8,0,6,6,9,10,5,9,5,7,9,2,10,10,10,8,8,
20,10,9,7,9,0,6,7,9,10,5,9,5,7,9,2,10,10,10,8,8,
23,11,10,8,9,0,7,7,10,11,6,9,6,7,10,3,10,10,10,9,9,
20,10,9,8,8,0,6,7,9,11,6,9,5,7,9,3,10,10,10,8,8,
20,10,9,7,8,0,6,7,9,11,5,9,5,7,9,2,10,9,10,8,8,
20,10,9,7,8,0,6,7,9,11,5,8,5,7,9,3,10,9,10,8,8,
20,10,9,8,8,0,6,7,9,11,6,9,5,7,9,3,10,10,10,8,8,
23,10,9,7,8,0,6,6,9,10,5,8,5,7,9,2,10,9,10,8,8,
46,9,11,9,9,0,9,9,11,10,5,9,6,9,11,3,37,12,9,9,10,
20,10,10,8,8,0,6,7,9,11,6,9,5,7,10,3,10,10,10,8,8,
22,12,9,8,8,0,6,9,11,13,6,9,5,9,11,3,12,10,12,8,8,
20,10,9,7,8,0,6,7,9,11,6,9,6,7,9,3,10,9,10,8,8,
21,10,9,8,9,0,6,7,9,11,6,9,5,7,9,3,10,10,10,8,8,
20,10,9,8,9,0,6,7,9,11,6,9,6,7,9,3,10,10,10,9,8,
37,10,10,8,9,0,7,7,9,11,28,9,6,7,10,3,10,10,10,8,8,
46,10,10,8,12,0,6,7,9,11,6,36,6,7,9,3,10,10,10,11,9,
20,11,10,8,9,0,6,7,9,11,6,9,6,7,10,3,10,10,10,8,9,
22,8,6,5,5,0,3,4,6,8,3,6,3,4,7,0,7,7,7,5,5,
41,13,10,8,9,0,7,7,9,13,6,9,6,7,32,3,10,10,13,9,9,
42,10,10,8,9,0,7,7,9,11,6,9,6,7,10,3,10,33,10,9,9,
20,11,10,8,9,0,7,7,9,11,6,9,6,7,10,3,10,10,10,9,9,
20,11,10,8,9,0,7,7,10,11,6,9,6,8,10,3,10,10,10,9,9,
20,11,9,8,8,0,7,7,9,11,6,9,6,7,10,3,10,10,10,8,8,
20,11,9,8,9,0,7,7,9,11,6,9,6,7,10,3,10,10,10,8,8,
20,11,10,8,10,0,7,7,10,11,6,10,6,8,10,3,10,10,10,9,9,
21,11,10,8,9,0,7,7,10,11,6,10,6,8,10,3,10,10,10,9,9,
20,10,9,7,8,0,6,6,9,10,5,8,5,7,9,2,9,9,9,8,8,
20,10,9,7,8,0,6,7,9,10,5,9,5,7,9,2,9,9,10,8,8,
40,13,32,8,9,0,7,7,9,13,6,10,6,8,9,3,10,10,12,9,9,
20,10,9,7,8,0,6,6,9,10,5,8,5,7,9,2,9,10,10,8,8,
20,10,9,7,8,0,6,7,9,10,5,8,5,7,9,2,10,9,10,7,8,
20,10,9,7,8,0,6,6,9,10,5,9,5,7,9,2,10,9,10,8,8,
20,10,9,7,8,0,6,7,9,10,6,9,5,7,9,2,10,9,10,8,8,
20,10,9,7,8,0,6,7,9,11,5,9,5,7,9,2,10,9,10,8,8,
20,10,9,7,8,0,6,6,9,10,6,8,5,7,9,2,9,9,9,8,8,
39,10,9,8,9,0,6,7,9,11,6,9,5,7,10,23,10,10,10,8,8,
20,10,9,8,9,0,6,7,9,11,6,9,5,7,9,3,10,10,10,8,8,
20,10,9,8,8,0,6,7,9,11,6,9,5,7,9,3,10,10,10,8,8,
20,10,9,8,9,0,6,7,9,11,6,9,5,7,9,3,10,10,10,8,8,
43,10,12,10,34,0,6,7,9,11,8,12,5,7,9,3,10,13,10,11,11,
20,10,9,8,9,0,6,7,9,11,6,10,5,7,9,3,10,10,10,9,8,
22,12,11,9,10,0,8,9,11,12,8,11,7,9,11,5,12,12,12,10,10,
23,10,9,8,8,0,6,7,9,11,6,9,5,7,9,3,10,10,10,8,8,
20,10,9,7,8,0,6,7,9,11,6,8,6,7,10,3,10,9,10,8,8,
37,11,10,8,9,0,7,7,9,11,6,9,6,28,10,3,10,10,10,8,9,
19,9,9,7,8,0,6,6,8,10,5,8,6,6,9,3,9,9,9,8,8,
22,13,9,8,8,0,6,7,13,13,6,9,6,7,13,3,13,13,13,8,8,
20,11,10,8,9,0,7,7,9,11,6,9,6,7,10,3,10,10,10,8,9,
22,10,10,8,9,0,6,7,9,11,6,9,6,7,10,3,10,10,10,8,8,
22,13,10,8,10,0,7,7,12,13,6,10,6,7,12,3,12,11,12,9,9,
23,10,9,8,9,0,6,7,9,11,6,9,5,7,9,3,10,10,10,8,8,
45,11,10,8,9,0,7,7,10,33,6,9,6,7,10,3,10,10,10,9,9,
20,11,10,8,9,0,6,7,9,11,6,9,6,7,10,3,10,10,10,9,9,
20,11,10,8,9,0,7,7,10,11,6,10,6,7,10,3,10,10,10,9,9,
20,11,10,8,9,0,7,7,10,11,6,9,6,8,10,3,10,10,10,9,9,
20,10,9,8,9,0,6,7,9,11,5,9,5,7,9,3,10,10,10,8,8,
20,11,10,8,9,0,7,7,10,11,6,10,6,8,10,3,10,10,10,9,9,
20,10,9,7,8,0,6,6,9,10,5,9,5,7,9,5,10,9,9,8,8,
20,11,10,8,9,0,7,7,10,11,6,9,6,8,10,3,10,10,10,9,9,
20,10,9,7,8,0,6,6,9,10,5,8,5,7,9,2,10,9,10,8,8,
21,11,9,7,8,0,5,8,10,12,5,9,5,8,11,2,11,10,11,8,8,
20,10,9,7,9,0,6,7,9,10,5,9,5,7,9,2,10,10,10,8,8,
20,10,9,7,8,0,6,6,9,10,5,9,5,7,9,2,10,9,10,8,8,
21,10,9,7,8,0,6,6,9,10,5,9,5,7,9,2,9,9,9,8,8,
20,10,9,7,8,0,6,6,9,10,5,9,5,7,9,2,10,9,10,8,8,
20,10,9,7,8,0,6,6,9,10,5,9,5,7,9,2,10,9,10,8,8,
20,10,9,7,8,0,6,7,9,10,5,9,5,7,9,3,10,10,10,8,8,
20,10,9,7,8,0,6,6,9,10,6,9,5,7,9,2,10,9,10,8,8,
23,10,9,7,8,0,6,6,9,10,5,8,5,7,9,2,9,9,9,8,8,
21,9,11,9,9,0,9,9,11,10,9,9,5,9,11,3,12,12,9,9,10,
20,10,9,7,8,0,6,7,9,10,5,9,5,7,9,3,10,9,10,8,8,
20,10,10,8,9,0,6,7,9,11,6,9,5,7,10,3,10,10,10,8,8,
22,12,9,8,9,0,6,9,11,12,6,9,5,9,11,3,12,10,12,9,8,
20,10,9,7,9,0,6,7,9,11,5,9,5,7,9,3,10,10,10,8,8,
20,10,9,7,9,0,6,7,9,10,5,9,5,7,9,3,10,10,10,8,8,
20,10,9,8,9,0,6,7,9,11,6,9,5,7,9,3,10,10,10,8,8,
20,10,9,8,9,0,6,7,9,11,6,9,5,7,9,3,10,10,10,9,8,
20,10,9,7,8,0,6,7,9,11,5,8,5,7,9,3,10,9,10,8,8,
21,10,10,8,12,0,6,7,9,11,6,12,5,7,9,3,10,10,10,11,8,
20,10,9,8,9,0,6,7,9,11,6,9,5,7,9,3,10,10,10,8,8,
20,10,9,8,9,0,6,7,9,11,6,9,6,7,9,3,10,10,10,8,8,
20,8,7,5,6,0,4,5,7,9,3,6,4,5,7,1,8,7,8,6,6,
22,11,7,6,7,0,4,5,7,11,4,7,4,5,8,1,8,8,10,6,6,
42,33,10,8,9,0,6,7,9,11,6,9,6,7,10,3,10,10,10,8,8,
20,11,9,7,8,0,6,7,9,11,6,9,6,7,10,3,10,10,10,8,8,
20,10,9,8,9,0,6,7,10,11,6,9,6,8,10,3,10,10,10,8,8,
20,11,10,8,9,0,7,7,10,11,6,10,6,7,10,3,10,10,10,9,9,
20,10,10,8,9,0,6,7,9,11,6,10,6,7,10,3,10,10,10,9,9,
20,11,10,8,9,0,6,7,9,11,6,10,6,7,10,3,10,10,10,9,9,
20,11,10,8,9,0,7,7,10,11,6,9,6,8,10,3,10,10,10,9,9,
20,10,10,8,9,0,10,7,9,10,6,9,7,7,9,3,10,10,10,9,9,
20,11,10,8,9,0,7,7,10,11,6,9,6,7,10,3,10,10,10,9,9,
20,11,10,8,10,0,7,7,10,11,6,11,6,7,10,3,10,10,10,10,9,
129,11,119,118,8,0,7,7,10,11,6,8,6,7,10,3,10,120,10,7,118,
20,10,9,7,9,0,6,6,9,10,6,9,5,7,9,2,10,9,9,8,8,
19,11,10,9,10,0,7,7,10,11,7,10,6,8,10,3,10,11,10,10,9,
19,11,9,8,11,0,7,7,10,11,6,11,6,8,10,3,11,10,11,11,8,
19,11,10,9,10,0,7,7,10,11,7,10,6,8,10,3,10,11,10,10,9,
19,10,10,8,9,0,6,6,9,10,6,10,5,7,9,2,10,10,10,9,8,
20,7,7,5,6,0,3,3,6,7,3,6,2,4,6,0,7,7,7,6,5,
22,12,10,8,9,0,6,6,9,13,6,10,5,7,9,2,10,10,12,9,9,
22,10,9,8,9,0,6,6,9,10,6,9,5,7,9,2,10,10,10,9,8,
20,10,10,8,9,0,6,6,9,10,6,9,5,7,9,2,10,10,9,8,8,
20,10,10,8,9,0,6,7,9,10,6,9,5,7,9,2,10,10,10,8,9,
20,10,9,7,8,0,6,6,9,10,6,8,5,7,9,2,10,9,9,8,8,
20,10,10,8,9,0,6,7,9,11,6,9,5,7,9,2,10,10,10,8,9,
20,10,9,8,8,0,6,6,9,10,6,9,5,7,9,2,9,10,9,8,8,
20,10,10,8,9,0,6,7,9,11,6,9,5,7,9,3,10,10,10,8,9,
20,10,10,8,9,0,6,7,9,10,6,9,5,7,9,2,10,10,10,8,9,
20,10,10,8,9,0,6,7,9,11,6,9,5,7,9,3,10,10,10,9,9,
20,10,10,8,9,0,6,7,9,11,6,10,5,7,9,2,10,10,10,9,9,
20,10,10,8,9,0,6,7,9,11,6,9,5,7,9,2,10,10,10,9,9,
20,10,10,8,10,0,6,7,9,11,6,10,5,7,9,3,10,10,10,9,9,
23,10,13,11,12,0,6,7,9,11,9,12,5,7,9,3,10,13,10,12,12,
20,10,9,8,9,0,6,7,9,11,6,9,5,7,9,3,10,10,10,8,8,
20,10,9,8,8,0,6,7,9,11,6,9,6,7,9,3,10,10,10,8,8,
22,12,10,8,9,0,8,8,11,12,6,9,7,9,11,3,12,10,11,8,8,
20,10,10,8,9,0,6,7,9,11,7,9,6,7,10,3,10,10,10,9,9,
20,10,9,8,9,0,6,7,9,11,6,9,5,7,9,3,10,10,10,8,8,
20,10,10,8,9,0,6,7,9,11,6,9,6,7,9,3,10,10,10,9,9,
22,12,12,8,9,0,6,7,9,12,7,9,6,7,10,3,12,13,12,9,9,
19,9,9,8,8,0,7,6,8,10,6,9,7,6,8,3,9,10,9,8,8,
23,13,10,8,10,0,7,7,9,13,6,10,6,7,10,3,13,13,10,9,9,
20,10,10,8,9,0,7,7,9,11,6,10,6,7,10,3,10,10,10,9,9,
20,10,10,8,10,0,7,7,9,11,6,10,6,7,10,3,10,10,10,9,9,
21,10,11,9,10,0,6,6,11,10,7,11,5,7,11,2,12,11,9,10,10,
20,11,10,9,10,0,7,7,10,11,7,10,6,7,10,3,10,11,10,9,9,
23,10,10,8,9,0,6,7,9,11,6,9,6,7,10,3,10,10,10,9,9,
27,10,9,8,9,0,6,7,9,11,6,9,5,7,9,3,10,10,10,8,8,
20,11,10,9,9,0,7,7,10,11,7,10,6,8,10,3,10,11,10,9,9,
20,10,10,8,9,0,6,7,9,11,6,9,6,7,10,3,10,10,10,9,9,
20,11,10,8,9,0,7,7,10,11,7,10,6,8,10,3,10,10,10,9,9,
20,11,10,8,9,0,7,7,10,11,6,10,6,8,10,3,10,11,10,9,9,
18,10,10,8,9,0,7,6,9,10,6,10,6,6,9,3,9,10,9,9,9,
23,10,9,8,9,0,6,6,9,10,6,9,5,7,9,2,10,10,10,9,8,
20,11,10,8,10,0,7,7,10,11,6,10,6,8,10,3,10,11,10,9,9,
21,11,10,8,10,0,7,7,9,11,7,10,6,7,10,3,10,11,10,9,9,
20,10,11,10,11,0,6,7,9,11,8,11,5,7,9,3,10,12,10,10,10,
20,11,10,8,9,0,7,7,10,11,6,10,6,8,10,3,11,10,10,9,9,
19,11,10,8,9,0,7,7,10,11,6,9,6,8,10,3,10,10,10,8,9,
24,10,9,8,9,0,6,7,9,11,6,9,5,7,9,2,10,10,10,8,8,
20,10,10,8,9,0,6,6,9,10,6,9,5,7,9,2,10,10,10,8,8,
20,10,10,8,9,0,6,7,9,11,6,9,5,7,9,2,10,10,10,8,9,
20,10,10,8,9,0,6,7,9,11,6,9,5,7,9,2,10,10,10,8,9,
20,10,10,8,9,0,6,6,9,10,6,9,5,7,9,2,10,10,10,8,8,
23,10,9,8,8,0,6,6,9,10,6,9,5,7,9,2,10,10,10,8,8,
20,9,11,9,8,0,8,7,10,10,8,9,8,8,10,2,11,11,9,8,9,
20,10,9,8,9,0,6,7,9,11,6,9,5,7,9,2,10,10,10,8,8,
20,10,10,8,9,0,6,7,9,11,6,10,5,7,9,3,10,10,10,9,9,
21,11,9,8,9,0,6,8,10,12,6,9,5,8,10,2,11,10,11,8,8,
20,10,10,8,9,0,6,7,9,11,6,9,6,7,9,3,10,10,10,9,9,
20,10,10,8,9,0,6,7,9,11,6,10,5,7,9,2,10,10,10,9,9,
20,10,10,8,9,0,6,7,9,11,6,10,5,7,9,3,10,10,10,9,9,
20,10,10,8,9,0,6,7,9,11,6,10,6,7,10,3,10,10,10,9,9,
20,10,9,8,9,0,6,7,9,11,6,9,5,7,9,3,10,10,10,8,8,
21,10,9,8,11,0,6,7,9,11,6,11,5,7,9,3,10,10,10,11,8,
20,10,10,8,9,0,6,7,9,11,7,9,6,7,10,3,10,10,10,9,9,
20,10,10,8,9,0,6,7,9,11,6,10,6,7,10,3,10,10,10,9,9,
20,9,9,7,8,0,5,6,8,10,5,8,5,6,9,2,9,9,9,8,8,
22,12,10,8,9,0,6,7,9,13,6,10,6,7,9,3,9,10,12,9,9,
22,11,10,8,9,0,6,7,9,11,6,9,6,7,10,3,10,10,10,9,8,
20,10,10,8,9,0,6,7,9,11,7,9,6,7,10,3,10,11,10,9,9,
20,11,10,8,9,0,7,7,9,11,6,9,6,7,10,3,10,10,10,9,9,
20,11,10,8,9,0,6,7,9,11,7,9,6,7,10,3,10,11,10,9,9,
20,11,10,8,9,0,7,7,9,11,7,10,6,7,10,3,10,11,10,9,9,
20,11,10,9,9,0,7,7,10,11,7,10,6,7,10,3,10,11,10,9,9,
20,10,10,8,9,0,6,7,9,11,7,9,6,7,10,3,10,11,10,9,9,
21,11,10,8,12,0,7,7,10,11,6,12,6,7,10,3,10,10,10,11,9,
20,11,10,8,9,0,7,7,10,11,7,10,6,8,10,3,10,11,10,9,9,
20,11,10,9,10,0,7,7,10,11,6,10,6,7,10,3,10,11,10,9,9,
20,11,10,9,10,0,7,7,10,11,7,10,6,7,10,5,10,11,10,9,9,
20,11,10,8,9,0,7,7,9,11,6,10,6,7,10,3,10,10,10,9,9,
27,11,10,9,10,0,17,7,10,11,7,10,6,8,10,3,10,11,10,10,9,
21,12,10,9,10,0,7,8,11,12,7,10,6,9,11,3,11,11,11,9,9,
20,11,10,8,9,0,6,7,9,11,7,10,6,7,10,3,10,11,10,9,9,
19,11,10,8,9,0,6,7,9,11,6,9,6,7,10,3,10,10,10,8,9,
21,11,11,9,10,0,7,8,10,12,7,10,6,8,10,5,11,11,11,9,10,
19,11,10,8,9,0,6,7,9,11,7,10,6,7,10,3,10,11,10,9,9,
19,11,10,9,9,0,6,7,9,11,7,10,6,7,10,3,10,11,10,9,9,
19,11,10,8,9,0,7,7,9,11,7,10,6,7,10,3,10,11,10,9,9,
21,11,12,11,11,0,7,7,9,11,9,12,6,7,10,3,10,13,10,11,11,
20,11,11,9,10,0,7,7,10,11,7,10,6,8,10,3,11,11,11,9,9,
19,11,10,8,9,0,7,7,9,11,7,9,6,7,10,5,10,10,10,9,9,
22,13,10,9,10,0,7,7,9,14,7,10,6,8,10,3,10,11,13,10,9,
19,11,10,9,10,0,7,7,10,11,7,10,6,7,10,3,10,11,10,10,9,
20,11,9,8,8,0,6,7,10,11,6,9,5,8,10,3,11,10,10,8,8,
20,10,9,7,8,0,6,6,9,10,6,8,5,7,9,2,10,9,10,8,8,
20,10,10,8,9,0,6,6,9,10,6,9,5,7,9,2,10,10,10,9,8,
20,10,10,8,9,0,6,7,9,10,6,9,5,7,9,2,10,10,10,9,8,
20,10,10,8,9,0,6,7,9,11,6,9,5,7,9,3,10,10,10,9,9,
20,10,10,8,9,0,6,6,9,10,6,9,5,7,9,2,10,10,9,8,8,
20,10,9,7,9,0,6,7,9,11,6,10,5,7,9,2,10,9,10,9,8,
20,10,10,8,9,0,6,7,9,10,6,9,5,7,9,2,10,10,10,8,9,
21,12,10,8,9,0,6,7,9,12,6,9,5,7,9,3,10,10,11,8,9,
20,10,10,8,9,0,6,7,9,11,6,9,5,7,9,2,10,10,10,8,9,
20,10,10,8,9,0,6,7,9,11,6,10,5,7,9,3,10,10,10,9,9,
21,10,12,10,11,0,6,7,9,11,6,12,5,7,9,3,10,12,10,11,10,
20,10,10,8,9,0,6,7,9,11,6,9,5,7,9,3,10,10,10,8,9,
20,10,10,8,9,0,6,7,9,11,6,9,5,7,9,3,10,10,10,8,9,
20,10,9,8,9,0,6,7,9,11,6,9,5,7,9,3,10,10,10,8,8,
20,10,10,8,9,0,6,7,9,11,6,9,6,7,9,3,10,10,10,9,9,
20,10,9,8,9,0,6,7,9,11,6,9,5,7,9,2,10,10,10,8,8,
20,10,10,8,9,0,6,7,9,11,6,10,6,7,9,3,10,10,10,9,9,
20,10,10,8,9,0,6,7,9,11,6,10,5,7,9,3,10,10,10,9,9,
20,10,10,8,9,0,8,7,9,11,6,10,7,7,9,3,10,10,10,9,9,
20,10,10,8,9,0,6,7,9,11,6,10,6,7,10,3,10,11,10,9,9,
20,10,10,8,9,0,6,7,9,11,6,10,6,8,10,3,10,10,10,9,9,
20,11,10,8,9,0,7,7,9,11,6,10,6,7,10,3,10,11,10,9,9,
21,10,11,9,10,0,6,6,9,10,7,11,5,7,9,2,9,11,9,10,10,
20,10,10,8,9,0,6,7,9,11,7,9,6,7,10,3,10,10,10,9,9,
23,10,9,8,8,0,6,7,9,11,6,9,5,7,10,2,10,10,10,8,8,
27,10,10,8,9,0,6,7,9,10,6,9,5,7,9,2,10,10,10,8,9,
20,11,10,8,9,0,7,7,9,11,7,9,6,7,10,3,10,10,10,9,9,
20,10,10,8,9,0,6,7,9,11,7,9,6,7,9,3,10,10,10,9,9,
20,11,10,8,9,0,6,7,10,11,6,10,6,7,10,3,11,11,10,9,9,
20,10,10,8,10,0,6,7,9,11,6,10,6,7,10,3,10,11,10,9,9,
19,10,10,8,9,0,7,6,8,10,6,9,6,6,9,2,9,10,9,9,9,
20,11,10,9,10,0,6,7,9,11,6,10,6,7,10,3,10,11,10,9,9,
20,11,10,8,10,0,7,7,9,11,6,10,6,8,10,3,10,11,10,9,9,
20,11,10,9,10,0,7,7,9,11,7,10,6,7,10,3,10,11,10,9,9,
21,10,11,10,11,0,6,7,9,11,8,11,6,7,10,3,10,12,10,11,10,
20,11,10,9,10,0,7,7,10,11,7,10,6,7,10,3,10,11,10,9,9,
20,11,10,9,10,0,7,7,10,11,7,10,6,7,10,3,10,11,10,9,9,
22,13,10,8,9,0,8,9,11,13,6,9,8,9,12,3,12,10,12,8,9,
20,11,10,9,9,0,7,7,10,11,7,10,6,7,10,3,10,11,10,9,9,
20,11,10,8,9,0,7,7,10,11,7,9,6,7,10,3,10,10,10,9,9,
19,11,10,9,9,0,7,7,10,11,7,10,6,7,10,3,10,11,10,9,9,
19,11,10,9,9,0,7,7,10,11,7,10,6,7,10,3,10,11,10,9,9,
19,10,10,9,10,0,7,7,9,11,7,10,7,7,9,3,10,11,10,9,9,
22,11,10,9,10,0,7,7,10,14,7,10,6,8,10,3,11,11,10,9,9,
19,11,10,9,10,0,7,7,10,11,7,10,6,7,10,3,10,11,10,9,9,
20,10,10,8,9,0,6,6,9,10,6,9,5,7,9,2,10,10,10,8,8,
20,10,11,10,10,0,7,7,9,11,8,11,6,7,9,3,10,12,10,10,10,
20,10,9,8,9,0,6,6,9,10,6,9,5,7,9,2,10,10,9,9,8,
20,10,10,8,9,0,6,7,9,11,6,10,6,7,10,3,10,10,10,9,9,
23,10,9,7,8,0,6,6,9,10,5,9,5,7,9,2,10,9,9,8,8,
20,10,9,8,9,0,6,6,9,10,6,9,5,7,9,2,10,10,9,9,8,
19,10,9,8,9,0,6,6,9,10,6,9,5,7,9,2,10,10,9,9,8,
20,10,9,8,9,0,6,6,9,10,6,9,5,7,9,2,9,10,9,8,8,
20,10,9,8,9,0,6,6,9,10,6,9,5,7,9,2,10,10,9,9,8,
22,10,10,8,9,0,6,6,9,10,6,9,5,7,9,2,10,10,9,9,8,
20,10,10,8,8,0,7,7,10,10,7,9,7,7,10,2,10,10,10,8,9,
20,10,10,8,9,0,6,7,9,10,6,9,5,7,9,2,10,10,10,9,9,
20,10,10,8,9,0,6,7,9,11,6,9,5,7,9,2,10,10,10,9,9,
20,10,9,7,9,0,5,7,9,11,5,9,5,7,9,2,10,10,10,8,8,
20,10,10,8,9,0,6,7,9,11,6,9,5,7,9,3,10,10,10,8,9,
20,10,10,8,9,0,6,7,9,11,6,9,5,7,9,2,10,10,10,8,9,
20,10,9,8,8,0,6,7,9,11,6,9,5,7,9,3,10,10,10,8,8,
20,10,10,8,9,0,6,7,9,11,6,9,5,7,9,3,10,10,10,8,9,
20,10,9,7,8,0,6,7,9,11,5,8,5,7,9,3,10,9,10,8,8,
20,10,9,7,10,0,6,7,9,11,6,10,5,7,9,3,10,9,10,10,8,
20,10,9,7,8,0,6,7,9,11,6,8,6,7,10,3,10,10,10,8,8,
20,10,9,7,8,0,6,7,9,11,5,9,6,7,10,3,10,9,10,8,8,
22,10,9,8,9,0,6,7,9,13,6,9,6,7,10,3,10,10,10,8,8,
23,13,9,8,9,0,6,7,9,13,6,9,6,7,9,3,10,10,13,8,8,
20,10,9,8,9,0,6,7,9,11,6,9,6,7,10,3,10,10,10,8,8,
20,11,10,8,9,0,6,7,9,11,6,10,6,7,10,3,10,10,10,9,8,
20,11,10,8,9,0,7,7,10,11,6,9,6,7,10,3,10,10,10,9,8,
20,10,10,8,9,0,7,7,9,11,6,9,6,7,10,3,10,10,10,9,8,
20,11,9,8,9,0,7,7,10,11,6,9,6,7,10,3,10,10,10,8,8,
20,11,9,8,8,0,6,7,9,11,6,9,6,7,10,3,10,10,10,8,8,
20,10,9,8,8,0,6,7,9,11,6,9,6,7,10,3,10,10,10,8,8,
20,11,9,7,10,0,7,7,9,11,6,11,6,7,10,3,10,9,10,10,8,
22,11,10,8,9,0,7,7,10,11,6,9,6,8,10,3,10,10,10,8,9,
20,11,10,8,9,0,7,7,10,11,6,9,6,7,10,3,10,10,10,9,9,
20,8,7,5,6,0,4,4,7,8,3,6,3,5,7,0,7,7,7,6,6,
23,14,10,8,9,0,7,7,10,14,6,9,6,8,10,3,10,10,13,8,8,
20,11,10,8,9,0,7,7,10,11,6,10,6,7,10,3,10,10,10,9,9,
21,11,9,7,9,0,6,7,10,11,5,9,5,8,10,3,11,10,11,8,8,
21,11,10,8,9,0,7,7,10,11,6,9,6,8,10,3,10,10,10,9,9,
20,11,10,8,9,0,7,7,10,11,6,10,6,8,10,3,10,10,10,9,9,
20,10,9,7,8,0,6,6,9,10,6,8,5,7,9,2,10,9,10,8,8,
19,11,10,8,9,0,7,7,10,11,6,10,6,8,10,3,10,10,10,9,9,
20,11,10,8,9,0,7,7,10,11,6,9,6,8,10,3,11,10,10,9,9,
19,11,9,7,10,0,7,7,10,11,6,11,6,8,10,3,10,9,10,10,8,
20,10,9,7,8,0,6,6,9,10,5,8,5,7,9,2,10,9,10,8,8,
20,10,9,7,9,0,6,7,9,11,5,9,5,7,9,2,10,10,10,8,8,
20,10,9,7,8,0,6,7,9,10,5,9,5,7,9,2,10,9,10,8,8,
20,10,9,7,9,0,6,7,8,11,5,9,5,7,9,2,9,10,10,8,8,
20,10,9,7,9,0,6,7,9,11,5,9,5,7,9,2,10,10,10,8,8,
20,10,9,8,9,0,6,7,9,11,6,9,5,7,9,3,10,10,10,9,8,
20,10,9,7,8,0,6,7,9,11,6,8,5,7,9,3,10,9,10,8,8,
20,10,9,7,8,0,6,7,9,11,5,9,5,7,9,3,10,9,10,8,8,
20,10,9,8,8,0,6,7,9,11,6,9,5,7,9,3,10,10,10,8,8,
20,10,9,8,8,0,6,7,9,11,6,9,5,7,9,3,10,10,10,8,8,
20,10,9,7,8,0,6,7,9,11,6,9,5,7,9,3,10,10,10,8,8,
20,10,9,7,8,0,6,7,9,11,6,8,5,7,9,3,10,9,10,8,8,
20,10,9,8,8,0,9,7,9,11,6,9,8,7,10,3,10,10,10,8,8,
20,10,9,7,8,0,6,7,9,11,6,8,5,7,9,3,10,9,10,8,8,
20,10,9,8,8,0,6,7,9,11,6,9,5,7,9,3,10,10,10,8,8,
20,10,10,8,9,0,6,7,9,11,6,9,6,7,10,3,10,10,10,8,8,
20,10,11,9,10,0,6,6,9,10,7,11,5,7,9,2,9,11,9,10,10,
20,10,10,8,9,0,6,7,9,11,6,10,6,7,10,3,10,10,10,9,8,
23,10,9,8,8,0,6,7,9,11,6,9,5,7,9,3,10,10,10,8,8,
27,10,9,7,8,0,6,6,9,10,5,8,5,7,9,2,10,9,9,8,8,
20,11,10,8,9,0,7,7,10,11,6,9,6,8,10,3,10,10,10,9,9,
20,11,9,8,9,0,6,7,9,11,6,9,6,7,10,3,10,10,10,8,8,
20,11,10,8,8,0,7,7,10,11,6,9,6,7,10,3,10,10,10,8,9,
20,9,8,7,8,0,5,6,8,10,5,8,5,6,8,2,9,9,9,7,8,
19,10,9,8,9,0,7,6,9,10,5,9,6,6,9,3,9,10,9,8,8,
23,11,10,8,9,0,6,7,10,11,6,9,6,8,10,3,10,10,10,8,9,
20,11,9,8,9,0,7,7,10,11,6,9,6,8,10,3,10,10,10,8,8,
20,11,10,8,9,0,7,7,10,11,6,9,6,7,10,3,10,10,10,9,9,
21,11,11,9,10,0,7,7,9,11,8,11,6,7,10,3,10,12,10,10,10,
20,11,10,8,9,0,7,7,10,11,6,9,6,7,10,3,10,10,10,9,9,
20,11,10,8,9,0,7,7,10,11,6,9,6,8,10,3,10,10,10,9,9,
22,12,12,10,11,0,9,9,11,13,8,11,8,9,12,6,12,12,12,11,11,
22,10,9,8,9,0,6,7,9,11,5,9,5,7,9,3,10,10,10,8,8,
20,11,10,8,9,0,7,7,10,11,6,10,6,8,10,3,10,10,10,9,9,
23,11,10,8,9,0,7,7,10,11,6,11,6,8,10,3,10,10,10,9,9,
20,11,10,8,9,0,7,7,10,11,6,9,6,8,10,3,11,10,10,9,9,
19,9,9,7,8,0,6,5,8,9,5,8,5,6,8,2,9,9,9,8,8,
22,13,10,8,9,0,7,7,13,13,6,10,6,8,13,3,14,13,13,9,9,
20,10,10,8,10,0,6,7,9,10,7,10,5,7,9,2,10,11,10,9,9,
20,10,9,7,8,0,6,6,9,10,5,8,5,7,9,2,10,9,9,8,8,
22,12,10,8,9,0,6,6,11,13,6,10,5,7,11,2,12,10,12,9,9,
22,10,9,7,9,0,6,7,9,11,5,9,5,7,9,3,10,10,10,8,8,
20,10,9,8,8,0,6,7,9,11,6,9,6,7,10,3,10,10,10,8,8,
22,10,9,7,8,0,6,6,9,10,5,8,5,7,9,2,10,9,10,7,8,
20,10,9,7,8,0,6,7,9,10,6,8,5,7,9,2,10,10,10,8,8,
20,10,9,8,8,0,6,7,9,11,6,9,5,7,9,3,10,10,10,8,9,
20,10,9,7,8,0,6,6,9,11,6,8,5,7,9,2,10,10,10,8,8,
20,10,9,7,8,0,6,7,9,11,6,9,5,7,9,3,10,10,10,8,8,
22,10,9,7,8,0,6,7,9,11,6,8,5,7,9,2,10,9,10,8,8,
20,10,9,8,8,0,6,6,10,11,6,8,6,7,10,2,10,10,10,7,8,
20,10,9,8,9,0,6,7,9,11,6,9,5,7,9,3,10,10,10,8,8,
21,11,9,8,9,0,6,7,9,11,6,9,5,7,9,3,9,10,10,8,8,
20,10,9,7,8,0,5,7,9,11,5,9,4,7,9,2,10,9,10,8,8,
20,10,9,7,8,0,6,7,9,11,5,9,5,7,9,3,10,9,10,8,8,
20,10,9,8,8,0,6,7,9,11,6,9,5,7,9,3,10,10,10,8,8,
20,10,9,8,8,0,6,7,9,11,6,9,5,7,10,3,10,10,10,8,9,
20,10,9,7,8,0,6,7,9,11,6,9,5,7,9,3,10,10,10,8,8,
20,10,9,7,8,0,6,7,9,11,6,9,6,7,10,3,10,10,10,8,8,
20,10,9,7,10,0,6,7,9,11,6,10,5,7,9,3,10,9,10,9,8,
20,10,9,8,8,0,6,7,9,11,6,9,5,7,9,3,10,10,10,8,9,
20,10,10,8,9,0,6,7,9,11,6,9,6,7,10,3,10,10,10,8,9,
20,10,9,7,8,0,6,7,9,11,5,9,6,7,10,3,10,9,10,8,8,
23,14,10,8,9,0,7,7,9,14,6,9,6,7,10,3,10,10,13,9,9,
20,10,10,8,9,0,6,7,9,11,6,9,6,7,10,3,10,10,10,8,9,
31,21,21,7,21,0,5,7,21,21,5,21,5,7,21,3,21,22,21,21,21,
20,10,9,7,9,0,6,7,9,11,5,9,6,7,10,3,10,9,10,8,8,
20,11,10,8,9,0,7,7,9,11,6,9,6,7,10,3,10,10,10,9,8,
20,11,9,8,9,0,6,7,9,11,6,9,6,7,10,3,10,10,10,8,8,
20,11,9,8,9,0,6,7,10,11,6,9,6,7,10,3,10,10,10,8,8,
20,11,10,8,9,0,7,7,9,11,6,9,6,7,10,3,10,10,10,8,8,
20,11,10,8,9,0,6,7,10,11,6,9,6,7,10,3,10,10,10,8,8,
23,10,9,7,8,0,6,7,9,11,6,8,6,7,10,3,10,9,10,8,8,
21,10,12,10,9,0,9,9,11,10,6,9,6,9,12,3,12,12,9,9,11,
21,11,10,8,9,0,7,7,10,11,6,9,6,8,10,3,10,10,10,8,8,
20,11,9,8,9,0,7,7,10,11,6,9,6,7,10,3,10,10,10,8,8,
23,13,10,8,9,0,7,10,12,14,6,9,6,10,12,3,13,10,13,9,9,
20,11,10,8,9,0,7,7,10,11,6,10,6,7,10,3,10,10,10,9,9,
20,11,10,8,9,0,7,7,10,11,6,10,6,7,10,3,10,10,10,9,9,
20,11,10,8,9,0,7,7,10,11,6,9,6,8,10,3,10,10,10,8,8,
20,11,10,8,9,0,7,7,10,11,6,9,6,8,10,3,10,10,10,9,9,
21,10,9,7,8,0,6,6,9,10,5,8,5,7,9,2,10,9,9,7,8,
21,11,10,8,12,0,7,7,10,11,6,12,6,8,10,3,10,10,10,9,9,
21,11,10,8,9,0,7,7,10,11,6,9,6,8,10,3,10,10,10,8,9,
19,11,10,8,9,0,7,7,10,11,6,9,6,8,10,3,10,10,10,8,8,
21,8,7,5,6,0,4,5,7,8,3,6,3,5,7,0,8,7,8,6,6,
22,12,9,7,9,0,6,6,8,12,6,9,5,7,9,2,9,9,11,8,8,
21,10,9,7,8,0,6,6,9,10,5,8,5,7,9,2,10,9,9,8,8,
20,10,9,7,9,0,6,7,9,10,5,9,5,7,9,2,10,9,10,8,8,
20,10,9,7,8,0,6,6,9,10,5,8,5,7,9,2,9,9,9,8,8,
20,10,9,7,9,0,6,7,9,11,5,9,5,7,9,2,10,9,10,8,8,
20,10,9,7,8,0,6,7,9,11,6,9,5,7,9,2,10,10,10,8,8,
20,10,9,7,9,0,6,7,9,11,5,9,5,7,9,3,10,10,10,8,8,
20,10,9,7,8,0,6,7,9,11,5,9,5,7,9,2,10,9,10,8,8,
20,10,9,7,8,0,6,7,9,10,5,8,5,7,9,2,10,9,10,8,7,
20,10,9,7,9,0,9,7,9,11,5,9,5,7,9,3,10,10,10,8,8,
20,10,9,7,9,0,6,7,9,11,5,9,5,7,9,3,10,10,10,8,8,
20,10,9,8,9,0,6,7,9,11,5,9,5,7,9,3,10,10,10,8,8,
20,10,9,8,9,0,6,7,9,11,6,9,5,7,9,4,10,10,10,8,8,
22,10,12,10,12,0,6,7,9,11,8,12,5,7,9,3,10,13,10,11,11,
20,10,9,8,9,0,6,7,9,11,6,9,5,7,9,3,10,10,10,8,8,
20,10,9,8,9,0,6,7,9,11,6,9,5,7,9,3,10,10,10,8,8,
21,12,11,9,10,0,8,8,11,12,7,11,7,9,11,5,11,11,11,10,10,
23,10,9,8,8,0,6,7,9,11,6,9,5,7,9,3,10,10,10,8,8,
20,10,9,7,8,0,6,7,9,11,6,8,5,7,9,3,10,10,10,8,8,
20,10,9,8,9,0,6,7,9,11,6,9,5,7,9,3,10,10,10,8,8,
21,11,9,8,8,0,7,7,10,11,6,9,6,8,10,3,10,10,10,8,8,
20,10,9,7,8,0,6,6,9,10,5,8,6,7,9,3,10,9,10,8,8,
22,13,9,7,8,0,6,7,9,13,6,8,6,7,13,3,13,9,13,8,8,
20,10,9,7,8,0,7,7,9,11,6,9,6,7,10,3,10,10,10,8,8,
20,11,9,7,9,0,7,7,9,11,5,9,6,7,10,3,10,10,10,8,8,
20,10,11,9,10,0,6,7,9,11,7,11,6,7,9,3,10,11,10,10,10,
20,11,9,7,8,0,7,7,9,11,6,9,6,7,10,3,10,10,10,8,8,
20,11,9,7,9,0,7,7,9,11,5,9,6,7,10,3,10,10,10,8,8,
22,12,9,8,9,0,8,9,11,13,5,9,8,9,11,6,12,10,12,8,8,
20,11,9,8,9,0,7,7,10,11,6,9,6,8,10,3,10,10,10,8,8,
20,11,9,7,8,0,7,7,10,11,5,9,6,7,10,3,10,9,10,8,8,
20,11,9,8,9,0,7,7,9,11,5,9,6,8,10,3,10,10,10,8,8,
20,11,9,8,9,0,7,7,10,11,6,9,6,8,10,3,10,10,10,8,8,
20,11,9,8,8,0,9,7,10,11,6,9,9,8,10,3,10,10,10,8,8,
20,11,9,8,9,0,7,7,10,11,6,9,6,8,10,3,10,10,10,8,8,
20,11,9,8,9,0,7,7,10,11,6,9,6,8,10,3,10,10,10,8,8,
20,11,9,8,9,0,7,7,10,11,6,9,6,8,10,3,10,10,10,8,8,
24,13,13,11,14,0,9,9,11,13,7,14,8,9,12,5,12,13,12,12,12,
20,11,9,8,9,0,7,7,10,11,6,9,6,8,10,3,10,10,10,8,8,
20,11,9,8,9,0,7,7,10,11,6,9,6,8,10,3,10,10,10,9,8,
21,11,9,8,9,0,7,7,10,11,6,9,6,8,10,3,10,10,10,9,8,
20,11,9,8,9,0,7,7,10,11,6,9,6,8,10,3,10,10,10,8,8,
21,10,8,7,8,0,6,6,9,10,5,8,5,7,9,3,10,9,10,7,8,
21,10,10,8,9,0,6,6,9,10,7,10,5,7,9,2,10,10,10,9,9,
21,10,9,7,8,0,6,7,9,10,5,8,5,7,9,2,9,9,10,8,8,
21,10,9,7,8,0,8,7,9,11,5,8,7,7,9,2,10,9,10,7,7,
21,10,8,7,8,0,6,7,9,10,5,8,5,7,9,2,10,9,10,7,7,
21,10,8,7,8,0,6,6,9,10,5,8,5,7,9,3,10,9,10,7,7,
21,10,8,7,8,0,6,6,9,10,5,8,5,7,9,2,9,9,9,8,7,
20,9,10,9,10,0,6,6,8,10,7,10,5,6,8,2,9,11,9,9,9,
20,10,9,7,8,0,6,7,9,11,5,8,5,7,9,3,10,9,10,8,8,
21,10,9,7,8,0,6,7,9,11,5,8,5,7,9,3,10,9,10,8,8,
22,11,9,8,9,0,7,7,10,11,6,9,6,8,10,3,10,10,10,9,8,
20,10,9,7,8,0,6,7,9,11,5,8,5,7,9,3,10,9,10,7,8,
20,10,9,7,8,0,6,7,9,11,5,8,5,7,9,3,10,9,10,7,8,
20,10,9,7,8,0,6,6,9,10,5,8,5,7,9,3,10,9,10,7,7,
20,10,9,7,8,0,6,7,9,11,5,8,5,7,9,3,10,9,10,7,8,
22,10,9,7,8,0,6,7,9,11,5,8,6,7,9,3,10,9,10,8,8,
20,10,9,7,7,0,6,7,9,11,6,8,6,7,9,3,10,9,10,7,8,
20,10,9,7,8,0,6,7,9,11,5,8,5,7,9,3,10,9,10,7,8,
20,10,9,7,8,0,6,7,9,11,5,8,5,7,9,3,10,9,10,8,8,
20,11,8,7,8,0,5,7,9,11,5,8,4,7,10,2,10,9,10,7,7,
20,10,9,7,8,0,6,7,9,11,5,8,5,7,9,3,10,9,10,8,8,
20,10,9,7,9,0,6,7,9,11,5,9,5,7,9,3,10,9,10,8,8,
20,10,9,7,9,0,6,7,9,11,5,9,6,7,9,3,10,9,10,8,8,
20,10,9,7,8,0,6,7,9,11,5,9,5,7,9,3,10,9,10,8,8,
20,10,9,7,8,0,7,7,9,11,5,9,6,7,10,3,10,10,10,8,8,
20,10,8,7,10,0,7,7,9,11,5,10,6,7,10,3,10,9,10,10,7,
20,10,9,7,8,0,6,7,9,11,5,9,5,7,10,3,11,9,10,8,8,
20,10,9,7,8,0,6,7,9,11,6,9,6,7,10,3,10,10,10,8,8,
20,9,8,6,7,0,5,6,8,10,5,8,5,6,8,3,9,9,9,7,7,
23,14,8,7,8,0,6,7,9,13,5,8,5,7,9,2,10,9,14,8,8,
23,10,9,7,8,0,6,7,9,11,5,9,5,7,9,3,10,9,10,8,8,
20,10,9,7,9,0,6,7,9,11,5,9,5,7,9,3,10,9,10,8,8,
20,11,9,7,9,0,7,7,9,11,5,9,6,7,10,3,10,9,10,8,8,
20,11,9,8,9,0,7,7,10,11,6,9,6,8,11,3,11,10,10,8,8,
20,10,9,7,9,0,6,7,9,11,5,9,6,7,10,3,10,9,10,8,8,
20,10,9,7,8,0,7,7,9,11,6,9,6,7,10,3,10,9,10,8,8,
20,11,9,7,9,0,6,7,9,11,6,9,6,7,10,3,10,9,10,8,8,
21,10,9,7,12,0,7,7,9,11,6,12,6,7,10,3,10,9,10,11,8,
21,11,9,8,9,0,6,7,10,11,6,9,6,8,10,3,10,10,10,8,8,
21,10,9,7,8,0,6,6,9,10,5,8,5,7,9,3,10,9,9,7,8,
20,11,9,8,8,0,7,7,9,11,6,8,6,8,10,6,10,10,10,8,8,
20,11,9,7,8,0,7,7,9,11,5,9,6,7,10,3,10,9,10,8,8,
20,11,9,8,9,0,7,7,10,11,5,9,6,8,10,3,10,10,10,8,8,
22,12,9,7,8,0,6,9,11,13,5,9,6,9,11,3,12,10,12,8,8,
20,11,10,8,9,0,7,7,10,11,6,9,6,8,10,3,10,10,10,9,9,
20,11,9,8,9,0,6,7,9,11,6,9,6,7,10,3,10,10,10,8,8,
20,11,9,8,9,0,7,7,10,11,6,9,6,8,10,3,10,10,10,9,8,
21,11,9,8,9,0,7,7,10,11,6,9,6,8,10,3,10,10,10,8,8,
20,11,9,8,9,0,7,7,10,11,6,9,6,8,10,3,10,10,10,8,8,
21,11,9,8,11,0,7,7,10,11,6,12,6,8,10,3,10,10,10,11,8,
21,10,9,7,8,0,6,6,9,10,5,8,5,7,9,2,10,9,10,7,7,
21,10,9,7,8,0,6,6,9,10,5,8,5,7,9,3,10,9,10,7,7,
21,9,8,6,6,0,5,5,8,9,4,7,4,6,9,1,8,8,8,6,7,
23,12,9,7,8,0,6,6,8,13,5,8,5,7,9,2,9,9,11,7,7,
21,10,8,7,8,0,6,6,9,11,5,8,5,7,9,3,9,9,10,7,7,
21,10,8,7,8,0,6,6,9,10,5,8,5,7,9,2,9,9,9,8,7,
19,11,9,8,9,0,7,7,10,11,6,9,6,8,10,3,10,10,10,8,8,
19,10,9,7,8,0,6,6,9,10,5,9,5,7,9,2,9,9,9,8,8,
19,10,9,7,8,0,6,7,9,10,5,9,5,7,9,3,9,9,9,8,8,
20,10,9,7,8,0,6,7,9,10,5,8,5,7,9,3,10,9,10,8,8,
20,10,9,7,8,0,6,7,9,11,5,8,5,7,9,2,10,9,10,8,8,
20,10,9,7,8,0,6,6,9,10,5,8,5,7,9,3,10,9,10,7,8,
20,10,9,7,8,0,9,7,9,10,5,8,5,7,9,3,10,9,10,7,8,
20,10,9,7,8,0,6,7,9,11,5,9,5,7,9,3,10,9,10,8,8,
20,10,9,7,8,0,6,7,9,11,5,8,5,7,9,3,10,9,10,8,8,
20,10,9,7,8,0,6,7,9,10,5,9,5,7,9,3,10,9,10,8,8,
21,10,12,10,11,0,6,7,9,11,8,12,5,7,9,3,10,12,10,11,11,
20,10,9,7,9,0,6,7,9,11,5,9,5,7,9,3,10,9,10,8,8,
20,10,9,7,8,0,6,7,9,11,5,8,5,7,9,3,10,9,10,8,8,
22,12,9,7,8,0,8,8,11,12,5,9,7,9,11,5,12,9,12,8,8,
20,10,9,7,8,0,6,7,9,11,5,8,5,7,9,3,10,9,10,8,8,
20,10,9,7,8,0,6,7,9,11,5,8,6,7,9,3,10,9,10,8,8,
20,10,9,7,8,0,6,7,9,11,5,9,6,7,9,3,10,9,10,8,8,
20,10,9,7,8,0,6,7,9,11,6,8,6,7,10,3,10,9,10,8,8,
20,10,9,7,8,0,9,7,9,11,6,8,6,7,10,3,10,9,10,8,8,
20,10,9,7,8,0,6,7,9,11,5,9,5,7,10,3,10,9,10,8,8,
20,9,8,6,7,0,5,6,8,10,5,7,5,6,9,2,9,9,9,7,7,
20,11,9,7,8,0,6,7,9,11,6,8,6,7,10,3,10,10,10,8,8,
21,11,11,10,9,0,7,7,9,11,5,9,6,7,10,3,10,12,10,8,10,
20,11,9,8,9,0,6,7,9,11,5,9,6,8,10,3,10,10,10,8,8,
20,10,9,7,8,0,6,7,9,11,6,9,6,7,10,3,10,9,10,8,8,
20,11,9,8,9,0,7,7,10,11,6,9,6,8,10,3,10,10,10,9,8,
20,11,9,8,9,0,9,7,10,11,6,9,8,8,10,3,10,10,10,9,8,
20,11,9,8,9,0,7,7,10,11,6,9,6,8,10,3,10,10,10,8,8,
22,11,9,8,11,0,7,7,10,11,6,11,6,8,10,3,10,10,10,10,8,
20,11,9,8,9,0,7,7,10,11,6,9,6,8,10,3,10,10,10,9,8,
25,9,9,7,8,0,7,6,8,10,6,9,6,6,9,2,9,9,9,8,8,
23,11,10,8,9,0,7,7,10,14,7,9,6,8,10,4,14,10,10,8,8,
20,10,9,7,8,0,6,6,9,10,5,8,5,6,9,2,9,9,9,8,7,
20,11,9,8,9,0,7,7,10,11,6,9,6,8,10,3,11,10,10,9,8,
23,13,11,10,11,0,7,7,10,14,8,11,6,8,10,4,10,12,13,11,10,
20,11,9,8,9,0,7,7,10,11,6,9,6,8,10,3,10,10,10,8,8,
21,10,9,8,9,0,6,6,9,10,6,9,5,7,9,2,10,10,10,8,8,
22,10,10,8,10,0,6,7,9,11,6,10,6,7,10,3,10,11,10,9,9,
19,11,10,8,9,0,7,7,10,11,6,10,6,8,10,3,11,10,10,9,9,
19,11,10,8,9,0,7,7,10,11,6,9,6,8,10,3,10,10,10,9,9,
20,10,9,8,9,0,6,6,9,10,6,9,5,7,9,2,10,10,10,8,8,
19,11,10,8,9,0,7,7,10,11,6,10,6,8,10,3,10,11,10,9,9,
20,11,10,8,9,0,7,7,10,11,6,9,6,8,10,3,10,10,10,8,9,
20,10,9,7,9,0,6,7,9,11,5,9,5,7,9,5,10,9,10,8,8,
124,115,9,8,9,0,6,111,8,115,5,9,5,7,8,2,9,10,114,8,8,
20,10,9,7,8,0,6,6,9,10,5,9,5,7,9,3,10,10,10,8,8,
20,10,9,8,9,0,6,7,9,10,6,9,5,7,9,3,10,10,10,9,8,
21,10,9,8,11,0,6,7,9,10,6,11,5,7,9,3,10,10,10,11,8,
20,10,9,7,9,0,6,7,9,10,5,9,5,7,9,2,10,10,9,8,8,
20,11,9,8,9,0,6,7,9,11,6,9,5,7,9,3,10,10,10,8,8,
20,10,9,8,8,0,6,7,9,11,6,9,5,7,9,5,10,10,10,8,8,
23,14,10,8,9,0,7,7,10,14,6,9,6,8,10,3,10,10,10,9,9,
20,10,10,8,9,0,6,7,9,11,6,9,6,7,10,3,10,10,10,9,9,
21,12,9,8,9,0,6,8,11,12,6,9,5,8,11,3,11,10,11,8,8,
20,10,10,8,9,0,6,7,9,11,6,9,6,7,10,3,10,10,10,9,8,
20,10,9,8,9,0,6,7,9,11,6,9,5,7,9,3,10,10,10,8,8,
21,10,9,8,9,0,6,7,9,11,6,9,6,7,10,3,10,10,10,8,8,
21,11,10,8,9,0,6,8,10,11,6,9,5,8,10,3,11,10,11,9,9,
20,10,9,8,9,0,7,7,9,11,6,9,6,7,10,3,10,10,10,9,8,
20,10,10,8,9,0,6,7,9,11,6,9,6,7,10,3,10,10,10,9,9,
20,10,9,8,9,0,7,7,9,11,6,9,6,7,10,3,10,10,10,9,8,
21,10,10,8,9,0,7,7,9,11,6,10,6,7,10,3,10,10,10,9,8,
20,11,10,8,9,0,7,7,9,11,6,9,6,7,10,6,10,10,10,8,8,
23,13,10,8,9,0,7,7,10,14,6,9,6,7,10,3,10,10,10,8,9,
20,11,10,8,9,0,7,7,9,11,6,9,6,7,10,3,10,10,10,9,9,
21,12,9,8,9,0,6,7,10,12,6,9,5,8,10,3,11,10,11,8,8,
20,11,10,8,9,0,7,7,10,11,6,9,6,7,10,3,10,10,10,8,9,
23,11,10,8,11,0,7,7,10,11,6,12,6,7,10,3,10,10,10,11,9,
20,11,10,8,9,0,7,7,10,11,6,10,6,7,10,3,10,10,10,9,9,
20,11,10,8,9,0,7,7,10,11,6,10,6,8,10,4,10,10,10,9,9,
20,11,10,8,9,0,7,7,10,11,6,10,6,8,10,3,10,10,10,9,9,
21,10,8,6,9,0,6,6,9,10,5,10,5,7,9,2,10,8,10,9,7,
19,10,9,7,8,0,6,6,9,10,5,9,5,7,9,2,10,9,9,8,8,
20,10,10,8,9,0,6,6,9,10,6,10,5,7,9,2,10,10,10,9,9,
20,10,9,7,8,0,6,6,9,10,5,9,5,7,9,2,10,9,9,8,8,
20,10,9,7,8,0,6,7,8,10,5,9,5,7,9,2,9,9,10,8,8,
122,10,12,10,9,0,6,7,9,10,5,113,5,7,9,2,10,12,10,112,11,
21,11,10,8,9,0,6,8,10,12,6,9,6,8,10,3,11,10,11,8,8,
20,10,10,8,9,0,6,7,9,11,6,9,5,7,9,2,10,10,10,9,8,
21,11,9,7,8,0,9,6,9,12,5,8,5,7,9,2,9,9,11,8,8,
20,10,10,8,9,0,6,7,9,11,6,9,5,7,9,2,10,10,10,9,9,
20,10,10,8,9,0,6,7,9,10,6,9,5,7,9,2,10,10,10,8,9,
20,10,10,8,9,0,6,7,9,11,6,9,5,7,9,2,10,10,10,9,9,
22,10,12,10,11,0,6,7,9,11,6,12,5,7,9,3,10,12,10,11,11,
20,10,10,8,9,0,6,7,9,11,6,10,5,7,9,3,10,10,10,9,9,
20,10,9,8,8,0,6,7,9,11,5,9,5,7,9,3,10,10,10,8,8,
20,10,10,8,9,0,6,7,9,11,6,9,6,7,10,3,10,10,10,9,9,
21,10,10,8,9,0,6,7,9,11,6,9,6,7,9,3,10,10,10,9,9,
20,10,10,8,9,0,6,7,9,11,6,9,6,7,9,3,10,10,10,9,9,
20,10,10,8,9,0,6,7,9,11,6,9,6,7,9,3,10,10,10,9,9,
20,10,9,7,10,0,6,7,9,11,6,11,6,7,9,3,10,9,10,10,8,
29,10,10,8,9,0,20,7,9,11,6,9,6,7,9,3,10,10,10,9,9,
21,10,10,8,9,0,7,7,9,11,6,9,6,7,10,3,10,10,10,9,9,
20,10,10,8,9,0,6,7,9,11,6,9,6,7,9,3,10,10,10,9,9,
20,11,10,8,9,0,6,7,9,11,6,9,6,7,9,3,9,10,10,9,9,
20,10,9,8,8,0,6,7,9,11,6,9,5,7,9,3,10,10,10,8,8,
20,10,10,8,9,0,6,7,9,11,6,9,6,7,10,3,10,10,10,9,9,
20,10,10,8,9,0,6,7,9,11,6,10,6,7,10,3,10,10,10,9,9,
20,10,10,8,9,0,6,7,9,11,6,10,6,7,10,3,10,10,10,9,9,
123,10,10,8,9,0,6,7,9,114,6,9,6,7,10,3,10,10,113,9,9,
21,10,10,8,9,0,6,7,9,11,6,9,6,7,10,3,10,10,10,9,9,
19,10,10,8,9,0,7,7,10,11,6,10,6,7,10,3,10,10,10,9,9,
20,10,11,9,11,0,7,7,9,11,7,11,6,7,10,3,10,12,10,10,10,
19,10,10,9,10,0,7,7,9,11,6,10,6,7,10,3,10,11,10,9,9,
20,10,10,8,9,0,7,7,9,11,6,9,6,7,10,3,10,10,10,8,9,
23,10,9,8,9,0,6,7,9,11,6,9,6,7,9,3,10,10,10,8,8,
19,10,10,8,9,0,7,7,10,11,6,10,6,8,10,3,10,10,10,9,9,
20,11,10,9,10,0,7,7,10,11,7,10,6,8,10,3,10,11,10,9,9,
19,11,10,9,10,0,7,7,9,11,7,10,6,7,10,3,10,11,10,9,9,
19,11,10,9,10,0,7,7,10,11,7,10,6,8,10,3,10,11,10,9,9,
22,10,10,8,10,0,7,7,9,11,6,10,6,7,10,3,10,11,10,9,9,
21,10,12,10,10,0,6,6,11,10,6,10,5,10,11,2,12,12,10,10,11,
123,10,9,8,9,0,6,6,112,10,6,9,5,7,9,2,113,10,10,9,8,
20,10,10,8,8,0,6,7,9,10,6,9,5,7,9,2,10,10,10,8,8,
20,10,9,8,9,0,6,6,9,10,6,9,5,7,9,2,9,10,10,8,8,
20,10,9,8,9,0,6,7,9,10,6,9,5,7,9,2,9,10,10,8,8,
20,10,10,8,9,0,6,7,9,10,6,9,5,7,9,2,10,10,10,8,9,
19,9,9,8,8,0,6,6,8,9,6,9,5,6,8,2,9,10,9,8,8,
22,12,13,8,12,0,6,7,12,12,6,12,5,7,12,3,12,13,12,12,9,
20,10,10,8,9,0,6,7,9,10,6,9,5,7,9,2,10,10,10,9,9,
20,10,9,8,9,0,6,7,9,10,6,9,5,7,9,3,10,10,10,8,8,
22,12,10,8,10,0,6,7,11,13,6,10,6,10,12,2,12,10,12,9,9,
22,10,10,8,9,0,6,7,9,11,6,10,6,7,9,3,10,10,10,9,9,
19,11,10,8,9,0,7,7,10,11,6,10,6,8,10,3,10,11,10,9,9,
23,10,10,8,9,0,6,7,9,11,6,9,6,7,9,3,10,10,10,9,9,
20,10,10,8,9,0,6,7,9,11,6,10,5,7,9,3,10,10,10,9,9,
20,10,10,8,10,0,6,7,9,11,6,10,6,7,9,3,10,10,10,9,9,
121,10,10,8,9,0,6,7,9,11,6,9,112,7,9,3,10,10,10,8,8,
20,11,11,9,10,0,7,7,10,11,7,10,6,8,10,3,11,11,11,9,9,
20,11,10,8,9,0,6,7,10,11,6,9,5,7,10,3,10,10,10,9,9,
20,10,10,9,9,0,6,7,9,11,6,10,6,7,10,3,10,11,10,9,9,
19,10,10,8,10,0,6,7,9,11,6,10,6,7,10,3,10,11,10,9,9,
19,10,10,9,10,0,6,7,9,11,6,10,6,8,10,3,10,11,10,9,9,
19,10,10,9,10,0,6,7,9,11,6,10,6,7,10,3,10,11,10,9,9,
19,10,10,8,9,0,7,7,9,11,6,9,6,8,10,3,10,10,10,9,9,
20,10,9,7,11,0,7,7,9,11,6,11,6,7,9,3,10,10,10,11,8,
19,10,10,8,9,0,7,7,9,11,6,10,6,7,10,3,10,10,10,9,9,
19,11,10,9,9,0,7,7,10,11,7,10,6,7,10,3,10,11,10,9,9,
19,10,9,8,8,0,6,6,9,10,6,9,5,6,9,2,9,10,9,8,8,
22,13,10,9,10,0,7,7,10,14,7,10,6,8,10,3,10,11,13,9,9,
22,11,10,9,10,0,7,7,10,11,7,10,6,8,10,3,10,11,10,9,9,
19,11,10,8,9,0,7,7,10,11,6,10,6,8,10,3,11,10,11,9,9,
19,10,9,8,9,0,6,6,9,10,6,9,5,7,9,2,10,10,10,9,8,
20,9,10,8,10,0,6,6,8,10,6,10,5,6,9,2,9,11,9,9,9,
19,10,9,8,9,0,6,6,9,10,6,9,5,7,9,2,9,10,9,8,8,
19,10,9,8,9,0,6,6,9,10,6,9,5,7,9,2,9,10,10,8,8,
19,10,9,7,9,0,6,6,9,10,5,9,5,7,9,2,10,9,10,8,8,
21,10,10,8,12,0,6,6,9,10,6,12,5,7,9,2,10,10,10,11,8,
19,10,10,8,9,0,6,7,9,10,6,9,5,7,9,2,10,10,10,8,8,
21,10,10,8,9,0,6,7,9,11,6,9,6,7,9,3,10,10,10,9,8,
20,10,10,8,8,0,7,7,10,10,7,9,7,7,10,2,11,10,10,8,9,
20,10,9,8,9,0,6,6,9,10,6,9,5,7,9,2,10,10,10,8,8,
20,10,10,8,9,0,6,7,9,10,6,9,5,7,9,2,10,10,10,9,9,
20,10,9,8,9,0,5,7,9,11,6,9,5,7,10,3,10,10,10,8,8,
22,10,9,8,9,0,6,7,9,13,6,9,5,7,9,3,10,10,10,9,8,
20,10,10,8,9,0,6,7,9,11,6,9,5,7,9,2,10,10,10,9,9,
20,10,10,8,9,0,6,7,9,11,6,9,5,7,9,2,10,10,10,9,9,
20,10,10,8,9,0,6,7,9,11,6,9,5,7,9,2,10,10,10,9,9,
20,10,10,8,10,0,6,7,9,11,6,10,5,7,9,2,10,10,10,9,9,
20,10,9,7,11,0,6,7,9,11,6,11,5,7,9,2,10,9,10,10,8,
20,10,9,8,9,0,6,7,9,11,6,9,5,7,9,3,10,10,10,8,8,
20,10,10,8,9,0,6,7,9,11,6,10,6,7,10,3,10,10,10,9,9,
20,10,10,8,9,0,6,7,9,11,6,9,6,7,10,2,10,10,10,9,9,
21,12,10,8,9,0,6,7,9,12,6,9,6,7,9,3,10,10,11,9,9,
20,10,10,8,9,0,6,7,9,11,6,9,6,7,10,3,10,10,10,9,9,
20,10,10,8,9,0,6,7,10,11,6,10,6,7,10,3,10,10,10,9,9,
20,10,10,8,9,0,6,7,9,11,6,10,6,7,10,3,10,10,10,9,9,
20,10,10,8,9,0,6,7,9,11,6,10,6,7,10,3,10,10,10,9,9,
20,10,10,8,9,0,6,7,9,11,6,10,6,7,10,3,10,10,10,9,9,
20,10,10,8,10,0,6,7,9,11,6,10,6,7,10,3,10,11,10,9,9,
20,10,12,10,10,0,7,7,10,11,6,10,6,10,10,3,10,12,10,10,11,
21,12,10,8,9,0,7,9,11,13,6,10,6,9,12,3,12,11,12,9,9,
19,10,10,9,9,0,9,7,10,11,7,10,9,8,10,3,10,11,10,9,9,
19,10,10,9,10,0,7,7,10,11,7,10,6,7,10,3,10,11,10,9,9,
19,11,10,9,10,0,7,7,10,11,7,10,6,8,10,3,10,11,10,9,9,
19,10,10,9,10,0,7,7,10,11,7,10,6,7,11,3,11,11,10,9,9,
22,11,13,12,13,0,7,7,10,11,9,13,6,8,10,3,10,14,10,12,12,
19,11,10,9,10,0,7,7,10,11,7,10,6,8,10,3,10,11,10,9,9,
19,11,10,9,10,0,7,7,10,11,7,10,6,8,10,3,10,11,10,10,9,
19,11,10,8,9,0,7,7,10,11,6,10,6,8,10,3,10,10,10,9,9,
19,11,10,9,10,0,7,7,10,11,7,10,6,8,10,3,10,11,10,9,9,
20,10,10,8,9,0,6,7,9,10,6,9,5,7,9,2,10,10,10,9,8,
20,10,10,8,9,0,6,7,9,11,6,10,5,7,9,3,10,10,10,9,9,
20,10,10,8,9,0,6,7,9,10,6,9,5,7,9,2,10,10,10,8,9,
20,10,10,8,9,0,6,7,9,10,6,9,5,7,9,2,10,10,10,8,9,
20,10,10,8,9,0,6,7,9,11,6,9,5,7,9,3,10,10,10,8,9,
22,10,10,8,9,0,6,7,9,11,6,9,6,7,9,3,10,10,10,9,9,
21,11,10,8,9,0,6,7,9,12,6,9,5,7,9,3,9,10,11,8,9,
20,10,10,8,9,0,6,7,9,11,6,10,5,7,9,3,10,10,10,9,9,
20,10,10,8,9,0,6,7,9,11,6,9,5,7,9,3,10,10,10,9,9,
20,10,10,8,9,0,6,7,9,11,6,10,6,7,9,3,10,10,10,9,9,
20,10,10,8,9,0,6,7,9,11,6,10,5,7,9,3,10,10,10,9,9,
20,10,10,8,9,0,6,7,9,11,6,9,6,7,9,2,10,10,10,9,9,
20,10,10,8,10,0,6,7,9,11,6,10,6,7,10,3,10,11,10,9,9,
20,10,10,8,9,0,6,7,9,11,6,10,6,7,9,3,10,10,10,9,9,
20,10,10,8,9,0,6,7,9,11,6,10,6,7,10,3,10,10,10,9,9,
20,10,10,8,9,0,9,7,9,11,6,10,8,7,10,3,10,10,10,9,9,
20,10,10,8,9,0,6,7,9,11,6,9,6,7,10,3,10,10,10,9,9,
20,10,10,8,9,0,6,7,9,11,7,9,6,7,10,3,10,10,10,9,9,
20,10,10,8,9,0,7,7,10,11,6,9,6,7,10,3,10,10,10,8,9,
21,10,12,10,11,0,6,7,10,11,8,11,6,7,10,3,10,12,10,10,10,
20,10,10,8,10,0,6,7,10,11,6,10,6,7,10,3,10,11,10,9,9,
20,11,10,8,9,0,7,7,10,11,6,10,6,7,10,3,10,10,10,9,9,
23,13,12,11,12,0,9,10,12,14,9,12,8,10,12,6,13,13,13,11,11,
22,10,10,8,9,0,7,7,10,11,6,10,6,7,10,3,10,10,10,9,9,
20,11,10,9,10,0,7,7,10,11,7,10,6,8,10,3,10,11,10,9,9,
20,11,10,9,10,0,7,7,10,11,7,10,6,8,10,3,10,11,10,10,9,
20,11,10,9,10,0,7,7,10,11,7,10,6,8,10,3,10,11,10,9,9,
19,10,10,8,9,0,7,7,9,11,6,9,6,7,9,3,10,10,10,9,9,
21,11,13,8,11,0,7,7,13,11,6,11,6,8,13,3,13,13,11,11,12,
19,11,10,9,10,0,7,7,10,11,7,10,6,8,10,3,10,11,10,9,9,
19,11,10,9,10,0,7,7,10,11,7,10,6,8,10,3,10,11,10,9,9,
22,12,10,8,9,0,6,6,11,12,6,9,5,9,11,2,12,10,12,9,8,
22,10,9,8,9,0,6,6,9,10,6,9,5,7,9,2,10,10,10,9,8,
19,10,10,8,9,0,6,6,9,10,6,9,5,7,9,2,10,10,10,9,8,
23,10,10,8,9,0,6,7,9,11,6,10,5,7,9,3,10,10,10,9,9,
19,10,10,8,9,0,6,6,9,10,6,9,5,7,9,2,10,10,10,8,8,
20,10,9,8,9,0,6,6,9,10,6,9,5,7,9,2,10,10,10,8,8,
20,10,9,8,9,0,6,6,9,10,6,9,5,7,9,2,10,10,10,9,8,
20,10,9,8,9,0,6,7,9,10,6,9,5,7,9,2,10,10,10,8,8,
19,9,9,7,8,0,6,6,8,10,5,9,5,6,9,2,9,10,9,8,8,
22,13,13,8,9,0,6,7,13,13,6,9,5,7,13,2,13,13,13,8,8,
19,10,10,8,9,0,6,6,9,10,6,9,5,7,9,2,10,10,10,8,9,
20,10,10,8,9,0,6,7,9,10,6,9,5,7,9,2,10,10,10,8,9,
20,9,11,9,10,0,6,6,9,10,7,10,5,6,9,2,9,11,9,9,10,
20,10,10,8,9,0,6,7,9,10,6,9,5,7,9,3,10,10,10,9,9,
20,10,10,8,11,0,6,7,9,10,6,11,5,7,9,2,10,10,10,10,8,
24,10,10,8,9,0,6,7,9,10,6,9,5,7,9,2,10,10,10,9,9,
20,10,10,8,9,0,6,7,9,11,6,10,6,7,9,3,10,10,10,9,9,
20,10,10,8,9,0,6,7,9,11,6,10,6,7,10,3,10,10,10,9,9,
20,10,9,8,9,0,6,7,9,11,6,9,5,7,9,3,10,10,10,9,8,
20,10,10,8,9,0,6,7,9,11,6,10,6,7,10,3,10,10,10,9,9,
22,10,10,8,9,0,6,6,9,10,6,9,5,7,9,2,10,10,10,9,8,
20,10,10,9,8,0,8,7,10,10,8,8,8,8,11,3,11,11,10,8,9,
20,10,9,7,8,0,6,7,9,11,5,9,6,7,9,3,10,10,10,8,8,
20,10,9,8,9,0,6,7,9,11,6,9,6,8,10,3,10,10,10,8,8,
21,11,10,8,9,0,6,8,10,12,6,9,5,8,11,3,11,10,11,8,9,
20,11,9,8,9,0,6,7,9,11,6,9,6,7,10,3,10,10,10,8,8,
20,11,10,8,9,0,7,7,10,11,6,10,6,7,10,3,10,10,10,9,9,
20,10,10,8,9,0,7,7,10,11,6,9,6,7,10,3,10,10,10,9,9,
20,11,10,8,9,0,7,7,10,11,6,9,6,8,10,3,10,10,10,9,9,
20,11,10,8,9,0,7,7,10,11,6,10,6,7,10,3,10,10,10,9,9,
21,11,9,8,11,0,7,7,10,11,6,12,6,8,10,3,10,10,10,11,8,
20,10,9,7,8,0,6,6,9,10,5,8,5,7,9,2,10,9,10,8,8,
20,11,10,8,9,0,7,7,10,11,6,9,6,8,10,3,10,10,10,9,9,
20,9,8,6,7,0,5,5,8,9,4,7,4,6,8,1,8,8,8,7,7,
22,12,9,8,9,0,7,7,9,13,6,9,6,8,9,3,10,10,12,8,8,
20,10,9,7,8,0,6,6,9,10,5,8,5,7,9,2,9,9,10,8,8,
19,10,9,7,8,0,6,6,9,10,5,8,5,7,9,2,10,10,10,8,8,
19,11,10,8,9,0,7,7,10,11,6,9,6,8,10,3,10,10,11,9,9,
20,10,9,7,8,0,6,7,9,10,5,9,5,7,9,2,10,10,10,8,8,
20,11,10,8,9,0,7,7,10,11,6,10,6,8,10,3,11,10,11,9,9,
20,10,9,8,9,0,6,7,9,11,5,9,5,7,9,3,10,10,10,8,8,
20,10,9,7,8,0,6,7,9,10,5,9,5,7,9,2,10,9,10,8,8,
20,10,8,7,10,0,6,7,9,10,5,10,5,7,9,2,10,9,10,10,7,
20,10,9,7,9,0,6,7,9,10,5,9,5,7,9,3,10,10,10,8,8,
19,10,9,7,8,0,6,7,9,10,5,9,5,7,9,2,10,10,10,8,8,
20,10,9,8,9,0,6,7,9,11,6,9,5,7,9,3,10,10,10,9,8,
22,13,9,7,8,0,6,7,9,13,5,9,5,7,9,2,10,10,12,8,8,
22,10,9,7,8,0,6,7,9,12,5,8,5,7,9,2,10,9,10,8,8,
20,10,9,8,9,0,5,7,9,11,6,9,5,7,10,3,10,10,10,8,8,
20,10,9,7,9,0,6,7,9,10,5,9,5,7,9,2,10,10,10,8,8,
20,10,9,8,9,0,6,7,9,11,6,9,5,7,9,3,10,10,10,8,8,
20,10,9,8,9,0,6,7,9,11,6,9,5,7,9,3,10,10,10,8,8,
20,10,9,8,9,0,6,7,9,11,6,9,5,7,9,3,10,10,10,8,8,
20,10,9,8,9,0,6,7,9,11,6,9,5,7,9,3,10,10,10,8,8,
20,10,9,7,9,0,6,7,9,11,5,9,5,7,9,3,10,10,10,8,8,
20,10,9,7,9,0,6,7,9,11,5,9,6,7,9,3,10,10,10,8,8,
23,10,9,8,8,0,6,7,9,11,6,9,5,7,9,3,10,10,10,8,8,
20,10,10,9,8,0,8,7,10,10,7,9,8,8,10,3,11,11,10,8,9,
20,10,9,8,8,0,6,7,9,11,6,9,5,7,9,3,10,10,10,8,8,
20,10,9,8,9,0,6,7,9,11,6,9,5,7,9,3,10,10,10,8,8,
21,11,9,8,8,0,6,8,10,12,6,9,5,8,11,3,11,10,11,8,8,
21,11,9,8,9,0,7,8,10,12,6,9,7,8,11,3,11,10,11,8,8,
20,10,9,8,9,0,6,7,9,11,6,9,6,7,10,3,10,10,10,8,8,
22,10,9,8,9,0,6,7,9,11,5,9,5,7,9,3,10,10,10,8,8,
20,10,9,8,9,0,6,7,9,11,6,10,6,7,10,3,10,10,10,9,8,
20,10,9,8,9,0,6,7,9,11,6,9,6,8,10,3,10,10,10,9,8,
20,10,9,8,11,0,7,7,9,11,6,11,6,8,10,3,10,10,10,11,8,
20,10,9,8,9,0,6,7,9,11,6,9,6,7,10,3,10,10,10,8,8,
20,10,10,8,9,0,7,7,9,11,6,9,6,7,10,3,10,10,10,9,8,
20,9,9,7,8,0,6,6,9,10,5,8,5,6,9,2,9,9,9,8,8,
22,12,10,8,9,0,7,7,9,13,6,9,6,7,9,3,10,10,12,8,8,
21,10,10,8,9,0,7,7,9,11,6,9,6,7,10,3,10,10,10,9,9,
20,11,9,8,9,0,7,7,10,11,6,9,6,8,10,3,10,10,10,8,8,
20,11,9,8,9,0,6,7,10,11,6,9,6,7,10,3,10,10,10,8,8,
20,11,9,8,9,0,7,7,10,11,6,9,6,8,10,3,10,10,10,9,8,
20,11,10,8,9,0,7,7,10,11,6,9,6,8,10,3,10,10,10,9,9,
20,11,10,8,9,0,7,7,10,11,6,10,6,8,10,3,10,10,10,9,9,
20,11,9,8,9,0,7,7,10,11,6,9,6,8,10,3,10,10,10,8,8,
20,11,10,8,10,0,7,7,10,11,6,10,6,8,10,3,10,10,10,9,9,
20,11,10,8,10,0,10,7,10,11,6,10,6,8,10,3,10,10,10,9,9,
20,11,10,8,9,0,7,7,10,11,6,10,6,8,10,3,10,11,10,9,9,
20,11,10,8,9,0,7,7,10,11,6,10,6,7,10,3,10,10,10,9,9,
20,11,10,8,9,0,7,7,10,11,6,9,6,8,10,3,10,10,10,8,9,
22,10,12,10,11,0,6,6,9,10,8,12,5,7,9,2,9,12,10,11,11,
19,11,10,8,9,0,7,7,10,11,6,9,6,8,10,3,10,10,10,9,9,
20,10,9,7,9,0,6,7,9,10,5,9,5,7,9,2,10,10,10,8,8,
19,10,9,7,9,0,6,6,9,10,5,9,5,7,9,2,10,10,10,8,8,
19,10,9,7,8,0,6,7,9,10,5,9,5,7,9,2,10,10,10,8,8,
20,10,9,7,9,0,6,7,9,10,5,9,5,7,9,2,10,10,10,8,8,
123,10,9,7,8,0,6,6,9,10,5,9,5,7,9,2,114,10,10,8,8,
21,10,9,8,9,0,6,7,9,10,6,9,5,7,10,2,10,10,10,8,8,
20,10,9,8,9,0,6,7,9,11,6,9,5,7,9,3,10,10,10,9,8,
20,10,9,8,9,0,6,6,10,11,6,9,5,7,10,3,11,10,10,8,8,
20,10,9,8,9,0,6,7,9,11,6,9,5,7,9,3,10,10,10,9,8,
20,10,9,8,9,0,6,7,9,11,6,9,5,7,9,3,10,10,10,8,8,
115,10,9,8,9,0,6,7,9,11,106,9,6,7,9,3,10,10,10,8,8,
120,10,10,8,9,0,6,7,9,11,6,111,6,7,10,3,10,10,10,9,9,
22,12,11,10,11,0,8,9,11,13,7,11,7,9,11,3,12,12,12,11,10,
20,10,10,8,10,0,7,7,9,11,6,10,6,7,10,3,10,10,10,9,9,
123,10,10,8,9,0,7,7,10,11,6,10,6,8,113,3,10,10,10,9,9,
123,11,10,8,9,0,7,7,9,11,6,9,6,8,10,3,11,114,10,9,9,
19,11,10,8,9,0,7,7,9,11,6,10,6,8,10,3,10,10,10,9,9,
19,11,10,8,9,0,7,7,10,11,6,9,6,8,10,3,10,10,10,9,9,
20,10,9,8,8,0,6,7,9,11,6,9,5,7,9,3,10,9,10,8,8,
19,9,8,7,8,0,6,6,8,10,5,8,5,6,8,2,9,9,9,7,7,
22,12,9,7,8,0,6,7,9,12,5,9,5,7,12,2,12,9,12,8,8,
19,10,9,7,8,0,6,6,9,10,5,9,5,7,9,2,9,9,9,8,8,
20,10,9,7,8,0,6,7,9,11,5,8,5,7,9,3,10,9,10,8,8,
20,10,10,9,10,0,6,6,9,10,7,10,5,7,9,2,9,11,9,10,10,
20,10,9,7,8,0,6,6,9,10,5,9,5,7,9,2,10,9,10,8,8,
20,10,9,7,8,0,6,7,9,11,5,9,5,7,9,3,10,9,10,8,8,
124,12,115,9,10,0,8,8,11,12,7,11,7,9,11,5,11,11,11,10,10,
22,11,13,8,11,0,6,7,12,11,6,11,6,7,12,3,13,13,11,11,12,
20,10,9,8,9,0,6,7,9,11,6,9,6,7,9,3,10,10,10,9,8,
20,10,9,8,9,0,6,7,9,11,6,10,6,7,10,3,10,10,10,9,8,
22,13,9,8,9,0,6,10,11,14,6,9,6,10,12,3,12,10,13,8,8,
112,10,9,8,9,0,6,7,9,11,6,9,6,7,10,103,10,10,10,8,8,
20,11,10,8,9,0,7,7,10,11,6,10,6,7,10,3,10,10,10,9,9,
22,10,10,8,9,0,7,7,9,11,6,9,6,8,10,3,10,10,10,9,9,
21,10,9,8,9,0,7,7,9,11,6,9,6,7,9,3,10,10,10,8,8,
120,11,10,8,111,0,7,7,10,11,6,10,6,7,10,5,10,10,10,9,9,
20,11,10,8,9,0,7,7,10,11,6,10,6,8,10,3,10,10,10,9,9,
20,11,10,8,9,0,7,7,10,11,6,9,6,7,10,3,10,10,10,9,9,
20,11,9,8,9,0,7,7,10,11,6,9,6,8,10,3,10,10,10,8,8,
20,11,10,8,9,0,7,7,10,11,6,10,6,8,10,3,10,10,10,9,9,
116,11,9,7,11,0,7,7,10,11,6,11,6,107,10,3,10,10,10,11,8,
20,11,10,8,9,0,7,7,10,11,6,10,6,8,10,3,11,10,11,9,9,
20,10,9,7,8,0,5,7,9,10,5,9,4,7,9,2,10,9,10,8,8,
20,10,9,7,8,0,6,7,9,10,5,9,5,7,9,2,10,9,10,8,8,
20,10,9,8,9,0,6,6,9,10,6,9,5,7,9,2,10,10,10,8,8,
20,10,9,7,9,0,6,7,9,10,6,9,5,7,9,3,10,9,10,8,8,
20,11,10,8,9,0,6,7,9,11,6,9,5,7,10,3,10,10,10,8,8,
121,10,9,8,8,0,6,7,9,112,5,9,5,7,9,3,10,10,10,8,8,
23,14,9,8,9,0,6,7,9,14,6,9,6,7,10,3,10,10,10,8,8,
20,10,9,8,9,0,6,7,9,10,6,9,5,7,9,3,10,10,10,8,8,
20,10,9,8,8,0,6,7,9,10,5,8,5,8,9,2,10,9,10,8,8,
20,10,9,8,9,0,6,7,9,10,6,9,5,7,9,3,10,10,10,8,8,
20,10,9,8,9,0,6,7,9,10,6,9,5,7,9,3,10,10,10,8,8,
20,10,9,8,9,0,6,7,9,10,6,9,5,7,9,3,10,10,10,9,8,
20,10,9,8,9,0,6,7,9,11,6,9,5,7,9,3,10,10,10,9,8,
20,10,9,8,9,0,6,7,9,10,6,9,5,7,9,3,10,10,10,9,8,
20,10,8,7,9,0,6,7,9,11,5,10,6,7,10,3,10,9,10,9,7,
20,10,9,8,9,0,6,7,9,11,6,9,5,7,9,3,10,10,10,9,8,
20,10,9,8,9,0,6,7,9,11,6,9,6,7,9,3,10,10,10,8,8,
20,10,9,8,9,0,6,7,9,11,6,9,5,7,9,3,10,10,10,8,8,
20,10,9,8,9,0,6,7,9,11,5,9,5,7,9,3,9,10,10,8,8,
22,10,12,10,9,0,8,8,9,11,6,9,8,8,10,3,10,13,10,9,11,
20,10,9,8,9,0,6,7,9,11,6,9,6,7,10,3,10,10,10,9,8,
20,10,10,8,11,0,6,7,9,11,6,11,6,8,10,3,10,10,10,10,9,
20,10,9,8,9,0,6,7,9,11,6,9,6,7,10,3,10,10,10,9,8,
20,11,10,8,9,0,7,7,10,11,6,10,6,8,10,3,10,10,10,9,9,
20,11,10,8,10,0,7,7,10,11,6,10,6,8,10,3,10,10,10,9,9,
35,11,25,23,8,0,7,7,10,11,6,8,6,8,10,3,10,25,10,8,24,
20,10,11,9,10,0,9,7,9,11,7,10,9,7,10,2,10,11,10,10,10,
20,11,10,8,9,0,7,7,10,11,6,10,6,8,10,3,10,10,10,9,9,
20,10,10,8,9,0,7,7,10,11,6,10,6,7,10,3,10,10,10,9,9,
20,11,10,8,9,0,7,7,10,11,6,10,6,8,10,3,10,10,10,9,9,
22,11,12,11,12,0,7,7,10,11,6,12,6,8,10,3,11,13,11,11,11,
20,11,10,8,9,0,7,7,10,12,6,10,6,8,10,3,10,10,11,9,9,
19,11,10,8,9,0,7,7,10,11,6,10,6,8,10,3,10,10,10,9,9,
19,11,10,8,9,0,7,7,10,11,6,10,6,8,10,3,10,10,10,9,9,
19,10,9,7,9,0,6,6,9,10,5,9,5,7,9,2,10,9,10,8,8,
19,11,10,8,9,0,7,7,10,11,6,10,6,8,10,3,10,10,10,9,9,
124,115,9,7,8,0,6,6,9,10,5,9,5,7,9,2,10,9,9,8,8,
20,10,9,7,8,0,6,7,9,11,5,9,5,7,9,2,10,10,10,8,8,
20,11,9,7,8,0,6,7,9,10,5,9,5,7,9,2,10,10,10,8,8,
20,10,9,8,9,0,6,7,9,10,6,9,5,7,9,3,10,10,10,8,8,
19,10,9,7,8,0,6,7,9,10,5,9,5,7,9,2,10,10,9,8,8,
19,10,9,8,9,0,6,7,9,10,6,9,5,7,9,3,10,10,10,8,8,
20,10,9,8,9,0,6,7,9,10,5,9,5,7,9,3,10,10,10,8,8,
20,10,9,8,9,0,6,7,9,10,6,9,5,7,9,3,10,10,10,8,8,
20,10,9,8,9,0,6,7,9,11,6,9,5,7,10,3,10,10,10,8,8,
20,10,9,8,9,0,9,7,9,11,6,9,8,7,9,3,10,10,10,8,8,
20,10,9,8,9,0,6,7,9,11,6,9,6,7,10,3,10,10,10,9,8,
20,10,9,8,8,0,6,7,9,11,6,9,5,7,10,3,10,10,10,8,8,
20,10,9,8,9,0,6,7,9,11,6,9,6,7,10,3,10,10,10,8,8,
21,10,11,10,10,0,6,7,9,11,8,11,6,7,10,3,10,12,10,10,10,
20,10,9,8,9,0,6,7,9,11,6,9,6,7,10,3,10,10,10,8,8,
20,10,9,8,9,0,6,7,9,11,6,9,6,7,10,3,10,10,10,8,8,
23,10,8,7,8,0,6,6,9,10,5,8,5,7,9,2,9,9,10,7,7,
23,11,10,8,9,0,7,7,11,11,6,9,6,8,12,3,12,10,10,9,9,
20,10,10,8,9,0,7,7,9,11,6,9,6,7,10,3,10,10,10,9,8,
20,10,10,8,9,0,6,7,9,11,6,9,6,7,10,3,10,10,10,8,8,
20,11,10,8,9,0,7,7,10,11,6,9,6,7,10,3,10,10,10,8,9,
20,10,9,7,9,0,7,7,10,11,5,9,6,8,10,3,10,10,10,8,8,
22,12,13,8,12,0,7,7,12,12,6,12,6,8,13,3,13,13,12,9,9,
20,11,10,8,9,0,7,7,10,11,6,10,6,7,10,3,10,10,10,9,9,
20,11,10,8,9,0,7,7,10,11,6,9,6,8,10,3,10,10,10,8,9,
21,10,11,9,10,0,6,6,8,10,7,10,5,6,9,3,9,12,9,10,10,
21,11,10,9,10,0,7,8,10,12,7,10,7,8,11,3,11,11,11,9,9,
20,11,10,8,9,0,7,7,10,11,6,9,6,8,10,3,10,10,10,9,9,
22,12,11,10,11,0,8,9,11,13,8,11,7,9,11,6,12,12,12,10,10,
20,11,10,8,9,0,7,7,10,11,6,9,6,8,10,3,10,10,10,8,9,
19,11,10,8,9,0,7,7,10,11,6,10,6,8,10,3,10,10,10,9,9,
19,11,10,8,9,0,7,7,10,11,6,9,6,8,10,3,10,10,10,9,9,
19,10,9,7,8,0,6,6,9,10,5,9,5,7,9,2,10,9,10,8,8,
19,10,9,7,8,0,9,6,9,10,5,9,8,7,9,2,10,9,10,8,8,
20,10,9,7,9,0,6,7,9,10,5,9,5,7,9,2,10,10,10,8,8,
20,10,9,7,8,0,6,6,9,10,5,9,5,7,9,2,10,9,10,8,8,
20,10,9,7,8,0,6,7,9,10,5,9,5,7,9,2,10,10,10,8,8,
22,10,12,10,11,0,6,6,9,10,8,11,5,7,9,2,10,12,10,11,11,
19,10,9,7,8,0,6,6,9,10,5,8,5,7,9,2,10,9,10,8,8,
20,10,9,8,8,0,6,7,9,10,5,9,5,7,9,3,10,10,10,8,8,
21,11,10,9,10,0,7,8,10,12,7,10,7,8,11,5,11,11,11,10,9,
22,10,9,8,9,0,6,7,9,11,6,9,6,7,10,3,10,10,10,9,8,
20,10,9,8,8,0,6,7,9,11,6,9,5,7,9,3,10,10,10,8,8,
20,10,9,8,8,0,6,7,9,11,6,9,5,7,9,3,10,10,10,8,8,
20,10,9,8,9,0,6,7,9,11,5,9,5,7,9,3,10,10,10,8,8,
19,9,9,7,8,0,6,6,8,10,5,9,5,6,8,2,9,9,9,8,8,
22,12,12,8,9,0,6,7,12,12,6,12,5,7,12,3,13,13,12,8,8,
21,10,9,8,9,0,6,7,9,11,6,9,5,7,9,3,10,10,10,8,8,
20,10,9,8,9,0,6,7,9,11,6,9,6,7,10,3,10,10,10,8,8,
22,12,10,8,9,0,6,7,11,13,6,10,6,7,11,3,12,10,12,9,9,
26,10,9,7,8,0,6,7,9,11,5,9,5,7,9,2,10,10,10,8,8,
20,10,10,8,9,0,6,7,9,11,6,9,6,7,10,3,10,10,10,8,8,
20,10,9,8,9,0,6,7,9,11,6,9,6,7,10,3,10,10,10,8,8,
20,10,9,7,8,0,6,7,9,11,6,8,6,7,9,3,10,9,10,8,8,
20,10,10,8,9,0,6,7,9,11,6,9,6,7,10,3,10,10,10,9,8,
20,10,9,7,10,0,6,7,9,11,6,11,6,7,10,3,10,9,10,10,8,
20,10,10,8,9,0,6,7,9,11,6,10,6,7,10,3,10,10,10,9,9,
20,10,9,7,9,0,6,7,9,11,5,9,6,7,10,3,10,9,10,8,8,
20,11,10,8,9,0,7,7,10,11,6,9,6,8,10,3,10,10,10,9,9,
21,12,10,8,9,0,7,7,9,12,6,9,6,8,9,3,10,10,12,8,9,
22,11,9,8,9,0,7,7,10,11,6,9,6,7,10,3,10,10,10,8,8,
20,11,10,8,9,0,7,7,10,11,6,10,6,7,10,3,10,10,10,9,9,
20,11,10,8,9,0,7,7,10,11,6,10,6,8,10,3,10,10,10,9,9,
20,11,10,8,9,0,7,7,10,11,6,9,6,7,10,3,10,10,10,9,9,
20,10,10,8,9,0,6,7,9,11,6,9,6,7,10,3,10,10,10,8,9,
20,11,10,8,9,0,7,7,10,11,6,9,6,7,10,3,10,10,10,9,9,
20,11,10,8,9,0,9,7,10,11,6,9,8,7,10,3,10,10,10,9,9,
22,11,10,8,12,0,7,7,10,11,6,13,6,8,10,3,10,10,10,12,9,
35,11,10,8,9,0,26,7,10,11,6,10,6,8,10,3,10,10,10,9,9,
26,10,9,7,9,0,6,6,9,10,5,9,5,7,9,2,10,9,10,8,8,
19,11,10,8,9,0,7,7,10,11,6,9,6,8,10,6,10,10,10,9,9,
29,20,9,8,9,0,7,7,10,11,6,9,6,8,10,3,10,10,10,8,8,
19,11,9,8,9,0,7,7,10,11,6,9,6,8,10,3,10,10,10,8,8,
21,13,10,8,9,0,7,9,12,13,6,9,6,9,12,3,12,10,12,9,9,
20,11,11,10,9,0,7,7,10,11,6,9,6,8,10,3,10,12,10,8,10,
21,11,10,8,9,0,7,7,10,11,6,10,6,8,10,3,10,10,10,9,9,
19,11,9,8,9,0,7,7,10,11,6,9,6,8,10,3,10,10,10,8,8,
19,11,10,8,9,0,7,7,10,11,6,10,6,8,10,3,10,10,10,9,9,
19,11,10,8,9,0,7,7,10,11,6,10,6,8,10,3,10,10,10,9,9,
20,11,10,8,12,0,7,7,10,11,6,12,6,8,10,3,10,10,10,12,9,
19,11,10,8,10,0,7,7,10,11,6,10,6,8,10,3,11,10,11,9,9,
19,10,9,7,8,0,6,7,9,10,5,9,5,7,9,2,10,9,10,8,8,
19,8,7,5,6,0,4,4,7,8,3,6,3,5,7,0,8,7,8,5,6,
22,12,9,7,8,0,6,7,9,13,5,8,5,7,9,2,10,9,12,8,8,
22,10,9,7,8,0,6,6,9,10,5,8,5,7,9,2,10,10,10,8,8,
21,12,9,7,8,0,6,6,9,12,6,8,5,7,9,2,10,9,12,8,8,
20,10,9,7,8,0,6,7,9,10,5,8,5,7,9,2,10,9,10,8,8,
20,10,9,7,8,0,6,7,9,10,5,9,5,7,9,2,10,10,10,8,8,
20,10,9,7,8,0,6,7,9,10,6,9,5,7,9,3,10,10,10,8,8,
20,10,9,8,9,0,6,7,9,11,6,9,5,7,9,3,10,10,10,8,8,
20,10,9,8,9,0,6,7,9,11,6,9,6,7,10,3,10,10,10,9,8,
20,10,9,8,9,0,6,7,9,11,6,9,5,7,9,3,10,10,10,8,8,
20,10,9,8,9,0,6,7,9,11,6,9,5,7,9,3,10,10,10,9,8,
20,10,9,8,9,0,6,7,9,11,6,9,5,7,9,3,10,10,10,8,8,
20,10,9,8,9,0,6,7,9,11,6,9,5,7,9,3,10,10,10,8,8,
20,10,9,8,9,0,6,7,9,11,6,9,5,7,10,3,10,10,10,8,8,
22,10,12,11,11,0,6,7,9,11,9,12,5,7,9,3,10,13,10,11,11,
32,21,21,8,21,0,6,7,21,21,6,21,6,7,21,3,21,23,21,21,21,
20,10,10,8,8,0,6,7,9,11,6,9,6,7,10,3,10,10,10,8,8,
20,10,9,8,9,0,6,7,9,11,6,9,6,7,10,3,10,10,10,8,8,
20,10,9,8,9,0,6,7,9,11,6,9,6,7,9,3,10,10,10,8,8,
20,10,9,8,9,0,6,7,9,11,6,9,6,8,10,3,10,10,10,8,8,
20,10,9,8,9,0,7,7,9,11,6,9,6,8,10,3,10,10,10,9,8,
20,10,10,8,9,0,7,7,9,11,6,9,6,8,10,3,10,10,10,9,9,
20,10,9,8,9,0,7,7,9,11,6,9,6,7,10,3,10,10,10,9,8,
20,10,9,8,9,0,6,7,9,11,6,9,6,7,10,3,10,10,10,8,8,
21,12,10,8,9,0,7,7,9,12,6,9,6,7,9,3,10,10,12,8,9,
22,10,9,8,9,0,6,7,9,11,6,9,6,7,10,3,10,10,10,8,9,
19,11,9,8,9,0,7,7,10,11,6,9,6,8,10,3,10,10,10,8,8,
19,11,10,8,9,0,7,7,10,11,6,9,6,7,10,3,10,10,10,8,9,
31,19,4,2,3,9,15,15,18,19,0,3,14,16,18,12,19,4,19,2,3,
19,11,10,8,10,0,7,7,10,11,6,10,6,8,10,3,10,10,10,10,9,
19,11,10,9,9,0,6,7,10,11,7,10,6,8,10,3,10,11,10,9,9,
19,10,9,8,10,0,7,7,10,11,6,10,6,8,10,3,10,10,10,10,8,
19,11,10,9,10,0,7,7,10,11,7,10,6,7,10,3,10,11,10,10,9,
19,11,10,9,10,0,7,7,10,11,7,10,6,7,10,3,10,11,10,10,9,
19,11,10,8,9,0,7,7,10,11,6,10,6,8,10,3,10,11,10,9,9,
19,11,10,8,9,0,7,7,10,11,6,10,6,8,10,3,11,11,11,9,9,
21,11,12,11,9,0,7,7,10,11,6,9,6,8,10,3,11,13,11,9,11,
19,11,10,9,9,0,7,7,10,11,6,10,6,8,10,3,11,11,11,9,9,
19,11,10,9,10,0,7,7,10,11,7,10,6,8,10,3,10,11,10,9,9,
19,10,10,8,9,0,8,6,9,10,6,9,7,7,9,2,9,10,9,8,8,
19,10,9,8,9,0,6,6,9,10,6,9,5,7,9,2,9,10,10,9,8,
19,10,9,8,9,0,6,6,9,10,6,9,5,7,9,2,9,10,10,8,8,
19,10,9,8,9,0,8,6,9,10,6,9,5,7,9,2,10,10,10,8,8,
19,10,10,8,9,0,6,7,9,10,6,9,5,7,9,2,10,10,10,9,8,
19,10,10,8,9,0,8,6,9,10,6,9,7,7,9,2,10,10,10,9,8,
19,10,10,8,9,0,6,7,9,10,6,9,5,7,9,2,10,10,10,9,8,
20,10,9,7,9,0,6,7,9,10,5,9,5,7,9,2,10,10,10,8,8,
19,10,9,8,9,0,6,7,9,10,6,9,5,7,9,2,10,10,10,8,8,
20,9,10,9,10,0,6,6,8,10,7,10,5,6,9,2,9,11,9,9,9,
20,10,10,8,9,0,6,7,9,10,6,9,5,7,9,2,10,10,10,8,9,
20,10,9,8,9,0,6,7,9,10,6,9,5,7,9,2,10,10,10,8,8,
25,10,10,8,9,0,6,7,9,11,6,9,6,7,9,2,10,10,10,9,9,
20,10,9,8,8,0,6,7,9,11,6,9,5,7,9,3,10,10,10,8,8,
20,10,10,8,9,0,6,7,9,11,6,9,6,7,9,3,10,10,10,8,9,
20,10,10,8,9,0,6,7,9,11,6,10,6,7,9,2,10,10,10,9,9,
20,10,10,8,9,0,6,7,9,11,6,10,5,7,9,3,10,10,10,9,9,
19,9,9,8,9,0,7,6,8,10,5,9,6,6,8,2,9,10,9,8,8,
20,10,10,8,9,0,6,7,9,11,6,10,5,7,9,3,10,10,10,9,9,
20,10,10,8,9,0,6,7,9,11,6,9,6,7,10,3,10,10,10,9,9,
20,10,9,8,8,0,6,7,9,11,6,9,6,7,10,3,10,10,10,8,8,
21,10,11,10,11,0,6,7,9,11,8,11,5,7,10,3,10,12,10,10,10,
20,10,10,8,9,0,6,7,9,11,6,9,6,7,10,3,10,10,10,9,9,
20,10,10,9,9,0,7,7,9,11,7,9,7,8,10,3,10,11,10,8,9,
21,12,12,10,11,0,8,8,11,12,8,11,7,9,11,3,12,12,12,10,11,
19,10,10,8,9,0,6,7,9,11,6,10,6,7,10,3,10,11,10,9,9,
19,10,10,8,10,0,7,7,9,11,6,10,6,7,10,3,10,11,10,9,9,
19,10,10,8,10,0,6,7,9,11,6,10,6,7,10,3,10,11,10,9,9,
19,11,10,8,9,0,6,7,10,11,7,9,6,7,10,3,11,11,10,9,9,
19,10,10,9,10,0,7,7,9,10,6,10,7,7,9,3,10,11,10,9,9,
22,11,10,8,9,0,7,7,10,14,6,10,6,7,10,3,10,10,10,9,9,
19,11,10,9,10,0,7,7,10,11,7,10,6,8,10,3,10,11,10,9,9,
19,11,10,9,10,0,7,7,10,11,7,10,6,7,10,3,10,11,10,9,9,
20,10,11,9,11,0,7,7,9,11,7,11,6,7,10,3,10,12,10,10,10,
19,11,10,8,9,0,7,7,10,11,6,10,6,8,10,3,10,10,10,9,9,
20,10,10,8,9,0,6,7,9,10,6,9,5,7,9,2,10,10,10,9,9,
22,10,10,8,9,0,6,7,9,11,6,10,6,7,10,3,10,10,10,9,9,
19,10,10,8,9,0,6,6,9,10,6,9,5,7,9,2,9,10,10,8,8,
19,10,9,8,9,0,6,6,9,10,6,9,5,7,9,2,9,10,10,9,8,
19,11,10,9,10,0,7,7,10,11,7,10,6,8,10,3,10,11,10,9,9,
20,10,11,9,10,0,6,6,9,10,7,10,5,7,9,2,9,11,9,10,10,
21,11,10,9,10,0,7,7,10,11,7,10,6,8,10,3,10,11,10,9,9,
19,10,10,8,9,0,6,6,9,10,6,9,6,7,9,2,10,10,10,8,8,
19,10,10,8,9,0,6,7,9,10,6,9,5,7,9,2,10,10,10,8,8,
20,10,9,8,8,0,6,7,9,10,6,9,5,7,9,2,10,10,10,8,8,
20,10,9,7,8,0,5,7,9,11,5,8,4,7,9,2,10,9,10,8,8,
20,10,10,8,9,0,6,7,9,10,6,9,5,7,9,3,10,10,10,8,9,
19,10,9,8,9,0,6,7,9,10,6,9,5,7,9,2,10,10,10,8,8,
19,10,10,8,9,0,6,7,9,10,6,9,5,7,9,2,10,10,10,9,9,
20,10,10,8,9,0,6,7,9,10,6,9,5,7,9,2,10,10,10,9,9,
20,10,9,8,9,0,6,7,9,10,6,9,5,7,9,3,10,10,10,8,8,
22,12,10,8,12,0,6,7,9,13,6,12,5,7,9,3,10,10,12,12,9,
20,10,9,8,9,0,6,7,9,11,6,9,5,7,9,3,10,10,10,8,8,
20,11,10,8,9,0,7,7,10,11,6,10,6,7,10,3,10,10,10,9,9,
20,10,10,8,9,0,6,7,9,11,6,9,6,7,9,3,10,10,10,9,9,
20,10,10,8,9,0,6,7,9,11,6,10,5,7,9,3,10,10,10,9,9,
20,10,9,8,9,0,6,7,9,11,6,9,5,7,9,2,10,10,10,8,8,
22,12,10,8,9,0,6,9,11,13,6,10,5,9,11,2,12,10,12,9,9,
20,10,10,8,9,0,6,7,9,11,6,10,6,7,10,3,10,10,10,9,9,
20,10,10,8,9,0,6,7,9,11,6,9,6,7,10,3,10,10,10,9,9,
22,10,9,8,9,0,6,7,9,11,6,9,6,7,10,3,10,10,10,8,8,
20,11,10,8,10,0,6,7,9,11,6,10,6,7,10,3,10,11,10,9,9,
20,10,10,8,10,0,6,7,10,11,6,10,6,8,10,3,10,11,10,9,9,
20,10,10,8,9,0,7,7,9,11,6,9,6,7,10,3,10,10,10,9,8,
19,10,10,8,10,0,6,7,10,11,6,10,6,7,10,3,10,11,10,10,9,
22,10,10,8,9,0,6,7,9,11,6,9,5,7,9,3,10,10,10,8,8,
19,10,11,9,9,0,8,8,10,10,8,9,8,8,11,3,11,11,9,8,10,
19,11,10,8,9,0,7,7,9,11,6,9,6,7,10,3,10,10,10,9,9,
19,11,10,9,9,0,6,7,9,11,6,10,6,8,10,3,10,11,10,9,9,
20,11,10,8,9,0,6,8,10,12,6,9,5,8,11,3,11,10,11,9,9,
19,11,10,9,10,0,7,7,10,11,7,10,6,7,10,3,10,11,10,9,9,
19,11,10,8,9,0,7,7,10,11,6,9,6,8,10,3,10,10,10,9,9,
19,11,10,9,9,0,7,7,10,11,7,10,6,7,10,3,10,11,10,9,9,
19,11,10,9,10,0,7,7,10,11,7,10,6,8,10,3,10,11,10,9,9,
19,11,10,9,10,0,7,7,10,11,7,10,6,8,10,3,10,11,10,9,9,
20,11,10,8,12,0,7,7,10,11,7,12,6,8,10,3,10,10,10,11,9,
19,10,9,8,9,0,6,6,9,10,6,9,5,7,9,2,9,10,10,8,8,
21,11,10,9,10,0,7,7,9,11,6,10,6,7,10,3,10,11,10,9,9,
19,9,8,7,8,0,5,5,8,9,5,8,4,6,8,1,9,9,8,8,7,
22,12,9,8,9,0,6,6,8,12,6,9,5,7,9,2,9,10,12,8,8,
21,10,9,8,9,0,6,6,9,10,6,9,5,7,9,2,9,10,10,8,8,
20,11,10,8,10,0,7,7,10,11,6,10,6,8,10,4,11,11,11,9,9,
19,10,9,8,9,0,6,6,9,10,6,9,5,7,9,2,10,10,10,8,8,
20,10,10,8,9,0,6,7,9,10,6,9,5,7,9,2,10,10,10,9,8,
20,10,9,8,9,0,6,6,9,10,6,9,5,7,9,2,10,10,10,8,8,
19,10,10,8,9,0,6,7,9,10,6,9,5,7,9,2,10,10,10,9,9,
20,10,10,8,9,0,6,7,9,10,6,9,5,7,9,2,10,10,10,9,9,
20,10,10,8,9,0,6,7,9,10,6,9,5,7,9,2,10,10,10,9,9,
20,10,10,8,9,0,6,7,9,10,6,10,5,7,9,2,10,10,10,9,9,
20,10,10,8,9,0,6,7,9,11,6,10,5,7,9,2,10,10,10,9,9,
20,10,10,8,9,0,6,7,9,11,6,10,5,7,9,3,10,10,10,9,9,
21,12,10,8,9,0,6,7,9,12,6,10,5,7,9,3,9,10,11,9,9,
22,10,10,8,9,0,6,7,9,11,6,9,6,7,10,2,10,10,10,9,8,
20,10,10,8,9,0,6,7,9,11,6,10,6,7,10,3,10,10,10,9,9,
20,10,10,8,9,0,6,7,9,11,6,10,6,8,10,3,10,10,10,9,9,
20,10,10,8,9,0,6,7,9,11,6,10,6,7,10,3,10,10,10,9,9,
20,11,10,9,10,0,7,7,10,11,6,10,6,8,10,3,10,11,10,9,9,
20,9,9,7,8,0,6,6,8,10,5,9,5,6,9,2,9,10,9,8,8,
21,11,10,8,9,0,6,7,9,11,6,10,6,7,10,3,10,10,10,9,9,
22,10,10,8,12,0,6,7,9,11,6,12,6,7,10,3,10,10,10,12,9,
20,11,10,8,10,0,7,7,10,11,6,10,6,8,10,3,10,10,10,9,9,
20,11,10,8,9,0,7,7,10,11,6,9,6,8,10,3,10,10,10,9,9,
20,8,7,6,6,0,4,4,7,8,4,7,3,5,7,0,7,8,7,6,6,
23,13,10,9,10,0,7,7,10,14,7,10,6,8,10,3,10,11,13,9,9,
21,11,10,9,10,0,7,7,10,11,7,10,6,8,10,3,10,11,10,9,9,
19,11,10,9,10,0,7,7,10,11,7,10,6,8,10,3,10,11,10,9,9,
19,11,10,9,9,0,7,7,10,11,7,10,6,8,10,3,10,11,10,9,9,
19,11,10,9,10,0,7,7,10,11,7,10,6,8,10,3,10,11,10,9,9,
19,10,9,8,9,0,6,6,9,10,6,9,5,7,9,2,10,10,9,8,8,
19,11,10,8,10,0,7,7,10,11,6,10,6,8,10,3,11,11,11,9,9,
19,10,9,8,9,0,6,6,9,10,6,9,5,7,9,2,10,10,10,8,8,
19,11,10,8,10,0,7,7,10,11,6,10,6,8,10,3,10,11,10,9,9,
19,10,9,8,8,0,6,6,9,10,6,9,5,7,9,2,9,10,10,8,8,
20,10,9,7,9,0,6,7,9,10,5,9,5,7,9,2,10,9,10,8,8,
19,10,9,8,9,0,6,6,9,10,6,9,5,7,9,2,10,10,10,8,8,
20,10,9,8,8,0,6,6,9,10,6,9,5,7,9,2,10,10,10,8,8,
22,10,12,11,11,0,6,7,9,11,9,12,5,7,9,2,10,13,10,11,11,
20,10,10,8,9,0,6,7,9,11,6,9,5,7,9,3,10,10,10,9,9,
20,10,9,8,8,0,6,7,9,10,6,9,5,7,9,2,10,10,10,8,8,
21,12,11,10,11,0,8,8,11,12,8,11,7,9,11,2,11,12,11,10,10,
20,10,10,8,9,0,6,7,9,10,6,9,5,7,9,2,10,10,10,9,9,
20,10,10,8,9,0,8,7,9,11,6,9,6,7,9,3,10,10,10,9,9,
20,10,10,8,9,0,6,7,9,11,6,10,5,7,9,3,10,10,10,9,9,
21,10,10,8,9,0,6,7,9,10,6,12,5,7,9,2,10,10,10,9,9,
20,10,10,8,9,0,8,7,9,10,6,9,7,7,9,3,10,10,10,9,9,
20,10,10,8,9,0,6,7,9,11,6,10,5,7,9,3,10,10,10,9,9,
20,10,10,8,9,0,6,7,9,11,6,9,6,7,10,3,10,10,10,9,9,
20,10,10,8,9,0,6,7,9,11,6,10,5,7,9,3,10,10,10,9,9,
22,10,13,11,12,0,6,7,9,11,9,12,6,7,10,3,10,13,10,12,12,
20,10,10,8,9,0,6,7,9,11,6,9,6,7,10,3,10,10,10,8,9,
20,10,10,8,9,0,6,7,9,11,6,9,6,7,10,3,10,10,10,9,9,
22,12,11,10,11,0,8,9,11,12,8,11,7,9,11,3,12,12,12,10,10,
20,10,10,8,9,0,6,7,9,11,6,10,6,7,10,3,10,10,10,9,9,
20,10,10,8,9,0,6,7,9,11,6,10,6,8,10,3,10,10,10,9,9,
20,10,10,8,9,0,6,7,9,11,6,10,6,8,10,3,10,10,10,9,9,
20,10,10,8,9,0,6,7,9,11,6,10,6,7,10,3,10,10,10,9,9,
20,11,10,8,9,0,6,7,9,11,6,9,6,7,10,3,11,11,10,9,9,
20,11,10,8,9,0,6,7,9,11,6,10,6,7,10,3,10,11,10,9,9,
20,11,10,9,9,0,7,7,10,11,6,10,6,8,10,3,10,11,10,9,9,
20,11,10,8,9,0,7,7,10,11,6,9,6,8,10,3,10,10,10,8,9,
22,11,13,11,12,0,7,7,10,11,9,12,6,8,10,3,10,13,10,11,12,
20,11,10,9,9,0,7,7,10,11,7,10,6,8,10,3,10,11,10,9,9,
20,11,10,9,9,0,7,7,10,11,7,10,6,8,10,3,10,11,10,9,9,
21,12,12,10,11,0,8,9,11,13,8,12,7,9,11,6,12,12,12,11,11,
22,11,10,9,10,0,7,7,10,11,7,10,6,8,10,3,10,11,10,9,9,
19,11,10,8,10,0,7,7,10,11,6,10,6,8,10,3,10,11,11,9,9,
19,11,10,8,10,0,7,7,10,11,6,10,6,8,10,3,10,11,11,9,9,
19,11,10,8,9,0,7,7,10,11,6,10,6,8,10,3,10,11,10,9,9,
19,9,9,7,8,0,6,5,8,9,5,9,5,6,8,2,9,9,8,8,8,
22,13,13,9,13,0,7,7,13,13,7,13,6,8,13,3,14,14,13,10,9,
20,10,10,8,9,0,6,6,9,10,6,9,5,7,9,2,10,10,10,8,9,
20,10,9,8,9,0,6,6,9,10,6,9,5,7,9,2,10,10,10,8,8,
22,12,10,8,9,0,6,7,11,13,6,9,5,7,11,2,12,10,12,8,8,
22,10,10,8,9,0,6,7,9,10,6,9,5,7,9,2,10,10,10,8,8,
20,10,10,8,9,0,6,7,9,10,6,9,5,7,9,2,10,10,10,8,9,
22,10,9,8,9,0,6,7,9,11,6,9,5,7,9,3,10,10,10,9,8,
20,10,9,8,9,0,6,7,9,10,6,9,5,7,9,2,10,10,10,8,8,
20,10,10,8,9,0,6,7,9,11,6,9,5,7,9,3,10,10,10,8,9,
20,10,9,8,9,0,6,7,9,11,6,9,5,7,9,3,10,10,10,9,8,
20,10,9,8,9,0,6,7,9,11,6,9,5,7,9,2,10,10,10,8,8,
21,11,10,9,10,0,7,7,10,11,7,10,6,8,10,3,10,11,11,9,9,
20,10,10,8,8,0,7,7,10,11,7,9,7,7,10,3,11,10,10,8,9,
20,10,10,8,9,0,6,7,9,11,6,10,6,7,9,3,10,10,10,9,9,
20,10,10,8,9,0,6,7,9,11,6,9,6,7,9,3,10,10,10,9,8,
23,13,10,8,9,0,6,10,12,13,6,9,6,10,12,3,13,10,13,9,9,
21,10,10,8,9,0,6,7,9,11,6,10,6,7,9,3,10,10,10,9,9,
22,10,10,8,9,0,6,7,9,11,6,9,6,7,9,3,10,10,10,9,9,
23,10,10,8,9,0,6,7,9,11,6,9,5,7,9,2,10,10,10,9,9,
20,10,10,8,9,0,6,7,9,11,6,10,5,7,9,3,10,10,10,9,9,
20,11,10,8,10,0,6,7,9,11,6,10,6,7,10,3,10,11,10,9,9,
20,10,10,8,9,0,6,7,9,11,6,10,6,7,10,3,10,10,10,9,9,
20,10,10,8,9,0,6,7,9,11,6,9,6,7,10,3,10,10,10,9,9,
19,10,9,8,8,0,6,6,9,10,6,9,6,7,9,3,10,10,10,8,8,
23,13,13,8,9,0,6,7,13,13,7,13,6,7,13,3,13,14,13,9,9,
20,11,11,9,10,0,7,7,9,11,7,10,6,7,10,3,10,11,10,9,10,
20,11,10,8,9,0,6,7,9,11,6,10,6,7,10,3,10,11,10,9,9,
23,13,11,10,10,0,6,7,10,14,7,11,6,7,10,3,10,12,13,10,10,
20,11,10,8,9,0,6,7,9,11,6,9,6,7,10,3,10,10,10,9,9,
20,11,10,9,10,0,7,7,10,11,7,10,6,8,10,3,10,11,10,9,9,
22,10,9,8,8,0,6,6,9,10,6,9,5,7,9,2,10,10,10,8,8,
20,11,10,8,10,0,7,7,10,11,6,10,6,8,10,3,10,11,10,9,9,
19,11,10,9,10,0,7,7,10,11,7,10,6,8,10,3,10,11,10,9,9,
19,11,10,9,9,0,7,7,10,11,7,10,6,7,10,3,10,11,10,9,9,
19,11,10,9,9,0,7,7,10,11,7,10,6,7,10,3,10,11,10,9,9,
