22,4,4,3,4,0,3,2,4,5,3,4,2,3,4,1,4,4,4,4,3,
16,3,3,2,3,0,2,2,3,3,2,3,2,2,3,1,3,3,3,3,2,
7,3,2,2,2,0,2,2,2,3,2,3,1,2,2,1,3,2,2,2,2,
6,2,2,2,2,0,2,2,2,3,2,2,1,2,2,0,2,2,2,2,2,
6,2,2,1,1,0,1,1,1,2,1,2,1,1,2,1,2,2,2,1,1,
6,2,2,1,1,0,1,1,2,2,1,2,1,1,2,1,2,2,2,1,1,
6,2,2,1,1,0,1,1,1,2,1,2,1,1,2,1,2,2,2,1,1,
6,2,2,1,1,0,1,1,1,2,1,2,1,1,2,1,2,2,2,1,1,
6,2,2,1,1,0,1,2,2,2,1,2,1,2,2,1,2,2,2,1,1,
6,2,2,1,1,0,1,1,2,2,1,2,1,1,2,1,2,2,2,1,1,
6,2,2,1,2,0,1,1,2,2,1,2,1,1,2,1,2,2,2,1,1,
6,2,2,1,2,0,1,1,2,2,1,2,1,1,2,1,2,2,2,1,1,
6,2,2,1,2,0,1,1,2,2,1,2,1,1,2,1,2,2,2,1,1,
56,2,2,1,52,0,1,1,2,2,1,52,1,1,2,1,2,2,2,51,1,
7,2,2,1,1,0,1,1,1,2,1,2,1,1,2,1,2,2,2,1,1,
6,2,2,1,2,0,2,2,2,2,1,2,1,2,2,1,2,2,2,1,1,
6,2,2,1,2,0,2,1,2,2,1,2,1,1,2,1,2,2,2,1,1,
6,2,2,1,2,0,2,1,2,2,1,2,1,1,2,1,2,2,2,1,1,
8,2,2,1,2,0,2,1,2,2,1,2,1,1,2,1,2,2,2,1,2,
6,2,2,1,2,0,2,2,2,2,1,2,1,2,2,1,2,2,2,1,2,
7,2,2,1,2,0,2,2,2,2,1,2,1,2,2,1,2,2,2,1,2,
6,2,2,1,2,0,2,2,2,2,1,2,1,2,2,1,2,2,2,1,2,
6,2,2,1,2,0,2,2,2,2,1,2,1,2,2,1,2,2,2,1,2,
6,2,2,1,2,0,2,2,2,2,1,2,1,2,2,1,2,2,2,1,2,
6,2,2,1,2,0,2,2,2,3,1,2,1,2,2,1,2,2,2,2,2,
6,2,2,1,2,0,2,2,2,3,1,2,2,2,2,1,2,2,2,2,2,
6,2,2,1,2,0,2,2,2,3,1,2,1,2,2,1,2,2,2,1,2,
6,2,2,1,2,0,2,2,2,3,1,2,1,2,2,1,2,2,2,1,2,
6,2,2,1,2,0,2,2,2,3,1,2,1,2,2,1,2,2,2,2,2,
6,2,2,1,2,0,2,2,2,3,1,2,2,2,2,1,2,2,2,2,2,
6,3,2,2,2,0,2,2,2,3,2,2,2,2,2,1,2,2,2,2,2,
6,2,4,3,3,0,2,2,2,3,3,3,1,2,2,1,2,4,2,3,3,
5,2,2,2,2,0,2,2,2,3,2,2,2,2,2,1,2,2,2,2,2,
5,2,2,2,2,0,2,2,2,3,2,2,2,2,2,1,2,2,2,2,2,
6,3,2,2,2,0,2,2,2,3,2,2,2,2,2,1,2,2,2,2,2,
6,2,2,1,1,0,1,1,1,2,1,1,1,1,2,1,2,2,2,1,1,
5,3,2,2,2,0,2,2,2,3,2,2,2,2,2,1,2,2,2,2,2,
5,2,2,2,2,0,2,2,2,3,2,2,2,2,2,1,2,2,2,2,2,
7,4,2,2,2,0,2,4,4,4,2,2,2,4,4,1,4,2,4,2,2,
6,3,2,2,2,0,2,2,2,3,2,2,2,2,2,1,2,2,2,2,2,
6,2,1,1,1,0,1,1,1,2,1,1,1,1,1,0,1,1,1,1,1,
6,3,2,2,2,0,2,2,2,3,2,2,2,2,2,1,2,2,2,2,2,
5,3,2,2,2,0,2,2,2,3,2,2,2,2,2,1,2,2,2,2,2,
6,2,1,1,1,0,1,1,1,2,1,1,1,1,1,0,1,1,1,1,1,
6,2,1,1,1,0,1,1,1,2,1,1,1,1,1,0,1,2,2,1,1,
6,2,1,1,1,0,1,1,1,2,1,1,1,1,1,0,1,1,1,1,1,
6,2,1,1,1,0,1,1,1,2,1,1,1,1,1,0,1,2,2,1,1,
11,2,2,2,2,0,2,2,2,3,2,2,2,2,2,1,2,2,2,2,2,
6,2,1,1,1,0,1,2,1,2,1,1,1,1,1,0,2,2,2,1,1,
6,2,1,1,1,0,1,1,1,2,1,1,1,1,1,0,2,2,2,1,1,
6,2,1,1,1,0,1,1,1,2,1,1,1,1,1,0,2,2,2,1,1,
6,2,1,1,1,0,1,1,1,2,1,1,1,1,1,0,2,2,2,1,1,
6,2,1,1,1,0,1,1,1,2,1,1,1,1,1,0,2,2,2,1,1,
6,2,2,1,1,0,1,1,1,2,1,1,1,1,1,0,2,2,2,1,1,
6,2,2,1,1,0,1,1,1,2,1,2,1,1,2,0,2,2,2,1,1,
6,2,2,1,1,0,1,1,1,2,1,2,1,1,2,0,2,2,2,1,1,
9,5,2,1,1,0,1,4,5,5,1,2,1,4,5,1,5,2,5,1,1,
6,2,2,1,1,0,1,1,1,2,1,1,1,1,2,0,2,2,2,1,1,
6,2,2,1,1,0,1,1,1,2,1,1,1,1,2,0,2,2,2,1,1,
6,2,2,1,1,0,1,1,1,2,1,2,1,1,2,1,2,2,2,1,1,
6,2,2,1,1,0,1,1,2,2,1,1,1,1,2,1,2,2,2,1,1,
59,55,2,1,1,0,1,54,55,55,1,2,1,55,55,1,55,2,55,1,1,
7,2,2,1,1,0,3,1,1,2,1,2,3,1,2,1,2,2,2,1,1,
6,2,2,1,1,0,1,1,1,2,1,2,1,1,2,1,2,2,2,1,1,
6,2,2,1,1,0,1,1,1,2,1,2,1,1,2,1,2,2,2,1,1,
6,2,2,1,1,0,1,1,2,2,1,2,1,1,2,1,2,2,2,1,1,
8,2,2,1,2,0,1,1,2,2,1,2,1,1,2,1,2,2,2,1,1,
6,2,2,1,2,0,1,1,2,2,1,2,1,1,2,1,2,2,2,1,1,
6,2,2,1,2,0,1,1,1,2,1,2,1,1,2,1,2,2,2,1,1,
6,2,2,1,1,0,1,1,2,2,1,2,1,1,2,1,2,2,2,1,1,
6,2,2,1,2,0,1,1,2,2,1,2,1,1,2,1,2,2,2,1,1,
6,2,2,1,2,0,1,1,2,2,1,2,1,1,2,1,2,2,2,1,1,
6,2,2,1,2,0,1,1,2,2,1,2,1,1,2,1,2,2,2,1,1,
6,2,2,1,2,0,2,2,2,2,1,2,1,2,2,1,2,2,2,1,2,
6,2,2,1,2,0,2,1,2,2,1,2,1,2,2,1,2,2,2,1,2,
6,2,2,1,2,0,1,1,2,2,1,2,1,1,2,1,2,2,2,1,1,
6,2,2,1,2,0,2,1,2,2,1,2,1,1,2,1,2,2,2,1,1,
6,2,2,1,2,0,2,1,2,2,1,2,1,2,2,1,2,2,2,1,2,
6,2,2,1,2,0,2,1,2,2,1,2,1,2,2,1,2,2,2,1,2,
8,4,2,1,2,0,2,3,4,4,1,2,1,3,4,1,4,2,4,1,2,
6,2,2,1,2,0,2,2,2,2,1,2,1,2,2,1,2,2,2,1,2,
6,2,2,1,2,0,2,2,2,2,1,2,1,2,2,1,2,2,2,1,2,
6,2,2,1,2,0,2,2,2,2,1,2,1,2,2,1,2,2,2,1,2,
6,2,2,1,2,0,2,2,2,2,1,2,1,2,2,1,2,2,2,1,2,
6,2,2,1,2,0,2,2,2,2,1,2,1,2,2,1,2,2,2,1,2,
6,2,2,1,2,0,2,2,2,2,1,2,1,2,2,1,2,2,2,2,2,
6,2,2,1,2,0,2,2,2,3,1,2,2,2,2,1,2,2,2,2,2,
6,2,2,2,2,0,2,2,2,3,2,2,2,2,2,1,2,2,2,2,2,
6,2,2,1,2,0,2,2,2,3,1,2,1,2,2,1,2,2,2,2,2,
9,2,2,1,2,0,2,2,6,3,2,2,2,2,6,1,6,2,2,2,2,
5,2,2,2,2,0,2,2,2,3,2,2,2,2,2,1,2,2,2,2,2,
5,2,2,2,2,0,2,2,2,3,2,2,2,2,2,1,2,2,2,2,2,
5,2,2,2,2,0,2,2,2,3,2,2,2,2,2,1,2,2,2,2,2,
5,3,2,2,2,0,2,2,2,3,2,2,2,2,2,1,2,2,2,2,2,
6,3,2,2,2,0,2,2,2,3,2,2,2,2,2,1,2,2,2,2,2,
5,3,2,2,2,0,2,2,2,3,2,2,2,2,2,1,2,2,2,2,2,
6,3,2,2,2,0,2,2,2,3,2,2,2,2,2,1,2,2,2,2,2,
5,3,2,2,2,0,2,2,2,3,2,2,2,2,2,1,2,2,2,2,2,
6,3,2,2,2,0,2,2,2,3,2,2,2,2,2,1,2,2,2,2,2,
6,2,1,1,1,0,1,1,1,2,1,1,1,1,1,0,1,1,1,1,1,
7,2,2,1,1,0,1,1,1,2,1,2,1,1,2,0,2,2,2,1,1,
6,2,1,1,1,0,1,1,1,2,1,1,1,1,1,0,1,2,1,1,1,
6,2,1,1,1,0,1,1,1,2,1,1,1,1,1,0,1,2,1,1,1,
6,2,1,1,1,0,1,1,1,2,1,1,1,1,1,0,1,2,2,1,1,
7,2,3,3,3,0,1,1,1,2,3,3,1,1,1,0,1,3,2,3,3,
6,2,1,1,1,0,1,1,1,2,1,1,1,1,1,0,1,1,2,1,1,
6,2,1,1,1,0,1,1,1,2,1,1,1,1,2,0,1,2,2,1,1,
6,2,1,1,1,0,1,1,1,2,1,1,1,1,1,0,2,2,2,1,1,
6,2,2,1,1,0,1,1,1,2,1,1,1,1,2,0,2,2,2,1,1,
6,2,1,1,1,0,1,1,1,2,1,1,1,1,2,0,2,2,2,1,1,
6,2,1,1,1,0,1,1,1,2,1,1,1,1,2,0,2,2,2,1,1,
6,2,1,1,3,0,1,1,1,2,1,3,1,1,2,0,2,2,2,2,1,
7,2,2,1,1,0,3,1,1,2,1,1,3,1,2,0,2,2,2,1,1,
6,2,1,1,1,0,1,1,1,2,1,1,1,1,2,0,2,2,2,1,1,
6,2,2,1,1,0,1,1,1,2,1,1,1,1,2,0,2,2,2,1,1,
6,2,2,1,1,0,1,1,1,2,1,1,1,1,2,0,2,2,2,1,1,
8,2,2,1,1,0,1,1,2,2,1,2,1,1,2,0,2,2,2,1,1,
6,2,2,1,1,0,1,1,1,2,1,2,1,1,2,0,2,2,2,1,1,
6,2,2,1,1,0,1,1,2,2,1,2,1,1,2,1,2,2,2,1,1,
6,2,2,1,1,0,1,1,1,2,1,1,1,1,2,1,2,2,2,1,1,
6,2,2,1,1,0,1,1,2,2,1,2,1,1,2,1,2,2,2,1,1,
6,2,2,1,1,0,1,1,2,2,1,2,1,1,2,1,2,2,2,1,1,
6,2,2,1,1,0,1,1,2,2,1,2,1,1,2,1,2,2,2,1,1,
6,2,2,1,1,0,1,1,2,2,1,2,1,1,2,1,2,2,2,1,1,
6,2,2,1,1,0,1,1,2,2,1,2,1,1,2,1,2,2,2,1,1,
6,2,2,1,1,0,1,1,2,2,1,2,1,1,2,1,2,2,2,1,1,
8,4,5,1,4,0,4,4,4,4,1,4,1,4,4,1,4,5,4,1,4,
9,2,2,1,1,0,1,1,2,5,1,2,1,1,2,1,2,2,2,1,1,
6,2,2,1,1,0,1,1,2,2,1,2,1,1,2,1,2,2,2,1,1,
6,2,2,1,1,0,2,2,2,3,1,2,1,2,2,1,2,2,2,1,1,
6,2,2,1,2,0,2,1,2,2,1,2,1,1,2,1,2,2,2,1,2,
6,2,2,1,1,0,1,1,2,2,1,2,1,1,2,1,2,2,2,1,1,
6,2,2,1,1,0,1,1,2,2,1,2,1,2,2,1,2,2,2,1,1,
6,2,2,1,1,0,1,1,2,2,1,2,1,1,2,1,2,2,2,1,1,
6,2,2,1,2,0,1,1,2,2,1,2,1,1,2,1,2,2,2,1,2,
6,2,2,1,2,0,1,1,2,2,1,2,1,1,2,1,2,2,2,1,1,
7,2,2,1,4,0,1,1,2,2,1,4,1,1,2,1,2,2,2,3,1,
8,2,2,1,2,0,4,2,2,3,1,2,1,2,2,1,2,2,2,1,2,
6,2,2,1,2,0,2,2,2,3,1,2,1,2,2,1,2,2,2,1,2,
6,1,1,1,1,0,1,1,1,1,1,1,1,1,1,1,1,1,1,1,1,
7,3,2,1,2,0,2,2,2,3,1,2,2,2,2,1,2,2,2,1,2,
6,2,2,1,2,0,2,2,2,2,1,2,1,2,2,1,2,2,2,1,2,
6,2,2,1,2,0,2,2,2,2,1,2,1,2,2,1,2,2,2,1,2,
6,2,2,1,2,0,2,2,2,3,1,2,1,2,2,1,2,2,2,1,2,
6,2,2,1,2,0,2,2,2,2,1,2,1,2,2,1,2,2,2,1,2,
11,2,2,1,2,0,2,2,2,3,1,2,1,2,2,1,2,2,2,2,2,
8,2,4,3,4,0,2,2,2,3,3,4,1,2,2,1,2,4,2,4,4,
6,2,2,2,2,0,2,2,2,3,2,2,2,2,2,1,2,2,2,2,2,
5,2,2,1,2,0,2,2,2,3,2,2,2,2,2,1,2,2,2,2,2,
5,2,2,2,2,0,2,2,2,3,2,2,2,2,2,1,2,2,2,2,2,
8,2,2,1,1,0,1,1,1,2,1,1,1,1,2,0,2,2,2,1,1,
5,2,2,2,2,0,2,2,2,3,2,2,2,2,2,1,2,2,2,2,2,
5,3,2,2,2,0,2,2,2,3,2,2,2,2,2,1,2,2,2,2,2,
5,3,2,2,2,0,2,2,2,3,2,2,2,2,2,1,2,2,2,2,2,
8,3,5,4,5,0,2,2,2,3,4,5,2,2,2,1,2,5,2,5,5,
5,3,2,2,2,0,2,2,2,3,2,2,2,2,2,1,2,2,2,2,2,
44,2,2,1,2,0,38,2,2,3,1,2,38,2,2,1,2,2,2,2,2,
6,2,1,1,1,0,1,1,1,2,1,1,1,1,1,0,1,2,2,1,1,
6,2,1,1,1,0,1,1,1,2,1,1,1,1,1,0,1,1,1,1,1,
6,2,1,1,1,0,1,1,1,2,1,1,1,1,1,0,1,1,1,1,1,
8,2,1,1,4,0,1,1,1,2,1,4,1,1,1,0,1,2,2,4,1,
6,2,1,1,1,0,1,1,1,2,1,1,1,1,1,0,1,2,2,1,1,
6,2,1,1,1,0,1,1,1,2,1,1,1,1,1,0,1,1,2,1,1,
47,2,1,1,1,0,1,1,42,2,1,1,1,1,43,0,43,1,2,1,1,
6,2,1,1,1,0,1,1,1,2,1,1,1,1,2,0,2,2,2,1,1,
52,48,1,1,1,0,1,1,1,48,1,1,1,1,2,0,2,2,48,1,1,
6,2,2,1,1,0,1,1,1,2,1,2,1,1,2,0,2,2,2,1,1,
6,2,1,1,1,0,1,1,1,2,1,1,1,1,1,0,2,2,2,1,1,
6,2,2,1,1,0,1,1,1,2,1,1,1,1,2,0,2,2,2,1,1,
6,2,2,1,1,0,1,1,1,2,1,1,1,1,2,0,2,2,2,1,1,
6,2,2,1,1,0,1,1,1,2,1,1,1,1,2,0,2,2,2,1,1,
9,2,2,1,1,0,1,1,5,2,1,1,1,1,5,0,5,2,2,1,1,
6,2,2,1,1,0,1,1,1,2,1,1,1,1,2,0,2,2,2,1,1,
6,2,2,1,1,0,1,1,1,2,1,2,1,1,2,1,2,2,2,1,1,
6,2,2,1,1,0,1,1,1,2,1,2,1,1,2,1,2,2,2,1,1,
37,31,34,31,31,0,31,31,32,31,31,31,32,32,31,1,31,33,31,31,32,
10,2,2,1,2,0,1,1,2,2,1,2,1,2,2,1,2,2,2,1,2,
6,2,2,1,2,0,1,1,1,2,1,2,1,1,2,1,2,2,2,1,1,
6,2,2,1,1,0,1,1,1,2,1,2,1,1,2,1,2,2,2,1,1,
6,2,2,1,1,0,1,1,1,2,1,2,1,1,2,1,2,2,2,1,1,
6,2,2,1,2,0,1,1,1,2,1,2,1,1,2,1,2,2,2,1,1,
8,2,2,1,1,0,1,1,1,2,1,2,1,1,2,1,2,2,2,1,1,
6,2,2,1,2,0,1,1,2,2,1,2,1,1,2,1,2,2,2,1,1,
6,2,2,1,2,0,1,1,2,2,1,2,1,1,2,1,2,2,2,1,1,
6,2,2,1,2,0,1,1,2,2,1,2,1,1,2,1,2,2,2,1,1,
6,2,2,1,2,0,1,1,2,2,1,2,1,1,2,1,2,2,2,1,1,
6,2,2,1,2,0,1,1,2,2,1,2,1,1,2,1,2,2,2,1,1,
9,2,2,1,2,0,1,1,2,2,1,2,1,1,2,1,2,2,2,1,1,
6,2,2,1,2,0,1,1,2,2,1,2,1,1,2,1,2,2,2,1,2,
7,2,2,1,2,0,1,1,2,2,1,2,1,2,2,1,2,2,2,1,2,
6,2,2,1,2,0,2,2,2,2,1,2,1,2,2,1,2,2,2,2,2,
6,2,2,2,2,0,2,2,2,3,2,2,1,2,2,1,2,2,2,2,2,
6,2,2,1,2,0,2,2,2,2,1,2,1,2,2,1,2,2,2,2,2,
6,2,2,1,2,0,2,2,2,2,1,2,1,2,2,1,2,2,2,2,2,
6,2,2,1,2,0,2,2,2,2,1,2,1,2,2,1,2,2,2,2,2,
6,2,2,1,2,0,2,2,2,2,1,2,1,2,2,1,2,2,2,2,2,
6,2,2,1,2,0,2,2,2,2,1,2,1,2,2,1,2,2,2,2,2,
6,2,2,1,2,0,2,2,2,2,1,2,1,2,2,1,2,2,2,2,2,
9,2,5,4,5,0,2,2,2,2,4,5,1,2,2,1,2,5,2,4,4,
6,2,2,1,2,0,2,2,2,2,2,2,1,2,2,1,2,2,2,2,2,
35,2,2,2,2,0,2,2,2,3,2,32,1,2,2,1,2,2,2,2,2,
34,2,2,2,3,0,2,2,2,3,31,2,2,2,2,1,2,2,2,2,2,
5,3,3,2,2,0,2,2,2,3,2,2,2,2,2,1,2,3,2,2,2,
5,3,2,2,2,0,2,2,2,3,2,2,2,2,2,1,2,2,2,2,2,
5,2,1,1,1,0,1,1,1,2,1,1,1,1,1,0,1,1,1,1,1,
5,2,2,2,2,0,2,2,2,3,2,2,2,2,2,1,2,2,2,2,2,
7,0,1,1,0,0,1,0,1,0,0,0,1,1,0,0,0,1,1,0,1,
6,4,2,2,2,0,2,2,2,4,2,2,2,2,2,1,2,2,3,2,2,
5,3,2,2,2,0,2,2,2,3,2,2,2,2,2,1,2,2,2,2,2,
5,3,2,2,2,0,2,2,2,3,2,2,2,2,2,1,2,2,2,2,2,
5,2,1,1,1,0,1,1,1,2,1,1,1,1,1,0,1,1,1,1,1,
8,2,1,1,1,0,1,1,1,4,1,1,1,1,1,0,1,1,1,1,1,
6,2,1,1,1,0,1,1,1,2,1,1,1,1,1,0,1,1,1,1,1,
6,2,1,1,1,0,1,1,1,2,1,1,1,1,1,0,1,1,1,1,1,
6,2,1,1,1,0,1,1,1,2,1,1,1,1,1,0,1,1,2,1,1,
6,2,1,1,1,0,1,1,1,2,1,1,1,1,1,0,1,1,2,1,1,
6,2,1,1,1,0,1,1,1,2,1,1,1,1,1,0,1,1,2,1,1,
5,2,1,1,1,0,1,1,1,2,1,1,1,1,1,0,1,1,1,1,1,
6,2,1,1,1,0,1,1,1,2,1,1,1,1,1,0,1,2,2,1,1,
6,2,1,1,1,0,1,1,1,2,1,1,1,1,1,0,1,2,2,1,1,
35,2,1,1,1,0,1,1,1,2,1,1,1,1,1,30,1,31,2,1,1,
35,1,1,0,0,0,0,0,0,1,0,1,0,30,1,0,1,1,1,0,1,
12,2,2,1,1,0,1,2,2,2,1,1,1,2,2,0,2,2,2,1,1,
6,2,1,1,1,0,1,1,1,2,1,1,1,1,1,2,2,2,2,1,1,
6,2,1,1,1,0,1,1,1,2,1,1,1,1,1,0,2,2,2,1,1,
6,2,1,1,1,0,1,1,1,2,1,1,1,1,2,0,2,2,2,1,1,
6,2,2,1,1,0,1,1,1,2,1,1,1,1,1,0,2,2,2,1,1,
6,2,2,1,1,0,1,1,1,2,1,1,1,1,2,0,2,2,2,1,1,
6,2,2,1,1,0,1,1,2,2,1,2,1,1,2,1,2,2,2,1,1,
7,2,4,3,3,0,1,1,1,2,3,3,1,1,2,0,2,4,2,3,3,
7,2,2,1,1,0,1,1,1,2,1,2,1,1,2,1,2,2,2,1,1,
8,2,4,4,4,0,1,1,1,2,4,4,1,1,2,1,2,5,2,4,4,
6,2,2,1,1,0,1,1,2,2,1,2,1,1,2,1,2,2,2,1,1,
6,2,2,1,1,0,1,1,2,2,1,1,1,1,2,0,2,2,2,1,1,
6,2,2,1,1,0,1,1,1,2,1,2,1,1,2,1,2,2,2,1,1,
8,3,2,2,2,0,2,2,2,3,2,2,2,2,2,1,2,2,2,2,2,
6,2,2,1,1,0,1,1,1,2,1,2,1,1,2,1,2,2,2,1,1,
6,2,2,1,1,0,1,1,1,2,1,2,1,1,2,1,2,2,2,1,1,
6,2,2,1,1,0,1,1,1,2,1,2,1,1,2,1,2,2,2,1,1,
34,2,2,1,31,0,1,1,1,2,1,2,1,1,2,1,2,2,2,1,1,
6,2,2,1,2,0,1,1,2,2,1,3,1,1,2,1,2,2,2,2,1,
6,2,2,1,2,0,1,1,2,2,1,2,1,1,2,1,2,2,2,1,1,
6,2,2,1,1,0,1,1,2,2,1,2,1,1,2,1,2,2,2,1,1,
6,2,2,2,2,0,2,1,2,2,2,2,1,2,2,1,2,2,2,2,2,
6,2,2,1,2,0,1,1,2,2,1,2,1,1,2,1,2,2,2,1,1,
6,2,2,1,2,0,2,1,2,2,1,2,1,2,2,1,2,2,2,1,2,
6,2,2,1,2,0,1,1,2,2,1,2,1,1,2,1,2,2,2,1,2,
6,2,2,1,2,0,2,2,2,2,1,2,1,2,2,1,2,2,2,1,2,
25,2,21,1,2,0,2,2,2,2,1,2,1,2,2,1,2,2,2,1,2,
6,2,2,1,2,0,2,2,2,2,2,2,2,2,2,1,2,3,2,2,2,
6,2,2,2,2,0,2,2,2,2,2,2,1,2,2,1,2,2,2,2,2,
7,2,2,2,2,0,2,1,2,2,2,2,1,2,2,1,2,2,2,2,2,
8,0,1,1,0,0,0,0,1,0,0,0,1,1,0,0,0,1,0,0,1,
8,4,2,1,2,0,2,2,2,4,1,2,1,2,2,1,2,2,4,2,2,
5,1,1,1,1,0,1,1,1,2,1,1,0,1,1,0,1,1,1,1,1,
5,2,2,1,2,0,2,2,2,2,1,2,1,2,2,1,2,2,2,2,2,
33,2,2,2,2,0,2,2,2,3,1,2,2,2,30,1,2,2,2,2,2,
6,2,2,2,2,0,2,2,2,3,2,2,1,2,3,1,3,2,2,2,2,
7,2,2,2,2,0,2,2,4,3,2,2,2,2,4,1,4,2,2,2,2,
5,2,2,2,2,0,2,2,2,3,2,2,2,2,2,1,2,2,2,2,2,
5,2,2,2,2,0,2,2,2,3,2,2,2,2,2,1,2,2,2,2,2,
5,2,2,2,2,0,2,2,2,3,2,2,2,2,2,1,2,2,2,2,2,
5,2,2,2,2,0,2,2,2,3,2,2,2,2,2,1,2,2,2,2,2,
5,3,2,2,2,0,2,2,2,3,2,2,2,2,2,1,2,2,2,2,2,
5,2,2,2,2,0,2,2,2,3,2,2,2,2,2,1,2,2,2,2,2,
5,3,2,2,2,0,2,2,2,3,2,2,2,2,2,1,2,2,2,2,2,
5,3,2,2,2,0,2,2,2,3,2,2,2,2,2,1,2,2,2,2,2,
6,2,2,2,2,0,3,2,2,3,2,2,3,2,2,1,2,2,2,2,2,
5,3,2,2,2,0,2,2,2,3,2,2,2,2,2,1,2,2,2,2,2,
8,2,2,2,2,0,2,2,2,3,2,2,2,2,2,1,2,2,2,2,2,
5,2,1,1,1,0,1,1,1,2,1,1,1,1,1,0,1,1,1,1,1,
6,2,1,1,1,0,1,1,1,2,1,1,1,1,1,0,1,1,1,1,1,
5,2,1,1,1,0,1,1,1,2,1,1,1,1,1,0,1,1,1,1,1,
6,2,1,1,1,0,1,1,1,2,1,1,1,1,1,0,1,1,2,1,1,
6,2,1,1,1,0,1,1,1,2,1,1,1,1,1,0,2,1,2,1,1,
6,2,1,1,1,0,1,1,1,2,1,1,1,1,1,0,2,1,2,1,1,
5,2,1,1,1,0,1,1,1,2,1,1,1,1,1,0,1,1,1,1,1,
20,2,1,1,1,0,1,1,2,2,1,1,1,1,2,0,17,1,2,1,1,
6,2,1,1,1,0,1,1,1,2,1,1,1,1,2,0,2,1,2,1,1,
6,2,1,1,1,0,1,1,1,2,1,1,1,1,2,0,2,2,2,1,1,
6,2,1,1,1,0,1,1,1,2,1,1,1,1,1,0,2,2,2,1,1,
6,2,1,1,1,0,1,1,1,2,1,1,1,1,1,0,1,2,2,1,1,
6,2,1,1,1,0,1,1,1,2,1,1,1,1,1,0,2,2,2,1,1,
6,2,1,1,1,0,1,1,1,2,1,1,1,1,1,0,2,2,2,1,1,
6,2,1,1,1,0,1,1,1,2,1,1,1,1,2,0,2,2,2,1,1,
6,2,1,1,1,0,1,1,1,2,1,1,1,1,1,0,2,2,2,1,1,
6,2,1,1,1,0,1,1,1,2,1,1,1,1,1,0,2,2,2,1,1,
6,2,1,1,1,0,1,1,1,2,1,1,1,1,1,0,2,2,2,1,1,
8,4,5,1,4,0,4,4,4,4,1,4,1,4,4,0,4,5,4,4,4,
9,5,1,1,1,0,1,1,1,5,1,1,1,1,2,0,2,2,2,1,1,
6,2,1,1,1,0,1,1,1,2,1,1,1,1,1,0,2,2,2,1,1,
6,2,1,1,1,0,1,1,1,2,1,1,1,1,1,0,2,2,2,1,1,
6,2,1,1,1,0,1,1,1,2,1,1,1,1,2,0,2,2,2,1,1,
6,2,2,1,1,0,1,1,1,2,1,1,1,1,2,1,2,2,2,1,1,
6,2,2,1,1,0,1,1,2,2,1,2,1,1,2,1,2,2,2,1,1,
6,2,2,1,1,0,1,1,2,2,1,1,1,1,2,1,2,2,2,1,1,
6,2,2,1,1,0,1,1,2,2,1,1,1,1,2,1,2,2,2,1,1,
6,2,2,1,1,0,1,1,2,2,1,2,1,1,2,1,2,2,2,1,1,
7,2,2,1,3,0,1,1,2,2,1,3,1,1,2,1,2,2,2,3,1,
8,2,2,1,1,0,4,1,2,2,1,2,1,1,2,1,2,2,2,1,1,
6,2,2,1,1,0,1,1,2,2,1,2,1,1,2,1,2,2,2,1,1,
6,1,1,0,0,0,0,0,1,1,0,1,0,0,1,0,1,1,1,0,0,
6,2,2,1,1,0,1,1,2,3,1,2,1,1,2,1,2,2,2,1,1,
6,2,2,1,2,0,2,1,2,2,1,2,1,1,2,1,2,2,2,1,1,
6,2,2,1,2,0,2,1,2,2,1,2,1,1,2,1,2,2,2,1,1,
6,2,2,1,2,0,2,1,2,2,1,2,1,2,2,1,2,2,2,1,1,
6,2,2,1,2,0,2,1,2,2,1,2,1,1,2,1,2,2,2,1,1,
11,2,2,1,1,0,1,1,1,2,1,1,1,1,2,0,2,2,2,1,1,
6,2,2,1,2,0,2,2,2,2,1,2,1,2,2,1,2,2,2,1,2,
6,2,2,1,2,0,2,2,2,2,1,2,1,2,2,1,2,2,2,2,2,
6,2,2,1,2,0,2,2,2,2,1,2,1,2,2,1,2,2,2,2,2,
6,2,2,1,2,0,2,2,2,2,1,2,1,2,2,1,2,2,2,1,2,
6,2,2,1,2,0,2,2,2,2,1,2,1,2,2,1,2,2,2,1,2,
6,2,2,1,2,0,2,2,2,2,1,2,1,2,2,1,2,2,2,2,2,
7,2,2,1,2,0,4,2,2,2,1,2,4,2,2,1,2,2,2,2,2,
5,2,2,1,2,0,2,2,2,2,1,2,2,2,2,1,2,2,2,2,2,
8,5,2,1,2,0,2,5,5,5,2,2,2,5,5,1,5,2,5,2,2,
5,2,2,2,2,0,2,2,2,2,2,2,2,2,2,1,2,2,2,2,2,
5,2,2,1,2,0,2,2,2,3,2,2,2,2,2,1,2,2,2,2,2,
5,2,2,2,2,0,2,2,2,3,2,2,2,2,2,1,2,2,2,2,2,
5,3,2,2,2,0,2,2,2,3,2,2,2,2,2,1,2,2,2,2,2,
5,2,2,2,2,0,2,2,2,3,2,2,2,2,2,1,2,2,2,2,2,
5,2,2,2,2,0,2,2,2,3,2,2,2,2,2,1,2,2,2,2,2,
5,2,2,2,2,0,2,2,2,3,2,2,2,2,2,1,2,2,2,2,2,
8,2,2,2,2,0,2,2,2,3,2,2,2,2,2,1,2,2,2,2,2,
5,2,1,1,1,0,1,1,1,2,1,1,1,1,1,0,1,1,1,1,1,
5,2,1,1,1,0,1,1,1,2,1,1,1,1,1,0,1,1,1,1,1,
5,2,1,1,1,0,1,1,1,2,1,1,1,1,1,0,1,1,1,1,1,
7,3,2,2,3,0,2,2,2,3,2,3,2,2,2,1,2,2,2,3,2,
5,2,1,1,1,0,1,1,1,2,1,1,1,1,1,0,1,1,1,1,1,
5,2,1,1,1,0,1,1,1,2,1,1,1,1,1,0,1,1,1,1,1,
5,3,2,2,2,0,2,2,2,3,2,2,2,2,2,1,2,2,2,2,2,
5,3,2,2,2,0,2,2,2,3,2,2,2,2,2,1,2,2,2,2,2,
6,2,1,1,1,0,1,1,1,2,1,1,1,1,1,0,1,1,2,1,1,
6,2,1,1,1,0,1,1,1,2,1,1,1,1,1,0,1,1,2,1,1,
6,2,2,1,1,0,1,1,1,2,1,1,1,1,1,0,2,2,2,1,2,
5,2,1,1,1,0,1,1,1,2,1,1,1,1,1,0,1,1,2,1,1,
6,2,1,1,1,0,1,1,1,2,1,1,1,1,1,0,2,2,2,1,1,
7,0,1,0,0,0,0,0,0,0,0,0,0,0,0,0,0,1,0,0,1,
6,3,2,1,1,0,1,1,1,3,1,1,1,1,2,0,2,2,2,1,1,
6,2,1,1,1,0,1,1,1,2,1,1,1,1,1,0,2,1,2,1,1,
6,2,1,1,1,0,1,1,1,2,1,1,1,1,1,0,1,1,2,1,1,
6,2,1,1,1,0,1,1,1,2,1,1,1,1,1,0,1,1,2,1,1,
6,3,2,2,2,0,2,2,2,3,2,2,2,2,2,1,2,2,2,2,2,
11,2,1,1,1,0,1,1,1,2,1,1,1,1,1,0,1,1,2,1,1,
7,3,1,1,1,0,1,2,2,3,1,1,1,2,3,0,3,1,3,1,1,
6,3,2,2,2,0,2,2,2,3,2,2,2,2,2,1,2,2,2,2,2,
6,2,1,1,1,0,1,1,1,2,1,1,1,1,1,0,2,2,2,1,1,
6,2,2,1,1,0,1,1,1,2,1,2,1,1,2,1,2,2,2,1,1,
8,2,2,2,2,0,2,2,2,3,2,2,2,2,2,1,2,2,2,2,2,
7,2,2,1,1,0,1,1,1,2,1,1,1,1,2,1,2,2,2,1,1,
6,2,2,1,1,0,1,1,1,2,1,1,1,1,2,1,2,2,2,1,1,
6,2,1,1,1,0,1,1,1,2,1,1,1,1,2,0,2,2,2,1,1,
6,2,2,1,1,0,1,1,1,2,1,1,1,1,2,0,2,2,2,1,1,
6,2,2,1,1,0,1,1,1,2,1,2,1,1,2,1,2,2,2,1,1,
6,2,2,1,1,0,1,1,1,2,1,2,1,1,2,1,2,2,2,1,1,
6,2,2,1,1,0,1,1,1,2,1,2,1,1,2,0,2,2,2,1,1,
8,2,2,1,1,0,1,1,1,2,1,2,1,1,2,1,2,2,2,1,1,
6,2,2,1,1,0,1,1,1,2,1,2,1,1,2,1,2,2,2,1,1,
6,2,2,1,1,0,1,1,1,2,1,2,1,1,2,1,2,2,2,1,1,
6,2,2,1,1,0,1,1,2,2,1,2,1,1,2,1,2,2,2,1,1,
16,3,2,1,2,0,2,2,2,11,1,2,1,2,2,1,2,2,3,1,1,
6,2,2,1,2,0,1,1,2,2,1,2,1,1,2,1,2,2,2,1,1,
6,2,2,1,2,0,1,1,2,2,1,2,1,1,2,1,2,2,2,1,1,
6,2,2,1,2,0,2,1,2,2,1,2,1,1,2,1,2,2,2,1,1,
6,2,2,1,2,0,2,1,2,2,1,2,1,1,2,1,2,2,2,1,1,
8,2,5,4,4,0,1,1,2,2,4,5,1,1,2,1,2,5,2,4,4,
6,2,2,1,2,0,2,2,2,2,1,2,1,2,2,1,2,2,2,1,1,
6,2,2,1,2,0,2,1,2,2,1,2,1,2,2,1,2,2,2,2,1,
6,2,2,1,2,0,2,2,2,2,1,2,1,2,2,1,2,2,2,1,1,
6,2,2,1,2,0,2,2,2,2,1,2,1,2,2,1,2,2,2,1,1,
6,2,2,1,2,0,2,2,2,2,1,2,1,2,2,1,2,2,2,2,2,
6,2,2,1,2,0,2,2,2,2,1,2,1,2,2,1,2,2,2,2,1,
7,2,2,1,3,0,2,2,2,2,1,3,1,2,2,1,2,2,2,3,2,
7,2,2,1,2,0,4,2,2,2,1,2,3,2,2,1,2,2,2,1,2,
5,2,2,1,2,0,2,2,2,2,1,2,1,2,2,1,2,2,2,2,2,
5,2,2,1,2,0,2,2,2,2,1,2,1,2,2,1,2,2,2,1,2,
5,2,2,1,2,0,2,2,2,2,1,2,2,2,2,1,2,2,2,2,2,
7,2,2,1,2,0,2,2,2,2,1,2,2,2,2,1,2,2,2,2,2,
5,2,2,1,2,0,2,2,2,2,2,2,2,2,2,1,2,2,2,2,2,
6,2,2,1,2,0,2,2,2,2,1,2,1,2,2,1,2,2,2,2,2,
5,2,2,1,2,0,2,2,2,3,1,2,1,2,2,1,2,2,2,2,2,
5,2,2,2,2,0,2,2,2,3,2,2,2,2,2,1,2,2,2,2,2,
5,2,2,1,2,0,2,2,2,2,2,2,2,2,2,1,2,2,2,2,2,
5,2,2,1,2,0,2,2,2,3,2,2,2,2,2,1,2,2,2,2,2,
5,3,2,2,2,0,2,2,2,3,2,2,2,2,2,1,2,2,2,2,2,
5,2,2,2,2,0,2,2,2,3,2,2,2,2,2,1,2,2,2,2,2,
19,16,2,2,2,0,2,2,2,3,2,2,2,2,2,1,2,2,3,2,2,
8,4,5,4,4,0,4,4,4,4,4,4,4,4,4,4,4,5,4,4,5,
7,4,2,2,2,0,2,2,2,5,2,2,2,2,2,1,2,2,4,2,2,
5,3,2,2,2,0,2,2,2,3,2,2,2,2,2,1,2,2,2,2,2,
5,3,2,2,2,0,2,2,2,3,2,2,2,2,2,1,2,2,2,2,2,
5,3,2,2,2,0,2,2,2,3,2,2,2,2,2,1,2,2,2,2,2,
5,2,2,2,2,0,2,2,2,3,2,2,2,2,2,1,2,2,2,2,2,
7,2,1,1,1,0,1,1,1,2,1,1,1,1,1,0,1,1,1,1,1,
5,2,1,1,1,0,1,1,1,2,1,1,1,1,2,0,2,1,1,1,1,
6,2,1,1,1,0,1,1,1,2,1,1,1,1,2,0,2,1,2,1,1,
6,2,1,1,1,0,1,1,1,2,1,1,1,1,1,0,2,1,1,1,1,
5,2,1,1,1,0,1,1,1,2,1,1,1,1,1,0,2,1,2,1,1,
5,2,1,1,1,0,1,1,1,2,1,1,1,1,1,0,1,1,1,1,1,
6,2,1,1,1,0,1,1,1,2,1,1,1,1,2,0,2,2,2,1,1,
5,2,1,1,1,0,1,1,1,2,1,1,1,1,1,0,1,1,2,1,1,
5,2,1,1,1,0,1,1,1,2,1,1,1,1,2,0,1,1,2,1,1,
7,2,3,2,2,0,1,1,1,2,2,3,1,1,1,0,1,3,2,2,2,
6,2,1,1,1,0,1,1,1,2,1,1,1,1,2,0,2,2,2,1,1,
6,2,1,1,1,0,1,1,1,2,1,1,1,1,2,0,2,2,2,1,1,
6,2,1,1,1,0,1,1,1,2,1,1,1,1,1,0,2,2,2,1,1,
6,2,2,1,2,0,2,2,2,2,1,2,1,2,2,1,2,2,2,1,2,
6,2,1,1,1,0,1,1,1,2,1,1,1,1,2,0,2,2,2,1,1,
6,2,1,1,1,0,1,1,1,2,1,1,1,1,2,0,2,2,2,1,1,
6,2,2,1,1,0,1,1,1,2,1,1,1,1,2,0,2,2,2,1,1,
6,2,2,1,1,0,1,1,1,2,1,1,1,1,2,0,2,2,2,1,1,
6,2,2,1,2,0,2,2,2,2,1,2,1,2,2,1,2,2,2,1,2,
6,2,2,1,1,0,1,1,1,2,1,1,1,1,2,1,2,2,2,1,1,
6,2,2,1,1,0,1,1,1,2,1,1,1,1,2,1,2,2,2,1,1,
6,2,2,1,1,0,1,1,1,2,1,1,1,1,2,1,2,2,2,1,1,
8,5,2,1,1,0,1,4,4,5,1,1,1,4,4,1,4,2,4,1,1,
6,2,2,1,1,0,1,1,1,2,1,1,1,1,2,1,2,2,2,1,1,
5,2,2,1,2,0,2,2,2,2,1,2,1,2,2,1,2,2,2,1,2,
6,2,2,1,1,0,1,1,1,2,1,1,1,1,2,1,2,2,2,1,1,
6,2,2,1,1,0,1,1,2,2,1,2,1,1,2,1,2,2,2,1,1,
6,2,2,1,1,0,1,1,2,2,1,2,1,1,2,1,2,2,2,1,1,
6,2,2,1,1,0,1,1,2,2,1,2,1,1,2,1,2,2,2,1,1,
6,2,2,1,1,0,1,1,2,2,1,2,1,1,2,1,2,2,2,1,1,
6,2,2,1,2,0,2,1,2,2,1,2,1,1,2,1,2,2,2,1,1,
6,2,2,1,2,0,2,1,2,2,1,2,1,1,2,1,2,2,2,1,1,
7,0,1,0,0,0,0,0,0,0,0,0,0,0,0,0,0,1,0,0,1,
6,2,2,1,2,0,2,1,2,3,1,2,1,2,2,1,2,2,2,1,1,
6,2,2,1,2,0,2,1,2,2,1,2,1,1,2,1,2,2,2,1,2,
6,2,2,1,2,0,2,2,2,2,1,2,1,2,2,1,2,2,2,1,2,
6,2,2,1,2,0,2,2,2,2,1,2,1,2,2,1,2,2,2,1,2,
6,2,2,1,2,0,2,1,2,2,1,2,1,1,2,1,2,2,2,1,2,
6,2,2,1,2,0,2,2,2,2,1,2,1,2,2,1,2,2,2,1,2,
6,2,2,1,2,0,2,2,2,2,1,2,1,2,2,1,2,2,2,1,2,
6,2,2,1,2,0,2,2,2,2,1,2,1,2,2,1,2,2,2,1,2,
38,2,1,1,1,0,2,1,1,2,1,1,1,1,1,0,1,1,1,1,1,
5,1,1,0,1,0,1,1,1,1,0,1,0,1,1,0,1,1,1,0,1,
5,2,2,1,2,0,2,2,2,2,1,2,1,2,2,1,2,2,2,1,2,
5,2,2,1,2,0,2,2,2,2,1,2,1,2,2,1,2,2,2,1,2,
5,2,2,1,2,0,2,2,2,2,1,2,1,2,2,1,2,2,2,1,2,
5,2,2,1,2,0,2,2,2,2,1,2,1,2,2,1,2,2,2,1,2,
5,2,2,1,2,0,2,2,2,2,1,2,1,2,2,1,2,2,2,1,2,
5,2,2,1,2,0,2,2,2,3,1,2,2,2,2,1,2,2,2,2,2,
7,2,2,2,2,0,2,2,2,3,2,2,2,2,2,1,2,2,2,2,2,
5,2,2,2,2,0,2,2,2,3,2,2,2,2,2,1,2,2,2,2,2,
5,2,2,2,2,0,2,2,2,3,2,2,2,2,2,1,2,2,2,2,2,
5,2,2,2,2,0,2,2,2,3,2,2,2,2,2,1,2,2,2,2,2,
5,2,2,2,2,0,2,2,2,3,2,2,2,2,2,1,2,2,2,2,2,
5,2,1,1,1,0,1,1,1,2,1,1,1,1,1,0,1,1,1,1,1,
5,2,2,2,2,0,2,2,2,3,2,2,2,2,2,1,2,2,2,2,2,
5,2,2,2,2,0,2,2,2,3,2,2,2,2,2,1,2,2,2,2,2,
5,2,2,2,2,0,2,2,2,3,2,2,2,2,2,1,2,2,2,2,2,
5,2,2,2,2,0,2,2,2,3,2,2,2,2,2,1,2,2,2,2,2,
6,2,2,1,1,0,1,1,1,2,1,1,1,1,2,1,2,2,2,1,1,
5,2,1,1,1,0,1,1,1,2,1,1,1,1,1,0,1,1,1,1,1,
5,3,2,2,2,0,2,2,2,3,2,2,2,2,2,1,2,2,2,2,2,
5,2,1,1,1,0,1,1,1,2,1,1,1,1,1,0,1,1,1,1,1,
5,2,1,1,1,0,1,1,1,2,1,1,1,1,1,0,1,1,2,1,1,
6,2,1,1,1,0,1,1,1,2,1,1,1,1,1,0,1,1,2,1,1,
5,2,1,1,1,0,1,1,1,2,1,1,1,1,1,0,1,1,2,1,1,
5,2,1,1,1,0,1,1,1,2,1,1,1,1,1,0,2,1,2,1,1,
5,2,1,1,1,0,1,1,1,2,1,1,1,1,1,0,1,1,2,1,1,
8,4,4,4,4,0,4,4,4,4,4,4,4,4,4,0,4,5,4,4,4,
9,5,1,1,1,0,1,1,1,5,1,1,1,1,1,0,2,1,5,1,1,
6,2,1,1,1,0,1,1,1,2,1,1,1,1,1,0,2,2,2,1,1,
6,2,1,1,1,0,1,1,1,2,1,1,1,1,1,0,2,2,2,1,1,
6,2,1,1,1,0,1,1,1,2,1,1,1,1,1,0,2,2,2,1,1,
6,2,1,1,1,0,1,1,1,2,1,1,1,1,1,0,2,2,2,1,1,
6,2,2,1,1,0,1,1,1,2,1,1,1,1,2,0,2,2,2,1,1,
6,2,1,1,1,0,1,1,1,2,1,1,1,1,2,0,2,2,2,1,1,
6,2,2,1,1,0,1,1,1,2,1,1,1,1,2,0,2,2,2,1,1,
6,2,1,1,1,0,1,1,1,2,1,1,1,1,2,0,2,2,2,1,1,
7,2,2,1,3,0,1,1,1,2,1,3,1,1,2,0,2,2,2,3,1,
8,2,2,1,1,0,4,1,1,2,1,1,4,1,2,0,2,2,2,1,1,
6,2,2,1,1,0,1,1,1,2,1,1,1,1,2,0,2,2,2,1,1,
6,1,1,0,0,0,0,0,1,1,0,0,0,0,1,0,1,1,1,0,0,
6,2,2,1,1,0,1,1,1,2,1,1,1,1,2,1,2,2,2,1,1,
6,2,2,1,1,0,1,1,1,2,1,1,1,1,2,1,2,2,2,1,1,
6,2,2,1,1,0,1,1,2,2,1,2,1,1,2,1,2,2,2,1,1,
6,2,2,1,1,0,1,1,2,2,1,1,1,1,2,1,2,2,2,1,1,
6,2,2,1,2,0,1,1,2,2,1,2,1,1,2,1,2,2,2,1,1,
7,2,2,1,1,0,1,1,2,2,1,2,1,1,2,1,2,2,2,1,1,
6,2,2,1,1,0,1,1,1,2,1,1,1,1,2,1,2,2,2,1,1,
6,2,2,1,1,0,1,1,2,2,1,2,1,1,2,1,2,2,2,1,1,
6,2,2,1,2,0,2,1,2,2,1,2,1,1,2,1,2,2,2,1,1,
6,2,2,1,2,0,1,1,2,2,1,2,1,1,2,1,2,2,2,1,1,
6,2,2,1,2,0,1,1,2,2,1,2,1,1,2,1,2,2,2,1,1,
6,2,2,1,1,0,1,1,2,2,1,2,1,1,2,1,2,2,2,1,1,
6,2,2,1,2,0,2,1,2,2,1,2,1,1,2,1,2,2,2,1,1,
6,2,2,1,2,0,2,1,2,2,1,2,1,1,2,1,2,2,2,1,2,
6,2,2,1,2,0,2,2,2,2,1,2,1,2,2,1,2,2,2,1,1,
6,2,2,1,2,0,2,1,2,2,1,2,1,1,2,1,2,2,2,1,1,
6,2,2,1,2,0,2,2,2,2,1,2,1,2,2,1,2,2,2,1,2,
6,2,2,1,2,0,2,2,2,2,1,2,1,2,2,1,2,2,2,1,2,
6,2,2,1,2,0,2,2,2,2,1,2,1,2,2,1,2,2,2,1,2,
6,2,2,1,2,0,2,2,2,2,1,2,1,2,2,1,2,2,2,1,2,
5,2,2,1,2,0,2,2,2,2,1,2,1,2,2,1,2,2,2,1,2,
5,2,2,1,2,0,2,2,2,2,1,2,1,2,2,1,2,2,2,1,2,
5,2,1,1,1,0,1,1,1,2,1,1,1,1,1,0,2,1,1,1,1,
5,2,2,1,2,0,2,2,2,2,1,2,1,2,2,1,2,2,2,2,2,
6,2,2,1,3,0,2,2,2,2,1,3,2,2,2,1,2,2,2,2,2,
5,2,2,1,2,0,2,2,2,3,1,2,1,2,2,1,2,2,2,1,2,
6,2,3,2,3,0,2,2,2,3,2,3,1,2,2,1,2,3,2,2,3,
5,2,2,2,2,0,2,2,2,3,2,2,2,2,2,1,3,2,2,2,2,
5,2,2,1,2,0,2,2,2,3,2,2,2,2,2,1,2,2,2,2,2,
5,2,2,1,2,0,2,2,2,3,2,2,2,2,2,1,2,3,2,2,2,
5,2,2,2,2,0,2,2,2,3,2,2,2,2,2,1,2,2,2,2,2,
5,1,1,1,1,0,1,1,1,2,1,1,1,1,1,0,1,1,1,1,1,
5,3,2,2,2,0,2,2,2,3,2,2,2,2,2,1,2,2,2,2,2,
7,3,2,2,4,0,2,2,2,3,2,4,2,2,2,1,2,2,2,4,2,
8,2,1,1,1,0,4,1,1,2,1,1,1,1,1,0,1,1,1,1,1,
5,3,2,2,2,0,2,2,2,3,2,2,2,2,2,1,2,2,2,2,2,
6,1,1,0,0,0,0,0,0,1,0,0,0,0,0,0,0,1,0,0,0,
6,3,2,2,2,0,2,2,2,3,2,2,2,2,2,1,2,2,3,2,2,
5,2,1,1,1,0,1,1,1,2,1,1,1,1,1,0,1,1,1,1,1,
5,3,2,2,2,0,2,2,2,3,2,2,2,2,2,1,2,2,2,2,2,
5,2,1,1,1,0,1,1,1,2,1,1,1,1,1,0,1,1,1,1,1,
5,2,1,1,1,0,1,1,1,2,1,1,1,1,1,0,1,1,1,1,1,
7,2,2,1,2,0,2,2,2,3,1,2,1,2,2,1,2,2,2,2,2,
6,2,1,1,1,0,1,1,1,2,1,1,1,1,1,0,2,1,1,1,1,
6,2,1,1,1,0,1,1,1,2,1,1,1,1,1,0,1,2,2,1,1,
5,2,1,1,1,0,1,1,1,2,1,1,1,1,1,0,1,1,1,1,1,
6,2,1,1,1,0,1,1,1,2,1,1,1,1,2,0,2,2,2,1,1,
8,2,2,1,2,0,2,2,2,2,1,2,1,2,2,1,2,2,2,1,2,
6,2,2,1,1,0,1,1,1,2,1,1,1,1,1,0,2,2,2,1,1,
6,2,1,1,1,0,1,1,1,2,1,1,1,1,2,0,1,2,2,1,1,
6,2,1,1,1,0,1,1,1,2,1,1,1,1,2,0,2,2,2,1,1,
6,2,1,1,1,0,1,1,1,2,1,1,1,1,1,0,2,2,2,1,1,
6,2,2,1,1,0,1,1,1,2,1,1,1,1,2,0,2,2,2,1,1,
6,2,2,1,1,0,1,1,1,2,1,1,1,1,2,0,2,2,2,1,1,
6,2,1,1,1,0,1,1,1,2,1,1,1,1,2,0,2,2,2,1,1,
7,2,2,1,1,0,1,1,1,2,1,1,1,1,2,0,2,2,2,1,1,
6,2,2,1,1,0,1,1,1,2,1,1,1,1,2,0,2,2,2,1,1,
6,2,2,1,1,0,2,1,2,2,1,2,1,1,2,1,2,2,2,1,1,
6,2,2,1,2,0,1,1,2,2,1,2,1,1,2,1,2,2,2,1,1,
6,2,2,1,1,0,1,1,1,2,1,2,1,1,2,1,2,2,2,1,1,
6,2,2,1,1,0,1,1,1,2,1,2,1,1,2,1,2,2,2,1,1,
6,2,2,1,1,0,1,1,1,2,1,2,1,1,2,1,2,2,2,1,1,
6,2,2,1,1,0,1,1,2,2,1,2,1,1,2,1,2,2,2,1,1,
6,2,2,1,1,0,1,1,2,2,1,2,1,1,2,1,2,2,2,1,1,
8,4,2,1,2,0,2,4,4,5,1,2,1,4,4,1,4,2,4,1,1,
6,2,2,1,1,0,1,1,2,2,1,2,1,1,2,1,2,2,2,1,1,
6,2,2,1,2,0,2,1,2,2,1,2,1,1,2,1,2,2,2,1,1,
6,2,2,1,2,0,2,2,2,2,1,2,1,2,2,1,2,2,2,1,1,
6,2,2,1,2,0,2,2,2,2,1,2,1,2,2,1,2,2,2,1,2,
6,2,2,1,2,0,2,1,2,2,1,2,1,1,2,1,2,2,2,1,1,
6,2,2,1,2,0,1,1,2,2,1,2,1,1,2,1,2,2,2,1,1,
8,2,2,1,4,0,1,1,2,2,1,4,1,1,2,1,2,2,2,4,1,
9,2,2,1,2,0,2,2,2,2,1,2,1,2,2,1,2,2,2,1,2,
6,2,2,1,2,0,2,1,2,2,1,2,1,1,2,1,2,2,2,1,1,
6,2,2,1,2,0,2,2,2,2,1,2,1,2,2,1,2,2,2,1,2,
6,2,2,1,2,0,2,2,2,3,1,2,1,2,2,1,2,2,2,1,2,
7,2,2,1,2,0,2,2,2,2,4,2,1,2,2,1,2,2,2,2,2,
6,2,2,1,2,0,2,2,2,2,1,2,1,2,2,1,2,2,2,2,2,
6,2,2,1,2,0,2,2,2,2,1,2,1,2,2,1,2,2,2,1,2,
6,2,2,1,2,0,2,2,2,2,1,2,1,2,2,1,2,2,2,2,2,
6,2,2,1,2,0,2,2,2,2,1,2,1,2,2,1,2,2,2,1,2,
6,2,2,1,2,0,2,2,2,2,1,2,1,2,2,1,2,2,2,1,2,
5,2,2,1,2,0,2,2,2,2,1,2,1,2,2,1,2,2,2,2,2,
5,2,2,1,2,0,2,2,2,2,1,2,1,2,2,1,2,2,2,1,2,
5,2,2,2,2,0,2,2,2,3,2,2,2,2,2,1,2,2,2,2,2,
5,2,2,1,2,0,2,2,2,3,1,2,2,2,2,1,2,2,2,2,2,
6,0,1,0,0,0,0,0,0,0,0,0,0,0,0,0,0,1,0,0,0,
6,3,2,1,2,0,2,2,2,3,1,2,1,2,2,1,2,2,3,1,2,
5,2,2,2,2,0,2,2,2,3,2,2,2,2,2,1,3,2,2,2,2,
5,2,2,1,2,0,2,2,2,3,1,2,1,2,2,1,2,2,2,2,2,
6,3,2,1,2,0,2,2,2,3,2,2,2,2,2,1,2,2,3,2,2,
5,2,2,2,2,0,2,2,2,3,2,2,2,2,2,1,2,2,2,2,2,
8,2,2,2,2,0,2,2,2,3,2,2,2,2,2,1,2,2,2,2,2,
5,3,2,2,2,0,2,2,2,3,2,2,2,2,2,1,2,2,2,2,2,
5,2,2,2,2,0,2,2,2,3,2,2,2,2,2,1,2,2,2,2,2,
5,3,2,2,2,0,2,2,2,3,2,2,2,2,2,1,2,2,2,2,2,
5,3,2,2,2,0,2,2,2,3,2,2,2,2,2,1,2,2,2,2,2,
6,2,2,1,2,0,2,2,2,2,1,2,1,2,2,1,2,2,2,1,2,
5,2,1,1,1,0,1,1,1,2,1,1,1,1,1,0,1,1,1,1,1,
5,3,2,2,2,0,2,2,2,3,2,2,2,2,2,1,2,2,2,2,2,
5,2,1,1,1,0,1,1,1,2,1,1,1,1,1,0,1,1,1,1,1,
8,2,1,1,1,0,1,1,1,2,1,1,1,1,1,0,2,1,1,1,1,
6,2,1,1,1,0,1,1,1,2,1,1,1,1,1,0,1,1,1,1,1,
33,2,2,1,2,0,2,2,2,2,1,2,2,2,2,1,2,2,2,1,2,
5,2,1,1,1,0,1,1,1,2,1,1,1,1,1,0,1,1,1,1,1,
5,2,1,1,1,0,1,1,1,2,1,1,1,1,1,0,2,1,2,1,1,
6,2,1,1,1,0,1,1,1,2,1,1,1,1,1,0,2,2,2,1,1,
6,2,1,1,1,0,1,1,1,2,1,1,1,1,1,0,2,2,2,1,1,
6,2,1,1,1,0,1,1,1,2,1,1,1,1,1,0,2,2,2,1,1,
6,2,1,1,1,0,1,1,1,2,1,1,1,1,1,0,2,2,2,1,1,
6,2,1,1,1,0,1,1,1,2,1,1,1,1,1,0,2,2,2,1,1,
6,2,2,1,1,0,1,1,1,2,1,1,1,1,1,0,2,2,2,1,1,
6,2,1,1,1,0,1,1,1,2,1,1,1,1,2,0,2,2,2,1,1,
8,2,4,3,3,0,1,1,1,2,3,3,1,1,2,0,2,4,2,3,3,
6,2,2,1,1,0,1,1,1,2,1,1,1,1,2,0,2,2,2,1,1,
9,2,1,1,1,0,1,1,1,2,1,1,1,1,1,0,2,2,2,1,1,
6,2,2,1,1,0,1,1,1,2,1,1,1,1,2,0,2,2,2,1,1,
6,2,2,1,1,0,1,1,1,2,1,1,1,1,2,0,2,2,2,1,1,
6,2,2,1,1,0,1,1,1,2,1,1,1,1,2,1,2,2,2,1,1,
6,2,2,1,1,0,1,1,1,2,1,1,1,1,2,0,2,2,2,1,1,
7,2,2,1,4,0,1,1,1,2,1,4,1,1,2,1,2,2,2,3,1,
11,2,1,1,1,0,1,1,1,2,1,1,1,1,1,0,2,2,2,1,1,
6,2,2,1,1,0,1,1,1,2,1,1,1,1,2,1,2,2,2,1,1,
6,2,2,1,1,0,1,1,1,2,1,1,1,1,2,1,2,2,2,1,1,
6,2,2,1,1,0,1,1,2,2,1,1,1,1,2,1,2,2,2,1,1,
6,2,2,1,1,0,1,1,2,2,1,2,1,1,2,1,2,2,2,1,1,
6,2,2,1,2,0,1,1,2,2,1,2,1,1,2,1,2,2,2,1,1,
7,2,2,1,2,0,1,2,2,2,1,2,1,2,2,1,2,2,2,1,1,
6,2,2,1,2,0,1,1,2,2,1,2,1,2,2,1,2,2,2,1,1,
7,2,2,1,1,0,1,2,2,2,1,2,1,2,2,1,2,2,2,1,1,
6,2,2,1,2,0,1,2,2,2,1,2,1,2,2,1,2,2,2,1,1,
6,2,2,1,2,0,1,2,2,2,1,2,1,2,2,1,2,2,2,1,1,
6,2,2,1,2,0,1,2,2,2,1,2,1,2,2,1,2,2,2,1,2,
6,2,2,1,2,0,2,2,2,2,1,2,1,2,2,1,2,2,2,1,2,
6,2,2,1,2,0,1,2,2,2,1,2,1,2,2,1,2,2,2,1,2,
8,4,5,1,4,0,4,4,4,4,1,4,1,4,4,1,4,5,4,1,4,
9,5,2,1,2,0,2,2,2,5,1,2,1,2,2,1,2,2,5,1,2,
6,2,2,1,2,0,2,2,2,2,1,2,1,2,2,1,2,2,2,1,2,
6,2,2,1,2,0,2,2,2,2,1,2,1,2,2,1,2,2,2,2,2,
6,2,2,1,2,0,2,2,2,2,1,2,1,2,2,1,2,2,2,1,2,
6,2,2,1,2,0,2,2,2,3,1,2,2,2,2,1,2,2,2,2,2,
7,3,2,2,2,0,2,2,2,3,2,2,2,2,2,1,2,2,2,2,2,
5,2,2,1,2,0,2,2,2,2,1,2,1,2,2,1,2,2,2,1,2,
5,2,2,1,2,0,2,2,2,2,1,2,1,2,2,1,2,2,2,1,2,
5,2,2,2,2,0,2,2,2,2,2,2,2,2,2,1,2,2,2,2,2,
5,2,2,2,2,0,2,2,2,3,2,2,2,2,2,1,2,2,2,2,2,
5,2,2,1,2,0,2,2,2,2,2,2,1,2,2,1,2,2,2,2,2,
5,3,2,2,2,0,2,2,2,3,2,2,2,2,2,1,2,2,2,2,2,
5,2,2,2,2,0,2,2,2,3,2,2,2,2,2,1,2,2,2,2,2,
5,3,2,2,2,0,2,2,2,3,2,2,2,2,2,1,2,2,2,2,2,
7,2,4,4,4,0,2,2,2,3,4,4,2,2,2,1,2,5,2,4,4,
5,2,1,1,1,0,1,1,1,2,1,1,1,1,1,0,1,1,1,1,1,
5,2,1,1,1,0,1,1,1,2,1,1,1,1,1,0,1,1,1,1,1,
6,3,2,2,2,0,2,2,2,3,2,2,2,2,2,1,2,2,2,2,2,
7,2,2,1,2,0,1,2,2,2,1,2,1,2,2,1,2,2,2,1,2,
5,2,1,1,1,0,1,1,1,2,1,1,1,1,1,0,1,1,1,1,1,
5,2,1,1,1,0,1,1,1,2,1,1,1,1,1,0,2,1,2,1,1,
6,2,1,1,1,0,1,1,1,2,1,1,1,1,1,0,2,2,2,1,1,
6,2,2,1,1,0,1,1,1,2,1,1,1,1,1,0,2,2,2,1,1,
6,2,1,1,1,0,1,1,1,2,1,1,1,1,1,0,2,2,2,1,1,
6,2,2,1,1,0,1,1,1,2,1,1,1,1,1,0,2,2,2,1,1,
6,2,1,1,1,0,1,1,1,2,1,1,1,1,1,0,2,2,2,1,1,
6,2,1,1,1,0,1,1,1,2,1,1,1,1,1,0,2,2,2,1,1,
8,4,2,1,1,0,1,4,1,5,1,1,1,4,2,0,2,2,4,1,1,
6,2,2,1,1,0,1,1,1,2,1,1,1,1,2,0,2,2,2,1,1,
6,2,2,1,1,0,1,1,1,2,1,1,1,1,2,0,2,2,2,1,1,
6,2,2,1,1,0,1,1,1,2,1,1,1,1,2,0,2,2,2,1,1,
6,2,2,1,1,0,1,1,1,2,1,1,1,1,2,0,2,2,2,1,1,
6,2,2,1,1,0,1,1,2,2,1,1,1,1,2,1,2,2,2,1,1,
7,2,2,1,1,0,1,1,1,2,1,2,1,1,2,1,2,2,2,1,1,
7,2,2,1,3,0,1,1,1,2,1,3,1,1,2,1,2,2,2,2,1,
7,2,2,1,1,0,3,1,1,2,1,1,3,1,2,1,2,2,2,1,1,
6,2,2,1,1,0,1,1,1,2,1,2,1,1,2,1,2,2,2,1,1,
6,2,2,1,1,0,1,1,2,2,1,1,1,1,2,1,2,2,2,1,1,
6,2,2,1,1,0,1,1,1,2,1,2,1,1,2,1,2,2,2,1,1,
8,2,2,1,2,0,1,1,2,2,1,2,1,1,2,1,2,2,2,1,1,
6,2,2,1,1,0,1,1,2,2,1,1,1,1,2,1,2,2,2,1,1,
6,2,2,1,1,0,1,1,2,2,1,2,1,1,2,1,2,2,2,1,1,
6,2,2,1,1,0,1,1,1,2,1,2,1,1,2,1,2,2,2,1,1,
6,2,2,1,1,0,1,1,1,2,1,1,1,1,2,1,2,2,2,1,1,
6,2,2,1,1,0,1,1,1,2,1,2,1,1,2,1,2,2,2,1,1,
6,2,2,1,1,0,1,1,2,2,1,1,1,1,2,1,2,2,2,1,1,
6,2,2,1,1,0,1,1,2,2,1,2,1,1,2,1,2,2,2,1,1,
6,2,2,1,2,0,1,1,2,2,1,2,1,1,2,1,2,2,2,1,1,
6,2,2,1,2,0,1,1,2,2,1,2,1,1,2,1,2,2,2,1,2,
8,3,4,4,3,0,4,3,4,4,4,3,4,4,4,4,4,4,4,4,4,
8,4,2,1,2,0,1,1,2,4,1,2,1,1,2,1,2,2,4,1,2,
6,2,2,1,2,0,2,2,2,2,1,2,1,2,2,1,2,2,2,1,2,
6,2,2,1,2,0,1,1,2,2,1,2,1,2,2,1,2,2,2,1,2,
6,2,2,1,2,0,2,2,2,2,1,2,1,2,2,1,2,2,2,1,2,
6,2,2,1,2,0,1,2,2,2,1,2,1,2,2,1,2,2,2,1,2,
7,2,2,1,2,0,2,2,2,2,1,2,1,2,2,1,2,2,2,2,2,
5,2,2,1,2,0,1,1,2,2,1,2,1,2,2,1,2,2,2,1,2,
5,2,2,1,2,0,1,2,2,2,1,2,1,2,2,1,2,2,2,1,2,
5,2,2,1,2,0,2,2,2,2,1,2,1,2,2,1,2,2,2,1,2,
5,2,2,1,2,0,2,2,2,2,1,2,1,2,2,1,2,2,2,2,2,
5,2,2,1,2,0,2,2,2,3,2,2,2,2,2,1,2,2,2,2,2,
5,2,2,2,2,0,2,2,2,3,2,2,2,2,2,1,2,2,2,2,2,
5,2,2,2,2,0,2,2,2,3,2,2,2,2,2,1,2,2,2,2,2,
7,4,2,2,2,0,2,4,4,5,2,2,2,4,4,1,4,2,4,2,2,
8,2,5,4,5,0,2,2,2,2,5,5,1,2,2,1,2,5,2,5,5,
5,2,2,2,2,0,2,2,2,3,2,2,2,2,2,1,2,2,2,2,2,
6,3,2,2,2,0,2,2,2,3,2,2,2,2,2,1,2,2,2,2,2,
5,3,2,2,2,0,2,2,2,3,2,2,2,2,2,1,2,2,2,2,2,
8,2,2,1,1,0,1,1,1,2,1,1,1,1,2,1,2,2,2,1,1,
5,3,2,2,2,0,2,2,2,3,2,2,2,2,2,1,2,2,2,2,2,
5,3,2,2,2,0,2,2,2,3,2,2,2,2,2,1,2,2,2,2,2,
5,3,2,2,2,0,2,2,2,3,2,2,2,2,2,1,2,2,2,2,2,
5,2,1,1,1,0,1,1,1,2,1,1,1,1,1,0,1,1,1,1,1,
5,2,1,1,1,0,1,1,1,2,1,1,1,1,1,0,1,1,1,1,1,
7,2,2,1,1,0,4,1,2,2,1,2,1,1,2,1,2,2,2,1,1,
5,2,1,1,1,0,1,1,1,2,1,1,1,1,1,0,1,2,2,1,1,
5,2,1,1,1,0,1,1,1,2,1,1,1,1,1,0,1,1,1,1,1,
6,2,1,1,1,0,1,1,1,2,1,1,1,1,1,0,2,1,2,1,1,
6,2,1,1,1,0,1,1,1,2,1,1,1,1,2,0,2,2,2,1,1,
9,2,2,1,2,0,1,1,2,2,1,2,1,1,2,0,2,2,2,1,1,
6,2,3,2,2,0,1,1,1,2,2,3,1,1,2,0,2,3,2,2,2,
6,2,1,1,1,0,1,1,1,2,1,1,1,1,1,0,2,2,1,1,1,
6,2,2,1,1,0,1,1,1,2,1,1,1,1,2,0,2,2,2,1,1,
6,2,1,1,1,0,1,1,1,2,1,1,1,1,1,0,2,2,2,1,1,
5,2,1,1,1,0,1,1,1,2,1,1,1,1,2,0,2,2,2,1,1,
6,2,2,1,1,0,1,1,1,2,1,1,1,1,2,0,2,2,2,1,1,
6,2,1,1,1,0,1,1,1,2,1,1,1,1,2,0,2,2,2,1,1,
6,2,2,1,1,0,1,1,1,2,1,1,1,1,2,0,2,2,2,1,1,
6,2,1,1,1,0,1,1,1,2,1,1,1,1,2,0,2,2,2,1,1,
6,2,2,1,1,0,1,1,1,2,1,1,1,1,2,0,2,2,2,1,1,
6,2,2,1,1,0,1,1,1,2,1,1,1,1,2,0,2,2,2,1,1,
6,2,2,1,1,0,1,1,1,2,1,1,1,1,2,0,2,2,2,1,1,
6,2,2,1,1,0,1,1,1,2,1,1,1,1,2,1,2,2,2,1,1,
9,2,2,1,1,0,1,1,1,2,1,1,1,1,2,1,2,2,2,1,1,
6,2,2,1,1,0,1,1,1,2,1,1,1,1,2,0,2,2,2,1,1,
6,2,2,1,1,0,1,1,2,2,1,2,1,1,2,1,2,2,2,1,1,
6,2,2,1,1,0,1,1,1,2,1,1,1,1,2,1,2,2,2,1,1,
6,2,2,1,1,0,1,1,2,2,1,2,1,1,2,1,2,2,2,1,1,
6,2,2,1,1,0,1,1,2,2,1,1,1,1,2,1,2,2,2,1,1,
10,2,2,1,1,0,1,1,2,2,1,1,1,1,2,1,6,2,2,1,1,
6,2,2,1,1,0,1,1,2,2,1,1,1,1,2,1,2,2,2,1,1,
6,2,2,1,1,0,1,1,2,2,1,2,1,1,2,1,2,2,2,1,1,
6,2,2,1,1,0,1,1,2,2,1,2,1,1,2,1,2,2,2,1,1,
6,2,2,1,1,0,1,1,2,2,1,2,1,1,2,1,2,2,2,1,1,
6,2,2,1,2,0,2,2,2,2,1,2,1,2,2,1,2,2,2,2,1,
7,2,2,1,1,0,1,1,2,2,1,1,1,1,2,1,2,2,2,1,1,
6,2,2,1,2,0,1,1,2,2,1,2,1,1,2,1,2,2,2,1,1,
6,2,2,1,2,0,2,1,2,2,1,2,1,1,2,1,2,2,2,1,1,
6,2,2,1,2,0,1,1,2,2,1,2,1,1,2,1,2,2,2,1,2,
6,2,2,1,2,0,1,1,2,2,1,2,1,1,2,1,2,2,2,1,2,
6,2,2,1,2,0,1,2,2,2,1,2,1,2,2,1,2,2,2,1,2,
6,2,2,1,2,0,1,2,2,2,1,2,1,2,2,1,2,2,2,1,2,
6,2,2,1,2,0,1,2,2,2,1,2,1,2,2,1,2,2,2,1,2,
5,2,2,1,2,0,1,2,2,3,1,2,1,2,2,1,2,2,2,1,2,
8,2,5,4,5,0,2,2,2,2,4,5,1,2,2,1,2,5,2,5,5,
5,2,2,2,2,0,2,2,2,2,2,2,1,2,2,1,2,2,2,2,2,
6,2,2,1,2,0,2,2,2,3,1,2,1,2,2,1,2,2,2,2,2,
5,2,2,1,2,0,2,2,2,3,1,2,1,2,2,1,2,2,2,2,2,
8,2,1,1,1,0,1,1,1,2,1,1,1,1,1,0,2,2,2,1,1,
5,2,2,1,2,0,2,2,2,3,2,2,1,2,2,1,2,2,2,2,2,
5,2,2,2,2,0,2,2,2,3,2,2,1,2,2,1,2,2,2,2,2,
7,2,2,1,2,0,2,2,2,3,2,4,2,2,2,1,2,2,2,2,2,
5,3,2,2,2,0,2,2,2,3,2,2,2,2,2,1,2,2,2,2,2,
5,3,2,2,2,0,2,2,2,3,2,2,2,2,2,1,2,2,2,2,2,
6,2,1,1,1,0,1,1,1,2,1,1,1,1,1,0,2,1,2,1,1,
5,3,2,2,2,0,2,2,2,3,2,2,2,2,2,1,2,2,2,2,2,
5,2,1,1,1,0,1,1,1,2,1,1,1,1,1,0,1,1,1,1,1,
5,3,2,2,2,0,2,2,2,3,2,2,2,2,2,1,2,2,2,2,2,
5,3,2,2,2,0,2,2,2,3,2,2,2,2,2,1,2,2,2,2,2,
6,2,2,1,1,0,1,1,1,2,1,1,1,1,2,0,2,2,2,1,1,
5,3,2,2,2,0,2,2,2,3,2,2,2,2,2,1,3,2,3,2,2,
6,2,1,1,1,0,1,1,1,2,1,1,1,1,1,0,1,2,2,1,1,
6,2,1,1,1,0,1,1,1,2,1,1,1,1,1,0,1,1,1,1,1,
6,2,1,1,1,0,1,1,1,2,1,1,1,1,1,0,2,2,2,1,1,
5,2,1,1,1,0,1,1,1,2,1,1,1,1,1,0,2,1,2,1,1,
6,2,1,1,1,0,1,1,1,2,1,1,1,1,1,0,2,1,2,1,1,
6,2,1,1,1,0,1,1,1,2,1,1,1,1,1,0,2,1,2,1,1,
6,2,1,1,1,0,1,1,1,2,1,1,1,1,1,0,2,2,2,1,1,
6,2,2,1,1,0,1,1,1,2,1,1,1,1,1,0,2,2,2,1,1,
6,2,1,1,1,0,1,1,1,2,1,1,1,1,1,0,2,2,2,1,1,
6,2,1,1,1,0,1,1,1,2,1,1,1,1,1,0,2,2,2,1,1,
6,2,1,1,1,0,1,1,1,2,1,1,1,1,2,0,2,2,2,1,1,
6,2,2,1,1,0,1,1,1,2,1,1,1,1,2,0,2,2,2,1,1,
9,2,1,1,1,0,1,1,1,2,1,1,1,1,1,0,1,2,2,1,1,
6,2,1,1,1,0,1,1,1,2,1,1,1,1,2,0,3,2,2,1,1,
6,2,2,1,1,0,1,1,2,2,1,1,1,1,2,0,2,2,2,1,1,
6,2,2,1,1,0,1,1,1,2,1,1,1,1,2,0,2,2,2,1,1,
6,2,2,1,1,0,1,1,2,2,1,2,1,1,2,1,2,2,2,1,1,
6,2,2,1,1,0,1,1,1,2,1,1,1,1,2,0,2,2,2,1,1,
10,2,2,1,1,0,1,1,1,2,1,1,1,1,2,0,7,2,2,1,1,
6,2,2,1,1,0,1,1,1,2,1,1,1,1,2,0,2,2,2,1,1,
6,2,2,1,1,0,1,1,1,2,1,1,1,1,2,1,2,2,2,1,1,
6,2,2,1,1,0,1,1,2,2,1,1,1,1,2,1,2,2,2,1,1,
6,1,1,0,0,0,0,0,1,1,0,0,0,0,1,0,1,1,1,0,0,
6,2,2,1,1,0,1,1,2,2,1,1,1,1,2,1,2,2,2,1,1,
7,2,2,1,1,0,1,1,2,2,1,1,1,1,2,0,2,2,2,1,1,
6,2,2,1,1,0,1,1,2,2,1,2,1,1,2,1,2,2,2,1,1,
6,2,2,1,1,0,2,1,2,2,1,2,1,1,2,1,2,2,2,1,1,
6,2,2,1,1,0,1,1,2,2,1,2,1,1,2,1,2,2,2,1,1,
6,2,2,1,1,0,1,1,2,2,1,2,1,1,2,1,2,2,2,1,1,
6,2,2,1,1,0,1,1,2,2,1,1,1,1,2,1,2,2,2,1,1,
6,2,2,1,1,0,1,1,2,2,1,2,1,1,2,1,2,2,2,1,1,
6,2,2,1,2,0,1,1,2,2,1,2,1,2,2,1,2,2,2,1,1,
6,2,2,1,1,0,1,1,2,2,1,2,1,1,2,1,2,2,2,1,1,
9,5,2,1,2,0,1,4,4,5,1,2,1,4,5,1,5,2,5,1,1,
6,2,2,1,2,0,1,1,2,2,1,2,1,1,2,1,2,2,2,1,1,
6,2,2,1,2,0,2,2,2,2,1,2,1,2,2,1,2,2,2,1,2,
8,2,2,1,2,0,4,1,2,2,1,2,3,1,2,1,2,2,2,1,2,
6,2,2,1,2,0,2,2,2,2,1,2,1,2,2,1,2,2,2,1,2,
6,2,2,1,2,0,2,2,2,2,1,2,1,2,2,1,2,2,2,1,2,
6,2,2,1,2,0,1,2,2,2,1,2,1,2,2,1,2,2,2,1,2,
5,2,2,1,2,0,1,2,2,2,1,2,1,2,2,1,2,2,2,1,2,
5,2,2,1,2,0,2,2,2,2,1,2,1,2,2,1,2,2,2,2,2,
7,2,2,1,2,0,2,2,2,2,1,2,1,2,2,1,2,2,2,1,2,
8,2,2,1,2,0,2,2,5,5,1,2,1,2,5,1,5,2,2,1,2,
5,2,2,1,2,0,2,2,2,2,1,2,1,2,2,1,2,2,2,1,2,
5,2,2,1,2,0,2,2,2,2,1,2,1,2,2,1,2,2,2,1,2,
5,2,2,1,3,0,2,2,2,2,1,3,1,2,2,1,2,2,2,2,2,
5,2,2,2,2,0,2,2,2,2,2,2,2,2,2,1,2,2,2,2,2,
5,2,2,2,2,0,2,2,2,3,2,2,2,2,2,1,2,2,2,2,2,
5,2,2,2,2,0,2,2,2,3,2,2,2,2,2,1,2,2,2,2,2,
5,2,2,2,2,0,2,2,2,3,2,2,2,2,2,1,2,2,2,2,2,
5,2,2,2,2,0,2,2,2,3,2,2,2,2,2,1,2,2,2,2,2,
5,2,2,2,2,0,2,2,2,3,2,2,2,2,2,1,2,2,2,2,2,
7,2,2,2,4,0,2,2,2,3,2,5,2,2,2,1,2,2,2,4,2,
5,2,2,2,2,0,2,2,2,3,2,2,2,2,2,1,2,2,2,2,2,
5,3,2,2,2,0,2,2,2,3,2,2,2,2,2,1,2,2,2,2,2,
6,1,1,1,0,0,0,0,0,1,0,0,0,0,1,0,1,1,1,0,1,
7,4,2,2,2,0,2,2,2,4,2,2,2,2,2,1,2,2,4,2,2,
5,2,2,1,1,0,1,1,1,2,1,1,1,1,1,0,1,1,1,1,1,
5,1,1,1,1,0,1,1,1,2,1,1,1,1,1,0,1,1,1,1,1,
6,2,1,1,1,0,1,1,1,2,1,1,1,1,1,0,1,1,2,1,1,
6,2,1,1,1,0,1,1,1,2,1,1,1,1,1,0,1,1,2,1,1,
7,2,1,1,1,0,1,1,1,2,1,1,1,1,1,0,1,1,2,1,1,
6,2,2,1,2,0,2,2,2,2,1,2,1,2,2,1,2,2,2,1,2,
6,2,1,1,1,0,1,1,1,2,1,1,1,1,2,0,2,2,2,1,1,
6,2,2,1,1,0,1,1,1,2,1,1,1,1,1,0,2,2,2,1,1,
6,2,1,1,1,0,1,1,1,2,1,1,1,1,1,0,2,2,2,1,1,
5,2,1,1,1,0,1,1,1,2,1,1,1,1,1,0,2,2,2,1,1,
6,2,2,2,2,0,2,2,2,3,2,2,2,2,2,1,2,2,2,2,2,
6,2,2,1,1,0,1,1,1,2,1,1,1,1,2,0,2,2,2,1,1,
6,2,1,1,1,0,1,1,1,2,1,1,1,1,2,0,2,2,2,1,1,
6,2,2,1,1,0,1,1,1,2,1,1,1,1,2,0,2,2,2,1,1,
6,2,2,1,1,0,1,1,2,2,1,1,1,1,2,0,2,2,2,1,1,
6,2,2,1,1,0,1,1,2,2,1,1,1,1,2,0,2,2,2,1,1,
6,2,2,1,1,0,1,1,2,2,1,1,1,1,2,0,2,2,2,1,1,
6,2,2,1,1,0,1,1,1,2,1,1,1,1,2,0,2,2,2,1,1,
6,2,2,1,1,0,1,1,1,2,1,1,1,1,2,0,2,2,2,1,1,
6,2,2,1,1,0,1,1,1,2,1,1,1,1,2,0,2,2,2,1,1,
6,2,2,1,1,0,1,1,2,2,1,1,1,1,2,1,2,2,2,1,1,
6,2,2,1,2,0,1,1,2,2,1,2,1,1,2,1,2,2,2,1,1,
6,2,2,1,1,0,1,1,2,2,1,1,1,1,2,1,2,2,2,1,1,
6,2,2,1,1,0,1,1,2,2,1,1,1,1,2,1,2,2,2,1,1,
6,2,2,1,1,0,1,1,2,2,1,1,1,1,2,1,2,2,2,1,1,
6,2,2,2,2,0,2,1,2,2,2,2,2,1,2,1,2,2,2,2,2,
6,2,2,1,1,0,1,1,2,2,1,2,1,1,2,1,2,2,2,1,1,
6,2,2,1,1,0,1,1,2,2,1,1,1,1,2,1,2,2,2,1,1,
6,2,2,1,1,0,1,1,2,2,1,1,1,1,2,1,2,2,2,1,1,
6,2,2,1,1,0,1,1,2,2,1,2,1,2,2,1,2,2,2,1,1,
6,2,2,1,2,0,1,1,2,2,1,2,1,2,2,1,2,2,2,1,1,
6,2,2,1,2,0,1,1,2,2,1,2,1,1,2,1,2,2,2,1,1,
6,2,2,1,2,0,1,1,2,2,1,2,1,2,2,1,2,2,2,1,2,
6,2,2,1,2,0,2,1,2,2,1,2,1,1,2,1,2,2,2,1,1,
7,2,2,1,2,0,1,2,2,3,1,2,1,2,2,1,2,2,2,1,2,
8,0,1,1,0,0,1,0,1,1,0,0,1,1,0,0,0,1,1,0,1,
8,5,2,2,2,0,2,2,2,5,2,2,1,2,2,1,2,2,4,2,2,
6,2,2,2,2,0,2,2,2,2,2,2,2,2,2,1,2,2,2,2,2,
5,2,2,2,2,0,2,2,2,3,2,2,2,2,2,1,2,2,2,2,2,
5,2,2,2,2,0,2,2,2,3,2,2,2,2,2,1,2,2,2,2,2,
5,2,2,2,2,0,2,2,2,2,2,2,2,2,2,1,2,2,2,2,2,
7,2,2,2,2,0,4,2,2,2,2,2,4,2,2,3,2,2,2,2,2,
5,2,2,2,2,0,2,2,2,2,2,2,2,2,2,1,2,2,2,2,2,
5,2,2,2,2,0,2,2,2,2,2,2,1,2,2,1,2,2,2,2,2,
5,2,2,2,2,0,2,2,2,2,2,2,2,2,2,1,2,2,2,2,2,
5,2,2,2,2,0,2,2,2,2,2,3,1,2,2,1,2,2,2,2,2,
7,2,2,2,2,0,4,2,2,3,2,2,4,2,2,1,2,2,2,2,2,
5,2,2,2,2,0,2,2,2,3,2,2,2,2,2,1,2,2,2,2,2,
5,2,2,2,2,0,2,2,2,3,2,2,2,2,2,1,2,2,2,2,2,
5,2,1,1,1,0,1,1,1,2,1,1,0,1,1,0,1,1,1,1,1,
5,2,2,2,2,0,2,2,2,3,2,2,2,2,2,1,2,2,2,2,2,
5,3,2,2,2,0,2,2,2,3,2,2,2,2,2,1,2,2,2,2,2,
5,2,2,2,2,0,2,2,2,3,2,2,2,2,2,1,2,2,2,2,2,
5,3,2,2,2,0,2,2,2,3,2,2,2,2,2,1,2,2,2,2,2,
7,2,1,1,1,0,1,1,1,2,1,1,1,1,1,0,1,1,1,1,1,
5,3,2,2,2,0,2,2,2,3,2,2,2,2,2,1,2,2,2,2,2,
5,2,1,1,1,0,1,1,1,2,1,1,1,1,1,0,1,1,1,1,1,
5,2,1,1,1,0,1,1,1,2,1,1,1,1,1,0,1,1,1,1,1,
5,2,1,1,1,0,1,1,1,2,1,1,1,1,1,0,1,2,1,1,1,
5,2,1,1,1,0,1,1,1,2,1,1,1,1,1,0,2,1,1,1,1,
5,2,1,1,1,0,1,1,1,2,1,1,1,1,1,0,1,2,2,1,1,
5,2,1,1,1,0,1,1,1,2,1,1,1,1,1,0,1,2,2,1,1,
6,2,2,1,1,0,1,1,1,2,1,1,1,1,1,0,2,2,2,1,1,
6,2,2,1,1,0,1,1,1,2,1,1,1,1,2,0,2,2,2,1,1,
6,2,1,1,1,0,1,1,1,2,1,1,1,1,1,0,2,2,2,1,1,
6,2,2,1,1,0,1,1,1,2,1,1,1,1,2,0,2,2,2,1,1,
6,2,2,1,1,0,1,1,1,2,1,1,1,1,1,3,2,2,2,1,1,
6,2,2,1,1,0,1,1,1,2,1,1,1,1,2,0,2,2,2,1,1,
6,2,2,1,1,0,1,1,1,2,1,1,1,1,2,0,2,2,2,1,1,
6,2,2,1,1,0,1,1,1,2,1,1,1,1,2,0,2,2,2,1,1,
6,2,2,1,1,0,1,1,1,2,1,1,1,1,2,0,2,2,2,1,1,
6,2,2,1,1,0,1,1,1,2,1,1,1,1,2,0,2,2,2,1,1,
6,2,2,1,1,0,1,1,1,2,1,1,1,1,2,0,2,2,2,1,1,
6,2,2,1,1,0,1,1,1,2,1,1,1,1,2,1,2,2,2,1,1,
6,2,2,1,1,0,1,1,1,2,1,1,1,1,2,0,2,2,2,1,1,
6,2,2,2,2,0,1,1,2,2,2,2,1,1,2,1,2,2,2,2,2,
6,2,2,1,1,0,1,1,1,2,1,1,1,1,2,1,2,2,2,1,1,
6,2,2,1,1,0,1,1,1,2,1,1,1,1,2,1,2,2,2,1,1,
6,2,2,1,2,0,2,1,2,2,1,2,1,2,2,1,2,2,2,1,2,
6,2,2,1,1,0,1,1,2,2,1,1,1,1,2,1,2,2,2,1,1,
6,2,2,1,1,0,1,1,2,2,1,1,1,1,2,1,2,2,2,1,1,
6,2,2,1,2,0,1,1,2,2,1,2,1,1,2,1,2,2,2,1,1,
6,2,2,1,1,0,1,1,2,2,1,1,1,1,2,1,2,2,2,1,1,
6,2,2,1,1,0,1,1,1,2,1,1,1,1,2,1,2,2,2,1,1,
6,2,2,1,1,0,1,1,2,2,1,1,1,1,2,1,2,2,2,1,1,
9,4,5,4,4,0,5,4,5,4,4,4,4,5,4,1,4,5,5,4,5,
9,5,2,1,2,0,1,1,2,5,1,2,1,1,2,1,2,2,5,1,1,
6,2,2,1,2,0,1,1,2,2,1,2,1,1,2,1,2,2,2,1,1,
6,2,2,1,2,0,2,2,2,2,1,2,1,2,2,1,2,2,2,1,2,
6,2,2,1,2,0,1,1,2,2,1,2,1,2,2,1,2,2,2,1,1,
6,2,2,1,2,0,1,1,2,2,1,2,1,1,2,1,2,2,2,1,2,
6,2,2,1,2,0,1,2,2,2,1,2,1,2,2,1,2,2,2,1,1,
6,2,2,1,2,0,2,2,2,2,2,2,2,2,2,1,2,2,2,2,2,
6,2,2,2,2,0,2,2,2,2,2,2,2,2,2,1,2,2,2,2,2,
5,2,2,2,2,0,2,2,2,2,2,2,2,2,2,1,2,2,2,2,2,
6,2,2,2,2,0,2,2,2,2,2,2,2,2,2,1,2,2,2,2,2,
7,2,2,2,2,0,5,2,2,2,2,2,2,2,2,1,2,2,2,2,2,
5,2,2,2,2,0,2,2,2,2,2,2,2,2,2,1,2,2,2,2,2,
5,1,1,1,1,0,1,1,1,1,1,1,1,1,1,0,1,1,1,1,1,
5,3,2,2,2,0,2,2,2,3,2,2,2,2,2,1,2,2,3,2,2,
5,2,2,2,2,0,2,2,2,2,2,2,2,2,2,1,2,2,2,2,2,
5,2,2,2,2,0,2,2,2,2,2,2,2,2,2,1,2,2,2,2,2,
5,2,2,2,2,0,2,2,2,2,2,2,2,2,2,1,2,2,2,2,2,
5,2,2,2,2,0,2,2,2,3,2,2,2,2,2,1,2,2,2,2,2,
6,2,1,1,1,0,1,1,1,2,1,1,1,1,1,0,1,2,1,1,1,
5,3,2,2,2,0,2,2,2,3,2,2,2,2,2,1,2,2,2,2,2,
5,2,2,2,2,0,2,2,2,3,2,2,2,2,2,1,2,2,2,2,2,
5,3,2,2,2,0,2,2,2,3,2,2,2,2,2,1,2,2,2,2,2,
5,2,2,2,2,0,2,2,2,3,2,2,2,2,2,1,2,2,2,2,2,
5,2,2,2,2,0,2,2,2,3,2,2,2,2,2,1,2,2,2,2,2,
5,2,2,2,2,0,2,2,2,3,2,2,2,2,2,1,2,2,2,2,2,
5,3,2,2,2,0,2,2,2,3,2,2,2,2,2,1,2,2,2,2,2,
5,3,2,2,2,0,2,2,2,3,2,2,2,2,2,1,2,2,2,2,2,
5,2,1,1,1,0,1,1,1,2,1,1,1,1,1,0,1,1,1,1,1,
5,2,1,1,1,0,1,1,1,2,1,1,1,1,1,0,1,1,1,1,1,
5,2,1,1,1,0,1,1,1,2,1,1,1,1,1,0,1,1,1,1,1,
5,2,1,1,1,0,1,1,1,2,1,1,1,1,1,0,1,1,1,1,1,
5,2,1,1,1,0,1,1,1,2,1,1,1,1,1,0,2,2,2,1,1,
6,2,1,1,1,0,1,1,1,2,1,1,1,1,1,0,2,2,2,1,1,
6,2,1,1,1,0,1,1,1,2,1,1,1,1,2,0,2,2,2,1,1,
6,2,1,1,2,0,1,1,1,2,1,2,1,1,1,0,2,2,2,2,1,
7,2,1,1,1,0,3,1,1,2,1,1,3,1,1,0,2,2,2,1,1,
6,2,1,1,1,0,1,1,1,2,1,1,1,1,1,0,2,2,2,1,1,
6,2,2,1,1,0,1,1,1,2,1,1,1,1,2,0,2,2,2,1,1,
6,2,2,1,1,0,1,1,1,2,1,1,1,1,2,0,2,2,2,1,1,
8,2,2,1,1,0,1,1,1,2,1,1,1,1,1,0,2,2,2,1,1,
6,2,2,1,1,0,1,1,1,2,1,1,1,1,2,0,2,2,2,1,1,
6,2,2,1,1,0,1,1,1,2,1,1,1,1,2,0,2,2,2,1,1,
6,2,2,1,1,0,1,1,1,2,1,1,1,1,2,0,2,2,2,1,1,
6,2,2,1,1,0,1,1,2,2,1,1,1,1,2,0,2,2,2,1,1,
6,2,2,1,1,0,1,1,1,2,1,1,1,1,2,1,2,2,2,1,1,
6,2,2,1,1,0,1,1,1,2,1,1,1,1,2,1,2,2,2,1,1,
6,2,2,1,1,0,1,1,2,2,1,1,1,1,2,1,2,2,2,1,1,
6,2,2,1,1,0,1,1,1,2,1,1,1,1,2,1,2,2,2,1,1,
6,2,2,1,1,0,1,1,2,2,1,1,1,1,2,1,2,2,2,1,1,
6,2,2,1,1,0,1,1,2,2,1,1,1,1,2,1,2,2,2,1,1,
6,2,2,1,1,0,1,1,2,2,1,2,1,1,2,1,2,2,2,1,1,
6,2,2,1,2,0,1,2,2,2,1,2,1,2,2,1,2,2,2,1,1,
8,4,2,1,2,0,1,3,3,4,1,2,1,3,4,1,4,2,4,1,1,
6,2,2,1,2,0,2,2,2,2,1,2,1,2,2,1,2,2,2,1,1,
6,2,2,1,2,0,1,2,2,2,1,2,1,2,2,1,2,2,2,1,1,
6,2,2,1,2,0,2,2,2,2,1,2,1,2,2,1,2,2,2,1,2,
6,2,2,1,2,0,1,2,2,2,1,2,1,2,2,1,2,2,2,1,1,
6,2,2,1,2,0,2,2,2,2,2,2,2,2,2,1,2,2,2,2,2,
6,2,2,1,2,0,2,2,2,2,1,2,2,2,2,1,2,2,2,2,2,
5,2,2,2,2,0,2,2,2,2,2,2,2,2,2,1,2,2,2,2,2,
5,2,2,2,2,0,2,2,2,2,2,2,2,2,2,1,2,2,2,2,2,
5,2,2,2,2,0,2,2,2,2,2,2,2,2,2,1,2,2,2,2,2,
8,5,5,2,2,0,2,2,5,5,2,2,2,2,5,1,5,5,5,2,2,
5,2,2,2,2,0,2,2,2,2,2,2,2,2,2,1,2,2,2,2,2,
5,2,2,2,2,0,2,2,2,3,2,2,2,2,2,1,2,2,2,2,2,
5,2,2,2,2,0,2,2,2,3,2,2,2,2,2,1,2,2,2,2,2,
5,2,2,2,2,0,2,2,2,3,2,2,2,2,2,1,2,2,2,2,2,
5,2,2,2,2,0,2,2,2,3,2,2,2,2,2,1,2,2,2,2,2,
7,3,2,2,2,0,2,2,2,3,2,2,2,2,2,1,2,2,2,2,2,
5,3,2,2,2,0,2,2,2,3,2,2,2,2,2,1,2,2,2,2,2,
5,2,1,1,1,0,1,1,1,2,1,1,1,1,1,0,1,1,1,1,1,
5,3,2,2,2,0,2,2,2,3,2,2,2,2,2,1,2,2,2,2,2,
5,2,1,1,1,0,1,1,1,2,1,1,1,1,1,0,1,1,1,1,1,
5,2,1,1,1,0,1,1,1,2,1,1,1,1,1,0,1,1,1,1,1,
6,2,1,1,1,0,1,1,1,2,1,1,1,1,1,0,1,1,1,1,1,
5,2,1,1,1,0,1,1,1,2,1,1,1,1,1,0,1,1,1,1,1,
6,2,1,1,1,0,1,1,1,2,1,1,1,1,1,0,1,1,1,1,1,
8,4,1,1,1,0,1,4,4,5,1,1,1,4,4,0,4,2,4,1,1,
6,2,1,1,1,0,1,1,1,2,1,1,1,1,1,0,1,2,2,1,1,
6,2,1,1,1,0,1,1,1,2,1,1,1,1,1,0,2,2,2,1,1,
6,2,2,1,1,0,1,1,1,2,1,1,1,1,2,0,2,2,2,1,1,
6,2,1,1,1,0,1,1,1,2,1,1,1,1,2,0,2,2,2,1,1,
6,2,2,1,1,0,1,1,1,2,1,1,1,1,2,0,2,2,2,1,1,
6,2,2,1,1,0,1,1,1,2,1,1,1,1,2,0,2,2,2,1,1,
6,2,2,1,2,0,1,1,1,2,1,2,1,1,2,0,2,2,2,2,1,
7,2,2,1,1,0,3,1,1,2,1,1,3,1,2,0,2,2,2,1,1,
6,2,1,1,1,0,1,1,1,2,1,1,1,1,2,0,2,2,2,1,1,
6,2,2,1,1,0,1,1,1,2,1,1,1,1,2,1,2,2,2,1,1,
6,2,2,1,1,0,1,1,2,2,1,2,1,1,2,1,2,2,2,1,1,
6,2,2,1,1,0,1,1,1,2,1,1,1,1,2,0,2,2,2,1,1,
6,2,2,1,2,0,1,2,2,2,1,2,1,2,2,1,2,2,2,1,1,
6,2,2,1,1,0,1,1,2,2,1,2,1,1,2,1,2,2,2,1,1,
6,2,2,1,2,0,1,1,2,2,1,2,1,1,2,1,2,2,2,1,1,
8,2,2,1,2,0,2,2,2,2,1,2,1,2,2,1,2,2,2,1,1,
6,2,2,1,2,0,1,2,2,2,1,2,1,2,2,1,2,2,2,1,1,
6,2,2,1,2,0,1,2,2,2,1,2,1,2,2,1,2,2,2,1,1,
6,2,2,1,2,0,2,2,2,2,1,2,1,2,2,1,2,2,2,1,1,
6,2,2,1,2,0,2,2,2,2,1,2,1,2,2,1,2,2,2,1,1,
6,2,2,1,2,0,2,2,2,2,1,2,1,2,2,1,2,2,2,1,1,
6,2,2,1,2,0,2,2,2,2,1,2,1,2,2,1,2,2,2,1,2,
6,2,2,2,2,0,2,2,2,2,2,2,2,2,2,1,2,2,2,2,2,
6,2,2,1,2,0,2,2,2,2,1,2,1,2,2,1,2,2,2,1,2,
8,2,2,1,1,0,1,1,1,2,3,1,1,1,1,0,1,2,2,1,1,
6,2,2,2,2,0,2,2,2,2,2,2,2,2,2,1,2,2,2,2,2,
8,2,2,2,2,0,2,2,2,2,2,2,2,2,2,1,2,2,2,2,2,
6,2,2,2,2,0,2,2,2,2,2,2,2,2,2,1,2,2,2,2,2,
5,2,2,2,2,0,2,2,2,2,2,2,2,2,2,1,2,2,2,2,2,
5,2,2,2,2,0,2,2,2,2,2,2,2,2,2,1,2,2,2,2,2,
5,2,2,2,2,0,2,2,2,2,2,2,2,2,2,1,2,2,2,2,2,
5,2,2,2,2,0,2,2,2,2,2,2,2,2,2,1,2,2,2,2,2,
5,2,2,2,2,0,2,2,2,3,2,2,2,2,2,1,2,2,2,2,2,
5,2,2,2,2,0,2,2,2,3,2,2,1,2,2,1,2,2,2,2,2,
5,2,2,2,2,0,2,2,2,3,2,2,2,2,2,1,2,2,2,2,2,
5,2,2,2,2,0,2,2,2,3,2,2,1,2,2,1,2,2,2,2,2,
5,2,2,2,2,0,2,2,2,3,2,2,2,2,2,1,2,2,2,2,2,
7,4,2,2,2,0,2,3,4,4,2,2,2,3,4,1,4,2,4,2,2,
5,2,2,2,2,0,2,2,2,3,2,2,2,2,2,1,2,2,2,2,2,
5,2,2,2,2,0,2,2,2,3,2,2,2,2,2,1,2,2,2,2,2,
5,2,2,2,2,0,2,2,2,3,2,2,2,2,2,1,2,2,2,2,2,
5,2,2,2,2,0,2,2,2,3,2,2,2,2,2,1,2,2,2,2,2,
5,3,2,2,2,0,2,2,2,3,2,2,2,2,2,1,2,2,2,2,2,
5,2,1,1,1,0,1,1,1,2,1,1,1,1,1,0,1,1,1,1,1,
5,3,2,2,2,0,2,2,2,3,2,2,2,2,2,1,2,2,2,2,2,
7,2,2,2,2,0,2,2,2,3,2,2,2,2,2,1,2,2,2,2,2,
5,3,2,2,2,0,2,2,2,3,2,2,2,2,2,1,2,2,2,2,2,
5,2,1,1,1,0,1,1,1,2,1,1,1,1,1,0,1,1,1,1,1,
5,2,1,1,1,0,1,1,1,2,1,1,1,1,1,0,1,2,1,1,1,
8,2,4,4,4,0,1,1,1,2,4,4,1,1,1,0,1,4,1,4,4,
5,2,1,1,1,0,1,1,1,2,1,1,1,1,1,0,1,2,1,1,1,
5,2,1,1,1,0,1,1,1,2,1,1,1,1,1,0,1,2,1,1,1,
5,2,1,1,1,0,1,1,1,2,1,1,1,1,1,0,1,2,2,1,1,
6,2,1,1,1,0,1,1,1,2,1,1,1,1,1,0,2,2,2,1,1,
5,2,1,1,1,0,1,1,1,2,1,1,1,1,1,0,1,2,1,1,1,
5,2,1,1,1,0,1,1,1,2,1,1,1,1,1,0,2,2,2,1,1,
5,2,1,1,1,0,1,1,1,2,1,1,1,1,1,0,1,2,2,1,1,
6,2,2,1,1,0,1,1,1,2,1,1,1,1,1,0,2,2,2,1,1,
6,2,1,1,1,0,1,1,1,2,1,1,1,1,1,0,2,2,2,1,1,
6,1,1,0,0,0,0,0,0,1,0,0,0,0,0,0,1,1,1,0,0,
6,2,1,1,1,0,1,1,1,2,1,1,1,1,2,0,2,2,2,1,1,
6,2,2,1,1,0,1,1,1,2,1,1,1,1,2,0,2,2,2,1,1,
6,2,2,1,1,0,1,1,1,2,1,1,1,1,1,0,2,2,2,1,1,
6,2,2,1,1,0,1,1,1,2,1,1,1,1,2,0,2,2,2,1,1,
6,2,2,1,1,0,1,1,2,2,1,1,1,1,2,0,2,2,2,1,1,
6,2,2,2,2,0,2,2,2,3,2,2,2,2,2,1,2,2,2,2,2,
6,2,2,1,1,0,1,1,1,2,1,1,1,1,2,1,2,2,2,1,1,
6,2,2,1,2,0,1,1,2,2,1,2,1,1,2,1,2,2,2,1,1,
6,2,2,1,1,0,1,1,1,2,1,1,1,1,2,1,2,2,2,1,1,
6,2,2,1,2,0,2,2,2,2,1,2,1,2,2,1,2,2,2,1,1,
8,3,2,2,2,0,2,2,2,3,2,2,2,2,2,1,2,2,2,2,2,
6,2,2,1,1,0,1,1,2,2,1,2,1,1,2,1,2,2,2,1,1,
6,2,2,1,2,0,1,1,2,2,1,2,1,1,2,1,2,2,2,1,1,
6,2,2,1,2,0,1,2,2,2,1,2,1,2,2,1,2,2,2,1,1,
6,2,2,1,2,0,1,2,2,2,1,2,1,2,2,1,2,2,2,1,1,
6,2,2,1,2,0,2,2,2,2,1,2,1,2,2,1,2,2,2,1,1,
6,2,2,1,2,0,2,1,2,2,1,2,1,2,2,1,2,2,2,1,1,
6,2,2,1,2,0,1,2,2,2,1,2,1,2,2,1,2,2,2,1,1,
7,2,2,1,2,0,2,2,2,2,1,2,1,2,2,1,2,2,2,2,2,
6,2,2,1,2,0,2,2,2,2,1,2,1,2,2,1,2,2,2,1,1,
6,2,2,1,2,0,1,2,2,2,1,2,1,2,2,1,2,2,2,1,1,
6,2,2,1,2,0,1,2,2,2,1,2,1,2,2,1,2,2,2,1,2,
6,2,2,2,2,0,2,2,2,2,2,2,2,2,2,1,2,2,2,2,2,
5,2,2,1,2,0,2,2,2,2,1,2,1,2,2,1,2,2,2,1,2,
5,2,2,2,2,0,2,2,2,2,2,2,2,2,2,1,2,2,2,2,2,
5,2,2,2,2,0,2,2,2,2,2,2,2,2,2,1,2,2,2,2,2,
5,2,2,2,2,0,2,2,2,2,2,2,2,2,2,1,2,2,2,2,2,
7,2,4,4,4,0,2,2,2,2,4,4,1,2,2,1,2,4,2,4,4,
5,2,2,2,2,0,2,2,2,3,2,2,2,2,2,1,2,2,2,2,2,
5,2,2,2,2,0,2,2,2,3,2,2,2,2,2,1,2,2,2,2,2,
5,2,2,2,2,0,2,2,2,2,2,2,2,2,2,1,2,2,2,2,2,
5,2,2,2,2,0,2,2,2,3,2,2,2,2,2,1,2,2,2,2,2,
5,2,2,2,2,0,2,2,2,3,2,2,2,2,2,1,2,2,2,2,2,
5,2,2,2,2,0,2,2,2,3,2,2,1,2,2,1,2,2,2,2,2,
6,2,2,2,3,0,2,2,2,3,2,3,1,2,2,1,2,2,2,3,2,
6,3,2,2,2,0,4,2,2,3,2,2,3,2,2,1,2,2,2,2,2,
5,2,2,2,2,0,2,2,2,3,2,2,2,2,2,1,2,2,2,2,2,
5,3,2,2,2,0,2,2,2,3,2,2,2,2,2,1,2,2,2,2,2,
5,3,2,2,2,0,2,2,2,3,2,2,2,2,2,1,2,2,2,2,2,
8,3,2,2,2,0,2,2,2,3,2,2,2,2,2,1,2,2,2,2,2,
7,2,2,1,1,0,1,1,1,2,1,1,1,1,2,0,2,2,2,1,1,
5,3,2,2,2,0,2,2,2,3,2,2,2,2,2,1,2,2,2,2,2,
5,2,1,1,1,0,1,1,1,2,1,1,1,1,1,0,1,2,1,1,1,
5,2,1,1,1,0,1,1,1,2,1,1,1,1,1,0,1,1,1,1,1,
5,2,1,1,1,0,1,1,1,2,1,1,1,1,1,0,1,1,1,1,1,
5,2,1,1,1,0,1,1,1,2,1,1,1,1,1,0,1,1,1,1,1,
5,2,1,1,1,0,1,1,1,2,1,1,1,1,1,0,1,1,1,1,1,
5,2,1,1,1,0,1,1,1,2,1,1,1,1,1,0,2,2,2,1,1,
6,2,1,1,1,0,1,1,1,2,1,1,1,1,1,0,1,1,2,1,1,
8,3,4,3,3,0,3,3,3,3,3,3,3,3,3,3,3,4,3,3,4,
7,3,1,1,1,0,1,1,1,4,1,1,1,1,1,0,1,2,3,1,1,
5,2,1,1,1,0,1,1,1,2,1,1,1,1,1,0,1,2,2,1,1,
6,2,2,1,1,0,1,1,1,2,1,1,1,1,1,0,2,2,2,1,1,
6,2,1,1,1,0,1,1,1,2,1,1,1,1,1,0,2,2,2,1,1,
6,2,2,1,1,0,1,1,1,2,1,1,1,1,1,0,2,2,2,1,1,
6,2,2,2,2,0,2,2,2,3,2,2,1,2,2,1,2,2,2,2,2,
5,2,2,1,1,0,1,1,1,2,1,1,1,1,1,0,2,2,2,1,1,
6,2,2,1,1,0,1,1,1,2,1,1,1,1,1,0,2,2,2,1,1,
6,2,1,1,1,0,1,1,1,2,1,1,1,1,2,0,2,2,2,1,1,
6,2,2,1,1,0,1,1,1,2,1,1,1,1,1,0,2,2,2,1,1,
7,2,2,2,2,0,2,2,2,3,2,2,2,2,2,1,2,2,2,2,2,
6,2,1,1,1,0,1,1,1,2,1,1,1,1,2,0,2,2,2,1,1,
6,2,2,1,1,0,1,1,1,2,1,1,1,1,2,0,2,2,2,1,1,
6,2,2,1,1,0,1,1,1,2,1,1,1,1,2,0,2,2,2,1,1,
6,2,2,1,1,0,1,1,1,2,1,1,1,1,2,1,2,2,2,1,1,
6,2,2,1,1,0,1,1,1,2,1,1,1,1,2,0,2,2,2,1,1,
6,2,2,1,1,0,1,1,1,2,1,1,1,1,2,1,2,2,2,1,1,
6,2,2,1,1,0,1,1,2,2,1,1,1,1,2,1,2,2,2,1,1,
8,4,4,4,4,0,4,4,4,4,4,4,4,4,4,1,4,4,4,4,4,
6,2,2,1,2,0,1,2,2,2,1,2,1,2,2,1,2,2,2,1,2,
6,2,2,1,2,0,1,2,2,2,1,2,1,2,2,1,2,2,2,1,1,
6,2,2,1,2,0,1,1,2,2,1,2,1,2,2,1,2,2,2,1,1,
6,2,2,1,2,0,1,1,2,2,1,2,1,1,2,1,2,2,2,1,1,
6,2,2,1,2,0,1,2,2,2,1,2,1,2,2,1,2,2,2,1,2,
6,2,2,1,2,0,1,1,2,2,1,2,1,1,2,1,2,2,2,1,2,
6,2,2,1,2,0,1,1,2,2,1,2,1,1,2,1,2,2,2,1,1,
6,2,2,1,2,0,1,1,2,2,1,2,1,1,2,1,2,2,2,1,2,
8,2,5,4,5,0,1,1,2,2,4,5,1,1,2,1,2,5,2,4,4,
6,2,2,1,2,0,1,2,2,2,1,2,1,2,2,1,2,2,2,1,2,
6,2,2,1,2,0,1,2,2,2,1,2,1,2,2,1,2,2,2,1,2,
6,2,2,1,2,0,2,2,2,2,1,2,1,2,2,1,2,2,2,1,2,
6,2,2,1,2,0,2,2,2,2,1,2,1,2,2,1,2,2,2,1,2,
5,2,2,1,2,0,2,2,2,2,1,2,1,2,2,1,2,2,2,2,2,
5,2,2,1,3,0,2,2,2,2,1,3,2,2,2,1,2,2,2,2,2,
5,2,2,1,2,0,2,2,2,3,1,2,1,2,2,1,2,2,2,2,2,
5,2,2,1,2,0,2,2,2,3,1,2,2,2,2,1,2,2,2,2,2,
5,2,2,2,2,0,2,2,2,3,2,2,2,2,2,1,2,2,2,2,2,
8,5,5,2,5,0,5,5,5,5,2,5,1,5,5,1,5,5,5,2,5,
8,4,1,1,1,0,1,1,1,5,1,1,1,1,1,0,1,1,4,1,1,
5,2,2,2,2,0,2,2,2,3,2,2,2,2,2,1,2,2,2,2,2,
5,2,2,2,2,0,2,2,2,3,2,2,2,2,2,1,2,2,2,2,2,
5,2,2,2,2,0,2,2,2,3,2,2,1,2,2,1,2,2,2,2,2,
5,2,2,2,2,0,2,2,2,3,2,2,2,2,2,1,2,2,2,2,2,
8,2,2,2,2,0,2,2,2,3,2,2,2,2,2,1,2,2,2,2,2,
5,2,2,2,2,0,2,2,2,3,2,2,2,2,2,1,2,2,2,2,2,
5,2,2,2,2,0,2,2,2,3,2,2,2,2,2,1,2,2,2,2,2,
5,3,2,2,2,0,2,2,2,3,2,2,2,2,2,1,2,3,2,2,2,
5,2,2,2,2,0,2,2,2,3,2,2,2,2,2,1,2,2,2,2,2,
5,2,2,2,2,0,2,2,2,3,2,2,2,2,2,1,2,2,2,2,2,
5,3,2,2,2,0,2,2,2,3,2,2,2,2,2,1,2,2,2,2,2,
5,2,1,1,1,0,1,1,1,2,1,1,1,1,1,0,1,1,1,1,1,
5,2,1,1,1,0,1,1,1,2,1,1,1,1,1,0,1,1,1,1,1,
5,2,1,1,1,0,1,1,1,2,1,1,1,1,1,0,1,1,2,1,1,
6,2,2,1,2,0,1,2,2,2,1,2,1,2,2,1,2,2,2,1,2,
5,2,1,1,1,0,1,1,1,2,1,1,1,1,1,0,1,1,1,1,1,
5,2,1,1,1,0,1,1,1,2,1,1,1,1,1,0,1,2,1,1,1,
5,2,1,1,1,0,1,1,1,2,1,1,1,1,1,0,1,1,1,1,1,
5,2,1,1,1,0,1,1,1,2,1,1,1,1,1,0,1,1,1,1,1,
5,2,1,1,1,0,1,1,1,2,1,1,1,1,1,0,1,2,1,1,1,
5,2,1,1,1,0,1,1,1,2,1,1,1,1,1,0,1,2,2,1,1,
6,2,1,1,1,0,3,1,1,2,1,1,2,1,1,0,1,2,2,1,1,
5,2,1,1,1,0,1,1,1,2,1,1,1,1,1,0,1,2,2,1,1,
5,2,1,1,1,0,1,1,1,2,1,1,1,1,1,0,1,2,2,1,1,
6,2,1,1,1,0,1,1,1,2,1,1,1,1,1,0,2,2,2,1,1,
6,2,1,1,1,0,1,1,1,2,1,1,1,1,1,0,2,2,2,1,1,
6,2,2,1,1,0,1,1,1,2,1,1,1,1,1,0,1,2,2,1,1,
6,2,1,1,1,0,1,1,1,2,1,1,1,1,1,0,2,2,2,1,1,
5,2,2,1,1,0,1,1,1,2,1,1,1,1,1,0,2,2,2,1,1,
8,2,2,1,1,0,1,1,1,2,1,1,1,1,1,0,2,2,2,1,1,
6,2,2,1,1,0,1,1,1,2,1,1,1,1,1,0,2,2,2,1,1,
6,2,2,1,1,0,1,1,1,2,1,1,1,1,1,0,2,2,2,1,1,
6,2,2,1,1,0,1,1,2,2,1,1,1,1,2,0,2,2,2,1,1,
6,2,2,1,1,0,1,1,2,2,1,2,1,1,2,1,2,2,2,1,1,
6,3,2,2,2,0,2,2,2,3,2,2,2,2,2,1,2,2,2,2,2,
6,2,2,1,2,0,1,1,2,2,1,2,1,1,2,1,2,2,2,1,2,
6,2,2,1,1,0,1,1,2,2,1,2,1,1,2,1,2,2,2,1,1,
6,2,2,1,1,0,1,1,2,2,1,2,1,1,2,1,2,2,2,1,1,
8,2,2,1,1,0,2,1,2,2,1,2,1,1,2,1,2,2,2,1,2,
6,2,2,1,1,0,2,1,2,2,1,2,1,1,2,1,2,2,2,1,1,
8,2,2,1,1,0,1,1,2,2,1,2,1,1,2,1,2,2,2,1,1,
6,2,2,1,1,0,1,1,2,2,1,2,1,1,2,1,2,2,2,1,2,
6,2,2,1,1,0,1,1,2,2,1,2,1,1,2,1,2,2,2,1,2,
6,2,2,1,2,0,1,1,2,2,1,2,1,1,2,1,2,2,2,1,2,
6,2,2,1,2,0,1,1,2,2,1,2,1,1,2,1,2,2,2,1,2,
8,2,2,1,2,0,1,1,2,2,1,2,1,1,2,1,2,2,2,1,2,
6,2,2,1,2,0,1,1,2,2,1,2,1,1,2,1,2,2,2,1,2,
6,2,2,1,2,0,1,1,2,2,1,2,1,1,2,1,2,2,2,1,2,
6,2,2,1,2,0,1,1,2,2,1,2,1,1,2,1,2,2,2,1,2,
6,2,2,1,2,0,1,1,2,2,1,2,1,2,2,1,2,2,2,1,2,
5,2,2,1,2,0,1,2,2,2,1,2,1,2,2,1,2,2,2,1,2,
8,5,2,1,2,0,2,4,4,5,1,2,1,4,4,1,4,2,5,1,2,
5,2,2,1,2,0,2,2,2,2,1,2,1,2,2,1,2,2,2,1,2,
5,2,2,1,2,0,2,2,2,2,1,2,1,2,2,1,2,2,2,1,2,
5,2,2,1,2,0,2,2,2,2,1,2,1,2,2,1,2,2,2,1,2,
5,2,2,2,2,0,2,2,2,3,2,2,2,2,2,1,2,2,2,2,2,
5,2,2,2,2,0,2,2,2,2,2,2,1,2,2,1,2,2,2,2,2,
5,2,2,1,2,0,2,2,2,3,2,2,2,2,2,1,2,2,2,2,2,
5,2,2,2,2,0,2,2,2,3,2,2,2,2,2,1,2,2,2,2,2,
8,2,2,1,2,0,1,2,2,2,1,2,1,2,2,1,2,2,2,1,2,
5,2,2,2,2,0,2,2,2,3,2,2,1,2,2,1,2,2,2,2,2,
5,2,2,2,2,0,2,2,2,3,2,2,2,2,2,1,2,2,2,2,2,
5,2,2,2,2,0,2,2,2,3,2,2,1,2,2,1,2,2,2,2,2,
7,2,2,4,2,0,2,2,2,3,4,2,2,2,2,1,2,2,2,2,2,
5,3,2,2,2,0,2,2,2,3,2,2,2,2,2,1,2,2,2,2,2,
5,2,2,2,2,0,2,2,2,3,2,2,2,2,2,1,2,2,2,2,2,
5,3,2,2,2,0,2,2,2,3,2,2,2,2,2,1,2,2,2,2,2,
5,0,0,0,0,0,0,0,0,1,0,0,0,0,0,0,0,1,0,0,0,
5,2,2,2,2,0,2,2,2,3,2,2,2,2,2,1,2,2,2,2,2,
5,2,1,1,1,0,1,1,1,2,1,1,1,1,1,0,1,1,1,1,1,
5,3,2,2,2,0,2,2,2,3,2,2,2,2,2,1,2,2,2,2,2,
5,3,2,2,2,0,2,2,2,3,2,2,2,2,2,1,2,2,2,2,2,
5,1,1,1,1,0,1,1,1,2,1,1,1,1,1,0,1,1,1,1,1,
7,0,1,0,0,0,0,0,0,0,0,0,0,0,0,0,0,1,0,0,1,
6,2,1,1,1,0,1,1,1,2,1,1,1,1,1,0,1,1,2,1,1,
5,2,1,1,1,0,1,1,1,2,1,1,1,1,1,0,1,1,1,1,1,
5,2,1,1,1,0,1,1,1,2,1,1,1,1,1,0,1,1,1,1,1,
5,2,1,1,1,0,1,1,1,2,1,1,1,1,1,0,1,2,1,1,1,
5,2,1,1,1,0,1,1,1,2,1,1,1,1,1,0,1,1,1,1,1,
7,2,2,1,1,0,1,1,2,2,1,2,1,1,2,1,2,2,2,1,1,
5,2,1,1,1,0,1,1,1,2,1,1,1,1,1,0,1,2,2,1,1,
6,2,1,1,1,0,1,1,1,2,1,1,1,1,1,0,2,2,2,1,1,
5,2,2,1,1,0,1,1,1,2,1,1,1,1,1,0,1,2,2,1,1,
6,2,2,1,1,0,1,1,1,2,1,1,1,1,1,0,2,2,2,1,1,
8,2,2,2,2,0,2,2,2,3,2,2,2,2,2,1,2,2,2,2,2,
6,2,2,1,1,0,1,1,1,2,1,1,1,1,1,0,2,2,2,1,1,
6,2,2,1,1,0,1,1,1,2,1,1,1,1,2,0,2,2,2,1,1,
6,2,2,1,1,0,1,1,1,2,1,1,1,1,2,0,2,2,2,1,1,
6,2,2,1,1,0,1,1,1,2,1,1,1,1,2,1,2,2,2,1,1,
6,2,2,1,1,0,1,1,1,2,1,1,1,1,2,0,2,2,2,1,1,
6,2,2,1,1,0,1,1,1,2,1,1,1,1,2,0,2,2,2,1,1,
6,2,2,1,1,0,1,1,1,2,1,1,1,1,2,1,2,2,2,1,1,
8,2,2,1,1,0,1,1,1,2,1,1,1,1,2,1,2,2,2,1,1,
6,2,2,1,1,0,1,1,1,2,1,1,1,1,2,1,2,2,2,1,1,
6,3,2,1,1,0,1,1,1,2,1,1,1,1,2,1,2,2,2,1,1,
6,2,2,1,1,0,1,1,2,2,1,1,1,1,2,1,2,2,2,1,1,
6,2,2,1,1,0,1,1,1,2,1,1,1,1,2,1,2,2,2,1,1,
6,2,2,1,1,0,1,1,2,2,1,1,1,1,2,1,2,2,2,1,1,
6,2,2,1,1,0,1,1,2,2,1,1,1,1,2,1,2,2,2,1,1,
6,2,2,1,1,0,1,1,2,2,1,1,1,1,2,1,2,2,2,1,1,
6,2,2,1,1,0,1,1,2,2,1,1,1,1,2,1,2,2,2,1,1,
7,2,2,1,1,0,1,1,2,2,1,2,1,1,2,1,2,2,2,1,1,
6,2,2,1,1,0,1,1,2,2,1,2,1,1,2,1,2,2,2,1,1,
7,2,2,1,1,0,1,1,2,2,1,2,1,1,2,1,2,2,2,1,1,
6,2,2,1,1,0,1,1,2,2,1,1,1,1,2,1,2,2,2,1,1,
7,2,2,1,1,0,1,1,2,2,1,2,1,1,2,1,2,2,2,1,2,
6,2,2,1,2,0,2,2,2,2,1,2,1,2,2,1,2,2,2,1,2,
6,2,2,1,2,0,2,2,2,2,1,2,1,2,2,1,2,2,2,1,2,
6,2,2,1,2,0,1,2,2,2,1,2,1,2,2,1,2,2,2,1,2,
5,2,2,1,2,0,1,2,2,2,1,2,1,2,2,1,2,2,2,1,2,
5,2,2,1,2,0,2,2,2,2,1,2,1,2,2,1,2,2,2,1,2,
8,5,5,1,5,0,5,5,5,5,1,5,1,5,5,1,5,5,5,1,5,
8,5,2,1,2,0,2,2,2,5,1,2,1,2,2,1,2,2,5,1,2,
5,2,2,1,2,0,2,2,2,2,1,2,1,2,2,1,2,2,2,2,2,
5,2,2,1,2,0,2,2,2,2,1,2,2,2,2,1,2,2,2,2,2,
5,2,2,2,2,0,2,2,2,2,2,2,2,2,2,1,2,2,2,2,2,
5,2,2,1,2,0,2,2,2,3,1,2,2,2,2,1,2,2,2,2,2,
7,2,2,2,2,0,2,2,2,3,2,2,2,2,2,1,2,2,2,2,2,
5,2,2,2,2,0,2,2,2,3,2,2,1,2,2,1,2,2,2,2,2,
5,2,2,2,2,0,2,2,2,3,2,2,2,2,2,1,2,2,2,2,2,
5,2,2,2,2,0,2,2,2,3,2,2,2,2,2,1,2,2,2,2,2,
5,2,2,2,2,0,2,2,2,3,2,2,2,2,2,1,2,2,2,2,2,
5,2,2,2,2,0,2,2,2,2,2,2,2,2,2,1,2,2,2,2,2,
5,2,2,2,2,0,2,2,2,3,2,2,2,2,2,1,2,2,2,2,2,
5,2,2,2,2,0,2,2,2,3,2,2,2,2,2,1,2,2,2,2,2,
5,2,2,2,2,0,2,2,2,3,2,2,2,2,2,1,2,2,2,2,2,
5,2,2,2,2,0,2,2,2,3,2,2,2,2,2,1,2,2,2,2,2,
5,2,2,2,2,0,2,2,2,3,2,2,2,2,2,1,2,2,2,2,2,
5,1,1,1,1,0,1,1,1,2,1,1,1,1,1,0,1,1,1,1,1,
5,2,2,2,2,0,2,2,2,3,2,2,2,2,2,1,2,2,2,2,2,
5,2,1,1,1,0,1,1,1,2,1,1,1,1,1,0,1,1,1,1,1,
5,2,1,1,1,0,1,1,1,2,1,1,1,1,1,0,1,1,1,1,1,
5,2,1,1,1,0,1,1,1,2,1,1,1,1,1,0,1,1,1,1,1,
7,2,1,1,4,0,1,1,1,2,1,4,1,1,1,0,1,1,1,3,1,
5,2,1,1,1,0,1,1,1,2,1,1,1,1,1,0,1,1,1,1,1,
5,2,1,1,1,0,1,1,1,2,1,1,1,1,1,0,1,1,1,1,1,
6,0,0,0,0,0,0,0,0,0,0,0,0,0,0,0,0,0,0,0,0,
7,3,1,1,1,0,1,1,1,3,1,1,1,1,1,0,1,2,3,1,1,
5,2,1,1,1,0,1,1,1,2,1,1,1,1,1,0,1,1,2,1,1,
6,2,1,1,1,0,1,1,1,2,1,1,1,1,1,0,2,2,2,1,1,
6,2,2,1,1,0,1,1,1,2,1,1,1,1,1,0,2,2,2,1,1,
6,2,2,1,1,0,1,1,1,2,1,1,1,1,2,0,2,2,2,1,1,
8,2,2,1,1,0,1,1,2,2,1,2,1,1,2,1,2,2,2,1,2,
6,2,2,1,1,0,1,1,1,2,1,1,1,1,2,0,2,2,2,1,1,
6,2,2,1,1,0,1,1,1,2,1,1,1,1,2,1,2,2,2,1,1,
6,2,2,1,1,0,1,1,2,2,1,1,1,1,2,1,2,2,2,1,1,
6,2,2,1,2,0,1,1,1,2,1,1,1,1,2,1,2,2,2,1,1,
6,2,2,1,1,0,3,1,1,2,1,1,2,1,2,1,2,2,2,1,1,
6,2,2,1,1,0,1,1,1,2,1,1,1,1,2,1,2,2,2,1,1,
6,2,2,1,1,0,1,1,1,2,1,1,1,1,2,1,2,2,2,1,1,
6,2,2,1,1,0,1,1,1,2,1,2,1,1,2,1,2,2,2,1,1,
6,2,2,1,1,0,1,1,2,2,1,1,1,1,2,1,2,2,2,1,1,
6,2,2,1,1,0,1,1,2,2,1,2,1,1,2,1,2,2,2,1,2,
6,2,2,1,1,0,1,1,2,2,1,2,1,1,2,1,2,2,2,1,2,
6,2,2,1,1,0,1,1,2,2,1,2,1,1,2,1,2,2,2,1,1,
9,2,2,1,2,0,1,1,2,2,1,2,1,1,2,1,2,2,2,1,1,
6,2,2,1,2,0,1,1,2,2,1,2,1,1,2,1,2,2,2,1,2,
6,2,2,1,2,0,1,2,2,2,1,2,1,2,2,1,2,2,2,1,2,
5,2,2,1,1,0,1,2,2,2,1,2,1,2,2,1,2,2,2,1,2,
5,2,2,1,2,0,1,2,2,2,1,2,1,2,2,1,2,2,2,1,2,
5,2,2,1,2,0,2,2,2,2,1,2,1,2,2,1,2,2,2,2,2,
9,2,2,1,2,0,2,2,2,2,1,2,1,2,6,1,6,2,2,1,2,
5,2,2,1,2,0,2,2,2,2,1,2,1,2,2,1,2,2,2,2,2,
5,2,2,2,2,0,2,2,2,2,2,2,1,2,2,1,2,2,2,2,2,
5,2,2,1,2,0,2,2,2,2,2,2,2,2,2,1,2,2,2,2,2,
5,2,2,1,2,0,2,2,2,2,1,2,1,2,2,1,2,2,2,2,2,
5,2,2,1,2,0,2,2,2,2,1,2,1,2,2,1,2,2,2,2,2,
6,2,2,1,2,0,2,2,2,2,1,2,1,2,2,1,2,2,2,1,2,
5,2,2,1,2,0,2,2,2,3,1,2,1,2,2,1,2,2,2,2,2,
5,2,2,2,2,0,2,2,2,3,2,2,2,2,2,1,2,2,2,2,2,
5,2,2,2,2,0,2,2,2,3,2,2,2,2,2,1,2,2,2,2,2,
5,2,2,2,2,0,2,2,2,3,2,2,2,2,2,1,2,2,2,2,2,
5,2,2,2,2,0,2,2,2,3,2,2,2,2,2,1,2,2,2,2,2,
5,2,2,2,2,0,2,2,2,3,2,2,2,2,2,1,2,2,2,2,2,
5,3,2,2,2,0,2,2,2,3,2,2,2,2,2,1,2,2,2,2,2,
5,2,2,2,2,0,2,2,2,3,2,2,2,2,2,1,2,2,2,2,2,
8,5,2,2,2,0,2,5,5,6,2,2,2,5,5,1,5,2,5,2,2,
5,3,2,2,2,0,2,2,2,3,2,2,2,2,2,1,2,2,2,2,2,
5,3,2,2,2,0,2,2,2,3,2,2,2,2,2,1,2,2,2,2,2,
5,2,2,2,2,0,2,2,2,3,2,2,2,2,2,1,2,2,2,2,2,
5,2,2,2,2,0,2,2,2,3,2,2,2,2,2,1,2,2,2,2,2,
6,2,1,1,1,0,3,1,1,2,1,1,2,1,1,0,1,1,1,1,1,
5,3,2,2,2,0,2,2,2,3,2,2,2,2,2,1,2,2,2,2,2,
5,2,1,1,1,0,1,1,1,2,1,1,1,1,1,0,1,1,1,1,1,
5,2,1,1,1,0,1,1,1,2,1,1,1,1,1,0,1,1,1,1,1,
5,2,1,1,1,0,1,1,1,2,1,1,1,1,1,0,1,2,1,1,1,
8,4,1,1,1,0,1,1,4,4,1,1,1,1,4,0,4,4,4,1,1,
6,2,1,1,1,0,1,1,1,2,1,1,1,1,1,0,1,1,1,1,1,
7,2,1,1,1,0,1,1,1,2,1,1,1,1,1,0,1,1,2,1,1,
5,2,1,1,1,0,1,1,1,2,1,1,1,1,1,0,1,2,2,1,1,
6,2,1,1,1,0,1,1,1,2,1,1,1,1,1,0,1,2,2,1,1,
6,2,1,1,1,0,1,1,1,2,1,1,1,1,1,0,2,2,2,1,1,
6,2,1,1,1,0,1,1,1,2,1,1,1,1,1,0,2,2,2,1,1,
6,2,1,1,1,0,1,1,1,2,1,1,1,1,1,0,1,2,2,1,1,
6,2,2,1,1,0,1,1,1,2,1,1,1,1,1,0,2,2,2,1,1,
6,2,2,1,1,0,1,1,1,2,1,1,1,1,1,0,2,2,2,1,1,
7,2,2,1,4,0,1,1,1,2,1,4,1,1,2,0,2,2,2,3,1,
6,2,1,1,1,0,1,1,1,2,1,1,1,1,1,0,2,2,2,1,1,
6,2,2,1,1,0,1,1,1,2,1,1,1,1,2,0,2,2,2,1,1,
6,1,1,1,0,0,0,0,1,1,0,0,0,1,1,0,1,1,1,0,1,
7,3,2,1,1,0,1,1,1,3,1,1,1,1,2,0,2,2,3,1,1,
6,2,2,1,1,0,1,1,1,2,1,1,1,1,2,1,2,2,2,1,1,
6,2,2,1,1,0,1,1,1,2,1,1,1,1,2,1,2,2,2,1,1,
6,2,2,1,1,0,1,1,1,2,1,1,1,1,2,1,2,2,2,1,1,
6,2,2,1,1,0,1,1,1,2,1,1,1,1,2,1,2,2,2,1,1,
8,2,2,1,1,0,1,1,2,2,1,1,1,1,2,1,2,2,2,1,1,
6,2,2,1,1,0,1,1,2,2,1,1,1,1,2,1,2,2,2,1,1,
6,2,2,1,1,0,1,1,2,2,1,1,1,1,2,1,2,2,2,1,1,
6,2,2,1,1,0,1,1,2,2,1,2,1,1,2,1,2,2,2,1,1,
6,2,2,1,1,0,1,1,2,2,1,2,1,1,2,1,2,2,2,1,1,
6,2,2,1,1,0,1,1,2,2,1,2,1,1,2,1,2,2,2,1,1,
6,2,2,1,1,0,1,1,2,2,1,2,1,1,2,1,2,2,2,1,1,
6,2,2,1,2,0,1,1,2,2,1,2,1,1,2,1,2,2,2,1,2,
6,2,2,1,2,0,2,1,2,2,1,2,1,2,2,1,2,2,2,1,2,
9,5,2,1,1,0,1,4,4,5,1,2,1,4,5,1,5,2,5,1,2,
6,2,2,1,2,0,2,2,2,2,1,2,1,2,2,1,2,2,2,1,2,
5,2,2,1,2,0,2,2,2,2,1,2,1,2,2,1,2,2,2,1,2,
5,3,3,1,2,0,2,2,3,3,1,2,1,2,3,1,3,3,3,1,2,
5,2,2,1,2,0,2,2,2,2,1,2,1,2,2,1,2,2,2,1,2,
5,2,2,1,2,0,2,2,2,2,1,2,1,2,2,1,2,2,2,1,2,
5,2,2,1,2,0,2,2,2,2,1,2,1,2,2,1,2,2,2,1,2,
5,2,2,1,3,0,2,2,2,2,1,3,1,2,2,1,2,2,2,2,2,
6,2,2,1,2,0,3,2,2,2,1,2,3,2,2,1,2,2,2,1,2,
6,2,2,1,2,0,2,2,2,3,1,2,1,2,2,1,2,2,2,2,2,
5,2,2,1,2,0,2,2,2,2,2,2,1,2,2,1,2,2,2,2,2,
5,2,2,2,2,0,2,2,2,3,2,2,2,2,2,1,2,2,2,2,2,
7,2,2,1,2,0,2,2,2,2,2,2,1,2,2,1,2,2,2,2,2,
5,2,2,2,2,0,2,2,2,2,2,2,1,2,2,1,2,2,2,2,2,
5,2,2,2,2,0,3,2,2,3,2,2,2,2,2,1,2,2,2,2,2,
5,2,2,2,2,0,2,2,2,3,2,2,2,2,2,1,2,2,2,2,2,
5,2,2,2,2,0,2,2,2,3,2,2,2,2,2,1,2,2,2,2,2,
5,2,2,2,2,0,2,2,2,3,2,2,2,2,2,1,2,2,2,2,2,
5,2,2,2,2,0,2,2,2,3,2,2,2,2,2,1,2,2,2,2,2,
5,2,2,2,2,0,2,2,2,3,2,2,2,2,2,1,2,2,2,2,2,
5,2,2,2,2,0,2,2,2,3,2,2,2,2,2,1,2,2,2,2,2,
5,2,2,2,2,0,2,2,2,3,2,2,2,2,2,1,2,2,2,2,2,
5,2,2,2,2,0,2,2,2,3,2,2,2,2,2,1,2,2,2,2,2,
5,2,2,2,2,0,2,2,2,3,2,2,2,2,2,1,2,2,2,2,2,
5,3,2,2,2,0,2,2,2,3,2,2,2,2,2,1,2,2,2,2,2,
6,3,2,2,2,0,2,3,3,3,2,2,2,3,3,1,3,2,3,2,2,
5,2,1,1,1,0,1,1,1,2,1,1,1,1,1,0,1,1,2,1,1,
5,2,1,1,1,0,1,1,1,2,1,1,1,1,1,0,1,1,1,1,1,
5,2,1,1,1,0,1,1,1,2,1,1,1,1,1,0,1,1,1,1,1,
5,2,1,1,1,0,1,1,1,2,1,1,1,1,1,0,1,2,1,1,1,
5,2,1,1,1,0,1,1,1,2,1,1,1,1,1,0,1,1,2,1,1,
6,2,1,1,1,0,1,1,1,2,1,1,1,1,2,0,2,2,2,1,1,
5,2,1,1,1,0,1,1,1,2,1,1,1,1,1,0,2,2,2,1,1,
6,2,1,1,1,0,1,1,1,2,1,1,1,1,1,0,2,2,2,1,1,
7,3,2,1,1,0,1,1,1,4,1,1,1,1,1,0,2,2,3,1,1,
8,4,4,1,1,0,1,1,4,4,1,4,1,1,4,0,4,5,4,1,4,
6,2,2,1,1,0,1,1,1,2,1,1,1,1,2,0,2,2,2,1,1,
6,2,2,1,1,0,1,1,1,2,1,1,1,1,2,1,2,2,2,1,1,
6,2,2,1,1,0,1,1,1,2,1,1,1,1,2,0,2,2,2,1,1,
6,2,2,1,1,0,1,1,1,2,1,1,1,1,2,1,2,2,2,1,1,
6,2,2,1,1,0,1,1,2,2,1,1,1,1,2,1,2,2,2,1,1,
7,2,2,1,1,0,1,1,2,2,1,1,1,1,2,3,2,2,2,1,1,
6,2,2,1,1,0,1,1,2,2,1,2,1,1,2,1,2,2,2,1,1,
6,2,2,1,1,0,1,1,2,2,1,2,1,1,2,1,2,2,2,1,1,
6,2,2,1,1,0,1,1,2,2,1,1,1,1,2,1,2,2,2,1,1,
6,2,2,1,2,0,1,1,2,2,1,2,1,1,2,1,2,2,2,1,2,
6,2,2,1,2,0,1,1,2,2,1,2,1,1,2,1,2,2,2,1,2,
6,2,2,1,2,0,1,1,2,2,1,2,1,2,2,1,2,2,2,1,2,
6,2,2,1,2,0,1,1,2,2,1,2,1,1,2,1,2,2,2,1,2,
6,2,2,1,2,0,1,1,2,2,1,2,1,1,2,1,2,2,2,1,2,
7,2,3,2,2,0,1,1,2,2,2,3,1,2,2,1,2,3,2,2,3,
6,2,2,1,2,0,2,1,2,2,1,2,1,2,2,1,2,2,2,1,2,
6,2,2,1,2,0,1,2,2,2,1,2,1,2,2,1,2,2,2,1,2,
5,2,2,1,2,0,2,2,2,2,1,2,1,2,2,1,2,2,2,2,2,
5,2,2,1,2,0,1,2,2,2,1,2,1,2,2,1,2,2,2,1,2,
5,2,2,2,2,0,2,2,2,2,2,2,1,2,2,1,2,2,2,2,2,
5,2,2,2,2,0,2,2,2,2,2,2,1,2,2,1,2,2,2,2,2,
5,2,2,1,2,0,2,2,2,2,2,2,1,2,2,1,2,2,2,2,2,
6,2,2,1,2,0,3,2,2,2,1,2,3,2,2,1,2,2,2,2,2,
5,2,2,1,2,0,2,2,2,2,2,2,2,2,2,1,2,2,2,2,2,
5,2,2,1,2,0,2,2,2,2,2,2,2,2,2,1,2,2,2,2,2,
5,2,2,2,2,0,2,2,2,3,2,2,2,2,2,1,2,2,2,2,2,
5,2,2,2,2,0,2,2,2,3,2,2,1,2,2,1,2,2,2,2,2,
5,2,2,2,2,0,2,2,2,3,2,2,1,2,2,1,2,2,2,2,2,
5,2,2,2,2,0,2,2,2,3,2,2,1,2,2,1,2,2,2,2,2,
5,2,2,2,2,0,2,2,2,3,2,2,1,2,2,1,2,2,2,2,2,
6,2,2,2,2,0,2,2,2,3,2,2,2,2,2,1,2,2,2,2,2,
5,2,2,2,2,0,2,2,2,3,2,2,2,2,2,1,2,2,2,2,2,
5,2,2,2,2,0,2,2,2,3,2,2,2,2,2,1,2,2,2,2,2,
5,2,1,1,1,0,1,1,1,2,1,1,1,1,1,0,1,1,1,1,1,
5,3,2,2,2,0,2,2,2,3,2,2,2,2,2,1,2,2,2,2,2,
5,3,2,2,2,0,2,2,2,3,2,2,2,2,2,1,2,2,2,2,2,
5,3,2,2,2,0,2,2,2,3,2,2,2,2,2,1,2,2,2,2,2,
5,2,1,1,1,0,1,1,1,2,1,1,1,1,1,0,1,2,1,1,1,
5,2,1,1,1,0,1,1,1,2,1,1,1,1,1,0,1,1,1,1,1,
8,2,4,4,4,0,1,1,1,2,4,4,1,1,1,0,1,4,1,4,4,
5,2,1,1,1,0,1,1,1,2,1,1,1,1,1,0,1,2,2,1,1,
6,2,1,1,1,0,1,1,1,2,1,1,1,1,1,0,1,2,2,1,1,
5,2,1,1,1,0,1,1,1,2,1,1,1,1,2,0,2,2,2,1,1,
8,2,2,1,1,0,1,1,2,2,1,1,1,1,2,1,2,2,2,1,1,
6,2,2,1,1,0,1,1,1,2,1,1,1,1,2,0,2,2,2,1,1,
7,3,2,1,1,0,1,1,1,3,1,1,1,1,2,0,2,2,3,1,1,
6,2,2,1,1,0,1,1,1,2,1,1,1,1,2,0,2,2,2,1,1,
6,2,2,1,1,0,1,1,2,2,1,1,1,1,2,1,2,2,2,1,1,
6,2,2,1,1,0,1,1,1,2,1,1,1,1,2,1,2,2,2,1,1,
6,2,2,1,1,0,1,1,1,2,1,1,1,1,2,1,2,2,2,1,1,
6,2,2,1,1,0,1,1,1,2,1,1,1,1,2,1,2,2,2,1,1,
6,2,2,1,1,0,1,1,1,2,1,1,1,1,2,1,2,2,2,1,1,
6,2,2,1,1,0,1,1,1,2,1,1,1,1,2,1,2,2,2,1,1,
6,2,2,1,1,0,1,1,2,2,1,1,1,1,2,1,2,2,2,1,1,
6,2,2,1,1,0,1,1,2,2,1,1,1,1,2,1,2,2,2,1,1,
7,2,2,1,1,0,1,1,2,2,1,2,1,1,2,3,2,2,2,1,2,
6,2,2,1,2,0,1,2,2,2,1,2,1,2,2,1,2,2,2,1,2,
6,2,2,1,2,0,1,1,2,2,1,2,1,1,2,1,2,2,2,1,2,
6,2,2,1,2,0,1,1,2,2,1,2,1,1,2,1,2,2,2,1,2,
6,2,2,1,2,0,1,1,2,2,1,2,1,2,2,1,2,2,2,1,2,
6,2,2,1,2,0,2,2,2,2,1,2,1,2,2,1,2,2,2,1,2,
6,2,2,1,2,0,2,2,2,2,1,2,1,2,2,1,2,2,2,1,2,
6,2,2,1,2,0,1,2,2,2,1,2,1,2,2,1,2,2,2,1,2,
5,2,2,1,2,0,2,2,2,2,1,2,1,2,2,1,2,2,2,2,2,
5,2,3,2,2,0,2,2,2,2,2,2,1,2,2,1,2,3,2,2,2,
5,2,2,1,2,0,2,2,2,2,1,2,1,2,2,1,2,2,2,1,2,
5,2,2,1,2,0,2,2,2,2,1,2,1,2,2,1,2,2,2,1,2,
5,2,2,1,2,0,2,2,2,2,1,2,1,2,2,1,2,2,2,1,2,
5,2,2,1,2,0,2,2,2,2,2,2,2,2,2,1,2,2,2,2,2,
5,2,2,2,2,0,2,2,2,3,2,2,2,2,2,1,2,2,2,2,2,
5,2,2,2,2,0,2,2,2,2,2,2,1,2,2,1,2,2,2,2,2,
7,2,2,2,5,0,2,2,2,2,2,5,1,2,2,1,2,2,2,4,2,
5,2,2,2,2,0,2,2,2,3,2,2,1,2,2,1,2,2,2,2,2,
6,2,2,2,2,0,2,2,2,3,2,2,2,2,2,1,2,2,2,2,2,
7,0,1,1,0,0,1,0,1,1,1,0,1,1,1,0,0,1,1,1,1,
8,5,2,2,2,0,2,2,2,5,2,2,2,2,2,1,2,2,5,2,2,
5,2,2,2,2,0,2,2,2,3,2,2,2,2,2,1,2,2,2,2,2,
5,2,2,2,2,0,2,2,2,3,2,2,2,2,2,1,2,2,2,2,2,
5,1,1,1,1,0,1,1,1,2,1,1,1,1,1,0,1,1,1,1,1,
5,2,1,1,1,0,1,1,1,2,1,1,1,1,1,0,1,1,1,1,1,
7,2,2,1,1,0,1,1,1,2,1,1,1,1,2,1,2,2,2,1,1,
5,2,1,1,1,0,1,1,1,2,1,1,1,1,1,0,1,1,1,1,1,
5,2,1,1,1,0,1,1,1,2,1,1,1,1,1,0,1,1,1,1,1,
5,2,1,1,1,0,1,1,1,2,1,1,1,1,1,0,1,2,2,1,1,
5,2,1,1,1,0,1,1,1,2,1,1,1,1,1,0,1,2,2,1,1,
8,2,2,1,2,0,1,2,2,2,1,2,1,2,2,1,2,2,2,1,2,
5,2,2,1,1,0,1,1,1,2,1,1,1,1,1,0,1,2,2,1,1,
6,2,2,1,1,0,1,1,1,2,1,1,1,1,2,0,2,2,2,1,1,
6,2,2,1,1,0,1,1,1,2,1,1,1,1,2,0,2,2,2,1,1,
6,2,2,1,1,0,1,1,1,2,1,1,1,1,1,0,2,2,2,1,1,
6,2,2,1,1,0,1,1,1,2,1,1,1,1,2,0,2,2,2,1,1,
9,2,2,1,1,0,1,1,1,2,1,1,1,1,2,0,2,2,2,1,1,
6,2,2,1,1,0,1,1,1,2,1,1,1,1,2,1,2,2,2,1,1,
9,2,2,1,1,0,1,1,2,2,1,1,1,1,2,1,2,2,2,1,1,
6,2,2,1,1,0,1,1,1,2,1,1,1,1,2,1,2,2,2,1,1,
6,2,2,1,1,0,1,1,2,2,1,1,1,1,2,1,2,2,2,1,1,
6,2,2,1,1,0,1,1,2,2,1,1,1,1,2,1,2,2,2,1,1,
6,2,2,1,1,0,1,1,2,2,1,1,1,1,2,1,2,2,2,1,1,
6,2,2,1,2,0,1,1,2,2,1,2,1,1,2,1,2,2,2,1,1,
10,2,2,1,2,0,1,1,6,2,1,2,1,2,6,1,6,2,2,1,2,
6,2,2,1,1,0,1,1,2,2,1,2,1,1,2,1,2,2,2,1,1,
6,2,2,1,1,0,1,1,2,2,1,2,1,1,2,1,2,2,2,1,2,
6,2,2,1,1,0,1,2,2,2,1,2,1,2,2,1,2,2,2,1,1,
6,2,2,1,1,0,1,2,2,2,1,2,1,2,2,1,2,2,2,1,2,
6,2,2,1,2,0,2,2,2,2,1,2,1,2,2,1,2,2,2,1,2,
6,2,1,1,1,0,1,1,1,2,1,1,1,1,1,0,1,2,1,1,1,
6,2,2,1,2,0,2,2,2,2,1,2,1,2,2,1,2,2,2,1,2,
6,2,2,1,2,0,2,2,2,2,1,2,1,2,2,1,2,2,2,1,2,
6,2,2,1,2,0,2,2,2,2,1,2,1,2,2,1,2,2,2,1,2,
5,2,2,1,2,0,2,2,2,2,1,2,1,2,2,1,2,2,2,1,2,
5,2,2,1,2,0,2,2,2,2,1,2,1,2,2,1,2,2,2,2,2,
5,2,2,1,2,0,2,2,2,2,2,2,1,2,2,1,2,2,2,2,2,
5,2,2,1,2,0,2,2,2,2,1,2,1,2,2,1,2,2,2,1,2,
5,2,2,2,2,0,2,2,2,3,2,2,1,2,2,1,2,2,2,2,2,
5,2,2,2,2,0,2,2,2,2,2,2,1,2,2,1,2,2,2,2,2,
5,2,2,2,2,0,2,2,2,2,2,2,2,2,2,1,2,2,2,2,2,
5,2,2,1,2,0,2,2,2,2,1,2,1,2,2,1,2,2,2,1,2,
5,2,2,2,2,0,2,2,2,3,2,2,1,2,2,1,2,2,2,2,2,
5,2,2,2,2,0,2,2,2,3,2,2,2,2,2,1,2,2,2,2,2,
5,2,2,2,2,0,2,2,2,2,2,2,2,2,2,1,2,2,2,2,2,
5,2,2,2,2,0,2,2,2,3,2,2,2,2,2,1,2,2,2,2,2,
5,2,2,2,2,0,2,2,2,3,2,2,1,2,2,1,2,2,2,2,2,
5,2,2,2,2,0,2,2,2,3,2,2,2,2,2,1,2,2,2,2,2,
5,2,1,1,1,0,1,1,1,2,1,1,1,1,1,0,1,1,1,1,1,
9,2,1,1,1,0,1,1,5,2,1,1,1,1,5,0,5,1,1,1,1,
5,2,1,1,1,0,1,1,1,2,1,1,1,1,1,0,1,1,1,1,1,
5,2,1,1,1,0,1,1,1,2,1,1,1,1,1,0,1,2,1,1,1,
5,2,1,1,1,0,1,1,1,2,1,1,1,1,1,0,1,2,1,1,1,
5,2,1,1,1,0,1,1,1,2,1,1,1,1,1,0,1,1,1,1,1,
6,2,1,1,1,0,1,1,1,2,1,1,1,1,1,0,1,2,2,1,1,
6,2,1,1,1,0,1,1,1,2,1,1,1,1,1,0,1,2,2,1,1,
5,2,1,1,1,0,1,1,1,2,1,1,1,1,1,0,2,2,2,1,1,
5,2,1,1,1,0,1,1,1,2,1,1,1,1,1,0,2,2,2,1,1,
6,2,1,1,1,0,1,1,1,2,1,1,1,1,1,0,2,2,2,1,1,
8,2,2,1,4,0,1,1,1,2,1,4,1,1,2,0,2,2,2,4,1,
6,2,2,1,1,0,1,1,1,2,1,1,1,1,1,0,2,2,2,1,1,
6,2,2,1,1,0,1,1,1,2,1,1,1,1,1,0,2,2,2,1,1,
6,2,2,1,1,0,1,1,1,2,1,1,1,1,2,0,2,2,2,1,1,
6,2,2,1,1,0,1,1,1,2,1,1,1,1,2,1,2,2,2,1,1,
6,2,2,1,1,0,1,1,1,2,1,1,1,1,2,1,2,2,2,1,1,
6,2,2,1,1,0,1,1,2,2,1,1,1,1,2,1,2,2,2,1,1,
9,2,2,1,1,0,1,1,2,2,1,1,1,1,2,1,2,2,2,1,1,
6,2,2,1,1,0,1,1,1,2,1,1,1,1,2,1,2,2,2,1,1,
9,2,2,1,1,0,1,1,1,2,1,1,1,1,2,1,2,2,2,1,1,
6,2,2,1,1,0,1,1,2,2,1,1,1,1,2,1,2,2,2,1,1,
6,2,2,1,1,0,1,1,2,2,1,1,1,1,2,1,2,2,2,1,1,
6,2,2,1,1,0,1,1,2,2,1,2,1,1,2,1,2,2,2,1,1,
6,2,2,1,2,0,1,1,2,2,1,2,1,1,2,1,2,2,2,1,2,
7,3,3,1,2,0,1,2,2,3,1,2,1,2,3,1,3,3,3,1,2,
10,2,2,1,2,0,1,2,6,2,1,2,1,2,6,1,6,2,2,1,2,
6,2,2,1,2,0,1,2,2,2,1,2,1,2,2,1,2,2,2,1,2,
6,2,2,1,2,0,1,2,2,2,1,2,1,2,2,1,2,2,2,1,2,
6,2,2,1,2,0,1,2,2,2,1,2,1,2,2,1,2,2,2,1,2,
6,2,2,1,2,0,2,2,2,2,1,2,1,2,2,1,2,2,2,1,2,
6,2,2,1,2,0,1,2,2,2,1,2,1,2,2,1,2,2,2,1,2,
5,2,1,1,1,0,1,1,1,2,1,1,1,1,1,0,1,2,2,1,1,
5,2,2,1,2,0,2,2,2,2,1,2,1,2,2,1,2,2,2,1,2,
5,2,2,2,2,0,2,2,2,2,2,2,2,2,2,1,2,2,2,2,2,
5,2,2,1,2,0,2,2,2,2,2,2,1,2,2,1,2,2,2,2,2,
7,2,2,1,2,0,2,2,4,2,2,2,1,2,4,1,4,2,2,2,2,
7,2,2,1,2,0,1,1,2,2,1,2,1,2,2,1,2,2,2,1,2,
5,2,2,2,2,0,2,2,2,2,2,2,1,2,2,1,2,2,2,2,2,
5,2,2,2,2,0,2,2,2,2,2,2,2,2,2,1,2,2,2,2,2,
5,2,2,2,2,0,2,2,2,3,2,2,2,2,2,1,2,2,2,2,2,
5,2,2,2,2,0,2,2,2,3,2,2,2,2,2,1,2,2,2,2,2,
5,2,2,2,2,0,2,2,2,3,2,2,2,2,2,1,2,2,2,2,2,
9,2,2,2,3,0,2,2,2,3,2,3,2,2,2,1,2,2,2,3,2,
5,2,2,2,2,0,2,2,2,3,2,2,2,2,2,1,2,2,2,2,2,
6,1,1,1,1,0,1,1,2,2,1,1,1,1,1,0,1,1,1,1,1,
5,3,2,2,2,0,2,2,2,3,2,2,2,2,2,1,2,2,2,2,2,
5,2,1,1,1,0,1,1,1,2,1,1,1,1,1,0,1,2,1,1,1,
5,2,1,1,1,0,1,1,1,2,1,1,1,1,1,0,1,2,1,1,1,
6,3,3,2,3,0,2,2,3,3,2,3,2,3,3,0,3,3,3,2,3,
5,2,1,1,1,0,1,1,1,2,1,1,1,1,1,0,1,2,1,1,1,
6,2,3,2,2,0,1,1,1,2,2,2,1,1,1,0,1,3,2,2,2,
5,2,2,1,1,0,1,1,1,2,1,1,1,1,1,0,2,2,2,1,1,
5,2,2,1,1,0,1,1,1,2,1,1,1,1,1,0,2,2,2,1,1,
8,2,4,4,4,0,1,1,1,2,4,4,1,1,1,0,2,4,2,4,4,
5,2,2,1,1,0,1,1,1,2,1,1,1,1,1,0,2,2,2,1,1,
6,2,2,1,1,0,1,1,1,2,1,1,1,1,1,0,2,2,2,1,1,
6,2,2,1,1,0,1,1,1,2,1,1,1,1,1,0,2,2,2,1,1,
6,2,2,1,2,0,1,1,2,2,1,2,1,1,2,1,2,2,2,1,2,
6,2,2,1,1,0,1,1,1,2,1,1,1,1,2,1,2,2,2,1,1,
6,2,2,1,1,0,1,1,1,2,1,2,1,1,2,1,2,2,2,1,1,
6,2,2,1,1,0,1,1,1,2,1,2,1,1,2,1,2,2,2,1,1,
6,2,2,1,1,0,1,1,1,2,1,1,1,1,2,1,2,2,2,1,1,
6,2,2,1,1,0,1,1,2,2,1,2,1,1,2,1,2,2,2,1,1,
8,1,1,1,1,0,1,0,1,1,1,1,1,1,1,1,1,1,1,1,1,
7,4,2,1,1,0,1,1,2,4,1,2,1,1,2,1,2,2,4,1,2,
6,2,2,1,2,0,1,1,2,2,1,2,1,1,2,1,2,2,2,1,2,
6,2,2,1,2,0,1,2,2,2,1,2,1,2,2,1,2,2,2,1,2,
6,2,2,1,2,0,2,2,2,2,1,2,1,2,2,1,2,2,2,1,2,
6,2,2,1,2,0,2,2,2,2,1,2,1,2,2,1,2,2,2,1,2,
7,2,2,1,2,0,2,2,2,2,1,2,1,2,2,1,2,2,2,1,2,
6,2,2,1,2,0,2,2,2,2,1,2,1,2,2,1,2,2,2,2,2,
6,2,2,1,2,0,2,2,2,2,1,2,1,2,2,1,2,2,2,2,2,
6,2,2,1,2,0,2,2,2,2,1,2,1,2,2,1,2,2,2,1,2,
6,2,2,1,2,0,1,2,2,2,1,2,1,2,2,1,2,2,2,1,2,
6,2,2,2,2,0,2,2,2,3,2,2,1,2,2,1,2,2,2,2,2,
6,2,2,2,2,0,2,2,2,2,2,2,1,2,2,1,2,2,2,2,2,
6,2,2,2,2,0,2,2,2,2,2,2,1,2,2,1,2,2,2,2,2,
5,2,2,2,2,0,2,2,2,2,2,2,2,2,2,1,2,2,2,2,2,
7,4,2,2,2,0,2,3,4,4,2,2,1,3,4,1,4,2,4,2,2,
6,4,2,2,2,0,2,2,2,2,2,2,2,2,2,1,2,2,2,2,2,
5,2,2,2,2,0,2,2,2,3,2,2,2,2,2,1,2,2,2,2,2,
5,2,2,2,2,0,2,2,2,3,2,2,2,2,2,1,2,2,2,2,2,
7,2,2,2,2,0,2,2,2,3,2,2,2,2,2,1,4,2,2,2,2,
5,2,2,2,2,0,2,2,2,2,2,2,2,2,2,1,3,2,2,2,2,
5,2,2,2,2,0,2,2,2,3,2,2,2,2,2,1,2,2,2,2,2,
9,2,2,2,3,0,2,2,2,3,2,7,2,2,2,1,2,2,2,3,2,
5,2,2,2,2,0,2,2,2,3,2,2,2,2,2,1,2,2,2,2,2,
5,3,2,2,2,0,2,2,2,3,2,2,2,2,2,1,2,2,2,2,2,
8,5,5,2,5,0,2,5,5,5,2,5,2,5,5,1,5,5,5,2,5,
7,2,1,1,3,0,1,1,1,2,1,3,1,1,1,0,1,1,1,3,1,
5,2,1,1,1,0,1,1,1,2,1,1,1,1,1,0,1,1,1,1,1,
5,2,1,1,1,0,1,1,1,2,1,1,1,1,1,0,1,1,1,1,1,
5,2,1,1,1,0,1,1,1,2,1,1,1,1,1,0,1,1,1,1,1,
5,2,1,1,1,0,1,1,1,2,1,1,1,1,1,0,1,1,1,1,1,
5,2,1,1,1,0,1,1,1,2,1,1,1,1,1,0,1,2,2,1,1,
5,2,1,1,1,0,1,1,1,2,1,1,1,1,1,0,1,1,1,1,1,
5,2,1,1,1,0,1,1,1,2,1,1,1,1,1,0,1,2,2,1,1,
6,2,2,2,2,0,1,1,1,2,2,2,1,1,2,0,2,2,2,2,2,
6,2,1,1,1,0,1,1,1,2,1,1,1,1,1,0,1,2,2,1,1,
8,2,1,1,1,0,1,1,1,2,1,1,1,1,1,0,1,2,2,1,1,
6,2,1,1,1,0,1,1,1,2,1,1,1,1,1,0,2,2,2,1,1,
6,2,2,1,1,0,1,1,1,2,1,1,1,1,2,1,2,2,2,1,1,
6,2,2,1,1,0,1,1,1,2,1,1,1,1,2,0,2,2,2,1,1,
7,2,2,1,1,0,1,1,1,2,4,1,1,1,2,1,2,2,2,1,1,
6,2,2,1,1,0,1,1,1,2,1,1,1,1,2,1,2,2,2,1,1,
6,2,2,1,1,0,1,1,1,2,1,1,1,1,2,1,2,2,2,1,1,
6,3,2,1,1,0,1,2,2,3,1,1,1,2,2,1,3,2,3,1,1,
6,2,2,1,1,0,1,1,2,2,1,1,1,1,2,1,2,2,2,1,1,
6,2,2,1,1,0,1,1,2,2,1,1,1,1,2,1,2,2,2,1,1,
6,2,2,1,1,0,1,1,2,2,1,1,1,1,2,1,2,2,2,1,1,
6,2,2,1,1,0,1,1,2,2,1,1,1,1,2,1,2,2,2,1,1,
6,2,2,1,1,0,1,1,2,2,1,1,1,1,2,1,2,2,2,1,1,
6,2,2,1,1,0,1,1,2,2,1,2,1,1,2,1,2,2,2,1,1,
6,0,1,0,0,0,0,0,0,0,0,0,0,0,0,0,0,1,0,0,0,
6,3,2,1,2,0,1,1,2,3,1,2,1,1,2,1,2,2,2,1,2,
6,2,2,1,2,0,1,2,2,2,1,2,1,2,2,1,2,2,2,1,2,
6,2,2,1,2,0,2,2,2,2,1,2,1,2,2,1,2,2,2,1,2,
6,2,2,1,2,0,1,1,2,2,1,2,1,1,2,1,2,2,2,1,1,
6,2,2,1,2,0,2,2,2,2,1,2,1,2,2,1,2,2,2,1,2,
7,1,1,0,1,0,0,1,1,1,0,1,0,1,1,0,1,1,1,0,1,
6,2,2,1,2,0,2,2,2,2,1,2,1,2,2,1,2,2,2,1,2,
6,2,2,1,2,0,2,2,2,2,1,2,1,2,2,1,2,2,2,1,2,
6,2,2,1,2,0,2,2,2,2,1,2,1,2,2,1,2,2,2,1,2,
5,2,2,2,2,0,2,2,2,2,2,2,1,2,2,1,2,2,2,2,2,
5,2,2,1,2,0,2,2,2,2,1,2,1,2,2,1,2,2,2,2,2,
5,2,2,1,2,0,2,2,2,2,2,2,1,2,2,1,2,2,2,2,2,
5,2,2,1,2,0,2,2,2,2,1,2,2,2,2,1,2,2,2,2,2,
5,2,2,2,2,0,2,2,2,2,2,2,2,2,2,1,2,2,2,2,2,
8,2,5,4,5,0,2,2,2,3,4,5,1,2,2,1,2,5,2,4,5,
7,2,2,2,2,0,2,2,2,3,2,2,2,2,2,1,4,2,2,2,2,
6,2,1,1,1,0,1,1,1,2,1,1,1,1,1,0,1,2,2,1,1,
5,3,2,2,2,0,2,2,2,3,2,2,2,2,3,1,3,2,2,2,2,
8,2,1,1,1,0,1,1,1,2,1,1,1,1,2,0,2,2,2,1,1,
5,3,2,2,2,0,2,2,2,3,2,2,2,2,2,1,2,2,2,2,2,
6,3,2,2,2,0,2,2,3,3,2,2,2,2,3,1,3,2,2,2,2,
5,2,1,1,1,0,1,1,1,2,1,1,1,1,1,0,1,1,1,1,1,
7,2,1,1,3,0,1,1,1,2,1,3,1,1,1,0,1,2,2,3,1,
5,2,1,1,1,0,1,1,1,2,1,1,1,1,1,0,1,1,1,1,1,
5,2,1,1,1,0,1,1,1,2,1,1,1,1,1,0,1,1,1,1,1,
6,2,1,1,1,0,1,1,1,2,1,1,1,1,1,0,2,2,2,1,1,
6,2,2,1,1,0,1,1,1,2,1,1,1,1,1,0,2,2,2,1,1,
6,2,2,1,1,0,1,1,1,2,1,1,1,1,1,0,2,2,2,1,1,
6,2,2,1,1,0,1,1,1,2,1,1,1,1,1,0,2,2,2,1,1,
6,2,2,1,1,0,1,1,1,2,1,1,1,1,1,0,2,2,2,1,1,
6,2,2,1,1,0,1,1,1,2,1,1,1,1,1,0,2,2,2,1,1,
6,2,2,1,1,0,1,1,1,2,1,1,1,1,1,0,2,2,2,1,1,
6,2,2,1,1,0,1,1,1,2,1,1,1,1,2,0,2,2,2,1,1,
6,2,2,1,1,0,1,1,1,2,1,1,1,1,2,1,2,2,2,1,1,
6,2,2,1,1,0,1,1,1,2,1,1,1,1,2,1,2,2,2,1,1,
9,2,1,1,1,0,1,1,1,2,1,1,1,1,2,0,2,2,2,1,1,
6,2,2,1,1,0,1,1,1,2,1,1,1,1,2,1,2,2,2,1,1,
6,2,2,1,1,0,1,1,2,2,1,1,1,1,2,1,2,2,2,1,1,
6,2,2,1,1,0,1,1,1,2,1,1,1,1,2,1,2,2,2,1,1,
8,2,5,4,4,0,1,1,2,2,4,4,1,1,2,1,2,5,2,4,4,
6,2,2,1,1,0,2,1,2,2,1,1,1,1,2,1,2,2,2,1,1,
6,2,2,1,1,0,2,1,2,2,1,2,1,1,2,1,2,2,2,1,1,
6,2,2,1,1,0,1,1,2,2,1,1,1,1,2,1,2,2,2,1,1,
6,2,2,1,2,0,2,2,2,2,1,2,1,2,2,1,2,3,2,1,2,
6,2,2,1,1,0,1,1,2,2,1,2,1,1,2,1,2,2,2,1,2,
6,2,2,1,1,0,1,1,2,2,1,2,1,1,2,1,2,2,2,1,2,
6,2,2,1,1,0,1,1,2,2,1,2,1,1,2,1,2,2,2,1,2,
6,2,2,1,2,0,1,1,2,2,1,2,1,2,2,1,2,2,2,1,2,
6,2,2,1,2,0,1,1,2,2,1,2,1,1,2,1,2,2,2,1,2,
8,4,5,4,4,0,4,4,4,4,4,4,4,4,4,4,4,5,4,4,4,
9,5,2,1,2,0,1,2,2,5,1,2,1,2,2,1,2,2,5,1,2,
6,2,2,1,2,0,1,2,2,2,1,2,1,2,2,1,2,2,2,1,2,
6,2,2,1,2,0,2,2,2,2,1,2,1,2,2,1,2,2,2,2,2,
6,2,2,1,2,0,2,2,2,2,1,2,1,2,2,1,2,2,2,2,2,
6,2,2,2,2,0,2,2,2,2,2,2,1,2,2,1,2,2,2,2,2,
7,2,2,1,2,0,2,2,2,2,2,2,1,2,2,3,2,2,2,2,2,
5,2,2,1,2,0,2,2,2,2,1,2,1,2,2,1,2,2,2,2,2,
5,2,2,1,2,0,2,2,2,2,1,2,2,2,2,1,2,2,2,2,2,
5,2,2,1,2,0,2,2,2,2,1,2,1,2,2,1,2,2,2,2,2,
6,2,2,2,3,0,2,2,2,2,2,3,2,2,2,1,2,2,2,3,2,
8,2,2,1,1,0,4,1,1,2,1,1,4,1,2,1,2,2,2,1,1,
5,2,1,1,1,0,1,1,1,2,1,1,1,1,1,0,1,1,1,1,1,
7,2,1,1,1,0,1,1,1,2,1,1,1,1,3,0,3,1,1,1,1,
5,3,2,2,2,0,2,2,2,3,2,2,2,2,2,1,2,2,2,2,2,
5,2,2,2,2,0,2,2,2,3,2,2,2,2,2,1,2,2,2,2,2,
5,2,1,1,1,0,1,1,1,2,1,1,1,1,1,0,1,1,1,1,1,
5,2,1,1,1,0,2,1,1,2,1,1,1,1,1,0,1,1,1,1,1,
5,2,1,1,1,0,1,1,1,2,1,1,1,1,2,0,2,1,1,1,1,
6,2,2,2,2,0,2,2,2,2,2,2,2,2,2,1,2,2,2,2,2,
7,2,2,1,3,0,1,1,1,2,1,3,1,1,1,0,1,2,1,3,1,
5,2,1,1,1,0,1,1,1,2,1,1,1,1,1,0,1,2,2,1,1,
6,2,1,1,1,0,1,1,1,2,1,1,1,1,1,0,1,1,2,1,1,
6,2,1,1,1,0,1,1,1,2,1,1,1,1,1,0,1,2,2,1,1,
5,2,1,1,1,0,1,1,1,2,1,1,1,1,1,0,1,2,2,1,1,
5,2,1,1,1,0,1,1,1,2,1,1,1,1,1,0,1,2,2,1,1,
5,2,1,1,1,0,1,1,1,2,1,1,1,1,2,0,2,2,2,1,1,
5,2,1,1,1,0,1,1,1,2,1,1,1,1,1,0,1,2,2,1,1,
6,2,2,1,2,0,1,1,1,2,1,2,1,1,1,0,2,2,2,1,2,
5,2,1,1,1,0,1,1,1,2,1,2,1,1,2,0,2,2,2,1,1,
5,2,2,2,2,0,2,2,2,2,2,2,2,2,2,1,2,2,2,2,2,
6,2,2,1,1,0,1,1,1,2,1,1,1,1,2,1,2,2,2,1,1,
6,2,2,1,2,0,2,2,2,2,1,2,1,2,2,1,2,2,2,1,2,
6,2,2,1,1,0,1,1,1,2,1,1,1,1,2,1,2,2,2,1,1,
6,2,2,1,1,0,1,1,1,2,1,1,1,1,2,1,2,2,2,1,1,
6,2,2,1,2,0,1,1,1,3,1,2,1,1,2,1,2,2,2,2,1,
7,2,2,1,1,0,3,1,2,2,1,1,3,1,2,1,2,2,2,1,1,
6,2,2,1,2,0,1,1,2,2,1,2,1,1,2,1,2,2,2,1,1,
6,2,2,1,1,0,1,1,2,2,1,1,1,1,2,1,2,2,2,1,1,
7,3,2,1,1,0,1,1,1,3,1,1,1,1,2,1,2,2,3,1,1,
8,2,2,1,1,0,1,1,2,2,1,1,1,1,2,1,2,2,2,1,1,
6,2,2,1,1,0,1,1,2,2,1,2,1,1,2,1,2,2,2,1,1,
7,2,2,1,1,0,1,1,2,2,1,1,1,1,2,1,2,2,2,1,1,
6,2,2,1,1,0,1,1,2,2,1,1,1,1,2,1,2,2,2,1,1,
7,2,1,1,1,0,1,1,1,2,1,1,1,1,1,0,1,2,1,1,1,
6,2,2,0,1,0,1,1,1,2,1,1,1,1,1,0,2,2,1,1,1,
7,2,2,1,1,0,1,1,2,3,1,2,1,2,2,1,2,2,2,1,2,
6,3,2,1,1,0,1,1,2,3,1,2,1,1,2,1,2,2,2,1,1,
6,2,2,1,1,0,1,1,2,2,1,2,1,2,2,1,2,2,2,1,2,
6,2,2,1,1,0,2,1,2,2,1,2,1,1,2,1,2,2,2,1,1,
6,2,2,1,2,0,1,2,2,2,1,2,1,2,2,1,2,2,2,1,2,
34,29,30,29,29,0,29,29,29,29,29,29,1,29,29,1,29,30,29,29,29,
8,5,2,1,2,0,2,5,2,5,1,2,1,5,2,1,2,2,5,1,2,
5,2,2,1,2,0,2,2,2,2,1,2,1,2,2,1,2,2,2,1,2,
5,2,2,2,2,0,2,2,2,3,2,2,2,2,2,1,2,2,2,2,2,
5,1,1,1,1,0,1,1,1,1,1,1,1,1,1,0,1,1,1,1,1,
5,2,2,1,2,0,2,2,2,2,2,2,1,2,2,1,2,2,2,2,2,
5,2,2,1,2,0,2,2,2,2,1,2,1,2,2,1,2,2,2,1,2,
5,2,2,1,2,0,2,2,2,2,1,2,1,2,2,1,2,2,2,2,2,
5,2,2,2,2,0,2,2,2,3,2,2,2,2,2,1,2,2,2,2,2,
5,2,1,1,1,0,1,1,1,2,1,1,1,1,1,0,1,1,1,1,1,
5,2,1,1,1,0,1,1,1,2,1,1,1,1,1,0,1,2,2,1,1,
8,4,4,4,4,0,4,4,4,4,4,4,4,4,4,0,4,4,4,4,4,
8,2,1,1,1,0,1,1,1,5,1,1,1,1,1,0,1,1,1,1,1,
5,2,1,1,1,0,1,1,1,2,1,1,1,1,1,0,1,1,1,1,1,
5,2,1,1,1,0,1,1,1,2,1,1,1,1,1,0,1,1,2,1,1,
6,2,1,1,2,0,1,1,1,2,1,2,1,1,1,0,1,1,1,2,1,
5,2,1,1,1,0,1,1,1,2,1,1,1,1,1,0,1,1,1,1,1,
6,2,2,1,1,0,1,1,1,2,1,2,1,1,1,0,1,2,1,1,1,
5,2,1,1,1,0,1,1,1,2,1,1,1,1,1,0,1,2,2,1,1,
5,2,1,1,1,0,1,1,1,2,1,1,1,1,1,0,2,2,2,1,1,
5,2,1,1,1,0,1,1,1,2,1,1,1,1,1,0,1,2,2,1,1,
6,2,2,1,1,0,1,1,1,2,1,1,1,1,2,0,2,2,2,1,1,
6,2,2,1,1,0,1,1,1,2,1,1,1,1,1,0,2,2,2,1,1,
5,2,2,1,1,0,1,1,1,2,1,1,1,1,1,0,2,2,2,1,1,
6,2,2,1,1,0,1,1,1,2,1,1,1,1,2,1,2,2,2,1,1,
6,2,1,1,1,0,1,1,1,2,1,1,1,1,2,0,2,2,2,1,1,
6,3,2,1,1,0,1,2,2,3,1,1,1,2,2,1,2,2,2,1,1,
6,2,2,1,1,0,1,1,1,2,1,1,1,1,2,1,2,2,2,1,1,
6,2,2,1,1,0,1,1,1,2,1,1,1,1,2,1,2,2,2,1,1,
6,2,2,1,1,0,1,1,1,2,1,1,1,1,2,1,2,2,2,1,1,
6,2,2,1,1,0,1,1,1,2,1,1,1,1,2,1,2,2,2,1,1,
6,2,2,1,1,0,1,1,1,2,1,2,1,1,2,1,2,2,2,1,1,
6,2,2,1,1,0,1,1,2,2,1,1,1,1,2,1,2,2,2,1,1,
6,2,2,1,1,0,1,1,2,2,1,1,1,1,2,1,2,2,2,1,1,
8,2,2,1,1,0,1,1,1,2,1,1,1,1,2,1,2,2,2,1,1,
6,2,2,1,1,0,1,1,2,2,1,1,1,1,2,1,2,2,2,1,1,
6,2,2,1,1,0,1,1,2,2,1,1,1,1,2,1,2,2,2,1,1,
6,2,2,1,1,0,1,1,2,2,1,2,1,1,2,1,2,2,2,1,1,
6,2,2,1,2,0,1,1,2,2,1,2,1,1,2,1,2,2,2,1,1,
6,2,2,1,2,0,1,1,2,2,1,2,1,2,2,1,2,2,2,1,1,
6,2,2,1,1,0,1,1,2,2,1,2,1,1,2,1,2,2,2,1,1,
6,2,2,1,1,0,1,1,2,2,1,2,1,1,2,1,2,2,2,1,1,
7,2,2,1,2,0,1,2,2,2,1,2,1,2,2,1,2,2,2,1,1,
6,2,2,1,2,0,1,2,2,2,1,2,1,2,2,1,2,2,2,1,1,
17,2,2,1,1,0,1,1,2,2,1,2,1,2,2,1,2,2,2,1,1,
6,2,2,1,2,0,2,2,2,2,1,2,1,2,2,1,2,2,2,1,2,
5,2,2,1,2,0,2,2,2,2,1,2,1,2,2,1,2,2,2,1,2,
5,2,2,1,2,0,2,2,2,2,1,2,1,2,2,1,2,2,2,2,2,
7,4,5,4,4,0,4,4,4,4,4,4,4,4,4,4,4,5,4,4,4,
8,3,1,0,0,0,0,0,0,3,0,0,0,0,0,0,0,1,3,0,1,
7,4,2,1,2,0,2,3,3,4,1,2,1,3,4,1,4,2,4,2,2,
5,2,2,2,2,0,2,2,2,2,2,2,2,2,2,1,2,2,2,2,2,
5,2,2,2,2,0,2,2,2,3,2,2,2,2,2,1,2,2,2,2,2,
5,2,2,2,2,0,2,2,2,3,2,2,2,2,2,1,2,2,2,2,2,
6,2,2,2,2,0,2,2,2,3,2,2,2,2,2,3,2,2,2,2,2,
5,2,2,2,2,0,2,2,2,3,2,2,2,2,2,1,2,2,2,2,2,
5,2,2,2,2,0,2,2,2,3,2,2,2,2,2,1,2,2,2,2,2,
5,2,1,1,1,0,1,1,1,2,1,1,1,1,1,0,1,1,1,1,1,
5,2,1,1,1,0,1,1,1,2,1,1,1,1,1,0,1,1,1,1,1,
8,2,2,2,2,0,2,2,2,3,1,2,2,2,2,1,2,2,2,2,2,
5,2,1,1,1,0,1,1,1,2,1,1,1,1,1,0,1,1,1,1,1,
6,2,2,1,1,0,1,1,2,2,1,1,1,1,2,1,2,2,2,1,1,
5,2,1,1,1,0,1,1,1,2,1,1,1,1,1,0,1,1,1,1,1,
7,2,1,1,1,0,1,1,1,2,3,1,1,1,1,0,1,1,1,1,1,
5,2,1,1,1,0,1,1,1,2,1,1,1,1,1,0,1,2,1,1,1,
5,2,1,1,1,0,1,1,1,2,1,1,1,1,1,0,2,2,2,1,1,
5,2,1,1,1,0,1,1,1,2,1,1,1,1,1,0,2,1,2,1,1,
5,2,1,1,1,0,1,1,1,2,1,1,1,1,1,0,1,2,2,1,1,
7,2,1,1,1,0,1,1,1,3,1,1,1,1,1,0,2,2,2,1,1,
5,2,1,1,1,0,1,1,1,2,1,1,1,1,1,0,2,2,2,1,1,
5,2,1,1,1,0,1,1,1,2,1,1,1,1,1,0,2,2,2,1,1,
5,2,1,1,1,0,1,1,1,2,1,1,1,1,1,0,1,2,2,1,1,
6,2,1,1,1,0,1,1,1,2,1,1,1,1,1,0,2,2,2,1,1,
7,0,1,0,0,0,0,0,0,0,0,0,0,0,0,0,0,1,0,0,0,
6,2,1,1,1,0,1,1,1,2,1,1,1,1,2,0,2,2,2,1,1,
5,2,1,1,1,0,1,1,1,2,1,1,1,1,1,0,2,2,2,1,1,
6,2,2,1,1,0,1,1,1,2,1,1,1,1,2,0,2,2,2,1,1,
6,2,2,1,1,0,1,1,1,2,1,1,1,1,2,1,2,2,2,1,1,
6,2,2,1,1,0,1,1,2,2,1,1,1,1,2,1,2,2,2,1,1,
6,2,2,1,1,0,1,1,2,2,1,1,1,1,2,1,2,2,2,1,1,
6,2,2,1,1,0,1,1,2,2,1,1,1,1,2,1,2,2,2,1,1,
6,2,2,1,1,0,1,1,2,2,1,1,1,1,2,1,2,2,2,1,1,
6,2,2,1,1,0,1,1,2,2,1,1,1,1,2,1,2,2,2,1,1,
6,2,2,1,1,0,1,1,2,2,1,1,1,1,2,1,2,2,2,1,1,
6,2,2,1,1,0,1,1,2,2,1,1,1,1,2,1,2,2,2,1,1,
6,2,2,1,1,0,1,1,2,2,1,1,1,1,2,1,2,2,2,1,1,
6,2,2,1,1,0,1,1,2,2,1,1,1,1,2,1,2,2,2,1,1,
6,2,2,1,1,0,1,1,2,2,1,1,1,1,2,1,2,2,2,1,1,
8,5,2,1,1,0,1,4,2,5,1,1,1,4,2,1,2,2,5,1,1,
6,2,2,1,1,0,1,1,1,2,1,1,1,1,2,1,2,2,2,1,1,
6,2,2,1,1,0,1,1,2,2,1,2,1,1,2,1,2,2,2,1,1,
6,2,2,1,1,0,1,1,2,2,1,1,1,1,2,1,2,2,2,1,1,
6,2,2,1,1,0,1,1,2,2,1,2,1,1,2,1,2,2,2,1,1,
6,2,2,1,2,0,1,2,2,2,1,2,1,2,2,1,2,2,2,1,1,
6,1,1,0,1,0,0,1,1,1,0,1,0,1,1,0,1,1,1,0,0,
6,2,2,1,2,0,1,2,2,2,1,2,1,2,2,1,2,2,2,1,2,
6,2,2,1,2,0,2,2,2,2,1,2,1,2,2,1,2,2,2,2,2,
6,2,2,1,1,0,1,1,2,2,1,2,1,1,2,1,2,2,2,1,1,
9,4,5,1,5,0,1,4,5,5,1,5,1,5,5,1,5,5,5,1,4,
6,2,2,1,2,0,1,2,2,2,1,2,1,2,2,1,2,2,2,1,1,
6,2,2,1,2,0,2,2,2,2,1,2,1,2,2,1,2,2,2,1,2,
5,2,2,1,2,0,1,2,2,2,1,2,1,2,2,1,2,2,2,1,2,
5,2,2,1,2,0,2,2,2,2,1,2,1,2,2,1,2,2,2,1,2,
5,2,2,1,2,0,2,2,2,2,1,2,1,2,2,1,2,2,2,1,2,
5,2,2,2,2,0,2,2,2,3,2,2,2,2,2,1,2,2,2,2,2,
5,2,2,1,2,0,2,2,2,2,1,2,2,2,2,1,2,2,2,2,2,
5,2,2,1,2,0,2,2,2,3,1,2,2,2,2,1,2,2,2,2,2,
5,2,2,1,2,0,2,2,2,2,1,2,2,2,2,1,2,2,2,2,2,
8,2,2,2,6,0,2,2,2,3,2,6,2,2,2,1,2,2,2,6,2,
5,2,2,2,2,0,2,2,2,3,2,2,2,2,2,1,2,2,2,2,2,
5,2,2,2,2,0,2,2,2,3,2,2,2,2,2,1,2,2,2,2,2,
5,2,2,2,2,0,2,2,2,3,2,2,2,2,2,1,2,2,2,2,2,
5,2,2,2,2,0,2,2,2,3,2,2,2,2,2,1,2,2,2,2,2,
5,1,1,1,1,0,1,1,1,2,1,1,1,1,1,0,1,1,1,1,1,
5,2,1,1,1,0,1,1,1,2,1,1,1,1,1,0,1,1,1,1,1,
5,2,1,1,1,0,1,1,1,2,1,1,1,1,1,0,1,1,1,1,1,
5,2,1,1,1,0,1,1,1,2,1,1,1,1,1,0,1,1,1,1,1,
8,2,2,1,2,0,2,2,2,2,1,2,1,2,2,1,2,2,2,2,2,
5,2,1,1,1,0,1,1,1,2,1,1,1,1,1,0,1,1,2,1,1,
5,2,1,1,1,0,1,1,1,2,1,1,1,1,1,0,1,1,1,1,1,
5,2,1,1,1,0,1,1,1,2,1,1,1,1,1,0,1,1,2,1,1,
5,2,1,1,1,0,1,1,1,2,1,1,1,1,1,0,1,1,1,1,1,
5,2,1,1,1,0,1,1,1,2,1,1,1,1,1,0,1,1,1,1,1,
9,2,1,1,1,0,1,1,5,2,1,1,1,1,5,0,5,1,2,1,1,
5,2,1,1,1,0,1,1,1,2,1,1,1,1,1,0,2,2,2,1,1,
5,2,1,1,1,0,1,1,1,2,1,1,1,1,1,0,1,2,2,1,1,
5,2,1,1,1,0,1,1,1,2,1,1,1,1,1,0,1,2,2,1,1,
6,2,1,1,1,0,1,1,1,2,1,1,1,1,1,0,2,2,2,1,1,
6,2,1,1,1,0,1,1,1,2,1,1,1,1,1,0,2,2,2,1,1,
6,2,2,1,1,0,1,1,1,2,1,1,1,1,2,1,2,2,2,1,1,
6,2,1,1,1,0,1,1,1,2,1,1,1,1,1,0,2,2,2,1,1,
5,2,1,1,1,0,1,1,1,2,1,1,1,1,1,0,1,2,2,1,1,
6,2,1,1,1,0,1,1,1,2,1,1,1,1,2,0,2,2,2,1,1,
6,2,1,1,1,0,1,1,1,2,1,1,1,1,1,0,2,2,2,1,1,
5,2,2,1,1,0,1,1,1,2,1,1,1,1,1,0,2,2,2,1,1,
5,2,1,1,1,0,1,1,1,2,1,1,1,1,1,0,2,2,2,1,1,
5,2,1,1,1,0,1,1,1,2,1,1,1,1,1,0,2,2,2,1,1,
6,2,2,1,1,0,1,1,1,2,1,1,1,1,2,1,2,2,2,1,1,
8,5,1,1,1,0,1,4,4,5,1,1,1,4,4,1,4,2,4,1,1,
6,2,1,1,1,0,1,1,1,2,1,1,1,1,2,1,2,2,2,1,1,
6,2,2,1,1,0,1,1,2,2,1,2,1,1,2,1,2,2,2,1,1,
6,2,2,1,1,0,1,1,1,2,1,1,1,1,2,1,2,2,2,1,1,
7,2,2,1,1,0,1,1,2,2,1,1,1,1,2,1,2,3,2,1,1,
6,2,2,1,1,0,1,1,1,2,1,1,1,1,2,1,2,2,2,1,1,
6,2,2,1,1,0,1,1,1,2,1,1,1,1,2,1,2,2,2,1,1,
6,2,2,1,1,0,1,1,1,2,1,1,1,1,2,1,2,2,2,1,1,
6,2,2,1,1,0,1,1,1,2,1,1,1,1,2,1,2,2,2,1,1,
6,2,2,1,1,0,1,1,1,2,1,1,1,1,2,1,2,2,2,1,1,
8,4,5,1,1,0,1,1,5,5,1,4,1,1,5,1,5,5,5,1,1,
6,2,2,1,1,0,1,1,1,2,1,1,1,1,2,1,2,2,2,1,1,
6,2,2,1,1,0,1,1,2,2,1,1,1,1,2,1,2,2,2,1,1,
6,2,2,1,1,0,1,1,2,2,1,1,1,1,2,1,2,2,2,1,1,
6,2,2,1,1,0,1,1,2,2,1,1,1,1,2,1,2,2,2,1,1,
6,2,2,1,1,0,1,1,2,2,1,2,1,1,2,1,2,2,2,1,1,
6,2,2,1,1,0,1,1,2,2,1,2,1,1,2,1,2,2,2,1,1,
6,2,2,1,1,0,1,1,2,2,1,2,1,1,2,1,2,2,2,1,1,
6,2,2,1,1,0,1,1,2,2,1,2,1,1,2,1,2,2,2,1,1,
6,2,2,1,2,0,2,2,2,2,1,2,1,2,2,1,2,2,2,1,1,
7,2,2,1,4,0,1,2,2,2,1,4,1,2,2,1,2,2,2,3,2,
6,2,2,1,2,0,1,2,2,2,1,2,1,2,2,1,2,2,2,1,1,
5,2,2,1,2,0,2,2,2,2,1,2,1,2,2,1,2,2,2,1,2,
5,0,0,0,0,0,0,0,0,0,0,0,0,0,0,0,0,1,0,0,0,
6,3,2,1,2,0,2,2,2,3,1,2,1,2,2,1,2,2,3,1,2,
5,2,2,1,2,0,2,2,2,2,1,2,1,2,2,1,2,2,2,1,2,
5,2,2,1,2,0,2,2,2,2,1,2,1,2,2,1,2,2,2,2,2,
5,2,2,1,2,0,2,2,2,2,1,2,1,2,2,1,2,2,2,1,2,
5,2,2,1,2,0,2,2,2,2,1,2,1,2,2,1,2,2,2,2,2,
6,2,1,1,1,0,1,1,1,2,1,1,1,1,1,0,2,2,2,1,1,
5,2,2,2,2,0,2,2,2,3,2,2,2,2,2,1,2,2,2,2,2,
5,2,2,1,2,0,2,2,2,3,2,2,2,2,2,1,2,2,2,2,2,
5,2,2,2,2,0,2,2,2,3,2,2,2,2,2,1,2,2,2,2,2,
5,2,2,2,2,0,2,2,2,3,2,2,2,2,2,1,2,2,2,2,2,
5,2,2,2,2,0,2,2,2,3,2,2,2,2,2,1,2,2,2,2,2,
5,2,2,2,2,0,2,2,2,3,2,2,2,2,2,1,2,2,2,2,2,
5,1,1,1,1,0,1,1,1,2,1,1,1,1,1,0,1,1,1,1,1,
5,1,1,1,1,0,1,1,1,2,1,1,1,1,1,0,1,1,1,1,1,
5,2,2,2,2,0,2,2,2,3,2,2,2,2,2,1,2,2,2,2,2,
5,2,1,1,1,0,1,1,1,2,1,1,1,1,1,0,1,1,1,1,1,
6,2,2,1,1,0,1,1,2,2,1,2,1,2,2,1,2,2,2,1,1,
5,2,1,1,1,0,1,1,1,2,1,1,1,1,1,0,1,1,1,1,1,
5,2,1,1,1,0,1,1,1,2,1,1,1,1,1,0,1,1,1,1,1,
5,2,1,1,1,0,1,1,1,2,1,1,1,1,1,0,1,1,1,1,1,
5,2,1,1,1,0,1,1,1,2,1,1,1,1,1,0,1,1,1,1,1,
5,2,1,1,2,0,1,1,1,2,1,2,1,1,1,0,1,1,2,2,1,
7,2,1,1,1,0,3,1,1,2,1,1,3,1,1,0,2,2,2,1,1,
5,2,1,1,1,0,1,1,1,2,1,1,1,1,1,0,1,2,1,1,1,
5,2,1,1,1,0,1,1,1,2,1,1,1,1,1,0,2,2,2,1,1,
5,2,1,1,1,0,1,1,1,2,1,1,1,1,1,0,1,2,2,1,1,
7,2,1,1,1,0,1,1,1,2,1,1,1,1,1,0,2,2,2,1,1,
5,2,1,1,1,0,1,1,1,2,1,1,1,1,1,0,1,1,2,1,1,
6,2,1,1,1,0,1,1,1,2,1,1,1,1,1,0,2,2,2,1,1,
5,2,1,1,1,0,1,1,1,2,1,1,1,1,1,0,2,2,2,1,1,
5,2,1,1,1,0,1,1,1,2,1,1,1,1,1,0,2,2,2,1,1,
5,2,1,1,1,0,1,1,1,2,1,1,1,1,1,0,2,2,2,1,1,
5,2,1,1,1,0,1,1,1,2,1,1,1,1,1,0,2,2,2,1,1,
5,2,1,1,1,0,1,1,1,2,1,1,1,1,1,0,2,2,2,1,1,
6,2,2,1,1,0,1,1,1,2,1,1,1,1,2,0,2,2,2,1,1,
6,2,2,1,1,0,1,1,2,2,1,1,1,1,2,0,2,2,2,1,1,
6,2,2,1,1,0,1,1,2,2,1,1,1,1,2,1,2,2,2,1,1,
6,2,2,1,1,0,1,1,2,2,1,1,1,1,2,1,2,2,2,1,1,
6,2,2,1,1,0,1,1,2,2,1,1,1,1,2,1,2,2,2,1,1,
6,2,2,1,1,0,1,2,2,2,1,1,1,2,2,1,2,2,2,1,1,
6,2,2,1,1,0,1,1,2,2,1,1,1,1,2,1,2,2,2,1,1,
6,2,2,1,1,0,1,1,2,2,1,1,1,1,2,1,2,2,2,1,1,
6,2,2,1,1,0,1,1,1,2,1,1,1,1,2,1,2,2,2,1,1,
6,2,2,1,1,0,1,1,1,2,1,1,1,1,2,1,2,2,2,1,1,
6,2,2,1,1,0,1,1,2,2,1,1,1,1,2,1,2,2,2,1,1,
6,2,2,1,1,0,1,1,2,2,1,1,1,1,2,1,2,2,2,1,1,
6,2,2,1,1,0,1,1,2,2,1,1,1,1,2,1,2,2,2,1,1,
6,2,2,1,1,0,1,1,2,2,1,2,1,1,2,1,2,2,2,1,1,
6,2,2,1,1,0,1,1,2,2,1,2,1,1,2,1,2,2,2,1,1,
8,4,5,4,4,0,4,4,4,4,4,4,4,4,4,4,4,5,4,4,4,
9,5,2,1,1,0,1,2,2,5,1,2,1,2,2,1,2,2,5,1,1,
6,2,2,1,1,0,1,1,2,2,1,2,1,1,2,1,2,2,2,1,1,
6,2,2,1,2,0,1,2,2,2,1,2,1,2,2,1,2,2,2,1,1,
6,2,2,1,2,0,1,2,2,2,1,2,1,2,2,1,2,2,2,1,1,
6,2,2,1,1,0,2,2,2,2,1,2,1,2,2,1,2,2,2,1,1,
7,2,2,1,2,0,4,2,2,2,1,2,3,2,2,3,2,2,2,1,1,
6,2,2,1,2,0,2,2,2,2,1,2,1,2,2,1,2,2,2,1,2,
5,2,2,1,2,0,2,2,2,2,1,2,1,2,2,1,2,2,2,1,2,
5,2,2,1,2,0,2,2,2,2,1,2,1,2,2,1,2,2,2,1,2,
5,2,2,1,3,0,2,2,2,2,1,3,1,2,2,1,2,2,2,3,2,
7,2,2,1,2,0,5,2,2,2,1,2,4,2,2,1,2,2,2,2,2,
5,2,2,1,2,0,2,2,2,2,1,2,1,2,2,1,2,2,2,2,2,
5,2,2,2,2,0,2,2,2,3,2,2,2,2,2,1,2,2,2,2,2,
5,2,2,1,2,0,2,2,2,3,2,2,2,2,2,1,2,2,2,2,2,
5,2,2,2,2,0,2,2,2,3,2,2,2,2,2,1,2,2,2,2,2,
5,2,2,2,2,0,2,2,2,3,2,2,2,2,2,1,2,2,2,2,2,
7,2,2,2,2,0,2,2,2,3,2,2,2,2,2,1,2,2,2,2,2,
5,2,2,2,2,0,2,2,2,3,2,2,2,2,2,1,2,2,2,2,2,
6,2,2,1,2,0,1,1,2,2,1,2,1,2,2,1,2,2,2,1,1,
5,2,2,2,2,0,2,2,2,3,2,2,2,2,2,1,2,2,2,2,2,
5,2,2,2,2,0,2,2,2,3,2,2,2,2,2,1,2,2,2,2,2,
5,2,2,2,2,0,2,2,2,3,2,2,2,2,2,1,2,2,2,2,2,
5,2,2,2,2,0,2,2,2,3,2,2,2,2,2,1,2,2,2,2,2,
5,2,2,2,2,0,2,2,2,3,2,2,2,2,2,1,2,2,2,2,2,
8,4,5,5,4,0,5,4,5,5,5,4,5,5,5,1,4,5,5,5,5,
8,5,2,2,2,0,2,2,2,5,2,2,2,2,2,1,2,2,5,2,2,
5,2,1,1,1,0,1,1,1,2,1,1,1,1,1,0,1,1,1,1,1,
5,2,1,1,1,0,1,1,1,2,1,1,1,1,1,0,1,1,1,1,1,
5,2,1,1,1,0,1,1,1,2,1,1,1,1,1,0,1,1,1,1,1,
5,2,1,1,1,0,1,1,1,2,1,1,1,1,1,0,1,1,1,1,1,
7,2,1,1,1,0,1,1,1,2,1,1,1,1,1,0,1,1,1,1,1,
5,2,1,1,1,0,1,1,1,2,1,1,1,1,1,0,1,1,2,1,1,
5,2,1,1,1,0,1,1,1,2,1,1,1,1,1,0,1,1,1,1,1,
5,2,2,2,2,0,2,2,2,2,2,2,2,2,2,0,2,2,2,2,1,
5,2,1,1,1,0,1,1,1,2,1,1,1,1,1,0,1,2,1,1,1,
5,2,1,1,1,0,1,1,1,2,1,1,1,1,1,0,1,1,1,1,1,
7,2,1,1,1,0,3,1,1,2,1,1,3,1,1,0,1,2,1,1,1,
5,2,1,1,1,0,1,1,1,2,1,1,1,1,1,0,1,2,2,1,1,
5,2,1,1,1,0,1,1,1,2,1,1,1,1,1,0,2,2,2,1,1,
8,4,1,1,1,0,1,4,4,4,1,1,1,4,4,0,4,2,4,1,1,
5,2,1,1,1,0,1,1,1,2,1,1,1,1,1,0,1,2,2,1,1,
6,2,1,1,1,0,1,1,1,2,1,1,1,1,1,0,1,2,2,1,1,
6,2,2,1,1,0,1,1,1,2,1,1,1,1,1,0,2,2,2,1,1,
5,2,1,1,1,0,1,1,1,2,1,1,1,1,1,0,2,2,2,1,1,
5,2,1,1,1,0,1,1,1,2,1,1,1,1,1,0,2,2,2,1,1,
6,2,1,1,1,0,1,1,1,2,1,1,1,1,1,0,2,2,2,1,1,
6,2,1,1,1,0,1,1,1,2,1,1,1,1,1,1,2,2,2,1,1,
6,2,2,1,1,0,1,1,1,2,1,1,1,1,2,1,2,2,2,1,1,
6,2,2,1,1,0,1,1,2,2,1,1,1,1,2,1,2,2,2,1,1,
8,4,4,1,4,0,4,4,4,4,1,4,1,4,4,1,4,5,4,1,1,
6,2,2,1,1,0,1,1,2,2,1,2,1,1,2,1,2,2,2,1,1,
6,2,2,1,1,0,1,1,2,2,1,1,1,1,2,1,2,2,2,1,1,
6,2,2,1,1,0,1,1,2,2,1,2,1,1,2,1,2,2,2,1,1,
6,2,2,1,1,0,1,1,2,2,1,2,1,1,2,1,2,2,2,1,1,
6,2,2,1,1,0,2,1,2,2,1,2,1,1,2,1,2,2,2,1,1,
6,2,2,1,1,0,1,1,2,2,1,2,1,1,2,1,2,2,2,1,1,
6,2,2,1,1,0,1,1,2,2,1,2,1,1,2,1,2,2,2,1,1,
6,2,2,1,1,0,1,1,2,2,1,2,1,1,2,1,2,2,2,1,1,
6,2,2,1,2,0,1,2,2,2,1,2,1,2,2,1,2,2,2,1,1,
7,2,2,1,3,0,1,1,2,2,1,4,1,2,2,1,2,2,2,3,1,
6,2,2,1,2,0,1,2,2,2,1,2,1,2,2,1,2,2,2,1,1,
6,2,2,1,2,0,1,2,2,2,1,2,1,2,2,1,2,2,2,1,1,
6,1,1,0,1,0,1,1,1,1,0,1,0,1,1,0,1,1,1,0,1,
7,3,2,1,2,0,2,2,2,3,1,2,1,2,2,1,2,2,3,2,2,
6,2,2,1,2,0,2,2,2,2,1,2,1,2,2,1,2,2,2,1,2,
6,2,2,1,2,0,2,2,2,2,1,2,1,2,2,1,2,2,2,1,2,
