236 ,0, 134, '72 71 66 65 71 70 70 69 ' ,'0 0 0 0 0 0 0 0 ' ,22 ,3 ,11, 11
544 ,162, 532, '486 493 473 494 517 490 487 489 ' ,'0 0 0 0 0 0 0 0 ' ,46 ,2 ,4, 4
475 ,588, 464, '423 432 451 423 450 444 421 442 ' ,'0 0 0 0 0 0 0 0 ' ,31 ,1 ,2, 2
514 ,469, 505, '477 468 483 492 476 488 485 473 ' ,'0 0 0 0 0 0 0 0 ' ,26 ,2 ,3, 3
537 ,509, 527, '508 477 500 471 497 514 479 480 ' ,'0 0 0 0 0 0 0 0 ' ,44 ,1 ,3, 3
535 ,531, 524, '490 495 512 469 486 502 499 496 ' ,'0 0 0 0 0 0 0 0 ' ,44 ,1 ,3, 3
543 ,527, 534, '495 509 523 494 518 467 497 468 ' ,'0 0 0 0 0 0 0 0 ' ,56 ,1 ,3, 3
544 ,541, 536, '475 514 484 497 523 516 473 485 ' ,'0 0 0 0 0 0 0 0 ' ,50 ,1 ,3, 3
542 ,539, 535, '486 513 483 497 518 512 521 453 ' ,'0 0 0 0 0 0 0 0 ' ,71 ,2 ,2, 2
501 ,538, 493, '476 470 480 452 461 451 478 447 ' ,'0 0 0 0 0 0 0 0 ' ,34 ,1 ,2, 2
457 ,496, 448, '409 427 430 410 395 436 424 425 ' ,'0 0 0 0 0 0 0 0 ' ,44 ,1 ,2, 2
434 ,451, 427, '406 416 391 369 412 390 371 415 ' ,'0 0 0 0 0 0 0 0 ' ,49 ,2 ,2, 2
465 ,430, 458, '448 438 424 440 413 405 412 432 ' ,'0 0 0 0 0 0 0 0 ' ,44 ,1 ,1, 1
452 ,462, 444, '385 433 399 411 412 406 428 429 ' ,'0 0 0 0 0 0 0 0 ' ,49 ,2 ,2, 2
522 ,447, 513, '461 502 473 472 445 481 482 485 ' ,'0 0 0 0 0 0 0 0 ' ,59 ,2 ,2, 2
515 ,516, 508, '495 482 479 493 481 486 476 463 ' ,'0 0 0 0 0 0 0 0 ' ,34 ,5 ,3, 3
529 ,511, 520, '463 507 476 512 489 500 465 489 ' ,'0 0 0 0 0 0 0 0 ' ,50 ,1 ,2, 2
533 ,524, 525, '519 467 475 468 489 488 501 489 ' ,'0 0 0 0 0 0 0 0 ' ,50 ,0 ,3, 3
516 ,529, 510, '470 475 434 501 463 446 491 432 ' ,'0 0 0 0 0 0 0 0 ' ,69 ,1 ,2, 2
555 ,512, 547, '489 492 451 534 414 524 525 517 ' ,'0 0 0 0 0 0 0 0 ' ,126 ,1 ,2, 2
545 ,551, 534, '438 525 502 492 495 490 504 500 ' ,'0 0 0 0 0 0 0 0 ' ,89 ,1 ,3, 3
548 ,540, 541, '447 500 493 480 487 473 532 489 ' ,'0 0 0 0 0 0 0 0 ' ,87 ,1 ,3, 3
527 ,544, 519, '467 472 487 488 482 488 490 508 ' ,'0 0 0 0 0 0 0 0 ' ,45 ,0 ,2, 2
502 ,522, 492, '484 481 439 474 448 477 478 432 ' ,'0 0 0 0 0 0 0 0 ' ,52 ,1 ,3, 3
495 ,495, 486, '448 477 448 476 437 471 469 465 ' ,'0 0 0 0 0 0 0 0 ' ,40 ,1 ,2, 2
498 ,489, 491, '483 474 448 457 468 460 468 437 ' ,'0 0 0 0 0 0 0 0 ' ,45 ,1 ,2, 2
533 ,494, 525, '457 462 445 454 466 464 485 455 ' ,'0 0 0 0 0 0 0 0 ' ,74 ,1 ,2, 2
468 ,529, 458, '403 450 402 444 444 423 406 415 ' ,'0 0 0 0 0 0 0 0 ' ,49 ,1 ,2, 2
460 ,461, 452, '425 424 445 433 401 389 379 368 ' ,'0 0 0 0 0 0 0 0 ' ,76 ,0 ,2, 2
458 ,455, 451, '391 383 395 444 440 426 436 421 ' ,'0 0 0 0 0 0 0 0 ' ,62 ,1 ,1, 1
468 ,455, 454, '387 417 383 443 418 414 412 409 ' ,'0 0 0 0 0 0 0 0 ' ,61 ,0 ,2, 2
449 ,459, 442, '402 386 435 422 400 396 379 389 ' ,'0 0 0 0 0 0 0 0 ' ,56 ,1 ,2, 2
461 ,445, 454, '423 430 438 436 422 411 423 446 ' ,'0 0 0 0 0 0 0 0 ' ,36 ,0 ,2, 2
509 ,457, 502, '468 481 453 495 493 489 467 471 ' ,'0 0 0 0 0 0 0 0 ' ,43 ,0 ,2, 2
539 ,505, 532, '477 516 519 497 525 512 519 518 ' ,'0 0 0 0 0 0 0 0 ' ,49 ,1 ,2, 2
540 ,537, 533, '526 522 519 503 509 493 494 520 ' ,'0 0 0 0 0 0 0 0 ' ,32 ,0 ,3, 3
558 ,536, 551, '503 537 504 520 512 543 507 506 ' ,'0 0 0 0 0 0 0 0 ' ,39 ,1 ,2, 2
570 ,554, 564, '479 528 516 553 541 528 541 535 ' ,'0 0 0 0 0 0 0 0 ' ,74 ,1 ,6, 6
538 ,566, 525, '498 519 517 513 474 512 487 494 ' ,'0 0 0 0 0 0 0 0 ' ,45 ,1 ,2, 2
508 ,530, 500, '446 454 471 493 448 489 489 488 ' ,'0 0 0 0 0 0 0 0 ' ,48 ,1 ,2, 2
512 ,503, 505, '466 459 454 498 436 481 421 457 ' ,'0 0 0 0 0 0 0 0 ' ,78 ,1 ,2, 2
502 ,508, 495, '465 429 453 475 454 427 487 456 ' ,'0 0 0 0 0 0 0 0 ' ,61 ,1 ,2, 2
508 ,498, 500, '459 460 492 477 487 434 467 457 ' ,'0 0 0 0 0 0 0 0 ' ,59 ,1 ,2, 2
507 ,503, 499, '491 492 431 436 476 489 490 491 ' ,'0 0 0 0 0 0 0 0 ' ,62 ,1 ,2, 2
510 ,503, 503, '474 460 413 453 484 481 495 459 ' ,'0 0 0 0 0 0 0 0 ' ,84 ,1 ,2, 2
490 ,506, 483, '459 456 432 460 475 427 464 473 ' ,'0 0 0 0 0 0 0 0 ' ,49 ,1 ,2, 2
467 ,486, 460, '452 425 437 423 420 419 452 437 ' ,'0 0 0 0 0 0 0 0 ' ,35 ,1 ,2, 2
454 ,463, 447, '409 440 411 427 431 427 418 418 ' ,'0 0 0 0 0 0 0 0 ' ,31 ,1 ,2, 2
467 ,449, 459, '417 442 444 425 417 451 429 449 ' ,'0 0 0 0 0 0 0 0 ' ,36 ,1 ,2, 2
460 ,462, 452, '426 433 414 446 438 439 424 429 ' ,'0 0 0 0 0 0 0 0 ' ,31 ,1 ,2, 2
468 ,456, 461, '430 423 406 404 432 405 425 453 ' ,'0 0 0 0 0 0 0 0 ' ,51 ,1 ,2, 2
483 ,464, 475, '448 437 436 441 449 450 444 467 ' ,'0 0 0 0 0 0 0 0 ' ,32 ,1 ,2, 2
519 ,480, 511, '496 469 496 504 475 474 494 496 ' ,'0 0 0 0 0 0 0 0 ' ,35 ,1 ,2, 2
545 ,515, 538, '531 531 486 502 502 527 476 526 ' ,'0 0 0 0 0 0 0 0 ' ,56 ,1 ,2, 2
523 ,541, 515, '507 473 427 505 503 463 399 440 ' ,'0 0 0 0 0 0 0 0 ' ,109 ,1 ,3, 3
533 ,518, 526, '509 480 518 481 487 509 477 492 ' ,'0 0 0 0 0 0 0 0 ' ,42 ,1 ,3, 3
552 ,529, 544, '478 536 536 509 521 490 490 455 ' ,'0 0 0 0 0 0 0 0 ' ,83 ,1 ,2, 2
539 ,549, 531, '508 523 500 507 499 481 502 502 ' ,'0 0 0 0 0 0 0 0 ' ,42 ,1 ,2, 2
560 ,534, 553, '516 487 514 519 438 545 522 504 ' ,'0 0 0 0 0 0 0 0 ' ,110 ,1 ,3, 3
543 ,556, 535, '470 527 496 528 501 513 460 492 ' ,'0 0 0 0 0 0 0 0 ' ,69 ,1 ,2, 2
570 ,539, 557, '508 501 486 544 500 540 481 515 ' ,'0 0 0 0 0 0 0 0 ' ,63 ,1 ,3, 3
533 ,564, 525, '509 470 489 518 462 511 449 464 ' ,'0 0 0 0 0 0 0 0 ' ,69 ,1 ,2, 2
501 ,528, 493, '454 456 440 454 405 484 484 427 ' ,'0 0 0 0 0 0 0 0 ' ,81 ,1 ,2, 2
484 ,498, 477, '465 442 461 467 453 453 461 438 ' ,'0 0 0 0 0 0 0 0 ' ,29 ,1 ,5, 5
465 ,480, 458, '450 443 428 450 437 426 430 411 ' ,'0 0 0 0 0 0 0 0 ' ,40 ,1 ,2, 2
473 ,460, 465, '458 429 405 417 436 437 441 409 ' ,'0 0 0 0 0 0 0 0 ' ,54 ,1 ,2, 2
466 ,469, 458, '434 428 430 446 441 434 400 450 ' ,'0 0 0 0 0 0 0 0 ' ,51 ,1 ,2, 2
492 ,462, 484, '476 441 430 407 457 434 460 430 ' ,'0 0 0 0 0 0 0 0 ' ,72 ,1 ,2, 2
475 ,488, 468, '455 460 440 439 426 436 446 452 ' ,'0 0 0 0 0 0 0 0 ' ,35 ,1 ,2, 2
492 ,472, 484, '438 431 477 460 445 437 451 431 ' ,'0 0 0 0 0 0 0 0 ' ,47 ,1 ,2, 2
516 ,489, 509, '460 463 502 478 471 406 437 482 ' ,'0 0 0 0 0 0 0 0 ' ,96 ,1 ,2, 2
537 ,512, 529, '498 494 522 473 499 477 463 492 ' ,'0 0 0 0 0 0 0 0 ' ,58 ,1 ,3, 3
567 ,531, 559, '551 505 484 470 492 509 473 445 ' ,'0 0 0 0 0 0 0 0 ' ,107 ,2 ,2, 2
573 ,562, 565, '557 549 537 534 473 538 526 462 ' ,'0 0 0 0 0 0 0 0 ' ,95 ,1 ,3, 3
537 ,569, 529, '520 507 521 502 482 519 496 498 ' ,'0 0 0 0 0 0 0 0 ' ,39 ,2 ,2, 2
505 ,532, 497, '490 444 402 477 455 474 476 456 ' ,'0 0 0 0 0 0 0 0 ' ,90 ,1 ,2, 2
490 ,500, 483, '455 475 451 465 434 462 451 421 ' ,'0 0 0 0 0 0 0 0 ' ,54 ,1 ,2, 2
483 ,486, 475, '405 468 427 423 390 442 421 425 ' ,'0 0 0 0 0 0 0 0 ' ,78 ,1 ,1, 1
473 ,479, 466, '459 432 458 433 397 450 444 427 ' ,'0 0 0 0 0 0 0 0 ' ,64 ,1 ,2, 2
486 ,472, 479, '427 470 437 457 429 452 451 462 ' ,'0 0 0 0 0 0 0 0 ' ,44 ,1 ,3, 3
475 ,482, 466, '423 459 458 443 438 448 444 401 ' ,'0 0 0 0 0 0 0 0 ' ,58 ,1 ,2, 2
491 ,469, 483, '443 436 435 441 477 447 402 430 ' ,'0 0 0 0 0 0 0 0 ' ,76 ,1 ,2, 2
486 ,490, 478, '425 389 398 424 471 431 398 429 ' ,'0 0 0 0 0 0 0 0 ' ,83 ,1 ,2, 2
465 ,482, 457, '448 450 410 387 384 421 425 402 ' ,'0 0 0 0 0 0 0 0 ' ,67 ,1 ,2, 2
469 ,461, 462, '454 438 427 422 448 415 430 414 ' ,'0 0 0 0 0 0 0 0 ' ,41 ,1 ,2, 2
510 ,465, 503, '469 495 495 467 480 448 454 434 ' ,'0 0 0 0 0 0 0 0 ' ,61 ,1 ,2, 2
524 ,507, 517, '510 459 488 497 485 461 477 473 ' ,'0 0 0 0 0 0 0 0 ' ,51 ,1 ,2, 2
531 ,520, 523, '496 495 493 492 515 498 451 473 ' ,'0 0 0 0 0 0 0 0 ' ,65 ,1 ,2, 2
569 ,527, 562, '543 510 516 475 546 552 508 495 ' ,'0 0 0 0 0 0 0 0 ' ,80 ,2 ,2, 2
563 ,564, 556, '496 493 514 525 547 510 497 522 ' ,'0 0 0 0 0 0 0 0 ' ,55 ,1 ,3, 3
535 ,558, 527, '469 491 473 489 471 518 403 487 ' ,'0 0 0 0 0 0 0 0 ' ,117 ,2 ,3, 2
502 ,533, 495, '467 484 453 481 463 486 477 476 ' ,'0 0 0 0 0 0 0 0 ' ,34 ,1 ,3, 3
476 ,497, 468, '440 459 436 461 453 422 407 453 ' ,'0 0 0 0 0 0 0 0 ' ,53 ,2 ,2, 2
483 ,470, 476, '468 409 449 417 404 456 397 442 ' ,'0 0 0 0 0 0 0 0 ' ,72 ,1 ,2, 2
445 ,479, 438, '415 430 404 398 390 369 380 365 ' ,'0 0 0 0 0 0 0 0 ' ,66 ,2 ,2, 2
454 ,441, 446, '408 402 355 367 415 438 403 406 ' ,'0 0 0 0 0 0 0 0 ' ,85 ,1 ,2, 2
475 ,448, 468, '450 438 408 444 461 416 401 428 ' ,'0 0 0 0 0 0 0 0 ' ,60 ,1 ,2, 2
470 ,471, 462, '424 410 390 453 401 438 413 395 ' ,'0 0 0 0 0 0 0 0 ' ,65 ,2 ,2, 2
467 ,465, 459, '423 442 450 429 409 435 412 433 ' ,'0 0 0 0 0 0 0 0 ' ,42 ,2 ,3, 3
454 ,462, 445, '431 415 437 415 416 393 425 378 ' ,'0 0 0 0 0 0 0 0 ' ,60 ,1 ,2, 2
508 ,450, 500, '471 474 449 431 488 437 418 436 ' ,'0 0 0 0 0 0 0 0 ' ,74 ,1 ,2, 2
520 ,503, 513, '481 485 491 451 472 446 461 504 ' ,'0 0 0 0 0 0 0 0 ' ,59 ,2 ,3, 3
545 ,516, 537, '504 524 521 504 510 499 517 528 ' ,'0 0 0 0 0 0 0 0 ' ,31 ,1 ,2, 2
560 ,541, 551, '529 544 534 503 528 474 507 501 ' ,'0 0 0 0 0 0 0 0 ' ,68 ,1 ,2, 2
579 ,555, 567, '537 530 523 559 489 528 519 535 ' ,'0 0 0 0 0 0 0 0 ' ,70 ,1 ,2, 2
595 ,572, 589, '578 554 537 523 491 538 507 565 ' ,'0 0 0 0 0 0 0 0 ' ,90 ,2 ,3, 3
573 ,591, 564, '553 539 517 551 540 543 496 541 ' ,'0 0 0 0 0 0 0 0 ' ,57 ,1 ,5, 5
567 ,567, 557, '502 521 471 527 488 548 490 528 ' ,'0 0 0 0 0 0 0 0 ' ,79 ,2 ,3, 3
529 ,563, 521, '502 503 474 478 513 469 493 489 ' ,'0 0 0 0 0 0 0 0 ' ,45 ,2 ,3, 3
551 ,524, 544, '455 496 454 535 483 505 502 500 ' ,'0 0 0 0 0 0 0 0 ' ,82 ,1 ,3, 3
525 ,546, 518, '497 464 484 478 489 498 508 472 ' ,'0 0 0 0 0 0 0 0 ' ,47 ,1 ,2, 2
519 ,520, 511, '432 444 453 503 443 453 451 449 ' ,'0 0 0 0 0 0 0 0 ' ,72 ,1 ,2, 2
480 ,514, 472, '429 392 433 451 458 423 430 463 ' ,'0 0 0 0 0 0 0 0 ' ,75 ,2 ,2, 2
479 ,475, 471, '430 405 400 431 463 401 419 431 ' ,'0 0 0 0 0 0 0 0 ' ,65 ,2 ,2, 2
470 ,474, 462, '396 423 406 454 409 419 442 398 ' ,'0 0 0 0 0 0 0 0 ' ,60 ,2 ,2, 2
456 ,466, 449, '369 435 441 441 429 418 410 412 ' ,'0 0 0 0 0 0 0 0 ' ,74 ,2 ,2, 2
472 ,452, 465, '418 436 421 419 457 407 403 407 ' ,'0 0 0 0 0 0 0 0 ' ,56 ,1 ,2, 2
713 ,468, 706, '436 437 454 456 451 452 450 451 ' ,'0 0 0 0 0 0 0 0 ' ,264 ,2 ,2, 2
481 ,709, 471, '452 463 422 430 417 462 435 433 ' ,'0 0 0 0 0 0 0 0 ' ,48 ,2 ,2, 2
481 ,475, 474, '422 442 441 409 465 383 440 458 ' ,'0 0 0 0 0 0 0 0 ' ,84 ,2 ,2, 2
468 ,477, 460, '447 452 446 437 410 414 425 422 ' ,'0 0 0 0 0 0 0 0 ' ,42 ,2 ,2, 2
496 ,466, 488, '432 476 466 451 442 456 438 478 ' ,'0 0 0 0 0 0 0 0 ' ,50 ,2 ,2, 2
512 ,492, 505, '444 468 461 474 478 495 489 458 ' ,'0 0 0 0 0 0 0 0 ' ,54 ,1 ,3, 3
545 ,508, 536, '476 499 502 482 458 510 491 524 ' ,'0 0 0 0 0 0 0 0 ' ,68 ,2 ,2, 2
537 ,539, 529, '505 478 483 507 506 516 518 505 ' ,'0 0 0 0 0 0 0 0 ' ,41 ,1 ,4, 4
565 ,532, 556, '544 509 499 547 492 519 531 494 ' ,'0 0 0 0 0 0 0 0 ' ,57 ,2 ,2, 2
524 ,560, 516, '504 494 453 508 462 475 491 482 ' ,'0 0 0 0 0 0 0 0 ' ,53 ,2 ,2, 2
525 ,520, 517, '506 455 484 451 431 485 492 497 ' ,'0 0 0 0 0 0 0 0 ' ,75 ,1 ,2, 2
519 ,520, 510, '501 437 430 502 455 455 450 473 ' ,'0 0 0 0 0 0 0 0 ' ,73 ,2 ,2, 2
514 ,513, 506, '497 432 464 479 444 476 493 444 ' ,'0 0 0 0 0 0 0 0 ' ,67 ,2 ,2, 2
496 ,509, 490, '481 479 430 454 431 419 461 390 ' ,'0 0 0 0 0 0 0 0 ' ,91 ,2 ,2, 2
485 ,493, 477, '468 445 430 415 416 433 445 433 ' ,'0 0 0 0 0 0 0 0 ' ,55 ,2 ,2, 2
470 ,480, 462, '453 454 404 411 434 405 442 406 ' ,'0 0 0 0 0 0 0 0 ' ,51 ,1 ,1, 1
495 ,465, 488, '454 397 427 480 401 415 419 421 ' ,'0 0 0 0 0 0 0 0 ' ,84 ,2 ,2, 2
484 ,492, 477, '428 454 416 468 411 443 419 442 ' ,'0 0 0 0 0 0 0 0 ' ,59 ,2 ,2, 2
505 ,479, 494, '484 459 419 460 415 426 428 450 ' ,'0 0 0 0 0 0 0 0 ' ,72 ,2 ,2, 2
524 ,498, 516, '505 487 449 469 434 443 452 457 ' ,'0 0 0 0 0 0 0 0 ' ,74 ,2 ,2, 2
557 ,520, 548, '535 538 456 506 463 511 458 502 ' ,'0 0 0 0 0 0 0 0 ' ,84 ,2 ,3, 3
541 ,551, 533, '522 510 520 514 504 500 474 487 ' ,'0 0 0 0 0 0 0 0 ' ,50 ,2 ,3, 3
583 ,537, 575, '544 522 546 564 514 517 449 479 ' ,'0 0 0 0 0 0 0 0 ' ,117 ,2 ,3, 3
575 ,578, 566, '558 503 542 529 509 515 538 528 ' ,'0 0 0 0 0 0 0 0 ' ,55 ,1 ,3, 3
566 ,570, 559, '548 536 516 531 549 520 479 528 ' ,'0 0 0 0 0 0 0 0 ' ,72 ,1 ,2, 2
532 ,562, 522, '484 499 486 513 508 492 485 445 ' ,'0 0 0 0 0 0 0 0 ' ,69 ,1 ,2, 2
515 ,525, 508, '497 457 486 487 485 490 447 464 ' ,'0 0 0 0 0 0 0 0 ' ,53 ,0 ,3, 2
528 ,511, 521, '498 512 497 484 480 424 477 411 ' ,'0 0 0 0 0 0 0 0 ' ,101 ,1 ,2, 2
483 ,523, 476, '435 442 446 468 412 447 433 449 ' ,'0 0 0 0 0 0 0 0 ' ,57 ,1 ,2, 2
501 ,479, 493, '438 434 426 460 444 441 428 398 ' ,'0 0 0 0 0 0 0 0 ' ,87 ,26 ,2, 2
474 ,497, 466, '450 449 406 441 431 448 455 422 ' ,'0 0 0 0 0 0 0 0 ' ,53 ,0 ,2, 2
491 ,469, 484, '475 475 429 451 443 461 425 418 ' ,'0 0 0 0 0 0 0 0 ' ,57 ,1 ,3, 3
504 ,487, 499, '489 415 448 426 404 453 442 441 ' ,'0 0 0 0 0 0 0 0 ' ,85 ,1 ,2, 2
495 ,499, 487, '437 453 434 477 464 458 454 427 ' ,'0 0 0 0 0 0 0 0 ' ,50 ,1 ,2, 2
521 ,490, 514, '499 498 459 496 439 500 455 429 ' ,'0 0 0 0 0 0 0 0 ' ,74 ,2 ,2, 2
533 ,517, 525, '465 490 464 494 493 496 482 513 ' ,'0 0 0 0 0 0 0 0 ' ,53 ,2 ,2, 2
596 ,528, 588, '466 507 466 538 578 524 515 494 ' ,'0 0 0 0 0 0 0 0 ' ,115 ,2 ,2, 2
579 ,592, 568, '533 538 478 534 551 557 537 508 ' ,'0 0 0 0 0 0 0 0 ' ,81 ,2 ,3, 3
570 ,572, 563, '527 515 511 500 527 539 476 547 ' ,'0 0 0 0 0 0 0 0 ' ,73 ,2 ,3, 3
530 ,565, 522, '417 459 427 513 481 452 475 459 ' ,'0 0 0 0 0 0 0 0 ' ,98 ,2 ,2, 2
500 ,526, 492, '425 458 455 451 481 445 450 453 ' ,'0 0 0 0 0 0 0 0 ' ,60 ,3 ,2, 2
481 ,495, 472, '439 451 413 448 433 417 463 450 ' ,'0 0 0 0 0 0 0 0 ' ,52 ,2 ,2, 2
492 ,476, 482, '474 452 457 453 419 470 459 438 ' ,'0 0 0 0 0 0 0 0 ' ,55 ,2 ,2, 2
490 ,486, 483, '444 459 442 452 428 473 432 452 ' ,'0 0 0 0 0 0 0 0 ' ,48 ,2 ,2, 2
504 ,486, 497, '434 488 425 455 480 418 447 462 ' ,'0 0 0 0 0 0 0 0 ' ,71 ,2 ,2, 2
492 ,500, 484, '423 476 401 469 451 461 439 437 ' ,'0 0 0 0 0 0 0 0 ' ,76 ,2 ,1, 1
498 ,487, 491, '396 469 474 481 476 453 388 423 ' ,'0 0 0 0 0 0 0 0 ' ,94 ,2 ,2, 2
546 ,494, 538, '449 453 484 529 520 521 465 503 ' ,'0 0 0 0 0 0 0 0 ' ,82 ,3 ,2, 2
559 ,541, 552, '528 515 524 540 496 504 484 468 ' ,'0 0 0 0 0 0 0 0 ' ,73 ,2 ,3, 3
571 ,555, 563, '508 496 491 533 542 450 504 549 ' ,'0 0 0 0 0 0 0 0 ' ,102 ,2 ,5, 5
571 ,566, 563, '503 552 458 527 535 549 542 501 ' ,'0 0 0 0 0 0 0 0 ' ,97 ,2 ,3, 3
566 ,565, 559, '492 514 522 549 517 525 506 524 ' ,'0 0 0 0 0 0 0 0 ' ,58 ,2 ,3, 3
778 ,561, 768, '456 497 510 534 556 518 510 504 ' ,'0 0 0 0 0 0 0 0 ' ,306 ,2 ,3, 3
518 ,770, 511, '501 480 482 473 483 500 470 477 ' ,'0 0 0 0 0 0 0 0 ' ,33 ,2 ,2, 2
509 ,516, 502, '456 454 490 418 491 424 427 474 ' ,'0 0 0 0 0 0 0 0 ' ,76 ,2 ,3, 3
480 ,504, 473, '412 413 461 399 446 448 400 420 ' ,'0 0 0 0 0 0 0 0 ' ,67 ,2 ,2, 2
489 ,475, 482, '473 445 408 435 440 469 400 436 ' ,'0 0 0 0 0 0 0 0 ' ,75 ,2 ,2, 2
463 ,485, 454, '430 430 417 435 432 426 393 442 ' ,'0 0 0 0 0 0 0 0 ' ,52 ,2 ,3, 3
734 ,458, 727, '468 469 471 462 476 484 464 442 ' ,'0 0 0 0 0 0 0 0 ' ,275 ,3 ,3, 3
514 ,729, 507, '447 487 497 477 446 451 482 418 ' ,'0 0 0 0 0 0 0 0 ' ,80 ,3 ,2, 2
512 ,510, 504, '465 472 461 490 478 494 489 438 ' ,'0 0 0 0 0 0 0 0 ' ,58 ,2 ,2, 2
528 ,507, 520, '508 445 496 509 509 433 481 429 ' ,'0 0 0 0 0 0 0 0 ' ,82 ,2 ,2, 2
532 ,524, 525, '512 471 512 474 511 464 483 461 ' ,'0 0 0 0 0 0 0 0 ' ,54 ,2 ,3, 3
571 ,527, 562, '489 527 552 496 525 510 470 510 ' ,'0 0 0 0 0 0 0 0 ' ,83 ,2 ,2, 2
555 ,566, 548, '498 537 478 483 506 493 469 493 ' ,'0 0 0 0 0 0 0 0 ' ,70 ,2 ,3, 3
714 ,550, 706, '546 479 546 559 492 493 483 522 ' ,'0 0 0 0 0 0 0 0 ' ,219 ,2 ,2, 2
551 ,710, 544, '475 530 518 504 531 531 500 513 ' ,'0 0 0 0 0 0 0 0 ' ,59 ,2 ,3, 3
525 ,547, 518, '492 480 438 459 475 445 506 483 ' ,'0 0 0 0 0 0 0 0 ' ,71 ,2 ,3, 3
491 ,523, 482, '461 472 471 444 427 451 403 426 ' ,'0 0 0 0 0 0 0 0 ' ,71 ,2 ,2, 2
465 ,486, 458, '436 448 443 435 402 427 441 442 ' ,'0 0 0 0 0 0 0 0 ' ,45 ,3 ,1, 1
487 ,462, 479, '412 470 429 421 420 421 434 427 ' ,'0 0 0 0 0 0 0 0 ' ,60 ,3 ,1, 1
503 ,484, 496, '428 431 486 444 454 436 451 448 ' ,'0 0 0 0 0 0 0 0 ' ,61 ,2 ,2, 2
489 ,500, 482, '381 469 430 427 440 435 443 417 ' ,'0 0 0 0 0 0 0 0 ' ,95 ,2 ,2, 2
470 ,486, 463, '390 435 426 410 447 453 429 424 ' ,'0 0 0 0 0 0 0 0 ' ,67 ,2 ,2, 2
717 ,478, 710, '454 421 424 408 422 453 472 392 ' ,'0 0 0 0 0 0 0 0 ' ,309 ,2 ,2, 2
475 ,712, 468, '441 450 435 424 400 458 392 414 ' ,'0 0 0 0 0 0 0 0 ' ,68 ,2 ,2, 2
500 ,472, 493, '440 451 482 476 470 460 463 464 ' ,'0 0 0 0 0 0 0 0 ' ,46 ,3 ,2, 2
539 ,498, 531, '507 468 469 490 457 486 517 465 ' ,'0 0 0 0 0 0 0 0 ' ,67 ,3 ,2, 2
547 ,535, 538, '484 499 470 480 486 522 497 526 ' ,'0 0 0 0 0 0 0 0 ' ,59 ,2 ,3, 3
564 ,549, 556, '521 474 530 458 545 509 493 517 ' ,'0 0 0 0 0 0 0 0 ' ,90 ,2 ,3, 3
794 ,560, 786, '527 501 501 553 527 518 510 480 ' ,'0 0 0 0 0 0 0 0 ' ,296 ,5 ,3, 3
518 ,789, 510, '460 485 424 489 453 499 441 431 ' ,'0 0 0 0 0 0 0 0 ' ,77 ,2 ,3, 3
519 ,513, 511, '418 499 457 441 445 490 493 495 ' ,'0 0 0 0 0 0 0 0 ' ,84 ,2 ,3, 3
689 ,514, 682, '429 430 430 430 370 448 458 451 ' ,'0 0 0 0 0 0 0 0 ' ,304 ,2 ,2, 2
705 ,687, 698, '405 440 435 445 424 441 460 420 ' ,'0 0 0 0 0 0 0 0 ' ,286 ,2 ,2, 2
478 ,701, 470, '411 434 428 431 446 431 460 414 ' ,'0 0 0 0 0 0 0 0 ' ,51 ,2 ,2, 2
500 ,473, 492, '390 479 414 427 450 432 416 436 ' ,'0 0 0 0 0 0 0 0 ' ,95 ,3 ,2, 2
499 ,495, 492, '413 424 433 415 480 448 442 431 ' ,'0 0 0 0 0 0 0 0 ' ,70 ,3 ,3, 3
495 ,494, 488, '425 465 425 478 431 437 395 396 ' ,'0 0 0 0 0 0 0 0 ' ,85 ,3 ,2, 2
508 ,493, 499, '425 417 487 489 409 473 431 466 ' ,'0 0 0 0 0 0 0 0 ' ,82 ,2 ,2, 2
512 ,504, 503, '493 485 486 482 457 489 462 468 ' ,'0 0 0 0 0 0 0 0 ' ,38 ,3 ,2, 2
533 ,509, 525, '452 427 470 515 437 507 460 451 ' ,'0 0 0 0 0 0 0 0 ' ,91 ,3 ,2, 2
546 ,531, 538, '440 490 495 486 509 527 483 483 ' ,'0 0 0 0 0 0 0 0 ' ,90 ,2 ,3, 3
564 ,541, 556, '482 544 519 523 501 525 530 492 ' ,'0 0 0 0 0 0 0 0 ' ,64 ,2 ,3, 3
572 ,560, 565, '485 535 524 476 501 548 466 479 ' ,'0 0 0 0 0 0 0 0 ' ,88 ,5 ,3, 3
533 ,568, 525, '507 474 512 494 499 512 499 461 ' ,'0 0 0 0 0 0 0 0 ' ,53 ,3 ,3, 3
540 ,532, 532, '485 480 491 448 505 520 419 464 ' ,'0 0 0 0 0 0 0 0 ' ,104 ,2 ,3, 3
500 ,537, 490, '476 466 479 456 466 460 464 449 ' ,'0 0 0 0 0 0 0 0 ' ,32 ,3 ,2, 2
486 ,494, 478, '425 431 410 399 410 462 429 465 ' ,'0 0 0 0 0 0 0 0 ' ,72 ,3 ,2, 2
472 ,480, 465, '410 446 375 427 410 453 430 425 ' ,'0 0 0 0 0 0 0 0 ' ,82 ,3 ,2, 2
481 ,469, 473, '406 446 383 462 416 426 379 424 ' ,'0 0 0 0 0 0 0 0 ' ,83 ,3 ,1, 1
466 ,476, 458, '383 386 393 402 445 413 447 403 ' ,'0 0 0 0 0 0 0 0 ' ,68 ,3 ,2, 2
480 ,462, 473, '417 444 460 420 444 424 439 458 ' ,'0 0 0 0 0 0 0 0 ' ,46 ,2 ,3, 3
510 ,475, 504, '475 470 444 450 489 478 491 457 ' ,'0 0 0 0 0 0 0 0 ' ,51 ,3 ,2, 2
574 ,506, 568, '532 502 459 516 456 493 513 501 ' ,'0 0 0 0 0 0 0 0 ' ,103 ,2 ,2, 2
558 ,571, 552, '513 501 512 524 539 504 525 469 ' ,'0 0 0 0 0 0 0 0 ' ,73 ,2 ,3, 3
582 ,554, 576, '517 480 495 541 544 563 457 486 ' ,'0 0 0 0 0 0 0 0 ' ,108 ,3 ,3, 3
576 ,578, 569, '530 557 494 546 481 460 536 468 ' ,'0 0 0 0 0 0 0 0 ' ,96 ,2 ,3, 3
795 ,571, 786, '572 507 510 560 573 483 572 488 ' ,'0 0 0 0 0 0 0 0 ' ,291 ,1 ,3, 3
575 ,791, 569, '558 507 532 516 500 506 526 526 ' ,'0 0 0 0 0 0 0 0 ' ,57 ,1 ,3, 3
548 ,573, 540, '530 492 498 511 504 502 526 489 ' ,'0 0 0 0 0 0 0 0 ' ,40 ,1 ,3, 3
550 ,544, 543, '524 532 524 492 498 518 477 524 ' ,'0 0 0 0 0 0 0 0 ' ,55 ,2 ,3, 3
550 ,545, 542, '486 460 491 450 435 532 496 501 ' ,'0 0 0 0 0 0 0 0 ' ,98 ,2 ,2, 2
535 ,545, 529, '518 501 375 446 461 473 492 499 ' ,'0 0 0 0 0 0 0 0 ' ,145 ,1 ,2, 2
501 ,533, 494, '443 463 422 479 405 424 470 481 ' ,'0 0 0 0 0 0 0 0 ' ,80 ,2 ,2, 2
486 ,496, 478, '422 419 453 421 436 411 418 467 ' ,'0 0 0 0 0 0 0 0 ' ,56 ,1 ,2, 2
485 ,481, 478, '353 469 448 443 336 419 418 442 ' ,'0 0 0 0 0 0 0 0 ' ,133 ,1 ,2, 2
473 ,481, 466, '456 402 428 430 420 408 431 431 ' ,'0 0 0 0 0 0 0 0 ' ,55 ,1 ,2, 2
488 ,469, 480, '439 436 463 461 424 469 402 463 ' ,'0 0 0 0 0 0 0 0 ' ,68 ,2 ,2, 2
508 ,484, 501, '440 457 446 490 486 484 445 487 ' ,'0 0 0 0 0 0 0 0 ' ,53 ,1 ,2, 2
539 ,504, 532, '488 517 521 465 445 467 502 483 ' ,'0 0 0 0 0 0 0 0 ' ,78 ,1 ,2, 2
565 ,535, 557, '547 536 535 480 503 513 510 473 ' ,'0 0 0 0 0 0 0 0 ' ,74 ,2 ,2, 2
571 ,561, 564, '501 530 510 532 522 527 524 548 ' ,'0 0 0 0 0 0 0 0 ' ,50 ,1 ,3, 3
589 ,567, 581, '569 418 511 499 561 555 485 494 ' ,'0 0 0 0 0 0 0 0 ' ,153 ,2 ,3, 3
533 ,585, 525, '470 467 506 468 510 482 513 456 ' ,'0 0 0 0 0 0 0 0 ' ,57 ,1 ,3, 3
476 ,527, 468, '456 436 397 421 455 428 365 449 ' ,'0 0 0 0 0 0 0 0 ' ,93 ,2 ,2, 2
696 ,472, 688, '448 444 437 417 436 451 436 440 ' ,'0 0 0 0 0 0 0 0 ' ,262 ,2 ,2, 2
502 ,691, 495, '422 433 384 432 483 466 382 417 ' ,'0 0 0 0 0 0 0 0 ' ,104 ,2 ,2, 2
477 ,499, 469, '424 396 413 406 458 419 399 408 ' ,'0 0 0 0 0 0 0 0 ' ,61 ,1 ,2, 2
474 ,472, 466, '452 398 386 420 429 376 454 395 ' ,'0 0 0 0 0 0 0 0 ' ,81 ,1 ,2, 2
470 ,469, 462, '392 431 409 427 418 389 414 451 ' ,'0 0 0 0 0 0 0 0 ' ,66 ,2 ,2, 2
484 ,465, 478, '425 412 409 469 440 438 436 419 ' ,'0 0 0 0 0 0 0 0 ' ,60 ,2 ,2, 1
463 ,481, 456, '446 393 413 432 399 442 371 395 ' ,'0 0 0 0 0 0 0 0 ' ,75 ,1 ,2, 2
467 ,458, 460, '445 426 446 425 403 426 439 448 ' ,'0 0 0 0 0 0 0 0 ' ,48 ,1 ,2, 2
470 ,462, 463, '386 408 452 411 423 368 420 414 ' ,'0 0 0 0 0 0 0 0 ' ,86 ,1 ,2, 2
487 ,465, 481, '443 380 410 411 392 408 379 467 ' ,'0 0 0 0 0 0 0 0 ' ,93 ,1 ,2, 2
486 ,483, 479, '415 422 468 458 393 429 402 446 ' ,'0 0 0 0 0 0 0 0 ' ,76 ,1 ,2, 2
450 ,484, 442, '421 395 412 433 383 406 412 413 ' ,'0 0 0 0 0 0 0 0 ' ,50 ,2 ,2, 2
499 ,445, 491, '448 473 478 480 476 472 425 442 ' ,'0 0 0 0 0 0 0 0 ' ,56 ,2 ,2, 2
552 ,494, 544, '478 528 518 506 529 529 447 466 ' ,'0 0 0 0 0 0 0 0 ' ,86 ,1 ,3, 3
632 ,547, 625, '498 613 543 544 521 534 471 531 ' ,'0 104 0 0 0 0 0 0 ' ,141 ,2 ,3, 3
564 ,627, 558, '471 505 510 483 537 546 469 507 ' ,'0 0 0 0 0 0 0 0 ' ,77 ,2 ,3, 3
642 ,561, 635, '623 503 478 440 509 458 421 491 ' ,'111 0 0 0 0 0 0 0 ' ,202 ,2 ,3, 3
502 ,637, 494, '471 484 446 474 420 455 442 441 ' ,'0 0 0 0 0 0 0 0 ' ,65 ,2 ,2, 2
481 ,499, 476, '465 436 460 426 398 434 448 397 ' ,'0 0 0 0 0 0 0 0 ' ,68 ,2 ,2, 2
499 ,478, 492, '441 437 463 433 420 414 403 476 ' ,'0 0 0 0 0 0 0 0 ' ,79 ,2 ,2, 2
503 ,494, 497, '376 429 486 464 427 456 431 441 ' ,'0 0 0 0 0 0 0 0 ' ,113 ,2 ,2, 2
508 ,499, 501, '393 426 452 419 476 444 490 455 ' ,'0 0 0 0 0 0 0 0 ' ,100 ,2 ,2, 2
463 ,505, 456, '426 446 385 432 419 393 429 432 ' ,'0 0 0 0 0 0 0 0 ' ,61 ,1 ,2, 2
481 ,458, 475, '405 400 427 394 464 448 403 377 ' ,'0 0 0 0 0 0 0 0 ' ,87 ,2 ,2, 2
492 ,478, 483, '467 433 470 471 437 392 405 380 ' ,'0 0 0 0 0 99 0 0 ' ,91 ,1 ,2, 2
535 ,489, 528, '461 517 479 470 455 494 424 472 ' ,'0 0 0 0 0 0 0 0 ' ,93 ,1 ,3, 3
552 ,534, 544, '474 522 489 467 454 533 432 505 ' ,'0 0 0 0 0 0 0 0 ' ,102 ,2 ,2, 2
547 ,548, 538, '500 503 470 500 481 522 432 524 ' ,'0 0 0 0 0 0 114 0 ' ,94 ,2 ,2, 2
572 ,542, 566, '467 550 517 555 528 519 518 480 ' ,'0 0 0 0 0 0 0 0 ' ,89 ,2 ,3, 3
579 ,568, 571, '532 490 522 522 502 523 559 526 ' ,'0 0 0 0 0 0 0 0 ' ,72 ,1 ,3, 3
567 ,576, 560, '463 475 474 475 530 489 540 546 ' ,'0 0 0 0 0 0 0 110 ' ,88 ,2 ,3, 3
512 ,563, 504, '489 477 399 469 443 485 475 492 ' ,'0 0 0 0 0 0 0 0 ' ,95 ,2 ,2, 2
513 ,507, 507, '467 462 462 465 495 445 454 490 ' ,'0 0 0 0 0 0 0 0 ' ,51 ,2 ,2, 2
521 ,510, 514, '468 502 470 460 446 472 470 428 ' ,'0 0 0 0 0 0 0 0 ' ,76 ,2 ,3, 3
504 ,516, 493, '463 481 438 446 391 441 459 442 ' ,'0 0 0 0 0 0 0 0 ' ,92 ,3 ,2, 2
503 ,497, 494, '483 414 400 437 430 387 465 427 ' ,'0 0 0 0 0 0 0 0 ' ,97 ,3 ,2, 2
477 ,499, 470, '422 401 364 433 391 457 400 438 ' ,'0 0 0 0 0 0 0 0 ' ,97 ,4 ,2, 2
655 ,473, 647, '407 420 394 387 412 395 394 416 ' ,'0 0 0 0 0 0 0 0 ' ,253 ,4 ,2, 2
447 ,653, 440, '414 417 402 400 422 422 427 389 ' ,'0 0 0 0 0 0 0 0 ' ,42 ,4 ,2, 2
464 ,443, 457, '404 369 438 446 408 431 410 377 ' ,'0 0 0 0 0 0 0 0 ' ,78 ,4 ,2, 2
458 ,461, 451, '392 436 437 392 414 431 399 407 ' ,'0 0 0 0 0 0 0 0 ' ,49 ,3 ,2, 2
489 ,458, 482, '404 469 402 454 440 444 450 433 ' ,'0 0 0 0 0 0 0 0 ' ,69 ,4 ,2, 2
508 ,485, 502, '434 452 448 473 477 451 487 445 ' ,'0 0 0 0 0 0 0 0 ' ,59 ,3 ,2, 2
568 ,506, 562, '521 514 507 490 517 515 457 478 ' ,'0 0 0 0 0 0 0 0 ' ,94 ,31 ,3, 3
542 ,566, 535, '470 518 494 462 493 455 491 460 ' ,'0 0 0 0 0 0 0 0 ' ,67 ,4 ,3, 3
560 ,537, 551, '481 491 498 526 537 535 481 485 ' ,'0 0 0 0 0 0 0 0 ' ,61 ,3 ,3, 3
584 ,557, 575, '525 560 540 523 503 532 526 507 ' ,'0 0 0 0 0 0 0 0 ' ,61 ,4 ,3, 3
569 ,578, 563, '546 503 549 543 506 530 539 526 ' ,'0 0 0 0 0 0 0 0 ' ,49 ,3 ,3, 3
582 ,566, 575, '556 539 507 508 545 556 517 472 ' ,'0 0 0 0 0 0 0 0 ' ,90 ,3 ,3, 3
587 ,578, 576, '509 489 490 532 556 516 538 561 ' ,'0 0 0 0 0 0 0 0 ' ,76 ,3 ,3, 3
562 ,581, 555, '514 511 540 485 494 482 472 482 ' ,'0 0 0 0 0 0 0 0 ' ,71 ,3 ,3, 3
523 ,558, 515, '482 415 502 477 462 491 496 478 ' ,'0 0 0 0 0 0 0 0 ' ,88 ,3 ,2, 2
515 ,518, 508, '482 466 417 485 470 476 491 456 ' ,'0 0 0 0 0 0 0 0 ' ,79 ,4 ,3, 2
484 ,511, 475, '423 416 411 437 438 442 461 432 ' ,'0 0 0 0 0 0 0 0 ' ,54 ,3 ,2, 2
483 ,481, 476, '461 428 420 446 462 458 418 401 ' ,'0 0 0 0 0 0 0 0 ' ,65 ,4 ,2, 2
499 ,479, 489, '462 400 476 416 382 456 441 441 ' ,'0 0 0 0 0 0 0 0 ' ,98 ,4 ,1, 1
470 ,492, 462, '423 358 397 412 448 399 436 348 ' ,'0 0 0 0 0 0 0 0 ' ,103 ,3 ,2, 2
