16,5,3,2,5,6,2,3,5,6,0,4,5,6,2,5,5,3,5,3,5,3,5,4,5,2,3,5,3,2,6,5,2,6,3,3,6,6,2,4,5,
12,5,3,2,5,5,2,3,5,5,0,3,5,5,2,4,4,2,5,3,4,2,5,3,4,2,3,4,3,2,5,5,2,5,3,3,5,5,2,3,5,
15,5,3,3,5,5,2,3,5,5,0,3,5,6,2,4,4,3,5,3,4,3,5,4,4,2,4,4,3,3,5,5,3,5,3,3,5,5,3,3,5,
12,5,3,3,5,5,3,3,5,5,0,4,5,6,3,4,5,3,5,4,4,3,5,4,4,2,4,4,3,3,5,5,3,5,3,3,5,6,3,3,5,
12,5,3,3,5,6,3,3,5,6,0,4,5,6,3,4,5,3,5,4,4,3,5,4,5,3,4,4,3,3,5,5,3,6,3,3,5,6,3,4,5,
15,7,7,4,7,8,5,5,7,7,0,5,7,8,5,5,7,6,7,5,6,6,7,5,6,4,6,5,5,5,7,7,4,7,7,5,7,7,5,5,7,
12,5,2,2,4,5,2,3,4,5,0,3,4,5,2,3,4,2,4,3,3,2,4,3,4,2,3,3,3,2,5,5,2,5,2,3,4,5,2,3,4,
12,5,3,2,4,5,2,3,5,5,0,3,4,5,2,3,4,2,4,3,4,2,4,3,4,2,3,4,3,2,5,5,2,5,3,3,4,5,2,3,5,
15,5,3,3,5,5,3,3,5,5,0,3,5,6,3,4,5,3,5,4,4,3,5,4,4,2,4,4,3,3,5,5,3,5,3,3,5,5,2,3,5,
12,5,3,2,5,5,2,3,5,5,0,3,5,5,2,4,4,2,5,3,4,2,5,4,4,2,3,4,3,2,5,5,2,5,3,3,5,5,2,3,5,
12,5,3,2,5,5,2,3,5,5,0,3,5,5,2,4,4,2,5,3,4,3,5,4,4,2,4,4,3,2,5,5,2,5,3,3,5,5,2,3,5,
12,5,3,2,5,5,2,3,5,5,0,3,5,5,2,3,4,2,5,3,4,2,5,3,4,2,3,4,3,2,5,5,2,5,3,3,5,5,2,3,5,
11,5,3,2,4,5,2,3,5,5,0,3,5,5,2,4,5,3,5,3,4,3,5,4,4,2,4,4,3,2,5,5,2,5,3,3,5,5,2,3,5,
11,5,3,2,5,5,2,3,5,5,0,3,5,5,2,4,5,3,5,3,4,3,5,4,4,2,4,4,3,2,5,5,2,5,3,3,5,5,2,3,5,
12,3,1,1,4,3,1,1,4,3,1,1,4,3,0,2,3,1,2,1,3,1,2,2,3,1,1,2,2,1,4,3,1,3,1,1,4,3,1,1,4,
12,5,3,2,5,5,2,3,5,5,0,3,5,6,3,4,5,3,5,3,4,3,5,4,4,2,4,4,3,3,5,5,2,5,3,3,5,5,2,3,5,
12,5,3,3,5,6,3,3,5,5,0,3,5,6,3,4,5,3,5,3,4,3,5,4,4,2,4,4,3,3,5,5,3,6,3,3,5,6,3,3,5,
12,6,3,3,5,6,3,3,5,6,0,3,5,6,3,4,5,3,5,4,4,3,5,4,5,2,4,4,3,3,5,5,3,6,3,3,5,5,3,3,5,
12,5,2,2,4,5,2,2,4,4,0,3,4,5,2,3,4,2,4,3,3,2,4,3,4,2,3,3,2,2,4,4,2,5,2,2,4,5,2,3,4,
12,5,2,2,4,5,2,3,4,5,0,3,4,5,2,3,4,2,4,3,3,2,4,3,4,2,3,3,3,2,5,5,2,5,2,3,4,5,2,3,4,
13,5,2,2,4,5,2,5,4,5,0,6,4,5,2,6,4,2,4,6,3,2,4,6,4,2,3,6,3,2,5,5,2,5,2,5,4,5,2,5,4,
12,5,2,2,5,5,2,3,5,5,0,3,5,5,2,3,4,2,4,3,3,2,5,3,4,2,3,3,3,2,5,5,2,5,2,3,5,5,2,3,5,
12,5,2,2,5,5,2,3,5,5,0,3,4,5,2,3,4,2,4,3,4,2,5,3,4,2,3,3,3,2,5,5,2,5,2,3,5,5,2,3,5,
14,7,5,2,5,7,2,3,5,7,0,3,5,7,2,3,5,5,7,3,4,5,7,3,4,2,5,3,3,2,5,7,2,7,5,3,5,7,2,3,5,
12,5,3,2,5,5,2,3,5,5,0,3,5,5,2,3,5,2,5,3,4,2,5,3,4,2,3,4,3,2,5,5,2,5,3,3,5,5,2,3,5,
13,5,3,2,5,5,2,3,5,5,0,3,5,6,2,3,5,2,5,3,4,2,5,3,4,2,4,4,3,2,5,5,2,5,3,3,5,5,2,3,5,
11,5,3,2,5,5,2,3,5,5,0,3,5,5,2,3,5,3,5,3,4,3,5,3,4,2,4,4,3,2,5,5,2,5,3,3,5,5,2,3,5,
14,7,2,1,4,7,1,2,4,7,0,2,4,7,1,3,4,2,7,2,3,2,7,2,3,1,6,3,2,1,4,7,1,7,2,2,4,7,1,2,4,
11,5,3,2,5,5,2,3,5,5,0,3,5,5,2,4,5,3,5,3,4,3,5,4,5,2,4,4,3,3,5,5,2,5,3,3,5,5,2,3,5,
11,5,3,3,5,5,3,3,5,5,0,3,5,6,3,4,5,3,5,3,4,3,5,4,5,2,4,4,3,3,5,5,3,5,3,3,5,5,3,3,5,
13,6,5,3,5,7,3,3,5,7,0,3,5,7,4,4,5,4,6,4,4,5,6,4,5,3,5,4,3,4,5,6,3,7,5,3,5,7,3,3,5,
12,4,2,2,4,5,2,3,4,5,0,3,4,5,2,3,4,2,4,3,3,2,4,3,4,2,3,3,3,2,4,4,2,5,2,3,4,5,2,3,4,
15,8,2,2,8,8,2,3,8,8,0,3,8,8,2,3,8,2,8,3,3,2,8,3,4,2,3,3,3,2,8,8,2,8,2,3,8,8,2,3,8,
12,4,2,2,4,5,2,2,5,5,0,3,4,5,2,3,5,2,4,3,4,2,4,3,4,2,3,3,3,2,5,4,2,5,2,2,4,5,2,3,5,
12,4,2,2,4,5,2,2,5,5,0,3,4,5,2,3,4,2,4,3,3,2,4,3,4,2,3,3,3,2,5,4,2,5,2,2,4,5,2,3,5,
12,5,2,2,5,5,2,3,5,5,0,3,4,5,2,3,5,2,4,3,4,2,5,3,4,2,3,3,3,2,5,5,2,5,2,3,5,5,2,3,5,
12,5,2,2,5,5,2,3,5,5,0,3,5,5,2,3,5,2,5,3,4,2,5,3,4,2,3,4,3,2,5,5,2,5,3,3,5,5,2,3,5,
12,5,3,2,5,5,2,3,5,5,0,3,5,5,2,3,5,2,5,3,4,2,5,3,4,2,3,4,3,2,5,5,2,5,3,3,5,5,2,3,5,
12,5,3,3,5,5,3,3,5,5,0,3,5,5,3,4,5,3,5,3,4,3,5,4,5,2,4,4,3,3,5,5,3,5,3,3,5,5,3,3,5,
12,4,2,2,4,5,2,2,5,5,0,3,4,5,2,3,4,2,4,3,4,2,4,3,4,2,3,3,3,2,5,4,2,5,2,2,4,5,2,3,5,
12,5,3,2,4,5,2,3,5,5,0,3,5,5,2,3,5,3,5,3,4,3,5,4,4,2,4,4,3,2,5,5,2,5,3,3,4,5,2,3,5,
14,7,6,2,5,7,5,3,5,7,0,3,5,8,5,4,5,5,7,3,4,5,7,4,4,2,6,4,3,5,5,7,2,7,6,3,5,7,5,3,5,
12,5,3,3,5,6,3,3,5,5,0,3,5,6,3,4,5,3,5,4,4,3,5,4,5,3,4,4,3,3,5,5,3,6,3,3,5,5,3,3,5,
12,5,3,3,5,6,3,3,5,5,0,3,5,6,3,4,5,3,5,3,4,3,5,4,5,3,4,4,3,3,5,5,3,6,3,3,5,5,3,3,5,
12,5,2,2,4,5,2,2,4,5,0,3,4,5,2,3,4,2,4,3,3,2,4,3,4,1,3,3,2,2,4,5,2,5,2,2,4,5,2,3,4,
12,4,2,2,4,5,2,2,4,5,0,3,4,5,2,3,4,2,4,3,4,2,4,3,4,2,3,3,3,2,4,4,2,5,2,2,4,5,2,3,4,
12,5,2,2,4,5,2,3,4,5,0,3,4,5,2,3,5,2,4,3,4,2,5,3,4,2,3,3,3,2,5,5,2,5,2,3,4,5,2,3,4,
12,5,2,2,4,5,2,3,5,5,0,3,5,5,2,3,5,2,5,3,4,2,5,3,4,2,3,3,3,2,5,5,2,5,2,3,4,5,2,3,5,
12,5,3,2,4,5,2,3,5,5,0,3,5,5,2,3,5,2,5,3,4,2,5,3,4,2,3,3,3,2,5,5,2,5,2,3,4,5,2,3,5,
12,5,3,3,5,6,3,3,5,6,0,4,5,6,3,4,5,3,5,4,4,3,5,4,5,3,4,4,3,3,5,5,3,6,3,3,5,6,3,4,5,
12,4,4,4,6,5,4,4,6,4,0,4,6,5,4,4,6,4,4,4,6,4,4,4,6,4,4,4,5,4,6,4,4,5,4,4,6,4,4,4,6,
11,5,3,2,5,5,2,3,5,5,0,3,5,5,2,4,5,2,5,3,4,3,5,4,4,2,4,4,3,2,5,5,2,5,3,3,5,5,2,3,5,
11,5,3,2,5,5,2,3,5,5,0,3,5,5,2,4,5,3,5,3,4,3,5,4,4,2,4,4,3,2,5,5,2,5,3,3,5,5,2,3,5,
12,5,3,3,5,5,3,3,5,5,0,3,5,6,3,4,5,3,5,3,4,3,5,4,4,3,4,4,3,3,5,5,3,5,3,3,5,5,3,3,5,
12,4,2,2,4,5,2,2,4,5,0,3,4,5,2,3,4,2,4,3,4,2,4,3,4,1,3,3,3,2,4,4,2,5,2,2,4,5,2,3,4,
12,5,3,3,5,6,3,3,5,5,0,3,5,6,3,4,5,3,5,4,4,3,5,4,5,3,4,4,4,3,5,5,3,6,3,3,5,5,3,3,5,
12,5,3,3,5,6,3,3,5,5,0,3,5,6,3,4,5,3,5,4,4,3,5,4,5,2,4,4,3,3,5,5,3,6,3,3,5,6,3,3,5,
32,4,2,2,4,5,2,2,4,5,0,3,4,5,2,25,4,2,4,3,4,2,4,3,4,2,3,3,3,2,4,4,2,5,2,2,4,5,2,3,4,
12,5,2,2,4,5,2,3,5,5,0,3,4,5,2,3,5,2,5,3,4,2,5,4,4,2,3,4,3,2,5,5,2,5,2,3,4,5,2,3,5,
12,4,2,2,4,5,2,2,4,5,0,3,4,5,2,3,4,2,4,3,4,2,4,3,4,2,3,3,3,2,5,4,2,5,2,2,4,5,2,3,4,
12,4,2,2,4,5,2,3,5,5,0,3,4,5,2,3,4,2,4,3,4,2,4,3,4,2,3,3,3,2,5,4,2,5,2,3,4,5,2,3,5,
12,5,4,2,4,5,2,3,5,5,0,3,5,5,2,3,5,2,4,3,4,2,5,3,4,2,3,3,3,2,5,5,2,5,2,3,4,5,2,3,5,
14,5,3,2,5,5,2,3,5,5,0,3,5,5,2,3,5,2,5,3,4,2,5,3,4,2,3,3,3,2,5,5,2,5,3,3,5,5,2,3,5,
12,5,3,2,5,5,2,3,5,6,0,3,5,6,2,3,5,3,4,3,4,3,6,3,4,2,4,4,3,2,5,5,2,5,3,3,5,6,2,3,5,
11,5,3,2,5,5,2,3,5,5,0,3,5,5,2,3,5,3,5,3,4,3,5,3,4,2,4,4,3,2,5,5,2,5,3,3,5,5,2,3,5,
13,5,3,2,5,5,2,3,5,5,0,4,5,5,2,4,5,3,5,4,4,3,5,4,4,2,4,4,3,2,5,5,2,5,3,3,5,5,2,4,6,
13,4,2,2,5,5,2,2,6,5,0,3,4,5,2,3,5,2,4,3,4,2,4,3,5,1,3,4,3,2,5,4,2,5,2,2,5,5,2,3,6,
12,4,2,2,5,5,2,2,5,5,0,2,5,5,2,3,5,2,4,2,3,2,4,3,5,2,3,4,3,2,5,4,2,5,2,2,5,5,2,2,5,
15,5,3,3,5,6,3,3,5,6,0,3,5,9,3,4,5,3,5,4,4,3,5,4,4,3,4,4,3,3,6,5,3,6,3,3,5,6,3,3,5,
12,5,3,3,5,6,3,3,5,5,0,3,5,6,3,4,5,3,5,4,4,3,5,4,4,2,4,4,3,3,5,5,3,6,3,3,5,5,3,3,5,
12,5,3,2,5,5,2,3,5,5,0,4,5,5,2,4,5,3,4,3,4,3,5,4,4,2,4,4,3,2,5,5,2,5,3,3,5,5,2,4,5,
12,5,2,2,4,5,2,4,5,5,0,4,5,5,2,4,5,2,4,4,4,2,5,4,4,2,4,4,3,2,5,5,2,5,2,4,4,5,2,4,5,
13,5,2,2,5,5,2,3,5,5,0,3,5,5,2,3,5,2,4,3,4,2,5,3,5,2,3,4,3,2,5,4,2,5,2,3,5,5,2,3,5,
14,4,3,2,4,5,2,3,5,5,0,3,4,5,2,3,4,2,4,3,3,2,4,3,4,2,3,3,3,2,5,4,2,5,3,3,4,5,2,3,5,
12,4,3,2,4,5,2,3,4,5,0,3,4,5,2,3,4,2,4,3,4,2,4,3,4,2,4,4,3,2,5,4,2,5,3,3,4,5,2,3,4,
12,5,3,2,4,5,2,3,5,5,0,4,5,5,2,4,5,3,5,4,4,3,5,4,4,2,4,4,3,2,5,5,2,5,3,3,4,5,2,4,5,
11,5,3,3,5,5,3,4,5,5,0,5,5,5,3,4,5,3,5,3,4,3,5,5,4,3,4,4,3,3,5,5,3,5,3,4,5,5,3,5,5,
13,4,3,2,6,5,3,3,6,4,0,3,5,5,2,3,5,2,4,3,4,3,4,3,5,2,3,4,3,2,5,4,2,5,3,3,6,4,2,3,6,
13,5,3,2,5,7,2,3,6,6,0,4,6,7,3,4,6,3,5,3,5,3,5,4,4,2,4,4,3,3,6,5,2,6,3,3,5,6,2,4,6,
12,5,3,2,5,6,2,3,5,6,0,3,5,6,2,3,5,2,5,3,4,3,5,3,4,2,4,4,3,2,5,5,2,6,3,3,5,6,2,3,5,
11,5,3,2,5,6,2,3,5,5,0,4,5,5,3,4,5,3,5,3,4,3,5,3,4,2,4,4,3,3,5,5,2,5,3,3,5,5,2,3,5,
12,5,3,2,5,6,2,3,5,6,0,3,5,6,3,4,5,3,5,3,4,3,5,4,4,2,4,4,3,3,6,5,2,6,3,3,5,6,2,3,5,
14,5,3,2,4,5,3,2,5,5,0,3,5,5,3,3,5,2,4,3,4,2,5,3,4,3,3,3,3,2,5,5,2,5,3,2,4,5,3,3,5,
14,5,2,2,5,6,2,2,5,6,0,3,4,7,2,3,5,2,5,3,4,2,5,3,4,2,4,3,3,2,5,5,2,6,2,2,5,6,2,3,5,
12,5,3,3,5,6,3,3,5,6,0,4,5,6,3,4,5,3,5,4,4,3,5,4,5,3,4,4,4,3,5,5,3,6,3,3,5,6,3,4,5,
12,4,2,2,4,5,2,2,5,5,0,3,4,5,2,3,4,2,4,3,4,2,4,3,4,2,3,3,3,2,5,4,2,5,2,2,4,5,2,3,5,
12,5,2,2,5,5,2,2,5,5,0,3,4,5,2,4,5,2,4,3,4,2,4,3,4,2,3,4,3,2,5,5,2,5,2,2,5,5,2,3,5,
13,5,4,3,4,5,2,4,4,5,0,5,4,5,2,5,4,3,4,4,3,3,4,5,3,2,3,5,2,3,4,5,3,5,4,4,4,5,2,5,4,
13,5,3,3,4,5,3,3,5,5,0,4,5,5,2,4,5,3,5,4,4,3,5,4,4,2,4,5,3,2,5,5,3,5,3,3,5,5,3,4,5,
13,5,2,2,5,5,2,3,5,5,0,3,5,5,2,4,5,2,4,3,4,2,5,4,4,2,3,4,3,2,5,5,2,5,2,3,5,5,2,3,5,
14,6,5,2,5,7,2,3,5,7,0,3,5,7,4,3,6,4,6,3,4,4,6,3,4,1,5,4,3,2,6,6,2,7,5,3,5,7,2,3,5,
12,5,3,2,6,6,3,3,6,5,0,3,6,6,3,5,6,3,5,4,5,3,5,4,5,2,4,5,3,3,6,5,3,6,3,3,6,5,2,3,6,
12,5,3,3,5,6,3,3,5,5,0,4,5,6,3,4,5,3,5,3,4,3,5,4,4,2,4,4,3,3,5,5,3,6,3,3,5,5,3,4,5,
11,5,3,3,5,5,3,3,5,5,0,4,5,6,3,4,6,3,5,3,4,3,5,3,4,2,4,4,3,3,5,5,3,5,3,3,5,5,3,3,5,
12,5,3,3,5,6,3,3,5,5,0,3,5,6,3,4,5,3,5,3,4,3,5,4,5,2,4,4,3,3,6,5,3,6,3,3,5,5,2,3,5,
12,5,3,3,5,6,3,3,6,6,0,4,6,6,3,4,6,3,5,3,4,3,5,4,5,2,4,4,3,3,6,5,3,6,3,3,5,6,3,3,6,
12,5,4,3,5,6,3,4,6,5,0,4,6,6,3,4,6,3,5,4,4,4,5,4,5,2,4,4,4,3,6,5,3,6,4,4,6,5,3,4,6,
12,4,2,2,5,5,2,2,5,5,0,3,5,5,2,3,5,2,4,3,4,2,4,3,4,1,3,3,3,2,5,4,2,5,2,2,5,5,2,3,5,
12,5,3,2,5,5,2,3,5,5,0,4,5,5,2,4,5,2,5,4,4,2,5,4,4,2,4,4,4,2,5,5,2,5,3,3,5,5,2,4,5,
14,4,4,4,7,5,4,4,7,5,0,4,7,5,4,4,7,4,4,4,6,4,4,4,6,4,4,4,5,4,7,4,4,5,4,4,7,5,4,4,7,
13,4,3,2,4,5,2,2,4,4,0,3,4,5,2,3,4,2,4,2,3,2,4,3,4,2,3,3,2,2,4,4,2,5,3,2,4,4,2,3,4,
13,5,3,2,4,6,2,3,5,6,0,3,5,6,3,4,5,3,5,3,4,3,5,3,4,2,4,4,3,2,5,5,2,6,3,3,4,6,2,3,5,
12,5,3,3,5,6,3,3,5,6,0,3,5,6,3,4,5,3,5,3,4,3,5,4,5,2,4,4,3,3,5,6,3,6,3,3,5,6,3,3,5,
11,5,3,2,4,5,2,3,5,5,0,4,5,5,2,4,5,3,5,3,4,3,5,4,4,2,4,4,3,2,5,5,2,5,3,3,5,5,2,3,5,
12,5,3,2,5,5,2,3,5,5,0,3,5,6,3,4,5,3,5,3,4,3,5,4,4,2,4,4,3,3,5,5,3,5,3,3,5,5,2,4,5,
11,5,3,2,5,5,2,3,5,5,0,4,5,5,3,4,5,3,5,3,4,3,5,4,4,2,4,4,3,2,5,5,2,5,3,3,5,5,2,3,5,
12,5,3,3,5,6,3,3,5,6,0,4,5,6,3,4,5,3,5,4,4,3,5,4,5,3,4,4,3,3,5,5,3,6,3,3,5,5,3,4,5,
12,5,3,3,5,6,3,3,5,6,0,4,5,6,3,4,5,3,5,4,4,3,5,4,5,3,4,4,3,3,5,5,3,6,3,3,5,6,3,4,5,
12,5,3,3,5,6,3,3,5,6,0,4,5,6,3,4,5,3,5,4,4,3,5,4,5,2,4,4,4,3,5,5,3,6,3,3,5,6,3,4,5,
12,4,2,2,4,5,2,2,4,5,0,3,4,5,2,3,4,2,4,2,3,2,4,3,4,2,3,3,3,2,5,4,2,5,2,2,4,5,2,3,4,
12,4,2,2,4,5,2,2,5,5,0,3,5,5,2,3,4,2,4,3,4,2,5,3,4,2,3,3,3,2,5,4,2,5,2,2,4,5,2,3,5,
15,4,2,2,4,5,2,2,5,5,0,3,5,5,2,3,4,2,4,3,4,2,5,3,4,2,3,3,3,2,5,4,2,5,2,2,4,5,2,3,5,
12,5,2,2,5,5,2,3,5,5,0,3,5,5,2,3,4,2,4,3,4,2,5,3,4,2,4,3,3,2,5,5,2,5,2,3,4,5,2,3,5,
12,5,3,2,5,5,2,3,5,5,0,3,5,5,2,3,4,2,4,3,4,2,5,3,4,2,3,3,3,2,5,5,2,5,3,3,4,5,2,3,5,
11,5,3,2,5,5,2,3,5,5,0,3,5,5,2,3,5,2,5,3,4,3,5,3,4,2,4,3,3,2,5,5,2,5,3,3,4,5,2,3,5,
11,5,3,2,5,5,2,3,5,5,0,3,5,5,2,4,5,2,5,3,4,3,5,3,4,2,4,4,3,2,5,5,2,5,3,3,4,5,2,3,5,
11,5,3,2,5,5,2,3,5,5,0,3,5,5,2,4,5,2,5,3,4,3,5,4,4,2,4,4,3,2,5,5,2,5,3,3,5,5,2,3,5,
12,5,3,3,5,6,3,3,5,5,0,4,5,6,3,4,5,3,5,3,4,3,5,4,4,3,4,4,3,3,6,5,3,6,3,3,5,5,3,4,5,
12,5,3,2,5,5,2,3,5,5,0,3,5,5,4,3,4,2,4,3,4,2,5,3,4,2,3,3,3,2,5,5,2,5,3,3,5,5,2,3,5,
12,5,3,3,5,6,3,3,5,5,0,4,5,6,3,4,5,3,5,4,4,3,5,4,4,3,4,4,3,3,6,5,3,6,3,3,5,5,3,4,5,
12,5,3,3,5,6,3,3,5,6,0,4,5,6,3,4,5,3,5,4,4,3,5,4,4,3,4,4,3,3,5,5,3,6,3,3,5,6,3,3,5,
14,5,2,2,4,5,2,2,5,5,0,3,5,5,2,3,4,2,4,3,3,2,5,3,4,2,3,3,3,2,5,5,2,5,2,2,4,5,2,3,5,
12,5,2,2,4,5,2,2,5,5,0,3,4,5,2,3,4,2,4,3,4,2,5,3,4,2,3,3,3,2,5,5,2,5,2,2,4,5,2,3,5,
12,5,2,2,5,5,2,2,5,5,0,3,5,5,2,3,4,2,4,3,4,2,5,3,4,2,3,3,3,2,5,5,2,5,2,2,4,5,2,3,5,
15,5,3,3,5,5,3,3,5,5,0,4,5,6,3,4,5,3,5,3,4,3,5,4,4,3,4,4,3,3,6,5,3,5,3,3,5,5,3,4,5,
13,5,3,2,5,6,2,3,5,6,0,3,5,6,2,3,4,2,5,3,4,2,5,3,4,2,4,3,3,2,5,5,2,6,3,3,4,6,2,3,5,
11,5,3,2,5,5,2,3,5,5,0,3,5,5,2,4,4,2,5,3,4,3,5,3,4,2,4,4,3,2,5,5,2,5,3,3,4,5,2,3,5,
12,5,3,3,5,6,3,3,5,5,0,4,5,6,3,4,5,3,5,4,4,3,5,4,5,3,4,4,3,3,6,5,3,6,3,3,5,6,3,4,5,
12,5,3,2,5,6,2,3,5,5,0,3,5,6,2,5,5,2,5,3,5,3,5,5,5,2,5,5,3,2,6,5,2,6,3,3,5,5,2,3,5,
12,5,3,2,5,6,2,3,5,5,0,3,5,6,2,4,5,2,5,3,4,3,5,3,4,2,4,4,3,2,5,5,2,5,3,3,5,5,2,3,5,
14,8,3,3,5,8,2,3,5,8,0,3,5,8,3,4,5,3,8,3,4,3,8,4,4,2,4,4,3,3,6,8,3,8,3,3,5,8,3,3,5,
12,5,3,2,5,6,2,3,5,5,0,3,5,6,3,4,5,3,5,3,4,3,5,4,4,2,4,4,3,3,5,5,2,6,3,3,5,5,2,3,5,
12,5,3,3,5,5,3,3,5,5,0,3,5,6,3,4,5,3,5,3,4,3,5,4,4,3,4,4,3,3,5,5,3,5,3,3,5,5,3,3,5,
12,5,3,3,5,6,3,3,5,6,0,4,5,6,3,4,5,3,5,4,4,3,5,4,4,3,4,4,3,3,5,5,3,6,3,3,5,6,3,3,5,
12,5,3,3,5,6,3,3,5,5,0,4,5,6,3,4,5,3,5,4,4,3,5,4,5,3,4,4,3,3,6,6,3,6,3,3,5,5,3,4,5,
12,5,3,2,4,5,2,2,4,5,0,3,5,5,2,3,4,2,4,3,4,2,5,3,4,2,3,3,3,2,5,5,2,5,3,2,4,5,2,3,4,
16,4,2,2,4,5,2,2,4,5,0,3,5,5,2,3,4,2,4,3,3,2,4,3,4,2,3,3,3,2,5,4,2,5,2,2,4,5,2,3,4,
12,5,2,2,4,5,2,3,4,5,0,3,5,5,2,3,4,2,4,3,4,2,5,3,4,2,3,3,3,2,5,5,2,5,3,3,4,5,2,3,4,
13,5,3,2,4,6,3,3,5,6,0,3,5,6,2,3,5,2,4,3,4,3,6,3,4,2,3,4,3,2,5,5,2,6,3,3,4,6,2,3,5,
12,5,3,2,5,5,2,3,5,6,0,3,5,6,2,4,5,2,5,3,4,3,6,3,4,2,4,4,3,2,5,5,2,5,3,3,5,6,2,3,5,
11,5,3,2,4,5,2,3,5,5,0,3,5,5,2,4,4,2,4,3,4,3,5,3,4,2,4,4,3,2,5,5,2,5,3,3,4,5,2,3,5,
11,5,3,2,5,5,2,3,5,5,0,3,5,5,2,4,5,2,4,3,4,3,5,4,4,2,4,4,3,2,5,5,2,5,3,3,5,5,2,3,5,
11,5,3,2,5,5,2,3,5,5,0,3,5,5,3,4,5,3,5,3,4,3,5,4,4,2,4,4,3,4,5,5,2,5,3,3,5,5,2,3,5,
11,5,3,3,5,5,3,3,5,5,0,4,5,6,3,4,5,3,5,3,4,3,5,4,4,2,4,4,3,2,5,5,3,5,3,3,5,5,3,3,5,
11,5,3,3,5,5,3,3,5,5,0,3,5,5,3,4,5,3,5,3,4,3,5,4,4,3,4,4,3,3,5,5,3,5,3,3,5,5,3,3,5,
12,5,3,3,5,6,3,3,5,5,0,4,5,6,3,4,5,3,5,3,4,3,5,4,4,3,4,4,3,3,6,5,3,5,3,3,5,5,3,4,5,
12,4,2,2,4,5,2,2,4,4,0,3,4,5,2,3,4,2,4,3,3,2,4,3,4,2,3,3,3,2,5,4,2,5,2,2,4,4,2,3,4,
12,4,2,2,4,5,2,2,4,5,0,3,4,5,2,3,4,2,4,3,3,2,4,3,4,2,3,3,3,2,5,4,2,5,2,2,4,5,2,3,5,
12,5,2,2,4,5,2,3,5,5,0,3,5,5,2,3,4,2,4,3,4,2,5,3,4,2,3,3,3,2,5,5,2,5,2,2,4,5,2,3,5,
12,5,2,2,5,5,2,3,5,5,0,3,5,5,2,3,4,2,4,3,4,2,5,3,4,2,3,3,3,2,5,5,2,5,2,3,4,5,2,3,5,
12,5,3,2,4,5,2,3,5,5,0,3,5,5,2,3,5,2,4,3,4,2,4,3,4,2,3,3,3,2,5,5,2,5,3,3,4,5,2,3,5,
11,5,2,2,4,5,2,3,5,5,0,3,5,5,2,3,4,2,5,3,4,2,5,3,4,2,3,3,3,2,5,5,2,5,3,3,4,5,2,3,5,
12,5,3,2,4,5,2,3,5,5,0,3,5,5,2,4,5,3,5,3,4,3,5,4,4,2,4,4,3,2,5,5,2,5,3,3,4,5,2,3,5,
11,5,3,3,5,5,3,3,5,5,0,3,5,5,3,4,5,3,5,3,4,3,5,4,4,2,4,4,3,3,5,5,3,5,3,3,5,5,3,3,5,
13,5,3,5,5,5,2,6,5,5,0,6,5,6,3,7,5,3,5,6,4,3,5,7,4,2,4,7,3,2,5,5,5,5,3,6,5,5,2,6,5,
11,5,3,2,5,5,2,3,5,5,0,3,5,5,3,4,5,3,5,3,4,3,5,4,4,2,4,4,3,2,5,5,2,5,3,3,5,5,2,3,5,
11,5,3,2,5,5,3,3,5,5,0,3,5,5,2,4,5,3,5,3,4,3,5,4,4,2,4,4,3,3,5,5,2,5,3,3,5,5,3,3,5,
12,4,2,2,4,4,2,2,4,4,0,3,4,5,2,3,4,2,4,3,3,2,4,3,4,2,3,3,3,2,4,4,2,4,2,2,4,4,2,3,4,
12,4,2,2,4,5,2,2,4,5,0,3,4,5,2,3,4,2,4,3,3,2,4,3,4,2,3,3,3,2,5,4,2,5,2,2,4,5,2,3,4,
12,4,2,2,4,5,2,2,4,5,0,3,4,5,2,3,4,2,4,3,3,2,4,3,4,2,3,3,3,2,5,4,2,5,2,2,4,5,2,3,4,
13,4,2,2,4,5,2,2,4,5,0,3,4,5,2,3,4,2,4,3,3,2,5,3,4,2,3,3,3,2,5,4,2,5,2,2,4,5,2,3,4,
12,5,2,2,4,5,2,3,5,5,0,3,5,5,2,4,4,2,4,3,4,2,5,4,4,2,3,4,3,2,5,5,2,5,2,3,4,5,2,3,5,
12,4,3,2,5,5,2,3,5,5,0,3,5,5,2,4,5,2,4,3,4,2,5,3,5,2,3,4,3,2,5,4,2,5,3,3,5,5,2,3,5,
12,5,3,2,5,5,2,3,5,5,0,3,5,5,2,3,5,2,4,3,4,2,5,3,5,2,3,3,3,2,5,5,2,5,3,3,5,5,2,3,5,
11,5,3,2,5,5,2,3,5,5,0,3,5,5,2,4,5,2,4,3,4,2,5,4,5,2,4,4,3,2,5,5,2,5,3,3,5,5,2,3,5,
11,5,3,2,5,5,2,3,5,5,0,4,5,5,2,4,5,3,4,3,4,3,5,4,5,2,4,4,3,2,5,5,2,5,3,3,5,5,2,4,5,
14,5,3,2,5,5,2,3,5,5,0,3,5,8,2,4,5,3,5,3,4,3,5,4,5,2,4,4,3,2,5,5,2,5,3,3,5,5,2,3,5,
12,5,3,3,5,5,3,3,5,5,0,3,5,6,3,4,5,3,5,3,4,3,5,4,5,2,4,4,3,3,5,5,3,5,3,3,5,5,3,3,5,
11,5,3,2,5,5,3,3,5,5,0,3,5,5,3,4,5,3,5,3,4,3,5,4,5,2,4,4,3,2,5,5,2,5,3,3,5,5,3,3,5,
11,5,3,3,5,5,3,3,5,5,0,4,5,5,3,4,5,3,5,3,4,3,5,4,5,3,4,4,3,3,5,5,3,5,3,3,5,5,3,4,5,
12,5,3,3,5,5,3,3,5,5,0,4,5,5,3,4,5,3,5,3,4,3,5,4,5,2,4,4,3,3,5,5,2,5,3,3,5,5,3,4,5,
12,4,2,2,4,5,2,2,4,4,0,3,4,5,2,3,4,2,4,3,3,2,4,3,4,2,3,3,3,2,4,4,2,5,2,2,4,4,2,3,4,
12,4,2,2,4,5,2,3,5,5,0,3,4,5,2,3,4,2,4,3,4,2,4,3,4,2,3,3,3,2,4,4,2,5,2,3,5,4,2,3,5,
15,4,2,2,4,4,2,2,4,4,0,3,4,5,2,3,4,2,4,3,3,2,4,3,4,2,3,3,2,2,4,4,2,4,2,2,4,4,2,3,4,
12,5,3,2,5,5,2,3,5,5,0,3,4,5,2,3,4,2,4,3,4,2,5,3,5,2,3,3,3,2,5,5,2,5,3,3,5,5,2,3,5,
13,5,2,2,5,5,2,3,5,5,0,3,5,5,2,3,5,2,4,3,4,2,5,3,5,2,3,3,3,2,5,5,2,5,3,3,5,5,2,3,5,
11,5,3,2,5,5,2,3,5,5,0,3,5,5,2,4,4,3,4,3,4,3,5,3,5,2,4,4,3,2,5,5,2,5,3,3,5,5,2,3,5,
11,5,3,2,4,5,2,3,5,5,0,3,5,5,2,4,5,3,4,3,4,3,5,3,4,2,4,4,3,2,5,5,2,5,3,3,4,5,2,3,5,
11,5,3,2,5,5,2,3,5,5,0,3,5,5,2,4,5,3,5,3,4,3,5,4,4,2,4,4,3,2,5,5,2,5,3,3,5,5,2,3,5,
11,4,2,1,4,4,1,2,4,4,0,2,4,4,1,3,4,2,3,2,3,2,4,3,3,1,3,3,2,1,4,4,1,4,2,2,4,4,1,2,4,
11,5,3,3,5,5,3,3,5,5,0,3,5,5,2,4,5,3,5,3,4,3,5,4,4,2,4,4,3,2,5,5,3,5,3,3,5,5,3,3,5,
12,5,3,3,5,5,3,3,5,5,0,4,5,6,3,4,5,3,5,3,4,3,5,4,4,3,4,4,3,3,5,5,3,5,3,3,5,5,3,4,5,
12,5,3,2,4,5,2,3,5,5,0,3,5,5,2,4,4,2,4,3,4,2,4,4,4,2,3,4,3,2,5,5,2,5,3,3,5,5,2,3,5,
12,4,2,2,4,5,2,2,4,5,0,3,4,5,2,3,4,2,4,3,3,2,4,3,4,2,3,3,3,2,5,4,2,5,2,2,4,5,2,3,4,
12,4,2,2,4,5,2,3,4,5,0,3,4,5,2,3,4,2,4,3,3,2,4,3,4,2,3,3,3,2,5,4,2,5,2,2,4,5,2,3,4,
12,5,3,2,4,5,2,3,5,5,0,3,5,5,2,3,4,2,4,3,4,2,4,3,4,2,3,3,3,2,5,5,2,5,3,3,4,5,2,3,5,
12,5,3,2,5,5,2,3,5,5,0,3,5,5,2,3,4,2,4,3,4,2,5,3,4,2,4,4,3,2,5,5,2,5,3,3,5,5,2,3,5,
12,5,3,2,4,5,2,3,5,5,0,3,5,5,2,3,4,2,4,3,4,2,5,3,4,2,4,3,3,2,5,5,2,5,3,3,5,5,2,3,5,
12,5,3,2,5,5,2,3,5,5,0,3,5,5,2,4,5,2,5,3,4,3,5,4,4,2,4,4,3,2,5,5,2,5,3,3,5,5,2,3,5,
11,5,3,2,4,5,2,3,5,5,0,3,5,5,2,3,4,2,4,3,4,2,5,3,4,2,4,3,3,2,5,5,2,5,3,3,4,5,2,3,5,
11,5,3,2,5,5,2,3,5,5,0,3,5,5,2,3,4,3,4,3,4,3,5,3,4,2,4,4,3,2,5,5,2,5,3,3,5,5,2,3,5,
12,5,3,3,5,5,3,3,5,5,0,4,5,6,3,4,5,3,5,4,4,3,5,4,5,3,4,4,3,3,5,5,3,5,3,3,5,5,3,4,5,
12,5,3,3,5,6,3,3,5,5,0,4,5,6,3,4,5,3,5,3,4,3,5,4,5,3,4,4,4,3,5,5,3,6,3,3,5,5,3,4,5,
12,5,3,3,5,5,3,3,5,5,0,3,5,6,3,4,5,3,5,3,4,3,5,4,4,3,4,4,3,3,5,5,3,5,3,3,5,5,3,3,5,
14,4,2,2,4,5,2,2,4,4,0,3,4,5,2,3,4,2,4,3,3,2,4,3,4,2,3,3,2,2,4,4,2,5,2,2,4,4,2,3,4,
12,5,3,3,5,5,3,3,5,5,0,4,5,6,3,4,5,3,5,4,4,3,5,4,5,3,4,4,3,3,5,5,3,5,3,3,5,5,3,4,5,
12,4,2,2,4,5,2,2,4,4,0,3,4,5,2,3,4,2,4,3,3,2,4,3,4,2,3,3,3,2,4,4,2,5,2,2,4,4,2,3,4,
12,5,2,2,4,5,2,2,4,5,0,3,4,5,2,3,4,2,4,3,4,2,4,3,4,2,3,3,3,2,5,5,2,5,2,2,4,5,2,3,4,
13,5,3,3,5,5,3,3,5,5,0,4,5,6,3,4,5,3,5,3,4,3,5,4,4,3,4,4,3,3,5,5,3,5,3,3,5,5,3,4,5,
12,5,3,2,4,5,2,3,5,5,0,3,5,5,2,3,4,2,4,3,4,2,5,3,4,2,3,3,3,2,5,5,2,5,3,3,5,5,2,3,5,
12,5,3,2,4,5,2,3,5,5,0,3,5,5,2,4,5,2,4,3,4,2,5,4,4,2,4,4,3,2,5,5,2,5,3,3,4,5,2,3,5,
12,5,3,2,4,5,2,3,5,5,0,3,5,5,2,3,4,2,4,3,4,2,5,3,4,2,4,3,3,2,5,5,2,5,3,3,4,5,2,3,5,
11,5,3,2,5,5,2,3,5,5,0,3,5,5,2,4,5,3,4,3,4,3,5,4,4,2,4,4,3,2,5,5,2,5,3,3,5,5,2,3,5,
11,5,3,2,5,5,3,3,5,5,0,4,5,5,3,4,5,3,5,3,4,3,5,4,4,2,4,4,3,2,5,5,2,5,3,3,5,5,3,4,5,
13,5,3,2,5,5,2,3,5,5,0,3,5,5,2,4,5,3,4,3,4,3,5,4,4,2,4,4,3,2,5,5,2,5,3,3,5,5,2,3,5,
11,5,3,2,5,5,2,3,5,5,0,3,5,5,3,4,5,3,5,3,4,3,5,4,4,2,4,4,3,2,5,5,2,5,3,3,5,5,2,3,5,
12,5,3,3,5,5,3,3,5,5,0,4,5,6,3,4,5,3,5,4,4,3,5,4,5,3,4,4,3,3,5,5,3,5,3,3,5,5,3,4,5,
12,5,3,3,5,5,3,3,5,5,0,4,5,6,3,4,5,3,5,4,4,3,5,4,5,3,4,4,3,3,5,5,3,5,3,3,5,5,3,4,5,
12,4,2,2,4,4,2,2,4,4,0,3,4,5,2,3,4,2,4,3,3,2,4,3,4,2,3,3,3,2,4,4,2,4,2,2,4,4,2,3,4,
12,4,2,2,4,5,2,2,4,5,0,3,5,5,2,3,4,2,4,3,4,2,4,3,4,2,3,3,3,2,5,4,2,5,2,2,4,5,2,3,4,
12,3,1,1,4,4,1,1,4,4,0,2,4,4,1,2,4,1,3,2,3,1,3,2,3,0,2,2,2,0,4,3,1,4,1,1,4,4,1,2,4,
12,5,2,2,4,5,2,3,5,5,0,3,5,5,2,3,4,2,4,3,4,2,4,3,4,2,3,3,3,2,5,5,2,5,2,3,4,5,2,3,5,
12,5,3,2,4,5,2,3,5,5,0,3,5,5,2,3,4,2,4,3,4,2,4,3,4,2,3,3,3,2,5,5,2,5,3,3,4,5,2,3,5,
12,5,2,2,4,5,2,3,5,5,0,3,5,5,2,3,5,2,4,3,4,2,5,3,4,2,4,4,3,2,5,5,2,5,2,3,4,5,2,3,5,
11,5,3,2,4,5,2,3,5,5,0,3,5,5,2,3,5,3,4,3,4,3,5,3,4,2,3,4,3,2,5,5,2,5,3,3,4,5,2,3,5,
11,5,3,2,5,5,3,3,5,5,0,3,5,5,3,4,5,3,5,3,4,3,5,4,4,2,4,4,3,2,5,5,2,5,3,3,5,5,3,3,5,
12,5,3,2,5,5,2,3,5,5,0,3,5,6,3,4,5,3,5,3,4,3,5,4,4,2,4,4,3,2,5,5,2,5,3,3,5,5,2,3,5,
11,5,3,2,5,5,2,3,5,5,0,3,5,5,3,4,5,3,5,3,4,3,5,4,4,2,4,4,3,2,5,5,2,5,3,3,5,5,2,3,5,
12,5,3,3,5,5,3,3,5,5,0,4,5,6,3,4,5,3,5,4,4,3,5,4,5,3,4,4,3,3,6,5,3,5,3,3,5,5,3,3,5,
12,5,3,3,5,5,3,3,5,5,0,4,5,6,3,4,5,3,5,3,4,3,5,4,4,3,4,4,3,3,5,5,3,5,3,3,5,5,3,4,5,
12,4,2,2,4,4,2,2,4,4,0,3,4,5,2,3,4,2,4,3,3,2,4,3,4,2,3,3,3,2,5,4,2,4,2,2,4,4,2,3,4,
12,4,2,2,4,5,2,3,5,4,0,3,5,5,2,3,4,2,4,3,4,2,4,3,4,2,3,3,3,2,5,4,2,5,2,3,4,4,2,3,5,
13,4,2,2,4,5,2,2,4,5,0,3,4,5,2,3,4,2,4,3,3,2,4,3,4,2,3,3,3,2,5,4,2,5,2,2,4,5,2,3,4,
15,5,3,3,5,5,3,3,5,5,0,4,5,6,3,4,5,3,5,4,4,3,5,4,5,3,4,4,4,3,6,5,3,5,3,3,5,5,3,4,5,
12,4,3,2,5,5,2,3,5,5,0,3,5,5,2,3,4,2,4,3,4,2,4,3,4,2,3,3,3,2,5,4,2,5,3,3,5,5,2,3,5,
12,5,3,2,4,5,2,3,5,5,0,3,5,5,2,3,4,2,5,3,4,3,5,3,4,2,3,3,3,2,5,5,2,5,2,3,4,5,2,3,5,
11,5,3,2,4,5,2,3,5,5,0,3,5,5,2,3,5,2,4,3,4,3,5,3,4,2,4,4,3,2,5,5,2,5,3,3,4,5,2,3,5,
11,5,3,2,5,5,2,3,5,5,0,3,5,5,2,4,5,2,5,3,4,3,5,4,4,2,4,4,3,2,5,5,2,5,3,3,5,5,2,3,5,
11,5,3,2,4,5,2,3,5,5,0,3,5,5,3,4,5,3,4,3,4,3,5,4,4,2,4,4,3,2,5,5,2,5,3,3,5,5,2,3,5,
14,5,2,2,4,5,2,3,5,5,0,3,5,5,2,3,5,2,4,3,4,2,5,3,4,2,3,3,3,2,5,5,2,5,2,3,4,5,2,3,5,
12,5,3,3,5,6,3,3,5,5,0,4,5,6,3,4,5,3,5,3,4,3,5,4,5,3,4,4,3,3,6,5,3,5,3,3,5,5,3,4,5,
11,5,3,2,5,5,3,3,5,5,0,3,5,6,3,4,5,3,5,3,4,3,5,4,5,2,4,4,3,2,5,5,2,5,3,3,5,5,3,3,5,
14,4,3,1,4,5,3,2,5,5,0,3,5,5,3,3,4,3,4,3,4,3,5,3,4,2,4,3,3,3,5,4,1,5,3,2,4,5,3,3,5,
12,4,2,2,4,5,2,2,5,5,0,3,5,5,2,3,4,2,4,3,4,2,4,3,4,2,3,3,3,2,5,4,2,5,2,2,4,5,2,3,5,
12,4,2,2,4,5,2,2,5,4,0,3,5,5,2,3,5,2,4,3,4,2,4,3,4,2,4,3,3,2,5,4,2,5,2,2,4,4,2,3,5,
16,5,3,2,5,5,2,3,5,5,0,4,5,5,3,4,5,3,4,3,4,3,5,4,4,2,4,4,3,2,5,5,2,5,3,3,5,5,2,4,5,
12,5,3,2,4,5,2,3,5,5,0,3,5,5,2,4,5,2,4,3,4,2,4,4,4,2,4,4,3,2,5,5,2,5,3,3,4,5,2,3,5,
12,4,2,2,5,5,2,3,5,5,0,3,4,5,2,4,4,2,4,3,4,2,5,3,4,2,3,4,3,2,5,4,2,5,2,3,5,5,2,3,5,
12,5,3,2,4,5,2,3,5,5,0,3,5,5,2,4,4,2,4,3,4,2,5,4,4,2,4,4,3,2,5,5,2,5,3,3,4,5,2,3,5,
11,5,3,2,4,5,2,3,5,5,0,3,5,5,2,4,4,3,4,3,4,3,5,4,4,2,4,4,3,2,5,5,2,5,3,3,5,5,2,3,5,
12,5,3,2,5,5,2,3,5,5,0,3,5,6,3,4,5,3,5,3,4,3,5,4,4,2,4,4,3,2,5,5,2,5,3,3,5,5,2,3,5,
13,5,4,4,6,6,4,4,7,5,0,4,6,6,4,4,6,4,4,4,6,4,4,4,6,4,4,4,5,4,7,5,4,5,4,4,6,5,4,4,7,
12,5,3,3,5,6,3,3,5,5,0,4,5,6,3,4,5,3,5,3,4,3,5,4,4,3,4,4,3,3,5,5,3,6,3,3,5,5,3,4,5,
12,5,3,3,5,6,3,3,5,5,0,3,5,6,3,4,5,3,5,3,4,3,5,4,4,3,4,4,3,3,5,5,3,6,3,3,5,5,3,3,5,
12,5,3,3,5,6,3,3,5,6,0,4,5,6,3,4,5,3,5,4,4,3,5,4,5,3,4,4,3,3,5,5,3,6,3,3,5,6,3,3,5,
12,4,2,2,4,5,2,3,4,5,0,4,4,5,2,3,4,2,4,3,4,2,4,3,4,2,3,4,3,2,5,4,2,5,2,3,4,5,2,4,4,
12,5,3,3,5,6,3,3,5,6,0,4,5,6,3,4,5,3,5,4,4,3,5,4,5,3,4,4,3,3,5,5,3,6,3,3,5,5,3,4,5,
13,4,2,2,4,5,2,2,4,5,0,6,4,5,2,6,4,2,4,3,3,2,4,6,4,2,3,6,3,2,4,4,2,5,2,2,4,4,2,6,4,
12,5,2,2,4,5,2,3,5,5,0,3,5,5,2,4,4,2,4,3,4,2,5,4,4,2,4,4,3,2,5,5,2,5,2,3,4,5,2,3,5,
12,5,2,2,4,5,2,3,5,5,0,3,4,5,2,4,4,2,5,3,4,2,5,4,4,2,4,4,3,2,5,5,2,5,2,3,4,5,2,3,5,
12,5,2,2,4,5,2,3,5,5,0,4,4,5,2,4,4,2,4,3,4,2,5,4,4,2,4,4,3,2,5,5,2,5,2,3,4,5,2,4,5,
11,5,3,2,5,5,2,3,5,5,0,3,5,5,2,4,5,3,5,3,4,3,5,4,4,2,4,4,3,2,5,5,2,5,3,3,5,5,2,3,5,
13,5,3,3,5,5,3,3,5,5,0,3,5,6,3,4,5,3,5,4,4,3,5,4,5,3,4,4,3,3,5,5,3,5,3,3,5,5,3,3,5,
14,5,3,2,5,5,3,3,5,5,0,3,5,5,3,4,5,3,5,3,4,3,5,4,4,2,4,4,3,2,5,5,2,5,3,3,5,5,2,3,5,
12,5,3,3,5,6,3,3,5,5,0,3,5,6,3,4,5,3,5,3,4,3,5,4,4,2,4,4,3,2,5,5,3,6,3,3,5,5,2,3,5,
12,5,3,3,5,6,3,3,5,5,0,3,5,6,3,4,5,3,5,3,4,3,5,4,4,3,4,4,3,3,5,5,3,6,3,3,5,5,3,3,5,
12,5,3,3,5,5,3,3,5,5,0,3,5,6,3,4,5,3,5,4,4,3,5,4,4,3,4,4,3,2,5,5,3,5,3,3,5,5,3,3,5,
12,5,3,3,5,6,3,3,6,6,0,4,5,6,3,4,5,3,5,4,4,3,5,4,5,3,4,5,4,3,6,5,3,6,3,3,5,6,3,4,6,
12,6,3,3,5,6,3,3,6,6,0,4,5,6,3,4,5,3,5,4,5,3,5,4,5,3,4,4,4,3,6,6,3,6,3,3,5,6,3,4,5,
12,6,3,3,5,6,3,3,6,6,0,4,6,6,3,4,5,3,5,4,4,3,5,4,5,3,4,4,4,3,6,5,3,6,3,3,5,6,3,4,6,
13,5,3,2,5,5,2,3,5,5,0,3,5,6,2,4,5,3,5,3,4,3,5,4,4,2,4,4,3,2,5,5,2,5,3,3,5,5,2,3,5,
12,4,2,2,4,5,2,2,4,5,0,3,4,5,2,3,4,2,4,3,3,2,4,3,4,2,3,3,3,2,4,4,2,5,2,2,4,5,2,3,4,
12,4,2,2,4,5,2,2,5,5,0,3,4,5,2,3,4,2,4,3,3,2,5,3,4,2,3,3,3,2,5,4,2,5,2,2,4,5,2,3,5,
14,5,2,2,4,5,2,2,5,5,0,3,4,5,2,3,4,2,4,3,4,2,5,3,4,2,3,4,3,2,5,5,2,5,2,2,4,5,2,3,4,
12,5,2,2,4,5,2,3,5,5,0,3,5,5,2,4,4,2,5,3,4,2,5,4,4,2,4,4,3,2,5,5,2,5,2,3,4,5,2,3,5,
11,5,3,2,4,5,2,3,5,5,0,3,5,5,2,4,4,2,5,3,4,2,5,4,4,2,4,4,3,2,5,5,2,5,3,3,4,5,2,3,5,
14,5,3,3,5,6,3,3,5,6,0,4,5,6,3,4,5,3,5,4,4,3,5,4,5,3,4,4,3,3,5,5,3,6,3,3,5,6,3,4,5,
12,5,3,2,4,5,2,3,5,5,0,3,5,6,2,4,4,2,5,3,4,2,5,4,4,2,4,4,3,2,5,5,2,5,3,3,4,5,2,3,5,
12,5,4,3,5,5,3,3,5,5,0,3,5,6,3,4,5,3,5,3,4,3,5,4,4,2,4,4,3,3,5,5,3,5,4,3,5,5,3,3,5,
12,5,3,3,5,6,3,3,5,5,0,4,5,6,3,4,5,3,5,3,4,3,5,4,4,3,4,4,3,3,5,5,3,6,3,3,5,5,3,4,5,
12,5,3,3,5,6,3,3,5,5,0,4,5,6,3,4,5,3,5,3,4,3,5,4,4,2,4,4,3,2,5,5,3,6,3,3,5,5,2,4,5,
14,5,3,2,4,5,2,2,4,5,0,3,4,5,2,3,5,2,5,3,3,2,5,3,4,2,4,3,3,2,5,5,2,5,3,2,5,5,2,3,4,
12,5,3,3,5,5,3,3,5,5,0,4,5,6,3,5,5,3,5,3,5,3,5,5,5,2,5,5,3,3,5,5,3,5,3,3,5,5,3,4,5,
12,5,3,3,5,6,3,3,5,5,0,4,5,6,3,4,5,3,5,3,4,3,5,4,4,3,4,4,3,3,5,5,3,6,3,3,5,5,3,4,5,
12,5,3,3,5,6,3,3,5,6,0,4,5,6,3,4,5,3,5,3,4,3,5,4,4,3,4,4,3,3,5,5,3,6,3,3,5,6,3,4,5,
12,5,2,2,4,5,2,2,5,5,0,3,5,5,2,3,5,2,4,3,3,2,5,3,4,2,3,3,3,2,5,5,2,5,2,2,4,5,2,3,5,
12,4,2,2,4,5,2,2,4,5,0,3,4,5,2,3,4,2,4,3,3,2,4,3,4,2,3,3,3,2,4,4,2,5,2,2,4,5,2,3,4,
12,5,2,2,4,5,2,2,5,5,0,3,5,5,2,4,5,2,4,3,4,2,5,4,4,2,4,4,3,2,5,5,2,5,2,2,5,5,2,3,5,
12,5,3,4,4,5,2,5,5,5,0,5,5,5,2,5,5,3,4,5,4,3,5,5,4,2,4,6,3,2,5,5,4,5,3,5,4,5,2,5,5,
11,5,3,2,4,5,2,3,5,5,0,4,5,6,2,4,5,2,5,4,4,2,5,4,4,2,4,4,3,2,5,5,2,5,3,3,4,5,2,4,5,
12,5,3,2,5,5,2,3,5,5,0,4,5,6,2,4,5,3,5,4,4,3,5,4,4,2,4,4,3,2,5,5,2,5,3,3,5,5,2,4,5,
14,7,6,2,6,8,5,3,7,7,0,3,7,8,5,4,7,5,7,3,6,6,7,4,6,4,6,4,5,5,7,7,2,8,6,3,6,7,5,3,7,
12,5,3,3,5,5,3,3,5,5,0,4,5,6,3,4,5,3,5,3,4,3,5,4,4,3,4,4,3,2,5,5,3,5,3,3,5,5,3,3,5,
12,5,3,3,5,6,3,3,5,5,0,3,5,6,3,4,5,3,5,3,4,3,5,4,4,3,4,4,3,3,5,5,3,6,3,3,5,5,3,3,5,
12,5,3,3,5,6,3,3,5,5,0,4,5,6,3,5,5,3,5,4,5,3,5,4,5,3,5,5,4,3,5,5,3,6,3,3,5,5,3,4,5,
12,5,2,2,4,5,2,2,4,5,0,3,4,5,2,4,4,2,5,3,4,2,5,4,4,2,4,4,3,2,4,5,2,5,2,2,4,5,2,3,4,
12,5,3,3,5,6,3,3,5,6,0,4,5,6,3,4,5,3,5,4,5,3,5,4,5,3,4,4,4,3,5,5,3,6,3,3,5,6,3,4,5,
12,5,2,2,4,5,2,3,5,5,0,3,4,5,2,4,5,2,4,3,4,2,5,4,4,2,4,4,3,2,5,5,2,5,2,3,4,5,2,3,5,
12,5,2,2,4,5,2,2,5,5,0,3,5,5,2,3,5,2,4,3,4,2,5,3,4,2,3,3,3,2,5,5,2,5,2,2,4,5,2,3,5,
12,5,3,3,5,6,3,3,5,6,0,4,5,6,3,5,5,3,5,4,5,3,5,5,5,3,5,5,4,3,5,5,3,6,3,3,5,6,3,4,5,
13,4,4,4,6,5,4,4,7,5,0,4,7,5,4,4,6,4,4,4,6,4,4,4,6,4,4,4,5,4,7,4,4,5,4,4,6,5,4,4,7,
11,5,3,2,4,5,2,3,5,5,0,4,5,5,2,4,4,2,5,3,4,2,5,4,4,2,4,4,3,2,5,5,2,5,3,3,4,5,2,4,4,
11,5,3,2,4,5,2,3,5,5,0,4,5,5,2,4,4,2,5,3,4,2,5,4,4,2,4,4,3,2,5,5,2,5,3,3,4,5,2,4,5,
12,5,3,2,5,6,2,3,5,6,0,4,6,6,2,4,5,2,5,4,4,3,5,4,4,2,4,4,3,2,5,5,2,6,3,3,5,5,2,4,5,
12,5,3,2,5,5,2,3,5,5,0,3,5,6,2,4,4,2,5,3,4,3,5,4,4,2,4,4,3,2,5,5,2,5,3,3,5,5,2,3,5,
12,5,3,2,5,5,2,3,5,5,0,3,5,6,2,4,5,3,5,3,4,3,5,4,4,2,4,4,3,2,5,5,2,5,3,3,5,5,2,3,5,
12,5,3,3,5,6,3,3,5,5,0,4,5,6,3,4,5,3,5,4,4,3,5,4,4,3,4,4,3,3,5,5,3,6,3,3,5,5,3,3,5,
12,5,3,3,5,6,3,3,5,5,0,4,5,6,3,4,5,3,5,3,4,3,5,4,5,3,4,4,3,3,5,5,3,6,3,3,5,5,3,4,5,
12,4,2,2,4,5,2,2,4,5,0,3,4,5,2,4,4,2,4,3,4,2,4,4,4,2,4,4,3,2,5,4,2,5,2,2,4,5,2,4,4,
12,4,2,2,4,5,2,3,5,5,0,3,5,5,2,4,5,2,4,3,4,2,5,4,4,2,4,4,3,2,5,4,2,5,2,3,4,5,2,3,4,
13,4,2,2,4,6,2,3,4,6,0,3,4,5,2,4,4,2,4,3,4,2,5,4,4,2,4,4,3,2,5,5,2,5,2,2,4,6,2,3,4,
12,5,2,2,5,5,2,3,5,5,0,3,5,5,2,4,5,2,4,3,4,2,5,4,4,2,4,4,3,2,5,5,2,5,2,3,5,5,2,3,5,
11,5,3,2,5,5,2,3,5,5,0,3,5,5,2,4,5,2,4,3,4,3,5,4,4,2,4,4,3,2,5,5,2,5,3,3,5,5,2,3,5,
11,5,3,2,5,5,2,3,5,5,0,4,5,5,2,4,5,2,5,3,4,3,5,4,4,2,4,4,3,2,5,5,2,5,3,3,5,5,2,4,5,
12,5,3,2,5,5,2,3,5,5,0,3,5,6,2,4,5,2,5,3,4,3,5,4,4,2,4,4,3,2,5,5,2,5,3,3,5,5,2,3,5,
12,5,3,2,5,5,2,3,5,5,0,3,5,6,2,4,5,3,5,3,4,3,5,4,4,2,4,4,3,2,5,5,2,5,3,3,5,5,2,3,5,
12,5,3,2,5,6,2,3,5,5,0,3,5,6,2,4,5,2,5,3,4,3,5,4,4,2,4,4,3,2,5,5,2,6,3,3,5,5,2,3,5,
12,5,3,2,5,5,2,3,5,5,0,4,5,6,2,4,5,2,5,3,4,3,5,4,4,2,4,4,3,2,5,5,2,5,3,3,5,5,2,3,5,
12,5,3,3,5,6,3,3,5,5,0,4,5,6,3,4,5,3,5,4,4,3,5,4,5,3,4,4,3,3,5,5,3,6,3,3,5,5,3,4,5,
13,5,2,2,4,5,2,3,4,5,0,3,4,5,2,3,4,2,5,3,4,2,5,3,4,2,3,4,3,2,5,5,2,5,2,3,4,5,2,3,4,
12,4,2,2,4,5,2,2,4,5,0,3,4,5,2,3,4,2,4,3,3,2,4,3,4,2,3,3,3,2,5,4,2,5,2,2,4,5,2,3,4,
12,5,3,2,4,5,2,2,5,5,0,3,4,5,2,4,4,2,4,3,4,2,5,3,4,2,4,4,3,2,5,5,2,5,2,2,4,5,2,3,5,
15,5,3,2,5,6,2,3,5,5,0,3,5,6,2,4,5,3,5,3,4,3,5,4,4,2,4,4,3,2,5,5,2,6,3,3,5,5,2,3,5,
12,5,2,2,4,5,2,3,5,5,0,3,5,5,2,4,4,2,4,3,4,2,5,4,4,2,4,4,3,2,5,5,2,5,2,3,4,5,2,3,5,
12,5,3,2,5,5,2,3,5,5,0,3,5,5,2,4,5,2,5,3,4,2,5,4,4,2,4,4,3,2,5,5,2,5,3,3,5,5,2,3,5,
11,5,3,2,5,5,2,3,5,5,0,3,5,5,2,4,4,2,5,3,4,2,5,4,4,2,4,4,3,2,5,5,2,5,3,3,5,5,2,3,5,
11,5,3,2,5,5,2,3,5,5,0,3,5,5,2,4,4,2,4,3,4,3,5,4,4,2,4,4,3,2,5,5,2,5,3,3,5,5,2,3,5,
12,5,3,2,5,5,2,3,5,5,0,3,5,6,2,4,5,3,5,3,4,3,5,4,4,2,4,4,3,2,5,5,2,5,3,3,5,5,2,3,5,
11,5,3,2,5,5,2,3,5,5,0,4,5,5,2,4,5,3,5,3,4,3,5,4,4,2,4,4,3,2,5,5,2,5,3,3,5,5,2,4,5,
12,5,3,2,5,5,2,3,5,6,0,3,5,6,3,4,5,3,5,3,4,3,5,4,5,2,4,4,3,2,5,5,2,5,3,3,5,6,2,3,5,
12,5,3,3,5,6,3,3,5,6,0,4,5,6,3,4,5,3,5,3,5,3,5,4,5,3,4,4,3,3,6,5,3,6,3,3,5,6,3,4,5,
13,1,0,0,3,2,0,0,4,2,0,1,3,3,0,1,3,0,1,0,3,0,1,1,3,0,0,1,2,0,4,1,0,2,0,0,3,2,0,1,4,
12,5,3,3,5,6,3,3,5,5,0,4,5,6,3,4,5,3,5,4,4,3,5,4,5,3,4,4,3,3,5,5,3,6,3,3,5,5,3,4,5,
12,4,2,2,4,5,2,2,4,5,0,3,4,5,2,3,4,2,4,3,3,2,4,3,4,1,3,4,3,2,4,4,2,5,2,2,4,5,2,3,4,
12,4,2,2,4,5,2,2,4,5,0,3,4,5,2,3,4,2,4,3,3,2,4,3,4,2,3,3,3,2,4,4,2,5,2,2,4,5,2,3,4,
12,5,2,2,4,5,2,2,5,5,0,3,4,5,2,4,4,2,4,3,4,2,5,4,4,2,4,4,3,2,5,5,2,5,2,2,4,5,2,3,4,
12,5,3,2,5,5,2,3,5,5,0,4,5,5,2,4,4,2,5,3,4,2,5,4,4,2,4,4,3,2,5,5,2,5,3,3,5,5,2,4,5,
11,5,3,2,5,5,2,3,5,5,0,3,5,5,2,4,4,2,4,3,4,2,5,4,4,2,4,4,3,2,5,5,2,5,3,3,5,5,2,3,5,
11,5,3,2,5,5,2,3,5,5,0,3,5,5,2,4,4,2,5,3,4,2,5,4,4,2,4,4,3,2,5,5,2,5,3,3,5,5,2,3,5,
11,5,3,2,5,5,2,3,5,5,0,3,5,5,2,4,4,3,5,3,4,3,5,4,4,2,4,4,3,2,5,5,2,5,3,3,5,5,2,3,5,
12,5,3,2,5,5,2,3,5,5,0,3,5,6,2,4,5,3,5,3,4,3,5,4,4,2,4,4,3,2,5,5,2,5,3,3,5,5,2,3,5,
12,5,3,2,5,6,2,3,5,5,0,3,5,6,2,4,5,3,5,3,4,3,5,4,5,2,4,4,3,2,5,5,2,6,3,3,5,5,2,3,5,
12,5,3,3,5,6,3,3,5,5,0,3,5,6,2,5,5,3,5,3,5,3,5,5,5,3,5,5,3,2,5,5,3,6,3,3,5,5,3,3,5,
14,5,3,3,5,5,2,3,5,5,0,3,5,6,2,4,5,3,5,3,4,3,5,4,4,2,4,4,3,3,5,5,3,5,3,3,5,5,2,3,5,
12,5,3,3,5,5,3,3,5,5,0,3,5,6,3,4,5,3,5,3,5,3,5,4,5,3,4,4,3,3,5,5,3,5,3,3,5,5,3,3,5,
12,4,2,2,4,5,2,2,4,5,0,3,4,5,2,3,4,2,4,3,4,2,4,3,4,2,3,3,3,2,4,4,2,5,2,2,4,5,2,3,4,
12,4,2,2,4,5,2,2,4,5,0,3,4,5,2,3,4,2,4,3,4,2,4,3,4,2,3,3,3,2,4,4,2,5,2,2,4,5,2,3,4,
12,4,2,2,4,5,2,3,4,5,0,3,4,5,2,3,4,2,4,3,3,2,4,3,4,2,3,3,3,2,4,4,2,5,2,3,4,5,2,3,4,
34,27,3,2,27,27,2,3,27,27,0,3,27,27,2,3,27,2,27,3,27,2,27,3,27,2,4,4,3,2,27,27,2,27,3,3,27,27,2,3,27,
12,4,3,2,5,5,2,3,5,5,0,3,5,5,2,4,5,2,4,3,4,2,5,4,4,2,4,4,3,2,5,4,2,5,3,3,5,5,2,3,5,
12,4,2,3,3,5,1,4,4,5,0,4,4,5,2,5,4,2,4,4,3,2,5,4,3,1,3,5,2,2,4,4,3,5,2,4,3,5,1,4,4,
12,5,3,2,4,5,2,3,4,5,0,4,4,5,2,4,4,2,4,3,4,2,5,4,4,2,4,4,3,2,5,5,2,5,3,3,4,5,2,4,4,
11,4,3,2,4,5,2,3,4,5,0,4,4,5,2,4,4,2,4,4,4,2,5,4,4,2,4,4,3,2,5,4,2,5,3,3,4,5,2,4,4,
14,7,6,2,6,7,5,3,6,7,0,3,6,8,5,4,6,5,7,3,5,5,7,4,6,4,6,4,5,5,6,7,2,7,6,3,6,7,5,3,6,
11,5,3,2,4,5,2,3,5,5,0,4,5,5,2,4,4,3,5,4,4,3,5,4,4,2,4,4,3,2,5,5,2,5,3,3,4,5,2,4,5,
12,5,3,2,4,6,2,3,5,5,0,3,5,6,2,4,5,2,5,3,4,3,5,4,4,2,4,4,3,2,5,5,2,6,3,3,4,5,2,3,5,
12,5,3,2,5,6,2,3,5,5,0,4,5,6,3,4,5,3,5,3,4,3,5,4,4,2,4,4,3,3,5,5,2,6,3,3,5,5,2,4,5,
15,7,2,2,4,7,2,3,4,7,0,3,4,8,2,3,4,2,7,3,3,2,7,3,4,2,6,3,2,2,4,7,2,7,2,3,4,7,2,3,4,
12,5,2,2,4,5,2,2,4,5,0,3,4,5,2,3,4,2,4,3,3,2,4,3,4,2,3,3,3,2,4,4,2,5,2,2,4,5,2,3,4,
12,4,3,2,4,5,2,3,4,5,0,3,4,5,2,3,4,2,4,3,3,2,4,3,4,2,3,3,3,2,5,4,2,5,2,3,4,5,2,3,4,
12,5,3,2,4,5,2,3,5,5,0,3,5,5,2,3,5,2,5,3,4,2,5,3,4,2,3,3,3,2,5,5,2,5,3,3,4,5,2,3,5,
35,5,3,26,4,5,2,3,5,5,0,4,5,6,2,5,5,2,5,4,4,3,5,5,4,2,4,5,3,2,5,5,26,5,3,3,4,5,2,4,5,
14,5,5,5,8,5,5,5,8,5,0,5,8,5,5,5,8,5,5,5,7,5,5,5,7,5,5,5,6,5,8,5,5,5,5,5,8,5,5,5,8,
12,5,3,2,4,5,2,3,5,5,0,5,5,6,2,6,5,2,5,5,4,3,5,6,4,2,4,6,3,2,5,5,2,5,3,3,4,5,2,5,5,
12,5,3,2,5,5,2,3,5,5,0,3,5,6,2,3,5,3,5,3,4,3,5,3,4,2,4,4,3,2,6,5,2,5,3,3,5,5,2,3,5,
12,5,3,2,5,5,2,3,5,5,0,3,5,6,2,4,5,3,5,3,4,3,5,4,4,2,4,4,3,2,5,5,2,5,3,3,5,5,2,3,5,
12,5,3,2,4,5,2,3,5,5,0,3,5,6,2,4,5,3,5,3,4,3,5,4,4,2,4,4,3,2,5,5,2,5,3,3,4,5,2,3,5,
12,5,3,3,4,5,2,3,5,5,0,4,5,6,3,4,5,3,5,3,4,3,5,4,4,2,4,4,3,3,5,5,3,5,3,3,4,5,2,4,5,
12,6,3,2,5,6,2,3,5,6,0,3,5,6,2,4,5,2,5,3,5,3,6,4,5,2,5,4,3,2,5,5,2,6,3,3,5,6,2,3,5,
12,5,3,3,5,6,3,3,5,6,0,4,5,6,3,4,5,3,5,3,5,3,5,4,5,3,4,4,3,3,5,5,3,6,3,3,5,6,3,4,5,
12,5,3,2,5,5,2,3,5,5,0,3,5,6,3,4,5,3,5,3,4,3,5,4,4,2,4,4,3,3,5,5,2,5,3,3,5,5,2,4,5,
12,4,2,2,4,5,2,2,4,5,0,3,4,5,2,3,4,2,4,3,3,2,4,3,4,2,3,3,3,2,4,4,2,5,2,2,4,5,2,3,4,
12,5,3,2,4,5,2,3,4,5,0,3,4,5,2,3,4,2,4,3,4,2,5,3,4,2,4,3,3,2,5,5,2,5,3,3,4,5,2,3,4,
12,5,3,2,4,5,2,2,4,5,0,3,4,5,2,3,4,2,4,3,4,2,5,3,4,2,3,3,3,2,5,5,2,5,3,3,4,5,2,3,4,
12,5,3,2,4,5,2,3,5,5,0,3,5,5,2,3,4,2,5,3,4,2,5,3,4,2,3,3,3,2,5,5,2,5,3,3,4,5,2,3,5,
12,5,3,2,4,5,2,3,5,5,0,3,5,6,2,3,4,2,5,3,4,2,5,3,4,2,4,3,3,2,5,5,2,5,3,3,4,5,2,3,5,
12,5,3,2,4,5,2,3,5,5,0,3,5,6,2,3,4,2,5,3,4,2,5,3,4,2,4,3,3,2,5,5,2,5,3,3,4,5,2,3,5,
11,5,3,2,4,5,2,3,5,5,0,3,5,5,2,3,4,2,5,3,4,2,5,3,4,2,3,3,3,2,5,5,2,5,3,3,4,5,2,3,5,
12,5,3,2,4,5,2,3,5,5,0,3,5,6,2,4,4,3,5,3,4,3,5,4,4,2,4,4,3,2,5,5,2,5,3,3,4,5,2,3,5,
12,5,3,2,4,5,2,3,5,5,0,3,5,6,2,4,5,3,5,3,4,3,5,4,4,2,4,4,3,2,5,5,2,5,3,3,4,5,2,3,5,
12,5,3,2,4,5,2,3,5,6,0,3,5,6,2,4,5,3,5,3,4,3,5,4,4,2,4,4,3,2,5,5,2,5,3,3,5,5,2,3,5,
11,5,4,4,4,5,2,5,5,5,0,5,5,6,2,5,4,3,5,5,4,3,5,5,4,2,4,5,3,3,5,5,4,5,4,5,4,5,2,5,5,
12,5,3,2,5,5,2,3,5,5,0,3,5,6,3,4,5,3,5,3,4,3,5,4,4,2,4,4,3,3,5,5,2,5,3,3,5,5,3,3,5,
12,5,3,3,5,6,3,3,5,6,0,4,5,6,3,4,5,3,5,4,5,3,5,4,5,3,4,4,3,3,5,5,3,6,3,3,5,6,3,4,5,
36,7,5,2,4,7,2,2,4,29,0,3,4,8,2,3,4,5,6,3,4,5,7,3,4,2,5,3,3,2,5,7,2,7,5,2,4,29,4,3,4,
12,6,3,3,5,6,3,3,5,6,0,4,5,6,3,4,5,3,5,4,5,3,5,4,5,3,4,4,4,3,5,6,3,6,3,3,5,6,3,4,5,
13,5,3,3,5,5,3,3,5,5,0,4,5,6,3,4,5,3,5,3,4,3,5,4,4,3,4,4,3,3,5,5,3,5,3,3,5,5,3,4,5,
12,5,2,2,4,5,2,2,5,5,0,3,5,5,2,3,4,2,4,3,4,2,5,3,4,2,3,3,3,2,5,5,2,5,2,2,4,5,2,3,5,
15,7,3,2,4,8,2,2,5,8,0,3,5,8,2,3,4,2,4,3,4,2,7,3,4,2,3,3,3,2,5,7,2,8,3,2,4,8,2,3,5,
12,5,3,2,4,5,2,3,5,5,0,3,5,5,2,3,4,2,5,3,4,2,5,3,4,2,3,3,3,2,5,5,2,5,3,3,4,5,2,3,5,
31,5,3,2,4,5,2,3,5,5,0,25,5,5,2,4,5,2,5,3,4,2,5,3,4,2,4,4,3,2,5,5,2,5,3,3,4,5,2,25,5,
34,28,3,2,5,5,2,3,5,5,0,4,5,6,2,4,5,3,5,3,4,3,5,4,4,2,4,4,3,2,5,27,2,5,3,3,5,5,2,4,5,
13,5,3,2,4,6,2,3,5,6,0,4,5,6,2,4,5,3,5,3,4,3,5,4,4,2,4,4,3,2,5,5,2,6,3,3,4,6,2,4,5,
12,5,3,2,5,5,2,3,6,5,0,3,5,6,2,4,5,3,5,3,4,3,5,4,4,2,4,4,3,2,6,5,2,5,3,3,5,5,2,3,6,
14,5,3,2,5,5,2,3,5,5,0,3,5,6,2,4,5,3,5,3,5,3,5,4,5,2,4,4,3,2,5,5,2,5,3,3,5,5,2,4,5,
34,5,3,2,5,28,3,3,5,5,0,3,5,6,3,4,5,3,5,3,5,3,5,4,5,2,4,4,3,3,5,5,2,28,3,3,5,5,3,3,5,
12,6,3,2,5,6,3,3,5,6,0,4,5,6,3,4,5,3,5,3,5,3,5,4,5,3,4,4,3,3,5,6,2,6,3,3,5,6,3,4,5,
17,5,1,0,3,6,0,1,3,6,0,2,3,6,1,2,3,1,5,1,3,1,5,2,3,0,4,2,1,1,3,5,0,6,1,1,3,6,0,2,3,
12,5,2,2,4,5,2,2,5,5,0,3,5,5,2,3,4,2,5,3,4,2,5,3,4,2,3,3,3,2,5,5,2,5,2,2,4,5,2,3,5,
12,5,2,2,4,5,2,2,5,5,0,3,5,5,2,3,4,2,5,3,4,2,5,3,4,2,4,3,3,2,5,5,2,5,2,2,4,5,2,3,5,
12,4,1,1,4,4,1,1,4,4,0,2,4,4,1,2,4,1,4,2,3,1,4,2,3,1,2,2,2,1,4,4,1,4,1,1,4,4,1,2,4,
14,7,3,2,5,7,2,2,5,7,0,3,5,8,2,3,5,2,6,3,4,2,7,3,4,2,5,3,3,2,5,7,2,7,3,2,5,7,2,3,5,
12,5,3,2,5,5,2,3,5,5,0,3,5,6,2,4,5,3,5,3,4,3,5,3,4,2,4,4,3,2,5,5,2,5,3,3,5,5,2,3,5,
13,5,3,2,5,5,2,3,5,5,0,3,5,7,2,3,5,2,5,3,4,2,5,3,4,2,3,3,3,2,5,5,2,5,3,3,5,5,2,3,5,
12,5,3,2,5,5,2,3,5,5,0,3,5,6,2,4,5,3,4,3,4,3,5,4,4,2,4,4,3,2,5,5,2,5,3,3,5,5,2,3,5,
11,5,3,2,5,5,2,3,5,5,0,4,5,5,2,4,5,2,4,3,4,2,5,4,4,2,4,4,3,2,5,5,2,5,3,3,5,5,2,4,5,
14,5,5,5,7,5,5,5,8,5,0,5,8,6,5,5,8,5,5,5,7,5,5,5,7,5,5,5,6,5,8,5,5,5,5,5,7,5,5,5,8,
12,5,3,3,5,5,2,3,5,5,0,3,5,6,2,4,5,3,5,3,5,3,5,4,5,2,4,4,3,2,5,5,3,5,3,3,5,5,2,3,5,
12,5,3,3,5,5,3,3,5,6,0,4,5,6,3,4,5,3,5,4,4,3,6,4,5,3,4,4,4,3,6,5,3,5,3,3,5,6,3,4,5,
12,5,3,2,5,5,3,3,5,6,0,4,5,6,2,4,5,3,5,3,4,3,5,4,5,2,4,4,3,2,5,5,2,5,3,3,5,6,2,4,5,
12,5,3,2,5,5,3,3,5,6,0,4,5,6,2,4,5,3,5,3,4,3,5,4,5,3,4,4,4,3,5,5,2,5,3,3,5,6,3,4,5,
30,5,2,2,4,5,23,2,5,5,0,3,4,5,2,3,4,2,4,3,3,2,5,3,4,2,3,3,3,2,5,5,2,5,2,2,4,5,23,3,4,
12,5,3,2,4,5,2,3,5,5,0,3,5,5,2,3,4,2,4,3,4,2,5,3,4,2,3,3,3,2,5,5,2,5,3,3,4,5,2,3,4,
12,5,2,2,4,5,2,2,4,5,0,3,4,5,2,3,4,2,4,3,3,2,5,3,4,2,3,3,3,2,5,5,2,5,2,2,4,5,2,3,4,
12,5,2,2,4,5,2,3,5,5,0,3,5,5,2,3,4,2,4,3,4,2,5,3,4,2,3,3,3,2,5,5,2,5,2,3,4,5,2,3,5,
11,5,2,2,5,5,2,3,4,5,0,3,5,5,2,3,4,2,4,3,4,2,5,3,4,2,3,3,3,2,5,5,2,5,2,3,4,5,2,3,4,
11,5,3,2,4,5,2,3,5,5,0,3,5,6,2,3,4,3,5,3,4,3,5,3,4,2,4,3,3,2,5,5,2,5,3,3,4,5,2,3,5,
12,5,3,2,5,5,2,3,5,5,0,3,5,6,2,4,5,3,5,3,4,3,5,4,4,2,4,4,3,2,5,5,2,5,3,3,5,6,2,3,5,
12,5,3,2,5,5,2,3,5,5,0,3,5,6,2,4,4,3,4,3,4,3,5,3,4,2,4,4,3,2,5,5,2,5,3,3,4,5,2,3,5,
12,4,2,1,4,4,1,2,4,4,0,2,4,5,1,3,4,2,4,2,3,2,4,3,3,1,3,3,2,1,4,4,1,4,2,2,4,4,1,2,4,
33,5,3,2,5,5,3,27,5,6,0,3,5,6,3,4,5,3,5,4,4,3,5,28,5,2,4,5,4,3,5,5,2,5,3,27,5,6,3,3,5,
12,4,2,2,4,4,2,2,4,5,0,3,4,5,2,3,4,2,4,3,3,2,4,3,4,2,3,3,3,2,4,4,2,4,2,2,4,5,2,3,4,
12,5,3,2,5,5,3,3,5,6,0,3,5,6,3,4,5,3,5,3,4,3,5,4,5,3,4,4,3,3,5,5,2,5,3,3,5,6,3,3,5,
33,4,2,2,4,5,2,2,26,5,0,3,4,5,2,3,4,2,4,3,3,2,4,3,4,2,3,3,3,2,4,4,2,5,2,2,4,5,2,3,26,
12,4,2,2,5,5,2,2,5,5,0,3,5,5,2,3,5,2,4,3,4,2,5,3,4,2,3,3,3,2,5,5,2,5,2,2,5,5,2,3,4,
12,4,2,2,4,5,2,2,4,5,0,3,4,5,2,3,4,2,4,3,3,2,5,3,4,2,3,3,3,2,4,4,2,4,2,2,4,5,2,3,4,
12,5,3,2,4,5,2,2,5,5,0,3,5,5,2,3,5,2,4,3,4,2,5,3,4,2,3,3,3,2,5,5,2,5,3,2,4,5,2,3,5,
11,5,2,2,4,5,2,2,5,5,0,3,5,5,2,3,4,2,4,3,4,2,5,3,4,2,3,3,3,2,5,5,2,5,2,3,4,5,2,3,5,
32,5,3,2,26,5,2,3,5,5,0,3,5,5,2,3,4,2,4,3,4,2,5,3,4,2,4,3,3,2,5,5,2,5,3,3,26,5,2,3,5,
12,5,3,2,5,5,2,3,5,5,0,3,6,6,2,4,5,3,5,3,4,3,5,4,5,2,4,4,3,2,6,5,2,5,3,3,5,5,2,3,5,
11,5,3,2,4,5,2,3,5,5,0,3,5,6,2,3,4,3,5,3,4,3,5,3,4,2,4,4,3,2,5,5,2,5,3,3,4,5,2,3,5,
12,5,3,2,5,5,2,3,5,5,0,3,5,6,2,4,5,3,5,3,4,3,5,4,4,2,4,4,3,2,5,5,2,5,3,3,5,5,2,3,5,
12,5,3,2,5,5,3,3,5,5,0,3,5,6,3,4,5,3,5,3,4,3,5,4,4,3,4,4,3,3,5,5,2,5,3,3,5,5,3,3,5,
12,5,3,3,5,5,3,3,5,5,0,3,5,6,2,4,5,3,5,3,4,3,5,4,4,3,4,4,3,3,5,5,3,5,3,3,5,6,3,3,5,
12,5,3,3,5,5,3,3,5,6,0,3,5,6,3,4,5,3,5,3,4,3,5,4,4,3,4,4,3,3,5,5,3,5,3,3,5,6,3,3,5,
12,4,2,2,4,4,2,2,4,5,0,2,4,5,2,3,4,2,4,3,3,2,4,3,4,2,3,3,3,2,4,4,2,4,2,2,4,5,2,3,4,
12,5,3,3,5,5,3,3,5,6,0,3,5,6,3,4,5,3,5,4,4,3,5,4,5,3,4,4,4,3,5,5,3,5,3,3,5,6,3,3,5,
12,4,2,2,4,5,2,2,4,5,0,3,4,5,2,3,4,2,4,3,3,2,4,3,4,2,3,3,3,2,5,4,2,5,2,2,4,5,2,3,4,
12,5,2,2,4,5,2,2,4,5,0,3,4,5,2,3,4,2,4,3,4,2,5,3,4,2,3,3,3,2,5,5,2,5,2,2,4,5,2,3,4,
11,5,2,2,5,5,2,2,5,5,0,3,5,5,2,3,4,2,4,3,4,2,5,3,4,2,3,3,3,2,5,5,2,5,2,3,5,5,2,3,5,
11,5,2,2,5,5,2,2,5,5,0,3,5,5,2,3,4,2,4,3,4,2,5,3,4,2,3,3,3,2,5,5,2,5,2,3,5,5,2,3,5,
11,5,3,2,5,5,2,3,5,5,0,3,5,6,2,4,4,3,5,3,4,3,5,3,4,2,4,4,3,2,5,5,2,5,3,3,5,5,2,3,5,
11,5,3,2,4,5,2,3,5,5,0,3,5,6,2,3,5,3,4,3,4,3,5,3,4,2,4,4,3,2,5,5,2,5,3,3,4,5,2,3,5,
12,5,3,2,5,5,2,3,5,5,0,3,5,6,2,4,5,3,5,3,4,3,5,4,4,2,4,4,3,2,5,5,2,5,3,3,5,5,2,3,5,
12,5,3,3,5,5,3,3,5,5,0,3,5,6,3,4,5,3,5,3,4,3,5,4,4,3,4,4,3,3,5,5,3,5,3,3,5,5,3,3,5,
12,5,3,3,5,5,2,3,5,5,0,3,5,6,2,4,5,3,5,3,4,3,5,4,4,2,4,4,3,2,6,5,3,5,3,3,5,5,2,3,5,
12,5,3,3,5,5,3,3,5,5,0,3,5,6,3,4,5,3,5,3,4,3,5,4,4,3,4,4,3,3,5,5,2,5,3,3,5,5,3,3,5,
12,4,2,2,4,5,2,2,4,5,0,2,4,5,2,3,4,2,4,3,3,2,4,3,3,2,3,3,3,2,5,4,2,5,2,2,4,5,2,3,4,
12,5,3,3,5,6,3,3,5,6,0,3,5,6,3,4,5,3,5,4,4,3,5,4,4,2,4,4,4,3,5,5,3,6,3,3,5,6,3,3,5,
12,5,3,2,4,5,2,3,5,5,0,3,5,5,2,3,5,2,4,3,4,2,5,3,4,2,3,3,3,2,5,5,2,5,3,3,4,5,2,3,5,
12,5,3,2,4,5,2,2,5,5,0,3,5,5,2,3,5,2,4,3,4,2,5,3,4,2,3,3,3,2,5,5,2,5,3,3,4,5,2,3,5,
12,4,3,3,4,4,2,4,4,4,0,4,4,5,2,5,4,2,4,4,3,2,4,5,3,2,3,5,2,2,4,4,3,4,3,4,4,4,2,4,4,
11,5,3,2,5,5,2,3,5,5,0,3,5,5,2,3,5,2,4,3,4,2,5,3,4,2,3,3,3,2,5,5,2,5,3,3,5,5,2,3,5,
31,2,23,0,3,3,0,1,3,3,0,1,3,3,0,2,3,0,2,1,2,1,2,2,3,0,1,2,2,0,3,2,0,3,23,1,3,3,0,1,3,
14,6,5,2,4,6,4,2,4,6,0,2,4,7,4,3,4,5,6,2,3,5,6,3,3,4,5,3,2,4,4,6,2,6,5,2,4,6,4,2,4,
11,5,3,2,4,5,2,3,5,5,0,3,5,5,2,4,5,3,4,3,4,3,5,3,4,2,4,4,3,2,5,5,2,5,3,3,4,5,2,3,5,
12,5,3,3,5,5,3,3,5,6,0,3,5,6,3,4,5,3,5,3,4,3,5,4,4,2,4,4,3,3,5,5,3,5,3,3,5,6,3,3,5,
12,5,3,3,5,5,2,3,5,5,0,3,5,6,2,4,5,3,5,3,4,3,5,4,4,2,4,4,3,2,5,5,3,5,3,3,5,5,2,3,5,
15,5,3,3,5,5,3,3,5,5,0,3,5,9,3,4,5,3,5,3,4,3,5,4,4,2,4,4,3,3,5,5,3,5,3,3,5,5,3,3,5,
12,4,2,2,4,4,2,2,4,5,0,3,4,5,2,3,4,2,4,3,3,2,4,3,3,1,3,3,3,2,4,4,2,4,2,2,4,5,2,3,4,
14,6,3,3,5,6,3,3,6,6,0,4,6,6,3,5,6,3,5,4,5,3,6,4,5,3,5,5,4,3,6,6,3,6,3,3,6,6,3,4,6,
12,4,2,2,4,5,2,2,4,5,0,2,4,5,2,3,4,2,4,3,3,2,5,3,4,2,3,3,3,2,5,4,2,5,2,2,4,5,2,2,4,
12,5,3,2,4,5,2,3,4,5,0,3,4,5,2,3,4,2,4,3,4,2,5,4,4,2,4,4,3,2,5,5,2,5,3,3,4,5,2,3,4,
12,5,3,2,4,5,2,3,5,5,0,3,5,5,2,4,5,2,4,3,4,2,5,4,4,2,4,4,3,2,5,5,2,5,3,3,4,5,2,3,5,
14,5,3,3,5,5,2,3,5,5,0,3,5,6,2,4,5,3,5,4,4,3,5,4,4,2,4,4,3,2,5,5,3,5,3,3,5,5,2,3,5,
11,5,3,2,5,5,2,3,5,5,0,3,5,5,2,4,5,2,5,3,4,2,5,4,4,2,4,4,3,2,5,5,2,5,3,3,5,5,2,3,5,
11,5,3,2,5,5,2,3,5,5,0,3,4,5,2,4,4,2,5,4,4,2,5,4,4,2,4,4,3,2,5,5,2,5,3,3,5,5,2,3,5,
14,5,3,2,5,5,2,3,5,5,0,3,5,6,2,4,5,3,4,3,4,3,5,4,4,2,4,4,3,2,5,5,2,5,3,3,5,5,2,3,5,
12,5,3,2,5,5,2,3,5,5,0,3,5,6,2,4,5,3,5,3,4,3,5,4,4,2,4,4,3,3,5,5,2,5,3,3,5,5,2,3,5,
12,5,3,2,5,5,2,3,5,5,0,3,5,6,2,4,5,3,5,3,4,3,5,4,4,2,4,4,3,2,5,5,2,5,3,3,5,5,2,3,5,
12,5,3,3,5,5,3,3,5,6,0,3,5,6,3,4,5,3,5,4,4,3,5,4,4,3,4,4,3,3,5,5,3,5,3,3,5,6,3,3,5,
14,7,3,2,5,8,3,3,5,8,0,3,5,8,3,4,5,3,7,4,4,3,8,4,4,3,6,4,4,3,5,7,2,8,3,3,5,8,3,3,5,
12,5,3,3,5,6,3,3,5,6,0,3,5,6,3,4,5,3,5,4,4,3,5,4,4,2,4,4,3,3,5,5,3,6,3,3,5,6,3,3,5,
12,4,2,2,4,5,2,2,4,5,0,2,4,5,2,3,4,2,4,3,3,2,4,3,4,1,3,3,3,2,4,4,2,4,2,2,4,5,2,2,4,
12,3,2,1,3,4,1,1,3,4,0,2,3,4,1,3,3,1,3,2,3,1,3,3,3,1,3,3,2,1,4,3,1,4,2,1,3,4,1,2,4,
12,4,2,2,4,4,2,2,4,5,0,3,4,5,2,3,4,2,4,3,3,2,4,3,4,2,3,3,3,2,4,4,2,4,2,2,4,5,2,3,4,
14,5,4,5,7,5,4,4,7,5,0,4,7,5,4,4,7,4,4,4,6,4,5,4,6,4,4,4,5,4,7,5,5,5,4,4,7,5,4,4,7,
11,5,3,2,5,5,2,3,5,5,0,3,4,5,2,3,4,2,4,3,4,2,5,3,4,2,4,4,3,2,5,5,2,5,3,3,5,5,2,3,5,
11,5,3,2,4,5,2,3,5,5,0,3,4,5,2,3,5,2,4,3,4,2,5,3,4,2,3,4,3,2,5,5,2,5,3,3,4,5,2,3,5,
11,5,3,2,5,5,2,3,5,5,0,3,5,6,2,4,5,3,5,3,4,3,5,3,4,2,4,4,3,2,5,5,2,5,3,3,5,5,2,3,5,
12,6,3,3,5,6,3,3,5,6,0,3,5,6,3,4,5,3,5,4,4,3,5,4,5,3,4,4,4,3,6,6,3,6,3,3,5,6,3,3,6,
12,5,3,3,5,5,3,3,5,5,0,3,5,6,2,4,5,3,5,3,4,3,5,4,4,2,4,4,3,2,5,5,3,6,3,3,5,5,3,3,5,
12,5,3,2,4,5,2,3,5,5,0,3,5,6,2,3,5,2,5,3,4,2,5,3,4,2,3,4,3,2,5,5,2,5,3,3,4,5,2,3,5,
12,5,2,2,4,5,2,2,4,5,0,2,4,5,2,3,4,2,4,2,3,2,4,3,3,1,3,3,3,2,4,5,2,5,2,2,4,5,2,2,4,
12,4,2,2,4,5,2,2,4,4,0,2,4,5,2,3,4,2,4,3,3,2,4,3,3,1,3,3,3,2,4,4,2,5,2,2,4,4,2,2,4,
12,4,2,2,4,5,2,2,4,5,0,2,4,5,2,3,4,2,4,3,3,2,4,3,4,2,3,3,3,2,4,4,2,5,2,2,4,5,2,2,4,
12,5,2,2,4,5,2,2,4,5,0,3,4,5,2,3,4,2,4,3,4,2,4,3,4,2,3,3,3,2,4,5,2,5,2,2,4,5,2,3,4,
12,5,2,2,4,5,2,2,4,5,0,3,4,5,2,3,4,2,4,3,4,2,5,3,4,2,3,3,3,2,4,5,2,5,2,2,4,5,2,3,4,
12,5,2,2,4,5,2,3,4,5,0,3,4,5,2,3,4,2,4,3,4,2,5,3,4,2,3,3,3,2,5,5,2,5,2,3,4,5,2,3,4,
11,5,3,2,5,5,2,3,5,5,0,3,5,6,2,4,5,3,5,3,4,3,5,4,4,2,4,4,3,2,5,5,2,5,3,3,5,5,2,3,5,
11,5,3,2,4,5,2,3,5,5,0,3,5,5,2,3,5,2,5,3,4,3,5,3,4,2,4,4,3,2,5,5,2,5,3,3,4,5,2,3,5,
11,5,3,2,4,5,2,3,5,5,0,3,5,5,2,3,5,3,5,3,4,3,5,3,4,2,4,4,3,2,5,5,2,5,3,3,4,5,2,3,5,
12,5,3,3,5,5,3,3,5,5,0,3,5,6,2,4,5,3,5,4,4,3,5,4,4,2,4,4,3,2,5,5,3,5,3,3,5,6,3,3,5,
14,5,3,2,5,5,2,3,5,5,0,3,5,6,2,4,5,3,5,3,4,3,5,4,4,2,4,4,3,2,5,5,2,5,3,3,5,5,2,3,5,
12,5,3,2,5,6,2,3,5,6,0,3,5,6,2,4,5,3,5,3,4,3,5,4,4,2,4,4,3,2,5,5,2,6,3,3,5,6,2,3,5,
12,5,3,3,5,6,3,3,5,6,0,3,5,6,3,4,5,3,5,4,4,3,5,4,4,2,4,4,3,3,5,5,3,6,3,3,5,6,3,3,5,
12,5,3,3,5,6,3,3,5,6,0,3,5,6,3,4,5,3,5,4,4,3,5,4,5,3,4,4,4,3,5,5,3,6,3,3,5,6,3,3,5,
12,4,2,2,4,5,2,2,4,5,0,3,4,5,2,3,4,2,4,3,3,2,4,3,4,1,3,3,3,2,4,4,2,5,2,2,4,5,2,3,4,
12,5,2,2,4,5,2,2,4,5,0,3,4,5,2,3,4,2,4,3,3,2,5,3,4,2,3,3,3,2,5,5,2,5,2,2,4,5,2,3,4,
12,5,2,2,4,5,2,2,4,5,0,3,4,5,2,3,4,2,4,3,3,2,4,3,4,1,3,3,3,2,4,5,2,5,2,2,4,5,2,3,4,
12,5,2,2,4,5,2,2,4,5,0,3,4,5,2,3,4,2,4,3,4,2,5,3,4,2,3,3,3,2,5,5,2,5,2,2,4,5,2,3,4,
14,5,3,2,4,5,2,3,5,5,0,3,5,5,2,4,5,2,5,3,4,2,5,4,4,2,3,4,3,2,5,5,2,5,3,3,4,5,2,3,5,
11,5,3,2,5,5,2,3,5,5,0,3,5,5,2,3,5,2,5,3,4,3,5,3,4,2,3,4,3,2,5,5,2,5,3,3,5,5,2,3,5,
11,5,3,2,4,5,2,3,5,5,0,3,5,6,2,4,5,2,5,3,4,3,5,3,4,2,3,4,3,2,5,5,2,5,3,3,4,5,2,3,5,
12,5,3,2,5,5,2,3,5,5,0,3,5,6,2,4,5,3,5,3,4,3,5,4,4,2,4,4,3,2,5,5,2,5,3,3,5,5,2,3,5,
12,5,3,2,5,5,2,3,5,5,0,3,5,6,2,4,5,3,5,3,4,3,5,4,4,2,4,4,3,2,5,5,2,5,3,3,5,5,2,3,5,
11,5,3,2,5,5,2,3,5,5,0,3,5,6,2,4,5,2,5,3,4,3,5,4,4,2,4,4,3,2,5,5,2,5,3,3,5,5,2,3,5,
12,5,3,3,5,6,3,3,5,6,0,3,5,6,3,4,5,3,5,4,4,3,5,4,4,2,4,4,3,3,5,5,3,6,3,3,5,5,3,3,5,
12,5,3,4,5,5,2,5,5,5,0,5,5,5,2,6,5,3,5,5,4,3,5,5,4,2,4,6,3,2,5,5,4,5,3,5,5,5,2,5,5,
12,5,3,3,5,6,3,3,5,6,0,3,5,6,3,4,5,3,5,4,4,3,5,4,4,2,4,4,3,3,5,5,3,6,3,3,5,6,3,3,5,
12,5,2,2,4,5,2,2,4,5,0,3,4,5,2,3,4,2,4,3,3,2,5,3,4,2,3,3,3,2,4,5,2,5,2,2,4,5,2,3,4,
14,7,5,2,4,7,2,2,4,7,0,3,4,7,2,3,4,4,6,3,3,5,7,3,4,2,5,3,3,4,4,7,2,7,5,2,4,7,2,3,4,
12,5,3,2,4,5,2,3,4,5,0,3,4,5,2,3,5,2,4,3,4,2,5,3,4,2,3,3,3,2,5,5,2,5,3,2,4,5,2,3,5,
12,5,3,2,5,5,2,3,5,5,0,3,5,5,2,4,5,2,5,3,4,2,5,3,4,2,4,4,3,2,5,5,2,5,3,3,5,5,2,3,5,
11,5,2,2,4,5,2,3,5,5,0,3,4,5,2,3,4,2,4,3,4,2,5,3,4,2,3,3,3,2,5,5,2,5,2,3,4,5,2,3,5,
14,8,3,2,5,8,2,3,5,8,0,3,5,8,2,3,5,2,8,3,4,2,8,3,4,2,4,4,3,2,5,8,2,8,3,3,4,8,2,3,5,
11,5,3,2,5,5,2,3,5,5,0,3,5,5,2,3,5,3,5,3,4,3,5,3,4,2,4,3,3,2,5,5,2,5,3,3,5,5,2,3,5,
11,5,3,2,5,5,2,3,5,5,0,3,4,5,2,4,5,3,5,3,4,3,5,3,4,2,4,4,3,2,5,5,2,5,3,3,5,5,2,3,5,
12,5,3,2,5,5,2,3,5,5,0,3,5,6,2,4,5,3,5,3,4,3,5,4,4,2,4,4,3,2,5,5,2,5,3,3,5,5,2,3,5,
12,5,3,3,5,6,3,3,5,5,0,3,5,6,3,4,5,3,5,3,4,3,5,4,5,2,4,4,3,3,5,5,3,6,3,3,5,5,3,3,5,
12,5,3,2,5,5,2,3,5,5,0,3,5,6,2,4,5,3,5,3,5,3,5,4,5,2,4,4,3,2,5,5,2,5,3,3,5,5,2,3,5,
14,5,3,2,5,6,2,3,5,5,0,3,5,6,2,4,5,3,5,3,4,3,5,4,5,2,4,4,3,2,5,5,2,5,3,3,5,5,2,3,5,
12,4,2,2,4,5,2,2,4,5,0,2,4,5,2,3,4,2,4,3,4,2,4,3,4,2,3,3,4,2,5,4,1,5,2,2,4,5,2,2,4,
12,6,3,3,5,6,3,3,5,6,0,3,5,6,3,4,5,3,5,4,4,3,5,4,5,2,4,4,4,3,5,5,3,6,3,3,5,6,3,3,5,
15,5,3,3,5,6,3,3,5,6,0,3,5,6,2,4,5,3,5,3,5,3,5,4,5,2,4,4,3,3,5,5,3,6,3,3,5,6,3,3,5,
12,5,2,2,4,5,2,2,4,5,0,3,4,5,2,3,4,2,4,3,3,2,4,3,4,2,3,3,3,2,4,5,2,5,2,2,4,5,2,3,4,
12,5,2,2,4,5,2,2,4,5,0,3,4,5,2,3,4,2,4,3,4,2,4,3,4,2,3,3,3,2,4,5,2,5,2,2,4,5,2,3,4,
12,5,2,2,4,5,2,2,4,5,0,3,4,5,2,3,4,2,4,3,4,2,5,3,4,2,3,3,3,2,5,5,2,5,2,2,4,5,2,3,4,
14,7,2,2,4,7,2,3,5,7,0,3,5,7,2,3,5,2,7,3,4,2,7,3,4,2,6,3,3,2,5,7,2,7,2,3,4,7,2,3,5,
12,5,2,2,4,5,2,2,5,5,0,3,5,5,2,3,5,2,5,3,4,2,5,3,4,2,3,3,3,2,5,5,2,5,2,2,4,5,2,3,5,
11,5,3,2,4,5,2,3,5,5,0,3,5,5,2,3,5,2,5,3,4,2,5,3,4,2,3,4,3,2,5,5,2,5,3,3,4,5,2,3,5,
11,5,3,2,5,5,2,3,5,5,0,3,5,6,2,3,5,3,5,3,4,3,5,3,4,2,4,4,3,2,5,5,2,5,3,3,4,5,2,3,5,
12,4,2,2,4,5,2,2,4,5,0,3,4,5,2,3,4,2,4,3,4,2,4,3,4,2,3,3,3,2,5,4,2,5,2,2,4,5,2,3,4,
13,5,5,5,7,5,5,5,7,5,0,5,7,6,5,5,7,5,5,5,6,5,5,5,6,5,5,5,5,5,7,5,5,5,5,5,7,5,5,5,7,
11,5,3,2,5,5,2,3,5,5,0,3,5,5,2,4,5,2,5,3,4,3,5,4,4,2,4,4,3,2,5,5,2,5,3,3,5,5,2,3,5,
11,5,3,2,5,5,2,3,5,5,0,3,5,6,2,3,5,3,5,3,4,3,5,3,4,2,4,4,3,2,5,5,2,5,3,3,5,5,2,3,5,
12,5,3,2,5,5,2,3,5,5,0,3,5,6,2,4,5,3,5,3,4,3,5,3,4,2,4,4,3,2,5,5,2,5,3,3,5,5,2,3,5,
12,5,3,2,5,5,2,3,5,5,0,3,5,6,2,4,5,3,5,3,4,3,5,4,4,2,4,4,3,2,5,5,2,5,3,3,5,5,2,3,5,
12,5,3,2,5,5,2,3,5,5,0,3,5,6,2,4,5,3,5,3,4,3,5,4,4,2,4,4,3,2,5,5,2,5,3,3,5,5,2,3,5,
12,5,3,3,5,5,3,3,5,5,0,3,5,6,2,4,5,3,5,4,4,3,5,4,4,2,4,5,3,2,5,5,3,5,3,3,5,5,3,3,5,
12,5,2,2,4,5,2,2,4,5,0,3,4,5,2,3,4,2,4,3,4,2,4,3,4,2,3,3,3,2,5,5,2,5,2,2,4,5,2,3,4,
12,5,2,2,4,5,2,2,4,5,0,3,4,5,2,3,4,2,4,3,4,2,4,3,4,2,3,3,3,2,5,5,2,5,2,2,4,5,2,3,4,
12,4,2,2,4,5,2,2,4,5,0,2,4,5,2,3,4,2,4,3,3,2,4,3,4,2,3,3,3,2,4,5,2,5,2,2,4,5,2,2,4,
14,5,2,2,4,5,2,2,4,5,0,3,4,7,2,3,4,2,4,3,4,2,5,3,4,2,3,3,3,2,5,5,2,5,2,2,4,5,2,3,4,
12,5,3,2,4,5,2,2,4,5,0,3,4,5,2,3,4,2,4,3,4,2,5,3,4,2,3,3,3,2,5,5,2,5,3,2,4,5,2,3,5,
12,5,3,2,4,5,2,3,4,5,0,3,4,5,2,3,5,2,5,3,4,2,5,3,4,2,3,3,3,2,5,5,2,5,3,3,4,5,2,3,4,
12,4,2,1,4,4,1,2,4,4,0,2,4,4,1,2,4,1,4,2,3,1,4,2,3,0,3,3,2,1,4,4,1,4,2,2,4,4,0,2,4,
13,5,3,2,5,5,2,3,5,5,0,3,5,6,2,4,5,2,5,4,5,2,5,4,5,2,4,4,3,2,5,5,2,5,3,3,5,5,2,3,5,
11,5,3,2,5,5,2,3,5,5,0,3,5,5,2,3,5,2,5,3,4,2,5,3,4,2,3,4,3,2,5,5,2,5,3,3,5,5,2,3,5,
11,5,3,2,5,5,2,3,5,5,0,3,5,5,2,4,5,2,5,3,5,3,5,3,5,2,4,4,3,2,5,5,2,5,3,3,5,5,2,3,5,
14,5,3,2,5,5,2,3,5,5,0,3,5,5,2,3,5,2,5,3,5,2,5,3,5,2,4,4,3,2,5,5,2,5,3,3,5,5,2,3,5,
11,5,3,2,5,5,2,3,5,5,0,3,5,6,3,4,5,3,5,3,5,3,5,4,5,2,4,4,3,2,5,5,2,5,3,3,5,5,2,3,5,
12,5,3,3,5,6,3,3,5,6,0,3,5,6,3,4,5,3,5,4,5,3,5,4,5,2,4,4,3,3,5,5,3,6,3,3,5,6,3,3,5,
14,5,3,3,5,5,3,3,5,5,0,3,5,6,3,4,5,3,5,3,5,3,5,4,5,2,4,4,3,3,5,5,3,5,3,3,5,5,3,3,5,
12,5,3,3,5,5,3,3,5,6,0,4,5,6,3,5,5,3,5,4,5,3,5,5,5,3,4,5,3,3,5,5,3,5,3,3,5,6,3,4,5,
12,5,3,3,5,6,3,3,5,6,0,4,5,6,3,4,5,3,5,4,5,3,5,4,5,3,4,4,4,3,5,5,3,6,3,3,5,6,3,4,5,
12,5,2,2,4,5,2,2,5,5,0,3,5,5,2,3,5,2,4,3,4,2,5,3,4,1,3,3,3,2,5,5,2,5,2,2,4,5,2,3,5,
12,5,2,2,4,5,2,2,4,5,0,3,4,5,2,3,4,2,4,3,4,2,4,3,4,1,3,3,3,2,5,5,2,5,2,2,4,5,2,3,4,
12,5,2,2,4,5,2,3,5,5,0,3,4,5,2,3,4,2,4,3,4,2,4,4,4,2,3,4,3,2,5,5,2,5,2,3,5,5,2,3,4,
12,5,2,2,4,5,2,3,4,5,0,3,4,5,2,4,5,2,5,3,4,2,5,3,4,2,3,3,3,2,5,5,2,5,2,3,4,5,2,3,4,
12,5,2,2,4,5,2,3,5,5,0,3,5,5,2,4,5,2,5,3,4,2,5,3,4,2,3,4,3,2,5,5,2,5,2,3,4,5,2,3,5,
12,5,3,2,4,5,2,3,5,5,0,3,4,5,2,4,5,2,5,3,4,3,5,3,4,2,3,4,3,2,5,5,2,5,3,3,4,5,2,3,5,
12,5,3,2,4,5,2,3,4,5,0,3,4,5,2,4,5,2,5,3,4,2,5,3,4,2,3,4,3,2,5,5,2,5,3,3,4,5,2,3,5,
12,5,3,3,4,5,3,3,5,5,0,3,4,5,3,4,5,3,5,3,4,3,5,4,4,2,3,4,3,3,5,5,3,5,3,3,4,5,2,3,5,
12,5,3,3,4,5,3,3,5,5,0,3,5,6,3,4,5,3,5,3,4,3,5,4,4,2,4,4,3,3,5,5,3,5,3,3,4,5,3,3,5,
13,4,3,6,4,5,2,7,4,5,0,7,4,5,2,7,4,2,4,7,3,2,4,7,4,2,3,7,3,2,4,4,6,5,3,7,4,5,2,7,4,
12,5,3,3,5,6,3,3,5,5,0,3,5,6,3,4,5,3,5,3,4,3,5,4,4,3,4,4,3,3,5,5,3,6,3,3,5,5,3,3,5,
12,5,3,3,5,6,3,3,5,6,0,3,5,6,3,4,5,3,5,3,4,3,5,4,4,3,4,4,3,3,5,5,3,6,3,3,5,6,3,3,5,
12,6,6,3,5,6,3,3,5,6,0,3,5,6,3,4,5,3,5,3,4,3,6,4,4,3,4,4,3,3,5,6,2,6,6,3,5,6,3,3,5,
12,5,3,3,5,5,3,3,5,5,0,3,5,6,3,5,5,3,5,3,4,3,5,4,4,3,4,4,3,3,5,5,2,5,3,3,5,5,3,3,5,
12,5,3,2,4,5,2,3,5,5,0,3,5,5,2,4,4,2,5,3,4,2,5,3,4,2,3,4,3,2,5,5,2,5,3,3,4,5,2,3,5,
12,4,2,1,3,4,1,2,4,4,0,2,4,4,1,2,4,1,3,2,3,1,4,2,3,1,2,2,2,1,4,4,1,4,2,2,3,4,1,2,4,
15,5,2,2,5,8,2,3,4,8,0,3,4,8,2,3,5,2,5,3,3,2,5,3,4,1,3,3,3,2,5,5,2,8,2,3,5,8,2,3,4,
12,5,2,2,5,5,2,3,5,5,0,3,5,5,2,3,5,2,5,3,4,2,5,4,4,2,3,3,3,2,5,5,2,5,2,3,5,5,2,3,5,
12,5,2,2,4,5,2,3,5,5,0,3,4,5,2,3,5,2,5,3,4,2,5,3,4,2,3,3,3,2,5,5,2,5,2,3,4,5,2,3,5,
12,5,2,2,5,5,2,3,5,5,0,3,4,5,2,3,4,2,5,3,4,2,5,3,4,2,3,4,3,2,5,5,2,5,2,3,5,5,2,3,5,
13,5,3,2,5,5,2,3,5,5,0,3,5,6,2,3,5,3,5,3,4,3,5,4,4,2,4,4,3,2,5,5,2,5,3,3,5,5,2,3,5,
11,5,3,2,5,5,2,3,5,5,0,3,5,5,2,4,5,2,5,3,4,2,5,4,4,2,4,4,3,2,5,5,2,5,3,3,5,5,2,3,5,
14,5,3,3,5,6,3,3,5,6,0,4,5,6,3,4,5,3,5,4,4,3,5,4,4,2,4,4,3,3,5,5,3,6,3,3,5,6,3,4,5,
34,4,2,1,3,4,1,2,4,4,0,2,4,4,1,2,4,1,4,2,3,1,4,2,3,1,2,2,2,1,4,4,1,4,2,2,3,4,1,2,4,
11,5,3,2,5,5,2,3,5,5,0,3,5,6,2,3,5,3,5,3,4,3,5,4,4,2,4,3,3,2,5,5,2,5,3,3,5,5,2,3,5,
14,5,3,2,4,5,2,3,5,5,0,3,5,5,3,3,5,3,5,3,4,3,5,3,4,2,3,3,3,3,5,5,2,5,3,3,4,5,2,3,5,
12,5,3,3,5,6,3,3,5,5,0,4,5,6,3,4,5,3,5,3,4,3,5,4,5,2,4,4,3,2,5,5,3,6,3,3,5,5,3,4,5,
12,5,3,3,5,6,3,3,5,5,0,4,5,6,3,4,5,3,5,3,4,3,5,4,4,2,4,4,3,3,5,5,3,6,3,3,5,5,3,4,5,
12,5,3,2,5,6,3,4,5,6,0,4,5,6,3,4,5,3,5,3,4,3,5,4,5,3,4,4,4,3,5,5,2,6,3,3,5,6,3,4,5,
14,6,2,2,4,7,2,3,5,7,0,3,4,7,2,3,5,2,6,3,4,2,6,3,4,2,5,3,3,2,5,6,2,7,2,3,4,7,2,3,5,
14,5,3,3,5,6,2,3,5,5,0,4,5,6,3,4,5,3,5,3,4,3,5,4,5,2,4,4,3,2,5,5,3,5,3,3,5,5,2,4,5,
12,5,2,2,4,5,2,3,5,5,0,3,4,5,2,3,5,2,4,3,4,2,4,3,4,2,3,3,3,2,5,5,2,5,2,3,4,5,2,3,5,
12,5,2,2,5,5,2,3,5,5,0,3,4,5,2,3,5,2,4,3,4,2,5,3,4,2,3,3,3,2,5,5,2,5,2,3,5,5,2,3,5,
12,5,3,2,5,5,2,3,5,5,0,3,4,5,2,3,4,2,5,3,4,2,5,3,4,2,3,3,3,2,5,5,2,5,3,3,5,5,2,3,5,
13,5,3,3,6,5,3,3,6,4,0,3,6,5,3,3,6,3,4,3,5,3,4,4,6,3,3,3,4,3,6,5,3,5,3,3,6,4,3,3,6,
13,5,2,2,5,5,2,3,5,5,0,3,5,6,2,3,5,2,5,3,4,2,5,3,4,2,3,3,3,2,5,5,2,5,2,3,5,5,2,3,5,
12,5,2,2,5,5,2,3,5,5,0,3,5,5,2,3,5,2,5,3,4,2,5,3,4,2,3,3,3,2,5,5,2,5,2,3,5,5,2,3,5,
11,5,3,2,5,5,2,3,5,5,0,3,5,5,2,3,5,2,4,3,4,2,5,3,4,2,3,3,3,2,5,5,2,5,3,3,5,5,2,3,5,
12,5,3,2,5,6,2,3,5,5,0,3,5,5,2,3,5,3,5,3,4,3,5,4,4,2,4,3,3,2,5,5,2,5,3,3,5,5,2,3,5,
11,5,3,2,5,5,2,3,5,5,0,3,5,5,2,3,5,2,5,3,4,3,5,3,4,2,4,4,3,2,5,5,2,5,3,3,5,5,2,3,5,
12,5,3,2,4,5,2,3,5,5,0,3,5,6,2,3,5,3,5,3,4,3,5,3,4,2,4,3,3,2,5,5,2,5,3,3,4,5,2,3,5,
12,5,3,3,5,5,2,3,5,5,0,4,5,6,2,4,5,3,5,3,4,3,5,4,4,2,4,4,3,2,5,5,3,5,3,3,5,5,2,4,5,
12,5,3,2,5,5,2,3,5,5,0,3,5,6,2,3,5,3,5,3,4,3,5,4,4,2,4,4,3,2,6,5,2,5,3,3,5,5,2,3,5,
12,5,3,2,5,6,2,3,5,6,0,3,5,6,2,4,5,3,5,3,4,3,5,4,4,2,4,4,3,2,5,5,2,6,3,3,5,6,2,3,5,
12,4,2,2,4,5,2,2,4,5,0,3,4,5,2,3,4,2,4,2,3,2,4,3,4,2,3,3,3,2,4,4,2,5,2,2,4,5,2,3,4,
12,5,3,2,5,6,3,3,5,5,0,4,5,6,3,4,5,3,5,3,4,3,5,4,4,2,4,4,3,3,5,5,2,6,3,3,5,5,3,4,5,
12,4,2,2,4,5,2,2,4,5,0,3,4,5,2,3,4,2,4,2,3,2,4,3,4,2,3,3,3,2,5,4,2,5,2,2,4,5,2,3,4,
12,5,2,2,4,5,2,2,4,5,0,3,4,5,2,3,4,2,4,3,3,2,5,3,4,2,3,3,3,2,5,5,2,5,2,2,4,5,2,3,4,
12,5,2,2,4,5,2,3,5,5,0,3,5,5,2,3,5,2,4,3,4,2,4,3,4,2,3,3,3,2,5,5,2,5,2,3,4,5,2,3,5,
12,4,2,2,4,5,2,3,4,5,0,3,4,5,2,3,4,2,4,2,4,2,4,3,4,1,3,3,3,2,5,5,2,5,2,3,4,5,2,3,4,
12,5,2,2,4,5,2,3,5,5,0,3,5,5,2,3,4,2,4,3,4,2,5,3,4,2,3,3,3,2,5,5,2,5,2,3,4,5,2,3,5,
15,5,2,2,4,5,2,3,5,5,0,3,5,5,2,3,4,2,5,3,4,2,5,3,4,2,3,3,3,2,5,5,2,5,2,3,4,5,2,3,5,
12,5,2,2,4,5,2,3,5,5,0,3,5,5,2,3,4,2,5,3,4,2,5,3,4,2,4,3,3,2,5,5,2,5,3,3,4,5,2,3,5,
13,5,3,2,4,5,2,3,5,5,0,3,5,6,3,3,4,2,5,3,4,3,5,3,4,2,4,3,3,2,5,5,2,5,3,3,4,5,2,3,5,
12,5,2,2,4,5,2,3,5,5,0,3,5,6,2,3,5,2,5,3,4,2,5,3,4,2,4,3,3,2,5,5,2,5,2,3,4,5,2,3,5,
12,5,3,2,5,5,2,3,5,5,0,3,5,6,2,3,5,2,5,3,4,3,5,3,4,2,4,3,3,2,5,5,2,5,3,3,5,5,2,3,5,
12,5,3,2,5,5,2,3,5,5,0,3,5,6,2,3,5,2,5,3,4,3,5,4,4,2,4,4,3,2,5,5,2,5,3,3,5,5,2,3,5,
12,5,3,2,5,5,3,3,5,5,0,3,5,6,2,3,5,2,5,3,4,3,5,4,4,2,4,4,3,2,5,5,2,5,3,3,5,5,3,3,5,
12,5,3,2,5,5,2,3,5,5,0,3,5,6,3,3,5,3,5,3,4,3,5,4,4,2,4,4,3,2,5,5,2,5,3,3,5,5,2,3,5,
12,5,3,2,5,6,3,3,5,6,0,4,5,6,2,4,5,3,5,3,4,3,5,4,4,2,4,4,3,2,5,5,2,6,3,3,5,6,3,4,5,
12,5,3,3,5,6,3,4,5,6,0,4,5,6,3,4,5,3,5,3,4,3,5,4,4,2,4,4,3,3,5,5,3,6,3,4,5,6,3,4,5,
12,5,2,2,4,5,2,2,4,5,0,3,4,5,2,3,5,2,5,2,3,2,5,3,3,1,3,3,3,2,5,5,2,5,2,2,4,5,2,3,5,
12,5,2,2,4,5,2,2,5,5,0,3,4,5,2,3,5,2,5,2,3,2,5,3,4,1,3,3,3,2,5,5,2,5,2,2,4,5,2,3,4,
12,5,3,3,5,6,3,3,5,6,0,4,5,6,3,4,5,3,5,3,4,3,5,4,4,2,4,4,4,3,5,5,3,6,3,3,5,6,3,4,5,
12,5,2,2,4,5,2,2,4,5,0,3,4,5,2,3,4,2,4,2,3,2,4,3,4,2,3,3,3,2,4,4,2,5,2,2,4,5,2,3,4,
12,5,2,2,4,5,2,3,5,5,0,3,4,5,2,3,4,2,5,3,4,2,5,3,4,2,3,3,3,2,5,5,2,5,2,3,4,5,2,3,5,
12,4,2,4,4,5,2,4,4,4,0,5,4,5,2,5,4,2,4,5,3,2,4,5,3,2,3,5,2,2,4,4,4,5,2,4,4,4,2,5,4,
12,5,2,2,4,5,2,2,5,5,0,3,5,5,2,3,5,2,5,3,4,2,5,3,4,2,3,3,3,2,5,5,2,5,2,2,5,5,2,3,5,
12,5,2,2,5,5,2,2,5,5,0,3,5,5,2,3,5,2,5,3,4,2,5,3,4,2,3,3,3,2,5,5,2,5,2,2,4,5,2,3,5,
12,5,5,2,4,5,2,2,5,5,0,3,5,5,2,3,4,2,4,3,4,2,5,3,4,2,3,3,3,2,5,5,2,5,5,2,5,5,2,3,5,
12,5,2,2,4,5,2,2,5,5,0,3,5,5,2,3,4,2,4,3,4,2,5,3,4,2,3,3,3,2,5,5,2,5,2,2,4,5,2,3,5,
12,5,3,2,5,5,2,3,5,5,0,3,5,6,2,3,5,3,5,3,4,3,5,3,4,2,4,3,3,2,5,5,2,5,3,3,5,5,2,3,5,
12,5,3,2,5,5,2,2,5,5,0,3,5,6,2,3,5,2,5,3,4,3,5,3,4,2,4,3,3,2,5,5,2,5,3,2,5,5,2,3,5,
12,5,3,2,5,5,2,3,5,5,0,3,5,6,3,3,5,2,5,3,4,3,5,3,4,2,4,4,3,2,5,5,2,5,3,3,5,5,2,3,5,
12,5,3,3,5,6,3,3,5,5,0,3,5,6,3,4,5,3,5,3,4,3,5,3,4,3,4,4,3,3,5,5,3,6,3,3,5,5,3,3,5,
12,5,3,2,5,6,2,3,5,5,0,3,5,6,2,4,5,3,5,3,4,3,5,3,4,2,4,4,3,2,5,5,2,5,3,3,5,5,2,3,5,
12,5,3,2,5,6,3,3,5,5,0,3,5,6,3,3,5,3,5,3,4,3,5,3,4,2,4,4,3,2,5,5,2,6,3,3,5,5,2,3,5,
12,6,3,3,5,6,3,3,5,6,0,3,5,6,3,4,5,3,5,4,4,3,6,3,5,3,4,4,4,3,6,6,3,6,3,3,5,6,3,3,6,
12,5,3,2,5,6,2,3,5,5,0,3,5,6,3,4,5,3,5,3,4,3,5,3,4,2,4,4,3,2,6,5,2,6,3,3,5,5,2,3,5,
15,5,3,2,5,6,3,3,5,6,0,4,5,6,3,4,5,3,5,4,4,3,6,4,5,3,4,4,4,3,6,6,2,6,3,3,5,6,3,4,5,
12,5,2,2,5,5,2,2,5,5,0,3,5,5,2,3,5,2,5,3,4,2,5,3,4,2,3,3,3,2,5,5,2,5,2,2,5,5,2,3,5,
12,5,2,2,5,5,2,2,5,5,0,3,5,5,2,3,5,2,5,3,4,2,5,3,4,2,3,3,3,2,5,5,2,5,2,2,5,5,2,3,5,
15,5,2,2,4,5,2,2,5,5,0,3,5,5,2,3,5,2,5,3,4,2,5,3,4,2,3,3,3,2,5,5,2,5,2,2,4,5,2,3,5,
12,5,2,2,5,5,2,2,5,5,0,3,5,5,2,3,5,2,5,3,4,2,5,3,4,2,3,3,3,2,5,5,2,5,2,2,5,5,2,3,5,
11,5,2,2,4,5,2,2,5,5,0,3,5,5,2,3,5,2,5,3,4,2,5,3,4,2,3,3,3,2,5,5,2,5,2,2,4,5,2,3,5,
12,5,3,2,5,5,2,3,5,5,0,3,5,6,2,3,5,2,5,3,4,3,5,3,4,2,4,4,3,2,5,5,2,5,3,3,5,5,2,3,5,
12,5,3,2,5,5,2,3,5,5,0,3,5,6,3,4,5,3,5,3,4,3,5,3,4,2,4,4,3,2,5,5,2,6,3,3,5,5,2,3,5,
12,5,3,2,5,5,2,3,5,5,0,3,5,6,2,3,5,2,5,3,4,3,5,3,4,2,4,4,3,2,5,5,2,5,3,3,5,5,2,3,5,
12,5,3,2,5,6,2,3,5,5,0,3,5,6,3,4,5,3,5,3,4,3,5,3,4,2,4,4,3,2,5,5,2,6,3,3,5,5,2,3,5,
12,5,3,2,5,6,2,3,5,6,0,4,5,6,3,4,5,3,5,4,4,3,5,3,5,2,4,4,4,2,5,5,2,6,3,3,5,5,2,3,5,
12,5,2,2,4,5,2,2,5,5,0,2,4,5,2,3,4,2,4,3,4,2,5,3,4,2,3,3,3,2,5,5,2,5,2,2,4,5,2,2,5,
13,1,0,0,3,2,0,0,3,1,0,0,3,2,0,0,3,0,1,0,2,0,1,0,2,0,0,0,1,0,3,1,0,2,0,0,3,1,0,0,3,
12,5,2,2,4,5,2,2,5,5,0,3,5,5,2,3,5,2,5,3,4,2,5,3,4,2,3,3,3,2,5,5,2,5,2,2,4,5,2,3,5,
12,5,2,2,4,5,2,2,5,5,0,2,5,5,2,4,5,2,5,4,4,2,5,3,4,2,3,4,3,2,5,5,2,5,2,2,4,5,2,2,5,
13,5,3,2,5,5,2,3,5,5,0,4,5,6,2,4,5,2,5,3,4,3,5,4,4,2,4,4,3,2,5,5,2,5,3,3,5,5,2,4,5,
13,5,3,2,5,5,2,3,6,5,0,3,5,5,2,4,5,2,5,3,4,3,5,3,4,2,4,4,3,2,6,5,2,5,3,3,5,5,2,3,6,
13,5,3,2,5,6,2,3,6,6,0,3,6,6,2,3,6,2,5,3,4,3,5,3,5,2,4,4,3,2,6,5,2,6,3,3,5,5,2,3,6,
12,5,3,2,5,5,2,2,5,5,0,3,5,6,3,3,5,2,5,3,4,3,5,3,4,2,4,3,3,2,5,5,2,5,3,2,5,5,2,3,5,
11,5,3,2,5,5,2,3,5,5,0,3,5,6,2,3,5,2,5,3,4,3,5,3,4,2,4,4,3,2,5,5,2,5,3,3,5,5,2,3,5,
12,5,2,3,4,5,2,4,4,5,0,4,4,5,2,5,4,2,4,4,3,2,4,4,4,2,3,5,3,2,5,4,3,5,2,4,4,5,2,4,4,
12,5,2,2,4,5,2,2,5,5,0,3,5,5,2,3,5,2,4,3,4,2,4,3,4,2,3,3,3,2,5,5,2,5,2,2,4,5,2,3,5,
12,4,2,1,5,5,2,2,5,5,0,2,5,5,2,3,5,2,4,2,4,2,4,2,4,2,3,3,3,2,5,4,1,5,2,2,5,5,2,2,5,
12,6,3,2,5,6,2,3,6,6,0,4,5,6,3,4,6,3,6,3,4,3,6,3,5,2,4,4,4,2,6,6,2,6,3,3,5,6,3,4,6,
12,5,3,2,5,6,2,3,5,5,0,3,5,6,3,4,5,3,5,3,4,3,5,3,5,2,4,4,4,2,5,5,3,6,3,3,5,5,3,3,5,
12,5,2,2,5,5,2,3,5,5,0,3,5,5,2,3,4,2,5,3,4,2,5,3,4,2,3,4,3,2,5,5,2,5,2,2,4,5,2,3,5,
12,5,3,3,5,5,2,3,5,5,0,4,5,5,3,4,5,3,5,4,4,3,5,4,4,2,4,4,3,2,5,5,2,5,4,3,5,5,2,4,5,
14,5,3,2,6,6,2,2,7,5,0,3,7,6,2,3,7,2,5,3,6,2,5,3,6,2,3,3,4,2,7,5,2,6,3,2,6,5,2,3,6,
14,6,3,2,5,6,3,2,5,6,0,3,6,6,3,3,5,3,6,3,5,3,5,3,4,2,4,3,3,2,6,6,2,6,3,2,5,6,2,3,5,
12,5,2,2,4,5,2,2,4,5,0,3,5,5,2,3,5,2,5,3,4,2,5,3,4,2,3,3,3,2,5,5,2,5,2,2,4,5,2,3,4,
11,5,2,2,5,5,2,2,5,5,0,3,5,5,2,3,5,2,5,3,4,3,5,3,4,2,3,3,3,2,5,5,2,5,3,2,5,5,2,3,5,
11,5,3,4,4,5,2,5,4,5,0,5,5,5,2,5,5,3,4,5,4,3,5,5,4,2,3,5,3,2,5,5,4,5,3,4,4,5,2,5,4,
12,4,2,1,4,5,2,2,4,5,0,3,4,5,2,3,4,2,4,2,4,2,4,3,4,2,3,3,2,2,4,4,1,5,2,2,4,5,2,3,4,
12,6,3,3,5,6,3,3,5,6,0,4,5,6,3,4,5,3,5,3,4,3,5,4,5,2,4,4,3,3,5,6,2,6,3,3,5,6,3,4,5,
15,5,3,2,5,6,2,2,5,5,0,3,5,6,3,3,5,3,5,3,5,3,5,3,5,2,4,3,3,2,5,5,2,5,3,2,5,5,2,3,5,
11,5,3,2,5,5,2,3,5,5,0,3,5,5,3,4,5,3,5,3,5,3,5,3,5,2,4,4,3,2,5,5,2,5,3,3,5,5,2,3,5,
11,5,3,2,5,5,3,3,5,5,0,3,5,6,3,4,5,3,5,3,4,3,5,4,5,3,4,4,3,3,6,5,2,5,3,3,5,5,3,3,5,
13,4,4,2,5,5,2,2,5,5,0,2,5,5,3,3,5,2,4,3,4,3,4,3,4,3,3,3,3,2,5,4,2,5,4,2,5,5,2,2,5,
15,8,3,2,5,8,2,3,5,8,0,3,5,9,2,4,5,2,7,3,4,2,7,3,4,2,6,4,3,2,5,8,2,8,3,2,5,8,2,3,5,
13,5,2,2,4,6,2,2,4,6,0,3,4,6,2,3,4,2,5,3,3,2,5,3,4,2,3,3,3,2,5,5,2,6,2,2,4,6,2,3,4,
12,5,2,2,5,5,2,2,4,5,0,3,5,5,2,3,5,2,4,3,4,2,5,3,4,2,3,3,3,2,5,5,2,5,2,2,5,5,2,3,4,
12,5,2,2,5,5,2,2,5,5,0,3,5,5,2,3,5,2,5,3,4,2,5,3,4,2,3,3,3,2,5,5,2,5,2,2,5,5,2,3,4,
11,5,3,2,5,5,2,3,5,5,0,3,5,5,2,3,5,2,5,3,4,3,5,3,4,2,3,3,3,2,5,5,2,5,3,3,5,5,2,3,5,
14,5,3,2,5,8,2,3,5,5,0,3,5,8,2,3,5,2,5,3,4,3,5,3,4,2,4,4,3,2,5,5,2,8,3,3,5,5,2,3,5,
11,5,3,2,5,5,3,3,5,5,0,3,5,6,3,4,5,3,5,3,4,3,5,3,4,3,4,4,3,3,5,5,2,5,3,3,5,5,3,3,5,
11,5,3,2,5,5,2,3,5,5,0,3,5,5,2,3,5,2,5,3,4,3,5,3,4,2,4,4,3,2,5,5,2,5,3,3,5,5,2,3,5,
12,5,3,2,5,6,3,3,5,5,0,3,5,6,3,4,5,3,5,3,4,3,5,3,5,3,4,4,3,3,5,5,2,6,3,3,5,5,3,3,5,
12,5,2,2,5,5,2,2,5,5,0,3,5,5,2,3,5,2,5,3,4,2,5,3,4,2,3,3,3,2,5,5,2,5,2,2,5,5,2,3,5,
12,5,3,2,5,6,2,3,5,5,0,3,5,6,3,4,5,3,5,3,4,3,5,4,5,2,4,4,3,2,5,5,2,6,3,3,5,5,2,3,5,
12,5,2,2,5,5,2,2,5,5,0,3,4,5,2,3,5,2,5,3,4,2,5,3,4,2,3,3,3,2,4,5,1,5,2,2,5,5,2,2,5,
14,5,3,2,5,5,2,3,5,5,0,3,5,5,3,3,5,2,5,3,4,3,5,3,4,2,4,4,3,2,5,5,2,5,3,3,5,5,2,3,5,
12,5,2,2,4,5,2,2,4,5,0,2,5,5,2,3,5,2,5,3,4,2,5,3,4,2,3,3,3,2,5,5,2,5,2,2,4,5,2,3,4,
12,5,2,2,5,5,2,2,5,5,0,3,5,5,2,3,5,2,5,3,4,2,5,3,5,2,3,3,3,2,5,5,2,5,2,2,5,5,2,3,5,
12,5,2,2,5,5,2,2,5,5,0,3,5,5,2,3,5,2,5,3,4,2,5,3,5,2,3,3,3,2,5,5,2,5,2,2,5,5,2,3,5,
11,5,3,2,5,5,2,2,5,5,0,3,5,5,2,3,5,2,5,3,4,3,5,3,5,2,3,3,3,2,5,5,2,5,2,2,5,5,2,3,5,
11,5,3,2,5,5,2,3,5,5,0,3,5,5,2,3,5,2,5,3,4,2,5,3,4,2,4,4,3,2,5,5,2,5,3,3,5,5,2,3,5,
13,2,1,1,4,2,1,1,4,2,0,1,4,2,0,1,4,1,1,1,3,1,1,1,4,1,1,1,2,1,4,2,1,2,1,1,4,2,1,1,4,
11,5,3,2,5,5,2,3,5,5,0,3,5,5,3,3,5,3,5,3,4,3,5,3,4,2,4,4,3,3,5,5,2,5,3,3,5,5,2,3,5,
12,5,3,2,5,6,2,3,5,5,0,4,5,6,3,4,5,3,5,4,5,3,5,4,5,2,4,4,4,3,5,5,2,6,3,3,5,5,2,4,5,
11,5,3,2,5,5,2,3,5,5,0,3,5,6,3,4,5,3,5,3,4,3,5,3,4,2,4,4,3,3,5,5,2,5,3,3,5,5,2,3,5,
12,5,3,2,5,6,3,3,5,5,0,3,5,6,3,4,5,3,5,3,5,3,5,3,5,2,4,4,3,3,5,5,2,6,3,3,5,5,2,3,5,
12,5,3,2,5,6,3,3,5,5,0,3,5,6,3,4,5,3,5,4,5,3,5,4,5,2,4,4,4,3,5,5,2,6,3,3,5,5,3,3,5,
12,5,3,2,4,5,2,2,4,4,0,2,4,5,2,3,4,2,4,3,4,2,4,3,4,2,3,3,3,2,4,4,2,5,3,2,4,4,2,2,4,
12,4,2,2,4,5,2,2,4,5,0,3,4,5,2,3,4,2,4,3,4,2,4,3,4,2,3,3,3,2,4,4,2,5,2,2,4,5,2,3,4,
12,4,2,2,4,5,2,2,4,5,0,3,4,5,2,3,5,2,4,3,4,2,4,3,4,2,3,3,3,2,4,4,2,5,3,2,4,5,2,3,4,
12,4,2,2,4,5,2,2,4,5,0,3,4,5,2,3,4,2,4,3,4,2,4,3,4,2,3,3,3,2,4,4,2,5,3,2,4,5,2,3,4,
12,4,3,2,4,5,2,2,5,5,0,3,4,5,2,3,5,2,4,3,4,2,5,3,4,2,3,3,3,2,5,4,2,5,3,2,5,5,2,3,5,
11,5,3,2,5,5,2,3,5,5,0,3,5,5,2,3,5,2,5,3,4,2,5,3,4,2,3,3,3,2,5,5,2,5,3,3,5,5,2,3,5,
11,5,3,2,5,5,2,3,5,5,0,3,5,5,3,3,5,3,5,3,4,3,5,3,4,2,4,4,3,2,5,5,2,5,3,3,5,5,2,3,5,
11,5,3,2,5,5,2,3,5,5,0,3,5,5,3,4,5,3,5,3,4,3,5,3,4,2,4,4,3,3,5,5,2,5,3,3,5,5,2,3,5,
12,5,3,2,5,5,2,3,5,5,0,3,5,6,3,4,5,3,5,3,4,3,5,3,4,2,4,4,3,3,5,5,2,5,3,3,5,5,2,3,5,
11,5,3,2,5,5,2,3,5,5,0,3,5,6,3,3,5,3,5,3,4,3,5,3,4,2,4,4,3,2,5,5,2,5,3,3,5,5,2,3,5,
12,5,3,2,5,5,3,3,5,5,0,3,5,6,3,4,5,3,5,3,4,3,5,3,5,2,4,4,3,3,5,5,2,5,3,3,5,5,2,3,5,
14,5,5,1,5,6,3,2,5,5,0,3,5,6,3,3,5,4,5,3,5,4,5,3,5,3,4,3,3,3,5,5,1,6,5,2,5,5,3,3,5,
12,5,3,2,5,5,3,3,5,5,0,3,5,6,3,4,5,3,5,3,5,3,5,4,5,3,4,4,3,3,5,5,2,5,3,3,5,5,3,3,5,
12,5,3,2,5,6,3,3,5,5,0,3,5,6,3,4,5,3,5,4,5,3,5,4,5,3,4,4,4,3,5,5,2,6,3,3,5,5,3,3,5,
12,5,3,2,5,5,2,2,5,5,0,3,5,5,2,3,5,2,4,3,4,2,5,3,4,2,3,3,3,2,5,5,2,5,3,2,5,5,2,3,5,
12,5,3,2,4,5,2,3,4,5,0,3,4,5,2,3,5,3,4,3,4,3,5,3,4,2,3,3,3,2,5,5,2,5,3,3,4,5,2,3,4,
12,5,3,2,5,5,2,2,5,5,0,3,5,5,2,3,5,2,4,3,4,2,5,3,4,2,3,3,3,2,5,5,2,5,3,2,5,5,2,3,5,
11,5,3,2,5,5,2,3,5,5,0,3,5,5,2,3,5,3,4,3,5,3,5,3,4,2,3,4,3,2,5,5,2,5,3,3,5,5,2,3,5,
12,5,3,2,5,5,2,3,5,5,0,3,5,6,2,3,5,3,4,3,4,3,5,3,4,2,3,3,3,2,5,5,2,5,3,3,5,5,2,3,5,
11,5,3,2,5,5,2,3,5,5,0,3,5,5,2,3,5,3,5,3,5,3,5,3,4,2,4,4,3,3,5,5,2,5,3,3,5,5,2,3,5,
11,5,3,2,5,5,2,3,5,5,0,3,5,5,2,3,5,3,5,3,4,3,5,3,4,2,4,4,3,2,5,5,2,5,3,3,5,5,2,3,5,
11,5,3,2,5,5,2,3,5,5,0,3,5,5,3,3,5,3,5,3,5,3,5,4,5,2,4,4,3,2,5,5,2,5,3,3,5,5,2,3,5,
11,5,3,2,5,5,2,3,5,5,0,3,5,5,3,3,5,3,5,3,5,3,5,4,5,2,4,4,3,3,5,5,2,5,3,3,5,5,2,3,5,
12,6,3,2,5,6,3,3,6,6,0,4,5,6,3,4,6,3,5,4,5,3,6,4,5,3,4,4,4,3,6,6,2,6,3,3,5,6,3,4,6,
12,6,3,2,5,6,3,3,6,6,0,3,5,6,3,4,6,3,5,4,5,3,6,4,5,3,4,4,4,3,5,6,2,6,3,3,5,6,3,3,6,
12,5,2,2,4,5,2,2,5,5,0,3,4,5,2,3,5,2,4,3,4,2,5,3,4,2,3,3,3,2,4,5,2,5,2,2,4,5,2,3,5,
12,4,2,3,4,5,2,4,4,5,0,4,5,5,2,5,5,2,4,4,4,2,4,5,4,1,3,5,2,2,5,5,3,5,2,4,4,5,2,4,4,
12,5,2,2,5,5,2,2,5,5,0,3,5,5,2,3,5,2,4,3,4,2,5,3,4,2,3,3,3,2,5,5,2,5,2,2,5,5,2,3,5,
12,5,3,2,5,5,2,2,5,5,0,3,5,5,2,3,5,2,4,3,4,2,5,3,4,2,3,3,3,2,5,5,2,5,3,2,5,5,2,3,5,
13,7,5,2,5,7,2,3,5,7,0,3,5,7,5,3,5,5,7,3,4,5,7,3,4,2,6,4,3,2,5,7,2,7,5,3,5,7,2,3,5,
11,5,3,2,5,5,2,3,5,5,0,3,5,5,2,3,5,2,5,3,4,2,5,3,4,2,3,4,3,2,5,5,2,5,3,3,5,5,2,3,5,
11,5,3,2,5,5,2,3,5,5,0,3,5,5,2,3,5,3,4,3,4,3,5,3,4,2,3,4,3,2,5,5,2,5,3,3,5,5,2,3,5,
11,5,3,2,5,5,2,3,5,5,0,3,5,6,2,3,5,2,5,3,5,3,5,4,5,2,4,4,3,2,5,5,2,5,3,3,5,5,2,3,5,
14,5,3,2,5,5,2,3,5,5,0,3,5,5,2,3,5,3,5,3,5,3,5,3,5,2,4,4,3,2,5,5,2,5,3,3,5,5,2,3,5,
12,5,3,2,5,5,2,3,5,5,0,3,5,6,3,4,5,3,5,3,5,3,5,4,5,2,4,4,3,2,5,5,2,6,3,3,5,5,2,3,5,
12,6,3,3,6,6,3,3,6,6,0,4,5,6,3,4,6,3,5,4,5,3,6,4,5,3,4,4,4,3,6,6,3,6,3,3,6,6,3,4,6,
12,6,3,2,6,6,3,3,6,6,0,4,6,6,3,4,6,3,5,4,5,3,5,4,5,3,4,4,4,3,6,6,2,6,3,3,6,6,3,4,6,
14,6,2,1,7,6,2,2,7,6,0,2,7,7,2,3,7,2,6,3,4,2,6,3,6,2,3,3,3,2,7,6,1,6,2,2,7,6,2,2,7,
12,4,2,2,5,5,2,2,5,5,0,3,4,5,2,3,5,2,4,3,4,2,5,3,4,2,3,3,3,2,5,4,2,5,2,2,5,5,2,3,5,
14,5,3,2,5,5,2,3,5,5,0,3,5,6,2,3,5,3,5,3,5,3,5,3,5,2,4,4,3,2,5,5,2,5,3,3,5,5,2,3,5,
12,5,2,2,5,5,2,2,5,5,0,3,5,5,2,3,5,2,4,3,4,2,5,3,4,2,3,3,3,2,5,5,2,5,2,2,5,5,2,3,5,
12,5,3,2,5,5,2,2,5,5,0,3,5,5,2,3,5,2,5,3,4,2,5,3,4,2,3,4,3,2,5,5,2,5,2,2,5,5,2,3,5,
14,5,2,2,5,5,2,2,5,5,0,2,4,5,2,3,5,2,4,3,4,2,5,3,4,2,3,3,3,2,5,5,2,5,2,2,5,5,2,2,5,
33,5,3,2,5,5,2,2,5,5,0,3,5,26,2,3,5,2,4,3,4,3,26,3,4,2,3,3,3,2,5,5,2,5,3,2,5,5,2,3,5,
12,5,3,2,5,6,2,5,5,6,0,5,5,6,2,5,5,3,5,5,5,3,5,5,5,2,4,6,3,2,5,5,2,6,3,5,5,5,2,5,5,
11,5,3,2,5,5,2,3,5,5,0,3,5,5,2,3,5,3,5,3,5,3,5,3,5,2,4,4,3,2,5,5,2,5,3,3,5,5,2,3,5,
14,8,3,2,5,9,3,3,5,8,0,3,5,8,3,4,5,3,8,3,5,3,8,3,5,2,7,4,3,3,5,8,2,8,3,3,5,8,3,3,5,
12,5,3,2,5,6,2,3,5,5,0,3,5,5,3,4,5,3,5,3,5,3,5,3,5,2,4,4,4,3,5,5,2,6,3,3,5,5,2,3,5,
12,5,3,2,5,6,3,3,6,5,0,3,5,6,3,4,5,3,5,4,5,3,5,4,5,3,4,4,4,3,5,5,2,6,3,3,5,5,3,3,6,
12,5,3,3,5,6,3,3,6,6,0,4,5,6,3,4,6,3,5,4,5,3,5,4,5,3,4,4,4,3,6,5,2,6,3,3,5,5,3,4,6,
12,5,2,2,5,5,2,2,5,5,0,3,5,5,2,3,5,2,4,3,4,2,4,3,4,2,3,3,3,2,5,5,2,5,2,2,5,5,2,3,5,
14,5,4,4,7,5,4,4,7,5,0,4,7,5,4,4,8,4,4,4,6,4,4,4,7,4,4,4,5,4,7,5,4,5,4,4,7,5,4,4,7,
12,6,3,2,6,6,3,3,6,6,0,3,5,6,3,4,6,3,5,4,5,3,5,4,5,3,4,4,4,3,6,6,2,6,3,3,6,6,3,3,6,
12,5,3,2,5,5,2,3,5,5,0,3,5,5,2,3,5,2,4,3,4,2,5,3,4,2,3,4,3,2,5,5,2,5,3,3,5,5,2,3,5,
12,5,3,2,5,5,2,2,5,5,0,3,5,5,2,3,5,2,4,3,4,2,5,3,4,2,3,4,3,2,5,5,2,5,3,2,5,5,2,3,5,
12,5,4,2,5,5,2,4,5,5,0,4,5,5,2,4,5,4,4,4,5,4,5,4,5,2,4,4,4,2,6,5,2,5,4,4,5,5,2,4,5,
11,5,3,2,5,5,2,3,5,5,0,3,5,5,2,3,5,3,5,3,5,3,5,3,5,2,4,4,3,2,5,5,2,5,3,3,5,5,2,3,5,
11,5,3,2,5,5,2,3,5,5,0,3,5,5,2,3,5,3,5,3,5,3,5,3,5,2,4,4,3,2,5,5,2,5,3,3,5,5,2,3,5,
11,5,3,2,5,5,2,3,5,5,0,3,5,5,2,3,5,2,5,3,5,3,5,3,5,2,4,4,3,2,5,5,2,5,3,3,5,5,2,3,5,
11,5,3,2,5,5,2,3,5,5,0,3,5,6,3,4,5,3,5,3,5,3,5,3,5,2,4,4,3,3,5,5,2,5,3,3,5,5,2,3,5,
12,5,3,2,5,5,2,3,5,5,0,3,5,6,3,4,5,3,5,3,5,3,5,3,5,2,4,4,3,2,5,5,2,5,3,3,5,5,2,3,5,
12,4,3,2,5,5,2,2,5,5,0,3,4,5,2,3,5,2,4,3,4,2,4,3,4,2,3,3,3,2,5,4,2,5,3,2,5,4,2,3,5,
13,5,2,2,5,5,2,2,5,6,0,3,5,5,2,3,5,2,4,3,4,2,4,3,4,2,3,3,3,2,5,5,2,5,2,2,5,6,2,3,5,
12,4,2,2,4,5,2,2,4,4,0,2,4,4,2,3,5,2,4,3,4,2,4,3,4,2,3,3,3,2,4,4,2,5,2,2,4,4,2,2,4,
12,4,2,2,5,5,2,2,5,4,0,3,4,5,2,3,5,2,4,3,4,2,4,3,4,2,3,3,3,2,5,4,2,5,2,2,5,4,2,3,5,
12,4,3,2,5,5,2,2,5,4,0,3,5,5,2,3,5,2,4,3,4,2,4,3,4,2,3,3,3,2,5,4,2,5,3,2,5,5,2,3,5,
12,5,3,2,5,5,2,2,5,5,0,3,5,5,2,3,5,2,4,3,4,2,5,3,4,2,3,3,3,2,5,5,2,5,2,2,5,5,2,3,5,
12,5,2,2,5,5,2,2,5,5,0,3,5,6,2,3,5,2,5,3,4,2,5,3,4,2,3,3,3,2,5,5,2,5,2,2,5,5,2,3,5,
12,5,3,2,5,5,2,3,5,5,0,3,5,6,2,3,5,3,5,3,4,3,5,3,4,2,4,4,3,2,5,5,2,5,3,3,5,5,2,3,5,
11,5,3,2,5,5,2,3,5,5,0,3,5,5,2,3,5,3,4,3,4,3,5,3,4,2,4,3,3,2,5,5,2,5,3,3,5,5,2,3,5,
617,6,6,3,8,7,2,3,9,7,0,4,9,7,3,4,9,4,6,4,7,4,6,4,7,2,5,5,6,2,9,6,2,7,6,4,8,7,3,4,9,
515,7,4,3,8,8,3,4,9,7,0,4,8,8,4,4,9,3,7,4,8,4,7,4,8,2,5,5,7,3,8,7,3,8,5,4,8,7,3,4,10,
413,6,2,3,7,6,1,4,8,6,0,4,7,6,1,4,8,2,5,4,7,2,6,4,7,1,5,5,6,2,7,6,3,6,2,4,7,6,1,4,8,
32,5,3,2,5,5,2,3,5,5,0,3,5,5,2,25,5,2,5,3,4,2,5,3,4,2,4,4,3,2,5,5,2,5,3,3,5,5,2,3,5,
14,5,3,2,5,5,2,3,5,5,0,4,5,5,2,3,5,2,4,3,4,2,5,7,4,2,4,7,3,2,5,5,2,5,3,3,5,5,2,4,5,
12,5,2,2,5,5,2,2,5,5,0,3,4,5,2,3,5,2,4,3,4,2,5,3,4,2,3,3,3,2,5,5,2,5,2,2,5,5,2,3,5,
11,5,3,2,5,5,2,3,5,5,0,3,5,5,2,3,5,3,5,3,4,3,5,3,4,2,4,4,3,2,5,5,2,5,3,3,5,5,2,3,5,
11,5,3,2,5,5,2,3,5,5,0,3,5,5,2,3,5,3,5,3,5,3,5,3,5,2,4,4,3,2,5,5,2,5,3,3,5,5,2,3,5,
11,5,3,2,5,5,2,3,5,5,0,3,5,5,2,3,5,3,5,3,4,3,5,3,4,2,4,4,3,2,5,5,2,5,3,3,5,5,2,3,5,
15,5,2,2,4,5,2,2,5,5,0,3,4,5,2,3,5,2,4,3,4,2,4,3,4,2,3,3,3,2,5,5,2,5,2,2,4,5,2,3,5,
14,5,3,2,5,6,3,3,5,6,0,3,5,6,3,4,5,3,5,4,5,3,5,4,5,2,4,4,4,3,5,5,2,6,3,3,5,6,3,3,5,
37,6,3,2,5,6,3,3,5,31,0,3,5,31,3,4,5,3,5,3,5,3,30,4,5,3,29,4,3,3,5,6,2,6,3,3,5,31,3,3,5,
12,6,3,2,5,6,2,3,5,6,0,3,5,6,3,4,6,3,5,3,5,3,5,4,5,2,4,4,4,3,5,6,2,6,3,3,5,6,2,3,5,
12,4,2,2,4,5,2,2,5,5,0,3,4,5,2,3,5,2,4,3,4,2,4,3,4,2,3,3,3,2,5,4,2,5,2,2,4,5,2,3,5,
12,4,3,2,4,5,2,2,5,5,0,2,4,5,2,3,5,2,4,3,4,2,4,3,4,2,3,3,3,2,4,4,2,5,3,2,4,5,2,2,5,
34,4,3,2,27,5,2,2,27,5,0,3,5,5,2,3,4,2,4,3,4,2,4,3,26,2,3,3,3,2,5,4,2,5,3,2,27,5,2,3,27,
12,4,3,2,5,5,2,2,5,5,0,3,5,5,2,3,5,2,4,3,4,2,4,3,4,2,3,3,3,2,6,4,2,5,3,2,5,5,2,3,5,
15,5,3,2,5,5,3,3,5,5,0,3,5,6,3,4,5,3,5,4,5,3,5,4,5,3,4,4,3,3,5,5,2,5,3,3,5,5,3,3,5,
11,5,3,2,5,5,2,3,5,5,0,3,5,5,2,3,5,2,4,3,4,2,4,3,4,2,3,4,3,2,5,5,2,5,3,3,5,5,2,3,5,
12,5,3,2,5,5,2,3,5,5,0,3,6,5,2,3,5,2,4,3,4,3,5,3,4,2,4,4,3,2,5,5,2,5,3,3,5,5,2,3,5,
14,7,6,4,7,8,5,5,7,7,0,6,8,8,5,6,7,5,7,6,6,5,7,6,6,4,6,6,5,5,7,7,4,8,6,5,7,7,5,6,7,
11,5,3,2,5,5,2,3,5,5,0,3,5,5,2,3,5,3,5,3,4,3,5,3,4,2,4,4,3,2,5,5,2,5,3,3,5,5,2,3,5,
11,5,3,2,5,5,2,3,5,5,0,3,5,6,3,4,5,3,5,3,5,3,5,3,5,2,4,4,3,3,5,5,2,5,3,3,5,5,2,3,5,
13,5,3,2,5,5,3,3,5,5,0,3,7,5,3,4,5,3,5,4,5,3,5,4,5,3,4,4,3,3,5,5,2,5,3,3,5,5,3,3,5,
15,8,3,2,5,8,3,3,5,8,0,3,5,9,3,4,5,3,8,3,5,3,8,4,5,3,7,4,3,3,5,8,2,8,3,3,5,8,3,3,5,
12,4,2,2,4,5,2,2,4,5,0,3,4,5,2,3,4,2,4,3,4,2,4,3,4,2,3,3,3,2,4,4,2,5,2,2,4,5,2,3,4,
12,4,2,2,4,5,2,2,4,4,0,3,4,5,2,3,5,2,4,3,4,2,4,3,4,2,3,3,3,2,5,4,2,5,2,2,4,4,2,3,4,
12,4,2,1,4,5,2,2,4,5,0,3,4,5,2,3,5,2,4,3,4,2,4,3,4,2,3,3,3,2,5,4,1,5,2,2,4,5,2,3,5,
34,5,3,2,6,5,2,2,5,5,0,3,5,5,2,3,26,2,4,3,26,2,5,3,4,2,3,3,3,2,5,5,2,5,3,2,6,5,2,3,5,
15,5,3,2,8,5,2,2,8,5,0,3,5,5,2,3,5,2,4,3,5,2,5,3,5,2,3,3,3,2,5,5,2,5,2,2,8,5,2,3,8,
13,4,2,2,4,5,2,2,4,5,0,3,4,5,2,3,4,2,4,3,4,2,4,3,4,2,3,3,3,2,4,4,2,5,2,2,4,5,2,3,4,
31,5,25,2,5,5,2,3,5,5,0,3,5,5,2,3,5,3,5,3,4,25,5,3,4,2,4,4,3,24,5,5,2,5,25,3,5,5,2,3,5,
11,5,3,2,5,5,3,3,5,5,0,3,5,5,3,4,5,3,5,3,5,3,5,3,5,2,4,4,3,2,5,5,2,5,3,3,5,5,3,3,5,
13,4,2,2,4,5,2,2,5,5,0,3,4,5,2,3,5,2,4,3,4,2,4,3,4,2,3,3,3,2,4,4,2,5,2,2,4,5,2,3,5,
11,5,3,2,5,5,2,3,5,5,0,3,5,5,3,4,5,3,5,3,5,3,5,3,5,2,4,4,3,2,5,5,2,5,3,3,5,5,2,3,5,
11,5,3,2,5,5,3,3,5,5,0,3,5,5,3,4,5,3,5,3,5,3,5,3,5,3,4,4,3,3,5,5,2,5,3,3,5,5,3,3,5,
11,5,3,2,5,5,3,3,5,5,0,3,5,6,3,4,5,3,5,3,5,3,5,4,5,3,4,4,3,3,5,5,2,5,3,3,5,5,3,3,5,
12,4,2,2,4,5,2,2,5,5,0,3,4,5,2,3,5,2,4,3,4,2,4,3,4,2,3,3,3,2,5,4,2,5,2,2,4,5,2,3,5,
12,5,2,1,4,5,2,2,5,5,0,3,4,5,2,3,5,2,4,3,4,2,4,3,4,2,3,3,3,2,5,5,1,5,2,2,4,5,2,3,5,
12,4,2,1,4,5,2,2,5,5,0,3,4,5,2,3,5,2,4,3,4,2,4,3,4,2,3,3,3,2,5,4,1,5,2,2,4,5,2,3,5,
12,4,3,2,5,5,2,2,5,5,0,3,4,5,2,3,5,2,4,3,4,2,4,3,4,2,3,3,3,2,5,5,2,5,3,2,5,5,2,3,5,
12,4,2,2,4,5,2,2,5,5,0,3,4,5,2,3,5,2,4,3,4,2,4,3,4,2,3,3,3,2,5,4,2,5,3,2,4,5,2,3,5,
14,4,4,4,6,4,4,4,7,4,0,4,6,5,3,3,7,4,4,4,6,4,4,3,6,4,3,4,5,3,6,4,4,4,4,4,6,4,4,4,7,
11,5,3,2,5,5,2,3,5,5,0,3,5,5,2,3,5,2,5,3,4,3,5,3,4,2,3,4,3,2,5,5,2,5,3,3,5,5,2,3,5,
11,5,3,2,5,5,2,3,5,5,0,3,5,5,2,3,5,2,5,3,4,3,5,3,4,2,3,4,3,2,5,5,2,5,3,3,5,5,2,3,5,
11,5,3,2,5,5,2,3,5,5,0,3,5,5,2,3,5,3,5,3,4,3,5,3,4,2,4,4,3,3,5,5,2,5,3,3,5,5,2,3,5,
11,5,3,2,5,5,3,3,5,5,0,3,5,6,3,4,5,3,5,3,5,3,5,3,5,3,5,5,3,3,5,5,2,5,3,3,5,5,3,3,5,
12,5,3,2,5,5,2,3,5,6,0,3,5,5,3,4,5,3,5,3,5,3,5,3,5,2,4,4,3,3,5,5,2,5,3,3,5,6,2,3,5,
12,5,3,2,5,5,3,3,5,5,0,3,5,6,3,4,5,3,5,4,5,3,5,4,5,3,5,5,4,3,5,5,2,5,3,3,5,5,3,3,5,
12,4,2,2,4,5,2,2,5,5,0,3,4,5,2,3,5,2,4,3,4,2,4,3,4,2,4,4,3,2,5,4,2,5,2,2,4,5,2,3,5,
12,5,3,2,5,6,3,3,5,5,0,4,5,6,3,4,6,3,5,4,5,3,5,4,5,2,4,4,4,3,5,5,2,6,3,3,5,5,3,4,5,
12,4,3,2,4,5,2,3,4,4,0,3,4,5,2,3,5,2,4,3,4,2,4,3,4,2,3,3,3,2,4,4,1,5,3,2,4,4,2,3,4,
12,4,2,2,4,5,2,2,5,5,0,3,4,5,2,3,5,2,4,3,4,2,5,3,4,2,3,3,3,2,5,4,2,5,2,2,4,5,2,3,5,
12,4,2,2,4,5,2,2,5,4,0,3,4,5,2,3,5,2,4,3,4,2,4,3,4,2,3,3,3,2,4,4,2,5,2,2,4,4,2,3,5,
12,5,2,2,5,5,2,3,5,5,0,3,4,5,2,3,5,2,4,3,4,3,5,3,4,2,3,3,3,2,5,5,2,5,2,3,5,5,2,3,5,
12,5,3,2,5,5,2,3,5,5,0,3,5,5,2,3,5,2,5,3,4,2,5,3,5,2,4,4,3,2,5,5,2,5,3,3,5,5,2,3,5,
11,5,3,2,5,5,2,3,5,5,0,3,5,5,2,3,5,2,5,3,4,3,5,3,4,2,3,4,3,2,5,5,2,5,3,3,5,5,2,3,5,
11,5,3,2,5,5,2,3,5,5,0,3,5,5,2,3,5,2,5,3,4,3,5,3,5,2,4,4,3,2,5,5,2,5,3,3,5,5,2,3,5,
12,5,3,2,5,5,3,3,5,5,0,3,5,6,3,4,5,3,5,3,5,3,5,4,5,3,4,4,4,3,5,5,2,5,3,3,5,5,3,3,5,
11,5,3,2,5,5,2,3,5,5,0,3,5,5,3,3,5,2,5,3,4,3,5,3,5,2,4,4,3,2,5,5,2,5,3,3,5,5,2,3,5,
32,5,3,2,5,5,2,3,5,5,0,3,5,5,3,4,5,3,5,25,4,3,5,3,4,2,4,26,3,2,5,5,2,5,3,3,5,5,3,3,5,
12,4,2,3,4,4,1,4,4,4,0,5,4,4,2,5,4,2,4,4,3,2,4,5,3,1,3,5,2,2,4,4,3,4,2,4,4,4,1,5,4,
11,5,3,2,5,5,3,3,5,5,0,3,5,5,3,4,5,3,5,4,4,3,5,4,5,3,4,4,4,3,5,5,2,5,3,3,5,5,3,3,5,
12,5,3,3,5,6,3,3,5,5,0,4,5,6,3,4,5,3,5,4,5,3,5,4,5,3,4,4,4,3,5,5,3,6,3,3,5,5,3,4,5,
14,6,5,2,4,7,4,2,4,7,0,3,4,7,4,3,4,4,6,3,4,5,6,3,4,4,5,3,3,4,4,6,2,7,5,2,4,7,4,3,4,
12,4,2,2,4,5,2,2,5,5,0,3,4,5,2,3,4,2,4,3,4,2,4,3,4,2,3,3,3,2,4,4,2,5,2,2,4,5,2,3,4,
12,5,2,2,4,5,2,2,5,5,0,3,4,5,2,3,5,2,4,3,4,2,5,3,4,2,3,3,3,2,5,5,2,5,2,3,4,5,2,3,5,
12,5,3,2,5,5,2,3,5,5,0,3,5,5,2,3,5,2,4,3,4,2,5,3,4,2,3,4,3,2,5,5,2,5,3,3,5,5,2,3,5,
14,8,3,2,5,8,2,3,5,8,0,3,5,8,2,3,5,2,4,3,4,2,8,3,4,2,4,4,3,2,5,8,2,8,3,3,5,8,2,3,5,
30,5,3,2,5,5,2,3,5,5,0,3,5,5,2,3,5,2,5,3,4,3,5,24,4,2,4,4,3,2,5,5,2,5,3,3,5,5,2,3,5,
12,5,3,3,5,5,3,4,5,5,0,4,5,6,3,4,5,3,5,4,4,3,5,4,5,3,4,5,4,3,5,5,3,5,3,4,5,5,3,4,5,
11,5,3,2,5,5,2,3,5,5,0,4,5,5,2,3,5,3,5,3,4,3,5,4,5,2,4,4,3,2,5,5,2,5,3,3,5,5,2,4,5,
11,5,3,2,5,5,2,3,5,5,0,4,5,5,2,3,5,2,5,3,4,3,5,4,4,2,4,4,3,2,5,5,2,5,3,3,5,5,2,4,5,
15,6,3,2,6,9,3,4,6,5,0,4,6,9,3,4,9,3,5,4,5,3,5,4,5,3,4,4,4,3,9,6,2,9,3,4,6,5,3,4,9,
13,5,3,2,5,5,3,4,5,5,0,4,5,6,3,4,5,3,5,3,4,3,5,4,5,2,4,4,4,3,5,5,2,5,3,4,5,5,3,4,5,
30,5,5,2,5,5,3,3,5,5,0,4,5,6,3,4,5,3,5,3,4,24,5,4,5,3,4,4,4,3,5,5,2,5,3,3,5,5,3,4,5,
12,5,3,2,5,5,2,3,5,5,0,4,5,5,2,3,5,2,4,3,4,3,5,4,4,2,3,4,3,2,5,5,2,5,3,3,5,5,2,4,5,
36,4,2,2,4,27,2,3,5,4,0,3,4,6,2,3,4,2,26,3,4,2,4,3,4,1,3,3,3,2,4,4,2,27,2,3,4,5,2,3,5,
12,5,2,2,4,5,2,3,5,5,0,3,4,5,2,3,4,2,4,3,4,2,5,3,4,2,3,3,3,2,4,5,2,5,2,3,4,5,2,3,5,
12,5,3,2,4,5,2,3,5,5,0,3,4,5,2,3,5,2,4,3,4,2,5,3,4,2,3,4,3,2,5,5,2,5,3,3,4,5,2,3,5,
11,5,3,2,5,5,2,3,5,5,0,3,5,5,2,3,5,2,4,3,4,2,5,4,4,2,3,4,3,2,5,5,2,5,3,3,5,5,2,3,5,
31,6,3,2,5,6,2,3,5,6,0,3,25,6,2,3,5,2,6,3,4,2,6,4,4,2,5,4,3,2,5,6,2,6,3,3,5,6,2,3,5,
32,5,4,2,5,5,2,3,6,5,0,3,5,5,26,4,5,2,5,3,5,3,5,3,5,2,4,4,4,2,5,5,2,5,4,3,5,5,2,3,6,
11,5,4,2,5,5,3,3,5,5,0,4,5,5,3,3,5,3,5,3,4,3,5,4,5,2,4,4,3,3,5,5,2,5,4,3,5,5,3,4,5,
11,5,3,2,5,5,2,3,5,5,0,4,5,6,2,3,5,2,5,3,4,3,5,4,5,2,4,4,3,2,5,5,2,5,3,3,5,5,2,4,5,
12,5,3,2,5,5,3,3,5,6,0,4,5,6,3,3,5,3,5,3,4,3,5,4,5,3,4,4,3,2,5,5,2,6,3,3,5,6,3,4,5,
34,5,4,4,7,5,4,4,8,5,0,4,7,5,4,4,28,4,4,4,6,4,5,4,7,4,4,4,5,4,7,5,4,5,4,4,7,5,4,4,7,
11,5,3,2,5,5,3,3,6,5,0,4,5,6,3,4,5,3,5,3,5,3,5,4,5,3,4,4,4,3,6,5,2,5,3,3,5,5,3,4,6,
13,4,2,2,4,5,2,3,4,5,0,3,4,6,2,3,4,2,4,2,4,2,5,3,4,2,3,3,3,2,4,4,2,5,2,3,4,5,2,3,4,
12,5,3,2,5,6,3,3,5,6,0,4,5,6,3,4,5,3,5,4,5,3,5,4,5,3,4,4,4,3,5,5,2,6,3,3,5,6,3,4,5,
12,4,2,2,4,5,2,2,4,5,0,3,4,5,2,3,4,2,4,3,4,2,4,3,4,2,3,3,3,2,4,4,2,5,2,2,4,5,2,3,4,
37,4,4,2,29,5,2,4,30,5,0,4,29,5,2,4,29,2,4,4,29,2,4,4,29,2,4,4,28,2,30,4,2,5,4,4,29,5,2,4,30,
13,6,3,2,4,7,2,3,5,7,0,3,4,7,2,3,5,2,6,3,4,2,6,3,4,2,5,4,3,2,5,6,2,7,2,3,5,7,2,3,5,
11,5,3,2,5,5,2,3,5,5,0,3,5,5,2,3,5,2,4,3,4,2,5,3,4,2,3,4,3,2,5,5,2,5,3,3,5,5,2,3,5,
11,5,3,2,5,5,2,3,5,5,0,4,5,5,2,4,5,2,4,4,4,3,5,4,4,2,4,4,4,2,5,5,2,5,3,3,5,5,2,4,5,
11,5,3,2,5,5,2,3,5,5,0,4,5,5,2,4,5,3,5,4,4,3,5,4,4,2,4,4,3,2,5,5,2,5,3,3,5,5,3,4,5,
11,5,3,2,5,5,2,3,5,5,0,3,5,5,3,4,5,3,5,3,4,3,5,4,4,2,4,4,3,2,5,5,2,5,3,3,5,5,2,3,5,
11,5,3,2,5,5,3,3,5,5,0,4,5,5,3,4,5,3,5,4,4,3,5,4,4,2,4,4,3,3,5,5,2,5,3,3,5,5,3,4,5,
11,5,3,2,5,5,2,3,5,5,0,4,5,5,3,3,5,3,5,3,4,3,5,4,5,2,4,4,3,2,5,5,2,5,3,3,5,5,2,3,5,
12,4,2,2,4,5,2,2,4,4,0,3,4,5,2,3,4,2,4,3,3,2,4,3,4,2,3,3,3,2,4,4,2,5,2,2,4,4,2,3,4,
12,5,3,2,5,6,3,3,5,5,0,4,5,6,3,4,5,3,5,4,5,3,5,4,5,3,5,5,4,3,5,5,3,5,3,3,5,5,3,4,5,
12,5,3,3,5,5,3,3,5,5,0,4,5,6,3,4,5,3,5,4,4,3,5,4,5,3,4,4,4,3,5,5,3,5,3,3,5,5,3,4,5,
12,4,2,2,4,5,2,2,5,5,0,3,4,5,2,3,4,2,4,3,4,2,4,3,4,2,3,3,3,2,4,4,2,5,2,2,4,4,2,3,5,
14,5,2,2,5,5,2,3,5,5,0,3,5,5,2,3,5,2,4,3,4,2,5,3,4,2,3,3,3,2,5,5,2,5,2,3,5,5,2,3,5,
12,4,2,2,4,5,2,3,5,5,0,3,4,5,2,3,4,2,4,3,4,2,4,3,4,2,3,3,3,2,4,4,2,5,2,3,4,5,2,3,5,
11,4,3,2,4,5,2,3,4,5,0,3,4,5,2,3,4,2,4,3,4,2,5,4,4,2,4,4,3,2,4,4,2,5,3,3,4,5,2,3,4,
11,5,3,2,5,5,2,3,5,5,0,3,5,5,3,3,5,2,5,3,4,3,5,4,4,2,4,4,3,2,5,5,2,5,3,3,5,5,3,3,5,
11,5,3,2,5,5,2,3,5,5,0,3,5,5,2,3,5,2,5,3,4,3,5,4,4,2,4,4,3,2,5,5,2,5,3,3,5,5,2,3,5,
32,5,4,2,5,5,2,3,5,5,0,3,4,6,2,3,5,26,5,3,4,3,5,4,4,2,4,4,3,2,5,5,2,5,4,3,4,5,2,3,5,
12,5,5,2,5,5,3,3,5,5,0,4,5,6,3,4,5,3,5,4,4,4,5,4,5,3,4,4,4,3,5,5,2,5,5,3,5,5,3,4,5,
11,5,3,2,5,5,3,3,5,5,0,4,5,6,3,4,5,3,5,4,4,3,5,4,4,3,4,4,3,3,5,5,2,5,3,3,5,5,3,4,5,
14,5,3,2,5,5,3,3,5,5,0,4,5,5,3,4,5,3,5,4,4,3,5,4,5,2,4,4,3,3,5,5,2,5,3,3,5,5,3,4,5,
12,5,3,2,5,5,3,3,5,5,0,4,5,6,3,4,5,3,5,4,4,3,5,4,4,3,4,4,4,3,5,5,2,5,3,3,5,5,3,4,5,
12,5,3,2,5,5,3,3,5,5,0,4,5,6,3,4,5,3,5,4,4,3,5,4,5,3,4,4,3,3,5,5,2,5,3,3,5,5,3,4,5,
12,4,2,2,4,4,2,2,4,4,0,3,4,5,2,3,4,2,4,3,4,2,4,3,4,2,3,3,3,2,4,4,2,4,2,2,4,4,2,3,4,
12,4,4,2,4,5,2,3,5,5,0,3,4,5,2,3,4,2,4,3,4,2,4,3,4,2,3,4,3,2,4,4,2,5,3,3,4,5,2,3,5,
14,5,3,2,5,5,2,3,5,5,0,3,4,5,2,3,5,2,4,3,4,2,5,3,4,2,3,4,3,2,5,4,2,5,3,3,5,5,2,3,5,
11,5,3,2,4,5,2,3,4,5,0,3,4,5,2,3,4,2,4,3,4,2,5,3,4,2,3,3,3,2,4,4,2,5,3,3,4,5,2,3,4,
11,4,3,4,4,4,2,4,4,4,0,5,4,5,2,5,4,2,4,5,3,3,4,5,4,2,3,5,3,2,4,4,4,4,3,4,4,4,2,5,4,
11,5,3,2,4,5,3,3,5,5,0,3,5,5,2,3,5,3,4,3,4,3,5,4,4,2,4,4,3,2,5,5,2,5,3,3,5,5,3,3,5,
11,5,3,2,4,5,3,3,5,5,0,4,4,5,2,4,4,3,4,4,4,3,5,4,4,2,4,4,3,2,5,5,2,5,3,3,5,5,3,4,5,
13,7,6,2,5,7,5,3,5,7,0,3,4,7,5,3,4,5,6,3,4,6,7,4,4,2,6,4,3,5,5,7,2,7,6,3,5,7,5,3,5,
11,5,3,2,4,5,3,3,5,5,0,3,4,5,3,3,4,2,4,3,4,3,5,4,4,2,4,4,3,2,5,5,2,5,3,3,4,5,3,3,5,
12,5,3,2,5,5,3,3,5,5,0,3,5,6,3,3,5,3,5,3,4,3,5,4,4,2,4,4,3,3,5,5,2,5,3,3,5,5,3,3,5,
12,5,3,2,5,5,3,3,5,5,0,4,5,6,3,4,5,3,5,4,4,3,5,4,4,3,4,4,3,3,5,5,2,5,3,3,5,5,3,4,5,
14,5,4,2,5,5,3,3,5,5,0,4,5,6,3,4,5,3,5,4,4,3,5,4,5,2,4,4,3,3,5,5,2,5,4,3,5,5,3,4,5,
12,5,4,2,5,5,3,3,5,5,0,4,5,6,3,4,5,3,5,4,4,3,5,4,5,3,4,4,3,3,5,5,2,5,4,3,5,5,3,4,5,
12,5,3,2,4,5,2,2,4,5,0,3,4,5,2,3,4,2,4,3,3,2,4,3,4,2,3,3,3,2,4,5,2,5,3,2,4,5,2,3,4,
12,3,2,1,3,4,1,1,3,4,0,2,3,4,1,2,3,1,3,2,2,1,3,2,3,0,2,2,2,1,3,3,1,3,2,1,3,4,0,2,3,
12,4,3,2,4,5,2,2,4,5,0,3,4,5,2,3,4,2,4,3,3,2,4,3,4,2,3,3,3,2,4,4,2,4,3,2,4,5,2,3,4,
11,5,3,2,4,5,2,3,5,5,0,3,4,5,2,3,4,2,4,3,4,2,4,3,4,2,3,4,3,2,4,5,2,5,3,3,4,5,2,3,5,
12,4,3,2,4,5,2,2,4,5,0,3,4,5,2,3,4,2,4,3,4,2,4,3,4,2,3,3,3,2,4,4,2,5,3,2,4,5,2,3,4,
11,5,3,2,5,5,2,3,5,5,0,3,4,5,2,3,4,3,4,3,4,3,5,3,4,2,4,4,3,3,4,5,2,5,3,3,5,5,2,3,5,
11,5,3,2,5,5,2,3,5,5,0,4,5,5,2,4,5,3,5,4,4,3,5,4,4,2,4,4,3,2,5,5,2,5,3,3,5,5,2,4,5,
12,5,3,2,5,5,2,3,5,5,0,3,4,5,2,3,4,2,4,3,4,2,5,3,4,2,3,4,3,2,4,5,2,5,3,3,4,5,2,3,5,
11,5,3,2,5,5,2,3,5,5,0,3,5,5,2,3,5,3,5,3,4,3,5,4,4,2,4,4,3,3,5,5,2,5,3,3,5,5,2,3,5,
11,5,3,2,5,5,2,3,5,5,0,4,5,5,3,4,5,3,5,4,4,3,5,4,4,2,4,4,3,3,5,5,2,5,3,3,5,5,2,4,5,
14,5,3,2,4,5,2,3,5,5,0,3,4,5,2,3,5,3,4,3,4,3,5,3,4,2,4,4,3,3,5,5,2,5,3,3,4,5,2,3,5,
13,7,3,3,5,7,3,3,5,7,0,4,5,7,3,4,5,3,6,4,4,3,6,4,5,3,5,4,4,3,5,7,3,7,3,3,5,7,3,4,5,
12,4,3,2,4,5,2,2,4,5,0,3,4,5,2,3,4,2,4,3,3,2,4,3,4,2,3,3,3,2,4,4,2,4,3,2,4,5,2,3,4,
33,4,3,2,4,5,2,2,4,5,0,3,4,5,26,3,4,2,4,3,3,2,4,3,4,25,3,3,3,2,4,4,2,4,3,2,4,5,2,3,4,
12,5,3,2,5,5,3,3,5,5,0,3,4,5,3,3,4,3,4,3,4,3,5,3,4,3,4,4,3,3,5,5,2,5,3,3,4,5,3,3,5,
12,5,3,2,5,5,2,3,5,5,0,3,4,5,2,3,4,2,4,3,4,2,5,3,4,2,3,4,3,2,5,5,2,5,3,3,4,5,2,3,5,
12,2,1,1,4,2,1,1,4,2,1,1,3,2,0,1,4,1,2,1,3,1,2,1,3,1,1,2,2,1,4,2,1,2,1,1,4,2,1,1,4,
11,5,3,2,5,5,2,3,5,5,0,3,4,5,2,3,4,2,4,3,4,2,5,3,4,2,3,4,3,2,4,5,2,5,3,3,5,5,2,3,5,
11,5,3,2,5,5,2,3,5,5,0,3,5,5,2,4,5,3,5,3,4,3,5,4,5,2,4,4,3,2,5,5,2,5,3,3,5,5,2,4,5,
11,5,3,2,5,5,2,3,5,5,0,3,4,5,2,4,5,3,5,3,4,3,5,3,4,2,4,4,3,2,5,5,2,5,3,3,5,5,2,3,5,
11,5,3,2,5,5,2,3,5,5,0,3,5,5,2,4,5,3,5,3,4,3,5,3,5,2,4,4,3,2,5,5,2,5,3,3,5,5,2,4,5,
11,5,3,2,5,5,2,3,5,5,0,3,5,6,3,4,5,3,5,3,4,3,5,4,4,2,4,4,3,3,5,5,2,5,3,3,5,5,3,4,5,
11,5,3,2,5,5,3,3,5,5,0,3,5,5,3,4,5,3,5,4,4,3,5,4,4,3,4,4,3,3,5,5,2,5,3,3,5,5,3,4,5,
12,5,3,3,5,5,3,3,5,5,0,3,5,6,3,4,5,3,5,4,4,3,5,4,5,3,4,4,3,3,5,5,3,5,3,3,5,5,3,4,5,
12,4,2,2,4,5,2,2,4,5,0,3,4,5,2,3,4,2,4,3,3,2,4,3,4,2,3,3,3,2,4,4,2,5,2,2,4,4,2,3,4,
12,4,2,2,4,5,2,2,4,5,0,3,4,5,2,3,4,2,4,3,3,2,4,3,4,2,3,3,3,2,4,4,2,5,2,2,4,5,2,3,4,
12,4,3,2,4,5,2,2,4,5,0,3,4,5,2,3,4,2,4,3,4,2,4,3,4,2,3,4,3,2,4,4,2,5,3,2,4,5,2,3,4,
12,4,2,1,4,4,1,2,4,4,0,2,3,4,1,2,4,1,3,2,3,1,4,2,3,1,2,3,2,1,4,4,1,4,2,2,4,4,1,2,4,
11,4,3,2,4,5,2,2,4,5,0,3,4,5,2,3,4,2,4,3,4,2,4,3,4,2,3,3,3,2,4,4,2,5,3,3,4,5,2,3,4,
11,5,3,2,4,5,2,3,4,5,0,3,4,5,2,3,4,2,4,3,4,2,4,3,4,2,3,4,3,2,5,4,2,5,3,3,4,5,2,3,4,
12,5,3,2,5,5,2,3,5,5,0,3,4,6,2,4,5,3,4,3,4,3,5,4,4,2,4,4,3,3,5,5,2,5,3,3,5,5,2,3,5,
11,5,3,2,5,5,2,3,5,5,0,3,4,5,2,4,5,3,4,3,4,3,5,3,4,2,4,4,3,2,5,5,2,5,3,3,5,5,2,3,5,
11,5,3,2,5,5,2,3,5,5,0,3,4,5,2,3,5,3,4,3,4,3,5,3,4,2,4,4,3,3,5,5,2,5,3,3,5,5,2,3,5,
14,5,3,2,5,5,2,3,5,5,0,3,5,6,2,4,5,3,5,3,4,3,5,4,4,2,4,4,3,3,5,5,2,5,3,3,5,5,2,3,5,
11,5,3,2,5,5,2,3,5,5,0,3,5,5,3,4,5,3,5,3,4,3,5,4,4,2,4,4,3,3,5,5,2,5,3,3,5,5,2,3,5,
12,5,3,3,5,5,3,3,5,5,0,3,5,6,3,4,5,3,5,4,4,3,5,4,4,3,4,4,3,3,5,5,2,5,3,3,5,5,3,3,5,
12,4,2,2,4,4,2,2,4,4,0,3,4,5,2,3,4,2,4,3,3,2,4,3,4,2,3,3,3,2,4,4,2,4,2,2,4,4,2,3,4,
13,5,3,2,5,5,2,3,5,5,0,3,4,5,3,3,5,3,4,3,4,3,5,6,4,2,4,6,3,3,5,5,2,5,3,3,5,5,2,3,5,
12,4,3,2,4,5,2,2,4,5,0,3,4,5,2,3,4,2,4,3,3,2,4,3,4,2,3,3,3,2,4,4,2,5,3,2,4,5,2,3,4,
12,5,3,2,4,5,2,2,4,5,0,3,4,5,2,3,4,2,4,3,4,2,5,3,4,2,3,4,3,2,4,4,2,5,3,2,4,5,2,3,4,
12,4,3,2,4,5,2,3,4,5,0,3,4,5,2,3,4,2,4,3,4,2,5,3,4,2,3,4,3,2,4,4,2,5,3,3,4,5,2,3,4,
11,4,3,2,4,4,2,2,4,4,0,3,4,5,2,3,4,2,4,3,3,2,4,3,4,2,3,4,3,2,4,4,2,4,3,2,4,5,2,3,4,
11,5,3,2,5,5,2,3,5,5,0,3,5,5,2,3,5,2,4,3,4,3,5,3,4,2,3,4,3,2,5,5,2,5,3,3,5,5,2,3,5,
11,5,3,2,5,5,2,3,5,5,0,3,4,5,2,3,4,3,4,3,4,3,5,3,4,2,4,4,3,2,5,5,2,5,3,3,5,5,2,3,5,
11,5,3,2,4,5,2,3,5,5,0,3,4,5,2,4,4,3,4,3,4,3,5,3,4,2,4,4,3,2,5,5,2,5,3,3,5,5,2,3,5,
12,5,3,2,5,5,3,3,5,5,0,4,5,6,3,4,5,3,5,4,4,3,5,4,4,2,4,4,3,3,5,5,2,5,3,3,5,5,3,4,5,
11,5,3,2,5,5,2,3,5,5,0,3,5,5,2,4,5,3,5,3,4,3,5,4,5,2,4,4,3,3,5,5,2,5,3,3,5,5,2,3,5,
11,5,3,2,5,5,2,3,5,5,0,3,5,5,2,4,5,3,5,3,4,3,5,4,4,2,4,4,3,3,5,5,2,5,3,3,5,5,2,3,5,
12,4,3,4,4,4,2,4,4,4,0,5,4,4,2,5,4,2,4,5,3,2,4,5,4,1,3,5,2,2,4,4,4,4,3,4,4,4,2,5,4,
12,4,2,2,4,4,2,2,4,5,0,3,4,5,2,3,4,2,4,3,3,2,4,3,4,2,3,3,3,2,4,4,2,4,2,2,4,4,2,3,4,
12,4,3,2,4,5,2,2,4,5,0,3,4,5,2,3,4,2,4,3,3,2,4,3,4,2,3,3,3,2,4,4,2,5,3,2,4,5,2,3,4,
13,4,6,2,4,5,2,2,4,5,0,3,4,5,2,3,4,2,4,3,3,5,4,3,4,2,3,3,3,2,4,4,2,5,6,2,4,5,2,3,4,
12,4,3,2,4,5,2,2,4,5,0,3,4,5,2,3,4,2,4,3,3,2,4,3,4,2,3,3,3,2,4,4,2,5,3,2,4,5,2,3,4,
12,4,3,2,4,5,2,3,4,5,0,3,4,5,2,3,4,2,4,3,4,2,5,3,4,2,3,4,3,2,4,4,2,5,3,3,4,5,2,3,4,
11,5,3,2,4,5,2,3,4,5,0,3,4,5,2,3,4,2,4,3,4,2,5,3,4,2,3,4,3,2,4,5,2,5,3,3,4,5,2,3,4,
11,4,3,2,4,5,2,2,4,5,0,3,4,5,2,3,4,2,4,3,4,2,4,3,4,2,3,4,3,2,4,4,2,5,3,3,4,5,2,3,4,
11,5,3,2,4,5,2,3,5,5,0,3,4,5,2,3,4,3,4,3,4,3,5,3,4,2,4,4,3,2,4,5,2,5,3,3,4,5,2,3,5,
11,5,3,2,4,5,2,3,5,5,0,3,4,5,2,4,4,3,5,3,4,3,5,4,4,2,4,4,3,3,5,5,2,5,3,3,4,5,2,3,5,
11,5,3,2,4,5,2,3,5,5,0,3,5,5,2,4,5,3,5,3,4,3,5,4,4,2,4,4,3,3,5,5,2,5,3,3,4,5,2,3,5,
11,5,3,2,5,5,2,3,5,5,0,3,5,5,2,3,5,3,5,3,4,3,5,4,5,2,4,4,3,2,5,5,2,5,3,3,5,5,2,3,5,
11,5,3,2,5,5,3,3,5,5,0,4,5,6,3,4,5,3,5,4,4,3,5,4,5,3,4,4,4,3,5,5,2,5,3,3,5,5,3,4,5,
33,5,3,2,5,5,2,3,5,5,0,4,5,5,3,4,5,3,5,4,4,3,5,4,4,2,4,25,3,3,5,5,2,5,3,3,5,5,2,4,5,
12,4,3,2,4,5,2,3,4,5,0,3,4,5,2,4,4,2,4,3,3,2,4,4,4,2,3,4,3,2,4,4,2,5,3,3,4,5,2,3,4,
12,5,3,2,4,5,2,3,5,5,0,3,4,5,2,3,4,2,4,3,4,2,5,3,4,2,3,4,3,2,4,5,2,5,3,3,4,5,2,3,5,
15,4,3,2,4,5,2,2,4,4,0,3,4,5,2,3,4,2,4,3,3,2,4,3,4,2,3,3,3,2,4,4,2,4,3,2,4,4,2,3,4,
12,4,3,2,4,5,2,2,4,5,0,3,4,5,2,3,5,2,4,3,3,2,4,3,4,2,3,3,3,2,4,4,2,5,3,2,4,5,2,3,4,
12,5,3,2,4,5,2,3,5,5,0,3,4,5,2,3,5,2,4,3,4,2,4,3,4,2,3,4,3,2,5,5,2,5,3,3,4,5,2,3,5,
11,4,3,2,4,5,2,3,5,5,0,3,5,5,2,3,5,2,4,3,4,2,4,4,4,2,3,4,3,2,5,5,2,5,3,3,4,5,2,3,5,
14,8,3,2,5,8,2,3,5,8,0,3,4,8,3,3,5,3,7,3,4,3,8,3,4,2,7,4,3,2,5,8,2,8,3,3,5,8,2,3,5,
11,5,3,2,4,5,2,3,5,5,0,3,4,5,3,3,4,3,4,3,4,3,5,3,4,2,4,4,3,2,4,5,2,5,3,3,4,5,2,3,5,
11,5,3,2,4,5,2,3,5,5,0,3,4,5,3,3,4,3,4,3,4,3,5,3,4,2,4,4,3,2,4,5,2,5,3,3,4,5,2,3,5,
12,5,3,2,5,5,2,3,6,5,0,3,5,5,3,3,5,3,4,3,4,3,5,3,4,2,4,4,3,2,5,5,2,5,3,3,5,5,2,3,6,
14,5,3,2,5,5,2,3,5,5,0,3,4,5,2,3,5,2,4,3,4,3,5,3,4,2,4,4,3,2,5,5,2,5,3,3,5,5,2,3,5,
14,5,5,5,7,5,5,5,8,5,0,5,7,5,5,5,8,5,5,5,7,5,5,5,7,5,5,5,6,5,7,5,5,5,5,5,7,5,5,5,7,
11,5,3,2,5,5,3,3,5,5,0,3,4,5,3,3,5,3,5,3,4,3,5,4,4,2,4,4,3,3,5,5,2,5,3,3,5,5,3,3,5,
12,4,3,2,4,4,2,2,4,5,0,3,4,5,2,3,4,2,4,3,3,2,4,3,4,2,3,3,3,2,4,4,2,4,3,2,4,5,2,3,4,
12,5,3,3,5,6,3,3,5,6,0,4,5,6,3,4,5,3,5,4,4,3,5,4,5,3,4,4,4,3,5,5,2,6,3,3,5,6,3,4,5,
12,6,3,2,5,5,3,3,5,6,0,4,5,5,3,4,5,3,5,4,4,3,5,4,4,3,4,4,4,3,5,6,2,5,3,3,5,5,3,4,5,
12,5,2,2,4,5,2,2,4,5,0,3,4,5,2,3,4,2,4,3,3,2,4,3,4,2,3,3,3,2,4,5,2,5,2,2,4,5,2,3,4,
12,4,2,2,4,4,2,2,4,5,0,3,4,5,2,3,4,2,4,3,3,2,4,3,4,2,3,3,3,2,4,4,2,4,2,2,4,5,2,3,4,
12,4,3,2,4,4,2,2,4,5,0,3,4,5,2,3,4,2,4,3,3,2,4,3,4,2,3,3,3,2,4,4,2,4,3,2,4,4,2,3,4,
12,5,3,2,4,5,2,3,5,5,0,3,4,5,2,3,4,2,4,3,4,2,4,3,4,2,3,3,3,2,4,5,2,5,3,3,4,5,2,3,5,
12,4,2,2,4,4,2,2,4,5,0,3,4,5,2,3,4,2,4,3,3,2,4,3,4,2,3,3,3,2,4,4,2,4,2,2,4,5,2,3,4,
12,4,3,2,4,5,2,3,4,5,0,3,4,5,2,3,4,2,4,3,4,2,4,3,4,2,3,4,3,2,4,4,2,5,3,3,4,5,2,3,4,
12,5,3,2,5,5,2,3,5,5,0,3,4,5,2,3,5,2,4,3,4,2,4,3,4,2,3,4,3,2,5,5,2,5,3,3,5,5,2,3,5,
11,5,3,2,4,5,2,3,5,5,0,3,4,5,2,3,5,2,4,3,4,2,5,3,4,2,3,4,3,2,5,5,2,5,3,3,5,5,2,3,5,
11,5,3,2,5,5,2,3,5,5,0,3,4,5,2,3,4,2,4,3,4,2,4,3,4,2,3,4,3,2,4,5,2,5,3,3,5,5,2,3,5,
11,5,3,2,5,5,2,3,5,5,0,3,4,5,3,3,5,3,4,3,4,3,5,4,4,2,4,4,3,2,5,5,2,5,3,3,5,5,2,3,5,
11,5,3,2,5,5,2,3,5,5,0,3,4,5,3,3,5,3,4,3,4,3,5,3,4,2,4,4,3,2,5,5,2,5,3,3,5,5,2,3,5,
11,5,3,2,5,5,2,3,5,5,0,3,4,5,3,4,5,3,5,3,4,3,5,4,4,2,4,4,3,2,5,5,2,5,3,3,5,5,2,3,5,
14,5,3,2,5,5,3,3,5,5,0,4,5,6,3,4,5,3,5,4,4,3,5,4,4,3,4,4,3,3,5,5,2,5,3,3,5,5,3,4,5,
13,7,3,2,5,7,3,3,5,7,0,4,5,8,3,4,5,3,7,4,4,3,7,4,4,2,6,4,3,2,5,7,2,7,3,3,5,7,3,4,5,
12,5,3,2,5,5,3,3,5,5,0,4,5,6,3,4,5,3,5,4,4,3,5,4,4,3,4,4,3,3,5,5,2,5,3,3,5,5,3,4,5,
12,4,2,2,4,4,2,2,4,4,0,3,4,5,2,3,4,2,4,3,3,2,4,3,4,2,3,3,3,2,4,4,2,5,2,2,4,4,2,3,4,
12,4,3,2,4,5,2,2,4,5,0,3,4,5,2,3,4,2,4,3,3,2,4,3,4,2,3,3,3,2,4,4,2,5,3,2,4,5,2,3,4,
12,4,2,2,4,4,2,2,4,4,0,3,4,5,2,3,4,2,4,3,3,2,4,3,4,2,3,3,3,2,4,4,2,4,2,2,4,4,2,3,4,
12,5,2,2,5,5,2,3,5,5,0,3,4,5,2,3,4,2,4,3,4,2,5,3,4,2,3,4,3,2,5,5,2,5,3,3,5,5,2,3,5,
12,5,3,2,5,5,2,3,5,5,0,3,4,5,2,3,4,2,4,3,4,2,5,3,4,2,3,3,3,2,4,4,2,5,3,3,5,5,2,3,5,
11,5,3,2,4,5,2,3,5,5,0,3,4,5,2,3,5,2,4,3,4,2,5,3,4,2,3,4,3,2,5,5,2,5,3,3,5,5,2,3,5,
11,5,3,2,5,5,2,3,5,5,0,3,4,5,3,3,5,3,4,3,4,3,5,4,4,2,4,4,3,2,5,5,2,5,3,3,5,5,2,3,5,
11,5,3,2,5,5,2,3,5,5,0,3,4,5,3,3,4,3,4,3,4,3,5,3,4,2,3,4,3,2,5,5,2,5,3,3,5,5,2,3,5,
11,5,3,2,5,5,2,3,5,5,0,3,4,5,2,3,5,2,4,3,4,3,5,4,4,2,4,4,3,2,5,5,2,5,3,3,5,5,2,3,5,
12,5,3,2,5,5,3,3,5,5,0,4,5,6,3,4,5,3,5,4,4,3,5,4,4,3,4,4,3,3,5,5,2,5,3,3,5,5,3,4,5,
12,5,3,2,5,5,3,3,5,6,0,4,5,6,3,4,5,3,5,4,4,3,5,4,5,3,4,4,4,3,5,5,2,6,3,3,5,5,3,4,5,
12,5,3,2,5,5,3,3,5,5,0,4,5,6,3,4,5,3,5,4,4,3,5,4,4,3,4,4,3,3,5,5,2,5,3,3,5,5,3,3,5,
12,4,2,3,3,4,1,4,4,4,0,4,3,4,2,4,3,2,3,4,3,2,4,4,3,1,3,5,2,2,4,4,3,4,2,4,3,4,2,4,4,
12,5,3,2,5,5,3,3,5,5,0,4,5,6,3,4,5,3,5,4,4,3,5,4,4,3,4,4,3,3,5,5,2,5,3,3,5,5,3,4,5,
12,4,3,2,4,4,2,2,4,5,0,3,4,5,2,3,4,2,4,3,3,2,4,3,4,2,3,3,3,2,4,4,2,4,3,2,4,4,2,3,4,
14,6,6,2,6,7,4,2,6,7,0,3,6,7,5,3,6,4,6,3,5,5,6,3,6,4,5,3,5,4,6,6,2,7,6,2,6,6,4,3,6,
12,5,2,2,4,5,2,2,5,5,0,3,4,5,2,3,4,2,4,3,4,2,5,3,4,2,3,3,3,2,4,5,2,5,2,2,4,5,2,3,5,
11,5,3,2,4,5,2,2,4,5,0,3,4,5,2,3,4,2,4,3,3,2,4,3,4,2,3,3,3,2,4,5,2,5,3,2,4,5,2,3,4,
12,5,3,2,5,5,2,3,5,5,0,3,4,5,2,3,5,3,4,3,4,3,5,3,4,2,3,4,3,2,5,5,2,5,3,3,5,5,2,3,5,
14,5,3,2,5,8,2,3,5,8,0,3,4,8,2,3,5,2,5,3,4,3,5,4,4,2,4,4,3,2,5,5,2,8,3,3,5,8,2,3,5,
12,5,3,2,5,5,2,3,5,5,0,3,5,6,3,3,5,3,5,3,4,3,5,4,4,2,4,4,3,2,5,5,2,5,3,3,5,5,2,3,5,
12,5,3,2,5,5,3,3,5,5,0,4,5,6,3,4,5,3,5,4,4,3,5,4,4,3,4,4,3,3,5,5,2,5,3,3,5,5,3,4,5,
12,5,3,2,5,5,3,3,5,6,0,4,5,6,3,4,5,3,5,4,4,3,5,4,4,3,4,4,3,3,5,5,2,5,3,3,5,6,3,4,5,
