15,6,6,0,5,6,6,2,6,6,6,2,5,6,6,3,6,6,5,2,4,5,6,3,5,5,4,3,3,4,6,
12,5,6,0,5,6,5,2,5,6,5,3,5,6,5,3,5,6,5,3,4,5,5,3,4,5,4,3,3,4,5,
12,6,7,0,6,7,6,4,6,7,6,4,6,7,6,4,6,6,6,4,5,5,7,4,5,6,5,4,4,5,6,
12,5,6,0,4,6,5,3,5,6,5,3,5,6,5,3,5,6,5,3,4,5,6,3,4,5,4,3,3,4,5,
13,7,6,0,5,8,5,3,5,8,5,3,5,8,5,3,5,6,7,3,4,5,8,3,4,5,6,3,4,4,5,
13,6,8,0,5,8,5,3,5,8,6,3,5,8,5,3,5,8,5,3,5,5,8,3,5,5,5,3,4,4,6,
11,6,6,0,5,6,5,3,5,6,6,3,5,6,5,3,5,6,6,3,4,5,6,3,5,5,5,3,4,4,5,
11,6,7,0,5,6,5,3,6,6,6,3,6,7,6,4,5,6,6,3,5,5,6,3,5,5,5,3,4,4,6,
14,6,9,0,5,7,8,3,5,6,8,4,6,7,8,4,6,8,6,3,5,5,6,4,5,5,5,4,4,4,6,
11,6,7,0,5,6,6,3,5,6,6,3,5,7,6,4,5,6,6,3,4,5,6,4,5,6,5,4,4,4,6,
12,6,7,0,6,7,6,4,6,6,6,4,6,7,6,3,6,7,6,3,5,6,6,3,5,6,5,3,4,5,6,
12,5,6,0,5,6,5,3,5,6,5,3,5,6,5,3,5,5,5,3,5,5,5,3,5,5,5,3,3,4,5,
12,6,7,0,5,7,6,4,6,7,6,4,6,7,6,4,6,6,6,4,5,5,6,4,5,6,5,4,4,5,6,
11,6,6,0,5,6,5,3,6,6,6,3,6,6,6,3,6,6,6,3,5,5,6,3,5,5,5,3,4,4,6,
13,5,6,0,7,5,4,4,7,5,5,4,7,5,5,4,7,5,5,4,6,4,5,4,6,4,4,4,5,4,7,
12,6,6,0,5,6,5,3,5,6,5,3,5,6,5,3,5,6,5,3,5,5,6,3,5,5,5,3,3,5,5,
11,6,6,0,5,6,5,3,6,6,6,3,5,6,6,3,5,6,6,3,5,5,6,3,5,5,5,3,4,4,6,
11,6,6,0,5,6,5,3,5,6,5,3,5,6,6,3,5,6,6,3,5,5,6,3,5,5,5,3,4,4,6,
11,6,6,0,5,6,5,3,5,6,6,3,5,6,6,3,5,6,6,3,5,5,6,3,5,5,5,4,4,4,5,
11,6,7,0,5,6,5,3,6,6,6,4,6,7,6,4,5,6,6,3,5,5,6,4,5,5,5,4,4,4,6,
11,6,7,0,5,6,5,3,5,6,6,3,5,7,6,4,6,6,6,3,5,5,6,3,5,6,5,4,4,4,6,
11,6,7,0,5,6,6,3,6,6,6,4,6,7,6,4,6,6,6,3,5,5,6,4,5,5,5,4,4,4,6,
14,9,7,0,6,9,6,3,6,9,6,3,6,9,6,3,6,6,8,3,5,5,9,4,5,6,7,4,4,5,6,
12,6,7,0,6,7,6,4,6,6,6,4,6,7,6,4,6,6,6,4,5,6,6,4,5,6,5,4,4,5,6,
12,6,7,0,6,6,6,3,6,6,6,4,6,7,6,4,6,6,6,3,5,5,6,4,5,6,5,4,4,5,6,
14,6,7,0,5,6,5,3,5,6,6,4,5,6,6,3,6,6,6,3,5,5,6,3,5,5,5,3,4,5,6,
12,5,6,0,5,6,5,3,5,6,5,3,5,6,5,3,5,6,5,3,5,5,6,3,5,5,5,3,4,4,6,
12,6,6,0,4,6,5,3,5,6,5,3,5,6,5,3,5,6,5,3,4,5,6,3,4,5,4,3,3,4,5,
14,6,9,0,5,6,5,3,5,6,5,3,5,6,5,3,5,9,5,3,5,5,6,3,5,5,5,3,3,4,5,
11,6,6,0,5,6,5,3,5,6,5,3,5,6,5,3,5,6,5,3,5,5,6,3,5,5,5,3,4,5,6,
11,6,6,0,5,6,5,3,5,6,6,3,6,6,6,3,5,6,6,3,5,5,6,3,5,5,5,3,4,5,6,
11,6,6,0,5,6,5,3,5,6,6,3,5,6,6,3,5,6,6,3,5,5,6,3,5,5,5,3,4,5,6,
13,8,8,0,5,8,8,3,5,8,8,4,8,8,8,3,5,8,8,3,4,8,8,3,5,8,5,3,4,4,8,
11,6,6,0,5,6,5,4,5,6,6,4,6,6,6,4,5,6,6,4,5,5,6,4,5,5,5,4,4,4,6,
11,6,6,0,5,6,5,3,5,6,6,4,5,7,6,4,5,6,6,3,4,5,6,4,5,5,5,4,4,4,6,
11,6,7,0,6,6,6,4,6,6,6,4,6,7,6,4,6,6,6,4,5,5,6,4,5,6,5,4,4,4,6,
11,6,7,0,6,7,6,4,6,6,6,4,6,7,6,4,6,6,6,4,5,6,6,4,5,6,5,4,4,5,6,
12,5,6,0,5,5,5,3,5,5,6,3,5,5,6,3,5,6,5,3,4,5,5,3,4,5,4,3,3,4,5,
12,6,6,0,5,6,6,3,5,6,6,3,6,6,6,3,6,6,6,3,4,5,6,3,5,5,5,3,4,4,6,
11,6,6,0,5,6,5,4,5,6,6,4,6,6,6,4,5,6,6,4,5,5,6,4,5,5,5,4,4,4,6,
14,8,6,0,5,9,5,3,5,9,5,3,5,9,5,3,5,5,8,3,4,5,8,3,5,5,7,3,4,4,5,
11,6,6,0,5,6,6,3,5,6,6,3,6,6,6,3,5,6,6,3,4,5,6,3,5,5,5,3,4,4,6,
11,6,6,0,5,6,6,3,5,6,6,3,6,6,6,3,5,6,6,3,5,5,6,4,5,5,5,4,4,4,6,
11,6,6,0,5,6,5,3,6,6,6,3,6,6,6,3,6,6,6,3,5,5,6,3,5,6,5,3,4,4,6,
11,6,6,0,5,6,5,3,6,6,6,3,6,6,6,3,5,6,6,3,5,5,6,3,5,5,5,4,4,4,6,
12,6,6,0,5,6,6,3,6,6,6,3,6,7,6,4,5,6,6,3,5,5,6,3,5,6,5,4,4,4,6,
14,6,9,0,5,6,8,3,5,6,8,3,6,7,8,3,5,9,6,3,5,8,6,4,5,8,5,4,4,7,6,
12,6,7,0,6,7,6,3,7,6,6,4,6,7,6,4,6,6,6,3,6,6,6,4,6,6,6,4,6,6,6,
11,6,7,0,6,7,6,4,6,7,6,4,6,7,6,4,6,6,6,4,5,6,6,4,6,6,5,4,4,5,6,
12,5,6,0,5,6,5,3,5,6,5,3,5,6,5,3,5,5,5,3,4,5,5,3,5,5,4,3,3,4,5,
12,5,6,0,5,6,5,3,5,6,5,3,5,6,5,3,5,5,5,3,4,5,5,3,5,5,4,3,3,4,5,
12,6,6,0,5,6,5,3,5,6,5,3,5,6,5,3,5,6,5,3,4,5,6,3,5,5,5,3,3,4,5,
11,6,6,0,5,6,5,3,5,6,5,3,5,6,6,3,5,6,5,3,4,5,6,3,5,5,5,3,4,4,6,
11,6,6,0,5,6,6,3,5,6,5,3,6,6,6,3,6,6,6,3,5,5,6,3,5,5,5,3,4,4,6,
11,6,7,0,5,6,6,3,6,6,6,3,6,6,6,3,6,6,6,3,5,5,6,3,5,6,5,4,4,4,6,
11,6,6,0,5,6,5,3,5,6,6,3,5,6,6,3,5,6,6,3,5,5,6,3,5,6,5,3,4,4,6,
11,6,7,0,5,6,6,3,5,6,6,4,6,6,6,4,5,6,6,3,5,5,6,4,5,5,5,4,4,4,6,
11,6,7,0,5,7,6,3,5,6,6,3,5,7,6,3,5,6,6,3,4,6,6,4,5,5,5,4,4,4,6,
12,6,7,0,5,7,6,3,6,7,6,3,6,7,6,4,6,6,6,4,5,6,6,4,5,6,5,4,4,5,7,
12,6,7,0,6,7,6,3,6,7,6,4,6,7,6,4,6,6,6,3,5,6,6,4,5,6,5,4,4,5,6,
12,6,7,0,6,7,6,4,6,7,6,4,6,7,6,4,6,6,6,4,5,6,6,4,5,6,5,4,4,5,6,
12,5,6,0,4,6,5,3,5,6,5,3,5,6,5,3,5,5,5,3,4,5,5,3,4,5,4,3,3,4,5,
12,6,7,0,5,7,6,4,6,7,6,4,6,7,6,4,6,6,6,4,5,6,6,4,5,6,5,4,4,5,6,
11,6,6,0,5,6,5,3,5,6,5,3,6,6,6,3,6,6,6,3,5,5,6,3,5,5,5,3,4,4,6,
11,6,6,0,6,6,5,3,5,6,5,4,6,6,6,4,6,6,6,3,4,5,6,4,5,5,5,4,4,4,6,
11,6,6,0,5,6,5,3,5,6,5,3,6,6,6,3,5,6,6,3,4,5,6,3,5,5,5,3,4,4,6,
11,6,6,0,5,6,5,3,5,6,6,3,5,6,5,3,5,6,5,3,4,5,6,3,4,5,5,3,3,4,5,
11,6,7,0,5,6,5,3,5,6,6,4,5,6,6,4,5,6,6,4,4,5,6,4,5,5,5,4,4,4,6,
11,6,6,0,6,6,6,3,6,6,6,4,6,6,6,4,6,6,6,3,5,6,6,4,5,6,5,4,4,4,7,
11,6,6,0,6,6,6,3,6,6,6,3,6,6,6,3,6,6,6,3,5,5,6,4,5,6,5,4,4,4,6,
11,6,7,0,6,6,6,4,6,6,6,4,6,7,6,4,6,6,6,4,5,6,6,4,5,6,5,4,4,5,6,
12,6,7,0,5,7,6,3,5,6,6,4,5,7,6,4,5,6,6,4,5,6,6,4,5,6,5,4,4,5,6,
12,6,7,0,5,6,6,3,5,6,6,3,5,6,6,3,5,6,5,3,4,5,5,4,5,5,5,3,4,4,5,
12,5,6,0,5,6,5,3,5,6,5,3,5,6,5,3,5,5,5,3,4,5,5,3,5,5,5,3,3,4,5,
12,6,6,0,6,6,5,3,6,6,5,3,6,6,5,3,6,6,6,3,5,5,6,4,5,5,5,3,4,5,6,
11,6,6,0,5,6,5,3,5,6,5,3,6,6,5,3,6,6,5,3,5,5,6,3,5,5,5,3,4,4,6,
11,6,7,0,5,6,5,3,5,6,6,3,6,6,6,3,5,6,6,3,5,5,6,4,5,6,5,5,4,5,6,
12,7,8,0,5,8,7,3,5,7,8,4,5,8,7,4,5,8,6,3,4,5,7,4,5,7,5,4,4,4,6,
11,6,6,0,6,6,6,3,6,6,6,3,6,6,6,3,6,6,6,3,6,6,6,4,6,6,6,4,4,6,6,
11,6,6,0,6,6,5,3,6,6,5,4,6,6,5,4,5,6,6,3,5,5,6,4,5,5,5,4,4,4,6,
12,6,6,0,5,7,5,3,5,6,5,3,5,7,5,3,5,6,6,3,4,5,6,3,5,5,5,4,4,4,6,
12,6,6,0,7,6,5,5,7,6,5,5,7,6,5,5,7,6,5,5,6,5,5,5,7,5,5,5,6,5,7,
12,6,7,0,6,7,6,4,6,6,7,4,6,7,7,4,6,7,6,4,5,6,6,4,5,6,5,4,4,5,6,
12,6,7,0,5,6,6,3,5,6,6,3,5,6,6,4,5,6,5,3,5,5,5,4,5,5,5,4,4,5,6,
12,6,7,0,6,7,6,3,6,6,6,3,6,7,6,4,6,6,6,3,5,6,6,4,6,6,5,4,4,5,6,
12,4,4,0,3,4,3,1,3,4,3,1,3,5,3,2,3,3,4,1,2,3,4,1,3,3,3,2,1,2,3,
12,6,6,0,5,6,5,3,6,6,5,3,6,6,6,3,6,6,5,3,5,5,6,3,5,5,5,3,3,4,6,
11,5,6,0,7,6,5,3,7,6,5,3,5,6,5,3,5,6,5,3,5,5,5,3,6,5,5,3,3,4,6,
11,6,6,0,5,6,5,3,6,6,5,3,6,6,6,3,5,6,5,3,5,5,6,3,5,5,5,3,3,4,6,
13,9,6,0,5,9,5,3,5,9,5,3,5,9,5,3,5,6,8,3,4,5,8,3,5,5,4,3,3,4,5,
13,8,7,0,5,8,6,3,6,8,6,3,6,8,6,4,6,6,7,4,5,5,7,4,5,6,6,4,4,4,6,
13,8,7,0,5,8,6,3,6,8,6,3,6,8,6,4,6,6,7,3,5,5,7,4,5,6,6,4,4,4,6,
14,9,10,0,8,9,8,6,9,9,9,7,9,9,9,7,9,9,9,6,8,8,9,7,8,9,8,7,7,7,9,
13,6,8,0,5,6,7,3,6,6,8,3,6,6,6,4,6,6,6,3,5,7,6,4,5,6,5,4,4,4,6,
11,6,7,0,6,6,6,3,6,6,6,4,6,7,6,4,6,6,6,4,5,6,6,4,6,6,6,4,4,4,6,
16,5,11,0,5,6,6,3,5,6,6,3,5,6,6,3,5,6,5,3,4,5,5,3,5,6,5,3,3,4,5,
12,6,7,0,6,6,6,3,6,6,6,4,6,6,6,4,6,6,6,3,6,6,6,4,6,6,6,4,4,4,6,
12,6,7,0,6,7,6,3,6,7,6,4,6,7,6,4,6,6,6,3,6,6,6,4,6,6,6,4,4,5,7,
14,6,7,0,6,7,6,4,6,7,6,4,6,7,6,4,6,6,6,4,6,6,6,4,6,6,5,4,4,5,7,
12,6,6,0,5,6,5,3,5,6,5,3,5,6,5,3,5,5,5,3,5,5,6,3,5,5,4,3,3,4,6,
11,6,6,0,5,6,5,3,5,6,6,3,5,6,5,3,5,6,5,3,5,5,6,3,5,5,5,3,3,4,6,
11,6,6,0,5,6,5,3,5,6,6,3,6,6,6,3,6,6,6,3,5,5,6,3,5,6,5,3,4,4,6,
11,6,6,0,6,6,6,3,6,6,6,3,6,6,6,3,6,6,6,3,6,6,6,3,6,6,6,3,4,4,6,
12,6,6,0,6,7,6,3,6,7,6,3,6,7,6,4,6,6,6,3,5,6,6,4,6,6,6,4,4,5,6,
12,6,6,0,5,7,5,3,5,7,6,3,6,7,6,4,5,6,6,3,4,5,6,3,5,6,5,4,4,4,6,
11,6,6,0,5,6,5,3,6,6,6,3,5,6,6,4,5,6,6,3,5,5,6,3,5,5,5,4,4,4,6,
11,6,7,0,6,7,6,3,6,6,6,3,6,7,6,4,6,6,6,4,5,6,6,4,6,6,5,4,4,5,6,
11,6,7,0,6,7,6,3,6,6,6,3,6,7,6,4,5,6,6,3,5,5,6,4,5,6,5,4,4,5,6,
12,6,7,0,6,6,6,3,6,6,6,3,6,6,6,3,6,7,6,3,5,6,6,3,6,6,5,3,4,5,6,
11,6,7,0,6,6,6,3,6,7,6,3,6,7,6,4,6,6,6,4,5,6,6,4,6,6,5,4,4,5,6,
12,6,7,0,6,7,6,4,6,7,6,4,6,7,6,4,6,6,6,4,5,6,6,4,6,6,5,4,4,5,6,
15,5,6,0,5,6,5,3,5,6,5,3,5,6,5,3,5,6,5,3,4,5,6,3,5,5,4,3,3,4,5,
11,2,3,0,3,2,2,0,3,2,2,0,3,3,2,0,3,2,2,0,2,1,2,0,3,2,1,0,1,1,4,
11,6,6,0,5,6,5,3,5,6,5,3,5,6,5,3,5,6,5,3,4,5,6,3,5,5,5,3,4,4,5,
11,6,6,0,5,6,5,3,5,6,6,3,5,6,5,3,5,6,5,3,4,5,6,3,5,5,5,3,4,4,5,
11,6,6,0,5,6,5,3,5,6,6,3,5,6,6,3,5,6,5,3,4,5,6,3,5,5,5,3,4,4,6,
11,6,6,0,5,6,5,3,5,6,6,3,5,6,5,3,5,6,5,3,4,5,6,3,5,5,5,4,4,4,6,
11,6,7,0,6,6,6,3,6,6,6,3,6,7,6,4,6,6,6,4,5,6,6,4,6,6,6,4,4,5,6,
11,6,7,0,6,7,6,3,6,6,6,3,6,7,6,4,6,6,6,4,5,6,6,4,6,6,5,4,4,5,6,
12,6,6,0,6,6,5,3,6,6,6,3,6,6,6,4,5,6,6,3,4,5,6,4,5,5,5,4,4,4,6,
11,6,7,0,6,6,6,3,6,7,6,3,6,7,6,4,6,6,6,4,5,6,6,4,6,6,5,4,4,5,6,
11,6,7,0,6,7,6,3,6,7,6,3,6,7,6,4,6,6,6,4,5,6,6,4,6,6,5,4,4,5,6,
12,6,7,0,6,7,6,4,6,7,6,4,6,7,6,4,6,6,6,4,5,6,7,4,6,6,5,4,4,5,6,
14,6,6,0,5,6,5,3,5,6,5,3,5,6,5,3,5,6,6,3,4,5,6,3,5,5,5,3,4,4,5,
12,6,6,0,5,6,5,2,5,6,5,3,5,6,5,3,5,6,5,3,4,5,6,3,5,5,5,3,3,4,5,
11,5,6,0,5,6,5,3,5,6,5,3,5,6,5,3,5,6,5,3,4,5,6,3,5,5,5,3,3,4,5,
14,5,9,0,5,6,8,3,5,6,8,3,5,6,8,3,5,8,5,3,4,5,6,3,5,8,5,3,3,4,6,
12,6,7,0,6,7,6,3,6,6,6,3,6,7,6,4,6,6,6,4,5,5,6,4,5,6,5,4,4,5,6,
11,6,6,0,5,6,5,3,5,6,6,3,5,6,5,3,5,6,5,3,4,5,6,3,5,5,5,3,4,4,6,
13,6,7,0,6,7,6,3,6,7,6,3,6,7,6,4,6,6,6,4,5,6,6,4,6,6,5,4,4,5,6,
11,2,3,0,3,3,2,0,4,3,2,0,3,3,2,0,3,2,2,0,3,2,3,0,3,2,1,0,2,1,4,
11,6,7,0,5,6,6,3,6,6,6,3,6,7,6,4,5,6,6,3,5,5,6,4,5,6,5,4,4,4,6,
11,6,7,0,6,6,6,3,6,6,6,3,6,7,6,4,6,6,6,3,5,5,6,4,5,6,5,4,4,5,6,
11,6,7,0,6,7,6,3,6,7,6,3,6,7,6,4,6,6,6,4,5,6,6,4,6,6,6,4,4,5,6,
14,6,7,0,6,7,6,4,6,7,6,4,6,7,6,4,6,6,6,4,5,6,6,4,6,6,6,4,4,5,6,
11,6,7,0,6,6,6,3,6,6,6,3,6,7,6,4,6,6,6,3,5,5,6,4,5,6,5,4,4,5,6,
11,5,6,0,5,6,5,3,5,6,5,3,5,6,5,3,5,5,5,3,4,5,5,3,5,5,5,3,3,4,5,
12,6,7,0,6,7,6,4,6,7,6,4,6,7,6,4,6,6,6,4,5,6,6,4,6,6,6,4,4,5,6,
14,8,6,0,5,9,5,3,5,9,5,3,5,9,5,3,5,5,8,3,4,5,8,3,5,5,7,3,3,4,5,
11,6,6,0,5,6,5,3,5,6,5,3,5,6,5,3,5,6,5,3,4,5,6,3,5,5,5,3,4,4,6,
12,7,7,0,7,7,6,3,8,7,7,3,7,7,7,3,7,6,7,3,6,6,7,3,7,7,7,3,4,4,8,
14,9,9,0,8,9,8,6,8,9,8,6,8,9,8,6,8,9,8,6,7,8,9,6,8,8,8,6,7,7,9,
12,6,7,0,6,6,6,3,6,6,6,3,6,7,6,4,5,6,6,3,5,5,6,4,5,6,5,4,4,4,6,
12,7,6,0,5,7,5,3,6,8,6,3,6,8,6,4,5,6,7,3,5,5,7,4,5,5,6,4,4,4,6,
11,6,7,0,6,6,6,3,6,6,6,3,6,7,6,4,6,6,6,3,5,5,6,4,5,6,5,4,4,4,6,
11,6,7,0,6,6,6,3,6,6,6,3,6,7,6,4,6,6,6,3,5,5,6,4,5,6,5,4,4,4,6,
11,6,7,0,6,6,6,3,6,7,6,3,6,7,6,4,6,6,6,3,5,5,6,4,5,6,5,4,4,4,6,
13,6,7,0,6,6,6,3,6,7,6,3,6,7,6,4,6,6,6,3,6,6,6,4,5,6,5,4,4,5,6,
12,6,7,0,6,7,6,4,6,7,6,4,6,7,6,4,6,6,6,4,5,6,6,4,5,6,6,4,4,5,6,
12,6,7,0,6,7,6,4,6,7,6,4,6,7,6,4,6,6,6,4,6,6,6,4,6,6,6,4,4,5,6,
11,5,6,0,5,6,5,3,5,6,5,3,5,6,5,3,5,6,5,3,4,5,6,3,5,5,5,3,3,4,5,
11,6,6,0,5,6,5,3,5,6,5,3,5,6,5,3,5,6,5,3,4,5,6,3,5,5,5,3,4,4,5,
11,6,6,0,5,6,5,3,5,6,5,3,5,6,5,3,5,6,5,3,4,5,6,3,5,5,5,3,3,4,5,
11,6,7,0,5,6,5,3,6,6,6,3,5,6,6,4,5,6,6,3,5,5,6,4,5,5,5,4,4,4,6,
11,6,6,0,5,6,6,3,6,6,6,3,5,7,6,3,5,6,6,3,5,5,6,3,5,5,5,4,4,4,6,
11,6,7,0,5,6,5,3,5,6,6,3,5,7,6,3,5,6,6,3,4,5,6,3,5,5,5,4,4,4,6,
11,6,7,0,6,6,6,3,6,6,6,3,6,6,6,4,6,6,6,3,5,5,6,4,5,6,5,4,4,4,6,
11,6,7,0,6,6,6,3,6,6,6,3,6,7,6,4,6,6,6,3,5,5,6,4,5,6,5,4,4,4,6,
11,7,7,0,6,7,6,3,6,7,6,3,6,7,6,4,6,6,6,3,5,5,6,4,5,6,5,4,4,5,6,
11,6,7,0,6,7,6,3,6,7,6,3,6,7,6,4,6,6,6,3,5,6,6,4,6,6,5,4,4,5,6,
12,5,6,0,5,6,5,2,5,6,5,3,5,6,5,3,5,5,5,3,4,4,5,3,4,5,4,3,3,4,5,
12,6,6,0,7,6,5,5,8,6,6,5,8,6,6,5,8,6,6,5,7,5,6,5,7,5,5,5,6,5,8,
12,6,6,0,5,6,5,3,5,6,5,3,5,6,5,3,5,6,5,3,4,5,6,3,5,5,5,3,3,4,5,
11,6,6,0,5,6,5,3,5,6,5,3,5,6,5,3,5,6,5,3,4,5,6,3,5,5,5,3,3,4,5,
11,6,6,0,5,6,5,3,6,6,5,3,5,6,5,3,5,6,5,3,4,5,6,3,5,5,5,3,3,4,6,
11,6,6,0,5,6,5,3,5,6,5,3,5,6,6,3,5,6,5,3,4,5,6,3,5,5,5,3,4,4,6,
11,6,7,0,5,6,5,3,6,6,6,3,6,6,6,3,5,6,6,3,5,5,6,3,5,6,5,4,4,4,6,
11,6,7,0,6,6,6,3,6,6,6,3,6,6,6,4,6,6,6,3,5,5,6,3,5,6,5,4,4,4,6,
12,6,7,0,6,6,6,3,6,6,6,3,6,7,6,4,5,6,6,3,5,5,6,4,5,6,5,4,4,4,6,
11,6,7,0,6,6,5,3,6,6,6,3,6,7,6,4,5,6,6,3,5,5,6,3,5,6,5,4,4,4,6,
11,6,7,0,6,6,6,3,6,6,6,3,6,7,6,4,5,6,6,3,5,5,6,4,5,6,5,4,4,4,6,
11,6,7,0,6,7,6,3,6,7,6,3,6,7,6,4,5,6,6,3,5,6,6,4,5,6,5,4,4,5,6,
17,9,12,0,9,9,11,6,9,10,11,6,9,10,11,7,8,12,9,6,8,11,9,7,8,11,8,7,7,8,9,
12,6,7,0,6,7,6,3,6,7,6,3,6,7,6,4,6,6,6,4,5,6,6,4,6,6,5,4,4,5,6,
12,6,7,0,6,7,6,4,6,7,6,4,6,7,6,4,6,6,6,4,5,6,6,4,6,6,5,4,4,5,6,
11,5,6,0,5,6,5,3,5,6,5,3,5,6,5,3,5,6,5,3,4,5,6,3,5,5,4,3,3,4,5,
11,6,6,0,5,6,5,3,5,6,5,3,5,6,5,3,5,6,5,3,4,5,6,3,5,5,5,3,3,4,5,
11,6,6,0,5,6,5,3,5,6,5,3,5,6,5,3,5,6,5,3,4,5,6,3,5,5,5,3,4,4,6,
11,6,6,0,5,6,5,3,6,6,6,3,6,6,6,4,5,6,6,3,4,5,6,3,5,6,5,4,4,4,6,
11,6,6,0,6,6,5,3,6,6,5,3,5,6,6,3,5,6,6,3,4,5,6,3,5,5,5,3,4,4,6,
11,6,6,0,5,6,5,3,6,6,5,3,6,7,6,3,5,6,6,3,4,5,6,3,5,5,5,3,4,4,6,
11,6,7,0,6,6,6,3,6,6,6,3,6,7,6,4,6,6,6,3,5,5,6,4,5,6,5,4,4,4,6,
11,6,7,0,6,6,6,3,6,6,6,3,6,7,6,4,6,6,6,3,5,5,6,4,5,6,5,4,4,4,6,
11,6,7,0,6,6,6,3,6,7,6,3,6,7,6,4,6,6,6,4,5,5,6,4,5,6,5,4,4,5,6,
11,6,7,0,6,6,6,3,6,7,6,3,6,7,6,4,5,6,6,3,5,5,6,4,5,6,5,4,4,4,6,
11,6,7,0,6,7,6,3,6,7,6,3,6,7,6,4,6,6,6,3,5,5,6,4,5,6,5,4,4,5,6,
12,6,7,0,6,7,6,3,6,7,6,4,6,7,6,4,6,6,6,4,5,6,6,4,6,6,5,4,4,5,6,
12,6,6,0,5,6,5,3,5,6,5,3,5,6,5,3,5,6,5,3,4,5,5,3,5,5,4,3,3,4,5,
11,5,7,0,5,6,5,3,5,5,6,3,5,6,6,3,5,6,5,3,4,5,5,3,5,6,4,3,3,4,6,
11,6,6,0,5,6,5,3,5,6,5,3,5,6,5,3,5,6,5,3,4,5,6,3,5,5,5,3,3,4,6,
11,6,6,0,5,6,5,3,6,6,6,3,6,6,6,4,5,6,6,3,5,5,6,3,5,5,5,4,4,4,6,
12,6,7,0,6,6,6,3,6,6,6,3,5,6,6,3,5,6,6,3,4,5,6,3,5,6,5,4,4,4,6,
11,3,4,0,4,3,2,0,4,3,2,0,4,3,2,0,4,3,2,0,3,2,3,0,3,2,1,0,2,1,4,
11,6,7,0,5,6,5,3,6,6,6,3,5,6,6,4,5,6,6,3,5,5,6,3,5,6,5,4,4,4,6,
11,6,7,0,5,6,5,3,6,6,6,3,5,6,6,4,5,6,6,3,4,5,6,3,5,6,5,4,4,4,6,
11,6,7,0,5,6,6,3,6,6,6,3,6,7,6,4,5,6,6,3,5,5,6,3,5,6,5,4,4,5,6,
11,6,7,0,6,6,6,3,6,7,6,3,6,7,6,4,6,6,6,3,5,6,6,4,5,6,6,4,4,5,6,
12,6,7,0,6,7,6,3,6,7,6,3,6,7,6,4,6,6,6,3,5,6,6,4,6,6,5,4,4,5,6,
12,6,6,0,5,6,5,3,5,6,5,3,5,6,5,3,5,6,5,3,4,5,6,3,5,5,5,3,3,4,5,
12,5,6,0,5,6,5,3,5,6,5,3,5,6,5,3,5,6,5,3,4,5,6,3,5,5,4,3,3,4,5,
14,6,6,0,5,9,5,3,5,9,5,3,5,9,5,3,5,6,5,3,4,5,6,3,5,5,4,3,3,4,5,
11,6,6,0,5,6,5,3,5,6,5,3,5,6,5,3,5,6,5,3,4,5,6,3,5,5,5,3,3,4,5,
11,6,6,0,5,6,5,3,6,6,6,3,6,6,6,3,5,6,6,3,5,5,6,3,5,6,5,3,4,4,6,
13,7,6,0,5,8,5,3,6,8,6,3,6,8,6,5,5,6,7,3,4,5,7,5,5,6,6,5,4,4,6,
11,6,6,0,5,6,5,3,6,6,6,3,6,6,6,3,5,6,6,3,4,5,6,3,5,6,5,3,4,4,6,
11,6,6,0,5,6,5,3,6,6,6,3,6,7,6,3,5,6,6,3,4,5,6,3,5,6,5,3,4,4,6,
14,6,9,0,6,6,8,3,6,6,9,3,6,7,9,3,6,9,6,3,5,5,6,3,5,6,5,3,4,4,6,
11,6,7,0,6,6,6,3,6,6,6,3,6,7,6,3,5,6,6,3,5,5,6,4,5,6,5,4,4,4,6,
11,6,7,0,6,7,6,3,6,6,6,3,6,7,6,4,6,6,6,3,5,5,6,4,5,6,5,4,4,4,6,
521,9,8,0,7,8,7,3,7,8,7,5,7,9,7,4,7,8,8,3,6,6,8,5,6,7,7,5,5,6,7,
419,9,9,0,8,9,8,3,8,9,8,3,8,9,8,4,8,8,8,3,7,7,9,4,8,8,8,4,6,7,8,
318,8,8,0,6,8,7,2,7,8,7,2,7,8,7,2,6,8,7,2,6,7,8,2,6,7,7,3,5,6,7,
188,9,8,0,8,9,7,2,8,9,8,2,8,10,8,2,7,8,8,2,7,7,9,2,7,8,8,3,6,6,8,
86,8,8,0,7,8,7,2,7,8,7,2,7,8,7,2,7,8,8,2,6,7,8,2,7,7,7,2,5,6,7,
11,6,6,0,5,6,5,3,6,6,6,3,6,6,6,4,5,6,6,3,4,5,6,3,5,6,5,3,4,4,6,
11,6,6,0,5,6,5,3,6,6,6,3,6,6,6,3,5,6,6,3,4,5,6,3,5,6,5,3,4,4,6,
14,6,9,0,5,6,8,3,6,6,9,3,5,6,9,4,5,9,5,3,4,8,6,3,5,8,5,3,4,4,6,
11,6,7,0,5,6,5,3,6,6,6,3,6,7,6,3,5,6,6,3,5,5,6,3,5,6,5,3,4,4,6,
12,6,7,0,6,7,6,3,6,7,6,3,6,7,6,4,6,6,6,3,5,5,6,4,5,6,5,4,4,4,6,
12,6,7,0,6,6,5,3,6,6,6,3,6,7,6,4,5,6,6,3,5,5,6,3,5,6,5,4,4,4,6,
14,6,10,0,5,6,10,3,6,6,10,3,6,7,10,3,5,10,6,3,5,10,6,3,5,10,5,4,4,6,6,
12,6,7,0,6,7,6,3,6,7,6,3,6,7,6,4,6,6,6,4,5,5,6,4,6,6,5,4,4,5,6,
12,6,7,0,6,7,6,3,6,7,6,4,6,7,6,4,5,6,6,3,5,5,6,4,6,6,5,4,4,5,6,
15,6,6,0,5,6,5,3,5,6,5,3,5,6,5,3,5,6,5,3,4,5,6,3,5,5,5,3,3,4,5,
11,6,6,0,5,6,5,3,6,6,5,3,5,6,5,3,5,6,5,3,4,5,6,3,5,5,5,3,4,4,6,
11,6,6,0,5,6,5,3,5,6,5,3,5,6,5,3,5,6,5,3,4,5,6,3,5,5,5,3,4,4,5,
11,6,6,0,5,6,5,3,6,6,5,3,5,6,5,3,5,6,5,3,4,5,6,3,5,5,5,3,4,4,5,
11,6,6,0,5,6,5,3,6,6,6,3,5,6,6,3,5,6,5,3,4,5,6,3,5,5,5,3,4,4,6,
11,6,6,0,5,6,5,3,6,6,6,3,5,6,6,3,5,6,6,3,4,5,6,3,5,5,5,3,4,4,6,
11,6,7,0,6,6,6,3,6,6,6,3,6,6,6,3,6,6,6,3,4,5,6,3,5,6,5,3,4,4,6,
11,6,7,0,5,6,5,3,6,6,6,3,6,7,6,4,6,6,6,3,5,5,6,4,5,6,5,4,4,4,6,
11,6,7,0,6,6,5,3,6,6,6,3,6,7,6,4,6,6,6,3,5,5,6,4,5,6,5,4,4,4,6,
12,6,6,0,5,6,5,3,6,6,6,3,6,6,6,3,6,6,6,3,4,5,6,3,5,5,5,3,4,4,6,
12,5,6,0,5,6,5,2,5,6,5,3,5,6,5,3,5,5,5,3,4,4,5,3,5,5,4,3,3,4,5,
12,6,7,0,6,6,6,3,6,7,6,4,6,7,6,4,6,6,6,4,5,5,6,4,6,6,5,4,4,5,7,
12,7,7,0,6,7,6,4,6,7,6,4,6,7,6,4,6,7,6,4,5,5,7,4,6,6,5,4,4,5,6,
12,6,6,0,5,6,5,3,5,6,5,3,5,6,5,3,5,6,5,3,4,5,6,3,5,5,5,3,4,4,5,
11,6,7,0,5,6,5,3,5,6,5,3,5,6,5,3,5,6,5,3,4,5,6,3,5,5,5,3,4,4,5,
11,6,6,0,5,6,5,3,6,6,6,3,5,6,6,3,5,6,5,3,4,5,6,3,5,5,5,3,4,4,5,
11,6,6,0,5,6,5,3,6,6,6,3,6,7,6,3,6,6,6,3,4,5,6,3,5,6,5,3,4,4,6,
11,6,6,0,5,6,5,3,6,6,6,3,6,6,6,3,6,6,6,3,4,5,6,3,5,6,5,3,4,4,6,
13,8,6,0,5,8,5,3,5,8,6,3,5,8,6,3,5,6,7,3,4,5,8,3,5,5,7,3,4,4,6,
11,6,7,0,5,6,5,3,6,6,6,3,6,7,6,3,6,6,6,3,5,5,6,4,5,6,5,4,4,4,6,
11,6,7,0,5,6,6,3,6,6,6,3,5,7,6,3,6,6,6,3,4,5,6,3,5,5,5,4,4,4,6,
14,6,6,0,5,6,5,3,6,6,6,3,5,6,6,4,5,6,6,3,4,5,6,4,5,6,5,4,4,4,6,
12,6,7,0,6,6,6,3,6,7,6,3,6,7,6,4,6,6,6,3,5,5,6,4,6,6,5,4,4,5,6,
11,6,7,0,6,6,6,3,6,7,6,3,6,7,6,4,5,6,6,3,5,5,6,4,5,6,5,4,5,5,6,
14,7,10,0,6,7,6,4,6,7,9,4,6,7,9,4,6,9,6,4,5,6,6,4,6,6,6,4,5,5,6,
12,6,6,0,5,6,5,3,5,6,5,3,5,6,5,3,5,6,5,3,4,5,6,3,5,5,5,3,4,4,5,
13,6,8,0,5,6,5,3,5,6,7,3,5,6,7,3,5,8,5,3,4,5,6,3,5,5,5,3,3,4,5,
11,6,6,0,5,6,5,3,5,6,5,3,5,6,5,3,5,6,5,3,4,5,6,3,5,5,5,3,3,4,5,
11,6,6,0,5,6,5,3,5,6,5,3,5,6,5,3,5,6,5,3,4,5,6,3,5,5,5,3,4,4,5,
11,6,6,0,5,6,5,3,5,6,5,3,5,6,5,3,5,6,5,3,4,5,6,3,5,5,5,3,4,4,6,
11,6,6,0,5,6,5,3,6,6,6,3,5,6,6,3,5,6,6,3,4,5,6,3,5,5,5,3,4,4,6,
11,6,7,0,5,6,6,3,6,6,6,3,6,7,6,4,5,6,6,3,5,5,6,4,5,6,5,4,4,4,6,
11,6,7,0,6,6,6,3,6,6,6,3,6,7,6,4,5,6,6,3,5,5,6,4,5,6,5,4,4,4,6,
12,6,7,0,5,6,6,3,6,6,6,3,6,7,6,4,5,6,6,3,5,5,6,3,5,6,5,3,4,4,6,
11,6,7,0,6,6,6,3,6,7,6,3,6,7,6,4,5,6,6,3,5,5,6,4,5,6,5,4,4,5,6,
11,6,7,0,6,6,6,3,6,7,6,4,6,7,6,4,5,6,6,3,5,5,6,4,6,6,5,4,4,5,6,
12,6,7,0,6,6,6,3,6,7,6,4,6,7,6,4,6,6,6,3,5,5,6,4,6,6,5,4,4,5,6,
12,6,6,0,5,6,5,3,5,6,5,3,5,6,5,3,5,6,5,3,4,5,6,3,5,5,5,3,3,4,5,
12,6,6,0,5,6,5,3,5,6,5,3,5,6,5,3,5,6,5,3,4,5,6,3,5,5,5,3,3,4,5,
11,6,6,0,5,6,5,3,5,6,5,3,5,6,5,3,5,6,5,3,4,5,6,3,5,5,5,3,3,4,5,
14,6,7,0,5,6,6,4,6,6,6,4,5,7,6,4,5,6,6,4,5,5,6,4,5,6,5,4,4,5,6,
11,6,6,0,5,6,5,3,5,6,5,3,5,6,5,3,5,6,5,3,4,5,6,3,5,5,5,3,4,4,5,
11,6,6,0,5,6,5,3,6,6,6,3,5,6,6,3,5,6,5,3,5,5,6,3,5,5,5,3,4,5,6,
11,6,6,0,6,6,6,3,6,6,6,3,6,6,6,3,6,6,6,3,4,5,6,3,6,6,5,3,4,4,6,
11,6,7,0,6,6,6,3,6,6,6,3,6,6,6,3,5,6,6,3,4,6,6,3,5,6,5,3,4,4,6,
14,6,7,0,6,6,6,3,6,6,6,3,6,7,6,3,5,6,6,3,5,5,6,3,5,6,5,4,4,4,6,
11,6,7,0,6,6,6,3,6,6,6,3,6,7,6,4,6,6,6,3,5,5,6,4,6,6,5,4,4,5,6,
12,6,7,0,6,6,6,3,6,7,6,3,6,7,6,4,5,6,6,3,5,5,6,4,5,6,5,4,5,5,6,
12,6,6,0,6,6,6,3,6,6,6,3,6,7,6,3,6,6,6,3,4,6,6,3,6,6,5,4,4,4,6,
12,6,7,0,6,7,6,3,6,7,6,4,6,7,6,4,6,6,6,4,5,5,6,4,6,6,5,4,5,5,6,
12,7,7,0,6,7,6,3,6,7,6,4,6,7,6,4,5,6,6,4,5,6,7,4,6,6,5,4,5,5,6,
12,6,7,0,6,6,6,3,6,7,6,4,6,7,6,4,5,6,6,3,5,5,7,4,6,6,5,4,4,5,6,
12,6,6,0,5,6,5,3,5,6,5,3,5,6,5,3,5,6,5,3,4,5,6,3,5,5,5,3,3,4,5,
12,6,6,0,5,6,5,3,5,6,5,3,5,6,5,3,5,6,5,3,4,5,6,3,5,5,5,3,4,4,5,
11,6,6,0,5,6,5,3,5,6,5,3,5,6,5,3,5,6,5,3,4,5,6,3,5,5,5,3,3,4,5,
11,6,6,0,5,6,5,3,6,6,6,3,5,7,6,3,5,6,6,3,5,5,6,3,5,6,5,4,4,4,6,
11,6,7,0,5,6,5,3,6,6,6,3,6,7,6,4,5,6,6,3,5,5,6,4,5,6,5,4,4,4,6,
11,6,6,0,5,6,6,3,6,6,6,3,6,7,6,4,5,6,6,3,5,5,6,3,5,6,5,3,4,4,6,
12,6,7,0,6,6,6,3,6,7,6,3,6,7,6,4,6,6,6,3,5,5,6,4,6,6,5,4,4,4,6,
13,6,6,0,8,6,5,5,8,6,5,5,8,7,5,5,7,6,5,5,6,5,6,5,7,5,5,5,6,5,8,
12,6,7,0,6,6,6,3,6,7,6,4,6,7,6,4,6,6,6,4,5,5,6,4,5,6,5,4,5,5,6,
12,6,6,0,5,6,5,3,5,6,5,3,5,6,5,3,5,6,5,3,4,5,6,3,5,5,5,3,4,4,5,
12,5,6,0,5,6,5,3,5,6,5,3,5,6,5,3,5,6,5,3,4,5,6,3,5,5,4,3,3,4,5,
12,6,6,0,5,6,5,3,5,6,5,3,5,6,6,3,5,6,5,3,4,5,6,3,5,5,5,3,3,4,5,
11,6,6,0,5,6,5,3,5,6,5,3,5,6,5,3,5,6,5,3,4,5,6,3,5,5,5,3,4,4,5,
11,6,6,0,5,6,5,3,5,6,5,3,6,6,5,3,5,6,5,3,4,5,6,3,5,5,5,3,3,4,6,
11,6,6,0,5,6,5,3,6,6,6,3,5,6,5,3,5,6,5,3,4,5,6,3,5,5,5,3,4,4,6,
14,6,6,0,6,6,6,3,6,9,6,3,6,9,6,4,5,6,6,3,5,5,6,4,5,6,5,4,5,5,6,
11,6,6,0,5,6,5,3,6,6,6,3,6,6,6,3,5,6,6,3,4,5,6,3,5,5,5,4,4,4,6,
11,6,6,0,5,6,5,3,5,6,5,3,5,6,5,3,5,6,5,3,4,5,6,3,5,5,5,3,4,4,6,
13,8,7,0,6,8,6,3,6,8,6,4,6,8,6,6,5,6,8,3,5,5,8,5,5,6,7,6,4,5,6,
12,6,7,0,6,6,6,3,6,7,6,3,6,7,6,4,5,6,6,3,5,5,7,4,5,6,5,4,5,5,6,
11,6,7,0,6,6,6,3,6,6,6,3,6,7,6,4,5,6,6,3,5,5,6,4,5,6,5,4,5,5,6,
12,7,7,0,6,7,6,3,6,7,6,4,6,7,6,4,6,6,6,3,5,6,7,4,6,6,6,4,4,5,7,
12,6,7,0,6,7,6,3,6,7,6,4,6,7,6,4,6,6,6,3,5,6,6,4,6,6,5,4,5,5,6,
12,5,5,0,5,5,4,2,5,5,4,2,4,5,5,2,4,5,5,2,3,4,5,2,4,4,4,2,3,3,5,
12,6,7,0,6,6,6,3,6,6,6,4,6,7,6,3,5,6,6,3,5,5,6,4,5,6,5,4,5,5,6,
11,6,6,0,5,6,5,3,5,6,5,3,5,6,5,3,5,6,5,3,4,5,6,3,5,5,5,3,4,4,5,
11,6,6,0,5,6,5,3,6,6,5,3,5,6,5,3,5,6,5,3,4,5,6,3,5,5,5,3,4,4,6,
11,6,6,0,6,6,5,3,6,6,6,3,6,7,6,3,5,6,6,3,4,5,6,3,5,6,5,4,4,4,6,
11,6,6,0,5,6,5,3,6,6,6,3,6,7,6,4,5,6,6,3,5,5,6,3,5,6,5,4,5,5,6,
11,6,6,0,6,6,6,3,6,6,6,3,6,7,6,3,5,6,6,3,5,5,6,3,5,6,5,3,5,5,6,
12,6,7,0,6,6,6,3,6,7,6,4,6,7,6,4,5,6,6,3,5,5,6,4,6,6,5,4,5,5,6,
12,6,7,0,6,7,6,3,6,7,6,3,6,7,6,4,5,6,6,3,5,5,6,4,5,6,5,4,5,5,6,
12,6,7,0,6,7,6,3,6,7,6,3,6,7,6,4,5,6,6,3,5,5,6,4,6,6,5,4,5,5,6,
12,6,6,0,5,6,5,3,5,6,5,3,5,6,5,3,5,6,5,3,4,5,6,3,5,5,5,3,4,4,5,
12,7,7,0,6,7,6,4,6,7,6,4,6,7,6,5,6,6,6,4,5,6,7,4,6,6,5,5,5,5,6,
12,6,6,0,5,6,5,2,5,6,5,3,5,6,5,3,5,6,5,3,4,5,6,3,5,5,5,3,4,4,5,
12,6,6,0,5,6,5,3,6,6,5,3,5,6,5,3,5,6,5,3,4,5,6,3,5,5,5,3,4,4,6,
14,6,6,0,5,6,5,3,6,6,5,3,5,6,5,3,5,6,5,3,4,5,6,3,5,5,5,3,4,4,5,
11,4,4,0,4,4,3,0,4,4,3,0,4,4,3,1,4,3,3,0,3,3,4,1,4,3,3,1,3,2,4,
11,6,7,0,6,6,6,3,6,6,6,3,6,7,6,3,5,6,6,3,5,5,6,3,5,6,5,3,4,4,6,
11,6,6,0,6,6,6,3,6,6,6,3,6,6,6,3,5,6,6,3,4,5,6,3,5,6,5,3,4,4,6,
11,6,6,0,6,6,5,3,6,6,6,3,6,7,6,3,6,6,6,3,4,5,6,3,5,5,5,3,4,4,6,
11,6,7,0,6,6,6,3,6,7,6,3,6,7,6,4,6,6,6,3,5,5,6,4,5,6,5,4,4,4,6,
11,6,7,0,6,6,6,3,6,6,6,3,6,7,6,4,6,6,6,3,5,5,6,4,5,6,5,4,4,5,6,
12,6,7,0,6,7,6,3,6,7,6,3,6,7,6,4,6,6,6,3,5,5,6,4,6,6,5,4,5,5,6,
12,6,7,0,6,7,6,3,6,7,6,4,6,7,6,4,6,6,6,3,5,5,7,4,6,6,5,4,4,5,6,
15,9,7,0,6,9,6,3,6,10,6,4,6,10,6,4,6,6,9,4,5,5,9,4,6,6,8,4,5,5,6,
12,6,6,0,5,6,5,3,5,6,5,3,5,6,5,3,5,6,5,3,4,5,6,3,5,5,4,3,4,4,5,
12,6,6,0,5,6,5,3,5,6,5,3,5,6,5,3,5,6,5,3,4,5,6,3,5,5,4,3,4,4,5,
14,9,9,0,8,9,8,6,9,9,9,6,8,9,9,6,8,9,9,6,7,8,9,6,8,9,8,6,7,7,8,
11,6,6,0,6,6,5,3,6,6,6,3,5,6,6,3,5,6,6,3,4,5,6,3,5,5,5,3,4,4,6,
11,6,6,0,6,6,6,3,6,6,6,3,6,7,6,3,6,6,6,3,4,5,6,3,5,6,5,3,4,4,6,
11,6,6,0,5,6,5,3,6,6,5,3,5,6,6,3,5,6,5,3,4,5,6,3,5,5,5,3,4,4,6,
11,6,6,0,6,6,6,3,6,6,6,3,6,6,6,3,6,6,6,3,4,5,6,3,5,6,5,3,4,4,6,
11,6,7,0,6,7,6,3,6,7,6,3,6,7,6,4,6,6,6,3,5,5,6,4,5,6,5,4,4,5,6,
12,6,7,0,6,6,6,3,6,7,6,3,6,7,6,4,6,6,6,3,5,5,6,4,6,6,5,4,4,5,6,
12,6,7,0,6,6,6,3,6,7,6,3,6,7,6,4,6,6,6,3,5,5,6,4,5,6,5,4,4,4,6,
12,6,7,0,6,7,6,3,6,7,6,3,6,7,6,4,6,6,6,3,5,5,6,4,5,6,5,4,4,5,6,
12,6,7,0,6,7,6,3,6,7,6,3,6,7,6,4,6,6,6,3,5,5,7,4,5,6,5,4,5,5,6,
12,7,7,0,6,7,6,3,6,7,6,3,6,7,6,4,6,6,6,3,5,5,7,4,6,6,5,4,5,5,6,
12,6,6,0,5,6,5,3,5,6,5,3,5,6,5,3,5,6,5,3,4,5,6,3,5,5,4,3,4,4,5,
12,5,6,0,5,6,5,3,5,6,5,3,5,6,5,3,5,6,5,3,4,4,6,3,5,5,4,3,4,4,5,
11,6,6,0,5,6,5,3,5,6,5,3,5,6,5,3,5,6,5,3,4,5,6,3,5,5,5,3,4,4,5,
11,6,6,0,6,6,5,3,5,6,6,3,5,7,6,3,5,6,6,3,4,5,6,3,5,5,5,3,4,4,6,
11,6,6,0,5,6,5,3,5,6,5,3,5,6,5,3,5,6,5,3,4,5,6,3,5,5,5,3,4,4,5,
12,6,7,0,6,6,6,3,6,6,6,3,5,6,6,3,5,6,5,3,4,6,6,3,5,6,4,3,4,5,6,
11,6,6,0,6,6,6,3,6,6,6,3,6,7,6,3,6,6,6,3,5,5,6,3,5,5,5,3,4,4,6,
11,6,7,0,6,6,5,3,6,6,6,3,5,6,6,3,5,6,6,3,4,5,6,3,5,5,5,3,4,4,6,
11,6,7,0,6,7,6,3,6,6,6,3,6,7,6,4,6,6,6,3,5,5,6,3,5,6,5,4,4,4,6,
13,6,7,0,8,7,6,5,8,6,6,5,8,7,6,5,8,6,6,5,7,5,6,5,7,6,5,5,6,5,8,
11,6,7,0,6,7,6,3,6,6,6,3,6,7,6,4,6,6,6,3,5,5,6,4,5,6,5,4,4,4,6,
12,6,7,0,6,7,6,3,6,6,6,3,6,7,6,4,6,6,6,3,5,5,6,4,6,6,5,4,5,5,6,
12,6,6,0,5,6,5,3,5,6,5,3,5,6,5,3,5,6,5,3,4,5,6,3,5,5,4,3,4,4,5,
12,6,6,0,5,6,5,3,5,6,5,3,5,6,5,3,5,6,5,3,4,5,6,3,5,5,4,3,4,4,5,
11,6,6,0,5,6,5,3,5,6,5,3,5,6,5,3,5,6,5,3,4,5,6,3,5,5,5,3,4,4,5,
11,6,6,0,5,6,5,3,6,6,6,3,5,6,5,3,5,6,6,3,4,5,6,3,5,5,5,3,4,4,6,
11,6,6,0,5,6,5,3,6,6,6,3,6,6,6,3,5,6,6,3,5,5,6,3,5,5,5,3,4,4,6,
11,6,6,0,5,6,5,3,5,6,6,3,5,6,6,3,5,6,6,3,4,5,6,3,5,5,5,3,4,4,6,
11,6,7,0,6,7,6,3,6,6,6,3,6,7,6,4,6,6,6,3,5,5,6,4,5,6,5,4,4,4,6,
11,6,7,0,6,7,6,3,6,7,6,3,6,7,6,4,5,6,6,3,5,5,6,4,5,6,5,4,5,5,6,
12,6,7,0,6,7,6,3,6,7,6,3,6,7,6,4,6,6,6,3,5,5,6,4,5,6,5,4,4,5,6,
12,6,7,0,6,7,6,3,6,7,6,3,6,7,6,4,6,6,6,3,5,5,6,4,6,6,5,4,4,5,6,
12,6,7,0,6,7,6,3,6,7,6,3,6,7,6,4,6,6,6,3,5,5,6,4,5,6,5,4,4,5,6,
12,7,7,0,6,7,6,4,6,7,6,4,6,7,6,4,6,7,6,4,5,6,7,4,6,6,5,4,5,5,6,
12,6,6,0,5,6,5,3,5,6,6,3,5,6,6,3,5,6,5,3,4,5,6,3,5,5,5,3,4,4,5,
12,6,6,0,5,6,5,3,5,6,5,3,5,6,5,3,5,6,5,3,4,5,6,3,5,5,5,3,4,4,5,
11,6,6,0,5,6,5,3,5,6,5,3,5,6,5,3,5,6,5,3,4,5,6,3,5,5,5,3,4,4,5,
11,6,6,0,5,6,6,3,5,6,6,3,5,7,6,3,5,6,6,3,4,5,6,3,5,5,5,3,4,4,6,
11,6,7,0,6,6,6,3,6,6,6,3,5,7,6,3,5,6,6,3,4,5,6,3,5,5,5,3,4,4,6,
11,6,7,0,6,7,6,3,6,6,6,3,6,7,6,4,5,6,6,3,5,5,6,4,5,6,5,4,4,4,6,
13,7,7,0,6,8,6,3,6,7,6,3,6,8,6,4,6,6,7,3,5,6,7,4,5,6,6,4,5,5,6,
12,6,7,0,6,7,6,3,6,7,6,3,6,7,6,4,6,6,6,3,5,5,6,4,5,6,5,4,5,5,6,
12,7,7,0,6,7,6,3,6,7,6,3,6,7,6,4,6,6,6,3,5,6,7,4,6,6,6,4,4,5,6,
12,6,6,0,5,6,5,3,5,6,5,3,5,6,5,3,5,6,5,3,4,4,6,3,5,5,4,3,4,4,5,
12,6,7,0,6,7,6,3,6,7,6,4,6,7,6,4,6,6,6,3,5,5,6,4,5,6,6,4,5,5,6,
12,7,7,0,6,7,6,4,6,7,6,4,6,7,6,4,6,7,6,4,5,6,7,4,6,6,6,4,4,5,6,
13,6,8,0,6,6,7,4,6,6,7,4,6,7,7,4,6,7,6,4,5,6,6,4,6,7,5,4,5,6,6,
12,7,7,0,6,7,6,3,6,7,6,3,6,7,6,4,6,6,6,3,5,5,6,4,5,6,5,4,5,5,6,
11,6,7,0,6,7,6,3,6,7,6,4,6,7,6,4,6,6,6,3,5,6,6,4,6,6,5,4,5,5,6,
12,6,6,0,5,6,5,2,5,6,5,3,5,6,5,3,5,6,5,2,4,5,6,3,5,5,5,3,4,4,5,
12,2,3,0,3,2,2,0,3,2,2,0,3,3,2,0,3,2,2,0,2,1,2,0,3,2,1,0,2,0,3,
11,6,6,0,5,6,5,3,5,6,5,3,5,6,5,3,5,6,5,3,4,5,6,3,5,5,5,3,4,4,5,
11,6,6,0,5,6,5,3,5,6,6,3,5,6,6,3,5,6,6,3,4,5,6,3,5,5,5,3,4,4,6,
11,6,7,0,6,6,6,3,6,6,6,3,6,6,6,3,6,6,6,3,5,6,6,3,6,6,5,3,4,4,6,
11,6,7,0,6,6,6,3,6,6,6,3,5,7,6,3,5,6,6,3,5,5,6,3,5,6,5,3,4,4,6,
11,6,7,0,5,6,6,3,6,6,6,3,6,7,6,4,6,6,6,3,5,5,6,4,5,6,5,4,4,4,6,
11,6,7,0,5,6,6,3,6,7,6,4,6,7,6,3,6,6,6,3,5,5,6,3,5,6,5,3,4,4,6,
12,6,7,0,6,6,6,4,6,7,6,4,6,7,6,4,6,6,6,4,5,5,6,4,5,6,5,4,4,5,6,
15,6,7,0,6,7,6,4,6,7,6,4,6,7,6,4,6,6,6,4,5,5,6,4,5,6,5,4,5,5,6,
12,6,7,0,5,6,5,3,6,6,6,3,6,7,6,4,5,6,6,3,5,5,6,4,5,6,5,4,4,4,6,
12,6,7,0,6,7,6,3,6,7,6,3,6,7,6,4,6,6,6,3,5,5,6,4,5,6,5,4,5,5,6,
12,6,7,0,6,7,6,4,6,7,6,4,6,7,6,4,6,6,6,4,5,6,7,4,5,6,5,4,4,5,6,
12,6,7,0,6,7,6,3,7,7,6,3,6,7,6,4,6,6,6,3,5,5,6,4,5,6,5,4,5,5,6,
12,6,7,0,6,7,6,3,6,7,6,3,6,7,6,4,6,6,6,3,5,5,6,4,5,6,5,4,4,5,6,
12,6,6,0,5,6,5,3,5,6,5,3,5,6,5,3,5,6,5,3,4,5,6,3,5,5,5,3,4,4,5,
12,6,7,0,6,7,6,4,6,7,6,4,6,7,6,4,6,7,6,4,5,6,7,4,6,6,6,4,5,5,6,
12,6,6,0,5,6,5,3,5,6,5,3,5,6,5,3,5,6,5,3,4,5,6,3,5,5,4,3,4,4,5,
12,6,7,0,5,6,5,3,6,6,6,3,6,7,6,3,5,6,6,3,5,5,6,3,5,6,5,4,4,4,6,
11,6,6,0,5,6,5,3,5,6,5,3,5,6,5,3,5,6,6,3,4,5,6,3,5,5,5,3,4,4,6,
11,6,6,0,5,6,5,3,5,6,5,3,5,6,5,3,5,6,6,3,4,5,6,3,5,5,5,3,4,4,5,
11,6,6,0,5,6,5,3,6,6,6,3,5,7,6,3,5,6,6,3,5,5,6,3,5,5,5,4,4,4,6,
11,6,7,0,5,6,5,3,6,6,6,3,5,6,6,3,5,6,6,3,4,5,6,3,5,5,5,3,4,4,6,
11,6,7,0,5,6,6,3,6,7,6,3,6,7,6,3,5,6,6,3,5,5,6,3,5,6,5,4,4,4,6,
11,6,7,0,5,6,5,3,6,7,6,4,6,7,6,4,5,6,6,4,5,5,6,4,5,6,5,4,4,4,6,
14,6,7,0,6,7,6,3,6,7,6,3,6,7,6,4,6,6,6,4,5,5,6,4,5,6,5,4,5,5,6,
11,6,7,0,6,6,6,3,6,7,6,4,6,7,6,4,5,6,6,4,5,5,6,4,6,6,5,4,4,4,6,
12,6,7,0,6,7,6,4,6,7,6,4,6,7,6,4,6,7,6,4,5,6,6,4,6,6,6,4,5,5,6,
14,6,10,0,6,7,9,3,6,7,9,4,6,7,9,4,5,9,6,4,5,8,6,4,6,9,5,4,5,8,6,
12,6,7,0,6,7,6,3,6,7,6,4,6,7,6,4,6,6,6,4,5,6,6,4,5,6,5,4,5,5,6,
12,6,6,0,5,6,5,3,5,6,5,3,5,6,5,3,5,6,5,3,4,5,6,3,5,5,5,3,4,4,5,
13,6,6,0,5,6,5,3,5,6,5,3,5,6,5,3,5,6,5,3,4,5,6,3,5,5,5,3,4,4,6,
11,6,6,0,5,6,5,3,5,6,5,3,5,6,5,3,5,6,5,3,4,5,6,3,5,5,5,3,4,4,6,
11,6,6,0,5,6,5,3,5,6,6,3,5,6,5,3,5,6,6,3,4,5,6,3,5,5,5,3,4,4,6,
11,6,6,0,5,6,5,3,5,6,6,3,5,6,6,3,5,6,6,3,4,5,6,3,5,5,5,3,4,4,6,
11,6,7,0,5,6,5,3,6,6,6,3,5,6,6,3,5,6,6,3,4,5,6,3,5,5,5,4,4,4,6,
11,6,7,0,5,6,6,3,6,6,6,4,6,7,6,3,5,6,6,3,5,5,6,3,5,6,5,4,4,4,6,
11,6,6,0,5,6,5,3,6,6,6,3,6,6,6,3,5,6,6,3,5,5,6,3,5,6,5,4,4,4,6,
11,6,7,0,6,6,6,3,6,6,6,3,6,7,6,4,5,6,6,3,5,5,6,3,5,6,5,4,4,4,6,
11,6,7,0,6,6,6,3,6,7,6,3,6,7,6,4,5,6,6,4,5,5,6,4,5,6,5,4,5,5,6,
11,6,7,0,6,7,6,3,6,7,6,3,6,7,6,4,6,6,6,4,5,5,6,4,5,6,5,4,5,5,6,
12,6,7,0,6,7,6,3,6,7,6,3,6,7,6,4,6,7,6,3,5,6,6,3,5,6,5,4,5,5,6,
12,6,7,0,6,7,6,3,6,7,6,4,6,7,6,4,6,7,6,4,5,6,6,4,5,6,5,4,4,5,6,
12,7,7,0,6,7,6,4,6,7,6,4,6,7,6,4,6,7,6,4,5,6,7,4,6,6,5,4,5,5,6,
12,6,6,0,5,6,5,3,5,6,5,3,5,6,5,3,5,6,5,3,4,5,6,3,5,5,5,3,4,4,5,
12,6,6,0,7,6,5,5,7,6,5,5,7,6,5,5,7,6,5,5,6,5,6,5,6,5,5,5,5,5,7,
11,6,7,0,6,6,5,3,5,6,6,3,5,7,6,3,5,6,6,3,4,5,6,3,5,6,5,3,4,4,6,
11,6,7,0,6,6,6,3,6,6,6,3,6,7,6,3,5,6,6,3,4,5,6,3,5,6,5,3,4,4,6,
11,6,7,0,6,6,5,3,6,6,6,3,6,7,6,3,5,6,6,3,4,5,6,3,5,6,5,3,4,4,6,
11,6,7,0,6,6,6,3,6,6,6,3,6,6,6,3,6,6,6,3,4,5,6,3,5,6,5,3,4,4,6,
11,6,7,0,6,6,6,3,6,6,6,3,6,7,6,4,6,6,6,4,5,6,6,4,5,6,5,4,4,4,6,
11,6,7,0,6,6,6,3,6,6,6,3,6,7,6,3,6,6,6,3,5,5,6,4,5,6,5,3,4,4,6,
11,6,6,0,6,6,5,3,6,6,6,3,5,6,6,3,5,6,6,3,5,5,6,3,5,5,5,3,4,4,6,
12,6,7,0,5,6,6,3,6,7,6,3,6,7,6,4,6,6,6,4,5,5,6,4,5,6,5,4,4,4,6,
12,6,7,0,6,7,6,3,6,7,6,4,6,7,6,4,6,6,6,3,5,6,7,4,5,6,6,4,5,5,6,
12,7,7,0,6,7,6,4,6,7,6,4,6,7,6,4,6,7,6,4,5,6,7,4,6,6,5,4,5,5,6,
12,6,7,0,6,7,6,4,6,7,6,4,6,7,6,4,6,6,6,4,5,6,7,4,5,6,5,4,5,5,6,
12,6,6,0,5,6,5,3,6,6,6,3,5,7,6,3,6,6,6,3,5,5,6,3,5,5,5,3,4,4,6,
12,5,6,0,5,6,5,3,5,6,5,3,5,6,5,3,5,6,5,3,4,5,6,3,4,5,4,3,4,4,5,
12,6,6,0,5,6,5,3,5,6,5,3,5,6,5,3,5,6,5,3,4,5,6,3,4,5,5,3,4,4,5,
11,6,6,0,5,6,5,3,5,6,5,3,5,6,5,3,5,6,5,3,4,5,6,3,5,5,5,3,4,4,5,
11,6,6,0,5,6,5,3,5,6,5,3,5,6,5,3,5,6,5,3,4,5,6,3,5,5,5,3,4,4,5,
11,6,6,0,5,6,5,3,5,6,6,3,5,7,6,3,5,6,5,3,4,5,6,3,5,5,5,3,4,4,6,
11,6,7,0,5,6,5,3,6,6,6,3,5,7,6,3,5,6,6,3,5,5,6,3,5,5,5,3,4,4,6,
11,6,6,0,5,6,5,3,6,6,6,3,6,7,6,4,6,6,6,3,5,5,6,4,5,5,5,3,4,4,6,
12,6,7,0,6,6,6,3,6,7,6,3,6,7,6,4,6,6,6,3,5,5,6,4,5,6,5,4,4,5,6,
13,7,7,0,6,7,6,3,6,8,6,3,6,8,6,4,6,6,7,3,5,6,7,4,5,6,6,4,4,5,6,
12,6,7,0,6,6,6,3,6,7,6,3,6,7,6,4,6,6,6,3,5,5,6,4,6,6,5,4,4,5,6,
12,6,7,0,6,6,6,3,6,7,6,3,6,7,6,4,6,6,6,3,5,5,6,4,5,6,5,4,4,5,6,
15,6,7,0,6,7,6,4,6,7,6,4,6,7,6,4,6,6,6,4,5,6,7,4,5,6,5,4,5,5,6,
12,5,6,0,5,6,5,3,5,6,5,3,5,6,5,3,5,6,5,3,4,5,6,3,5,5,4,3,4,4,5,
12,6,6,0,5,6,5,3,5,6,5,3,5,6,5,3,5,6,5,3,4,5,6,3,4,5,5,3,4,4,5,
15,5,9,0,5,6,8,3,5,6,8,3,5,6,8,3,5,8,5,3,4,7,6,3,5,8,4,3,4,4,6,
11,6,6,0,5,6,5,3,6,6,5,3,5,6,6,3,6,6,5,3,4,5,6,3,5,5,5,3,4,4,6,
11,6,6,0,5,6,5,3,5,6,5,3,5,6,5,3,5,6,5,3,4,5,6,3,5,5,5,3,4,4,5,
13,6,6,0,5,6,5,3,5,6,5,3,5,6,5,3,5,6,5,3,4,5,6,3,5,5,5,3,4,4,5,
11,6,6,0,5,6,5,3,5,6,5,3,5,6,5,3,5,6,5,3,4,5,6,3,5,5,5,3,4,4,5,
11,6,6,0,5,6,5,3,6,6,5,3,5,6,5,3,5,6,6,3,4,5,6,3,5,5,5,3,4,4,6,
11,6,6,0,5,6,5,3,6,6,6,3,5,7,6,3,5,6,6,3,4,5,6,3,5,5,5,4,4,4,6,
12,6,7,0,5,6,6,3,6,7,6,3,6,7,6,4,6,6,6,4,5,5,6,4,5,6,5,4,4,5,6,
12,6,7,0,5,6,6,3,6,7,6,3,6,7,6,4,6,6,6,4,5,5,7,4,5,6,5,4,4,5,6,
12,6,7,0,6,7,6,4,6,7,6,4,6,7,6,4,6,7,6,4,5,6,7,4,5,6,5,4,5,5,6,
12,6,7,0,6,6,6,3,6,7,6,3,6,7,6,4,6,6,6,4,5,6,6,4,5,6,6,4,4,5,6,
12,6,7,0,6,6,6,3,6,7,6,3,6,7,6,4,6,6,6,4,5,5,6,4,5,6,5,4,4,5,6,
12,6,7,0,6,7,6,4,6,7,6,4,6,7,6,4,6,7,6,4,5,6,7,4,5,6,5,4,5,5,6,
13,5,7,0,5,5,6,3,5,5,6,3,5,6,6,3,5,7,5,3,4,6,5,3,4,6,4,3,4,5,5,
12,6,7,0,6,7,6,4,6,7,6,4,6,7,6,4,6,7,6,4,5,6,7,4,6,6,5,4,5,5,6,
12,6,6,0,5,6,5,3,5,6,6,3,5,7,6,3,6,6,6,3,4,5,6,3,5,5,5,3,4,4,5,
11,5,6,0,5,6,5,3,5,6,5,3,5,6,5,3,5,6,5,3,4,5,6,3,5,5,4,3,4,4,5,
12,6,6,0,7,6,5,4,7,6,5,4,7,6,5,4,7,6,5,4,6,5,6,4,6,5,4,4,6,4,7,
11,6,6,0,5,6,5,3,5,6,5,3,5,6,5,3,5,6,5,3,4,5,6,3,5,5,5,3,4,4,5,
11,6,6,0,5,6,5,3,5,6,6,3,5,6,6,3,5,6,5,3,4,5,6,3,5,5,5,3,4,4,5,
11,6,7,0,5,6,5,3,5,6,6,3,5,7,6,3,5,6,5,3,4,5,6,3,5,5,5,3,4,4,5,
11,6,7,0,5,6,5,3,6,6,6,3,5,7,6,3,6,6,6,3,5,5,6,4,5,6,5,4,4,4,6,
11,6,7,0,5,6,5,3,6,6,6,3,5,7,6,3,5,6,6,3,5,5,6,4,5,5,5,4,4,4,6,
11,5,6,0,5,5,5,2,5,5,5,2,5,6,5,3,5,5,5,3,4,4,5,3,4,5,4,3,3,3,5,
11,6,7,0,6,6,6,3,6,6,6,3,6,7,6,4,6,6,6,4,5,5,6,4,5,6,5,4,4,4,6,
12,6,7,0,6,7,6,3,6,7,6,3,6,7,6,4,6,7,6,4,5,6,7,4,5,6,6,4,5,5,6,
12,6,7,0,6,7,6,3,6,7,6,3,6,7,6,3,6,7,6,3,5,6,6,3,5,6,5,3,5,5,6,
12,6,7,0,6,7,6,3,6,7,6,4,6,7,6,4,6,7,6,4,5,6,7,4,6,6,6,4,5,5,6,
12,5,6,0,5,6,5,2,5,6,5,3,5,6,5,3,5,6,5,3,4,5,5,3,5,5,5,3,4,4,5,
14,5,6,0,5,6,5,3,5,6,5,3,5,6,5,3,5,6,5,3,4,5,6,3,5,5,5,3,4,4,5,
12,5,6,0,5,6,5,3,5,6,5,3,5,6,5,3,5,6,5,3,4,5,6,3,4,5,5,3,4,4,5,
12,6,6,0,5,6,5,3,5,6,5,3,5,6,5,3,5,6,5,3,4,5,6,3,5,5,5,3,4,4,5,
12,6,6,0,5,6,5,3,5,6,5,3,5,6,5,3,5,6,5,3,4,5,6,3,5,5,5,3,4,4,5,
12,6,6,0,5,6,5,3,6,6,5,3,5,6,5,3,5,6,5,3,4,5,6,3,5,5,5,3,4,4,5,
13,6,6,0,5,6,5,3,5,6,5,3,5,6,5,3,5,6,5,3,4,5,6,3,5,5,5,3,4,4,5,
11,6,6,0,5,6,5,3,5,6,5,3,5,6,5,4,5,6,5,3,4,5,6,4,5,5,5,4,4,4,6,
11,6,6,0,5,6,5,3,6,6,6,3,6,7,6,4,6,6,6,3,5,5,6,4,5,5,5,4,4,4,6,
11,6,6,0,5,6,5,3,6,6,6,3,5,7,5,3,5,6,6,3,5,5,6,3,5,5,5,3,4,4,6,
14,9,6,0,5,9,5,3,5,9,6,3,5,9,6,3,5,6,8,3,5,5,9,3,5,5,5,3,4,4,6,
11,6,7,0,5,6,6,3,6,6,6,3,6,7,6,3,6,6,6,3,5,5,6,3,5,5,5,4,4,4,6,
11,6,7,0,5,6,6,3,6,7,6,3,6,7,6,3,6,6,6,3,5,5,6,3,5,5,5,4,4,4,6,
11,6,7,0,5,6,5,3,6,6,6,3,6,7,6,4,6,6,6,3,5,5,6,4,5,5,5,4,4,4,6,
12,6,7,0,6,6,6,3,6,7,6,3,6,7,6,4,6,6,6,4,5,5,6,4,5,6,5,4,4,4,6,
11,6,7,0,6,6,6,3,6,7,6,3,6,7,6,4,6,6,6,4,5,5,6,4,5,5,5,4,4,5,6,
12,6,7,0,6,7,6,3,6,7,6,3,6,7,6,4,6,6,6,4,5,5,7,4,6,6,5,4,5,5,6,
12,6,7,0,6,7,6,3,6,7,6,3,6,7,6,4,6,7,6,4,5,5,7,4,6,6,5,4,4,5,6,
12,7,7,0,6,7,6,4,6,7,6,4,6,7,6,4,6,7,6,4,5,6,7,4,6,6,5,4,5,5,6,
15,5,6,0,5,6,5,3,5,6,5,3,5,6,5,3,5,6,5,3,4,5,6,3,5,5,5,3,4,4,5,
12,5,6,0,5,6,5,3,5,6,5,3,5,7,5,3,5,6,5,3,4,5,6,3,5,5,4,3,4,4,6,
12,6,6,0,5,6,5,3,5,6,5,3,5,6,5,3,5,6,5,3,4,5,6,3,5,5,5,3,4,4,5,
12,6,6,0,5,6,5,3,5,6,5,3,5,6,5,3,5,6,6,3,4,5,6,3,5,5,5,3,4,4,5,
11,6,6,0,5,6,5,3,6,6,5,3,5,7,5,3,5,6,6,3,4,5,6,3,5,5,5,3,4,4,6,
12,7,7,0,7,7,7,3,8,7,7,3,7,7,7,3,7,7,7,3,4,7,7,3,7,7,7,3,4,4,8,
11,6,6,0,5,6,5,3,6,6,5,3,5,7,6,3,6,6,6,3,4,5,6,3,5,5,5,3,4,4,6,
12,6,6,0,5,6,5,3,5,6,5,3,5,6,5,3,5,6,6,3,4,5,6,3,5,5,5,3,4,4,5,
14,8,9,0,5,9,6,3,6,9,6,4,6,9,6,4,6,6,8,3,5,5,8,3,5,5,7,4,4,4,6,
11,6,6,0,5,6,5,3,6,6,6,3,6,7,6,3,6,6,6,3,5,5,6,3,5,5,5,3,4,4,6,
13,6,8,0,5,6,7,3,6,7,7,3,6,7,7,4,6,8,6,3,5,7,6,3,5,7,5,4,4,6,6,
11,6,7,0,6,7,6,3,6,7,6,3,6,7,6,4,6,6,6,3,5,6,6,4,6,6,5,4,4,4,6,
12,6,7,0,6,7,6,3,6,7,6,3,6,7,6,4,6,6,6,3,5,6,6,4,6,6,5,4,4,4,6,
12,6,7,0,6,7,6,3,6,7,6,3,6,7,6,4,6,6,6,3,5,6,7,4,6,6,6,4,4,4,6,
14,6,10,0,6,10,6,3,6,10,6,3,6,10,6,4,6,6,6,4,5,6,10,4,6,6,6,5,5,5,6,
12,6,7,0,6,7,6,3,6,7,6,3,6,7,6,4,6,6,6,4,5,6,7,4,6,6,6,4,4,5,6,
12,6,6,0,5,6,5,3,5,6,5,3,5,6,5,3,5,6,5,3,4,5,6,3,5,5,5,3,4,4,5,
12,6,7,0,6,7,6,4,6,7,6,4,6,7,6,4,6,6,6,4,5,6,7,4,6,6,6,4,4,5,6,
12,7,7,0,6,7,6,4,6,7,6,4,6,7,6,4,6,7,6,4,5,6,7,4,6,6,6,4,5,5,6,
12,6,6,0,5,6,5,3,5,6,5,3,5,6,5,3,5,6,5,3,4,5,6,3,5,5,5,3,4,4,5,
12,6,6,0,5,6,5,3,5,6,5,3,5,6,5,3,5,6,5,3,4,5,6,3,5,5,5,3,3,4,6,
11,6,6,0,5,6,5,3,5,6,5,3,5,6,5,3,5,6,5,3,4,5,6,3,5,5,5,3,4,4,6,
11,6,6,0,5,6,5,3,6,6,6,3,6,7,6,3,5,6,6,3,4,5,6,3,5,5,5,3,4,4,6,
11,6,7,0,5,6,5,3,5,6,6,3,5,7,6,3,5,6,6,3,4,5,6,3,5,6,5,4,4,4,6,
11,6,7,0,5,6,5,3,6,6,6,3,5,7,6,3,5,6,6,3,5,5,6,3,5,6,5,4,4,4,6,
11,6,7,0,5,6,5,3,6,6,6,3,6,7,6,3,6,6,6,3,5,5,6,3,5,5,5,4,4,4,6,
11,6,6,0,5,6,5,3,5,6,5,3,5,7,5,3,5,6,6,3,4,5,6,3,5,5,5,3,4,4,5,
12,6,7,0,7,7,6,5,8,7,6,5,7,7,6,5,7,6,6,5,6,5,6,5,7,5,5,5,6,5,8,
11,6,7,0,5,7,6,3,6,7,6,3,6,7,6,4,6,6,6,3,5,5,6,4,5,6,5,4,4,4,6,
11,6,7,0,5,7,6,3,6,7,6,3,6,7,6,4,6,6,6,4,5,5,6,4,5,5,5,4,4,4,6,
12,6,7,0,6,7,6,3,6,7,6,4,6,7,6,4,6,6,6,3,5,6,7,4,6,6,5,4,4,5,6,
12,6,7,0,6,7,6,3,6,7,6,4,6,7,6,4,6,6,6,4,5,6,7,4,6,6,6,4,4,5,6,
14,6,6,0,5,6,5,3,5,6,5,3,5,6,5,3,5,6,5,3,4,5,6,3,5,5,5,3,3,4,5,
12,6,7,0,6,7,6,3,6,7,6,4,6,7,6,4,6,6,6,4,5,6,7,4,6,6,5,4,4,5,6,
12,5,6,0,5,6,5,3,5,6,5,3,5,6,5,3,5,6,5,3,5,5,6,3,5,5,5,3,3,4,5,
12,5,6,0,5,6,5,3,5,6,5,3,5,6,5,3,5,6,5,3,4,5,6,3,4,5,4,3,3,4,5,
12,6,6,0,5,6,5,3,5,6,5,3,5,6,5,3,5,6,5,3,5,5,6,3,5,5,5,3,3,5,5,
11,6,6,0,5,6,5,3,5,6,6,3,5,7,5,3,5,6,6,3,5,5,6,3,5,5,5,3,4,4,6,
11,6,6,0,5,6,5,3,5,6,5,3,5,6,6,3,5,6,6,3,5,5,6,3,5,5,5,3,4,4,6,
13,6,7,0,6,7,6,3,6,7,6,3,6,7,6,4,6,6,6,3,5,5,6,4,5,6,5,4,4,4,6,
11,6,6,0,6,6,6,3,6,6,6,3,6,7,6,3,6,6,6,3,5,5,6,3,5,6,5,3,4,5,6,
11,6,7,0,6,6,6,3,6,6,6,3,6,7,6,3,6,6,6,3,5,5,6,3,5,6,5,4,4,4,6,
11,6,7,0,6,6,6,3,6,6,6,3,6,7,6,3,6,6,6,3,5,5,6,3,5,6,5,4,4,4,6,
11,6,7,0,6,6,6,3,6,7,6,4,6,7,6,4,6,6,6,4,5,5,6,4,5,6,5,4,4,5,6,
11,6,7,0,6,6,6,3,6,6,6,4,6,7,6,4,6,6,6,4,5,5,6,4,5,6,5,4,4,4,6,
11,6,7,0,6,6,6,3,6,7,6,3,6,7,6,4,6,6,6,4,5,6,6,4,5,6,5,4,4,4,6,
12,6,7,0,6,7,6,3,6,7,6,3,6,7,6,4,6,6,6,4,5,5,6,4,5,6,5,4,4,4,6,
12,6,7,0,6,6,6,3,6,7,6,3,6,7,6,4,6,6,6,4,5,5,6,4,5,6,5,4,4,5,6,
14,9,7,0,6,9,6,3,6,9,6,3,6,10,6,4,6,6,9,4,5,5,9,4,5,6,8,4,4,4,6,
12,7,7,0,6,7,6,4,6,7,6,4,6,7,6,4,6,7,6,4,5,6,7,4,6,6,5,4,4,5,7,
12,6,7,0,6,7,6,3,6,7,6,4,6,7,6,4,6,6,6,4,5,6,7,4,6,6,5,4,4,5,6,
13,8,9,0,6,9,8,6,6,9,8,6,6,9,8,6,6,8,8,6,5,7,8,6,5,8,7,6,4,6,6,
12,7,7,0,6,7,6,4,6,7,6,4,6,7,6,4,6,7,6,4,6,6,7,4,6,6,6,4,4,5,6,
12,6,7,0,6,7,6,4,6,7,6,4,6,7,6,4,6,7,6,4,5,6,7,4,6,6,6,4,4,5,6,
12,6,6,0,5,6,5,3,5,6,5,3,5,6,5,3,5,6,5,3,5,5,6,3,5,5,5,3,3,4,5,
11,6,6,0,5,6,5,3,5,6,5,3,5,6,5,3,5,6,5,3,5,5,6,3,5,5,5,3,4,4,6,
11,6,6,0,5,6,5,3,6,6,6,3,5,7,5,3,5,6,6,3,5,5,6,3,5,5,5,3,4,4,6,
11,6,6,0,5,6,6,3,5,6,6,3,5,6,6,3,5,6,6,3,5,5,6,3,5,5,5,3,4,4,5,
11,6,7,0,6,6,6,3,6,7,6,4,6,7,6,4,6,6,6,3,5,5,6,4,5,6,5,4,4,4,6,
11,6,6,0,6,6,6,3,6,6,6,3,5,7,6,3,5,6,6,3,5,5,6,3,5,6,5,4,4,4,6,
11,6,6,0,5,6,5,3,6,6,6,3,6,7,6,3,6,6,6,3,5,5,6,3,5,6,5,4,4,4,6,
12,7,7,0,6,7,6,3,6,7,6,4,6,7,6,4,6,6,6,4,5,5,7,4,5,6,6,4,4,4,6,
11,6,7,0,6,7,6,3,6,7,6,4,6,7,6,4,6,6,6,4,5,5,6,4,5,6,5,4,4,4,6,
11,6,7,0,6,6,6,3,6,7,6,4,6,7,6,4,6,6,6,4,5,5,6,4,5,6,5,4,4,4,6,
14,7,7,0,6,7,6,3,6,7,6,4,6,7,6,4,6,6,6,4,5,6,7,4,6,6,5,4,4,5,6,
12,7,7,0,6,7,6,3,6,7,6,4,6,7,6,4,6,6,6,4,5,5,6,4,5,6,5,4,4,4,6,
12,6,7,0,6,7,6,3,6,7,6,4,6,7,6,4,6,6,6,4,5,5,6,4,5,6,5,4,4,4,6,
15,6,10,0,6,7,9,4,6,7,9,4,6,7,9,4,6,9,6,4,5,8,7,4,6,9,5,4,4,8,6,
12,6,7,0,6,7,6,3,6,7,6,4,6,7,6,4,6,7,6,4,5,6,6,4,6,6,5,4,4,5,6,
12,6,6,0,5,6,5,3,5,6,5,3,5,6,5,3,5,5,5,3,4,5,6,3,5,5,5,3,3,4,5,
13,6,6,0,5,6,5,3,5,6,5,3,5,6,5,3,5,6,5,3,4,5,6,3,5,5,5,3,4,4,5,
12,6,6,0,5,6,5,3,5,6,5,3,5,6,5,3,5,6,5,3,4,5,6,3,5,5,5,3,3,4,5,
11,6,6,0,5,6,5,3,5,6,5,3,5,6,5,3,5,6,5,3,5,5,6,3,5,5,5,3,3,4,5,
11,6,6,0,5,6,5,3,5,6,6,3,5,6,5,3,5,6,5,3,4,5,6,3,5,5,5,3,4,4,5,
11,6,6,0,5,6,5,3,6,6,6,4,5,7,6,4,5,6,6,3,5,5,6,4,5,6,5,4,4,4,6,
11,6,6,0,5,6,6,3,6,6,6,4,5,7,6,4,5,6,6,3,5,5,6,4,5,5,5,4,4,4,6,
11,6,6,0,6,6,6,3,6,7,6,4,6,7,6,4,6,6,6,3,5,5,6,4,5,5,5,4,4,4,6,
11,6,7,0,6,6,6,3,6,7,6,3,5,7,6,4,6,6,6,3,5,5,6,4,5,6,5,4,4,4,6,
12,6,7,0,6,6,6,3,6,7,6,4,6,7,6,4,6,6,6,4,5,5,6,4,5,5,5,4,4,4,6,
11,6,7,0,6,6,6,3,6,7,6,4,6,7,6,4,6,6,6,4,5,5,6,4,5,5,5,4,4,4,6,
12,6,7,0,6,6,6,3,6,6,7,3,6,7,6,3,6,7,6,3,5,6,6,3,5,6,5,3,4,5,6,
12,6,7,0,6,7,6,3,6,7,6,4,6,7,6,4,6,6,6,4,5,6,7,4,5,6,5,4,4,5,6,
12,6,7,0,6,7,6,4,6,7,6,4,6,7,6,4,6,6,6,4,5,6,7,4,5,6,6,4,4,5,6,
12,6,7,0,6,7,6,3,6,7,6,4,6,7,6,4,6,6,6,4,5,6,6,4,5,6,5,4,4,5,6,
12,6,6,0,7,6,5,5,8,6,6,5,7,7,5,5,8,6,6,5,7,5,6,5,7,5,5,5,6,5,8,
12,6,7,0,6,7,6,3,6,7,6,4,6,7,6,4,6,6,6,4,5,6,6,4,5,6,5,4,4,5,6,
12,6,7,0,6,7,6,3,6,7,6,4,6,7,6,4,6,6,6,4,5,6,7,4,6,6,6,4,4,5,6,
12,6,6,0,5,6,5,3,5,6,5,3,5,6,5,3,5,6,5,3,4,5,6,3,4,5,5,3,3,4,5,
12,6,6,0,5,6,5,3,5,6,5,3,5,6,5,3,5,6,5,3,4,5,6,3,5,5,5,3,4,4,5,
11,6,6,0,5,6,5,3,5,6,5,3,5,6,5,3,5,6,5,3,4,5,6,3,5,5,5,3,4,4,5,
11,6,6,0,5,6,5,3,5,6,5,3,5,6,5,3,5,6,5,3,4,5,6,3,5,5,5,3,4,4,5,
11,6,6,0,5,6,6,3,6,7,6,3,5,7,6,4,6,6,6,3,5,5,6,4,5,6,5,4,4,4,6,
11,6,6,0,5,6,5,3,5,6,6,3,5,7,5,3,5,6,6,3,5,5,6,3,5,5,5,3,4,4,6,
11,6,6,0,5,6,5,3,6,7,6,3,5,7,6,4,5,6,6,3,5,5,6,3,5,6,5,4,4,4,6,
11,6,6,0,5,6,6,3,6,7,6,3,6,7,6,4,6,6,6,3,5,5,6,3,5,6,5,4,4,4,6,
11,6,6,0,5,6,6,3,6,7,6,3,6,7,6,4,6,6,6,3,5,5,6,3,5,6,5,4,4,4,6,
11,6,7,0,5,7,6,3,6,7,6,4,6,7,6,4,6,6,6,4,5,5,6,4,5,6,5,4,4,4,6,
11,6,6,0,5,6,6,3,6,7,6,4,6,7,6,4,6,6,6,3,5,5,6,3,5,6,5,3,4,4,6,
11,6,6,0,5,6,6,3,5,6,6,3,5,7,5,3,5,6,6,3,4,5,6,3,5,5,5,3,4,4,6,
11,6,6,0,5,6,5,3,5,6,6,3,5,6,5,3,5,6,6,3,4,5,6,3,5,5,5,3,4,4,5,
12,7,7,0,6,7,6,3,6,7,6,4,6,7,6,4,6,6,6,4,5,6,7,4,5,6,5,4,4,5,6,
33,28,7,0,6,8,6,3,6,7,6,4,6,7,6,4,6,6,6,4,5,6,7,4,5,6,5,4,4,5,6,
12,7,7,0,6,7,6,3,6,7,6,4,6,7,6,4,6,6,6,4,5,6,7,4,6,6,6,4,4,5,6,
12,7,7,0,6,7,6,4,6,7,6,4,6,7,6,4,6,6,6,4,5,6,7,4,5,6,5,4,4,5,6,
12,6,7,0,6,7,6,3,6,7,6,4,6,7,6,4,6,6,6,4,5,6,7,4,5,6,5,4,5,5,6,
15,8,6,0,5,9,5,3,5,9,5,3,5,9,5,3,5,5,8,3,4,5,8,3,4,5,7,3,3,4,5,
12,6,6,0,5,6,5,3,5,6,5,3,5,6,5,3,5,6,5,3,4,5,6,3,5,5,5,3,4,4,5,
11,6,6,0,5,6,5,3,5,6,5,3,5,6,5,3,5,6,5,3,4,5,6,3,5,5,5,3,3,4,5,
11,6,6,0,5,6,5,3,5,6,6,3,5,7,5,3,5,6,6,3,4,5,6,3,5,5,5,3,4,4,6,
11,6,6,0,5,6,6,3,5,6,6,3,5,7,6,4,5,6,6,3,5,5,6,3,5,5,5,4,4,4,6,
11,6,6,0,5,6,5,3,6,6,6,3,6,7,6,4,6,6,6,3,5,5,6,3,5,6,5,4,4,4,6,
11,6,6,0,5,6,5,3,6,6,6,3,6,7,6,4,6,6,6,3,5,5,6,3,5,6,5,4,4,4,6,
11,6,6,0,5,6,5,3,6,6,6,4,6,7,6,3,6,6,6,3,5,5,6,3,5,6,5,4,4,4,6,
11,6,6,0,5,6,6,3,6,7,6,4,6,7,6,4,5,6,6,3,5,5,6,3,5,6,5,4,4,4,6,
11,6,7,0,5,6,6,3,6,7,6,3,6,7,6,4,6,6,6,3,5,5,6,4,5,6,5,4,4,4,6,
11,6,7,0,6,7,6,3,6,7,6,4,6,7,6,4,6,6,6,3,5,5,6,4,5,6,5,4,4,4,6,
11,6,7,0,5,6,6,3,6,7,6,4,6,7,6,4,6,6,6,3,5,5,6,4,5,6,5,4,4,4,6,
12,6,7,0,6,7,6,3,6,7,6,4,6,7,6,4,6,6,6,4,5,5,6,4,5,5,5,4,4,4,6,
12,6,7,0,6,7,6,3,6,7,6,4,6,7,6,4,6,6,6,4,5,5,6,4,5,5,5,4,4,5,6,
12,6,7,0,6,7,6,4,6,7,6,4,6,7,6,4,6,7,6,4,5,6,7,4,5,6,5,4,4,5,6,
33,6,6,0,5,6,5,3,5,6,6,3,5,6,5,4,5,6,6,4,4,5,6,4,5,5,5,4,4,4,6,
14,6,7,0,6,6,6,3,6,6,6,3,6,7,6,4,5,6,6,3,5,5,6,4,5,5,5,4,4,4,6,
12,6,7,0,6,7,6,3,6,7,6,4,6,7,6,4,6,6,6,4,5,6,7,4,5,6,5,4,5,5,6,
12,5,6,0,5,6,5,2,5,6,5,3,5,6,5,3,5,5,5,3,4,4,5,3,4,5,4,3,4,4,5,
14,6,9,0,5,6,8,3,5,6,8,3,5,7,8,3,5,9,6,3,4,8,6,3,5,8,5,3,4,7,6,
11,6,6,0,5,6,5,3,5,6,5,3,5,6,5,3,5,6,5,3,4,5,6,3,5,5,5,3,4,4,5,
11,6,6,0,5,6,5,3,5,6,5,3,5,7,5,3,5,6,5,3,4,5,6,3,5,5,5,3,4,4,5,
11,6,6,0,5,6,5,3,5,6,6,3,5,6,5,3,5,6,6,3,4,5,6,3,5,5,5,3,4,4,6,
13,9,9,0,5,9,5,3,5,9,9,3,5,9,5,3,5,9,6,3,4,5,9,3,5,5,5,3,4,4,6,
11,6,6,0,6,6,6,3,6,6,6,3,6,6,6,3,6,6,6,3,6,6,6,3,6,6,6,3,6,6,6,
11,6,6,0,5,6,5,3,6,6,6,3,6,7,6,3,6,6,6,3,5,5,6,3,5,5,5,3,4,4,6,
13,6,8,0,5,8,5,3,6,8,6,3,5,8,6,3,5,6,6,3,5,5,6,3,5,5,5,3,4,4,6,
11,6,6,0,5,6,6,3,6,6,6,3,5,7,6,4,5,6,6,3,4,5,6,3,5,5,5,4,4,4,6,
11,6,6,0,5,6,6,3,5,6,6,3,6,7,6,4,6,6,6,3,5,5,6,3,5,6,5,4,4,4,6,
14,8,7,0,6,9,5,3,6,9,6,3,6,9,6,4,5,6,8,3,5,5,8,3,6,5,5,4,4,4,6,
11,6,7,0,5,6,5,3,6,6,6,3,6,7,6,4,6,6,6,3,5,5,6,3,5,5,5,4,4,4,6,
11,6,7,0,6,7,6,3,6,7,6,4,6,7,6,4,5,6,6,4,5,5,6,4,6,5,5,4,4,4,6,
12,6,6,0,5,6,5,3,5,6,5,3,5,6,5,3,5,6,5,3,4,5,6,3,5,5,5,3,3,4,5,
12,5,6,0,5,6,5,3,5,6,5,3,5,6,5,3,5,5,5,3,4,5,6,3,4,5,4,3,3,4,5,
12,6,6,0,5,6,5,3,5,6,6,3,5,6,5,3,5,6,5,3,4,5,6,3,5,5,5,3,4,4,5,
13,6,6,0,6,6,5,3,6,6,5,3,6,6,5,3,6,6,6,3,5,5,6,3,5,5,5,3,4,4,6,
11,6,6,0,5,6,5,3,5,6,5,3,5,6,5,3,5,6,5,3,4,5,6,3,5,5,5,3,4,4,5,
11,6,6,0,5,6,5,3,5,6,5,3,5,6,5,3,5,6,6,3,5,5,6,3,5,5,5,3,4,4,5,
11,6,7,0,5,6,6,3,6,7,6,3,6,7,6,4,6,6,6,3,5,5,6,4,5,5,5,4,4,4,6,
11,6,6,0,6,6,5,3,6,6,6,3,6,7,6,4,6,6,6,3,5,5,6,3,5,5,5,4,4,4,6,
13,6,6,0,6,6,6,3,6,6,6,3,6,7,6,4,6,6,6,3,5,5,6,3,5,5,5,4,4,4,6,
11,6,6,0,6,6,5,3,6,6,6,3,5,7,5,3,6,6,6,3,5,5,6,3,5,5,5,3,4,4,6,
11,6,6,0,5,6,5,3,5,7,6,3,5,7,5,3,5,6,6,3,5,5,6,3,5,5,5,4,4,4,6,
14,5,6,0,5,6,5,3,5,6,5,3,5,6,5,3,5,6,5,3,4,5,6,3,4,5,4,3,3,4,5,
14,9,7,0,6,9,6,3,6,9,6,3,6,10,6,4,6,6,9,3,5,6,9,3,5,6,8,4,4,4,6,
11,6,7,0,6,6,5,3,6,7,6,3,6,7,5,4,6,6,6,3,5,5,6,3,5,5,5,4,4,4,7,
12,6,7,0,6,7,6,3,6,7,6,4,6,7,6,4,6,6,6,4,5,5,6,4,5,5,5,4,4,5,6,
14,8,7,0,5,8,5,5,5,8,6,6,5,8,6,6,5,6,7,3,5,5,8,6,5,5,7,6,4,5,6,
13,6,7,0,5,7,6,3,5,7,6,3,5,7,6,4,5,7,6,4,4,6,6,4,5,6,5,4,3,5,5,
12,6,7,0,5,6,6,3,5,6,6,3,5,6,6,4,5,6,6,3,5,5,6,3,5,5,5,4,4,5,5,
12,5,6,0,5,6,5,2,5,6,5,2,5,6,5,3,5,5,5,3,5,5,5,3,5,5,5,4,4,5,5,
12,5,6,0,5,6,5,3,5,6,5,3,5,6,5,3,5,5,5,3,4,5,5,3,5,5,4,3,3,4,6,
11,5,6,0,5,6,5,3,5,6,5,3,5,6,5,3,5,6,5,3,4,5,6,3,4,5,4,3,3,4,5,
15,6,9,0,5,6,6,3,5,6,6,3,5,6,8,4,5,8,6,3,5,6,6,4,5,8,5,4,4,5,6,
12,6,7,0,5,6,6,3,5,6,6,3,5,7,6,4,5,6,6,3,5,5,6,4,5,5,5,4,4,5,5,
11,6,6,0,5,6,5,3,5,6,5,3,5,6,5,3,5,6,6,3,4,5,6,3,5,5,5,3,3,4,5,
11,6,6,0,5,6,5,3,5,6,5,3,5,7,5,3,5,6,5,3,4,5,7,3,5,5,5,3,3,4,5,
11,6,7,0,5,6,5,3,5,6,6,3,5,7,6,3,5,6,5,3,4,5,6,3,5,5,5,3,3,5,5,
14,6,8,0,5,6,6,3,6,6,6,3,6,7,7,4,6,7,6,4,5,6,6,4,5,6,5,4,4,5,6,
12,6,8,0,6,6,6,3,6,6,7,4,6,7,7,4,6,7,6,4,5,6,6,4,5,6,5,4,4,5,6,
13,6,6,0,5,6,5,3,5,6,5,3,5,6,6,3,5,6,5,3,5,5,6,3,5,5,5,3,4,4,5,
12,6,7,0,5,7,5,3,6,7,6,3,5,7,6,3,6,6,6,3,5,5,6,3,5,6,5,4,4,4,6,
12,6,7,0,5,7,5,3,6,7,6,3,5,7,6,3,6,6,6,3,5,5,6,3,5,6,5,4,4,4,6,
14,6,10,0,6,6,8,3,6,6,9,3,6,7,9,4,6,9,6,3,5,8,6,3,5,8,5,4,4,7,6,
12,6,7,0,6,6,6,3,6,6,6,3,6,7,6,4,6,6,6,3,5,5,6,4,5,6,5,4,4,5,6,
12,5,6,0,5,6,5,2,5,6,5,3,5,6,5,3,5,6,5,3,4,5,5,3,5,5,5,3,3,4,5,
12,6,7,0,6,6,6,3,6,6,6,3,6,7,6,4,6,6,6,4,5,6,6,4,5,6,5,4,4,5,6,
13,7,6,0,7,7,5,5,7,7,5,5,7,7,5,5,7,6,6,5,7,5,6,5,7,5,5,5,6,5,8,
11,5,7,0,5,6,5,3,5,6,5,3,5,6,6,3,5,6,5,3,5,5,6,3,5,5,5,3,3,5,5,
11,5,6,0,5,6,5,3,5,6,5,3,5,6,6,3,5,6,5,3,5,5,6,3,5,5,5,3,4,5,5,
11,6,6,0,5,6,5,3,6,6,6,3,5,6,6,3,6,6,6,3,4,5,6,3,5,5,5,3,3,4,5,
11,6,7,0,5,6,5,3,6,6,6,3,5,7,6,3,6,6,5,3,5,5,6,3,5,5,5,3,4,5,5,
12,6,7,0,6,6,6,3,6,6,6,3,5,7,6,4,5,6,6,3,5,5,6,3,5,6,5,4,4,4,6,
11,6,7,0,6,6,6,3,6,6,6,3,6,7,6,3,7,6,6,3,5,5,6,3,5,6,5,4,4,4,6,
12,6,7,0,6,6,6,3,6,6,6,4,6,7,6,4,6,6,6,4,5,6,6,4,5,6,5,4,4,5,6,
12,6,7,0,6,6,6,3,6,6,6,3,6,7,6,4,6,7,6,4,5,6,6,4,6,6,5,4,4,5,6,
12,5,6,0,5,6,5,2,5,6,5,3,5,6,5,3,5,6,5,3,4,5,5,3,5,5,4,3,3,4,5,
12,6,7,0,6,7,6,3,6,7,6,4,6,7,6,4,6,7,6,4,5,6,6,4,6,6,6,4,4,5,6,
12,5,6,0,5,6,5,2,5,6,5,3,5,6,5,3,5,6,5,3,4,5,5,3,5,5,4,3,3,4,5,
13,6,7,0,6,6,6,3,6,6,6,3,6,7,6,4,6,6,6,4,5,5,6,4,5,6,5,4,4,5,6,
11,6,6,0,5,6,5,3,5,6,5,3,5,6,5,3,5,6,5,3,5,5,6,3,5,5,5,3,3,5,5,
11,6,6,0,5,6,5,3,5,6,5,3,5,6,5,3,5,6,5,3,5,5,6,3,5,5,5,3,3,5,5,
13,6,6,0,5,6,5,3,6,6,5,3,5,6,6,4,5,6,5,3,5,5,6,3,5,5,5,4,4,5,5,
11,6,6,0,5,6,5,3,6,6,5,3,5,6,6,4,5,6,5,4,5,5,6,4,5,5,5,4,4,5,6,
11,6,6,0,5,6,5,3,5,6,5,4,5,7,6,4,5,6,5,4,5,5,6,4,5,5,5,4,4,5,5,
11,6,7,0,5,6,6,3,6,6,6,3,5,7,6,4,5,6,6,4,5,5,6,4,5,6,5,4,4,5,6,
11,6,7,0,5,6,6,3,6,6,6,3,5,7,6,4,5,6,6,3,5,5,6,4,5,6,5,4,4,5,6,
12,6,7,0,6,6,6,3,6,6,6,3,6,7,6,4,6,7,6,4,5,5,6,4,5,6,5,4,4,5,6,
14,6,7,0,6,6,6,3,6,6,6,3,6,10,6,4,6,6,6,4,5,5,6,4,5,6,5,4,4,5,6,
11,6,7,0,6,7,6,3,6,6,6,3,6,7,6,4,6,6,6,3,5,5,6,4,5,6,5,4,4,5,6,
12,5,6,0,5,6,5,2,5,6,5,3,5,6,5,3,5,6,5,3,4,5,5,3,4,5,4,3,3,4,5,
14,7,6,0,5,8,5,2,5,8,5,3,5,8,5,3,5,6,7,3,4,5,7,3,4,5,6,5,3,4,5,
11,5,6,0,5,6,5,2,5,6,5,3,5,6,5,3,5,6,5,3,4,4,6,3,4,5,4,3,3,4,5,
11,5,6,0,5,6,5,3,5,6,5,3,5,6,5,3,5,6,5,3,4,5,6,3,5,5,5,3,3,4,5,
11,5,6,0,5,6,5,3,5,6,5,3,5,6,5,3,5,6,5,3,4,5,6,3,5,5,4,3,3,4,5,
11,6,6,0,5,6,5,3,5,6,5,3,5,6,5,3,5,6,5,3,4,5,6,3,5,5,5,3,3,4,5,
11,6,6,0,5,6,5,3,5,6,5,3,5,6,5,3,5,6,5,3,4,5,6,3,5,5,5,3,3,4,5,
11,6,6,0,5,6,5,3,5,6,5,4,5,6,6,4,5,6,6,4,5,5,6,4,5,5,5,4,4,5,5,
11,6,6,0,5,6,6,3,6,6,6,4,5,7,6,4,5,6,6,4,5,5,6,4,5,5,5,4,4,5,6,
11,6,7,0,6,6,6,3,6,6,6,4,5,7,6,4,6,6,6,4,5,5,6,4,5,6,5,4,4,5,6,
11,6,7,0,6,7,6,3,6,7,6,4,6,7,6,4,6,6,6,4,5,5,6,4,5,6,5,4,4,5,6,
11,6,7,0,6,6,6,3,6,6,6,4,6,7,6,4,6,6,6,4,5,5,6,4,5,6,5,4,4,5,6,
11,6,7,0,6,7,6,3,6,6,6,4,6,7,6,4,6,6,6,4,5,5,6,4,5,6,5,4,4,5,6,
12,5,6,0,5,6,5,2,5,6,5,3,5,6,5,3,5,5,5,3,5,5,5,3,5,5,5,3,3,5,5,
13,5,6,0,5,6,5,3,5,6,5,3,5,6,5,3,5,5,5,3,5,5,6,3,5,5,5,3,3,5,5,
11,6,6,0,5,6,5,3,5,6,5,3,5,6,5,3,5,6,5,3,4,5,6,3,4,5,5,3,3,4,5,
11,5,6,0,5,6,5,3,5,6,5,3,5,6,5,3,5,5,5,3,4,4,6,3,4,5,4,3,3,4,5,
13,5,8,0,5,6,7,3,5,6,7,3,5,6,7,3,5,7,5,3,5,6,6,3,5,7,5,3,3,6,5,
11,6,6,0,5,6,5,3,5,6,5,3,5,6,6,3,5,6,5,3,5,5,6,3,5,5,5,3,4,5,5,
11,6,6,0,5,6,5,3,5,6,5,3,5,6,6,3,5,6,5,3,5,5,6,3,5,5,5,3,4,4,5,
12,6,7,0,6,6,6,3,6,6,6,3,5,7,6,4,6,6,6,3,5,5,6,4,5,6,5,4,4,5,6,
14,9,9,0,6,9,6,3,6,9,6,4,5,9,6,4,6,9,6,4,5,5,9,4,5,6,5,4,4,5,6,
11,6,7,0,6,7,6,3,6,6,6,3,6,7,6,4,6,6,6,3,5,6,6,4,5,6,5,4,4,5,6,
11,6,7,0,6,6,6,3,6,6,6,4,6,7,6,4,6,6,6,4,5,6,6,4,5,6,6,4,4,6,6,
11,6,7,0,6,7,6,3,6,7,6,3,6,7,6,4,6,6,6,4,5,6,6,4,5,6,5,4,4,5,6,
11,6,7,0,6,7,6,3,6,7,6,3,6,7,6,4,6,6,6,3,5,5,6,4,5,6,5,4,4,5,6,
35,29,29,0,5,29,5,2,5,29,29,3,5,29,5,3,5,29,5,3,4,5,29,3,5,5,4,3,3,4,29,
11,6,6,0,6,6,5,3,6,6,6,3,5,6,5,4,6,6,5,3,5,5,6,4,5,5,4,4,4,4,6,
11,6,6,0,5,6,5,3,5,6,5,3,5,6,5,3,5,6,5,3,4,5,6,3,4,5,5,3,3,4,5,
11,6,6,0,5,6,5,3,5,6,6,3,5,6,5,3,5,6,5,3,4,5,6,3,5,5,5,3,3,4,5,
11,6,6,0,5,6,5,3,5,6,6,3,5,6,5,3,5,6,5,3,4,5,6,3,5,5,5,3,3,4,5,
11,6,6,0,6,6,6,3,5,6,6,3,6,6,6,3,6,6,6,3,5,5,6,3,5,5,5,4,4,4,6,
11,6,6,0,5,6,5,3,5,6,6,3,5,6,6,4,5,6,6,3,5,5,6,4,5,5,5,4,4,5,5,
11,6,7,0,6,7,6,3,6,7,6,3,6,7,6,4,6,6,6,4,5,5,6,4,5,6,5,4,4,5,6,
12,6,6,0,7,6,5,4,7,6,5,4,7,6,5,4,7,6,5,4,7,5,6,4,7,5,5,4,5,4,7,
11,6,7,0,6,7,6,3,6,7,6,3,5,7,6,4,5,6,6,3,5,5,6,3,5,6,5,4,4,5,6,
11,6,7,0,6,7,6,3,6,7,6,3,6,7,6,4,6,6,6,3,5,5,6,4,5,6,5,4,4,5,6,
12,6,7,0,6,7,6,3,6,7,6,3,6,7,6,4,6,6,6,4,5,5,6,4,5,6,5,4,4,5,6,
12,6,7,0,6,7,6,3,6,7,6,4,6,7,6,4,6,6,6,4,5,6,7,4,5,6,5,4,4,5,6,
12,6,6,0,5,6,5,2,5,6,5,3,5,6,5,3,5,6,5,3,4,5,5,3,5,5,4,3,3,4,5,
11,6,6,0,5,6,5,3,5,6,5,3,5,6,5,3,5,6,5,3,4,5,6,3,5,5,5,3,3,4,5,
11,6,6,0,5,6,5,3,5,6,5,3,5,6,5,3,5,6,5,3,5,5,6,3,5,5,5,3,3,5,5,
11,6,6,0,5,6,5,3,5,6,5,3,5,6,5,3,5,6,5,3,5,5,6,3,5,5,5,3,3,5,5,
11,6,6,0,5,6,5,3,5,6,6,3,5,6,5,3,5,6,6,3,5,5,6,3,5,5,5,3,3,5,5,
11,6,6,0,5,6,5,3,5,6,6,3,5,7,6,4,5,6,6,4,5,5,6,4,5,5,5,4,4,5,5,
11,6,7,0,5,6,6,3,6,7,6,4,5,7,6,4,5,6,6,4,5,5,6,4,5,5,5,4,4,5,5,
12,6,6,0,5,6,5,3,6,6,6,3,5,7,6,4,5,6,6,3,5,5,6,4,5,5,5,4,4,4,6,
12,6,7,0,6,7,6,3,6,7,6,3,6,7,6,4,6,6,6,4,5,6,6,4,5,6,5,4,4,5,6,
11,6,6,0,5,6,5,3,5,6,5,3,5,6,5,3,5,5,5,3,4,5,6,3,4,5,5,3,3,4,5,
12,6,7,0,6,7,6,3,6,7,6,3,6,7,6,4,6,6,6,4,5,6,7,4,5,6,5,4,4,5,6,
12,6,7,0,6,7,6,3,6,7,6,3,6,7,6,4,6,6,6,4,5,6,7,4,5,6,5,4,4,5,6,
12,5,6,0,5,6,5,2,5,6,5,2,5,6,5,3,5,5,5,3,4,5,6,3,4,5,4,3,3,4,5,
11,6,6,0,5,6,5,3,5,6,5,3,5,6,5,3,5,6,5,3,4,5,6,3,5,5,5,3,3,4,5,
11,6,6,0,5,6,5,3,5,6,5,3,5,6,5,3,5,6,5,3,4,5,6,3,5,5,5,3,3,4,5,
11,6,6,0,5,6,6,3,5,6,6,3,5,6,6,3,5,6,6,3,4,5,6,3,5,5,5,3,3,4,5,
11,6,7,0,5,6,6,3,6,7,6,3,5,7,6,4,6,6,6,4,5,5,6,4,5,6,5,4,4,5,6,
11,6,6,0,5,6,6,3,5,6,6,3,5,7,6,4,5,6,6,4,5,5,6,4,5,5,5,4,4,5,6,
11,6,7,0,5,6,6,3,5,6,6,3,5,7,6,4,5,6,6,4,5,5,6,4,5,6,5,4,4,5,6,
13,6,7,0,5,6,6,3,6,7,6,3,5,7,6,4,6,6,6,4,5,5,6,4,5,6,5,4,4,5,6,
11,6,7,0,5,6,6,3,6,7,6,3,5,7,6,4,6,6,6,4,5,5,6,4,5,6,5,4,4,5,6,
11,6,7,0,6,7,6,3,6,7,6,3,6,7,6,4,6,6,6,3,5,5,6,4,5,6,5,4,4,5,6,
14,6,9,0,6,6,8,3,6,7,9,3,6,7,9,4,6,9,6,3,5,8,6,4,5,8,5,4,4,7,6,
12,6,7,0,6,7,6,3,6,7,6,3,6,7,6,4,6,6,6,4,5,5,6,4,5,6,5,4,4,5,6,
12,7,7,0,6,7,6,3,6,7,6,3,6,8,6,4,6,6,7,4,5,5,7,4,5,6,5,4,4,5,6,
12,6,6,0,5,6,5,2,5,6,5,3,5,6,5,3,5,5,5,3,4,5,6,3,5,5,4,3,3,4,5,
11,6,6,0,5,6,5,3,5,6,5,3,5,6,5,3,5,6,5,3,4,5,6,3,5,5,4,3,3,4,5,
11,6,6,0,5,6,5,3,5,6,5,3,5,6,5,3,5,6,6,3,4,5,6,3,5,5,4,3,3,4,5,
11,6,6,0,5,6,5,3,5,6,6,3,5,7,6,4,5,6,6,3,5,5,6,3,5,5,5,4,4,5,5,
11,6,6,0,5,6,5,3,5,6,6,3,5,6,6,3,5,6,6,3,5,5,6,3,5,5,5,4,4,4,5,
11,6,6,0,5,6,6,3,6,6,6,3,5,6,6,3,5,6,6,3,5,5,6,3,5,5,5,3,4,4,6,
11,6,6,0,5,6,5,3,6,6,6,3,5,7,6,3,5,6,6,3,5,5,6,3,5,5,5,4,4,5,6,
11,6,7,0,6,7,6,3,6,7,6,4,5,7,6,4,6,6,6,4,5,5,6,4,5,6,5,4,4,5,6,
11,6,7,0,5,7,6,3,6,7,6,4,6,7,6,4,6,6,6,4,5,5,6,4,5,5,5,4,4,5,6,
11,7,7,0,6,7,6,3,6,7,6,4,6,7,6,4,6,6,6,4,5,5,6,4,5,6,5,4,4,5,6,
12,6,7,0,6,7,6,3,6,6,7,3,6,6,7,3,6,7,6,3,5,6,6,3,5,6,5,3,4,5,6,
12,7,7,0,6,7,6,3,6,7,6,4,6,7,6,4,6,6,6,4,5,6,7,4,5,6,5,4,4,5,6,
11,6,6,0,5,6,5,3,5,6,5,3,5,6,5,3,5,6,5,3,4,5,6,3,5,5,4,3,3,4,5,
11,6,6,0,5,6,5,3,5,6,6,3,5,6,6,3,5,6,6,3,5,5,6,3,5,5,5,3,4,5,5,
12,6,7,0,7,7,6,5,7,7,6,5,7,7,6,5,7,6,6,5,7,5,6,5,7,5,5,5,6,5,8,
11,6,6,0,5,6,5,3,5,6,6,3,5,6,6,3,5,6,6,3,5,5,6,3,5,5,5,3,4,5,6,
11,6,7,0,5,6,6,3,5,6,6,3,5,6,6,3,5,6,6,3,5,5,6,3,5,6,5,3,4,5,6,
11,6,7,0,5,6,6,3,6,6,6,3,5,6,6,3,5,6,6,3,5,5,6,3,5,6,5,3,4,5,6,
11,6,7,0,5,7,6,3,5,6,6,3,5,6,6,3,5,6,6,3,5,5,6,3,5,5,5,3,4,4,6,
11,6,7,0,6,6,6,3,6,6,6,3,5,7,6,3,5,6,6,3,5,5,6,3,5,6,5,4,4,5,6,
11,6,7,0,6,7,6,3,6,6,6,3,6,7,6,4,6,6,6,3,5,6,6,3,5,6,5,4,4,5,6,
11,6,7,0,5,7,6,3,6,7,6,4,6,7,6,4,6,6,6,4,5,6,6,4,5,6,5,4,4,5,6,
12,7,7,0,6,7,6,3,6,7,6,3,6,7,6,4,6,6,6,4,5,6,6,4,5,6,5,4,4,5,6,
12,7,7,0,6,7,6,3,6,7,6,4,6,7,6,4,6,6,6,4,5,6,6,4,5,6,5,4,4,5,6,
12,6,6,0,5,6,5,2,5,6,5,3,5,6,5,3,5,5,5,3,4,5,5,3,5,5,4,3,3,4,5,
11,6,6,0,5,6,5,2,5,6,5,3,5,6,5,3,5,6,5,3,5,5,6,3,5,5,5,3,3,5,5,
12,6,6,0,5,6,5,3,5,6,5,3,5,6,5,3,5,6,5,3,4,5,6,3,5,5,4,3,3,4,5,
11,4,4,0,4,4,3,0,4,4,3,1,4,4,3,1,4,3,4,1,3,3,4,1,3,3,3,1,2,2,4,
11,6,6,0,5,6,7,3,5,6,7,3,5,6,5,4,5,6,6,4,5,6,6,4,5,5,5,4,4,5,6,
11,6,7,0,5,6,5,3,5,6,6,3,5,6,6,4,5,6,6,4,4,5,6,4,5,5,5,4,4,4,5,
11,6,7,0,6,6,6,3,6,6,6,3,5,7,6,4,5,6,6,4,5,5,6,4,5,6,5,4,4,5,6,
12,6,7,0,6,6,6,3,6,6,6,3,6,7,6,4,6,6,6,4,5,5,6,4,5,6,5,4,4,5,6,
35,6,7,0,6,6,6,3,6,6,6,4,6,7,6,4,6,6,6,4,5,5,6,4,5,6,5,4,4,5,6,
12,6,7,0,6,7,6,3,6,7,6,3,6,7,6,4,6,7,6,4,5,6,6,4,5,6,5,4,4,5,6,
12,6,7,0,6,6,6,3,6,7,6,3,6,7,6,4,6,7,6,3,5,5,6,4,5,6,5,4,4,5,6,
13,8,7,0,6,9,6,3,6,9,6,3,6,9,6,4,6,6,8,4,5,6,8,4,5,6,7,4,4,5,6,
12,5,6,0,5,6,5,2,5,6,5,2,5,6,5,3,5,6,5,3,4,5,5,3,4,5,4,3,3,4,5,
518,7,8,0,6,8,6,2,6,8,7,3,6,8,7,3,6,8,7,3,5,6,7,3,5,7,5,3,4,5,7,
417,8,8,0,6,8,6,3,6,8,6,3,6,8,6,3,6,7,7,3,6,6,8,3,6,6,6,4,5,5,7,
315,7,7,0,5,7,5,1,5,7,7,1,5,7,7,2,5,7,6,2,5,5,7,2,5,7,5,2,4,4,6,
215,7,8,0,7,7,7,2,6,7,7,2,6,7,7,2,6,7,7,2,6,6,7,2,6,7,6,3,5,5,7,
116,8,8,0,8,8,6,2,8,8,8,2,8,8,8,2,8,7,7,2,7,6,8,2,8,7,5,2,6,5,8,
13,6,7,0,6,6,6,2,6,6,6,2,6,6,6,2,6,6,6,2,6,5,6,2,6,6,4,3,4,4,6,
11,6,7,0,5,6,6,3,6,6,6,3,6,7,6,3,6,6,6,3,5,5,6,3,5,6,5,3,4,4,6,
12,6,7,0,5,6,6,3,5,6,6,3,5,7,6,3,5,6,6,3,5,5,6,3,5,5,5,3,4,5,6,
11,6,7,0,6,6,6,3,6,6,6,3,6,7,6,3,6,6,6,3,5,5,6,3,5,6,5,4,4,5,6,
12,6,7,0,6,7,6,3,6,7,6,3,6,7,6,4,6,7,6,4,6,6,6,4,6,6,6,4,6,5,6,
12,7,7,0,6,7,6,3,6,7,6,3,6,7,6,4,6,7,6,4,5,6,6,4,5,6,5,4,4,5,6,
12,6,7,0,5,7,6,3,6,7,6,3,6,7,6,4,6,7,6,4,5,6,6,4,5,6,5,4,4,5,6,
11,5,6,0,5,6,5,2,5,6,5,2,5,6,5,3,5,6,5,3,4,5,6,3,5,5,5,3,3,4,5,
11,6,7,0,5,6,5,3,5,6,6,3,5,6,6,3,5,6,5,3,5,5,6,3,5,5,5,3,3,5,5,
14,6,6,0,5,6,5,3,6,6,6,3,5,6,6,3,5,6,6,3,5,5,6,3,5,6,5,3,4,4,6,
12,6,7,0,5,6,6,3,5,6,7,3,5,6,7,3,5,7,6,3,4,6,6,3,5,6,5,3,4,5,5,
11,6,7,0,6,6,6,3,6,6,6,3,5,7,6,3,6,6,6,3,5,5,6,3,5,6,5,3,4,4,6,
14,6,9,0,5,6,8,3,5,6,8,3,5,6,9,3,5,9,6,3,5,8,6,3,5,8,5,3,4,5,6,
11,6,7,0,5,6,6,3,5,6,6,3,5,7,6,3,5,6,6,3,5,5,6,3,5,5,5,3,4,5,5,
11,6,7,0,5,6,6,3,6,7,6,3,5,7,6,3,5,6,6,3,5,5,6,3,5,6,5,4,4,5,6,
14,6,7,0,6,6,6,3,6,6,6,3,6,7,6,3,6,6,6,3,5,6,6,3,5,6,5,4,4,4,6,
11,6,7,0,5,6,6,3,6,7,6,3,6,7,6,3,6,6,6,3,5,5,6,3,5,6,5,4,4,5,6,
12,7,7,0,6,7,6,3,6,7,6,3,6,7,6,4,6,7,6,4,5,6,7,4,5,6,5,4,4,5,6,
12,6,7,0,6,7,6,3,6,7,6,3,6,7,6,4,6,7,6,4,5,6,7,4,5,6,5,4,4,5,6,
11,6,7,0,5,6,5,3,5,6,6,3,5,6,6,3,5,6,6,3,5,5,6,3,5,5,5,3,4,5,6,
11,6,6,0,6,6,5,3,5,6,6,3,5,6,6,3,5,6,6,3,5,5,6,3,5,5,5,3,4,4,5,
34,6,29,0,5,6,29,3,5,6,29,3,5,6,29,3,5,29,6,3,5,29,6,3,5,29,4,3,4,26,5,
11,6,6,0,5,6,6,3,5,6,6,3,5,6,6,3,5,6,6,3,5,5,6,3,5,5,5,3,4,4,5,
11,6,6,0,5,6,5,3,6,6,6,3,5,6,6,4,6,6,6,3,5,5,6,3,5,5,5,4,4,5,6,
11,6,6,0,5,6,5,3,5,6,6,3,5,7,6,3,5,6,6,3,5,5,6,3,5,5,5,4,4,5,5,
12,6,7,0,5,6,6,3,5,6,6,3,5,6,6,3,5,7,5,3,5,6,6,3,5,6,5,3,4,5,5,
32,6,7,0,27,7,5,3,27,7,6,3,5,7,6,4,7,6,6,4,5,5,6,4,26,5,5,4,26,5,6,
11,6,7,0,6,7,6,3,6,7,6,3,6,7,6,4,6,6,6,4,5,5,6,4,5,6,5,4,4,5,6,
11,6,6,0,5,6,5,3,5,6,5,3,5,6,5,3,5,6,5,3,4,5,6,3,5,5,5,3,3,4,5,
12,6,7,0,8,6,5,5,8,7,6,5,7,7,6,5,8,6,6,4,7,5,6,4,7,5,5,5,6,5,8,
12,6,7,0,6,7,6,3,6,7,6,3,6,7,6,4,6,7,6,4,5,6,6,4,6,6,5,4,4,5,6,
12,6,7,0,6,7,6,3,6,7,6,3,6,7,6,4,6,7,6,4,5,6,6,4,5,6,6,4,4,5,6,
11,5,6,0,5,6,5,2,5,6,5,3,5,6,5,3,5,6,5,3,4,5,5,3,5,5,5,3,3,4,5,
11,5,6,0,5,6,5,3,5,6,5,3,5,6,5,3,5,6,5,3,4,5,6,3,5,5,5,3,3,4,5,
11,6,6,0,5,6,5,3,5,6,5,3,5,6,5,3,5,6,5,3,4,5,6,3,5,5,5,3,3,4,5,
11,6,6,0,5,6,5,3,5,6,5,3,5,6,5,3,5,6,5,3,4,5,6,3,5,5,5,3,3,4,5,
11,6,7,0,6,6,5,3,5,6,6,3,5,6,6,3,6,6,6,3,5,5,6,3,5,5,5,3,4,4,6,
11,6,7,0,6,6,6,3,6,6,6,3,6,6,6,3,6,6,6,3,5,5,6,3,6,6,5,3,4,4,6,
27,6,7,0,6,6,6,3,6,6,6,3,6,7,6,3,6,6,6,22,5,6,6,3,6,6,5,22,4,4,6,
32,5,6,0,5,6,5,2,5,6,5,3,5,6,5,3,5,5,5,3,4,5,27,3,5,5,4,3,3,4,5,
12,6,7,0,6,7,6,3,6,7,6,3,6,7,6,3,6,6,6,3,5,6,6,3,6,6,6,4,4,5,6,
14,8,9,0,8,8,8,5,8,8,8,5,8,9,8,6,8,8,8,5,7,8,8,5,8,8,7,5,6,7,8,
11,6,7,0,6,7,6,3,6,7,6,4,6,7,6,4,6,6,6,4,5,6,6,4,5,6,5,4,4,5,6,
12,6,7,0,6,7,6,3,6,7,6,4,6,7,6,4,6,6,6,4,5,6,6,4,5,6,5,4,4,5,6,
11,6,6,0,5,6,6,3,5,6,6,3,5,6,6,3,5,6,5,3,4,5,6,3,5,5,5,3,3,4,5,
31,6,6,0,5,6,27,3,5,6,27,3,5,6,5,3,5,6,5,3,4,26,6,3,5,5,5,3,3,4,5,
14,6,7,0,5,6,5,3,5,6,5,3,5,6,6,3,5,6,5,3,4,5,6,3,4,5,4,3,3,4,5,
11,6,6,0,5,6,5,3,5,6,5,3,5,6,5,3,5,6,5,3,4,5,6,3,4,5,5,3,3,4,5,
12,6,7,0,5,6,6,3,5,6,6,3,6,6,6,4,6,7,6,3,5,6,6,3,5,6,5,4,4,5,6,
11,6,7,0,5,6,5,3,5,6,5,3,5,6,6,4,5,6,6,3,5,5,6,3,5,5,5,4,4,5,5,
14,9,7,0,5,9,6,3,6,9,6,3,5,9,6,3,6,6,9,3,5,5,9,3,5,6,5,4,4,5,6,
11,6,7,0,5,6,6,3,6,6,6,3,6,7,6,3,6,6,6,3,5,5,6,3,5,6,5,3,4,5,6,
32,6,7,0,5,6,6,3,7,7,6,3,6,7,6,3,6,6,6,3,5,6,6,3,27,6,5,4,4,5,6,
12,6,7,0,6,7,6,3,6,7,6,3,6,7,6,4,6,6,6,4,5,5,6,4,5,6,5,4,4,4,6,
12,6,7,0,5,7,6,3,6,7,6,3,6,7,6,4,6,6,6,4,5,6,6,4,5,6,5,4,4,5,6,
11,5,6,0,5,6,5,2,5,6,5,3,5,6,5,3,5,6,5,3,4,5,5,3,5,5,4,3,3,4,5,
11,6,6,0,5,6,5,3,5,6,5,3,5,6,5,3,5,6,5,3,4,5,6,3,5,5,5,3,3,4,5,
11,6,6,0,5,6,5,3,5,6,5,3,5,7,5,3,5,6,6,3,4,5,6,3,5,5,5,3,3,4,5,
11,6,6,0,5,6,5,3,5,6,5,3,5,6,5,3,5,6,5,3,4,5,6,3,5,5,5,3,3,4,5,
11,6,6,0,5,6,5,3,5,6,5,3,5,7,5,3,5,6,6,3,4,5,6,3,5,5,5,3,4,4,5,
11,6,6,0,5,6,5,3,5,6,5,3,5,6,6,3,5,6,6,3,4,5,6,3,5,5,5,3,4,4,6,
36,6,32,0,5,6,5,3,5,6,5,3,5,7,5,3,5,31,6,3,5,5,6,3,5,30,5,3,4,5,5,
13,6,8,0,5,6,6,3,6,7,6,4,6,7,6,4,6,6,6,3,5,6,6,4,5,6,5,4,4,4,6,
12,6,7,0,6,7,6,3,6,7,6,4,6,7,6,4,6,7,6,4,5,6,6,4,5,6,5,4,4,5,6,
11,6,7,0,5,6,6,3,6,7,6,3,6,7,6,4,6,6,6,3,5,5,6,3,5,6,5,4,4,5,6,
33,6,7,0,6,7,6,3,6,28,6,3,6,28,6,4,6,6,6,4,5,5,28,4,5,6,27,4,4,5,6,
15,6,7,0,5,7,6,3,5,7,6,3,5,7,6,3,5,6,6,3,5,5,6,3,5,6,5,4,4,5,6,
11,5,6,0,5,6,5,2,5,6,5,3,5,6,5,3,5,6,5,3,4,5,5,3,4,5,4,3,3,4,5,
11,5,7,0,5,6,5,3,5,6,5,3,5,6,6,3,5,6,5,3,4,5,6,3,4,5,4,3,3,4,5,
14,5,9,0,5,6,8,3,5,6,8,3,5,6,8,3,5,9,5,3,4,8,6,3,4,8,4,3,3,7,5,
11,6,6,0,5,6,5,3,5,6,5,3,5,6,5,3,5,6,5,3,4,5,6,3,4,5,4,3,3,4,5,
11,6,6,0,5,6,5,3,5,6,5,3,5,6,5,3,5,6,5,3,4,5,6,3,4,5,4,3,3,4,5,
13,6,6,0,5,6,6,3,5,6,6,3,5,6,6,3,5,6,5,3,4,5,6,3,5,5,5,3,3,4,5,
11,6,7,0,5,6,5,3,5,6,6,3,5,6,6,3,5,6,6,3,4,5,6,3,5,5,5,3,4,4,5,
11,6,7,0,5,6,5,3,5,6,6,3,5,7,6,3,5,6,6,3,5,5,6,3,5,5,5,4,4,5,6,
11,6,7,0,5,6,5,3,5,6,6,3,5,7,6,3,5,6,6,3,5,5,6,3,5,5,5,3,4,5,6,
11,6,7,0,5,7,6,3,6,6,6,3,6,7,6,3,6,6,6,3,5,5,6,3,5,6,5,4,4,5,6,
12,7,7,0,6,7,6,3,6,7,6,3,6,7,6,4,6,6,6,3,5,6,6,4,5,6,5,4,4,5,6,
11,6,7,0,6,7,6,3,6,7,6,3,6,7,6,4,6,7,6,3,5,6,6,4,5,6,5,4,4,5,6,
11,6,6,0,5,6,5,3,5,6,5,3,5,6,5,3,5,6,5,3,4,5,6,3,4,5,4,3,3,4,5,
11,6,6,0,5,6,5,3,5,6,5,3,5,6,6,3,5,6,5,3,4,5,6,3,4,5,4,3,3,4,5,
11,6,6,0,5,6,5,3,5,6,5,3,5,6,6,3,5,6,5,3,4,5,6,3,4,5,4,3,3,4,5,
12,5,7,0,5,6,6,3,5,6,6,3,5,6,7,3,5,7,5,3,4,6,5,3,5,6,4,3,4,5,5,
11,6,7,0,5,6,6,3,5,6,6,3,5,6,6,3,5,6,6,3,5,5,6,3,5,5,5,3,4,5,5,
11,6,7,0,6,6,6,3,6,6,6,3,6,7,6,3,6,6,6,3,5,6,6,3,5,6,5,4,4,5,6,
11,6,7,0,5,6,5,3,5,6,6,3,5,6,6,3,5,6,6,3,4,5,6,3,5,5,5,3,4,5,5,
12,6,7,0,7,7,6,5,7,7,6,5,7,7,6,5,8,7,6,5,7,5,6,5,7,6,5,5,6,5,8,
12,5,6,0,4,6,5,2,5,6,5,2,5,6,5,3,5,6,5,3,4,5,5,3,4,5,4,3,3,4,5,
11,5,6,0,5,6,5,3,5,6,5,3,5,6,5,3,5,6,5,3,4,5,5,3,4,5,4,3,3,4,5,
11,6,6,0,5,6,5,3,5,6,5,3,5,6,5,3,5,6,5,3,4,5,6,3,4,5,4,3,3,4,5,
11,6,6,0,5,6,6,2,5,6,5,3,6,6,6,3,5,6,5,3,4,5,6,3,4,5,4,3,3,4,5,
11,6,6,0,5,6,5,2,5,6,5,2,5,6,6,3,5,6,5,3,4,5,6,3,5,5,4,3,4,4,6,
32,6,7,0,5,27,5,2,5,6,6,3,6,6,6,3,5,6,6,3,4,5,6,3,5,6,5,3,4,4,6,
12,7,7,0,5,7,6,3,5,6,6,3,6,7,6,3,5,6,6,3,5,5,6,3,5,6,5,3,4,5,6,
11,6,7,0,5,7,6,3,6,6,6,3,6,6,6,3,6,6,6,3,5,5,6,3,5,6,5,3,4,5,6,
12,6,7,0,5,7,6,3,6,6,6,3,6,7,6,4,6,6,6,3,5,6,6,3,5,6,5,4,4,5,6,
12,7,7,0,5,7,6,3,6,6,6,3,6,7,6,4,6,7,6,4,5,6,6,4,5,6,5,4,4,5,6,
31,26,6,0,5,27,5,2,5,5,5,2,5,6,5,3,5,6,26,3,4,5,5,3,4,5,4,3,3,4,5,
12,6,6,0,5,6,5,2,5,6,6,3,6,6,6,3,6,6,6,3,4,5,6,3,5,6,5,3,4,4,6,
31,6,26,0,5,6,5,2,5,5,5,3,5,6,5,3,5,6,5,3,4,5,5,3,4,5,4,3,3,4,6,
11,6,7,0,5,6,6,2,5,6,6,3,5,6,6,3,5,6,5,3,4,5,6,3,5,5,4,3,4,4,6,
11,6,6,0,5,6,5,3,5,6,5,3,6,6,6,3,5,6,6,3,4,5,6,3,5,5,5,3,4,4,6,
11,6,6,0,5,6,5,3,6,6,5,3,6,6,6,3,5,6,6,3,5,5,6,3,5,5,5,3,4,5,6,
11,6,7,0,5,6,5,3,6,6,6,3,6,6,6,3,5,6,6,3,5,5,6,3,5,5,5,3,4,5,6,
12,6,7,0,5,6,6,3,6,6,6,3,6,7,6,4,6,6,6,3,5,5,6,3,5,6,5,4,4,5,6,
11,6,7,0,5,6,6,3,6,6,6,3,6,7,6,4,6,6,6,3,5,5,6,3,5,5,5,4,4,5,6,
12,7,7,0,5,6,6,3,6,6,6,3,6,7,6,4,6,7,6,3,5,5,6,4,5,6,5,4,4,5,6,
34,9,6,0,5,9,5,2,5,28,5,2,5,9,5,3,5,5,8,3,4,4,8,3,4,5,7,3,3,4,5,
32,7,7,0,6,7,6,3,6,7,6,3,27,7,6,4,6,7,6,4,5,5,7,4,5,6,5,4,4,5,6,
11,6,6,0,6,6,5,3,6,6,5,3,6,6,5,3,6,6,5,3,4,5,6,3,5,5,4,3,3,4,6,
11,5,6,0,5,6,5,2,5,6,5,3,5,6,5,3,5,6,5,3,4,5,6,3,4,5,4,3,4,4,6,
11,5,6,0,6,5,5,3,6,5,5,3,6,6,5,3,6,5,5,3,5,4,5,3,6,4,4,3,5,3,7,
11,6,6,0,5,6,6,3,5,6,6,3,5,6,6,3,5,6,6,3,4,5,6,3,5,5,5,3,4,4,6,
11,6,6,0,5,6,6,3,5,6,6,3,5,7,6,3,5,6,6,3,4,5,6,3,5,5,5,3,4,4,6,
12,6,8,0,5,6,7,3,6,6,7,3,5,6,7,3,6,7,5,3,5,6,6,3,5,7,5,3,4,6,6,
11,6,7,0,5,6,6,3,6,6,6,3,6,7,6,4,5,6,6,3,5,5,6,3,5,6,5,3,4,5,6,
11,6,7,0,6,6,5,3,7,6,6,3,6,6,6,3,6,6,6,3,6,5,6,3,6,6,4,3,5,4,7,
28,6,6,0,5,6,5,3,6,6,6,3,6,7,6,4,6,6,6,3,5,5,6,23,5,5,5,3,4,5,6,
34,5,6,0,26,6,5,3,5,6,5,3,5,6,5,3,5,5,5,3,4,5,6,3,5,5,4,3,4,4,5,
11,6,6,0,6,6,6,3,6,6,6,3,6,7,6,4,6,6,6,3,5,5,6,3,5,5,5,4,4,4,6,
30,6,7,0,6,6,6,3,26,6,6,3,6,7,6,4,6,6,6,3,5,5,6,3,5,6,5,4,4,5,6,
31,6,6,0,6,6,5,2,6,6,5,2,5,26,5,3,6,6,5,3,4,5,6,3,5,5,4,21,3,4,6,
12,7,6,0,5,7,6,3,6,7,6,3,6,7,6,4,6,6,6,4,5,5,6,4,5,6,5,4,4,4,6,
33,6,7,0,5,6,5,3,6,6,27,3,6,7,6,3,6,6,6,3,5,5,6,3,5,5,5,3,4,5,6,
11,5,6,0,5,6,6,2,5,6,6,3,5,6,6,3,5,6,5,3,4,5,6,3,5,5,5,3,4,4,5,
33,6,7,0,5,6,5,3,5,6,5,3,5,6,28,3,5,6,5,3,5,5,6,3,5,5,5,3,4,5,5,
14,6,9,0,5,6,8,3,6,6,9,3,5,6,8,3,5,9,6,3,5,8,6,3,5,8,5,3,4,7,6,
11,6,6,0,5,6,5,3,5,6,6,3,5,6,5,3,5,6,6,3,5,5,6,3,5,5,5,3,4,5,6,
11,5,5,0,5,6,5,2,5,6,5,2,5,6,5,3,5,5,5,3,4,5,5,3,5,5,4,3,3,4,5,
12,6,6,0,6,6,6,3,6,6,6,3,6,7,6,4,6,6,6,3,5,5,6,3,5,5,5,4,4,5,6,
14,6,9,0,6,9,6,3,6,9,6,3,6,9,6,4,6,6,6,3,5,5,6,4,5,5,5,4,4,5,6,
11,5,6,0,5,6,5,2,5,6,5,3,5,6,5,3,5,5,5,3,4,5,5,3,5,5,4,3,3,4,5,
30,6,7,0,6,7,26,3,6,6,6,25,6,7,6,4,6,6,6,4,5,5,6,3,5,5,5,4,4,5,6,
11,6,7,0,6,6,6,3,6,6,6,3,6,6,6,4,6,6,6,3,5,5,6,3,5,6,5,4,4,5,6,
32,5,6,0,5,6,5,2,5,6,5,3,5,6,5,3,5,27,5,3,4,4,6,3,5,5,4,3,3,4,5,
11,5,6,0,5,6,6,2,5,6,6,3,5,6,5,3,5,6,5,3,4,5,6,3,4,5,4,3,3,4,5,
11,6,6,0,5,6,5,3,5,6,5,3,5,6,5,3,5,5,6,3,5,5,6,3,5,5,5,3,4,4,5,
11,6,6,0,5,6,5,3,5,6,5,3,5,6,5,3,5,6,5,3,5,5,6,3,5,5,5,3,4,5,5,
11,6,6,0,5,6,5,3,6,6,6,3,5,6,5,3,5,6,6,3,5,5,6,3,5,5,5,3,4,5,5,
11,6,6,0,5,6,5,3,5,6,6,3,5,6,6,3,5,6,6,3,5,5,6,3,5,5,5,3,4,5,5,
37,6,7,0,6,7,6,3,6,6,6,3,5,7,6,4,6,6,6,3,33,5,6,4,5,5,5,4,4,5,6,
12,6,7,0,6,7,6,3,6,7,6,3,6,7,6,4,6,6,6,4,5,6,6,4,6,6,5,4,4,5,7,
11,6,6,0,6,6,6,3,6,6,6,3,6,7,6,4,6,6,6,3,5,6,6,3,6,6,6,4,4,5,6,
14,6,6,0,7,6,5,5,7,6,6,5,7,7,5,5,7,6,6,5,7,5,6,5,7,5,5,5,6,5,7,
11,5,6,0,5,6,5,2,5,6,5,2,5,6,5,3,5,5,5,3,4,4,5,3,4,5,4,3,3,4,5,
11,6,6,0,5,6,5,3,5,6,5,3,5,6,5,3,5,6,5,3,4,5,6,3,5,5,5,3,4,4,5,
11,6,6,0,5,6,5,2,5,6,5,3,5,6,5,3,5,5,5,3,4,5,6,3,5,5,5,3,4,4,5,
27,5,6,0,5,6,5,2,5,6,5,3,5,6,5,22,5,5,5,3,4,5,6,3,5,5,5,3,3,4,5,
11,6,6,0,5,6,5,3,6,6,6,3,5,7,6,4,5,6,6,3,5,5,6,4,5,5,5,4,4,5,6,
11,7,7,0,5,7,5,3,5,7,5,3,5,7,5,3,5,6,6,3,5,5,7,3,5,5,5,3,4,5,5,
11,6,6,0,6,6,5,3,6,6,6,3,6,6,6,3,6,6,6,3,5,5,6,3,5,5,5,3,4,4,6,
11,6,6,0,5,6,5,3,6,6,6,3,5,7,6,3,5,6,6,3,5,5,6,3,5,5,5,3,4,5,5,
11,6,6,0,5,6,5,3,6,6,6,3,5,7,6,4,5,6,6,3,5,5,6,3,5,5,5,4,4,5,6,
11,6,6,0,6,6,5,3,6,7,6,3,5,7,6,3,5,6,6,3,5,5,6,3,5,5,5,3,4,5,6,
11,6,7,0,6,6,6,3,6,7,6,3,5,7,6,4,6,6,6,3,5,5,6,3,5,6,5,4,4,5,6,
12,5,6,0,5,6,5,2,5,6,5,3,5,6,5,3,5,5,5,3,4,5,6,3,5,5,4,3,4,4,5,
12,5,6,0,5,6,5,2,5,6,5,2,5,6,5,3,5,5,5,3,4,5,5,3,5,5,5,3,3,4,5,
11,5,6,0,5,6,5,3,5,6,5,3,5,6,5,3,5,5,5,3,4,5,6,3,5,5,5,3,3,4,5,
11,5,6,0,5,6,5,2,5,6,5,3,5,6,5,3,5,5,5,3,4,5,6,3,5,5,5,3,3,4,5,
11,6,6,0,5,6,5,3,5,6,5,3,5,6,5,3,5,5,5,3,4,5,6,3,5,5,5,3,4,4,5,
11,6,6,0,5,6,5,3,5,6,5,3,5,6,5,3,5,6,6,3,5,5,6,3,5,5,5,3,4,4,5,
11,6,6,0,5,6,5,3,6,6,6,3,5,6,5,3,5,6,6,3,5,5,6,3,5,5,5,4,4,4,6,
11,6,6,0,5,6,5,3,5,6,6,3,5,7,5,3,5,6,6,3,5,5,6,3,5,5,5,3,4,5,5,
11,6,6,0,5,6,5,3,6,6,6,3,5,7,6,3,5,6,6,3,5,5,6,3,5,5,5,3,4,4,6,
11,6,7,0,6,7,6,3,6,7,6,3,6,7,6,4,6,6,6,3,5,5,6,4,5,6,5,4,4,5,6,
11,6,6,0,5,6,5,3,6,6,6,3,5,7,6,4,6,6,6,3,5,5,6,3,5,5,5,4,4,5,6,
11,6,6,0,6,6,6,3,6,7,6,3,6,7,6,4,6,6,6,3,5,5,6,3,5,6,5,4,4,5,6,
15,6,7,0,6,7,6,3,6,7,6,3,6,7,6,4,6,6,6,3,6,6,6,3,5,6,6,4,4,5,6,
12,5,6,0,5,6,5,2,5,6,5,2,5,6,5,3,5,6,5,3,4,5,6,3,4,5,5,3,3,4,5,
11,5,6,0,5,6,5,2,5,6,5,3,5,6,5,3,5,5,5,3,4,5,6,3,5,5,5,3,3,4,5,
14,5,9,0,5,6,8,2,5,6,8,3,5,6,8,3,5,9,5,3,4,8,6,3,5,8,5,3,3,4,5,
11,5,6,0,5,6,6,3,5,6,5,3,5,6,5,3,5,6,5,3,4,5,6,3,5,5,5,3,4,4,5,
11,6,7,0,5,6,5,3,5,6,6,3,5,6,6,3,5,6,6,3,4,5,6,3,5,5,5,3,4,4,5,
13,6,6,0,5,6,6,3,5,6,6,3,5,7,6,3,5,6,6,3,5,5,6,3,5,5,5,3,4,5,5,
11,6,6,0,5,6,6,3,5,6,6,3,5,6,5,3,5,6,6,3,5,5,6,3,5,5,5,3,4,5,5,
12,6,6,0,6,6,6,3,6,6,6,3,6,6,6,3,6,6,6,3,5,5,6,3,5,6,5,3,4,5,6,
11,6,7,0,6,6,6,3,6,6,6,3,6,7,6,4,6,6,6,3,5,6,6,3,5,6,5,3,4,5,6,
11,6,7,0,6,6,6,3,6,6,6,3,6,7,6,3,6,6,6,3,5,6,6,3,5,6,5,3,4,5,6,
11,6,7,0,6,6,6,3,6,7,6,3,6,7,6,4,6,6,6,3,5,6,6,3,5,6,5,4,4,5,6,
11,6,7,0,5,6,6,3,6,7,6,3,6,7,6,4,6,6,6,3,5,6,6,3,5,6,5,4,4,5,6,
12,5,6,0,5,6,5,2,5,6,5,2,5,6,5,3,5,5,5,3,4,5,5,3,4,5,4,3,3,4,5,
11,5,6,0,5,6,6,2,5,6,5,3,5,6,5,3,5,6,5,3,4,5,5,3,5,5,5,3,3,4,5,
11,5,6,0,5,6,6,2,5,6,5,3,5,6,5,3,5,6,5,3,4,5,6,3,5,5,5,3,3,4,5,
12,5,7,0,5,5,7,2,5,5,6,3,5,6,6,4,5,7,5,3,4,6,5,3,5,6,4,4,4,5,5,
11,5,6,0,5,6,6,2,5,6,6,3,5,6,5,3,5,6,5,3,4,5,6,3,5,5,5,3,4,4,5,
11,6,6,0,5,6,6,3,5,6,6,3,5,6,5,3,5,6,5,3,4,5,6,3,5,5,5,3,4,4,5,
13,6,7,0,5,6,6,3,5,6,6,3,5,6,5,3,5,6,6,3,5,5,6,3,5,5,5,3,4,4,5,
12,5,7,0,7,6,5,4,7,6,5,4,7,6,5,4,7,6,5,4,7,5,5,4,7,5,4,4,6,4,7,
11,6,7,0,5,6,6,3,5,6,6,3,5,6,6,3,5,6,6,3,5,5,6,3,5,5,5,3,4,4,5,
11,6,7,0,5,6,6,3,5,6,6,3,5,6,6,3,5,6,6,3,5,5,6,3,5,5,5,3,4,5,5,
11,6,7,0,5,6,6,3,6,6,6,3,5,7,6,4,5,6,6,3,5,5,6,3,5,5,5,4,4,5,5,
11,6,7,0,5,7,6,3,6,6,6,3,5,7,6,4,5,6,6,3,5,5,6,4,5,5,5,4,4,5,6,
12,7,7,0,6,7,6,3,6,7,6,3,6,7,6,4,6,7,6,4,5,6,6,4,6,6,5,4,4,5,6,
11,6,6,0,5,6,5,2,5,6,5,3,5,6,5,3,5,6,5,3,4,5,5,3,4,5,4,3,3,4,5,
11,6,6,0,5,6,6,2,5,6,5,3,5,6,5,3,5,6,5,3,4,5,6,3,5,5,5,3,3,4,5,
11,6,6,0,5,6,6,2,5,6,5,3,5,6,5,3,5,6,5,3,4,5,6,3,5,5,4,3,3,4,5,
11,6,6,0,5,6,6,3,5,6,5,3,5,6,5,3,5,6,5,3,4,5,6,3,5,5,5,3,3,4,5,
11,6,6,0,5,6,6,3,5,6,6,3,5,6,5,3,5,6,5,3,5,5,6,3,5,5,5,3,4,5,6,
11,6,6,0,5,6,6,2,5,6,6,3,5,6,5,3,5,6,5,3,4,5,6,3,5,5,5,3,4,4,5,
13,6,7,0,6,7,6,3,6,6,6,3,6,7,6,4,6,6,6,3,5,6,6,4,5,6,5,4,4,5,6,
11,5,6,0,4,5,5,2,5,5,5,2,5,5,5,2,5,5,5,2,4,4,5,2,4,5,4,2,3,3,5,
11,6,7,0,6,7,6,3,6,6,6,3,6,7,6,4,6,6,6,3,5,5,6,4,5,6,5,4,4,5,6,
12,6,7,0,6,7,6,3,6,7,6,3,5,7,6,4,5,7,6,3,5,5,6,3,5,6,5,4,4,5,6,
12,6,7,0,6,7,6,3,6,7,6,3,6,7,6,4,6,6,6,3,5,5,6,4,5,6,5,4,4,5,6,
11,6,7,0,6,7,6,3,6,7,6,3,6,7,6,4,6,6,6,3,5,5,6,3,5,6,5,4,4,5,6,
11,6,7,0,6,7,6,3,6,7,6,3,6,7,6,4,6,6,6,3,5,5,6,4,5,6,5,4,4,5,6,
