19,7,5,3,7,7,4,4,7,7,0,5,7,8,4,5,7,4,6,5,6,4,7,6,6,3,5,6,5,4,7,7,3,7,5,4,7,7,3,5,7,
14,7,4,4,6,7,3,5,7,7,0,5,7,7,3,5,6,4,6,5,6,4,7,6,6,3,5,6,4,3,7,6,4,7,4,5,6,7,3,5,7,
17,9,7,6,8,9,6,6,9,9,0,7,9,9,6,7,8,6,8,6,7,6,9,7,8,6,7,7,6,6,9,9,6,9,7,6,8,9,6,7,9,
15,7,5,4,7,7,3,5,7,7,0,5,7,7,3,5,6,4,6,5,6,4,7,6,6,3,5,6,5,3,7,7,4,7,5,5,7,7,3,5,7,
15,7,4,4,7,7,3,5,7,7,0,5,7,7,3,6,7,4,6,5,6,4,7,6,6,3,5,6,5,3,7,7,4,7,4,5,7,7,3,5,7,
17,7,4,4,7,7,3,5,7,7,0,5,7,7,3,5,7,3,6,5,6,4,7,5,6,3,5,6,5,3,7,7,4,7,4,5,7,7,3,5,7,
15,6,4,3,6,6,2,4,6,6,0,4,6,7,3,4,6,3,5,4,5,3,6,5,5,2,4,5,4,3,6,6,3,6,4,4,6,6,2,4,6,
15,6,4,3,6,6,2,5,6,6,0,5,6,7,3,5,6,3,5,5,5,3,6,5,5,2,5,6,4,3,6,6,3,6,4,5,6,6,2,5,6,
15,6,4,3,6,7,3,5,7,7,0,5,6,7,3,5,6,3,5,5,5,3,6,5,6,2,5,5,4,3,7,6,3,7,4,5,6,7,3,5,6,
15,6,4,2,6,7,2,3,7,7,0,4,6,7,3,4,6,3,6,4,5,3,6,4,6,2,5,5,4,3,7,6,2,7,4,3,6,7,2,4,7,
16,7,4,3,6,6,3,4,6,7,0,5,6,7,3,5,6,3,6,5,5,3,7,5,6,2,5,5,4,3,7,7,3,6,4,4,6,7,3,5,6,
18,9,4,3,6,10,2,4,7,10,0,5,6,10,3,5,6,3,6,4,5,3,9,5,6,2,5,5,4,3,7,9,3,10,4,4,6,10,2,5,7,
15,6,4,3,6,7,3,4,7,7,0,5,7,7,3,5,6,3,6,5,6,4,6,5,6,2,5,5,4,3,7,6,3,7,4,4,6,7,3,5,7,
15,6,4,3,7,7,3,5,7,7,0,5,6,7,3,5,6,3,6,5,5,3,6,5,6,2,5,5,4,3,7,6,3,7,4,5,7,7,3,5,7,
15,6,4,3,6,7,3,4,7,6,0,5,6,7,3,5,6,3,6,5,5,3,6,5,6,2,4,5,4,3,7,6,3,7,4,4,6,6,2,5,7,
15,6,4,3,7,7,3,4,7,7,0,5,7,7,3,5,6,3,6,5,5,3,6,5,6,2,5,5,4,3,7,6,3,7,4,4,6,7,3,5,7,
15,7,4,4,7,7,3,5,7,7,0,6,7,7,3,5,6,4,6,5,6,4,7,6,6,2,5,6,4,3,7,7,4,7,4,5,7,7,3,6,7,
18,6,4,3,6,7,3,4,7,7,0,5,6,7,3,5,6,3,6,5,5,3,6,5,6,2,5,5,4,3,7,6,3,7,4,4,6,7,3,5,7,
16,7,4,4,7,7,3,5,7,7,0,6,7,7,3,6,7,3,6,5,6,4,7,6,6,3,5,6,5,3,7,7,4,7,4,5,7,7,3,6,7,
15,7,4,3,7,7,3,4,7,7,0,4,7,7,3,4,6,4,6,4,6,4,7,5,6,3,5,5,5,3,7,7,3,7,4,4,7,7,3,5,7,
14,6,4,4,6,7,3,5,7,7,0,5,7,7,3,6,7,4,6,5,6,4,6,6,6,3,5,6,5,3,7,6,4,7,4,5,6,7,3,5,7,
15,6,3,3,6,6,2,4,6,6,0,5,6,6,3,5,6,3,5,5,5,3,6,5,5,2,4,5,4,3,6,6,3,6,3,4,6,6,2,5,6,
15,6,4,3,6,6,3,4,6,6,0,4,6,6,3,5,6,3,5,4,5,3,6,5,5,2,4,5,4,3,7,6,3,6,4,4,6,6,3,4,6,
15,6,4,3,6,7,3,4,7,6,0,5,6,7,3,5,6,3,6,5,5,3,6,5,6,2,5,5,4,3,7,6,3,7,4,4,6,7,3,5,7,
15,6,4,3,6,7,3,5,7,6,0,5,6,7,3,5,6,3,6,5,5,3,6,5,6,2,4,5,4,3,7,6,3,7,4,5,6,7,2,5,7,
17,8,7,3,8,9,5,4,9,9,0,5,9,9,5,5,8,5,8,5,7,6,8,5,8,2,7,5,6,5,9,8,3,9,7,4,8,9,5,5,9,
15,6,4,3,6,6,3,4,6,6,0,5,6,7,3,5,6,3,5,5,5,3,6,5,5,2,4,5,4,3,7,6,3,6,4,4,6,6,3,5,6,
15,6,4,3,6,6,3,4,6,6,0,4,6,6,3,5,6,3,5,4,5,3,6,5,5,2,4,5,4,3,7,6,3,6,4,4,6,6,2,4,6,
15,6,4,3,6,7,3,5,7,7,0,5,7,7,3,5,6,3,6,5,5,3,6,5,6,2,5,5,4,3,7,6,3,7,4,5,6,7,3,5,7,
17,8,4,3,6,8,2,4,6,8,0,5,6,8,3,5,6,3,7,5,5,3,8,5,5,2,6,5,4,3,6,8,3,8,4,4,6,8,2,5,6,
15,6,4,3,6,7,3,4,7,7,0,5,6,7,3,5,6,3,6,5,5,3,6,5,6,2,5,6,4,3,7,6,3,7,4,5,6,7,2,5,7,
15,6,4,3,7,7,3,4,7,7,0,5,7,7,3,5,7,3,6,4,6,4,6,5,6,3,5,5,4,3,7,6,3,7,4,4,7,7,3,5,7,
15,6,4,4,7,7,3,5,7,7,0,6,7,7,3,6,6,4,6,6,6,4,7,7,6,3,5,7,4,4,7,6,4,7,4,5,7,7,3,6,7,
20,6,4,4,8,6,4,4,8,6,0,5,8,7,4,5,8,4,6,5,7,4,6,5,7,2,5,5,5,4,8,6,4,6,4,4,8,6,4,5,8,
16,4,2,1,5,4,0,2,5,4,0,3,5,5,1,3,5,1,4,2,4,2,4,4,4,0,2,4,4,1,6,4,1,4,2,2,5,4,0,2,5,
14,7,4,4,6,7,3,4,7,7,0,5,7,7,3,5,6,4,6,5,5,4,7,5,6,3,5,5,4,3,7,7,4,7,4,4,6,7,3,5,7,
14,7,4,4,6,7,3,5,7,7,0,5,7,7,3,5,6,3,6,5,6,4,7,5,6,3,5,6,5,3,7,7,4,7,4,5,6,7,3,5,7,
14,7,4,4,6,7,3,5,7,7,0,5,7,7,3,5,6,4,6,5,6,4,6,5,6,3,5,6,5,3,7,7,4,7,4,5,6,7,3,5,7,
15,7,4,3,7,7,3,4,7,7,0,4,7,7,4,5,6,4,6,4,6,4,7,5,6,3,5,5,5,4,7,7,3,7,4,4,7,7,3,4,7,
15,7,4,4,6,7,3,4,7,7,0,5,7,7,3,5,6,3,6,5,5,4,7,5,6,2,5,6,4,3,7,7,4,7,4,4,6,7,3,5,7,
14,7,4,4,7,7,3,5,7,7,0,5,7,7,4,5,6,4,6,5,6,4,7,5,6,3,5,6,5,4,7,7,4,7,4,5,7,7,3,5,7,
14,7,5,3,7,7,3,4,7,7,0,4,7,7,3,5,6,4,6,4,6,4,7,5,6,3,5,5,5,4,7,7,3,7,5,4,7,7,3,4,7,
15,6,4,3,6,6,3,4,6,6,0,4,6,7,3,5,6,3,6,4,5,3,6,5,5,2,4,5,4,3,7,6,3,6,4,4,6,6,3,4,6,
15,6,4,2,6,7,3,4,6,6,0,4,6,7,3,4,6,3,6,4,5,3,6,4,6,2,5,4,4,3,7,6,2,7,5,3,6,6,3,4,6,
16,6,4,4,6,7,4,4,6,7,0,5,6,8,3,5,6,3,6,5,5,4,7,5,5,2,5,5,4,3,6,7,4,7,4,4,6,8,4,5,6,
17,6,3,6,6,6,3,7,6,6,0,8,6,6,3,8,6,3,6,8,5,3,6,8,6,2,5,8,4,3,6,6,6,6,3,7,6,6,3,8,6,
15,6,3,3,6,6,3,4,6,6,0,5,6,6,3,5,6,3,6,5,5,3,6,5,6,2,5,5,4,3,7,6,3,6,3,4,6,6,3,5,6,
15,6,4,3,7,7,3,4,7,6,0,5,6,7,3,5,6,3,6,5,5,3,6,5,6,2,5,5,4,3,7,6,3,7,4,4,7,6,3,5,7,
17,9,7,3,9,9,6,4,9,9,0,5,8,9,6,5,8,6,8,5,7,6,8,5,8,5,7,5,6,6,9,9,3,9,7,4,9,9,5,5,9,
15,7,4,3,6,7,3,5,7,7,0,5,7,7,3,5,6,3,6,5,5,3,6,5,6,2,5,6,4,3,7,7,4,7,4,4,6,7,3,5,7,
15,6,4,4,6,7,3,5,7,7,0,5,7,7,3,5,6,3,6,5,5,4,6,5,6,2,5,6,4,3,7,6,4,7,4,5,6,7,3,5,7,
15,6,4,4,6,7,3,5,7,7,0,5,7,7,3,5,6,3,6,5,5,4,6,5,6,3,5,5,5,3,7,6,4,7,4,5,6,7,3,5,7,
14,7,4,4,7,7,3,5,7,7,0,6,7,7,3,6,6,3,6,6,6,4,6,6,6,3,6,6,5,3,7,7,4,7,4,5,7,7,3,6,7,
14,6,4,4,6,7,3,5,7,7,0,5,7,7,3,5,6,3,6,5,6,4,6,5,6,3,5,6,5,3,7,6,4,7,4,5,6,7,3,5,7,
15,6,4,3,6,6,2,4,6,6,0,5,6,6,3,5,6,3,5,4,5,3,6,5,5,2,4,5,4,3,6,6,3,6,4,4,6,6,2,4,6,
14,7,4,4,6,7,3,5,7,7,0,5,7,7,3,5,6,4,6,5,6,4,6,5,6,3,5,6,5,3,7,7,4,7,4,5,7,7,3,5,7,
17,7,4,4,7,7,3,5,7,7,0,5,7,7,4,5,6,4,6,5,6,4,7,5,6,3,5,6,5,4,7,7,4,7,4,5,7,7,3,5,7,
17,6,4,4,6,6,2,4,6,6,0,5,6,6,3,5,6,4,5,4,5,4,6,5,5,2,4,5,4,3,6,6,4,6,4,4,6,6,2,5,6,
15,6,3,3,6,6,2,4,6,6,0,5,6,6,3,5,6,3,6,4,5,3,6,5,5,2,4,5,4,3,6,6,3,6,3,4,6,6,2,5,6,
15,7,4,4,7,7,3,7,7,7,0,8,7,7,4,8,7,4,6,7,6,4,7,8,6,3,5,8,5,4,7,7,4,7,4,7,7,7,3,8,7,
15,6,4,3,6,6,2,4,6,6,0,4,6,6,3,4,6,3,6,4,5,3,6,4,5,2,4,5,4,3,6,6,3,6,4,4,6,6,2,4,6,
15,6,4,3,6,6,2,4,6,6,0,5,6,6,3,5,6,3,6,5,5,3,6,5,5,2,4,5,4,3,6,6,3,6,4,4,6,6,2,5,6,
15,6,3,3,6,6,2,4,6,6,0,5,6,6,3,5,6,3,5,4,5,3,6,5,6,2,4,5,4,3,7,6,3,6,3,4,6,6,2,4,6,
15,6,4,5,6,7,3,6,6,6,0,6,6,7,3,6,6,3,6,6,5,3,6,6,6,2,5,7,4,3,6,6,5,7,4,6,6,6,3,6,6,
15,6,4,3,6,7,2,4,6,6,0,5,6,7,3,5,6,3,6,4,5,3,6,5,5,2,5,5,4,3,6,6,3,7,4,4,6,6,2,5,6,
15,7,4,3,6,7,3,4,6,6,0,5,6,7,3,5,6,3,6,4,5,3,6,5,6,2,5,5,4,3,7,7,3,7,4,4,6,6,3,5,6,
17,6,4,3,6,6,2,4,6,6,0,5,6,6,3,4,5,3,6,4,5,3,6,4,5,2,4,5,4,3,6,6,3,6,4,4,6,6,2,4,6,
15,7,4,4,6,7,3,5,7,7,0,5,7,7,3,5,6,4,6,5,5,4,7,5,6,3,5,6,5,3,7,7,4,7,4,5,6,7,3,5,7,
15,7,4,4,6,7,3,4,7,7,0,5,7,7,3,5,6,3,6,5,6,4,7,5,6,3,5,5,5,3,7,7,4,7,4,4,6,7,3,5,7,
14,7,4,4,6,7,3,4,7,7,0,5,7,7,3,5,6,4,6,5,6,4,6,5,6,3,5,5,5,3,7,7,4,7,4,4,6,7,3,5,7,
14,7,4,4,7,7,3,4,7,7,0,5,7,7,3,5,6,4,6,5,6,4,7,5,6,3,5,5,5,3,7,7,4,7,4,4,7,7,3,5,7,
16,7,4,3,7,9,3,4,9,9,0,5,9,9,4,5,6,4,6,4,6,4,7,4,6,3,5,5,5,4,9,7,3,9,4,4,7,9,3,5,9,
14,7,4,4,7,7,3,5,7,7,0,6,7,7,4,6,6,4,6,5,6,4,7,6,6,3,5,6,5,4,7,7,4,7,4,5,7,7,3,5,7,
14,7,4,4,7,7,3,5,7,7,0,5,7,7,4,5,7,4,6,5,6,4,7,5,6,3,5,6,5,4,7,7,4,7,4,5,7,7,3,5,7,
14,7,4,4,6,7,3,5,7,7,0,6,7,7,4,6,6,4,6,5,6,4,7,6,6,3,5,6,5,4,7,7,4,7,4,5,6,7,3,6,7,
17,9,4,4,7,10,3,5,7,10,0,5,7,10,4,6,6,4,9,5,6,4,9,6,6,3,8,6,5,4,7,9,4,10,4,5,7,10,3,5,7,
15,7,4,4,7,7,3,5,7,7,0,5,7,7,4,5,6,4,6,5,6,4,7,5,6,3,5,6,5,4,7,7,4,7,4,5,7,7,3,5,7,
15,6,3,3,6,6,2,4,6,6,0,4,6,6,3,4,6,3,6,4,5,3,6,4,5,2,4,5,4,3,6,6,3,6,3,4,6,6,2,4,6,
15,6,3,3,6,6,2,4,6,6,0,5,6,7,3,5,6,3,6,5,5,3,6,5,5,2,5,5,4,3,6,6,3,6,3,4,6,6,2,5,6,
15,6,4,3,6,6,2,4,6,6,0,5,6,6,3,5,6,3,6,4,5,3,6,5,6,2,4,5,4,3,6,6,3,6,4,4,6,6,3,5,6,
18,7,7,3,9,7,3,7,9,7,0,7,9,7,3,7,9,3,7,7,8,3,7,7,9,2,7,7,7,3,9,7,3,7,7,7,9,7,3,7,9,
16,7,4,4,7,7,3,4,7,7,0,5,7,7,3,5,6,3,6,5,6,4,7,5,6,3,5,5,5,3,7,7,4,7,4,5,7,7,3,5,7,
15,6,4,3,6,7,3,4,7,6,0,5,6,7,3,5,6,3,6,5,5,3,6,5,6,2,5,5,4,3,7,6,3,7,4,4,6,6,3,5,6,
15,7,4,3,6,7,3,4,7,7,0,5,6,7,3,5,6,3,6,5,5,3,6,5,6,2,5,5,4,3,7,7,3,7,4,4,6,7,3,5,7,
16,6,4,3,6,7,3,4,7,7,0,5,7,7,3,5,6,3,6,5,5,4,7,5,6,2,5,5,5,3,7,6,3,7,4,4,6,7,3,5,7,
15,7,4,4,6,7,3,4,7,7,0,5,7,7,3,5,6,4,6,5,5,4,7,5,6,3,5,5,5,3,7,7,4,7,4,4,7,7,3,5,7,
16,7,4,4,7,7,3,8,7,7,0,8,7,7,3,9,6,4,6,8,6,4,7,8,6,3,5,9,5,3,7,7,4,7,4,8,7,7,3,8,7,
14,7,4,4,6,7,3,5,7,7,0,5,7,7,3,5,6,4,6,5,6,4,7,5,6,3,5,6,5,3,7,7,4,7,4,5,6,7,3,5,7,
14,7,4,4,7,7,3,5,7,7,0,5,7,7,4,5,6,4,6,5,6,4,7,5,6,3,5,6,5,4,7,7,4,7,4,5,7,7,3,5,7,
17,7,4,4,6,7,3,4,7,7,0,5,7,7,3,5,6,3,6,5,5,4,7,5,6,2,5,5,4,3,7,7,3,7,4,4,6,7,3,5,7,
14,7,4,4,7,7,3,5,7,7,0,5,7,7,4,5,6,4,6,5,6,4,7,5,6,3,5,6,5,4,7,7,4,7,4,5,7,7,3,5,7,
14,6,3,3,6,6,2,4,6,6,0,5,6,6,3,5,5,3,5,4,5,3,6,5,5,2,4,5,4,3,6,6,3,6,3,4,6,6,2,5,6,
14,6,3,3,6,6,2,4,6,6,0,5,6,6,3,5,5,3,5,4,5,3,6,5,5,2,4,5,4,3,6,6,3,6,3,4,6,6,2,5,6,
17,8,3,3,5,9,2,4,5,9,0,4,5,9,2,4,5,2,8,4,4,3,8,4,5,2,7,5,3,2,6,8,3,9,3,4,5,9,2,4,5,
14,6,3,3,6,6,2,4,6,6,0,4,6,6,3,4,6,3,6,4,5,3,6,4,5,2,4,5,4,3,6,6,3,6,3,4,6,6,2,4,6,
15,6,3,3,6,6,2,4,6,6,0,4,6,6,3,4,6,3,6,4,5,3,6,4,5,2,4,5,4,3,6,6,3,6,3,4,6,6,2,4,6,
15,6,3,3,6,6,2,4,6,6,0,5,6,7,3,5,6,3,6,4,5,3,6,5,5,2,5,5,4,3,6,6,3,6,3,4,6,6,2,5,6,
15,6,4,3,6,7,3,4,7,7,0,5,6,7,3,5,6,3,6,5,5,4,6,5,6,2,5,5,4,3,7,6,3,7,4,4,6,6,3,5,7,
15,6,4,3,6,7,2,4,6,7,0,5,6,7,3,5,6,3,6,5,5,3,6,5,6,2,5,5,4,3,7,6,3,7,4,4,6,6,2,5,6,
15,6,4,3,6,6,2,4,6,6,0,5,6,7,3,5,6,3,6,4,5,3,6,5,6,2,5,5,4,3,7,6,3,6,4,4,6,6,2,5,6,
15,6,4,4,6,7,3,4,7,6,0,5,6,7,3,5,6,3,6,5,5,4,6,5,6,2,5,5,4,3,7,6,4,7,4,4,6,6,3,5,7,
15,6,4,3,6,7,3,4,7,7,0,5,6,7,3,5,6,3,6,5,5,4,7,5,6,2,5,5,4,3,7,6,3,7,4,4,6,7,3,5,7,
14,7,4,4,6,7,3,5,7,7,0,5,7,7,3,5,6,4,6,5,5,4,7,5,6,3,5,5,5,3,7,7,4,7,4,5,6,7,3,5,7,
17,10,4,4,6,10,3,5,10,9,0,5,10,10,3,5,6,4,6,5,6,4,10,5,6,3,5,6,5,3,10,10,4,10,4,5,10,9,3,5,10,
17,7,4,4,6,7,3,5,7,7,0,5,7,7,3,5,7,4,6,5,6,4,7,5,6,3,5,6,5,3,7,7,4,7,4,5,6,7,3,5,7,
14,7,4,4,6,7,3,4,7,7,0,5,7,7,3,6,7,3,6,5,6,4,6,6,6,3,6,6,5,3,7,7,4,7,4,4,6,7,3,5,7,
14,7,4,4,6,7,3,4,7,7,0,6,7,7,3,6,7,3,6,6,6,4,7,6,6,3,6,6,5,3,7,7,4,7,4,4,6,7,3,6,7,
16,7,4,5,6,7,3,6,7,7,0,6,7,7,3,6,7,4,6,6,5,4,7,6,6,3,5,7,4,3,7,7,5,7,4,6,6,7,3,6,7,
14,7,4,4,6,7,3,5,7,7,0,6,7,7,4,6,7,4,6,6,6,4,7,6,6,3,6,6,5,4,7,7,4,7,4,5,6,7,3,6,7,
14,7,4,4,6,7,3,5,7,7,0,6,7,7,3,6,7,4,6,6,6,4,6,6,6,3,6,6,5,3,7,7,4,7,4,6,6,7,3,6,7,
15,6,4,4,6,6,2,4,6,6,0,5,6,6,3,5,6,4,6,5,5,4,6,5,5,2,5,5,4,3,6,6,4,6,4,5,6,6,3,5,6,
15,6,4,3,6,6,2,4,6,6,0,4,6,6,3,4,6,3,6,4,5,3,6,4,5,2,4,5,4,3,6,6,3,6,4,4,6,6,2,4,6,
15,6,4,4,6,6,3,5,6,6,0,5,6,6,3,5,6,4,6,5,5,4,6,5,5,2,5,5,5,3,6,6,4,6,4,5,6,6,3,5,6,
15,6,4,4,6,7,3,4,7,7,0,5,7,7,3,5,7,3,6,5,5,4,6,5,6,2,5,5,4,3,7,6,4,7,4,4,6,7,3,5,7,
15,6,4,4,6,7,3,4,7,6,0,5,6,7,3,5,7,3,6,5,5,4,6,5,6,2,5,5,5,3,7,6,4,7,4,4,6,7,3,5,7,
15,7,4,4,6,7,2,4,7,7,0,5,7,7,3,5,7,3,6,5,5,4,7,5,6,2,5,5,5,3,7,7,4,7,4,4,6,7,2,5,7,
15,7,4,4,6,7,2,4,7,7,0,5,7,7,3,5,7,3,6,5,5,4,7,5,6,2,5,5,5,3,7,7,4,7,4,4,6,7,2,5,7,
16,7,4,4,6,7,3,5,7,7,0,6,7,7,3,6,7,4,6,6,6,4,7,6,6,3,6,6,5,3,7,7,4,7,4,5,6,7,3,6,7,
15,7,4,4,7,7,3,5,7,7,0,6,7,7,3,6,6,4,6,6,6,4,7,6,6,3,6,6,5,3,7,7,4,7,4,5,7,7,3,6,7,
17,6,5,5,8,8,3,5,9,7,0,5,9,8,5,5,9,5,6,5,8,5,6,5,8,3,5,5,7,5,9,6,5,8,5,5,8,7,3,5,9,
16,6,4,4,6,7,3,5,7,7,0,5,7,7,3,5,6,3,6,5,5,3,6,5,6,2,5,6,4,3,7,6,4,7,4,5,6,7,3,5,7,
15,6,4,4,7,6,4,4,8,6,0,5,8,6,4,5,7,4,5,5,7,4,5,5,7,4,4,5,5,4,8,6,4,6,4,4,7,6,4,5,8,
15,7,6,5,7,8,5,6,8,8,0,6,8,8,5,6,7,5,7,6,7,6,8,6,7,4,6,7,6,5,8,8,5,8,6,6,7,8,5,6,8,
14,7,4,4,6,7,3,4,7,7,0,5,7,7,3,5,6,4,6,5,6,4,6,5,6,3,5,6,5,3,7,7,4,7,4,4,6,7,3,5,7,
14,6,4,4,7,7,3,4,7,7,0,5,7,7,3,5,6,3,6,5,6,4,7,5,6,3,5,6,5,3,7,7,4,7,4,4,7,7,3,5,7,
14,7,4,4,7,7,3,4,7,7,0,6,7,7,3,5,7,3,6,6,6,4,7,5,6,3,5,6,5,3,7,7,4,7,4,5,7,7,3,5,7,
15,6,3,3,6,6,2,5,6,6,0,5,6,6,3,5,6,3,5,5,5,3,6,5,5,2,5,5,4,3,6,6,3,6,3,5,6,6,2,5,6,
18,7,4,4,7,7,3,5,7,7,0,6,7,7,3,6,7,4,6,6,6,4,7,6,6,3,6,6,5,3,7,7,4,7,4,5,7,7,3,6,7,
15,6,3,3,6,6,2,4,6,6,0,5,6,7,3,5,6,3,5,5,6,3,6,5,5,2,5,5,4,3,7,6,3,6,3,4,6,6,2,5,6,
15,6,3,3,6,6,2,4,6,6,0,5,6,7,3,5,6,3,6,5,5,3,6,5,5,2,5,5,4,3,6,6,3,6,3,4,6,6,2,5,6,
15,6,3,2,6,6,2,3,6,6,0,4,6,7,3,4,6,3,5,4,5,3,6,4,5,2,5,5,4,2,6,6,2,6,3,3,6,6,2,4,6,
15,6,4,3,6,7,3,4,6,6,0,5,6,7,3,5,6,3,6,5,5,3,6,5,6,2,5,5,4,3,7,6,3,7,4,4,6,6,3,5,6,
15,6,4,3,6,7,3,5,7,6,0,5,7,7,3,5,6,3,6,5,5,3,6,5,6,2,5,6,5,3,7,6,3,7,4,5,6,6,3,5,7,
15,6,4,3,6,7,3,4,7,7,0,5,6,7,3,5,6,3,6,5,5,3,6,5,6,2,5,5,4,3,7,6,3,7,4,4,6,7,3,5,7,
15,6,4,3,6,7,3,4,7,7,0,5,6,7,3,5,6,3,6,5,5,3,6,5,6,2,5,5,4,3,7,6,3,7,4,4,6,7,3,5,7,
17,8,7,3,9,9,6,4,9,9,0,5,9,9,6,5,8,6,8,5,8,6,8,5,8,2,7,6,7,6,9,8,3,9,7,4,9,9,6,5,9,
15,7,4,4,7,7,3,5,7,7,0,5,7,7,3,6,7,4,6,6,6,4,7,6,6,3,5,6,5,3,7,7,4,7,4,6,7,7,3,5,7,
15,6,6,3,6,7,3,4,7,7,0,4,7,7,3,4,6,4,6,4,6,4,6,4,6,3,6,6,5,4,7,6,3,7,6,4,6,7,3,4,7,
15,6,4,4,6,7,3,5,7,7,0,5,7,7,4,6,6,4,6,5,6,4,7,6,6,3,5,6,5,4,7,6,4,7,4,5,7,7,3,5,7,
16,8,4,4,6,8,3,5,6,8,0,5,6,9,3,5,6,3,8,5,5,4,8,5,6,3,7,6,4,3,6,8,4,9,4,5,6,8,3,5,6,
14,7,4,4,7,7,3,4,7,7,0,6,7,7,3,6,7,3,6,6,6,4,7,6,7,3,6,6,5,3,7,7,4,7,4,4,7,7,3,6,7,
14,6,4,4,6,7,3,5,7,7,0,5,7,7,3,6,6,4,6,6,6,4,6,6,6,3,5,6,5,3,7,6,4,7,4,6,6,7,3,5,7,
14,7,4,4,7,7,3,6,7,7,0,6,7,7,3,6,7,4,6,6,6,4,7,6,6,3,6,6,5,3,7,7,4,7,4,6,7,7,3,6,7,
14,7,4,4,7,7,3,5,7,7,0,6,7,7,4,6,7,4,6,6,6,4,7,6,6,3,6,6,6,4,7,7,4,7,4,5,7,7,3,6,7,
17,7,6,6,10,7,6,6,10,7,0,6,10,7,6,6,10,6,6,6,9,6,6,6,9,3,6,6,8,6,10,7,6,7,6,6,10,7,6,6,10,
16,6,4,3,6,7,3,4,7,7,0,5,7,7,3,5,6,3,6,5,5,3,6,5,6,2,5,5,4,3,7,6,3,7,4,4,6,7,3,5,7,
15,6,3,3,6,6,2,4,6,6,0,5,6,6,3,5,6,3,5,5,5,3,6,5,5,2,5,5,4,3,6,6,3,6,3,4,6,6,2,5,6,
15,6,3,3,6,6,2,4,6,6,0,5,6,6,2,5,6,3,5,5,5,3,6,5,5,2,4,5,4,3,7,6,3,6,3,4,6,6,2,5,6,
16,6,4,3,6,7,3,5,7,6,0,5,7,7,3,5,6,3,6,5,5,3,6,5,6,2,5,5,4,3,7,6,3,7,4,5,6,6,3,5,7,
15,6,4,3,6,7,2,4,7,7,0,5,7,7,3,5,6,3,6,5,5,3,6,5,6,2,5,5,4,3,7,6,3,7,4,4,6,7,2,5,7,
16,6,4,3,6,7,3,7,6,6,0,8,6,7,3,8,6,3,6,7,5,3,6,8,6,2,5,8,4,3,7,6,3,7,4,7,6,6,3,8,6,
15,6,4,3,7,7,3,4,7,7,0,5,7,7,3,5,7,3,6,5,6,3,6,5,6,2,5,5,4,3,7,6,3,7,4,4,7,7,3,5,7,
15,6,4,3,7,7,3,4,7,7,0,5,7,7,3,5,7,3,6,5,6,3,6,5,6,2,5,6,4,3,7,6,3,7,4,4,7,7,3,5,7,
18,6,4,3,7,7,3,5,7,6,0,5,7,7,3,5,6,3,6,5,5,3,6,5,6,2,5,5,5,3,7,6,3,7,4,5,7,6,3,5,7,
15,6,4,4,7,7,3,4,7,7,0,5,7,7,3,5,7,3,6,5,6,4,6,5,6,2,5,5,4,3,7,6,3,7,4,4,7,7,3,5,7,
15,6,4,4,7,7,3,5,7,6,0,6,7,7,3,5,7,4,6,6,6,4,6,5,6,2,5,6,5,3,7,6,4,7,4,5,7,6,3,6,7,
16,7,4,4,7,7,3,4,7,7,0,6,7,7,4,6,7,4,7,6,7,4,7,6,7,3,6,6,6,4,8,7,4,7,4,4,7,7,3,6,7,
15,8,4,4,6,8,3,5,6,8,0,5,6,8,3,5,6,3,7,5,5,3,8,5,6,3,6,6,4,3,7,8,3,8,4,5,6,8,3,5,6,
14,7,4,4,7,7,3,6,7,7,0,6,7,7,3,6,7,3,6,6,6,4,7,6,6,3,6,6,5,3,7,7,4,7,4,6,7,7,3,6,7,
15,6,3,3,6,6,2,5,6,6,0,5,6,6,3,5,6,3,6,5,5,3,6,5,6,2,5,6,5,3,7,6,3,6,3,5,6,6,2,5,6,
14,7,4,4,7,7,3,5,7,7,0,6,7,7,3,6,7,3,6,5,6,4,7,6,6,3,5,6,5,3,7,7,4,7,4,5,7,7,3,6,7,
15,6,5,3,6,6,2,5,6,6,0,5,6,6,2,5,6,3,6,5,5,3,6,5,5,2,5,5,5,2,6,6,3,6,5,5,6,6,2,5,6,
15,6,3,3,6,6,2,4,6,6,0,5,6,6,2,5,6,3,6,5,5,3,6,5,5,2,5,5,5,2,6,6,3,6,3,4,6,6,2,5,6,
15,6,3,3,6,6,2,4,7,6,0,5,6,6,2,5,6,3,6,5,5,3,6,5,5,2,5,5,5,2,6,6,3,6,3,4,6,6,2,5,7,
15,6,3,3,6,6,2,4,7,6,0,5,6,7,2,5,6,3,6,4,5,3,6,5,6,2,5,5,4,2,7,6,3,6,3,4,6,6,2,5,7,
15,6,3,3,6,6,2,4,7,6,0,5,6,6,3,5,6,3,6,4,5,3,6,5,6,2,5,5,4,3,7,6,3,6,3,4,6,6,2,5,7,
15,6,3,3,7,7,2,4,7,7,0,5,6,7,3,5,6,3,6,4,5,3,6,5,6,2,5,5,4,3,7,6,3,7,3,4,6,7,2,5,7,
18,9,3,3,9,9,3,4,10,9,0,5,9,9,3,5,9,3,9,5,5,3,9,5,9,2,5,5,4,3,10,9,3,9,3,4,9,9,2,5,9,
19,6,4,3,6,7,2,4,7,7,0,5,7,7,3,5,7,3,6,5,5,3,6,5,6,2,5,5,4,3,7,6,3,7,3,4,6,7,2,5,7,
15,6,4,3,7,7,3,4,7,6,0,5,7,7,3,5,6,3,6,5,6,3,6,5,6,2,5,5,4,3,7,7,3,7,3,4,7,6,3,5,7,
15,6,4,3,7,7,3,4,7,6,0,5,7,7,3,5,6,3,6,5,5,3,6,5,6,2,5,5,4,3,7,6,3,7,4,4,7,6,3,5,7,
17,6,3,3,6,6,2,4,7,6,0,5,6,6,3,5,6,3,6,4,5,3,6,4,6,2,4,5,4,3,7,6,3,6,3,4,6,6,2,5,6,
15,7,4,4,7,7,3,5,7,7,0,5,7,7,3,6,7,3,6,5,6,3,7,5,6,2,5,6,4,3,7,7,4,7,4,5,7,7,3,5,7,
14,6,4,4,7,7,3,4,7,7,0,5,7,7,3,5,6,3,6,5,6,4,6,5,6,3,5,5,5,3,7,6,3,7,4,5,7,7,3,5,7,
14,6,4,4,6,7,3,4,7,7,0,5,7,7,3,5,7,3,6,5,6,4,6,5,6,3,5,5,5,3,7,6,4,7,4,4,6,7,3,5,7,
14,6,5,4,6,7,3,5,7,7,0,5,7,7,3,5,6,3,6,5,6,4,6,5,6,3,5,5,5,3,7,6,4,7,4,5,6,7,3,5,7,
14,6,4,4,7,7,3,5,7,7,0,5,7,7,3,5,6,3,6,5,6,4,6,5,6,3,5,6,5,3,7,6,4,7,4,5,7,7,3,5,7,
14,7,4,4,7,7,3,5,7,7,0,5,7,7,3,6,7,4,6,5,6,4,7,6,6,3,5,6,5,3,7,7,4,7,4,5,7,7,3,5,7,
15,7,4,4,7,7,3,5,7,7,0,5,7,7,3,5,7,4,6,5,6,4,7,5,6,3,5,6,5,3,7,7,4,7,4,5,7,7,3,5,7,
15,6,3,3,6,6,2,4,6,6,0,5,6,6,2,5,6,3,5,5,5,3,6,5,5,2,5,5,4,2,6,6,3,6,3,4,6,6,2,5,6,
15,6,3,3,6,6,2,4,6,6,0,5,6,6,3,5,6,3,5,4,5,3,6,4,5,2,4,5,4,3,7,6,3,6,3,4,6,6,2,5,6,
15,6,4,3,6,6,2,4,6,6,0,5,6,6,3,5,6,3,6,5,5,3,6,5,6,2,5,5,4,3,7,6,3,6,4,4,6,6,2,5,6,
15,6,3,3,6,6,2,4,6,6,0,5,6,7,3,5,6,3,6,5,5,3,6,5,5,2,5,5,4,3,6,6,3,6,3,4,6,6,2,5,6,
15,6,3,2,6,6,2,3,7,6,0,4,6,6,3,4,6,3,5,4,5,3,6,4,6,2,5,4,4,3,7,6,2,6,3,3,6,6,2,4,6,
15,6,3,3,7,6,3,4,6,6,0,5,6,7,3,5,6,3,6,5,5,3,6,5,6,2,5,5,5,3,7,6,3,6,3,4,6,6,3,5,6,
18,7,3,4,9,7,2,7,9,7,0,7,9,7,3,7,9,3,7,7,8,3,7,7,9,2,7,7,8,3,10,7,4,7,3,7,9,7,2,7,9,
20,6,3,3,6,7,2,4,7,6,0,5,7,7,3,5,6,3,5,5,5,3,6,5,6,2,5,5,4,3,9,6,3,7,3,4,6,6,2,5,7,
15,6,4,3,6,7,3,4,6,6,0,5,7,7,3,5,6,3,6,5,5,3,6,5,6,2,5,5,4,3,7,6,3,7,4,4,6,6,3,5,7,
15,6,4,4,6,7,2,5,7,6,0,5,7,7,3,5,6,3,6,5,6,3,6,5,6,2,5,6,5,3,7,6,4,7,4,5,6,6,2,5,7,
17,6,3,3,6,7,2,5,7,6,0,5,7,7,3,5,6,3,5,5,5,3,6,5,6,2,5,5,5,3,7,6,3,7,3,5,6,6,2,5,7,
14,6,4,4,6,7,3,4,7,7,0,5,7,7,3,5,6,3,6,6,6,3,6,5,6,3,5,6,5,3,7,6,3,7,4,4,6,7,3,5,7,
15,7,4,4,7,7,3,5,7,7,0,5,7,7,3,5,7,4,7,5,6,4,7,5,7,3,5,6,5,3,8,7,4,7,4,5,7,7,3,5,7,
16,6,4,4,7,7,3,5,7,7,0,6,7,7,3,6,6,3,6,6,6,4,6,5,6,3,5,6,5,3,7,7,4,7,4,5,7,7,3,6,7,
16,6,3,3,6,6,2,4,6,6,0,4,6,6,3,6,6,3,6,4,6,3,6,6,6,2,4,6,4,3,7,6,3,6,3,4,6,6,2,6,6,
14,7,4,4,7,7,3,5,7,7,0,6,7,7,3,6,6,3,6,6,6,4,7,6,6,3,6,6,5,3,7,7,4,7,4,5,7,7,3,6,7,
15,7,4,4,7,7,3,5,7,7,0,6,7,7,3,6,7,4,7,6,6,4,7,6,7,3,6,6,6,3,7,7,4,7,4,5,7,7,3,6,7,
15,6,3,3,6,6,2,4,6,6,0,5,6,6,2,5,6,3,5,5,5,3,6,5,6,2,5,5,5,2,7,6,3,6,3,4,6,6,2,5,6,
15,6,3,2,6,6,2,3,6,6,0,4,6,6,3,4,6,3,5,3,5,3,6,4,5,2,5,5,4,2,6,6,2,6,3,3,6,6,2,4,6,
17,8,3,3,6,8,2,4,7,8,0,5,6,9,3,5,6,3,8,5,5,3,8,5,6,2,7,5,5,3,7,8,3,8,3,4,6,8,2,5,7,
15,6,3,3,6,6,2,4,6,6,0,5,6,7,3,5,6,3,6,5,5,3,6,5,6,2,5,5,5,3,7,6,3,6,3,4,6,6,2,5,6,
15,6,4,4,6,7,3,5,7,7,0,6,7,7,3,6,6,3,6,5,6,3,6,5,6,2,5,6,5,3,7,6,3,7,4,5,6,7,3,6,7,
15,6,3,3,6,6,2,5,6,6,0,5,6,7,3,5,6,3,6,5,5,3,6,5,6,2,5,5,5,3,7,6,3,7,3,5,6,6,2,5,6,
18,6,3,3,6,6,2,4,6,6,0,5,6,6,3,5,6,3,5,4,5,3,6,5,5,2,5,5,4,3,7,6,3,6,3,4,6,6,2,5,6,
15,3,1,0,4,3,0,1,4,3,0,2,4,3,0,2,4,0,3,1,3,0,3,2,4,0,1,3,3,0,4,3,0,3,1,1,4,3,0,2,4,
15,7,4,3,7,7,2,4,7,7,0,5,7,7,3,5,7,3,7,5,5,3,7,5,7,2,5,5,4,3,7,7,3,7,3,4,7,7,2,5,7,
15,6,3,3,6,6,2,4,6,6,0,5,6,6,3,5,6,3,6,5,5,3,6,5,6,2,5,5,5,2,6,6,3,6,3,4,6,6,2,5,6,
15,6,4,3,6,7,3,4,6,6,0,5,6,7,3,5,6,3,6,5,5,3,6,5,6,2,5,5,5,3,7,6,3,7,4,4,6,6,3,5,6,
15,6,4,3,6,7,3,4,6,6,0,5,6,7,3,5,6,3,6,5,5,3,6,5,6,2,5,5,5,3,7,6,3,7,4,4,6,7,3,5,7,
17,8,4,3,7,9,3,4,7,9,0,5,7,9,3,5,7,3,8,5,7,3,8,5,7,2,7,5,4,3,7,8,3,9,4,4,7,9,3,5,7,
16,7,4,3,7,7,3,7,7,7,0,7,6,7,3,7,7,3,6,7,6,4,7,7,6,2,5,7,5,3,7,7,3,7,4,7,7,7,3,7,7,
14,7,4,4,7,7,3,5,7,7,0,6,7,7,3,6,7,4,6,6,6,4,7,6,6,3,5,6,5,3,7,7,4,7,4,5,7,7,3,6,7,
14,7,4,3,7,7,3,4,7,7,0,4,7,7,4,4,7,4,6,4,6,4,7,4,6,3,5,5,5,3,7,7,3,7,4,4,7,7,3,4,7,
17,6,4,3,6,6,2,4,6,6,0,5,6,6,3,5,6,3,6,5,5,3,6,5,5,2,4,5,4,3,6,6,3,6,4,4,6,6,2,5,6,
14,7,4,4,7,7,3,5,7,7,0,5,7,7,4,5,7,4,6,5,6,4,7,5,6,3,5,6,5,3,7,7,4,7,4,5,7,7,3,5,7,
14,6,3,3,6,6,2,4,6,6,0,5,6,6,3,5,6,3,5,5,5,3,6,5,5,2,5,5,5,2,6,6,3,6,3,4,6,6,2,5,6,
16,7,4,4,6,7,3,5,7,7,0,5,7,7,3,5,7,4,6,5,6,4,6,5,6,3,5,6,5,3,7,7,4,7,4,5,6,7,3,5,7,
15,6,3,3,6,6,2,5,6,6,0,5,6,7,3,5,6,3,6,5,5,3,6,5,6,2,5,6,5,3,6,6,3,6,3,5,6,6,2,5,6,
15,6,3,3,6,6,2,4,6,6,0,5,6,6,3,5,6,3,6,5,5,3,6,5,5,2,5,5,5,3,6,6,3,6,3,4,6,6,2,5,6,
38,29,3,3,6,29,2,4,29,29,0,5,6,29,3,5,6,3,6,5,5,3,6,5,6,2,5,5,5,3,29,29,3,29,3,4,6,6,2,5,29,
15,7,4,3,7,7,2,4,7,6,0,5,7,7,3,5,7,3,6,5,6,3,6,5,6,2,5,5,5,3,7,7,3,7,4,4,7,6,2,5,7,
15,6,3,3,6,6,2,5,6,6,0,5,6,7,3,5,6,3,6,5,5,3,6,5,5,2,5,5,5,3,6,6,3,6,3,5,6,6,2,5,6,
15,6,3,4,6,7,3,5,6,7,0,6,6,7,3,6,7,3,6,5,6,3,6,6,6,2,5,6,5,3,7,6,4,7,3,5,6,6,3,6,6,
15,6,4,3,6,7,3,4,7,6,0,5,7,7,3,5,7,3,6,5,5,3,6,5,6,2,5,5,5,3,7,6,3,7,4,4,6,6,3,5,7,
15,7,4,3,6,7,3,4,7,6,0,5,6,7,3,5,7,3,6,5,6,3,6,5,6,2,5,5,5,3,7,7,3,7,4,4,6,6,3,5,7,
14,7,4,4,6,7,3,5,7,7,0,5,7,7,3,5,6,3,6,5,6,4,7,5,6,2,5,6,5,3,7,7,4,7,4,5,6,7,3,5,7,
14,7,4,4,6,7,3,4,7,7,0,5,7,7,3,5,6,4,6,5,6,4,7,5,6,3,5,5,5,3,7,7,4,7,4,4,6,7,3,5,7,
14,6,4,4,6,7,3,4,7,7,0,5,7,7,3,5,6,3,6,5,6,4,7,5,6,3,5,6,5,3,7,7,4,7,4,4,6,7,3,5,7,
16,6,4,6,7,7,3,7,7,7,0,8,7,7,3,8,7,3,6,8,6,4,6,8,6,3,5,8,5,3,7,6,6,7,4,7,7,7,3,8,7,
14,7,4,4,7,7,3,5,7,7,0,5,7,7,3,6,7,4,6,5,6,4,7,5,6,3,5,6,5,3,7,7,4,7,4,5,7,7,3,5,7,
14,7,4,4,6,7,3,5,7,7,0,5,7,7,3,5,7,4,6,5,6,4,7,5,6,3,5,6,5,3,7,7,4,7,4,5,6,7,3,5,7,
15,7,4,4,7,7,3,5,7,7,0,5,7,7,3,5,7,4,6,5,6,4,6,5,7,3,5,6,5,3,7,7,4,7,4,5,7,7,3,5,7,
14,7,4,4,7,7,3,5,7,7,0,5,7,7,3,5,7,4,6,5,6,4,7,5,6,3,5,6,5,3,7,7,4,7,4,5,7,7,3,5,7,
15,6,3,3,6,6,2,4,6,6,0,5,6,6,3,5,6,3,5,5,5,3,6,5,5,2,5,5,5,3,6,6,3,6,3,4,6,6,2,5,6,
15,6,4,2,6,6,2,3,6,6,0,4,6,6,3,4,7,3,6,4,5,3,6,4,5,2,5,5,5,3,7,6,2,6,4,3,6,6,2,4,6,
15,6,3,3,6,6,2,5,6,6,0,5,6,7,2,5,6,3,5,5,5,3,6,5,5,2,5,5,5,2,6,6,3,6,3,5,6,6,2,5,6,
15,6,3,3,6,6,2,5,7,7,0,5,6,7,2,5,6,3,5,5,5,3,6,5,6,2,5,5,5,3,7,6,3,6,3,5,7,7,2,5,7,
15,6,3,3,7,6,2,4,7,6,0,5,6,7,3,5,6,3,5,5,5,3,6,5,6,2,5,5,5,3,7,6,3,6,3,4,7,6,2,5,7,
15,6,3,3,6,7,2,4,7,6,0,5,7,7,3,5,7,3,6,5,5,3,6,5,6,2,5,5,5,3,7,6,3,7,3,4,6,6,2,5,7,
15,6,4,3,6,7,3,4,7,6,0,5,7,7,3,5,7,3,6,5,6,3,6,5,6,2,5,5,5,3,7,6,3,7,4,4,6,7,3,5,7,
15,6,4,4,7,7,2,5,7,7,0,5,7,7,3,5,7,3,6,5,6,3,6,5,6,2,5,6,5,3,7,6,4,7,4,5,7,7,3,5,7,
15,6,4,4,7,7,2,5,7,7,0,5,7,7,3,5,7,3,6,5,6,4,6,5,6,2,5,6,5,3,7,6,4,7,4,5,7,7,2,5,7,
16,6,4,3,6,7,2,4,7,6,0,5,6,7,3,5,6,3,6,5,5,3,6,5,6,2,5,5,5,3,7,6,3,7,4,4,6,6,2,5,7,
14,7,4,4,7,7,3,5,7,7,0,5,7,7,3,5,7,3,6,5,6,4,6,5,6,3,5,6,5,3,7,7,4,7,4,5,7,7,3,5,7,
15,7,4,4,7,7,3,5,7,7,0,5,7,7,3,6,7,3,6,5,6,4,7,5,6,3,5,6,5,3,7,7,4,7,4,5,7,7,3,5,7,
17,7,4,4,7,10,3,5,7,7,0,5,7,10,3,6,7,3,6,5,6,4,7,5,7,3,5,6,5,3,10,7,4,10,4,5,7,7,3,5,10,
18,6,4,4,6,7,3,4,7,7,0,5,7,7,3,6,7,3,6,5,6,4,6,5,6,3,5,6,5,3,7,6,4,7,4,4,6,7,3,5,7,
15,6,3,3,6,6,2,4,7,6,0,5,6,7,2,5,6,3,5,5,5,3,6,5,6,2,5,5,4,2,7,6,3,6,3,4,7,6,2,5,7,
15,6,3,3,6,7,2,4,7,6,0,5,6,7,2,5,6,3,5,4,5,3,6,5,5,2,4,5,4,2,7,6,3,7,3,4,6,6,2,5,7,
15,6,3,3,6,6,2,4,6,6,0,5,6,6,2,5,6,3,5,5,5,3,6,5,5,2,4,5,4,2,6,6,3,6,3,4,6,6,2,5,6,
15,7,4,4,7,7,3,5,7,7,0,6,7,7,3,6,7,4,6,6,6,4,7,6,6,3,5,6,5,3,7,7,4,7,4,5,7,7,3,6,7,
15,6,3,3,6,6,2,4,6,6,0,5,6,6,2,5,6,3,5,5,5,3,6,5,5,2,4,5,4,3,6,6,3,6,3,4,6,6,2,5,6,
15,6,4,4,6,6,2,4,7,6,0,5,7,7,2,5,6,3,5,5,5,3,6,5,5,2,4,5,4,2,7,6,4,6,4,4,6,6,2,5,7,
15,6,3,3,6,6,2,4,6,6,0,4,6,6,3,5,6,3,5,4,5,3,6,4,6,2,4,5,4,3,7,6,3,6,3,4,6,6,2,4,6,
15,6,3,3,6,7,2,4,6,6,0,5,6,7,3,5,6,3,6,5,5,3,6,5,6,2,4,5,4,3,7,6,3,7,3,4,6,6,2,5,7,
15,6,3,3,6,6,2,4,6,6,0,4,6,6,3,5,6,3,5,4,5,3,6,4,5,2,4,5,4,3,7,6,3,6,3,4,6,6,2,4,6,
15,6,4,3,6,7,3,4,7,7,0,5,6,7,3,5,6,3,6,5,5,3,6,5,6,2,5,5,4,3,7,6,3,7,4,4,6,7,3,5,7,
15,6,4,3,6,7,3,4,7,7,0,5,7,7,3,5,6,3,6,5,5,3,6,5,6,2,5,5,4,3,7,6,3,7,4,4,6,7,3,5,7,
15,7,4,4,6,7,3,5,7,7,0,5,7,7,3,5,6,3,6,5,5,3,6,5,6,2,5,6,5,3,7,7,4,7,4,5,6,7,3,5,7,
14,7,4,3,7,7,3,4,7,7,0,5,7,7,3,5,7,3,6,5,5,4,6,5,6,2,5,6,4,3,7,7,3,7,4,4,7,7,3,5,7,
14,6,4,4,7,7,3,4,7,7,0,5,7,7,3,5,7,3,6,5,6,4,6,5,6,3,5,6,5,3,7,7,4,7,4,4,7,7,3,5,7,
15,7,4,4,7,7,3,4,7,7,0,5,7,7,3,5,7,3,6,5,6,4,6,5,6,3,5,6,5,3,7,7,4,7,4,4,7,7,3,5,7,
14,7,4,4,7,7,3,5,7,7,0,5,7,7,3,5,7,3,6,5,6,4,6,5,6,3,5,6,5,3,7,7,4,7,4,5,7,7,3,5,7,
17,6,6,6,9,7,6,6,9,6,0,6,9,7,6,6,9,6,6,6,8,6,6,6,8,6,6,6,7,6,9,6,6,7,6,6,9,6,6,6,9,
16,7,4,4,6,7,3,5,7,7,0,5,7,7,3,6,7,4,6,5,6,4,6,5,6,3,5,6,5,3,7,7,4,7,4,5,6,7,3,5,7,
15,7,4,4,7,7,3,5,7,7,0,6,7,7,3,6,7,6,6,5,6,4,7,6,6,3,5,6,5,3,7,7,4,7,4,5,7,7,3,6,7,
15,6,3,3,6,6,2,4,6,6,0,4,6,6,2,5,6,3,5,4,5,3,6,4,5,2,4,5,4,2,6,6,3,6,3,4,6,6,2,4,6,
15,6,3,3,7,6,2,4,7,6,0,4,6,6,2,5,6,3,5,4,5,3,6,4,6,2,4,5,4,2,6,6,3,6,3,4,7,6,2,4,7,
15,6,3,3,7,6,2,4,7,6,0,4,6,6,2,5,6,3,5,4,5,3,6,4,6,2,4,5,4,2,7,6,3,6,3,4,7,6,2,4,7,
15,6,3,3,6,7,2,4,7,6,0,5,7,7,3,5,7,3,5,5,5,3,6,5,6,2,4,5,4,3,7,6,3,7,3,4,6,6,2,5,7,
15,6,3,3,6,7,2,4,7,6,0,5,6,7,3,5,6,3,5,5,5,3,6,5,5,2,4,5,4,3,7,6,3,7,3,4,6,6,2,5,7,
15,6,3,3,6,6,2,4,6,6,0,5,6,7,3,5,6,3,5,5,5,3,6,5,5,2,5,5,4,3,7,6,3,6,3,4,6,6,2,5,6,
15,6,4,3,6,7,2,4,6,6,0,5,6,7,3,5,6,3,6,5,5,3,6,5,5,2,5,6,4,3,7,6,3,7,4,4,6,6,2,5,6,
15,7,4,4,6,7,3,5,7,7,0,5,7,7,3,5,7,3,6,5,5,3,6,5,6,2,5,6,4,3,7,7,4,7,4,5,6,7,3,5,7,
15,6,4,3,6,7,2,4,6,6,0,5,6,7,3,5,6,3,6,5,5,3,6,5,6,2,5,5,4,3,7,6,3,7,4,4,6,6,2,5,7,
15,7,4,3,6,7,3,4,7,7,0,5,6,7,3,5,7,3,6,5,5,4,6,5,6,2,5,5,4,3,7,7,3,7,4,4,6,7,3,5,7,
14,7,4,4,6,7,3,4,7,7,0,5,6,7,3,5,7,3,6,5,5,4,7,5,6,3,5,5,5,3,7,7,3,7,4,4,6,7,3,5,7,
14,7,4,4,7,7,3,5,7,7,0,5,7,7,3,5,7,3,6,5,6,4,7,5,6,3,5,6,5,3,7,7,4,7,4,5,7,7,3,5,7,
14,7,4,4,7,7,3,4,7,7,0,5,7,7,3,5,7,3,6,5,5,4,7,5,6,3,5,6,5,3,7,7,4,7,4,4,7,7,3,5,7,
15,7,4,4,6,7,3,4,7,7,0,5,6,7,3,5,7,3,6,5,5,3,6,5,6,3,5,6,4,3,7,7,4,7,4,4,6,7,3,5,7,
14,7,4,4,6,7,3,5,7,7,0,5,7,7,3,5,7,3,6,5,6,4,7,5,6,3,5,6,5,3,7,7,4,7,4,5,6,7,3,5,7,
17,7,4,4,10,7,3,7,10,7,0,7,10,7,3,7,10,3,7,7,9,4,7,7,9,3,7,7,8,3,10,7,4,7,4,7,10,7,3,7,10,
17,6,4,4,6,7,3,5,7,7,0,5,6,7,3,5,6,3,6,5,5,3,6,5,6,2,5,6,4,3,7,6,4,7,4,5,6,7,3,5,7,
36,7,4,27,7,7,3,5,7,7,0,7,7,7,3,29,7,3,6,28,6,4,7,6,6,3,5,29,5,3,7,7,27,7,4,5,7,7,3,7,7,
14,6,3,3,6,6,2,4,6,6,0,5,6,6,2,5,6,3,5,4,5,3,6,5,5,2,4,5,4,2,6,6,3,6,3,4,6,6,2,5,6,
16,7,4,4,7,7,3,4,7,7,0,5,6,7,3,5,7,3,6,5,5,4,7,5,6,2,5,6,4,3,7,7,4,7,4,4,7,7,3,5,7,
14,7,4,4,7,7,3,4,7,7,0,5,7,7,3,5,7,4,6,5,6,4,6,5,6,3,5,6,5,3,7,7,4,7,4,4,7,7,3,5,7,
14,6,3,3,6,6,2,4,6,6,0,5,6,6,2,5,6,3,5,4,5,3,6,5,5,2,4,5,4,2,6,6,3,6,3,4,6,6,2,5,6,
15,6,3,3,6,6,2,4,6,6,0,4,6,6,3,5,6,3,5,4,5,3,6,4,5,2,4,5,4,3,6,6,3,6,3,4,6,6,2,4,6,
15,6,3,3,6,6,2,4,6,6,0,5,6,6,3,5,6,3,5,5,5,3,6,5,5,2,4,6,4,3,6,6,3,6,3,4,6,6,2,5,6,
15,6,3,3,6,6,2,4,6,6,0,5,6,7,3,5,6,3,6,5,5,3,6,5,5,2,5,6,4,3,6,6,3,6,3,4,6,6,2,5,6,
15,6,3,3,6,6,2,4,6,6,0,5,6,7,3,5,6,3,6,5,5,3,6,5,5,2,5,5,4,3,7,6,3,6,3,4,6,6,2,5,6,
15,6,3,3,6,7,2,4,6,6,0,5,6,7,3,5,6,3,6,5,5,3,6,5,6,2,5,5,4,3,7,6,3,7,3,4,6,6,2,5,6,
18,7,4,3,6,7,3,4,7,7,0,5,7,7,3,5,7,3,6,5,5,3,6,5,6,2,5,6,4,3,7,7,3,7,4,4,6,7,3,5,7,
18,9,4,4,6,10,3,4,7,9,0,5,7,10,3,5,7,3,6,5,6,4,9,5,6,3,5,6,5,3,7,9,4,10,4,4,6,9,3,5,7,
15,7,4,4,7,7,3,4,7,7,0,5,7,7,3,5,7,3,6,5,5,4,7,5,6,3,5,6,5,3,7,7,4,7,4,4,7,7,3,5,7,
15,7,4,4,6,7,3,5,7,7,0,5,6,7,3,5,7,3,6,5,5,4,6,5,6,2,5,6,4,3,7,7,4,7,4,5,6,7,3,5,7,
14,7,4,4,7,7,2,5,7,7,0,5,7,7,3,5,7,3,6,5,5,4,7,5,6,2,5,6,4,3,7,7,4,7,4,5,7,7,2,5,7,
14,7,4,4,7,7,3,5,7,7,0,5,7,7,3,5,7,3,6,5,6,4,7,5,6,3,5,6,5,3,7,7,4,7,4,5,7,7,3,5,7,
14,7,4,4,7,7,3,5,7,7,0,5,7,7,3,5,7,3,6,5,6,4,7,5,6,3,5,6,5,3,7,7,4,7,4,5,7,7,3,5,7,
15,7,4,5,7,7,3,6,7,7,0,7,7,7,3,7,7,3,6,7,6,4,7,7,6,3,5,7,5,3,7,7,5,7,4,6,7,7,3,7,7,
16,7,4,4,7,7,3,5,7,7,0,5,8,8,3,6,7,4,6,5,6,4,6,6,6,3,5,6,5,3,9,7,4,7,4,5,7,7,3,5,8,
15,6,3,3,6,6,2,4,6,6,0,5,6,6,2,5,6,3,6,5,6,3,6,5,6,2,4,6,4,2,6,6,3,6,3,4,6,6,2,5,6,
17,9,6,5,9,9,5,6,9,9,0,6,9,9,5,7,9,5,8,6,8,6,9,6,8,5,7,7,7,5,9,9,5,9,6,6,9,9,5,6,9,
15,6,3,3,6,6,2,4,6,6,0,5,6,6,3,5,6,3,6,5,5,3,6,5,6,2,4,6,4,3,6,6,3,6,3,4,6,6,2,5,6,
15,6,3,3,6,6,2,4,6,6,0,6,6,6,3,5,6,3,6,5,6,3,6,5,6,2,4,6,4,3,6,6,3,6,3,4,6,6,2,6,6,
15,6,3,3,6,6,2,4,6,6,0,5,6,7,3,6,7,3,6,5,5,3,6,5,6,2,5,6,4,3,6,6,3,6,3,4,6,6,2,5,6,
15,6,3,3,6,7,2,4,6,6,0,5,6,7,3,6,6,3,6,5,6,3,6,5,6,2,5,6,4,3,6,6,3,6,3,4,6,6,2,5,6,
15,6,4,4,6,7,3,4,7,7,0,5,6,7,3,6,7,3,6,5,6,3,6,5,6,2,5,6,4,3,6,6,4,7,4,4,6,7,3,5,7,
15,6,4,4,6,7,3,4,7,7,0,5,6,7,3,5,7,3,6,5,5,3,6,5,6,2,5,6,4,3,7,6,4,7,4,4,6,7,3,5,7,
15,6,4,3,6,7,3,4,7,6,0,5,6,7,3,5,6,3,6,5,5,3,6,5,6,2,5,5,4,3,7,7,3,7,4,4,6,6,3,5,7,
15,7,4,3,7,7,3,4,7,7,0,5,7,7,3,5,7,3,6,5,5,4,6,5,6,2,5,5,4,3,7,7,3,7,4,4,7,7,3,5,7,
17,6,6,6,8,7,3,6,9,7,0,6,8,7,3,6,8,3,6,6,7,6,6,6,8,2,6,6,7,3,9,6,6,7,6,6,9,6,3,6,9,
15,6,4,4,6,7,3,4,7,7,0,5,6,7,3,5,6,3,6,5,5,4,6,5,6,3,5,5,4,3,7,6,3,7,4,4,6,7,3,5,7,
15,7,4,4,6,7,3,4,7,7,0,5,6,7,3,5,7,3,6,5,6,4,7,5,6,3,5,6,5,3,7,7,4,7,4,4,7,7,3,5,7,
14,7,6,4,7,7,3,5,7,7,0,5,7,7,3,6,7,4,7,5,6,4,7,5,6,3,5,6,5,3,7,7,4,7,6,5,7,7,3,5,7,
14,7,4,4,7,7,3,5,7,7,0,6,7,7,3,6,7,3,6,6,6,4,7,6,6,3,5,7,5,3,7,7,4,7,4,5,7,7,3,6,7,
15,6,3,3,6,6,2,4,6,6,0,5,6,6,3,5,6,3,6,5,5,3,6,5,5,2,4,6,4,3,6,6,3,6,3,4,6,6,2,5,6,
37,29,3,6,6,6,2,7,6,6,0,8,6,7,2,8,7,3,6,7,5,3,6,8,5,2,4,8,4,3,7,29,6,6,3,7,6,6,2,8,6,
15,6,3,3,6,7,2,4,7,6,0,5,6,7,3,5,6,3,6,5,5,3,6,5,5,2,5,5,4,3,7,6,3,7,3,4,6,6,2,5,7,
14,6,3,3,6,6,2,4,6,6,0,5,6,6,2,5,6,3,5,5,5,3,6,5,5,2,5,5,4,2,6,6,3,6,3,4,6,6,2,5,6,
17,7,4,4,7,7,3,5,7,7,0,6,7,7,3,7,7,4,6,6,6,4,7,6,6,3,5,7,5,3,7,7,4,7,4,5,7,7,3,6,7,
15,6,4,3,6,6,2,4,6,6,0,5,6,7,3,6,6,3,6,5,5,3,6,5,5,2,5,6,4,3,6,6,3,6,4,4,6,6,2,5,6,
15,7,3,3,7,7,3,5,7,7,0,5,7,7,3,5,7,3,6,5,5,3,7,5,6,2,5,5,5,3,7,7,3,7,3,5,7,7,3,5,7,
17,6,3,3,7,7,3,4,7,6,0,4,6,7,3,5,7,3,5,4,5,3,7,4,6,3,4,5,4,3,7,6,3,7,3,4,7,6,3,4,7,
15,6,3,3,6,6,2,4,6,6,0,5,6,6,3,5,6,3,6,5,5,3,6,5,6,2,5,6,4,3,6,6,3,6,3,4,6,6,2,5,6,
37,6,3,3,6,6,2,4,6,28,0,5,6,6,3,5,6,3,6,4,5,3,6,5,6,2,5,5,4,3,6,6,3,6,4,4,6,28,2,5,6,
16,7,4,4,7,7,3,6,7,7,0,7,7,7,3,7,7,3,6,6,6,4,7,7,6,3,5,8,5,3,7,7,4,7,4,6,7,7,3,7,7,
16,6,5,3,6,6,2,5,7,6,0,5,7,6,3,5,7,3,6,5,6,4,6,6,6,2,4,6,4,3,7,6,3,6,5,5,6,6,2,5,7,
17,5,3,3,6,6,2,4,7,6,0,6,7,6,2,7,7,2,5,4,5,3,5,7,6,2,4,7,4,2,7,5,3,6,3,4,6,6,2,7,7,
35,7,4,4,7,8,3,5,7,8,0,27,7,8,3,6,7,3,6,5,6,3,7,6,6,2,5,6,5,3,7,7,4,7,4,5,7,7,3,27,7,
14,7,4,4,7,7,3,5,7,7,0,6,7,7,3,6,7,3,7,5,6,4,7,6,7,3,5,7,5,3,7,7,4,7,4,5,7,7,3,6,6,
35,6,4,3,6,28,3,4,6,7,0,5,7,7,3,5,6,3,6,5,5,4,6,5,5,3,5,5,4,3,7,6,3,28,4,4,6,7,3,5,6,
16,7,6,3,6,7,4,5,6,7,0,5,7,7,4,5,7,4,6,5,6,5,7,5,6,3,5,5,5,4,7,7,3,7,6,5,7,7,4,5,6,
15,6,4,2,6,6,3,4,6,6,0,4,6,6,3,4,6,3,6,4,6,4,6,4,6,2,4,4,4,3,6,6,2,6,4,4,6,6,3,4,6,
15,7,4,4,6,7,4,5,6,7,0,5,7,7,4,6,7,3,6,5,6,4,7,6,6,3,5,6,5,3,7,7,4,7,4,5,6,7,4,5,6,
16,7,4,4,6,7,4,8,6,7,0,8,7,7,4,8,7,3,6,8,6,4,6,8,6,3,5,9,5,3,7,6,4,7,4,8,6,7,4,8,6,
15,6,3,3,6,6,3,4,6,6,0,4,6,6,3,5,6,2,5,4,5,3,5,5,5,2,4,5,4,2,6,5,3,6,3,4,6,6,3,4,6,
15,6,5,2,6,6,3,5,6,6,0,4,6,6,3,4,6,3,6,5,6,3,6,5,6,2,5,5,4,3,6,6,2,6,5,5,6,6,3,4,6,
17,7,5,3,7,7,4,4,7,7,0,5,7,7,4,5,7,4,6,4,6,4,7,5,6,3,5,5,5,4,7,7,3,7,5,4,7,7,4,5,7,
18,6,5,3,6,7,3,5,6,9,0,5,6,8,3,5,6,3,6,5,6,3,7,5,6,3,5,6,5,3,7,6,3,7,5,5,6,9,3,5,6,
39,6,4,3,6,6,2,5,6,7,0,5,6,6,3,31,6,3,6,5,5,3,6,5,5,2,4,5,4,3,7,6,3,6,4,5,6,7,2,5,6,
17,6,4,4,7,7,3,5,7,7,0,6,7,7,4,6,7,3,6,5,6,4,6,6,6,3,5,6,5,3,7,6,4,7,4,5,7,7,3,6,7,
15,6,4,3,6,6,3,4,6,6,0,5,6,6,3,5,7,3,6,5,5,3,6,5,5,2,4,5,4,3,7,6,3,6,4,4,6,6,3,5,6,
15,6,4,3,6,6,3,5,6,6,0,5,6,6,3,5,6,3,6,5,5,3,6,5,5,2,4,5,4,3,7,6,3,6,4,5,6,6,3,5,6,
15,6,4,3,6,7,3,4,6,7,0,5,6,7,4,5,6,4,6,5,5,4,6,5,6,3,5,5,4,3,7,6,3,7,4,4,6,7,3,5,6,
15,6,4,3,6,7,3,4,6,7,0,5,6,6,3,5,6,3,6,5,5,3,6,5,5,2,5,5,4,3,7,6,3,7,4,4,6,7,2,5,6,
15,6,4,3,6,7,3,5,6,7,0,5,7,7,3,5,7,3,6,5,5,3,6,5,6,2,5,6,4,3,7,6,3,7,4,5,7,7,3,5,6,
14,5,3,2,5,6,2,4,6,6,0,4,6,6,2,4,6,2,5,4,4,3,5,4,5,2,4,4,3,2,6,5,2,6,3,4,5,6,2,4,6,
14,6,4,4,6,7,3,5,6,7,0,5,7,7,3,5,7,3,6,5,5,4,6,5,6,3,5,5,4,3,7,6,4,7,4,5,6,7,3,5,6,
14,6,4,4,6,7,3,5,6,7,0,6,7,7,3,5,7,4,6,5,6,4,6,6,6,3,5,6,5,3,7,6,4,7,4,5,6,7,3,6,6,
14,6,5,4,7,7,3,5,7,7,0,5,7,7,4,5,7,4,6,5,6,4,6,5,6,3,5,6,5,4,7,6,4,7,5,5,7,7,3,5,7,
36,7,4,4,7,7,3,5,29,7,0,5,7,7,4,5,7,4,6,5,6,4,6,5,6,3,5,6,5,4,7,6,4,7,4,5,7,7,3,5,29,
15,6,3,3,7,6,2,4,6,7,0,5,7,7,3,5,7,3,5,4,5,3,5,5,5,2,4,5,4,3,7,6,3,6,3,4,7,7,2,5,6,
39,6,4,6,6,6,2,30,6,6,0,9,6,6,3,8,6,3,5,7,5,3,6,31,5,2,4,9,4,3,6,6,6,6,4,30,6,6,2,8,6,
15,6,4,4,6,7,2,5,6,7,0,5,7,7,3,6,7,3,6,5,5,3,6,5,5,2,5,6,4,3,7,6,4,7,4,5,6,7,2,5,6,
15,6,4,3,6,6,2,4,6,6,0,5,6,6,3,5,6,3,5,5,5,3,6,5,5,2,4,5,4,3,6,6,3,6,4,4,6,6,2,5,6,
40,6,4,3,28,7,2,4,6,7,0,5,7,7,3,5,7,3,5,5,5,3,5,5,5,2,4,5,4,3,7,6,3,7,4,4,28,7,2,5,6,
15,6,4,3,6,7,2,4,7,7,0,5,7,7,3,5,7,3,5,5,5,3,6,5,6,2,4,5,4,3,7,6,3,7,4,4,6,7,3,5,7,
15,6,4,3,6,6,2,4,6,7,0,5,6,6,3,5,6,3,5,5,5,3,6,5,5,2,5,5,4,3,6,6,3,6,4,4,6,7,2,5,6,
15,6,4,3,6,6,2,5,6,6,0,5,6,7,3,5,6,3,5,5,5,3,6,5,5,2,5,6,4,3,6,6,3,6,4,5,6,6,3,5,6,
15,6,4,4,6,6,2,5,6,6,0,5,6,7,3,5,5,3,6,5,5,4,6,5,5,2,5,6,4,3,6,6,4,6,4,5,6,6,2,5,6,
15,6,4,4,7,6,3,4,6,7,0,5,6,7,3,5,6,3,6,5,5,4,6,5,6,2,5,6,4,3,7,6,4,6,4,4,7,7,3,5,6,
15,6,4,3,7,7,3,4,7,7,0,5,7,7,3,5,7,3,6,5,6,4,6,5,6,2,5,6,4,3,7,6,3,7,4,4,7,7,3,5,7,
15,6,4,3,7,7,3,4,7,7,0,5,7,7,3,6,7,3,6,5,6,4,6,6,6,2,5,6,4,3,7,6,3,7,4,4,7,7,3,5,7,
14,6,4,4,7,7,3,4,7,7,0,5,7,7,3,6,7,3,6,5,6,4,6,6,6,3,5,6,5,3,7,6,4,7,4,4,7,7,3,5,7,
14,5,3,2,6,6,2,3,6,6,0,4,6,6,2,4,6,2,5,4,5,3,5,4,5,2,4,5,4,2,6,5,2,6,3,3,6,6,2,4,6,
14,6,4,4,7,7,3,5,7,7,0,6,7,7,3,6,7,4,6,5,6,4,6,6,6,3,5,6,5,3,7,6,4,7,4,5,7,7,3,6,7,
14,6,4,4,7,7,3,5,7,7,0,6,7,7,3,6,7,4,6,6,6,4,6,6,6,3,5,6,5,4,7,6,4,7,4,5,7,7,3,6,7,
15,7,5,4,7,7,3,5,7,7,0,5,7,7,4,5,7,4,6,5,6,4,7,6,6,3,5,6,5,4,7,6,4,7,5,5,7,7,3,5,7,
14,6,5,4,7,7,3,5,7,7,0,5,7,7,4,6,7,4,6,5,6,4,6,6,6,3,5,6,5,4,7,6,4,7,5,5,7,7,3,5,7,
15,6,5,4,7,7,3,5,7,7,0,5,7,7,4,5,7,4,6,5,6,4,7,5,6,3,5,6,5,4,7,6,4,7,5,5,7,7,3,5,7,
15,5,3,4,6,6,2,5,6,6,0,6,5,6,2,6,6,2,5,6,4,3,5,6,5,2,4,6,3,2,6,5,4,6,3,5,6,6,2,6,6,
15,6,3,3,7,7,2,4,6,6,0,5,6,7,3,5,6,3,6,4,5,3,6,5,6,2,4,5,4,3,7,6,3,7,3,4,7,6,2,5,6,
15,6,4,2,6,6,3,3,6,6,0,4,6,6,3,4,6,3,5,4,5,3,6,4,5,2,4,4,4,2,6,6,2,6,4,3,7,6,3,4,6,
18,6,4,3,6,7,3,4,6,6,0,5,6,6,3,5,6,3,5,5,5,3,6,5,6,2,4,5,4,3,6,6,3,6,4,4,6,6,3,5,6,
34,6,26,2,7,6,3,3,6,6,0,4,6,7,3,4,6,3,5,4,5,3,6,4,5,2,4,4,4,3,7,6,2,6,26,3,7,6,3,4,6,
15,7,4,3,7,7,3,4,7,6,0,5,7,7,3,5,7,3,6,5,5,4,6,5,6,3,5,5,4,3,7,6,3,7,4,4,7,6,3,5,7,
37,6,4,4,7,7,4,5,7,7,0,5,7,7,4,6,7,4,6,5,6,4,6,6,6,4,5,6,5,3,7,6,4,7,4,5,7,7,4,5,7,
17,8,4,3,6,8,3,4,6,8,0,5,6,8,3,5,6,3,7,5,5,4,8,5,5,2,6,5,4,3,6,7,3,8,4,4,6,8,3,5,6,
15,6,3,3,7,7,3,4,7,6,0,5,6,7,3,5,6,3,5,5,5,3,6,5,6,2,5,5,4,3,7,6,3,7,3,4,7,6,3,5,7,
14,6,4,3,7,7,3,4,7,6,0,5,7,7,3,5,7,3,6,5,5,3,6,5,6,2,5,6,4,3,7,6,3,7,4,4,7,6,3,5,7,
14,6,4,3,7,7,3,4,7,7,0,5,7,7,3,5,7,3,6,5,6,3,6,5,6,3,5,5,4,3,7,6,3,7,4,4,7,7,3,5,7,
15,6,4,3,7,7,3,4,7,6,0,5,6,7,3,5,6,3,6,5,5,3,6,5,6,2,5,6,4,3,7,6,3,7,4,5,7,6,3,5,7,
14,6,4,4,7,7,3,5,7,7,0,5,7,7,4,5,7,4,6,5,6,4,6,5,6,3,5,6,5,3,7,6,4,7,4,5,7,7,3,5,7,
14,6,4,3,7,7,3,4,7,7,0,5,7,7,4,5,7,4,6,5,6,4,6,5,6,3,5,5,5,3,7,6,3,7,4,4,7,7,3,5,7,
14,6,4,4,7,7,3,5,7,7,0,5,7,7,4,6,7,4,6,5,6,4,6,6,6,3,5,6,5,3,7,6,4,7,5,5,7,7,3,5,7,
14,6,5,5,7,7,3,5,7,7,0,5,7,7,4,6,7,4,6,5,6,5,7,6,6,3,5,6,5,4,7,6,5,7,5,5,7,7,3,5,7,
15,7,4,3,7,7,3,5,7,7,0,5,7,7,4,5,7,4,6,5,6,4,7,5,6,3,5,6,5,3,7,7,3,7,4,5,7,7,3,5,7,
15,5,3,3,7,5,3,4,6,5,0,4,6,6,3,5,6,3,5,4,5,3,5,5,6,3,4,5,4,3,7,5,3,5,3,4,7,5,3,4,6,
15,5,3,2,6,6,2,6,6,6,0,6,6,6,3,7,6,3,5,6,5,3,6,7,5,2,4,7,4,3,6,5,2,6,3,6,6,6,2,6,6,
15,6,3,3,7,6,2,4,6,6,0,4,6,6,3,5,6,3,5,4,5,3,6,5,6,2,4,5,4,3,7,6,3,6,3,4,7,6,2,4,7,
15,6,4,3,6,7,2,4,6,6,0,4,6,6,3,4,6,3,6,4,5,3,6,4,5,2,4,5,4,3,6,6,3,7,4,4,6,6,2,4,6,
17,8,7,3,9,9,3,4,9,9,0,4,8,9,5,4,8,5,7,4,7,6,8,4,8,2,7,5,6,5,9,8,3,9,7,4,9,9,3,4,9,
15,6,4,3,7,6,3,4,6,6,0,4,6,7,3,5,7,3,6,4,5,3,6,5,6,2,5,5,4,3,7,6,3,6,4,4,7,6,2,4,6,
15,6,4,3,7,6,3,4,6,6,0,4,7,7,3,5,6,3,5,4,5,3,6,5,6,2,5,5,4,3,7,6,3,6,4,4,7,6,3,4,6,
15,6,5,3,7,6,3,4,6,6,0,4,6,7,3,5,7,3,5,4,5,3,6,5,6,2,5,5,4,3,7,6,2,6,5,4,7,6,2,4,6,
18,9,4,4,6,9,3,5,7,9,0,5,7,10,3,5,6,3,9,5,5,3,9,5,6,2,8,6,4,3,7,9,4,9,4,5,6,9,3,5,7,
15,6,4,4,7,7,3,5,7,7,0,5,7,7,3,6,7,4,6,5,6,4,6,6,6,3,5,7,5,3,7,6,4,7,4,5,7,7,3,5,7,
15,6,5,3,7,6,3,5,7,6,0,5,7,7,3,5,6,4,6,5,6,4,6,5,6,3,5,6,5,3,7,6,3,7,5,5,7,6,3,5,7,
15,6,4,4,8,7,3,5,7,7,0,5,7,7,3,5,7,4,6,5,6,4,6,6,6,3,5,6,5,3,8,6,4,7,4,5,8,7,3,5,7,
15,6,3,2,6,6,2,4,6,6,0,4,7,7,3,5,6,3,5,4,5,3,5,5,5,2,5,5,4,3,7,6,2,6,3,4,6,6,2,4,6,
14,6,4,4,7,7,3,5,7,7,0,5,7,7,4,5,7,4,6,5,5,4,6,6,6,3,5,6,5,4,7,6,4,7,4,5,7,7,3,5,7,
14,7,4,3,7,7,3,5,7,7,0,5,7,7,4,5,7,4,6,5,6,4,7,5,6,3,5,5,5,4,7,7,3,7,4,5,7,7,3,5,7,
14,6,3,2,6,6,2,4,6,6,0,4,6,6,3,4,6,3,5,4,5,3,6,4,5,2,4,5,4,2,6,6,2,6,3,4,6,6,2,4,6,
15,6,4,3,6,6,3,4,6,6,0,4,6,6,3,4,6,3,5,4,5,3,6,4,5,2,4,5,4,3,6,5,3,6,4,4,6,6,3,4,6,
15,6,3,3,6,6,2,4,6,6,0,4,6,6,3,5,6,3,5,4,5,3,5,5,5,2,4,7,4,2,6,6,3,6,3,4,6,6,2,4,6,
14,6,4,2,6,6,3,3,6,6,0,4,6,6,3,4,6,3,5,4,5,3,5,4,5,2,4,4,4,2,6,6,2,6,4,3,6,6,3,4,6,
14,6,3,3,6,6,2,4,6,6,0,4,6,6,3,4,6,3,5,4,5,3,6,5,5,2,4,5,4,2,6,6,3,6,3,4,6,6,2,4,6,
15,6,4,2,6,6,3,3,6,6,0,4,6,6,3,4,6,3,5,4,5,3,6,4,5,2,4,4,4,3,6,6,2,6,4,3,6,6,3,4,6,
15,6,5,3,7,6,3,4,7,6,0,5,6,7,3,5,6,3,6,5,5,4,6,5,6,3,5,5,4,3,7,6,3,6,5,4,7,6,3,5,7,
15,6,4,3,6,7,4,4,7,7,0,5,6,7,3,5,6,3,6,5,5,4,7,5,6,3,5,6,4,3,7,6,3,7,4,4,7,7,4,5,7,
16,6,3,3,6,7,3,5,7,7,0,5,6,7,3,5,6,3,6,5,5,3,6,5,6,2,5,6,4,3,7,6,3,7,4,5,6,7,3,5,7,
15,6,4,4,7,7,3,5,7,7,0,5,6,7,3,6,6,3,6,5,5,3,6,6,6,2,5,6,4,3,7,6,4,7,4,5,7,7,3,5,7,
16,6,4,4,7,6,3,5,7,6,0,5,7,7,3,5,6,3,6,5,5,4,6,5,6,2,5,6,4,3,7,6,4,6,4,5,7,6,3,5,7,
17,9,4,4,7,9,3,5,7,10,0,5,7,9,3,5,6,3,9,5,6,4,9,5,6,3,8,6,5,3,7,9,4,9,4,5,7,9,3,5,7,
14,7,4,4,7,7,4,5,7,7,0,5,7,7,3,5,7,4,6,5,5,4,6,5,6,3,5,6,5,3,7,6,4,7,4,5,7,7,4,5,7,
14,6,4,3,7,7,3,4,7,7,0,4,7,7,3,5,7,4,6,4,6,4,6,5,6,3,5,5,5,4,7,6,3,7,4,4,7,7,3,4,7,
14,6,4,4,7,7,3,5,7,7,0,5,7,7,3,5,7,3,6,5,6,4,6,6,6,3,5,6,5,3,7,6,4,7,4,5,7,7,3,5,7,
14,6,4,4,7,7,3,5,7,7,0,5,7,7,3,5,7,3,6,5,6,4,6,5,6,3,5,6,5,3,7,6,4,7,4,5,7,7,3,5,7,
14,6,3,3,6,6,2,4,6,6,0,4,6,6,3,5,6,3,5,4,5,3,5,5,5,2,4,5,4,2,6,6,3,6,3,4,6,6,2,5,6,
14,6,4,4,7,7,3,5,7,7,0,5,7,7,3,5,7,4,6,5,6,4,6,5,6,3,5,6,5,3,7,6,4,7,4,5,7,7,3,5,7,
14,5,3,3,6,6,2,4,6,6,0,5,6,6,3,5,6,3,5,4,5,3,5,5,5,2,4,5,4,2,6,5,3,6,3,4,6,6,2,5,6,
14,5,3,2,6,6,2,3,6,6,0,4,6,6,3,4,6,3,5,4,5,3,5,4,5,2,4,4,4,2,6,5,2,6,3,3,6,6,2,4,6,
14,6,4,3,6,6,3,4,6,6,0,4,6,6,3,5,6,3,5,4,5,3,6,4,5,2,4,5,4,3,6,6,3,6,4,4,6,6,3,4,6,
14,6,3,3,6,6,2,4,6,6,0,4,6,6,3,5,6,3,6,4,5,3,6,5,5,2,4,5,4,3,6,6,3,6,3,4,6,6,3,4,6,
15,6,3,3,6,6,2,4,6,6,0,4,6,6,3,5,6,3,6,4,6,3,6,4,6,2,4,5,4,3,6,6,3,6,3,4,6,6,2,4,6,
15,6,4,3,7,7,3,5,7,7,0,5,7,7,3,5,7,3,6,5,6,3,6,5,6,2,5,6,4,3,7,6,3,7,4,5,7,7,3,5,7,
15,6,3,3,7,7,2,5,7,6,0,5,6,7,3,5,7,3,6,5,6,3,6,5,6,2,5,6,5,3,7,6,3,7,3,5,7,6,2,5,7,
15,6,4,2,6,7,3,3,7,6,0,5,6,6,3,5,6,3,6,5,6,4,6,5,6,2,5,5,5,3,6,6,2,7,4,3,6,6,3,5,7,
15,6,4,2,7,7,3,4,7,7,0,4,7,7,3,5,7,3,6,4,6,3,6,5,6,2,5,5,5,3,7,6,2,7,4,4,7,7,3,4,7,
15,6,4,4,7,7,3,5,7,7,0,5,7,7,3,5,7,3,6,5,6,3,6,5,6,3,5,6,5,3,7,6,4,7,4,5,7,7,3,5,7,
14,6,4,3,7,7,3,4,7,7,0,5,7,7,3,5,7,3,6,5,6,4,6,5,6,3,5,5,5,3,7,6,3,7,4,4,7,6,3,5,7,
16,8,4,3,7,9,3,4,7,9,0,5,7,9,4,5,7,4,8,5,6,4,8,5,6,3,7,5,5,3,7,8,3,9,4,4,7,9,3,5,7,
14,6,4,4,7,7,3,5,7,7,0,5,7,7,3,5,7,4,6,5,6,4,6,5,6,3,5,6,5,3,7,6,4,7,4,5,7,7,3,5,7,
14,6,4,4,7,7,3,5,7,7,0,5,7,7,3,5,7,3,6,5,6,4,6,5,6,3,5,6,5,3,7,6,4,7,4,5,7,7,3,5,7,
14,6,4,3,7,7,3,4,7,7,0,5,7,7,3,5,7,4,6,5,6,4,6,5,6,3,5,5,5,3,7,6,3,7,4,4,7,7,3,5,7,
14,6,3,3,6,6,2,4,6,6,0,4,6,6,3,4,6,3,5,4,5,3,5,5,6,2,4,5,4,2,6,5,3,6,3,4,6,6,2,4,6,
14,5,2,1,5,5,1,3,5,5,0,3,5,5,1,3,5,2,4,3,4,2,4,3,4,1,3,3,3,1,5,5,1,5,2,3,5,5,1,3,5,
14,7,4,4,7,7,3,5,7,7,0,5,7,7,4,5,7,4,6,5,6,4,7,5,7,3,5,6,5,3,7,7,4,7,4,5,7,7,3,5,7,
14,6,3,3,6,6,2,4,6,6,0,4,6,6,3,5,6,3,5,4,5,3,6,4,6,2,4,5,4,3,6,6,3,6,3,4,6,6,2,4,6,
15,6,3,3,6,7,2,4,6,6,0,4,6,7,3,5,6,3,5,4,5,3,6,5,6,2,4,5,4,3,7,6,3,6,3,4,6,6,2,4,6,
15,6,3,2,6,6,2,3,6,6,0,4,6,6,3,4,6,3,5,4,5,3,6,4,5,2,4,4,4,3,6,6,2,6,3,3,6,6,2,4,6,
15,6,3,3,6,6,2,5,7,6,0,4,6,7,3,5,6,3,5,5,5,3,6,5,6,2,4,5,4,3,7,6,3,6,3,5,6,6,2,4,7,
15,6,3,3,6,6,3,4,6,6,0,4,6,6,3,5,6,3,5,4,5,3,6,5,6,2,4,5,4,3,6,6,3,6,3,4,6,6,3,4,6,
630,9,8,4,10,9,3,8,10,9,0,8,10,9,3,8,10,8,9,8,9,4,9,8,9,3,8,9,4,3,10,9,4,9,8,8,10,9,3,8,10,
527,6,5,5,8,7,5,5,8,6,0,5,8,7,4,5,8,4,6,5,8,5,6,5,8,5,5,6,6,4,8,6,5,6,4,5,8,6,5,5,8,
14,7,4,4,7,7,3,5,7,7,0,5,7,7,3,6,7,4,7,5,7,4,7,6,7,3,5,7,5,3,7,7,4,7,4,5,7,7,3,5,7,
14,6,4,4,7,7,3,5,7,6,0,5,7,7,4,5,7,4,6,5,6,4,6,5,6,3,5,6,5,3,7,6,4,7,4,5,7,6,3,5,7,
14,6,4,4,7,7,3,5,7,7,0,5,7,7,4,6,7,4,6,5,6,4,6,6,6,3,5,6,5,3,7,6,4,7,4,5,7,7,3,5,7,
14,6,4,4,7,7,3,5,7,7,0,5,7,7,3,6,7,4,6,5,6,4,6,6,6,3,5,6,5,3,7,6,4,7,4,5,7,7,3,5,7,
15,6,4,3,6,7,3,4,7,6,0,5,6,7,3,5,7,3,6,5,5,4,6,5,6,2,5,6,4,3,7,6,3,7,4,4,6,6,3,5,7,
14,6,4,4,7,7,3,5,7,7,0,5,7,7,3,6,7,4,6,5,6,4,6,6,6,3,5,6,5,3,7,6,4,7,4,5,7,7,3,5,7,
15,6,3,3,6,6,2,4,6,6,0,5,6,6,2,5,6,3,5,5,5,3,5,5,5,2,4,5,4,2,6,6,3,6,3,4,6,6,2,5,6,
14,6,3,3,6,6,2,4,6,6,0,4,6,6,3,5,6,3,5,5,5,3,5,5,5,2,4,5,4,3,6,5,3,6,3,4,6,6,2,4,6,
15,6,3,3,6,6,3,4,6,6,0,4,6,6,3,5,6,3,5,4,5,3,6,5,5,2,4,5,4,3,6,6,3,6,3,4,6,6,3,4,6,
27,6,3,3,6,6,2,4,6,6,0,5,6,6,3,5,6,3,5,5,5,3,6,5,5,2,4,5,4,3,6,6,3,6,3,4,6,6,2,5,6,
15,6,3,3,6,6,2,4,6,6,0,5,6,6,3,5,6,3,5,5,5,3,6,5,6,2,4,5,4,3,7,6,3,6,3,4,6,6,2,5,6,
15,6,4,4,7,7,3,5,7,7,0,5,7,7,3,5,7,4,6,5,6,4,6,5,6,3,5,5,5,3,7,6,4,7,4,5,7,6,3,5,7,
15,6,4,3,7,7,3,4,7,6,0,5,7,7,3,5,7,3,6,5,6,4,6,5,6,3,5,5,4,3,7,6,4,7,4,4,7,6,3,5,7,
15,6,4,3,7,7,2,5,7,6,0,5,6,7,3,5,7,3,6,5,5,4,6,5,6,2,5,6,4,3,7,6,4,7,4,5,6,6,2,5,7,
15,6,4,3,6,7,3,4,6,6,0,5,6,7,3,5,6,3,6,5,5,3,6,5,6,2,5,6,4,3,7,6,3,7,4,4,6,6,3,5,6,
15,5,3,3,6,6,2,4,6,5,0,4,6,6,2,4,6,3,5,4,5,3,5,4,5,2,4,5,4,2,6,5,3,6,3,4,6,5,2,4,6,
14,6,4,4,7,7,3,5,7,7,0,5,7,7,3,6,7,4,6,5,6,4,6,5,6,3,5,6,5,3,7,6,4,7,4,5,7,6,3,5,7,
14,6,4,4,7,7,3,5,7,7,0,5,7,7,3,5,7,4,6,5,6,4,6,5,6,3,5,6,5,3,7,6,4,7,4,5,7,7,3,5,7,
14,6,4,4,7,7,3,5,7,7,0,5,7,7,3,5,7,3,6,5,6,4,6,5,6,3,5,6,5,3,7,6,4,7,4,5,7,7,3,5,7,
14,6,4,4,7,7,3,5,7,7,0,5,7,7,3,6,7,3,6,5,6,4,6,5,6,3,5,6,5,3,7,6,4,7,4,5,7,6,3,5,7,
14,6,4,4,7,7,3,5,7,7,0,5,7,7,3,6,7,4,6,5,6,4,6,5,6,3,5,6,5,3,7,6,4,7,4,5,7,7,3,5,7,
14,6,3,3,6,6,2,4,6,6,0,5,6,6,2,5,6,3,6,5,5,3,6,5,6,2,4,6,4,2,6,6,3,6,3,4,6,6,2,5,6,
14,6,3,3,6,6,2,4,6,6,0,5,6,6,3,6,6,3,6,5,5,3,6,5,6,2,4,6,4,3,6,6,3,6,3,4,6,6,2,5,6,
15,6,4,3,7,6,3,4,7,6,0,5,6,7,3,5,7,3,6,5,6,3,6,5,6,2,5,7,4,3,7,6,3,6,4,4,7,6,3,5,7,
15,6,3,3,6,6,2,4,6,6,0,5,6,6,3,6,6,3,6,5,6,3,6,5,6,2,4,6,4,3,6,6,3,6,3,4,6,6,2,5,6,
15,6,3,3,6,6,2,4,6,6,0,5,6,6,3,5,6,3,6,4,6,3,6,5,6,2,4,5,4,3,7,6,3,6,3,4,6,6,2,5,6,
15,6,3,3,6,6,2,4,6,6,0,5,6,6,3,5,6,3,5,4,5,3,6,5,5,2,4,5,4,3,6,6,3,6,3,4,6,6,2,5,6,
17,6,3,3,6,7,3,4,6,6,0,5,6,7,3,5,6,3,6,5,5,3,6,5,6,2,5,5,4,3,7,6,3,6,3,4,6,6,3,5,6,
17,9,3,4,6,9,2,4,6,9,0,5,6,9,3,6,6,3,9,5,5,3,9,5,5,2,7,6,4,3,7,9,3,9,3,4,6,9,2,5,6,
15,6,4,4,7,7,3,5,7,6,0,5,7,7,3,5,7,4,6,5,6,4,6,5,6,3,5,6,5,3,7,6,4,7,4,5,7,6,3,5,7,
16,6,4,3,7,7,3,4,7,6,0,5,6,7,3,5,7,3,5,5,5,3,6,5,6,2,5,5,4,3,7,6,3,7,4,4,6,6,3,5,7,
15,6,4,4,7,7,3,4,7,6,0,5,7,7,3,5,7,3,6,5,6,4,6,5,6,3,5,6,4,3,7,6,4,7,4,5,7,6,3,5,7,
17,6,4,4,7,7,3,5,7,7,0,5,7,7,3,6,7,3,6,5,6,4,6,5,6,3,5,6,5,3,7,6,4,7,4,5,7,6,3,5,7,
15,6,4,3,7,6,3,4,7,6,0,5,6,7,3,5,6,3,5,5,5,3,6,5,6,2,5,5,4,3,7,6,3,6,4,4,7,6,3,5,7,
16,6,4,2,6,6,2,3,6,6,0,4,6,6,3,4,6,3,5,4,5,3,5,4,5,2,4,4,4,3,6,5,2,6,4,3,6,6,2,4,6,
16,6,4,5,7,7,3,5,7,6,0,5,7,7,3,5,7,4,6,5,6,4,6,5,6,3,5,6,5,3,7,6,5,7,4,5,7,6,3,5,7,
15,6,4,3,7,7,2,4,7,6,0,5,7,7,3,5,7,3,6,5,5,4,6,5,6,2,5,5,4,3,7,6,3,7,4,4,7,6,2,5,7,
16,6,3,3,6,6,2,4,7,6,0,5,6,6,3,5,6,3,5,4,5,3,6,5,6,2,4,5,4,3,7,6,3,6,3,4,6,6,2,5,7,
16,6,4,4,7,7,3,5,7,7,0,6,7,7,3,5,7,4,6,5,6,4,6,6,6,3,5,6,5,3,7,6,4,7,4,5,7,7,3,6,7,
16,6,4,4,7,7,3,5,7,6,0,5,7,7,3,5,7,3,6,5,6,4,6,5,6,3,5,6,5,3,7,6,4,7,4,5,7,6,3,5,7,
15,6,3,3,6,6,2,4,6,6,0,5,6,6,3,5,6,3,5,4,5,3,6,5,5,2,4,5,4,3,7,6,3,6,3,4,6,6,2,5,6,
16,7,4,4,7,7,3,5,7,7,0,6,7,7,3,6,7,4,6,5,6,4,7,6,6,3,5,6,5,3,7,7,4,7,4,5,7,7,3,6,7,
17,8,6,5,9,8,5,6,9,8,0,8,8,8,5,8,8,5,8,7,8,6,8,8,8,5,6,8,6,5,8,8,5,8,6,6,8,8,5,8,8,
18,7,4,4,7,7,3,5,7,7,0,5,7,7,3,6,7,3,6,5,6,4,7,6,7,3,5,6,5,3,7,7,4,7,4,5,7,7,3,5,7,
16,6,3,3,6,6,2,4,6,6,0,6,6,6,2,6,6,3,6,4,6,3,6,6,6,2,4,6,4,2,6,6,3,6,3,4,6,6,2,6,6,
38,6,3,4,6,6,2,5,6,6,0,6,6,30,3,6,6,3,6,6,6,3,6,6,6,2,4,6,4,3,6,6,4,6,3,5,6,6,2,6,6,
17,6,3,3,6,7,2,4,6,7,0,5,6,6,3,5,6,3,6,4,5,3,6,5,5,2,5,5,4,3,6,6,3,7,3,4,6,7,2,5,6,
16,6,4,4,7,7,3,5,7,6,0,6,7,7,3,6,7,4,6,6,6,4,6,6,6,3,5,6,5,3,7,6,4,7,4,5,7,6,3,6,7,
15,6,4,4,6,6,3,4,7,6,0,5,6,6,3,6,6,4,6,5,6,4,6,6,6,2,5,6,4,3,7,6,4,6,4,4,6,6,3,5,7,
17,6,3,3,6,6,2,4,6,6,0,6,6,6,3,6,6,3,6,6,6,3,6,6,6,2,5,6,4,3,7,6,3,6,3,4,6,6,2,6,6,
16,6,3,3,6,6,2,5,6,6,0,5,6,6,3,5,6,3,5,5,5,3,5,5,5,2,5,5,4,3,7,6,3,6,3,5,6,6,2,5,6,
15,7,4,4,7,7,3,5,7,7,0,6,7,7,3,6,7,4,6,6,6,4,6,6,6,3,5,6,5,3,7,6,4,7,4,5,7,7,3,6,7,
17,6,3,3,6,6,2,4,6,6,0,5,6,6,3,5,6,3,5,5,5,3,6,5,6,2,4,5,4,3,7,6,3,6,3,4,6,6,2,5,6,
15,6,3,3,6,6,2,4,6,6,0,4,6,6,3,5,6,3,5,4,5,3,6,5,5,2,4,5,4,3,6,6,3,6,3,4,6,7,2,4,6,
14,7,4,4,7,7,3,5,7,7,0,6,7,7,3,6,7,4,6,6,6,4,6,6,6,3,5,6,5,3,7,7,4,7,4,5,7,7,3,6,7,
17,6,4,4,7,7,3,5,7,7,0,6,7,7,3,6,7,4,6,5,6,4,6,6,6,3,5,6,5,3,7,6,4,7,4,5,7,7,3,6,7,
16,6,4,3,7,7,3,4,7,6,0,4,7,7,3,4,6,3,6,4,6,4,6,5,6,3,5,5,4,3,7,6,3,7,4,4,7,7,3,4,7,
17,6,3,3,6,6,2,5,6,6,0,5,6,6,3,5,6,3,5,5,5,3,6,6,5,2,4,6,4,3,7,6,3,6,3,5,7,6,2,5,6,
16,5,3,3,6,6,2,4,6,6,0,4,6,6,2,5,6,3,5,4,5,3,5,5,5,2,4,5,4,2,6,5,3,6,3,4,7,6,2,4,6,
16,6,4,4,7,7,3,5,7,6,0,5,7,7,3,5,6,3,6,5,6,3,6,5,6,2,5,6,5,3,7,6,4,7,4,5,7,7,3,5,7,
18,8,6,3,9,9,3,4,9,8,0,5,8,9,5,5,8,6,8,5,8,6,8,5,8,2,7,5,6,5,9,8,3,9,6,4,9,9,3,5,9,
15,7,4,4,7,7,3,5,7,7,0,6,7,7,3,6,7,4,6,5,6,4,6,6,6,3,5,6,5,3,7,6,4,7,4,5,7,7,3,6,7,
15,6,3,3,6,6,2,5,6,6,0,6,6,6,3,6,6,3,6,5,6,3,6,6,6,2,4,6,4,3,7,6,3,6,3,5,6,6,2,6,6,
17,6,4,4,7,7,3,5,7,6,0,5,6,7,3,6,7,3,6,5,6,3,6,6,6,2,5,6,4,3,7,6,4,7,4,5,7,6,2,5,7,
16,6,4,4,6,7,3,6,6,7,0,6,6,7,3,6,6,3,6,6,6,4,7,6,6,3,6,6,4,3,7,6,4,7,4,6,6,7,3,6,6,
15,6,4,4,6,7,2,5,7,7,0,5,6,7,3,5,6,3,6,5,5,4,6,6,6,2,5,6,4,3,7,6,4,7,4,5,6,7,2,5,7,
17,6,4,4,7,7,2,5,7,7,0,6,7,7,3,6,7,3,6,5,6,3,6,6,6,2,5,6,4,3,7,6,4,7,4,5,7,7,2,6,7,
16,6,3,3,6,6,2,4,6,6,0,5,6,6,3,5,6,3,5,4,5,3,6,5,5,2,4,5,4,3,6,6,3,6,3,4,6,6,2,5,6,
19,6,4,4,7,7,3,5,7,6,0,6,6,7,3,6,6,3,6,5,6,4,6,6,6,2,5,6,4,3,7,6,4,7,4,5,7,6,3,6,7,
15,4,1,1,5,4,0,2,5,4,0,2,5,4,0,2,4,1,4,2,4,1,4,3,4,0,2,3,2,0,5,4,1,4,1,2,5,4,0,2,5,
14,6,3,3,6,6,2,4,6,6,0,5,6,6,2,5,6,3,5,5,5,3,6,5,5,2,4,5,4,2,6,6,3,6,3,4,6,6,2,5,6,
16,6,3,3,6,6,2,4,6,6,0,4,6,6,3,5,6,3,5,4,5,3,6,5,5,2,4,5,4,3,6,6,3,6,3,4,6,6,2,4,6,
15,6,3,3,6,6,2,4,6,6,0,5,6,6,3,5,6,3,6,4,6,3,6,6,6,2,4,6,4,3,7,6,3,6,3,4,6,6,2,4,6,
14,6,3,3,6,6,2,4,6,6,0,5,6,6,3,5,6,3,5,4,5,3,5,5,5,2,4,5,4,3,6,6,3,6,3,4,6,6,2,5,6,
16,6,4,3,6,6,2,5,6,6,0,6,6,7,3,6,6,3,6,5,6,3,6,5,6,2,5,6,4,3,7,6,3,6,4,5,6,6,2,6,6,
15,6,4,4,7,7,3,5,7,7,0,6,7,7,3,6,7,3,6,5,6,4,6,6,6,3,5,6,5,3,7,6,4,7,4,5,7,7,3,6,7,
16,6,3,3,6,6,2,4,6,6,0,5,6,6,3,5,6,3,5,4,5,3,6,5,5,2,4,5,4,2,6,6,3,6,3,4,6,6,2,5,6,
16,7,4,4,7,7,3,5,7,7,0,6,7,7,3,6,7,4,6,6,6,4,6,6,6,3,5,6,5,3,7,6,4,7,4,5,7,7,3,6,7,
18,6,4,4,7,7,3,5,7,7,0,6,7,7,3,6,7,4,6,5,6,4,6,6,6,3,5,6,5,4,7,6,4,7,4,5,7,7,3,6,7,
15,6,4,4,7,7,2,5,7,7,0,6,7,7,3,6,7,3,6,6,6,4,6,6,6,2,5,6,4,3,7,6,4,7,4,5,7,7,2,6,7,
15,6,3,3,6,6,2,4,6,6,0,4,6,6,3,5,6,3,5,4,5,3,6,5,5,2,4,5,4,3,6,6,3,6,3,4,6,6,2,4,6,
15,6,3,3,7,6,2,5,7,6,0,5,6,7,3,5,6,3,6,5,5,3,6,5,6,2,5,5,4,3,7,6,3,6,3,5,7,6,2,5,7,
20,6,3,3,8,6,2,6,8,6,0,6,8,6,2,6,8,3,6,6,7,3,6,6,7,2,6,6,3,2,8,6,3,6,3,6,8,6,2,6,8,
16,6,3,3,6,6,2,4,6,6,0,5,6,6,3,5,6,3,5,4,5,3,6,5,5,2,4,5,4,2,7,6,3,6,3,4,6,6,2,5,6,
15,6,4,4,7,7,3,5,7,6,0,5,7,7,3,5,7,4,6,5,6,4,6,6,6,3,5,6,4,3,7,6,4,7,4,5,7,6,3,5,7,
15,6,4,3,7,6,3,5,7,6,0,5,6,7,3,5,6,3,6,5,5,3,6,5,6,2,5,5,4,3,7,6,3,6,4,5,7,6,2,5,7,
15,6,3,3,6,6,2,4,6,6,0,5,6,6,3,5,6,3,5,5,5,3,6,5,5,2,4,5,4,3,6,6,3,6,3,4,6,6,2,5,6,
19,6,6,6,9,6,6,5,9,6,0,5,9,7,5,5,9,6,6,6,8,6,6,6,8,6,5,6,7,5,9,6,6,6,6,6,9,6,6,5,9,
17,6,4,4,7,7,3,5,7,7,0,5,6,7,3,5,7,3,6,5,5,3,6,5,6,2,5,6,4,3,7,6,4,7,4,5,7,7,2,5,7,
16,6,4,4,7,7,3,5,7,7,0,5,7,7,3,5,7,4,6,5,6,4,6,6,6,3,5,6,5,3,7,6,4,7,4,5,7,7,3,5,7,
18,6,3,3,6,6,2,4,6,6,0,4,6,6,3,4,6,3,5,4,5,3,6,5,5,2,4,5,4,3,6,6,3,6,3,4,6,6,2,4,6,
18,6,4,3,6,7,3,4,7,7,0,5,6,7,3,5,6,3,6,5,5,3,7,5,6,2,5,5,4,3,7,6,3,7,4,4,7,7,2,5,7,
16,6,4,4,7,7,3,5,7,7,0,5,7,7,4,5,7,4,6,5,6,4,6,6,6,3,5,6,5,3,7,6,4,7,4,5,7,7,3,5,7,
23,7,3,6,6,7,2,7,6,6,0,7,6,7,3,8,6,3,6,7,5,3,6,8,5,2,5,8,4,3,7,7,6,7,3,7,6,6,2,7,6,
16,6,3,3,6,6,2,4,6,6,0,4,6,6,3,4,6,3,5,4,5,3,6,5,5,2,4,5,4,3,6,6,3,6,3,4,6,6,2,4,6,
15,6,4,4,7,7,3,5,7,6,0,5,7,7,3,5,7,3,6,5,6,4,6,6,6,3,5,6,5,3,7,6,4,7,4,5,7,6,3,5,7,
20,8,6,3,8,8,2,4,8,8,0,5,8,8,5,5,8,5,7,4,7,6,7,5,7,2,6,5,6,5,8,7,3,8,6,4,8,8,2,4,8,
16,6,4,4,7,7,3,5,7,7,0,5,7,7,3,5,7,4,6,5,6,4,6,6,6,3,5,6,5,3,7,6,4,7,4,5,7,7,3,5,7,
15,6,3,3,6,6,2,5,7,6,0,5,6,7,3,5,6,3,5,5,5,3,6,5,6,2,5,5,4,3,7,6,3,6,3,5,6,6,2,5,7,
18,6,4,4,7,7,3,5,7,6,0,5,7,7,3,5,7,4,6,5,6,4,6,5,6,3,5,6,5,3,7,6,4,7,4,5,7,6,3,5,7,
18,6,4,4,7,7,3,5,7,7,0,6,7,10,3,6,7,3,6,5,6,4,6,6,6,3,5,6,5,3,7,6,4,7,4,5,7,7,3,5,7,
15,6,4,4,7,7,3,5,7,7,0,5,7,7,3,5,7,4,6,5,6,4,6,5,6,3,5,6,5,3,7,6,4,7,4,5,7,7,3,5,7,
15,6,3,3,7,7,2,5,7,7,0,5,7,7,3,5,7,3,6,5,6,3,6,5,6,2,5,5,5,3,7,6,3,7,3,5,7,7,2,5,7,
15,6,3,3,6,6,2,4,6,6,0,4,6,7,3,4,6,3,5,4,5,3,6,5,5,2,4,5,4,3,6,6,3,6,3,4,6,6,2,4,6,
15,6,3,3,6,7,2,4,7,7,0,5,6,7,3,5,6,3,6,5,5,3,6,5,6,2,4,5,4,3,7,6,3,7,3,4,6,7,2,5,7,
18,7,7,3,9,7,2,7,9,7,0,7,9,7,3,7,9,3,7,7,8,3,7,7,8,2,7,7,7,3,9,7,3,7,7,7,9,7,2,7,9,
17,6,4,2,6,7,3,4,7,6,0,4,6,7,3,4,6,3,6,4,5,3,6,4,6,2,4,4,4,3,7,6,2,7,4,4,6,6,3,4,7,
17,7,4,4,7,7,3,5,7,7,0,5,7,7,3,5,6,3,6,5,6,4,6,5,6,3,5,6,5,3,7,7,4,7,4,5,7,7,3,5,7,
15,7,4,4,7,7,3,5,7,7,0,5,7,7,3,5,7,3,6,5,6,4,6,6,6,3,5,6,5,3,7,7,4,7,4,5,7,7,3,5,7,
17,7,4,3,7,7,3,4,7,7,0,4,7,7,3,4,7,4,6,4,6,4,7,5,6,3,5,5,4,3,7,7,3,7,4,4,7,7,3,4,7,
18,6,3,3,6,6,2,4,6,6,0,5,6,7,3,5,6,3,5,4,5,3,6,5,5,2,4,5,4,3,6,6,3,6,3,4,6,6,2,4,6,
15,6,4,3,7,7,3,4,7,7,0,5,7,7,4,5,7,4,6,4,6,4,7,5,6,3,5,5,5,3,7,6,3,7,4,4,7,7,3,5,7,
15,6,3,3,6,6,3,4,6,6,0,4,6,7,3,4,6,3,6,4,5,3,6,5,5,2,4,5,4,3,7,6,3,6,3,4,6,6,3,4,6,
16,6,3,3,6,6,2,4,6,6,0,4,6,7,3,4,6,3,5,4,5,3,6,5,5,2,4,5,4,2,6,6,3,6,3,4,6,6,3,4,6,
17,6,3,3,6,6,2,4,6,6,0,5,6,7,3,5,6,3,5,4,5,3,6,5,5,2,4,5,4,3,6,6,3,6,3,4,6,6,2,5,6,
15,6,4,3,7,7,3,4,7,7,0,5,6,7,3,5,7,3,6,4,5,3,7,5,6,2,5,5,4,3,7,6,3,7,4,4,7,7,3,4,7,
16,6,3,3,6,6,3,4,6,6,0,4,6,7,3,4,6,3,5,4,5,3,6,5,5,2,4,5,4,3,7,6,3,6,3,4,6,6,3,4,6,
15,7,4,4,7,7,3,5,7,7,0,5,7,7,3,5,7,4,6,5,6,4,7,5,6,3,5,6,5,3,7,7,4,7,4,5,7,7,3,5,7,
15,7,4,4,7,7,3,5,7,7,0,5,7,7,3,5,7,4,6,5,6,4,7,6,6,3,5,6,5,3,7,7,4,7,4,5,7,7,3,5,7,
15,6,3,3,7,7,2,4,7,6,0,5,7,7,3,5,6,3,5,4,5,3,6,5,6,2,4,5,4,3,7,6,3,7,3,4,7,6,2,5,7,
15,6,3,3,7,7,2,5,7,6,0,5,7,7,3,5,7,3,6,5,5,3,6,5,6,2,5,5,4,3,7,6,3,7,3,5,7,6,3,5,7,
16,7,4,4,7,7,3,5,7,7,0,5,7,7,3,5,7,4,6,5,6,4,7,5,6,3,5,6,5,3,7,7,4,7,4,5,7,7,3,5,7,
15,6,3,3,6,6,2,4,6,7,0,5,6,7,3,5,6,3,6,4,5,3,6,5,5,2,5,5,4,3,7,6,3,7,3,4,6,7,2,4,6,
17,7,6,6,10,7,6,6,10,7,0,6,9,7,6,6,10,6,6,6,8,6,7,6,9,6,6,6,7,6,10,7,6,7,6,6,10,7,6,6,10,
16,7,4,4,7,7,3,5,7,7,0,6,7,7,3,6,7,4,6,5,6,4,7,6,6,3,5,6,5,3,7,7,4,7,4,5,7,7,3,5,7,
15,7,3,3,6,7,3,4,6,6,0,5,6,7,3,5,6,3,6,4,5,3,6,5,6,2,4,5,4,3,7,7,3,7,3,4,6,6,3,4,6,
15,7,3,3,7,7,2,4,7,7,0,5,7,7,3,5,7,3,6,5,5,3,7,5,6,2,5,5,4,3,7,7,3,7,3,4,7,7,2,5,7,
18,7,4,4,7,7,3,5,7,7,0,5,7,7,3,5,7,4,6,5,6,4,7,5,6,3,5,6,4,3,7,7,4,7,4,5,7,7,3,5,7,
17,7,3,3,7,7,2,4,7,7,0,5,7,7,3,5,7,3,6,5,5,3,7,5,6,2,4,5,4,3,7,7,3,7,3,4,7,7,2,5,7,
16,6,3,3,6,6,2,4,6,6,0,5,6,7,3,5,6,3,6,5,5,3,6,5,6,2,4,5,4,3,7,6,3,6,3,4,6,6,2,5,6,
16,7,5,3,7,7,3,4,7,7,0,4,7,7,3,4,7,4,6,4,6,4,7,4,6,2,5,5,4,3,7,7,3,7,5,4,7,7,3,4,7,
15,7,4,4,7,7,3,5,7,7,0,5,7,7,3,5,7,3,6,5,6,4,7,5,6,3,5,6,5,3,7,7,4,7,4,5,7,7,3,5,7,
16,7,4,2,7,7,3,4,7,7,0,4,7,7,3,4,7,3,6,4,5,4,7,4,6,2,5,4,4,3,7,7,2,7,4,4,7,7,3,4,7,
16,7,3,3,6,7,2,4,6,7,0,4,6,7,3,5,6,3,6,4,5,3,6,5,5,2,5,5,4,3,6,7,3,7,3,4,6,7,2,4,6,
16,7,3,3,7,7,2,4,7,7,0,5,6,7,3,5,7,3,6,5,5,3,7,5,6,2,5,5,4,3,7,7,3,7,3,4,7,7,3,5,7,
16,6,3,3,6,6,2,4,6,6,0,5,6,6,3,5,6,3,5,4,5,3,6,5,5,2,4,5,4,3,6,6,3,6,3,4,6,6,2,4,6,
15,6,3,3,6,7,2,4,6,6,0,5,6,7,3,5,6,3,6,5,5,3,6,5,5,2,4,5,4,3,7,6,3,7,3,4,6,6,2,5,6,
15,7,4,4,7,7,3,5,7,7,0,5,6,7,3,5,7,3,6,5,5,4,7,5,6,2,5,6,4,3,7,7,4,7,4,5,7,7,3,5,7,
16,7,4,4,7,7,3,5,7,7,0,5,7,7,3,5,7,3,6,5,6,4,7,6,6,3,5,6,5,3,7,7,4,7,4,5,7,7,3,5,7,
15,7,3,3,7,7,3,4,7,7,0,5,7,7,3,5,7,3,6,5,5,3,7,5,6,2,4,5,4,3,7,7,3,7,3,4,7,7,3,5,7,
15,6,3,3,6,6,2,4,6,6,0,4,6,6,3,4,6,3,5,4,5,3,6,5,5,2,4,5,4,2,6,6,3,6,3,4,6,6,2,4,6,
17,7,6,6,9,7,6,6,9,7,0,6,9,7,6,6,9,6,6,6,8,6,6,6,8,6,6,6,7,6,9,6,6,7,6,6,9,7,6,6,9,
18,6,3,3,6,6,2,4,6,6,0,5,6,6,2,5,6,3,5,4,5,3,6,5,5,2,4,5,4,2,6,6,3,6,3,4,6,6,2,5,6,
18,6,3,3,6,6,2,4,6,6,0,4,6,6,3,4,6,3,5,4,5,3,6,5,5,2,4,5,4,3,6,6,3,6,3,4,6,6,2,4,6,
15,7,3,3,7,7,2,4,7,7,0,4,7,7,3,4,7,3,6,4,6,4,6,4,6,2,5,5,4,3,7,7,3,7,3,4,7,7,2,4,7,
16,6,3,3,6,7,2,4,7,6,0,5,6,7,3,5,6,3,6,5,5,3,6,5,6,2,4,5,4,3,7,6,3,7,3,4,6,6,2,5,7,
16,6,3,3,6,6,2,4,6,6,0,4,6,7,3,4,6,3,5,4,5,3,6,5,5,2,4,5,4,3,6,6,3,6,3,4,6,6,2,4,6,
16,6,3,3,6,6,2,4,6,6,0,4,6,6,2,5,6,3,5,4,5,3,6,5,5,2,4,5,4,2,6,6,3,6,3,4,6,6,2,4,6,
15,6,4,4,6,7,3,5,7,6,0,5,7,7,3,5,6,3,6,5,5,3,6,5,6,2,5,6,4,3,7,6,4,7,4,5,6,7,3,5,7,
16,6,3,3,6,7,2,4,7,7,0,5,6,7,3,5,6,3,6,4,5,3,6,5,6,2,4,5,4,3,7,6,3,7,3,4,6,7,3,4,7,
17,7,5,5,8,7,5,5,8,7,0,5,8,7,5,5,8,5,6,5,7,5,7,6,7,5,5,6,6,5,9,7,5,7,5,5,8,7,5,5,8,
18,7,4,4,7,7,3,5,7,7,0,5,7,7,3,5,7,3,6,5,6,4,7,6,6,3,5,6,5,3,7,7,4,7,4,5,7,7,3,5,7,
15,6,3,2,6,6,2,3,6,6,0,4,6,6,3,4,6,3,5,4,5,3,6,4,5,2,4,4,4,2,7,6,2,6,3,3,6,6,2,4,6,
15,7,3,3,6,7,2,4,7,6,0,4,6,7,3,4,7,3,5,4,5,3,6,5,5,2,4,5,4,3,7,6,3,7,3,4,6,6,2,4,7,
15,6,3,3,6,6,2,4,6,6,0,4,6,6,2,5,6,3,5,4,5,3,6,5,5,2,4,5,4,2,7,6,3,6,3,4,6,6,2,4,6,
15,7,4,4,7,7,3,5,7,7,0,5,7,7,3,5,7,3,6,5,6,3,6,5,6,2,5,6,4,3,7,7,4,7,4,5,7,7,3,5,7,
15,7,4,4,7,7,3,4,7,7,0,5,7,7,3,5,7,3,6,5,6,3,6,5,6,2,5,5,4,3,7,6,3,7,4,4,7,7,3,5,7,
18,6,3,2,6,6,2,3,6,6,0,4,6,6,2,4,6,3,5,4,5,3,6,4,5,2,4,4,4,2,7,6,2,6,3,3,6,6,2,4,6,
16,7,4,4,7,7,3,5,7,7,0,5,7,7,3,5,7,3,6,5,6,3,7,5,6,2,5,6,4,3,7,7,4,7,4,5,7,7,3,5,7,
18,6,3,3,9,9,2,4,9,9,0,4,6,9,2,5,6,3,5,4,5,3,6,5,5,2,4,5,4,2,9,6,3,9,3,4,9,9,2,4,9,
16,6,4,5,6,6,3,6,6,6,0,7,6,7,3,7,6,3,5,7,5,4,6,7,5,2,4,7,4,3,6,6,5,6,4,6,6,6,3,7,6,
16,7,4,4,6,7,3,5,7,7,0,5,7,7,3,5,7,3,6,5,6,4,7,6,6,2,5,6,5,3,7,7,4,7,4,5,6,7,3,5,7,
17,6,3,3,6,6,2,4,6,6,0,4,6,6,2,5,6,3,5,4,5,3,6,5,5,2,4,5,4,2,6,6,3,6,3,4,6,6,2,4,6,
19,7,4,2,7,7,3,4,7,7,0,4,7,7,3,4,7,3,6,4,6,4,6,4,6,2,5,5,4,3,7,7,2,7,4,4,7,7,3,4,7,
16,6,4,3,6,6,2,4,6,6,0,4,6,7,3,4,6,3,6,4,5,3,6,5,6,2,4,5,4,3,6,6,3,6,4,4,6,6,2,4,6,
17,7,4,4,7,7,3,5,7,7,0,5,7,8,3,5,7,4,7,5,6,4,7,6,7,3,5,6,5,3,7,7,4,7,4,5,7,7,3,5,7,
16,6,3,3,6,6,2,4,6,6,0,4,6,6,2,5,6,3,5,4,5,3,6,5,5,2,4,5,4,2,6,6,3,6,3,4,6,6,2,4,6,
16,7,4,4,7,7,3,5,7,7,0,5,7,7,3,5,7,3,6,5,6,4,7,6,6,3,5,6,5,3,7,7,4,7,4,5,7,7,3,5,7,
16,7,4,4,7,7,3,5,7,7,0,5,7,7,3,5,7,3,6,5,6,4,7,5,6,3,5,6,5,3,7,6,4,7,4,5,7,7,3,5,7,
16,7,3,3,6,7,2,4,7,7,0,4,6,7,3,4,6,3,6,4,5,3,6,5,6,2,4,5,4,3,7,7,3,7,3,4,6,6,3,4,7,
16,7,4,3,7,7,3,5,7,7,0,5,6,7,3,5,7,3,6,5,5,3,7,5,6,2,5,6,4,3,7,7,4,7,4,5,7,7,2,5,7,
15,6,3,3,7,7,2,4,7,6,0,5,6,7,3,5,6,3,6,5,5,3,6,5,6,2,5,5,4,3,7,6,3,7,3,4,7,6,2,5,7,
15,7,4,4,7,7,3,5,7,7,0,6,7,7,3,6,7,3,6,5,6,4,7,6,6,3,5,6,5,3,7,7,4,7,4,5,7,7,3,6,7,
16,6,3,3,6,6,2,4,7,6,0,5,6,7,3,5,6,3,6,4,5,3,6,5,6,2,4,5,4,3,7,6,3,6,3,4,6,6,2,5,7,
17,7,3,3,7,7,3,4,7,6,0,5,6,7,3,5,6,3,6,5,5,3,6,5,6,2,5,5,4,3,7,7,3,7,3,4,7,7,3,5,7,
15,7,4,4,7,7,3,5,7,7,0,5,7,7,3,5,7,4,6,5,6,4,7,6,6,3,5,6,5,3,7,7,4,7,4,5,7,7,3,5,7,
17,6,3,3,6,6,2,4,7,6,0,5,6,7,3,5,6,3,6,4,5,3,6,5,6,2,5,5,4,3,6,6,3,6,3,4,6,6,2,5,6,
15,7,4,3,7,7,2,4,7,7,0,4,7,7,3,4,6,3,6,4,6,3,7,4,6,2,5,5,4,3,7,7,3,7,4,4,7,7,2,4,7,
15,7,3,3,7,7,2,4,7,7,0,5,6,7,3,5,7,3,6,5,5,3,7,5,6,2,4,5,4,3,7,7,3,7,3,4,7,7,2,5,7,
16,7,4,4,7,7,3,5,7,7,0,5,7,7,3,6,7,4,6,5,6,4,7,6,6,3,5,6,5,3,7,7,4,7,4,5,7,7,3,5,7,
16,7,4,4,7,7,3,5,7,7,0,5,7,7,3,5,6,3,6,5,6,4,7,6,6,3,5,6,5,3,7,7,4,7,4,5,7,7,3,5,7,
21,9,6,3,9,9,3,4,9,9,0,4,9,9,5,4,9,6,8,4,8,6,9,5,8,3,7,5,7,6,9,9,3,9,6,4,9,9,3,4,9,
16,7,3,3,7,7,2,4,7,7,0,4,7,7,3,5,6,3,6,4,5,3,7,5,6,2,4,5,4,3,7,7,3,7,3,4,7,7,2,4,7,
16,6,3,3,6,6,2,4,6,6,0,4,6,6,2,5,6,3,6,4,5,3,6,5,6,2,4,5,4,2,6,6,3,6,3,4,6,6,2,4,6,
19,7,4,4,7,7,3,5,7,7,0,5,7,7,3,5,7,3,6,5,6,4,7,5,6,3,5,6,5,3,7,7,4,7,4,5,7,7,3,5,7,
15,6,3,3,6,6,2,4,6,6,0,4,6,6,2,4,6,3,6,4,6,3,6,5,6,2,4,5,4,2,6,6,3,6,3,4,6,6,2,4,6,
14,7,4,4,7,7,3,5,7,7,0,5,7,7,3,5,7,3,6,5,6,4,7,5,6,3,5,6,5,3,7,7,4,7,4,5,7,7,3,5,7,
16,7,4,3,7,7,3,4,7,7,0,5,7,7,3,5,7,4,6,5,6,4,7,5,6,3,5,5,5,3,7,7,3,7,4,4,7,7,3,5,7,
15,6,4,3,6,6,2,4,7,7,0,4,6,7,3,4,6,3,6,4,5,3,6,5,6,2,4,5,4,2,7,6,3,6,4,4,6,6,2,4,7,
15,7,4,4,7,7,3,5,7,7,0,5,7,7,3,5,7,4,6,5,6,4,7,6,6,3,5,6,5,3,7,7,4,7,4,5,7,7,3,5,7,
15,6,3,3,6,6,2,4,7,6,0,4,6,7,2,4,6,3,6,4,5,3,6,5,6,2,4,5,4,2,6,6,3,6,3,4,6,6,2,4,7,
17,8,6,5,8,8,5,6,8,8,0,6,8,9,5,6,8,5,8,6,7,5,8,7,7,5,6,7,6,5,8,8,5,8,6,6,8,8,5,6,8,
15,6,4,4,6,6,2,4,7,6,0,4,6,7,3,5,6,4,6,4,5,4,6,5,6,2,4,5,4,3,7,6,4,6,4,4,6,6,3,4,7,
16,6,3,3,6,6,2,4,6,6,0,4,6,6,2,5,6,3,5,4,5,3,6,5,6,2,4,5,4,2,6,6,3,6,3,4,6,6,2,4,6,
18,7,4,4,7,7,3,5,7,7,0,5,7,7,3,5,6,3,6,5,6,4,7,6,6,3,5,6,5,3,7,7,4,7,4,5,7,7,3,5,7,
15,6,4,4,6,6,2,4,7,6,0,5,6,7,3,5,6,3,6,4,5,4,6,5,6,2,4,5,4,3,7,6,4,6,4,4,6,6,2,5,7,
16,6,3,3,6,6,2,4,7,6,0,5,6,7,2,5,6,3,5,4,5,3,6,5,6,2,4,5,4,2,7,6,3,6,4,4,6,6,2,5,7,
16,7,4,4,7,7,3,6,7,7,0,6,7,7,3,6,7,3,6,6,6,4,6,6,6,3,6,6,5,3,7,7,4,7,4,6,7,7,3,6,7,
18,7,4,4,7,7,3,5,7,7,0,6,7,7,3,6,7,3,6,6,6,4,7,6,6,3,6,6,5,3,7,7,4,7,4,5,7,7,3,6,7,
16,7,4,4,7,7,3,5,7,7,0,6,7,8,4,6,6,4,6,5,6,4,7,6,6,3,6,6,5,3,7,7,4,7,4,5,7,7,3,6,7,
16,6,3,3,6,7,2,4,6,7,0,5,6,7,3,5,6,3,6,5,5,3,6,5,6,2,5,5,4,3,6,6,3,7,3,4,6,7,2,5,6,
17,7,4,4,7,7,3,5,7,6,0,6,7,7,3,6,6,3,6,6,6,4,6,6,6,3,5,6,5,3,7,7,4,7,4,5,7,6,3,6,7,
15,7,4,4,7,7,3,6,7,7,0,6,7,7,3,6,6,4,6,6,6,4,7,6,7,3,5,6,5,4,7,7,4,7,4,5,7,7,3,6,7,
14,7,4,3,7,7,3,4,7,7,0,4,6,7,3,4,6,3,6,4,5,4,7,5,6,3,5,5,4,3,7,7,3,7,4,4,7,7,3,4,7,
16,7,4,4,7,7,3,5,7,7,0,5,7,8,4,5,7,4,7,5,6,4,7,6,7,3,5,6,5,3,7,7,4,7,4,5,7,7,4,5,7,
15,6,3,3,6,6,2,6,6,6,0,6,6,7,3,7,6,3,6,6,5,3,6,7,6,2,4,7,4,3,6,6,3,6,3,6,6,6,2,6,6,
15,7,4,4,7,7,3,5,7,7,0,5,7,7,3,5,7,3,6,5,6,4,7,5,6,3,5,6,5,3,7,7,4,7,4,5,7,7,3,5,7,
18,6,3,3,6,7,3,4,7,6,0,5,6,7,3,5,6,3,6,4,5,3,6,5,6,2,5,5,4,3,7,6,3,7,3,4,6,6,3,4,7,
15,4,1,1,5,4,0,2,5,4,0,2,5,5,0,2,5,1,3,2,4,1,4,3,4,0,2,3,2,0,5,4,1,4,1,2,5,4,0,2,5,
15,6,3,3,7,6,2,4,7,6,0,4,6,7,3,5,6,3,6,4,5,3,6,5,6,2,5,5,4,3,7,6,3,7,3,4,7,6,3,4,7,
17,8,4,3,7,9,3,4,7,9,0,5,7,9,3,5,6,3,8,5,5,3,8,5,6,2,5,6,4,3,7,8,3,9,4,4,7,9,3,5,7,
15,7,3,3,7,7,3,4,7,7,0,5,6,7,3,5,6,3,6,4,5,3,6,5,6,2,5,5,4,3,7,7,3,7,4,4,7,7,3,5,7,
16,7,4,3,7,7,3,4,7,7,0,4,7,7,3,5,7,3,6,4,6,4,7,5,6,3,5,5,5,3,7,7,3,7,4,4,7,7,3,4,7,
16,7,4,4,7,7,3,5,7,7,0,5,7,7,3,6,6,3,6,5,6,4,7,6,6,3,5,6,5,3,7,7,4,7,4,5,7,7,3,5,7,
15,7,4,3,7,7,2,4,7,7,0,5,7,7,3,5,6,3,6,5,5,3,7,5,6,2,5,5,4,3,7,7,3,7,4,4,7,7,2,5,7,
16,7,4,4,7,7,3,5,7,7,0,5,7,7,3,5,7,3,6,5,6,4,7,6,6,3,5,6,5,3,7,7,4,7,4,5,7,7,3,5,7,
38,29,4,4,7,29,3,5,7,29,0,5,7,30,4,5,7,4,28,5,6,4,29,6,7,3,27,6,5,3,7,29,4,29,4,5,7,29,3,5,7,
17,9,7,3,9,9,3,5,9,9,0,5,9,9,6,5,8,6,8,5,8,6,9,5,8,3,7,6,6,6,9,9,3,9,7,5,9,9,5,5,9,
16,6,4,3,6,6,2,4,7,6,0,5,6,7,3,5,6,3,6,5,5,3,6,5,6,2,4,5,4,3,7,6,3,6,4,4,6,6,2,5,7,
15,6,3,3,6,6,2,4,6,6,0,5,6,6,2,5,6,3,6,4,5,3,6,5,6,2,4,6,4,3,6,6,3,6,3,4,6,6,2,5,6,
21,6,3,3,7,7,3,5,7,6,0,5,6,7,3,5,6,3,6,5,5,3,6,5,6,2,4,5,4,3,7,7,3,7,3,5,7,6,3,5,7,
16,7,3,3,6,8,2,4,6,8,0,4,6,8,3,4,5,3,7,4,5,3,7,5,5,2,6,5,4,2,6,8,3,8,3,4,6,8,2,4,6,
15,6,3,3,6,6,3,4,7,6,0,4,6,6,3,5,6,3,6,4,5,3,6,5,6,2,4,5,4,3,7,6,3,6,3,4,6,6,3,4,7,
17,6,3,3,7,7,2,4,7,6,0,5,6,7,3,5,6,3,6,5,5,3,6,5,6,2,4,5,4,3,7,6,3,6,3,4,7,6,2,5,7,
15,6,4,3,7,7,2,5,7,7,0,5,7,7,3,5,6,3,6,5,5,3,6,5,6,2,5,6,4,3,7,6,3,7,4,5,7,7,3,5,7,
15,6,4,3,7,7,2,4,7,6,0,4,7,7,3,5,6,3,6,4,5,3,6,5,6,2,4,5,4,3,7,6,3,7,4,4,7,6,2,4,7,
19,7,4,4,9,7,2,7,10,7,0,7,9,7,3,7,9,3,7,7,8,4,7,7,9,2,7,7,7,3,10,7,4,7,4,7,9,7,2,7,10,
20,7,4,3,9,7,3,4,9,7,0,7,9,7,3,7,8,3,7,7,8,3,7,7,8,2,7,7,7,3,9,7,3,7,4,4,9,7,3,7,9,
15,7,3,3,7,7,3,4,7,7,0,5,7,7,3,5,7,3,6,5,6,3,6,5,6,2,4,5,4,3,7,7,3,7,3,4,7,6,3,5,7,
16,7,4,4,7,7,3,5,7,7,0,5,7,7,3,5,7,4,6,5,6,4,7,6,6,3,5,6,5,3,7,7,4,7,4,5,7,7,3,5,7,
15,7,4,4,7,7,3,5,7,7,0,5,7,7,3,5,6,3,6,5,6,3,6,6,6,2,5,6,4,3,7,7,4,7,4,5,7,7,3,5,7,
18,7,4,4,7,7,3,5,7,7,0,5,7,7,3,5,7,3,6,5,6,4,6,6,6,3,5,6,5,3,7,7,4,7,4,5,7,7,3,5,7,
16,7,4,4,7,7,3,4,7,6,0,5,7,7,3,5,7,3,6,5,6,4,6,6,6,3,5,6,5,3,7,7,4,7,4,4,7,7,3,5,7,
16,6,3,3,6,6,2,4,6,6,0,5,6,6,3,5,6,3,6,4,6,3,6,6,6,2,4,6,4,3,6,6,3,6,3,4,6,6,2,5,6,
17,7,4,4,7,7,3,5,7,7,0,6,7,7,3,6,7,4,6,5,6,4,6,6,6,3,5,6,5,3,7,7,4,7,4,5,7,7,3,6,7,
16,6,3,3,6,6,2,4,6,6,0,5,6,7,3,5,6,3,6,5,5,3,6,5,6,2,4,5,4,3,7,6,3,6,3,4,6,6,2,5,6,
15,7,4,4,7,7,3,5,7,7,0,5,7,7,3,5,7,4,7,5,6,4,7,6,7,3,5,6,5,4,7,7,4,7,4,5,7,7,3,5,7,
16,6,3,3,6,6,2,4,6,6,0,5,6,7,2,5,6,3,6,4,5,3,6,5,6,2,4,5,4,3,6,6,3,6,3,4,6,6,2,4,6,
36,6,3,3,27,6,2,4,28,6,0,5,7,7,3,5,6,3,6,5,5,3,6,5,27,2,4,5,4,3,7,6,3,6,3,4,27,6,2,5,28,
18,9,3,3,7,9,2,4,7,9,0,5,7,9,3,5,7,3,9,5,5,3,9,5,6,2,4,5,4,3,7,9,3,9,3,4,7,9,2,5,7,
16,7,4,3,7,7,3,5,7,7,0,5,6,7,3,5,6,3,6,5,5,3,7,6,6,2,5,6,4,3,7,7,3,7,4,5,6,7,3,5,7,
15,6,4,3,6,7,3,4,7,6,0,5,6,7,3,5,6,3,6,4,5,3,6,5,6,2,5,5,4,3,7,6,3,7,4,4,6,6,3,5,7,
33,7,26,4,7,7,3,6,7,7,0,6,7,7,4,6,7,24,6,6,6,25,7,6,6,3,6,6,6,24,7,7,4,7,26,6,7,7,3,6,7,
16,7,4,3,7,7,3,4,7,7,0,5,7,7,3,5,7,3,6,5,6,4,7,5,6,2,5,5,4,3,7,7,3,7,4,4,7,7,3,5,7,
40,9,4,3,10,9,3,4,10,9,0,5,10,9,3,5,9,3,9,5,31,3,9,8,9,2,5,9,4,3,10,9,3,9,4,4,10,9,3,5,10,
15,6,3,4,6,6,2,6,6,6,0,6,6,6,3,6,6,3,6,6,4,3,6,6,5,2,4,6,3,3,6,6,4,6,3,6,6,6,2,6,6,
20,6,3,3,6,7,2,4,6,6,0,5,6,7,3,5,6,3,6,5,5,3,6,5,5,2,4,5,4,3,6,6,3,7,3,4,6,6,2,5,6,
16,7,4,4,7,7,3,5,7,7,0,6,7,7,3,6,7,3,7,5,6,4,7,6,6,3,5,6,5,3,7,7,4,7,4,5,7,7,3,6,7,
16,7,4,4,7,7,3,5,7,7,0,6,7,7,3,6,7,3,6,5,6,4,7,6,6,3,5,6,4,3,8,7,4,7,4,5,7,7,3,6,7,
24,8,4,3,8,9,3,4,7,8,0,5,8,9,3,5,8,3,8,5,7,3,8,5,6,2,5,5,5,3,8,8,3,9,4,4,8,8,3,5,7,
16,7,4,4,7,7,3,5,7,7,0,5,7,7,3,6,7,3,6,5,6,4,7,6,6,3,5,6,5,3,7,7,4,7,4,5,7,7,3,5,7,
15,6,4,3,6,7,3,4,6,7,0,4,6,7,3,5,6,3,6,4,5,4,6,4,6,3,5,5,4,3,7,6,3,7,4,4,6,7,3,4,6,
16,6,3,3,6,6,3,4,6,6,0,5,6,7,3,5,6,3,6,4,5,3,6,5,5,2,4,5,4,3,6,6,3,6,3,4,6,6,3,5,6,
16,7,4,3,7,7,3,4,7,7,0,4,7,7,4,5,6,4,6,4,6,4,7,5,6,3,5,5,5,4,7,7,3,7,4,4,7,7,3,4,7,
14,6,4,4,7,7,3,4,7,7,0,5,7,7,3,5,7,4,6,5,6,4,6,5,6,3,5,5,5,3,7,6,4,7,4,4,7,7,3,5,7,
15,7,3,3,7,7,2,4,6,6,0,5,6,7,3,5,6,3,6,5,5,3,6,5,6,2,5,5,4,3,6,7,3,7,3,4,7,6,2,5,6,
15,6,3,3,6,6,2,4,6,6,0,4,6,7,3,4,6,3,5,4,5,3,6,5,6,2,4,5,4,3,6,6,3,6,3,4,6,6,2,4,6,
16,6,3,3,6,7,2,4,6,6,0,5,6,7,3,5,6,3,6,5,5,3,6,5,5,2,4,5,4,3,6,6,3,7,3,4,6,6,2,5,6,
15,6,3,2,7,7,2,3,6,6,0,4,6,7,3,4,6,3,6,4,5,3,6,4,5,2,4,4,4,3,7,6,2,7,3,3,7,7,2,4,6,
15,7,5,2,7,7,3,3,7,6,0,4,7,7,3,4,7,4,6,4,5,4,7,4,6,2,5,5,4,3,7,7,3,7,5,3,7,6,3,4,7,
17,8,4,4,7,8,3,5,7,7,0,5,7,8,3,5,7,4,7,5,6,4,7,5,6,3,5,6,5,3,7,7,4,8,4,5,7,7,3,5,7,
38,7,4,4,7,7,3,5,7,7,0,5,7,7,3,5,7,4,6,27,6,4,7,6,6,3,5,6,5,3,7,7,4,7,4,5,7,7,3,5,7,
17,6,4,4,6,7,2,5,7,6,0,5,6,7,3,5,6,3,6,5,5,3,7,6,6,2,5,6,4,3,7,6,4,7,4,5,6,7,2,5,7,
15,6,4,5,6,6,3,6,6,6,0,6,6,7,3,7,6,4,6,6,5,4,6,7,5,2,5,7,4,3,6,6,5,6,4,6,6,6,3,6,6,
17,7,4,4,7,7,3,5,7,7,0,5,7,8,3,5,7,4,6,5,6,4,7,5,6,3,5,6,5,4,7,7,4,7,4,5,7,7,3,5,7,
16,7,4,3,7,7,3,5,7,6,0,5,7,7,3,5,6,3,6,5,6,3,7,5,6,3,5,5,5,3,7,7,3,7,4,5,7,7,3,5,7,
15,7,4,3,7,7,3,4,7,6,0,5,6,7,3,5,6,3,6,5,5,3,6,5,6,2,5,5,4,3,7,7,3,7,4,4,7,6,3,5,6,
15,6,3,2,6,7,2,4,6,6,0,4,6,7,3,4,6,3,6,4,5,3,6,4,6,2,4,4,4,3,7,6,3,6,3,4,6,6,2,4,6,
16,6,3,3,6,6,2,4,6,6,0,4,6,6,2,5,6,3,5,4,5,3,6,5,6,2,4,5,4,2,6,6,3,6,3,4,6,6,2,4,6,
16,7,4,3,7,7,3,4,7,7,0,4,7,7,3,5,7,3,6,4,6,4,6,5,6,3,5,5,5,3,7,7,3,7,4,4,7,7,3,4,7,
15,7,4,3,7,7,3,5,7,7,0,5,7,7,3,5,7,3,6,5,6,3,6,5,6,3,5,5,5,3,7,7,3,7,4,5,7,7,3,5,7,
15,7,4,3,7,7,3,4,7,6,0,5,7,7,3,5,7,3,6,5,6,4,6,5,6,2,5,5,4,3,7,6,3,7,4,4,7,6,3,5,7,
15,6,4,3,7,7,3,4,7,6,0,5,6,7,3,5,7,3,6,5,5,3,6,5,6,2,5,5,4,3,7,6,3,7,4,4,7,6,3,4,7,
21,7,4,4,7,7,3,5,7,7,0,5,7,7,3,5,7,3,6,5,6,4,7,5,6,3,5,5,5,3,7,7,4,7,4,5,7,7,3,5,7,
15,6,3,2,7,7,2,3,7,6,0,4,7,7,2,4,7,3,6,4,6,3,6,4,6,2,5,5,5,3,7,7,2,7,3,3,7,6,2,4,7,
15,6,4,2,6,6,2,3,6,6,0,4,6,7,3,4,6,3,6,4,6,3,6,4,6,2,5,5,5,3,7,6,2,6,3,3,6,6,2,3,6,
34,6,4,3,6,6,3,4,7,6,0,5,7,7,3,5,6,3,6,5,6,3,6,24,6,2,5,6,5,3,7,6,3,6,4,4,6,6,3,5,7,
15,6,4,3,7,7,3,5,7,6,0,5,7,7,3,6,7,3,6,5,6,4,6,6,6,3,5,6,5,3,7,6,3,7,4,5,7,6,3,5,7,
36,7,5,3,28,7,2,5,28,7,0,5,28,8,2,5,27,3,7,5,26,3,7,5,27,2,5,5,26,3,28,7,3,7,3,5,28,7,3,5,28,
15,7,4,3,7,7,2,4,7,7,0,4,7,7,3,4,7,3,6,4,6,4,7,4,6,2,5,5,4,3,7,7,3,7,4,4,7,7,3,4,7,
41,30,3,3,9,31,2,4,9,8,0,4,9,9,3,4,9,3,30,4,5,3,9,5,8,2,4,5,4,3,9,30,3,31,3,4,9,9,2,4,9,
15,6,4,5,5,6,2,6,5,6,0,6,5,7,2,6,5,3,5,6,4,3,6,6,5,2,4,7,3,2,6,6,5,6,4,6,5,6,2,6,5,
16,6,3,2,6,6,2,3,6,6,0,3,6,6,3,4,6,3,5,3,5,3,6,4,5,2,4,4,4,3,6,6,2,6,3,3,6,6,2,3,6,
16,7,4,4,7,7,3,5,7,7,0,5,7,7,3,6,7,4,6,5,6,4,7,6,6,3,5,6,5,3,7,7,4,7,4,5,7,7,3,5,7,
19,6,3,3,6,6,2,5,6,6,0,5,6,7,2,5,6,3,6,5,5,3,6,5,5,2,5,5,4,2,6,6,3,6,3,5,6,6,2,5,6,
16,7,4,3,7,7,3,4,7,7,0,4,7,7,3,4,7,4,6,4,6,4,7,5,6,3,6,6,5,3,7,7,3,7,4,4,7,7,3,4,7,
22,6,4,3,7,7,3,5,7,6,0,5,7,7,3,5,6,3,6,5,5,3,6,5,6,2,5,6,4,3,7,6,3,7,4,5,7,6,3,5,7,
16,7,4,4,7,7,3,6,7,7,0,6,7,7,3,6,7,4,6,6,6,4,7,6,6,3,5,6,5,3,7,7,4,7,4,6,7,7,3,6,7,
34,7,25,4,7,7,2,5,7,6,0,5,7,7,3,5,6,3,6,5,6,24,6,5,6,2,5,6,4,3,7,7,4,7,25,5,7,6,3,5,7,
15,6,4,4,7,7,3,5,7,6,0,5,7,7,3,5,7,4,6,5,6,4,6,6,6,3,5,6,5,3,7,7,4,7,4,5,7,6,3,5,7,
15,7,4,4,7,7,2,5,7,7,0,5,7,7,3,5,6,3,6,5,6,4,7,6,6,2,5,6,4,3,7,7,4,7,4,5,7,7,2,5,7,
15,6,3,4,7,7,2,5,6,7,0,5,6,7,3,5,6,3,6,5,6,3,7,6,6,2,5,6,4,3,7,6,4,7,3,5,7,7,2,5,6,
15,6,4,4,7,7,2,5,6,6,0,5,7,7,3,5,6,3,6,5,6,4,6,5,6,2,5,6,4,3,7,7,4,7,4,5,7,6,2,5,7,
32,7,5,4,7,7,3,5,7,7,0,5,7,7,23,5,7,4,6,5,6,4,7,6,6,3,5,6,5,3,7,7,4,7,5,5,7,7,3,5,7,
15,7,4,3,7,7,3,4,7,6,0,5,7,7,3,5,7,3,6,5,6,4,6,5,6,2,5,5,4,3,7,6,3,7,4,4,7,6,3,5,7,
40,6,4,3,6,6,3,4,7,6,0,4,27,7,3,5,6,3,6,4,5,4,6,5,6,2,4,5,4,3,28,6,3,6,4,4,6,6,2,4,7,
35,7,4,4,7,7,3,5,7,7,0,5,7,7,3,6,27,3,6,5,6,4,7,6,6,3,5,6,5,3,7,7,4,7,4,5,7,7,3,5,7,
16,7,4,3,7,7,3,4,7,7,0,4,7,7,3,5,7,4,6,4,6,4,7,5,6,3,5,5,5,3,8,7,3,7,4,4,7,7,3,4,7,
18,7,4,3,7,7,3,4,7,7,0,4,7,7,3,4,7,4,6,4,6,4,7,5,6,3,5,5,4,3,7,7,3,7,4,4,7,7,3,4,7,
17,7,4,3,7,7,3,4,7,7,0,5,7,7,3,5,7,3,6,5,6,4,7,5,6,3,5,8,5,3,7,7,3,7,4,4,7,7,3,5,7,
15,7,4,2,7,7,2,4,6,7,0,4,6,7,3,4,7,3,6,4,5,4,7,4,6,2,5,5,4,3,7,7,2,7,4,4,7,7,3,4,6,
16,7,4,4,7,7,4,5,7,7,0,5,7,7,4,5,7,4,7,5,5,4,7,5,6,4,5,6,4,3,7,7,4,7,4,5,7,7,4,5,7,
16,7,7,3,7,7,3,4,7,7,0,4,7,7,4,5,7,4,6,4,6,4,7,5,6,3,5,5,5,4,7,7,3,7,7,4,7,7,3,4,7,
15,7,4,3,7,7,3,4,7,7,0,5,7,7,3,5,7,4,6,4,6,4,7,5,6,3,5,5,4,3,7,7,3,7,4,4,7,7,3,4,7,
16,7,4,3,7,7,3,4,7,6,0,5,7,7,3,5,7,3,6,4,6,4,7,5,6,3,5,5,4,3,7,7,3,7,4,4,7,6,3,4,7,
15,6,4,3,6,6,2,4,6,6,0,4,6,7,3,5,6,3,6,5,5,4,6,5,6,2,5,5,4,3,7,6,3,6,4,4,6,6,2,4,6,
19,8,4,3,7,9,3,4,7,8,0,4,7,9,3,4,7,4,8,4,6,4,8,5,6,3,7,5,4,3,7,8,3,9,4,4,7,8,3,4,7,
15,6,4,2,6,6,2,3,6,6,0,4,6,6,3,4,6,3,6,4,5,4,6,4,5,2,4,4,4,2,6,6,2,6,4,4,6,6,2,4,6,
15,6,4,3,6,6,2,4,6,6,0,4,6,6,3,5,6,3,6,4,5,4,6,5,6,2,4,5,4,3,7,6,3,6,4,4,6,6,3,4,6,
16,7,4,3,6,7,3,4,7,6,0,4,6,7,3,4,6,3,6,4,5,3,6,4,6,2,5,5,4,3,7,7,3,7,4,4,6,7,3,4,7,
15,7,4,3,7,7,3,4,6,6,0,4,6,7,3,4,7,3,6,4,6,4,7,4,6,2,5,5,4,3,7,7,3,7,4,4,7,6,3,4,7,
16,7,4,3,7,7,3,4,7,6,0,5,7,7,3,5,7,3,6,5,6,3,6,5,6,2,5,5,4,3,7,6,3,7,4,4,7,6,3,5,7,
18,7,4,3,7,7,3,4,7,7,0,4,7,7,3,4,7,3,6,4,6,4,7,4,6,2,5,5,4,3,7,7,3,7,4,4,7,7,3,4,7,
15,7,4,4,7,7,3,4,7,6,0,5,7,7,3,5,7,4,6,5,6,4,6,5,6,3,5,5,5,3,7,7,4,7,4,5,7,6,3,5,7,
15,6,3,2,6,6,2,3,6,6,0,3,6,6,3,4,6,3,5,3,5,3,6,4,5,2,4,4,4,3,7,6,2,6,3,3,6,6,2,3,6,
16,7,4,4,7,7,3,5,7,7,0,5,7,7,4,5,7,4,6,5,6,4,7,5,6,3,5,6,5,4,7,7,4,7,4,5,7,7,3,5,7,
16,7,5,5,7,7,3,5,7,7,0,5,7,7,3,5,7,4,6,5,6,5,7,5,6,3,5,6,5,3,7,7,5,7,5,5,7,7,3,5,7,
17,6,4,4,7,7,3,4,7,6,0,5,7,7,3,5,7,4,6,5,5,4,6,5,6,2,5,5,4,3,7,6,4,7,4,4,7,6,3,5,7,
16,7,4,3,7,7,3,4,7,7,0,4,7,7,3,4,7,4,6,4,6,4,6,5,6,3,5,5,5,3,7,7,3,7,4,4,7,7,3,4,7,
32,7,4,3,7,7,3,4,7,7,0,4,7,7,3,5,7,24,6,4,6,4,6,5,6,3,5,5,5,3,7,7,3,7,4,4,7,7,3,4,7,
20,9,7,3,9,9,7,4,9,9,0,5,9,10,7,5,9,7,9,5,8,7,9,5,8,3,7,5,7,7,9,9,3,9,7,4,9,9,7,5,9,
16,7,4,4,7,7,3,5,7,7,0,5,7,7,4,6,7,4,7,5,6,4,7,6,6,3,5,6,5,4,7,7,4,7,4,5,7,7,3,5,7,
15,7,4,4,7,7,3,5,7,8,0,5,7,7,3,5,7,3,6,5,6,3,7,5,6,2,5,6,4,3,7,7,4,7,4,5,7,8,3,5,7,
16,7,4,4,7,7,3,5,7,7,0,5,6,7,3,5,7,3,6,5,5,3,6,5,6,2,5,6,4,3,7,7,4,7,4,5,7,6,3,5,7,
15,6,3,3,6,6,2,4,6,6,0,4,6,7,2,5,6,2,6,4,5,3,6,5,5,2,4,5,4,2,6,6,3,6,3,4,6,6,2,4,6,
17,7,4,3,7,7,3,4,7,7,0,4,7,7,3,4,7,3,6,4,6,4,7,4,6,3,5,5,4,3,7,7,3,7,4,4,7,7,3,4,7,
15,7,4,4,7,7,3,5,7,7,0,5,7,7,3,5,7,3,7,5,6,4,7,5,6,3,5,6,4,3,7,7,4,7,4,5,7,7,3,5,7,
35,7,4,2,7,7,27,4,7,6,0,4,6,7,27,4,7,4,6,4,5,4,7,4,6,26,5,5,4,3,7,7,2,7,4,4,7,6,27,4,7,
15,7,4,4,7,7,3,5,7,7,0,5,7,7,3,5,7,3,6,5,5,4,7,5,6,2,5,6,4,3,7,7,4,7,4,5,7,7,3,5,7,
15,7,4,4,7,7,3,5,7,7,0,5,6,7,3,5,7,3,6,5,6,3,7,5,6,2,5,6,4,3,7,7,4,7,4,5,7,7,3,5,7,
15,6,3,3,6,7,2,4,6,6,0,5,6,7,2,5,6,3,6,5,5,3,6,5,5,2,4,5,4,2,7,6,3,7,3,4,6,6,2,4,6,
16,7,4,4,7,7,3,5,7,7,0,5,7,7,3,5,7,3,6,5,6,4,6,5,6,3,5,6,5,3,7,7,4,7,4,5,7,7,3,5,7,
15,7,4,4,7,7,3,5,7,7,0,5,7,7,3,6,7,3,6,5,6,4,7,6,6,3,5,6,5,3,7,7,4,7,4,5,7,7,3,5,7,
19,7,3,3,7,7,3,4,7,6,0,5,6,7,3,5,6,3,6,5,5,3,6,5,6,2,5,5,4,3,7,7,3,7,3,4,7,6,2,4,7,
16,7,4,4,7,7,3,5,7,7,0,5,7,7,3,6,7,4,6,5,6,4,6,6,6,3,5,6,5,3,7,7,4,7,4,5,7,7,3,5,7,
16,7,4,4,7,7,3,5,7,7,0,5,7,7,3,5,7,3,6,5,6,4,7,6,6,3,5,6,5,3,7,7,4,7,4,5,7,7,3,5,7,
18,7,6,4,7,7,3,5,7,7,0,5,7,7,3,5,7,3,6,5,6,4,7,6,6,3,5,6,5,3,7,7,4,7,6,5,7,7,3,5,7,
16,6,4,2,6,6,2,4,6,6,0,4,6,6,3,4,6,3,6,4,5,4,6,4,6,2,4,4,4,3,6,6,2,6,4,4,6,6,2,4,6,
14,7,4,3,7,7,3,4,7,7,0,5,7,7,3,5,7,3,6,5,6,4,7,5,6,3,5,5,5,3,7,7,3,7,5,4,7,7,3,5,7,
15,6,4,3,6,7,2,4,6,6,0,5,6,7,3,5,6,3,6,5,5,3,6,5,6,2,4,5,4,3,7,6,3,6,4,4,6,6,2,5,6,
15,6,4,3,6,7,3,4,7,6,0,5,6,7,3,5,7,3,6,4,5,3,6,5,6,2,5,5,4,3,7,6,3,7,4,4,6,6,3,4,7,
15,7,4,4,7,7,3,5,7,7,0,5,7,7,3,5,7,3,6,5,6,4,7,5,6,3,5,6,5,3,7,7,4,7,4,5,7,7,3,5,7,
16,7,4,3,6,8,3,4,6,7,0,5,6,8,3,5,6,3,7,5,5,3,7,5,6,2,6,6,4,3,6,7,3,8,4,4,6,8,3,5,6,
15,6,3,2,6,6,2,4,6,6,0,4,6,7,3,4,6,3,6,4,6,3,6,4,6,2,4,5,4,2,7,6,2,6,3,4,6,6,2,4,6,
17,6,3,3,7,6,2,4,7,6,0,4,6,7,3,4,6,3,5,4,5,3,6,4,6,2,4,5,4,2,7,6,2,6,3,4,7,6,2,4,7,
15,7,4,3,7,7,3,4,7,7,0,4,7,7,3,5,7,3,6,4,5,4,7,5,6,3,5,5,4,3,7,7,3,7,4,4,7,7,3,4,7,
14,7,4,4,7,7,3,5,7,7,0,5,7,7,3,5,7,3,6,5,6,4,7,5,6,3,5,6,5,3,7,7,4,7,4,5,7,7,3,5,7,
17,6,3,3,6,7,3,4,6,6,0,4,6,7,3,4,6,3,6,4,5,3,6,5,6,2,5,5,4,3,7,6,3,7,3,4,6,6,3,4,6,
15,7,4,3,7,7,3,4,7,6,0,4,7,7,3,5,7,3,6,4,6,4,7,5,6,3,5,5,4,3,7,7,3,7,4,4,7,6,3,4,7,
16,6,2,2,6,6,2,3,6,5,0,3,5,6,2,4,6,2,5,3,4,2,5,4,5,1,4,4,3,2,6,6,2,6,2,3,6,5,2,3,6,
16,7,4,3,7,7,3,4,7,7,0,4,7,7,3,4,7,3,6,4,6,4,6,4,6,3,5,5,5,3,7,7,3,7,4,4,7,7,3,4,7,
18,7,4,4,7,7,3,5,7,7,0,5,7,7,3,6,7,4,6,5,6,4,7,6,6,3,5,6,5,3,7,7,4,7,4,5,7,7,3,5,7,
19,7,4,4,7,7,3,5,7,7,0,5,7,7,3,6,7,4,6,5,6,4,7,6,6,3,5,6,5,3,7,7,4,7,4,5,7,7,3,5,7,
16,6,4,2,6,6,2,4,6,6,0,4,6,6,3,4,6,3,6,4,5,4,6,4,5,2,4,4,4,2,6,6,2,6,4,4,6,6,2,4,6,
37,7,4,4,7,7,3,5,7,7,0,5,7,7,3,28,7,3,6,5,6,4,7,6,6,3,5,6,5,3,7,7,4,7,4,5,7,7,3,5,7,
16,8,4,4,7,9,3,5,7,9,0,6,7,9,3,6,7,3,8,5,6,4,8,6,6,2,7,6,4,3,7,8,4,9,4,5,7,9,2,6,7,
16,9,7,4,7,9,2,4,7,9,0,5,7,9,3,5,6,3,8,5,5,6,8,5,6,2,7,5,4,3,7,9,4,9,7,4,7,9,2,5,7,
14,7,4,4,7,7,2,5,7,6,0,5,7,7,3,5,7,3,6,5,6,4,6,5,6,2,5,6,4,3,7,7,4,7,4,5,7,6,2,5,7,
14,7,4,4,7,7,3,5,7,7,0,5,7,7,3,5,7,3,6,5,6,4,6,5,6,3,5,6,5,3,7,7,4,7,4,5,7,7,3,5,7,
15,7,4,4,7,7,3,5,7,7,0,5,7,7,3,6,7,3,6,5,6,4,7,6,6,3,5,6,5,3,7,7,4,7,4,5,7,7,3,5,7,
14,7,4,4,6,7,3,5,6,7,0,5,6,7,3,5,6,3,6,5,5,4,6,6,5,3,5,6,4,3,7,7,4,7,4,5,6,7,3,5,6,
14,7,4,4,7,7,3,5,7,7,0,5,7,7,3,6,6,3,6,5,6,4,7,5,6,3,5,6,5,3,7,7,4,7,4,5,7,7,3,5,7,
14,7,4,4,7,7,3,5,7,7,0,5,7,7,3,5,7,3,6,5,6,4,7,5,6,3,5,6,5,3,7,7,4,7,4,5,7,7,3,5,7,
15,6,3,3,6,6,2,4,6,6,0,4,6,6,2,5,6,3,5,4,5,3,6,4,5,2,4,5,4,2,7,6,3,6,3,4,6,6,2,4,6,
14,7,4,4,7,7,3,5,7,7,0,5,7,7,3,6,7,3,6,5,6,4,6,5,6,3,5,6,5,3,7,7,4,7,4,5,7,7,3,5,7,
15,4,1,1,5,4,0,2,5,3,0,2,4,4,0,2,4,0,3,2,3,1,3,2,4,0,2,3,2,0,5,4,1,4,1,2,5,4,0,2,5,
15,6,3,3,6,6,2,4,6,6,0,4,6,7,3,5,6,3,6,4,5,3,6,4,6,2,4,5,4,3,7,6,3,6,3,4,6,6,2,4,6,
15,6,3,3,6,6,2,4,6,6,0,5,6,7,3,5,6,3,6,5,5,3,6,5,5,2,4,5,4,3,6,6,3,6,3,4,6,6,2,5,6,
34,6,3,4,6,7,2,4,6,6,0,5,6,7,3,5,6,3,6,5,5,3,6,5,5,2,5,26,4,3,6,6,3,7,4,4,6,6,2,5,6,
18,6,4,3,7,7,2,4,7,6,0,5,7,7,3,6,6,3,6,5,6,3,6,5,6,2,5,6,4,3,7,6,3,7,4,4,7,6,2,5,7,
15,6,3,3,6,7,2,4,7,6,0,5,6,7,3,5,6,3,6,5,5,3,6,5,6,2,5,5,4,3,7,6,3,7,3,4,7,6,2,5,7,
15,6,4,4,7,7,2,4,6,6,0,5,7,7,3,5,6,3,6,5,6,3,6,5,6,2,5,6,4,3,7,6,4,7,4,4,7,6,2,5,7,
14,7,4,3,7,7,3,4,7,6,0,4,7,7,3,4,6,3,6,4,6,4,6,4,6,3,5,5,4,3,7,7,3,7,4,3,7,6,3,4,7,
15,6,4,4,7,7,3,4,7,6,0,5,7,8,3,5,6,3,6,5,6,4,6,5,6,3,5,6,5,3,7,6,4,7,4,4,8,6,3,5,7,
16,9,7,3,9,9,6,4,9,9,0,4,9,9,6,5,9,6,8,4,8,6,8,4,8,3,7,5,7,6,9,9,3,9,7,4,9,9,6,4,9,
14,7,4,3,7,7,3,4,7,6,0,4,7,7,3,4,6,3,6,4,6,4,6,4,6,3,5,5,4,3,7,7,3,7,4,4,7,6,3,4,7,
14,7,4,4,7,7,3,4,7,6,0,5,7,7,3,5,7,3,6,5,6,4,6,5,6,3,5,6,5,3,7,7,4,7,4,4,7,6,3,5,7,
14,7,4,4,7,7,3,5,7,7,0,5,7,7,3,5,6,3,6,5,6,4,6,5,6,3,5,6,5,3,7,7,4,7,4,5,7,7,3,5,7,
17,9,4,4,7,10,3,5,7,9,0,5,7,10,3,5,6,3,9,5,6,4,9,5,6,3,7,6,5,3,7,9,4,10,4,5,7,9,3,5,7,
14,7,4,4,7,7,3,5,7,7,0,5,7,7,3,6,7,3,6,5,6,4,7,5,6,3,5,6,5,3,7,7,4,7,4,5,7,7,3,5,7,
15,7,4,4,7,7,3,5,7,7,0,5,7,7,3,6,7,3,7,6,6,4,7,6,6,3,5,6,5,3,7,7,4,7,4,5,7,7,3,5,7,
15,6,3,3,6,6,2,4,6,6,0,5,6,6,2,5,6,2,5,5,5,3,6,5,5,2,4,5,4,2,6,6,3,6,3,4,6,6,2,5,6,
15,6,3,3,6,6,2,4,6,6,0,4,6,6,3,5,6,3,5,4,5,3,6,4,5,2,4,5,4,3,7,6,3,6,3,4,6,6,2,4,6,
17,9,3,3,9,9,2,4,9,9,0,5,9,9,3,5,9,3,9,5,5,3,9,5,5,2,4,5,4,3,9,9,3,9,3,4,9,9,2,5,9,
15,6,3,4,6,6,2,6,6,6,0,6,6,6,3,6,6,3,5,6,5,3,6,6,5,2,4,7,3,2,6,6,4,6,3,6,6,6,2,6,6,
15,6,3,3,7,7,2,4,7,6,0,5,6,7,3,5,6,3,6,5,5,3,6,5,6,2,4,6,4,3,7,6,3,7,3,4,7,6,2,5,7,
15,6,3,3,6,6,2,4,6,6,0,5,6,6,3,5,6,3,6,5,5,3,6,5,6,2,4,6,4,3,7,6,3,6,3,4,6,6,2,5,6,
15,6,3,3,7,7,2,4,7,6,0,5,7,7,3,5,6,3,6,5,5,3,6,5,6,2,5,5,4,3,7,6,3,7,3,4,7,6,2,5,7,
17,6,3,3,7,7,2,4,6,6,0,5,6,7,3,5,6,3,6,5,5,3,6,5,6,2,4,5,4,3,7,6,3,7,3,4,7,6,2,5,6,
14,6,4,3,6,7,3,4,7,7,0,5,7,7,3,5,6,3,6,5,6,4,6,5,6,2,5,5,4,3,7,6,3,7,4,4,6,7,3,5,7,
14,6,4,3,6,7,3,3,7,6,0,4,7,7,3,4,6,3,6,4,6,3,6,4,6,2,5,5,4,3,7,6,3,7,4,3,6,6,3,4,7,
14,7,4,4,6,7,3,5,7,7,0,5,7,7,3,5,6,3,6,5,6,4,6,5,6,2,5,6,5,3,7,7,4,7,4,5,7,6,3,5,7,
14,6,4,4,6,7,3,4,7,6,0,5,7,7,3,5,6,3,6,5,6,4,6,5,6,3,5,6,4,3,7,6,4,7,4,4,7,6,3,5,7,
14,7,4,4,6,7,3,4,7,6,0,5,7,7,3,5,6,4,6,5,6,4,6,5,6,3,5,6,5,3,7,7,4,7,4,4,6,6,3,5,7,
14,7,4,3,6,7,3,4,7,7,0,4,7,7,3,5,6,4,6,4,6,4,6,4,6,3,5,5,5,3,7,7,3,7,4,4,6,7,3,4,7,
14,7,4,4,7,7,3,5,7,7,0,5,7,7,3,6,7,3,6,5,6,4,7,5,6,3,5,6,5,3,7,7,4,7,4,5,7,7,3,5,7,
14,7,4,4,6,7,3,5,7,7,0,5,7,7,3,6,7,3,6,5,6,4,7,5,6,3,5,6,5,3,7,7,4,7,4,5,7,7,3,5,7,
14,7,4,4,7,7,3,5,7,7,0,5,7,7,3,5,6,4,6,5,6,4,7,5,6,3,5,6,5,3,7,7,4,7,4,5,7,7,3,5,7,
15,7,4,4,7,7,3,5,7,7,0,5,7,7,4,6,7,4,6,5,6,4,7,6,6,3,5,6,5,4,7,7,4,7,4,5,7,7,3,5,7,
15,6,3,3,6,6,2,4,6,6,0,4,6,6,2,5,6,3,5,4,5,3,6,5,5,2,4,5,4,2,7,6,3,6,3,4,6,6,2,4,6,
15,6,3,3,6,6,2,4,6,6,0,5,6,6,3,5,6,3,6,5,5,3,6,5,5,2,4,5,4,3,6,6,3,6,3,4,6,6,2,5,6,
18,9,3,3,9,9,2,5,10,9,0,5,10,9,3,5,9,3,9,5,8,3,9,5,9,2,5,9,4,3,10,9,3,9,3,5,10,9,2,5,10,
17,7,4,4,7,7,3,5,7,7,0,6,7,7,3,6,7,4,6,5,6,4,7,6,6,3,5,6,5,3,7,7,4,7,4,5,7,7,3,6,7,
15,6,4,4,6,7,3,5,7,7,0,5,7,7,3,5,6,3,6,5,5,3,7,5,6,2,5,6,4,3,7,6,4,7,4,5,6,7,3,5,7,
15,7,4,4,6,7,3,5,7,6,0,5,7,7,3,6,6,3,6,5,6,3,6,6,6,2,5,6,4,3,7,6,4,7,4,5,6,6,3,5,7,
15,6,4,4,6,7,3,5,7,6,0,5,7,7,3,6,6,3,6,5,6,4,6,6,6,2,5,6,4,3,7,6,4,7,4,5,6,6,3,5,7,
14,6,4,4,6,7,3,4,7,7,0,5,7,7,3,5,6,3,6,5,5,4,6,5,6,2,5,6,4,3,7,6,3,7,4,4,7,7,3,5,7,
14,6,4,3,7,7,3,4,7,6,0,5,7,7,3,5,6,3,6,5,6,4,6,5,6,3,5,5,4,3,7,6,3,7,4,4,7,6,3,5,7,
15,6,4,4,6,7,3,5,7,7,0,5,7,7,3,6,6,3,6,5,6,4,6,6,6,2,5,6,4,3,7,6,4,7,4,5,7,7,3,5,7,
14,6,4,4,6,7,3,5,7,7,0,5,7,7,3,6,6,3,6,5,6,4,6,6,6,3,5,6,5,3,7,6,4,7,4,5,6,7,3,5,7,
15,6,4,3,7,6,3,4,7,6,0,4,7,6,3,5,7,3,5,4,6,4,6,5,7,3,4,5,5,3,8,6,3,6,4,4,7,6,3,5,7,
14,7,4,4,6,7,3,5,7,7,0,6,7,7,3,6,6,3,6,5,6,4,7,6,6,3,5,6,5,3,7,7,4,7,4,5,7,7,3,6,7,
15,7,4,3,7,7,3,4,7,7,0,5,7,7,3,5,7,4,7,5,6,4,7,5,6,3,5,5,5,3,7,7,3,7,4,4,7,7,3,5,7,
15,6,3,2,6,6,2,3,6,6,0,4,6,6,3,4,6,3,6,4,5,3,6,4,5,2,4,4,4,3,6,6,2,6,3,3,6,6,2,4,6,
15,6,3,3,6,6,2,4,6,6,0,5,6,6,3,5,6,3,5,4,5,3,6,5,5,2,4,5,4,3,7,6,3,6,3,4,6,6,2,5,6,
15,6,3,3,6,6,2,4,6,6,0,5,6,6,2,5,6,3,6,5,5,3,6,5,5,2,4,5,4,3,7,6,3,6,3,4,6,6,2,5,6,
15,6,3,2,6,6,2,3,6,6,0,4,6,6,3,4,6,3,6,4,5,3,6,4,6,2,4,4,4,3,7,6,2,6,3,3,6,6,2,4,6,
15,6,3,3,6,6,2,4,6,6,0,5,6,7,3,5,6,3,6,5,5,3,6,5,6,2,4,5,4,3,7,6,3,6,3,4,6,6,2,5,6,
15,7,3,3,6,7,2,4,7,6,0,5,6,7,3,5,6,3,6,5,5,3,6,5,6,2,5,6,4,3,7,7,3,7,3,4,6,6,2,5,7,
17,6,5,6,8,6,6,5,9,6,0,5,9,7,5,5,8,5,6,5,8,6,6,6,8,5,5,6,6,5,9,6,6,6,5,5,9,6,6,5,9,
17,7,4,4,7,7,3,5,7,7,0,6,7,7,3,6,7,4,6,5,6,4,7,6,6,3,5,6,5,3,8,7,4,7,4,5,7,7,3,6,7,
15,6,4,4,7,7,3,5,7,6,0,5,7,7,3,5,6,3,6,5,5,3,6,5,6,2,5,6,4,3,7,6,4,7,4,5,7,6,3,5,7,
15,7,4,3,7,7,3,4,7,7,0,5,7,7,3,5,6,3,6,5,6,4,6,5,6,2,5,5,4,3,7,6,3,7,4,4,7,7,3,5,7,
15,7,4,4,7,7,3,5,7,7,0,5,7,7,3,6,6,3,6,5,6,4,6,6,6,3,5,6,5,3,7,7,4,7,4,5,7,7,3,5,7,
14,7,4,4,7,7,3,5,7,7,0,5,7,7,3,6,6,3,6,5,5,4,6,6,6,3,5,6,4,3,7,7,4,7,4,5,7,7,3,5,7,
14,7,4,4,7,7,3,4,7,7,0,5,7,7,3,5,7,3,6,5,6,4,6,5,6,3,5,6,5,3,7,7,4,7,4,4,7,7,3,5,7,
15,6,4,3,7,7,3,4,7,7,0,5,7,7,3,5,7,3,6,5,6,3,6,5,6,2,5,5,4,3,7,6,3,7,4,4,7,7,3,5,7,
14,7,4,3,7,7,3,4,7,7,0,5,7,7,3,5,7,4,6,4,6,4,7,5,7,3,5,5,5,3,7,7,3,7,4,4,7,7,3,4,7,
14,7,4,4,7,7,3,5,7,7,0,5,7,7,3,6,7,3,6,5,6,4,7,6,6,3,5,6,5,3,7,7,4,7,4,5,7,7,3,5,7,
15,7,4,4,7,7,3,5,7,7,0,5,7,7,3,6,7,4,6,5,6,4,7,6,6,3,5,6,5,4,8,7,4,7,4,5,7,7,3,5,7,
14,6,3,3,6,6,2,4,6,6,0,5,6,6,2,5,6,3,5,4,5,3,6,5,5,2,4,5,4,3,6,6,3,6,3,4,6,6,2,5,6,
15,6,3,3,7,7,2,4,7,7,0,5,7,7,2,5,6,3,5,4,5,3,6,5,5,2,4,5,4,2,7,6,3,7,3,4,7,7,2,5,7,
20,11,3,3,6,11,2,4,6,11,0,5,6,12,2,5,6,3,11,5,5,3,11,5,5,2,6,5,4,2,6,11,3,11,3,4,6,11,2,5,6,
15,6,3,3,7,7,2,4,7,7,0,5,7,7,3,5,7,3,6,5,5,3,6,5,6,2,4,5,4,3,7,6,3,7,3,4,7,7,2,5,7,
15,7,3,3,7,7,2,4,7,7,0,5,7,7,3,5,6,3,6,5,5,3,6,5,6,2,5,6,4,3,7,7,3,7,3,4,7,7,2,5,7,
15,7,4,3,7,7,2,4,7,7,0,5,7,7,3,5,6,3,6,5,5,3,6,5,6,2,5,5,4,3,7,7,3,7,4,4,7,7,2,5,7,
16,7,4,3,7,7,2,7,7,7,0,7,7,7,3,7,6,3,6,7,5,3,6,7,6,2,5,8,4,3,7,7,3,7,4,7,7,7,2,7,7,
16,4,2,2,6,5,0,3,5,4,0,3,6,5,1,4,5,1,4,3,4,2,4,4,4,0,3,4,3,1,6,4,2,5,2,3,6,4,0,4,5,
16,6,3,3,7,7,2,4,7,6,0,5,7,7,2,5,7,3,5,4,5,3,6,5,6,2,4,5,4,2,7,6,3,7,3,4,7,6,2,5,7,
16,7,5,3,7,7,3,5,7,7,0,5,7,7,3,5,7,3,6,5,6,3,6,5,6,2,5,5,5,3,8,7,3,7,5,5,7,7,3,5,7,
14,7,4,4,7,7,3,4,7,7,0,5,7,7,3,5,7,3,6,5,6,4,6,5,6,2,5,6,4,3,7,7,4,7,4,4,7,7,3,5,7,
14,7,4,4,7,7,3,4,7,7,0,5,7,7,3,5,7,3,6,5,6,4,7,5,6,3,5,5,4,3,7,7,4,7,4,4,7,7,3,5,7,
15,7,3,4,7,7,3,5,7,7,0,5,7,7,3,7,7,3,6,6,5,3,6,5,5,2,4,7,4,3,7,7,4,7,3,5,7,7,3,5,7,
15,6,3,2,6,6,2,3,6,6,0,4,6,6,2,4,6,3,6,4,5,3,6,4,5,2,4,5,4,2,6,6,2,6,3,3,6,6,2,4,6,
19,6,4,3,8,7,2,5,9,6,0,5,7,7,3,5,7,3,6,5,6,4,6,5,8,2,5,5,5,3,8,6,3,7,4,5,8,6,2,5,9,
15,7,4,4,7,8,3,5,7,7,0,5,7,8,3,5,7,3,6,5,6,4,7,5,6,3,5,6,5,3,8,7,4,8,4,5,7,8,3,5,7,
14,6,3,3,6,6,2,4,6,6,0,4,6,6,3,4,6,3,5,4,5,3,6,5,5,2,4,5,4,2,6,6,3,6,3,4,6,6,2,4,6,
14,6,3,3,6,6,2,4,6,6,0,5,6,6,2,5,6,3,5,5,5,3,6,5,5,2,4,6,4,3,6,6,3,6,3,4,6,6,2,5,6,
15,7,4,4,7,7,3,5,7,7,0,5,7,7,3,6,7,4,6,5,5,4,6,6,6,3,5,6,5,3,7,7,4,7,4,5,7,7,3,5,7,
17,6,3,3,6,6,2,4,6,6,0,4,6,6,2,5,6,3,5,4,5,3,6,4,5,1,4,5,4,2,6,6,3,6,3,4,6,6,2,4,6,
19,10,4,4,7,10,3,5,8,10,0,5,7,10,3,5,7,3,9,5,6,4,9,6,7,2,8,6,4,3,7,10,4,10,4,5,7,10,3,5,8,
15,6,3,3,6,6,2,4,6,6,0,5,6,7,2,5,6,3,6,5,5,3,6,5,5,2,4,5,4,2,6,6,3,6,3,4,6,6,2,5,6,
15,6,3,3,6,6,2,4,6,6,0,5,6,6,2,5,6,3,6,5,5,3,6,5,5,2,4,5,4,2,6,6,3,6,3,4,6,6,2,5,6,
15,6,3,4,7,6,2,5,6,6,0,5,6,7,3,5,6,3,6,5,5,3,6,5,5,2,4,6,4,3,6,6,4,6,3,5,6,6,2,5,6,
15,7,5,4,7,7,4,5,7,7,0,5,6,7,4,6,7,4,6,5,5,4,7,6,6,3,5,6,4,3,7,7,4,7,5,5,7,7,4,5,7,
19,8,4,4,9,8,3,7,9,7,0,7,9,7,3,7,9,3,7,7,8,4,7,7,8,2,7,7,7,3,10,8,4,8,4,7,9,7,3,7,9,
18,6,3,3,6,7,3,4,6,7,0,5,6,7,3,5,6,3,6,5,5,3,6,5,5,2,5,6,4,2,6,6,3,7,3,4,6,7,3,5,6,
14,7,4,4,7,7,3,5,7,7,0,5,6,7,3,6,7,3,6,5,5,4,7,6,6,2,5,6,4,3,7,7,4,7,4,5,7,7,3,5,7,
14,7,4,4,7,7,3,5,7,7,0,6,7,7,3,6,7,3,6,5,6,4,7,6,6,3,5,6,5,3,7,7,4,7,4,5,7,7,3,5,7,
40,7,5,4,7,7,4,5,7,7,0,5,7,7,5,6,7,4,6,5,6,4,7,6,6,4,5,6,5,3,7,7,4,7,5,5,7,7,4,5,7,
15,6,3,3,6,7,3,4,6,6,0,5,6,7,3,5,6,3,6,5,5,3,6,5,5,3,4,6,4,2,6,6,3,7,3,4,6,6,3,5,6,
15,7,4,4,7,8,3,5,7,7,0,6,7,8,3,6,7,4,7,5,6,4,7,6,6,3,5,7,5,3,7,7,4,8,4,5,7,7,3,6,7,
15,7,4,4,7,7,3,5,7,7,0,6,7,8,3,6,7,4,7,5,6,4,7,6,6,3,5,7,5,3,7,7,4,7,4,5,7,7,3,5,7,
15,7,3,3,7,7,3,4,6,6,0,5,6,7,3,5,6,3,6,5,5,3,6,5,6,2,4,5,4,3,7,7,3,7,3,4,7,6,3,5,6,
15,6,3,3,6,6,2,4,6,6,0,5,6,6,2,5,6,3,6,4,5,3,6,5,5,2,4,5,4,2,6,6,3,6,3,4,6,6,2,5,6,
16,6,3,3,6,6,2,4,6,6,0,5,6,7,2,5,6,3,6,5,5,3,6,5,5,2,4,5,4,3,7,6,3,7,3,4,6,6,3,5,6,
15,6,3,3,6,6,2,4,6,6,0,5,6,6,2,5,6,3,6,5,5,3,6,5,5,2,4,5,4,2,6,6,3,6,3,4,6,6,2,5,6,
15,6,3,3,6,6,3,4,6,6,0,4,6,6,2,5,6,3,6,4,5,3,6,5,5,2,4,5,4,3,6,6,3,6,3,4,6,6,3,4,6,
18,9,3,3,6,9,3,4,6,9,0,4,6,10,3,5,6,3,8,4,5,3,9,5,5,2,7,5,4,3,6,9,3,9,3,4,6,9,3,4,6,
15,6,3,3,6,7,2,4,6,6,0,5,6,7,3,5,7,3,6,5,5,3,6,5,5,2,4,5,4,3,7,6,3,7,3,4,6,6,2,5,6,
15,6,3,3,6,6,2,4,6,6,0,5,6,7,3,5,6,3,6,5,5,3,6,5,5,2,4,5,4,3,6,6,3,6,3,4,6,6,2,5,6,
15,7,3,3,6,7,2,4,6,6,0,5,6,7,3,5,6,3,6,5,5,3,7,5,5,2,5,5,4,3,7,7,3,7,3,4,6,6,2,5,6,
15,6,4,4,6,7,3,5,6,6,0,5,6,7,3,5,6,3,6,5,5,4,6,5,6,2,5,6,4,3,7,6,4,7,4,5,6,6,3,5,6,
18,7,4,3,7,10,3,4,7,7,0,4,6,10,3,4,6,3,7,4,5,4,7,4,6,3,5,5,4,3,7,7,3,10,4,4,7,7,3,4,7,
15,7,4,6,7,7,3,7,7,7,0,7,6,7,3,7,7,3,6,7,5,4,7,7,6,2,5,8,4,3,7,7,6,7,4,7,7,7,3,7,7,
14,7,4,3,7,7,3,4,7,7,0,5,7,7,3,5,7,3,7,5,6,4,7,5,6,3,5,5,4,3,7,7,3,7,4,4,7,7,3,5,7,
14,7,4,4,7,7,3,5,7,7,0,5,7,7,3,6,7,4,6,5,6,4,7,6,6,3,5,6,5,3,7,7,4,7,4,5,7,7,3,5,7,
17,6,3,3,6,6,2,4,6,6,0,4,6,6,2,4,6,3,5,4,5,3,6,4,5,2,4,5,4,2,6,6,3,6,3,4,6,6,2,4,6,
15,7,4,4,7,7,3,5,7,7,0,5,7,7,3,6,7,4,7,5,6,4,7,6,6,3,5,6,5,3,7,7,4,7,4,5,7,7,3,5,7,
14,7,4,4,7,7,3,5,7,7,0,5,7,7,3,6,7,4,7,5,6,4,7,6,6,3,5,6,5,3,7,7,4,7,4,5,7,7,3,5,7,
17,6,3,3,6,6,2,4,6,6,0,5,6,6,2,5,6,3,6,5,5,3,6,5,5,2,4,6,4,3,6,6,3,6,3,4,6,6,2,5,6,
15,6,3,3,6,6,2,4,6,6,0,5,6,6,2,5,6,3,6,5,5,3,6,5,5,2,4,5,4,3,6,6,3,6,3,4,6,6,2,5,6,
15,6,3,3,6,6,2,4,6,6,0,4,6,6,3,5,6,3,6,4,5,3,6,5,5,2,4,5,4,3,6,6,3,6,3,4,6,6,2,4,6,
15,6,3,3,6,6,2,4,6,6,0,5,6,7,3,5,6,3,6,5,5,3,6,5,5,2,4,5,4,3,7,6,3,6,3,4,6,6,2,5,6,
15,6,3,3,6,7,2,4,6,6,0,4,6,7,3,5,6,3,6,4,5,3,6,5,5,2,4,5,4,3,6,6,3,7,3,4,6,6,2,4,6,
15,6,3,3,6,6,2,4,6,6,0,5,6,7,3,5,6,3,6,5,5,3,6,5,5,2,4,5,4,3,6,6,3,6,3,4,6,6,2,5,6,
15,7,3,4,6,7,2,4,6,6,0,5,6,7,3,5,6,3,6,5,5,3,6,5,5,2,4,5,4,3,6,6,4,7,3,4,6,6,2,5,6,
15,6,3,3,6,7,2,4,6,6,0,5,6,7,3,5,6,3,6,5,5,3,6,5,5,2,4,6,4,3,6,6,3,7,3,4,6,6,2,5,6,
15,7,3,3,6,7,3,4,6,6,0,5,6,7,3,5,7,3,6,5,5,3,7,5,5,2,5,5,4,3,7,7,3,7,3,4,7,6,3,5,6,
15,7,4,3,6,7,3,4,6,7,0,5,6,7,3,5,7,3,7,5,5,3,7,5,6,2,5,5,4,3,7,7,3,7,4,4,6,7,3,5,7,
15,8,6,5,7,8,5,6,8,7,0,6,7,8,5,6,8,5,7,6,6,5,8,6,6,4,6,7,5,5,8,8,5,8,6,6,7,8,5,6,8,
14,7,4,4,6,7,3,5,7,7,0,5,6,7,3,5,6,3,6,5,5,4,7,5,6,2,5,6,4,3,7,7,4,7,4,5,6,7,3,5,7,
14,7,4,5,6,7,3,6,7,7,0,7,7,7,3,7,7,4,7,7,6,4,7,7,6,3,5,7,4,3,7,7,5,7,4,6,6,7,3,7,7,
14,7,4,4,6,7,3,5,7,7,0,5,7,7,3,6,7,3,6,5,6,4,7,6,6,3,5,6,5,3,7,7,4,7,4,5,6,7,3,5,7,
15,7,4,4,6,7,3,5,7,7,0,5,7,7,3,6,7,4,7,5,6,4,7,6,6,3,5,6,5,3,7,7,4,7,4,5,6,7,3,5,7,
14,7,4,4,7,7,3,5,7,7,0,5,7,7,3,6,7,4,6,5,6,4,7,6,6,3,5,6,5,3,7,7,4,7,4,5,7,7,3,5,7,
15,7,4,4,6,7,3,5,7,7,0,5,7,7,3,6,7,4,7,5,6,4,7,6,6,3,5,6,5,3,7,7,4,7,4,5,6,7,3,5,7,
14,6,3,3,5,6,2,4,6,6,0,5,6,6,2,5,6,3,5,4,5,3,6,5,5,2,4,5,4,2,6,6,3,6,3,4,5,6,2,5,6,
15,6,3,3,6,6,2,4,6,6,0,5,6,6,3,5,6,3,6,5,5,3,6,5,5,2,4,5,4,3,6,6,3,6,3,4,6,6,2,5,6,
15,6,3,3,6,6,2,4,6,6,0,5,6,6,2,5,6,3,6,5,5,3,6,5,5,2,4,5,4,3,6,6,3,6,3,4,6,6,2,5,6,
15,6,3,3,6,6,2,4,6,6,0,5,6,6,2,5,6,3,6,5,5,3,6,5,5,2,4,6,4,3,6,6,3,6,3,4,6,6,2,5,6,
15,6,3,3,6,6,2,4,6,6,0,5,6,6,2,5,6,3,6,5,5,3,6,5,5,2,4,5,4,3,6,6,3,6,3,4,6,6,2,5,6,
15,6,3,3,6,7,2,4,6,6,0,5,6,7,3,5,6,3,6,5,5,3,7,5,5,2,4,5,4,3,7,6,3,7,3,4,6,6,2,5,6,
15,6,3,3,6,7,2,4,6,6,0,5,6,7,3,5,6,3,6,5,5,3,6,5,5,2,5,6,4,3,6,6,3,7,3,4,6,6,2,5,6,
15,6,3,4,6,7,2,4,6,6,0,5,6,7,3,5,6,3,6,5,5,3,6,5,5,2,5,5,4,3,6,6,4,7,3,4,6,6,2,5,6,
15,6,3,4,6,7,2,4,6,6,0,5,6,7,3,5,6,3,6,5,5,3,6,5,5,2,5,6,4,3,7,6,4,7,3,4,6,6,2,5,7,
15,7,4,3,6,7,3,4,6,6,0,5,6,7,3,5,7,3,7,5,5,3,7,5,6,2,5,5,4,3,7,7,3,7,4,4,6,7,3,5,6,
14,7,4,4,6,7,3,5,6,7,0,5,6,7,3,5,7,3,6,5,5,3,7,5,6,2,5,6,4,3,7,7,4,7,4,5,6,7,3,5,7,
14,7,4,4,6,7,3,5,7,7,0,5,6,7,3,5,6,3,7,5,5,4,7,5,6,2,5,6,4,3,7,7,4,7,4,5,6,7,3,5,7,
16,9,4,4,6,9,3,5,7,9,0,5,7,9,3,6,7,3,8,5,6,4,8,5,6,3,7,6,4,3,7,9,4,9,4,5,6,9,3,5,7,
16,7,4,7,6,7,3,8,7,7,0,8,7,7,3,8,7,4,7,8,6,4,7,8,6,3,5,9,5,3,7,7,7,7,4,8,6,7,3,8,7,
14,6,3,3,6,6,2,4,6,6,0,4,6,6,2,5,6,3,6,4,5,3,6,5,5,2,4,5,4,2,6,6,3,6,3,4,6,6,2,4,6,
14,7,4,4,7,7,3,5,7,7,0,5,7,7,3,6,7,4,7,5,6,4,7,6,6,3,5,6,5,3,7,7,4,7,4,5,6,7,3,5,7,
16,6,4,4,6,7,2,4,6,6,0,5,6,7,3,5,6,3,6,5,5,3,6,5,5,2,5,5,4,3,6,7,4,7,3,4,6,6,3,5,6,
15,6,3,3,6,6,2,4,6,6,0,5,6,6,2,5,6,3,6,5,5,3,6,5,5,2,4,6,4,2,6,6,3,6,3,4,6,6,2,5,6,
15,7,4,4,7,7,3,5,7,7,0,6,7,7,3,6,7,4,7,5,6,4,7,6,6,3,5,6,5,3,7,7,4,7,4,5,7,7,3,5,7,
15,6,3,3,6,6,2,4,6,6,0,5,6,6,2,5,6,3,6,5,5,3,6,5,5,2,4,5,4,3,6,6,3,6,3,4,6,6,2,5,6,
15,6,3,3,6,6,2,4,6,6,0,5,6,6,2,5,6,3,6,5,5,3,6,5,5,2,4,5,4,3,6,6,3,6,3,4,6,6,2,5,6,
15,6,3,3,6,7,2,4,6,6,0,5,6,7,3,5,6,3,6,5,5,3,6,5,5,2,4,5,4,3,6,6,3,7,3,4,6,7,2,5,6,
15,6,3,4,6,7,2,4,6,7,0,5,6,7,3,5,6,3,6,5,5,3,6,5,5,2,4,6,4,3,6,6,3,7,3,4,6,7,2,5,6,
15,6,3,3,6,7,2,4,6,6,0,5,6,7,3,5,6,3,6,5,5,3,6,5,6,2,4,5,4,3,6,6,3,7,3,4,6,6,2,5,6,
15,7,3,3,6,7,2,4,6,6,0,5,6,7,3,5,6,3,6,5,5,3,6,5,5,2,5,6,4,3,7,7,3,7,3,4,6,6,2,5,6,
15,5,2,1,4,5,1,2,5,4,0,3,5,5,1,3,5,1,4,3,4,2,4,3,4,0,3,3,3,1,5,5,1,5,2,2,5,4,1,3,5,
15,7,4,4,6,7,3,5,6,7,0,5,6,7,3,6,7,3,6,5,6,4,7,5,6,2,5,6,4,3,7,7,4,7,4,5,6,7,3,5,7,
14,7,4,4,6,7,3,5,7,7,0,5,6,7,3,6,7,4,7,5,5,4,7,6,6,3,5,6,4,3,7,7,4,7,4,5,6,7,3,5,7,
14,7,4,4,6,7,3,5,6,6,0,5,7,7,3,5,6,3,6,5,6,4,6,5,6,3,5,6,5,3,7,7,4,7,4,5,6,6,3,5,6,
14,7,4,4,6,7,3,5,6,7,0,5,7,7,3,6,7,4,6,5,6,4,7,6,6,3,5,6,5,3,7,7,4,7,4,5,6,7,3,5,7,
15,7,4,4,6,7,3,5,6,7,0,5,7,7,3,6,7,4,6,5,6,4,7,6,6,3,5,6,5,3,7,7,4,7,4,5,6,7,3,5,7,
16,7,4,7,6,7,3,8,7,7,0,8,7,7,3,9,7,4,7,8,6,4,7,9,6,3,5,9,5,3,7,7,7,7,4,8,6,7,3,8,7,
15,7,4,4,6,7,3,5,7,7,0,5,7,8,3,5,7,4,7,5,6,4,7,5,6,3,5,6,5,3,7,7,4,7,4,5,6,7,3,5,7,
14,6,3,3,5,6,2,4,6,6,0,4,6,6,2,5,6,3,6,4,5,3,6,5,5,2,4,5,4,2,6,6,3,6,3,4,5,6,2,4,6,
18,6,3,3,5,6,2,4,6,6,0,5,6,6,2,5,6,3,6,4,5,3,6,5,5,2,4,5,4,2,6,6,3,6,3,4,5,6,2,5,6,
15,7,4,4,6,7,3,5,7,7,0,5,7,7,3,5,7,4,7,5,6,4,7,5,6,3,5,6,5,3,7,7,4,7,4,5,6,7,3,5,7,
15,6,3,3,6,7,2,5,6,6,0,5,6,7,2,5,6,3,6,5,5,3,6,5,5,2,4,6,4,2,6,7,3,7,3,5,6,6,2,5,6,
15,6,3,3,6,7,2,4,6,7,0,5,6,7,3,5,6,3,6,5,5,3,6,5,5,2,5,5,4,3,7,6,3,7,3,4,6,7,2,5,6,
16,7,3,4,6,7,2,4,6,7,0,5,6,7,2,5,6,2,6,5,5,2,7,5,5,2,5,5,4,2,6,7,4,7,3,4,6,7,2,5,6,
15,6,3,3,6,7,2,4,6,6,0,5,6,7,2,5,6,3,6,5,5,3,6,5,5,2,4,5,4,3,6,7,3,7,3,4,6,6,2,5,6,
15,7,3,3,6,7,2,4,6,6,0,5,6,7,2,5,6,3,6,5,5,3,6,5,5,2,4,5,4,3,6,7,3,7,3,4,6,7,2,5,6,
15,6,3,3,6,7,2,4,6,6,0,5,6,7,2,5,6,3,6,5,5,3,6,5,5,2,5,6,4,3,6,6,3,7,3,4,6,7,2,5,6,
15,6,3,3,6,7,2,4,6,6,0,5,6,7,2,5,6,3,6,5,5,3,6,5,5,2,4,5,4,3,6,6,3,7,3,4,6,7,2,5,6,
16,7,5,5,6,7,3,5,7,7,0,5,7,7,3,5,7,3,6,5,6,5,6,5,6,2,5,6,5,3,7,7,5,7,5,5,6,7,3,5,7,
14,7,4,4,6,7,3,5,7,7,0,5,6,7,3,5,7,3,7,5,5,4,7,5,6,2,5,6,4,3,7,7,4,7,4,5,6,7,3,5,7,
16,7,4,4,6,7,3,4,6,7,0,5,6,7,3,5,6,4,6,5,6,4,7,5,6,3,5,5,4,3,7,7,4,7,4,4,6,7,3,5,6,
14,7,4,4,6,7,3,5,7,7,0,5,7,7,3,6,7,4,7,5,6,4,7,6,6,3,5,6,5,3,7,7,4,7,4,5,6,7,3,5,7,
14,6,3,3,5,6,2,4,6,6,0,4,6,6,2,4,6,3,5,4,5,3,6,4,5,2,4,5,4,2,6,6,3,6,3,4,5,6,2,4,6,
18,6,3,3,5,9,2,4,6,6,0,4,6,9,2,4,6,3,6,4,5,3,6,4,5,2,4,5,4,2,6,6,3,9,3,4,5,9,2,4,6,
15,7,4,6,6,8,3,7,7,7,0,7,7,8,3,8,7,4,7,7,6,4,7,8,6,3,5,8,5,3,7,7,6,8,4,7,6,7,3,7,7,
15,7,4,4,6,7,3,5,7,7,0,5,7,7,3,6,7,3,6,5,6,4,7,6,6,3,5,6,5,3,7,7,4,7,4,5,6,7,3,5,7,
15,7,4,4,6,7,3,5,7,7,0,5,7,7,3,6,7,4,7,5,6,4,7,6,6,3,5,6,5,3,7,7,4,7,4,5,6,7,3,5,7,
17,6,3,2,5,6,2,3,6,6,0,3,6,6,2,4,6,3,5,3,5,3,6,4,5,2,4,4,4,3,6,6,2,6,3,3,5,6,2,3,6,
15,7,4,4,6,7,3,5,7,7,0,5,7,8,3,6,7,4,7,5,6,4,7,6,6,3,5,6,5,3,7,7,4,7,4,5,7,7,3,5,7,
15,6,3,3,5,7,2,4,6,6,0,5,6,7,2,5,6,3,6,5,5,3,6,5,5,2,4,5,4,2,6,6,3,7,3,4,6,6,2,5,6,
15,6,3,3,6,7,2,4,6,6,0,5,6,6,2,5,6,3,6,5,5,3,6,5,5,2,4,5,4,2,6,6,3,7,3,4,6,6,2,5,6,
16,7,3,3,5,8,2,4,6,7,0,5,6,8,2,5,6,3,7,5,5,3,7,5,5,2,6,5,4,2,6,7,3,8,3,4,5,7,2,5,6,
