17,4,2,5,0,2,4,4,0,2,5,
14,4,2,4,0,2,3,3,0,1,4,
14,4,2,4,0,2,4,3,0,1,4,
14,4,2,4,0,2,4,3,0,2,4,
14,4,2,4,0,2,4,4,0,1,4,
14,4,2,4,0,2,4,4,0,2,4,
14,4,2,4,0,2,4,4,0,2,4,
15,4,2,4,0,2,4,4,0,2,5,
15,4,2,5,0,3,4,4,0,2,5,
16,4,2,5,0,3,4,4,0,2,5,
15,4,2,5,0,3,4,4,0,2,5,
15,4,2,5,0,3,4,4,0,2,5,
15,4,2,5,0,3,4,4,0,2,5,
15,4,2,4,0,3,4,4,0,2,4,
14,3,1,4,0,2,3,3,0,1,3,
14,4,1,4,0,2,3,3,0,1,4,
14,4,2,4,0,2,4,4,0,2,4,
14,4,2,4,0,2,3,3,0,1,4,
16,4,2,6,0,2,3,3,0,1,6,
14,4,2,4,0,2,4,3,0,2,4,
14,4,2,4,0,2,4,4,0,1,4,
16,6,2,6,0,2,6,6,0,2,6,
14,4,2,4,0,2,4,4,0,2,4,
15,4,2,5,0,3,4,4,0,2,5,
15,4,2,4,0,3,4,4,0,2,4,
15,4,2,5,0,3,4,4,0,2,5,
15,4,2,5,0,3,4,4,0,2,5,
16,4,2,5,0,3,4,4,0,2,5,
15,4,2,5,0,3,4,4,0,2,5,
17,6,2,5,0,3,6,4,0,2,7,
15,4,2,5,0,3,4,4,0,2,5,
16,6,2,4,0,3,5,3,0,2,6,
14,4,2,5,0,3,4,4,0,2,5,
14,4,2,5,0,3,4,4,0,2,5,
14,4,1,4,0,2,3,3,0,1,4,
14,4,2,4,0,2,4,3,0,2,4,
14,4,2,4,0,2,4,3,0,1,4,
16,4,2,6,0,2,4,5,0,2,4,
14,4,2,4,0,2,4,3,0,2,4,
15,4,2,5,0,3,4,4,0,2,5,
14,4,2,4,0,2,4,4,0,2,4,
14,4,2,4,0,2,4,4,0,2,4,
18,4,2,7,0,2,4,7,0,2,5,
15,4,2,5,0,3,4,4,0,2,5,
15,4,2,5,0,3,4,4,0,2,5,
15,4,2,5,0,3,4,4,0,2,5,
15,5,2,5,0,3,5,5,0,2,5,
15,4,2,5,0,3,4,4,0,2,5,
15,5,2,5,0,3,4,4,0,2,5,
15,4,2,5,0,3,4,4,0,2,5,
14,5,2,5,0,3,4,4,0,2,5,
14,4,2,4,0,2,3,3,0,1,4,
14,4,2,4,0,2,4,3,0,2,4,
14,4,2,4,0,2,3,3,0,1,4,
14,4,2,4,0,2,4,4,0,2,4,
14,4,2,4,0,2,4,4,0,2,4,
14,4,2,4,0,2,4,4,0,2,4,
15,4,2,4,0,2,4,4,0,2,5,
15,4,2,5,0,2,4,4,0,2,5,
15,4,2,5,0,3,4,4,0,2,5,
15,4,2,4,0,2,3,3,0,1,4,
15,4,2,5,0,3,4,4,0,2,5,
15,4,2,5,0,3,4,4,0,2,5,
15,4,2,5,0,3,4,4,0,2,5,
14,4,2,5,0,3,4,4,0,2,5,
18,4,2,8,0,3,4,4,0,2,5,
14,4,2,5,0,3,4,4,0,2,5,
17,4,2,5,0,3,4,4,0,2,5,
14,4,2,4,0,2,3,3,0,1,4,
14,4,2,4,0,2,3,3,0,1,4,
14,4,2,4,0,2,4,4,0,2,4,
14,4,2,4,0,2,4,3,0,2,4,
14,4,2,4,0,2,4,4,0,2,4,
14,4,2,4,0,2,4,4,0,2,4,
14,4,2,4,0,2,4,4,0,2,4,
15,4,2,5,0,2,4,4,0,2,5,
14,4,2,4,0,2,4,4,0,2,5,
15,4,2,5,0,2,4,4,0,2,5,
15,4,2,5,0,3,4,4,0,2,5,
15,4,2,4,0,2,4,4,0,2,5,
15,4,2,5,0,2,4,4,0,2,5,
15,4,2,5,0,3,4,4,0,2,5,
15,4,2,5,0,3,4,4,0,2,5,
17,4,2,4,0,2,4,4,0,2,4,
14,4,2,4,0,2,3,3,0,1,4,
14,4,2,4,0,2,4,3,0,1,4,
14,4,2,4,0,2,4,3,0,2,4,
14,4,2,4,0,2,4,4,0,1,4,
17,4,2,7,0,2,4,4,0,2,4,
14,4,2,4,0,2,4,4,0,2,4,
15,4,2,5,0,3,4,4,0,2,5,
15,4,2,5,0,3,4,4,0,2,5,
35,4,2,5,0,3,4,4,0,2,5,
15,4,2,5,0,2,4,4,0,2,5,
15,4,2,5,0,2,4,4,0,2,5,
15,4,2,5,0,2,4,4,0,2,5,
15,4,2,5,0,2,4,4,0,2,5,
15,4,2,5,0,3,4,4,0,2,5,
15,4,2,5,0,3,4,4,0,2,5,
15,5,4,5,0,4,5,4,0,3,5,
14,4,2,5,0,3,4,4,0,2,5,
14,5,2,5,1,3,4,4,0,2,5,
14,4,2,4,0,2,3,3,0,1,4,
14,4,2,4,0,2,3,3,0,1,4,
38,5,2,5,0,2,5,5,0,2,27,
14,4,2,4,0,2,4,4,0,1,4,
16,4,2,5,0,3,4,4,0,2,5,
14,4,2,4,0,2,4,4,0,2,4,
14,4,2,4,0,2,4,4,0,2,4,
14,4,2,4,0,2,4,4,0,2,4,
597,9,2,9,0,2,5,9,0,2,9,
496,9,6,10,0,6,9,9,0,6,10,
396,6,3,7,0,3,6,6,0,3,6,
294,6,4,6,0,5,6,5,0,4,7,
16,5,3,5,0,3,4,4,0,3,5,
14,4,2,4,0,2,3,3,0,1,4,
14,5,3,5,0,3,4,4,0,2,5,
14,4,2,4,0,2,4,4,0,1,4,
14,4,2,4,0,2,4,4,0,1,4,
14,4,2,4,0,2,4,4,0,2,4,
15,4,2,4,0,3,4,4,0,2,4,
15,4,4,5,0,5,4,4,0,4,4,
14,4,2,4,0,2,4,4,0,2,4,
17,4,2,4,0,2,4,4,0,1,7,
16,4,2,4,0,2,4,4,0,2,4,
14,4,3,4,0,3,4,4,0,2,5,
15,4,2,5,0,2,4,4,0,2,5,
15,4,2,5,0,3,4,4,0,2,5,
15,4,2,5,0,3,4,4,0,2,5,
17,4,2,4,0,2,3,3,0,1,4,
15,4,3,5,0,3,4,4,0,3,5,
14,4,2,5,0,3,4,4,0,2,5,
14,4,3,5,0,3,4,4,0,2,5,
14,4,2,5,0,3,4,4,0,2,5,
17,5,3,8,0,3,4,4,0,2,5,
14,5,3,5,0,3,4,4,0,2,5,
15,4,2,5,0,2,4,4,0,2,5,
14,4,2,4,0,2,3,3,0,1,4,
14,4,2,4,0,2,4,4,0,2,4,
14,4,2,4,0,2,4,3,0,1,4,
14,4,2,4,0,2,4,4,0,2,4,
14,4,2,4,0,2,4,4,0,2,4,
16,4,2,5,0,2,4,4,0,2,5,
15,4,2,5,0,3,4,4,0,2,5,
15,4,2,5,0,2,4,4,0,2,5,
15,4,2,5,0,3,4,4,0,2,5,
15,4,2,5,0,3,4,4,0,2,5,
15,5,2,5,0,3,4,4,0,2,5,
14,4,2,5,0,3,4,4,0,2,5,
14,4,3,5,0,3,4,4,0,2,5,
14,5,3,5,1,3,4,4,0,2,5,
14,5,3,5,0,3,4,4,0,2,5,
17,4,3,5,0,3,4,4,0,2,5,
14,4,2,4,0,2,4,4,0,1,4,
14,4,2,4,0,2,4,4,0,2,4,
14,4,2,4,0,2,4,4,0,1,4,
14,4,2,4,0,2,4,4,0,2,4,
14,4,2,4,0,3,4,4,0,2,4,
15,4,2,4,0,2,4,4,0,2,5,
17,5,5,7,0,5,5,6,0,5,5,
15,4,3,5,0,3,4,4,0,2,5,
14,4,2,5,0,2,4,4,0,2,5,
15,4,2,5,0,2,4,4,0,2,5,
15,4,2,5,0,2,4,4,0,2,5,
15,4,2,5,0,3,4,4,0,2,5,
15,4,2,5,0,3,4,4,0,2,5,
14,5,3,5,0,3,4,4,0,2,5,
14,5,3,5,1,3,4,4,0,2,5,
14,5,3,5,0,3,5,4,0,2,5,
15,5,3,4,0,3,5,3,0,2,6,
14,4,2,4,0,2,4,3,0,1,4,
14,5,3,5,0,3,4,4,0,2,5,
14,4,2,4,0,2,4,4,0,2,4,
14,5,3,5,1,3,5,5,0,3,5,
14,4,2,4,0,2,4,4,0,2,4,
17,4,2,7,0,2,4,7,0,2,4,
15,4,2,5,0,3,4,4,0,2,5,
14,4,2,4,0,2,4,4,0,2,4,
18,5,3,6,0,3,5,5,0,3,6,
15,4,2,5,0,2,4,4,0,2,5,
15,4,2,5,0,3,4,4,0,2,5,
14,4,2,5,0,3,4,4,0,2,5,
15,6,2,6,0,6,6,6,0,2,6,
21,5,3,5,0,3,5,4,0,2,5,
15,4,3,5,0,3,4,4,0,2,5,
15,4,2,5,0,2,4,4,0,2,5,
15,4,2,5,0,3,4,4,0,2,5,
16,4,2,5,0,2,4,4,0,2,5,
14,5,3,5,0,3,4,4,0,2,5,
15,5,3,4,0,3,5,3,0,3,6,
14,5,3,5,0,3,5,4,0,2,5,
14,4,2,4,0,2,4,4,0,2,4,
15,4,2,3,0,2,4,3,0,1,5,
14,4,2,4,0,2,4,4,0,2,4,
14,5,3,5,1,4,5,5,0,3,5,
14,4,2,4,0,2,4,4,0,1,4,
15,4,2,4,0,2,4,4,0,2,5,
14,4,2,4,0,2,4,4,0,2,4,
17,4,2,5,0,3,4,4,0,2,5,
15,4,2,5,0,2,4,4,0,2,5,
15,4,2,5,0,3,4,4,0,2,5,
15,4,2,5,0,2,4,4,0,2,5,
15,4,2,5,0,3,4,4,0,2,5,
18,4,2,5,0,3,4,4,0,2,5,
14,5,3,5,0,3,4,4,0,2,5,
17,4,3,5,0,3,4,4,0,3,5,
16,4,2,5,0,2,4,4,0,2,5,
14,5,3,5,0,3,4,4,0,2,5,
14,5,3,5,0,3,4,4,0,2,5,
14,4,2,4,0,2,3,3,0,1,4,
14,5,3,5,1,4,5,5,0,3,5,
15,4,2,5,0,2,4,4,0,1,4,
15,4,2,4,0,2,4,4,0,2,5,
14,4,2,4,0,2,4,4,0,2,4,
15,4,2,5,0,2,4,4,0,2,5,
15,4,2,5,0,3,4,4,0,2,5,
15,4,2,5,0,3,4,4,0,2,5,
15,4,2,5,0,3,4,4,0,2,5,
15,4,2,5,0,2,4,4,0,2,5,
14,5,2,5,0,3,4,4,0,2,5,
15,4,2,5,0,3,4,4,0,2,5,
14,4,3,5,0,3,4,4,0,2,5,
14,5,3,5,0,3,4,4,0,2,5,
14,5,3,5,0,3,4,4,0,2,5,
14,5,3,5,0,3,4,4,0,2,5,
14,5,3,5,0,3,4,4,0,2,5,
14,4,2,4,0,2,4,4,0,1,4,
14,5,3,5,1,4,5,5,0,3,5,
17,4,2,5,0,2,4,4,0,2,5,
15,4,2,4,0,3,4,4,0,2,4,
14,4,2,4,0,2,4,4,0,1,4,
15,4,2,5,0,3,4,4,0,2,5,
15,4,3,5,0,3,4,4,0,2,5,
15,4,2,5,0,2,4,4,0,2,5,
16,4,2,5,0,3,4,4,0,2,5,
15,4,2,5,0,3,4,4,0,2,5,
15,5,5,5,0,5,4,4,0,4,5,
15,5,2,5,0,3,4,4,0,2,5,
17,8,3,5,0,3,7,4,0,2,8,
14,5,3,5,0,3,4,4,0,2,5,
14,5,3,5,0,3,4,4,0,2,5,
14,5,3,5,0,3,4,4,0,2,5,
14,4,2,4,0,2,3,3,0,1,4,
14,4,2,4,0,2,4,4,0,2,4,
15,4,2,4,0,2,3,4,0,2,4,
14,4,2,4,0,3,4,4,0,2,4,
15,4,2,5,0,3,4,4,0,2,5,
14,4,2,4,0,3,4,4,0,2,5,
14,4,2,4,0,3,4,4,0,2,4,
14,4,2,4,0,2,4,4,0,2,4,
14,4,2,4,0,2,4,4,0,2,4,
16,6,2,6,0,2,6,6,0,2,6,
15,4,2,5,0,3,4,4,0,2,5,
15,4,3,5,0,3,4,4,0,2,5,
15,4,2,5,0,3,4,4,0,2,5,
15,4,2,5,0,3,4,4,0,2,5,
14,4,2,5,0,3,4,4,0,2,5,
14,4,2,5,0,3,4,4,0,2,5,
14,5,3,5,0,3,4,4,0,2,5,
14,5,3,5,0,3,4,5,0,3,5,
15,4,2,5,0,3,4,4,0,2,5,
14,4,2,4,0,2,4,4,0,1,4,
18,4,2,4,0,2,4,4,0,2,5,
14,4,2,4,0,2,3,4,0,1,4,
14,5,3,5,1,3,5,5,0,3,5,
14,4,2,4,0,2,4,4,0,1,4,
14,4,2,4,0,2,4,4,0,2,4,
14,4,2,4,0,2,4,4,0,2,4,
15,4,2,5,0,2,4,4,0,2,5,
16,6,2,6,0,2,6,6,0,2,6,
15,4,2,5,0,3,4,4,0,2,5,
15,4,2,5,0,2,4,4,0,2,5,
15,4,2,5,0,3,4,4,0,2,5,
14,4,2,5,0,3,4,4,0,2,5,
14,5,3,5,0,3,4,4,0,2,5,
14,5,3,5,0,3,4,4,0,3,5,
14,5,3,5,0,3,4,4,0,2,5,
14,4,5,4,0,5,4,4,0,5,5,
14,5,3,5,0,3,4,4,0,3,5,
17,7,2,4,0,2,6,4,0,1,7,
14,5,3,5,1,3,5,5,0,2,5,
14,4,2,4,0,2,4,4,0,1,4,
14,4,2,4,0,2,4,4,0,2,4,
14,4,2,4,0,2,4,4,0,1,4,
15,4,2,5,0,3,4,4,0,2,5,
14,4,2,4,0,2,4,4,0,2,5,
15,4,3,5,0,3,4,4,0,2,5,
17,6,4,7,0,4,6,6,0,4,7,
15,5,3,5,0,3,4,4,0,2,5,
15,5,3,5,0,3,4,4,0,2,5,
14,5,3,5,0,3,4,4,0,2,5,
14,5,3,5,0,3,4,4,0,3,5,
14,5,3,5,0,3,4,4,0,2,5,
15,4,2,4,0,2,3,3,0,1,4,
14,5,3,5,0,3,4,4,0,2,5,
14,5,3,5,1,3,4,4,0,2,5,
14,4,2,4,0,2,3,3,0,1,4,
15,6,3,4,0,4,5,3,0,3,6,
14,4,2,4,0,2,4,4,0,1,4,
15,4,2,4,0,2,4,4,0,2,4,
15,4,2,4,0,2,4,4,0,2,5,
14,4,2,4,0,2,4,4,0,2,4,
15,4,3,5,0,3,4,4,0,2,5,
15,4,2,5,0,2,4,4,0,2,5,
15,4,2,5,0,3,4,4,0,2,5,
18,4,2,5,0,3,4,4,0,2,5,
15,5,3,5,0,3,4,4,0,2,5,
15,5,3,5,0,3,4,4,0,2,5,
14,5,3,5,0,3,4,4,0,2,5,
14,5,3,5,0,3,4,4,0,2,5,
14,5,3,5,0,3,4,4,0,2,5,
14,5,3,5,0,3,4,4,0,2,5,
14,5,3,5,0,3,4,4,0,2,5,
14,5,3,5,0,4,4,4,0,3,5,
14,4,2,4,0,2,4,4,0,1,4,
16,5,2,3,0,2,5,3,0,2,6,
14,4,2,4,0,2,4,4,0,2,4,
15,4,2,5,0,2,4,4,0,2,5,
15,4,3,5,0,3,4,4,0,2,5,
15,4,2,5,0,2,4,4,0,2,5,
15,4,2,5,0,2,4,4,0,2,5,
16,4,2,7,0,3,4,6,0,2,4,
15,4,2,5,0,3,4,4,0,2,5,
14,4,2,5,0,3,4,4,0,2,5,
15,5,3,5,0,3,4,4,0,3,5,
14,5,2,5,0,3,4,4,0,2,5,
14,5,2,5,0,3,4,4,0,2,5,
14,5,3,5,0,3,4,4,0,2,5,
16,6,2,6,0,2,6,6,0,1,6,
14,5,3,5,0,4,5,4,0,3,5,
14,4,2,4,0,2,4,3,0,1,4,
14,4,2,4,0,2,4,4,0,1,4,
15,4,2,5,0,2,4,4,0,2,5,
14,4,2,4,0,2,4,4,0,2,4,
15,4,2,4,0,3,4,4,0,2,5,
14,4,2,4,0,2,4,4,0,2,5,
34,4,2,4,0,2,4,4,0,1,5,
14,5,3,5,0,3,4,4,0,2,5,
15,4,2,5,0,2,4,4,0,2,5,
17,4,2,4,0,2,4,4,0,2,4,
14,4,2,5,0,3,4,4,0,2,5,
14,4,2,5,0,2,4,4,0,2,5,
14,4,2,5,0,3,4,4,0,2,5,
14,4,2,5,0,3,4,4,0,2,5,
14,5,2,5,1,3,4,4,0,2,5,
14,5,3,5,0,3,4,4,0,3,5,
16,6,4,6,0,4,6,6,0,4,6,
14,4,2,4,0,2,3,3,0,1,4,
14,4,2,4,0,2,4,4,0,1,4,
14,4,2,4,0,2,4,4,0,1,4,
14,5,3,5,1,3,5,5,0,3,5,
14,4,2,4,0,2,4,4,0,1,4,
15,4,2,5,0,2,4,4,0,1,5,
15,4,2,5,0,2,4,4,0,2,5,
15,4,5,5,0,5,3,4,0,5,4,
15,4,2,5,0,2,4,4,0,1,5,
17,7,3,4,0,3,6,4,0,2,7,
15,4,2,5,0,2,4,4,0,2,5,
14,4,2,5,0,3,4,4,0,2,5,
14,4,2,5,0,2,4,4,0,2,5,
14,5,3,5,0,3,4,4,0,2,5,
14,5,2,5,0,3,4,4,0,2,5,
14,5,2,5,1,3,4,4,0,2,5,
14,4,2,4,0,2,3,3,0,1,4,
16,6,4,6,0,4,6,6,0,4,6,
14,4,2,4,0,2,4,4,0,1,4,
14,4,2,4,0,3,4,4,0,2,4,
14,4,1,4,0,2,4,4,0,1,4,
14,4,2,4,0,2,4,4,0,2,4,
14,4,2,4,0,2,4,4,0,2,5,
17,4,2,5,0,2,4,4,0,2,5,
15,4,2,4,0,2,4,4,0,2,5,
15,4,3,5,0,3,4,4,0,2,5,
15,4,2,5,0,2,4,4,0,2,5,
15,5,2,4,0,3,5,4,0,2,5,
14,4,2,5,0,3,4,4,0,2,5,
14,4,3,5,0,3,4,4,0,2,5,
14,4,3,5,0,3,4,4,0,2,5,
14,5,2,5,1,3,4,4,0,2,5,
14,5,3,5,1,3,4,4,0,2,5,
14,4,2,4,0,2,3,3,0,1,4,
14,4,1,4,0,2,3,3,0,1,4,
17,5,3,5,1,3,5,5,0,3,5,
15,4,2,4,0,2,4,4,0,1,4,
14,4,2,4,0,2,4,4,0,2,4,
14,4,2,4,0,2,4,4,0,2,4,
15,4,2,4,0,2,4,4,0,1,5,
15,4,2,4,0,2,4,4,0,2,5,
15,4,2,5,0,3,4,4,0,2,5,
15,4,2,5,0,2,4,4,0,2,5,
15,4,2,5,0,3,4,4,0,2,5,
15,4,2,4,0,2,4,4,0,2,5,
14,4,2,4,0,2,4,4,0,2,5,
14,5,2,5,0,3,4,4,0,2,5,
16,5,2,5,0,2,4,4,0,2,5,
14,5,2,5,1,3,4,4,0,2,5,
14,4,2,4,0,2,3,3,0,1,4,
15,4,2,5,0,2,3,4,0,1,4,
18,4,2,8,0,3,4,7,0,2,4,
14,4,2,4,0,2,4,4,0,1,4,
15,5,2,5,0,2,4,4,0,2,5,
14,4,2,4,0,2,4,4,0,2,4,
14,4,2,4,0,2,4,4,0,1,4,
14,4,2,4,0,2,4,4,0,2,5,
15,4,2,5,0,3,4,4,0,2,5,
17,4,2,7,0,2,4,4,0,2,7,
15,4,2,5,0,2,4,4,0,2,5,
15,4,2,5,0,2,4,4,0,2,5,
15,4,2,5,0,3,4,4,0,2,5,
14,4,3,5,0,3,4,4,0,2,5,
15,5,2,4,0,2,5,4,0,2,6,
14,5,2,5,1,3,4,4,0,2,5,
14,4,2,4,0,2,4,3,0,1,4,
14,4,2,4,0,2,3,3,0,1,4,
16,5,3,5,0,3,4,4,0,2,5,
14,4,2,4,0,2,4,4,0,1,4,
17,4,2,4,0,2,4,4,0,1,4,
14,4,2,4,0,2,4,4,0,2,4,
15,4,2,5,0,2,4,4,0,2,5,
14,4,2,4,0,2,4,4,0,2,5,
15,4,2,5,0,3,4,4,0,2,5,
15,4,2,5,0,2,4,4,0,2,5,
15,5,2,5,0,3,4,4,0,2,5,
18,5,5,8,1,5,5,8,0,5,5,
15,5,2,5,1,3,4,4,0,2,5,
14,5,3,5,0,3,4,4,0,3,5,
14,5,2,5,1,2,4,4,0,2,5,
14,5,2,5,1,3,4,4,0,2,5,
14,5,3,5,1,3,4,4,0,2,5,
14,5,3,5,0,3,4,4,0,2,5,
15,5,3,5,1,3,4,4,0,3,5,
14,4,1,4,0,2,4,4,0,1,4,
15,4,2,5,0,2,4,4,0,2,4,
15,4,2,4,0,2,4,4,0,2,5,
14,4,2,4,0,2,4,4,0,1,4,
15,4,2,4,0,2,4,4,0,1,4,
15,5,2,4,0,3,4,4,0,2,5,
17,5,2,5,0,2,4,4,0,2,5,
14,4,2,4,0,3,4,4,0,2,5,
15,4,2,5,0,2,3,4,0,2,4,
15,4,2,5,0,3,4,4,0,2,5,
15,5,3,5,0,3,4,4,0,2,5,
14,4,4,5,0,4,4,4,0,4,5,
14,5,3,5,0,3,4,4,0,2,5,
14,4,2,4,0,2,3,4,0,2,4,
14,5,3,5,1,3,4,4,0,2,5,
17,4,2,7,0,2,4,4,0,1,7,
14,4,2,4,0,2,4,4,0,1,4,
14,4,2,4,0,2,3,4,0,1,4,
14,4,2,4,0,2,4,4,0,1,4,
14,4,2,4,0,2,4,4,0,2,4,
15,4,2,4,0,2,4,4,0,1,5,
15,4,2,5,0,2,4,4,0,2,5,
14,4,2,4,0,3,4,4,0,2,5,
16,4,5,5,0,6,4,4,0,5,5,
14,5,3,5,1,3,4,4,0,2,5,
15,4,2,5,0,2,4,4,0,2,5,
15,4,2,5,1,3,4,4,0,2,5,
15,5,3,5,0,3,4,4,0,2,5,
14,5,2,5,0,3,4,4,0,2,5,
15,5,3,5,0,3,4,4,0,2,5,
14,5,3,5,1,3,4,4,0,2,5,
14,5,3,5,1,3,4,4,0,2,5,
14,4,2,4,0,2,3,3,0,1,4,
16,6,3,6,0,3,5,5,0,3,6,
17,4,3,5,0,3,4,4,0,2,5,
14,4,2,4,0,2,4,4,0,1,4,
14,4,2,4,0,2,4,4,0,1,4,
15,4,2,4,0,2,4,4,0,2,4,
15,4,2,5,0,2,4,4,0,2,5,
15,4,2,5,0,3,4,4,0,2,5,
14,4,2,4,0,2,4,4,0,2,5,
16,4,5,5,0,6,4,4,0,2,5,
14,4,2,4,0,2,4,4,0,1,4,
15,4,2,5,0,3,4,4,0,2,5,
17,5,2,5,0,3,4,4,0,2,5,
14,5,2,5,0,3,4,4,0,2,5,
14,4,2,5,0,3,4,4,0,2,5,
14,5,3,5,0,3,4,4,0,2,5,
14,5,3,5,0,3,4,4,0,2,5,
17,4,2,7,0,2,3,4,0,1,4,
14,5,3,5,1,3,4,4,0,2,5,
16,4,2,4,0,2,4,4,0,2,5,
14,4,2,4,0,2,4,4,0,2,4,
14,4,2,4,0,2,4,4,0,2,4,
14,4,2,4,0,2,4,4,0,2,4,
14,4,2,4,0,3,4,4,0,2,5,
15,4,2,4,0,2,4,4,0,2,5,
15,4,2,4,0,2,4,4,0,2,5,
15,4,2,5,0,2,4,4,0,2,5,
17,4,7,5,0,7,4,4,0,6,5,
15,5,2,5,0,3,4,4,0,2,5,
17,8,2,5,0,3,7,4,0,2,8,
14,4,2,5,0,3,4,4,0,2,5,
14,5,3,5,0,3,4,4,0,2,5,
14,5,3,5,0,3,4,4,0,2,5,
14,4,2,4,0,2,3,4,0,1,4,
14,5,3,5,1,3,4,4,0,2,5,
15,3,2,5,0,2,3,5,0,1,4,
14,4,2,4,0,2,4,4,0,1,4,
15,5,3,5,1,3,4,4,0,2,5,
14,4,2,4,0,2,4,4,0,2,4,
15,4,2,5,0,3,4,4,0,2,5,
15,4,2,5,0,2,4,4,0,2,5,
15,4,2,5,0,3,4,4,0,2,5,
15,4,2,5,0,3,4,4,0,2,5,
15,4,2,5,0,3,4,4,0,2,5,
15,4,2,5,0,3,4,4,0,2,5,
15,5,3,5,0,3,4,4,0,2,5,
14,4,2,5,0,3,4,4,0,2,5,
14,4,2,4,0,2,3,3,0,1,4,
14,5,3,5,0,3,4,4,0,2,5,
14,5,3,5,1,3,4,4,0,2,5,
15,5,6,5,1,6,4,4,0,6,5,
14,4,2,4,0,2,3,3,0,1,4,
14,4,2,4,0,2,3,3,0,1,4,
14,4,2,4,0,2,4,4,0,1,4,
14,4,2,4,0,2,4,4,0,2,4,
14,4,2,4,0,2,4,4,0,2,5,
14,4,2,4,0,2,4,4,0,2,5,
15,4,2,4,0,2,4,4,0,2,5,
15,4,2,5,0,3,4,4,0,2,5,
15,4,2,5,0,2,4,4,0,2,5,
17,4,2,7,0,3,4,4,0,2,7,
15,4,3,5,0,3,4,4,0,2,5,
14,4,2,5,0,3,4,4,0,2,5,
14,4,2,5,0,3,4,4,0,2,5,
14,5,2,5,0,3,4,4,0,2,5,
14,5,2,5,1,3,4,4,0,2,5,
14,5,2,5,0,3,4,4,0,2,5,
14,4,2,4,0,2,3,3,0,1,4,
14,4,4,4,0,4,3,3,0,4,4,
15,4,2,5,0,2,4,4,0,2,5,
14,4,2,4,0,2,4,4,0,2,4,
17,4,2,4,0,2,3,3,0,1,4,
15,4,2,4,0,2,4,4,0,2,5,
14,4,2,4,0,2,4,4,0,2,4,
15,4,2,4,0,2,4,4,0,2,5,
15,4,5,5,0,5,4,4,0,4,5,
15,4,2,5,0,2,4,4,0,2,5,
15,4,2,5,0,3,4,4,0,2,5,
18,4,2,5,0,2,4,4,0,2,5,
15,4,2,5,0,2,4,4,0,2,5,
14,5,2,5,0,3,4,4,0,2,5,
14,5,2,5,0,3,4,4,0,2,5,
14,5,2,5,0,3,4,4,0,2,5,
14,4,2,4,0,2,4,3,0,1,4,
14,4,2,4,0,2,4,3,0,1,4,
14,4,2,4,0,2,4,4,0,1,4,
15,3,5,4,0,5,3,3,0,4,4,
14,4,1,4,0,2,4,4,0,1,4,
14,4,2,4,0,2,4,4,0,2,4,
15,4,2,4,0,2,4,4,0,2,5,
14,4,2,4,0,2,4,4,0,2,5,
15,4,2,5,0,2,4,4,0,2,5,
15,4,2,5,0,3,4,4,0,2,5,
15,4,2,5,0,3,4,4,0,2,5,
17,4,2,7,0,3,4,6,0,2,4,
15,4,2,5,0,3,4,4,0,2,5,
15,5,2,5,0,3,4,4,0,2,5,
15,5,2,5,0,3,4,4,0,2,5,
14,5,2,5,0,3,4,4,0,2,5,
14,5,2,5,0,3,4,4,0,2,5,
14,5,2,5,0,3,4,4,0,2,5,
14,5,3,5,1,3,4,4,0,2,5,
15,4,2,4,0,2,4,4,0,2,4,
14,4,2,4,0,2,4,4,0,1,4,
14,4,2,4,0,2,4,4,0,1,4,
14,4,2,4,0,2,4,4,0,2,4,
14,4,2,4,0,2,4,4,0,2,4,
15,4,2,5,0,2,4,4,0,2,5,
15,4,2,5,0,2,4,4,0,2,5,
16,4,5,5,0,6,4,4,0,2,5,
15,4,2,5,0,3,4,4,0,2,5,
15,4,2,5,0,2,4,4,0,2,5,
17,5,3,5,1,3,4,4,0,2,5,
14,5,2,5,1,3,4,4,0,2,5,
14,4,2,5,0,3,4,4,0,2,5,
14,5,3,5,0,3,4,4,0,2,5,
14,5,2,5,0,3,4,4,0,2,5,
14,4,2,4,0,2,3,3,0,1,4,
14,4,2,4,0,2,4,4,0,1,4,
14,4,2,4,0,2,4,3,0,1,4,
14,4,2,4,0,2,4,4,0,2,4,
14,4,2,4,0,2,4,4,0,2,4,
15,4,2,4,0,2,4,4,0,2,5,
15,4,2,5,0,2,4,4,0,2,5,
15,4,2,5,0,2,4,4,0,2,5,
15,4,2,4,0,2,4,4,0,2,5,
15,4,2,4,0,2,4,4,0,2,5,
15,4,4,5,0,5,4,4,0,4,5,
15,4,2,5,0,2,4,4,0,2,5,
18,4,2,5,0,3,4,4,0,2,8,
16,4,2,4,0,2,4,4,0,1,4,
14,5,3,5,1,3,4,4,0,2,5,
14,4,2,5,0,3,4,4,0,2,5,
14,4,2,4,0,2,4,4,0,1,4,
14,5,3,5,1,3,4,4,0,3,5,
14,4,2,4,0,2,4,4,0,1,4,
14,4,2,4,0,2,4,4,0,1,4,
18,8,3,8,0,3,6,6,0,3,8,
17,4,2,5,0,2,4,4,0,2,5,
15,4,2,5,0,2,4,4,0,2,5,
15,4,2,4,0,2,4,4,0,2,5,
15,4,2,5,0,3,4,4,0,2,5,
15,4,2,5,0,2,3,4,0,2,4,
16,4,2,5,2,2,4,4,0,2,5,
15,4,3,5,0,3,4,4,0,2,5,
15,5,4,5,0,4,5,5,0,3,5,
14,5,2,5,0,3,4,4,0,2,5,
17,7,2,5,0,3,4,4,0,2,8,
15,4,2,4,0,2,4,4,0,1,4,
14,4,2,4,0,2,4,4,0,1,4,
14,4,2,4,0,2,4,4,0,1,4,
15,4,2,4,0,2,4,4,0,2,5,
14,4,2,4,0,2,4,4,0,2,4,
15,4,2,5,0,2,3,4,0,2,4,
15,4,2,5,0,2,4,4,0,2,5,
15,4,2,5,0,2,4,4,0,2,5,
15,4,2,5,0,3,4,4,0,2,5,
15,5,2,5,0,3,4,4,0,2,5,
14,4,2,5,0,3,4,4,0,2,5,
14,5,2,5,0,3,4,4,0,2,5,
14,5,3,5,1,3,4,4,0,2,5,
14,4,2,4,0,2,4,4,0,1,4,
14,4,2,4,0,2,4,4,0,1,4,
14,4,2,4,0,2,4,4,0,2,4,
15,4,2,4,0,2,4,4,0,2,4,
15,4,2,4,0,2,4,4,0,2,5,
15,4,2,5,0,2,4,4,0,2,5,
32,4,2,5,0,22,4,4,0,22,5,
34,4,2,5,0,3,4,24,0,2,5,
18,4,2,5,0,3,4,4,0,2,5,
14,5,2,5,0,3,4,4,0,2,5,
14,5,2,5,1,3,4,4,0,2,5,
35,5,3,5,1,3,25,4,0,2,26,
14,4,2,4,0,2,3,3,0,1,4,
14,4,1,4,0,2,3,3,0,1,4,
14,4,2,4,0,2,3,4,0,1,4,
15,4,2,4,0,2,3,4,0,1,4,
14,4,2,4,0,2,4,4,0,2,4,
36,6,4,26,0,4,5,26,24,4,6,
15,4,2,5,1,3,4,4,0,2,5,
14,4,2,4,0,3,4,4,0,2,4,
15,4,3,5,0,3,4,4,0,2,5,
15,4,3,5,0,3,4,4,0,2,5,
14,4,3,5,0,3,4,4,0,2,5,
14,4,2,5,0,3,4,4,0,2,5,
14,5,3,5,0,3,4,4,0,3,5,
15,4,1,4,0,5,3,3,0,1,4,
16,5,3,5,1,3,5,4,0,2,7,
14,4,2,4,0,2,3,3,0,1,4,
16,4,2,5,0,3,4,4,0,2,5,
16,4,2,4,0,2,3,3,0,1,4,
14,4,2,4,0,2,4,4,0,2,4,
14,4,2,4,0,2,4,4,0,2,5,
15,4,2,5,0,2,4,4,0,2,5,
15,4,2,5,0,2,4,4,0,2,5,
15,4,2,5,0,3,4,4,0,2,5,
17,5,5,7,0,5,5,6,0,5,5,
15,4,2,6,0,3,4,5,0,2,5,
14,5,3,5,0,3,4,4,0,2,5,
14,4,2,4,0,2,3,3,0,1,4,
14,5,3,5,1,3,5,4,0,2,5,
14,4,2,4,0,2,3,3,0,1,4,
16,5,3,5,1,3,4,4,0,2,5,
16,4,2,4,0,2,4,4,0,2,4,
14,4,2,4,0,2,4,4,0,1,4,
15,4,2,5,0,2,4,4,0,2,5,
15,5,2,3,0,2,4,3,0,2,5,
14,4,2,4,0,2,4,4,0,2,5,
15,4,2,4,0,2,4,4,0,2,5,
15,4,2,5,0,3,4,4,0,2,5,
15,4,2,5,0,3,4,4,0,2,5,
14,5,3,5,0,3,4,4,0,2,5,
16,5,2,7,0,3,4,7,0,2,5,
14,5,3,5,1,3,4,4,0,2,5,
14,5,3,5,1,3,4,4,0,2,5,
16,4,2,4,0,3,4,4,0,2,4,
14,4,2,4,0,2,4,4,0,2,5,
14,4,2,4,0,2,4,4,0,2,4,
14,4,2,4,0,2,4,4,0,2,4,
16,6,2,6,0,2,6,6,0,2,6,
14,4,2,4,0,2,4,4,0,2,5,
15,4,2,4,0,2,4,4,0,2,5,
15,4,2,5,0,3,4,4,0,2,5,
14,4,2,5,0,3,4,4,0,2,5,
14,4,2,5,0,3,4,4,0,2,5,
14,4,2,4,0,2,3,3,0,1,4,
14,4,2,4,0,2,4,3,0,1,4,
15,5,5,5,1,6,4,4,0,5,5,
14,5,3,5,0,3,4,4,0,2,5,
17,7,2,4,0,2,6,4,0,1,7,
15,4,2,4,0,2,4,4,0,2,5,
14,4,2,4,0,2,4,4,0,2,4,
14,4,2,4,0,2,4,4,0,1,4,
15,4,2,4,0,2,4,4,0,2,4,
14,4,2,4,0,2,4,4,0,2,4,
15,4,2,5,0,2,4,4,0,2,5,
15,4,2,5,0,3,4,4,0,2,5,
18,4,2,5,0,3,4,4,0,2,5,
15,4,2,5,0,3,4,4,0,2,5,
14,4,2,5,0,3,4,4,0,2,5,
14,4,2,5,0,3,4,4,0,2,5,
14,5,2,5,0,3,4,4,0,2,5,
14,5,2,5,0,3,4,4,0,2,5,
14,5,3,5,0,3,4,4,0,3,5,
14,4,2,4,0,2,3,3,0,1,4,
14,4,2,4,0,2,4,4,0,2,4,
14,4,2,4,0,2,4,4,0,1,4,
15,5,2,4,0,2,4,3,0,2,5,
14,4,2,4,0,2,4,4,0,2,5,
15,4,2,5,0,2,4,4,0,2,5,
15,4,2,5,0,3,4,4,0,2,5,
15,4,2,5,0,2,4,4,0,2,5,
14,4,2,5,0,3,4,4,0,2,5,
15,4,2,6,0,3,4,5,0,2,4,
14,5,2,5,0,3,4,4,0,2,5,
14,5,3,5,1,3,4,4,0,2,5,
32,5,3,5,0,23,4,4,0,2,5,
14,4,2,4,0,2,3,3,0,1,4,
14,4,2,4,0,2,4,4,0,1,4,
15,4,2,4,0,2,4,4,0,2,5,
14,4,2,4,0,2,4,4,0,1,4,
16,4,2,5,0,2,4,4,0,2,5,
15,4,2,5,0,3,4,4,0,2,5,
15,4,2,5,0,3,4,4,0,2,5,
15,4,2,5,0,3,4,4,0,2,5,
14,5,2,5,0,3,4,4,0,2,5,
14,4,2,5,0,3,4,4,0,2,5,
14,5,3,5,1,3,4,4,0,2,5,
14,5,2,5,0,3,4,4,0,2,5,
14,5,3,5,1,3,4,4,0,2,5,
14,4,2,4,0,2,4,4,0,1,4,
14,4,2,4,0,2,4,4,0,2,4,
15,4,2,5,0,2,4,4,0,2,5,
15,4,2,5,0,2,4,4,0,2,5,
15,4,2,5,0,3,4,4,0,2,5,
37,27,2,5,0,3,4,4,0,2,5,
15,5,2,5,0,3,4,4,0,2,5,
14,4,2,5,0,3,4,4,0,2,5,
16,6,3,7,3,3,6,6,0,3,7,
32,5,23,5,0,3,4,4,0,2,5,
14,5,3,5,0,3,4,4,0,2,5,
14,4,2,4,0,2,4,4,0,2,4,
14,4,2,4,0,3,3,3,0,1,4,
14,4,2,4,0,2,4,4,0,1,4,
14,4,2,4,0,2,4,4,0,2,4,
14,4,2,5,0,2,4,4,0,2,5,
17,4,6,4,0,6,4,4,0,6,4,
15,4,2,5,0,2,4,4,0,2,5,
30,4,2,5,20,2,4,4,0,2,8,
14,4,2,4,0,2,4,4,0,1,4,
14,4,2,5,0,3,4,4,0,2,5,
14,5,3,5,0,3,4,4,0,2,5,
14,5,3,5,0,3,4,5,0,2,5,
14,5,3,5,1,3,4,4,0,2,5,
14,4,2,4,0,2,3,3,0,1,4,
15,4,2,5,0,2,4,4,0,2,5,
16,2,1,3,0,1,2,3,0,0,3,
16,4,2,4,0,2,3,3,0,1,4,
14,4,2,4,0,2,4,4,0,2,5,
15,4,2,4,0,2,4,4,0,2,5,
35,4,2,5,0,2,4,4,0,2,25,
15,5,2,5,1,3,4,4,0,2,5,
15,4,3,5,0,3,4,4,0,2,5,
14,4,2,5,0,3,4,4,0,2,5,
14,4,1,4,0,2,3,3,0,1,4,
14,4,2,4,0,2,3,4,0,1,4,
17,7,2,4,0,2,6,3,0,1,7,
14,4,2,4,0,2,4,4,0,1,4,
14,4,2,4,0,2,4,4,0,2,4,
14,4,2,4,0,2,4,4,0,2,4,
14,4,2,5,0,2,4,4,0,2,5,
15,4,2,5,0,2,4,4,0,2,5,
15,4,2,5,0,3,4,5,0,2,4,
15,4,3,5,0,3,4,4,0,2,5,
14,4,2,5,0,3,4,4,0,2,5,
14,4,2,5,0,3,4,4,0,2,5,
14,5,2,5,1,3,4,4,0,2,5,
14,4,2,4,0,2,3,3,0,1,4,
14,4,2,4,0,2,4,3,0,1,4,
14,4,2,4,0,2,4,4,0,1,4,
14,4,2,4,0,2,4,4,0,2,4,
14,4,2,4,0,2,4,4,0,2,5,
15,4,2,4,0,2,4,4,0,2,5,
15,4,2,5,0,2,4,4,0,2,5,
15,4,2,5,0,3,4,4,0,2,5,
15,4,2,5,0,3,4,4,0,2,5,
15,4,2,5,0,3,4,4,0,2,5,
14,4,2,5,0,3,4,4,0,2,5,
15,4,2,5,0,3,4,4,0,2,5,
14,4,2,4,0,2,3,3,0,1,4,
14,4,2,4,0,2,3,3,0,1,4,
15,4,2,5,0,2,4,4,0,2,5,
14,4,2,4,0,2,4,4,0,1,4,
14,4,2,4,0,2,4,4,0,2,4,
15,4,5,4,0,5,4,4,0,4,4,
15,4,2,5,0,3,4,4,0,2,5,
15,4,2,5,0,2,4,4,0,2,5,
17,6,4,7,0,4,6,6,0,4,7,
15,4,2,5,1,3,4,4,0,2,5,
14,4,2,5,0,3,4,4,0,2,5,
14,4,2,4,0,2,3,3,0,1,4,
14,4,2,4,0,2,3,3,0,1,4,
14,5,2,5,1,3,4,4,0,2,5,
14,4,2,4,0,2,4,4,0,1,4,
14,4,2,4,0,2,3,4,0,1,4,
15,4,2,4,0,5,4,4,0,2,4,
15,4,2,5,0,3,4,4,0,2,5,
14,4,2,4,0,2,4,4,0,2,4,
17,4,2,5,0,2,4,4,0,2,5,
14,4,2,4,0,2,4,4,0,2,5,
15,4,2,5,0,2,4,4,0,2,5,
15,4,2,5,0,3,4,4,0,2,5,
15,4,2,4,0,2,4,4,0,2,5,
15,4,2,5,0,2,4,4,0,2,5,
14,4,2,5,1,3,4,4,0,2,5,
16,7,2,7,1,3,7,7,0,2,7,
14,4,2,5,0,3,4,4,0,2,5,
14,4,1,4,0,2,3,3,0,1,4,
14,4,1,4,0,2,3,3,0,1,4,
14,4,2,4,0,2,4,4,0,1,4,
14,4,2,4,0,2,4,4,0,2,4,
14,4,2,4,0,2,4,4,0,1,4,
14,4,2,4,0,2,4,4,0,2,5,
15,4,2,4,0,2,4,4,0,2,5,
14,4,2,4,0,2,4,4,0,2,5,
17,7,2,4,0,2,6,4,0,2,7,
15,4,2,5,0,2,4,4,0,2,5,
35,3,1,4,0,2,3,3,0,1,4,
15,4,2,4,0,2,4,4,0,2,5,
15,4,2,5,0,3,4,4,0,2,5,
14,4,2,5,1,3,4,4,0,2,5,
14,5,2,5,1,3,4,4,0,2,5,
14,4,2,5,0,3,4,4,0,2,5,
17,3,1,4,0,1,3,3,0,0,4,
15,4,2,4,0,2,4,4,0,2,4,
14,4,2,4,0,2,3,3,0,1,4,
14,4,2,4,0,2,4,4,0,1,4,
14,4,2,4,0,2,4,4,0,1,4,
14,4,2,4,0,2,4,4,0,2,4,
15,4,2,4,0,2,4,4,0,2,4,
15,4,2,4,0,2,4,4,0,2,5,
15,4,2,5,0,2,4,4,0,2,5,
16,4,2,5,0,3,4,4,0,2,5,
17,7,2,5,0,2,7,4,0,2,8,
14,4,2,4,0,2,4,4,0,2,4,
14,5,2,5,1,3,4,4,0,2,5,
14,4,2,5,1,2,4,4,0,2,5,
16,4,2,5,0,3,4,4,0,2,5,
14,4,2,4,0,2,3,3,0,1,4,
17,4,1,7,0,2,3,6,0,1,4,
14,4,2,4,0,2,3,3,0,1,4,
15,4,2,4,0,2,4,4,0,1,4,
14,4,2,4,0,2,3,3,0,1,4,
14,4,2,4,0,2,3,3,0,1,4,
14,4,2,4,0,2,4,4,0,1,4,
14,4,2,4,0,2,4,4,0,2,4,
15,4,2,4,0,2,4,4,0,2,4,
17,4,2,4,0,2,4,4,0,2,5,
15,4,2,5,0,3,4,4,0,2,5,
15,5,4,5,0,4,4,4,0,4,5,
14,4,2,5,0,2,4,4,0,2,5,
16,7,2,4,1,3,6,4,0,2,7,
14,4,1,4,0,2,3,3,0,1,4,
14,4,1,4,0,2,3,3,0,1,4,
14,4,1,4,0,2,3,3,0,1,4,
14,4,2,4,0,2,3,3,0,1,4,
14,4,1,4,0,2,3,3,0,1,4,
14,4,2,4,0,2,4,3,0,1,4,
14,4,2,4,0,2,3,3,0,1,4,
14,4,2,4,0,2,4,4,0,1,4,
14,4,2,4,0,2,4,4,0,2,4,
14,4,2,4,0,2,4,4,0,2,4,
14,4,2,4,0,2,4,4,0,1,5,
14,4,2,4,0,2,4,4,0,2,5,
15,4,2,5,0,2,4,4,0,2,5,
17,4,2,5,0,3,4,4,0,2,5,
15,4,2,5,0,3,4,4,0,2,5,
14,4,2,5,0,3,4,4,0,2,5,
14,5,2,5,1,3,4,4,0,2,5,
14,5,2,5,1,3,4,4,0,2,5,
14,5,2,5,1,3,4,4,0,2,5,
14,4,2,4,0,2,3,3,0,1,4,
15,4,5,4,0,5,3,3,0,1,4,
14,4,2,4,0,2,3,3,0,1,4,
14,4,2,4,0,2,3,3,0,1,4,
17,4,2,4,0,2,4,4,0,1,4,
14,4,2,4,0,2,4,4,0,2,4,
14,4,2,4,0,2,4,4,0,2,4,
17,4,2,4,0,2,4,4,0,2,4,
14,4,2,4,0,2,4,4,0,1,5,
15,4,2,4,0,2,4,4,0,2,5,
15,4,2,5,0,2,4,4,0,2,5,
16,4,2,7,0,2,4,4,0,2,7,
14,4,2,5,0,3,4,4,0,2,5,
14,4,2,5,0,3,4,4,0,2,5,
14,4,2,4,0,2,3,3,0,1,4,
14,4,1,4,0,2,3,3,0,1,4,
14,4,2,4,0,2,3,3,0,1,4,
14,4,2,4,0,2,3,3,0,1,4,
14,4,2,4,0,2,4,4,0,1,4,
15,4,5,4,0,5,4,4,0,5,4,
14,4,1,4,0,2,3,3,0,1,4,
14,4,2,4,0,2,4,4,0,2,4,
17,4,2,5,0,3,4,4,0,2,5,
15,4,2,5,0,2,4,4,0,2,5,
14,4,2,5,1,3,4,4,0,2,5,
14,4,2,5,0,3,4,4,0,2,5,
14,5,3,5,0,3,4,4,0,2,5,
17,5,2,8,1,3,4,4,0,2,5,
14,4,2,4,0,2,3,3,0,1,4,
17,3,1,4,0,1,3,3,0,0,4,
17,4,2,5,0,3,4,4,0,2,5,
14,4,2,4,0,2,3,4,0,2,4,
15,4,2,4,0,2,4,4,0,2,5,
14,4,2,4,0,2,4,4,0,2,5,
15,4,2,5,0,2,4,4,0,2,5,
36,4,2,5,0,2,4,4,0,2,4,
14,4,2,5,0,3,4,4,0,2,5,
14,4,2,5,0,3,4,4,0,2,5,
14,4,2,5,1,3,4,4,0,2,5,
15,6,2,4,0,3,6,3,0,2,6,
14,5,2,5,1,3,4,4,0,2,5,
14,4,2,4,0,2,3,3,0,2,4,
14,4,2,4,0,2,3,3,0,1,4,
14,4,2,4,0,2,3,3,0,1,4,
14,4,2,4,0,2,4,4,0,1,4,
17,4,2,4,0,2,4,4,0,1,4,
14,4,2,4,0,2,4,4,0,2,4,
16,4,2,4,0,2,4,4,0,2,4,
14,4,2,5,0,3,4,4,0,2,5,
14,4,2,5,0,2,4,4,0,2,5,
14,4,2,5,0,3,4,4,0,2,5,
14,4,2,5,0,3,4,4,0,2,5,
14,5,2,5,1,3,4,4,0,2,5,
14,4,1,4,0,2,3,3,0,1,4,
14,4,1,4,0,2,3,3,0,1,4,
14,4,2,4,0,2,3,3,0,1,4,
14,4,2,4,0,2,4,4,0,1,4,
16,4,2,4,0,2,4,4,0,2,4,
14,4,2,4,0,2,4,4,0,2,5,
20,4,2,4,0,2,3,3,0,1,4,
15,4,5,4,0,5,3,3,0,4,4,
14,4,2,5,0,2,4,4,0,2,5,
17,4,2,5,0,3,4,4,0,2,8,
16,4,2,4,0,2,4,4,0,1,4,
14,5,3,5,1,3,4,4,0,2,5,
14,4,2,4,0,2,3,3,0,1,4,
15,4,2,4,0,2,3,3,0,1,4,
14,4,2,4,0,2,3,3,0,1,4,
14,4,2,4,0,2,4,4,0,1,4,
14,4,2,4,0,2,4,4,0,2,4,
17,6,4,7,0,4,6,6,0,4,7,
17,4,2,4,0,2,3,4,0,1,4,
14,4,2,4,0,2,4,4,0,2,5,
14,4,2,5,0,2,4,4,0,2,5,
14,4,2,5,0,2,4,4,0,2,5,
14,4,2,5,0,3,4,4,0,2,5,
14,4,2,5,0,3,4,4,0,2,5,
14,5,2,5,1,3,4,4,0,2,5,
15,4,4,4,0,5,3,3,0,4,4,
14,4,2,4,0,2,4,4,0,2,4,
14,4,2,4,0,2,4,4,0,2,4,
17,4,2,5,0,2,4,4,0,2,5,
14,4,2,4,0,2,4,4,0,2,4,
15,4,2,4,0,2,4,4,0,2,5,
616,5,1,7,0,2,4,6,0,1,6,
517,6,4,9,0,4,5,8,0,3,6,
415,6,4,9,0,5,6,8,0,4,7,
313,5,4,6,0,4,5,6,0,3,6,
16,4,1,4,0,2,3,3,0,1,4,
16,4,2,6,0,2,3,5,0,2,4,
14,4,2,4,0,2,4,4,0,1,4,
15,4,2,4,0,2,4,4,0,2,5,
17,4,2,4,0,2,4,4,0,2,5,
15,4,2,5,0,2,4,4,0,2,5,
14,4,2,5,0,2,4,4,0,2,5,
14,4,2,5,0,3,4,4,0,2,5,
14,4,2,5,0,3,4,4,0,2,5,
15,4,2,5,0,3,4,4,0,2,5,
14,4,1,4,0,2,3,3,0,1,4,
14,4,2,4,0,2,3,3,0,1,4,
14,4,2,4,0,2,3,3,0,1,4,
14,4,2,4,0,2,4,4,0,1,4,
15,4,2,4,0,2,4,4,0,2,5,
14,4,2,4,0,2,4,4,0,2,5,
15,4,2,5,0,2,4,4,0,2,5,
15,4,2,5,0,3,4,4,0,2,5,
14,4,2,5,0,3,4,4,0,2,5,
15,4,2,6,0,3,4,6,0,2,5,
14,5,2,5,0,3,5,4,0,2,5,
14,4,1,4,0,2,3,3,0,1,4,
16,4,2,4,0,2,4,4,0,1,4,
15,4,2,5,0,2,4,4,0,2,4,
15,4,2,5,0,2,4,4,0,2,4,
15,4,2,5,0,2,4,4,0,2,5,
17,6,4,7,0,4,6,6,0,4,7,
18,4,2,5,0,2,4,4,0,2,5,
