13,5,6,0,5,5,5,2,5,5,5,3,5,5,5,3,5,5,5,3,4,4,4,3,4,4,3,4,2,3,5,
11,3,4,0,3,4,3,2,3,3,3,2,4,4,7,2,3,3,3,2,3,3,3,2,3,3,2,2,2,2,4,
9,3,5,0,2,3,2,1,2,3,2,1,2,3,2,1,2,3,2,1,2,2,2,1,2,2,2,1,1,1,2,
9,4,5,0,4,5,4,2,4,5,4,3,3,4,4,2,3,4,3,2,3,4,3,2,3,3,2,2,2,3,3,
10,5,5,0,4,5,4,1,4,4,4,2,3,4,5,2,4,5,4,2,3,3,4,2,3,4,3,2,2,2,4,
9,4,4,0,3,4,3,1,3,4,3,1,3,4,3,1,3,3,3,1,2,3,3,1,2,3,2,1,1,2,3,
8,4,4,0,4,4,4,1,4,4,4,1,4,4,4,2,4,4,4,1,4,4,4,1,2,4,2,1,1,1,4,
8,3,4,0,3,3,3,1,3,4,3,1,3,4,3,2,3,4,3,1,3,3,3,1,2,3,2,2,1,2,3,
10,3,4,0,3,3,3,1,3,3,4,1,3,3,3,2,3,4,3,1,3,3,3,1,2,3,2,2,1,2,3,
8,3,4,0,2,3,3,1,3,3,3,1,2,5,3,2,3,4,3,1,2,3,3,1,2,3,2,2,1,2,3,
7,2,3,0,2,2,2,1,2,2,3,1,2,3,3,1,2,3,2,1,2,2,2,1,2,2,1,2,1,1,2,
7,3,3,0,3,3,3,1,3,3,3,1,3,3,3,1,3,3,3,1,3,3,3,1,3,3,2,1,1,2,3,
7,2,3,0,2,2,3,1,2,3,3,1,2,2,3,1,2,3,2,1,1,2,2,1,2,2,2,1,1,2,2,
7,2,4,0,2,2,3,1,2,2,3,1,2,3,3,1,2,3,2,1,1,2,2,1,2,3,2,1,1,2,2,
8,2,4,0,2,2,3,1,2,3,3,1,2,3,3,1,2,3,2,1,1,3,2,2,2,3,2,1,1,2,2,
7,3,4,0,3,3,3,2,3,3,3,2,3,3,3,2,3,3,3,1,2,3,3,1,3,3,3,2,1,3,2,
6,3,4,0,2,3,4,2,3,3,3,2,2,3,3,2,3,3,3,2,2,3,3,2,2,3,2,2,2,2,3,
6,3,4,0,2,3,3,2,3,3,3,2,2,3,3,2,2,3,3,2,2,3,3,2,2,3,2,2,1,2,2,
7,3,4,0,2,3,4,2,2,3,3,2,2,4,3,2,2,4,3,2,2,3,3,2,2,3,2,2,2,2,3,
9,3,4,0,2,3,3,1,2,3,3,2,2,3,3,1,2,3,2,1,2,3,3,1,2,6,2,2,1,2,2,
7,2,4,0,2,3,3,1,2,3,3,1,2,3,3,1,2,3,2,1,2,2,3,1,2,3,2,1,1,2,2,
7,3,3,0,2,3,3,2,2,3,3,2,2,3,3,2,2,3,3,2,2,3,3,2,2,3,2,2,1,2,3,
6,2,2,0,2,2,2,1,2,3,2,1,2,3,2,1,2,2,2,1,2,2,2,1,2,2,2,1,1,2,2,
6,3,3,0,2,3,2,1,2,3,2,1,2,3,2,2,2,2,2,1,2,2,3,2,2,2,2,2,1,2,2,
8,2,2,0,2,2,2,1,2,2,2,1,2,3,2,1,2,2,2,1,1,2,2,1,1,2,2,1,1,1,2,
6,2,3,0,2,3,2,2,2,3,2,2,2,3,2,1,2,2,2,1,2,2,3,1,2,2,2,1,1,2,2,
6,3,2,0,2,3,1,1,2,3,1,1,2,3,1,1,2,2,2,1,2,1,2,1,2,1,2,1,1,1,2,
7,5,3,0,2,5,2,2,2,4,2,2,2,5,2,2,2,3,4,2,2,2,4,2,2,2,3,2,1,2,2,
6,3,3,0,2,4,2,2,2,4,2,2,2,4,2,2,2,3,3,2,2,2,3,2,2,2,3,2,1,2,2,
8,5,3,0,3,5,2,2,3,5,2,2,3,5,2,2,3,3,5,2,2,2,5,2,2,2,4,2,2,2,3,
10,3,3,0,3,3,2,1,3,3,2,1,3,3,2,1,3,3,3,1,3,2,3,1,3,2,2,1,1,1,3,
6,2,3,0,2,2,2,1,3,2,2,1,2,3,2,1,2,2,2,1,2,1,2,1,2,2,2,1,1,1,3,
6,2,2,0,2,2,2,1,2,2,2,1,2,2,2,1,2,2,2,1,1,2,2,1,2,2,2,1,1,1,2,
6,2,2,0,2,2,2,1,2,2,2,1,2,3,2,1,2,2,2,1,1,2,2,1,1,2,2,1,1,1,2,
6,2,2,0,2,2,2,1,2,2,2,1,2,3,2,1,2,2,2,1,1,2,2,1,1,2,2,1,1,1,2,
6,2,2,0,2,2,2,1,2,3,2,1,2,3,2,1,2,2,2,1,1,2,2,1,1,2,2,1,1,1,2,
6,3,3,0,2,3,3,1,2,3,3,1,2,3,3,1,2,3,3,1,2,2,3,1,2,2,2,1,1,2,2,
7,3,4,0,2,3,4,1,2,3,3,1,2,3,3,2,2,4,3,1,2,3,3,2,2,3,2,2,1,2,2,
8,2,4,0,2,2,3,1,2,3,3,1,2,3,3,2,2,3,2,1,2,2,2,2,2,3,2,2,1,2,2,
8,5,5,0,5,5,5,1,5,5,5,1,5,5,5,4,5,5,5,1,4,5,5,1,4,5,5,5,1,5,5,
5,3,3,0,2,3,2,2,2,3,2,2,2,3,2,2,2,3,2,2,2,2,3,2,2,2,2,2,2,2,2,
5,3,3,0,2,3,2,2,2,3,2,2,2,3,2,2,2,3,3,2,2,2,3,2,2,2,2,2,1,2,2,
9,3,3,0,2,3,3,2,2,4,3,2,3,4,3,2,3,3,3,2,2,3,3,3,2,3,2,2,1,2,3,
6,3,3,0,3,3,3,2,3,3,3,2,3,3,3,2,3,3,3,2,2,2,3,2,3,3,3,2,2,2,3,
6,3,3,0,3,3,3,2,3,3,3,2,3,3,3,2,3,3,3,2,2,3,3,2,2,3,3,2,2,2,3,
8,2,2,0,2,2,2,1,2,2,2,1,2,3,2,1,2,2,2,1,2,2,2,1,1,2,2,1,1,1,2,
7,3,2,0,2,3,2,1,2,3,2,1,2,3,2,1,2,2,3,1,2,2,3,1,1,2,2,1,1,1,2,
7,3,3,0,2,3,2,1,2,3,2,1,2,3,2,1,2,2,3,1,2,2,3,1,2,2,2,1,1,1,2,
6,3,3,0,2,3,2,1,2,3,2,1,2,3,2,1,2,2,2,1,2,2,3,1,2,2,2,1,1,1,2,
6,2,3,0,2,3,2,1,2,3,2,1,2,3,2,1,2,2,2,1,2,2,2,1,2,2,2,1,1,1,2,
6,3,3,0,2,3,2,1,2,3,3,1,2,3,2,1,2,3,2,1,2,2,3,1,2,2,2,1,1,2,2,
5,3,3,0,2,3,2,2,2,3,2,2,2,3,2,2,2,3,2,2,2,2,3,2,2,2,2,2,1,2,2,
5,3,3,0,2,3,2,2,2,3,2,2,2,3,2,2,2,3,2,2,2,2,3,2,2,2,2,2,1,2,2,
6,3,4,0,2,3,2,2,2,3,2,2,2,3,3,2,2,3,3,2,2,2,3,2,2,3,2,2,1,2,2,
5,3,3,0,2,3,3,2,2,3,3,2,2,3,3,2,2,3,3,2,2,2,3,2,2,3,2,2,1,2,2,
5,3,3,0,2,3,3,2,2,3,3,2,2,3,3,2,2,3,3,2,2,2,3,2,2,3,2,2,1,2,2,
6,2,3,0,2,3,2,1,2,2,2,1,2,3,2,1,2,2,2,1,1,2,3,2,2,2,2,2,1,2,2,
7,2,4,0,3,3,3,1,2,3,3,1,2,3,3,1,2,4,2,1,1,2,2,1,2,3,2,1,1,2,2,
8,3,3,0,3,3,3,2,3,3,3,2,2,3,3,2,2,3,3,2,2,3,3,2,2,3,2,2,2,2,2,
7,3,3,0,2,3,2,1,2,3,2,1,2,3,2,1,2,2,2,1,1,2,2,1,2,2,2,1,1,1,2,
6,3,3,0,2,3,2,1,2,3,2,1,2,3,2,1,2,3,2,1,1,2,2,1,2,2,2,1,1,1,2,
6,2,3,0,2,2,2,1,2,2,2,1,2,3,2,1,2,2,2,1,2,2,2,1,2,2,2,1,1,1,2,
6,3,3,0,3,3,3,3,3,3,3,3,3,3,3,1,3,3,3,1,3,3,3,1,3,3,3,1,1,3,3,
7,3,3,0,3,3,3,1,3,3,3,1,3,3,3,1,2,3,3,1,1,3,3,1,2,3,3,3,1,1,3,
5,3,3,0,2,3,2,1,2,3,2,1,2,3,2,1,2,3,2,1,2,2,2,1,2,2,2,1,1,2,2,
6,3,3,0,2,4,2,2,3,3,2,2,2,3,2,2,2,3,3,1,2,2,3,1,2,2,2,1,1,2,2,
6,3,3,0,2,4,3,2,2,3,3,2,2,4,3,2,2,3,3,2,2,2,3,2,2,2,2,2,1,2,2,
6,3,4,0,3,3,3,2,2,3,3,2,2,3,3,2,2,3,3,2,2,3,3,2,2,3,2,2,1,3,3,
6,3,3,0,3,3,3,2,3,3,3,2,3,3,3,2,3,3,3,2,2,3,3,2,2,3,2,2,2,2,3,
6,2,2,0,2,2,2,1,2,2,2,1,2,2,2,1,2,2,2,1,2,2,2,1,2,2,2,1,1,1,2,
6,2,2,0,2,2,2,1,2,2,2,1,2,2,2,1,2,2,2,1,1,2,2,1,2,2,2,1,1,1,2,
6,2,2,0,2,3,2,1,2,2,2,1,1,3,2,1,2,2,2,1,1,2,2,1,1,2,2,1,1,1,2,
8,2,3,0,2,3,2,1,2,2,2,1,2,3,2,1,2,2,2,1,1,2,2,1,2,2,2,1,1,1,2,
6,2,2,0,2,3,2,1,2,3,2,1,2,3,2,1,2,2,2,1,1,2,2,1,2,2,2,1,1,1,2,
6,3,3,0,3,3,2,1,3,3,2,1,2,3,2,1,2,3,3,1,2,2,3,1,2,2,2,1,1,1,2,
33,29,3,0,3,3,2,1,3,3,3,1,3,3,3,1,3,3,3,1,2,2,3,2,2,3,2,2,1,2,3,
7,3,3,0,2,4,2,2,2,4,3,2,2,4,3,1,2,3,3,1,2,2,3,1,2,2,2,1,1,2,4,
6,3,4,0,2,3,3,2,3,3,3,2,2,3,3,2,3,3,3,2,2,3,3,2,2,3,2,2,2,2,2,
6,3,3,0,2,3,3,2,2,3,3,2,2,3,3,2,2,3,3,2,2,2,3,2,2,3,2,2,1,2,2,
6,3,3,0,2,3,3,2,2,3,3,2,2,3,3,2,2,3,3,2,2,2,3,2,2,2,2,2,1,2,2,
6,2,2,0,2,2,2,1,2,2,2,1,2,2,2,2,2,2,2,1,1,1,2,1,2,2,1,1,1,1,2,
6,2,2,0,2,2,2,1,2,2,2,1,2,2,2,1,2,2,2,1,2,2,2,1,2,2,2,1,1,1,2,
6,2,3,0,2,3,2,1,2,2,2,1,2,3,2,1,2,2,2,1,2,2,2,1,2,2,2,1,1,1,2,
6,3,3,0,2,3,2,1,2,3,2,1,2,3,2,1,2,2,2,1,1,2,2,1,2,2,2,1,1,1,2,
6,3,3,0,2,3,2,1,2,3,2,1,2,3,2,1,2,2,2,1,2,2,2,1,2,2,2,1,1,1,2,
8,2,2,0,3,2,1,0,3,2,2,0,3,2,2,0,2,2,2,0,2,1,2,0,3,1,1,0,1,1,4,
6,3,3,0,3,3,3,2,3,3,3,2,3,3,3,2,3,3,3,2,3,3,3,2,3,3,2,2,2,2,3,
6,3,3,0,3,3,3,2,3,3,3,2,3,3,3,2,3,3,3,2,2,3,3,2,2,3,2,2,2,2,3,
6,3,3,0,3,3,3,2,3,3,3,2,3,4,3,2,3,3,3,2,3,3,3,2,3,3,3,2,2,2,3,
6,2,2,0,2,2,2,1,2,2,2,1,2,2,2,1,2,2,2,1,1,2,2,1,1,2,2,1,1,1,2,
8,2,5,0,2,2,4,1,2,2,5,1,2,2,5,1,2,5,2,1,2,4,2,1,2,5,2,1,1,4,2,
6,3,3,0,2,3,2,1,3,3,2,1,3,3,2,1,2,2,2,1,2,2,2,1,2,2,2,1,1,1,3,
6,2,3,0,2,2,2,1,2,2,2,1,2,2,2,1,2,3,2,1,1,2,2,1,1,2,2,1,1,1,2,
7,3,4,0,2,3,3,1,2,3,3,1,2,3,3,1,2,4,2,1,1,2,2,1,2,3,2,2,1,2,2,
8,2,4,0,1,2,3,1,1,2,3,2,1,2,3,1,2,3,2,1,1,2,2,1,1,2,2,2,1,2,1,
7,3,3,0,2,3,4,1,3,3,3,2,2,3,3,1,2,3,2,1,2,2,3,1,2,3,2,2,1,2,2,
7,3,4,0,3,3,3,2,3,3,3,2,3,3,3,2,3,3,3,2,3,3,3,2,3,3,2,2,2,2,3,
5,3,3,0,3,3,3,2,3,3,3,2,2,3,3,2,2,3,3,2,2,2,3,2,2,2,2,2,1,2,3,
6,3,4,0,2,3,3,2,2,3,3,2,2,3,3,2,2,4,3,2,2,3,3,2,2,3,2,2,2,2,2,
7,3,4,0,2,3,3,1,2,2,3,2,2,3,3,2,2,3,2,1,1,3,2,1,1,3,2,2,1,2,2,
6,2,3,0,2,3,2,1,2,2,2,1,2,3,2,1,1,2,2,1,1,2,2,1,1,2,2,1,1,1,2,
6,3,3,0,3,3,3,2,3,3,3,2,3,3,3,2,3,3,3,2,2,3,3,2,2,3,3,2,2,2,3,
7,4,4,0,3,4,3,2,2,4,4,2,2,4,4,2,2,4,4,2,2,3,4,2,2,3,3,2,2,3,3,
6,3,3,0,2,3,2,1,2,3,3,1,2,3,2,1,2,3,2,1,1,2,2,1,1,2,2,1,1,2,2,
7,3,4,0,2,3,3,1,2,3,4,1,2,3,3,2,2,4,3,1,1,3,3,1,1,3,2,2,1,2,2,
7,3,4,0,2,3,3,2,3,3,3,2,2,4,3,2,2,3,3,2,2,3,3,2,2,3,2,3,2,2,2,
6,2,3,0,2,3,2,1,2,2,2,1,2,3,2,1,2,2,2,1,1,2,2,1,1,2,2,1,1,1,2,
7,3,3,0,2,3,2,1,2,3,2,1,2,4,2,1,2,2,3,1,2,2,3,1,2,2,2,1,1,1,2,
6,3,3,0,2,4,2,2,2,3,2,2,2,3,2,2,2,3,3,1,2,2,3,1,2,2,2,2,1,2,2,
5,3,3,0,2,3,3,2,2,3,3,2,2,3,3,2,3,3,3,1,2,2,3,1,2,3,2,2,1,2,2,
5,3,3,0,2,3,2,2,2,3,3,2,2,3,2,2,2,3,2,2,2,2,3,2,2,2,2,2,1,2,2,
6,3,4,0,2,3,3,2,2,3,3,2,2,3,3,2,2,3,3,2,2,3,3,2,2,3,2,2,1,3,2,
6,3,3,0,2,4,3,2,2,4,3,2,2,4,3,2,2,3,3,2,2,2,3,2,2,2,2,2,1,2,2,
7,3,2,0,2,3,2,1,2,3,2,1,2,3,2,1,2,2,2,1,1,1,3,1,1,1,2,1,1,1,2,
6,2,3,0,2,3,2,1,2,2,2,1,2,3,2,1,2,2,2,1,1,2,2,1,1,2,2,1,1,1,2,
8,0,0,0,2,0,0,0,2,0,0,0,2,0,0,0,2,0,0,0,1,0,0,0,1,0,0,0,0,0,2,
6,2,3,0,2,2,2,1,2,2,2,1,2,2,2,1,2,2,2,1,1,2,2,1,1,2,1,1,1,1,2,
6,3,3,0,2,3,2,1,2,2,3,1,2,3,3,1,2,3,2,1,2,2,2,1,2,2,2,1,1,2,2,
7,4,3,0,2,4,2,1,2,4,2,1,2,4,2,1,2,2,3,1,2,2,4,1,2,2,3,2,1,2,2,
6,2,3,0,2,3,2,1,2,2,2,1,2,3,2,1,2,2,2,1,2,2,2,1,1,2,2,1,1,1,2,
6,2,3,0,2,3,2,1,2,3,3,1,2,3,2,1,2,2,2,1,2,2,2,1,1,2,2,1,1,2,2,
5,2,3,0,2,3,2,1,2,3,2,1,2,3,2,1,2,3,2,1,2,2,3,1,2,2,2,1,1,2,2,
5,3,3,0,2,3,2,2,2,3,3,2,2,3,3,2,2,3,2,1,2,2,3,1,2,2,2,2,1,2,2,
5,3,3,0,2,3,3,2,2,3,3,2,2,3,3,2,2,3,2,2,2,2,3,2,2,2,2,2,1,2,2,
6,3,3,0,3,3,3,2,3,3,3,2,3,3,3,2,3,3,3,2,2,3,3,2,2,3,3,2,1,2,2,
6,3,4,0,3,3,3,2,3,3,3,2,3,3,3,2,3,3,4,2,2,2,3,2,2,3,3,2,2,2,3,
7,4,3,0,4,4,3,2,4,4,3,2,3,4,3,2,3,3,3,2,2,2,3,2,3,3,3,2,2,2,3,
7,2,3,0,2,3,2,1,2,3,2,1,2,3,2,1,2,3,2,1,2,2,3,1,2,2,2,1,1,2,4,
8,5,5,0,5,5,5,5,5,5,5,5,6,5,5,5,6,5,5,5,5,5,5,5,5,5,5,5,5,5,6,
6,2,2,0,2,2,2,1,2,3,2,1,2,3,2,1,2,2,2,1,1,1,3,1,1,2,2,1,1,1,2,
6,2,3,0,2,2,2,1,2,2,2,1,2,3,2,1,2,2,2,1,1,2,2,1,1,2,2,1,1,1,2,
11,6,7,0,3,6,3,3,3,6,3,3,4,6,3,3,4,7,6,3,3,3,6,3,3,3,3,3,3,3,5,
10,3,4,0,3,3,5,1,3,3,5,2,4,4,3,2,4,4,3,1,4,4,3,2,3,3,3,2,2,3,4,
7,3,4,0,3,3,3,1,3,3,4,1,3,3,3,1,3,4,2,1,2,2,2,1,2,3,2,1,1,2,3,
29,25,25,0,25,25,25,1,25,25,25,2,25,25,25,1,25,25,25,1,2,2,25,1,2,25,2,2,1,2,25,
6,3,3,0,3,3,2,1,3,3,3,1,3,3,3,1,3,3,2,1,2,2,2,1,2,2,1,1,1,1,3,
6,3,3,0,2,3,3,1,2,3,3,1,2,3,3,1,3,3,2,1,2,3,2,1,1,2,2,1,1,1,3,
6,3,4,0,3,3,3,2,3,3,3,2,3,4,3,2,3,3,3,2,3,2,3,2,2,3,2,2,2,2,3,
6,3,3,0,2,3,2,1,2,3,2,1,2,3,3,1,2,2,2,1,2,1,2,1,1,2,2,1,1,1,2,
5,3,3,0,3,3,3,2,3,3,3,2,3,3,3,2,3,3,3,2,2,3,3,2,3,3,3,2,2,2,2,
6,3,3,0,2,3,3,2,2,3,3,2,3,3,3,2,3,3,3,2,2,2,3,2,2,3,2,2,2,2,3,
6,2,2,0,2,2,2,1,2,2,2,1,2,2,2,1,2,2,2,1,1,2,2,1,1,2,2,1,1,1,2,
6,3,2,0,1,3,2,1,2,2,2,1,2,3,2,1,2,2,3,1,1,1,2,1,1,2,2,1,1,1,2,
6,3,3,0,2,3,2,1,2,3,2,1,2,3,2,1,2,3,3,1,1,2,3,1,1,2,2,1,1,1,2,
6,2,3,0,2,2,2,1,2,3,2,1,2,3,2,1,2,3,2,1,2,2,2,1,2,2,2,1,1,2,3,
6,2,4,0,2,2,2,1,2,3,2,1,2,3,2,1,2,4,2,1,2,2,2,1,2,2,2,1,1,2,2,
5,3,3,0,2,3,2,2,2,3,3,2,2,3,3,2,2,3,3,2,2,2,3,2,2,2,2,2,1,2,2,
8,2,3,0,2,2,2,1,2,2,2,1,2,2,2,1,2,2,2,1,1,2,2,1,1,2,2,1,1,1,2,
5,3,3,0,2,3,2,2,2,3,2,2,2,3,2,2,2,3,2,2,2,2,3,2,2,2,2,2,1,2,2,
5,2,2,0,1,2,1,1,1,2,2,1,1,2,2,1,1,2,2,1,1,1,2,1,1,2,1,1,0,1,1,
5,3,3,0,2,3,2,2,2,3,3,2,2,3,3,2,2,3,3,2,2,2,3,2,2,3,2,2,1,2,2,
5,3,3,0,2,3,3,2,2,3,3,2,2,3,3,2,2,3,3,2,2,2,3,2,2,3,2,2,1,2,2,
6,4,4,0,2,4,3,2,3,3,3,2,2,4,3,2,3,3,3,2,2,3,3,2,2,3,3,2,2,2,2,
6,2,3,0,2,2,2,1,2,2,2,1,2,2,2,1,2,2,2,1,1,2,2,1,1,2,2,1,1,1,2,
6,2,3,0,2,2,2,1,2,2,2,1,2,2,2,1,2,3,2,1,1,2,2,1,1,2,2,1,1,1,2,
6,3,3,0,2,3,2,2,2,3,2,2,2,3,3,2,2,3,2,2,2,2,3,2,2,2,2,2,1,2,2,
6,3,3,0,2,3,2,1,2,3,2,1,2,3,2,1,2,2,2,1,2,2,2,1,1,2,2,1,1,1,2,
6,3,3,0,2,3,2,1,2,3,2,1,2,3,2,1,2,3,2,1,2,2,2,1,2,2,2,1,1,2,2,
5,3,3,0,2,3,2,1,2,3,2,1,2,3,2,1,2,3,2,1,2,2,2,1,2,2,2,1,1,2,2,
5,3,3,0,2,3,2,1,2,3,2,1,2,3,2,1,2,3,2,1,2,2,2,1,2,2,2,1,1,2,2,
5,3,3,0,2,3,2,2,2,3,2,2,2,3,3,2,2,3,2,2,2,2,3,2,2,2,2,2,1,2,2,
8,3,3,0,2,3,2,2,2,3,3,2,2,3,3,2,2,3,3,2,2,2,3,2,2,2,2,2,1,2,2,
7,5,3,0,2,5,3,2,2,4,3,2,2,5,3,2,2,3,4,2,2,2,4,2,2,3,4,2,1,2,2,
6,3,4,0,2,3,3,2,2,3,3,2,2,3,3,2,2,3,3,2,2,2,3,2,2,3,3,2,1,2,2,
6,3,4,0,2,3,3,2,3,3,3,2,2,3,3,2,3,3,3,2,2,2,3,2,2,3,3,2,2,2,3,
6,2,2,0,2,3,2,1,2,3,2,1,2,2,2,1,2,2,2,1,1,2,2,1,1,2,2,1,1,1,2,
6,3,3,0,2,3,2,1,2,2,2,1,2,3,2,1,2,2,2,1,1,2,2,1,1,2,2,1,1,1,2,
6,2,3,0,2,2,2,1,2,2,2,1,2,2,2,1,2,2,2,1,1,2,2,1,1,2,2,1,1,1,2,
9,5,6,0,5,5,5,4,5,5,5,4,5,5,5,4,5,5,5,4,4,5,5,4,4,5,5,4,4,4,5,
6,3,3,0,2,2,2,1,2,2,2,1,2,3,2,1,2,2,2,1,1,2,2,1,2,2,2,1,1,1,2,
6,1,1,0,1,1,0,0,1,1,0,0,1,1,0,0,1,1,0,0,1,0,0,0,1,0,0,0,0,0,1,
5,3,3,0,2,3,2,1,2,3,2,1,2,3,2,1,2,3,2,1,2,2,2,1,2,2,2,1,1,2,2,
5,3,3,0,2,3,2,1,2,3,2,1,2,3,2,1,2,3,2,1,2,2,2,1,2,2,2,1,1,2,2,
6,3,4,0,2,3,3,2,2,3,3,2,2,3,3,2,2,3,2,1,2,2,3,1,2,2,2,1,1,2,2,
6,3,4,0,2,3,3,2,2,3,3,2,2,3,3,2,2,3,3,2,2,2,3,2,2,3,2,2,2,2,2,
6,3,3,0,2,3,2,2,2,3,3,2,2,3,3,2,2,3,3,2,2,2,3,2,2,2,2,2,1,2,2,
7,3,4,0,2,3,2,2,2,3,3,2,2,3,4,2,2,4,3,2,2,2,3,2,2,3,2,2,1,2,2,
6,3,3,0,2,3,3,2,2,3,3,2,2,3,3,2,3,3,3,2,2,2,3,2,2,3,3,2,2,2,3,
6,2,2,0,1,2,2,1,2,2,2,1,2,2,2,1,2,2,2,1,1,1,2,1,1,2,2,1,1,1,2,
6,2,3,0,2,2,2,1,2,2,2,1,2,2,2,1,2,2,2,1,1,2,2,1,1,2,2,1,1,1,2,
6,2,3,0,2,3,2,1,2,3,2,1,2,3,2,1,2,2,2,1,1,2,2,1,1,2,2,1,1,1,2,
6,3,3,0,2,3,3,1,2,3,2,1,2,3,2,1,2,2,2,1,1,2,2,1,1,2,2,1,1,1,2,
7,3,3,0,2,3,2,1,2,3,2,1,2,3,2,1,2,3,2,1,2,2,2,1,2,2,2,1,1,2,2,
5,3,3,0,2,3,2,1,2,3,2,1,2,3,2,1,2,3,2,1,2,2,2,1,2,2,2,1,1,2,2,
5,3,3,0,2,3,2,2,2,3,2,2,2,3,2,1,2,3,2,1,2,2,2,1,2,2,2,1,1,2,2,
6,4,3,0,2,3,2,2,2,4,3,2,2,3,3,2,2,3,2,1,2,2,3,2,2,2,2,2,1,2,2,
5,3,3,0,2,3,2,2,2,3,2,2,2,3,2,2,2,3,2,1,2,2,3,1,2,2,2,2,1,2,2,
5,3,3,0,2,3,2,2,2,3,2,2,2,3,3,2,2,3,2,2,2,2,3,2,2,2,2,2,1,2,2,
6,3,4,0,2,3,3,2,2,3,3,2,2,4,3,2,2,3,3,2,2,2,3,2,2,3,2,2,2,2,2,
7,3,3,0,4,3,3,1,4,3,3,1,4,3,3,1,4,3,3,1,4,3,3,1,4,4,4,1,1,3,4,
6,2,3,0,2,2,2,1,2,2,2,1,2,3,2,1,2,3,2,1,1,2,2,1,1,2,2,1,1,1,2,
7,3,4,0,2,3,3,2,2,3,3,2,2,3,3,2,2,3,2,2,2,2,3,2,2,3,2,2,1,2,2,
7,4,3,0,2,4,2,1,2,4,2,2,2,4,2,1,2,3,4,1,2,2,4,1,2,2,3,1,1,2,2,
6,3,3,0,2,2,2,1,2,2,2,1,2,3,3,1,2,3,2,1,2,2,2,1,2,2,2,1,1,2,2,
5,3,3,0,2,3,2,1,2,3,3,1,2,3,3,1,2,3,2,1,2,2,2,1,2,2,2,1,1,2,2,
5,3,3,0,2,3,2,1,2,3,2,1,2,3,3,1,2,3,2,1,2,2,2,1,2,2,2,1,1,2,2,
5,3,3,0,2,3,2,2,2,3,2,2,2,3,3,2,2,3,3,1,2,2,3,1,2,2,2,1,1,2,2,
449,5,5,0,3,5,3,2,4,4,3,3,3,5,4,3,3,4,4,2,3,3,4,3,3,3,3,3,2,2,3,
349,5,7,0,3,4,3,1,4,3,4,2,3,4,6,2,3,6,4,2,3,3,3,2,3,6,3,2,2,2,3,
247,3,5,0,2,3,2,1,2,3,2,1,2,3,4,1,2,5,3,1,2,2,3,2,2,4,2,1,1,1,3,
145,3,5,0,3,3,3,1,3,4,3,2,3,4,5,2,3,5,3,2,3,3,3,2,3,4,3,2,2,3,3,
11,7,3,0,2,8,2,1,2,8,2,1,2,8,2,1,2,3,7,1,2,2,7,1,1,2,7,1,1,1,2,
6,2,3,0,2,2,2,1,2,2,2,1,2,2,2,1,2,2,2,1,1,2,2,1,1,2,2,1,1,1,2,
7,2,4,0,2,2,2,1,2,2,2,1,2,3,3,1,2,3,2,1,2,2,2,1,2,2,2,1,1,1,2,
5,2,3,0,2,3,2,1,2,3,2,1,2,3,2,1,2,3,2,1,2,2,2,1,2,2,2,1,1,1,2,
5,3,3,0,2,3,2,1,2,3,2,1,2,3,2,1,2,3,2,1,2,2,2,1,2,2,2,1,1,1,2,
5,3,3,0,2,3,2,2,2,3,2,2,2,3,3,2,2,3,2,2,2,2,3,2,2,2,2,2,1,2,2,
6,3,3,0,2,3,2,2,2,3,2,2,2,4,3,2,2,3,3,2,2,2,3,2,2,2,2,2,1,2,2,
6,2,2,0,2,2,2,1,2,2,2,1,2,2,2,1,2,2,2,1,1,2,2,1,1,2,2,1,1,1,2,
6,2,3,0,1,2,2,1,2,3,2,1,2,2,2,1,2,2,2,1,1,1,2,1,1,2,2,1,1,1,2,
7,2,2,0,2,2,2,1,2,3,2,1,2,3,2,1,2,2,2,1,1,1,3,1,1,2,1,1,1,1,2,
6,2,3,0,2,2,2,1,2,2,2,1,2,3,2,1,2,3,2,1,1,2,2,1,1,2,2,1,1,1,2,
6,2,3,0,2,2,2,1,2,2,2,1,2,3,2,1,2,3,2,1,1,2,2,1,1,2,2,1,1,1,2,
6,2,3,0,2,3,2,1,2,2,2,1,2,3,2,1,2,3,2,1,1,2,2,1,2,2,2,1,1,1,2,
5,2,3,0,2,3,2,1,2,3,2,2,2,3,3,1,2,3,2,1,2,2,2,1,2,2,2,1,1,2,2,
5,3,3,0,2,3,2,2,2,3,2,2,2,3,3,2,2,3,2,1,2,2,3,1,2,2,2,1,1,2,2,
5,3,3,0,2,3,3,2,2,3,2,2,2,3,3,2,2,3,2,2,2,2,3,2,2,2,2,2,1,2,2,
8,3,3,0,2,3,2,2,2,3,2,2,2,3,3,2,2,3,2,1,2,2,2,2,2,2,2,2,1,2,2,
5,3,3,0,2,3,3,2,2,3,3,2,3,3,3,2,3,3,3,2,2,2,3,2,2,3,2,2,2,2,3,
8,5,5,0,5,5,4,4,6,4,4,5,5,4,5,4,5,4,4,4,5,4,5,4,5,5,5,4,5,5,6,
6,2,3,0,2,2,2,1,2,3,2,1,2,3,2,1,2,2,2,1,1,2,2,1,1,2,2,1,1,1,2,
6,2,3,0,2,2,2,1,2,3,2,1,2,3,2,1,2,2,2,1,1,2,2,1,1,2,2,1,1,1,2,
6,3,3,0,2,2,2,1,2,2,2,1,2,3,2,1,2,2,2,1,1,2,2,1,1,2,2,1,1,1,2,
7,3,3,0,3,3,3,1,3,3,3,2,3,3,3,1,3,3,3,1,2,2,3,1,2,3,2,1,1,2,3,
5,3,3,0,3,3,3,2,3,3,3,2,3,3,3,1,3,3,3,1,2,3,3,1,2,3,2,1,1,2,2,
5,3,3,0,2,3,2,2,2,3,2,2,2,3,3,2,2,3,3,1,2,2,2,1,2,2,2,1,1,2,2,
5,3,3,0,2,3,2,2,2,3,2,2,2,3,3,2,2,3,3,2,2,2,3,2,2,2,2,2,1,2,2,
6,2,2,0,2,2,2,1,2,2,2,1,2,2,2,1,2,2,2,1,1,1,2,1,1,2,1,1,1,1,2,
6,2,3,0,1,2,2,1,2,2,2,1,2,2,2,1,2,2,2,1,1,2,2,1,1,2,2,1,1,1,2,
6,2,2,0,1,2,2,1,1,2,2,1,2,2,2,1,2,2,2,1,1,1,2,1,1,2,2,1,1,1,2,
6,2,3,0,2,2,2,1,2,2,2,1,2,2,2,1,2,2,2,1,1,2,2,1,1,2,1,1,1,1,2,
6,2,3,0,2,3,2,1,2,3,2,1,2,3,3,1,2,3,2,1,1,2,2,1,1,2,2,1,1,2,2,
6,2,3,0,2,3,2,1,2,3,2,1,2,3,2,1,2,2,2,1,2,2,2,1,1,2,2,1,1,1,2,
5,2,3,0,2,3,2,1,2,3,2,1,2,3,2,1,2,2,2,1,2,2,2,1,2,2,2,1,1,2,2,
5,3,3,0,2,3,2,2,2,3,2,2,2,3,3,1,2,3,2,1,2,2,2,1,2,2,2,1,1,2,2,
5,3,3,0,2,3,2,2,2,3,2,2,2,3,3,1,2,3,2,1,2,2,2,1,2,2,2,1,1,2,2,
5,3,3,0,2,3,3,2,2,3,3,2,2,3,3,2,2,3,3,2,2,2,3,2,2,3,2,2,1,2,2,
5,3,3,0,2,3,3,2,2,3,3,2,2,3,3,2,2,3,3,2,2,2,3,2,2,2,2,2,2,2,2,
5,2,2,0,2,2,2,1,2,2,2,1,2,2,2,1,2,2,2,1,1,2,2,1,1,2,1,1,1,1,2,
6,2,2,0,2,2,2,1,2,2,2,1,2,2,2,1,2,2,2,1,1,1,2,1,1,2,2,2,1,1,2,
6,2,3,0,2,3,2,1,2,3,2,1,2,3,2,1,2,3,2,1,1,2,2,1,2,2,2,1,1,1,2,
6,2,3,0,2,2,2,1,2,2,3,1,2,3,3,1,2,3,2,1,1,2,2,1,1,2,2,1,1,1,2,
6,2,3,0,2,2,2,1,2,2,2,1,2,2,2,1,2,2,2,1,1,2,2,1,1,2,2,1,1,1,2,
5,2,3,0,2,2,2,1,2,3,2,1,2,3,3,1,2,3,2,1,2,2,2,1,2,2,2,1,1,1,2,
5,3,3,0,2,3,2,1,2,3,2,1,2,3,3,1,2,3,2,1,2,2,2,1,2,2,2,1,1,2,2,
5,3,3,0,2,3,2,2,2,3,2,2,2,3,3,2,2,3,2,2,2,2,2,2,2,2,2,2,1,2,2,
6,3,3,0,2,3,2,2,2,3,2,2,2,3,3,2,2,3,3,2,2,2,3,2,2,2,2,2,1,2,2,
5,3,3,0,2,3,3,2,2,3,2,2,2,3,3,2,2,3,2,2,2,2,3,2,2,2,2,2,1,2,2,
5,3,3,0,2,3,3,2,3,3,3,2,3,3,3,2,3,3,3,2,2,2,3,2,2,3,3,2,2,2,3,
8,3,6,0,2,3,5,2,2,3,5,2,2,3,6,2,2,6,3,2,2,5,3,2,2,5,3,2,2,5,3,
7,2,2,0,1,2,2,1,1,2,2,1,1,2,2,1,1,2,2,1,1,1,2,1,1,2,1,1,1,1,1,
6,3,3,0,2,2,2,1,2,2,2,1,2,2,2,1,2,2,2,1,1,2,2,1,1,2,1,1,1,1,2,
6,2,2,0,2,2,2,1,2,2,2,1,2,2,2,1,2,2,2,1,1,2,2,1,1,2,2,1,1,1,2,
8,4,4,0,5,4,4,4,5,4,4,4,5,4,4,4,5,4,4,4,4,4,4,4,4,4,4,4,4,4,5,
6,2,3,0,2,2,2,1,2,2,2,1,2,2,2,1,2,2,2,1,1,2,2,1,1,2,2,1,1,1,2,
6,2,3,0,2,2,2,1,2,2,2,1,2,2,2,1,2,2,2,1,1,2,2,1,1,2,2,1,1,1,2,
8,5,3,0,2,5,2,2,2,5,2,2,2,5,3,1,2,2,5,1,2,2,5,1,2,2,5,1,1,2,2,
5,3,3,0,2,3,3,2,2,3,2,2,2,3,3,2,2,3,2,2,2,2,3,2,2,2,2,2,1,2,2,
5,3,3,0,2,3,2,2,2,3,2,2,2,3,3,2,2,3,2,2,2,2,3,2,2,2,2,2,1,2,2,
6,3,3,0,3,3,2,2,2,3,4,2,2,3,3,2,2,3,3,2,2,2,3,2,2,2,2,2,1,2,2,
6,3,3,0,2,3,3,2,2,3,3,2,2,3,3,2,2,3,2,2,2,2,3,2,2,3,2,2,2,2,2,
6,3,4,0,3,3,3,2,3,3,3,2,3,3,3,2,3,3,3,2,2,3,3,2,2,3,3,2,2,2,3,
5,3,3,0,3,3,3,2,3,3,3,2,2,3,3,2,3,3,3,2,2,3,3,2,2,3,2,2,2,2,3,
6,2,2,0,2,2,2,1,2,3,2,1,2,3,2,1,2,2,2,1,1,2,3,1,1,2,2,1,1,1,2,
5,2,2,0,1,2,2,1,2,2,2,1,2,2,2,1,2,2,2,1,1,1,2,1,1,2,2,1,1,1,2,
6,2,2,0,2,2,2,1,2,2,2,1,2,2,2,1,2,2,2,1,1,2,2,1,1,2,2,1,1,1,2,
6,2,3,0,2,2,2,1,2,2,2,1,2,2,2,1,2,2,2,1,1,2,2,1,1,2,2,1,1,1,2,
6,2,3,0,2,3,2,1,2,2,2,1,2,2,2,1,2,2,2,1,1,2,2,1,1,2,2,1,1,1,2,
6,2,3,0,2,3,2,1,2,2,2,2,2,3,2,1,2,2,2,1,2,2,2,1,2,2,2,1,1,2,2,
5,2,3,0,2,3,2,2,2,3,3,2,2,3,3,2,2,3,2,2,2,2,2,2,2,2,2,2,1,2,2,
5,3,3,0,2,3,2,2,2,3,3,2,2,3,3,2,2,3,2,2,2,2,3,2,2,2,2,2,1,2,2,
6,3,3,0,2,3,3,2,2,3,3,2,2,3,3,2,2,3,3,2,2,2,3,2,2,3,2,2,2,2,2,
7,3,3,0,2,3,2,2,2,3,2,2,2,3,3,4,2,3,3,2,2,2,3,4,2,2,2,4,1,2,2,
6,3,3,0,2,3,2,2,2,3,3,2,2,4,3,2,2,3,3,2,2,2,3,2,2,2,2,2,1,2,2,
7,4,4,0,5,4,4,4,5,4,4,4,5,4,4,4,5,4,4,4,5,4,4,4,5,4,4,4,4,4,5,
5,3,3,0,2,3,2,2,2,3,3,2,3,3,3,2,3,3,3,2,2,2,3,2,2,3,2,2,2,2,3,
5,3,3,0,3,3,3,2,3,3,3,2,3,3,3,2,3,3,3,2,2,2,3,2,2,3,3,2,2,2,3,
6,2,2,0,1,2,2,1,2,2,2,1,2,2,2,1,2,2,2,1,1,2,2,1,1,2,2,1,1,1,2,
6,3,3,0,2,3,2,1,2,3,2,1,2,3,2,1,2,2,2,1,1,2,2,1,1,2,2,1,1,1,2,
6,2,3,0,2,3,2,2,3,3,2,2,2,3,2,2,2,2,2,2,2,2,3,2,2,2,2,2,2,2,2,
6,2,3,0,2,2,2,1,2,2,2,1,2,2,2,1,2,2,2,1,2,2,2,1,2,2,2,1,1,1,2,
6,2,3,0,2,3,2,1,2,3,2,1,2,3,2,1,2,2,2,1,2,2,2,1,2,2,2,1,1,2,2,
5,2,3,0,2,3,2,2,2,3,2,2,2,3,2,1,2,2,2,1,2,2,3,1,2,2,2,1,1,2,2,
5,3,3,0,2,3,2,2,2,3,2,2,2,3,3,2,2,3,2,2,2,2,3,2,2,2,2,2,1,2,2,
5,3,3,0,2,3,2,2,2,3,3,2,2,3,3,2,2,3,2,2,2,2,3,2,2,2,2,2,1,2,2,
5,3,3,0,2,3,3,2,2,3,3,2,2,3,3,2,2,3,3,2,2,2,3,2,2,3,2,2,1,2,2,
8,3,3,0,2,3,3,2,2,3,3,2,2,3,3,2,2,3,3,2,2,2,3,2,2,3,2,2,1,2,2,
6,2,3,0,1,2,2,1,2,2,2,1,1,2,2,1,2,2,2,1,1,2,2,1,1,2,1,1,1,1,2,
5,3,3,0,2,3,3,2,3,3,3,2,2,3,3,2,3,3,3,2,2,3,3,2,2,3,2,2,2,2,3,
6,2,3,0,1,3,2,1,2,3,2,1,2,3,2,1,2,2,2,1,1,2,2,1,1,2,2,1,1,1,2,
6,2,2,0,2,2,2,1,2,2,2,1,2,2,2,1,2,2,2,1,1,2,2,1,1,2,2,1,1,1,2,
6,2,2,0,2,2,2,1,2,2,2,1,2,2,2,1,2,2,2,1,1,2,2,1,1,2,2,1,1,1,2,
6,2,2,0,2,2,2,1,2,2,2,1,2,2,2,1,2,2,2,1,1,2,2,1,1,2,2,1,1,1,2,
6,2,3,0,2,3,2,1,2,3,2,1,2,3,2,1,2,2,2,1,2,2,2,1,2,2,2,1,1,2,2,
5,3,3,0,2,3,2,1,2,3,2,1,2,3,3,1,2,3,2,1,2,2,3,1,2,2,2,1,1,2,2,
6,2,2,0,2,2,1,1,2,2,1,1,2,2,1,1,2,1,1,0,2,1,2,0,2,1,1,1,1,1,2,
7,5,5,0,2,5,2,2,2,5,2,2,2,5,3,2,2,3,3,1,2,2,5,2,2,2,2,2,1,2,2,
5,3,3,0,2,3,2,2,2,3,2,2,2,3,3,2,2,3,2,2,2,2,3,2,2,2,2,2,1,2,2,
5,3,3,0,2,3,2,2,2,3,2,2,2,3,3,2,2,3,3,2,2,2,3,2,2,2,2,2,1,2,2,
6,4,3,0,2,4,3,2,2,4,3,2,2,4,3,2,2,3,3,2,2,2,4,2,2,2,3,2,1,2,2,
5,3,3,0,3,3,3,2,3,3,3,2,2,3,3,2,2,3,3,2,2,2,3,2,2,2,2,2,2,2,3,
5,2,2,0,2,2,2,1,2,2,2,1,1,2,2,1,2,2,2,1,1,1,2,1,1,2,1,1,1,1,2,
6,2,2,0,2,2,2,1,2,2,2,1,2,2,2,1,2,2,2,1,1,2,2,1,1,2,1,1,1,1,2,
6,2,2,0,2,2,2,1,2,2,2,1,2,2,2,1,2,2,2,1,1,2,2,1,1,2,2,1,1,1,2,
8,2,4,0,2,2,4,1,2,2,4,1,2,2,4,1,2,4,2,1,1,3,2,1,1,4,2,1,1,3,2,
6,2,3,0,2,2,2,1,2,2,2,1,2,3,2,1,2,2,2,1,1,2,2,1,1,2,2,1,1,1,2,
5,2,3,0,2,3,2,1,2,3,2,1,2,3,2,1,2,2,2,1,2,2,2,1,2,2,2,1,1,1,2,
7,2,3,0,2,3,2,1,2,3,2,1,2,3,2,1,2,2,2,1,2,2,2,1,2,2,2,1,1,1,2,
5,3,3,0,2,3,2,2,2,3,3,2,2,3,3,2,2,3,2,2,2,2,2,2,2,2,2,2,1,2,2,
6,3,4,0,2,3,3,2,2,3,3,2,2,3,4,2,2,4,2,2,2,2,3,2,2,3,2,2,2,2,2,
5,3,3,0,2,3,2,2,2,3,3,2,2,3,3,2,2,3,2,2,2,2,3,2,2,2,2,2,1,2,2,
8,6,3,0,2,6,3,2,2,6,3,2,2,6,3,2,3,3,3,2,2,2,6,2,2,3,2,2,2,2,2,
5,3,3,0,2,3,3,2,3,3,3,2,3,3,3,2,3,3,3,2,2,2,3,2,2,3,2,2,2,2,3,
6,3,3,0,2,3,3,2,3,3,3,2,3,3,3,2,2,3,3,2,2,2,3,2,2,3,2,2,2,2,3,
5,2,2,0,1,2,2,1,1,2,2,1,1,2,2,1,1,2,2,1,1,2,2,1,1,2,1,1,1,1,2,
6,2,2,0,2,2,2,1,2,2,2,1,2,2,2,1,2,2,2,1,1,2,2,1,1,2,1,1,1,1,2,
6,2,3,0,2,2,2,1,2,3,2,1,2,3,2,1,2,2,2,1,1,2,2,1,1,2,2,1,1,1,2,
6,3,3,0,2,3,2,2,2,3,2,2,2,3,2,1,2,2,2,1,2,2,2,1,2,2,2,1,1,2,2,
6,3,3,0,2,3,2,1,2,3,2,2,2,3,2,1,2,2,2,1,2,2,3,1,2,2,2,1,1,2,2,
5,3,3,0,2,3,2,2,2,3,2,2,2,3,2,2,2,3,3,1,2,2,3,1,2,2,2,1,1,2,2,
5,3,3,0,2,3,2,1,2,3,2,2,2,3,2,1,2,2,2,1,2,2,3,1,2,2,2,1,1,2,2,
5,3,3,0,2,3,2,2,2,3,2,2,2,3,2,2,2,3,2,1,2,2,3,1,2,2,2,2,1,2,2,
5,3,3,0,2,3,2,2,2,3,2,2,2,3,3,2,2,3,3,2,2,2,3,2,2,2,2,2,2,2,2,
6,4,3,0,2,3,4,2,3,3,3,2,3,4,3,2,3,4,4,2,2,2,3,2,2,2,2,2,2,2,3,
5,3,3,0,2,3,3,2,2,3,3,2,2,3,3,2,2,3,3,2,2,2,3,2,2,2,2,2,2,2,2,
5,3,3,0,2,3,3,2,3,3,3,2,3,3,3,2,3,3,3,2,2,2,3,2,2,3,2,2,2,2,3,
6,3,3,0,2,3,3,2,2,3,3,2,3,3,3,2,3,3,3,2,2,2,3,2,2,3,2,2,2,2,3,
5,2,2,0,1,2,2,1,1,2,2,1,2,2,2,1,2,2,2,1,1,2,2,1,1,2,2,1,1,1,2,
6,2,3,0,2,2,2,2,2,2,2,2,2,2,2,2,2,3,2,1,2,2,2,1,2,2,2,1,1,2,2,
8,2,5,0,2,5,2,2,2,5,2,2,2,5,2,2,2,2,2,2,2,2,2,2,2,2,2,2,1,2,2,
6,2,2,0,2,2,2,1,2,2,2,1,2,2,2,1,2,2,2,1,1,2,2,1,2,2,2,1,1,1,2,
5,2,3,0,2,3,2,1,2,3,2,1,2,3,2,1,2,2,2,1,2,2,2,1,2,2,2,1,1,2,2,
6,4,3,0,2,4,2,2,2,4,2,2,2,4,2,2,2,2,4,2,2,2,4,2,2,2,3,2,1,2,2,
5,2,3,0,2,3,2,2,2,3,2,2,2,3,2,2,2,2,2,2,2,2,2,2,2,2,2,2,1,2,2,
5,3,3,0,2,3,2,2,2,3,3,2,2,3,2,2,2,3,2,2,2,2,3,2,2,2,2,2,1,2,2,
5,3,3,0,2,3,2,2,2,3,3,2,2,3,3,2,2,3,3,2,2,2,3,2,2,2,2,2,1,2,2,
5,3,3,0,2,3,2,2,2,3,2,2,2,3,3,2,2,3,3,2,2,2,3,2,2,2,2,2,1,2,2,
5,3,3,0,2,3,2,2,2,3,3,2,2,3,3,2,2,3,3,2,2,2,3,2,2,2,2,2,1,2,2,
5,3,3,0,2,3,3,2,3,3,3,2,2,3,3,2,2,3,3,2,2,2,3,2,2,3,2,2,2,2,2,
5,2,2,0,2,2,2,1,2,2,2,1,2,2,2,1,2,2,2,1,1,1,2,1,2,2,1,1,1,1,2,
5,2,2,0,2,2,2,1,2,2,2,1,2,2,2,1,2,2,2,1,2,1,2,1,1,2,1,1,1,1,2,
6,2,2,0,1,2,2,1,2,2,2,1,2,2,2,1,2,2,2,1,1,2,2,1,1,2,2,1,1,1,2,
6,2,3,0,1,2,2,1,2,2,2,1,2,2,2,1,2,2,2,1,1,2,2,1,1,2,2,1,1,1,2,
6,2,3,0,2,3,2,1,2,2,2,1,2,3,2,1,2,2,2,1,2,2,2,1,2,2,2,1,1,1,2,
5,2,3,0,2,3,2,1,2,3,2,1,2,3,2,1,2,2,2,1,2,2,2,1,2,2,2,1,1,2,2,
7,4,4,0,4,4,4,1,4,4,4,1,4,4,4,1,4,4,4,1,4,4,4,1,4,4,4,1,1,4,4,
5,3,3,0,2,3,2,2,2,3,2,2,2,3,2,1,2,3,2,1,2,2,2,1,2,2,2,1,1,2,2,
5,3,3,0,2,3,3,2,2,3,3,2,2,3,3,2,2,3,2,2,2,2,3,2,2,2,2,2,1,2,2,
6,3,3,0,3,4,3,2,2,3,3,2,2,3,3,2,2,3,3,2,2,2,3,2,2,3,3,2,2,2,2,
5,3,3,0,2,3,3,2,2,3,3,2,2,3,3,2,2,3,3,2,2,2,3,2,2,2,2,2,2,2,2,
5,3,3,0,2,3,3,2,3,3,3,2,3,3,3,2,2,3,3,2,2,3,3,2,2,2,2,2,2,2,3,
6,2,2,0,2,2,2,1,2,2,2,1,2,2,2,1,2,2,2,1,1,1,2,1,1,2,1,1,1,1,2,
6,2,3,0,2,3,3,1,2,2,3,1,2,2,3,1,2,3,2,1,1,2,2,1,1,3,2,1,1,2,2,
6,2,3,0,2,2,2,1,2,2,2,1,2,3,2,1,2,2,2,1,1,2,2,1,1,2,2,1,1,1,2,
6,2,2,0,2,2,2,1,2,2,2,1,2,2,2,1,2,2,2,1,1,2,2,1,1,2,2,1,1,1,2,
6,2,2,0,2,2,2,1,2,2,2,1,2,3,2,1,2,2,2,1,1,2,2,1,1,2,2,1,1,1,2,
6,3,2,0,2,3,2,1,2,3,2,1,2,3,2,1,2,2,3,1,1,2,3,1,1,2,2,1,1,1,2,
5,2,3,0,2,2,2,1,2,3,2,1,2,3,2,1,2,2,2,1,1,2,2,1,1,2,2,1,1,1,2,
6,2,2,0,2,2,2,1,2,2,2,1,2,2,2,1,2,2,2,1,1,2,2,1,1,2,2,1,1,1,2,
8,3,6,0,2,3,5,1,2,3,5,1,2,3,6,1,3,6,2,1,2,5,2,1,2,5,2,1,1,5,3,
5,3,3,0,2,3,2,1,2,3,2,2,2,3,2,1,2,3,2,1,2,2,2,1,2,2,2,1,1,2,2,
5,3,3,0,2,3,3,2,2,3,3,2,2,3,3,2,3,3,3,2,2,2,3,2,2,2,2,2,1,2,2,
7,3,3,0,2,3,3,2,2,3,3,2,3,3,3,2,3,3,3,2,2,2,3,2,2,3,2,2,1,2,3,
5,3,3,0,2,3,3,2,3,3,3,2,3,3,3,2,3,3,3,2,2,2,3,2,2,2,2,2,2,2,3,
6,3,3,0,3,3,3,2,2,3,3,2,3,3,3,2,3,3,3,2,2,2,3,2,2,2,2,2,2,2,3,
6,2,2,0,2,2,2,1,2,2,2,1,2,2,2,1,2,2,2,1,1,1,2,1,1,2,1,1,1,1,2,
6,2,3,0,2,2,2,1,2,2,2,1,2,2,2,1,2,2,2,1,2,2,2,1,1,2,2,1,1,1,2,
6,2,3,0,2,2,2,1,2,3,2,1,2,3,2,1,2,3,2,1,1,2,2,1,2,2,2,1,1,2,2,
6,2,3,0,2,2,2,1,2,2,2,1,2,3,2,1,2,2,2,1,2,2,2,1,1,2,2,1,1,1,2,
6,2,3,0,2,2,2,1,3,3,2,1,2,3,2,1,2,2,2,1,1,2,2,1,2,2,2,1,1,1,2,
5,2,3,0,2,2,2,1,2,3,2,1,2,3,2,1,2,2,2,1,1,2,2,1,2,2,2,1,1,1,2,
5,3,3,0,2,3,2,1,2,3,2,1,2,3,2,1,2,2,2,1,2,2,3,1,2,2,2,1,1,1,2,
5,3,3,0,2,3,2,1,2,3,2,1,2,3,2,1,2,2,2,1,2,2,2,1,2,2,2,1,1,2,2,
5,3,3,0,3,3,2,2,3,3,2,2,2,3,2,2,2,3,2,2,2,2,3,2,2,2,2,2,1,2,2,
5,3,3,0,2,3,2,2,2,3,3,2,2,3,3,2,3,3,3,2,2,2,3,2,2,2,2,2,1,2,3,
5,3,3,0,3,3,3,2,2,3,3,2,3,3,3,2,3,3,3,2,2,2,3,2,2,3,2,2,1,2,3,
6,3,3,0,3,3,2,2,3,3,3,2,3,3,3,2,3,3,3,2,2,2,3,2,2,2,2,2,2,2,3,
5,2,2,0,2,2,2,1,2,2,2,1,2,2,2,1,2,2,2,1,1,1,2,1,1,2,1,1,1,1,2,
6,2,2,0,2,2,2,1,2,2,2,1,2,2,2,1,2,2,2,1,1,1,2,1,2,2,1,1,1,1,2,
6,2,3,0,2,2,2,1,2,2,2,1,2,2,2,1,2,2,2,1,1,1,2,1,1,2,1,1,1,1,2,
8,2,5,0,2,2,2,1,2,2,2,1,2,2,2,1,2,5,2,1,1,2,2,1,1,2,1,1,1,1,2,
6,2,3,0,2,3,2,1,2,3,2,1,2,2,2,1,2,2,2,1,1,2,2,1,1,2,2,1,1,1,2,
5,2,3,0,2,3,2,1,2,3,2,1,2,3,2,1,2,2,2,1,1,2,2,1,2,2,2,1,1,1,2,
5,2,3,0,2,3,2,1,2,3,2,1,2,3,2,1,2,3,2,1,2,2,3,1,2,2,2,1,1,2,2,
6,3,3,0,2,3,3,2,2,3,3,2,2,3,3,2,2,3,3,2,2,2,3,2,2,2,2,2,1,2,2,
5,3,3,0,2,3,2,1,2,3,2,1,2,3,2,1,2,3,2,1,2,2,2,1,2,2,2,2,1,2,2,
5,3,3,0,2,3,2,2,2,3,2,2,2,3,2,2,2,3,2,1,2,2,3,1,2,2,2,2,1,2,2,
6,3,3,0,3,4,3,2,2,3,3,3,3,3,4,2,2,3,3,3,2,3,3,3,2,3,2,2,1,3,3,
6,3,3,0,3,3,3,2,3,3,3,2,3,3,3,2,2,3,3,2,2,3,3,2,2,3,2,2,2,2,3,
5,3,3,0,3,3,3,2,2,3,3,2,3,3,3,2,2,3,3,2,2,2,3,2,2,3,2,2,2,2,3,
5,2,2,0,2,2,2,1,1,2,2,1,2,2,2,1,1,2,2,1,1,2,2,1,1,2,1,1,1,1,2,
5,2,2,0,2,2,2,1,2,2,2,1,2,2,2,1,2,2,2,1,1,1,2,1,1,2,1,1,1,1,2,
6,3,2,0,2,2,2,1,2,3,2,1,2,3,2,1,2,2,2,1,1,2,2,1,1,2,2,1,1,1,2,
6,3,3,0,2,3,2,1,2,3,2,1,2,3,2,1,2,2,2,1,1,2,2,1,2,2,2,1,1,1,2,
7,2,4,0,2,3,2,1,2,2,2,1,2,3,2,1,2,3,2,1,1,2,2,1,1,2,2,1,1,1,2,
6,3,3,0,2,3,2,1,2,3,2,1,2,3,2,1,2,2,2,1,1,2,2,1,2,2,2,1,1,1,2,
5,3,3,0,2,3,2,1,2,3,2,1,2,3,2,1,2,3,2,1,1,2,2,1,2,2,2,1,1,1,2,
5,3,3,0,2,3,2,1,2,3,2,2,2,3,2,1,2,3,2,1,2,2,2,1,2,2,2,1,2,2,2,
5,3,3,0,2,3,2,2,2,3,2,2,2,3,2,2,2,3,2,1,2,2,2,1,2,2,2,2,1,2,2,
5,3,3,0,2,3,2,2,2,3,2,2,2,3,2,2,2,3,2,1,2,2,2,2,2,2,2,2,1,2,2,
5,3,3,0,2,3,2,2,2,3,2,2,2,3,2,2,2,3,2,2,2,2,2,2,2,2,2,2,1,2,2,
7,3,5,0,2,3,4,2,2,3,4,2,2,3,4,2,2,4,3,2,2,4,3,2,2,4,2,2,1,3,2,
5,3,3,0,2,3,3,2,2,3,3,2,3,3,3,2,2,3,3,2,2,2,3,2,2,2,2,2,2,2,2,
6,2,2,0,2,2,2,1,2,2,2,1,2,2,2,1,1,2,2,1,1,1,2,1,1,2,1,1,1,1,2,
6,2,3,0,2,2,2,1,2,2,2,1,2,2,2,1,2,2,2,1,1,2,2,1,1,2,2,1,1,1,2,
6,2,3,0,2,2,2,1,2,2,2,1,2,3,2,1,2,2,2,1,1,2,2,1,1,2,2,1,1,1,2,
6,3,3,0,2,3,2,1,2,3,2,1,2,3,2,1,2,2,2,1,1,2,2,1,2,2,2,2,1,2,2,
6,2,3,0,2,3,2,1,2,3,2,1,2,3,3,1,2,3,2,1,1,2,2,1,2,2,2,1,1,1,2,
7,4,3,0,2,4,2,1,2,4,2,1,2,4,2,1,2,2,4,1,1,2,4,1,2,2,4,1,1,1,2,
5,2,3,0,2,3,2,1,2,2,2,1,2,3,2,1,2,2,2,1,1,2,2,1,2,2,2,1,1,1,2,
5,3,3,0,2,3,3,1,2,3,2,1,2,3,2,1,2,3,2,1,1,2,2,1,2,2,2,1,1,2,2,
5,3,3,0,2,3,3,2,2,3,2,2,2,3,2,1,2,3,2,1,2,2,2,1,2,2,2,1,1,2,2,
5,3,3,0,2,3,2,2,2,3,3,2,2,3,2,2,2,3,2,2,2,2,3,2,2,2,2,2,1,2,2,
5,3,3,0,2,3,2,2,2,3,3,2,2,3,2,2,2,3,3,2,2,2,3,2,2,2,2,2,1,2,2,
5,3,3,0,2,3,2,2,2,3,3,2,2,3,2,2,2,3,3,2,2,2,3,2,2,2,2,2,2,2,2,
5,3,3,0,2,3,3,2,3,3,3,2,3,3,3,2,2,3,3,2,2,2,3,2,2,3,2,2,2,2,3,
6,2,2,0,1,2,2,1,2,2,2,1,2,2,2,1,2,2,2,1,1,1,2,1,1,2,1,1,1,1,2,
6,2,3,0,2,2,2,1,2,2,2,1,2,2,2,1,2,2,2,1,1,1,2,1,1,2,1,1,1,1,2,
6,2,2,0,2,2,2,1,2,2,2,1,2,3,2,1,2,2,2,1,1,2,2,1,1,2,2,1,1,1,2,
6,2,3,0,2,2,2,1,2,2,2,1,2,3,2,1,2,2,2,1,1,2,2,1,1,2,2,1,1,1,2,
6,3,3,0,2,3,2,1,2,3,2,1,2,3,2,1,2,2,2,1,1,2,2,1,2,2,2,1,1,1,2,
5,3,3,0,2,3,2,1,2,3,2,1,2,3,2,1,2,3,2,1,1,2,2,1,2,2,2,1,1,1,2,
5,3,3,0,2,3,2,2,2,3,2,2,2,3,2,1,2,2,3,1,2,2,3,1,2,2,2,2,1,2,2,
5,3,3,0,2,3,2,1,2,3,2,1,2,3,2,2,2,2,2,1,2,2,2,1,2,2,2,2,1,2,2,
7,3,3,0,2,3,2,2,2,3,3,2,3,3,2,5,2,3,3,2,2,2,3,5,2,2,2,5,1,2,3,
6,3,3,0,3,3,3,2,3,3,3,2,3,3,3,2,3,3,3,2,3,2,3,2,2,3,2,2,2,2,3,
8,5,5,0,5,5,5,1,5,5,5,1,5,5,5,1,5,5,5,1,1,1,5,1,5,5,4,1,1,1,5,
5,3,3,0,3,3,2,2,2,3,3,2,3,3,3,2,2,3,3,2,2,2,3,2,2,2,2,2,2,2,2,
5,2,2,0,2,2,2,1,2,2,2,1,2,2,2,1,1,2,2,1,1,1,2,1,1,2,2,1,1,1,2,
6,2,2,0,2,2,2,1,2,2,2,1,2,2,2,1,2,2,2,1,1,1,2,1,1,2,2,1,1,1,2,
6,2,2,0,2,2,2,1,2,2,2,1,2,2,2,1,2,2,2,1,1,2,2,1,1,2,2,1,1,1,2,
6,2,2,0,2,2,2,1,2,2,2,1,2,2,2,1,2,2,2,1,1,2,2,1,2,2,1,1,1,1,2,
5,2,2,0,2,2,2,1,2,2,2,1,2,2,2,1,2,2,2,1,1,2,2,1,1,2,2,1,1,1,2,
6,3,3,0,2,3,2,1,2,3,2,1,2,3,2,1,2,2,2,1,1,2,2,1,2,2,2,1,1,1,2,
5,3,3,0,2,3,2,1,2,3,2,1,2,3,2,1,2,2,2,1,1,2,2,1,2,2,2,1,1,1,2,
9,3,7,0,2,3,2,1,2,3,2,1,2,3,2,1,2,2,2,1,1,2,2,1,2,2,2,1,1,1,2,
5,3,3,0,2,3,2,2,3,3,3,2,2,3,2,2,2,3,3,2,2,2,3,2,2,2,2,2,1,2,3,
5,3,3,0,2,3,2,2,2,3,2,2,2,3,2,2,2,2,2,2,2,2,3,2,2,2,2,2,1,2,2,
5,2,2,0,2,2,1,1,2,2,2,1,2,2,2,1,1,2,2,1,1,1,2,1,1,2,1,1,1,1,2,
5,3,3,0,2,3,3,2,2,3,3,2,2,3,3,2,2,3,3,2,2,2,3,2,2,2,2,2,2,2,2,
5,3,3,0,2,3,3,2,3,3,3,2,3,3,3,2,3,3,3,2,2,2,3,2,2,3,2,2,2,2,3,
5,2,2,0,2,2,2,1,2,2,2,1,2,2,2,1,1,2,2,1,1,1,2,1,1,2,1,1,1,1,2,
5,2,2,0,2,2,2,1,2,2,2,1,2,2,2,1,2,2,2,1,1,1,2,1,1,2,1,1,1,1,2,
6,2,2,0,2,2,2,1,2,2,2,1,2,2,2,1,2,2,2,1,1,2,2,1,1,2,2,1,1,1,2,
7,2,3,0,2,2,2,1,2,3,2,1,2,3,2,1,2,3,2,1,1,2,2,1,1,2,2,1,1,1,2,
6,2,3,0,2,3,2,1,2,2,2,1,2,3,2,1,2,2,2,1,1,2,2,1,2,2,2,1,1,1,2,
6,3,3,0,2,3,2,1,2,3,2,1,2,3,2,1,2,2,2,1,1,2,2,1,2,2,2,1,1,1,2,
5,2,2,0,1,2,1,1,1,2,1,1,1,2,1,1,1,1,1,0,1,1,1,0,1,1,1,1,0,1,1,
5,3,3,0,2,3,2,1,2,3,2,1,2,3,2,1,2,2,2,1,2,2,2,1,2,2,2,1,1,2,2,
5,3,3,0,2,3,2,2,2,3,2,2,2,3,2,2,2,2,2,1,2,2,2,1,2,2,2,2,1,2,2,
5,3,3,0,2,3,2,2,2,3,2,2,2,3,2,2,2,3,3,2,2,2,3,2,2,2,2,2,2,2,2,
5,3,3,0,3,3,2,2,3,3,3,2,3,3,3,2,2,3,3,2,2,2,3,2,2,3,2,2,2,2,3,
5,3,3,0,3,3,3,2,3,3,3,2,3,3,3,2,3,3,3,2,2,2,3,2,2,3,3,2,2,2,3,
6,3,2,0,2,2,2,1,2,3,2,1,2,3,2,1,2,2,2,1,1,2,2,1,2,2,2,1,1,1,2,
5,2,2,0,2,2,2,1,2,2,2,1,2,2,2,1,2,2,2,1,1,2,2,1,2,2,2,1,1,1,2,
6,2,3,0,2,2,2,1,2,2,2,1,2,2,2,1,2,2,2,1,1,2,2,1,2,2,2,1,1,1,2,
10,2,5,0,3,2,4,1,3,3,4,1,3,3,4,1,3,7,2,1,2,3,2,1,2,3,2,1,2,3,3,
6,2,2,0,2,2,2,1,2,2,2,1,2,2,2,1,2,2,2,1,1,2,2,1,1,2,2,1,1,1,2,
6,2,2,0,2,2,2,1,2,2,2,1,2,2,2,1,2,2,2,1,1,2,2,1,1,2,2,1,1,1,2,
9,2,2,0,2,2,2,1,2,3,2,1,2,3,2,1,2,2,2,1,1,2,2,1,2,2,2,1,1,1,2,
5,2,3,0,2,3,2,2,2,3,2,2,2,3,2,2,2,3,2,2,2,2,2,2,2,2,2,2,1,2,2,
37,3,3,0,2,3,2,2,2,35,2,2,2,35,2,2,2,2,2,2,2,2,35,2,2,2,2,2,1,2,2,
35,3,3,0,32,4,2,2,32,3,2,2,2,3,2,2,2,2,3,2,2,2,3,2,32,2,2,2,1,2,2,
5,3,3,0,3,3,2,2,3,3,3,2,3,3,2,2,3,3,3,2,2,2,3,2,2,2,2,2,2,2,3,
5,3,3,0,2,3,3,2,2,3,3,2,2,3,3,2,2,3,3,2,2,2,3,2,2,2,2,2,2,2,2,
36,3,34,0,2,3,33,2,2,3,34,2,2,3,33,2,2,34,3,2,2,33,3,2,2,33,2,2,2,32,2,
6,2,2,0,1,2,2,1,2,2,2,1,2,2,2,1,2,2,2,1,1,2,2,1,1,2,2,1,1,1,2,
5,2,2,0,1,2,2,1,1,2,2,1,1,2,2,1,2,2,2,1,1,1,2,1,1,2,1,1,1,1,1,
5,2,2,0,2,2,2,1,2,2,2,1,2,2,2,1,2,2,2,1,1,2,2,1,1,2,2,1,1,1,2,
6,2,2,0,2,2,2,1,2,2,2,1,2,2,2,1,2,2,2,1,1,2,2,1,1,2,2,1,1,1,2,
5,2,2,0,2,2,2,1,2,2,2,1,2,2,2,1,2,2,2,1,1,1,2,1,1,2,2,1,1,1,2,
6,3,3,0,2,3,2,2,2,3,2,2,2,3,2,2,2,2,3,2,2,2,3,2,2,2,2,2,1,2,2,
5,2,3,0,2,3,2,1,2,3,2,1,2,3,2,1,2,2,3,1,1,2,2,1,1,2,2,1,1,1,2,
5,3,3,0,2,3,2,2,2,3,2,2,2,3,2,1,2,2,3,1,2,2,2,1,2,2,2,1,1,2,2,
5,3,3,0,2,3,2,2,2,3,2,2,3,3,3,2,3,3,3,2,2,2,3,2,2,2,2,2,1,2,3,
5,3,3,0,2,3,2,2,2,3,3,2,2,3,3,2,2,2,3,2,2,2,3,2,2,2,2,2,1,2,2,
5,3,3,0,2,3,2,2,2,3,2,2,2,3,3,2,3,3,3,2,2,2,3,2,2,2,2,2,1,2,2,
8,3,6,0,2,3,5,2,2,3,5,2,2,3,5,2,2,5,3,2,2,2,3,2,2,2,2,2,2,2,2,
5,3,3,0,2,3,2,2,2,3,3,2,3,3,3,2,3,3,3,2,2,2,3,2,2,3,3,2,2,2,3,
5,2,2,0,2,2,2,1,1,2,2,1,2,2,2,1,2,2,2,1,1,1,2,1,1,2,2,1,1,1,2,
9,3,3,0,2,3,2,2,2,3,3,2,2,3,3,2,3,3,3,2,2,2,3,2,2,2,2,2,1,2,2,
6,2,3,0,2,2,2,1,2,3,2,1,2,3,2,1,2,2,2,1,1,2,2,1,1,2,2,2,1,1,2,
6,2,2,0,2,2,2,1,2,2,2,1,2,3,2,1,2,2,2,1,1,2,2,1,1,2,2,1,1,1,2,
6,2,3,0,2,3,2,1,2,2,2,1,2,3,2,1,2,2,2,1,2,2,2,1,2,2,2,2,1,2,2,
38,5,3,0,2,6,2,1,2,6,2,1,2,6,2,1,2,2,5,35,1,2,5,1,2,2,2,2,1,1,2,
6,2,2,0,2,2,2,1,2,2,2,2,2,2,2,2,2,2,2,1,1,2,2,2,1,2,2,2,1,1,2,
33,2,3,0,2,3,5,2,2,3,2,2,2,3,2,2,2,2,2,2,2,2,2,2,2,30,2,2,1,2,2,
36,3,5,0,33,3,3,2,33,3,32,2,3,3,4,2,3,3,3,2,2,32,3,2,33,3,3,2,32,3,2,
6,3,4,0,3,3,3,2,3,3,3,2,3,3,3,2,3,3,3,2,3,3,3,2,2,3,2,2,2,2,3,
7,4,3,0,2,4,2,2,2,4,2,2,2,5,2,2,2,2,4,2,2,2,4,2,2,2,3,2,1,2,2,
5,3,3,0,2,3,2,2,2,3,2,2,2,3,2,2,2,2,3,2,2,2,3,2,2,2,2,2,1,2,2,
5,3,3,0,2,3,3,2,3,3,3,2,3,3,3,2,3,3,3,2,2,2,3,2,2,3,3,2,2,2,3,
6,2,2,0,2,2,2,1,2,3,2,1,2,3,2,1,2,2,2,1,1,2,2,1,1,2,2,1,1,1,2,
5,2,2,0,2,2,2,1,2,2,2,1,2,2,2,1,2,2,2,1,1,2,2,1,1,2,2,1,1,1,2,
6,2,2,0,2,2,2,1,2,2,2,1,2,2,2,1,2,2,2,1,1,1,2,1,1,1,2,1,1,1,2,
6,2,2,0,2,2,2,1,2,2,2,1,2,2,2,1,2,2,2,1,1,2,2,1,2,2,2,1,1,1,2,
6,3,2,0,2,3,2,2,2,2,2,2,2,2,2,2,2,2,2,2,2,2,2,2,2,2,2,2,1,2,2,
6,2,2,0,2,3,2,2,2,3,2,2,2,3,2,2,2,2,2,2,2,2,2,2,2,2,2,2,1,2,2,
5,2,3,0,2,3,2,2,2,3,2,2,2,3,2,2,2,2,2,2,2,2,2,2,2,2,2,2,1,2,2,
6,3,4,0,2,3,2,1,2,3,2,1,2,3,2,2,2,2,2,1,2,2,3,1,2,2,2,2,1,2,2,
5,3,3,0,2,3,2,2,3,3,2,2,2,3,2,2,3,3,3,2,2,2,3,2,2,2,2,2,2,2,3,
7,2,2,0,2,2,2,1,2,2,2,1,2,2,2,1,2,2,2,1,1,2,2,1,1,2,2,1,1,1,2,
8,3,6,0,2,6,6,2,2,6,2,2,2,6,2,2,2,3,3,2,2,2,3,2,2,2,2,2,1,2,2,
5,2,2,0,1,2,2,1,2,2,2,1,2,2,2,1,1,2,2,1,1,2,2,1,1,2,2,1,1,1,2,
6,2,3,0,2,2,2,1,2,2,2,1,2,2,2,1,2,2,2,1,1,1,2,1,1,1,2,1,1,1,2,
6,2,3,0,2,2,2,1,2,2,2,1,2,2,2,1,2,2,2,1,1,2,2,1,1,2,2,1,1,2,2,
5,2,2,0,2,2,2,1,2,2,2,1,1,2,2,1,2,2,2,1,1,2,2,1,1,2,2,1,1,1,2,
5,2,2,0,2,2,2,1,2,2,2,1,2,2,2,1,2,2,2,1,1,1,2,1,1,2,2,1,1,1,2,
5,2,2,0,2,2,2,1,2,2,2,1,2,2,2,1,2,2,2,1,1,2,2,1,1,2,2,1,1,1,2,
6,2,2,0,2,2,2,1,2,2,2,1,2,3,2,1,2,2,2,1,1,2,2,1,1,2,2,1,1,1,2,
6,3,3,0,3,3,3,3,3,4,4,3,3,3,3,3,3,3,3,3,3,3,3,3,3,3,3,3,3,3,3,
5,3,3,0,2,3,2,2,2,3,2,2,2,3,2,2,2,3,2,2,2,2,3,2,2,2,2,2,1,2,2,
5,3,3,0,2,3,2,2,2,3,2,2,2,3,2,2,2,2,3,2,2,2,3,2,2,2,2,2,1,2,2,
5,3,3,0,2,3,2,2,2,3,2,2,2,3,2,2,2,2,3,2,2,2,2,2,2,2,2,2,1,2,2,
5,3,3,0,2,3,2,2,2,3,2,2,2,3,2,2,3,3,3,2,2,2,3,2,2,2,2,2,1,2,2,
5,3,3,0,2,3,3,2,3,3,3,2,2,3,3,2,3,3,3,2,2,2,3,2,2,3,3,2,1,2,3,
5,3,3,0,2,3,3,2,3,3,3,2,3,3,3,2,3,3,3,2,2,2,3,2,2,3,3,2,2,2,3,
5,3,3,0,2,3,2,2,3,3,3,2,2,3,3,2,3,3,3,2,2,2,3,2,2,2,2,2,2,2,3,
5,2,2,0,1,2,2,1,2,2,2,1,2,2,2,1,2,2,2,1,1,1,2,1,1,2,2,1,1,1,2,
6,2,2,0,2,2,2,1,2,2,2,1,2,2,2,1,2,2,2,1,2,2,2,1,1,2,2,1,1,1,2,
6,2,2,0,2,2,2,1,2,2,2,1,2,3,2,1,2,2,2,1,1,1,2,1,1,2,2,1,1,1,2,
7,3,3,0,2,3,2,1,2,2,2,4,2,2,2,4,2,2,2,4,1,2,2,4,1,2,2,4,1,1,2,
7,2,2,0,2,3,2,1,2,2,2,1,2,2,2,1,2,2,2,1,1,2,2,1,1,2,2,1,1,1,2,
36,33,6,0,2,33,2,2,2,33,2,2,2,33,2,1,2,2,33,1,2,2,32,1,2,2,32,1,1,2,2,
5,3,3,0,2,3,2,1,2,3,2,1,2,3,2,2,2,2,3,1,2,2,2,1,2,2,2,2,1,2,2,
6,2,4,0,2,3,2,2,2,2,2,2,2,3,2,2,2,2,2,1,2,2,2,2,2,2,2,2,1,2,2,
5,3,3,0,2,3,2,2,2,3,2,2,2,3,2,2,2,3,2,2,2,2,2,2,2,2,2,2,1,2,2,
5,3,3,0,2,3,2,2,2,3,2,2,2,3,2,2,2,2,2,2,2,2,2,2,2,2,2,2,1,2,2,
5,2,2,0,1,2,1,1,1,2,2,1,1,2,2,1,1,2,2,1,1,1,2,1,1,1,2,1,1,1,1,
5,3,3,0,2,3,2,2,3,3,3,2,2,3,3,2,2,3,3,2,2,2,3,2,2,2,2,2,2,2,2,
38,35,3,0,2,35,2,2,2,3,3,2,3,3,3,2,3,3,35,2,2,2,3,2,2,2,2,2,2,2,3,
6,3,2,0,2,3,2,1,2,3,2,1,2,3,2,1,2,2,2,1,1,1,3,1,1,2,2,1,1,1,2,
5,2,2,0,2,2,2,1,2,2,2,1,2,2,2,1,2,2,2,1,1,1,2,1,1,2,1,1,1,1,2,
6,2,2,0,2,2,2,1,2,2,2,1,2,2,2,1,2,2,2,1,2,2,2,1,2,2,2,1,1,1,2,
6,2,3,0,2,2,2,1,2,2,2,1,2,2,2,1,2,2,2,1,2,2,2,1,2,2,2,1,1,1,2,
5,2,2,0,2,2,2,1,2,2,2,1,2,2,2,1,2,2,2,1,2,2,2,1,2,2,2,1,1,1,2,
5,3,3,0,2,3,2,2,2,3,2,2,2,3,2,2,2,3,2,2,2,2,2,2,2,2,2,2,1,2,2,
5,3,3,0,2,3,2,2,2,3,2,2,2,3,2,2,2,2,2,2,2,2,2,2,2,2,2,2,1,2,2,
32,3,3,0,2,3,3,2,2,3,3,2,30,3,3,2,2,3,3,2,2,2,3,2,2,2,2,2,1,2,30,
6,3,4,0,3,3,2,2,3,3,2,2,3,3,2,2,3,3,2,2,2,2,2,2,2,2,2,2,2,2,3,
5,3,3,0,2,3,2,2,2,3,2,2,2,3,2,2,2,3,2,2,2,2,2,2,2,2,2,2,2,2,2,
6,3,3,0,3,3,3,2,2,3,3,2,2,3,3,2,2,3,3,2,2,2,3,2,2,2,2,2,2,2,3,
6,2,2,0,1,2,2,1,2,2,2,1,2,2,2,1,1,2,2,1,1,2,2,1,1,2,1,1,1,1,2,
5,2,2,0,1,2,2,1,1,2,2,1,2,2,2,1,1,2,2,1,1,1,2,1,1,2,2,1,1,1,2,
7,0,0,0,1,0,0,0,2,0,0,0,2,0,0,0,1,0,0,0,1,0,0,0,1,0,0,0,1,0,2,
5,2,2,0,2,2,2,1,2,2,2,1,2,2,2,1,2,2,2,1,1,2,2,1,1,2,2,1,1,1,2,
6,2,3,0,2,2,2,1,2,2,2,1,2,3,2,1,2,2,2,1,1,2,2,1,1,2,2,1,1,1,2,
6,2,2,0,1,2,2,1,2,2,2,1,1,2,2,1,2,2,2,1,1,1,2,1,1,2,2,1,1,1,2,
5,3,3,0,2,3,2,1,2,2,2,1,2,3,2,1,2,2,2,1,2,2,2,1,2,2,2,2,1,2,2,
5,3,3,0,2,3,2,2,2,3,2,2,2,3,2,2,2,2,2,2,2,2,2,2,2,2,2,2,1,2,2,
5,3,3,0,2,3,2,2,2,3,2,2,2,3,2,2,2,2,2,1,2,2,2,1,2,2,2,1,1,2,2,
5,3,3,0,2,3,2,2,2,3,2,2,2,3,2,2,2,3,2,2,2,2,3,2,2,2,2,2,1,2,2,
5,3,3,0,2,3,2,2,2,3,3,2,2,3,3,2,2,3,2,2,2,2,3,2,2,2,2,2,1,2,3,
8,3,5,0,2,3,5,2,3,3,5,2,2,3,5,2,2,5,3,2,2,5,3,2,2,5,2,2,2,4,2,
5,3,3,0,2,3,2,2,3,3,3,2,2,3,3,2,2,3,3,2,2,2,3,2,2,3,2,2,2,2,3,
5,3,3,0,2,3,3,2,3,3,3,2,3,3,3,2,2,3,3,2,2,2,3,2,2,3,2,2,2,2,3,
8,2,2,0,2,2,2,1,2,2,2,1,2,2,2,1,1,2,2,1,1,1,2,1,1,2,1,1,1,1,2,
6,2,2,0,2,2,2,1,2,2,2,1,2,2,2,1,2,2,2,1,1,1,2,1,1,2,2,1,1,1,2,
6,2,2,0,2,2,2,1,2,2,2,1,2,2,2,1,2,2,2,1,1,2,2,1,1,2,2,1,1,1,2,
6,2,2,0,2,3,2,1,2,2,2,1,2,2,2,1,2,2,2,1,1,2,2,1,1,2,2,1,1,1,2,
5,2,3,0,2,2,2,1,2,3,3,1,2,3,2,1,2,2,2,1,2,2,2,1,2,2,2,1,1,1,2,
5,2,3,0,2,2,2,2,2,3,2,2,2,3,2,2,2,2,2,1,2,2,3,2,2,2,2,2,1,2,2,
5,3,3,0,2,3,2,2,3,3,2,2,2,3,2,2,2,2,2,1,2,2,3,1,2,2,2,2,1,2,2,
5,3,3,0,2,3,2,2,2,3,2,2,2,3,2,2,2,2,2,2,2,2,2,2,2,2,2,2,1,2,2,
5,3,3,0,2,3,2,2,2,3,2,2,2,3,2,2,2,2,3,2,2,2,2,2,2,2,2,2,1,2,2,
35,3,28,0,30,3,3,2,30,3,2,2,2,3,2,2,2,2,2,2,2,2,2,30,2,2,2,31,2,2,2,
7,3,4,0,3,3,3,1,3,3,3,2,3,3,3,2,3,3,3,2,2,3,3,2,3,3,2,2,2,2,3,
8,4,6,0,2,4,2,2,4,4,3,2,2,4,2,2,2,3,3,2,2,2,3,2,2,2,3,2,1,2,2,
6,2,2,0,2,2,2,1,2,2,2,1,2,2,2,1,2,2,2,1,1,2,2,1,1,2,2,1,1,1,2,
5,2,2,0,2,2,2,1,2,2,2,1,2,2,2,1,2,2,2,1,1,1,2,1,1,1,1,1,1,1,2,
6,2,2,0,2,2,2,1,2,2,2,1,2,2,2,1,2,2,2,1,1,1,2,1,2,1,1,1,1,1,2,
34,2,31,0,2,2,2,1,2,2,2,1,2,2,2,1,2,31,2,1,1,1,2,1,1,2,2,1,1,1,2,
5,2,3,0,2,2,3,1,2,2,3,1,2,2,3,1,2,3,2,1,1,2,2,1,2,2,2,1,1,2,2,
5,2,3,0,2,3,2,1,2,2,2,1,2,3,2,1,2,2,2,1,2,2,2,1,2,2,2,1,1,2,2,
5,2,3,0,2,2,3,1,2,2,3,1,2,2,3,1,2,3,2,1,2,3,2,1,2,3,2,1,1,2,2,
5,3,2,0,2,3,2,2,2,3,2,2,2,3,2,2,2,2,2,2,2,2,2,2,2,2,2,2,1,2,2,
5,3,2,0,2,3,2,2,2,2,2,2,2,3,2,2,2,2,2,1,2,2,2,1,2,2,2,2,1,2,2,
6,3,3,0,3,3,3,2,3,3,3,2,2,3,3,2,3,3,3,2,2,2,3,2,2,2,2,2,2,2,2,
7,3,3,0,2,3,3,2,2,3,3,2,2,3,3,2,2,3,3,2,2,2,3,2,2,3,2,2,2,2,2,
25,3,3,0,2,3,2,2,2,3,3,2,2,23,2,2,2,3,3,2,2,2,3,2,2,2,2,2,1,2,2,
6,3,3,0,2,4,2,2,2,4,3,2,2,3,3,2,2,3,3,2,2,2,3,2,2,2,3,2,2,2,2,
8,2,2,0,1,2,2,1,2,2,2,1,1,2,2,1,2,2,2,1,1,1,2,1,1,2,1,1,1,1,2,
5,2,2,0,2,2,2,1,1,2,2,1,1,2,2,1,2,2,2,1,1,1,2,1,1,2,1,1,1,1,2,
5,2,2,0,2,2,2,1,2,2,2,1,2,2,2,1,2,2,2,1,1,1,2,1,1,1,1,1,1,1,2,
5,2,2,0,2,2,2,1,2,2,2,1,2,2,2,1,2,2,2,1,1,2,2,1,1,2,2,1,1,1,2,
5,2,2,0,2,2,2,1,2,2,2,1,2,2,2,1,2,2,2,1,1,2,2,1,1,2,1,1,1,1,2,
6,2,2,0,2,2,2,1,2,2,2,1,2,2,2,1,2,2,2,1,1,2,2,1,2,2,2,1,1,1,2,
6,2,2,0,2,3,2,1,2,3,2,1,2,3,2,1,2,2,2,1,1,1,2,1,1,2,2,1,1,1,2,
6,2,2,0,2,2,2,1,2,2,2,1,2,2,2,1,2,2,2,1,1,2,2,1,2,2,2,1,1,1,2,
5,2,2,0,2,3,2,1,2,3,2,1,2,3,2,1,2,2,2,1,2,2,2,1,2,2,2,1,1,1,2,
5,3,3,0,2,3,2,1,2,2,2,1,2,2,2,1,2,3,2,1,2,2,2,1,2,2,2,1,1,1,2,
5,2,3,0,2,3,2,2,2,3,2,2,2,3,2,2,2,2,2,1,2,2,2,1,2,2,2,1,1,2,2,
5,3,3,0,2,3,2,2,3,3,2,2,3,3,3,2,2,3,3,2,2,2,3,2,2,3,3,2,2,2,3,
5,3,3,0,2,3,2,2,2,3,2,2,2,3,2,2,2,2,2,1,2,2,2,1,2,2,2,2,1,2,2,
5,3,3,0,2,3,2,2,2,3,2,2,2,3,3,2,2,3,3,2,2,2,3,2,2,2,2,2,1,2,2,
5,3,3,0,2,3,2,2,2,3,2,2,2,3,2,2,2,3,2,2,2,2,2,2,2,2,2,2,1,2,2,
5,3,3,0,2,3,2,2,2,3,3,2,2,3,3,2,2,3,2,2,2,2,3,2,2,2,2,2,1,2,2,
5,3,3,0,2,3,2,2,2,3,3,2,3,3,3,2,3,3,3,2,2,2,3,2,2,2,2,2,2,2,2,
6,3,3,0,2,3,2,2,2,3,2,2,2,3,2,2,2,3,2,2,2,2,2,2,2,2,2,2,1,2,2,
29,2,2,0,2,2,26,1,2,2,2,1,2,2,2,1,2,2,2,1,1,1,2,1,1,2,2,1,1,1,2,
7,3,3,0,3,2,3,2,3,2,3,3,3,2,3,2,4,3,2,2,3,2,3,2,3,3,3,2,3,3,4,
5,2,2,0,2,2,2,1,2,2,2,1,2,2,2,1,2,2,2,1,1,2,2,1,2,2,2,1,1,1,2,
7,3,2,0,2,3,2,1,2,3,2,1,2,3,2,1,2,2,3,1,1,1,3,1,1,2,3,1,1,1,2,
5,2,2,0,2,2,2,1,2,2,2,1,2,2,2,1,2,2,2,1,1,2,2,1,2,2,2,1,1,1,2,
6,2,2,0,2,2,2,1,2,2,2,1,2,2,2,1,2,2,2,1,1,2,2,1,2,2,2,1,1,1,2,
5,2,2,0,2,2,2,2,2,2,2,2,2,2,2,2,2,2,2,2,2,2,2,2,2,2,2,2,1,2,2,
5,2,3,0,2,3,2,2,2,2,2,2,2,3,2,1,2,2,2,1,2,2,2,1,2,2,2,1,1,2,2,
6,2,4,0,2,3,2,2,2,2,2,2,2,3,3,2,2,4,2,1,2,2,2,1,2,2,2,2,1,2,2,
6,3,3,0,2,3,2,2,2,3,3,2,2,3,3,2,2,3,3,2,2,2,3,2,2,2,2,3,1,2,2,
5,3,3,0,2,3,2,2,2,3,2,2,2,3,3,2,2,3,2,2,2,2,2,2,2,2,2,2,1,2,2,
5,3,3,0,2,3,2,2,2,3,2,2,2,3,2,2,2,3,2,2,2,2,2,2,2,2,2,2,1,2,2,
5,3,3,0,3,3,3,2,3,3,3,2,3,3,3,2,3,3,3,2,3,3,3,2,3,3,3,2,2,2,3,
5,2,2,0,2,2,2,1,2,2,2,1,2,2,2,1,2,2,2,1,2,2,2,1,2,2,2,1,1,1,2,
5,2,2,0,1,2,2,1,2,2,2,1,2,2,2,1,2,2,2,1,1,1,2,1,1,2,2,1,1,1,2,
6,2,2,0,2,2,2,1,2,2,2,1,2,2,2,1,2,2,2,1,2,2,2,1,2,2,2,1,1,2,2,
6,2,2,0,2,2,2,1,2,2,2,1,2,3,2,1,2,2,2,1,2,2,2,1,2,2,2,1,1,2,2,
6,2,2,0,2,2,2,1,2,2,2,1,2,2,2,1,2,2,2,1,2,2,2,1,2,2,2,1,1,1,2,
5,2,3,0,2,2,2,1,2,2,2,1,2,2,2,1,2,2,2,1,2,2,2,1,2,2,2,1,1,2,2,
6,3,3,0,2,3,2,2,2,3,2,2,2,3,3,2,2,3,2,2,2,2,2,2,2,2,2,2,1,2,2,
5,2,3,0,2,3,2,1,2,2,2,1,2,3,2,1,2,2,2,1,2,2,2,1,2,2,2,1,1,1,2,
7,5,5,0,5,5,4,5,5,5,5,5,5,5,5,5,5,5,5,5,5,5,5,5,5,5,5,5,5,5,5,
5,3,3,0,2,3,2,2,2,3,2,2,2,3,2,2,2,3,2,2,2,2,2,2,2,2,2,2,1,2,2,
5,3,3,0,2,3,2,2,2,3,2,2,2,3,2,2,2,3,2,2,2,2,2,2,2,2,2,2,1,2,2,
6,4,3,0,2,4,2,2,2,4,2,2,2,4,3,2,2,3,4,2,2,2,4,2,2,2,3,2,2,2,2,
5,3,3,0,2,3,3,2,3,3,3,2,3,3,3,2,3,3,3,2,2,3,3,2,2,3,2,2,2,2,3,
5,3,3,0,3,3,3,2,3,3,3,2,3,3,3,2,3,3,3,2,2,3,3,2,2,3,2,2,2,2,3,
5,2,2,0,2,2,2,1,2,2,2,1,2,2,2,1,2,2,2,1,1,2,2,1,1,2,2,1,1,1,2,
5,2,2,0,2,2,2,1,2,2,2,1,2,2,2,1,2,2,2,1,1,2,2,1,1,2,2,1,1,1,2,
6,2,2,0,2,2,2,1,2,2,2,1,2,2,2,1,2,2,2,1,1,2,2,1,2,2,2,1,1,1,2,
8,2,5,0,2,2,2,1,2,2,2,1,2,2,2,1,2,2,2,1,2,2,2,1,2,2,2,1,1,1,2,
6,2,2,0,2,2,2,1,2,2,2,1,2,2,2,1,2,2,2,1,2,2,2,1,2,2,2,1,1,1,2,
5,2,3,0,2,3,2,1,2,2,2,2,2,3,2,1,2,2,2,1,2,2,2,1,2,2,2,1,1,2,2,
5,2,3,0,2,3,2,2,2,2,2,2,2,3,2,2,2,2,2,1,2,2,2,1,2,2,2,1,1,2,2,
5,2,3,0,2,3,2,2,2,2,2,2,2,3,2,2,2,2,2,2,2,2,2,2,2,2,2,2,1,2,2,
5,2,3,0,2,3,2,2,2,3,2,2,2,3,2,2,2,2,2,2,2,2,2,2,2,2,2,2,1,2,2,
5,3,3,0,2,3,2,2,2,3,3,2,2,3,2,2,2,3,2,2,2,2,3,2,2,2,2,2,1,2,2,
5,3,3,0,2,3,2,2,2,3,2,2,2,3,3,2,2,3,2,2,2,2,3,2,2,2,2,2,2,2,2,
5,3,3,0,2,3,3,2,2,3,3,2,2,3,3,2,2,3,3,2,2,2,3,2,2,3,2,2,2,2,2,
31,2,3,0,2,2,2,1,2,2,2,28,2,2,26,27,28,3,2,1,1,2,2,1,2,2,2,1,1,1,2,
33,2,4,0,2,2,3,1,2,2,27,1,2,2,2,1,2,3,2,1,2,2,2,2,2,2,2,2,1,2,3,
7,2,3,0,2,2,3,1,2,2,3,1,2,2,3,1,2,3,2,1,1,2,2,1,1,2,2,1,1,2,2,
6,2,2,0,2,2,2,1,2,2,2,1,2,2,2,1,2,2,2,1,1,2,2,1,2,2,2,1,1,1,2,
6,2,2,0,2,2,2,1,2,2,2,1,2,2,2,1,2,2,2,1,1,2,2,1,2,2,2,1,1,1,2,
5,2,2,0,2,3,2,1,2,2,2,1,2,2,2,1,2,2,2,1,2,2,2,1,2,2,2,1,1,2,2,
5,3,3,0,2,3,2,1,3,3,2,1,2,3,2,1,2,2,3,1,2,2,3,1,2,2,2,1,1,2,2,
6,4,4,0,4,4,4,1,4,4,4,3,4,4,4,1,4,4,4,1,4,4,4,1,4,4,4,4,1,4,4,
5,3,3,0,2,3,2,2,2,3,2,2,2,3,2,2,2,2,2,2,2,2,2,2,2,2,2,2,1,2,2,
5,3,3,0,2,3,2,2,2,3,2,2,2,3,2,2,2,3,3,2,2,2,3,2,2,2,2,2,1,2,2,
5,3,3,0,2,3,2,2,2,3,3,2,2,3,2,2,2,3,3,2,2,2,3,2,2,2,2,2,2,2,2,
5,3,3,0,3,3,3,2,3,3,3,2,3,3,3,2,3,3,3,2,2,3,3,2,2,3,2,2,2,2,3,
5,2,2,0,2,2,2,1,2,2,2,2,2,2,2,1,2,2,2,1,2,2,2,1,2,2,2,1,1,2,2,
5,2,2,0,2,2,2,1,2,2,2,1,2,2,2,1,2,2,2,1,1,2,2,1,2,2,2,1,1,1,2,
5,2,2,0,2,2,2,1,2,2,2,1,2,2,2,1,2,2,2,1,1,2,2,1,1,2,2,1,1,1,2,
8,2,2,0,2,2,2,1,2,2,2,1,2,2,2,1,2,2,2,1,2,2,2,1,2,2,2,1,1,1,2,
6,2,2,0,2,2,2,1,2,2,2,1,2,3,2,1,2,2,2,1,2,2,2,1,2,2,2,1,1,1,2,
6,2,2,0,2,2,2,1,2,3,2,1,2,3,2,1,2,2,2,1,1,2,2,1,1,2,2,1,1,1,2,
5,2,3,0,2,3,2,2,2,3,2,2,2,3,2,1,2,2,2,1,2,2,2,1,2,2,2,1,1,2,2,
5,2,3,0,2,2,2,1,2,2,2,1,2,2,2,1,2,2,2,1,2,2,2,1,2,2,2,1,1,1,2,
5,3,3,0,2,3,2,2,2,3,3,2,2,3,2,2,2,3,2,2,2,2,3,2,2,2,2,2,1,2,2,
5,3,3,0,2,3,3,2,2,3,3,2,2,3,3,2,2,3,3,2,2,2,3,2,2,2,2,2,2,2,2,
8,3,3,0,2,3,2,2,2,3,2,2,2,3,2,2,2,3,2,2,2,2,2,2,2,2,2,2,2,2,2,
5,3,3,0,2,3,3,2,2,3,3,2,2,3,3,2,2,3,3,2,2,2,3,2,2,2,2,2,2,2,2,
8,0,1,0,2,0,0,0,2,0,0,0,2,0,0,0,2,0,0,0,2,0,0,0,2,0,1,0,1,0,2,
6,2,2,0,2,2,2,1,2,2,2,1,2,2,2,1,2,2,2,1,1,2,2,1,1,2,1,1,1,1,2,
6,2,2,0,2,2,2,1,2,2,2,1,2,2,2,1,2,2,2,1,1,2,2,1,1,2,1,1,1,1,2,
6,2,2,0,2,2,2,1,2,2,2,1,2,2,2,1,2,2,2,1,1,2,2,1,2,2,2,1,1,1,2,
6,1,1,0,1,1,1,0,1,1,1,0,1,1,1,0,1,1,1,0,1,1,1,0,1,1,1,0,0,0,1,
6,3,3,0,2,3,2,2,3,2,2,1,3,3,2,2,3,2,2,1,2,2,2,1,2,2,2,1,1,1,3,
6,3,3,0,3,3,2,1,3,3,3,1,3,3,3,1,3,3,3,1,2,2,3,1,2,2,2,1,1,1,3,
5,2,3,0,2,2,2,2,2,2,2,2,2,3,2,2,2,2,2,2,2,2,2,2,2,2,2,2,1,2,2,
5,3,3,0,2,3,2,2,2,3,2,2,2,3,2,2,2,2,2,1,2,2,2,2,2,2,2,2,1,2,2,
5,2,3,0,2,3,2,2,2,3,2,2,2,3,2,2,2,2,2,1,2,2,2,1,2,2,2,2,1,2,2,
5,3,3,0,3,3,2,2,3,3,2,2,3,3,2,2,3,3,2,2,2,2,2,2,2,2,2,2,2,2,3,
6,3,3,0,3,3,3,2,3,3,3,2,3,3,3,2,3,3,3,2,2,2,3,2,3,2,2,2,2,2,3,
7,3,4,0,2,3,3,2,2,3,3,2,2,3,3,2,2,3,3,2,2,3,3,2,2,3,2,2,2,2,2,
8,2,4,0,2,2,3,2,2,2,3,2,2,3,3,2,2,3,2,2,1,2,2,2,2,3,2,3,1,2,2,
7,3,3,0,3,3,3,2,3,3,3,2,2,3,3,2,2,3,3,2,2,3,3,2,2,3,2,2,1,2,2,
6,2,2,0,2,2,2,1,3,2,2,1,2,2,2,1,2,2,2,1,2,2,2,1,2,2,1,1,1,1,3,
9,2,3,0,3,3,2,2,3,3,2,2,3,3,2,2,3,3,2,1,3,2,2,1,3,2,2,2,2,2,3,
6,2,3,0,2,2,2,1,2,2,2,1,2,2,2,1,2,3,2,1,2,2,2,1,2,2,2,1,1,1,2,
33,3,4,0,2,3,3,2,3,3,3,2,30,3,3,2,30,3,3,2,29,3,3,2,2,3,2,2,1,2,30,
7,2,3,0,2,2,2,1,2,2,2,1,2,2,2,1,2,3,2,1,2,2,2,1,2,2,2,1,1,2,2,
6,2,3,0,2,3,4,2,2,3,4,2,2,3,2,2,2,2,2,1,2,3,2,1,2,2,2,1,1,2,2,
5,2,2,0,1,2,1,0,1,2,1,0,1,2,1,0,1,1,1,0,1,1,2,0,1,1,1,0,0,0,1,
6,3,3,0,2,3,3,2,2,3,3,2,2,3,3,2,2,3,3,2,2,2,3,2,2,3,2,2,1,2,2,
9,2,3,0,2,2,2,1,2,2,2,1,1,2,2,1,1,3,2,1,1,2,2,1,1,2,1,1,1,2,2,
7,3,4,0,2,3,3,1,2,3,3,2,2,3,3,2,2,3,2,1,2,2,2,2,2,3,2,4,1,2,2,
6,2,3,0,2,2,2,1,2,2,2,1,1,2,2,1,1,2,2,1,1,2,2,1,1,2,2,1,1,1,2,
5,3,3,0,2,3,2,2,2,3,3,2,2,3,3,2,2,3,3,2,2,2,2,2,2,2,2,2,1,2,2,
6,4,3,0,2,4,2,2,3,4,3,2,2,4,3,2,2,3,3,2,2,2,3,2,2,3,3,2,2,2,3,
5,3,3,0,2,3,3,2,2,3,3,2,2,3,3,2,2,3,3,2,2,2,3,2,2,3,2,2,2,2,2,
6,3,3,0,2,3,3,2,3,3,3,2,2,3,3,2,2,3,3,2,2,2,3,2,2,3,2,2,2,2,2,
5,2,2,0,2,2,2,1,2,2,2,1,2,2,2,1,2,2,2,1,1,2,2,1,1,2,2,1,1,1,2,
5,3,3,0,3,3,3,2,2,3,3,2,2,3,3,2,2,3,3,2,2,2,3,2,2,3,2,2,2,2,2,
7,3,2,0,2,3,2,1,2,4,2,1,2,4,2,1,2,2,3,1,1,1,3,4,1,2,2,1,1,1,2,
8,3,2,0,2,4,2,1,2,3,2,1,2,3,2,1,2,2,3,1,1,2,3,1,2,2,2,1,1,1,2,
9,2,3,0,2,2,3,1,2,2,3,1,2,2,3,1,2,3,2,1,2,2,2,1,2,3,2,1,1,1,2,
6,2,3,0,2,2,2,1,2,2,2,1,2,2,2,1,2,2,2,1,1,2,2,1,2,2,2,1,1,1,2,
6,2,3,0,2,2,2,1,2,2,2,1,2,2,2,1,2,2,2,1,1,2,2,1,2,2,2,1,1,1,2,
9,2,3,0,2,6,2,1,2,2,2,1,2,2,2,1,2,2,2,1,1,2,2,1,2,2,2,1,1,2,2,
5,2,3,0,2,2,2,2,2,2,2,2,2,3,2,1,2,2,2,1,2,2,2,1,2,2,2,1,1,2,2,
5,2,3,0,2,3,2,1,2,2,2,1,2,3,2,1,2,2,2,1,2,2,2,1,2,2,2,1,1,2,2,
5,3,3,0,2,3,2,1,2,3,2,2,2,3,2,1,2,3,2,1,2,2,2,1,2,2,2,1,1,2,2,
5,3,3,0,2,3,2,2,2,3,2,2,2,3,2,2,2,3,2,2,2,2,2,2,2,2,2,2,1,2,2,
5,3,3,0,2,3,2,2,2,3,2,2,2,3,2,2,2,3,2,1,2,2,2,1,2,2,2,2,1,2,2,
6,1,2,0,1,1,1,0,1,1,1,0,1,1,1,0,1,1,1,0,1,1,1,0,0,1,0,2,0,0,1,
7,4,3,0,3,4,3,2,3,4,3,2,3,3,3,2,3,3,3,2,3,2,3,2,2,3,2,2,2,2,3,
6,3,3,0,2,3,3,2,2,3,2,2,2,3,3,2,2,3,3,2,2,2,3,2,2,2,2,2,2,2,2,
5,3,3,0,2,3,3,2,2,3,3,2,2,3,3,2,2,3,3,2,2,3,3,2,2,3,2,2,2,2,2,
5,3,3,0,2,3,3,2,3,3,3,2,3,3,3,2,3,3,3,2,2,3,3,2,2,3,3,2,2,2,3,
6,2,2,0,2,2,2,1,2,2,2,1,2,2,2,1,1,2,2,1,1,2,2,1,1,2,2,1,1,1,2,
5,3,3,0,3,3,3,2,2,3,3,2,3,3,3,2,2,3,3,2,2,2,3,2,2,3,3,2,2,2,3,
5,2,2,0,2,2,2,1,2,2,2,1,2,2,2,1,2,2,2,1,1,1,2,1,1,2,2,1,1,1,2,
5,2,2,0,2,2,2,1,2,2,2,1,2,2,2,1,2,2,2,1,1,2,2,1,2,2,2,1,1,1,2,
6,2,2,0,2,2,2,1,2,2,2,1,1,2,2,1,2,2,2,1,1,2,2,1,1,2,1,1,1,1,2,
6,2,2,0,2,2,2,1,2,2,2,1,1,2,2,1,2,2,2,1,1,2,2,1,1,2,1,1,1,1,2,
6,3,3,0,3,3,3,2,3,3,3,2,2,3,3,2,2,3,3,2,2,2,3,2,2,3,2,2,2,2,3,
5,2,3,0,2,2,2,1,2,3,2,1,2,2,2,1,2,3,2,1,1,2,2,1,2,2,2,1,1,2,2,
6,3,3,0,2,3,2,2,2,3,2,2,2,3,2,2,2,4,2,1,2,2,2,1,2,2,2,2,1,2,2,
5,2,3,0,2,3,2,2,2,2,2,2,2,3,2,1,2,3,2,1,2,2,2,1,2,2,2,1,1,2,2,
5,2,3,0,2,3,2,1,2,3,2,2,2,3,2,1,2,3,2,1,2,2,2,1,2,2,2,1,1,2,2,
5,3,3,0,2,3,3,2,2,3,3,2,2,3,3,2,2,3,2,2,2,2,2,2,2,2,2,2,1,2,2,
5,3,3,0,2,3,2,2,2,3,2,2,2,3,3,2,2,3,2,2,2,2,2,2,2,2,2,2,1,2,2,
5,3,3,0,2,3,2,2,2,3,3,2,2,3,3,2,2,3,2,2,2,2,3,2,2,2,2,2,1,2,2,
5,3,3,0,2,3,3,2,2,3,3,2,2,3,3,2,2,3,3,2,2,2,3,2,2,2,2,2,2,2,2,
5,3,3,0,2,3,3,2,2,3,3,2,2,3,3,2,2,3,3,2,2,2,3,2,2,2,2,2,2,2,2,
8,3,6,0,2,3,5,2,2,3,6,2,2,3,5,2,2,6,3,2,2,5,3,2,2,5,2,2,2,5,2,
5,3,3,0,2,3,3,2,2,3,3,2,2,3,3,2,2,3,3,2,2,3,3,2,2,3,2,2,2,2,2,
5,2,2,0,2,2,2,1,2,2,2,1,1,2,2,1,1,2,2,1,1,2,2,1,1,2,2,1,1,1,2,
8,2,2,0,2,2,2,1,2,2,2,1,1,2,2,1,1,2,2,1,1,2,2,1,1,2,1,1,1,1,2,
6,2,2,0,2,2,2,1,2,2,2,1,1,2,2,1,1,2,2,1,1,2,2,1,1,2,2,1,1,1,2,
6,2,2,0,2,2,2,1,2,2,2,1,2,2,2,1,2,2,2,1,1,2,2,1,1,2,2,1,1,1,2,
6,2,3,0,2,2,2,1,2,2,2,1,2,2,2,1,2,2,2,1,1,2,2,1,1,2,2,1,1,1,2,
6,2,3,0,2,3,2,1,2,2,2,1,2,2,2,1,2,2,2,1,1,2,2,1,1,2,2,1,1,1,2,
6,2,3,0,2,3,2,2,2,2,3,2,2,2,3,2,2,3,2,2,2,2,2,2,2,2,2,2,1,2,2,
5,2,3,0,2,3,2,1,2,3,2,1,2,3,2,1,2,2,2,1,1,2,2,1,2,2,2,1,1,1,2,
6,2,3,0,2,3,2,4,2,3,2,4,2,3,2,4,2,3,2,4,1,2,2,4,2,2,2,4,1,2,2,
5,2,3,0,2,3,2,2,2,3,2,2,2,3,2,2,2,2,2,1,2,2,2,1,2,2,2,1,1,2,2,
7,1,1,0,2,1,1,1,2,1,1,1,2,1,1,1,2,1,1,1,1,1,1,1,1,1,1,1,1,1,2,
5,3,3,0,2,3,2,2,2,3,3,2,2,3,3,2,2,3,3,2,2,2,3,2,2,3,2,2,1,2,2,
5,3,3,0,2,3,2,2,2,3,3,2,2,3,3,2,2,3,3,2,2,2,3,2,2,2,2,2,1,2,2,
5,3,3,0,2,3,2,2,2,3,3,2,2,3,3,2,2,3,2,2,2,2,3,2,2,2,2,2,1,2,2,
7,4,4,0,3,4,4,1,3,4,4,2,2,4,4,2,3,4,4,2,2,4,4,2,2,4,3,2,2,3,3,
5,3,3,0,2,3,2,2,2,3,3,2,2,3,3,2,2,3,3,2,2,2,3,2,2,2,2,2,2,2,2,
6,3,3,0,2,3,2,2,2,3,3,2,2,3,3,2,2,3,3,2,2,2,3,2,2,2,2,2,1,2,2,
6,3,3,0,2,3,3,2,2,3,4,2,2,3,3,2,2,3,3,2,2,2,3,2,2,3,2,2,2,2,2,
6,3,4,0,3,3,3,2,2,3,3,2,2,3,3,2,3,3,3,2,2,3,3,2,2,3,3,2,2,2,2,
6,2,2,0,2,2,2,1,2,2,2,1,2,2,2,1,2,2,2,1,1,2,2,1,1,2,2,1,1,1,2,
6,2,2,0,2,2,2,1,2,2,2,1,2,2,2,1,2,2,2,1,1,2,2,1,1,2,2,1,1,1,2,
6,2,3,0,2,2,2,2,2,2,2,2,2,2,2,1,2,2,2,1,1,2,2,2,1,2,2,1,1,1,2,
6,2,3,0,2,2,2,1,2,3,2,1,2,2,2,1,2,2,2,1,1,2,2,1,1,2,2,1,1,1,2,
6,2,3,0,2,2,2,1,2,3,2,1,2,3,2,1,2,2,2,1,1,2,2,1,2,2,2,1,1,1,2,
5,2,3,0,2,2,2,1,2,2,2,1,2,3,2,1,2,2,2,1,1,2,2,1,2,2,2,1,1,1,2,
5,2,3,0,2,3,2,1,2,3,2,1,2,3,2,1,2,2,2,1,2,2,2,1,2,2,2,1,1,2,2,
5,2,3,0,2,3,2,1,2,3,2,1,2,3,2,1,2,2,2,1,2,2,2,2,2,2,2,1,1,2,2,
5,2,3,0,2,3,2,2,2,3,3,2,2,3,2,2,2,3,2,1,2,2,2,1,2,2,2,2,1,2,2,
6,3,3,0,2,3,3,2,2,3,3,2,2,3,3,2,2,3,3,2,2,2,3,2,2,3,2,2,1,2,2,
6,3,3,0,3,3,3,1,3,3,3,2,2,3,3,2,2,3,3,1,2,3,3,2,2,3,3,2,2,2,3,
5,3,3,0,2,3,3,1,2,3,3,2,2,3,3,2,2,3,3,2,2,2,3,2,2,3,2,2,1,2,2,
8,0,1,0,2,0,0,0,3,0,0,0,2,0,1,0,2,1,0,0,1,0,0,0,1,0,0,0,1,0,2,
5,3,3,0,2,3,3,1,3,3,3,2,2,3,3,2,2,3,3,2,2,2,3,2,2,3,2,2,2,2,3,
5,3,3,0,3,3,3,1,3,3,3,2,2,3,3,2,2,3,3,2,2,2,3,2,2,3,2,2,2,2,2,
6,3,3,0,3,3,3,1,3,3,3,2,2,3,3,2,2,3,3,2,2,3,3,2,2,3,3,2,2,2,2,
5,2,2,0,1,2,2,1,2,2,2,1,1,2,2,1,1,2,2,1,1,1,2,1,1,2,1,1,1,1,1,
6,2,3,0,3,3,2,1,3,3,2,1,2,3,3,1,2,2,2,1,2,2,3,1,2,2,2,1,1,1,2,
6,2,2,0,2,2,2,1,3,2,2,1,2,2,2,1,2,2,2,1,2,2,2,1,2,2,2,1,1,1,2,
6,2,3,0,2,2,2,1,2,2,2,1,2,2,2,1,2,2,2,1,2,2,2,1,2,2,2,2,1,1,2,
6,2,3,0,2,2,2,1,2,2,2,1,2,2,2,1,2,2,2,1,2,2,2,1,2,2,2,1,1,1,2,
6,2,3,0,2,2,2,1,2,2,2,1,2,2,2,1,2,2,2,1,1,2,2,1,2,2,2,1,1,1,2,
6,2,3,0,2,2,2,2,2,2,2,2,2,2,2,2,2,2,2,1,2,2,2,1,2,2,2,1,1,2,2,
5,2,3,0,2,2,2,1,2,2,2,1,2,2,2,1,2,2,2,1,2,2,2,1,2,2,2,1,1,2,2,
5,2,3,0,2,3,2,2,2,2,3,2,2,3,3,2,2,3,2,1,2,2,2,1,2,2,2,2,1,2,2,
5,3,3,0,2,3,2,2,2,3,3,2,2,3,3,2,2,3,2,2,2,2,2,2,2,2,2,2,1,2,2,
6,2,3,0,1,2,2,1,2,2,3,1,1,2,2,1,1,3,2,1,1,2,2,1,1,2,1,2,1,1,1,
6,3,4,0,2,3,3,2,2,3,3,2,2,3,3,2,2,3,2,2,2,3,3,2,2,3,2,2,1,2,2,
6,3,4,0,2,3,3,2,3,3,3,2,2,3,3,2,2,3,3,2,2,3,3,2,2,3,2,2,1,2,2,
5,3,3,0,2,3,3,2,2,3,3,2,2,3,2,2,2,3,2,2,2,2,2,2,2,2,2,2,1,2,2,
5,3,3,0,2,3,3,1,3,3,3,2,2,3,3,2,2,3,3,1,2,2,3,2,2,3,2,2,1,2,2,
5,3,3,0,2,3,2,1,2,3,3,2,2,3,3,2,2,3,2,2,2,2,3,2,2,2,2,2,1,2,2,
6,3,3,0,2,3,3,1,2,3,4,2,2,3,3,2,2,3,3,1,2,2,3,2,2,2,2,2,1,2,2,
5,3,3,0,3,3,3,1,3,3,3,2,2,3,3,2,3,3,3,1,2,2,3,2,2,3,3,2,1,2,2,
6,4,3,0,2,4,3,1,3,4,3,2,2,4,3,2,2,3,3,2,2,2,3,2,2,2,3,2,2,2,2,
6,3,3,0,2,3,3,2,3,4,3,2,2,4,3,2,2,3,3,1,2,3,3,2,2,3,3,2,2,2,2,
7,3,2,0,2,3,2,0,2,3,2,1,2,3,2,1,2,2,2,1,1,2,2,1,1,2,2,1,1,1,2,
433,4,5,0,4,4,3,2,5,4,3,2,4,4,4,3,4,4,3,3,3,3,3,3,3,3,2,4,2,2,4,
331,3,3,0,3,3,3,1,3,3,3,1,2,3,3,1,3,3,2,1,2,2,2,1,3,2,2,2,2,2,2,
231,3,3,0,3,3,2,1,3,3,2,2,3,3,3,2,3,3,3,1,2,2,3,2,3,2,2,2,2,2,2,
128,4,1,0,1,4,1,1,1,4,1,1,1,4,1,1,1,1,4,0,1,1,4,1,1,1,1,1,1,1,1,
24,5,2,0,2,5,2,1,2,5,2,1,2,5,2,1,2,2,4,1,2,2,5,1,2,2,4,1,1,1,2,
5,2,3,0,2,3,2,1,2,3,3,1,2,3,2,1,2,3,2,1,2,2,2,1,2,2,2,1,1,2,2,
5,2,3,0,2,3,2,1,2,3,2,1,2,3,2,1,2,2,2,1,2,2,2,1,2,2,2,1,1,1,2,
5,2,3,0,2,3,2,2,2,3,2,2,2,3,2,2,2,2,2,1,2,2,2,1,2,2,2,2,1,2,2,
6,3,3,0,2,3,2,2,3,3,3,2,2,3,2,2,2,3,2,2,2,2,3,2,2,2,2,2,2,2,2,
5,3,3,0,2,3,2,2,2,3,3,2,2,3,2,2,2,3,2,2,2,2,2,2,2,2,2,2,1,2,2,
5,3,3,0,2,3,3,2,3,3,3,2,2,3,3,2,2,3,3,2,2,2,3,2,2,2,2,2,1,2,2,
5,3,3,0,2,3,3,2,3,3,3,2,2,3,3,2,2,3,3,2,2,2,3,2,2,3,2,2,2,2,2,
8,6,3,0,2,6,3,2,2,6,3,2,2,6,3,2,2,3,5,2,2,2,6,2,2,2,2,2,1,2,2,
5,3,3,0,2,3,3,2,3,3,3,2,2,3,3,2,2,3,3,2,2,2,3,2,2,3,2,2,1,2,2,
5,3,3,0,2,3,3,2,3,3,3,2,2,3,3,2,2,3,3,2,2,2,3,2,2,2,2,2,2,2,2,
6,3,3,0,3,3,3,2,3,3,3,2,2,4,3,2,2,3,3,2,2,3,3,2,2,3,2,2,2,2,2,
5,2,2,0,2,2,2,1,2,2,2,1,2,2,2,1,2,2,2,1,1,2,2,1,1,2,2,1,1,1,2,
6,2,3,0,2,2,2,1,2,2,2,1,2,2,3,1,2,2,2,1,1,2,2,1,2,2,2,1,1,1,2,
6,2,2,0,2,2,2,1,2,2,2,1,2,2,2,1,2,2,2,1,1,2,2,1,2,2,2,1,1,1,2,
6,2,2,0,2,2,2,1,2,2,2,1,2,3,2,1,2,2,2,1,1,2,2,1,1,2,2,1,1,1,2,
7,2,2,0,2,2,2,1,2,2,2,1,2,2,2,1,2,2,2,1,1,2,2,1,2,2,2,1,1,1,2,
6,2,2,0,2,2,2,1,2,2,2,1,2,2,2,1,2,2,2,1,1,2,2,1,2,2,2,1,1,1,2,
6,2,3,0,2,3,2,1,2,3,2,1,2,3,2,1,2,2,2,1,2,2,2,1,2,2,2,1,1,1,2,
5,2,3,0,2,2,2,1,2,2,2,1,2,3,2,1,2,2,2,1,2,2,2,1,2,2,2,1,1,1,2,
5,3,3,0,2,3,2,2,2,3,2,2,2,3,3,2,2,3,2,2,2,2,2,2,2,2,2,2,1,2,2,
5,2,3,0,2,2,2,2,2,3,2,2,2,3,2,2,2,2,2,2,2,2,2,2,2,2,2,2,1,2,2,
5,2,3,0,2,3,2,2,2,3,3,2,2,3,2,2,2,2,2,2,2,2,2,2,2,2,2,2,1,2,2,
5,2,3,0,2,3,2,1,2,3,2,1,2,3,2,1,2,2,2,1,2,2,2,1,2,2,2,1,1,1,2,
5,2,3,0,2,3,2,1,2,3,2,1,2,3,2,1,2,2,2,1,2,2,2,1,2,2,2,1,1,1,2,
6,2,3,0,2,3,2,2,2,3,3,2,2,3,2,2,2,3,2,1,2,2,2,2,2,2,2,2,1,2,2,
9,3,3,0,2,3,3,3,2,3,3,7,2,3,3,7,2,3,2,3,2,3,3,7,2,2,2,7,1,2,2,
6,3,3,0,4,3,2,2,3,3,3,2,3,3,3,2,3,3,3,2,2,3,3,2,3,3,2,2,1,2,2,
5,3,3,0,3,3,3,2,3,3,3,2,3,3,3,2,3,3,3,2,2,3,3,2,2,3,2,2,2,2,3,
8,6,3,0,2,6,2,2,3,6,3,2,2,6,3,2,2,3,6,2,2,2,5,2,2,2,2,2,1,2,2,
5,3,3,0,2,3,2,2,3,3,3,2,2,3,3,2,2,3,3,2,2,3,3,2,2,3,2,2,2,2,2,
5,3,3,0,3,3,3,3,3,3,3,3,3,3,3,2,3,3,3,2,2,3,3,3,3,3,3,2,2,2,2,
6,2,2,0,2,2,2,1,2,2,2,1,2,2,2,1,2,2,2,1,1,2,2,1,2,2,2,1,1,1,1,
6,2,2,0,2,2,2,1,2,2,2,1,2,2,2,1,3,2,2,1,1,2,2,1,2,2,2,1,1,1,2,
6,2,2,0,2,2,2,1,2,3,2,1,2,2,2,1,2,2,2,1,1,2,2,1,2,2,2,1,1,1,2,
6,2,3,0,2,2,2,1,2,2,2,1,2,2,2,1,2,2,2,1,1,2,2,1,2,2,2,1,1,1,2,
6,2,3,0,2,2,2,1,2,2,2,1,2,2,3,1,2,2,2,1,1,2,2,1,2,2,2,1,1,1,2,
6,2,3,0,2,2,2,1,2,2,2,1,2,2,2,1,2,2,2,1,1,2,2,1,2,2,2,1,1,1,2,
6,2,3,0,2,2,2,1,2,2,2,1,2,2,2,1,2,2,2,1,1,2,2,1,2,2,2,1,1,1,2,
5,3,3,0,3,3,2,1,2,3,3,1,3,3,2,1,3,2,2,1,2,2,2,1,2,2,2,1,1,2,3,
5,2,3,0,2,3,2,1,2,2,2,1,2,3,2,1,3,2,2,1,2,2,2,1,2,2,2,1,1,1,2,
5,2,3,0,2,3,2,1,2,2,2,1,2,3,2,1,2,2,2,1,2,2,2,1,2,2,2,1,1,1,2,
5,2,3,0,2,3,2,1,2,3,2,1,2,3,2,1,2,2,2,1,2,2,2,1,2,2,2,1,1,1,2,
5,2,3,0,2,3,2,1,2,3,2,2,2,3,2,1,2,3,2,1,2,2,2,1,2,2,2,1,1,2,2,
5,3,3,0,2,3,2,2,2,3,3,2,2,3,3,2,2,3,2,1,2,2,2,2,2,2,2,2,1,2,2,
5,3,3,0,2,3,3,2,2,3,3,2,2,3,3,2,2,3,3,2,2,2,3,2,2,2,2,2,1,2,3,
8,3,3,0,2,3,2,1,2,3,2,1,2,3,2,1,2,2,2,1,1,2,2,1,2,2,2,1,1,1,2,
5,3,3,0,2,3,2,2,2,3,3,2,2,3,3,2,3,3,3,2,2,3,3,2,2,3,2,2,1,2,3,
7,2,2,0,2,2,2,1,2,2,2,1,2,2,2,1,2,2,2,1,1,2,2,1,2,2,1,1,1,1,2,
5,2,2,0,2,2,2,1,2,2,2,1,2,2,2,1,2,2,2,1,1,2,2,1,2,2,1,1,1,1,2,
6,2,2,0,2,2,2,1,2,2,2,1,2,2,2,1,2,2,2,1,2,2,2,1,2,2,2,1,1,1,2,
6,2,2,0,2,2,2,1,2,2,2,1,2,2,2,1,2,2,2,1,1,2,2,1,2,2,2,1,1,1,2,
6,2,2,0,2,2,2,1,2,2,2,1,2,2,2,1,2,2,2,1,2,2,2,1,2,2,2,1,1,1,2,
6,2,3,0,2,3,2,1,2,3,2,1,2,3,2,1,2,2,3,1,1,2,2,1,1,2,2,1,1,1,2,
6,2,2,0,2,2,2,1,2,2,2,1,2,2,2,1,2,2,2,1,2,2,2,1,2,2,2,1,1,1,2,
6,2,3,0,2,2,2,1,2,2,2,1,2,2,2,1,2,2,2,1,2,2,2,1,1,2,2,1,1,1,2,
5,2,3,0,2,2,2,1,2,2,2,1,2,2,2,1,2,2,2,1,2,2,2,1,2,2,2,1,1,1,2,
5,2,3,0,2,2,2,1,2,2,2,1,2,2,2,1,2,2,2,1,2,2,2,1,1,2,2,1,1,1,2,
5,2,3,0,2,2,2,1,2,2,2,1,2,2,2,1,2,2,2,1,2,2,2,1,2,2,2,1,1,1,2,
5,2,3,0,2,3,2,1,2,3,2,1,2,3,2,1,2,2,2,1,2,2,2,1,2,2,2,1,1,1,2,
5,3,3,0,2,3,2,2,2,3,2,2,2,3,2,1,2,3,2,1,2,2,3,1,2,2,2,1,1,2,2,
5,3,3,0,2,3,2,2,2,3,2,2,2,3,2,2,2,3,2,2,2,2,2,2,2,2,2,2,1,2,2,
5,2,3,0,2,3,2,2,2,3,2,2,2,3,2,2,2,3,2,2,2,2,2,2,2,2,2,2,1,2,2,
5,3,3,0,2,3,2,2,2,3,3,2,2,3,3,2,2,3,3,2,2,2,3,2,2,2,2,2,1,2,2,
5,3,3,0,2,3,2,2,2,3,3,2,2,3,2,2,2,3,2,2,2,2,2,2,2,2,2,2,2,2,2,
7,2,3,0,3,2,2,1,2,2,2,1,2,2,2,1,2,2,2,1,1,2,2,1,1,2,2,2,1,1,2,
9,2,2,0,2,2,2,1,2,2,2,1,2,2,2,1,2,2,2,1,1,1,2,1,1,1,2,1,1,1,2,
5,3,3,0,3,3,3,2,3,3,3,2,3,3,3,2,3,3,3,2,2,2,3,2,2,2,2,2,2,2,3,
6,1,2,0,2,1,1,1,2,1,1,1,2,1,1,1,2,1,1,0,2,1,1,1,2,1,1,1,2,1,2,
5,2,2,0,1,2,2,1,2,2,2,1,2,2,2,1,2,2,2,1,1,2,2,1,1,2,1,1,1,1,2,
7,4,2,0,2,4,2,1,2,4,2,1,2,4,2,1,2,2,4,1,1,2,4,1,1,2,3,1,1,1,2,
7,2,4,0,2,2,2,1,2,2,2,1,2,2,3,1,2,3,2,1,1,2,2,1,1,3,2,1,1,1,2,
6,2,2,0,2,2,2,1,2,2,2,1,2,2,2,1,2,2,2,1,1,2,2,1,1,2,2,1,1,1,2,
6,2,3,0,2,2,2,1,2,2,2,1,2,2,2,1,2,2,2,1,1,2,2,1,1,2,2,1,1,1,2,
5,2,3,0,2,2,2,1,2,2,2,1,2,2,2,1,2,2,2,1,1,2,2,1,2,2,2,1,1,1,2,
5,2,3,0,2,2,2,1,2,2,2,1,2,2,2,1,2,2,2,1,1,2,2,1,2,2,2,1,1,1,2,
5,2,3,0,2,2,2,1,2,2,2,1,2,2,2,1,2,2,2,1,1,2,2,1,2,2,2,1,1,1,2,
5,3,3,0,2,3,2,1,2,2,2,1,2,3,2,1,2,2,2,1,2,2,2,1,2,2,2,1,1,2,2,
5,2,3,0,2,3,2,1,2,2,2,1,2,2,2,1,2,2,2,1,2,2,2,1,2,2,2,1,1,2,2,
5,3,3,0,2,3,2,2,3,2,2,2,2,3,2,2,2,2,2,1,2,2,2,1,2,2,2,1,1,2,2,
6,3,4,0,2,3,3,2,2,3,4,2,2,3,4,2,2,4,3,2,2,3,3,2,2,3,2,2,1,3,2,
6,3,3,0,2,3,3,2,2,3,3,2,2,3,3,2,2,3,2,2,2,2,3,2,2,3,2,2,1,2,2,
6,2,3,0,2,2,2,1,2,2,2,1,2,2,2,1,2,2,2,1,1,2,2,1,1,2,2,1,1,1,2,
5,3,3,0,2,3,3,2,2,3,3,2,2,3,3,2,2,3,3,2,2,2,3,2,2,2,2,2,2,2,3,
6,2,2,0,2,2,2,1,2,2,2,1,2,2,2,1,2,2,2,1,1,2,2,1,1,2,1,1,1,1,2,
6,2,2,0,2,2,2,1,2,2,2,1,2,2,2,1,2,2,2,1,1,2,2,1,1,2,1,1,1,1,2,
6,2,2,0,2,2,2,1,2,2,2,1,1,2,2,1,2,2,2,1,1,2,2,1,1,2,2,1,1,1,2,
6,3,3,0,2,3,3,2,2,3,3,2,2,3,3,2,2,3,3,2,2,2,3,2,2,2,2,2,1,2,2,
6,2,2,0,1,2,2,1,2,2,2,1,2,2,2,1,2,2,2,1,1,2,2,1,1,2,1,1,1,1,2,
8,4,4,0,5,4,4,4,5,4,4,4,5,4,4,4,5,4,4,4,4,4,4,4,4,4,4,4,4,4,5,
6,2,3,0,2,2,2,1,2,2,2,1,2,3,2,1,2,2,2,1,1,2,2,1,1,2,2,1,1,1,2,
6,2,3,0,2,2,2,1,2,2,2,1,2,2,2,1,2,2,2,1,1,2,2,1,1,2,2,1,1,1,2,
5,3,3,0,2,3,2,1,2,3,2,1,2,3,2,1,2,2,3,1,1,2,3,1,1,2,2,1,1,1,2,
5,2,3,0,2,3,2,1,2,2,2,1,2,3,2,1,2,2,2,1,1,2,2,1,2,2,2,1,1,1,2,
5,2,3,0,2,2,2,1,2,2,2,1,2,3,2,1,2,2,2,1,1,2,2,1,1,2,2,1,1,1,2,
5,2,3,0,2,3,2,1,2,3,2,2,2,3,2,1,2,3,2,1,2,2,2,1,2,2,2,1,1,2,2,
5,2,3,0,2,3,2,2,2,3,2,2,2,3,2,2,2,2,2,1,2,2,2,1,2,2,2,2,1,2,2,
5,3,3,0,2,3,2,2,2,2,2,2,2,3,2,2,2,2,2,1,2,2,2,1,2,2,2,1,1,2,2,
5,3,3,0,2,3,2,2,2,3,2,2,2,3,2,2,2,3,2,2,2,2,2,2,2,2,2,2,1,2,2,
5,3,3,0,2,3,2,2,2,3,2,2,2,3,2,2,2,3,2,2,2,2,2,2,2,2,2,2,1,2,2,
5,3,3,0,2,3,2,2,2,3,3,2,2,3,3,2,2,3,3,2,2,2,3,2,2,2,2,2,1,2,2,
5,2,2,0,1,2,2,1,2,2,2,1,1,2,2,1,1,2,2,1,1,2,2,1,1,2,2,1,1,1,2,
5,2,2,0,1,2,2,1,1,2,2,1,1,2,2,1,1,2,2,1,1,1,2,1,1,2,1,1,1,1,1,
6,2,3,0,2,2,3,1,2,2,3,1,2,2,2,1,2,2,2,1,1,2,2,1,1,2,2,1,1,1,2,
6,2,3,0,2,2,2,1,2,2,2,1,2,3,2,1,2,2,2,1,1,2,2,1,1,2,2,1,1,1,2,
5,2,2,0,1,2,2,1,2,2,2,1,2,2,2,1,2,2,2,1,1,2,2,1,1,2,2,1,1,1,2,
6,2,2,0,2,2,2,1,2,2,2,1,2,2,2,1,1,2,2,1,1,2,2,1,1,2,2,1,1,1,2,
5,2,2,0,2,2,2,1,2,2,2,1,2,2,2,1,2,2,2,1,1,2,2,1,1,2,2,1,1,1,2,
7,2,2,0,2,2,2,1,2,2,2,1,2,2,2,4,2,2,2,4,1,2,2,4,1,2,2,4,1,1,2,
9,3,3,0,2,3,2,2,2,3,3,2,2,3,2,2,2,3,3,2,2,2,3,2,2,2,2,2,1,2,2,
10,3,3,0,2,3,2,1,2,3,2,1,2,3,2,1,2,7,2,1,1,2,3,1,1,2,2,1,1,1,2,
9,3,5,0,5,3,5,1,5,5,5,2,1,5,3,5,5,5,2,1,1,2,2,2,1,2,1,2,1,1,3,
7,3,4,0,3,4,4,1,3,3,3,2,3,4,3,2,3,4,3,1,2,3,3,2,2,3,2,2,1,2,3,
7,4,3,0,2,4,2,1,2,4,2,1,2,4,2,1,2,2,4,1,1,2,4,1,1,2,3,1,1,1,2,
5,3,3,0,2,3,3,2,3,3,3,2,2,3,3,2,2,3,3,2,2,2,3,2,2,2,2,2,2,2,2,
5,3,3,0,2,3,3,2,3,3,3,2,2,3,3,2,2,3,3,2,2,2,3,2,2,2,2,2,2,2,2,
5,3,3,0,2,3,2,2,2,3,3,2,2,3,2,2,2,3,3,2,2,2,3,2,2,2,2,2,1,2,2,
5,3,3,0,2,3,2,2,2,3,3,2,2,3,2,2,2,3,3,2,2,2,3,2,2,2,2,2,1,2,2,
5,3,3,0,2,3,3,2,2,3,3,2,2,3,2,2,2,3,3,2,2,2,3,2,2,2,2,2,1,2,2,
8,3,6,0,2,3,6,2,2,3,6,2,2,3,6,2,2,6,3,2,2,5,3,2,2,5,2,2,1,2,2,
5,3,3,0,2,3,3,2,2,3,3,2,2,3,2,2,2,3,3,2,2,2,3,2,2,2,2,2,1,2,2,
5,3,3,0,2,3,3,2,2,3,3,2,2,3,3,2,2,3,3,2,2,2,3,2,2,3,2,2,2,2,2,
5,2,2,0,1,2,2,1,2,2,2,1,2,2,2,1,1,2,2,1,1,2,2,1,1,2,1,1,1,1,1,
6,2,3,0,2,3,3,1,2,2,3,1,2,3,3,1,2,3,2,1,2,2,2,1,2,2,2,1,1,2,2,
5,2,2,0,1,2,2,1,2,2,2,1,2,2,2,1,2,2,2,1,1,2,2,1,1,2,2,1,1,1,2,
5,2,2,0,1,2,2,1,2,2,2,1,1,2,2,1,2,2,2,1,1,2,2,1,1,2,2,1,1,1,2,
6,2,2,0,2,2,2,1,2,2,2,1,2,2,2,1,2,2,2,1,1,2,2,1,1,2,2,1,1,1,2,
5,2,2,0,2,2,2,1,2,2,2,1,2,2,2,1,2,2,2,1,1,2,2,1,1,2,2,1,1,1,2,
5,2,2,0,2,2,2,1,2,2,2,1,2,2,2,1,2,2,2,1,1,2,2,1,2,2,2,1,1,2,2,
5,2,2,0,2,2,2,1,2,2,2,1,2,3,2,1,2,2,2,1,1,2,2,1,2,2,2,1,1,2,2,
6,3,3,0,2,3,2,2,2,3,3,2,2,3,2,2,2,3,2,2,2,2,3,2,2,2,2,2,1,2,2,
8,5,5,0,5,5,5,5,5,5,5,5,5,5,5,2,5,5,5,2,2,5,5,5,2,5,5,2,1,2,5,
5,3,3,0,2,3,2,2,2,3,2,2,2,3,2,2,2,3,3,2,2,2,3,2,2,2,2,2,1,2,2,
5,3,3,0,3,3,2,2,3,3,3,2,2,3,3,2,2,3,3,2,2,2,3,2,2,3,2,2,2,2,2,
6,3,3,0,2,3,2,2,2,3,2,2,2,3,2,2,2,2,2,2,2,2,3,2,2,2,2,2,1,2,2,
5,3,3,0,2,3,3,2,2,3,3,2,2,3,2,2,2,3,3,2,2,2,3,2,2,2,2,2,2,2,2,
5,3,3,0,2,3,2,2,2,3,3,2,2,3,2,2,2,2,3,2,2,2,3,2,2,2,2,2,1,2,2,
5,3,3,0,2,3,2,2,2,3,2,2,2,3,2,2,2,2,2,2,2,2,2,2,2,2,2,2,1,2,2,
5,3,3,0,2,3,2,2,2,3,3,2,2,3,2,2,2,3,2,2,2,2,3,2,2,2,2,2,1,2,2,
5,3,3,0,2,3,3,2,2,3,3,2,2,3,3,2,2,3,3,2,2,2,3,2,2,2,2,2,2,2,2,
5,3,3,0,2,3,2,2,2,3,3,2,2,3,2,2,2,2,3,2,2,2,3,2,2,2,2,2,1,2,2,
5,2,2,0,1,2,2,1,1,2,2,1,1,2,2,1,1,2,2,1,1,1,2,1,1,1,1,1,1,1,1,
5,2,2,0,2,2,2,1,2,2,2,1,2,2,2,1,2,2,2,1,1,2,2,1,1,2,2,1,1,2,2,
6,2,2,0,2,2,2,1,2,2,2,1,2,2,2,1,2,2,2,1,1,2,2,1,1,2,2,1,1,2,2,
6,2,2,0,2,2,2,2,2,2,2,2,2,2,2,1,2,2,2,1,1,2,2,1,1,2,2,1,1,2,2,
5,2,2,0,2,2,2,1,2,2,2,1,2,2,2,1,2,2,2,1,1,2,2,1,1,2,2,1,1,2,2,
5,2,2,0,2,2,2,2,2,2,2,2,2,2,2,2,2,2,2,1,2,2,2,1,2,2,2,2,1,2,2,
5,2,2,0,2,2,2,2,2,2,2,2,2,2,2,2,2,2,2,1,1,2,2,1,2,2,2,1,1,2,2,
5,3,3,0,2,3,2,2,2,3,2,2,2,3,2,2,2,2,2,2,2,2,2,2,2,2,2,2,1,2,2,
5,2,3,0,2,3,2,2,2,2,2,2,2,3,2,2,2,2,2,2,2,2,2,2,2,2,2,2,1,2,2,
6,3,3,0,2,3,2,2,2,3,2,2,2,3,2,2,2,2,2,2,2,2,2,2,2,2,2,2,1,2,2,
5,3,3,0,2,3,2,2,2,3,2,2,2,3,2,2,2,2,3,2,2,2,3,2,2,2,2,2,1,2,2,
6,3,3,0,2,3,3,2,2,3,3,2,2,3,2,2,2,3,2,2,2,2,2,2,2,2,2,2,1,2,2,
5,3,3,0,2,3,2,2,2,3,3,2,2,3,2,2,2,3,2,2,2,2,2,2,2,2,2,2,1,2,2,
5,3,3,0,3,3,3,2,3,3,3,2,3,3,3,2,3,3,3,2,3,3,3,2,3,3,3,2,1,2,3,
5,3,3,0,2,3,3,2,2,3,3,2,2,3,2,2,2,3,3,2,2,2,3,2,2,2,2,2,1,2,2,
7,4,4,0,5,4,4,4,5,4,4,4,4,4,4,4,5,4,4,4,4,4,4,4,4,4,4,4,4,4,5,
5,3,3,0,2,3,3,2,2,3,3,2,2,3,3,2,2,3,3,2,2,2,3,2,2,2,2,2,2,2,2,
5,2,2,0,1,2,2,1,1,2,2,1,1,2,2,1,1,2,2,1,1,1,2,1,1,2,1,1,1,1,1,
6,3,2,0,2,3,2,1,2,3,2,1,2,3,2,2,2,2,3,1,1,2,2,1,1,2,2,1,1,2,2,
6,2,2,0,2,2,2,1,2,2,2,1,2,2,2,1,2,2,2,1,1,2,2,1,1,2,2,1,1,2,2,
6,2,2,0,2,2,2,1,2,2,2,1,2,2,2,1,2,2,2,1,1,2,2,1,1,2,2,1,1,2,2,
6,2,3,0,2,3,3,1,2,2,3,1,2,3,2,1,2,3,2,1,2,2,2,1,2,2,2,1,1,2,2,
6,2,2,0,2,3,2,1,2,2,2,1,2,2,2,1,2,2,2,1,1,2,2,1,2,2,2,1,1,1,2,
4,2,2,0,2,2,2,1,2,2,2,1,2,2,2,1,2,2,2,1,1,2,2,2,2,2,2,1,1,1,2,
5,2,2,0,2,2,2,2,2,2,2,2,2,2,2,2,2,2,2,1,1,2,2,1,2,2,2,1,1,2,2,
5,3,3,0,2,3,2,2,2,2,2,2,2,3,2,2,2,2,2,2,2,2,2,2,2,2,2,2,1,2,2,
5,2,3,0,2,3,2,1,2,2,2,1,2,3,2,1,2,2,2,1,1,2,2,1,2,2,2,1,1,2,2,
5,3,3,0,2,3,2,2,2,2,2,2,2,3,2,2,2,2,2,2,2,2,2,2,2,2,2,2,1,2,2,
5,3,3,0,2,3,2,2,2,3,2,2,2,3,2,2,2,2,3,2,2,2,2,2,2,2,2,2,1,2,2,
6,4,3,0,2,3,2,2,2,3,2,2,2,3,2,2,2,2,3,2,2,2,3,2,2,2,2,2,1,2,2,
6,3,3,0,2,3,2,1,2,3,2,2,2,3,2,1,2,2,2,1,2,2,3,1,2,2,2,1,1,2,2,
5,3,3,0,2,3,2,2,2,3,2,2,2,3,2,2,2,2,2,2,2,2,3,2,2,2,2,2,1,2,2,
8,0,0,0,1,0,0,0,1,0,0,0,1,0,0,0,1,0,0,0,1,0,0,0,1,0,0,0,0,0,1,
6,2,2,0,2,2,2,1,2,2,2,1,2,2,2,1,2,2,2,1,1,2,2,1,2,2,2,1,1,1,2,
5,2,2,0,1,2,2,1,1,2,2,1,1,2,2,1,1,2,2,1,1,1,2,1,1,2,1,1,1,1,1,
5,2,2,0,2,2,2,1,2,2,2,1,1,2,2,1,2,2,2,1,1,1,2,1,1,2,2,1,1,1,1,
5,2,2,0,1,2,2,1,1,2,2,1,1,2,2,1,1,2,2,1,1,1,2,1,1,2,1,1,1,1,1,
5,2,2,0,2,2,2,1,2,2,2,1,2,2,2,1,2,2,2,1,1,2,2,1,1,2,2,1,1,1,2,
6,2,3,0,2,2,2,1,2,2,3,1,2,2,2,1,2,3,2,1,1,2,2,1,1,2,2,1,1,2,2,
6,2,3,0,2,3,2,1,2,2,2,1,2,2,2,1,2,2,2,1,1,2,2,1,2,2,2,1,1,2,2,
5,3,3,0,2,3,3,1,2,2,3,1,2,3,3,1,2,3,2,1,2,2,2,1,2,2,2,1,1,2,2,
5,3,3,0,2,3,2,2,2,3,2,2,2,3,3,2,2,3,2,2,2,2,2,2,2,2,2,2,1,2,2,
5,3,3,0,2,3,2,2,2,3,2,2,2,3,2,2,2,2,2,2,2,2,2,2,2,2,2,2,1,2,2,
5,3,3,0,2,3,2,2,2,2,2,2,2,3,2,2,2,2,2,1,2,2,2,2,2,2,2,2,1,2,2,
8,3,3,0,2,3,2,2,2,3,2,2,2,3,3,2,2,3,2,2,2,2,2,2,2,2,2,2,1,2,2,
5,3,3,0,2,3,2,2,2,3,2,2,2,3,3,2,2,3,3,2,2,2,3,2,2,3,2,2,1,2,2,
5,3,3,0,2,3,2,2,2,3,2,2,2,3,2,2,2,2,3,2,2,2,3,2,2,2,2,2,1,2,2,
5,3,3,0,2,3,2,2,2,3,3,2,2,3,3,2,2,3,3,2,2,2,3,2,2,2,2,2,2,2,2,
5,3,3,0,2,3,2,2,2,3,2,2,2,3,2,2,2,3,3,2,2,2,2,2,2,2,2,2,1,2,2,
6,3,3,0,2,4,3,2,2,4,3,2,2,4,3,2,2,3,3,2,2,2,3,2,2,2,2,2,1,2,2,
5,3,3,0,3,3,2,2,2,3,3,2,2,3,3,2,3,3,3,2,2,2,3,2,2,3,2,2,2,2,3,
5,2,2,0,2,2,2,1,2,2,2,1,2,2,2,1,2,2,2,1,1,1,2,1,1,2,1,1,1,1,2,
7,2,2,0,2,2,2,1,2,2,2,1,2,2,2,1,2,2,2,1,2,2,2,1,2,2,2,1,1,1,2,
5,2,2,0,2,2,2,1,2,2,2,1,1,2,2,1,2,2,2,1,1,2,2,1,1,2,1,1,1,1,2,
5,2,2,0,2,2,2,1,2,2,2,1,2,2,2,1,2,2,2,1,1,2,2,1,1,2,2,1,1,1,2,
5,2,2,0,2,2,2,1,2,2,2,1,2,2,2,1,2,2,2,1,1,2,2,1,1,2,2,1,1,1,2,
6,3,2,0,2,3,2,1,2,3,2,1,2,3,2,1,2,2,3,1,1,2,3,1,1,2,2,1,1,1,2,
6,2,2,0,2,2,2,1,2,2,2,1,2,2,2,1,2,2,2,1,1,2,2,1,1,2,2,1,1,1,2,
5,2,3,0,2,2,2,1,2,2,2,1,2,2,2,1,2,2,2,1,1,2,2,1,1,2,2,1,1,1,2,
5,2,3,0,2,2,2,1,2,2,2,1,2,2,2,1,2,2,2,1,2,2,2,1,2,2,2,1,1,2,2,
5,3,3,0,2,3,3,2,2,3,2,2,2,3,3,2,2,3,2,2,2,2,3,2,2,2,2,2,1,2,2,
5,2,3,0,2,3,2,1,2,2,2,2,2,2,2,1,2,2,2,1,2,2,2,1,2,2,2,1,1,2,2,
5,3,3,0,2,3,2,2,2,3,2,2,2,3,3,2,2,2,2,1,2,2,2,1,2,2,2,1,1,2,2,
5,3,3,0,2,3,2,2,2,3,2,2,2,3,2,2,2,3,2,2,2,2,2,2,2,2,2,2,1,2,2,
5,3,3,0,2,3,2,2,2,3,2,2,2,3,2,2,2,2,2,2,2,2,2,2,2,2,2,2,2,2,2,
5,3,3,0,2,3,2,2,2,3,3,2,2,3,2,2,2,3,2,2,2,2,2,2,2,2,2,2,1,2,2,
5,3,3,0,2,3,2,2,2,3,2,2,2,3,2,2,2,3,2,2,2,2,3,2,2,2,2,2,1,2,2,
5,3,3,0,2,3,3,2,2,3,3,2,3,3,3,2,3,3,3,2,2,3,3,2,2,3,2,2,2,2,3,
5,3,3,0,2,3,2,2,2,3,3,2,2,3,3,2,2,3,3,2,2,2,3,2,2,2,2,2,1,2,2,
5,2,2,0,1,2,2,1,1,2,2,1,1,2,2,1,1,2,2,1,1,1,2,1,1,2,1,1,1,1,1,
6,2,2,0,2,2,2,1,2,2,2,1,1,2,2,1,2,2,2,1,1,2,2,1,1,2,2,1,1,2,2,
