123,2,2,3,4,5,0,3,1,2,2,3,3,2,0,3,115,2,3,4,4,2,0,4,61,1,3,4,2,0,3,2,1,2,2,3,4,5,0,4,61,2,3,3,3,2,0,3,2,3,4,
135,2,2,2,3,2,0,3,1,2,2,3,2,2,1,3,132,2,2,3,3,1,1,3,58,2,2,2,2,1,2,2,2,2,2,2,3,2,0,3,58,2,2,2,2,2,1,2,2,3,3,
113,1,1,1,2,0,0,2,1,0,1,1,1,0,0,1,109,1,1,1,2,0,0,2,54,0,1,1,0,0,1,1,1,1,1,1,1,0,0,2,54,0,1,1,1,1,0,1,0,1,2,
113,2,2,2,3,2,0,3,1,1,1,2,2,1,0,3,110,2,2,2,3,2,0,2,55,1,2,2,1,0,2,2,1,2,2,2,3,2,1,2,55,2,2,2,2,1,0,2,1,2,3,
117,1,1,2,2,1,0,2,1,1,1,2,1,1,0,2,113,1,1,2,2,1,0,2,58,0,2,1,1,0,1,1,1,1,1,2,2,1,0,2,58,1,1,2,2,1,0,1,1,2,2,
118,1,1,1,2,1,0,2,1,1,1,1,1,1,0,2,113,1,1,1,2,1,0,2,56,0,1,1,1,0,1,1,1,1,1,1,2,1,0,2,56,1,1,1,1,1,0,1,0,1,2,
113,1,1,1,2,1,0,3,1,1,1,1,2,1,0,2,109,1,1,2,2,1,0,3,55,1,2,2,2,0,2,1,1,2,1,1,2,1,0,3,56,1,2,1,2,2,0,2,1,2,2,
113,2,1,2,3,2,0,2,1,1,1,2,2,2,0,3,109,2,1,2,3,1,0,2,55,1,2,2,2,0,2,2,1,2,1,2,3,2,0,2,56,1,1,2,3,2,0,2,1,2,3,
121,0,4,0,0,0,0,2,1,0,4,0,0,0,0,2,112,0,4,0,0,0,0,2,55,0,0,0,0,0,1,4,1,0,4,0,0,0,0,2,56,0,4,0,0,0,0,2,0,0,0,
118,1,1,1,2,1,0,2,1,1,1,1,2,1,0,2,114,1,1,2,2,1,0,2,57,0,1,2,1,0,2,1,1,1,1,1,2,1,0,2,57,1,1,1,2,1,0,2,1,2,2,
114,1,1,1,2,1,0,3,1,1,1,1,2,1,0,2,110,1,1,2,2,1,0,3,55,2,1,1,1,1,2,1,1,1,1,1,2,1,0,3,55,1,1,1,2,1,0,2,1,2,2,
114,2,2,2,3,2,0,3,1,1,2,2,2,2,0,2,110,2,2,3,2,2,0,3,55,1,2,2,2,1,2,1,1,2,2,2,2,2,0,2,55,2,2,2,2,2,0,2,1,2,3,
113,2,2,2,3,2,0,3,2,1,1,2,2,2,1,3,110,2,2,3,3,2,0,3,55,1,2,2,2,0,2,2,2,2,2,2,3,2,0,3,55,1,2,2,2,2,1,3,1,3,3,
118,4,1,2,2,1,0,2,1,3,1,3,2,1,1,2,114,4,1,3,3,1,0,2,58,3,2,1,1,1,2,1,1,4,1,2,2,1,0,2,58,3,1,2,2,1,1,2,4,3,3,
116,1,1,1,2,2,0,2,1,1,1,3,2,1,0,1,111,1,2,2,2,1,0,2,56,0,2,2,2,0,2,1,1,1,1,1,2,2,0,2,57,1,2,2,2,1,0,1,1,2,2,
114,2,2,1,2,2,0,2,1,1,2,2,2,1,1,1,110,2,2,2,2,1,0,2,56,1,2,1,1,0,2,1,1,2,2,1,2,2,0,2,56,2,2,2,2,1,0,2,1,2,2,
114,1,1,1,2,2,0,2,1,1,1,2,2,1,0,1,110,1,1,2,2,1,0,2,56,1,2,1,2,0,2,1,1,2,1,2,2,2,0,2,56,2,1,2,2,1,0,1,1,2,2,
124,1,1,2,3,3,0,2,1,1,1,3,3,2,0,1,120,1,1,3,3,2,0,2,62,1,3,2,3,0,2,1,1,2,1,2,3,3,0,2,62,1,1,3,3,2,0,1,1,3,3,
119,1,2,1,2,2,0,2,1,1,2,2,2,1,0,2,114,1,2,2,2,1,0,2,55,0,2,1,2,0,3,2,1,1,2,1,2,2,0,2,55,1,2,2,2,1,0,2,1,2,2,
112,1,2,1,3,3,0,3,1,1,1,2,2,1,1,2,108,1,1,2,3,2,0,2,55,1,2,3,3,1,3,1,1,2,1,2,3,2,0,2,55,1,2,2,2,2,1,2,1,2,3,
115,1,1,1,2,3,0,2,1,1,1,2,2,1,0,2,111,1,1,2,2,1,0,2,56,0,1,1,2,0,2,1,1,1,1,1,2,2,0,2,56,1,1,1,2,1,0,2,1,2,2,
129,1,1,2,4,3,0,2,1,1,1,3,3,2,0,2,114,1,1,3,3,3,0,2,59,0,3,3,3,0,2,1,1,1,1,3,3,3,0,2,60,1,1,3,3,3,0,2,1,3,3,
138,1,1,1,2,1,0,2,1,1,1,2,1,1,0,2,134,1,1,2,2,1,0,1,55,0,1,1,1,0,1,1,1,1,1,1,2,1,0,2,56,1,1,1,1,1,0,1,1,2,2,
115,1,1,2,3,2,0,3,1,1,2,2,2,1,0,2,111,1,2,2,3,1,0,2,56,1,2,1,2,0,2,1,1,2,1,2,2,1,0,2,56,1,2,2,2,1,0,2,1,2,2,
112,2,2,2,3,2,0,3,1,2,2,2,2,1,1,3,109,2,2,3,2,1,0,2,56,2,2,3,2,1,2,2,2,2,2,2,3,2,1,3,56,2,2,2,2,2,1,2,2,2,2,
117,2,2,1,3,2,0,3,2,2,2,2,2,1,1,2,115,2,2,2,2,1,0,2,59,1,2,2,2,0,2,1,2,2,1,2,2,2,0,3,60,2,2,2,2,1,1,2,2,2,2,
116,2,2,2,3,2,0,3,1,1,2,2,2,1,1,2,113,2,2,2,2,1,0,2,55,1,2,2,2,0,2,2,1,2,2,2,3,2,0,3,56,1,2,2,2,2,1,2,1,2,2,
114,1,1,1,2,1,0,2,1,1,1,2,1,1,0,2,110,1,2,2,2,0,0,2,55,0,2,1,1,0,1,1,1,1,1,1,2,1,0,2,56,1,2,2,2,1,0,1,1,2,2,
116,1,1,1,2,1,0,2,1,1,1,2,2,1,1,2,112,1,1,2,2,1,0,2,57,1,1,2,2,1,2,1,1,1,1,1,2,1,0,2,58,1,1,2,2,1,0,2,1,2,2,
119,0,2,0,0,0,0,3,1,0,1,0,0,0,0,2,111,0,1,0,0,0,0,2,56,0,0,0,0,0,2,1,1,0,5,0,0,0,0,2,57,0,1,0,0,0,0,2,0,0,0,
113,2,2,2,4,2,0,3,1,1,1,3,3,2,1,2,110,1,2,3,4,1,0,2,54,1,3,3,2,1,2,1,1,2,1,3,3,2,0,2,55,1,1,3,3,2,1,2,1,3,4,
111,2,2,1,2,2,0,3,1,1,2,2,2,1,0,2,108,1,2,2,2,1,0,2,54,1,2,2,2,0,2,2,1,2,1,1,2,2,0,2,55,2,2,2,2,2,0,2,1,2,2,
111,2,2,1,2,2,0,3,1,1,2,2,2,1,0,2,108,1,2,2,2,1,0,2,54,1,2,2,2,0,2,2,1,2,2,1,2,2,0,3,55,2,2,2,2,2,0,2,1,2,2,
116,1,1,1,2,2,0,2,1,0,1,2,1,0,0,1,112,0,1,2,1,0,0,1,57,0,2,1,2,0,1,1,1,1,1,1,2,2,0,2,58,0,1,1,1,1,0,1,0,1,1,
116,3,1,1,3,2,0,2,1,2,1,2,1,0,0,2,112,2,1,1,2,0,0,2,58,2,1,1,2,0,1,1,1,3,1,1,2,2,0,2,58,3,1,1,2,1,0,1,2,1,2,
112,1,1,1,2,2,0,2,1,1,1,2,1,1,0,2,108,1,1,2,1,0,0,2,54,1,1,1,2,0,2,1,1,1,1,1,1,2,0,2,55,1,1,1,1,1,0,2,1,1,1,
111,1,1,2,2,2,0,3,1,1,1,2,2,2,0,2,108,1,2,2,2,1,0,2,54,1,2,2,2,0,2,1,1,2,1,2,2,2,0,2,55,1,2,2,2,1,0,2,1,2,2,
113,2,2,1,2,2,1,3,1,1,1,2,2,1,0,2,110,1,2,2,2,1,0,3,55,1,2,2,2,0,2,1,1,2,1,1,2,1,1,3,56,1,2,2,2,1,0,2,1,2,2,
118,0,2,1,0,1,1,3,1,1,2,1,1,1,1,2,112,1,2,0,1,1,1,2,58,1,1,1,0,0,3,2,1,0,1,1,0,1,1,2,58,1,2,1,1,1,1,2,1,0,1,
116,1,1,1,2,1,0,2,1,1,1,1,1,1,0,2,112,1,2,2,2,1,0,2,55,0,1,1,2,0,1,1,1,1,1,1,2,1,0,2,55,1,2,1,1,1,0,1,1,1,2,
113,1,1,1,1,1,0,2,1,1,1,1,1,0,0,1,109,0,1,1,1,0,0,1,55,0,1,1,1,0,1,1,1,1,1,1,1,1,0,2,55,1,1,1,1,1,0,1,0,1,1,
114,1,1,1,2,1,0,2,1,1,1,2,1,1,0,2,110,1,1,2,1,0,0,2,55,0,1,1,2,0,2,1,1,0,1,1,2,1,0,2,55,1,1,1,1,1,0,2,1,2,1,
115,1,2,1,2,2,0,2,1,1,1,2,2,1,0,2,112,1,1,2,2,1,0,2,58,1,2,2,2,0,2,1,1,1,1,1,2,2,0,2,58,1,2,2,2,2,0,2,1,2,2,
117,1,2,1,2,2,0,2,1,1,2,2,2,1,0,2,114,1,2,2,1,1,0,2,55,0,2,1,2,0,2,2,1,1,2,1,2,2,0,2,56,1,2,2,2,1,0,2,1,2,1,
125,1,1,1,2,2,0,3,1,1,1,2,2,1,0,2,123,1,2,2,2,1,0,2,68,1,2,2,2,0,3,1,1,1,1,1,2,2,0,2,68,1,2,2,2,1,0,2,1,2,2,
114,1,1,1,1,2,0,2,1,1,1,3,1,1,0,1,110,1,1,1,1,1,0,1,55,1,1,1,1,0,1,1,1,1,1,1,1,2,0,2,56,1,1,1,1,1,0,1,1,1,1,
115,4,2,2,3,3,1,3,3,4,2,3,3,2,1,2,112,2,2,2,2,2,0,3,59,2,2,2,3,2,3,2,2,3,2,2,2,3,0,3,59,3,2,2,3,2,1,2,2,2,2,
114,1,1,1,2,2,0,2,1,1,1,2,1,1,1,2,110,1,1,2,2,1,0,2,54,1,2,1,2,1,2,1,1,1,1,1,2,1,0,2,54,1,1,2,2,2,0,1,1,2,2,
114,2,3,3,2,3,0,3,1,3,2,3,3,2,0,2,111,3,3,2,3,3,0,3,57,3,3,2,2,2,3,3,1,2,2,3,2,3,0,3,57,3,3,3,3,2,0,2,3,2,3,
111,1,1,1,2,2,0,2,1,1,1,2,2,1,0,2,109,1,1,2,1,1,0,2,55,1,1,1,2,0,2,1,1,1,1,1,2,1,0,2,55,1,1,2,2,1,0,1,1,2,1,
113,1,1,2,2,2,0,2,1,1,1,2,2,1,0,2,111,1,1,2,1,1,0,2,57,1,2,2,2,0,2,1,1,1,1,2,2,1,0,2,57,1,1,2,2,1,0,2,1,2,1,
114,2,2,2,2,2,1,3,1,2,2,2,2,1,1,2,112,1,2,2,2,1,0,2,55,2,2,2,2,1,2,2,1,2,2,2,2,2,1,2,55,2,2,2,2,2,1,2,1,2,2,
112,2,2,2,2,2,0,3,2,2,2,3,2,2,1,2,109,1,2,3,2,2,1,4,55,1,2,2,2,1,3,2,1,2,2,2,2,2,0,3,55,2,2,2,2,2,1,2,1,3,2,
112,1,2,1,2,1,0,2,1,1,1,3,2,1,0,2,109,1,2,2,1,1,0,2,55,1,3,2,2,1,2,2,1,1,2,1,2,1,0,2,55,1,2,3,2,1,1,1,1,2,1,
122,1,2,1,1,1,0,3,2,1,2,2,1,1,1,3,117,1,2,1,1,1,1,3,62,1,1,1,1,0,3,2,2,1,2,1,1,1,0,4,62,1,2,1,1,1,1,2,1,1,1,
116,1,1,1,2,1,0,2,1,2,1,2,2,1,0,2,113,1,1,2,1,1,0,2,57,1,2,1,2,0,2,1,1,1,1,1,2,1,0,2,57,2,1,2,2,1,0,2,1,2,1,
113,1,1,1,2,2,0,2,1,1,1,2,2,1,0,2,110,1,1,2,1,1,0,2,57,1,2,1,2,0,2,1,1,1,1,1,2,2,0,2,57,1,1,2,2,1,0,2,1,2,1,
115,1,2,1,2,3,0,3,1,1,1,3,2,1,0,2,112,1,2,2,2,1,0,2,59,1,2,2,3,0,3,1,1,1,1,1,2,3,0,2,60,1,2,2,2,2,0,2,1,2,2,
113,1,1,1,1,2,0,2,1,1,1,1,1,1,0,1,109,1,1,1,1,1,0,1,55,1,1,1,2,0,1,1,1,1,1,1,1,1,0,1,56,1,1,1,1,1,0,1,0,1,1,
115,6,1,1,2,2,0,2,1,6,1,2,2,1,0,2,111,5,1,2,2,1,0,2,57,6,2,2,2,0,1,1,1,6,1,1,2,2,0,2,57,6,1,2,2,1,0,1,2,2,2,
112,1,1,1,2,1,0,2,1,1,1,1,1,1,0,2,108,0,1,2,1,0,0,1,54,1,2,1,1,0,1,1,1,1,1,1,1,1,0,2,54,1,1,1,1,1,0,1,0,2,1,
111,1,1,1,2,2,0,13,1,1,1,2,1,1,0,13,107,1,1,2,1,1,0,13,54,1,2,1,2,0,12,1,1,1,1,1,2,2,0,13,54,1,1,2,1,2,0,12,1,2,1,
111,1,1,2,2,2,0,2,1,1,1,2,1,1,0,2,108,1,1,3,1,1,0,2,53,1,3,1,2,0,1,1,1,1,1,3,2,2,0,2,53,1,1,2,1,1,0,2,1,2,1,
115,1,1,3,3,3,0,2,1,1,1,4,3,2,0,2,112,1,1,3,3,2,0,2,57,1,3,3,3,0,1,1,1,1,1,4,4,3,0,2,58,1,1,4,3,3,0,1,1,3,3,
114,3,2,2,3,2,0,2,1,2,1,3,2,1,0,2,112,2,1,2,2,1,0,2,55,2,2,2,2,0,2,1,1,2,1,2,3,2,0,2,55,2,2,2,2,2,0,2,2,2,2,
128,3,2,2,3,2,1,3,1,3,2,3,2,2,1,2,125,2,2,2,3,1,0,2,72,2,2,2,2,1,2,2,1,3,2,3,3,2,0,3,72,2,2,3,2,2,1,2,2,2,3,
111,1,2,2,2,1,0,2,1,2,1,2,1,1,0,2,108,1,2,1,1,0,0,2,54,1,2,1,1,0,2,2,1,1,2,2,2,1,0,2,54,1,2,2,1,1,0,2,2,1,1,
120,2,2,5,2,3,1,3,1,2,2,6,2,1,1,3,116,1,2,5,2,1,1,2,58,1,5,3,3,1,2,2,1,2,2,5,3,3,0,3,58,2,2,6,3,2,1,2,2,5,2,
115,2,1,2,2,2,0,2,1,2,1,2,1,2,0,1,113,1,1,1,2,1,0,2,55,1,2,2,2,0,1,1,1,1,1,2,2,2,0,2,55,1,1,2,1,1,0,1,2,1,2,
114,2,1,2,2,2,0,2,1,2,1,2,2,1,0,2,111,2,1,2,2,1,0,2,56,1,2,2,2,1,2,1,1,2,1,2,2,2,0,2,56,2,2,2,2,1,0,2,2,2,2,
113,2,2,2,2,1,0,2,1,2,1,3,2,2,0,2,111,2,2,2,2,1,0,2,55,1,2,2,2,0,2,1,1,2,2,2,2,2,0,2,55,2,2,2,2,2,0,2,3,2,2,
119,3,2,3,3,3,0,3,2,3,2,3,3,2,1,2,117,3,2,2,3,1,0,3,61,2,3,3,3,1,2,2,1,3,2,3,3,3,0,3,62,3,2,3,3,2,1,2,3,3,3,
118,2,1,2,2,1,0,2,1,2,1,2,1,1,0,1,115,1,1,2,1,0,0,1,55,1,2,1,2,0,2,1,1,2,1,2,2,2,0,1,56,1,1,2,1,1,0,1,2,2,1,
117,2,1,2,2,2,0,2,1,2,1,2,2,1,0,1,113,1,2,2,2,0,0,2,56,1,3,2,2,0,2,1,1,2,1,2,2,2,0,2,57,2,2,2,2,1,0,1,2,2,2,
115,2,1,2,2,2,0,2,1,2,1,2,1,1,0,1,112,1,1,1,2,4,0,3,55,2,4,2,6,3,5,1,1,2,1,2,2,3,0,3,56,2,2,2,1,1,0,1,2,2,1,
115,0,1,0,0,0,0,2,0,0,1,0,0,0,0,1,110,0,1,0,0,0,0,2,56,0,1,0,1,0,2,1,0,0,1,0,0,0,0,1,56,0,1,0,0,0,0,1,0,0,0,
117,2,2,2,2,2,1,3,1,2,2,3,2,1,1,2,114,2,2,2,2,1,0,2,56,1,3,2,2,1,2,2,1,2,2,2,2,2,1,2,57,1,2,3,2,2,1,2,2,2,2,
113,5,4,5,5,5,0,5,0,1,1,5,5,4,0,4,110,1,1,5,5,5,0,5,54,0,5,5,5,0,4,1,0,4,1,5,5,5,0,5,54,1,1,5,5,1,0,4,1,5,5,
111,2,2,2,2,2,1,3,1,1,2,3,2,1,1,2,108,1,2,2,2,2,1,2,54,1,2,2,2,1,2,2,1,2,2,2,2,2,0,2,55,1,2,3,2,1,1,2,2,2,2,
111,1,1,2,1,1,0,2,0,1,1,2,1,0,0,1,108,1,1,1,1,1,0,1,54,0,1,1,1,0,1,1,0,1,1,1,1,1,0,2,54,1,1,2,1,0,0,1,1,1,1,
115,2,1,1,1,1,0,2,1,2,1,2,1,0,0,1,112,2,1,1,1,1,0,1,57,2,1,1,0,0,1,1,0,2,1,2,1,1,0,2,57,2,1,2,1,0,0,1,2,1,1,
111,1,1,2,2,1,0,2,1,1,1,2,1,0,0,1,109,1,1,1,1,1,0,2,55,1,2,1,1,0,1,1,1,1,2,2,2,1,0,2,56,1,1,2,1,1,0,1,1,1,1,
115,2,2,2,4,2,0,2,1,2,2,3,4,1,0,2,112,2,2,2,4,2,0,2,55,1,2,4,1,0,2,2,1,2,1,2,4,2,0,2,58,2,2,3,4,1,1,2,2,2,4,
114,2,2,2,3,2,1,3,1,1,2,3,2,1,1,2,111,2,2,2,3,2,0,2,55,1,2,2,1,1,2,2,1,2,2,3,2,2,1,2,56,2,2,3,2,1,1,2,2,2,2,
118,1,1,2,1,2,0,2,1,1,1,2,1,1,0,1,114,1,1,1,1,2,0,2,59,0,2,1,1,0,1,1,1,1,1,2,1,1,0,2,61,1,1,2,1,1,0,1,1,1,1,
117,1,1,2,1,1,0,2,1,1,1,2,1,0,0,1,113,1,1,1,1,1,0,2,55,0,2,1,1,0,2,1,1,1,1,2,1,1,0,2,55,1,1,2,1,0,0,1,1,1,1,
132,1,1,2,1,1,0,2,1,1,1,2,1,0,0,1,129,1,1,1,1,1,0,2,74,0,2,1,0,0,1,1,1,1,1,2,1,1,0,2,73,1,1,2,1,0,0,1,1,1,1,
116,1,2,2,2,1,0,2,1,1,2,2,1,1,0,2,114,1,2,1,2,2,0,3,59,1,2,2,1,0,2,2,1,1,2,2,2,1,0,2,59,1,2,2,1,1,0,2,1,2,2,
118,1,1,1,1,1,0,3,1,1,1,2,1,0,0,2,114,1,1,1,1,1,0,2,59,0,1,1,1,0,2,1,1,1,1,1,1,1,0,3,59,1,1,2,1,0,0,2,1,1,1,
118,0,1,1,1,1,0,2,2,0,1,1,1,0,0,1,114,0,1,1,1,1,0,1,56,0,1,1,0,0,1,1,2,0,1,1,1,0,0,2,55,0,1,2,1,0,0,1,0,1,1,
119,1,1,1,1,1,0,2,1,1,1,2,1,0,0,1,116,0,2,1,1,1,0,2,60,0,1,1,0,0,1,2,1,0,1,1,1,1,0,2,60,1,2,2,1,0,0,1,1,1,1,
115,1,1,1,2,1,0,2,1,1,1,2,2,0,0,1,111,1,1,1,3,1,0,1,56,0,1,1,1,0,1,1,1,1,1,1,1,1,0,2,56,1,1,2,2,0,0,1,1,1,2,
119,12,1,1,2,1,0,2,1,12,1,2,2,0,0,1,116,12,1,1,2,1,0,1,61,12,2,1,1,0,1,1,1,12,1,2,2,1,0,2,61,12,1,2,2,1,0,1,12,1,2,
115,1,2,2,2,1,0,2,2,1,1,2,2,0,0,1,112,1,2,2,2,2,0,2,56,1,2,2,1,0,2,1,2,1,1,2,2,1,0,2,56,1,2,2,2,1,0,1,1,2,2,
113,2,2,2,3,2,0,2,1,2,1,3,2,1,0,2,110,2,2,2,3,2,0,2,56,1,3,2,1,0,2,2,1,2,1,2,2,1,0,3,56,2,2,3,2,1,0,2,2,2,3,
113,2,1,2,2,1,0,2,1,1,1,2,2,1,0,1,110,1,2,2,3,2,0,2,55,1,2,2,1,0,2,1,1,1,1,2,2,1,0,2,56,1,2,2,2,1,0,2,2,2,3,
118,1,2,2,3,1,0,2,1,1,2,2,2,1,0,2,115,1,2,2,3,2,0,2,60,1,2,2,1,0,2,2,1,1,2,2,2,1,0,2,60,1,2,3,2,1,0,2,2,2,3,
118,1,2,2,3,2,1,3,2,2,2,3,2,1,1,2,115,2,2,2,3,2,0,2,58,1,2,2,1,1,2,2,1,1,2,2,2,2,1,2,58,2,2,3,2,1,1,2,2,2,3,
113,1,1,2,2,1,0,2,1,1,1,2,2,1,0,1,111,1,1,3,3,2,0,2,56,1,2,2,1,0,2,2,1,1,1,2,2,1,0,2,56,1,2,2,2,1,0,1,2,2,2,
114,1,1,1,2,1,0,2,1,2,1,2,2,0,0,1,112,1,1,1,2,1,0,1,56,0,1,1,0,0,1,1,1,1,1,2,2,1,0,2,56,1,1,2,2,0,0,1,1,1,2,
116,0,1,0,0,0,0,2,1,0,1,0,0,0,0,1,110,0,1,0,1,0,0,2,56,0,0,0,0,0,1,1,1,0,1,0,1,0,0,2,56,0,1,0,0,0,0,1,0,0,1,
114,1,1,2,2,2,0,2,1,2,1,2,2,1,0,1,111,1,2,2,2,1,0,2,55,1,2,2,2,0,2,1,1,1,2,2,2,2,0,2,55,1,2,2,2,1,0,1,1,2,2,
114,2,2,1,2,1,0,2,1,1,1,2,2,1,0,1,110,2,2,1,2,1,0,2,55,1,2,2,1,0,1,1,1,2,1,2,2,1,0,2,55,1,2,2,2,1,1,1,2,1,2,
112,3,2,2,3,2,0,2,1,2,2,3,3,1,0,3,110,2,2,2,3,1,0,2,55,1,2,2,2,1,2,2,1,3,2,2,2,2,0,2,56,2,2,3,3,1,1,3,2,2,3,
113,1,1,1,2,1,0,2,1,1,2,2,2,2,0,1,110,1,1,1,2,0,0,1,55,0,2,2,1,0,1,1,1,1,1,2,2,1,0,2,56,1,2,2,2,0,0,1,1,1,2,
116,4,1,1,2,1,0,2,1,4,1,2,2,0,0,1,113,4,1,1,2,0,0,1,58,3,1,1,1,0,1,1,0,4,1,2,2,2,0,2,59,4,1,2,2,0,0,1,4,1,2,
113,2,1,2,3,3,0,3,1,2,1,3,2,2,1,2,110,2,2,2,3,1,0,3,56,1,2,2,2,1,2,1,1,2,1,2,2,2,0,3,60,2,2,3,2,1,1,2,2,2,3,
131,1,1,2,2,2,0,2,1,1,2,2,2,1,0,2,127,1,1,2,3,1,0,2,72,1,2,2,2,0,2,1,1,1,1,2,2,2,0,2,72,1,1,2,2,1,0,2,1,2,3,
116,1,1,1,2,1,0,2,1,1,1,1,1,1,0,1,112,1,1,1,2,0,0,2,56,1,1,1,1,0,1,1,1,1,1,1,1,1,0,2,57,1,1,1,1,0,0,1,1,1,2,
116,1,1,1,2,2,0,2,0,1,1,2,2,1,0,2,112,1,1,1,2,1,0,2,58,0,2,2,2,0,1,1,0,1,1,2,2,2,0,2,59,1,1,2,2,1,0,2,1,1,2,
115,1,1,2,2,2,0,2,1,1,1,3,2,1,0,2,112,1,2,2,2,1,0,2,55,1,2,2,1,0,1,1,1,1,1,2,2,2,0,2,55,1,2,2,2,1,0,2,1,2,2,
113,1,1,3,2,2,0,2,1,1,1,3,2,1,0,2,110,1,1,3,3,1,0,2,55,1,3,2,2,0,2,1,1,1,1,2,2,2,0,2,55,1,1,3,2,1,0,2,1,3,2,
115,1,1,2,3,2,0,2,1,1,1,2,2,1,0,2,112,1,1,2,3,1,0,2,56,1,2,2,2,1,2,1,1,1,1,2,3,2,0,2,59,1,2,2,2,1,0,2,1,2,2,
115,2,2,2,3,2,1,2,1,2,2,3,2,1,0,2,113,2,2,3,3,1,0,2,58,2,4,2,2,0,2,2,1,2,2,2,2,2,0,2,59,2,2,3,2,1,0,2,2,2,3,
120,2,2,2,3,2,0,2,1,2,2,3,3,2,1,2,117,2,2,2,3,1,1,2,55,1,3,2,2,1,2,2,1,2,2,2,2,2,0,2,56,2,2,3,3,1,1,2,2,2,3,
115,1,2,1,2,1,0,2,1,1,2,2,1,1,0,2,110,1,2,1,2,0,0,2,55,0,1,1,1,0,2,2,1,1,2,1,1,1,0,2,55,1,3,2,1,0,0,2,1,1,2,
117,1,1,10,3,3,0,2,1,1,1,10,2,1,1,2,112,1,1,10,2,2,0,2,57,1,11,2,2,1,2,1,1,1,1,10,2,2,0,2,57,1,1,10,2,1,0,2,1,10,3,
118,1,1,2,3,3,0,2,1,1,2,2,2,1,1,2,115,2,2,2,3,1,0,3,60,1,2,2,2,1,3,1,1,1,1,2,2,3,0,2,60,1,2,2,2,1,0,2,2,2,3,
116,2,1,1,2,2,0,2,1,2,2,1,1,1,0,2,112,1,2,1,2,1,0,2,55,2,1,1,1,0,3,1,1,2,1,1,2,2,0,2,54,2,2,1,2,0,0,2,1,1,2,
112,1,1,2,2,2,0,2,1,1,1,2,2,1,1,1,108,2,1,2,3,2,0,2,54,1,2,2,2,1,2,1,1,2,1,2,2,2,0,2,54,2,1,2,2,1,0,1,2,2,3,
129,1,1,1,2,1,0,2,1,1,1,1,1,1,0,1,125,1,2,1,5,0,0,2,69,0,2,1,2,0,2,1,1,2,1,2,2,1,0,2,69,1,2,2,2,0,0,1,1,1,5,
118,2,2,4,5,3,1,2,1,2,2,4,5,2,0,2,113,2,2,4,5,3,0,2,60,1,4,5,3,0,2,2,1,2,2,4,5,3,1,2,59,2,2,4,4,2,0,2,2,4,5,
114,1,2,2,3,2,1,2,1,1,1,2,2,1,1,1,111,1,2,2,4,2,0,2,54,1,2,3,2,1,2,2,1,2,1,2,3,2,1,2,54,2,1,2,2,1,1,1,1,2,4,
111,2,1,2,2,2,0,2,1,2,2,2,2,1,0,2,108,2,1,2,3,1,0,2,54,1,2,3,1,0,2,1,1,2,1,2,2,2,0,2,54,2,2,2,2,1,0,2,3,2,3,
113,2,1,2,2,1,0,1,1,2,1,2,2,1,0,2,110,2,2,2,2,1,0,2,55,1,2,2,1,0,2,1,1,2,1,2,2,1,0,1,55,2,1,2,2,0,0,2,2,2,2,
112,0,1,0,0,0,0,2,1,0,1,0,0,0,0,2,107,0,2,0,1,0,0,2,54,0,0,1,0,0,2,1,1,0,1,0,0,0,0,2,53,0,1,0,0,0,0,2,0,0,1,
115,1,1,1,2,1,0,1,0,0,1,1,2,1,1,1,111,1,1,1,3,1,0,2,54,0,1,2,1,1,2,1,0,1,1,2,2,1,0,1,54,0,1,1,2,1,0,1,1,1,3,
130,2,3,2,2,2,0,2,1,1,2,2,2,2,1,2,126,2,2,2,3,1,0,2,55,1,2,3,1,0,2,2,1,2,1,2,2,2,0,2,54,1,2,2,2,1,1,2,1,2,3,
111,1,1,1,1,1,0,1,1,1,1,1,1,1,0,1,107,1,1,1,2,0,0,1,54,0,1,2,1,0,1,1,1,1,1,2,2,1,0,1,53,1,1,1,1,0,0,1,1,1,2,
113,2,1,2,3,2,0,2,1,2,1,3,2,2,1,2,108,2,2,3,3,2,0,2,54,1,3,3,2,1,2,1,1,2,1,3,3,2,0,2,54,2,2,3,2,1,1,2,2,3,3,
113,1,1,2,2,1,0,1,1,1,1,2,2,1,0,1,110,1,1,2,4,1,0,1,54,0,2,2,1,0,2,1,1,1,1,2,2,1,0,1,54,1,1,2,2,1,0,1,1,2,2,
112,1,1,2,2,2,0,2,1,1,1,2,2,2,0,2,109,1,1,2,2,1,0,2,54,1,2,3,1,0,2,1,1,2,1,3,2,1,0,2,54,1,2,2,2,1,0,2,1,3,2,
111,2,1,2,2,1,0,1,1,1,1,2,2,1,0,2,108,1,1,2,2,1,0,2,55,1,2,3,1,0,2,1,1,2,1,2,2,1,0,1,55,1,1,2,2,1,0,1,1,2,2,
111,2,1,2,2,3,0,1,1,2,1,2,2,1,0,2,108,2,1,2,2,2,0,2,54,1,2,3,2,0,2,1,1,2,1,2,2,2,0,2,54,1,1,2,2,1,0,2,1,2,2,
115,2,2,3,3,2,1,2,1,2,2,3,2,2,1,2,112,2,2,3,2,2,0,2,58,1,3,3,2,1,2,2,1,2,2,3,3,2,0,2,58,2,2,3,2,2,1,2,2,3,3,
112,1,1,1,2,1,0,1,0,1,1,2,1,1,0,1,108,1,1,1,1,1,0,1,54,0,1,2,1,0,1,1,0,1,1,2,2,1,0,1,54,1,1,1,1,0,0,1,1,1,1,
115,1,1,3,3,2,0,1,1,1,1,3,3,2,0,1,111,1,1,3,3,2,0,2,55,0,3,4,2,0,2,1,1,1,1,3,3,2,0,1,55,1,1,3,3,2,0,1,1,3,3,
111,1,1,2,2,2,0,1,1,1,1,2,2,1,0,1,108,1,1,2,2,1,1,2,54,1,2,3,1,0,2,1,1,1,3,2,3,2,0,1,54,1,1,2,2,1,0,1,1,2,2,
113,1,1,13,2,1,0,2,1,1,1,13,2,1,0,2,110,1,1,13,2,1,0,2,56,1,14,3,1,0,2,1,1,2,1,13,2,1,0,2,56,1,1,13,2,1,0,2,1,13,2,
113,2,1,2,2,2,0,2,1,2,1,2,2,1,0,2,110,2,1,2,2,1,0,2,54,1,2,3,1,0,2,1,1,2,1,2,2,1,0,2,54,2,1,2,2,1,0,2,2,2,2,
112,2,2,2,2,2,0,2,1,2,2,3,2,2,1,2,109,2,2,2,3,1,0,2,56,1,3,3,2,1,2,2,1,2,2,2,2,2,0,2,56,2,2,3,2,1,1,2,2,3,3,
115,1,1,1,1,1,0,1,0,1,1,1,3,1,0,1,111,1,1,1,2,0,0,1,54,0,1,2,1,0,1,1,0,1,1,1,1,1,0,1,54,1,1,1,1,0,0,1,1,1,2,
115,1,1,4,4,4,0,1,0,1,1,4,4,4,0,1,111,1,1,4,5,3,0,1,57,0,4,5,4,0,1,1,0,1,1,4,4,4,0,1,57,1,1,4,4,3,0,1,1,4,5,
114,1,1,2,1,1,0,1,0,1,1,2,1,1,0,1,111,1,1,2,2,1,0,2,54,0,2,2,1,0,2,1,0,1,1,2,2,1,0,1,54,1,1,2,2,1,0,1,1,1,2,
111,2,1,2,2,2,0,2,1,1,1,2,2,1,0,2,108,1,2,2,2,1,0,2,54,1,2,4,1,0,2,1,1,2,2,2,2,2,0,2,54,1,2,2,2,1,0,2,1,2,2,
110,2,2,3,3,2,0,2,1,1,1,3,2,2,0,2,107,1,2,3,3,2,0,2,53,1,3,3,2,0,2,1,1,2,2,3,3,2,0,2,53,1,2,3,3,2,0,2,1,3,3,
119,2,2,2,2,3,1,2,1,2,2,2,2,2,1,2,113,1,2,2,3,2,0,2,59,1,2,3,2,2,2,2,1,2,2,2,3,2,0,2,59,2,2,2,3,1,1,2,1,2,3,
116,1,1,1,1,1,0,1,0,0,1,1,1,1,0,1,112,0,1,1,2,1,0,1,54,0,1,3,1,1,1,1,0,1,1,1,1,1,0,1,54,1,1,1,1,0,0,1,0,1,2,
128,1,1,1,1,1,0,1,0,1,1,1,1,1,0,1,124,0,1,1,2,1,0,1,53,0,1,3,1,0,1,1,0,1,1,1,1,1,0,1,53,1,1,1,1,0,0,1,0,1,1,
111,1,1,2,1,1,0,1,1,1,1,2,1,1,0,1,108,0,1,2,3,1,0,2,54,0,2,2,1,0,2,1,1,1,1,2,1,1,0,1,54,1,1,2,1,1,0,1,0,1,2,
110,1,1,2,1,2,0,1,1,1,1,2,2,1,0,1,107,1,1,2,2,2,0,1,54,1,2,3,1,0,1,1,0,1,1,2,1,2,0,1,54,1,1,2,1,1,0,1,1,2,2,
116,1,1,2,2,2,0,1,1,1,1,2,2,1,0,1,113,1,1,2,2,2,0,2,56,1,2,2,2,0,2,1,1,1,1,2,2,2,0,1,56,1,1,2,2,1,0,1,1,2,2,
113,2,2,3,4,2,0,2,1,2,1,4,2,2,1,2,110,1,2,4,4,2,0,2,56,1,5,4,2,1,3,1,1,2,1,4,4,2,0,2,56,2,2,4,2,1,1,2,1,4,3,
115,1,1,2,2,2,0,2,0,1,1,2,2,1,1,1,111,0,2,3,3,1,0,1,57,1,5,3,1,2,2,1,0,1,1,2,2,2,0,2,57,1,2,2,3,0,1,1,0,3,3,
112,2,1,5,5,2,0,5,1,1,1,5,5,1,0,5,108,1,1,5,5,5,0,5,54,1,5,5,1,1,5,1,1,5,1,5,5,2,0,5,54,1,1,5,5,1,0,5,1,5,5,
115,1,1,2,2,2,0,1,1,1,1,2,2,1,1,1,111,1,1,2,2,2,0,2,57,0,2,2,1,1,1,1,1,1,1,2,2,1,0,1,57,1,1,2,2,1,1,1,0,2,2,
115,1,1,2,2,2,0,1,1,1,1,2,2,1,0,1,111,0,1,2,2,2,0,2,57,0,2,2,1,0,2,1,1,1,1,2,2,2,0,1,57,1,1,2,2,1,0,1,0,2,2,
116,1,1,2,2,1,0,2,1,1,1,2,2,1,0,2,113,1,1,2,2,2,0,2,57,1,2,2,1,0,2,1,1,1,1,2,2,1,0,2,57,1,1,2,2,1,0,2,1,2,2,
114,2,2,2,2,2,0,2,1,2,1,2,2,2,0,2,111,1,2,2,2,2,0,2,56,1,2,2,1,1,2,1,1,2,1,2,2,2,0,2,56,2,2,2,2,1,0,2,1,2,2,
116,2,2,3,2,2,0,2,1,1,2,4,2,2,1,2,113,1,2,3,3,2,0,2,59,1,4,2,1,1,2,2,1,2,2,3,3,2,0,2,59,1,2,4,2,1,0,2,1,3,3,
117,1,1,14,1,1,0,1,0,1,1,14,1,1,0,1,113,0,1,14,1,1,0,1,56,0,14,1,1,1,1,1,0,1,1,14,1,1,0,1,56,1,1,14,1,0,0,1,0,14,1,
115,3,3,3,3,3,4,3,3,3,3,3,3,3,0,3,111,3,3,3,3,3,0,3,59,3,3,3,3,0,3,3,3,3,3,3,3,3,0,3,57,3,4,3,3,3,0,3,1,3,3,
114,4,3,2,1,1,0,1,1,4,1,2,2,1,0,1,110,4,1,2,2,1,3,1,55,4,2,2,1,0,1,3,1,4,1,2,1,1,0,1,55,4,2,2,2,1,0,1,4,2,2,
121,2,1,2,2,1,0,2,1,2,1,2,3,3,1,4,118,2,1,3,2,2,0,3,58,2,2,2,1,1,2,1,1,2,1,3,2,1,0,3,58,2,2,2,3,3,1,4,2,3,2,
119,4,4,4,4,4,0,4,3,4,4,4,4,4,0,4,115,3,4,4,4,4,0,4,57,4,4,4,3,0,4,4,3,4,4,4,4,4,0,4,57,4,4,4,4,3,0,4,3,4,4,
116,2,2,2,3,3,1,3,1,2,2,2,3,2,1,3,112,2,2,3,3,2,0,3,56,2,2,3,2,1,3,2,1,2,2,2,3,3,1,3,56,1,2,2,3,1,1,3,2,3,3,
112,1,1,2,2,2,0,1,0,1,1,2,2,1,0,1,109,1,1,2,2,1,0,1,54,1,2,1,1,0,1,1,0,1,1,2,1,2,0,2,54,1,1,2,2,1,0,2,1,2,1,
115,1,1,1,1,1,0,2,0,1,1,1,2,0,0,2,111,1,1,2,2,0,0,2,57,1,1,1,1,0,1,1,0,1,1,1,2,1,0,2,57,1,1,1,2,0,0,2,1,2,2,
117,1,1,2,2,1,0,2,0,1,1,2,2,0,0,2,113,1,1,4,2,0,0,2,56,1,2,2,1,0,1,1,0,1,1,2,2,1,0,2,56,1,1,2,2,0,0,2,1,4,2,
124,2,1,3,2,1,0,2,1,2,2,2,2,1,0,2,121,1,2,3,2,1,0,2,55,2,3,2,2,0,2,1,1,2,1,3,2,1,0,2,67,2,1,2,2,1,0,2,1,2,2,
112,2,1,2,2,1,0,2,1,2,2,2,2,2,0,2,110,2,2,3,2,1,1,2,56,2,2,2,2,0,2,2,1,2,1,2,2,1,0,2,56,2,2,2,2,2,0,2,2,2,2,
116,2,2,2,2,1,1,2,1,2,1,2,2,2,0,2,113,2,2,3,2,1,0,2,59,2,2,2,2,1,2,2,1,2,2,2,2,1,0,2,59,2,2,2,2,1,1,2,2,3,2,
115,1,1,1,1,0,0,2,2,1,1,1,2,0,0,1,112,1,1,2,2,0,0,1,54,1,1,1,1,0,1,1,1,1,1,1,1,0,0,2,54,1,1,1,2,0,0,1,1,2,1,
119,1,1,1,1,0,0,1,0,1,1,1,1,0,0,1,113,1,1,2,1,0,0,1,55,1,1,1,1,0,1,1,0,2,1,1,1,0,0,2,55,1,1,1,2,0,0,1,1,2,1,
114,2,2,2,3,2,1,3,1,2,2,2,3,2,1,2,111,2,2,3,3,2,0,2,56,2,2,3,2,1,3,2,1,2,2,2,3,2,1,3,56,2,2,2,3,1,1,2,2,3,3,
116,0,1,0,1,0,0,2,1,0,1,0,1,0,0,2,111,0,1,1,1,0,0,2,56,0,0,2,0,0,3,1,1,1,1,0,1,0,0,2,56,0,2,0,1,0,0,2,0,1,1,
117,2,2,2,2,1,1,2,1,2,2,2,2,1,0,2,114,1,2,3,2,1,0,2,56,2,2,3,2,1,3,2,1,2,2,2,2,1,0,2,57,2,2,2,3,1,1,2,1,3,2,
113,1,1,1,2,0,0,1,0,1,1,1,1,0,0,1,109,1,1,2,2,0,0,1,54,1,1,2,1,0,2,1,0,1,1,1,2,0,0,1,55,1,1,1,2,0,0,1,1,2,2,
112,1,1,2,2,1,0,2,0,1,1,2,2,1,0,2,109,1,1,2,2,1,0,2,55,1,2,2,1,0,2,1,0,2,1,2,2,1,0,2,55,1,1,2,2,0,0,2,1,2,2,
115,2,1,2,2,1,0,2,1,2,1,2,2,1,0,2,110,1,1,2,2,1,0,2,56,2,2,3,1,0,3,1,1,2,1,2,2,1,0,2,56,1,2,2,2,1,0,2,1,2,2,
115,1,1,2,2,2,0,1,1,1,1,2,2,1,0,2,111,1,1,2,2,1,0,2,54,1,2,3,2,0,2,1,1,2,1,2,2,2,0,1,54,1,1,2,2,1,0,1,1,2,2,
113,1,1,1,2,1,0,1,0,1,1,2,2,1,0,1,109,1,1,2,3,1,0,2,54,1,1,2,1,0,3,1,0,2,1,2,2,1,0,1,54,1,1,2,2,0,0,1,1,2,2,
113,2,2,2,2,1,0,2,1,2,2,2,2,1,0,2,110,1,2,2,2,1,0,2,55,2,2,3,2,1,2,2,1,2,2,2,2,1,0,2,55,2,2,2,2,1,0,2,1,2,2,
114,1,1,2,1,0,0,1,0,1,1,2,2,0,0,1,111,1,1,2,2,0,0,1,55,1,2,2,1,0,1,1,0,1,1,2,2,0,0,1,55,1,1,2,2,0,0,2,1,2,2,
117,1,1,1,2,1,0,1,1,1,1,1,2,0,0,1,113,1,1,2,2,0,0,2,58,1,1,2,1,0,1,1,1,1,1,1,2,1,0,1,58,1,1,1,2,0,0,2,1,2,2,
116,2,1,1,2,1,0,2,0,2,1,2,2,1,0,2,112,1,1,2,2,1,0,2,55,1,2,2,1,0,2,1,1,2,1,1,2,1,0,2,55,1,1,2,2,1,0,1,1,2,2,
113,1,1,1,2,1,0,2,1,1,1,2,2,1,0,2,109,1,1,2,2,1,0,2,55,1,1,2,1,0,2,1,1,2,1,1,2,1,0,2,56,1,1,2,2,1,0,2,1,2,2,
112,2,2,2,3,2,0,3,1,2,1,2,2,1,0,3,110,1,2,2,2,1,0,4,56,2,2,3,2,1,3,2,1,2,2,2,2,2,0,3,56,2,2,2,3,1,1,3,1,2,2,
117,2,2,2,2,1,0,2,1,2,2,2,2,1,0,2,114,1,2,2,2,1,0,2,59,2,2,3,2,1,2,2,1,2,2,2,2,1,0,2,60,2,2,2,2,1,0,2,1,2,2,
115,2,2,2,2,1,0,2,1,2,2,2,2,1,0,2,113,1,2,3,2,1,0,3,56,2,2,3,2,1,2,2,1,2,2,2,3,1,0,2,56,2,2,2,3,1,1,2,1,2,3,
137,1,1,1,2,0,0,1,0,1,1,1,2,0,0,1,134,1,1,2,2,0,0,2,77,1,1,2,1,0,1,1,0,1,1,1,1,1,0,1,76,1,1,1,2,0,0,1,1,2,2,
114,1,1,1,2,1,0,1,1,1,1,1,2,0,0,1,110,1,1,2,2,1,0,2,55,1,1,2,1,0,1,1,1,2,1,1,2,1,0,1,55,1,1,1,2,0,0,1,1,2,2,
118,1,1,1,2,1,0,1,0,1,1,1,2,0,0,1,114,1,1,2,2,0,0,2,59,1,1,2,4,0,1,1,0,2,1,1,2,1,0,1,59,1,1,1,2,0,0,1,1,2,2,
118,1,1,2,2,1,0,2,1,2,2,2,2,1,0,2,116,1,2,2,2,1,0,2,58,2,2,3,1,0,2,1,1,2,1,2,2,1,0,2,58,1,2,2,2,1,0,2,1,2,2,
113,2,2,2,2,1,1,2,1,2,2,2,2,1,1,2,111,1,2,3,2,1,0,3,55,2,2,3,2,1,2,2,1,2,2,2,2,1,0,2,56,2,2,2,3,1,1,2,1,3,2,
115,2,2,2,2,2,1,2,1,2,2,2,2,1,1,2,113,2,2,3,2,1,0,3,55,2,2,3,2,1,2,2,1,3,2,2,3,2,1,2,56,2,2,2,3,1,1,2,2,3,2,
116,1,2,1,2,1,0,1,0,1,3,1,2,0,0,1,113,1,3,5,2,1,0,2,59,1,1,2,1,0,1,2,0,2,3,1,2,1,0,1,59,1,3,1,2,0,0,1,1,5,2,
117,1,2,1,2,1,0,2,1,1,1,1,2,1,0,2,113,2,2,2,2,1,0,2,56,1,1,2,1,0,2,2,1,2,2,1,2,1,0,3,56,1,2,1,2,0,0,2,2,2,2,
113,1,1,1,2,1,0,2,1,1,1,1,2,0,0,2,109,1,1,2,2,1,0,2,55,1,1,2,1,0,1,1,1,1,1,1,2,1,0,2,55,1,1,1,2,1,0,2,1,2,2,
112,2,2,2,3,2,0,2,1,2,2,2,3,1,1,2,110,2,2,3,3,2,0,3,56,2,2,3,2,1,2,2,1,2,2,2,3,2,0,2,56,2,2,2,3,1,1,2,2,3,3,
120,1,1,1,2,1,0,1,0,1,1,1,1,0,0,1,116,1,1,2,1,0,0,1,59,1,1,2,1,0,1,1,0,1,1,1,1,1,0,1,59,1,1,1,2,0,0,1,1,1,2,
116,2,2,2,3,2,1,3,1,1,2,2,3,1,1,3,113,2,2,3,3,2,0,3,55,2,2,5,2,2,3,2,1,2,2,2,3,2,1,3,55,2,2,2,3,1,1,3,2,3,3,
114,1,2,1,2,1,0,2,0,1,1,2,2,0,0,2,111,1,1,2,2,1,0,2,55,2,3,3,3,2,2,2,0,1,1,2,2,1,0,1,56,1,1,2,3,1,0,2,1,2,2,
114,1,1,2,2,2,0,2,1,1,2,2,2,1,0,2,110,1,2,2,2,2,0,2,55,2,3,3,3,1,3,1,1,1,2,2,2,2,0,2,56,1,1,2,2,1,0,2,1,2,2,
118,0,2,1,2,1,0,2,1,0,2,1,1,0,0,3,114,0,2,2,2,0,0,3,58,1,1,3,1,0,2,2,1,1,2,1,2,1,0,2,59,0,2,1,2,0,0,2,0,1,2,
120,1,2,2,2,1,0,2,1,1,2,2,2,1,0,2,118,1,2,2,2,1,0,2,56,1,2,2,1,0,2,1,1,1,2,2,2,1,0,2,56,1,2,2,2,1,0,2,1,3,2,
114,1,2,2,2,1,0,2,1,1,2,2,2,1,0,2,112,1,2,2,2,1,0,3,56,1,2,3,2,1,2,2,1,1,2,2,2,1,1,2,56,1,2,2,2,1,1,2,1,2,2,
113,1,1,1,2,1,0,1,0,0,1,1,2,0,0,2,110,0,1,2,1,1,0,2,56,0,2,2,1,0,1,1,0,1,1,1,2,1,0,1,56,1,1,1,2,0,0,1,0,2,1,
116,1,1,2,2,1,0,1,0,1,1,3,2,0,0,2,112,1,1,2,2,1,0,2,57,1,3,2,1,0,1,1,0,1,1,2,2,1,0,2,57,1,1,3,2,0,0,1,1,2,2,
118,3,1,2,2,1,0,2,1,3,1,2,2,1,0,2,114,3,1,2,2,1,0,2,59,3,2,2,1,0,1,1,1,3,1,2,2,1,0,2,60,3,2,2,2,1,0,2,3,2,2,
119,2,2,2,3,1,0,2,1,1,1,2,2,1,0,2,114,2,2,2,2,2,0,2,56,2,3,3,2,0,2,1,1,2,1,2,3,1,0,2,57,1,2,2,3,1,0,2,2,2,2,
132,2,1,2,3,2,0,2,1,1,2,2,2,1,0,2,129,2,2,2,3,1,0,3,75,2,2,3,2,0,2,1,1,2,1,2,2,2,0,2,75,1,2,2,2,1,0,2,2,2,3,
118,2,2,3,3,2,0,2,2,1,2,3,3,2,0,3,116,1,2,3,3,2,0,3,57,2,3,3,2,1,2,2,2,2,2,3,3,2,0,2,58,1,2,3,3,2,1,2,2,3,3,
118,1,2,1,5,2,0,2,1,1,1,2,2,1,0,2,115,1,2,2,4,1,0,2,59,0,2,2,1,0,2,2,1,1,1,2,4,2,0,2,60,1,2,2,2,1,0,2,1,2,4,
117,0,1,1,2,2,0,2,0,0,1,2,2,1,1,1,113,0,1,2,3,1,0,2,55,0,2,2,2,1,1,1,0,0,1,1,2,2,0,2,55,0,1,2,2,1,1,1,0,2,3,
116,1,1,2,2,1,0,2,1,1,1,2,2,1,1,2,113,1,1,2,3,1,0,2,58,1,2,2,2,1,2,1,1,1,1,2,3,1,0,2,58,1,1,2,2,1,1,2,1,2,2,
114,1,1,2,2,2,0,2,1,1,1,2,2,1,1,2,111,1,2,3,3,1,0,3,56,1,3,2,2,1,2,1,1,1,1,2,3,2,0,2,56,1,2,3,2,2,1,2,1,2,2,
117,1,1,2,2,1,0,1,0,1,1,2,1,1,0,1,113,2,1,3,2,1,0,2,58,1,2,1,2,0,1,1,0,1,1,2,2,1,0,1,58,1,1,2,1,1,0,1,1,3,2,
117,2,2,2,2,1,0,2,1,1,2,3,2,1,1,2,114,1,2,3,2,2,1,3,56,2,3,2,2,1,2,2,1,2,2,2,3,2,1,2,56,1,2,3,2,2,1,2,2,3,2,
115,1,1,1,2,1,0,2,1,1,1,2,2,1,0,2,111,1,1,3,2,1,0,2,57,1,2,1,2,0,2,1,1,1,1,2,2,1,0,2,57,1,1,2,2,1,0,2,1,2,2,
119,1,1,1,2,1,0,1,0,1,1,2,1,1,0,1,115,1,1,2,1,1,0,2,59,1,2,1,1,0,1,1,0,1,1,1,2,1,0,1,60,1,1,2,2,1,0,1,1,2,1,
119,1,1,2,5,2,0,2,1,1,1,3,5,2,0,2,115,1,2,3,5,2,0,2,59,1,3,2,3,0,2,2,1,1,1,2,5,2,0,2,59,1,2,3,2,2,0,2,1,3,5,
120,1,2,2,2,1,0,2,1,1,2,3,2,1,0,2,116,1,2,2,2,1,0,2,56,1,2,2,2,0,2,2,1,1,2,2,2,1,0,2,56,1,2,2,2,1,0,2,1,2,2,
114,1,2,2,2,2,1,2,1,1,2,3,2,1,1,2,111,1,2,3,2,2,0,2,55,1,3,2,2,1,2,2,1,1,2,2,2,2,1,2,55,1,2,3,2,2,1,2,1,3,2,
116,0,1,1,2,1,0,2,0,0,1,2,1,1,0,2,112,0,1,2,3,1,0,2,56,0,2,1,1,0,2,1,0,0,1,1,2,1,0,2,56,0,1,2,1,1,0,2,0,2,2,
124,0,1,1,1,0,0,1,0,0,1,2,1,0,0,1,116,0,1,2,2,1,0,1,60,0,2,2,0,0,2,1,0,0,1,1,1,1,0,2,60,0,1,2,1,1,0,1,0,1,2,
118,0,1,1,2,1,0,1,0,0,1,2,2,1,0,1,114,0,1,2,2,2,0,2,56,0,2,2,1,0,2,1,0,0,1,1,2,1,0,1,56,0,1,2,2,1,0,1,0,2,2,
114,1,1,2,2,2,0,2,1,1,1,3,2,1,0,1,110,1,1,3,2,1,0,2,55,1,2,2,1,0,2,1,1,1,1,2,2,2,0,2,56,1,1,3,2,1,0,2,1,2,2,
115,1,1,2,3,1,0,2,1,1,1,2,3,1,0,1,111,1,1,3,4,1,0,2,56,0,2,3,1,1,2,1,1,1,1,2,3,1,0,2,56,1,1,2,3,1,0,2,1,2,4,
117,1,1,2,2,1,0,2,1,1,1,3,2,1,0,2,113,1,1,3,3,1,0,2,58,1,2,2,1,0,2,1,1,1,1,2,2,1,0,2,59,1,1,3,2,2,0,2,1,2,2,
118,1,2,2,2,1,0,2,1,1,2,3,2,1,0,2,115,1,2,3,2,1,0,2,58,1,2,2,1,0,2,1,1,1,1,2,2,1,0,2,58,1,2,3,2,2,0,2,1,2,2,
137,1,2,2,2,2,1,2,1,1,2,3,2,1,0,2,131,1,2,3,3,1,0,2,56,1,2,2,1,1,2,2,1,1,2,2,2,1,1,2,56,1,2,3,2,2,0,2,1,2,2,
117,1,1,1,1,0,0,1,1,1,1,2,1,0,0,1,113,1,1,2,2,0,0,2,57,1,2,1,0,0,2,1,1,1,1,1,1,0,0,1,57,1,1,2,1,1,0,1,1,2,2,
116,1,4,2,2,1,0,2,1,1,5,2,1,1,0,1,112,1,5,2,2,1,0,2,56,1,2,1,1,0,2,4,1,1,5,1,2,1,0,2,56,1,4,2,1,1,0,2,1,2,2,
119,1,1,1,2,2,0,2,1,1,1,2,1,1,0,1,115,1,1,2,2,2,0,2,56,1,2,2,1,1,2,1,1,1,1,1,2,2,0,2,56,1,1,2,1,1,1,1,1,2,2,
114,1,2,2,2,2,0,2,1,1,1,3,2,1,1,2,110,1,3,3,3,2,0,3,55,1,2,2,2,1,3,1,1,1,1,2,2,2,0,2,55,1,1,3,2,2,1,2,1,2,3,
113,1,2,2,2,1,0,2,1,2,1,3,2,1,0,2,110,1,2,3,2,1,0,2,55,1,2,2,1,1,2,2,1,1,1,2,2,1,0,2,55,1,2,3,2,1,0,2,1,2,2,
115,2,2,2,2,1,0,2,1,1,2,3,2,1,1,2,111,1,2,3,3,1,0,2,56,1,2,2,1,1,3,3,1,2,2,2,2,1,0,2,56,2,2,3,2,2,1,2,3,2,3,
117,2,1,3,1,1,0,1,0,2,1,2,1,0,0,1,113,2,1,2,2,0,0,1,58,2,2,1,0,0,2,1,0,2,1,3,1,1,0,1,58,2,1,2,1,1,0,1,2,1,2,
115,2,1,2,3,1,0,3,1,3,1,3,1,1,0,3,112,1,1,3,3,1,0,2,56,1,2,2,1,0,2,1,1,2,1,2,2,1,0,2,56,1,1,2,2,1,0,3,1,2,3,
116,1,1,2,3,2,0,2,1,2,1,3,2,1,1,2,112,2,1,3,3,2,0,2,57,1,3,2,1,1,3,1,1,2,1,2,2,2,0,2,57,2,1,3,2,2,1,2,2,2,3,
116,1,1,2,2,1,0,2,4,2,1,3,2,1,0,2,112,2,2,2,3,1,0,2,56,1,2,2,1,0,2,1,4,1,1,2,2,1,0,2,56,2,2,2,2,1,0,2,2,2,3,
119,1,2,2,2,1,0,2,1,2,2,3,2,1,0,2,115,1,2,3,2,1,0,2,59,1,2,2,1,1,2,2,1,1,2,2,2,1,0,2,59,2,2,3,2,2,0,2,2,2,2,
119,2,2,2,2,2,0,2,1,2,2,3,2,1,1,2,116,2,2,3,3,2,0,2,57,1,3,2,1,1,3,2,1,2,2,2,2,2,0,2,57,2,2,3,2,2,1,2,1,3,3,
116,1,1,1,1,1,0,1,0,1,1,2,1,0,0,1,112,0,1,2,2,0,0,1,56,0,2,1,0,0,2,1,0,1,1,1,1,1,0,1,57,1,1,2,1,1,0,1,0,1,2,
113,2,1,1,1,1,0,1,0,1,1,2,1,1,0,1,110,1,1,2,2,1,0,2,54,1,2,1,1,0,2,1,0,2,1,1,3,1,0,1,57,1,1,2,1,1,0,1,1,2,2,
117,1,1,1,1,1,0,2,1,2,1,2,1,1,1,1,113,1,1,2,2,1,0,2,58,1,2,1,1,1,2,1,1,1,1,2,2,1,0,2,58,1,1,2,1,1,1,1,1,2,2,
117,1,1,2,2,2,0,2,1,2,1,2,2,1,0,2,113,1,2,2,2,1,0,2,55,1,2,2,1,0,2,2,1,1,1,2,2,2,0,2,55,1,2,2,2,2,0,2,1,2,2,
115,1,1,2,2,1,0,2,1,2,1,3,1,1,0,2,111,1,1,2,2,2,0,2,56,1,2,1,1,0,2,1,1,1,1,2,2,1,0,2,56,1,1,2,1,1,0,2,1,2,2,
113,1,2,2,2,2,0,2,1,2,1,3,2,1,0,2,110,1,2,2,3,2,0,2,55,1,2,2,2,1,2,1,1,1,1,2,2,2,0,2,55,2,1,3,2,2,0,2,1,2,2,
118,2,1,16,4,3,0,2,1,2,1,17,3,3,1,2,115,2,3,17,4,3,0,2,60,1,17,3,3,1,3,2,1,2,2,16,4,3,0,2,60,2,3,17,3,3,1,2,2,17,4,
119,1,1,1,1,1,0,1,0,1,1,2,1,1,0,2,115,1,1,1,2,1,0,1,56,0,2,1,1,0,2,1,0,1,1,1,1,1,0,1,56,1,1,2,1,1,0,2,1,1,2,
136,1,1,1,1,1,0,1,1,1,2,2,1,1,0,2,132,1,1,2,2,1,0,1,57,0,2,1,1,0,2,1,0,1,2,1,1,1,0,1,57,1,1,2,1,1,0,2,1,2,2,
115,1,2,2,2,2,0,2,1,2,2,2,2,1,0,2,112,1,2,2,3,1,0,2,56,1,2,2,2,1,3,3,1,1,2,2,2,2,0,2,56,1,2,3,2,1,0,2,1,2,2,
118,2,1,5,2,1,0,2,1,2,2,5,2,1,0,2,114,2,2,5,2,1,0,2,58,1,5,1,1,0,2,2,1,2,1,5,2,2,0,2,59,2,2,5,2,1,0,2,2,5,2,
117,1,1,2,2,1,0,2,1,2,1,2,2,1,0,2,113,1,2,2,2,1,0,2,55,1,2,1,2,0,2,2,1,2,1,2,2,2,0,2,55,2,2,2,2,2,0,2,1,2,2,
115,2,2,2,2,2,0,2,1,2,2,3,2,1,1,3,112,1,2,2,3,1,0,2,57,1,2,2,2,1,3,2,1,2,2,2,2,2,0,2,57,2,2,3,2,2,1,2,1,2,3,
114,1,1,2,3,1,0,1,0,1,1,2,3,0,0,2,110,0,1,2,3,0,0,1,55,2,2,2,1,0,2,1,0,1,1,2,3,1,0,1,55,1,1,2,3,1,0,1,0,2,3,
117,1,1,1,1,1,0,1,0,1,1,1,1,1,0,2,113,1,1,2,2,1,0,2,58,0,1,1,1,0,2,1,0,1,1,1,1,1,0,1,58,1,1,1,1,1,0,1,1,2,2,
118,2,1,1,1,1,0,1,0,2,1,1,1,1,0,2,114,2,1,2,2,1,0,2,55,2,2,1,1,0,2,1,1,2,1,1,1,1,0,1,56,2,1,1,1,1,0,2,2,2,2,
118,2,1,3,3,3,0,2,1,1,1,3,3,3,0,2,114,2,1,4,4,3,0,2,56,2,4,3,4,0,2,1,1,2,1,3,4,3,0,2,56,1,1,3,3,3,0,2,2,4,4,
117,2,2,2,2,1,0,2,1,1,2,2,2,1,0,2,113,2,2,2,2,1,0,2,57,1,2,1,2,0,2,2,1,2,2,1,2,1,0,2,57,1,2,2,2,2,1,2,1,2,2,
115,2,2,1,2,2,0,5,1,1,3,1,2,2,0,5,111,1,3,2,2,2,0,6,56,1,2,2,2,0,6,3,1,2,2,1,2,2,0,6,56,1,3,2,2,2,0,5,1,2,2,
118,2,1,1,1,2,0,1,0,1,1,1,1,1,1,1,115,1,1,2,2,2,0,2,56,1,1,1,2,1,2,1,0,1,1,1,2,2,0,1,56,1,1,1,1,1,0,1,1,2,2,
119,1,1,1,1,1,0,1,1,1,1,1,1,1,0,2,115,1,1,2,2,1,0,2,57,1,1,1,2,0,2,1,1,1,1,1,1,1,0,1,57,1,1,1,1,1,0,2,1,1,2,
113,1,1,1,1,1,0,1,0,1,1,1,1,1,0,1,110,1,1,2,2,1,0,2,55,1,1,1,1,0,2,1,0,1,1,1,1,1,0,1,55,1,1,1,1,1,0,1,1,1,2,
115,2,1,1,1,1,0,2,0,1,1,1,1,1,0,2,110,1,1,2,2,2,0,2,55,1,1,1,2,0,2,1,0,2,1,1,2,1,0,2,55,1,1,1,1,2,0,2,1,2,2,
117,2,1,1,1,1,0,2,0,1,1,2,2,2,0,2,113,1,1,2,2,1,0,2,58,1,2,2,2,0,2,1,0,2,1,1,1,1,0,2,58,1,1,2,2,1,0,2,1,2,2,
119,2,1,2,2,2,0,2,1,1,1,2,3,1,0,2,115,2,1,2,3,2,0,2,56,2,2,2,2,0,3,1,1,2,1,2,2,1,0,2,57,1,1,2,2,2,0,2,2,2,3,
116,2,1,2,2,2,0,2,1,1,1,2,2,2,0,2,113,2,2,2,2,2,0,2,56,2,2,2,2,0,2,1,1,2,1,2,2,2,0,2,56,1,2,2,2,2,0,2,1,2,3,
115,1,1,1,1,1,0,1,0,0,1,1,1,1,0,2,111,1,1,1,2,1,0,2,55,1,1,1,1,0,2,1,0,1,1,1,1,1,0,1,55,0,1,1,1,1,0,2,0,1,2,
121,2,1,1,1,1,0,2,1,1,1,1,2,1,0,2,117,1,2,2,2,1,0,2,59,1,1,1,1,0,2,1,1,1,1,1,1,1,0,2,60,1,2,1,1,1,0,2,1,2,2,
126,2,1,1,2,1,0,2,1,1,1,1,2,1,0,2,122,1,1,2,2,2,0,2,61,1,1,2,2,0,2,1,1,1,1,1,2,1,0,2,62,1,1,1,2,2,0,2,1,2,2,
128,2,1,2,2,2,0,3,1,1,1,2,2,1,0,2,124,1,1,3,3,2,0,2,57,1,2,2,2,1,2,1,1,2,1,2,2,2,0,2,68,1,1,2,2,2,1,2,1,2,3,
118,2,1,2,3,2,0,2,1,1,1,2,2,2,1,2,114,2,2,2,3,2,1,2,57,2,2,2,2,1,2,1,1,2,1,2,2,2,0,3,57,1,1,2,2,2,1,2,1,2,3,
117,2,1,1,2,1,0,2,1,1,1,1,2,1,0,2,115,2,1,2,2,2,0,2,59,1,1,2,2,0,2,1,1,2,1,1,2,1,0,2,59,1,1,2,2,2,0,2,1,2,2,
119,2,1,2,2,1,0,2,1,1,1,2,2,2,1,2,117,2,2,2,2,2,0,2,58,2,2,2,2,0,2,2,1,2,1,2,2,2,0,2,58,1,1,2,2,2,0,2,1,2,2,
115,2,2,2,2,2,0,2,1,2,2,2,2,2,1,3,113,2,2,3,3,2,0,2,56,2,2,2,2,1,3,1,1,2,2,2,2,2,0,3,57,2,2,2,2,2,1,2,2,2,3,
119,1,1,1,1,1,0,2,0,1,1,1,2,1,0,2,116,1,1,2,2,1,0,1,80,1,1,1,1,0,1,1,0,1,1,1,1,1,0,2,80,1,1,1,1,1,0,1,1,1,2,
120,2,1,1,2,1,0,2,1,1,1,1,2,1,0,2,116,2,1,2,2,1,0,2,59,1,1,1,2,0,2,1,1,2,1,1,2,1,0,2,59,1,1,1,2,1,0,2,1,2,2,
118,2,1,1,1,1,0,2,1,1,1,1,2,1,0,2,114,2,1,2,2,2,0,2,55,1,1,1,1,0,2,1,0,2,1,1,1,1,0,2,56,1,1,1,1,1,0,2,2,2,2,
115,2,1,2,1,1,0,2,1,1,1,1,2,2,0,2,111,2,1,2,2,2,0,2,55,1,2,1,2,0,2,1,1,2,1,2,1,1,0,2,56,1,1,1,2,1,0,2,2,2,2,
114,2,1,2,2,2,0,2,1,1,1,2,2,1,0,2,112,2,1,2,2,2,0,2,56,1,2,2,2,1,2,2,1,1,1,2,2,2,0,2,57,1,1,2,2,1,0,2,2,2,2,
117,2,1,2,2,1,0,2,1,1,1,2,2,1,1,2,114,2,2,2,3,2,0,2,59,2,2,2,2,1,2,1,1,2,1,2,2,1,0,2,60,1,1,2,2,1,0,2,1,2,3,
122,2,1,2,2,2,1,2,1,2,2,2,2,2,0,2,119,2,2,2,3,2,0,2,59,2,2,2,2,1,2,1,1,2,2,2,2,2,0,2,60,1,2,2,2,2,1,2,1,2,3,
120,1,1,1,2,1,0,2,0,1,1,1,3,1,0,2,113,1,1,2,3,2,0,1,57,1,1,2,1,0,2,1,0,1,1,1,2,1,0,2,58,1,1,1,2,1,0,2,1,2,3,
115,1,1,1,1,1,0,2,0,0,1,1,2,1,0,2,112,1,1,2,2,1,0,1,56,1,1,1,1,0,1,1,0,1,1,1,1,1,0,2,57,1,1,1,1,1,0,1,1,2,2,
118,3,2,2,1,1,0,2,1,2,2,2,2,1,0,2,113,2,2,2,2,1,0,2,57,2,2,2,1,0,2,2,1,2,2,2,2,1,0,2,57,2,2,2,2,1,0,2,2,2,2,
116,3,1,1,2,1,0,2,1,2,1,2,2,1,1,2,114,2,2,2,2,2,0,2,56,2,2,2,2,1,2,2,1,2,1,2,2,1,0,2,56,2,2,2,2,1,0,2,2,2,2,
115,3,1,2,2,2,1,3,1,1,1,2,2,2,1,2,113,2,2,2,3,2,0,2,58,2,2,2,2,1,2,2,1,2,2,2,2,2,0,2,58,1,2,2,2,1,1,2,2,2,3,
113,3,2,2,2,2,0,3,1,1,2,2,2,2,1,3,110,2,2,2,3,1,0,2,56,2,2,2,2,1,2,2,1,2,2,2,2,2,0,3,56,1,2,2,2,2,1,2,2,2,3,
115,2,1,1,1,1,0,2,0,1,1,1,2,1,0,3,110,1,1,2,2,1,0,2,55,1,1,1,1,0,2,1,0,2,1,1,1,1,0,3,56,1,1,1,1,1,0,2,1,1,2,
118,2,1,1,1,1,0,2,1,1,1,1,2,1,0,2,115,1,1,2,2,2,0,1,59,1,1,1,1,0,2,1,1,1,1,1,1,1,0,2,60,1,1,1,1,1,0,2,1,1,2,
115,2,2,2,2,2,0,2,1,1,1,2,2,1,0,2,111,2,2,2,2,1,0,2,56,2,2,2,2,1,2,2,1,2,2,2,2,2,0,2,57,1,2,2,2,1,0,2,1,2,3,
131,1,1,1,2,1,0,2,1,1,1,1,2,1,0,2,127,1,1,2,2,1,0,2,70,1,1,2,1,0,2,1,1,1,1,1,1,1,0,2,70,1,1,1,2,1,0,2,1,2,2,
116,1,1,1,1,1,0,2,0,0,1,1,1,1,0,2,112,1,1,2,2,1,0,2,55,1,1,1,1,0,1,1,0,1,1,1,1,1,0,2,55,0,1,1,1,0,0,1,1,1,2,
120,2,1,2,2,2,0,2,1,1,1,2,2,2,0,2,117,2,2,2,3,2,0,2,60,2,2,2,2,0,2,1,1,2,2,2,2,2,0,2,60,1,2,2,2,2,0,2,2,2,3,
119,2,2,2,2,2,0,2,1,2,2,2,3,2,1,3,117,2,2,3,3,2,0,2,56,2,2,2,2,1,2,2,1,2,2,2,2,2,1,3,56,2,2,2,2,2,1,3,2,2,3,
115,1,1,1,1,1,0,1,0,0,1,1,2,1,1,2,112,1,1,1,2,1,0,1,54,1,1,1,1,1,1,1,0,1,1,1,1,1,0,2,54,1,1,1,1,1,1,1,1,1,2,
119,12,1,1,2,1,0,2,1,11,1,1,2,1,0,2,116,11,1,2,3,1,0,2,58,11,1,2,1,0,2,1,1,11,1,1,2,1,0,2,58,11,1,1,2,1,0,2,11,2,3,
118,2,1,1,1,1,0,2,1,1,1,1,2,1,0,2,115,1,1,2,2,1,0,2,60,1,1,2,2,0,2,1,1,1,1,1,2,1,0,2,60,1,1,1,1,1,0,2,1,2,2,
116,2,1,2,2,1,0,2,1,1,1,1,2,1,0,2,114,2,1,2,3,1,0,2,56,2,2,2,2,0,2,1,1,2,1,2,2,1,0,2,56,1,2,1,2,1,0,2,2,2,3,
114,1,1,1,1,1,0,2,0,1,1,1,1,1,0,2,111,1,1,1,2,1,0,1,55,1,1,1,1,0,2,1,0,1,1,1,1,1,0,2,55,1,1,1,1,1,0,2,1,1,2,
113,2,1,2,2,2,0,2,1,2,2,2,2,2,1,2,111,2,2,2,3,2,0,2,56,2,2,2,2,1,2,1,1,2,1,2,2,2,0,3,56,2,2,2,2,2,1,2,2,2,3,
116,1,1,1,1,1,0,1,0,0,1,1,1,1,0,2,113,1,1,1,2,1,0,1,58,1,1,1,1,0,1,1,0,1,1,1,1,1,0,2,58,0,1,1,1,1,0,1,1,1,2,
116,1,1,1,1,1,0,2,0,1,1,1,1,1,0,2,113,1,1,2,2,1,0,1,55,1,1,1,1,0,1,1,0,1,1,1,1,1,0,2,55,1,1,1,1,1,0,1,1,1,2,
115,2,1,2,1,1,0,2,1,1,1,3,1,1,0,2,111,1,1,2,2,1,0,2,56,1,3,1,2,0,2,1,1,1,1,3,1,1,0,2,56,1,1,3,1,1,0,2,1,3,2,
114,2,1,2,1,1,0,2,1,1,1,2,1,1,0,2,111,1,1,2,2,1,0,2,56,1,3,1,2,0,2,1,1,1,1,3,2,1,0,2,56,1,1,2,1,1,0,2,1,2,2,
117,3,1,3,2,2,0,3,2,2,2,3,2,2,1,3,114,2,1,2,3,2,0,2,58,3,3,2,2,1,2,1,2,2,2,3,2,2,0,3,59,3,2,3,2,2,1,3,2,3,3,
117,2,2,3,2,1,0,2,1,2,2,2,2,2,1,2,115,2,2,2,3,2,0,2,55,1,2,2,2,1,2,2,1,2,2,2,2,2,0,3,55,2,3,3,2,2,1,2,2,2,3,
120,1,2,2,1,1,0,2,1,1,2,2,1,1,0,2,116,1,2,2,2,1,0,2,59,0,1,1,1,0,2,1,1,1,2,2,1,1,0,2,59,1,2,2,1,2,0,2,1,2,2,
119,1,2,3,3,2,1,3,1,2,2,3,3,2,1,2,114,1,3,2,7,2,0,3,58,1,3,3,2,1,3,2,1,1,2,2,3,4,1,3,58,2,2,3,3,2,1,2,1,2,7,
119,1,1,2,2,2,0,2,1,1,1,2,2,1,1,2,115,1,1,2,3,2,0,2,60,1,2,2,2,1,2,1,1,1,1,2,2,2,0,2,60,1,1,2,2,2,1,2,1,2,3,
117,2,1,2,2,2,0,2,0,1,1,2,2,1,0,2,113,1,1,2,2,1,0,2,56,1,2,2,1,0,2,1,1,2,1,2,2,1,0,2,56,1,1,2,2,1,0,2,1,2,2,
135,2,1,3,2,2,0,2,1,2,2,2,3,2,1,2,132,2,2,2,2,1,0,2,77,1,2,2,2,1,2,1,1,2,2,2,3,2,0,3,77,2,2,3,3,2,1,2,2,2,2,
114,1,1,2,2,2,0,2,1,1,2,2,2,1,0,2,111,1,2,2,2,1,0,2,55,1,2,2,1,0,2,1,1,1,2,2,2,2,0,2,56,1,2,2,2,1,0,2,1,2,2,
115,2,4,2,2,2,1,2,1,1,4,2,2,2,1,2,112,1,4,3,2,2,0,2,56,1,2,2,2,1,2,4,1,1,4,2,3,2,0,2,57,1,4,2,2,2,0,2,1,3,2,
116,2,1,13,2,2,1,2,1,2,2,13,2,1,1,2,114,2,2,13,2,2,0,2,56,1,13,2,2,1,2,1,1,2,2,13,3,2,0,3,56,2,2,14,3,2,1,3,2,13,2,
115,1,1,2,2,1,0,2,0,1,1,2,2,1,0,2,111,1,1,2,1,1,0,2,56,0,2,2,1,0,2,1,0,1,1,2,2,1,0,2,56,1,1,3,2,1,0,2,1,2,1,
115,1,1,2,2,1,0,2,0,1,1,2,2,1,0,2,111,1,1,2,2,1,0,2,56,0,2,2,1,0,2,1,0,1,1,2,2,1,0,2,56,1,1,2,2,1,0,2,1,1,2,
117,1,2,2,2,2,0,2,1,1,1,2,2,1,0,2,113,1,1,2,2,1,0,2,56,1,2,2,2,0,2,1,1,1,1,2,2,2,0,2,56,1,1,2,2,1,0,2,1,2,2,
116,4,2,2,2,2,1,2,1,4,1,2,2,1,0,2,114,4,2,2,3,2,0,2,58,4,2,2,2,1,3,1,1,4,1,3,3,2,0,2,58,4,1,3,2,2,1,3,4,2,3,
116,2,1,2,2,2,0,2,1,2,1,2,2,1,0,2,111,1,1,2,3,1,0,2,55,1,2,2,1,0,2,1,1,2,1,2,2,2,0,2,55,2,1,2,2,1,0,2,1,2,3,
114,1,2,2,2,2,1,2,1,2,2,2,2,1,0,2,111,1,2,2,2,1,0,2,55,1,2,2,1,0,2,1,1,1,1,2,2,2,0,2,55,2,2,2,2,2,0,2,1,2,2,
115,1,1,1,1,1,0,1,0,1,1,2,2,1,0,1,112,1,1,1,2,1,0,1,55,0,1,1,1,0,1,1,0,1,1,1,2,1,0,2,56,1,1,2,2,1,0,2,1,1,2,
119,1,1,2,2,1,0,1,0,1,1,2,2,1,0,2,115,1,1,1,2,1,0,1,58,0,1,1,1,0,1,1,0,1,1,2,2,1,0,2,59,1,1,2,2,1,0,2,1,1,2,
119,1,1,2,2,2,0,2,0,1,1,2,2,1,0,2,115,1,1,2,2,1,0,2,56,1,2,2,1,0,2,1,0,1,1,2,2,2,0,2,56,1,1,2,2,1,0,2,1,2,2,
115,1,1,2,2,2,0,2,1,1,1,2,2,1,0,2,112,1,1,2,2,1,0,2,56,1,2,2,1,0,2,1,1,1,1,2,2,2,0,2,56,1,1,2,2,1,0,2,1,2,2,
114,1,1,2,2,2,0,2,1,1,1,2,2,1,0,2,111,1,1,2,2,1,0,2,55,1,2,2,1,0,2,1,1,1,1,2,2,2,0,2,55,1,1,2,2,1,0,2,1,2,2,
117,1,1,2,2,2,0,2,1,2,2,2,2,2,0,2,114,1,1,2,3,1,0,2,58,1,2,2,2,0,2,1,1,1,1,2,2,2,0,2,58,2,1,2,2,2,0,3,1,2,3,
118,2,2,3,2,2,1,2,1,2,2,2,3,2,1,3,115,2,2,2,2,1,0,2,55,1,2,2,2,1,2,1,1,2,1,2,3,2,0,3,55,2,2,3,2,2,0,2,2,2,2,
116,1,1,2,2,2,0,2,0,1,1,2,2,1,0,2,112,1,1,2,2,1,0,2,56,1,2,2,1,1,3,1,0,1,1,2,2,1,0,2,57,1,1,2,2,1,0,2,1,2,2,
115,1,1,2,2,2,0,2,0,1,1,2,2,1,0,2,112,1,2,2,2,2,0,2,56,1,2,2,1,2,2,1,0,2,1,2,2,2,1,2,56,1,1,2,2,1,0,2,1,2,2,
122,1,1,5,5,4,0,2,1,2,1,5,5,4,0,2,118,1,1,5,5,4,0,2,59,1,5,5,4,0,2,1,1,1,1,5,5,4,0,2,59,1,1,5,5,4,0,2,1,5,5,
140,1,4,2,2,2,0,2,1,1,4,2,2,1,0,2,137,1,4,4,2,1,0,2,56,1,2,2,1,0,2,4,1,1,4,2,2,2,0,2,56,2,4,3,2,2,0,2,1,2,2,
116,1,2,2,2,2,0,2,1,1,2,2,2,1,0,2,113,1,2,2,2,1,0,2,57,1,2,2,1,0,2,1,1,1,2,2,2,2,0,2,57,1,1,2,2,1,0,2,1,2,2,
115,1,2,3,2,2,0,2,1,2,2,3,2,2,0,2,112,1,2,2,2,1,0,2,56,1,2,2,2,0,2,1,1,1,2,2,2,2,1,2,56,2,2,3,2,2,0,2,1,2,2,
119,1,1,3,2,1,0,2,0,1,0,3,2,1,0,2,115,1,1,2,2,1,0,2,59,0,2,1,1,0,1,1,0,1,1,2,2,1,0,2,59,1,1,4,2,1,0,2,1,2,2,
120,1,1,2,2,1,0,2,0,1,1,2,2,1,0,2,116,0,1,2,2,1,0,2,55,0,2,2,1,0,1,1,0,1,1,2,2,1,0,2,55,1,1,2,2,1,0,1,0,2,2,
116,1,1,2,2,2,0,2,1,1,1,2,2,1,0,2,113,1,1,2,2,1,0,2,56,0,2,2,1,0,1,1,1,1,1,2,2,1,0,2,57,1,1,2,2,1,0,2,1,2,2,
113,1,1,2,2,2,0,2,1,1,1,2,2,1,0,2,110,1,1,3,2,2,0,2,55,1,2,2,1,0,2,1,1,1,1,2,2,2,0,2,55,1,1,2,2,1,0,2,1,4,2,
118,0,1,0,0,0,0,2,0,0,1,0,0,0,0,2,110,0,1,0,0,0,0,3,55,0,0,0,0,0,2,1,0,0,1,0,0,1,0,2,55,0,1,0,0,0,0,2,0,0,0,
117,1,2,2,2,2,0,2,1,1,2,3,3,1,0,3,115,1,2,2,2,2,0,2,55,1,2,2,2,1,2,1,1,1,2,2,3,2,1,2,56,2,2,3,2,2,0,2,1,2,2,
117,2,2,3,3,3,1,3,1,2,2,3,3,2,1,3,114,1,2,2,3,2,0,3,56,1,2,2,2,1,2,2,1,2,2,3,3,2,1,3,57,2,2,3,3,4,1,2,1,2,3,
114,1,1,2,2,2,0,2,0,1,1,2,2,1,0,2,111,0,1,2,2,1,0,2,55,0,1,2,1,0,1,1,0,1,1,1,2,1,0,2,55,1,1,2,2,1,0,1,0,2,2,
114,1,3,2,2,2,0,2,0,1,3,2,2,1,0,2,111,1,3,2,2,1,0,2,55,1,2,2,1,0,1,3,0,1,3,2,2,2,0,2,56,1,3,2,2,1,0,2,1,2,2,
119,1,1,2,2,2,0,2,1,1,1,2,2,1,0,2,115,1,1,2,2,1,0,2,56,1,2,2,1,0,1,1,1,1,1,2,2,2,0,2,56,1,1,2,2,1,0,2,1,2,2,
116,4,1,2,2,2,0,2,1,4,1,2,2,1,3,2,113,4,1,2,2,1,0,2,57,4,2,2,1,3,1,1,1,4,1,2,2,1,3,2,57,4,1,2,2,2,3,2,4,2,2,
116,1,1,2,2,2,0,2,1,1,1,2,2,1,0,2,113,1,1,2,2,1,0,2,55,1,2,2,1,0,1,1,1,1,1,2,2,2,0,2,55,1,1,2,2,1,0,2,1,2,2,
116,2,2,3,2,2,0,2,1,2,2,3,3,2,1,2,113,1,2,2,2,1,0,2,58,1,3,2,2,1,2,2,1,2,2,3,3,2,0,2,58,2,2,3,2,2,1,2,1,2,2,
118,1,1,2,2,1,0,1,0,2,1,2,2,1,0,1,115,1,1,1,1,0,0,2,59,1,2,2,1,0,1,1,0,1,1,1,2,1,0,1,59,2,1,2,2,1,0,1,1,1,1,
116,1,1,2,2,2,0,1,0,1,1,2,2,1,0,1,112,1,1,1,1,1,0,2,57,0,2,2,1,0,1,1,0,1,1,2,2,1,0,1,57,1,1,2,2,1,0,1,0,1,1,
114,1,1,2,2,2,0,1,0,1,1,2,2,1,0,1,111,1,1,1,1,1,0,2,56,0,2,2,1,0,1,1,0,1,1,2,2,1,0,1,56,1,1,2,2,1,0,1,0,1,1,
116,1,1,2,2,2,0,1,1,1,1,2,2,1,0,1,113,1,1,2,2,1,0,2,58,1,2,2,1,0,1,1,1,1,1,2,2,1,0,1,59,1,1,2,2,1,0,1,1,2,2,
117,1,1,2,2,2,0,2,1,1,1,2,2,2,0,2,114,1,1,2,2,2,0,2,59,1,2,2,1,0,1,1,1,1,1,2,2,2,0,2,60,1,1,2,2,1,0,2,1,2,2,
132,2,2,2,2,2,0,2,1,2,1,3,2,2,1,2,129,1,2,2,2,2,0,2,59,1,3,2,2,1,2,2,1,1,2,3,3,2,0,2,71,2,2,3,2,2,1,2,1,2,2,
116,0,1,2,1,1,0,1,0,1,1,2,2,1,0,2,112,0,1,1,2,1,0,1,57,0,2,1,1,0,2,1,0,0,1,2,2,1,0,1,57,1,1,2,1,1,0,2,0,1,2,
116,2,1,2,2,2,0,1,0,2,1,2,2,1,0,1,112,1,1,2,2,1,0,1,56,1,2,2,1,0,1,1,0,2,1,2,2,1,0,1,57,2,1,2,2,1,0,1,1,2,1,
121,1,1,2,2,2,0,1,1,1,1,2,2,1,0,2,117,1,1,2,2,2,0,2,61,1,2,2,1,0,1,1,1,1,1,2,2,1,0,2,61,1,1,2,2,1,0,2,1,1,2,
121,1,2,2,4,2,0,2,1,1,2,2,4,3,0,2,117,1,1,2,4,2,0,2,58,1,3,4,2,0,3,1,1,1,2,2,4,2,0,2,58,1,2,2,4,1,0,2,1,2,4,
115,0,1,2,2,2,0,1,0,0,1,2,2,1,0,1,111,0,1,1,3,1,0,2,56,0,2,2,1,0,2,1,0,0,1,2,2,2,0,1,56,0,1,2,2,1,0,1,0,1,2,
115,1,2,3,3,2,0,2,1,1,2,3,3,2,1,2,112,1,2,2,2,2,0,2,57,1,3,3,2,1,2,2,1,1,2,2,3,2,0,2,57,1,2,3,3,2,1,2,1,2,3,
670,1,2,3,3,2,0,2,1,1,2,3,3,2,1,2,115,1,2,3,2,2,0,2,61,1,3,2,2,1,2,2,1,1,2,3,3,2,1,2,61,1,2,3,3,2,1,2,1,3,2,
119,1,1,2,2,2,0,2,1,1,1,2,2,1,0,2,116,1,1,2,2,2,0,2,58,1,2,2,1,0,2,1,1,1,1,2,2,2,0,2,58,2,1,2,2,1,0,2,1,2,2,
115,1,1,2,2,2,0,2,1,1,1,3,2,2,0,2,112,1,1,3,2,2,0,2,58,1,2,2,1,0,2,1,1,1,1,2,2,2,0,2,57,1,2,2,2,1,0,2,1,2,2,
117,2,2,2,2,2,0,2,1,2,2,3,2,2,0,2,114,2,2,3,2,2,0,2,58,1,3,2,2,0,2,2,1,3,2,2,2,2,0,2,57,2,2,2,2,1,0,2,2,2,2,
119,1,3,2,2,1,0,1,0,1,3,2,2,1,0,1,115,1,3,2,1,1,0,2,60,0,2,1,1,0,1,3,0,1,3,2,2,1,0,1,60,1,3,2,2,1,0,1,1,2,1,
118,1,1,2,2,1,0,1,0,1,1,2,2,1,0,1,115,0,1,2,1,1,0,1,58,0,2,2,1,0,1,1,0,1,1,2,2,1,0,1,57,1,1,2,2,1,0,1,0,2,2,
115,1,1,2,2,2,0,1,0,1,1,2,2,1,0,1,111,0,1,2,2,1,0,1,57,0,2,2,1,0,1,1,0,1,1,2,2,1,0,1,57,1,1,2,2,1,0,1,0,2,2,
116,1,1,2,2,2,0,1,0,1,1,2,2,1,0,1,112,1,1,2,1,1,0,1,57,0,2,2,1,0,1,1,0,1,1,1,2,1,0,1,57,1,1,2,2,1,0,1,1,2,2,
119,1,1,3,3,3,0,1,1,1,1,3,3,2,0,2,115,1,1,3,3,2,0,2,60,0,3,3,2,0,1,1,1,1,1,3,3,2,0,1,60,1,1,3,3,2,0,2,1,3,3,
118,1,2,2,2,3,0,2,1,1,1,3,2,2,0,2,116,1,1,3,2,2,0,2,59,1,2,2,1,0,2,1,1,1,1,2,2,2,0,2,58,1,1,2,2,1,0,2,1,2,2,
115,2,2,3,2,2,0,2,1,1,2,3,3,2,1,2,112,1,2,3,2,2,0,2,58,1,3,3,2,1,2,2,1,2,2,3,3,2,0,2,57,2,2,3,3,2,1,2,1,3,2,
115,2,2,3,2,2,1,2,1,2,2,3,2,2,1,2,112,1,2,3,2,2,1,2,58,1,3,3,2,1,2,2,1,1,2,2,3,2,0,2,57,2,2,3,3,2,1,2,1,3,2,
118,1,1,3,1,1,0,1,0,1,1,3,2,1,0,1,114,1,1,3,1,1,0,1,59,0,3,2,1,0,1,1,0,1,1,3,2,1,0,1,59,1,1,3,2,1,0,1,0,3,1,
120,1,1,2,2,1,0,1,0,1,1,2,2,1,0,1,116,1,1,2,1,1,0,2,56,0,2,1,1,0,1,1,0,1,1,2,2,1,0,1,56,1,1,2,2,1,0,1,1,2,2,
122,2,2,2,2,1,0,2,1,1,1,2,2,1,0,2,115,1,1,2,2,1,0,2,59,0,2,1,1,0,2,1,1,1,1,2,2,1,0,2,59,1,1,2,2,1,0,2,1,2,2,
115,2,1,2,2,2,0,2,1,1,2,3,2,1,0,2,112,1,2,3,2,2,0,2,56,1,2,2,2,0,2,2,1,1,2,2,2,2,0,2,56,2,2,2,2,1,0,2,1,2,2,
119,4,5,4,4,4,0,5,5,4,5,4,4,4,1,5,116,4,5,4,5,4,0,5,60,4,4,4,4,4,5,5,5,4,5,4,4,4,0,5,59,4,5,4,4,4,1,5,4,4,5,
119,1,1,2,2,1,0,1,1,1,1,2,2,1,0,1,115,1,1,2,1,1,0,1,56,1,1,1,1,0,1,1,1,1,1,2,2,1,0,1,56,1,1,2,2,1,0,1,1,2,2,
120,1,1,2,1,1,0,1,1,1,1,2,2,1,0,1,114,1,1,2,1,1,0,1,58,1,1,1,1,0,1,1,1,1,1,1,2,1,0,1,58,1,1,2,2,1,0,1,1,2,1,
115,1,1,2,2,1,0,1,1,1,1,2,2,1,0,1,111,1,1,2,1,1,0,1,56,1,1,1,1,0,1,1,1,1,1,1,2,1,0,1,55,1,1,2,2,1,0,1,1,2,1,
118,1,1,2,2,1,0,1,1,1,1,2,2,1,0,1,113,1,1,2,2,1,0,1,56,1,2,1,1,0,1,1,1,1,1,2,2,1,0,1,56,1,1,2,2,1,0,1,1,2,2,
120,1,1,2,2,1,0,1,1,1,1,2,2,1,0,1,117,1,1,2,2,1,0,2,61,1,2,2,1,0,1,1,1,1,1,2,2,1,0,1,61,1,1,2,2,1,0,1,1,2,2,
116,1,2,2,2,2,0,2,1,1,1,3,2,2,0,2,112,1,1,3,2,2,0,2,56,1,2,2,2,1,2,1,1,1,1,2,3,2,0,2,56,1,2,2,2,1,0,2,1,2,2,
118,1,1,2,3,2,0,2,1,1,1,3,2,1,2,2,115,1,1,2,2,2,0,2,58,1,2,2,2,2,2,1,1,1,2,2,2,2,0,2,58,1,2,2,2,2,2,2,1,2,2,
116,2,2,3,3,3,1,3,2,2,3,3,3,2,1,2,113,2,2,3,3,2,0,5,56,2,5,3,2,1,3,2,2,2,2,2,3,2,1,3,56,2,2,3,3,2,2,2,2,3,3,
119,1,1,2,2,2,0,2,1,1,1,2,2,1,0,2,115,1,1,2,2,1,0,2,59,1,2,2,1,1,2,1,1,1,1,2,2,1,0,2,59,1,1,2,2,1,0,2,1,2,2,
118,1,1,2,2,1,0,2,1,1,1,2,2,1,0,1,114,1,1,2,2,1,0,2,55,1,2,2,1,0,1,1,1,1,1,2,2,1,0,1,55,1,1,2,2,1,0,1,1,2,1,
115,1,1,2,2,1,0,2,1,1,1,2,2,1,0,1,111,1,1,2,2,1,0,2,55,1,2,2,1,0,1,1,1,1,1,2,2,1,0,2,55,1,1,2,2,1,0,2,1,2,2,
120,1,1,2,2,1,0,2,1,1,1,2,2,1,0,2,116,1,1,2,2,2,0,2,60,1,3,2,1,1,2,1,1,1,1,2,2,1,0,2,60,1,1,2,2,1,0,2,1,2,2,
120,1,1,2,2,1,0,2,1,1,1,2,2,1,0,2,117,1,1,2,3,2,0,2,61,1,2,2,1,1,2,1,1,1,1,2,3,1,0,2,61,1,1,2,2,1,0,2,1,2,2,
119,1,2,3,2,2,0,2,1,1,1,3,2,1,1,2,116,1,2,3,2,2,0,2,57,1,2,2,1,1,2,1,1,1,1,2,2,1,0,2,57,1,2,2,2,1,1,2,1,2,2,
115,1,1,3,3,2,0,2,1,1,1,3,2,2,1,2,112,1,2,3,3,2,2,2,57,1,2,2,2,1,2,2,1,1,2,2,3,2,0,2,57,1,2,3,2,2,1,2,1,2,2,
114,1,2,3,3,2,0,3,2,2,2,3,3,2,1,2,111,1,2,3,3,2,1,3,56,1,2,2,2,1,2,2,2,2,2,2,3,2,1,2,56,2,2,3,3,2,1,2,1,3,2,
120,1,1,2,2,2,0,2,1,1,1,2,2,1,0,1,117,1,1,2,2,1,0,2,60,1,2,2,1,0,1,1,1,1,1,2,2,2,0,2,60,1,1,2,2,1,0,1,1,2,2,
131,1,2,2,2,3,0,2,1,1,1,2,2,1,0,1,127,1,1,2,2,1,0,2,56,1,2,2,2,0,1,1,1,1,1,2,2,2,0,2,56,1,1,2,2,1,0,2,1,2,2,
113,1,2,2,2,2,0,2,1,1,1,3,2,2,0,2,110,1,1,3,3,2,0,2,56,1,2,2,2,1,2,1,1,1,1,2,2,2,0,2,56,1,1,2,2,1,1,2,1,2,2,
113,1,1,2,2,2,0,2,1,1,1,3,2,2,0,2,110,1,2,3,2,2,0,2,56,1,2,2,2,1,2,1,1,1,1,2,2,2,0,2,56,1,1,2,2,1,0,2,1,2,2,
117,1,1,1,2,1,0,1,1,1,1,2,1,1,0,1,113,1,1,2,2,1,0,1,58,0,1,1,1,0,1,1,1,1,1,1,2,1,0,1,58,1,1,2,1,1,0,2,0,2,1,
119,1,2,2,3,2,0,2,2,2,2,3,3,2,1,2,117,1,2,3,3,2,0,3,56,1,2,2,2,1,2,2,2,2,2,2,3,2,1,2,56,2,2,3,3,2,1,2,1,3,2,
115,1,1,2,2,2,0,4,1,1,1,2,2,1,0,1,112,1,1,2,2,1,0,4,55,1,3,1,1,0,1,1,1,1,1,2,2,1,0,4,55,1,1,3,2,1,0,4,1,3,2,
116,1,1,2,2,2,0,2,1,1,1,2,2,1,0,1,112,1,1,2,2,1,0,2,57,1,2,1,1,0,1,1,1,1,1,2,2,1,0,2,57,1,1,2,2,1,0,2,1,2,2,
119,2,1,2,2,2,0,2,1,2,1,3,2,1,0,2,116,2,1,3,2,2,0,2,61,2,4,2,1,0,2,1,1,2,1,2,2,2,0,2,61,2,1,2,2,1,0,2,1,3,2,
117,2,1,2,2,2,0,2,1,1,1,2,2,2,0,2,114,1,1,3,2,2,0,2,56,1,3,2,1,1,2,1,1,2,1,2,2,2,0,2,56,1,1,2,2,1,0,2,1,3,2,
117,1,2,2,3,2,0,3,1,1,2,2,3,2,0,2,114,1,3,3,3,2,0,3,59,1,3,2,2,1,2,2,1,1,2,2,3,2,0,2,59,1,3,2,3,2,1,2,1,3,2,
118,2,2,2,3,2,0,3,1,1,2,3,2,1,1,2,114,1,2,3,3,2,0,3,58,1,3,2,2,1,3,2,1,2,2,2,2,2,0,3,58,1,2,3,2,1,1,2,1,3,3,
120,0,1,2,2,2,0,2,1,1,1,2,2,1,0,2,114,0,1,2,2,1,0,2,57,0,2,2,2,0,2,1,1,0,1,2,2,2,0,2,57,1,1,2,2,1,0,1,0,2,2,
119,2,2,2,2,2,0,2,1,2,2,2,2,1,0,2,115,1,2,2,2,2,0,3,56,1,2,2,2,0,2,2,1,2,2,2,2,2,0,2,56,2,2,2,2,1,0,2,2,2,2,
115,1,1,3,3,3,0,2,0,1,2,3,2,1,0,1,111,1,1,4,3,3,0,3,55,0,3,2,2,2,2,1,0,1,1,3,2,3,0,2,55,1,2,2,2,1,0,1,1,4,3,
121,0,0,5,5,5,0,5,0,0,0,5,5,0,0,5,117,0,0,5,5,5,0,5,60,0,5,1,1,0,5,0,0,0,0,1,5,5,0,5,61,0,1,1,5,0,0,1,0,5,5,
121,0,1,2,2,2,0,2,1,0,2,2,2,1,0,2,114,0,2,2,2,2,0,2,55,0,2,1,1,0,2,1,1,0,2,2,2,2,0,2,57,0,2,2,2,1,0,2,0,2,2,
120,4,1,2,3,2,0,1,1,4,1,2,2,1,1,2,114,4,1,2,3,2,1,2,59,4,2,2,2,1,1,1,1,4,1,2,3,2,1,1,60,4,1,2,2,1,1,1,4,2,3,
115,1,1,2,2,2,0,2,1,1,1,2,2,1,0,2,111,1,1,2,2,2,0,2,56,1,2,2,2,1,2,1,1,1,1,2,2,2,0,2,56,1,1,2,2,1,0,2,1,2,2,
115,0,1,2,2,2,0,2,0,1,1,2,2,1,0,2,111,0,1,2,2,2,0,2,55,0,2,1,1,0,1,1,0,0,1,2,2,2,0,2,55,1,1,2,2,1,0,1,0,2,2,
120,1,1,2,2,3,0,2,1,1,1,2,2,1,0,2,116,1,1,2,2,2,0,2,60,0,2,2,2,0,2,1,1,1,1,2,2,3,0,2,60,1,1,2,2,1,0,2,1,2,2,
140,1,1,2,2,2,0,2,1,2,1,2,2,1,0,2,136,1,1,2,2,2,0,3,59,1,2,2,2,0,2,1,1,1,1,2,2,2,0,2,59,2,1,2,2,1,0,2,1,2,2,
115,1,2,2,2,2,1,2,1,2,2,2,2,2,1,2,111,1,2,3,2,2,0,2,56,1,2,2,2,1,2,2,1,1,2,2,2,2,0,2,56,2,2,2,2,1,1,2,1,2,2,
112,2,2,2,2,2,0,2,1,2,2,2,2,1,1,3,110,1,2,3,2,2,0,2,56,1,2,2,2,1,2,2,1,2,2,2,2,2,0,2,56,2,2,2,2,2,1,2,1,3,2,
117,2,2,3,3,3,0,3,2,2,2,3,3,2,0,3,113,2,2,3,3,3,0,3,57,0,3,2,2,0,3,2,0,2,2,3,3,3,0,3,57,2,2,3,3,2,0,3,2,3,3,
118,1,1,2,1,2,0,3,0,1,1,1,1,1,0,2,114,0,1,2,1,1,0,2,59,0,2,1,2,0,1,1,0,1,1,3,1,3,0,1,60,1,1,1,1,1,0,2,0,2,1,
117,1,1,2,2,2,0,2,0,1,1,2,1,1,0,2,113,1,1,3,2,1,0,2,55,0,2,2,1,0,1,1,0,1,1,2,2,1,0,2,56,2,1,2,2,1,0,2,1,3,2,
114,1,1,2,2,2,0,2,1,1,1,3,2,1,0,2,110,1,1,2,2,1,0,2,55,1,3,2,1,0,1,1,1,1,1,2,2,2,0,2,56,1,1,3,2,1,0,2,1,2,2,
115,1,1,2,2,2,0,2,1,1,1,2,2,2,0,2,113,1,1,3,2,1,0,2,57,1,3,2,1,0,2,1,1,1,1,2,2,2,0,2,57,1,1,2,2,1,0,2,1,2,2,
117,1,1,3,2,3,0,2,1,2,2,2,2,2,0,2,115,1,2,3,3,2,0,2,59,1,3,2,2,1,2,1,1,1,2,3,2,2,0,2,59,2,2,2,2,2,1,2,1,3,3,
119,4,4,5,4,5,0,4,4,4,4,4,4,4,0,5,116,4,4,5,4,4,0,5,57,1,5,4,4,0,4,4,4,4,4,5,4,4,0,4,58,4,4,4,5,4,0,4,4,5,5,
116,1,1,4,3,1,0,2,0,1,1,2,3,1,0,2,112,0,1,3,3,1,0,2,56,0,3,2,2,0,2,1,0,1,1,4,3,1,0,2,56,1,1,2,3,1,0,2,0,3,3,
118,1,1,13,2,2,0,3,1,1,1,13,2,1,0,2,114,1,2,13,2,1,0,2,58,0,13,1,2,0,2,1,1,1,1,13,2,2,0,3,59,1,1,13,2,2,0,2,1,14,2,
164,1,1,2,2,2,0,2,1,1,1,2,2,1,0,2,160,1,1,3,2,1,0,2,58,0,2,2,2,0,2,1,1,1,1,2,2,2,0,2,59,1,1,2,2,1,0,2,1,3,2,
119,1,1,2,2,2,0,2,1,1,1,2,2,1,0,2,115,1,1,2,2,1,0,2,56,1,2,2,1,0,2,1,1,1,1,2,2,2,0,2,57,2,1,2,2,1,0,2,1,2,2,
113,2,1,2,3,2,0,2,1,2,2,2,3,1,0,2,110,1,2,3,3,2,0,2,56,1,2,3,2,0,2,1,1,1,2,2,3,2,0,2,56,2,1,2,3,2,0,2,1,3,3,
113,1,1,2,3,2,0,2,1,1,2,2,2,1,0,2,111,1,2,3,2,2,0,2,56,1,3,3,2,0,2,1,1,1,2,2,3,2,0,2,56,2,2,2,2,1,0,2,1,3,2,
116,0,0,1,2,1,0,1,0,1,1,1,1,1,0,1,112,0,1,2,1,1,0,1,58,0,1,1,1,0,1,1,0,0,1,1,2,1,0,1,58,1,1,1,1,0,0,1,0,2,1,
117,1,1,1,2,2,0,2,0,1,1,1,2,1,0,2,113,1,1,2,2,1,0,2,56,1,2,1,1,0,2,1,0,1,1,2,2,1,0,2,56,1,1,1,2,1,0,2,1,2,2,
116,1,1,2,2,2,0,2,0,1,1,2,2,1,0,2,112,1,1,2,2,1,0,3,56,1,2,2,1,0,2,1,0,1,1,2,2,2,0,2,56,2,1,2,2,1,0,2,1,2,2,
120,1,1,2,2,2,0,3,1,2,1,2,2,2,0,3,116,1,1,2,2,1,0,3,61,1,2,2,1,0,3,1,1,1,1,2,2,2,0,3,61,2,1,2,2,1,0,3,2,2,2,
114,1,1,2,2,2,0,2,1,1,1,2,2,1,1,2,110,1,1,2,2,1,0,2,55,1,2,2,2,1,2,1,1,1,1,2,2,2,0,2,56,2,1,2,2,1,1,2,1,2,2,
136,1,1,2,2,1,0,1,1,1,1,2,2,1,0,1,132,1,1,2,2,1,0,2,78,0,2,2,1,0,2,1,0,1,1,2,2,1,0,1,78,1,1,2,2,1,0,1,1,2,2,
114,1,1,1,2,1,0,2,1,1,1,1,2,1,0,1,110,1,1,2,2,1,0,2,55,1,2,2,1,0,2,1,1,1,1,2,2,1,0,2,56,1,1,1,2,1,0,1,1,2,2,
116,1,1,1,2,1,0,1,0,1,1,1,2,1,0,1,112,1,1,2,2,0,0,2,57,0,2,2,1,0,2,1,0,1,1,2,2,1,0,1,57,1,1,2,2,0,0,1,1,2,2,
118,0,1,1,2,1,0,1,0,1,1,1,2,0,0,1,111,1,1,2,2,0,0,2,56,0,2,1,0,0,2,1,0,0,1,1,2,1,0,1,56,1,1,1,2,0,0,1,1,2,2,
118,1,1,2,2,1,0,2,1,1,1,2,2,1,0,1,114,1,1,2,2,1,0,2,56,0,3,2,1,0,2,1,1,1,1,2,2,1,0,2,59,1,1,2,2,1,0,1,1,2,2,
116,1,1,2,2,2,0,2,0,1,1,2,2,1,0,1,111,1,1,2,2,1,0,2,56,0,2,2,2,0,2,1,0,1,1,2,2,2,0,2,57,1,1,2,2,1,0,2,1,2,2,
114,1,0,1,2,1,0,1,0,0,1,1,2,0,0,1,111,0,1,2,1,0,0,2,55,0,2,1,0,0,1,0,0,1,1,1,2,1,0,1,55,1,1,1,1,0,0,1,0,2,1,
114,0,0,1,1,1,0,1,0,0,1,1,2,0,0,1,110,0,1,3,1,0,0,1,55,0,2,1,0,0,1,0,0,0,1,1,2,1,0,1,56,1,1,1,1,0,0,1,0,2,1,
119,0,1,2,2,1,0,1,0,1,1,2,2,1,0,1,115,0,1,2,1,0,0,1,59,0,2,2,1,0,2,1,0,0,1,2,2,1,0,1,60,1,1,2,1,1,0,1,0,2,1,
118,1,1,2,2,2,0,2,1,1,1,2,2,1,1,2,115,2,1,2,2,1,0,2,57,1,2,2,1,0,2,1,1,2,1,2,2,2,0,2,57,1,1,2,2,1,1,2,1,2,2,
119,1,2,2,3,2,0,2,1,2,2,2,2,1,1,2,116,2,2,3,3,1,0,2,59,1,2,3,1,1,2,1,1,1,2,2,3,2,0,2,59,2,2,2,2,1,1,2,2,3,3,
115,1,1,2,2,1,0,2,1,1,1,2,2,1,0,1,112,1,1,2,2,1,0,2,56,1,2,2,1,0,2,1,1,1,1,2,2,1,0,2,57,1,1,2,2,1,1,2,1,2,2,
118,1,2,14,2,2,0,2,1,2,2,14,3,1,1,2,114,2,2,15,2,1,1,2,59,1,14,2,1,1,2,2,1,1,2,14,3,2,0,2,60,2,2,14,2,2,1,2,2,14,2,
117,0,1,1,2,1,0,1,0,1,1,2,2,1,0,1,113,1,1,2,1,1,0,1,56,0,2,2,1,0,2,1,0,0,1,1,2,1,0,1,56,1,1,2,2,1,0,1,1,2,1,
116,0,1,1,1,1,0,1,0,1,1,1,2,0,0,1,112,1,1,1,1,0,0,1,57,0,1,1,0,0,2,1,0,0,1,1,2,1,0,1,57,1,1,1,1,1,0,1,1,2,1,
115,1,1,2,2,1,0,2,1,1,2,2,2,1,0,2,111,1,1,2,2,1,0,2,56,1,2,2,1,0,2,1,1,1,2,2,2,1,0,2,56,1,1,2,2,1,0,2,1,2,2,
117,1,1,2,2,2,0,2,1,1,1,2,2,1,0,2,113,2,2,2,2,1,0,2,59,1,2,2,1,1,2,1,1,1,2,2,2,2,0,2,59,1,2,2,2,1,0,2,1,2,2,
122,2,2,2,2,2,0,2,1,2,2,2,2,2,0,2,119,2,2,3,2,2,0,2,58,1,2,2,2,0,3,2,1,2,2,2,2,2,0,2,58,2,2,2,2,2,2,2,2,3,2,
118,0,1,1,2,2,0,2,0,1,1,2,1,0,0,1,113,1,1,1,2,0,0,2,57,0,2,2,1,0,2,1,0,0,1,1,2,2,0,2,57,1,1,1,1,0,0,1,1,2,2,
116,0,1,1,1,1,0,1,0,1,1,1,1,1,0,1,113,1,1,2,1,0,0,2,56,0,1,1,1,0,2,1,0,0,1,1,2,1,0,1,56,1,1,1,2,0,0,1,0,2,1,
136,0,1,1,2,1,0,2,0,1,1,1,2,1,0,1,132,1,1,2,1,1,0,2,59,0,2,2,1,0,2,1,0,0,1,1,2,1,0,2,59,1,1,1,1,1,0,2,1,2,1,
118,1,2,1,2,1,0,2,1,1,1,2,2,1,0,1,115,1,1,2,2,1,0,1,56,1,2,2,1,0,2,1,1,1,1,1,2,1,0,2,56,2,1,2,1,1,0,1,1,2,2,
120,1,1,2,2,2,0,2,1,1,1,3,2,1,1,2,115,2,1,3,2,1,0,4,57,1,2,2,1,0,2,1,1,1,1,2,3,2,0,2,57,1,1,3,2,1,1,2,2,3,2,
115,1,2,2,2,2,0,2,1,1,1,2,2,1,0,2,112,1,1,2,2,1,0,2,56,1,2,2,1,0,2,1,1,1,1,2,2,2,0,3,56,1,1,2,2,1,0,2,1,3,2,
116,1,3,2,2,1,0,2,1,1,2,2,2,1,0,2,113,1,2,2,2,1,0,2,58,1,2,3,1,0,2,3,1,1,2,2,2,1,0,2,58,1,2,2,2,1,0,2,1,2,2,
117,1,1,2,2,2,0,2,1,1,2,2,2,1,0,2,113,1,2,2,2,1,0,2,56,1,2,3,1,0,2,3,1,1,2,2,2,2,0,2,56,2,2,2,2,1,0,2,1,3,2,
114,1,2,2,2,2,1,2,1,1,2,2,3,1,1,2,111,1,2,2,2,1,1,2,57,1,2,2,1,0,2,2,1,1,2,2,3,2,1,2,57,1,2,2,2,1,1,2,1,3,2,
117,0,1,1,1,1,0,1,0,1,1,1,1,1,0,1,113,1,1,2,2,0,0,1,56,0,1,1,0,0,2,1,0,0,1,1,2,1,0,1,56,1,1,1,1,1,0,1,0,2,2,
118,1,1,2,2,1,0,2,1,1,1,3,2,1,0,2,111,1,1,2,2,1,0,2,56,0,3,2,1,0,2,1,1,1,1,2,2,1,0,2,56,1,1,3,2,1,0,2,1,2,2,
119,1,1,2,2,1,0,1,0,1,1,2,2,1,0,1,115,1,1,2,2,1,0,2,56,1,2,2,1,0,2,1,0,1,1,2,2,1,0,1,56,1,1,2,1,1,0,1,1,2,2,
115,1,1,2,2,2,0,1,1,1,1,2,2,1,0,1,111,1,1,2,2,1,0,2,56,1,3,2,1,0,2,1,1,1,1,2,2,2,0,1,56,1,1,2,2,1,0,1,1,2,2,
115,1,1,2,2,2,0,2,1,1,1,2,2,1,0,2,112,1,1,2,2,1,0,2,56,1,2,2,1,0,2,1,1,1,1,2,2,2,0,2,56,1,1,2,2,1,0,2,1,2,2,
119,1,1,2,2,2,0,2,1,1,1,2,3,1,0,2,115,1,2,2,2,1,1,2,57,1,3,2,1,0,2,1,1,1,2,2,2,2,1,2,57,1,2,2,2,1,0,2,1,3,2,
118,0,1,1,2,1,0,1,0,0,1,1,2,0,0,1,115,0,1,2,1,0,0,1,59,0,2,1,0,0,2,1,0,0,1,1,2,1,0,1,59,0,1,1,1,0,0,1,0,2,1,
119,1,1,2,3,2,0,2,1,1,2,2,3,2,1,2,114,1,2,2,3,1,0,2,58,1,3,2,2,0,2,1,1,1,2,2,3,2,0,2,58,2,2,2,2,2,1,2,1,3,3,
116,1,1,2,2,1,0,1,0,1,1,2,2,1,0,1,112,1,1,2,2,1,0,1,56,0,2,1,1,0,2,1,0,1,1,2,2,1,0,1,56,1,1,2,2,1,0,1,1,2,2,
114,1,1,2,2,1,0,1,1,1,1,2,2,1,0,1,110,1,1,2,2,1,0,2,55,1,2,2,1,0,2,1,1,1,1,2,2,1,0,2,55,1,1,2,2,1,0,1,1,2,2,
120,3,3,3,3,3,0,3,3,3,3,3,3,3,0,3,116,3,3,3,3,3,0,3,61,0,3,3,3,0,3,3,3,3,3,3,3,3,0,3,61,3,3,3,3,3,0,3,3,3,3,
120,1,2,2,2,2,0,2,1,1,2,2,2,1,0,2,116,1,2,2,2,1,0,2,58,1,3,2,1,0,2,2,1,1,2,2,2,2,0,2,58,1,2,2,2,1,0,2,1,3,2,
114,0,1,1,2,1,0,1,0,1,1,1,2,1,0,1,111,0,1,2,1,0,0,1,55,0,2,1,1,0,1,1,0,0,1,1,2,1,0,1,55,1,1,1,1,1,0,1,0,2,1,
116,0,1,1,2,1,0,1,1,0,1,1,2,1,0,1,112,0,1,2,1,0,0,1,56,0,2,1,1,0,2,1,0,0,1,1,2,1,0,1,56,1,1,1,1,1,0,1,0,2,1,
119,1,1,2,2,1,0,1,1,1,1,1,2,1,0,1,115,1,1,2,1,1,0,1,62,0,2,1,1,0,2,1,1,1,1,2,2,1,0,1,62,1,1,1,2,1,0,1,0,2,1,
122,1,1,2,2,2,0,2,1,1,1,2,2,1,0,1,119,1,1,2,1,1,0,2,60,0,2,1,1,0,2,1,1,1,1,1,2,2,0,2,60,1,1,2,2,2,0,1,1,2,1,
117,1,1,2,2,1,0,2,1,1,3,2,2,1,0,2,113,1,2,2,2,1,0,2,57,0,2,2,1,0,3,1,1,2,1,2,2,1,0,2,57,2,1,2,2,2,0,2,1,2,2,
117,1,2,2,2,1,0,2,1,2,2,2,2,1,0,2,113,1,2,2,2,1,0,2,57,1,3,2,1,0,2,2,1,1,2,2,2,1,0,2,57,2,2,2,2,1,0,2,1,3,2,
120,2,2,2,3,2,0,2,1,2,2,2,3,2,0,2,117,2,2,3,2,2,0,2,61,1,3,2,2,1,3,2,1,2,2,2,3,2,0,2,61,2,2,2,2,2,1,2,2,3,2,
120,0,1,1,2,1,0,1,1,1,1,1,2,1,0,1,117,0,1,2,1,1,0,1,57,0,2,1,1,0,2,1,1,0,1,1,2,1,0,1,57,1,1,1,2,1,0,1,0,2,1,
118,0,1,1,2,1,0,1,1,1,1,1,2,1,0,1,114,1,1,2,2,1,0,2,58,0,2,2,1,0,2,1,1,0,1,2,2,1,0,1,58,1,1,1,2,1,0,1,1,2,2,
117,1,1,2,2,1,0,1,1,1,1,2,2,1,0,1,113,1,1,2,2,1,0,2,57,0,2,2,1,0,2,1,1,1,1,2,2,1,0,1,57,1,1,2,2,1,0,1,1,2,2,
117,0,1,2,2,1,0,1,1,1,1,2,2,1,0,1,114,1,1,2,2,1,0,2,58,0,5,2,1,0,2,1,1,0,1,2,2,1,0,2,58,1,1,2,1,1,0,2,1,5,2,
117,1,1,2,2,1,0,2,1,1,1,2,2,1,0,1,113,1,1,2,2,1,0,2,55,1,3,2,1,0,2,1,1,1,1,2,2,1,0,2,55,1,1,2,2,1,0,2,1,2,2,
115,1,2,2,3,2,0,2,1,2,2,2,2,1,0,2,111,2,2,2,2,1,0,2,56,1,3,2,2,1,3,2,1,1,2,2,2,2,0,2,56,2,2,2,2,2,0,2,1,3,2,
116,0,1,1,1,1,0,1,0,0,1,1,1,0,0,1,112,0,1,1,1,0,0,1,57,0,2,1,0,0,1,1,0,0,1,1,1,1,0,1,57,1,1,1,1,1,0,1,0,1,1,
117,0,1,1,2,1,0,1,0,1,1,1,2,1,0,1,113,0,1,2,1,1,0,1,58,0,2,1,0,0,2,1,0,0,1,1,2,1,0,1,58,1,1,1,1,1,0,1,0,2,1,
118,0,1,1,2,1,0,1,1,1,1,1,2,1,0,1,115,1,1,2,2,1,0,2,56,0,2,1,1,0,2,1,0,0,1,1,2,1,0,2,56,1,1,1,2,1,0,1,0,2,2,
114,0,1,2,2,1,0,1,1,1,1,1,2,1,0,1,110,1,1,2,2,1,0,1,55,0,2,2,1,0,2,1,1,0,1,2,2,1,0,1,55,1,1,1,2,1,0,1,1,2,2,
115,2,1,2,2,2,0,2,1,1,1,2,2,1,0,1,111,1,2,3,2,1,0,4,55,0,3,2,1,0,2,1,1,2,1,2,2,2,0,2,56,1,2,2,2,1,0,2,1,3,2,
118,0,5,1,1,1,0,2,1,1,5,1,1,0,0,2,112,0,5,1,1,0,0,2,56,0,1,1,0,0,2,4,1,0,5,1,1,1,0,2,56,1,5,1,1,0,0,2,0,1,1,
119,2,2,2,3,2,0,2,1,2,2,2,2,1,1,2,116,1,1,3,2,1,0,2,58,1,3,2,2,1,2,1,1,1,2,2,3,2,0,2,58,2,1,2,2,2,1,2,1,3,2,
115,2,2,2,2,2,0,2,1,2,2,2,2,1,0,2,112,1,2,3,2,1,0,2,57,1,3,2,1,0,2,2,1,1,2,2,2,2,0,2,57,2,2,2,2,1,0,2,1,3,2,
