168,5,5,7,7,5,0,6,2,4,4,7,7,5,1,6,155,4,5,7,8,4,1,6,76,4,7,7,5,2,6,5,2,5,4,7,7,5,0,6,76,4,5,7,7,4,1,6,4,7,8,
162,5,4,7,8,6,0,5,2,4,4,8,7,5,1,5,152,4,4,7,8,5,0,5,76,4,8,7,6,1,5,4,2,5,4,7,8,6,0,5,76,4,4,8,7,5,1,5,4,7,8,
167,4,4,6,7,5,0,5,1,4,3,6,6,4,1,4,156,4,4,6,7,4,0,5,78,4,6,7,5,1,5,4,1,4,3,6,7,5,0,5,78,4,4,6,6,4,1,4,4,6,7,
165,14,4,7,8,6,0,6,2,14,4,8,8,5,1,5,156,14,5,7,8,5,1,6,80,14,8,8,6,2,6,4,2,14,4,7,8,6,1,6,80,14,5,8,8,5,1,5,14,7,8,
162,4,4,7,8,6,0,5,2,4,4,7,7,5,2,5,152,4,4,7,8,5,0,6,76,4,7,8,5,2,5,4,2,4,4,7,8,6,0,5,75,4,4,7,7,5,2,5,4,7,8,
163,4,4,7,7,5,0,5,1,4,4,7,7,4,0,5,153,4,4,7,8,4,0,5,76,4,7,7,5,1,5,4,1,4,4,7,7,5,0,5,76,4,4,7,7,4,0,5,4,7,8,
159,4,4,7,7,5,0,5,2,5,4,7,7,4,1,5,150,4,4,7,8,4,0,6,76,4,7,7,5,1,5,4,2,4,4,7,7,5,0,5,76,5,4,7,7,4,1,5,4,7,8,
160,5,4,7,8,6,0,5,2,5,4,7,7,5,2,5,151,5,4,7,8,5,0,6,76,4,7,8,6,2,5,4,2,5,4,7,8,6,0,5,76,5,4,7,7,5,1,5,5,7,8,
163,5,4,7,8,6,0,6,2,5,4,7,7,5,2,6,153,5,5,7,8,5,1,6,79,5,8,8,5,2,6,4,2,5,4,7,8,6,0,6,79,5,5,7,7,5,2,5,5,7,8,
163,4,4,8,7,5,0,5,1,4,3,8,6,4,1,4,152,4,4,8,7,4,0,5,76,4,9,7,5,1,5,4,1,4,3,8,7,5,0,5,76,4,4,8,6,4,1,4,4,8,7,
162,4,4,7,7,5,0,5,1,4,3,7,7,4,1,5,149,4,4,7,8,4,0,5,76,4,7,7,5,1,5,4,1,4,3,7,7,5,0,5,76,4,4,7,7,4,0,4,4,7,8,
161,4,4,6,8,5,0,5,1,4,3,6,7,4,1,5,150,4,4,6,8,4,0,5,77,4,6,8,5,1,5,4,1,4,3,6,8,5,0,5,77,4,4,6,7,4,1,5,4,6,8,
177,4,5,13,10,8,0,6,2,5,5,13,10,7,1,6,168,4,5,13,10,7,0,6,83,4,13,10,8,1,6,5,2,4,5,13,10,8,0,6,95,4,5,13,10,7,1,6,4,13,10,
160,5,4,7,8,6,0,5,2,5,4,7,7,5,1,5,151,5,4,7,8,5,0,6,78,4,8,7,6,2,5,4,2,5,4,7,8,6,0,5,78,5,4,7,7,5,1,5,5,7,8,
160,4,3,6,7,5,0,5,1,4,3,7,7,4,1,4,150,4,4,6,7,4,0,5,74,4,7,7,5,1,5,3,1,4,3,6,7,5,0,5,74,4,4,7,7,4,0,4,4,6,7,
160,4,4,6,7,5,0,5,1,4,3,6,6,4,1,4,150,4,4,6,7,4,0,5,77,4,6,6,5,1,5,3,1,4,3,6,7,5,0,5,76,4,4,6,6,4,1,4,4,6,7,
163,4,3,7,7,5,0,5,1,4,3,7,7,4,1,4,150,4,4,6,7,4,0,5,76,4,7,7,5,1,5,3,1,4,3,7,7,5,0,5,76,4,4,7,7,4,1,4,4,6,7,
161,5,4,6,7,5,0,5,1,5,3,6,6,4,1,5,151,5,4,6,7,4,0,5,78,5,6,6,5,1,6,4,1,5,3,6,7,5,0,5,78,5,4,6,6,4,1,5,5,6,7,
161,4,4,7,8,6,0,5,1,4,4,7,7,5,1,5,151,4,4,7,8,5,0,5,75,4,7,7,5,1,5,4,1,4,4,7,8,6,0,5,75,4,4,7,7,5,1,5,4,7,8,
160,5,4,7,8,5,0,5,2,5,4,7,7,5,1,5,151,5,4,7,8,4,0,6,76,4,7,8,5,2,5,4,2,5,4,7,8,5,0,5,76,5,4,7,7,5,1,5,5,7,8,
160,5,4,7,8,6,0,5,2,5,4,8,7,5,2,5,150,5,4,7,8,5,0,6,76,5,8,8,6,2,5,4,2,5,4,7,8,6,0,5,76,5,4,8,7,5,1,5,5,7,8,
165,7,3,7,7,7,0,7,1,7,3,7,7,7,1,7,155,7,4,7,8,7,0,7,78,7,7,7,7,1,7,3,1,7,3,7,7,7,0,7,78,7,4,7,7,7,1,7,7,7,8,
163,4,3,7,7,5,0,5,1,4,3,7,7,4,1,4,153,4,4,7,7,4,0,5,79,4,7,7,5,1,5,3,1,4,3,7,7,5,0,5,79,4,4,7,7,4,1,4,4,7,7,
164,4,4,6,7,5,0,5,1,4,3,7,7,4,1,5,154,4,4,6,7,4,0,5,77,4,7,7,5,1,5,4,1,4,3,6,7,5,0,5,77,4,4,7,7,4,1,5,4,6,7,
159,4,4,7,7,5,0,5,1,4,4,7,7,5,1,5,150,4,4,7,8,4,0,5,76,4,7,7,5,1,5,4,1,4,4,7,7,5,0,5,75,4,4,7,7,5,1,5,4,7,8,
160,5,4,7,8,6,0,5,2,5,4,7,7,5,2,5,150,5,5,7,8,5,0,6,76,5,8,8,6,2,6,4,2,5,4,7,8,6,0,5,75,5,5,7,8,5,2,5,5,7,8,
165,5,4,7,8,6,0,5,2,5,4,7,7,5,2,5,155,5,4,7,8,5,0,6,78,5,8,8,6,2,5,4,2,5,4,7,8,6,0,5,78,5,4,7,7,5,2,5,5,7,8,
183,4,4,6,7,5,0,5,1,4,3,6,7,4,1,5,173,4,4,6,7,4,0,5,80,4,7,7,5,1,5,4,1,4,3,6,7,5,0,5,80,4,4,6,7,4,1,4,4,6,7,
163,4,4,6,7,5,0,5,1,4,3,7,6,4,1,5,153,4,4,6,7,4,0,5,76,4,7,7,5,1,5,4,1,4,3,6,7,5,0,5,76,4,4,7,6,4,1,5,4,6,7,
160,4,4,7,7,5,0,5,1,4,4,7,7,4,1,4,150,4,4,7,8,4,0,5,76,4,7,7,5,1,5,4,1,4,4,7,7,5,0,5,76,4,4,7,7,4,1,4,4,7,8,
159,5,4,16,16,14,0,5,2,5,4,16,16,13,1,5,149,4,4,15,16,13,0,6,76,4,16,16,14,1,5,4,2,5,4,16,16,14,0,5,76,5,4,16,16,13,1,5,5,15,16,
165,5,4,7,8,6,0,5,2,5,4,7,7,5,1,5,156,5,4,7,8,5,0,6,82,4,7,7,6,2,5,4,2,5,4,7,8,6,0,5,82,5,4,7,7,5,1,5,4,7,8,
162,4,4,7,8,5,0,5,1,4,4,7,7,5,1,5,151,4,4,7,8,4,0,5,75,4,7,7,5,1,5,4,1,4,4,7,7,5,0,5,75,4,4,7,7,5,1,5,4,7,8,
160,5,4,7,8,6,1,6,2,5,4,8,8,5,1,5,150,5,5,7,8,5,1,6,76,5,8,8,6,2,5,4,2,5,4,7,8,6,0,5,76,5,5,8,7,5,1,5,5,7,8,
160,4,4,6,9,5,0,5,1,4,3,6,9,4,1,4,149,4,4,6,9,4,0,5,75,4,6,9,5,1,5,4,1,4,3,6,9,5,0,5,75,4,4,6,9,4,1,4,4,6,9,
163,4,4,7,7,5,0,5,1,4,4,7,7,5,1,5,152,4,4,7,8,4,0,5,79,4,7,7,5,1,5,4,1,4,4,7,7,5,0,5,79,4,4,7,7,5,1,5,4,7,8,
166,5,4,7,8,6,0,5,2,5,4,7,7,5,1,5,157,5,4,7,8,5,0,6,82,5,7,8,6,2,5,4,2,5,4,7,8,6,0,5,82,5,4,7,7,5,1,5,5,7,8,
163,4,4,7,7,5,0,5,2,5,4,7,7,5,1,5,154,5,4,7,8,4,0,5,76,4,7,7,5,1,5,4,2,4,4,7,7,5,0,5,76,4,4,7,7,5,1,5,5,7,8,
161,5,4,8,8,6,0,5,2,5,4,8,7,5,1,5,152,5,4,7,8,5,0,6,77,5,8,8,6,2,5,4,2,5,4,7,8,6,0,5,77,5,4,8,7,5,1,5,5,7,8,
166,4,3,7,7,5,0,15,1,4,3,7,7,4,1,15,156,5,4,7,8,4,0,15,77,4,7,7,5,1,15,3,1,4,3,7,7,5,0,15,77,4,4,7,7,4,1,15,4,7,8,
165,7,4,7,7,5,0,5,1,7,3,7,7,4,1,5,155,7,4,7,7,4,0,5,81,7,7,7,5,1,5,4,1,7,3,7,7,5,0,5,81,7,4,7,7,4,1,5,7,7,7,
164,4,4,7,7,5,0,5,2,4,4,7,7,4,1,5,154,4,4,7,8,4,0,5,76,4,7,7,5,1,5,4,2,4,4,7,7,5,0,5,76,4,4,7,7,4,1,5,4,7,8,
186,5,4,7,8,6,0,6,2,5,4,7,7,5,1,6,177,5,5,7,8,5,0,6,77,5,7,9,5,1,6,4,2,5,4,7,8,6,0,6,77,5,5,7,7,5,1,6,5,7,8,
163,5,4,7,8,6,0,5,2,5,4,7,7,5,2,5,154,5,5,7,8,5,0,6,79,5,7,8,6,2,6,4,2,5,4,7,8,6,0,5,80,5,5,7,7,5,2,5,5,7,8,
176,5,4,9,9,6,0,5,2,5,4,9,9,5,2,5,167,5,5,9,9,5,0,6,80,5,9,9,6,2,6,4,2,5,4,9,9,6,0,5,80,5,5,9,9,5,2,5,5,9,9,
168,4,4,7,7,5,0,5,1,4,3,7,7,4,0,4,158,4,4,7,7,4,0,5,80,4,7,7,5,1,5,4,1,4,3,7,7,5,0,5,80,4,4,7,7,4,0,4,4,7,7,
165,4,4,7,7,5,0,5,1,4,4,7,7,4,1,5,155,4,4,7,8,4,0,5,77,4,7,7,5,1,5,4,1,4,4,7,7,5,0,5,77,4,4,7,7,4,1,5,4,7,8,
162,5,4,7,8,5,0,5,2,5,4,7,7,5,1,5,153,5,4,7,8,4,0,5,78,4,7,7,5,1,5,4,2,4,4,7,7,5,0,5,78,5,4,7,7,5,1,5,5,7,8,
164,4,3,7,7,5,0,5,1,4,3,7,7,4,1,5,152,4,4,7,7,4,0,5,77,4,7,7,5,1,5,4,1,4,3,7,7,5,0,4,77,4,4,7,7,4,1,4,4,7,7,
165,5,4,7,8,6,0,5,2,5,4,7,7,5,1,5,156,5,4,7,8,5,0,6,80,5,8,8,5,1,5,4,2,5,4,7,8,6,0,5,80,5,4,7,7,5,1,5,5,7,8,
166,5,4,7,8,6,0,5,2,5,4,8,7,5,1,5,157,5,5,7,8,5,1,6,77,5,8,8,6,2,5,4,2,5,4,7,8,6,0,5,77,5,5,8,7,5,1,5,5,7,8,
162,4,4,6,7,5,0,5,1,4,3,6,6,4,1,5,152,4,4,6,7,4,0,5,78,4,6,7,5,1,5,4,1,4,3,6,7,5,0,5,78,4,4,6,7,4,1,5,4,6,7,
163,4,3,7,7,5,0,5,1,4,3,7,7,4,1,4,152,4,4,7,7,4,0,5,77,4,7,7,5,1,5,3,1,4,3,7,7,5,0,5,77,4,4,7,7,4,1,4,4,7,7,
164,4,4,8,8,8,0,5,2,4,4,8,8,5,1,5,155,5,4,8,8,5,0,8,81,4,8,8,8,1,5,4,2,4,4,8,8,8,0,5,81,4,4,8,8,5,1,5,4,8,8,
164,4,4,7,8,6,0,5,2,4,4,7,7,4,1,5,155,4,4,7,8,4,0,5,80,4,7,8,6,1,5,4,2,4,4,7,8,6,0,5,80,4,4,7,8,4,1,5,4,7,8,
167,5,4,7,8,6,0,6,2,5,4,7,7,5,1,5,158,5,4,7,8,5,0,6,81,5,7,8,6,2,5,4,2,5,4,7,8,6,0,5,81,5,4,7,7,5,1,5,5,7,8,
161,5,4,7,8,6,0,5,2,5,4,7,7,5,1,5,152,5,4,7,8,5,0,6,77,5,7,8,6,2,5,4,2,5,4,7,8,6,0,5,76,5,4,7,7,5,1,5,5,7,8,
162,4,4,6,7,5,0,5,1,4,3,6,6,4,1,5,151,4,4,6,7,4,0,5,76,4,6,7,4,1,5,4,1,4,3,6,7,5,0,5,76,4,4,6,6,4,1,5,4,6,7,
177,4,4,7,7,5,0,5,1,4,4,7,7,4,1,5,167,4,4,7,7,4,0,5,91,4,7,7,5,1,5,4,1,4,4,7,7,5,0,5,91,4,4,7,7,4,1,5,4,7,7,
163,4,4,7,8,6,0,5,3,4,4,7,7,5,1,5,154,5,4,7,8,5,0,6,76,4,7,7,5,1,5,4,3,4,4,7,8,6,0,5,76,4,4,7,7,5,1,5,5,7,8,
165,4,4,8,8,8,0,5,2,4,4,8,8,6,1,5,156,4,4,8,8,5,0,5,79,4,8,8,8,1,5,4,2,4,4,8,8,8,0,5,79,4,4,8,8,6,1,5,4,8,8,
162,5,4,7,8,6,0,5,2,5,4,7,7,5,1,5,153,5,4,7,8,5,0,6,77,5,8,8,5,2,5,4,2,5,4,7,8,6,0,5,77,5,4,7,7,5,1,5,5,7,8,
164,5,8,7,8,6,0,9,5,5,8,7,7,5,4,8,155,5,8,7,8,5,1,9,80,5,8,8,6,4,9,8,5,5,8,7,8,6,0,8,80,5,8,7,7,5,4,8,5,7,8,
173,4,3,7,7,5,0,5,1,4,4,7,7,4,1,4,163,4,4,7,8,4,0,5,81,4,7,7,5,1,5,4,1,4,3,7,7,5,0,5,81,4,4,7,7,4,1,4,4,7,8,
170,5,4,7,8,6,0,5,2,5,4,7,8,5,2,5,157,5,4,7,8,5,0,6,78,5,8,8,6,2,5,4,2,5,4,7,8,6,0,5,78,5,4,7,7,5,1,5,5,7,8,
160,4,4,6,7,5,0,5,1,4,4,6,7,4,1,5,151,5,4,6,7,4,0,5,76,4,7,7,5,1,5,4,1,4,3,6,7,5,0,5,76,4,4,6,7,4,1,5,4,6,7,
159,4,4,7,7,6,0,5,1,4,4,7,7,5,1,5,150,5,4,7,8,5,0,5,76,4,7,7,5,1,5,4,1,4,4,7,7,6,0,5,76,4,4,7,7,5,1,5,4,7,7,
164,4,4,13,11,8,0,5,2,5,4,13,10,8,1,5,155,5,4,13,11,7,0,6,80,4,13,10,8,2,5,4,2,5,4,13,11,8,0,5,80,5,4,13,10,8,1,5,5,13,11,
163,5,4,7,8,6,0,5,2,5,4,7,7,5,2,5,154,5,5,7,8,5,0,6,76,5,7,7,5,2,6,4,2,5,4,7,8,6,0,5,76,5,5,7,7,5,2,5,5,7,8,
165,5,4,8,8,6,0,6,2,5,4,8,8,5,1,5,156,5,5,7,8,5,1,6,76,5,8,8,6,2,6,4,2,5,4,8,8,6,0,5,76,5,5,8,8,5,1,5,5,7,8,
161,4,4,7,7,5,0,5,1,4,4,7,7,4,1,5,151,4,4,6,7,4,0,5,76,4,7,7,5,2,5,4,1,4,4,7,7,5,0,5,76,4,4,7,7,4,1,5,4,6,7,
163,4,4,7,7,5,0,5,1,4,3,7,7,4,1,5,151,4,4,7,7,4,0,5,77,4,7,7,5,1,5,4,1,4,3,7,7,5,0,5,76,4,4,7,7,4,1,5,4,7,7,
165,7,4,7,8,6,0,5,2,7,4,7,7,5,1,5,156,8,4,7,8,5,0,6,80,7,7,7,5,1,5,4,2,7,4,7,8,6,0,5,80,7,4,7,7,5,1,5,7,7,8,
180,5,4,7,8,6,0,5,2,5,4,7,8,5,1,5,170,5,4,7,8,5,1,6,93,5,7,8,6,2,5,4,2,5,4,7,8,6,0,5,92,5,4,7,7,5,1,5,5,7,8,
166,5,4,7,8,6,0,5,2,5,4,8,8,5,1,5,155,5,5,7,8,5,1,6,78,5,8,8,6,2,6,4,2,5,4,7,8,6,0,5,77,5,5,8,8,5,1,5,5,7,8,
163,5,4,7,9,6,0,5,2,5,4,7,9,5,1,5,154,5,5,7,9,4,1,6,77,5,7,9,5,2,6,4,2,5,4,7,9,6,0,5,77,5,5,7,9,5,1,5,5,7,9,
164,4,4,12,10,8,0,5,1,4,3,12,9,7,1,5,154,4,4,12,10,7,0,5,78,4,12,9,7,1,5,4,1,4,3,12,10,8,0,5,78,4,4,12,9,7,1,5,4,12,10,
163,4,4,7,7,5,0,5,1,4,4,7,7,4,1,5,154,4,4,7,7,4,0,5,78,4,7,7,5,1,5,4,1,4,4,7,7,5,0,5,78,4,4,7,7,4,1,5,4,7,7,
164,4,4,7,7,5,0,5,1,4,3,7,7,4,1,5,153,4,4,7,7,4,0,5,75,4,7,7,5,1,5,4,1,4,3,7,7,5,0,5,75,4,4,7,7,4,1,5,4,7,7,
164,4,4,7,8,6,0,5,2,4,4,7,7,5,1,5,155,5,4,7,8,5,0,6,80,4,7,7,5,1,5,4,2,4,4,7,8,6,0,5,79,4,4,7,7,5,1,5,5,7,8,
164,4,4,7,8,6,0,5,1,4,3,7,7,5,1,5,152,5,4,7,8,5,0,6,76,4,7,7,5,1,5,4,1,4,3,7,8,6,0,5,76,4,4,7,7,5,1,5,5,7,8,
163,6,4,7,7,5,0,4,1,6,3,7,7,4,0,4,153,6,4,6,7,4,0,5,78,6,7,7,5,1,5,4,1,6,3,7,7,5,0,4,78,6,4,7,7,4,0,4,6,6,7,
163,4,4,7,7,5,0,5,1,4,3,7,7,4,1,5,153,4,4,7,7,4,0,5,76,4,7,7,5,1,5,4,1,4,3,7,7,5,0,5,75,4,4,7,7,4,1,5,4,7,7,
161,4,4,7,7,5,0,5,1,4,4,7,7,5,1,5,152,4,4,7,8,4,0,5,78,4,7,7,5,1,5,4,1,4,4,7,7,5,0,5,78,4,4,7,7,5,1,5,4,7,8,
162,5,5,7,7,5,0,15,2,5,5,7,7,4,1,15,153,5,5,7,8,4,0,16,78,5,8,7,5,1,15,5,2,5,5,7,7,5,0,15,77,5,5,7,7,4,1,15,5,7,8,
164,4,4,10,7,5,0,5,2,4,4,9,7,5,1,5,155,4,4,9,8,5,0,5,80,4,10,7,5,1,5,4,2,4,4,10,7,5,0,5,80,4,4,9,7,5,0,5,4,9,8,
163,5,4,8,8,7,0,7,2,7,4,8,8,7,2,7,154,5,4,7,8,5,0,7,79,5,8,8,7,2,7,4,2,5,4,8,8,7,0,7,79,7,4,8,8,7,2,7,5,8,8,
164,4,3,7,7,5,0,5,1,4,3,7,7,4,1,4,154,4,4,7,7,4,0,5,76,4,7,7,5,1,5,4,1,4,3,7,7,5,0,4,76,4,4,7,7,4,1,4,4,7,7,
186,4,3,7,7,5,0,5,1,4,3,7,7,4,1,4,174,4,4,7,7,4,0,5,98,4,7,7,5,1,5,3,1,4,3,7,7,5,0,5,97,4,4,7,7,4,1,4,4,7,7,
161,5,4,8,8,5,0,5,2,5,4,8,7,5,2,5,151,5,4,8,8,5,1,6,76,5,9,8,5,2,6,4,2,5,4,8,8,5,0,5,75,5,4,8,7,5,2,5,5,8,8,
165,5,4,7,7,5,0,5,2,4,4,7,7,4,2,5,156,5,4,7,8,4,0,5,80,5,8,7,5,2,5,4,2,4,4,7,7,5,0,5,80,4,4,8,7,4,2,5,5,7,8,
166,5,5,7,7,5,0,5,2,5,4,7,7,5,1,5,157,5,5,7,8,4,0,6,79,5,8,7,5,1,6,5,2,5,4,7,7,5,0,5,79,5,5,7,7,5,1,5,5,7,8,
163,6,6,9,9,9,0,9,3,6,5,9,9,6,3,9,152,6,6,9,11,9,1,9,79,6,9,9,9,3,9,5,3,6,5,9,9,9,0,9,79,6,6,9,9,6,3,9,5,9,11,
168,5,4,7,8,6,0,5,2,4,4,8,7,5,2,5,158,4,4,7,8,5,1,5,78,4,8,7,5,2,5,4,2,5,4,7,8,6,0,5,78,4,4,8,7,5,2,5,4,7,8,
166,6,11,7,7,6,1,9,2,6,11,7,7,6,1,8,155,6,11,7,7,6,1,9,81,6,8,7,6,2,9,11,2,6,11,7,7,6,0,9,80,6,11,7,7,6,1,8,6,7,7,
164,4,4,7,8,6,0,5,2,4,4,8,7,5,1,5,154,4,4,7,8,6,0,6,80,4,8,8,6,2,5,4,2,4,4,7,8,6,0,5,80,4,4,8,7,5,1,5,4,7,8,
163,4,4,7,8,5,0,5,2,4,4,7,7,5,1,5,154,4,4,7,7,4,0,5,76,4,8,8,5,1,5,4,1,4,4,7,7,5,0,5,76,4,4,7,7,5,1,5,4,7,7,
159,4,4,7,8,6,0,5,1,4,4,8,7,5,1,5,150,4,4,7,8,5,0,6,76,4,8,8,5,1,5,4,1,4,4,7,7,5,0,5,76,4,4,8,7,5,1,5,4,7,8,
161,5,4,8,8,6,0,5,2,5,4,8,7,5,1,5,152,5,4,8,8,5,1,6,76,5,8,8,6,1,6,4,2,5,4,8,8,6,1,5,76,5,4,8,7,5,1,5,5,8,8,
163,4,3,7,7,5,0,5,1,4,3,7,7,4,0,4,153,4,4,7,7,4,0,5,79,4,7,7,5,1,5,3,1,4,3,7,7,5,0,5,79,4,4,7,7,4,0,4,4,7,7,
162,5,5,7,8,5,0,6,3,5,5,8,7,5,2,6,154,5,5,7,8,5,0,7,77,5,8,8,5,2,6,5,3,5,5,7,8,5,0,6,77,5,5,8,7,5,2,6,5,7,8,
163,4,4,7,8,5,0,5,1,4,4,7,7,4,1,5,153,4,4,7,8,5,0,5,77,4,8,7,5,1,5,4,1,4,4,7,8,5,0,5,76,4,4,7,7,5,1,5,4,7,8,
160,4,4,7,8,5,0,5,1,4,3,7,7,5,1,5,151,4,4,7,8,4,0,5,77,4,8,7,5,1,5,4,1,4,3,7,7,5,0,5,77,4,4,7,7,5,1,5,4,7,8,
186,4,4,7,8,5,0,5,2,4,4,7,7,4,1,5,177,4,4,7,8,4,0,6,103,4,8,8,5,1,5,4,2,4,4,7,8,5,0,5,103,4,4,7,7,5,1,5,4,7,8,
164,4,4,7,8,5,0,5,2,4,4,8,7,5,1,5,155,4,4,7,8,4,0,5,80,4,8,8,5,1,5,4,2,4,4,7,8,5,0,5,80,4,4,8,7,5,1,5,4,7,8,
163,5,4,8,8,6,0,5,2,5,4,8,8,5,1,5,154,5,4,7,8,5,0,6,77,5,8,8,6,2,5,4,2,5,4,8,8,6,0,5,77,5,4,8,8,5,1,5,5,7,8,
161,4,3,7,7,5,0,5,1,4,3,7,7,4,0,5,150,4,4,7,7,4,0,5,76,4,7,7,5,1,5,3,1,4,3,7,7,5,0,5,76,4,4,7,7,4,0,5,4,7,7,
161,5,4,8,8,6,0,16,2,5,4,8,8,5,1,15,152,5,5,8,8,5,1,16,78,5,8,8,6,1,16,4,2,5,4,8,8,6,0,16,78,5,5,8,8,5,1,15,5,8,8,
164,4,3,7,7,5,0,5,1,4,3,7,7,4,0,4,152,4,4,7,8,4,0,5,78,4,7,7,5,1,5,3,1,4,3,7,7,5,0,5,78,4,4,7,7,4,0,4,4,7,8,
163,4,4,7,7,5,0,5,1,4,4,8,7,5,1,5,154,4,4,7,8,4,0,6,77,4,8,8,6,1,5,4,1,4,4,7,7,5,0,5,77,4,4,8,7,5,1,5,4,7,8,
163,5,4,7,8,5,0,5,2,4,4,8,7,5,1,5,154,4,4,7,8,5,0,6,76,4,8,8,6,1,5,4,2,5,4,7,8,5,0,5,76,4,4,8,7,5,1,5,4,7,8,
161,15,4,7,7,5,0,5,1,14,4,7,7,5,1,5,151,14,4,7,8,5,0,5,76,14,8,8,5,1,5,4,1,15,4,7,7,5,0,5,76,14,4,7,7,5,1,5,14,7,8,
160,4,3,7,7,5,0,5,1,4,3,7,7,4,0,4,150,4,4,7,7,4,0,5,75,4,7,7,5,1,5,3,1,4,3,7,7,5,0,5,75,4,4,7,7,4,0,4,4,7,7,
162,4,3,7,7,5,0,4,1,4,3,7,7,4,0,4,152,4,4,7,7,4,0,5,78,4,7,7,5,0,5,3,1,4,3,7,7,5,0,4,78,4,4,7,7,4,0,4,4,7,7,
164,4,4,7,8,5,0,5,1,4,4,7,7,4,1,5,154,4,4,7,8,4,0,5,76,4,8,8,5,1,5,4,1,4,4,7,8,5,0,5,76,4,4,7,7,4,1,5,4,7,8,
162,4,4,7,7,5,0,5,1,4,4,7,7,5,1,5,153,4,4,7,7,5,0,5,78,4,8,7,5,1,5,4,1,4,4,7,7,5,0,5,78,4,4,7,7,5,1,5,4,7,7,
161,5,4,8,8,6,0,5,2,5,4,8,7,5,1,5,151,4,4,7,8,5,0,6,76,5,8,8,6,1,6,4,2,5,4,8,8,6,0,5,77,5,4,8,7,5,1,5,5,7,8,
165,5,5,7,7,5,0,6,2,5,5,7,7,5,1,6,156,5,5,7,7,5,0,6,80,5,8,7,5,1,6,5,2,5,5,7,7,5,0,6,80,5,5,7,7,5,1,6,5,7,7,
184,4,3,7,7,5,0,4,1,4,3,7,7,4,0,4,174,4,3,7,7,4,0,5,100,4,7,7,5,1,4,3,1,4,3,7,7,5,0,4,100,4,3,7,7,4,0,4,4,7,7,
165,5,5,7,8,6,0,6,3,5,5,8,7,5,1,6,155,5,5,7,8,5,0,7,77,5,8,8,6,1,6,5,3,5,5,7,8,6,0,6,77,5,5,8,7,5,2,6,5,7,8,
182,4,3,6,7,5,0,4,1,4,3,7,7,4,1,4,149,4,3,7,7,4,0,5,75,4,7,7,5,1,5,3,1,4,3,6,7,5,0,4,74,4,3,7,7,4,1,4,4,7,7,
162,3,5,5,5,3,0,6,3,3,5,5,5,3,0,6,151,3,5,5,5,3,0,7,77,3,5,5,3,0,6,5,3,3,5,5,5,3,0,6,77,3,5,5,5,2,0,6,3,5,5,
164,4,4,7,7,5,0,6,2,4,4,7,7,4,1,5,155,4,4,7,7,4,0,6,80,4,7,7,5,1,6,4,2,4,4,7,7,5,0,6,80,4,4,7,7,4,1,5,4,7,7,
164,5,5,7,7,5,0,6,2,4,5,7,7,4,1,6,155,5,5,7,7,4,0,6,78,5,7,7,5,1,6,5,2,4,5,7,7,5,0,6,78,4,5,7,7,4,1,6,5,7,7,
160,5,5,7,8,5,0,6,2,5,5,7,7,5,1,6,151,5,5,7,8,5,0,6,77,5,8,8,5,1,6,5,2,5,5,7,8,6,0,6,77,5,5,7,7,5,1,6,5,7,8,
159,5,5,7,7,5,0,6,2,5,5,7,7,5,1,6,150,5,5,7,8,5,0,6,77,5,8,8,6,1,6,5,2,5,5,7,7,5,0,6,77,5,5,7,7,5,1,6,5,7,8,
165,4,4,7,7,5,0,5,1,4,3,7,7,4,0,5,154,4,4,7,7,4,0,5,80,4,7,7,5,1,5,4,1,4,3,7,7,5,0,5,80,4,4,7,7,4,0,5,4,7,7,
166,4,3,7,7,5,0,5,1,4,3,7,7,4,1,5,156,4,4,7,8,4,0,5,79,4,7,7,5,1,5,3,1,4,3,7,7,5,0,5,79,4,4,7,7,4,1,5,4,7,8,
162,4,4,7,7,5,0,5,1,4,4,7,7,5,1,5,153,4,4,7,8,5,0,5,76,4,8,8,5,1,5,4,1,4,4,7,7,5,0,5,76,4,4,7,7,5,1,5,4,7,8,
159,5,4,7,8,6,0,15,2,4,4,8,7,5,1,15,150,5,4,8,8,5,0,15,76,5,8,8,6,1,15,4,2,5,4,7,8,6,0,15,76,4,4,8,7,5,1,15,5,8,8,
160,5,4,7,8,6,0,5,2,5,4,8,8,5,1,5,150,5,4,8,8,5,0,6,76,5,8,8,6,1,5,4,2,5,4,7,8,6,0,5,76,5,4,8,8,5,1,5,5,8,8,
163,5,4,7,8,6,0,5,2,5,4,8,8,5,2,5,154,5,4,8,8,5,0,6,80,5,8,8,6,2,6,4,2,5,4,7,8,6,0,5,80,5,4,8,8,5,2,5,5,8,8,
166,3,3,8,8,8,0,4,1,3,3,8,8,5,0,4,156,3,4,8,8,5,0,5,78,3,8,8,8,0,5,3,1,3,3,8,8,8,0,4,78,3,4,8,8,5,0,4,3,8,8,
179,4,4,7,7,5,0,5,1,4,4,7,7,4,1,5,167,4,4,7,8,4,0,5,79,4,7,7,5,1,5,4,1,4,4,6,7,5,0,5,79,4,4,7,7,4,1,5,4,7,7,
160,5,4,6,7,5,0,6,2,5,4,7,7,4,1,5,151,5,5,7,7,4,0,6,77,5,7,7,5,1,6,4,2,5,4,6,7,5,0,6,77,5,5,7,7,4,1,5,5,7,7,
163,5,4,7,8,6,0,5,1,5,4,7,7,5,1,5,154,5,4,7,8,5,0,6,79,5,8,8,5,1,5,4,1,5,4,7,8,6,0,5,79,5,4,7,7,5,1,5,5,7,8,
170,5,4,6,7,5,0,5,2,5,4,7,7,4,1,5,161,4,4,7,8,5,0,6,84,4,7,7,5,1,5,4,2,5,4,6,7,5,0,5,84,5,4,7,7,4,1,5,4,7,7,
172,4,4,6,9,5,0,5,1,4,4,7,7,5,0,5,162,4,4,7,8,5,0,5,78,4,7,9,5,1,6,4,1,4,4,6,9,5,0,5,79,4,4,7,7,5,0,5,4,7,8,
163,4,5,6,8,5,0,6,2,4,5,7,7,4,1,6,153,4,5,7,8,5,0,6,78,4,7,8,5,2,6,5,2,4,5,6,8,5,0,6,78,4,5,7,7,4,1,6,4,7,8,
168,2,5,4,5,3,0,6,2,2,4,5,4,2,0,6,156,2,5,4,5,2,0,6,80,2,5,5,3,0,6,5,2,2,4,4,5,3,0,6,80,2,5,5,4,2,0,6,2,4,5,
164,5,4,6,7,5,0,5,2,5,4,7,7,5,1,5,155,4,4,7,7,5,0,5,80,4,7,7,5,1,5,4,2,5,4,6,7,5,0,5,80,5,4,7,7,5,1,5,4,7,7,
166,5,4,7,7,5,0,5,2,5,4,7,7,5,1,5,157,4,4,7,7,5,0,5,77,4,8,8,5,1,6,4,2,5,4,7,7,5,0,5,77,5,4,7,7,5,1,5,4,7,8,
162,5,5,7,7,5,0,8,3,5,5,7,7,5,1,8,153,5,5,7,8,5,0,8,78,4,8,8,5,1,8,5,3,5,5,7,7,5,0,8,78,5,5,7,7,5,1,8,5,7,8,
163,4,3,6,7,5,0,5,1,4,3,7,6,4,0,4,153,4,3,6,7,4,0,5,77,3,7,7,4,0,5,3,1,4,3,6,7,5,0,5,77,4,3,7,6,4,0,4,4,6,7,
166,4,3,6,7,5,0,5,1,4,3,7,6,4,1,5,155,4,3,6,7,4,0,5,80,3,7,7,4,1,5,3,1,4,3,6,7,5,0,5,80,4,3,7,6,4,1,5,4,6,7,
165,5,4,6,7,5,0,5,1,4,3,7,7,4,0,5,156,4,4,6,7,4,0,5,77,4,7,7,5,1,5,4,1,4,3,6,7,5,0,5,77,4,4,7,7,4,0,5,4,6,7,
167,5,4,6,7,5,0,5,2,5,3,7,7,4,1,5,157,4,4,7,7,4,0,5,76,4,7,8,5,1,5,4,2,5,3,6,7,5,0,5,76,5,4,7,7,4,1,5,5,7,7,
161,5,4,6,7,5,0,5,2,5,4,7,7,4,1,5,152,4,4,7,7,4,0,5,77,4,7,7,5,1,5,4,2,5,4,6,7,5,0,5,77,5,4,7,7,4,1,5,4,7,7,
178,5,7,6,7,5,0,8,4,5,6,7,7,4,1,8,169,5,7,6,7,4,0,8,79,5,7,7,5,2,8,6,4,5,6,6,7,5,0,8,79,5,7,7,7,4,2,8,5,6,7,
163,4,3,6,7,5,0,4,1,4,3,6,6,4,0,4,153,4,3,6,7,4,0,5,78,3,7,7,4,0,5,3,1,4,3,6,7,5,0,4,78,4,3,7,6,4,0,5,4,6,7,
163,5,4,7,8,6,0,6,2,5,4,8,7,5,1,6,154,5,5,7,8,5,0,6,77,5,8,8,6,2,6,4,2,5,4,7,8,6,0,6,77,5,5,8,7,5,1,6,5,7,8,
165,5,3,6,7,5,0,5,1,4,3,7,7,4,0,5,155,4,3,6,7,4,0,5,80,4,7,7,4,0,5,3,1,4,3,6,7,5,0,5,80,4,3,7,7,4,0,5,5,6,7,
160,5,4,6,22,5,0,5,1,4,3,7,21,4,0,5,150,4,4,7,22,4,0,5,76,4,7,22,5,1,5,4,1,5,3,6,22,5,0,5,76,4,4,7,21,4,0,5,4,6,22,
164,5,4,6,7,5,0,6,2,4,4,7,7,4,1,6,155,4,4,7,7,4,0,6,81,4,7,7,5,1,6,4,2,5,4,6,7,5,0,6,80,4,4,7,7,4,1,6,4,6,7,
163,5,4,6,7,5,0,5,2,4,4,7,7,4,1,5,154,4,4,7,7,4,0,6,77,4,7,7,5,1,5,4,2,5,4,6,7,5,0,5,76,4,4,7,7,4,1,5,4,7,7,
165,5,5,6,7,5,0,6,2,5,5,7,7,4,1,6,157,4,5,7,7,4,0,6,79,4,7,7,5,1,6,5,2,5,5,6,7,5,0,6,79,5,5,7,7,4,1,6,4,6,7,
162,5,4,7,7,5,0,5,2,5,4,7,7,5,1,5,153,4,4,7,7,5,0,5,79,4,8,8,5,1,5,4,2,5,4,7,7,5,0,5,79,5,4,7,7,5,1,5,4,7,7,
164,5,8,6,7,5,0,9,5,5,9,7,7,5,1,9,155,5,9,7,7,5,0,9,81,5,7,7,5,1,9,9,5,5,9,6,7,5,0,9,81,5,9,7,7,5,1,9,5,7,7,
166,4,3,6,7,5,0,5,1,4,4,7,7,4,0,5,157,4,4,6,7,4,0,5,81,4,7,7,5,1,5,4,1,4,4,6,7,5,0,5,81,4,4,7,7,4,0,5,4,6,7,
164,5,5,7,8,6,0,6,3,5,5,8,8,5,1,6,156,5,5,7,8,5,0,7,78,5,8,8,6,2,6,5,3,5,5,7,8,6,0,6,78,5,5,8,8,5,1,6,5,7,8,
162,5,4,6,7,5,0,5,1,4,3,7,7,4,1,5,151,4,4,7,7,4,0,5,77,4,7,7,5,1,5,4,1,5,3,6,7,5,0,5,77,5,4,7,7,4,1,5,4,7,7,
161,4,4,6,7,5,0,6,2,4,4,7,7,4,1,5,153,4,4,6,7,4,0,6,78,4,7,7,5,1,6,4,2,4,4,6,7,5,0,5,77,4,4,7,7,4,1,5,4,6,7,
170,5,4,6,7,5,0,5,1,4,3,7,7,4,1,5,158,4,4,7,7,4,0,5,80,4,7,7,5,1,5,4,1,5,3,6,7,5,0,5,80,4,4,7,7,4,1,5,5,7,7,
184,5,4,7,6,4,0,6,2,5,4,8,6,4,1,6,175,5,5,7,6,4,0,6,80,4,8,7,4,1,6,4,2,5,4,7,6,4,0,6,80,4,5,8,6,4,1,6,5,7,6,
163,5,5,6,7,5,0,6,2,5,5,7,7,4,1,6,154,5,5,7,7,4,0,6,79,4,7,7,5,1,6,5,2,5,5,6,7,5,0,6,79,5,5,7,7,4,1,6,5,7,7,
161,5,4,7,8,6,0,6,2,5,4,8,7,5,1,6,153,5,4,7,8,5,0,6,78,4,8,8,5,1,6,4,2,5,4,7,8,6,0,6,78,5,4,8,7,5,1,6,5,7,8,
164,5,5,7,7,6,0,6,3,5,5,11,7,4,2,6,155,5,5,8,7,5,0,6,81,4,11,7,5,2,6,5,3,5,5,7,7,6,0,6,81,5,5,11,7,4,2,6,5,7,7,
167,5,5,7,8,6,1,6,3,5,5,8,8,5,1,6,158,5,5,7,8,5,0,6,83,5,8,8,6,2,6,5,3,5,5,7,8,6,0,6,83,5,5,8,8,5,1,6,5,7,8,
165,4,3,6,7,5,0,5,1,4,3,7,7,4,0,5,156,4,4,6,7,4,0,5,77,3,7,7,5,1,5,3,1,4,3,6,7,5,0,5,77,4,4,7,7,4,0,5,4,6,7,
162,5,4,6,7,5,0,5,1,5,4,7,7,4,1,5,152,4,4,7,7,4,0,5,77,4,7,7,5,1,5,4,1,5,4,6,7,5,0,5,77,5,4,7,7,4,1,5,5,7,7,
167,5,4,7,8,5,0,5,2,5,4,7,7,5,1,5,155,4,4,7,8,5,0,5,78,4,7,8,5,1,5,4,2,5,4,7,8,5,0,5,78,4,4,7,7,5,1,5,5,7,7,
165,5,5,7,7,5,0,4,2,5,5,7,7,5,1,4,157,4,5,7,7,5,0,5,81,4,7,8,5,1,5,5,2,5,5,7,7,5,0,4,81,5,5,7,7,5,1,5,5,7,7,
165,5,4,7,7,5,0,5,2,5,4,7,7,5,1,5,156,4,4,7,8,5,0,5,78,4,8,8,5,1,5,4,2,5,4,7,8,5,0,5,78,4,4,7,7,5,1,5,5,7,7,
162,5,4,7,8,6,0,6,2,5,4,8,7,5,1,5,153,5,4,7,8,5,0,6,78,4,8,8,5,1,6,4,2,5,4,7,8,5,0,5,78,5,4,8,7,5,1,5,5,7,8,
163,5,5,7,8,5,0,6,3,5,5,8,7,5,2,6,154,5,5,7,8,5,0,6,79,5,8,8,5,2,6,5,3,5,5,7,8,5,0,6,79,5,5,8,7,5,2,6,5,7,8,
168,5,4,8,7,6,0,6,2,5,4,8,7,5,2,5,159,5,4,8,7,5,0,6,84,5,11,7,5,2,6,4,2,5,4,8,7,5,0,5,84,5,4,8,7,5,2,6,5,8,7,
165,6,5,7,8,6,1,6,2,6,4,9,8,5,1,6,156,6,5,8,8,5,1,6,80,6,9,8,6,2,6,5,2,6,4,7,8,6,0,6,80,6,5,9,8,5,1,6,6,8,8,
165,5,4,6,7,5,0,5,2,4,4,8,7,4,1,5,155,4,4,7,8,4,0,5,77,4,8,7,5,1,5,4,2,5,4,6,7,5,0,5,77,4,4,8,7,4,1,5,4,7,7,
183,5,4,6,8,5,0,5,1,4,3,8,7,4,1,5,175,4,4,7,8,5,0,5,77,4,8,8,5,2,5,4,1,5,3,6,8,5,0,5,77,4,4,8,7,4,1,5,5,7,8,
163,5,4,7,8,5,0,6,2,5,3,7,7,5,1,6,153,4,4,7,8,5,0,6,78,4,8,8,5,2,6,4,2,5,3,7,8,5,0,6,78,4,4,7,7,5,1,6,5,7,8,
165,8,4,7,7,5,0,5,1,7,4,7,7,5,1,5,157,7,4,7,8,5,0,5,81,7,8,8,5,1,5,4,1,8,4,7,7,5,0,5,81,7,4,7,7,5,1,5,7,7,8,
165,5,4,6,8,5,0,5,2,5,4,7,7,5,1,5,155,4,4,6,8,5,0,5,77,4,7,8,5,2,5,4,2,5,4,6,8,5,0,5,77,5,4,7,7,5,1,5,5,6,8,
160,5,4,7,8,5,0,5,2,5,4,7,7,5,1,5,151,5,4,7,8,5,0,5,77,4,8,8,5,2,5,4,2,5,4,7,8,5,0,5,77,5,4,7,7,5,1,5,5,7,8,
161,5,4,7,8,6,0,6,2,5,4,8,7,5,2,6,152,5,4,7,8,5,1,6,78,5,8,8,6,2,6,4,2,5,4,7,8,6,0,6,78,5,4,8,7,5,2,6,5,7,8,
165,4,4,10,9,6,0,5,2,4,4,11,8,6,1,5,156,4,4,11,9,6,0,6,81,4,12,9,6,1,6,4,2,4,4,10,9,6,0,5,81,4,4,11,8,6,1,5,4,11,9,
167,5,5,6,7,5,0,7,1,5,5,7,7,5,1,7,157,5,5,7,7,5,0,7,82,5,7,7,5,1,7,5,1,5,5,6,7,5,0,7,82,5,5,7,7,5,1,7,5,6,7,
167,4,3,6,7,5,0,5,1,4,3,7,7,4,1,5,157,4,3,7,7,4,0,5,79,4,7,7,5,1,5,3,1,4,3,6,7,5,0,5,79,4,3,7,7,4,1,5,4,7,7,
160,5,4,6,7,5,0,5,1,5,3,7,7,4,1,5,151,4,4,7,7,4,0,5,76,4,8,7,5,1,5,4,1,5,3,6,8,5,0,5,76,4,4,7,7,4,1,5,4,7,7,
161,5,4,7,7,5,0,5,1,5,4,7,7,4,1,5,153,4,4,7,8,5,0,5,78,4,8,8,5,1,5,4,1,5,3,7,8,5,0,5,78,5,4,7,7,4,1,5,4,7,8,
163,5,4,7,7,5,0,5,1,5,4,7,7,5,1,5,154,4,4,7,8,5,0,5,80,4,8,8,5,1,5,4,1,5,4,7,8,5,0,5,80,4,4,7,7,5,1,5,4,7,8,
165,7,4,9,10,8,0,5,2,7,4,10,9,7,4,5,156,7,4,9,10,7,0,6,78,7,10,10,8,5,6,4,2,7,4,9,10,8,0,5,78,7,4,10,9,7,4,5,7,10,10,
160,5,4,7,8,5,0,5,2,5,4,7,7,5,1,5,151,5,4,7,8,5,0,6,77,5,8,8,5,2,6,4,2,5,4,7,8,5,0,5,77,5,4,7,7,5,1,5,5,7,8,
162,5,4,7,10,5,0,5,2,5,4,7,9,5,2,5,153,5,4,7,10,5,0,6,77,5,8,10,5,2,6,4,2,5,4,7,10,5,0,5,77,5,4,7,9,5,2,6,5,7,10,
186,5,4,7,8,6,0,5,2,5,4,8,7,5,1,5,178,5,4,7,8,5,0,6,80,5,8,8,6,2,6,4,2,5,4,7,8,6,0,5,80,5,4,8,7,5,1,5,5,7,8,
167,4,3,7,7,5,0,5,2,4,3,7,7,4,1,5,157,4,4,7,7,4,0,5,77,4,7,7,5,1,5,3,2,4,3,6,7,5,0,5,77,4,4,7,7,4,1,5,4,7,7,
163,5,3,7,7,5,0,5,1,4,3,7,7,4,1,5,155,4,4,7,7,4,0,5,76,4,7,7,5,1,5,3,1,4,3,6,7,5,0,5,76,4,4,7,7,4,1,5,4,7,7,
160,5,4,7,7,5,0,5,2,5,4,7,7,4,1,5,151,4,4,7,8,4,0,5,77,4,8,8,5,1,5,4,2,5,4,7,7,5,0,5,77,4,4,7,7,4,1,5,4,7,7,
161,5,4,7,7,5,0,5,2,5,4,7,7,4,1,5,151,4,4,7,8,4,0,5,78,4,8,8,5,1,5,4,2,5,4,7,7,5,0,5,77,4,4,7,7,5,1,5,4,7,8,
164,5,4,7,7,5,0,5,2,5,4,8,7,5,1,5,155,5,4,7,8,5,0,6,82,4,8,8,5,2,5,4,2,5,4,7,7,5,0,5,81,5,4,8,7,5,1,5,5,7,8,
167,8,4,10,10,8,0,6,2,7,4,10,10,7,4,5,158,7,4,10,10,7,1,6,78,7,10,10,8,5,6,4,2,8,4,10,10,8,0,5,78,7,4,10,10,7,4,5,7,10,10,
162,5,4,7,7,5,0,5,2,5,4,7,7,5,1,5,153,5,4,7,7,5,0,6,77,5,8,8,5,2,6,4,2,5,4,7,7,5,0,5,77,5,4,7,7,5,2,5,5,7,7,
161,8,5,8,8,8,0,8,3,5,5,8,8,5,2,8,153,5,8,8,8,5,0,8,78,5,8,8,8,2,8,5,3,5,5,8,8,8,0,8,78,5,8,8,8,5,2,8,8,8,8,
164,5,4,7,8,6,0,6,2,5,4,8,7,5,2,6,155,5,4,7,8,5,1,6,80,5,8,8,6,2,6,4,2,5,4,7,8,6,1,6,80,5,4,8,7,5,2,6,5,7,8,
164,4,3,6,7,5,0,5,1,4,3,7,7,4,1,5,154,4,4,7,7,4,0,5,76,4,7,7,5,1,5,3,1,4,3,6,7,5,0,5,76,4,4,7,7,4,1,5,4,7,7,
166,5,4,7,7,5,0,5,2,4,3,7,7,4,1,5,157,4,4,7,7,4,0,5,79,4,7,7,5,1,5,4,2,5,3,7,7,5,0,5,79,4,4,7,7,4,1,5,4,7,7,
161,5,4,7,7,5,0,5,2,4,4,7,7,5,1,5,152,4,4,7,8,5,0,5,77,4,8,8,5,1,5,4,2,5,4,7,7,5,0,5,77,4,4,8,7,5,1,5,4,7,7,
175,3,4,5,5,3,0,6,2,2,4,5,5,2,0,6,164,2,4,5,5,2,0,6,87,2,5,5,3,0,6,4,2,3,4,5,5,3,0,6,87,2,5,5,5,2,0,6,2,5,5,
165,5,4,7,8,5,0,5,2,5,4,7,7,5,1,5,156,5,4,7,8,5,0,6,82,4,8,8,5,1,5,4,2,5,4,7,8,5,0,5,81,5,4,7,7,5,1,5,5,7,8,
167,5,4,7,7,5,0,5,2,5,4,8,7,5,1,5,158,5,4,7,8,5,0,6,78,4,8,8,5,1,6,4,2,5,4,7,8,5,0,5,77,5,4,8,7,5,1,6,5,7,8,
174,5,15,7,8,6,0,17,13,5,15,8,7,5,4,17,165,5,16,7,8,5,0,17,90,5,8,8,6,4,17,15,13,5,15,7,8,6,0,17,90,5,16,8,7,5,4,17,5,7,8,
162,5,4,6,7,5,0,5,2,4,4,7,6,4,1,5,152,4,4,6,7,4,0,6,77,4,7,7,5,1,6,4,2,5,4,6,7,5,0,5,77,4,4,7,6,4,1,5,4,6,7,
164,5,4,7,7,5,0,5,1,4,3,7,7,4,1,5,155,4,4,7,7,4,0,5,80,4,7,7,5,1,5,4,1,5,3,7,7,5,0,5,80,4,4,7,7,4,1,5,4,7,7,
164,5,3,6,7,5,0,5,1,4,3,7,7,4,0,5,156,4,4,7,7,4,0,5,78,4,7,7,5,1,5,3,1,5,3,6,7,5,0,5,78,4,4,7,7,4,1,5,4,7,7,
162,5,4,6,7,5,0,5,1,4,4,7,7,4,1,5,153,4,4,7,7,4,0,5,78,4,7,7,5,1,5,4,1,5,3,7,7,5,0,5,78,4,4,7,7,4,1,5,4,7,7,
163,5,4,7,7,5,0,5,1,4,4,7,7,5,1,5,154,5,4,7,8,5,0,5,79,4,8,8,5,1,5,4,1,5,4,7,7,5,0,5,79,4,4,7,7,5,1,5,4,7,7,
647,5,4,7,8,6,0,6,2,5,4,7,7,5,1,6,156,5,4,7,8,5,0,6,81,5,8,8,6,2,6,4,2,5,4,7,8,6,0,6,81,5,4,7,7,5,1,6,5,7,8,
168,4,4,17,17,16,0,5,1,4,3,17,17,15,1,5,158,4,4,17,18,15,0,5,78,4,18,18,16,1,5,4,1,4,3,17,17,16,0,5,77,4,4,17,17,15,1,5,4,17,18,
162,4,4,7,7,5,0,5,1,4,3,7,7,4,1,5,152,4,4,7,7,4,0,5,77,4,7,7,5,1,5,4,1,4,3,7,7,5,0,5,77,4,4,7,7,4,1,5,4,7,7,
167,7,4,7,7,7,0,7,1,7,3,7,7,7,0,7,157,7,4,7,7,7,0,7,82,7,7,7,7,1,7,4,1,7,3,7,7,7,0,7,82,7,4,7,7,7,1,7,7,7,7,
165,4,4,7,7,5,0,5,1,4,3,7,7,4,1,5,156,4,4,7,7,4,0,5,81,4,8,7,5,1,5,4,1,4,3,7,7,5,0,5,81,4,4,7,7,4,1,5,4,7,7,
165,4,4,7,7,5,0,16,1,4,4,7,7,5,1,16,156,4,4,7,7,5,0,16,78,4,8,8,5,1,16,4,1,5,4,7,7,5,0,16,78,4,4,7,7,5,1,16,4,7,7,
163,5,4,7,8,6,0,5,2,5,4,7,7,5,1,5,155,5,4,7,8,5,0,6,78,4,8,8,6,1,5,4,2,5,4,7,8,5,0,5,78,5,4,7,7,5,1,5,5,7,8,
165,5,4,7,7,5,0,5,2,5,4,7,7,5,1,5,156,5,4,7,8,5,0,5,81,4,8,8,5,1,5,4,2,5,4,7,7,5,0,5,81,4,4,7,7,5,1,5,5,7,8,
186,5,4,7,8,6,0,5,2,5,4,8,8,5,2,5,177,5,4,7,8,5,1,6,81,4,8,8,6,2,6,4,2,5,4,7,8,6,0,5,81,5,4,8,8,5,2,5,5,7,8,
166,5,4,7,8,6,0,6,2,5,4,8,8,5,2,6,157,5,5,7,8,5,1,6,79,5,8,8,6,2,6,4,2,5,4,7,8,6,0,6,79,5,5,8,8,5,2,6,5,7,8,
161,5,4,7,8,6,0,6,2,5,4,8,8,5,1,6,153,5,4,8,8,5,0,6,77,5,8,8,6,2,6,4,2,5,4,8,8,6,1,6,76,5,4,8,7,5,1,6,5,8,8,
165,4,4,7,7,5,0,5,1,4,3,7,7,4,1,5,155,4,4,7,7,4,0,5,80,4,7,7,5,1,5,4,1,4,3,7,7,5,0,5,80,4,4,7,7,4,1,5,4,7,7,
165,5,4,7,10,5,0,5,1,5,3,10,10,4,1,5,156,4,4,7,10,4,0,5,80,4,10,10,5,1,5,4,1,5,3,7,10,5,0,5,80,4,4,10,10,4,1,5,4,7,10,
164,5,4,7,7,5,0,5,1,5,4,7,7,5,1,5,155,4,4,7,8,5,0,5,80,4,7,7,5,1,5,4,1,5,4,7,7,5,0,5,80,5,4,7,7,5,1,5,4,7,7,
166,4,4,7,7,5,0,5,2,4,4,7,7,5,1,5,157,4,4,7,8,5,0,5,78,4,7,7,5,1,5,4,2,4,4,7,7,5,0,5,78,4,4,7,7,5,1,5,5,7,7,
164,7,4,7,8,8,0,6,0,6,3,8,7,4,2,5,153,6,4,8,9,4,0,6,76,5,9,8,7,2,6,3,0,7,3,7,8,8,0,6,75,6,4,8,8,4,2,5,6,7,9,
167,4,4,8,9,7,0,5,1,4,4,8,9,5,1,5,155,4,4,8,10,5,0,5,80,4,9,9,7,2,5,4,1,4,3,8,9,7,0,5,79,4,4,8,9,5,1,5,4,8,10,
166,4,3,6,7,5,0,5,1,4,3,6,6,4,0,5,155,4,4,6,7,4,0,5,81,4,7,7,5,1,5,3,1,4,3,6,7,4,0,5,80,4,4,6,6,4,0,5,4,6,7,
165,5,4,7,8,6,0,5,2,5,4,7,7,5,1,5,156,5,4,7,8,5,1,6,78,4,7,8,6,2,5,4,2,5,4,7,8,6,0,5,78,5,4,7,7,5,1,5,5,7,8,
163,5,4,7,8,5,0,5,1,5,4,7,7,5,1,5,154,5,4,7,8,5,0,5,79,4,8,7,6,2,5,4,1,5,4,7,8,5,0,5,79,5,4,7,7,5,1,5,4,7,8,
163,4,4,7,7,5,0,5,1,4,3,7,7,5,1,5,152,4,4,7,7,5,0,5,78,4,7,7,5,1,5,4,1,4,3,7,7,5,0,5,77,4,4,7,7,5,1,5,4,7,7,
164,5,4,10,10,5,0,5,1,5,4,10,10,5,1,5,156,4,4,10,10,5,0,5,81,4,10,10,5,2,5,4,1,5,4,10,10,5,0,5,81,4,4,10,10,5,1,5,4,10,10,
164,4,4,7,7,5,0,5,1,4,4,7,7,5,1,5,155,4,4,7,8,5,0,5,81,4,7,7,5,1,5,4,1,4,4,7,7,5,0,5,80,4,4,7,7,5,1,5,4,7,8,
187,5,4,7,8,5,0,5,2,5,4,7,7,5,1,5,178,5,4,7,8,5,0,5,78,4,8,7,5,2,5,4,2,5,4,7,8,5,0,5,78,5,4,7,7,5,1,5,4,7,8,
187,4,4,13,14,12,0,5,1,4,4,13,13,11,1,5,153,4,4,13,14,11,0,6,78,4,14,14,12,1,5,4,1,4,4,13,14,12,0,5,78,4,4,13,13,11,1,5,4,13,14,
167,5,4,7,8,6,1,6,2,5,4,7,8,5,2,6,156,5,5,7,8,5,1,6,79,5,7,8,6,2,6,4,2,5,4,7,8,6,0,6,79,5,5,7,8,5,2,6,5,7,8,
166,5,4,7,8,6,0,5,2,5,4,7,7,5,1,5,158,5,4,7,8,5,1,6,82,4,8,8,6,2,6,4,2,5,4,7,8,6,0,5,82,5,4,7,7,5,1,5,5,7,8,
166,4,4,7,7,5,0,5,1,4,3,7,7,5,1,5,156,4,4,7,8,5,0,5,78,4,7,7,5,1,5,4,1,4,3,7,7,5,0,5,78,4,4,7,7,5,1,5,4,7,8,
161,4,4,7,7,5,0,5,1,4,3,7,7,5,1,5,152,4,4,7,7,5,0,5,77,4,7,7,5,1,5,4,1,4,3,7,7,5,0,5,77,4,4,7,7,5,1,5,4,7,7,
162,4,4,7,7,5,0,5,1,4,4,7,7,5,1,5,153,4,4,7,8,5,0,5,77,4,7,7,5,1,5,4,1,4,4,7,7,5,0,5,77,4,4,7,7,5,1,5,4,7,8,
167,5,6,7,7,5,0,8,1,5,6,7,7,5,1,8,158,5,7,7,8,5,0,8,80,4,7,7,5,1,8,6,1,5,6,7,7,5,0,8,80,5,7,7,7,5,1,8,5,7,8,
165,5,4,7,8,5,0,5,1,4,4,7,7,5,1,5,157,4,4,7,8,5,0,5,81,4,7,7,5,1,5,4,1,5,4,7,8,5,0,5,81,4,4,7,7,5,1,5,4,7,8,
165,5,4,7,8,5,0,5,1,4,4,7,7,5,1,5,156,4,4,7,8,5,0,5,77,4,7,7,5,1,5,4,1,5,4,7,8,5,0,5,77,4,4,7,7,5,1,5,4,7,8,
161,5,4,7,8,6,0,5,2,5,4,7,7,5,1,5,152,5,4,7,8,5,0,6,77,4,8,8,6,1,6,4,2,5,4,7,8,6,0,5,77,5,4,7,7,5,1,5,5,7,8,
164,5,4,7,7,5,0,5,1,4,4,7,7,5,1,5,152,4,4,7,7,5,0,6,77,4,7,7,5,1,6,4,1,5,4,7,7,5,0,5,77,4,4,7,7,5,1,5,4,7,7,
168,4,3,7,7,5,0,5,1,4,3,7,7,5,0,5,159,4,4,7,7,5,0,5,84,4,7,7,5,1,5,3,1,4,3,7,7,5,0,5,84,4,4,7,7,5,0,5,4,7,7,
165,5,5,8,8,6,0,6,2,5,4,8,8,6,1,6,156,5,5,8,8,5,1,6,79,5,8,8,6,2,6,4,2,5,4,8,8,6,0,6,79,5,5,8,8,6,2,6,5,8,8,
166,4,4,7,7,5,0,5,1,4,3,7,7,5,1,5,156,4,4,7,7,5,0,5,78,4,7,7,5,1,5,4,1,4,3,7,7,5,0,5,78,4,4,7,7,5,1,5,4,7,7,
184,4,4,7,7,5,0,5,1,4,4,7,7,5,1,5,175,4,4,7,7,4,0,6,78,4,7,7,5,1,5,4,1,5,4,7,7,5,0,5,78,4,4,7,7,5,1,5,4,7,7,
165,6,7,7,8,7,0,7,1,7,6,7,7,6,1,6,157,7,7,7,8,7,0,7,82,7,7,7,6,1,7,7,1,6,6,7,8,7,0,7,82,7,7,7,7,6,1,6,7,7,8,
168,5,4,7,7,5,0,5,2,5,4,7,7,5,1,5,159,5,4,7,8,5,0,6,84,4,7,7,5,1,6,4,2,5,4,7,7,5,0,5,84,5,4,7,7,5,1,5,5,7,8,
166,5,4,7,8,6,0,5,2,5,4,7,7,5,1,5,157,5,4,7,8,5,0,6,79,4,8,7,5,1,6,4,2,5,4,7,8,5,0,5,79,5,4,7,7,5,1,5,5,7,8,
162,5,4,7,8,6,0,5,2,5,4,7,8,5,1,5,154,5,4,7,8,5,1,6,79,4,8,8,6,2,6,4,2,5,4,7,8,6,0,5,79,5,4,7,8,5,1,5,5,7,8,
168,5,4,7,8,5,0,5,1,5,4,7,7,5,1,5,156,5,4,7,8,5,0,6,80,4,7,7,5,1,6,4,1,5,4,7,8,5,0,5,80,5,4,7,7,5,1,5,4,7,8,
164,4,3,7,7,5,0,5,1,4,3,7,7,4,0,5,155,4,4,7,7,4,0,5,80,4,7,7,5,1,5,3,1,4,3,7,7,5,0,5,80,4,4,7,7,4,0,5,4,7,7,
167,4,4,7,7,5,0,5,1,4,3,7,7,5,1,5,158,4,4,7,7,5,0,5,79,4,7,7,5,1,5,4,1,4,3,7,7,5,0,5,79,4,4,7,7,5,1,5,4,7,7,
164,5,4,7,7,5,0,5,1,4,4,7,7,14,1,5,156,4,4,7,8,5,0,6,77,4,7,7,6,1,6,4,1,5,4,7,8,5,0,5,77,4,4,7,7,14,1,5,4,7,8,
162,5,4,8,7,5,0,5,1,4,4,8,7,4,1,5,154,4,4,8,7,4,0,6,78,4,8,7,5,1,6,4,1,5,4,8,7,5,0,5,78,4,4,8,7,4,1,5,4,8,7,
166,5,4,9,9,5,0,5,2,4,4,10,10,5,1,5,158,4,4,9,10,5,0,6,81,4,10,9,5,1,6,4,2,5,4,10,9,5,0,5,81,4,4,10,10,5,1,5,4,9,10,
169,4,3,6,7,4,0,4,1,4,3,6,6,4,0,4,159,4,3,6,7,4,0,5,80,4,6,6,4,1,5,3,1,4,3,6,7,4,0,5,80,4,3,6,6,4,0,5,4,6,7,
165,5,4,7,8,6,0,5,2,5,4,7,7,5,1,5,157,5,4,7,8,5,1,6,78,5,8,8,6,2,6,4,2,5,4,7,8,6,0,5,78,5,4,7,7,5,1,5,5,7,8,
163,5,4,7,8,6,0,6,2,5,4,7,7,5,1,6,154,5,4,7,8,5,1,6,78,5,8,9,5,2,6,4,2,5,4,7,8,5,0,6,78,5,5,7,7,5,1,6,5,7,8,
164,5,4,7,8,5,0,5,2,5,4,7,7,5,1,5,154,4,4,7,8,5,0,6,78,4,7,7,5,1,6,4,2,5,4,7,8,5,0,5,78,5,4,7,7,5,1,5,4,7,8,
187,4,4,6,7,5,0,5,1,4,3,7,7,4,1,5,178,4,4,7,7,4,0,5,81,4,7,7,5,1,5,4,1,4,3,6,7,5,0,5,80,4,4,7,7,4,1,5,4,7,7,
167,4,4,7,7,5,0,5,2,4,4,7,7,5,1,5,159,4,4,7,8,5,0,5,78,4,7,7,5,1,5,4,2,4,4,7,7,5,0,5,77,4,4,7,7,5,1,5,4,7,8,
166,5,4,7,7,5,0,5,1,4,4,7,7,5,1,5,157,4,5,7,7,4,0,6,79,4,7,7,5,1,6,4,1,5,4,7,7,5,0,5,79,4,5,7,7,4,1,5,4,7,7,
163,5,4,7,8,5,0,5,2,4,4,7,7,5,1,5,154,4,4,7,8,5,0,6,79,4,7,7,5,1,6,4,2,5,4,7,8,5,0,5,79,4,4,7,7,5,1,5,4,7,8,
167,5,4,7,7,5,0,5,2,5,4,7,6,5,1,5,158,4,4,7,7,5,0,6,83,4,8,7,5,1,6,4,2,5,4,7,7,5,0,5,83,5,4,7,6,5,1,5,4,7,7,
167,5,4,7,8,6,0,5,2,5,4,8,7,5,1,5,158,4,4,8,8,5,0,6,82,4,8,7,5,2,6,4,2,5,4,7,8,6,0,5,82,5,4,8,7,5,1,5,4,8,8,
169,5,4,7,8,5,0,5,2,5,4,7,7,5,1,5,160,5,4,7,8,5,0,6,81,4,8,7,5,1,6,4,2,5,4,7,8,5,0,5,81,5,4,7,7,5,1,5,5,7,8,
163,4,3,6,7,5,0,4,1,4,3,6,7,4,0,4,153,4,3,7,7,4,0,5,77,4,7,7,5,1,5,3,1,4,3,6,7,5,0,4,77,4,3,7,7,4,0,4,4,7,7,
163,5,4,7,8,6,1,6,2,5,4,7,7,5,1,6,154,5,5,8,8,5,1,6,78,5,8,8,6,2,6,4,2,5,4,7,8,6,0,6,78,5,5,7,7,5,1,6,5,7,8,
166,4,3,6,7,5,0,5,1,4,3,6,6,4,0,5,156,4,4,7,7,4,0,5,80,4,7,7,5,1,5,3,1,4,3,6,7,5,0,5,80,4,4,6,6,4,0,5,4,6,7,
168,4,3,6,7,5,0,5,1,4,3,6,7,4,0,4,157,3,3,6,7,4,0,5,79,3,7,7,5,1,5,3,1,4,3,6,7,5,0,5,79,4,3,6,7,4,0,4,3,6,7,
171,4,4,6,7,5,0,5,1,4,3,7,7,4,1,5,162,4,4,7,7,4,0,5,81,4,7,7,5,1,5,4,1,4,3,6,7,5,0,5,81,4,4,7,7,4,1,5,4,7,7,
162,5,4,7,7,5,0,5,1,4,4,7,7,4,1,5,154,4,4,7,7,4,0,5,78,4,7,7,5,2,6,4,1,5,4,7,7,5,0,5,78,4,4,7,7,4,1,5,4,7,7,
165,5,4,8,6,5,0,5,2,4,4,9,6,4,1,5,157,4,4,9,6,4,0,6,82,4,9,6,4,1,6,4,2,5,4,8,6,5,0,5,82,4,4,9,6,4,1,5,4,9,6,
166,5,4,7,7,5,0,5,2,4,4,7,7,5,1,5,157,4,4,7,8,5,1,6,82,15,7,7,5,1,6,4,2,5,4,7,7,5,0,5,82,4,4,7,7,5,1,5,4,7,7,
182,4,3,16,16,14,0,4,1,4,3,16,16,14,0,4,172,4,3,16,16,14,0,5,77,4,16,16,14,1,5,3,1,4,3,16,16,14,0,4,77,4,3,16,16,14,0,4,4,16,16,
162,4,3,6,7,4,0,5,1,4,3,6,6,4,1,5,152,4,4,6,7,4,0,5,77,4,6,6,4,1,5,3,1,4,3,6,7,4,0,5,77,4,4,6,6,4,0,5,4,6,7,
166,4,4,6,7,5,0,5,1,4,3,6,7,4,1,5,154,4,4,7,7,4,0,5,79,4,7,7,5,1,5,4,1,4,3,6,7,5,0,5,78,4,4,6,7,4,1,5,4,7,7,
167,4,4,6,7,5,0,5,1,4,3,6,6,4,1,5,157,4,4,7,7,4,0,5,82,4,7,7,5,1,5,4,1,4,3,6,7,5,0,5,82,4,4,6,6,4,1,5,4,6,7,
165,5,4,7,7,5,0,5,1,4,4,7,7,5,1,5,157,4,4,7,7,4,0,6,78,4,7,7,5,2,6,4,1,5,4,7,7,5,0,5,78,4,4,7,7,5,1,5,4,7,7,
163,5,4,7,7,5,0,5,2,4,4,7,7,5,1,5,154,4,4,7,7,5,1,6,79,4,7,7,5,1,6,4,2,5,4,7,7,5,0,5,79,4,4,7,7,5,1,5,4,7,7,
163,4,3,6,7,4,0,5,1,4,3,6,6,4,1,4,153,4,3,6,7,4,0,5,77,4,7,6,4,1,5,3,1,4,3,6,7,4,0,4,77,4,3,6,6,4,1,4,3,6,7,
165,7,3,7,7,7,0,7,1,4,3,7,7,7,1,7,156,4,4,7,7,7,0,7,80,4,7,7,7,1,7,3,1,7,3,7,7,7,0,7,80,4,4,7,7,7,1,7,4,7,7,
166,4,3,6,6,4,0,5,1,4,3,6,6,4,1,5,156,4,3,6,6,4,0,5,81,4,6,6,4,1,5,3,1,5,3,6,6,4,0,5,81,4,3,6,6,3,1,5,4,6,6,
165,4,3,6,7,5,0,5,1,4,3,6,6,4,1,5,156,4,4,7,7,4,0,5,77,4,7,7,5,1,5,3,1,4,3,6,7,5,0,5,77,4,4,6,6,4,1,5,4,7,7,
165,5,4,7,7,5,0,5,2,4,4,7,7,5,1,5,156,4,4,7,7,4,0,6,78,4,7,7,5,2,6,4,2,5,4,7,7,5,0,5,78,4,4,7,7,5,1,5,4,7,7,
164,5,4,7,7,5,0,5,2,4,4,7,7,5,1,5,155,4,4,7,7,5,0,6,79,4,7,7,5,1,6,4,2,5,4,7,7,5,0,5,79,4,4,7,7,4,1,5,4,7,7,
165,5,4,7,7,5,0,5,2,5,4,7,7,5,1,5,156,4,4,7,8,5,1,6,81,5,8,7,5,2,6,4,2,5,4,7,7,5,0,5,81,5,4,7,7,5,1,5,4,7,7,
165,4,3,6,7,4,0,5,1,4,3,6,6,4,0,4,155,4,3,6,7,4,0,5,77,4,7,7,4,1,5,3,1,4,3,6,7,4,0,5,77,4,3,6,6,4,1,4,4,6,7,
163,4,3,6,7,5,0,5,1,4,3,7,7,5,1,4,153,4,4,7,7,5,0,5,77,4,7,7,5,1,5,3,1,4,3,6,7,5,0,5,77,4,4,7,7,4,1,5,4,7,7,
182,4,3,6,7,5,0,5,1,4,3,6,6,4,1,5,173,4,4,6,7,4,0,5,80,4,7,7,5,1,5,3,1,4,3,6,7,5,0,5,80,4,4,6,6,4,1,5,4,6,7,
167,4,4,9,8,5,0,5,2,3,4,9,7,5,1,5,158,3,4,10,8,5,0,6,82,3,10,8,5,1,6,4,2,4,4,9,8,5,0,5,82,3,4,9,7,5,1,5,3,10,8,
167,5,4,7,7,5,0,5,2,4,4,7,7,5,1,5,159,4,4,7,7,5,0,6,84,4,7,7,5,1,6,4,2,5,4,7,7,5,0,5,84,4,4,7,7,4,1,5,4,7,7,
166,4,4,5,5,4,0,4,0,4,2,5,5,4,0,4,156,4,4,5,5,4,0,4,77,4,6,5,4,0,4,4,0,4,2,5,5,4,0,4,77,4,4,5,5,4,0,4,4,5,5,
164,5,4,7,8,5,0,5,2,5,4,7,7,5,1,5,155,5,5,7,8,5,1,6,80,5,8,7,5,2,6,4,2,5,4,7,8,5,0,5,80,5,5,7,7,5,1,5,5,7,8,
166,4,3,6,7,5,0,5,1,4,3,6,6,4,0,5,156,4,4,6,7,4,0,5,80,4,7,6,4,1,5,4,1,4,3,6,7,5,0,5,80,4,4,6,6,4,1,5,4,6,7,
166,6,3,6,6,4,0,5,1,6,3,6,6,4,1,5,156,6,3,6,7,4,0,5,81,6,7,6,4,1,5,3,1,6,3,6,6,4,0,5,80,6,3,6,6,4,1,5,6,6,6,
164,4,4,17,17,15,0,5,1,4,4,17,17,14,1,5,155,4,4,17,17,15,0,5,77,4,17,17,15,1,5,4,1,4,4,17,17,15,0,5,77,4,4,17,17,14,1,5,4,17,17,
163,5,4,7,7,5,0,5,2,5,4,7,7,5,1,5,154,4,4,7,7,5,1,6,78,5,7,7,5,2,6,4,2,5,4,7,7,5,0,5,78,5,4,7,7,5,1,5,4,7,7,
161,5,4,7,7,5,0,5,2,4,4,7,7,5,1,5,153,4,4,7,7,5,0,6,77,4,7,7,5,1,6,4,2,5,4,7,7,5,1,5,77,4,4,7,7,5,1,5,4,7,7,
167,4,3,9,8,7,0,5,1,4,3,9,8,6,0,5,157,3,3,9,9,6,0,5,82,4,9,8,7,1,5,3,1,4,3,9,8,7,0,5,82,4,3,9,8,6,0,5,3,9,9,
165,4,3,6,7,4,0,5,1,4,3,6,6,4,1,4,155,4,3,6,7,4,0,5,80,4,7,6,4,1,5,3,1,4,3,6,7,4,0,4,80,4,3,6,6,4,1,5,4,6,7,
167,4,3,6,7,5,0,5,1,4,3,7,6,4,1,5,157,4,4,7,7,5,0,5,79,4,7,7,5,1,5,3,1,5,3,6,7,5,0,5,79,4,4,7,7,4,1,5,4,7,7,
162,4,4,6,7,5,0,5,1,4,4,7,7,4,1,5,153,4,4,7,7,5,0,5,78,4,7,7,5,1,5,4,1,5,4,6,7,5,0,5,78,4,4,7,7,4,1,5,4,7,7,
162,5,4,7,7,5,0,5,1,5,4,7,7,5,1,5,153,4,4,7,7,4,1,6,78,4,7,7,5,2,6,4,1,5,3,7,7,5,0,5,78,5,4,7,7,5,1,5,4,7,7,
176,5,4,7,7,5,0,5,2,4,4,7,7,4,1,5,167,4,4,7,7,4,0,6,81,4,7,7,5,1,6,4,2,5,4,7,7,5,0,5,92,4,4,7,7,4,1,5,4,7,7,
165,5,4,7,8,5,0,5,2,5,4,7,7,5,1,5,156,4,4,7,8,5,1,6,78,5,8,7,5,1,6,4,2,5,4,7,8,5,0,5,78,5,4,7,7,5,1,5,4,7,8,
161,4,3,6,7,4,0,4,1,4,3,6,6,4,0,4,152,4,3,6,7,4,0,5,77,4,7,6,4,1,5,3,1,4,3,6,7,4,0,4,77,4,3,6,6,4,1,4,4,6,7,
162,5,4,6,7,5,0,5,1,4,3,6,6,4,1,5,152,4,4,7,7,4,0,5,77,4,7,7,5,1,5,3,1,5,3,6,7,5,0,5,77,4,4,6,7,4,1,5,4,7,7,
166,4,4,12,9,7,0,5,1,4,3,12,9,6,1,5,157,4,4,12,9,6,0,5,80,4,12,9,7,1,5,4,1,4,3,12,9,7,0,5,80,4,4,12,9,6,1,5,4,12,9,
165,5,4,7,7,5,0,5,2,4,4,7,7,4,1,5,157,4,4,7,7,4,0,6,81,4,7,7,5,2,6,4,2,5,4,7,7,5,0,5,81,4,4,7,7,4,1,5,4,7,7,
164,5,4,7,7,5,0,5,2,5,4,7,7,5,1,5,156,4,4,7,7,5,0,6,78,4,7,7,5,1,6,4,2,5,4,7,7,5,1,5,78,5,4,7,7,5,1,5,4,7,7,
161,4,3,6,6,4,0,4,1,4,3,6,6,4,0,4,151,3,3,6,7,4,0,5,76,4,7,6,4,0,5,3,1,4,3,6,6,4,0,4,76,4,3,6,6,4,0,4,3,6,7,
161,4,3,6,6,4,0,7,1,4,3,7,6,4,0,7,152,3,3,7,7,4,0,8,76,4,7,6,4,0,8,3,1,4,3,7,6,4,0,7,76,4,3,7,6,4,0,7,3,7,6,
169,4,3,7,7,5,0,5,1,4,3,7,6,4,1,5,160,4,4,7,7,4,0,5,81,4,7,7,5,1,5,3,1,4,3,7,7,5,0,5,81,4,4,7,6,4,1,5,4,7,7,
168,5,3,7,7,5,0,4,1,4,3,7,7,4,1,4,157,4,4,7,7,4,0,5,78,4,7,7,5,1,5,3,1,5,3,7,7,5,0,4,78,4,4,7,7,4,1,5,4,7,7,
162,5,4,7,7,5,0,5,1,4,4,7,7,4,1,5,153,5,4,7,7,4,0,5,78,4,7,7,5,1,5,4,1,5,4,6,7,5,0,5,78,5,4,7,7,4,1,5,5,7,7,
162,5,6,7,7,5,0,5,2,5,6,7,7,5,1,5,154,5,7,7,7,4,1,6,78,4,7,7,5,2,6,6,2,5,6,7,7,5,1,5,78,5,7,7,7,5,1,5,5,7,7,
168,4,3,11,9,7,0,5,1,3,3,11,9,7,1,4,157,4,4,11,10,6,0,5,81,3,12,9,7,2,5,3,1,4,3,11,9,7,0,5,81,3,4,11,9,6,1,5,4,11,10,
168,4,4,6,7,5,0,5,1,4,3,6,7,14,1,5,158,4,4,6,8,4,0,5,83,4,7,7,5,2,6,4,1,4,3,6,7,5,0,5,83,4,4,6,7,14,1,5,4,6,8,
187,4,3,7,7,5,0,5,1,4,3,7,7,4,1,5,178,4,4,7,7,4,0,5,99,4,7,7,5,1,5,3,1,4,3,6,7,5,0,5,99,4,4,7,7,4,1,5,4,7,7,
162,5,4,7,7,5,0,5,2,4,4,7,7,4,1,5,152,4,4,7,7,4,0,5,78,4,7,7,5,1,5,4,2,4,4,6,7,5,0,5,78,4,4,7,7,4,1,5,4,7,7,
162,5,4,6,7,5,0,8,1,4,4,7,7,4,1,8,154,4,4,7,7,4,0,8,79,4,7,7,5,1,8,4,1,5,4,6,7,5,0,8,79,4,4,7,7,4,1,8,4,7,7,
165,8,4,7,7,5,0,5,2,7,4,7,7,4,1,5,156,7,4,7,7,4,1,6,81,7,7,7,5,2,6,4,2,8,4,7,7,5,0,5,81,7,4,7,7,4,1,5,7,7,7,
170,5,4,7,7,5,0,5,1,4,4,6,7,4,1,5,159,4,4,7,7,4,0,5,80,4,7,7,5,1,5,4,1,5,4,6,7,5,0,5,80,4,4,7,7,4,1,5,4,7,7,
163,4,4,6,7,5,0,5,1,4,3,6,6,4,1,5,153,4,4,6,7,4,0,5,78,4,7,6,5,1,5,4,1,4,3,6,7,5,0,5,78,4,4,6,6,4,1,5,4,6,7,
164,4,4,6,9,5,0,5,1,4,4,6,9,4,1,5,154,4,4,6,9,4,0,5,78,4,7,9,5,1,5,4,1,4,4,6,9,5,0,5,78,4,4,6,9,4,1,5,4,6,9,
165,4,4,7,7,5,0,5,1,4,3,7,7,4,1,5,156,4,4,7,7,4,0,5,80,4,7,7,5,2,5,4,1,4,3,6,7,5,0,5,80,4,4,7,7,4,1,5,4,7,7,
165,5,4,6,7,5,0,5,1,4,3,6,7,4,1,5,157,4,4,7,7,4,0,5,77,4,7,7,5,1,5,4,1,5,3,6,7,5,0,5,77,4,4,6,7,4,1,5,4,6,7,
165,5,4,7,7,5,0,5,2,4,4,7,7,4,1,5,156,4,4,7,7,4,0,5,78,4,7,7,5,2,6,4,2,5,4,6,7,5,0,5,77,4,4,7,7,4,2,5,4,7,7,
162,5,4,7,7,5,0,5,2,4,4,7,7,4,1,5,154,4,4,7,7,4,0,6,78,4,7,7,5,1,6,4,2,5,4,7,7,5,0,5,78,4,4,7,7,4,1,5,5,7,7,
162,5,4,7,7,5,0,5,2,4,4,7,7,5,1,5,153,5,4,7,8,4,0,6,78,4,7,7,5,2,6,4,2,5,4,7,7,5,0,5,78,5,4,7,7,5,1,5,5,7,8,
166,4,3,6,7,5,0,4,1,4,3,6,6,4,1,4,156,4,4,6,7,4,0,5,80,4,7,6,4,1,5,3,1,4,3,6,7,5,0,4,80,4,4,6,6,4,1,5,4,6,7,
166,7,4,9,9,7,0,5,1,6,3,9,9,6,4,5,156,6,4,9,9,6,0,5,77,6,9,9,7,4,5,4,1,7,3,8,9,7,0,5,77,6,4,9,9,6,4,5,6,9,9,
166,4,3,6,7,4,0,4,1,4,3,6,6,4,0,4,154,4,3,6,7,4,0,5,78,3,7,7,4,1,5,3,1,4,3,6,6,4,0,4,78,4,3,6,6,4,0,4,4,6,7,
187,5,4,6,9,5,0,5,2,4,4,6,9,4,1,5,178,4,4,6,10,4,0,5,102,4,7,9,4,1,6,4,2,5,4,6,9,5,0,5,101,4,4,6,9,4,1,5,4,6,9,
166,5,4,7,7,5,0,5,2,4,4,7,7,4,1,5,157,5,4,7,8,4,1,6,81,4,7,7,5,2,6,4,2,5,4,7,7,5,0,5,80,5,4,7,7,5,1,5,5,7,8,
165,5,4,7,7,5,0,5,2,4,4,7,7,5,1,5,156,4,4,7,8,4,0,6,78,4,7,7,5,1,6,4,2,5,4,7,7,5,0,5,77,4,4,7,7,5,1,5,4,7,8,
169,4,4,6,7,4,0,5,1,4,4,6,6,4,1,4,160,4,4,6,7,4,0,5,79,4,7,7,4,1,5,4,1,4,3,6,7,4,0,5,79,4,4,6,6,4,1,5,4,6,7,
163,4,4,6,7,5,0,5,1,4,4,6,7,4,1,5,153,4,4,6,7,4,0,5,78,4,7,7,5,1,5,4,1,4,3,6,7,5,0,5,78,4,4,6,6,4,1,5,4,6,7,
162,5,4,7,7,5,0,5,1,4,4,6,7,4,1,5,153,4,4,6,7,4,0,5,78,4,7,7,5,1,5,4,1,5,3,6,7,5,0,5,78,5,4,6,7,4,1,5,4,6,7,
164,5,4,7,7,5,0,5,1,4,4,6,7,4,1,5,155,4,4,6,7,4,0,5,80,4,7,7,5,1,5,4,1,5,4,6,7,5,0,5,80,4,4,6,7,4,1,5,4,6,7,
166,7,4,9,10,8,0,5,2,7,4,9,10,7,1,5,157,7,4,9,10,7,0,6,79,7,10,10,8,4,6,4,2,7,4,9,10,8,0,5,79,7,4,9,10,7,1,5,7,9,10,
163,4,3,6,7,4,0,4,1,3,3,7,6,4,0,4,154,3,3,6,7,3,0,5,76,3,7,7,4,0,5,3,1,4,3,6,7,4,0,4,76,3,3,7,6,4,0,4,4,6,7,
163,4,3,6,7,5,0,4,1,4,3,7,6,4,1,4,154,4,4,6,7,4,0,5,77,3,7,7,4,1,5,3,1,4,3,6,7,5,0,4,77,4,4,7,6,4,1,5,4,6,7,
166,4,4,6,7,5,0,5,1,4,4,6,7,4,1,5,157,4,4,6,7,4,0,5,81,4,7,7,5,1,5,4,1,4,3,6,7,5,0,5,81,4,4,6,7,4,1,5,4,6,7,
165,4,4,7,7,5,0,5,2,4,4,7,7,4,1,5,156,4,4,7,7,4,0,5,78,4,7,7,5,1,5,4,2,4,3,6,7,5,0,5,78,4,4,7,7,4,1,5,4,7,7,
168,4,4,6,7,5,0,5,1,4,4,6,7,4,1,5,159,4,4,7,7,4,0,5,77,4,7,7,5,1,5,4,1,4,4,6,7,5,0,5,77,4,4,6,7,4,1,5,4,7,7,
164,5,4,8,8,6,0,5,2,4,4,8,8,5,1,5,155,4,4,8,8,5,1,6,79,4,8,8,6,2,6,4,2,5,4,7,8,6,0,5,79,4,5,8,8,5,1,5,4,8,8,
164,4,3,5,7,4,0,4,1,3,3,5,7,3,0,4,155,3,3,5,7,3,0,5,78,3,5,7,4,1,5,3,1,4,3,5,7,4,0,4,78,3,3,5,7,3,0,4,3,5,7,
185,4,3,6,7,5,0,4,1,4,3,6,7,4,1,4,175,4,4,6,7,4,0,5,99,4,7,7,4,1,5,4,1,4,3,6,7,5,0,4,99,4,4,6,6,4,1,5,4,6,7,
166,6,4,8,9,7,0,5,1,6,4,8,9,6,4,5,156,6,4,8,9,6,0,5,77,6,9,9,7,4,5,4,1,6,3,8,9,7,0,5,77,6,4,8,9,6,4,5,6,8,9,
165,4,4,6,7,5,0,5,1,4,4,6,7,4,1,5,154,4,4,6,7,4,0,5,78,4,7,7,5,1,5,4,1,4,4,6,7,5,0,5,78,4,4,6,7,4,1,5,4,6,7,
166,3,5,5,7,3,0,6,3,3,5,5,8,3,0,6,156,3,5,5,8,3,0,7,81,3,5,8,3,0,7,5,3,3,5,5,7,3,0,6,81,3,5,5,7,3,0,6,3,5,8,
164,4,4,6,7,5,0,5,2,4,4,6,7,4,1,5,155,4,4,7,7,4,0,5,81,4,7,7,5,2,6,4,2,4,4,6,7,5,0,5,81,4,4,7,7,4,1,5,4,7,7,
167,5,4,7,7,5,0,5,2,4,4,7,8,5,2,5,156,4,4,7,8,4,1,6,78,4,7,8,5,2,6,4,2,5,4,7,7,5,0,5,78,5,5,7,7,5,2,6,4,7,8,
166,4,3,6,6,4,0,4,1,3,3,6,6,4,0,4,156,4,3,6,7,4,0,5,77,3,6,7,4,1,5,3,1,4,3,6,6,4,0,4,77,4,3,6,7,4,0,4,4,6,7,
162,4,4,6,7,5,0,5,1,4,4,6,6,4,1,5,152,4,4,6,7,4,0,5,77,4,7,7,5,1,5,4,1,4,3,6,7,5,0,5,77,4,4,6,6,4,1,5,4,6,7,
164,4,4,6,7,5,0,8,1,4,4,6,6,4,1,8,154,4,4,6,7,4,0,8,78,4,7,7,5,1,8,4,1,4,3,6,7,5,0,8,78,4,4,6,7,4,1,8,4,6,7,
165,4,4,6,7,5,0,5,1,4,4,6,7,4,1,5,156,4,4,6,7,4,0,5,79,4,7,7,5,1,5,4,1,4,4,6,7,5,0,5,79,4,4,6,7,4,1,5,4,6,7,
165,9,4,9,10,8,0,5,1,8,4,9,9,7,4,5,156,8,4,9,10,7,3,5,77,8,10,10,7,4,5,4,1,9,4,9,10,7,0,5,76,8,4,9,9,7,4,5,8,9,10,
162,5,4,7,7,5,0,5,2,5,4,7,7,5,2,5,153,5,4,7,7,4,1,6,78,4,7,8,5,2,5,4,2,5,4,7,7,5,0,5,78,5,4,7,7,5,2,5,5,7,7,
166,6,4,7,10,5,0,5,2,5,4,7,10,5,1,5,158,5,5,7,10,5,1,6,80,5,8,10,5,2,6,4,2,6,4,8,10,5,1,5,80,5,5,7,10,5,1,5,5,7,10,
175,4,3,6,7,5,0,5,1,4,3,6,6,4,1,5,165,4,4,6,7,4,0,5,89,4,7,7,5,1,5,3,1,4,3,6,7,5,0,5,89,4,4,7,7,4,1,5,4,7,7,
188,4,4,6,7,5,0,5,1,4,4,6,6,4,1,5,178,4,4,6,7,4,0,5,78,4,7,7,5,1,5,4,1,4,4,6,7,5,0,5,78,4,4,6,7,4,1,5,4,6,7,
166,5,4,6,7,5,0,5,1,4,4,7,7,4,1,5,156,4,4,7,7,4,1,5,77,4,7,7,5,2,5,4,1,5,4,6,7,5,0,5,77,4,4,7,7,4,1,5,4,7,7,
166,4,4,7,8,6,0,5,2,4,4,7,7,5,2,5,157,4,4,7,8,5,0,6,80,4,8,8,5,2,5,4,2,4,4,7,8,6,1,5,79,4,4,7,7,5,2,5,4,7,8,
164,5,4,7,8,6,0,5,2,5,4,7,7,5,1,6,155,5,5,7,8,5,0,6,78,5,8,8,6,2,6,4,2,5,4,7,8,6,1,5,78,5,5,7,8,5,1,6,5,7,8,
167,4,3,7,7,5,0,5,1,4,3,6,7,4,1,5,158,4,4,7,7,4,0,5,81,4,7,7,5,1,5,3,1,4,3,7,7,5,0,5,81,4,4,7,7,4,1,5,4,7,7,
173,6,3,9,9,7,0,4,1,6,3,9,9,6,4,4,163,6,3,9,9,6,0,5,84,6,9,10,7,4,5,3,1,6,3,9,9,7,0,4,84,6,4,9,9,6,4,5,6,9,9,
171,4,4,7,8,6,0,5,2,4,4,7,7,5,1,5,159,4,4,7,8,5,0,6,83,4,8,8,6,1,6,4,2,4,4,7,8,6,0,5,82,4,4,7,7,5,1,5,4,7,8,
165,5,4,7,7,5,0,5,2,4,4,7,7,4,1,5,156,4,4,7,8,5,0,5,81,4,7,7,5,2,5,4,1,5,4,7,7,5,0,5,81,4,4,7,7,5,1,5,4,7,8,
170,4,4,7,7,5,0,5,1,4,4,7,7,5,1,5,162,4,4,7,8,5,0,5,83,4,7,7,5,1,5,4,1,4,4,7,7,5,0,5,83,4,4,7,7,5,1,5,4,7,8,
169,5,4,7,7,5,0,5,2,4,4,7,7,4,1,5,160,4,4,7,7,5,0,6,84,4,7,7,5,1,5,4,2,5,4,7,7,5,0,5,84,4,4,7,7,4,1,5,4,7,7,
170,4,4,6,7,5,0,5,1,4,3,6,6,4,0,5,160,4,4,6,7,4,0,5,81,4,7,7,5,1,5,4,1,4,3,6,7,5,0,5,81,4,4,6,7,4,0,5,4,6,7,
166,5,4,8,8,6,0,6,2,5,4,8,8,6,1,5,157,5,5,8,8,6,1,6,81,5,8,8,6,2,6,4,2,5,4,8,8,6,1,6,81,5,5,8,8,6,1,6,5,8,8,
166,4,4,7,7,5,0,5,1,4,3,6,7,4,1,5,157,4,4,7,7,4,0,5,81,4,7,7,5,1,5,4,1,4,3,6,7,5,0,5,81,4,4,6,7,4,1,5,4,7,7,
171,4,4,9,9,8,0,5,1,4,3,9,9,7,1,5,162,4,4,9,9,7,0,5,86,4,9,10,8,1,5,4,1,4,3,9,9,8,0,5,86,4,4,9,9,7,1,5,4,9,9,
171,7,4,9,10,8,0,5,1,6,4,10,10,7,1,5,163,7,4,9,10,7,0,5,82,6,10,10,8,1,5,4,1,7,4,9,10,8,0,5,82,6,4,10,10,7,1,5,7,10,10,
194,4,4,7,7,6,0,5,1,4,4,7,7,5,1,5,184,4,4,7,7,5,0,5,82,4,8,8,5,1,5,4,1,4,4,7,7,6,0,5,82,4,4,7,7,5,1,5,4,7,7,
165,5,4,7,7,5,0,6,2,5,4,7,7,5,1,5,156,4,5,7,7,4,0,6,82,4,8,7,5,1,6,4,2,5,4,7,7,5,0,6,81,5,5,7,8,5,1,5,5,7,7,
168,5,4,7,8,6,0,5,2,4,4,7,7,5,1,5,159,5,4,8,8,5,0,6,84,4,8,8,6,2,5,4,2,5,4,7,8,6,0,6,84,4,4,7,8,5,1,5,5,8,8,
171,5,4,7,8,6,0,6,2,5,4,7,7,5,1,5,163,5,4,7,8,5,0,6,87,4,8,7,6,2,6,4,2,5,4,7,8,6,0,6,87,5,4,7,8,5,1,5,5,7,8,
168,4,3,6,7,5,0,5,1,4,3,6,6,5,0,4,158,4,3,6,7,4,0,5,80,4,7,7,5,1,5,3,1,4,3,6,7,5,0,5,80,4,3,6,6,5,0,4,4,6,7,
165,4,3,7,7,5,0,5,1,4,3,6,6,4,0,5,156,4,4,6,7,4,0,5,80,4,7,7,5,1,5,3,1,4,3,6,7,5,0,5,80,4,4,6,7,4,1,5,4,6,7,
165,4,3,7,7,5,0,5,1,4,3,7,7,5,0,5,156,4,4,7,7,4,0,5,80,4,7,7,5,1,5,3,1,4,3,7,7,5,0,5,80,4,4,7,7,5,0,5,4,7,7,
169,4,4,7,8,5,0,5,1,4,4,7,7,5,1,5,161,4,4,7,8,5,0,5,84,4,8,8,5,1,5,4,1,4,4,7,8,5,0,5,84,4,4,7,7,5,1,5,4,7,8,
168,4,4,7,7,5,0,5,1,4,4,7,7,5,1,5,160,4,4,7,7,4,0,5,82,4,7,7,5,1,5,4,1,4,4,7,7,5,0,5,81,4,4,7,7,5,1,5,4,7,7,
165,5,4,7,7,5,0,6,1,4,4,7,7,5,1,5,156,4,4,7,7,4,0,6,81,4,7,7,5,1,5,4,1,5,4,7,7,5,0,6,81,4,4,7,7,5,1,5,4,7,7,
166,5,4,7,7,5,0,6,2,4,4,7,7,5,1,5,158,4,4,7,7,5,0,6,82,4,7,8,5,1,5,4,2,5,4,7,7,5,0,6,82,4,4,7,7,5,1,5,4,7,7,
171,4,4,6,7,5,0,5,1,4,3,6,6,4,0,5,162,4,4,6,7,4,0,5,82,4,7,7,5,1,4,4,1,4,3,6,7,5,0,5,82,4,4,6,7,4,0,4,4,6,7,
169,5,4,7,8,6,0,6,2,5,4,7,7,5,1,5,158,5,4,7,8,5,0,6,78,4,8,8,6,2,5,4,2,5,4,7,8,6,0,6,79,5,4,8,8,5,1,5,5,7,8,
168,4,4,6,7,5,0,5,1,4,3,6,6,4,0,5,156,4,4,6,7,4,0,5,77,4,7,7,5,1,5,4,1,4,3,6,7,5,0,5,78,4,4,6,7,4,0,5,4,6,7,
161,4,4,6,7,5,0,5,1,4,3,6,7,4,1,5,152,4,4,7,7,4,0,5,77,4,7,7,5,1,5,4,1,4,3,6,7,5,0,5,77,4,4,7,7,4,1,5,4,6,7,
184,6,7,8,8,6,0,8,4,6,7,8,8,6,2,9,177,6,7,8,8,5,1,9,82,5,8,8,6,2,8,7,4,6,7,8,8,6,1,8,83,6,7,8,8,6,2,8,6,8,8,
166,5,4,6,7,5,0,5,1,4,4,7,7,4,1,5,158,4,4,7,7,4,0,6,82,4,7,7,5,1,5,4,1,5,4,7,7,5,0,5,82,4,4,7,7,4,1,5,4,7,7,
169,5,4,7,8,6,0,5,1,4,4,7,7,5,1,5,160,4,4,7,8,5,1,6,79,4,8,8,5,1,5,4,1,5,4,7,8,6,0,5,79,4,4,7,7,5,1,5,4,7,8,
163,5,4,7,8,5,0,6,2,4,4,7,7,5,1,5,154,5,4,7,8,4,0,6,79,4,8,7,5,1,5,4,2,5,4,7,8,5,0,6,79,4,4,7,7,5,1,5,5,7,8,
165,5,4,7,11,6,0,6,2,4,4,7,10,5,1,5,156,5,4,7,11,5,0,6,80,4,8,11,6,2,5,4,2,5,4,7,11,6,0,6,80,4,4,7,11,5,2,5,5,7,11,
166,5,4,7,7,5,1,6,2,5,4,7,7,5,1,6,157,5,4,7,8,5,1,6,82,4,8,8,5,1,6,4,2,5,4,7,7,5,0,6,82,5,4,7,7,5,1,6,5,7,8,
167,4,3,17,7,5,0,5,1,4,3,17,7,4,0,5,157,4,4,17,7,4,0,5,78,3,18,7,5,1,5,3,1,4,3,17,7,5,0,5,77,4,4,17,7,4,0,5,4,17,7,
169,4,4,6,7,5,0,5,1,4,3,6,6,4,1,5,159,4,4,6,7,4,0,5,78,4,7,7,5,1,5,4,1,4,3,6,7,5,0,5,78,4,4,6,7,4,1,5,4,6,7,
165,4,4,7,7,5,0,5,1,4,3,7,7,4,1,5,155,4,4,7,7,4,0,5,79,4,7,7,5,1,5,4,1,4,3,7,7,5,0,5,78,4,4,7,7,5,1,5,4,7,7,
165,2,4,4,4,2,0,5,1,1,3,4,4,2,0,5,153,1,4,4,4,1,0,5,77,1,4,4,2,0,5,3,1,2,3,4,4,2,0,5,77,1,4,4,4,2,0,5,1,4,4,
165,4,4,7,7,5,0,5,1,4,4,7,7,5,1,5,157,4,4,7,8,5,0,5,81,4,8,8,5,1,5,4,1,4,4,7,7,5,0,5,81,4,4,7,7,5,1,5,4,7,8,
167,5,4,7,7,5,0,6,1,5,4,7,7,5,1,5,158,4,4,7,7,4,0,6,79,4,7,7,5,1,5,4,2,5,4,7,7,5,0,6,79,5,4,7,7,5,1,5,4,7,7,
165,4,3,6,7,5,0,5,1,4,3,6,6,4,0,5,156,4,3,6,7,4,0,5,79,4,7,7,5,1,5,3,1,4,3,6,7,5,0,5,79,4,3,6,6,4,0,5,4,6,7,
163,5,5,7,8,5,0,6,2,5,4,7,7,5,1,6,155,5,5,7,8,5,0,6,79,5,8,8,5,1,6,4,2,5,4,7,8,6,0,6,79,5,5,7,7,5,1,6,5,7,8,
166,5,4,7,8,6,0,6,2,5,4,8,7,5,1,5,157,5,5,8,8,5,0,6,81,5,8,8,6,2,6,4,2,5,4,7,8,6,0,6,81,5,5,8,8,5,1,6,5,8,8,
187,4,4,6,7,5,0,5,1,4,3,6,6,4,1,5,177,4,4,6,7,4,0,5,101,4,7,7,5,1,5,3,1,4,3,6,7,5,0,5,101,4,4,6,7,4,1,5,4,6,7,
171,4,4,7,7,5,0,5,1,4,3,7,7,4,1,5,159,4,4,7,7,4,0,5,80,4,7,7,5,1,5,4,1,4,3,7,7,5,0,5,80,4,4,7,7,4,1,5,4,7,7,
165,4,4,6,7,5,0,5,1,5,4,6,7,4,1,5,157,4,4,6,7,4,1,5,81,4,7,7,5,1,5,4,1,4,4,6,7,5,0,5,80,4,4,6,7,4,1,5,4,6,7,
166,3,5,4,5,3,0,6,2,3,4,5,5,2,0,6,155,2,5,5,5,2,0,6,79,2,5,5,3,0,6,4,2,3,4,5,5,3,0,6,78,2,5,5,5,2,0,6,2,5,5,
169,4,4,6,7,5,0,5,1,4,4,6,6,4,1,5,160,4,4,6,7,4,0,6,82,4,6,7,5,1,5,4,1,4,4,6,7,5,0,5,82,4,4,6,7,4,1,5,4,6,7,
168,4,3,6,7,4,0,5,1,4,3,6,6,4,0,5,158,4,4,6,7,4,0,5,79,4,6,7,4,1,5,3,1,4,3,6,7,5,0,5,79,4,4,6,7,4,0,5,4,6,7,
163,4,4,6,7,5,0,5,1,4,3,6,6,4,0,5,153,4,4,6,7,4,0,6,78,4,7,7,5,1,5,3,1,4,3,6,7,5,0,5,78,4,4,6,6,4,0,5,4,6,7,
162,5,5,7,8,6,0,6,2,5,4,7,7,5,1,6,153,5,5,7,8,5,1,6,78,5,8,8,6,2,6,4,2,5,4,7,8,6,1,6,78,5,5,7,7,5,1,6,5,7,8,
166,4,4,6,7,5,0,5,1,4,3,6,6,4,0,5,157,4,4,6,7,4,0,5,81,4,7,7,5,1,5,4,1,4,3,6,7,5,0,5,81,4,4,6,6,4,0,5,4,6,7,
167,4,4,6,7,5,0,5,1,4,3,6,6,4,1,5,158,4,4,6,7,4,0,5,79,4,7,7,5,1,5,4,1,4,3,6,7,5,0,5,79,4,4,6,6,4,1,5,4,6,7,
165,4,4,6,7,5,0,5,1,4,3,6,6,4,1,5,157,4,4,6,7,4,0,6,78,4,7,7,5,1,5,4,1,4,3,6,7,5,0,5,78,4,4,6,6,4,1,5,4,6,7,
164,5,4,7,7,5,0,5,1,4,3,7,7,5,1,5,156,5,4,7,7,4,0,5,78,4,7,7,5,1,5,4,1,5,3,7,7,5,0,5,78,4,4,7,7,5,1,5,5,7,7,
168,3,6,5,5,3,0,7,3,4,6,5,5,2,0,7,157,3,6,5,5,2,0,7,80,3,5,5,3,0,7,6,3,4,6,5,5,3,0,7,80,3,6,5,5,2,0,7,3,5,5,
167,5,4,7,7,5,0,6,2,5,4,7,7,5,1,5,158,5,4,7,8,4,1,6,82,4,7,7,5,2,6,4,2,5,4,7,7,5,0,6,82,5,4,7,7,5,1,5,5,7,8,
164,5,4,7,7,5,0,6,2,5,4,7,7,5,1,5,156,5,4,7,7,4,0,6,78,4,7,7,5,1,5,4,2,5,4,7,7,5,0,6,78,5,4,7,7,5,1,5,5,7,7,
182,4,3,6,7,5,0,5,1,4,3,6,6,4,0,5,172,4,4,6,7,4,0,5,96,4,6,7,5,1,5,3,1,4,3,6,7,5,0,5,96,4,4,6,6,4,0,5,4,6,7,
168,5,4,7,7,5,0,5,2,5,4,7,7,5,1,5,156,5,4,7,7,4,0,6,78,4,7,7,5,1,5,4,2,5,4,7,8,5,0,5,78,4,4,7,7,5,1,5,5,7,7,
167,5,4,6,9,5,0,5,1,5,3,6,9,4,1,5,158,5,4,6,9,4,0,6,82,4,7,9,5,1,5,4,1,5,3,6,9,5,0,5,82,5,4,6,9,4,1,5,5,6,9,
166,4,4,6,7,5,0,5,1,4,4,7,7,4,1,5,157,4,4,7,7,4,0,6,79,4,7,7,5,1,5,4,1,4,4,6,7,5,0,5,79,4,4,7,7,4,1,5,4,7,7,
166,5,4,7,7,5,0,5,1,5,4,7,7,5,1,5,157,4,4,7,7,4,0,6,79,4,7,7,5,1,5,4,1,5,4,7,7,5,0,5,79,4,4,7,7,5,1,5,4,7,7,
163,4,4,6,7,5,0,5,1,5,4,7,7,4,1,5,155,5,4,7,7,4,0,6,79,4,7,7,5,1,5,4,1,4,4,6,7,5,0,5,79,4,4,7,7,4,1,5,5,7,7,
168,5,8,8,8,8,0,8,2,8,8,8,8,5,1,8,160,8,8,8,8,5,0,8,84,4,8,8,8,1,8,8,2,5,8,8,8,8,0,8,84,5,8,8,8,5,1,8,8,8,8,
166,5,4,7,7,5,0,5,2,4,4,7,7,5,1,5,158,5,4,7,7,4,0,6,82,4,7,7,5,1,5,4,2,5,4,7,7,5,0,6,82,4,4,7,7,5,1,5,5,7,7,
166,4,3,6,7,4,0,5,1,4,3,6,6,4,0,4,156,4,3,6,7,4,0,5,77,4,6,6,4,0,5,3,1,4,3,6,7,5,0,5,77,4,4,6,6,4,0,5,4,6,7,
164,4,3,6,7,5,0,5,1,4,3,6,6,4,1,5,155,4,4,6,7,4,0,5,79,4,6,7,5,1,5,3,1,4,3,6,7,5,0,5,79,4,4,6,6,4,1,5,4,6,7,
163,4,4,6,7,5,0,5,1,4,3,6,6,4,0,5,154,4,4,6,7,4,0,5,78,4,6,7,5,1,5,4,1,4,3,6,7,5,0,5,78,4,4,6,6,4,0,5,4,6,7,
168,4,4,6,7,5,0,5,1,5,4,7,7,4,1,5,159,4,4,7,7,4,0,6,83,4,7,7,5,1,5,4,1,4,4,6,7,5,0,5,83,4,4,7,7,4,1,5,4,7,7,
166,4,4,6,7,5,0,5,1,4,4,7,7,4,1,5,157,4,4,6,7,4,0,6,78,4,7,7,5,1,5,4,1,4,4,6,7,5,0,5,78,4,4,7,7,4,1,5,4,7,7,
163,5,4,7,8,5,0,6,2,5,4,7,7,5,1,5,155,5,5,7,8,4,0,6,79,4,7,7,5,1,6,4,2,5,4,7,8,5,0,6,79,5,5,7,7,5,1,5,5,7,8,
187,5,4,7,7,5,0,5,1,5,4,7,7,4,1,5,179,4,4,7,7,4,0,6,79,4,7,7,5,1,5,4,1,5,4,7,7,5,0,5,79,4,4,7,7,4,1,5,5,7,7,
169,5,4,8,6,5,0,6,2,5,4,9,6,4,1,5,161,5,4,9,6,4,0,6,85,4,9,6,5,1,6,4,2,5,4,8,6,5,0,6,85,5,4,9,6,4,1,6,5,9,6,
169,5,4,7,8,5,0,6,2,5,4,7,7,5,1,6,160,5,4,7,8,5,0,6,84,4,7,7,5,1,6,4,2,5,4,7,8,5,0,6,84,5,4,7,7,5,1,5,5,7,8,
170,4,3,6,7,5,0,5,1,4,3,6,6,4,1,5,160,4,4,6,7,4,0,5,82,4,7,7,5,1,5,3,1,4,3,6,7,5,0,5,82,4,4,6,6,4,1,5,4,6,7,
167,4,3,6,7,5,0,5,1,4,3,6,6,4,0,5,157,4,4,6,7,4,0,5,82,4,7,7,5,1,5,3,1,4,3,6,7,5,0,5,82,4,4,6,6,4,0,5,4,6,7,
190,4,4,5,7,5,0,5,1,4,3,6,6,4,1,5,157,4,4,6,7,3,1,5,82,4,6,7,4,2,5,4,1,4,4,5,7,5,0,5,82,4,4,6,6,4,1,5,4,6,7,
176,4,4,6,7,5,0,5,1,4,4,7,7,5,1,5,163,4,4,7,7,4,0,6,85,4,7,7,5,1,5,4,1,4,4,6,7,5,0,5,85,4,4,7,7,5,1,5,4,7,7,
169,4,4,7,8,5,0,5,1,4,4,7,7,5,1,5,160,4,4,7,8,4,0,5,83,4,7,7,5,1,5,4,1,4,4,7,8,5,0,5,83,4,4,7,7,5,1,5,4,7,8,
167,4,4,7,7,5,0,5,1,4,4,7,7,5,1,5,158,4,4,7,8,4,0,5,82,4,7,7,5,1,5,4,1,4,4,7,7,5,0,5,82,4,4,7,7,5,1,5,4,7,8,
166,5,4,7,8,6,0,5,1,4,26,7,7,5,1,5,157,5,4,7,8,5,0,6,81,4,7,7,5,1,5,4,1,5,26,7,8,6,0,5,81,4,4,7,7,5,1,5,4,7,8,
166,4,4,11,9,7,0,6,2,4,4,11,9,6,1,5,158,4,5,11,9,6,0,6,81,4,11,9,7,1,5,4,2,4,4,11,9,7,0,6,81,4,5,11,9,6,1,5,4,11,9,
169,5,4,7,8,6,0,6,2,5,4,7,7,5,2,5,161,5,4,7,8,5,1,6,81,4,8,8,6,2,6,4,2,5,4,7,8,6,0,6,82,5,4,7,7,5,2,5,5,7,8,
167,5,4,7,8,6,0,6,2,5,4,8,7,5,1,5,159,5,4,7,8,5,0,6,79,4,8,8,6,2,6,4,2,5,4,7,8,6,0,6,79,5,4,8,7,5,1,5,5,7,8,
164,4,4,7,7,5,0,5,1,4,3,7,7,5,0,5,154,4,4,7,7,4,0,5,77,4,7,7,5,1,5,4,1,4,3,7,7,5,0,5,77,4,4,7,7,5,0,5,4,7,7,
167,5,4,7,8,6,0,6,2,4,4,8,8,5,2,6,155,5,5,7,8,5,0,6,79,4,8,8,6,2,6,4,2,5,4,7,8,6,0,6,79,4,5,8,8,5,2,6,5,7,8,
188,4,4,7,7,5,0,5,1,4,4,7,7,4,1,5,178,4,4,7,8,5,0,5,83,4,7,7,5,1,5,4,1,4,4,7,7,5,0,5,83,4,4,7,7,5,1,5,4,7,8,
167,4,4,7,8,5,0,5,1,4,4,7,7,5,1,5,159,4,4,7,8,5,0,6,78,4,8,7,5,1,5,4,1,4,4,7,7,5,0,5,78,4,4,7,7,5,1,5,4,7,8,
162,4,4,7,8,5,0,5,1,4,4,7,7,5,1,5,154,4,4,7,8,5,0,5,77,4,7,7,5,1,5,4,1,4,4,7,8,5,0,5,77,4,4,7,7,5,1,5,4,7,8,
161,5,4,7,8,5,0,6,2,4,4,7,8,5,1,5,152,5,4,7,8,5,0,6,78,4,8,8,5,1,5,4,2,5,4,7,8,5,0,6,78,4,4,7,8,5,1,5,5,7,8,
166,5,4,13,11,8,0,6,2,4,4,13,10,8,2,6,158,4,4,13,11,8,0,6,83,4,13,10,8,1,6,4,2,5,4,13,10,8,0,6,83,4,4,13,10,8,2,6,5,13,11,
166,5,4,7,8,6,0,6,2,5,4,8,7,5,2,6,157,5,5,8,8,5,0,6,82,4,8,8,6,2,6,4,2,5,4,7,8,6,0,6,82,5,5,8,7,5,2,6,5,8,8,
168,5,4,7,8,6,0,6,2,4,4,7,7,5,1,5,159,5,4,7,8,5,0,6,82,4,8,8,6,2,6,4,2,5,4,7,8,6,0,6,82,4,4,7,7,5,1,5,5,7,8,
164,4,4,7,7,5,0,5,1,4,4,7,7,5,1,5,154,4,4,7,8,4,0,5,78,4,7,7,5,1,5,4,1,4,4,7,7,5,0,5,78,4,4,7,7,5,1,5,4,7,8,
166,4,3,7,7,5,0,5,1,4,3,7,6,5,1,5,155,4,3,7,7,5,0,5,79,3,7,6,5,1,5,3,1,4,3,7,6,5,0,5,79,4,3,7,6,5,1,5,4,7,7,
167,7,4,7,7,5,0,5,1,7,4,7,7,5,1,5,157,6,4,7,8,5,0,5,81,6,7,7,5,1,5,4,1,7,4,7,7,5,0,5,81,7,4,7,7,5,1,5,6,7,8,
165,4,4,7,7,5,0,5,1,4,4,7,7,5,1,5,156,4,4,7,8,5,0,5,77,4,7,7,5,1,5,4,1,4,4,7,7,5,0,5,77,4,4,7,7,5,1,5,4,7,8,
165,6,6,17,8,6,0,6,2,6,4,18,7,6,1,6,157,6,6,18,8,6,0,6,81,4,18,7,6,1,6,6,2,6,4,17,8,6,0,6,81,6,6,18,7,6,1,6,6,17,8,
165,4,4,7,8,5,0,5,2,4,4,7,7,5,1,5,156,4,4,7,8,5,0,6,81,4,7,7,5,1,5,4,2,4,4,7,8,5,0,5,81,4,4,7,7,5,1,5,4,7,8,
167,5,4,13,10,8,0,6,2,5,4,13,10,8,1,6,160,4,5,13,11,7,0,6,83,4,13,10,8,2,6,4,2,5,4,13,10,8,0,6,83,5,5,13,10,7,1,5,4,13,11,
168,4,3,6,7,5,0,5,1,4,3,7,7,4,0,5,159,4,4,7,7,4,0,5,82,4,7,7,5,1,5,3,1,4,3,6,7,5,0,5,82,4,4,7,7,4,0,5,4,7,7,
191,4,4,7,7,5,0,5,1,4,3,7,7,4,1,5,181,4,4,7,7,4,0,5,100,4,7,7,5,1,5,4,1,4,3,7,7,5,0,5,100,4,4,7,7,4,1,5,4,7,7,
166,14,4,7,7,5,0,5,1,14,4,7,7,4,1,5,156,13,4,7,7,4,0,6,80,14,7,7,5,1,5,4,1,14,4,7,7,5,0,5,80,14,4,7,7,4,1,5,13,7,7,
165,4,4,7,7,5,0,8,1,4,4,7,7,5,1,8,155,4,4,7,8,5,0,8,78,4,7,7,5,1,8,4,1,4,4,7,7,5,0,8,78,4,4,7,7,5,1,8,4,7,8,
168,4,4,7,7,5,0,5,1,4,3,7,7,5,1,5,159,4,4,7,8,5,0,5,82,4,7,8,5,1,5,4,1,4,3,7,7,5,0,5,82,4,4,7,7,5,1,5,4,7,8,
170,4,4,7,7,5,0,5,1,4,4,7,7,5,1,5,158,4,4,7,8,5,0,6,79,4,7,7,5,1,5,4,1,4,4,7,7,5,0,5,79,4,4,7,7,5,1,5,4,7,8,
167,5,4,7,8,5,0,6,2,4,4,7,7,5,1,6,159,4,4,7,8,5,0,6,80,4,8,8,5,1,6,4,2,5,4,7,8,6,0,6,80,4,4,7,7,5,1,6,4,7,8,
166,4,4,7,7,5,0,5,1,4,4,7,7,5,1,5,155,4,4,7,7,5,0,5,79,4,7,7,5,1,5,4,1,4,4,7,7,5,0,5,79,4,4,7,7,5,1,5,4,7,7,
168,5,4,14,11,9,0,6,2,5,4,14,11,8,2,6,159,4,5,14,11,8,0,6,83,5,14,11,9,2,6,4,2,5,4,14,11,9,0,6,83,5,5,14,11,8,2,6,4,14,11,
168,4,3,6,7,5,0,5,1,4,3,7,7,4,0,5,158,3,4,7,7,4,0,5,82,3,7,7,5,1,5,3,1,4,3,6,7,5,0,5,82,4,4,7,7,4,0,5,3,7,7,
170,4,4,7,7,5,0,5,1,4,3,7,7,5,1,5,160,4,4,7,7,4,0,5,80,4,7,7,5,1,5,4,1,4,3,7,7,5,0,5,80,4,4,7,7,5,1,5,4,7,7,
168,4,4,7,7,5,0,5,1,4,3,7,7,4,0,5,159,4,4,7,8,4,0,5,80,4,7,7,5,1,5,4,1,4,3,7,7,5,0,5,80,4,4,7,7,4,0,5,4,7,8,
164,4,4,6,7,5,0,5,1,4,3,7,7,4,1,5,154,4,4,6,7,4,0,5,78,4,7,7,5,1,5,4,1,4,3,6,7,5,0,5,78,4,4,7,7,4,1,5,4,6,7,
166,4,4,7,7,5,0,5,1,4,4,7,7,5,23,5,158,4,4,7,8,5,0,5,81,4,7,7,5,1,5,4,1,4,4,7,7,5,0,5,81,4,4,7,7,5,23,5,4,7,8,
169,7,4,7,7,5,1,6,2,7,4,7,7,5,1,5,161,7,4,7,8,5,1,6,80,7,7,7,5,2,5,4,2,7,4,7,7,5,0,6,80,7,4,7,7,5,1,5,7,7,8,
169,5,4,7,8,6,0,6,2,5,4,7,7,5,1,5,158,27,4,7,8,5,0,6,80,4,8,7,6,2,5,4,2,5,4,7,8,6,0,6,80,5,4,7,7,5,1,5,27,7,8,
183,5,4,6,9,5,0,6,2,5,4,7,9,5,1,6,175,5,4,7,10,5,0,6,98,5,7,9,5,2,6,4,2,5,4,6,9,5,0,6,98,5,4,7,9,5,2,6,5,7,9,
169,5,4,9,10,8,0,6,2,5,4,10,10,5,1,6,160,5,5,10,10,5,0,6,83,4,10,10,8,2,6,4,2,5,4,9,10,8,0,6,83,5,5,10,10,5,1,6,5,10,10,
173,4,4,7,7,5,0,5,23,4,4,7,7,5,0,5,161,4,4,7,8,4,0,5,84,4,7,7,5,1,5,4,23,4,3,7,7,5,0,5,84,4,4,7,7,5,1,5,4,7,8,
168,4,4,6,7,5,0,5,1,4,4,7,7,4,0,5,158,4,4,7,7,4,0,5,78,4,7,7,5,1,5,4,1,4,4,6,7,5,0,5,78,4,4,7,7,4,0,5,4,7,7,
165,4,4,7,7,5,0,5,1,4,4,7,7,5,1,5,155,4,4,7,8,5,0,5,79,4,7,7,5,1,5,4,1,4,4,7,7,5,0,5,79,4,4,7,7,5,1,5,4,7,8,
169,5,6,7,7,5,0,7,3,5,6,7,7,5,1,7,161,5,6,7,8,5,0,7,85,5,7,7,5,1,7,6,3,5,6,7,7,5,0,7,85,5,6,7,7,5,1,7,5,7,8,
168,5,4,7,8,5,0,6,1,4,4,7,7,5,1,5,160,5,4,7,8,5,0,6,84,4,7,7,5,1,5,4,1,5,4,7,8,6,0,6,84,4,4,7,7,5,1,5,5,7,8,
