139,2,2,2,3,2,0,2,1,2,2,2,3,1,0,2,130,2,2,2,3,1,0,2,72,1,3,3,1,0,2,2,0,3,2,2,3,2,0,2,72,3,2,2,2,1,0,2,1,3,3,
117,2,2,2,3,2,0,3,2,2,2,3,3,2,1,2,113,2,2,3,3,2,0,3,58,1,3,3,2,1,3,2,1,2,2,3,3,2,1,3,58,2,2,3,3,2,1,2,1,3,3,
118,2,2,2,3,2,0,3,1,2,2,4,3,1,0,2,114,1,2,3,3,2,0,2,59,1,4,2,1,1,3,2,1,1,2,2,3,2,0,3,59,1,2,4,3,2,0,2,1,3,3,
119,2,2,2,2,1,0,2,1,2,2,2,2,1,0,2,115,1,3,2,2,1,0,3,59,1,3,2,1,0,3,3,1,2,2,2,2,2,0,3,59,2,3,2,2,1,0,2,1,2,2,
119,1,1,2,2,1,0,2,1,1,1,2,2,1,0,1,114,1,1,3,2,1,0,2,55,0,3,1,1,0,2,1,0,1,1,2,2,1,0,2,55,1,1,2,2,1,0,1,1,3,2,
116,1,1,1,2,1,0,2,1,1,1,2,2,1,0,1,111,0,1,2,2,1,0,2,55,0,2,1,1,0,2,1,0,1,1,1,2,1,0,1,56,1,1,2,2,1,0,1,0,2,2,
117,1,1,2,2,1,0,2,1,1,1,2,2,1,0,2,112,1,1,2,2,1,0,2,56,0,3,2,1,0,2,1,1,1,1,2,2,2,0,2,56,1,1,2,2,1,0,2,1,2,2,
122,1,1,7,2,3,0,2,1,1,1,7,3,1,0,2,117,1,2,7,2,1,0,2,62,1,7,2,1,0,2,1,1,1,1,7,3,2,0,2,62,1,2,7,2,1,0,2,1,7,2,
119,3,2,2,4,3,0,2,1,1,2,2,2,2,0,2,115,1,2,2,4,1,0,2,57,1,3,2,3,0,2,2,1,3,2,2,4,3,0,2,57,1,2,2,2,2,0,2,1,3,3,
118,2,2,2,3,2,0,2,2,2,2,2,3,2,1,2,114,1,2,3,3,2,0,2,58,1,3,2,2,1,3,2,1,2,2,2,3,2,1,2,59,1,2,2,2,2,1,2,1,3,3,
116,2,2,3,3,3,0,2,1,2,2,3,3,2,0,2,112,1,2,3,3,2,0,3,57,1,3,2,2,0,3,2,1,2,1,2,3,3,0,2,57,1,2,3,3,2,0,2,1,3,3,
119,2,5,2,2,2,0,2,2,2,5,2,2,2,0,3,113,2,5,2,3,2,0,3,57,1,3,2,2,0,3,5,2,2,5,2,3,2,0,2,57,2,5,2,2,2,0,3,2,2,3,
118,1,1,2,2,2,0,2,1,1,1,2,2,1,0,2,113,1,1,2,2,1,0,2,56,0,3,2,1,0,2,1,1,1,1,2,2,2,0,2,56,1,1,2,2,1,0,2,1,2,2,
117,1,1,2,2,2,0,2,1,1,1,2,2,1,0,2,113,1,1,2,3,1,0,2,57,1,3,2,2,0,2,1,1,2,1,2,2,2,0,2,58,1,1,2,2,1,0,2,1,3,3,
115,2,1,2,2,1,0,2,1,1,1,2,2,1,0,2,112,1,1,2,3,1,0,2,56,1,3,2,1,0,2,1,1,2,1,2,2,2,0,2,56,1,1,2,2,1,0,2,1,3,2,
115,2,2,2,3,2,0,2,2,1,2,2,3,1,0,2,112,1,2,2,3,1,0,3,56,1,3,2,2,0,3,2,1,2,2,2,3,2,0,2,56,1,2,2,2,1,0,2,1,3,3,
118,3,2,2,3,2,0,2,1,3,2,3,3,2,1,2,115,3,2,3,3,2,0,2,59,2,3,3,2,1,2,2,1,3,2,3,3,2,1,2,59,3,2,3,3,2,1,2,3,3,3,
120,1,1,2,2,2,0,2,1,1,1,2,2,1,0,1,113,0,1,2,2,1,0,3,57,0,3,2,1,0,2,1,1,1,1,2,2,1,0,2,57,1,1,2,2,1,0,1,0,2,2,
117,1,1,2,2,2,0,2,1,1,1,2,2,1,0,2,112,1,2,2,2,1,0,2,56,0,3,2,1,0,2,1,1,1,1,2,2,1,0,2,56,1,1,2,2,1,0,2,1,2,2,
117,2,1,2,3,2,0,2,1,2,1,2,2,1,0,2,113,1,2,2,2,2,0,2,56,1,3,2,2,0,2,1,1,2,1,2,3,2,0,2,56,1,2,2,2,1,0,2,1,3,2,
139,1,1,2,2,2,0,2,1,1,1,2,2,1,0,2,135,1,1,2,2,2,0,2,80,1,3,2,1,0,2,1,1,1,1,2,3,2,0,2,80,1,1,2,2,1,0,2,1,2,2,
128,2,2,2,3,2,1,2,1,1,2,2,3,2,1,2,116,1,2,3,3,2,0,3,57,1,3,2,2,1,2,2,1,2,2,2,3,2,1,2,57,1,2,2,3,2,1,2,1,3,3,
116,8,2,2,3,2,1,3,1,7,2,2,3,2,1,2,112,7,2,3,3,2,0,3,56,7,3,2,2,1,3,2,1,7,2,2,3,2,1,3,56,7,2,2,2,2,1,2,7,3,3,
119,2,1,2,2,1,0,2,1,2,1,2,2,1,0,2,114,1,1,2,2,1,0,3,58,0,2,2,1,0,2,1,1,1,1,2,2,1,0,2,58,1,1,2,2,1,0,2,1,3,2,
120,1,1,2,2,1,0,2,0,2,1,2,2,1,0,1,115,1,1,2,2,1,0,2,59,0,5,2,1,0,2,1,0,1,1,2,5,1,0,1,59,1,1,2,2,1,0,1,1,5,2,
120,2,1,2,3,2,0,2,1,2,1,2,2,1,0,2,116,2,1,2,2,1,0,2,57,1,3,2,1,0,2,1,1,2,1,2,3,2,0,2,57,1,1,2,2,1,0,2,2,3,2,
116,2,2,2,2,2,0,2,1,2,2,2,2,2,0,2,113,1,2,2,2,1,0,2,56,1,3,2,1,0,2,2,1,1,2,2,3,2,0,2,56,1,2,2,2,1,0,2,2,3,2,
115,2,2,2,3,2,0,2,2,2,2,2,3,2,1,2,112,2,2,3,3,2,1,2,56,1,3,3,2,1,2,2,1,2,2,2,3,2,0,2,56,1,2,2,3,1,1,2,2,3,3,
119,1,1,4,2,1,0,1,1,1,1,4,2,1,0,1,114,1,1,4,2,1,0,2,58,1,5,1,1,0,1,1,1,1,1,4,2,1,0,1,58,1,1,4,2,1,0,1,1,4,2,
120,1,1,2,2,1,0,2,1,1,1,2,2,1,0,2,115,1,1,2,2,1,0,2,56,0,2,1,1,0,2,1,1,1,1,2,2,1,0,1,56,1,1,2,2,1,0,2,1,2,2,
120,1,1,2,2,1,0,2,1,1,2,2,2,1,0,1,115,1,2,2,2,1,0,2,59,0,3,2,1,0,2,1,1,1,1,2,2,1,0,1,59,1,2,2,2,1,0,1,1,2,2,
116,2,1,2,3,2,0,2,1,2,1,2,2,2,0,2,112,2,2,2,2,1,0,2,57,1,3,2,1,0,2,1,1,2,1,2,3,2,0,2,57,1,2,2,2,1,0,2,2,3,2,
118,5,4,5,5,4,0,5,1,5,5,5,5,1,0,5,114,5,5,5,5,1,0,5,59,1,5,5,1,0,5,2,1,5,5,5,5,5,0,5,59,5,5,5,5,1,0,5,5,5,5,
118,2,2,2,3,2,0,2,2,2,2,2,3,2,1,2,114,2,2,2,2,2,0,2,56,2,3,2,2,1,2,2,2,2,2,2,3,2,0,2,56,2,2,2,2,2,1,2,2,3,2,
117,1,1,2,2,2,0,2,1,1,1,2,2,1,0,2,112,1,1,2,2,1,0,2,56,0,3,2,1,0,2,1,1,1,1,2,2,2,0,2,56,1,1,2,2,1,0,2,1,2,2,
117,1,1,2,2,1,0,2,1,1,1,2,2,1,0,2,114,1,1,2,2,1,0,2,56,0,3,1,1,0,2,1,1,1,1,2,2,1,0,2,56,1,1,2,2,1,0,2,1,3,2,
118,2,1,2,3,1,0,2,1,1,2,2,2,1,0,2,114,1,1,2,2,1,0,2,57,1,3,2,1,0,2,1,1,1,1,2,3,2,0,2,57,1,1,2,2,1,0,2,2,2,2,
123,5,2,2,3,2,0,2,1,5,2,2,3,1,1,2,119,4,2,3,2,1,0,2,60,4,3,2,2,1,2,2,1,5,2,2,3,2,0,2,60,4,2,2,2,1,1,2,5,3,2,
122,1,1,1,1,1,0,1,1,1,1,1,2,0,0,1,114,0,1,1,1,0,0,1,57,0,2,1,0,0,1,1,0,1,1,1,1,1,0,1,57,0,1,1,1,0,0,1,1,2,1,
118,1,1,1,2,1,0,1,1,1,1,1,2,0,0,1,113,1,1,2,2,1,0,2,57,0,2,1,1,0,1,1,1,1,1,2,2,1,0,1,57,1,1,1,2,0,0,1,1,2,2,
136,1,1,2,2,1,0,1,1,1,1,2,2,2,0,1,131,1,2,2,2,1,0,2,59,0,2,2,1,0,1,2,1,1,1,2,2,2,0,1,59,1,1,2,2,1,0,2,1,2,2,
124,1,1,2,2,1,0,1,1,1,1,2,2,1,0,2,120,1,3,2,2,2,0,2,61,0,2,2,1,0,2,1,1,1,1,2,2,2,0,1,61,1,3,2,2,1,0,2,1,2,2,
121,2,2,2,2,1,0,2,1,1,2,2,2,1,0,2,117,1,2,2,2,1,0,2,57,1,2,2,1,0,2,2,1,2,2,2,2,2,0,2,57,1,2,2,2,1,0,2,2,3,2,
117,2,2,2,2,2,0,2,1,2,2,2,2,1,0,2,113,2,2,2,2,1,0,2,57,2,2,2,2,0,2,2,1,2,2,2,2,2,0,2,58,2,2,2,3,2,0,2,2,3,2,
122,2,2,2,2,2,0,2,1,2,2,3,3,2,0,2,118,2,2,3,3,2,0,2,61,1,3,2,2,0,2,2,1,2,2,3,2,2,0,2,61,2,2,2,3,2,0,2,2,3,3,
125,1,1,1,2,1,0,1,1,1,1,2,2,1,0,1,120,1,1,2,2,1,0,2,65,0,2,1,1,0,1,1,1,1,1,2,2,1,0,1,65,1,1,2,2,1,0,1,1,2,2,
125,9,1,4,4,1,0,4,0,9,1,4,4,0,0,1,118,9,4,4,4,1,0,4,58,9,4,4,1,0,4,1,0,9,0,4,4,1,0,4,58,9,4,4,4,1,0,4,10,4,4,
119,1,1,2,2,1,0,2,1,2,1,2,2,1,0,2,114,1,1,2,2,1,0,2,57,0,2,2,1,0,2,1,1,1,1,2,2,1,0,1,57,1,1,2,2,1,0,2,1,2,2,
118,2,1,2,2,1,0,2,1,1,1,2,2,1,0,2,114,1,2,2,2,1,0,2,57,1,2,2,1,0,2,1,1,1,1,2,2,2,0,2,57,1,2,2,2,1,0,2,1,2,2,
120,2,2,4,3,2,0,2,1,2,2,5,3,2,0,2,116,2,2,5,3,1,0,2,59,1,5,2,2,0,2,2,1,2,2,5,3,2,0,2,59,2,2,5,3,2,0,2,2,5,3,
122,2,2,2,2,2,0,2,1,2,2,2,3,2,0,2,118,2,2,3,2,1,0,2,58,1,2,2,2,0,2,2,1,2,2,3,2,2,0,2,58,2,2,3,3,2,0,2,2,3,2,
123,1,1,1,2,1,0,1,1,1,1,2,2,1,0,1,115,1,1,2,2,1,0,2,59,0,1,1,1,0,1,1,1,1,1,2,2,1,0,1,59,1,1,2,2,1,0,1,1,2,2,
120,2,2,2,2,1,0,2,1,1,1,2,2,1,0,2,115,1,1,2,2,1,0,2,57,1,2,2,1,0,2,1,1,2,1,2,2,2,0,2,57,1,1,2,2,1,0,2,2,2,2,
120,2,5,1,2,1,1,2,1,1,5,2,2,1,0,2,115,1,5,2,2,1,1,2,58,1,2,2,1,0,2,5,1,1,5,1,2,1,1,2,58,1,5,2,2,1,1,2,2,2,2,
121,2,2,2,2,2,0,2,1,2,1,2,2,1,0,2,117,1,1,2,3,1,0,2,57,1,2,2,1,0,2,1,1,2,1,2,2,2,0,2,57,1,2,2,2,2,0,2,2,2,3,
118,2,2,2,4,2,0,2,1,2,2,3,4,2,0,2,114,2,2,3,3,1,0,2,58,1,2,2,2,1,2,2,1,2,2,2,4,2,0,2,58,2,2,3,4,2,0,2,2,3,3,
121,2,2,2,3,2,1,2,1,2,2,2,3,2,0,2,117,2,2,3,3,1,0,2,61,1,2,2,2,1,2,2,1,2,2,2,3,2,1,2,61,2,2,3,3,2,0,2,2,3,3,
118,2,2,2,3,2,0,2,2,2,2,3,3,2,1,2,114,2,2,3,3,1,1,3,58,1,2,2,2,1,2,2,2,2,2,2,3,2,1,2,58,2,2,3,3,2,1,2,2,3,3,
120,4,2,3,3,2,0,2,2,4,2,3,3,2,1,2,116,4,2,3,3,2,1,3,60,4,3,3,2,1,2,2,1,4,2,3,3,2,0,2,60,4,2,3,3,2,1,2,4,3,3,
117,2,2,2,3,2,1,2,2,2,2,3,3,2,1,2,113,2,2,3,3,2,1,3,57,1,2,2,2,0,2,2,2,2,2,2,3,3,1,2,57,2,2,3,3,2,1,2,2,3,3,
137,2,2,2,2,2,0,2,1,2,1,2,2,1,0,2,134,1,2,2,3,1,0,2,56,1,2,2,1,0,2,1,1,1,1,2,2,2,0,2,56,1,2,3,2,2,0,2,2,3,3,
122,2,2,2,3,2,0,3,2,2,2,3,3,2,1,3,119,2,2,3,3,2,0,3,61,1,3,2,2,1,3,2,2,2,2,2,3,2,0,2,61,2,2,3,3,2,1,3,2,3,3,
120,1,1,1,2,1,0,1,1,1,1,2,2,1,0,1,115,1,1,2,2,1,0,2,59,0,1,1,1,0,1,1,1,1,1,1,2,1,0,1,60,1,1,2,2,1,0,1,1,2,2,
121,3,1,1,2,1,0,1,1,1,1,2,2,1,0,1,116,1,1,2,2,1,0,2,57,0,2,1,1,0,2,1,1,1,1,1,2,1,0,1,57,1,1,2,2,1,0,2,1,2,2,
118,3,2,3,3,3,0,3,2,3,2,3,3,2,1,3,114,2,2,3,4,2,1,3,58,2,3,3,2,1,3,2,2,3,2,3,3,3,0,3,58,2,2,3,3,2,1,3,2,3,3,
118,1,2,2,2,1,0,2,1,1,2,2,2,1,0,2,114,1,2,3,2,1,0,2,58,1,2,2,1,0,2,2,1,1,2,2,2,2,0,2,58,1,2,2,2,1,0,2,1,3,2,
120,2,2,2,2,2,0,2,1,2,2,2,2,1,0,2,116,1,2,3,3,1,0,2,60,1,2,2,2,0,2,2,1,1,2,2,2,2,0,2,60,1,2,2,2,2,0,2,2,3,3,
120,2,2,3,3,2,0,2,1,2,2,3,3,2,0,2,116,2,2,3,3,1,0,2,57,1,3,2,2,0,2,2,1,2,2,3,3,2,0,2,57,2,2,3,3,2,1,2,2,3,3,
117,2,2,2,3,2,0,3,2,2,2,2,3,2,0,2,113,1,2,3,3,1,0,2,57,1,2,2,2,0,2,2,1,2,2,3,3,2,0,2,57,1,2,3,3,2,0,2,2,3,3,
119,2,2,3,3,2,0,2,2,2,2,3,3,2,1,2,116,2,2,3,3,2,1,3,59,1,2,2,2,0,2,2,2,2,2,3,3,2,1,2,59,2,2,3,3,2,1,2,2,3,3,
121,1,1,2,2,1,0,2,1,1,1,2,2,1,0,2,116,1,2,2,2,1,0,2,59,0,2,2,1,0,2,1,1,1,1,2,2,1,0,2,59,1,2,2,2,1,0,2,1,2,2,
129,2,1,2,2,1,0,2,1,1,1,2,2,1,0,2,124,1,1,2,2,1,0,2,57,1,2,2,1,0,2,1,1,1,1,2,2,1,0,2,57,1,1,2,2,1,0,2,1,2,2,
122,2,2,2,2,1,0,2,1,1,2,2,2,1,0,2,118,1,2,2,3,1,0,2,57,1,2,2,1,0,2,2,1,1,2,2,2,1,0,2,58,1,2,2,2,1,0,2,1,2,2,
123,2,2,2,3,2,0,2,2,2,2,3,3,2,1,2,119,2,2,3,3,1,0,3,59,1,2,2,2,1,2,2,1,2,2,2,3,2,0,2,59,2,2,3,3,2,1,2,2,3,3,
125,4,5,4,4,5,0,5,5,5,5,4,5,4,0,5,121,5,5,4,5,4,0,5,61,1,5,4,4,0,5,5,5,4,5,4,4,5,0,5,61,5,5,4,5,4,0,5,5,4,5,
122,1,1,2,2,1,0,1,1,1,1,2,2,1,0,1,117,1,1,2,2,1,0,2,57,0,2,2,1,0,1,1,1,1,1,2,2,1,0,1,57,1,1,2,2,1,0,1,1,2,2,
118,2,1,2,2,1,0,2,1,1,1,2,2,1,1,2,113,1,1,2,3,1,0,2,57,1,2,2,1,0,2,1,1,1,1,2,2,1,0,2,57,1,2,2,2,1,0,2,1,2,3,
117,1,1,1,2,1,0,2,1,1,1,2,2,1,0,2,112,1,1,2,2,1,0,2,56,0,2,2,1,0,2,1,1,1,1,2,2,1,0,2,56,1,1,2,2,1,0,2,1,2,2,
121,2,2,2,2,1,0,2,1,2,1,2,2,1,0,2,113,1,2,2,3,1,0,2,57,1,2,2,1,0,2,2,1,1,1,2,2,1,0,2,57,1,2,2,2,1,0,2,2,2,2,
120,2,2,2,2,1,0,2,1,2,2,2,3,1,0,2,116,1,2,3,3,1,0,2,60,1,2,2,2,0,2,2,1,2,2,2,2,1,0,2,60,1,2,3,2,2,0,2,2,2,3,
126,2,2,2,3,2,0,2,2,2,2,3,3,2,0,2,122,2,2,3,3,2,0,3,58,1,2,2,2,0,2,2,2,2,2,2,3,2,0,2,58,2,2,3,3,2,0,2,2,3,3,
135,1,1,2,2,1,0,1,1,1,1,2,2,1,0,1,130,1,1,2,2,1,0,1,74,0,2,1,1,0,1,1,1,1,1,1,2,1,0,1,74,1,1,2,2,1,0,1,1,2,2,
119,2,2,2,2,1,0,2,2,2,2,3,3,1,0,2,114,2,2,3,3,1,0,3,57,1,2,2,2,0,2,2,1,2,2,2,2,1,0,2,58,1,2,3,2,2,0,2,2,3,3,
120,2,1,2,2,2,0,2,1,2,1,2,2,1,0,2,116,1,1,2,4,1,0,3,60,1,2,2,2,0,2,1,1,1,1,2,2,2,0,2,60,1,1,3,2,1,0,2,1,2,3,
119,1,1,2,2,1,0,2,1,1,1,2,2,1,0,2,115,1,1,2,2,1,0,2,56,0,2,2,1,0,2,1,1,1,1,2,2,1,0,2,56,1,1,2,2,1,0,2,1,2,2,
119,2,2,2,3,2,0,2,1,2,1,3,3,2,1,2,115,2,2,3,3,2,0,2,59,1,3,2,2,1,2,1,1,2,1,2,3,2,0,2,59,2,2,3,3,2,1,2,2,3,3,
119,2,2,2,3,2,0,2,1,2,2,3,3,2,0,2,115,2,2,3,3,1,0,2,58,1,2,2,2,1,2,2,1,2,2,2,3,2,0,2,58,2,2,3,2,2,1,2,2,3,3,
121,2,2,2,2,1,1,2,1,2,2,3,3,1,0,2,118,1,2,3,3,1,1,2,60,1,2,2,2,0,2,2,1,1,2,2,2,1,1,2,60,1,2,3,2,2,0,2,2,2,3,
121,1,1,1,2,1,0,1,1,1,1,2,2,1,0,1,117,1,1,2,2,1,0,2,56,0,2,1,1,0,1,1,1,0,1,1,2,1,0,1,56,1,1,2,2,1,0,1,1,2,2,
117,1,1,2,2,1,0,1,1,1,1,2,2,1,0,1,114,1,1,2,2,1,0,2,57,0,2,2,1,0,2,1,1,1,1,2,2,1,0,1,57,1,1,2,2,1,0,1,1,2,2,
119,1,1,2,2,1,0,2,1,1,1,2,2,1,0,2,115,1,1,2,2,1,0,2,56,0,2,2,1,0,2,1,1,1,1,2,2,1,0,2,56,1,1,2,2,1,0,2,1,2,2,
121,2,2,3,3,3,0,2,1,2,1,4,4,2,0,2,117,1,2,4,4,3,0,2,60,1,4,3,3,0,2,1,1,1,1,3,3,3,0,2,60,2,2,4,3,3,0,2,1,3,4,
127,2,2,2,3,2,0,2,2,2,2,3,3,2,0,2,124,2,2,3,3,2,0,2,59,2,3,2,2,0,2,2,2,2,2,2,3,2,0,2,59,2,2,3,3,2,0,2,2,3,3,
119,1,2,3,3,2,1,2,1,2,2,3,3,2,0,2,115,2,2,3,3,2,1,2,58,1,3,3,2,1,2,2,1,1,2,3,3,2,1,2,59,2,2,4,3,2,0,2,2,3,3,
118,1,1,2,2,1,0,2,1,1,2,2,2,1,0,2,113,1,1,2,2,1,0,2,57,0,2,2,1,0,2,1,1,1,1,2,2,1,0,2,57,1,2,2,2,1,0,2,1,2,2,
123,2,1,2,3,2,0,2,1,2,2,3,2,1,1,2,120,2,1,3,3,1,0,2,61,1,3,3,2,1,2,1,1,2,1,2,3,2,0,2,61,2,2,3,2,2,1,2,2,2,3,
122,1,1,2,2,1,0,2,1,1,1,2,2,1,0,2,119,1,1,2,2,1,0,2,58,1,2,2,1,0,2,1,1,1,1,2,2,1,0,2,58,1,1,2,2,1,0,2,1,2,2,
120,1,1,2,2,1,0,2,1,1,1,2,2,1,0,2,115,1,1,2,3,1,0,2,58,1,2,2,1,0,2,1,1,1,1,2,2,1,0,2,59,1,1,2,2,1,0,2,1,2,3,
117,1,1,2,2,1,0,2,1,2,1,3,2,1,1,2,113,1,2,3,3,1,0,2,57,1,3,2,1,0,2,1,1,1,1,2,2,2,0,2,58,1,2,3,2,2,1,2,2,3,3,
117,1,4,2,2,1,0,2,1,1,4,2,2,1,0,2,114,1,4,3,3,1,0,2,57,1,2,2,1,0,2,4,1,1,4,2,2,1,0,3,58,1,5,3,2,1,0,2,2,2,3,
125,1,2,2,2,2,0,3,1,2,2,3,2,2,1,2,121,2,2,3,3,2,0,2,58,1,2,2,2,1,2,2,1,1,2,2,2,2,0,3,59,2,2,3,3,2,1,2,2,3,3,
140,1,1,2,2,1,0,2,0,1,1,2,2,1,0,1,135,1,1,2,2,1,0,2,76,1,2,2,1,0,2,1,0,1,1,2,2,1,0,2,76,1,1,2,2,1,0,2,1,2,3,
119,1,1,2,2,1,0,2,1,1,1,2,2,1,0,2,115,1,1,2,2,1,0,2,58,1,2,2,1,0,2,1,1,1,1,2,2,1,0,2,59,1,2,2,2,1,0,2,1,2,2,
117,1,1,2,2,1,0,2,1,2,2,2,2,1,0,2,113,1,1,2,2,1,0,2,57,1,2,2,1,0,2,1,1,1,1,2,2,1,0,2,57,1,2,2,2,1,0,2,1,2,2,
122,1,2,2,2,2,0,2,1,2,2,3,2,1,1,2,118,2,2,3,3,2,0,2,61,1,2,3,2,1,3,2,1,1,2,2,2,2,0,3,61,2,2,3,3,2,1,2,1,3,3,
122,1,2,2,2,2,0,2,1,2,2,3,2,2,0,2,119,1,2,3,3,2,0,2,59,1,2,2,2,0,3,2,1,1,2,2,2,2,0,3,60,1,2,3,3,2,0,2,2,3,3,
118,0,1,1,1,0,0,2,0,1,1,2,1,0,0,1,113,1,1,2,2,1,0,2,56,0,1,1,0,0,2,1,0,0,1,1,1,0,0,2,57,1,1,2,1,1,0,2,1,2,2,
118,1,1,2,2,1,0,2,0,1,1,2,2,1,0,2,113,1,1,2,2,1,0,2,56,0,2,2,1,0,2,1,0,1,1,2,2,1,0,2,56,1,1,2,2,1,0,2,1,2,2,
121,1,1,2,2,1,0,2,1,1,1,2,2,1,0,2,117,1,1,2,2,1,0,2,61,0,2,2,1,0,2,1,1,1,1,2,2,1,0,2,62,1,1,2,2,1,0,2,1,2,2,
119,1,1,2,2,1,0,2,1,1,1,2,2,1,0,2,115,1,1,2,2,1,0,2,57,0,2,2,1,0,2,1,1,1,1,2,2,1,0,2,57,1,1,2,2,1,0,2,1,2,2,
118,1,2,2,2,2,0,2,1,2,1,3,2,1,0,2,114,1,2,2,3,1,0,3,59,1,2,2,1,0,2,2,1,1,1,2,2,2,0,2,59,1,2,3,2,1,0,2,2,3,3,
116,2,2,2,2,1,0,2,1,2,2,3,2,1,0,2,113,2,2,3,3,1,0,3,57,1,2,2,1,0,2,2,1,1,2,2,2,1,0,3,57,2,2,3,2,1,0,2,2,3,3,
120,0,1,1,1,1,0,2,0,1,1,2,1,1,0,2,116,1,1,2,2,0,0,2,59,0,1,1,0,0,2,1,0,0,1,1,1,1,0,2,60,1,1,2,1,1,0,2,1,2,2,
121,1,1,2,2,1,0,2,0,1,1,2,2,1,0,2,117,1,1,2,2,1,0,2,58,0,2,2,1,0,2,1,0,1,1,2,2,1,0,2,58,1,1,2,2,1,0,2,1,2,2,
117,1,1,1,2,1,0,2,1,1,2,2,2,1,0,2,114,1,2,2,2,1,0,2,58,0,2,2,1,0,2,1,1,1,2,2,2,1,0,2,58,1,2,2,2,1,0,2,1,2,2,
120,1,1,2,2,1,0,2,1,1,2,2,2,1,0,2,116,1,1,2,3,1,0,2,60,0,2,2,1,0,2,1,1,1,1,2,2,1,0,2,60,1,1,2,2,1,0,2,1,2,3,
121,1,1,5,2,1,0,2,1,1,1,5,2,1,0,2,117,1,1,5,3,1,0,2,61,1,5,2,1,0,2,1,1,1,1,5,2,1,0,2,61,1,1,5,2,1,0,2,1,5,3,
121,1,2,2,2,1,0,2,1,1,2,2,2,2,0,2,117,1,2,2,3,1,0,3,57,1,2,2,1,0,2,1,1,1,2,2,2,1,0,3,58,1,2,3,2,1,0,2,1,2,3,
117,2,2,2,2,1,0,3,1,2,2,2,2,1,0,3,113,2,2,3,3,1,0,3,57,1,2,2,1,1,3,2,1,2,2,2,2,1,0,3,57,2,2,3,2,1,1,3,2,3,3,
117,1,1,2,4,1,0,2,0,1,1,2,4,1,0,1,112,1,1,2,4,1,0,2,56,0,2,4,1,0,1,1,0,1,1,2,4,1,0,2,56,1,1,2,4,1,0,2,1,2,4,
124,1,2,2,2,1,0,2,1,2,2,2,2,2,0,2,120,2,2,2,2,1,0,2,64,0,2,2,1,0,2,2,1,1,2,2,2,1,0,2,65,1,2,2,2,2,0,2,2,2,2,
132,1,1,1,2,1,0,2,1,1,1,2,2,1,0,2,129,1,1,2,2,1,0,2,59,0,2,2,1,0,2,1,1,1,1,1,3,1,0,2,73,1,1,2,2,1,0,2,1,2,2,
118,2,2,2,2,1,0,2,1,3,1,3,2,1,0,2,113,3,2,3,4,1,0,3,57,2,2,2,1,0,2,1,1,2,1,2,3,2,0,3,57,3,2,3,2,2,0,3,3,3,4,
117,1,2,2,2,1,0,2,1,1,2,2,2,2,0,2,113,1,2,3,3,1,0,3,57,1,2,2,1,0,2,2,1,1,1,2,3,1,0,2,57,1,2,3,2,1,0,2,1,3,3,
118,1,4,2,2,1,0,2,1,1,4,2,2,1,0,2,114,1,4,2,3,1,0,2,58,1,2,2,1,0,3,4,1,1,4,2,2,1,0,3,58,1,4,2,2,1,0,2,1,2,3,
120,1,1,2,2,1,0,2,0,1,1,2,2,1,0,2,115,1,1,2,3,1,0,2,56,0,2,2,1,0,1,1,0,1,1,2,2,1,0,2,56,1,1,2,2,1,0,2,1,2,3,
118,1,1,2,2,1,0,2,0,1,1,2,1,1,0,2,115,1,1,2,2,1,0,2,57,0,2,1,1,0,1,1,0,1,1,2,2,1,0,2,58,1,1,2,2,1,0,2,1,2,2,
118,1,1,1,2,1,0,2,1,1,1,2,2,1,0,2,114,1,1,2,2,1,0,2,57,0,2,1,1,0,2,1,1,1,1,2,2,1,0,2,58,1,1,2,2,1,0,2,1,2,2,
118,1,2,2,2,1,0,2,1,1,1,3,2,1,0,2,114,1,2,3,3,1,0,3,58,1,2,2,2,0,2,1,1,1,1,2,3,2,0,2,58,1,2,3,2,2,0,2,1,3,3,
119,2,2,2,2,1,0,2,1,2,2,3,2,1,0,2,116,2,2,3,3,1,0,3,59,1,2,2,1,0,2,1,1,2,1,2,3,1,0,2,59,2,2,3,2,1,0,2,2,2,3,
119,1,2,2,3,2,0,3,1,2,2,3,2,1,0,3,113,2,2,3,3,2,0,3,56,1,2,2,2,1,2,2,1,1,2,2,3,2,0,3,57,1,2,3,2,2,0,3,2,3,3,
117,1,1,1,2,1,0,2,0,1,1,2,2,1,0,2,112,1,1,2,3,1,0,2,55,0,2,1,1,0,2,1,0,1,1,2,2,1,0,2,56,1,1,2,2,1,0,2,1,2,2,
117,1,1,1,2,1,0,2,1,1,1,2,2,1,0,2,114,1,1,2,2,1,0,2,58,0,2,2,1,0,2,1,1,1,1,2,2,1,0,2,58,1,1,2,2,1,0,2,1,2,2,
121,1,2,2,2,1,0,2,1,1,2,2,2,1,0,2,117,1,2,2,2,1,0,2,60,0,2,2,1,0,2,1,1,1,2,2,2,1,0,2,60,1,2,2,2,1,0,2,1,2,2,
121,1,2,2,3,2,0,2,1,2,2,3,2,2,1,2,117,2,2,3,3,2,0,3,57,1,2,2,2,1,2,2,1,1,1,2,3,2,0,3,57,1,2,3,2,2,0,2,2,3,3,
118,0,1,1,2,1,0,1,0,1,1,2,1,1,0,1,113,1,1,2,2,1,0,2,56,0,1,1,1,0,1,1,0,0,1,1,2,1,0,2,57,0,1,1,1,1,0,2,1,2,2,
119,0,1,1,2,1,0,2,0,1,1,2,1,1,0,2,114,1,1,2,3,1,0,2,57,0,2,1,1,0,1,1,0,1,1,1,2,1,0,2,57,1,1,2,1,1,0,2,1,2,3,
120,1,1,2,3,1,0,2,0,1,1,2,2,1,0,2,116,1,1,2,3,1,0,3,60,1,2,2,1,0,2,1,0,1,1,2,3,1,0,2,60,1,1,2,2,1,0,2,1,2,3,
120,1,1,2,3,1,0,2,1,1,1,3,2,1,0,2,116,1,1,3,3,1,0,3,57,1,2,2,1,0,2,1,1,1,1,2,3,1,0,2,57,1,1,3,2,1,0,2,1,3,3,
116,1,2,2,3,2,0,2,1,2,2,2,2,1,0,2,112,1,2,2,3,1,0,2,56,1,2,2,1,0,2,2,1,1,2,2,3,2,0,3,56,1,2,2,2,2,0,2,1,3,3,
118,2,2,4,8,4,0,3,1,2,2,5,7,4,1,3,114,2,2,5,8,4,0,3,57,2,4,7,4,1,2,2,1,2,2,4,8,4,0,3,57,2,2,5,8,4,1,3,2,5,8,
137,1,1,1,2,1,0,2,1,1,1,2,2,1,0,2,132,1,1,2,2,1,0,2,76,1,2,2,1,0,2,1,1,1,1,1,2,1,0,2,76,1,1,2,2,1,0,2,1,2,2,
120,1,2,2,2,1,0,2,1,1,2,2,2,1,0,2,116,1,2,2,2,1,0,2,57,1,2,2,1,0,2,1,1,1,2,2,2,1,0,2,57,1,2,2,2,1,0,2,1,2,2,
119,1,1,1,2,1,0,2,1,1,1,2,2,1,1,2,114,1,2,2,2,1,0,2,57,1,2,2,2,1,2,1,1,1,1,1,2,1,0,2,57,1,1,2,2,1,1,2,1,2,2,
120,1,1,1,2,1,0,2,1,1,1,2,2,1,0,1,115,1,1,2,2,1,0,1,58,0,1,2,1,0,1,1,1,1,1,1,2,1,0,2,58,1,1,2,2,1,0,2,1,2,2,
120,2,5,2,2,2,1,3,2,2,4,2,2,1,1,3,114,2,5,3,3,1,1,2,57,1,2,2,2,0,2,4,2,2,4,2,2,2,1,3,57,1,5,2,2,2,1,4,2,3,3,
122,1,1,2,3,1,0,2,1,1,1,2,2,1,0,2,117,1,1,2,3,1,0,2,57,1,2,2,2,0,2,1,1,1,1,2,2,1,0,2,57,1,1,2,2,1,0,2,1,3,3,
117,1,1,2,2,2,0,2,1,1,1,3,2,1,0,2,113,1,2,3,3,1,0,2,57,0,2,2,2,0,2,1,1,1,1,3,2,1,0,2,57,1,1,2,2,1,0,3,1,3,3,
118,1,2,2,2,1,0,2,1,1,1,3,2,1,0,2,114,1,2,3,3,1,0,2,58,1,2,2,2,0,2,1,1,2,1,3,2,1,0,3,58,2,1,3,2,1,0,2,2,3,3,
121,2,1,2,3,1,0,2,1,2,1,3,2,1,0,2,115,2,2,2,3,1,0,2,56,1,3,2,2,0,2,1,1,2,1,2,3,1,0,2,56,2,1,3,2,2,0,2,2,3,3,
121,4,1,1,2,1,0,1,1,3,1,2,1,1,0,1,116,4,1,2,2,1,0,1,60,3,1,2,1,0,1,1,1,4,1,2,2,1,0,2,60,4,1,2,1,1,0,1,4,2,2,
125,1,2,2,2,1,0,2,1,1,2,3,2,1,0,1,120,0,2,2,2,1,0,2,61,0,2,1,1,0,2,2,1,1,1,2,2,1,0,2,62,1,2,2,2,1,0,1,1,2,2,
119,2,2,2,3,2,0,2,1,1,2,3,2,1,1,2,116,1,2,3,3,1,0,2,59,1,2,2,2,1,2,2,1,2,1,3,3,2,0,2,59,2,2,3,2,2,1,2,2,3,3,
117,1,2,2,3,2,0,2,1,1,2,3,2,1,0,2,114,1,2,3,3,1,0,2,57,1,2,2,2,1,2,2,1,2,2,3,3,2,0,3,58,2,2,3,3,2,0,2,2,3,3,
123,1,1,2,2,1,0,2,4,1,1,2,1,1,0,1,119,1,1,2,2,0,0,2,60,0,2,1,1,0,1,1,4,1,1,2,2,1,0,2,61,1,1,2,2,1,0,1,1,2,2,
122,1,1,2,3,2,0,2,1,1,1,2,2,1,0,1,117,1,1,2,3,1,0,2,57,0,2,2,2,0,1,1,1,1,1,2,3,2,0,2,58,1,1,2,2,1,0,1,1,3,3,
120,1,1,2,2,1,0,2,1,1,1,2,1,1,0,1,116,1,1,2,2,1,0,2,58,0,2,2,1,0,2,1,1,1,1,2,2,1,0,2,59,1,1,2,2,1,0,2,1,2,2,
117,1,1,2,2,1,0,2,1,1,1,2,2,1,0,2,113,1,2,2,3,1,0,2,57,0,2,2,2,0,2,1,1,1,1,3,3,1,0,2,57,1,1,2,2,1,0,2,1,3,3,
120,2,2,3,3,2,0,2,1,1,2,3,2,2,0,2,116,2,2,3,3,1,0,2,60,1,2,2,2,0,2,2,1,2,2,2,3,2,0,3,60,2,2,3,2,2,0,2,2,3,3,
123,1,1,1,2,1,0,2,0,1,1,2,1,1,0,1,118,0,1,1,2,0,0,1,57,0,1,1,1,0,1,1,0,1,1,2,2,1,0,2,57,1,1,2,1,1,0,1,1,2,2,
118,1,1,2,2,1,0,2,1,1,1,2,1,1,0,1,114,1,1,2,2,1,0,2,57,0,1,2,1,0,2,1,1,1,1,2,2,1,0,2,57,1,1,2,1,1,0,2,1,2,2,
130,1,1,2,2,1,0,2,1,1,1,2,2,1,0,2,127,1,1,2,3,1,0,2,60,1,2,2,2,0,2,1,1,1,1,2,3,1,0,2,72,1,1,2,2,1,0,2,1,2,3,
122,1,2,4,5,4,0,2,1,1,2,5,4,4,0,2,118,1,2,5,5,3,0,2,60,1,4,4,4,0,2,1,1,1,2,5,5,4,0,2,60,2,2,5,4,4,0,2,2,5,5,
121,1,2,2,3,1,0,2,1,1,2,3,2,1,0,2,117,1,2,2,3,1,0,2,57,1,2,2,2,0,2,2,1,1,2,2,3,1,0,2,57,2,2,2,2,2,0,2,1,3,3,
123,0,1,1,2,0,0,1,0,0,1,2,1,1,0,1,118,0,1,2,2,0,0,1,60,0,1,1,1,0,1,1,0,0,1,2,2,1,0,2,60,1,1,2,1,1,0,1,0,2,2,
119,1,1,2,5,1,0,3,1,1,1,2,2,1,0,3,114,1,1,2,6,1,0,3,57,0,2,5,1,0,3,1,1,1,1,2,6,1,0,3,57,1,1,2,2,1,0,3,0,2,6,
120,1,1,2,2,1,0,2,1,1,1,2,2,1,0,2,117,1,1,2,3,1,0,2,60,1,2,2,1,0,2,1,1,1,1,2,2,1,0,2,60,1,1,2,2,1,0,2,1,2,3,
120,1,1,2,13,1,0,2,1,1,1,3,13,1,0,2,116,1,2,2,13,1,0,2,57,1,2,12,2,0,2,1,1,1,1,2,13,1,0,2,57,1,2,2,13,1,0,2,1,2,13,
118,1,1,2,2,1,0,2,1,1,1,2,2,1,0,1,114,1,1,2,3,1,0,2,58,1,2,2,2,0,2,1,1,2,1,2,3,1,0,2,58,2,1,2,2,1,0,2,1,2,3,
120,2,2,2,3,2,0,3,2,2,2,3,2,2,1,2,116,1,2,3,3,1,0,3,60,1,2,2,2,1,3,2,2,2,2,3,3,2,0,3,60,2,2,3,2,2,1,2,1,3,3,
119,1,4,3,2,1,0,2,1,1,4,3,1,1,0,1,113,1,4,3,2,1,0,2,57,0,3,1,1,0,2,4,1,1,4,3,2,1,0,2,57,1,4,3,1,1,0,2,1,3,2,
120,2,2,2,3,1,0,3,1,2,2,3,2,1,1,2,116,1,2,2,3,1,0,2,57,1,2,2,2,1,2,2,1,2,2,2,3,1,0,3,57,2,2,2,2,2,0,2,1,3,3,
118,1,2,2,2,1,0,2,1,1,2,2,2,1,0,2,114,1,2,2,3,1,0,2,58,1,2,2,2,0,2,2,1,1,2,2,3,1,0,3,58,1,2,2,2,1,0,2,1,2,3,
117,1,1,1,2,1,0,2,1,1,1,2,1,1,0,1,112,0,1,2,2,1,0,2,57,0,1,1,1,0,2,1,0,1,1,2,2,1,0,2,57,1,1,2,1,1,0,2,0,2,2,
120,1,1,2,2,1,0,2,1,1,1,2,2,1,0,2,116,0,1,2,3,1,0,2,59,0,1,1,1,0,2,1,0,1,1,2,2,1,0,2,59,1,1,2,2,1,0,2,0,2,3,
119,4,1,2,2,1,0,2,1,4,2,2,2,1,0,2,115,0,1,2,2,1,0,2,59,0,1,1,1,0,2,1,1,4,2,2,2,1,0,2,59,4,2,2,2,1,0,2,0,2,2,
116,1,2,2,2,1,0,2,1,1,2,2,2,1,1,2,113,1,2,2,3,1,0,2,57,1,2,2,2,1,2,2,1,2,2,2,3,1,0,3,56,1,2,2,2,1,1,2,1,2,3,
116,2,2,2,3,2,0,2,1,1,2,3,2,2,1,2,112,1,2,3,3,1,0,2,57,1,2,3,2,2,2,2,1,2,2,2,3,2,0,3,57,2,2,2,2,2,1,2,1,3,3,
117,2,2,2,3,2,0,3,1,2,2,3,2,2,1,2,114,1,2,2,3,1,0,3,58,1,2,3,2,1,2,2,1,2,2,3,3,2,0,3,58,1,2,2,2,2,1,2,1,3,3,
123,2,2,2,3,2,0,3,1,2,2,3,2,2,0,2,119,1,2,2,3,2,0,2,63,1,2,3,2,1,2,2,1,2,2,3,3,2,0,3,63,2,2,2,2,1,1,2,1,3,3,
120,1,1,2,2,1,0,2,1,1,1,2,1,1,0,1,116,1,1,2,3,1,0,2,57,0,1,2,1,0,2,1,0,1,1,2,2,1,0,2,57,1,1,2,2,1,0,2,1,2,3,
137,1,1,2,2,1,0,2,1,1,1,2,2,1,0,2,133,0,1,2,3,1,0,2,76,0,1,2,1,0,2,1,1,1,1,2,2,1,0,2,76,1,1,2,2,1,0,2,0,2,3,
117,1,2,2,2,1,0,2,1,1,2,2,2,1,0,2,113,1,2,2,4,1,0,2,58,1,2,2,2,0,2,2,1,1,2,2,3,1,0,2,57,1,2,2,2,1,0,2,1,2,3,
121,1,1,2,3,1,0,2,1,1,1,2,2,1,1,2,116,1,2,2,3,1,0,2,60,1,2,2,2,1,2,1,1,2,1,2,3,1,0,2,60,1,2,2,2,1,1,2,1,2,3,
122,2,2,3,3,2,0,3,2,2,2,3,2,2,0,2,118,1,2,2,3,1,0,2,59,1,2,3,2,1,2,2,1,2,2,3,3,2,0,3,58,1,2,3,2,2,0,2,1,3,3,
118,1,1,2,2,1,0,2,1,1,1,2,1,1,0,2,113,0,1,2,2,0,0,2,57,0,2,2,1,0,2,1,0,1,1,2,2,1,0,2,57,1,1,2,1,1,0,2,0,2,2,
116,1,1,3,2,1,0,3,1,1,1,4,2,1,0,2,112,1,2,3,3,1,0,3,56,1,3,2,2,0,2,1,1,1,1,3,3,1,0,3,56,1,1,3,2,1,0,2,1,4,3,
120,3,3,5,3,3,0,3,3,3,3,5,3,3,0,3,116,1,3,6,3,3,0,3,60,1,6,3,3,0,3,3,3,3,3,5,3,3,0,3,60,3,3,6,3,3,0,3,1,5,3,
121,1,2,2,3,1,0,13,2,2,2,2,2,1,0,12,118,1,2,3,3,1,0,13,59,1,3,3,2,0,13,2,1,2,2,2,3,1,0,13,59,1,2,2,2,1,0,12,1,2,3,
118,3,2,3,3,2,0,3,1,2,2,3,2,2,2,2,114,2,2,3,3,1,0,3,58,2,3,3,2,1,2,2,1,3,2,3,3,2,0,3,58,2,2,3,2,2,1,2,2,3,3,
123,1,1,1,2,1,0,2,1,1,1,2,1,1,0,1,119,0,1,2,2,1,0,2,57,0,2,2,1,0,2,1,1,1,1,1,2,1,0,2,57,1,1,2,1,1,0,2,0,2,2,
123,2,3,2,2,1,0,2,1,2,3,2,2,1,0,3,117,2,3,2,3,1,0,3,61,1,2,2,1,0,3,3,1,2,3,2,2,1,0,2,61,2,3,2,2,1,0,3,2,2,3,
123,1,1,2,2,1,0,4,0,1,1,2,2,1,0,2,118,1,1,2,3,1,0,4,59,0,2,2,1,1,3,1,0,1,1,2,3,1,0,4,59,1,1,2,2,1,1,2,1,2,3,
121,1,2,2,3,1,0,3,1,1,2,2,2,1,1,2,118,1,2,2,3,1,0,3,60,1,3,3,1,1,2,2,1,2,2,2,3,1,0,3,60,1,2,2,2,2,1,2,1,3,3,
117,3,2,3,4,3,0,3,1,3,2,4,4,3,1,2,113,3,3,4,5,3,1,3,57,3,4,4,3,1,2,2,1,3,2,4,4,3,0,3,57,3,3,4,4,3,1,2,3,4,5,
118,2,2,2,3,2,0,5,1,2,2,2,2,2,2,4,113,1,2,2,3,1,0,5,57,1,2,3,2,2,4,2,1,2,2,2,3,2,0,5,57,1,2,2,3,1,2,4,1,2,3,
123,1,2,2,2,1,0,3,1,1,2,2,2,1,0,2,118,1,4,2,3,1,0,3,62,1,2,3,1,0,2,3,1,1,2,2,3,1,0,3,62,1,3,2,2,1,0,2,1,2,3,
119,1,3,3,5,3,1,3,1,1,2,3,5,3,1,3,114,1,3,3,5,3,0,3,57,1,4,5,3,1,3,3,1,1,2,3,5,3,1,3,57,1,3,3,5,3,1,3,1,5,5,
118,1,1,2,2,1,0,2,1,1,1,2,2,1,0,2,113,0,1,2,3,1,0,2,57,0,2,2,1,0,1,1,1,1,1,1,3,1,0,2,57,1,1,2,2,1,0,2,0,2,3,
118,2,2,2,3,2,1,3,1,2,2,2,2,2,1,2,115,1,2,2,3,1,1,3,59,1,2,3,1,0,2,2,1,2,2,2,3,2,1,3,59,2,2,2,2,2,1,2,1,3,3,
124,2,1,2,2,1,1,3,1,2,2,2,2,1,1,2,120,1,2,2,3,1,0,3,64,1,2,2,1,1,2,2,1,2,1,2,2,1,1,2,64,1,2,2,2,1,1,2,1,2,3,
140,1,1,1,2,1,0,2,0,1,1,1,1,1,0,2,134,1,1,2,2,0,0,2,76,0,2,2,1,0,1,1,0,1,1,1,2,1,0,2,76,1,1,1,1,1,0,2,1,2,2,
118,2,1,2,2,1,1,2,1,1,1,2,2,1,1,1,113,1,1,2,2,1,0,2,57,1,2,2,1,0,1,1,1,2,1,2,2,1,1,2,57,1,1,2,2,1,0,2,1,2,2,
119,0,1,9,9,9,0,1,0,1,1,9,9,9,0,1,114,0,1,9,10,8,0,2,58,0,9,10,9,0,1,1,0,1,1,9,9,9,0,1,58,0,1,9,9,9,0,1,0,9,10,
121,1,1,1,1,1,0,2,0,1,1,1,1,1,0,1,116,1,1,2,2,1,0,2,60,1,2,2,1,0,1,1,0,1,1,1,1,1,0,2,60,1,1,1,1,1,0,1,1,2,2,
121,1,1,1,2,1,0,2,0,1,1,2,2,1,0,1,116,1,1,2,2,1,0,2,57,1,2,2,1,0,2,1,0,1,1,1,1,1,0,2,57,1,1,2,2,1,0,2,1,2,2,
119,1,1,1,2,1,0,2,1,1,1,1,2,1,0,2,114,1,1,2,2,1,0,2,58,1,2,2,1,0,2,1,1,1,1,1,2,1,0,2,58,1,1,1,2,1,0,2,1,2,3,
117,1,1,2,2,1,0,2,1,2,1,2,2,1,0,2,113,1,2,2,3,1,0,3,57,1,3,3,1,0,2,2,1,2,1,2,2,1,0,2,57,1,2,3,2,1,1,2,1,3,3,
122,1,2,2,2,1,0,2,1,2,2,2,2,1,0,2,118,1,2,2,3,1,0,3,61,1,2,3,1,0,2,2,1,2,2,2,2,1,0,2,61,1,2,3,2,1,0,2,1,3,3,
119,2,2,2,2,1,1,2,1,3,2,3,2,2,0,2,115,1,2,2,3,1,1,3,57,1,3,3,1,0,2,2,1,2,2,2,2,2,1,2,57,2,2,3,2,2,0,2,1,3,3,
116,1,1,1,2,1,0,2,0,2,1,2,2,1,0,1,112,1,1,2,2,1,0,2,56,1,3,2,1,0,1,1,0,1,1,1,1,1,0,2,56,1,1,2,2,1,0,1,1,2,2,
117,1,1,2,2,1,0,2,1,2,2,2,2,1,0,2,112,1,1,2,2,1,0,2,57,1,2,2,1,0,2,1,1,1,2,2,2,2,0,2,57,1,1,2,2,2,0,2,1,2,3,
121,1,2,2,2,2,0,2,1,1,2,2,3,1,0,2,117,1,2,2,2,1,0,3,61,1,2,2,1,0,3,2,1,2,2,2,2,1,0,3,61,2,2,2,3,1,0,2,1,2,2,
122,2,2,2,3,2,0,2,1,2,2,3,3,2,1,2,118,2,2,3,3,1,0,3,57,1,3,2,2,1,2,2,1,2,2,2,2,2,0,2,57,2,2,3,3,2,1,2,2,3,3,
116,2,2,2,2,2,1,2,1,2,2,3,3,2,0,2,113,1,2,3,3,1,0,3,57,1,3,3,1,0,2,2,1,2,2,2,2,2,1,2,57,2,2,3,3,2,0,2,2,3,3,
117,1,1,1,2,1,0,2,0,1,1,2,2,1,0,1,113,1,1,2,2,1,0,2,57,0,2,2,1,0,2,1,0,1,1,1,2,1,0,2,57,1,1,2,2,1,0,1,1,2,2,
120,1,1,5,5,2,0,2,1,1,1,5,5,1,0,2,117,1,2,5,5,1,0,5,61,1,5,5,1,0,5,1,1,2,1,5,5,1,0,2,61,1,2,5,5,1,0,2,1,5,5,
121,2,2,2,2,2,0,2,1,1,1,2,2,1,0,2,117,1,2,2,2,1,0,2,58,1,3,2,1,0,2,2,1,1,2,2,2,2,0,2,58,1,2,2,2,1,0,2,1,2,2,
120,2,2,2,2,2,0,2,1,2,2,2,2,2,0,2,117,1,2,2,2,1,0,2,58,1,2,2,1,0,2,2,1,2,2,2,2,2,0,2,58,1,2,3,3,1,0,2,1,2,2,
118,1,1,1,2,2,0,2,0,1,1,2,2,1,0,1,113,1,1,2,2,1,0,2,56,1,2,2,1,0,2,1,0,1,1,2,2,2,0,2,56,1,1,2,2,1,0,1,1,2,2,
120,1,1,1,2,2,0,3,1,1,1,2,2,1,0,3,115,1,1,2,2,1,0,4,59,1,2,2,1,0,3,1,1,1,1,1,2,1,0,3,59,1,1,2,2,1,0,3,1,2,2,
131,1,1,2,2,2,0,2,1,2,2,2,2,1,0,2,128,1,2,2,2,1,0,2,71,1,2,2,1,0,2,2,1,2,1,2,2,1,0,2,71,1,2,2,2,1,0,2,1,2,2,
119,1,1,1,2,1,0,2,0,1,1,2,2,1,0,1,113,1,1,2,2,1,0,2,57,0,2,2,1,0,1,1,0,1,1,1,2,1,0,2,57,1,1,2,2,1,0,1,1,1,2,
120,2,2,2,2,2,0,2,1,2,2,2,2,2,0,2,116,1,2,2,2,1,0,3,58,1,2,2,1,0,2,2,1,2,2,2,2,2,0,2,58,1,2,3,3,1,0,2,1,2,2,
118,2,2,2,3,2,1,2,1,2,2,3,3,2,1,2,114,1,2,2,3,2,0,3,58,1,2,3,2,1,2,2,1,2,2,2,3,2,1,2,58,2,2,3,3,2,1,2,1,2,3,
121,1,1,2,3,2,0,2,0,1,1,3,3,2,0,1,116,1,1,2,3,2,0,2,60,1,2,3,2,0,2,1,0,1,1,2,2,2,0,2,60,1,1,3,4,2,0,1,2,2,3,
119,1,1,2,2,1,0,2,1,1,1,3,2,1,0,2,115,1,1,2,2,1,0,2,57,1,3,2,1,0,2,1,1,1,1,2,2,1,0,2,57,1,2,2,2,1,0,2,1,2,2,
116,2,2,2,2,2,0,2,1,1,2,2,2,1,0,2,113,1,2,2,2,1,0,2,57,1,2,2,1,0,2,2,1,2,1,2,2,2,0,2,57,1,2,2,2,1,0,2,2,2,2,
120,1,1,1,2,1,0,1,0,1,1,2,2,1,0,1,115,1,1,1,2,1,0,3,59,1,2,2,1,0,1,1,0,1,1,2,1,1,0,1,59,1,1,2,2,1,0,1,1,1,1,
119,1,1,1,1,1,0,1,0,1,1,1,2,1,0,1,115,1,1,1,2,0,0,2,59,1,2,2,0,0,1,1,0,1,1,2,1,1,0,1,59,1,1,2,2,0,0,1,1,1,1,
120,1,1,2,2,1,0,2,1,1,1,2,2,1,0,1,115,1,1,3,2,1,0,2,57,1,2,2,1,0,1,1,0,1,1,2,2,1,0,2,57,1,1,2,2,1,0,1,1,2,2,
117,2,2,2,3,2,0,3,1,2,2,2,2,2,0,2,114,1,2,3,2,1,0,2,58,1,3,2,1,0,2,2,1,2,1,2,3,2,0,3,58,1,2,3,2,1,0,2,2,2,2,
118,0,1,1,1,1,0,1,0,1,1,1,1,1,0,1,114,0,1,2,1,0,0,2,57,0,2,1,0,0,1,1,0,1,1,2,1,1,0,1,57,1,1,2,1,0,0,1,0,2,1,
122,1,1,1,1,4,0,1,0,1,1,1,1,4,0,1,118,0,1,2,1,0,0,2,62,0,2,1,0,0,1,1,0,1,1,2,1,4,0,1,61,1,1,2,1,0,0,1,1,1,1,
122,1,1,2,2,1,0,2,0,2,1,2,2,1,0,1,117,1,1,2,2,1,0,2,57,1,3,2,1,0,1,1,0,2,1,2,2,1,0,2,57,1,1,2,2,1,0,1,1,2,2,
119,1,1,2,2,1,0,2,1,1,1,2,2,1,0,2,115,1,2,3,2,1,0,2,58,1,2,2,1,0,2,1,1,1,1,2,2,1,0,2,58,1,2,2,2,1,0,2,1,2,2,
119,1,2,2,2,2,0,2,1,1,2,2,2,1,0,2,115,1,2,2,2,1,0,2,58,1,3,2,1,0,2,2,1,2,2,2,2,2,0,2,58,1,2,2,2,2,0,2,1,3,2,
121,2,1,2,2,2,0,2,1,2,2,3,2,1,1,2,117,1,2,2,2,1,0,2,60,1,3,2,1,0,2,2,1,2,2,3,2,1,0,2,60,2,2,3,2,1,0,2,1,2,2,
124,2,2,3,2,2,0,2,1,2,2,2,2,2,0,2,120,2,2,2,2,1,0,3,60,1,2,2,1,0,2,2,1,2,2,2,2,2,0,2,60,2,2,3,2,1,0,2,2,3,2,
123,1,1,2,2,2,0,2,1,1,2,2,2,1,0,2,116,1,1,2,3,1,0,2,58,1,2,2,1,0,2,1,1,1,1,2,2,1,0,2,58,1,1,3,2,1,0,2,1,2,3,
144,1,1,2,2,1,0,2,1,2,1,2,2,1,0,2,138,1,2,2,2,1,0,2,59,1,2,2,1,0,2,2,1,2,2,2,2,2,0,2,59,1,2,2,2,2,0,2,1,2,2,
120,0,1,2,1,1,0,5,0,0,1,1,3,0,0,4,114,0,2,1,2,0,0,4,58,0,1,3,0,0,4,1,0,0,1,3,1,1,0,5,58,1,2,1,1,0,0,4,0,3,3,
121,1,1,2,2,2,0,2,1,1,2,2,2,1,0,2,117,1,2,2,3,1,0,2,58,1,2,2,1,0,2,2,1,2,1,2,2,2,0,2,58,1,2,2,2,2,0,2,1,3,3,
118,2,2,3,2,2,0,2,1,2,2,2,2,1,0,2,114,2,2,3,3,1,0,3,58,2,2,3,1,0,2,2,1,2,1,2,2,2,0,3,58,2,2,3,2,1,0,2,2,3,3,
121,2,2,3,2,2,0,3,1,2,2,3,2,2,0,2,117,1,2,3,3,1,0,3,60,1,2,3,1,0,2,2,1,2,2,2,2,2,0,3,60,2,2,3,2,1,0,2,2,3,3,
117,2,2,3,2,2,1,3,1,2,2,3,2,2,0,2,113,1,2,3,3,1,0,3,58,1,2,3,1,0,2,2,1,2,2,3,2,2,1,3,58,2,2,3,2,2,0,2,1,3,3,
120,1,1,2,1,1,0,2,0,0,1,2,1,1,0,1,114,0,1,2,2,0,0,2,59,0,1,2,1,0,1,1,0,1,1,2,1,1,0,2,59,0,1,2,1,0,0,1,0,2,2,
120,1,1,2,2,1,0,2,0,1,1,2,1,1,0,1,115,1,1,2,2,1,0,2,57,1,1,2,1,0,2,1,0,1,1,2,2,1,0,2,57,1,1,2,1,1,0,1,1,2,2,
117,1,2,2,2,1,0,2,1,1,2,2,2,1,0,2,114,1,2,2,2,1,0,2,57,1,2,2,1,0,2,1,1,1,2,2,2,2,0,2,57,1,2,2,2,1,0,2,1,2,3,
117,2,2,2,2,2,0,3,1,1,2,2,2,1,0,2,114,1,2,2,2,1,0,3,57,1,2,2,1,0,2,2,1,2,2,2,2,1,0,3,57,1,2,2,2,1,0,2,1,2,3,
120,2,2,3,3,2,0,3,1,1,2,3,2,2,1,2,116,1,3,3,3,1,0,3,60,1,2,3,2,1,3,2,1,2,2,3,3,2,0,3,60,1,3,3,2,1,0,2,2,3,3,
122,2,2,3,3,2,0,3,1,1,2,3,3,2,0,2,119,1,2,3,3,1,0,3,59,1,2,3,2,0,2,2,1,2,2,3,3,2,0,3,60,1,2,3,2,2,0,2,1,3,3,
120,2,2,3,2,2,1,2,1,1,2,3,2,2,1,2,117,1,2,3,3,1,0,3,59,1,2,3,2,1,2,2,1,2,2,3,2,2,1,2,59,1,2,3,2,2,1,2,2,3,3,
118,1,1,2,2,2,0,1,0,1,1,2,2,1,0,1,114,1,1,2,2,1,0,2,57,1,2,2,1,0,1,1,0,1,1,2,2,1,0,1,57,1,1,2,2,1,0,1,1,2,3,
123,1,1,5,4,5,0,2,1,1,1,5,4,4,0,2,118,1,2,5,5,4,0,2,61,1,4,5,4,0,2,1,1,1,2,5,4,4,0,2,61,1,2,5,4,5,0,2,1,5,5,
121,2,1,2,2,2,0,2,1,1,1,2,2,1,0,2,117,1,2,2,2,1,0,2,57,1,2,2,1,0,2,1,1,1,1,2,2,1,0,2,58,1,2,2,2,1,0,2,1,2,2,
120,1,1,3,2,2,0,2,1,1,1,2,2,2,0,2,116,1,2,2,2,1,0,2,58,1,2,3,1,0,2,2,1,2,1,2,2,2,0,2,59,1,2,4,2,1,0,2,1,4,3,
117,2,2,2,2,2,0,2,1,1,2,2,2,2,0,2,114,1,2,2,2,1,0,3,57,1,2,3,1,0,2,2,1,2,2,2,2,2,0,2,58,1,2,3,2,1,0,2,1,3,2,
123,2,2,3,2,2,1,3,1,1,2,3,2,2,1,3,118,2,2,3,3,1,0,3,62,1,2,3,1,1,3,2,1,2,2,3,2,2,1,3,62,1,2,3,2,2,1,2,2,3,3,
122,1,1,2,2,1,0,1,0,0,1,2,1,1,0,1,117,1,1,2,2,1,0,2,58,0,2,2,1,0,1,1,0,1,1,2,2,1,0,1,58,1,1,2,1,1,0,1,1,2,2,
148,1,1,2,1,1,0,2,1,0,1,2,1,1,0,1,143,0,2,2,2,1,0,2,59,0,2,2,1,0,1,1,1,1,1,2,2,1,0,2,60,0,2,2,1,1,0,1,0,2,2,
118,1,1,2,2,1,0,2,1,1,2,2,2,1,0,2,114,1,2,2,3,1,0,2,58,1,2,2,1,1,2,1,1,1,2,2,2,1,0,2,58,1,2,2,2,1,0,2,1,2,2,
121,4,4,4,4,4,0,5,4,4,4,4,4,4,4,5,117,4,7,4,4,4,0,5,60,4,4,4,4,4,5,4,4,4,4,4,4,4,0,5,61,4,7,4,4,4,3,5,4,4,4,
125,2,2,2,2,2,0,2,1,1,2,2,2,2,0,2,121,1,2,2,3,1,0,3,60,1,2,3,1,0,2,2,1,1,2,2,2,2,0,2,61,1,2,3,2,1,0,2,1,3,3,
121,1,2,3,2,2,0,2,1,1,2,3,2,1,1,2,117,1,2,3,3,1,0,3,60,1,2,3,1,1,2,2,1,2,2,2,2,1,0,2,60,1,2,3,2,1,1,2,1,3,3,
117,1,1,2,1,1,0,1,0,0,1,2,1,1,0,1,112,0,1,2,2,0,0,2,57,0,2,2,1,0,1,1,0,1,1,2,1,1,0,1,57,0,1,2,1,1,0,1,1,2,2,
117,1,1,2,1,1,0,1,0,0,1,2,1,1,0,1,113,0,1,2,2,0,0,2,57,0,1,2,0,0,1,1,0,1,1,2,1,1,0,1,57,0,1,2,1,1,0,1,0,2,2,
123,1,1,2,2,1,0,2,1,1,1,2,2,1,0,2,118,1,2,2,3,1,0,2,60,1,2,2,1,0,2,1,1,4,1,2,2,2,0,2,60,1,1,2,2,1,0,2,1,2,3,
122,2,2,3,2,2,0,2,1,1,2,3,2,1,1,2,116,1,2,2,3,1,0,3,58,1,2,3,1,1,2,2,1,2,2,2,2,1,0,2,58,1,2,3,2,1,1,2,1,3,3,
120,2,2,3,2,2,0,2,1,1,2,3,2,1,0,2,117,1,2,2,3,1,0,3,58,1,2,3,1,0,2,2,1,2,2,2,2,2,0,2,58,1,2,3,2,2,0,2,1,3,3,
120,2,2,2,2,2,0,2,1,1,2,3,2,1,0,2,116,1,2,2,3,1,0,3,60,1,2,2,1,0,2,2,1,2,2,2,2,2,0,2,60,1,2,3,2,1,0,2,1,3,3,
121,1,1,2,2,1,0,1,0,0,1,2,2,1,0,1,117,0,1,2,2,1,0,2,60,0,1,2,1,0,1,1,0,1,1,2,2,1,0,1,60,1,1,2,1,1,0,1,0,2,2,
125,2,2,3,2,2,1,2,1,1,2,3,2,2,1,2,121,1,2,3,3,1,0,3,59,1,2,3,1,0,2,2,1,2,2,2,2,2,1,2,59,1,2,3,2,1,0,2,1,3,3,
119,1,1,2,2,1,0,2,1,1,1,2,2,1,0,2,114,1,2,2,2,1,0,2,57,1,2,2,1,0,2,1,1,1,2,2,2,1,0,2,57,1,1,2,2,1,0,2,1,2,2,
118,1,1,2,2,2,0,2,1,1,1,2,2,1,0,2,114,1,2,2,3,1,0,2,57,1,2,2,1,0,2,1,1,1,1,2,2,2,0,2,57,1,2,2,2,1,0,2,1,2,3,
121,2,2,2,2,2,0,2,2,2,2,2,2,2,0,2,117,2,2,2,2,2,0,2,60,2,2,2,2,2,2,2,2,2,2,2,2,2,0,2,61,2,2,2,2,2,0,2,2,2,2,
123,1,3,2,2,2,0,2,1,1,3,2,2,1,0,2,120,1,2,2,3,1,0,3,60,1,2,3,1,0,2,2,1,2,3,2,2,2,0,2,60,1,2,3,2,1,0,2,1,3,3,
121,1,1,1,2,1,0,1,0,0,1,2,2,1,0,1,116,1,1,2,2,1,0,2,58,1,1,2,1,0,1,1,0,1,1,1,2,1,0,1,58,0,1,2,1,1,0,1,1,2,2,
119,1,2,2,2,2,0,2,1,1,2,3,2,2,0,2,115,1,2,3,3,2,0,3,58,1,2,3,2,0,2,2,1,2,2,2,2,2,0,3,59,1,2,3,2,2,0,2,1,3,3,
123,1,1,2,2,2,0,2,1,0,1,2,2,2,0,1,119,0,2,2,3,1,0,2,61,0,2,3,1,0,2,1,1,1,1,2,2,2,0,2,61,0,2,3,2,1,0,1,0,3,3,
139,1,1,2,2,2,0,2,1,1,1,2,2,2,0,2,135,1,2,2,3,1,0,2,59,1,2,2,1,0,2,1,1,1,1,2,2,2,0,2,59,1,2,2,2,1,0,2,1,2,3,
120,1,2,2,2,2,0,3,1,1,2,2,2,1,0,2,116,1,2,2,3,1,0,3,59,1,2,2,1,1,2,2,1,1,2,2,2,2,0,3,59,1,2,2,2,1,0,2,1,2,3,
122,1,2,2,2,2,0,2,1,1,2,2,2,1,0,2,118,1,2,2,2,1,0,3,59,1,2,2,1,0,2,2,1,1,2,2,2,2,0,2,59,1,2,2,2,2,0,2,1,2,2,
123,0,1,1,1,1,0,1,0,0,1,1,1,0,0,1,118,0,1,1,2,0,0,2,61,0,1,2,0,0,1,1,0,1,1,1,1,1,0,1,61,0,1,2,1,0,0,1,0,2,2,
125,1,2,2,3,2,0,2,1,1,2,3,2,2,0,2,121,1,2,3,3,1,0,3,60,1,3,3,1,0,2,2,1,1,2,3,2,2,0,2,60,1,2,3,2,2,0,2,1,3,3,
122,1,1,1,11,1,0,2,1,1,1,2,10,1,0,2,115,1,1,2,11,1,0,4,58,0,1,10,1,0,2,1,0,1,1,1,10,1,0,2,58,0,1,2,10,1,0,1,1,4,11,
120,2,1,2,2,1,0,2,0,1,1,2,2,1,0,2,115,1,1,2,2,1,0,2,58,1,2,2,1,0,2,1,0,2,1,2,2,2,0,2,58,1,1,2,2,2,0,1,1,3,2,
124,0,4,0,0,0,0,2,0,0,4,0,0,0,0,1,117,0,4,0,0,0,0,2,60,0,0,0,0,0,1,4,0,0,4,0,0,0,0,2,60,0,4,0,0,0,0,1,0,0,0,
125,1,2,2,3,2,0,2,1,1,2,2,3,1,0,2,121,1,2,3,3,1,0,3,60,1,2,3,1,0,2,2,1,1,2,2,2,2,0,2,60,1,2,3,3,2,0,2,1,3,3,
124,1,2,1,2,1,0,2,0,1,2,2,2,1,1,2,119,0,2,2,2,1,0,2,60,0,2,2,1,0,2,2,0,1,2,1,2,1,0,2,60,0,2,2,2,1,1,2,0,2,2,
122,1,1,1,2,1,0,2,0,0,1,2,2,1,0,1,118,0,1,2,2,1,0,2,58,0,2,2,1,1,2,1,0,1,1,1,2,1,0,2,58,0,1,2,2,1,0,1,0,2,2,
120,1,2,2,3,2,0,2,1,1,2,3,3,1,0,2,116,1,2,3,3,1,0,3,59,1,2,3,1,1,2,2,1,1,2,2,3,2,0,2,59,1,2,3,3,1,0,2,1,3,3,
124,1,1,2,2,1,0,2,0,1,1,2,2,1,0,1,120,1,1,2,2,1,0,2,63,1,2,2,1,0,2,1,0,1,1,2,2,1,0,2,63,1,1,2,2,1,0,1,1,2,2,
117,1,1,1,4,1,0,2,1,1,2,2,4,1,0,2,113,1,1,2,3,1,0,2,57,1,2,3,1,0,2,2,1,1,1,1,4,1,0,2,57,1,1,2,4,1,0,2,1,2,4,
604,1,1,2,2,1,0,2,1,1,1,2,2,1,0,2,116,1,2,3,2,1,0,2,58,1,2,2,1,0,2,1,1,1,2,2,2,1,0,2,58,1,1,2,2,1,0,2,1,3,2,
626,2,2,2,3,2,0,2,1,2,2,2,2,1,0,2,121,1,2,3,2,1,0,2,61,1,2,2,1,1,2,2,1,2,2,2,2,2,0,2,61,2,2,3,2,1,0,2,1,3,2,
120,1,1,1,2,1,0,2,1,1,1,2,2,0,0,1,116,0,1,2,1,0,0,2,59,1,1,1,1,0,2,1,1,1,1,1,2,1,0,2,58,1,1,2,2,0,0,1,0,2,1,
122,1,2,1,2,2,0,2,1,1,2,2,2,1,0,2,118,0,2,2,2,1,0,2,61,0,2,2,1,0,2,2,1,1,2,1,2,1,0,2,60,1,2,2,2,1,0,2,1,2,2,
124,0,1,11,12,12,0,2,0,0,1,12,12,11,0,2,119,0,2,12,13,11,0,2,58,0,11,12,11,0,2,2,0,0,1,11,12,11,0,2,57,0,1,12,12,11,0,2,0,12,13,
119,1,2,2,2,2,0,2,1,1,2,2,2,1,0,2,115,1,2,3,2,1,0,3,58,1,2,2,1,0,2,2,1,1,2,2,2,2,0,2,58,1,2,3,2,1,0,2,1,3,3,
141,1,2,2,2,2,0,2,1,1,2,2,2,1,0,2,137,1,2,3,2,1,0,3,81,1,2,2,1,0,2,2,1,1,2,2,2,2,0,2,81,1,2,3,2,1,0,2,1,3,3,
122,1,1,1,4,4,0,1,0,1,1,4,1,0,0,1,118,0,1,4,4,0,0,4,60,0,1,1,0,0,1,1,0,1,1,1,4,1,0,1,60,1,1,4,1,1,0,1,0,4,4,
121,0,1,1,2,1,0,1,0,1,1,2,1,1,0,1,116,0,1,2,2,0,0,2,57,0,1,1,1,0,1,1,0,0,1,1,2,1,0,2,57,1,1,2,1,1,0,1,0,2,2,
119,1,2,2,2,1,0,2,1,1,2,2,1,1,0,2,115,1,2,2,2,1,0,3,58,0,2,1,1,0,2,1,1,1,2,2,2,1,0,2,58,1,1,2,1,1,0,2,0,2,2,
119,1,1,2,2,1,0,2,1,1,1,2,1,1,0,3,115,1,2,2,2,1,0,2,58,1,2,1,1,0,2,1,1,1,1,2,5,1,0,2,58,1,1,2,1,1,0,3,1,2,5,
123,1,1,2,2,2,0,2,1,1,2,2,1,1,0,2,120,1,1,2,2,1,0,2,63,1,2,1,1,0,2,1,1,1,1,2,2,1,0,2,63,1,1,2,1,1,0,2,1,2,2,
121,1,2,2,2,2,0,2,1,1,2,2,2,1,0,2,118,1,2,2,2,1,0,3,58,1,2,2,1,0,2,2,1,1,2,2,3,2,0,2,58,1,2,2,2,1,0,2,1,2,3,
122,0,1,1,2,1,0,1,0,1,1,2,1,1,0,1,116,0,1,2,2,0,0,2,57,0,1,1,1,0,1,1,0,0,1,1,2,1,0,1,57,1,1,2,1,1,0,1,0,2,2,
121,0,1,1,2,2,0,3,1,1,1,2,2,1,0,2,117,0,2,2,2,1,0,2,58,0,2,2,2,0,2,1,1,1,1,1,2,1,0,2,58,1,1,2,2,1,0,2,0,2,2,
122,0,4,1,0,1,1,2,1,1,4,1,1,0,1,2,116,1,4,0,1,1,1,2,58,1,1,0,0,0,2,4,1,0,4,1,0,1,1,2,58,1,4,1,1,1,1,2,1,0,1,
123,1,1,2,2,2,0,2,1,1,2,2,2,1,0,2,119,1,1,2,2,1,0,2,59,1,2,2,2,0,2,2,1,1,1,2,2,1,0,2,60,1,2,2,2,1,0,2,1,2,2,
119,1,2,2,2,2,0,2,1,1,2,2,2,1,0,2,116,1,2,2,2,1,0,2,59,1,2,2,2,0,2,2,1,1,2,2,3,2,0,2,59,1,2,2,2,1,0,2,1,2,3,
121,1,2,2,3,2,0,2,1,1,2,2,2,1,0,2,118,1,2,3,2,1,0,3,60,1,2,2,2,0,2,2,1,1,2,2,3,2,0,2,60,1,2,3,2,1,0,2,1,3,3,
124,1,1,1,2,2,0,2,0,1,1,2,2,1,0,2,119,1,1,2,2,1,0,2,62,0,2,1,1,0,3,1,0,1,1,1,2,1,0,2,62,1,1,2,2,1,0,2,1,2,2,
121,1,1,1,2,2,0,2,1,4,2,2,1,1,0,2,117,1,1,2,2,1,0,2,60,0,2,1,1,0,3,2,1,1,1,1,2,2,0,2,61,4,1,2,1,1,0,2,0,2,2,
123,0,1,1,2,2,0,2,1,1,1,2,1,1,0,2,119,1,1,2,2,1,0,2,60,0,2,1,1,0,2,1,1,1,1,1,2,1,0,2,60,1,1,2,1,1,0,2,1,2,2,
119,1,1,2,2,2,0,2,1,1,1,2,2,1,0,2,115,1,1,2,2,1,0,2,59,1,2,2,2,0,2,1,1,1,1,2,2,2,0,2,59,1,1,2,2,1,0,2,1,2,2,
119,1,2,2,2,2,0,2,1,1,2,2,2,1,0,2,115,1,2,2,2,1,0,2,58,1,2,2,2,0,2,2,1,1,2,2,2,2,0,2,58,1,2,2,2,1,0,2,1,2,3,
122,1,2,2,2,2,0,2,1,1,2,2,2,1,0,2,119,1,2,3,2,1,0,3,61,1,2,2,2,0,2,2,1,1,2,2,2,2,0,2,61,1,2,3,2,1,0,2,1,3,3,
121,0,1,1,2,1,0,1,0,1,1,2,1,0,0,1,117,0,1,2,2,0,0,2,57,0,1,1,1,0,1,1,0,0,1,1,2,1,0,1,57,1,1,2,1,0,0,1,0,2,2,
133,3,3,3,3,3,0,4,3,3,3,3,3,3,0,4,129,3,3,3,3,3,0,4,72,3,3,3,3,0,4,3,3,3,3,3,3,3,0,4,72,3,3,3,3,3,0,4,3,3,3,
119,0,1,1,2,1,0,2,1,1,1,2,1,1,0,2,114,0,2,2,2,1,0,2,58,0,2,1,1,0,2,1,4,0,1,1,2,1,0,2,58,1,1,2,1,1,0,2,0,2,2,
121,1,2,2,2,2,0,2,1,1,2,2,2,1,0,2,117,1,2,2,2,1,0,2,60,1,2,2,2,0,2,2,1,1,2,2,2,2,0,2,61,1,2,2,2,1,0,2,1,2,2,
121,1,1,2,2,2,0,2,1,1,2,2,2,1,0,2,117,1,2,2,2,1,0,2,58,1,2,2,1,0,2,2,1,1,2,2,2,1,0,2,58,1,2,2,2,1,0,2,1,2,2,
118,2,2,2,3,2,0,2,1,1,2,2,2,1,0,2,114,1,2,2,2,1,0,3,57,1,2,2,2,0,2,2,1,2,2,2,3,2,0,2,58,1,2,2,2,1,0,2,1,3,3,
118,1,2,2,3,2,0,2,1,2,2,3,2,1,1,2,114,1,2,3,3,1,1,3,57,1,2,2,2,1,2,2,1,1,2,2,3,2,1,2,58,2,2,3,2,1,1,2,1,3,3,
121,1,2,5,3,2,1,2,1,1,2,6,2,1,1,2,118,1,2,6,3,1,0,3,61,1,6,2,2,1,2,2,1,1,2,6,3,2,1,2,61,2,2,6,2,1,1,2,1,6,3,
121,0,1,2,2,1,0,2,0,1,1,2,1,1,0,2,117,0,1,2,2,1,0,2,57,0,2,1,1,0,2,1,0,0,1,2,2,1,0,2,57,1,1,2,1,1,0,2,0,2,2,
123,1,1,2,2,2,0,2,1,1,1,2,2,1,0,2,116,1,1,2,2,1,0,2,59,1,2,2,2,0,2,1,1,1,1,2,2,1,0,2,59,1,1,2,3,1,0,2,1,2,2,
118,1,1,2,2,2,0,2,1,1,2,2,2,1,0,2,115,1,2,2,2,1,0,2,58,1,2,2,2,0,2,2,1,1,1,2,2,1,0,2,58,1,1,2,2,1,0,2,1,2,2,
122,0,4,0,0,1,0,2,1,1,4,0,1,0,0,2,116,1,4,0,1,0,0,2,58,0,1,0,0,0,2,4,1,0,4,0,0,1,0,2,58,1,4,0,1,0,0,2,1,0,1,
121,0,1,2,2,1,0,2,0,1,1,2,1,0,0,1,117,1,1,2,2,0,0,2,57,0,2,1,1,0,1,1,0,1,1,2,2,1,0,2,57,1,1,2,1,1,0,1,1,2,2,
119,0,1,2,2,1,0,2,0,1,1,2,2,0,0,1,115,0,1,2,2,1,0,2,58,0,2,2,1,0,1,1,0,0,1,2,2,1,0,2,58,1,1,2,2,1,0,1,0,2,2,
118,1,1,2,2,1,0,2,1,1,1,2,1,1,0,2,114,1,1,2,2,1,0,2,57,1,2,1,1,0,2,1,0,1,1,1,2,1,0,2,57,1,1,2,1,1,0,2,1,2,2,
120,2,1,2,2,1,0,2,1,1,2,2,1,1,0,2,114,1,2,2,2,1,0,2,57,2,2,1,1,0,2,2,1,1,1,2,2,1,0,2,57,1,2,2,1,1,0,2,2,2,2,
123,2,1,2,2,2,0,2,1,1,2,2,2,1,0,2,119,1,1,3,2,1,0,2,62,2,2,2,2,0,2,1,1,2,1,2,2,2,0,2,62,1,2,3,2,1,0,2,1,3,3,
128,1,1,2,3,2,0,2,1,0,2,2,2,1,0,2,120,1,2,2,3,1,0,2,59,1,2,2,2,0,2,2,1,1,1,1,2,2,0,2,59,0,2,2,2,1,0,2,1,2,3,
118,1,1,1,2,1,0,2,0,0,1,2,1,0,0,2,114,3,1,2,2,1,0,2,57,1,2,1,1,0,2,1,0,1,1,1,3,1,0,2,57,0,1,2,1,0,0,2,3,2,2,
119,1,1,2,2,2,0,2,1,0,1,2,2,1,0,2,114,1,1,2,2,1,0,2,57,1,2,2,2,0,2,1,0,1,1,1,2,1,0,2,57,0,1,2,2,1,0,2,1,2,2,
144,1,1,1,2,1,0,2,1,0,1,2,1,0,0,2,139,1,1,2,2,1,0,2,60,1,2,1,1,0,2,1,0,1,1,1,2,1,0,2,60,0,1,2,1,1,0,2,1,2,2,
124,1,2,2,2,2,0,3,1,0,2,2,2,1,0,2,119,1,2,2,2,1,0,3,60,1,2,1,2,0,2,2,1,1,1,1,2,1,0,2,60,0,2,2,2,1,0,2,1,2,3,
119,1,1,2,2,2,0,2,1,1,1,2,2,1,0,2,115,1,2,2,2,1,0,2,59,1,2,2,2,0,2,1,1,1,1,2,2,2,0,2,59,1,1,2,2,1,0,2,1,2,3,
119,1,2,2,3,2,0,3,1,1,2,2,2,1,0,2,115,1,2,2,2,1,0,3,59,1,2,2,2,0,2,2,1,1,2,2,3,2,0,2,59,1,2,2,2,1,0,2,1,2,3,
122,2,2,2,3,2,0,3,1,1,2,2,2,1,0,2,118,1,2,3,2,1,0,3,61,2,2,2,2,0,2,2,1,2,2,2,2,2,0,3,62,1,2,3,2,1,0,2,1,2,3,
122,3,1,2,2,2,0,2,0,1,1,2,1,0,0,1,118,1,1,3,2,0,0,2,57,1,2,3,1,0,3,1,0,3,1,1,2,1,0,2,58,1,1,2,1,0,0,1,1,3,2,
121,1,1,2,2,2,0,2,1,1,1,2,1,1,0,2,116,1,1,2,2,1,0,3,58,1,2,1,2,0,2,1,1,1,1,2,2,2,0,2,58,1,2,2,1,1,0,2,1,2,2,
121,1,2,2,2,2,0,2,1,0,2,2,2,1,0,2,116,1,2,2,2,1,0,3,58,1,2,2,2,0,2,2,1,1,1,1,2,2,0,2,59,1,2,2,2,1,0,2,1,2,2,
125,2,2,5,6,5,0,3,1,2,2,6,5,4,1,3,120,2,2,6,6,4,1,3,62,2,5,5,5,1,3,2,1,2,2,5,6,5,1,3,63,2,2,6,5,4,1,3,2,6,6,
123,1,2,2,2,2,0,2,1,1,2,2,2,1,0,2,119,1,2,2,2,1,0,3,58,1,2,2,2,0,2,1,1,1,2,2,2,1,0,2,59,1,2,2,2,1,0,2,1,2,2,
120,2,2,2,2,2,0,3,1,1,2,2,2,1,0,2,116,1,2,2,2,1,0,3,58,1,3,2,2,0,2,2,1,2,2,2,2,1,0,2,58,1,2,2,2,1,0,2,1,2,2,
118,2,4,2,3,2,0,3,1,1,4,2,2,1,0,3,115,2,4,3,3,1,0,3,58,2,3,2,2,0,3,4,1,2,4,2,3,2,0,3,58,1,4,3,2,1,0,3,1,3,3,
122,2,2,5,3,2,0,2,1,1,2,5,2,1,0,2,118,1,2,5,2,1,0,3,60,2,5,2,2,0,2,2,1,2,2,5,3,2,0,2,61,1,2,5,2,1,0,2,1,5,2,
121,2,2,2,3,2,1,2,1,1,2,3,2,1,1,2,117,2,2,3,3,1,0,3,58,2,3,2,2,1,3,2,2,2,2,2,3,3,1,2,58,1,2,3,2,1,1,3,1,3,2,
118,2,2,2,3,2,0,2,1,1,2,3,2,1,0,2,114,1,2,3,2,1,0,3,58,2,2,2,2,0,2,2,1,2,2,2,3,2,0,2,58,1,2,3,2,1,0,2,1,3,2,
121,2,1,2,2,2,1,2,1,1,1,2,1,1,0,2,118,3,2,2,3,1,0,3,58,2,2,2,2,1,2,1,1,2,1,2,2,2,0,3,59,1,2,3,1,1,0,2,3,2,3,
124,0,5,0,0,1,0,3,1,0,5,0,1,0,0,2,116,0,5,0,1,0,0,3,59,0,1,0,0,0,3,4,1,0,5,0,0,1,0,3,59,0,5,1,1,0,0,2,0,0,1,
125,2,1,2,3,1,0,2,1,1,2,2,2,1,1,2,120,1,2,2,3,1,0,3,58,1,3,2,1,1,2,1,1,2,2,2,3,1,0,3,58,1,2,2,2,1,0,2,1,2,3,
119,1,1,1,2,1,0,1,0,0,1,2,1,0,0,1,114,1,1,2,2,0,0,2,57,1,2,1,1,0,1,1,0,1,1,1,2,1,0,1,58,0,1,2,1,0,0,1,0,2,2,
120,1,1,2,2,1,0,2,1,0,1,2,1,1,0,2,116,1,1,2,2,1,0,2,58,1,2,1,1,0,2,1,1,1,1,1,2,1,0,2,58,0,1,2,1,1,0,2,1,2,2,
142,2,1,2,2,1,0,2,1,1,1,2,2,1,0,2,138,1,1,2,2,1,0,2,81,1,2,2,2,0,2,1,1,2,1,2,2,1,0,2,81,1,1,3,2,1,0,2,1,2,2,
119,3,1,1,2,1,0,1,1,3,1,2,1,1,0,1,116,3,1,2,2,1,0,2,60,3,1,1,1,0,2,1,1,3,1,1,2,1,0,2,61,3,1,2,1,1,0,1,3,2,2,
116,1,1,2,4,1,0,2,1,1,1,2,3,1,0,2,113,1,1,2,3,1,0,2,57,1,2,3,1,0,2,1,1,1,1,2,4,1,0,2,57,1,2,2,3,1,0,2,1,2,3,
118,2,2,2,3,2,0,2,1,1,2,3,2,1,0,2,115,1,2,3,3,1,0,2,59,2,2,2,2,0,2,2,1,2,1,2,3,2,0,2,59,1,2,3,2,1,0,2,1,3,3,
121,2,2,2,2,2,0,2,1,1,2,3,2,1,0,2,117,1,2,3,2,2,0,3,60,2,3,2,2,0,2,2,1,2,2,2,3,2,0,2,60,1,2,3,2,1,0,2,1,3,2,
125,1,1,1,2,1,0,2,0,0,1,2,1,0,0,2,120,1,1,2,1,0,0,2,63,1,2,1,1,0,2,1,0,1,1,1,2,1,0,2,64,0,1,2,1,0,0,2,0,2,1,
124,1,1,2,2,1,0,1,0,1,1,2,1,1,0,1,119,1,1,2,2,1,0,2,59,1,2,1,1,0,2,1,0,1,1,2,2,1,0,2,59,1,1,2,1,1,0,2,1,2,2,
122,1,1,2,2,1,0,2,1,1,1,2,1,1,0,2,117,1,1,2,2,1,0,2,61,1,2,1,1,0,2,1,1,1,1,2,2,1,0,2,61,1,1,2,2,1,0,2,1,2,2,
118,1,1,2,2,1,0,2,1,1,2,2,2,1,0,2,114,1,1,2,2,1,0,2,58,1,2,2,1,0,2,1,1,1,2,2,2,1,0,2,59,1,1,2,2,1,0,2,1,2,2,
120,2,2,4,5,4,0,2,1,1,2,5,4,4,0,2,117,1,2,5,5,4,0,3,60,2,4,4,4,0,2,2,1,2,2,4,5,4,0,2,61,1,2,5,4,4,0,2,1,5,4,
124,2,2,2,2,1,0,2,1,1,2,2,2,1,0,2,120,2,2,2,2,1,0,3,60,1,2,2,2,0,2,2,1,2,2,2,2,1,0,2,61,1,2,2,2,1,0,2,1,2,2,
118,2,2,2,3,1,0,2,1,1,2,3,2,1,0,2,115,1,2,3,2,1,0,3,58,1,2,2,2,0,2,2,1,2,2,2,3,1,0,2,59,1,2,3,2,1,0,2,1,3,2,
120,1,1,2,2,1,0,1,0,1,1,2,1,0,0,1,116,1,1,2,1,0,0,2,59,1,2,1,1,0,2,1,0,1,1,1,2,1,0,2,59,0,1,2,1,1,0,1,1,2,1,
122,1,1,2,2,1,0,2,1,0,1,5,1,0,0,2,118,1,1,5,1,1,0,2,61,1,1,1,1,0,2,1,1,1,1,1,2,1,0,2,61,0,1,5,1,0,0,2,1,5,1,
121,1,1,2,2,1,0,2,1,1,1,2,1,1,0,2,118,1,1,2,2,1,0,2,58,1,2,1,1,0,2,1,1,1,1,2,2,1,0,2,58,1,2,2,1,1,0,2,1,2,2,
120,2,1,2,2,1,0,2,1,1,2,2,2,1,0,2,117,1,2,3,2,1,0,3,60,2,2,2,2,0,2,2,1,2,1,2,3,1,0,3,60,1,2,3,2,1,0,2,1,3,2,
120,1,1,1,3,1,0,2,1,0,1,2,3,0,0,1,116,1,1,2,3,0,0,2,59,1,1,3,1,0,2,1,1,1,1,1,3,1,0,2,59,0,1,2,3,0,0,2,1,2,3,
122,2,2,2,2,1,0,2,1,1,2,3,2,1,0,2,119,1,2,3,2,1,0,3,62,2,2,2,2,0,2,2,1,2,2,2,2,2,0,3,62,1,2,3,2,1,0,2,1,2,2,
121,2,2,2,3,2,0,2,1,1,2,3,2,1,1,2,118,2,2,3,2,1,0,3,58,2,2,2,2,1,2,2,1,2,2,2,3,2,0,2,58,1,2,3,2,1,1,2,2,3,2,
120,1,1,2,2,1,0,2,1,1,1,2,1,1,0,1,116,1,1,2,2,1,0,2,57,1,2,1,1,0,2,1,1,1,1,2,2,1,0,2,58,1,1,2,1,1,0,1,1,2,1,
121,2,1,4,4,1,0,2,1,1,1,4,2,1,1,2,117,1,1,4,4,1,0,4,60,1,4,1,1,1,4,2,1,2,2,4,4,1,0,4,60,1,4,4,2,1,1,2,1,4,4,
118,2,3,2,11,2,1,2,1,1,3,4,11,1,0,2,115,1,3,3,11,1,0,3,58,2,3,11,2,0,2,3,1,2,3,2,11,2,1,2,58,1,3,4,11,1,0,2,1,3,11,
124,2,2,2,2,1,0,2,1,1,2,2,2,1,0,2,120,1,2,2,2,1,0,2,60,1,2,2,1,0,2,2,1,2,2,2,2,1,0,2,60,1,2,2,2,1,0,2,1,2,2,
120,2,2,2,2,1,0,2,1,1,2,3,2,1,0,2,117,2,2,2,2,1,0,3,59,2,3,2,2,0,2,2,1,2,2,2,2,1,1,2,59,1,2,3,2,1,0,2,1,3,2,
120,2,2,2,3,2,1,2,1,1,2,3,2,1,1,2,117,2,2,3,2,1,0,3,59,2,2,2,2,1,2,2,1,2,2,2,3,2,1,2,59,1,2,3,2,1,1,2,2,3,2,
119,1,1,1,2,1,0,2,1,0,2,2,1,0,0,2,115,1,2,2,1,0,0,2,57,1,2,1,1,0,2,1,1,1,1,1,2,1,0,2,57,0,2,2,1,0,0,2,0,2,1,
124,3,2,2,2,2,0,2,1,3,2,2,2,2,0,2,119,3,1,2,3,1,0,2,61,3,2,2,1,0,2,1,1,3,2,2,2,2,0,3,61,3,1,2,2,2,0,2,3,2,2,
122,1,0,1,1,0,0,1,0,0,0,4,1,0,0,1,118,1,1,4,1,0,0,1,58,1,1,1,0,0,4,0,0,1,0,1,1,0,0,1,58,0,0,4,1,0,0,4,0,4,1,
120,2,1,2,2,1,0,2,5,1,1,2,2,1,0,2,116,1,2,2,2,1,0,2,59,1,2,1,1,1,2,1,5,2,1,2,2,1,0,2,59,1,2,3,2,1,1,2,1,2,2,
119,2,1,2,2,1,0,2,1,2,2,6,2,1,0,2,115,1,2,2,2,1,0,2,58,1,2,2,1,1,6,1,1,2,2,2,2,1,0,2,58,2,2,6,2,1,0,2,1,6,2,
121,2,2,2,3,1,0,2,1,1,2,3,2,1,1,2,117,2,2,2,2,2,0,2,61,2,2,2,1,1,3,1,1,2,2,2,3,1,0,2,61,1,2,3,2,1,0,2,2,3,2,
122,4,4,4,4,4,0,4,4,4,4,4,4,4,1,4,119,4,4,4,4,4,0,4,58,4,4,4,4,1,4,4,4,4,4,4,4,4,0,4,58,4,4,4,4,4,0,4,4,4,4,
119,2,1,2,2,1,0,2,1,1,1,2,2,1,0,2,115,1,2,2,2,1,0,2,57,1,2,2,1,0,2,1,1,2,1,2,2,1,0,2,57,1,2,2,2,1,0,2,1,2,2,
121,2,1,2,2,1,0,2,1,1,1,2,2,1,0,2,116,1,1,2,2,1,0,2,58,2,2,1,1,0,2,1,1,1,1,2,2,1,0,2,57,1,2,2,2,1,0,1,1,2,2,
122,2,1,2,2,1,0,2,1,1,1,2,2,1,0,2,118,2,2,2,2,2,0,2,60,1,2,1,1,0,2,1,1,1,1,2,2,2,0,2,60,1,2,2,2,1,0,2,2,2,2,
122,1,1,2,2,1,0,2,1,1,1,2,2,1,0,2,118,2,2,2,2,1,0,2,58,1,2,2,1,0,2,1,1,1,1,2,2,1,0,2,58,1,2,2,2,1,0,2,2,2,2,
121,2,2,2,3,2,0,2,1,1,2,3,2,2,0,2,117,2,2,2,3,2,0,2,59,2,2,2,2,1,2,1,1,2,1,2,3,2,0,2,59,1,2,3,2,2,0,2,1,3,3,
120,2,2,2,3,1,0,2,1,1,2,3,2,1,0,2,116,2,2,2,2,1,0,3,59,2,2,2,1,0,2,2,1,2,2,2,3,1,0,2,59,1,2,3,2,1,0,2,2,3,2,
123,1,1,1,2,1,0,2,1,0,1,2,1,0,0,2,118,1,1,1,1,0,0,2,61,1,1,1,0,0,2,1,1,1,1,1,2,1,0,2,61,0,1,2,1,1,0,2,1,2,1,
131,1,1,2,2,1,0,1,1,1,1,2,1,1,0,2,126,1,1,2,2,1,0,2,57,1,2,1,1,0,2,1,1,1,1,2,2,1,0,1,69,1,1,2,1,1,0,2,1,2,2,
118,1,1,2,2,1,0,2,1,1,1,2,1,1,0,2,114,2,1,2,1,1,0,2,57,1,2,1,1,0,2,1,1,1,1,1,2,1,0,2,57,1,1,2,1,1,0,2,2,2,1,
117,1,1,2,5,1,0,2,1,1,1,2,1,1,0,2,114,2,2,2,2,1,0,2,57,1,2,1,1,0,2,1,1,2,1,2,5,1,0,2,57,1,1,2,1,1,0,2,2,2,2,
121,2,2,2,3,2,0,2,1,1,2,2,2,1,0,2,118,2,2,2,2,1,0,2,61,2,2,2,1,1,2,1,1,2,2,2,3,2,0,2,61,1,2,3,2,1,0,2,2,3,2,
121,1,1,2,2,1,0,1,1,1,1,2,1,1,0,2,117,1,1,2,2,1,0,1,57,1,2,1,1,1,2,1,1,1,1,1,2,1,0,1,57,1,1,2,1,1,0,1,1,2,2,
122,2,2,2,3,1,0,2,2,1,2,2,2,1,0,2,116,2,2,2,2,1,0,2,59,2,2,2,1,0,2,2,2,2,2,2,3,2,0,2,59,1,2,3,2,1,0,2,2,3,2,
119,1,1,2,2,1,0,1,1,1,1,2,1,1,0,2,114,1,1,2,2,0,0,1,57,1,2,1,1,0,2,1,0,1,1,1,2,1,0,1,57,1,1,2,1,1,0,1,1,2,2,
123,0,4,0,0,0,0,2,1,0,4,0,0,0,0,2,115,0,4,0,0,0,0,2,58,0,0,0,0,0,2,4,1,0,4,0,0,0,0,2,58,0,4,0,0,0,0,2,0,0,0,
121,1,1,2,2,1,0,2,1,1,1,2,1,1,0,2,118,2,1,2,2,1,0,2,57,1,2,1,1,0,2,1,1,1,1,2,2,1,0,2,57,1,1,2,1,1,0,2,2,2,2,
119,2,1,2,2,1,0,2,1,1,1,2,2,1,0,2,115,1,1,2,2,1,0,2,58,2,2,2,1,0,2,1,1,2,1,2,2,1,0,2,58,1,1,3,2,1,0,2,1,3,2,
123,2,2,2,2,2,0,2,2,1,2,3,2,1,0,2,120,2,2,2,2,1,0,2,61,1,2,2,1,0,2,2,2,2,2,2,3,2,0,2,62,1,2,7,2,2,0,2,2,2,2,
127,1,1,2,2,1,0,2,1,1,1,2,1,1,0,2,123,2,1,2,2,1,0,2,63,1,2,2,1,0,2,1,1,1,1,1,2,2,0,2,63,1,1,2,1,1,0,2,2,2,2,
129,2,2,2,3,2,1,2,2,2,2,3,2,1,1,3,126,2,2,3,3,1,0,2,65,2,3,2,2,1,3,2,1,2,2,2,3,2,1,2,65,2,2,3,2,2,1,2,2,3,3,
133,2,2,3,3,2,1,2,2,2,2,3,2,2,2,2,127,2,2,3,2,2,0,2,63,2,3,2,2,1,2,2,2,2,2,2,3,2,0,2,64,2,2,4,2,2,2,2,2,3,2,
123,1,2,2,2,1,0,2,1,1,2,2,1,1,0,2,119,2,2,2,2,1,0,2,61,1,2,1,1,0,2,2,1,1,2,2,2,1,0,2,61,1,2,2,1,1,0,2,2,2,2,
124,2,2,2,2,1,0,2,1,1,2,3,2,1,0,2,121,1,1,2,2,1,0,2,61,2,2,2,1,0,2,2,1,2,2,2,2,1,0,2,61,1,2,3,2,1,1,2,1,3,2,
125,2,2,2,2,1,0,2,1,1,2,3,1,1,0,2,122,1,2,2,2,1,0,2,64,2,2,1,1,0,2,2,1,2,2,2,2,1,0,2,64,1,2,3,1,1,0,2,2,2,2,
126,2,2,3,2,1,1,2,2,1,2,3,2,1,0,2,123,1,2,2,2,1,0,2,63,2,3,2,1,0,3,2,1,2,2,2,2,2,1,2,63,1,2,3,2,1,0,2,1,3,2,
123,1,2,1,2,1,0,1,1,1,1,2,1,1,0,2,118,1,1,2,2,0,0,1,60,2,2,1,1,0,2,2,1,1,1,1,2,1,0,2,60,1,1,2,1,1,0,2,1,2,2,
123,2,2,2,3,2,1,2,2,2,2,3,2,2,1,4,119,2,2,3,2,2,0,2,61,2,2,2,2,1,3,2,2,2,2,2,3,2,1,2,61,2,2,3,2,2,1,2,2,3,2,
141,1,1,1,2,1,0,2,1,1,1,2,1,1,0,2,137,1,1,2,2,1,0,2,78,1,2,1,1,0,2,1,1,1,1,1,2,1,0,2,78,2,1,2,1,1,0,2,1,2,2,
124,1,1,1,2,1,0,2,1,1,1,2,1,2,0,2,121,1,1,2,2,0,0,2,59,1,3,1,1,0,2,1,1,1,1,1,2,1,0,2,60,1,1,2,1,2,0,2,1,2,2,
120,2,1,2,2,3,0,2,1,1,1,2,2,2,0,2,117,2,2,3,2,1,0,3,59,2,2,2,2,0,3,1,1,2,1,2,3,3,0,2,59,2,2,2,2,2,0,2,1,2,2,
120,2,1,2,2,2,0,2,1,1,1,2,1,2,0,2,117,1,2,2,3,1,0,2,58,1,2,2,2,0,2,2,1,1,1,2,3,2,0,2,59,1,2,2,1,2,0,2,1,2,3,
124,2,2,2,4,2,0,2,1,1,2,3,2,1,0,2,121,1,2,2,3,1,0,2,62,1,2,2,2,0,2,2,1,2,2,2,4,2,0,2,62,1,2,2,2,2,0,2,1,2,3,
131,2,2,2,3,2,0,2,2,2,2,3,2,2,1,3,127,1,2,2,3,1,0,2,62,1,3,2,2,1,2,2,2,2,2,2,3,2,0,2,62,2,2,3,2,2,1,2,1,2,3,
122,1,1,1,2,1,0,1,1,0,1,2,1,1,0,2,117,0,1,1,2,0,0,1,58,0,2,1,1,0,2,1,1,2,1,1,2,1,0,1,58,0,1,2,1,1,0,2,1,1,2,
120,1,1,1,2,1,0,2,1,1,1,2,1,1,0,2,116,1,1,1,2,1,0,2,58,1,2,2,1,0,2,1,1,1,1,1,2,1,0,2,58,1,1,2,1,1,0,2,1,1,2,
122,1,1,2,2,1,0,2,1,1,1,2,1,2,0,2,119,1,1,2,2,1,0,2,61,1,2,1,2,0,2,1,1,1,1,2,2,2,0,2,61,1,1,2,1,2,0,2,1,2,2,
123,1,2,2,2,2,0,2,1,1,2,2,2,2,0,2,120,1,2,2,2,1,0,2,58,1,2,2,2,0,3,1,1,1,1,2,2,2,0,2,58,1,2,2,2,2,0,2,1,2,2,
123,2,2,2,2,2,0,2,1,1,2,3,2,2,0,2,119,1,2,3,2,1,0,2,61,1,4,2,2,0,2,2,1,1,2,4,2,2,0,2,61,1,2,3,2,2,0,2,2,3,2,
120,2,2,3,13,2,0,2,5,1,2,3,13,2,0,3,117,1,2,3,13,1,0,2,59,1,4,13,2,1,3,2,5,2,2,3,14,2,0,2,59,1,2,3,13,2,1,2,1,3,13,
123,2,2,2,2,1,0,1,1,1,3,2,1,1,0,2,115,0,3,2,2,0,0,1,58,0,2,1,1,0,2,2,1,1,2,2,2,1,0,1,59,1,3,2,1,1,0,1,0,2,1,
125,2,1,1,2,1,0,1,1,1,1,2,1,1,0,2,121,3,1,2,2,0,0,1,58,2,2,1,1,0,2,1,1,2,1,2,2,1,0,1,58,1,1,2,1,1,0,2,3,2,1,
135,2,1,2,2,1,0,2,1,2,1,2,2,2,0,2,130,2,1,2,2,0,0,2,62,2,2,2,1,0,2,1,1,2,1,2,2,2,0,2,62,2,1,2,2,2,0,2,2,2,2,
125,1,2,2,2,1,0,2,1,1,2,2,1,1,0,3,120,2,3,2,2,1,0,3,62,1,2,1,1,0,3,2,1,1,2,2,2,1,0,3,62,1,3,2,1,1,0,2,1,2,2,
123,1,2,2,4,2,0,2,1,1,2,2,3,2,1,2,118,1,2,3,4,1,0,3,59,1,2,4,2,2,3,2,1,1,2,2,4,2,1,2,59,1,2,3,3,2,1,2,1,3,4,
125,1,2,2,3,2,0,2,1,1,1,3,3,1,2,2,120,1,2,3,3,1,0,3,63,1,2,2,2,2,2,2,1,1,2,2,3,2,1,2,63,1,2,3,3,2,2,3,1,3,3,
125,1,2,2,5,1,0,2,1,1,2,5,2,1,1,5,119,1,2,5,2,1,0,5,59,1,2,2,1,1,2,2,1,1,2,2,5,1,1,2,59,1,2,5,2,1,1,2,1,5,2,
133,1,1,2,2,1,0,2,0,1,1,2,1,0,0,2,129,1,1,2,2,1,0,2,57,1,2,1,1,0,2,1,0,1,1,2,2,1,0,2,57,1,1,2,1,1,0,2,1,2,2,
126,1,1,2,2,1,0,1,1,1,1,2,1,1,0,2,121,1,1,2,2,1,0,2,64,1,2,1,1,0,1,1,1,1,1,2,2,1,0,2,64,1,1,2,1,1,0,2,1,2,2,
127,1,1,2,2,1,0,2,1,1,1,2,1,1,1,2,123,1,1,2,2,1,0,2,65,1,2,1,1,0,2,1,1,1,1,2,2,1,0,2,65,1,1,2,1,1,0,2,1,2,2,
126,1,1,2,2,2,0,2,1,1,2,6,2,1,1,5,122,1,2,6,2,1,0,5,61,1,2,2,1,1,2,1,1,1,1,5,6,2,1,2,61,1,1,6,2,1,1,2,1,6,2,
125,2,1,2,2,1,0,2,1,1,1,3,1,1,1,2,119,1,2,3,2,1,0,2,61,1,2,2,1,1,2,1,1,2,1,2,2,1,0,2,61,1,2,3,2,1,1,2,1,3,2,
121,2,2,2,3,2,0,2,1,1,2,3,2,2,1,2,118,2,2,3,2,2,0,2,61,1,3,2,2,1,2,2,1,2,2,3,3,2,1,2,61,1,2,3,2,1,1,2,1,3,2,
128,3,3,3,3,3,0,3,0,1,3,3,3,1,0,3,123,3,3,3,3,3,0,3,66,3,3,3,3,0,3,3,0,3,3,3,3,3,0,3,66,1,3,3,3,3,0,3,3,3,3,
126,1,1,2,2,2,0,2,0,1,1,3,2,1,1,2,121,1,1,3,2,1,0,3,61,1,2,2,1,1,2,1,0,1,1,3,2,2,0,2,61,1,1,3,2,1,1,2,1,3,2,
122,1,1,2,2,2,0,2,1,1,1,2,2,1,0,2,118,1,1,3,2,1,0,2,61,1,2,2,1,0,2,1,1,1,1,2,2,2,0,2,61,1,1,2,2,1,0,2,1,3,2,
122,1,1,2,2,1,0,2,1,1,1,2,1,1,0,2,119,1,2,3,3,1,0,2,61,1,2,1,1,1,2,1,1,1,1,2,2,1,0,2,61,1,2,2,1,1,0,2,1,2,2,
126,2,2,3,3,3,0,2,1,2,2,4,3,2,1,2,122,1,2,4,3,2,0,2,65,1,3,3,2,1,2,1,1,2,1,4,3,3,0,2,65,2,2,4,3,2,1,2,1,4,3,
126,2,2,2,2,2,0,3,1,2,2,3,2,1,1,2,122,2,2,3,2,1,0,3,61,1,3,2,1,1,2,2,1,2,2,3,2,2,1,2,61,2,2,3,2,1,1,2,2,3,2,
122,1,1,1,1,1,0,2,0,1,1,2,1,0,0,1,118,1,1,2,2,0,0,2,59,1,2,1,0,0,1,1,0,1,1,2,1,1,0,1,60,1,1,2,1,0,0,1,1,2,2,
122,1,1,2,2,1,0,2,0,1,1,2,1,0,0,1,118,1,1,2,2,0,0,2,59,1,2,1,1,0,1,1,0,1,1,2,2,1,0,2,60,1,1,2,1,1,0,1,1,2,2,
126,1,1,2,1,1,0,2,0,1,1,2,1,1,0,1,122,1,1,2,2,1,0,2,63,1,2,1,1,0,2,1,0,1,1,2,1,1,0,2,64,1,1,2,1,1,0,1,1,2,2,
124,1,1,2,2,2,0,2,1,1,1,2,1,1,0,2,121,1,1,2,2,1,0,2,60,1,2,1,1,0,2,1,1,1,1,2,2,2,0,2,61,1,1,2,2,1,0,2,1,2,2,
123,2,1,2,2,2,0,2,1,1,1,3,2,1,0,2,119,1,2,3,2,1,0,2,61,1,2,2,1,0,2,1,1,2,1,2,2,2,0,2,61,1,2,3,2,1,0,2,1,3,2,
121,1,2,2,3,2,0,3,1,1,2,3,2,1,1,3,118,1,2,3,3,1,1,3,61,1,2,2,1,1,2,2,1,1,2,3,2,2,1,3,61,1,2,3,2,1,0,3,1,3,3,
128,1,4,2,2,2,0,3,1,1,4,3,2,1,0,2,120,1,4,2,2,1,0,2,62,1,2,2,1,0,2,4,1,1,4,2,2,2,0,2,62,1,4,3,2,1,0,2,1,3,2,
126,1,1,2,1,1,0,2,0,1,1,2,1,1,0,1,122,1,1,2,2,1,0,2,63,1,2,1,1,0,1,1,0,1,1,2,1,1,0,1,63,1,1,2,1,1,0,1,1,2,2,
144,1,1,2,2,1,0,2,1,1,1,5,2,1,0,1,139,1,1,2,5,1,0,2,79,1,2,2,1,1,2,1,1,1,1,2,2,1,0,2,79,1,1,2,2,1,0,1,1,2,5,
120,1,1,2,2,1,0,2,1,1,1,2,2,1,0,2,116,1,2,2,2,1,0,2,58,1,2,2,1,0,2,1,1,1,1,2,2,1,0,2,58,1,1,2,2,1,0,2,1,2,2,
122,2,2,2,2,2,0,3,1,2,2,3,2,1,1,2,118,1,2,3,3,1,0,2,60,2,3,2,1,1,2,2,1,2,2,3,3,2,0,2,60,2,2,3,3,1,1,2,2,3,2,
123,2,2,2,2,2,0,3,1,2,2,3,2,1,0,2,119,2,2,3,2,1,0,2,61,2,2,2,1,0,2,2,1,2,2,2,2,2,0,2,61,2,2,3,2,1,0,2,2,3,2,
123,2,2,2,2,2,0,3,1,2,2,3,2,1,0,2,120,2,2,3,2,2,0,2,58,1,2,2,1,1,2,2,1,2,2,2,2,2,0,2,58,2,2,3,2,1,0,2,2,3,2,
121,1,1,2,2,1,0,2,1,1,1,3,1,1,0,1,117,1,1,2,2,1,0,2,58,1,2,2,1,0,2,1,1,1,1,2,2,2,0,2,58,1,1,3,2,1,0,2,1,2,2,
121,1,1,3,3,3,0,2,1,1,1,4,3,2,0,1,117,1,1,3,3,2,0,2,59,1,3,3,2,0,2,1,1,1,1,3,3,3,0,2,59,1,1,4,3,2,0,1,1,4,3,
123,1,1,2,2,1,0,2,1,1,1,3,2,1,0,1,119,1,1,2,2,1,0,2,61,1,2,1,1,0,2,1,1,1,1,2,1,1,0,2,61,1,1,2,2,1,0,1,1,2,2,
122,2,1,2,2,2,0,2,1,1,1,3,2,1,0,2,119,1,1,3,2,1,0,2,58,1,2,2,1,0,2,1,1,1,1,2,2,2,0,2,58,1,1,3,2,1,0,2,1,2,2,
119,1,1,2,2,2,0,2,1,1,1,3,2,1,0,2,116,1,2,3,2,1,0,3,58,1,2,2,2,1,2,1,1,1,1,2,2,2,0,2,58,1,2,3,2,1,0,2,1,2,2,
120,1,1,2,2,2,0,13,1,1,2,3,2,1,0,13,117,1,2,3,2,1,0,14,59,1,2,2,1,1,13,2,1,2,2,2,2,2,0,13,60,1,2,3,2,1,0,13,1,3,2,
122,2,2,2,2,2,0,2,1,2,2,3,2,1,1,2,119,2,2,3,2,1,0,2,61,1,3,2,2,1,2,2,1,2,2,2,2,2,0,2,62,2,2,3,2,1,1,2,2,3,2,
124,1,1,1,1,1,0,2,1,1,1,2,1,0,0,1,119,1,1,2,1,1,0,2,58,1,1,1,1,0,1,1,1,1,1,1,1,1,0,2,58,1,1,2,1,0,0,2,1,2,1,
121,1,1,1,1,1,0,2,1,1,1,2,1,0,0,2,116,1,1,2,1,1,0,2,58,1,2,1,1,0,1,1,1,1,1,1,1,1,0,2,59,1,1,2,1,0,0,2,1,2,1,
121,1,1,2,2,2,0,2,1,1,1,2,1,1,1,1,118,1,1,2,2,1,0,2,59,1,2,2,1,0,2,1,1,1,1,2,2,2,0,2,59,1,1,3,2,1,0,2,1,2,2,
125,1,1,2,3,2,0,2,1,1,1,6,2,1,1,2,122,1,2,5,2,1,0,3,61,1,2,2,1,1,2,1,1,1,1,2,3,2,0,2,61,1,1,6,2,1,1,2,1,5,2,
123,1,2,2,2,2,1,3,1,2,2,3,2,1,1,2,119,2,2,3,2,1,1,3,58,1,2,2,2,1,2,2,1,2,2,2,2,2,0,2,58,2,2,3,2,1,1,2,2,3,2,
118,2,2,2,2,2,0,3,1,2,2,3,2,1,1,2,114,2,2,3,2,1,0,3,58,1,2,2,2,1,2,2,1,2,2,2,2,2,0,2,58,2,2,3,2,1,1,2,2,3,2,
120,4,4,4,4,4,0,4,1,4,4,4,4,4,1,4,117,4,4,4,4,4,0,4,59,4,4,4,4,1,4,4,1,4,4,4,4,4,0,4,59,4,4,4,4,4,1,4,4,4,4,
146,1,1,1,2,2,0,2,1,1,1,2,1,1,0,1,141,1,1,2,1,1,0,2,61,1,2,1,1,0,2,1,1,1,1,1,1,5,0,2,61,1,1,2,2,1,0,1,1,2,1,
123,1,1,3,2,2,0,2,1,1,1,2,1,1,0,1,119,1,1,3,2,1,0,2,58,1,3,1,1,0,2,1,1,1,1,2,2,2,0,2,59,1,1,3,2,1,0,1,1,3,2,
119,1,1,2,2,2,0,2,1,1,1,2,2,1,0,1,116,1,1,2,2,1,0,2,58,1,2,2,1,0,2,1,1,1,1,2,2,2,0,2,58,1,1,2,2,1,0,2,1,2,2,
120,2,1,2,2,2,0,3,1,2,1,2,2,1,0,2,117,2,2,2,2,1,0,2,60,1,2,2,1,0,2,2,1,2,1,2,2,2,0,2,60,1,2,2,2,1,0,2,2,2,2,
120,2,2,2,2,2,0,5,1,2,2,3,2,1,1,2,116,2,2,3,2,1,0,5,58,2,3,2,2,1,2,2,1,2,1,2,2,2,0,5,59,2,2,3,2,1,1,2,2,3,2,
126,1,2,2,2,2,0,2,1,1,2,2,2,1,0,2,123,1,2,3,2,1,0,2,64,1,2,2,2,1,2,2,1,1,2,2,2,2,0,2,64,1,2,2,2,1,1,2,1,2,2,
121,2,1,2,2,1,0,2,1,1,2,3,2,1,0,2,117,1,2,2,2,1,0,2,58,1,2,2,1,0,2,2,1,2,2,2,2,1,0,2,58,1,2,3,2,1,0,2,1,3,2,
123,1,1,3,3,2,0,2,2,1,1,3,2,1,1,2,119,1,1,3,3,1,0,2,60,1,3,2,2,1,2,1,2,1,1,2,2,2,0,2,60,1,1,3,2,1,1,2,1,3,2,
121,1,1,2,1,1,0,2,1,0,2,2,1,0,0,1,117,1,1,2,1,1,0,2,58,0,2,1,1,0,2,1,1,1,1,1,1,1,0,2,58,0,1,2,1,0,0,1,1,2,1,
123,4,2,2,3,2,0,2,1,4,2,3,3,1,1,2,120,4,2,3,3,2,0,3,62,4,2,3,2,1,3,2,1,4,2,2,3,2,1,2,62,4,2,3,3,1,1,2,4,3,3,
126,2,2,3,2,2,0,2,1,1,2,3,2,1,0,2,122,2,2,3,3,1,0,2,59,2,3,2,2,1,3,2,1,2,2,2,2,2,0,2,59,1,2,3,2,1,0,2,2,3,2,
130,1,2,1,1,1,0,3,1,0,2,2,1,0,0,3,125,1,2,2,1,0,0,3,60,1,2,1,1,0,4,2,1,1,2,1,1,1,0,3,60,0,2,2,1,0,0,3,1,2,1,
121,1,1,1,3,1,0,2,0,0,1,2,2,1,0,1,117,1,1,1,2,1,0,2,59,1,2,3,1,0,2,1,1,1,1,2,3,1,0,2,59,0,1,2,2,1,0,1,1,1,3,
123,3,2,2,3,2,0,2,1,2,2,3,2,1,1,2,120,2,2,2,3,1,0,3,63,2,3,2,2,1,2,2,1,3,2,2,3,2,0,2,63,2,2,3,2,1,1,2,2,2,3,
125,1,1,1,2,1,0,1,0,0,1,2,1,0,0,1,120,1,1,1,2,0,0,2,59,1,1,1,1,0,1,1,1,1,1,1,1,1,0,1,59,1,1,1,1,0,0,1,1,1,2,
122,1,1,2,2,1,0,1,1,0,1,2,1,0,0,1,119,1,1,2,2,1,0,2,60,1,2,1,1,0,2,1,1,1,1,2,2,1,0,1,60,0,1,2,1,1,0,1,1,1,2,
123,2,1,2,2,2,0,3,1,1,1,2,2,1,0,2,120,1,1,2,2,1,0,3,59,1,2,2,1,0,3,1,1,2,1,2,2,2,0,3,59,1,1,2,2,1,0,2,1,2,3,
124,1,2,2,2,5,0,2,1,1,1,2,2,1,0,2,120,1,1,5,2,1,0,2,62,1,2,2,4,0,2,1,1,1,1,2,2,5,0,2,62,1,1,2,2,1,0,2,1,2,2,
123,2,2,2,2,2,0,2,1,1,1,2,2,1,0,2,120,1,2,2,2,1,0,2,58,2,2,2,1,0,2,2,1,1,2,2,2,2,0,2,60,1,2,2,2,1,0,2,2,2,2,
119,2,2,3,3,2,0,2,1,1,1,3,2,1,0,2,116,2,2,2,3,1,0,2,60,2,2,2,2,0,2,2,1,2,1,2,2,2,0,2,60,1,2,3,2,1,0,2,2,2,3,
124,1,1,1,2,1,0,1,1,0,1,2,1,0,0,1,119,1,1,1,2,0,0,2,59,1,1,1,1,0,1,1,1,1,1,2,1,1,0,1,58,0,1,2,1,0,0,1,1,1,2,
126,1,1,2,2,1,0,1,0,0,1,2,1,0,0,1,122,1,1,2,2,0,0,2,61,1,2,1,1,0,1,1,1,1,1,1,1,1,0,1,61,0,1,2,1,0,0,1,1,1,1,
122,1,1,2,2,2,0,1,0,1,1,2,1,0,0,1,119,1,1,2,2,1,0,2,58,1,2,2,1,0,1,1,1,1,1,2,2,1,0,1,59,1,1,2,1,1,0,1,1,2,2,
