11,1,1,2,3,0,3,2,1,1,1,3,3,3,0,3,1,1,2,3,3,
10,4,0,5,2,0,2,4,1,4,0,4,2,2,0,5,0,4,1,5,2,
7,1,1,2,2,0,2,2,1,1,1,2,2,2,0,2,1,1,1,2,2,
7,1,1,2,2,0,2,3,1,1,1,2,2,2,0,2,1,1,1,2,2,
7,1,0,1,1,0,2,1,1,1,0,1,2,2,0,2,1,1,1,1,2,
6,0,0,0,1,0,1,1,0,0,0,0,1,1,0,1,0,0,0,0,1,
6,0,0,1,1,0,1,1,0,0,0,1,1,1,0,1,0,0,0,1,1,
6,0,0,0,1,0,2,1,0,0,0,2,1,2,0,1,0,0,0,0,1,
6,0,0,1,1,0,1,1,0,0,0,1,1,1,0,1,0,2,0,1,1,
6,0,0,1,1,0,1,1,0,0,0,1,1,1,0,1,0,0,0,1,1,
6,0,0,0,1,0,1,1,0,0,0,0,1,1,0,1,0,0,0,0,1,
8,0,3,1,1,0,1,1,0,0,3,1,1,1,0,1,0,0,3,1,1,
8,1,0,1,1,0,1,1,0,1,0,1,1,1,0,1,0,0,0,1,1,
8,1,0,1,1,0,2,2,1,1,0,1,2,2,0,2,1,1,1,1,2,
6,1,0,1,2,0,2,1,1,1,0,1,2,2,0,1,1,1,1,1,2,
7,1,1,1,2,0,2,2,1,1,1,1,2,2,0,2,1,1,1,1,2,
10,5,1,5,2,1,5,5,1,5,1,5,4,5,0,5,1,5,1,5,4,
7,0,0,0,1,0,1,1,0,0,0,0,1,1,0,1,0,0,0,0,1,
6,0,0,0,1,0,1,0,0,0,0,0,1,1,0,0,0,0,0,0,1,
7,0,0,1,1,0,1,1,0,0,0,1,1,2,0,1,0,0,0,0,1,
6,0,0,0,1,0,1,1,0,0,0,0,1,1,0,1,0,0,0,0,1,
8,0,0,1,3,0,1,1,1,0,0,1,3,2,0,1,1,0,0,0,3,
6,0,0,1,1,0,1,1,0,0,0,1,1,1,0,1,0,0,0,1,1,
6,0,0,1,1,0,1,1,1,0,0,1,1,2,0,1,0,0,0,1,1,
6,0,0,1,1,0,1,1,1,0,0,1,2,2,0,1,0,0,0,1,1,
7,1,0,1,1,0,2,1,1,1,0,1,1,2,0,2,1,1,1,1,2,
7,1,0,2,2,0,2,2,1,1,0,2,2,2,0,2,1,1,1,2,2,
6,1,0,1,1,0,2,2,1,1,0,1,1,2,0,1,1,1,0,1,2,
9,1,1,2,2,0,2,2,1,1,1,1,2,2,0,2,1,1,1,1,2,
7,0,0,1,1,0,1,1,0,0,0,1,1,1,0,1,0,0,0,1,1,
7,1,1,1,2,1,2,1,1,1,1,1,2,2,0,1,1,1,1,1,2,
6,0,0,0,1,0,1,1,0,0,0,0,1,1,0,1,0,0,0,0,1,
6,1,0,1,1,0,1,2,0,1,0,1,1,1,0,2,0,1,0,1,1,
6,0,0,1,1,0,1,1,0,0,0,1,1,1,0,1,0,0,0,1,1,
6,0,0,1,1,0,1,1,0,0,0,1,1,1,0,1,0,0,0,1,1,
6,0,0,1,1,0,1,1,0,0,0,1,1,1,0,1,0,0,0,1,1,
6,1,1,1,1,0,2,1,1,1,1,1,1,2,0,1,1,1,1,1,2,
9,0,0,0,1,0,1,0,0,0,0,0,1,1,0,0,0,0,0,0,1,
7,1,0,1,1,0,2,1,1,1,0,1,2,2,0,1,1,1,0,1,2,
7,0,0,1,1,0,2,1,1,0,0,1,1,2,0,1,1,0,0,1,2,
7,1,2,1,2,0,2,2,1,1,1,2,2,2,0,2,1,1,1,2,2,
7,1,0,1,2,0,2,1,1,1,0,1,2,2,0,1,1,1,1,1,2,
8,0,0,0,1,0,1,1,0,2,0,1,1,1,0,1,0,0,0,0,1,
7,1,1,2,2,0,2,2,1,1,1,2,2,2,0,2,1,1,1,2,2,
5,1,1,1,2,0,2,1,1,1,0,1,2,2,0,1,1,1,1,1,2,
6,0,0,1,1,0,1,1,0,0,0,1,1,1,0,1,0,0,0,1,1,
6,2,0,0,1,0,1,1,0,2,0,0,1,1,0,1,0,0,0,0,1,
6,0,0,1,1,0,1,1,0,0,0,1,1,1,0,1,0,0,0,1,1,
6,1,0,1,1,0,1,1,0,1,0,1,1,1,0,1,0,1,0,1,1,
6,0,0,1,1,0,1,1,0,0,0,1,1,1,0,1,0,0,0,1,1,
8,0,0,0,1,0,1,0,0,0,0,0,1,1,0,0,0,0,0,0,1,
6,1,1,1,1,0,2,1,1,1,0,1,1,2,0,2,1,1,0,1,1,
7,1,0,1,1,0,2,1,1,1,0,1,1,2,0,1,1,1,0,1,2,
7,1,1,1,2,0,2,1,1,1,0,1,2,2,0,1,1,1,1,1,2,
7,1,1,1,2,0,2,2,1,1,1,1,2,2,0,2,1,1,1,2,2,
6,1,1,1,1,0,2,1,1,1,0,1,2,2,0,1,1,1,1,1,2,
6,1,1,1,2,0,2,2,1,1,1,1,2,2,0,2,1,1,1,1,2,
6,0,0,1,1,0,1,1,0,0,0,1,1,1,0,1,0,0,0,1,1,
6,0,0,0,1,0,1,1,0,0,0,0,1,1,0,1,0,0,0,1,1,
6,0,0,1,1,0,1,1,0,0,0,1,1,1,0,1,0,0,0,1,1,
6,0,0,0,1,0,1,1,0,0,0,0,1,1,0,1,0,0,0,0,1,
6,1,0,1,1,0,1,1,1,2,0,1,1,2,0,1,0,0,0,1,1,
6,1,0,1,1,0,1,1,1,1,0,1,1,2,0,1,0,1,0,1,1,
6,1,0,1,1,0,1,1,1,1,0,1,1,2,0,1,0,0,0,1,2,
6,1,0,1,1,0,2,1,1,1,0,1,1,2,0,2,1,1,0,1,2,
9,1,0,4,2,0,2,3,1,1,0,4,1,2,0,3,1,1,0,4,2,
6,1,0,1,1,0,2,1,1,1,0,1,1,2,0,1,1,1,0,1,1,
9,1,0,1,4,0,2,1,1,1,0,1,4,2,0,1,1,1,1,1,5,
6,1,1,1,2,0,2,2,1,1,1,1,2,2,0,2,1,1,1,1,2,
9,4,0,4,1,0,2,4,1,4,0,4,2,2,0,4,1,4,1,4,2,
6,0,0,0,1,0,1,1,0,0,0,0,1,1,0,1,0,0,0,0,1,
6,0,0,1,1,0,1,1,0,0,0,1,1,1,0,1,0,0,0,1,1,
6,1,1,1,2,1,2,2,1,1,1,1,2,2,0,2,1,1,1,1,2,
6,0,0,1,1,0,1,1,0,0,0,0,1,1,0,1,0,0,0,1,1,
6,0,0,0,1,0,1,1,0,0,0,1,1,1,0,1,0,0,0,1,1,
6,1,0,1,1,0,1,1,1,0,0,1,1,1,0,1,0,0,0,1,1,
6,1,0,1,1,0,1,1,1,1,0,1,1,2,0,1,0,1,0,1,1,
7,0,0,1,1,0,1,1,1,0,0,1,1,2,0,1,0,0,0,1,1,
6,1,1,1,1,0,2,1,1,1,0,1,1,2,0,1,1,1,1,1,2,
6,1,1,1,1,0,2,1,1,1,1,1,1,2,0,1,1,1,1,1,2,
6,1,0,1,1,0,2,1,1,1,0,1,1,2,0,1,1,1,0,1,1,
9,1,0,1,1,0,1,1,1,1,0,1,1,2,0,1,0,0,0,1,1,
7,1,1,1,2,0,2,1,1,1,1,1,2,2,0,1,1,1,1,1,2,
6,0,0,0,1,0,1,0,0,0,0,0,1,1,0,0,0,0,0,0,1,
6,0,0,0,1,0,1,1,1,0,0,0,1,1,0,1,0,0,0,0,1,
6,1,0,1,1,0,1,1,0,1,0,1,1,1,0,1,0,1,0,1,1,
7,0,0,2,1,0,1,1,0,0,0,3,1,1,0,1,0,0,0,3,1,
6,1,0,1,1,0,1,1,1,1,0,1,1,1,0,1,1,1,0,1,1,
6,0,0,1,1,0,1,1,0,0,0,1,1,1,0,1,0,0,0,1,1,
6,1,0,1,1,0,1,1,1,1,0,1,1,2,0,1,0,1,0,1,1,
6,1,0,1,1,0,1,1,1,1,0,1,1,2,0,1,0,1,0,1,1,
6,1,0,1,1,0,1,1,1,1,0,1,1,2,0,1,1,1,0,1,1,
8,1,0,1,1,0,3,2,1,1,0,1,1,4,0,2,1,1,1,1,2,
7,0,0,0,1,0,1,1,1,0,0,0,1,1,0,1,0,0,0,0,1,
7,1,1,1,2,0,2,1,1,1,0,1,2,2,0,1,1,1,1,1,2,
7,0,0,0,1,0,1,1,0,0,0,0,1,1,0,1,0,0,0,0,1,
6,0,0,0,1,0,1,1,0,0,0,0,1,1,0,1,0,0,0,0,1,
5,1,1,1,2,1,2,1,1,1,0,1,2,2,0,1,1,1,1,1,2,
6,0,0,0,1,0,1,1,0,0,0,0,1,1,0,1,0,0,0,0,1,
6,0,0,0,1,0,1,1,0,0,0,0,1,1,0,1,0,0,0,0,1,
6,0,1,0,1,0,1,1,0,0,1,0,1,1,0,1,0,0,1,0,1,
6,0,0,0,1,0,1,1,0,0,0,0,1,1,0,1,0,0,0,1,1,
6,0,0,0,1,0,1,1,0,0,0,0,1,1,0,1,0,0,0,0,1,
6,0,0,1,1,0,1,1,1,0,0,1,1,1,0,1,0,0,0,1,1,
6,1,0,1,1,0,2,1,1,1,0,1,1,2,0,1,0,1,0,1,1,
6,0,0,0,1,0,2,1,1,0,0,1,1,2,0,1,1,0,0,1,1,
6,1,0,1,1,0,2,1,1,1,0,1,1,2,0,1,1,1,0,1,1,
6,1,0,1,1,0,2,1,1,1,0,1,1,2,0,1,1,1,0,1,2,
6,1,0,1,1,0,2,1,1,1,0,1,1,2,0,1,1,1,0,1,2,
6,1,0,1,2,0,2,1,1,1,0,1,2,2,0,1,1,1,0,1,2,
7,1,0,1,1,0,2,1,1,1,0,1,1,2,0,1,1,1,0,1,2,
6,1,1,1,1,0,2,1,1,1,1,1,2,2,0,1,1,1,1,1,2,
7,1,1,1,2,0,2,1,1,1,1,1,2,2,0,2,1,1,1,1,2,
6,0,0,0,1,0,1,0,0,0,0,0,1,1,0,1,0,0,0,0,1,
5,1,1,1,1,0,2,1,1,1,1,1,2,2,0,1,1,1,1,1,2,
6,0,0,0,1,0,1,1,0,0,0,0,1,1,0,1,0,0,0,0,1,
6,0,0,0,1,0,1,1,0,0,0,0,1,1,0,1,0,0,0,0,1,
9,1,0,1,1,0,2,2,1,1,0,1,1,2,0,2,1,1,0,1,2,
7,0,0,1,1,0,2,1,1,0,0,1,1,2,0,1,1,0,0,1,2,
6,1,0,0,1,0,1,1,0,0,0,0,1,1,0,1,0,0,0,0,1,
6,0,0,1,1,0,1,1,0,0,0,1,1,2,0,1,0,0,0,1,1,
6,1,0,1,1,0,1,1,1,1,0,1,1,2,0,1,1,1,0,1,1,
7,1,1,1,1,0,2,2,1,1,0,1,2,2,0,2,1,1,1,1,2,
7,0,0,1,1,0,1,1,0,0,0,1,1,1,0,1,0,0,0,1,1,
6,1,1,1,2,1,2,2,1,1,1,1,2,2,0,2,1,1,1,1,2,
6,1,0,1,1,0,1,1,1,1,0,1,1,2,0,1,0,0,0,1,1,
9,1,0,4,4,0,4,4,1,1,0,4,4,4,0,4,1,1,1,4,4,
7,1,1,1,2,0,2,1,1,1,1,1,1,2,0,1,1,1,1,1,2,
5,1,0,1,1,0,2,1,1,1,0,1,2,2,0,2,1,1,1,1,2,
6,0,0,0,1,0,1,0,0,0,0,0,1,1,0,1,0,0,0,0,1,
32,1,0,1,2,0,2,1,1,1,0,1,2,2,0,1,1,1,0,1,2,
6,0,0,0,1,0,1,0,0,0,0,0,1,1,0,1,0,0,0,0,1,
6,0,0,0,1,0,1,0,0,0,0,0,1,1,0,1,0,0,0,0,1,
6,0,0,0,1,0,1,0,0,0,0,0,1,1,0,0,0,0,0,0,1,
6,0,0,0,1,0,1,0,0,0,0,0,1,1,0,1,0,0,0,0,1,
6,0,0,0,1,0,1,1,0,0,0,0,1,1,0,1,0,0,0,0,1,
6,0,0,0,1,0,1,0,0,0,0,0,1,1,0,1,0,0,0,0,1,
6,0,0,1,1,0,1,1,0,0,0,1,1,1,0,1,0,0,0,1,1,
6,0,0,0,1,0,1,1,0,0,0,1,1,1,0,1,0,0,0,1,1,
8,0,1,0,2,1,2,0,1,0,0,0,2,2,0,1,1,0,1,0,2,
7,1,1,1,2,0,2,2,1,1,1,1,3,2,0,2,1,1,1,1,3,
7,0,0,0,1,0,1,1,0,0,0,1,1,1,0,1,0,0,0,1,1,
6,0,0,1,1,0,1,1,1,0,0,1,1,2,0,1,0,0,0,1,1,
6,1,0,1,1,0,2,1,1,1,0,1,1,2,0,1,1,1,1,1,1,
5,1,0,1,1,0,1,1,1,1,0,1,1,2,0,1,0,0,0,1,1,
5,1,1,1,2,0,2,1,1,1,1,1,2,2,0,1,1,1,1,1,2,
5,1,1,1,2,0,2,1,1,1,1,1,2,2,0,1,1,1,1,1,2,
5,1,0,1,1,0,2,1,1,1,0,1,1,2,0,1,1,1,1,1,1,
6,0,0,0,1,0,1,1,0,0,0,0,1,1,0,1,0,0,0,0,1,
10,0,0,0,1,0,1,3,0,0,0,0,1,2,0,3,0,0,0,0,1,
6,0,0,0,1,0,1,0,1,0,0,0,1,1,0,0,0,0,0,0,1,
6,0,0,0,1,0,1,0,0,0,0,0,1,1,0,0,0,0,0,0,1,
6,0,0,1,1,0,1,1,1,1,0,1,1,1,0,1,0,0,0,1,1,
6,0,0,0,1,0,1,1,0,0,0,0,1,1,0,1,0,0,0,0,1,
7,0,0,2,1,0,1,1,0,0,0,2,1,1,0,1,0,0,0,2,1,
6,0,0,1,1,0,1,1,0,0,0,1,1,1,0,1,0,0,0,1,1,
6,0,0,1,1,0,1,1,0,0,0,0,1,1,0,1,0,0,0,1,1,
6,0,0,0,1,0,1,1,0,0,0,1,1,1,0,1,0,0,0,1,1,
6,0,0,1,1,0,1,1,1,0,0,1,1,1,0,1,0,0,0,1,1,
6,0,0,1,1,0,1,1,0,0,0,1,1,1,0,1,0,0,0,1,1,
7,0,0,0,1,0,2,0,1,0,0,0,1,2,0,0,1,0,0,0,1,
6,1,0,1,1,0,1,1,1,1,0,1,1,2,0,1,0,0,0,1,1,
5,1,0,1,1,0,2,1,1,1,0,1,1,2,0,1,1,1,1,1,1,
5,1,1,1,1,0,2,1,1,1,0,1,1,2,0,1,1,1,1,1,2,
5,1,0,1,1,0,2,1,1,1,0,1,1,2,0,1,1,1,0,1,1,
5,1,1,1,2,0,2,1,1,1,1,1,2,2,0,1,1,1,1,1,2,
6,0,0,0,1,0,1,0,0,0,0,0,1,1,0,0,0,0,0,0,1,
5,0,0,0,1,0,1,0,0,0,0,0,1,1,0,0,0,0,0,0,1,
6,0,1,0,1,0,1,0,0,0,1,0,1,1,0,1,0,0,1,0,1,
7,2,2,2,2,0,2,2,2,2,2,2,2,2,0,2,2,2,2,2,2,
8,0,0,0,1,0,4,1,0,0,0,0,1,4,0,1,0,0,0,0,1,
6,0,0,0,1,0,1,1,0,0,0,0,1,1,0,1,0,0,1,0,1,
5,1,0,1,1,0,2,1,1,1,0,1,1,2,0,1,1,1,1,1,1,
6,0,0,0,1,0,1,1,0,0,0,0,1,1,0,1,0,0,0,1,1,
6,0,0,0,1,0,1,1,0,0,0,0,1,1,0,1,0,0,0,1,1,
8,0,0,4,1,0,1,1,0,0,0,3,1,1,0,1,0,0,0,4,1,
6,0,0,1,1,0,1,1,0,0,0,1,1,1,0,1,0,0,0,1,1,
6,1,0,1,1,0,1,1,1,1,0,1,1,2,0,1,0,0,0,1,1,
6,0,0,1,1,0,1,1,1,0,0,1,1,2,0,1,0,0,0,1,1,
7,2,0,2,1,0,2,2,1,2,0,2,1,2,0,2,0,2,1,2,1,
5,1,1,1,1,0,2,1,1,1,0,1,1,2,0,2,1,1,1,1,2,
6,2,0,2,1,0,2,2,1,2,0,2,1,2,0,2,1,2,0,2,1,
5,1,1,1,2,0,2,1,1,1,1,1,1,2,0,1,1,1,1,1,2,
5,1,1,1,2,1,2,1,1,1,1,1,2,2,0,1,1,1,1,1,2,
5,1,1,1,1,0,2,1,1,1,0,1,1,2,0,1,1,1,1,1,2,
5,1,1,1,2,1,2,1,1,1,1,1,2,2,0,1,1,1,1,1,2,
5,1,1,1,1,0,2,1,1,1,0,1,2,2,0,1,1,1,1,1,2,
6,0,0,0,1,0,1,0,0,0,0,0,1,1,0,1,0,0,0,0,1,
6,0,0,0,1,0,1,1,0,0,0,0,1,1,0,1,0,0,0,0,1,
6,0,1,0,1,0,1,0,0,0,1,0,1,1,0,1,0,0,1,0,1,
7,0,0,0,1,0,2,1,0,0,0,0,1,2,0,1,0,0,0,1,1,
9,0,0,1,1,0,1,1,0,0,0,1,1,1,0,1,0,0,0,1,1,
6,0,0,0,1,0,1,1,0,0,0,0,1,1,0,1,0,0,0,1,1,
6,0,0,1,1,0,1,1,0,0,0,1,1,1,0,1,0,0,0,1,1,
6,0,0,1,1,0,1,1,1,0,0,1,1,1,0,1,0,0,0,1,1,
6,0,0,0,1,0,1,1,0,0,0,1,1,1,0,1,0,0,0,1,1,
6,1,0,2,1,0,1,1,1,1,0,2,1,2,0,1,0,1,0,2,1,
6,1,0,1,1,0,2,1,1,1,0,1,1,2,0,1,1,1,0,1,1,
5,1,0,1,1,0,1,1,1,1,0,1,1,2,0,1,0,1,0,1,1,
5,1,1,1,2,0,2,1,1,1,1,1,2,2,0,2,1,1,1,1,2,
6,1,0,2,1,0,2,1,1,1,0,2,1,2,0,1,1,1,0,2,1,
5,1,1,1,2,0,2,1,1,1,0,1,2,2,0,1,1,1,1,1,2,
5,1,1,1,2,0,2,1,1,1,1,1,2,2,0,1,1,1,1,1,2,
5,1,0,1,1,0,2,1,1,1,0,1,1,2,0,1,1,1,1,1,2,
5,1,1,1,2,1,2,1,1,1,1,1,2,2,0,2,1,1,1,1,2,
6,0,0,0,1,0,1,1,0,0,0,0,1,1,0,1,0,0,0,0,1,
6,0,0,0,1,0,1,0,0,0,0,0,1,1,0,0,0,0,0,0,1,
31,0,0,0,26,0,27,1,0,0,0,0,1,27,0,1,0,0,0,0,26,
6,0,0,0,1,0,1,1,1,0,0,0,1,2,0,1,1,0,0,1,1,
6,0,0,0,1,0,2,1,0,0,0,0,1,2,0,1,0,0,0,0,1,
7,0,2,1,1,0,1,1,0,0,2,1,1,1,0,1,0,0,2,1,1,
6,0,0,1,1,0,1,1,0,0,0,1,1,1,0,1,0,0,0,1,1,
7,1,0,1,1,0,2,1,1,1,0,1,1,2,0,1,1,1,1,1,1,
6,1,0,1,1,0,1,1,1,1,0,1,1,2,0,1,0,1,0,1,1,
6,0,0,1,1,0,1,1,1,0,0,1,1,2,0,1,0,0,0,1,1,
9,0,0,0,1,0,1,0,0,0,0,0,1,1,0,0,0,0,0,0,1,
5,1,0,1,2,0,2,1,1,1,0,1,1,2,0,1,1,1,1,2,2,
5,1,0,1,1,0,2,1,1,1,0,1,1,2,0,1,0,1,0,1,1,
6,1,1,1,2,1,2,2,1,1,1,1,2,2,0,2,1,1,1,1,2,
6,0,0,0,1,0,1,1,0,0,0,0,1,1,0,1,0,0,0,1,1,
6,0,0,0,1,0,1,1,0,0,0,0,1,1,0,1,0,0,0,1,1,
6,0,0,0,1,0,1,1,0,0,0,0,1,1,0,1,0,0,0,1,1,
6,0,0,0,1,0,1,1,0,0,0,0,1,1,0,1,0,0,0,0,1,
6,0,0,0,1,0,1,1,0,0,0,0,1,1,0,1,0,0,0,0,1,
6,0,0,0,1,0,1,1,0,0,0,0,1,1,0,1,0,0,0,0,1,
6,0,0,0,1,0,1,1,0,0,0,0,1,1,0,1,0,0,0,0,1,
8,1,0,1,1,0,2,1,1,2,0,1,2,2,0,1,1,1,1,1,2,
6,0,0,0,1,0,1,1,0,0,0,0,1,1,0,1,0,0,0,1,1,
6,0,0,0,1,0,1,1,0,0,0,1,1,1,0,1,0,0,0,1,1,
6,0,0,1,1,0,1,1,0,0,0,1,1,1,0,1,0,0,0,1,1,
6,1,0,1,1,0,2,1,1,1,0,1,1,2,0,1,0,1,0,1,1,
6,0,0,1,1,0,1,1,0,0,0,1,1,1,0,1,0,0,0,1,1,
6,1,0,1,1,0,2,1,1,1,0,1,1,2,0,1,1,1,0,1,1,
6,1,0,1,1,0,2,1,1,1,0,1,1,2,0,1,1,1,0,1,1,
6,1,0,1,1,0,1,1,1,1,0,1,1,2,0,1,0,1,0,1,1,
6,1,0,1,2,0,2,1,1,1,0,1,2,2,0,1,1,1,1,1,2,
6,0,0,0,1,0,1,0,0,0,0,0,1,1,0,0,0,0,0,0,1,
5,1,1,1,1,0,2,1,1,1,0,1,1,2,0,1,1,1,1,1,1,
6,1,1,1,2,0,2,1,1,1,1,2,2,2,0,1,1,1,1,1,2,
5,1,1,1,2,1,2,1,1,1,1,1,2,2,0,1,1,1,1,1,2,
5,1,1,1,2,0,2,1,1,1,1,1,2,2,0,2,1,1,1,1,2,
6,0,0,0,1,0,1,1,0,0,0,0,1,1,0,1,0,0,0,0,1,
6,0,0,0,1,0,1,1,0,0,0,1,1,1,0,1,0,0,0,1,1,
6,0,0,0,1,0,1,1,0,0,0,0,1,1,0,1,0,0,0,1,1,
6,1,1,1,1,0,2,1,1,1,1,1,1,2,0,1,1,1,1,1,2,
6,0,0,0,1,0,1,1,0,0,0,0,1,1,0,1,0,0,0,0,1,
6,0,0,1,1,0,2,1,0,0,0,1,1,2,0,1,0,0,0,1,1,
6,0,0,1,1,0,1,1,1,0,0,1,1,2,0,1,1,0,1,1,1,
8,0,0,0,0,0,0,0,0,0,0,0,0,1,0,0,0,0,0,0,0,
6,1,0,1,1,0,2,1,1,1,0,1,1,2,0,1,1,1,0,1,1,
6,1,0,1,1,0,2,1,1,1,0,1,1,2,0,1,1,1,1,1,1,
6,0,0,1,1,0,1,1,1,0,0,1,1,1,0,1,0,0,0,1,1,
6,1,0,1,1,0,2,1,1,1,0,1,1,2,0,1,1,1,1,1,2,
6,1,1,1,2,0,2,1,1,1,1,1,2,2,0,1,1,1,1,1,2,
6,1,0,1,1,0,2,1,1,1,0,1,1,2,0,1,1,1,0,1,1,
7,0,0,0,1,0,1,0,1,0,0,0,1,2,1,1,0,0,3,0,2,
6,1,1,1,2,0,2,1,1,1,1,1,2,2,0,1,1,1,1,1,2,
8,1,1,1,4,0,4,4,1,1,1,1,4,4,0,4,1,1,1,1,4,
6,0,0,0,1,0,1,0,0,0,0,0,1,1,0,0,0,0,0,0,1,
6,1,1,2,2,1,2,1,1,1,1,2,2,2,0,1,1,1,1,2,2,
6,0,0,0,1,0,1,1,0,0,0,0,1,1,0,1,0,0,0,0,1,
8,0,0,0,3,0,1,1,0,0,0,0,3,1,0,1,0,0,0,0,3,
6,0,0,0,1,0,1,0,0,0,0,0,1,1,0,1,0,0,0,0,1,
6,0,0,1,1,0,1,1,0,0,0,1,1,1,0,1,0,0,0,1,1,
6,1,0,1,1,0,1,1,1,1,0,1,1,2,0,1,1,1,0,1,1,
6,0,0,0,1,0,1,1,0,0,0,0,1,1,0,1,0,0,0,1,1,
6,1,0,1,1,0,1,1,1,1,0,1,1,2,0,1,0,1,0,1,1,
6,1,0,1,2,0,2,1,1,0,0,1,2,2,0,1,0,0,0,1,2,
6,0,0,1,1,0,1,1,1,0,0,1,1,2,0,1,1,0,0,1,1,
8,0,0,1,1,0,1,1,1,0,0,1,1,2,0,1,0,0,0,1,1,
6,1,0,1,1,0,2,1,1,1,0,1,1,2,0,1,1,1,0,1,1,
6,0,0,1,1,0,1,1,1,0,0,1,1,2,0,1,0,0,0,1,1,
6,1,0,1,1,0,2,1,1,1,0,1,1,2,0,1,1,1,1,1,1,
6,1,0,1,1,0,2,1,1,1,0,1,1,2,0,1,1,1,0,1,1,
5,1,1,1,2,0,2,1,1,1,1,1,2,2,0,1,1,1,1,1,2,
7,0,0,1,1,0,1,1,1,0,0,1,1,1,0,1,0,0,0,1,1,
5,1,1,1,1,0,2,1,1,1,1,1,2,2,0,1,1,1,1,1,2,
7,0,0,3,3,0,3,3,3,0,0,3,3,3,0,3,0,0,3,3,3,
6,0,0,0,1,0,1,1,0,0,0,0,1,1,0,1,0,0,0,0,1,
6,0,0,0,1,0,1,1,0,0,0,0,1,1,0,1,0,0,0,0,1,
6,0,0,1,1,0,1,1,0,0,0,1,1,1,0,1,0,0,0,1,1,
6,0,0,1,1,0,1,1,0,0,0,1,1,1,0,1,0,0,0,1,1,
6,0,0,0,1,0,1,1,0,0,0,0,1,1,0,1,0,0,0,0,1,
6,0,0,1,1,0,1,1,0,0,0,1,1,1,0,1,0,0,0,1,1,
6,0,0,1,1,0,1,1,1,0,0,1,1,1,0,1,0,0,0,1,1,
6,0,0,0,1,0,1,1,0,0,0,0,1,1,0,1,0,0,0,0,1,
6,0,0,1,1,0,2,1,1,0,0,1,1,2,0,1,0,0,0,1,1,
8,0,0,0,2,0,2,0,1,0,0,0,2,2,0,0,1,0,0,0,2,
6,1,0,1,1,0,2,1,1,1,0,1,1,2,0,1,1,0,1,1,1,
8,3,1,3,2,0,2,3,1,2,1,3,2,2,0,3,1,2,1,3,2,
6,1,0,1,1,0,2,1,1,1,0,1,1,2,0,1,1,1,0,1,1,
5,1,0,1,1,0,2,1,1,1,1,1,2,2,0,1,1,1,1,1,2,
5,1,1,1,2,0,2,1,1,1,1,1,2,2,0,1,1,1,1,1,2,
5,1,1,1,1,0,2,1,1,1,0,1,2,2,0,1,1,1,1,1,2,
7,0,3,0,1,0,1,0,0,0,3,0,1,1,0,0,0,0,3,0,1,
6,0,0,0,1,0,1,0,0,0,0,0,1,1,0,1,0,0,0,0,1,
8,1,1,1,2,1,2,1,1,1,1,1,2,2,0,1,1,1,1,1,2,
6,0,0,0,1,0,1,1,0,0,0,1,1,1,0,1,0,0,0,0,1,
6,0,0,0,1,0,2,1,0,0,0,0,1,2,0,1,0,0,0,0,1,
8,0,0,0,1,0,4,1,0,0,0,0,4,4,0,1,0,0,0,0,4,
6,0,0,1,1,0,1,1,1,0,0,1,1,1,0,1,0,0,0,1,1,
6,0,1,1,1,0,1,1,0,0,0,1,1,2,2,1,0,0,0,0,1,
6,0,0,1,1,0,1,1,1,0,0,1,1,2,0,1,0,0,0,1,1,
6,0,0,1,1,0,1,1,1,0,0,1,1,1,0,1,0,0,0,1,1,
6,0,0,0,1,0,1,1,0,0,0,0,1,1,0,1,0,0,0,0,1,
6,1,0,1,1,0,2,1,1,1,0,1,1,2,0,1,1,1,0,1,1,
6,0,0,1,1,0,2,1,1,0,0,1,1,2,0,1,1,0,0,1,1,
6,0,0,1,1,0,2,1,1,0,0,1,1,2,0,1,1,0,0,1,1,
6,1,0,1,1,0,2,1,1,1,0,1,1,2,0,1,1,1,1,1,2,
5,1,0,1,2,0,2,1,1,1,0,1,1,2,0,1,1,1,1,1,2,
8,1,0,1,1,0,2,1,1,1,0,1,2,2,0,1,1,1,1,1,2,
5,0,0,0,1,0,1,0,0,0,0,0,1,1,0,0,0,0,0,0,1,
6,0,0,0,1,0,1,1,0,0,0,0,1,1,0,1,0,0,0,0,1,
6,0,0,0,1,0,1,0,0,0,0,0,1,1,0,1,0,0,0,0,1,
6,0,0,0,1,0,1,1,0,0,0,0,1,1,0,1,0,0,0,0,1,
6,0,0,0,1,0,1,0,0,0,0,0,1,1,0,0,0,0,0,0,1,
6,0,0,0,1,0,1,1,0,0,0,0,1,1,0,1,0,0,0,0,1,
6,0,0,1,1,0,1,1,1,0,0,1,1,1,0,1,0,0,0,1,1,
6,0,0,0,1,0,1,1,0,0,0,0,1,1,0,1,0,0,0,0,1,
6,0,0,1,1,0,1,1,1,0,0,1,1,2,0,1,0,0,0,1,1,
8,0,0,0,1,0,2,0,1,0,0,0,1,2,0,0,1,0,0,0,1,
6,0,0,0,1,0,1,1,0,0,0,0,1,1,0,1,0,0,0,0,1,
6,1,0,1,2,0,2,1,1,1,0,1,2,2,0,1,1,1,1,1,2,
6,0,0,1,1,0,1,1,1,0,0,1,1,1,0,1,0,0,0,1,1,
7,0,0,0,2,0,1,1,1,0,0,1,2,1,0,1,0,0,0,1,2,
6,1,0,1,1,0,2,1,1,1,0,1,1,2,0,1,1,1,0,1,2,
7,2,1,2,2,0,2,2,1,2,1,2,1,2,0,2,1,2,1,2,2,
6,1,0,1,1,0,2,1,1,1,0,1,1,2,0,1,1,1,0,1,1,
6,0,0,1,1,0,1,1,1,0,0,1,1,2,0,1,0,0,0,1,1,
5,0,0,0,1,0,1,0,0,0,0,0,1,1,0,0,0,0,0,0,1,
6,0,0,0,1,0,1,0,0,0,0,0,1,1,0,1,0,0,0,0,1,
7,0,0,0,1,0,1,0,0,1,0,0,1,1,0,0,0,0,0,0,1,
6,0,0,0,1,0,1,0,0,0,0,0,1,1,0,1,0,0,0,0,1,
6,0,0,0,1,0,1,1,0,0,0,0,1,1,0,1,0,0,0,0,1,
6,0,0,1,1,0,1,1,0,0,0,1,1,1,0,1,0,0,0,1,1,
6,0,0,0,1,0,1,1,0,0,0,0,1,1,0,1,0,0,0,0,1,
6,0,0,1,1,0,1,1,0,0,0,0,1,1,0,1,0,0,0,1,1,
6,0,0,1,1,0,1,1,0,0,0,0,1,1,0,1,0,0,0,1,1,
6,0,0,0,1,0,1,1,0,0,0,0,1,1,0,1,0,0,0,1,1,
6,0,0,1,1,0,1,1,0,0,0,1,1,1,0,1,0,0,0,1,1,
6,0,0,1,1,0,1,1,1,1,0,1,1,1,0,1,0,0,0,1,2,
6,0,0,0,1,0,1,1,1,0,0,1,1,1,0,1,0,0,0,1,1,
6,1,0,1,1,0,1,1,1,0,0,1,1,2,0,1,0,0,0,1,1,
8,0,0,3,1,0,2,1,1,0,0,4,1,2,0,1,0,0,0,4,1,
6,1,0,1,2,0,2,1,1,1,0,1,2,2,0,1,1,1,0,1,2,
5,1,0,1,2,0,2,1,1,1,0,1,2,2,0,1,1,1,1,1,2,
5,1,0,1,2,0,2,1,1,1,0,1,2,2,0,1,1,1,1,1,2,
6,1,0,1,1,0,1,1,0,1,0,1,1,1,0,1,0,1,0,1,1,
6,2,0,2,2,0,2,2,2,2,0,2,2,2,0,2,2,0,0,2,2,
5,0,0,0,1,0,1,0,0,0,0,0,1,1,0,0,0,0,0,0,1,
6,0,0,1,1,0,1,1,0,0,0,0,1,1,0,1,0,0,0,1,1,
6,0,0,0,1,0,1,1,0,0,0,0,1,1,0,1,0,0,0,1,1,
6,0,0,0,1,0,1,0,0,0,0,0,1,1,0,1,0,0,0,0,1,
7,0,0,0,1,0,1,1,0,0,0,0,1,1,0,1,0,0,0,1,1,
6,0,0,0,1,0,1,1,0,0,0,0,1,1,0,1,0,0,0,0,1,
6,0,0,0,1,0,1,1,0,0,0,0,1,1,0,1,0,0,0,1,1,
6,0,0,1,1,0,1,1,0,0,0,0,1,1,0,1,0,0,0,1,1,
6,0,0,0,1,0,1,1,0,0,0,0,1,1,0,1,0,0,0,1,1,
9,1,0,1,1,0,3,1,1,1,0,1,1,2,0,1,0,1,0,1,1,
9,0,0,1,1,0,2,1,1,0,0,1,1,2,0,1,1,0,0,1,1,
6,0,0,1,1,0,1,1,1,0,0,0,1,2,0,1,0,0,0,1,1,
6,1,0,1,1,0,1,1,1,1,0,1,1,2,0,1,0,0,0,1,1,
6,1,0,1,1,0,2,1,1,1,0,1,1,2,0,1,1,1,0,1,1,
5,1,0,1,1,0,1,1,1,1,0,1,1,2,0,1,1,1,0,1,1,
5,1,1,1,1,0,2,1,1,1,1,1,2,2,0,1,1,1,1,2,2,
5,1,1,1,2,0,2,1,1,1,1,1,2,2,0,1,1,1,1,1,2,
5,1,1,1,2,0,2,1,1,1,1,1,2,2,0,1,1,1,1,1,2,
6,0,0,0,1,0,1,0,0,0,0,0,1,1,0,1,0,0,0,0,1,
5,0,0,0,1,0,1,0,0,0,0,0,1,1,0,1,0,0,0,0,1,
5,0,0,0,1,0,1,0,0,0,0,0,1,1,0,0,0,0,0,0,1,
6,0,0,0,1,0,1,0,0,0,0,0,1,1,0,1,0,0,0,1,1,
5,0,0,0,1,0,1,0,0,0,0,0,1,1,0,0,0,0,0,0,1,
6,0,0,0,1,0,1,1,0,0,0,0,1,1,0,1,0,0,0,1,1,
6,0,0,0,1,0,1,1,0,0,0,0,1,1,0,1,0,0,0,1,1,
6,0,0,0,1,0,1,1,0,0,0,0,1,1,0,1,0,0,0,1,1,
6,0,0,1,1,0,1,1,0,0,0,1,1,1,0,1,0,0,0,1,1,
6,0,0,1,1,0,1,1,0,0,0,1,1,1,0,1,0,0,0,1,1,
6,0,0,0,1,0,1,1,0,0,0,0,1,1,0,1,0,0,0,1,1,
6,0,0,1,1,0,1,1,1,0,0,1,1,2,0,1,0,0,0,1,1,
6,0,0,1,1,0,1,1,1,1,0,1,1,2,0,1,1,1,0,1,1,
9,0,0,0,1,0,1,1,0,0,0,0,1,1,0,1,0,0,0,1,1,
5,0,0,1,1,0,2,1,1,1,0,1,1,2,0,1,1,1,1,1,1,
5,0,0,1,1,0,2,1,1,1,0,1,1,2,0,1,1,1,1,1,2,
9,1,1,1,1,1,2,1,1,1,1,1,2,2,0,1,1,1,1,1,2,
6,0,0,0,1,0,1,0,0,0,0,0,1,1,0,1,0,0,0,0,1,
6,0,0,0,1,0,1,0,0,0,0,0,1,1,0,0,0,0,0,0,1,
5,1,1,1,2,1,2,1,1,1,1,1,2,2,0,2,1,1,1,1,2,
6,0,0,0,1,0,1,0,0,0,0,0,1,1,0,1,0,0,0,0,1,
5,1,1,1,1,0,2,1,1,1,0,1,2,2,0,1,1,1,1,1,2,
6,0,0,0,1,0,1,0,0,0,0,0,1,1,0,1,0,0,0,1,1,
6,0,0,0,1,0,1,1,0,0,0,0,1,1,0,1,0,0,0,1,1,
6,0,0,0,1,0,1,0,0,0,0,0,1,1,0,1,0,0,0,0,1,
6,0,0,1,1,0,1,1,0,0,0,0,1,1,0,1,0,0,0,1,1,
6,0,0,1,1,0,1,1,0,0,0,0,1,1,0,1,0,0,0,1,1,
9,0,0,1,1,0,1,1,0,0,0,0,1,1,0,1,0,0,0,1,1,
6,0,0,1,1,0,1,1,0,0,0,1,1,1,0,1,0,0,0,1,1,
6,0,0,1,1,0,2,1,1,0,0,1,1,2,0,1,0,0,0,1,1,
6,0,0,1,1,0,1,1,1,0,0,1,1,1,0,1,0,0,0,1,1,
6,1,0,1,1,0,2,1,1,1,0,1,1,2,0,1,1,1,1,1,2,
6,1,1,1,1,0,2,1,1,1,1,1,2,2,0,1,1,1,1,1,2,
5,1,1,1,1,0,2,1,1,1,1,1,2,2,0,1,1,1,1,1,2,
5,1,1,1,2,0,2,1,1,1,1,1,2,2,0,1,1,1,1,1,2,
5,1,0,1,1,0,2,1,1,1,0,1,1,2,0,1,1,1,1,1,2,
6,0,0,0,1,0,1,0,0,0,0,0,1,1,0,0,0,0,0,0,1,
10,1,1,0,3,1,2,0,1,1,1,1,3,2,1,0,1,1,0,0,3,
5,0,0,0,1,0,1,0,0,0,0,0,1,1,0,0,0,0,0,0,1,
7,0,0,0,1,0,3,0,0,0,0,0,1,3,0,1,0,0,0,0,1,
6,0,0,0,1,0,1,1,0,0,0,0,1,1,0,1,0,0,0,0,1,
7,0,0,0,2,0,1,1,0,0,0,0,2,1,0,1,0,0,0,1,2,
6,0,0,1,1,0,1,1,0,0,0,0,1,1,0,1,0,0,0,1,1,
7,2,0,3,1,0,1,3,0,2,0,3,1,1,0,3,0,2,0,3,1,
6,0,0,0,1,0,1,1,0,0,0,0,1,1,0,1,0,0,0,1,1,
6,0,0,1,1,0,1,1,1,0,0,1,1,2,0,1,0,0,0,1,1,
6,0,0,1,1,0,1,1,0,0,0,1,1,1,0,1,0,0,0,1,1,
6,1,0,1,1,0,1,1,1,1,0,1,1,2,0,1,1,1,1,1,1,
8,0,0,1,1,0,1,1,1,0,0,1,1,1,0,1,0,0,0,1,1,
6,1,0,1,1,0,2,1,1,1,0,1,1,2,0,1,1,1,0,1,1,
6,1,1,1,1,0,2,1,1,1,1,1,2,2,0,1,1,1,1,1,2,
5,1,1,1,1,0,2,1,1,1,1,1,2,2,0,1,1,1,1,1,2,
5,1,0,1,1,0,2,1,1,1,0,1,2,2,0,1,1,1,1,1,2,
6,1,1,1,2,0,2,1,1,1,1,1,2,2,0,1,1,1,1,1,2,
6,0,0,0,1,0,1,0,0,0,0,0,1,1,0,1,0,0,0,0,1,
6,0,0,0,1,0,1,1,0,0,0,0,1,1,0,1,0,0,0,1,1,
6,0,0,0,1,0,1,1,0,0,0,0,1,1,0,1,0,0,0,1,1,
6,0,0,0,1,0,1,1,0,0,0,0,1,1,0,1,0,0,0,0,1,
6,0,0,0,1,0,1,0,0,0,0,0,1,1,0,1,0,0,0,0,1,
6,0,0,1,1,0,1,1,0,0,0,1,1,1,0,1,0,0,0,1,1,
8,0,0,3,1,0,1,1,0,0,0,3,1,1,0,1,0,0,0,4,1,
6,0,1,1,1,0,1,1,1,0,0,1,1,1,0,1,0,0,0,1,1,
6,1,0,1,1,0,1,1,1,1,0,1,1,2,0,1,0,1,0,1,1,
6,0,0,1,1,0,1,1,0,0,0,0,1,1,0,1,0,0,0,1,1,
8,3,1,3,1,0,2,3,1,3,1,3,1,2,0,3,1,3,1,3,2,
6,1,0,1,1,0,2,1,1,1,0,1,1,2,0,1,1,1,1,1,2,
6,1,0,1,1,0,2,1,1,1,0,1,1,2,0,1,1,1,0,1,1,
6,1,0,1,1,0,2,1,1,1,0,1,1,2,0,1,1,1,0,1,1,
6,1,1,1,2,0,2,1,1,1,1,1,2,2,0,2,1,1,1,1,2,
6,1,0,1,1,0,2,1,1,1,0,1,1,2,0,1,1,1,0,1,1,
8,1,1,1,2,0,2,1,1,1,1,1,2,2,0,1,1,1,1,1,2,
5,1,1,1,2,0,2,1,1,1,1,1,2,2,0,1,1,1,1,1,2,
6,1,1,1,2,1,2,1,1,1,1,1,2,2,0,1,1,1,1,1,2,
6,0,0,0,1,0,1,0,0,0,0,0,1,1,0,1,0,0,0,0,1,
6,0,2,0,1,0,1,1,0,0,2,0,1,1,0,1,0,0,2,0,1,
6,0,0,1,1,0,1,1,1,0,0,1,1,1,0,1,0,0,0,1,1,
8,0,0,0,1,0,3,2,0,0,0,0,1,3,0,2,0,0,0,0,1,
6,0,0,0,1,0,1,0,0,0,0,0,1,1,0,1,0,0,0,0,1,
6,0,0,1,1,0,1,1,0,0,0,0,1,1,0,1,0,0,0,1,1,
6,0,0,0,1,0,1,1,0,0,0,0,1,1,0,1,0,0,0,1,1,
6,0,0,0,1,0,1,1,0,0,0,0,1,1,0,1,0,0,0,1,1,
7,0,0,2,1,0,1,1,1,0,0,2,1,2,0,1,0,0,0,2,1,
6,0,0,1,1,0,1,1,1,0,0,1,1,2,0,1,0,0,0,1,1,
6,0,0,1,1,0,1,1,0,0,0,1,1,1,0,1,0,0,0,1,1,
6,1,0,1,1,0,2,1,1,1,0,1,1,2,0,1,1,1,0,1,1,
6,1,0,1,1,0,2,1,1,1,0,1,1,2,0,1,1,1,1,1,2,
6,1,0,1,1,0,2,1,1,0,0,1,1,2,0,1,0,0,0,1,1,
6,1,0,1,1,0,2,1,1,1,0,1,1,2,0,2,1,1,1,1,2,
6,1,0,1,1,0,2,1,1,1,0,1,1,2,0,2,1,1,0,1,1,
5,1,0,1,2,0,2,1,1,1,0,1,2,2,0,1,1,1,1,1,2,
7,0,0,0,1,0,1,1,0,0,0,0,1,1,0,1,0,0,0,1,1,
5,1,0,1,1,0,2,1,1,1,0,1,2,2,0,1,1,1,1,1,2,
5,0,0,0,1,0,1,0,0,0,0,0,1,1,0,1,0,0,0,0,1,
5,0,0,0,1,0,1,1,0,0,0,0,1,1,0,1,0,0,0,0,1,
5,0,0,0,1,0,1,0,0,0,0,0,1,1,0,1,0,0,0,0,1,
6,0,0,0,1,0,1,1,0,0,0,0,1,1,0,1,0,0,0,1,1,
7,0,0,0,2,0,1,1,0,0,0,0,2,1,0,1,0,0,0,1,2,
9,1,0,1,1,0,1,1,1,1,0,1,1,2,0,1,0,1,0,1,1,
6,0,0,1,1,0,1,1,0,0,0,1,1,1,0,1,0,0,0,1,1,
8,1,0,1,1,0,2,1,1,1,0,1,1,2,0,1,1,1,0,1,1,
9,0,0,0,4,0,4,1,0,0,0,0,4,5,0,4,0,0,0,1,5,
6,0,0,1,1,0,1,1,1,0,0,1,1,1,0,1,0,0,0,1,1,
6,0,0,1,1,0,1,1,0,0,0,0,1,1,0,1,0,0,0,1,1,
6,0,0,1,1,0,1,1,1,0,0,1,1,2,0,1,0,0,0,1,1,
6,1,0,1,1,0,2,1,1,1,1,1,1,2,0,1,1,1,1,1,1,
6,0,0,1,1,0,1,1,1,0,0,1,1,2,0,1,0,0,0,1,1,
6,1,0,1,1,0,2,1,1,1,0,1,1,2,0,2,1,1,0,1,1,
6,1,0,1,1,0,2,1,1,1,0,1,1,2,0,2,1,1,0,1,2,
5,1,0,1,1,0,2,1,1,1,0,1,1,2,0,1,1,1,0,1,1,
5,1,0,1,2,0,2,1,1,1,0,1,2,2,0,1,1,1,1,1,2,
5,1,1,1,2,0,2,1,1,1,1,1,2,2,0,1,1,1,1,1,2,
6,1,1,1,1,0,2,1,1,1,0,1,2,2,3,1,1,1,1,1,2,
5,0,0,0,1,0,1,0,0,0,0,0,1,1,0,1,0,0,0,0,1,
6,0,0,0,1,0,1,1,0,0,0,0,1,1,0,1,0,0,0,0,1,
6,0,0,0,1,0,1,0,0,0,0,0,1,1,0,1,0,0,0,0,1,
6,0,0,0,1,0,1,1,0,0,0,0,1,1,0,1,0,0,0,0,1,
6,0,0,0,1,0,1,1,0,0,0,0,1,1,0,1,0,0,1,0,1,
6,0,0,1,1,0,1,1,1,0,0,1,1,1,0,1,0,0,0,1,1,
6,0,0,1,1,0,1,1,1,0,0,1,1,1,0,1,0,0,0,1,1,
6,0,0,1,1,0,1,1,1,0,0,1,1,1,0,1,0,0,0,1,1,
34,29,0,29,1,0,1,29,1,29,0,29,1,2,0,29,0,29,0,29,1,
9,0,0,0,1,0,1,0,1,0,0,0,1,2,0,0,1,0,0,0,1,
6,0,0,1,1,0,1,1,1,0,0,0,1,2,0,1,0,0,0,1,1,
6,1,0,1,1,0,1,1,1,1,0,1,1,2,0,1,1,0,0,1,1,
6,1,0,1,1,0,2,1,1,1,0,1,1,2,0,1,1,1,1,1,1,
7,1,0,1,3,0,2,1,1,0,0,1,3,2,0,1,1,0,0,1,3,
5,1,0,1,2,0,2,1,1,1,1,1,2,2,0,2,1,1,1,1,2,
8,4,1,4,2,0,2,4,1,4,1,4,2,2,0,4,1,4,1,4,2,
5,1,0,1,2,0,2,1,1,1,0,1,2,2,0,1,1,1,1,1,2,
5,1,1,1,2,1,2,1,1,1,1,1,2,2,0,1,1,1,1,1,2,
5,1,1,1,2,0,2,1,1,1,1,1,2,2,0,1,1,1,1,1,2,
6,0,0,0,1,0,1,0,0,0,0,0,1,1,0,1,0,0,0,0,1,
7,1,1,1,2,0,2,1,1,1,1,1,2,2,0,1,1,1,1,1,2,
6,0,0,0,1,0,1,0,0,0,0,0,1,1,0,1,0,0,0,0,1,
6,0,0,0,1,0,1,1,0,0,0,0,1,1,0,1,0,0,0,1,1,
521,1,1,2,2,0,2,1,1,1,1,1,3,2,0,2,1,1,1,2,2,
7,1,1,2,2,0,2,2,1,1,1,2,2,2,0,2,1,1,1,2,2,
9,1,1,5,5,0,2,2,1,1,1,2,5,5,0,5,1,1,1,5,5,
6,1,1,2,2,0,2,2,1,1,1,2,2,2,0,2,1,1,1,2,2,
7,0,0,1,1,0,1,1,0,0,0,1,1,1,0,1,0,0,0,1,1,
6,1,0,1,2,0,2,2,1,1,0,1,2,2,0,2,1,1,0,2,2,
8,1,0,1,5,0,2,2,1,1,0,1,5,2,0,2,1,1,0,1,5,
5,1,1,1,1,0,2,1,1,1,0,1,2,2,0,1,1,1,1,1,2,
8,2,0,2,1,0,1,2,0,2,0,2,1,1,0,2,0,2,0,2,1,
6,0,0,0,1,0,1,1,0,0,0,0,1,1,0,1,0,0,0,0,1,
6,0,0,0,1,0,1,1,0,0,0,0,1,1,0,1,0,0,0,0,1,
6,0,0,1,1,0,1,1,0,0,0,0,2,1,0,1,0,0,0,1,2,
6,0,0,1,1,0,1,1,1,0,0,1,1,1,0,1,0,0,0,1,1,
6,0,0,1,1,0,1,1,0,0,0,0,1,1,0,1,0,0,0,1,1,
7,1,0,1,2,0,2,2,1,1,0,1,1,2,0,2,1,1,1,1,2,
6,0,0,1,1,0,2,1,1,0,0,1,1,2,0,2,1,0,0,1,1,
6,0,0,1,1,0,1,1,1,0,0,1,2,2,0,1,0,0,0,1,2,
6,1,0,1,2,0,2,1,1,1,0,1,2,2,0,2,1,1,0,1,2,
6,0,0,0,1,0,1,1,0,0,0,1,1,1,0,1,0,0,0,1,1,
6,0,0,1,1,0,1,1,1,0,0,1,1,2,0,1,0,0,0,1,2,
8,1,0,1,1,0,1,1,1,1,0,1,1,1,0,1,0,1,0,1,1,
7,0,2,1,2,0,1,1,0,0,1,1,2,1,0,1,0,0,2,1,2,
6,1,2,1,2,0,2,1,1,1,1,1,2,2,0,1,1,1,1,1,2,
5,1,1,1,2,0,2,1,1,1,1,1,2,2,0,1,1,1,1,1,2,
5,1,0,1,1,0,2,1,1,1,0,1,1,2,0,1,1,1,1,1,1,
7,1,1,4,2,0,2,1,1,1,1,4,3,2,0,2,1,1,1,4,2,
6,0,1,0,1,0,1,1,0,0,0,0,1,1,0,1,0,0,1,0,1,
6,0,0,0,2,0,1,0,0,0,0,0,2,1,0,0,0,0,0,0,2,
5,0,0,0,1,0,1,0,0,0,0,0,1,1,0,1,0,0,0,0,1,
5,0,0,0,1,0,1,0,0,0,0,0,1,1,0,0,0,0,0,0,1,
7,0,0,0,1,0,1,1,0,0,0,0,1,1,0,1,0,0,0,0,1,
7,0,1,1,2,0,2,1,0,0,1,0,2,2,0,1,0,0,1,1,2,
6,0,0,0,1,0,1,0,1,0,0,0,1,1,0,1,1,0,0,0,1,
6,0,0,0,1,0,1,1,0,0,0,0,1,1,0,1,0,0,0,0,1,
7,0,0,1,1,0,1,1,1,0,0,1,1,1,0,1,0,0,0,1,1,
6,0,0,1,1,0,1,1,0,0,0,1,1,1,0,1,0,0,0,1,1,
6,0,0,1,1,0,2,1,0,0,0,1,1,2,0,1,0,0,0,1,1,
6,0,0,1,1,0,2,1,1,0,0,1,1,2,0,1,1,0,0,1,2,
6,0,0,0,1,0,1,1,1,0,0,0,1,1,0,1,0,0,0,1,1,
6,0,0,1,1,0,2,1,1,1,0,1,1,2,0,1,1,0,0,1,2,
6,0,0,1,1,0,1,1,1,0,0,1,1,2,0,1,0,0,0,1,1,
9,1,0,1,1,0,2,1,1,1,0,1,1,2,0,1,1,1,1,1,2,
6,1,1,1,2,1,2,1,1,1,1,1,2,2,0,1,1,1,1,1,2,
5,1,0,1,1,0,2,1,1,1,0,1,2,2,0,1,1,1,1,1,2,
5,1,1,1,2,0,2,1,1,1,1,1,2,2,0,2,1,1,1,1,2,
5,0,0,0,1,0,1,1,0,0,0,0,1,1,0,1,0,0,0,0,1,
5,1,1,2,2,0,2,1,1,1,0,2,2,2,0,1,1,1,1,2,2,
6,0,0,0,1,0,1,0,0,0,0,0,1,1,0,0,0,0,0,0,1,
6,0,0,0,1,0,1,0,0,0,0,0,1,1,0,1,0,0,0,0,1,
5,0,0,0,1,0,1,0,0,0,0,0,1,1,0,0,0,0,0,0,1,
6,0,0,0,1,0,1,0,0,0,0,0,1,1,0,1,0,0,0,0,1,
6,0,0,0,1,0,1,1,0,0,0,0,1,1,0,1,0,0,0,0,1,
6,0,0,0,1,0,1,0,0,0,0,0,1,2,0,1,0,0,0,0,1,
6,0,0,0,1,0,1,1,1,0,0,0,1,1,0,1,0,0,0,1,1,
6,0,0,0,1,0,1,1,0,0,0,0,1,1,0,1,0,0,0,0,1,
9,0,3,0,4,3,4,1,3,0,3,0,4,4,3,1,3,0,3,1,4,
6,0,0,1,1,0,1,1,1,0,0,1,1,2,0,1,0,0,0,1,1,
8,3,0,3,1,0,1,3,1,3,0,3,1,1,0,3,0,3,0,3,1,
6,1,0,1,1,0,2,1,1,1,0,1,1,2,0,1,1,1,0,1,2,
6,1,0,1,1,0,2,1,1,1,0,1,1,2,0,1,1,1,0,1,2,
7,1,4,1,1,0,2,1,1,1,4,1,1,2,0,1,1,1,4,1,2,
5,1,1,1,2,0,2,1,1,1,1,1,2,2,0,1,1,1,1,1,2,
7,0,0,0,1,0,1,0,0,0,0,0,1,1,0,1,0,0,0,0,1,
5,1,1,1,1,0,2,1,1,1,1,1,2,2,0,1,1,1,1,1,2,
5,0,0,0,1,0,1,1,0,0,0,0,1,1,0,1,0,0,0,0,1,
8,0,0,0,3,0,3,3,0,0,0,0,3,3,0,3,0,0,0,3,3,
5,0,0,0,1,0,1,0,0,0,0,0,1,1,0,0,0,0,0,0,1,
6,0,0,1,1,0,1,2,0,0,0,1,1,1,0,1,0,0,0,1,1,
6,0,0,1,1,0,1,1,0,0,0,0,1,1,0,1,0,0,0,0,1,
8,0,0,0,3,0,1,1,0,0,0,0,3,1,0,1,0,0,0,0,4,
6,0,0,1,1,0,1,1,1,0,0,0,1,1,0,1,0,0,0,1,1,
6,0,0,0,1,0,1,1,0,0,0,0,1,1,0,1,0,0,0,0,1,
7,0,0,0,1,0,1,1,0,0,0,0,1,1,0,1,0,0,0,0,1,
6,0,0,1,1,0,1,1,1,0,0,1,1,2,0,1,0,0,0,1,1,
6,0,0,0,1,0,1,1,0,0,0,0,1,1,0,1,0,0,0,0,1,
6,0,0,1,1,0,1,1,1,0,0,1,1,2,0,1,0,0,0,1,1,
6,0,0,1,1,0,1,1,1,0,0,1,1,2,0,1,1,0,0,1,1,
6,0,0,1,1,0,1,1,1,0,0,1,1,2,0,1,0,0,0,1,1,
5,1,0,1,1,0,2,1,1,1,0,1,1,2,0,1,1,1,0,1,2,
5,1,1,1,2,0,2,1,1,1,1,1,2,2,0,1,1,1,1,1,2,
5,1,0,2,1,0,1,2,1,1,0,2,1,2,0,2,0,1,0,2,1,
6,0,0,1,1,0,1,1,0,0,0,1,1,1,0,1,0,0,0,1,1,
5,1,0,1,1,0,2,1,1,1,0,1,1,2,0,1,1,1,1,1,2,
7,1,1,1,2,0,2,2,1,1,1,1,2,2,0,2,1,1,1,1,2,
5,0,0,0,1,0,1,0,0,0,0,0,1,1,0,1,0,0,0,0,1,
5,0,0,0,1,0,1,0,0,0,0,0,1,1,0,0,0,0,0,0,1,
6,0,0,0,1,0,1,0,0,0,0,0,1,1,0,1,0,0,0,0,1,
6,0,0,0,1,0,1,1,0,0,0,0,1,1,0,1,0,0,0,0,1,
6,0,0,0,1,0,1,0,0,0,0,0,1,1,0,1,0,0,0,0,1,
7,0,0,0,1,0,1,1,0,0,0,0,1,1,0,1,0,0,0,1,1,
6,0,0,1,1,0,1,1,0,0,0,0,1,1,0,1,0,0,0,1,1,
6,0,0,0,1,0,1,1,0,0,0,0,1,1,0,1,0,0,0,0,1,
6,0,0,1,1,0,1,1,1,0,0,1,1,1,0,1,0,0,0,1,1,
6,0,0,1,1,0,1,1,1,0,0,1,1,2,0,1,0,0,0,1,1,
6,0,0,1,1,0,2,1,1,0,0,1,1,2,0,1,0,0,0,1,1,
6,1,0,1,1,0,2,1,1,1,0,1,1,2,0,1,1,1,0,1,1,
5,1,0,1,1,0,2,1,1,1,0,1,1,2,0,1,1,1,1,1,2,
5,1,1,1,2,1,2,1,1,1,1,1,2,2,0,1,1,1,1,1,2,
8,1,0,1,2,0,2,1,1,1,1,1,2,2,0,1,1,1,1,1,2,
5,1,0,1,1,0,2,1,1,1,0,1,1,2,0,1,1,1,0,1,2,
5,1,1,1,2,0,2,1,1,1,1,1,2,2,0,1,1,1,1,1,2,
6,0,0,0,1,0,1,1,0,0,0,0,1,1,0,1,0,0,0,0,1,
6,1,3,1,2,1,2,1,1,1,3,1,2,2,0,1,1,1,3,1,2,
6,0,0,0,1,0,1,0,0,0,0,0,1,1,0,1,0,0,0,0,1,
9,1,0,1,1,0,2,1,1,1,0,1,1,2,0,1,1,1,1,1,2,
5,0,0,0,1,0,1,0,0,0,0,0,1,1,0,0,0,0,0,0,1,
6,0,0,0,1,0,1,1,0,0,0,0,1,1,0,1,0,0,0,0,1,
6,0,0,0,1,0,1,1,0,0,0,0,1,1,0,1,0,0,0,1,1,
6,0,0,0,1,0,1,0,0,0,0,0,1,1,0,1,0,0,0,0,1,
6,0,0,1,1,0,1,1,0,0,0,0,1,1,0,1,0,0,0,1,1,
6,0,0,0,1,0,1,1,0,0,0,0,1,1,0,1,0,0,0,0,1,
8,0,0,1,3,0,1,1,1,0,0,1,3,2,0,1,1,0,0,1,3,
6,1,0,1,1,0,2,1,1,1,0,1,1,2,0,1,1,1,0,1,1,
33,0,26,0,27,26,28,0,27,0,26,0,27,28,26,0,27,0,27,0,28,
7,0,0,1,1,0,1,1,0,0,0,1,1,1,0,1,0,0,0,1,1,
5,1,0,1,2,0,2,1,1,1,0,1,2,2,0,1,1,1,1,1,2,
5,1,0,1,1,0,2,1,1,1,0,1,1,2,0,1,1,1,0,1,2,
5,1,1,1,2,0,2,1,1,1,1,1,2,2,0,1,1,1,1,1,2,
7,1,1,1,2,0,2,1,1,1,1,1,2,2,0,1,1,1,1,1,2,
6,0,1,0,1,0,1,1,0,0,1,0,1,1,0,1,0,0,1,0,1,
6,0,1,1,1,0,1,1,1,0,0,1,1,1,0,1,0,0,0,1,1,
6,0,1,1,1,0,1,1,1,0,0,1,1,2,0,1,0,0,0,1,1,
6,1,1,1,1,0,1,1,1,1,0,1,1,2,0,1,0,1,0,1,1,
7,1,0,1,1,0,1,1,1,1,0,1,1,2,0,1,1,1,0,1,1,
6,0,0,0,1,0,1,0,0,0,0,0,1,1,0,1,0,0,0,0,1,
10,0,0,0,1,0,1,3,0,0,0,0,1,1,0,3,0,0,0,0,1,
6,0,1,1,1,0,2,1,1,0,0,1,1,2,0,1,0,0,0,1,1,
6,0,0,0,1,0,1,1,0,0,0,0,1,1,0,1,0,0,0,0,1,
7,0,0,1,1,0,2,1,0,0,0,1,1,2,0,1,0,0,0,1,1,
7,0,0,1,1,0,2,1,1,0,0,1,1,2,0,1,1,0,0,1,1,
7,0,0,1,1,0,2,1,1,0,0,1,1,2,0,1,1,0,0,1,1,
7,1,1,1,1,0,2,1,1,1,0,1,1,2,0,1,1,0,0,1,2,
7,1,0,1,2,0,2,1,1,1,0,1,1,2,0,2,1,1,0,1,2,
8,1,0,2,1,0,2,1,1,1,0,1,1,2,0,1,1,1,0,3,2,
6,1,0,2,2,0,2,1,1,1,0,1,2,2,0,1,1,1,1,3,2,
6,0,0,1,1,0,1,1,0,0,0,1,1,1,0,1,0,0,0,2,1,
5,1,0,2,1,0,2,1,1,1,0,1,1,2,0,1,1,1,0,2,1,
6,1,0,2,1,0,2,1,2,1,1,1,1,2,0,1,2,1,1,2,2,
5,1,0,1,1,0,2,1,1,1,0,1,2,2,0,1,1,1,1,1,2,
8,1,0,1,1,0,2,1,1,1,0,1,1,2,0,1,1,1,1,1,2,
6,0,0,0,1,0,1,0,0,0,0,0,1,1,0,1,0,0,0,0,1,
6,0,0,0,1,0,1,0,0,0,0,0,1,1,0,0,0,0,0,0,1,
6,0,0,0,1,0,1,1,0,0,0,0,1,1,0,1,0,0,0,1,1,
6,0,0,1,1,0,1,1,0,0,0,1,1,1,0,1,0,0,0,1,1,
7,0,2,0,1,0,1,0,0,0,2,0,1,1,0,1,0,0,2,0,1,
6,0,0,1,1,0,1,1,0,0,0,1,1,2,0,1,0,0,0,1,1,
6,0,0,1,1,0,1,1,0,0,0,1,1,2,0,1,0,0,0,1,1,
6,0,0,0,1,0,1,1,0,0,0,0,1,1,0,1,0,0,0,0,1,
7,3,0,1,1,0,1,1,1,3,0,1,1,2,0,1,0,1,0,1,1,
7,0,0,0,1,0,2,0,1,0,0,0,1,2,0,0,1,0,0,0,1,
6,0,0,0,1,0,1,1,1,0,0,1,1,2,0,1,0,0,0,1,1,
6,1,0,1,1,0,2,1,1,1,0,1,1,2,0,1,1,1,0,1,1,
6,0,0,1,1,0,1,1,1,0,0,1,1,2,0,1,0,0,0,1,1,
6,1,0,1,1,0,2,1,1,1,0,1,1,2,0,1,1,1,0,1,1,
5,1,0,1,1,0,2,1,1,1,0,1,1,2,0,1,1,1,1,1,1,
5,1,0,1,1,0,2,1,1,1,0,1,1,2,0,1,1,1,0,1,1,
5,1,1,1,2,0,2,1,1,1,1,1,2,2,0,1,1,1,1,1,2,
5,1,1,1,2,0,2,2,1,1,1,1,2,2,0,2,1,1,1,2,2,
5,1,1,1,2,1,2,1,1,1,1,1,2,2,0,1,1,1,1,1,2,
6,0,0,0,1,0,1,1,0,0,0,0,1,1,0,1,0,0,0,0,1,
9,0,0,0,1,0,1,1,0,0,0,0,1,1,0,1,0,0,0,1,1,
6,0,0,0,1,0,1,0,0,0,0,0,1,1,0,1,0,0,0,0,1,
6,0,0,1,1,0,1,1,0,0,0,1,1,1,0,1,0,0,0,1,1,
6,1,0,1,1,0,1,1,0,0,0,1,1,1,0,1,0,0,0,1,1,
6,0,0,1,1,0,1,1,0,0,0,1,1,1,0,1,0,0,0,1,1,
7,0,0,1,1,0,1,1,1,0,0,1,1,2,0,1,0,0,0,1,2,
6,2,0,2,2,0,2,2,2,2,0,2,2,2,0,2,2,2,2,2,2,
30,0,0,1,1,0,1,1,1,0,0,1,26,2,0,1,0,0,0,1,1,
7,1,0,1,2,0,1,1,1,1,0,1,1,2,0,1,0,1,0,1,2,
6,1,0,1,1,0,1,1,1,1,0,1,1,2,0,1,0,1,0,1,1,
32,0,24,0,1,0,1,0,1,0,0,0,1,2,0,0,0,0,0,0,2,
6,1,1,1,1,0,2,1,1,1,1,1,1,2,0,2,1,1,1,1,2,
7,1,0,1,1,0,1,2,0,1,0,1,1,1,0,2,0,1,0,1,1,
5,1,0,1,1,0,2,1,1,1,0,1,1,2,0,1,1,1,1,1,2,
6,1,0,1,3,0,2,1,1,1,0,1,3,2,0,1,1,1,1,1,3,
5,1,0,1,1,0,2,1,1,1,0,1,1,2,0,1,1,1,0,1,2,
8,3,0,4,2,0,2,4,1,3,1,4,2,2,0,4,1,3,1,4,2,
6,0,0,1,1,0,1,1,1,2,1,1,1,1,0,1,0,0,0,1,1,
6,0,0,0,1,0,1,0,0,0,0,0,1,1,0,0,0,0,0,0,1,
6,0,0,0,1,0,1,1,0,0,0,0,1,1,0,1,0,0,0,0,1,
6,0,0,0,1,0,1,0,0,0,0,0,1,1,0,1,0,0,0,0,1,
32,28,1,1,2,1,2,2,1,1,1,1,2,2,0,2,1,1,1,1,2,
7,1,0,1,2,0,2,2,1,1,0,1,2,2,0,2,1,1,0,1,2,
6,1,0,1,1,0,2,1,1,1,0,1,1,2,0,1,1,1,0,1,1,
6,1,0,1,1,0,1,1,1,1,0,1,1,2,0,1,0,1,0,2,1,
6,1,1,1,1,0,1,1,1,1,0,1,1,1,0,1,1,0,0,1,1,
6,0,0,0,1,0,1,1,0,0,0,0,1,1,0,1,0,0,0,0,1,
6,0,0,1,1,0,1,1,0,0,0,1,1,1,0,1,0,0,0,1,1,
6,1,0,1,2,0,1,1,1,1,0,1,2,2,0,1,0,1,0,1,1,
6,0,0,1,1,0,1,1,1,0,0,1,2,2,0,1,0,0,0,1,1,
34,1,0,1,3,0,3,1,1,1,0,1,3,3,0,3,30,1,0,1,3,
6,1,0,1,2,0,2,1,1,1,0,1,2,2,0,1,1,1,0,1,2,
5,1,0,1,2,0,2,1,1,1,0,1,2,2,0,1,1,1,0,1,2,
8,1,0,4,2,0,2,1,1,1,1,4,1,2,0,1,1,1,1,4,2,
5,1,0,1,1,0,2,1,1,1,0,1,1,2,0,1,1,1,1,1,2,
8,0,0,0,4,0,1,0,0,0,0,0,4,1,0,0,0,0,0,0,4,
5,0,0,1,1,0,1,1,0,0,0,1,1,1,0,1,0,0,0,1,1,
5,0,0,0,1,0,1,1,0,0,0,0,1,1,0,1,0,0,0,1,1,
9,1,2,2,2,0,2,2,2,1,1,2,2,3,1,3,1,1,2,3,3,
7,1,1,1,1,0,1,2,0,1,0,1,1,2,0,2,0,1,1,2,1,
8,1,1,1,1,0,1,3,0,1,0,1,1,1,0,3,0,1,1,2,1,
10,1,1,2,2,0,2,2,1,1,1,2,2,2,0,3,1,1,1,2,2,
6,0,0,1,1,0,1,1,0,0,0,0,1,1,0,1,0,0,0,1,1,
8,0,1,0,1,0,1,1,0,0,0,0,1,1,0,1,0,0,0,1,1,
6,1,0,1,2,0,1,1,1,1,0,1,1,2,0,1,1,1,0,1,2,
6,0,0,1,1,0,1,1,0,0,0,1,1,1,0,1,0,0,0,1,1,
6,0,0,0,1,0,1,1,0,0,0,0,1,1,0,1,0,0,0,1,1,
7,1,2,1,1,0,2,1,1,0,2,1,1,2,0,1,0,0,2,1,1,
6,1,0,1,2,0,2,1,1,1,0,1,2,2,0,1,1,0,0,1,2,
9,0,0,0,1,0,1,0,0,0,0,0,1,1,0,1,0,0,0,0,1,
7,1,0,2,2,0,3,1,1,1,1,1,2,3,0,1,1,1,1,1,2,
7,1,1,1,2,0,2,1,1,1,0,1,2,2,0,1,1,1,1,1,2,
29,1,1,1,2,0,2,1,1,23,1,1,1,2,0,1,1,1,1,1,26,
32,2,1,2,2,1,2,3,1,2,1,2,2,29,0,3,1,2,25,3,2,
29,0,0,0,1,0,1,0,0,0,0,0,1,1,0,0,0,0,0,24,1,
6,0,0,1,1,0,1,1,0,0,0,1,1,1,0,1,0,0,0,1,1,
5,0,0,0,1,0,1,1,0,0,0,0,1,1,0,1,0,0,0,0,1,
33,0,28,0,1,0,1,0,0,0,28,1,1,1,0,0,0,0,29,1,1,
6,0,0,0,1,0,1,1,0,0,0,1,1,1,0,1,0,0,0,0,1,
35,0,0,30,1,0,1,1,0,0,0,31,1,1,0,1,0,0,0,30,1,
6,0,0,0,1,0,1,1,0,0,0,0,1,1,0,1,0,0,0,0,1,
6,0,0,0,1,0,1,0,0,0,0,0,1,1,0,1,0,0,0,0,1,
32,1,1,1,2,0,2,1,1,1,1,26,2,2,0,29,1,1,1,1,2,
7,0,0,1,1,0,1,1,0,0,0,0,1,1,0,1,0,0,0,1,1,
6,0,0,0,1,0,1,1,0,0,0,0,0,1,0,0,0,0,0,0,1,
6,1,0,1,1,0,2,1,1,0,0,1,1,2,0,1,0,0,0,1,1,
7,1,0,1,1,0,2,1,1,1,0,1,1,2,0,1,1,0,0,1,2,
5,0,0,0,1,0,1,0,0,0,0,0,1,1,0,1,0,0,0,0,1,
5,1,1,1,1,0,2,1,1,1,1,1,1,2,0,1,1,1,1,1,1,
7,0,0,0,1,0,1,0,0,0,0,0,0,1,0,0,0,0,0,0,1,
5,0,0,0,1,0,1,0,0,0,0,0,1,1,0,0,0,0,0,0,1,
5,0,0,0,0,0,1,0,0,0,0,0,1,1,0,0,0,0,0,0,1,
5,0,0,0,1,0,1,0,0,0,0,0,1,1,0,0,0,0,0,0,1,
31,0,0,0,1,0,1,26,0,0,0,0,1,1,0,0,0,0,0,0,1,
6,0,0,0,1,0,1,1,0,0,0,0,1,1,0,1,0,0,0,0,1,
6,1,0,1,1,0,2,1,1,1,0,1,1,2,0,1,1,1,0,1,1,
6,0,0,1,1,0,1,1,0,0,0,0,1,1,0,1,0,0,0,1,1,
5,0,0,0,1,0,1,0,0,0,0,0,1,1,0,0,0,0,0,0,1,
6,0,0,0,1,0,1,1,0,0,0,0,1,1,0,1,0,0,0,0,1,
5,0,0,0,1,0,1,0,0,0,0,0,1,1,0,1,0,0,0,0,1,
6,0,0,0,1,0,1,1,0,0,0,0,1,1,0,1,0,0,1,1,1,
6,0,0,1,2,0,1,1,0,0,0,1,1,1,0,1,0,0,0,1,1,
6,0,0,1,1,0,1,1,0,0,0,0,1,1,0,1,0,0,0,0,1,
6,1,0,1,1,0,1,1,1,0,0,1,1,1,0,1,0,0,2,1,1,
6,1,0,1,1,0,1,1,1,1,0,1,1,2,0,1,1,1,0,1,1,
8,0,0,1,1,0,1,1,1,0,0,1,1,1,0,1,0,0,0,1,1,
5,1,1,1,1,1,2,1,1,1,1,1,1,2,0,1,1,1,1,1,1,
5,0,0,0,1,0,1,1,0,0,0,0,1,1,0,0,0,0,0,0,1,
6,1,0,1,1,0,2,1,1,1,0,1,1,2,0,1,1,1,0,1,2,
5,0,0,0,1,0,1,0,0,0,0,0,1,1,0,0,0,0,0,0,1,
5,0,0,0,1,0,1,0,0,0,0,0,1,1,0,0,0,0,0,0,1,
5,0,0,0,0,0,1,0,0,0,0,0,1,1,0,0,0,0,0,0,0,
6,0,0,1,1,0,1,1,1,0,0,1,1,1,0,1,0,0,0,1,2,
6,0,0,0,1,0,1,0,0,0,0,0,1,1,0,1,0,0,0,0,1,
6,0,0,0,1,0,1,1,0,0,0,0,1,1,0,1,0,0,0,0,1,
5,0,0,0,1,0,1,1,0,0,0,0,1,1,0,1,0,0,0,0,1,
5,0,0,0,1,0,1,0,0,0,0,0,1,1,0,0,0,0,0,0,1,
6,0,0,0,1,0,1,1,0,0,0,0,1,1,0,1,0,0,0,0,1,
6,1,0,1,1,0,1,1,0,1,0,1,1,1,0,1,0,1,0,1,1,
8,0,0,1,1,0,1,1,1,0,0,1,1,2,0,1,0,0,0,1,1,
8,1,0,2,1,0,1,1,0,1,0,1,1,1,0,2,0,1,0,1,3,
6,1,0,1,1,0,1,1,1,1,1,1,1,2,0,1,1,1,1,1,2,
6,0,0,1,1,0,1,1,1,0,0,1,1,1,0,1,0,0,0,1,1,
6,1,0,1,1,0,2,1,1,1,0,1,1,2,0,1,1,1,0,1,1,
5,1,0,1,1,0,2,1,1,1,0,1,1,2,0,1,1,1,0,1,1,
5,1,1,1,1,0,2,1,1,1,0,1,1,2,0,1,1,1,1,1,1,
5,1,1,1,1,0,2,1,1,1,1,1,1,2,0,1,1,1,1,1,2,
5,0,0,0,0,0,1,0,0,0,0,0,0,1,0,0,0,0,0,0,0,
28,1,1,1,2,0,2,1,1,1,1,1,2,2,24,1,1,1,1,1,2,
6,0,0,0,1,0,1,1,0,0,0,0,1,1,0,1,0,0,0,1,1,
5,0,0,0,0,0,1,0,0,0,0,0,1,1,0,0,0,0,0,0,1,
5,0,0,0,1,0,1,0,0,0,0,0,1,1,0,0,0,0,0,1,1,
5,0,0,0,1,0,1,0,0,0,0,0,1,1,0,0,0,0,0,0,1,
14,0,0,0,1,0,1,0,0,0,0,0,1,1,0,0,0,0,0,0,1,
6,0,0,0,1,0,1,0,0,0,0,0,1,1,0,1,0,0,0,0,1,
8,0,0,0,2,0,2,0,1,0,0,0,1,2,0,0,1,0,0,0,1,
32,0,0,0,1,0,28,0,0,0,0,0,1,28,0,1,0,0,0,0,1,
6,0,0,0,1,0,1,1,0,0,0,1,1,1,0,1,0,0,0,0,1,
6,1,0,1,2,0,2,2,1,1,0,1,2,2,0,2,1,1,0,1,2,
6,1,0,1,1,0,1,1,1,1,0,1,1,2,0,1,1,1,0,1,1,
7,1,0,1,2,0,1,1,1,1,0,1,2,2,0,1,1,1,0,1,2,
6,1,0,1,1,0,1,1,1,1,0,1,1,1,0,1,1,1,0,1,1,
5,1,0,1,1,0,2,1,1,1,0,1,1,2,0,1,1,1,0,1,1,
7,1,1,1,1,0,2,1,1,1,0,1,1,2,0,1,1,1,0,1,1,
5,1,1,1,1,0,2,1,1,1,0,1,1,2,0,1,1,1,1,1,1,
7,1,1,1,2,0,2,1,1,1,1,1,1,2,0,1,1,1,1,1,2,
5,1,1,1,1,0,2,1,1,1,1,1,1,2,0,1,1,1,1,1,2,
5,1,1,1,1,0,2,1,1,1,0,1,1,2,0,1,1,1,1,1,1,
5,1,1,1,2,0,2,1,1,1,1,1,2,2,0,1,1,1,1,1,2,
5,0,0,0,1,0,1,0,0,0,0,0,1,1,0,0,0,0,0,0,1,
5,0,0,0,1,0,1,0,0,0,0,0,1,1,0,0,0,0,0,0,1,
6,0,0,0,1,0,1,0,0,0,0,0,1,1,0,1,0,0,0,0,1,
5,0,0,0,1,0,1,0,0,0,0,0,1,1,0,1,0,0,0,0,1,
6,0,0,0,1,0,1,1,0,0,0,0,1,1,0,1,0,0,0,0,1,
6,0,0,0,1,0,1,1,0,0,0,0,1,1,0,1,0,0,0,0,1,
6,1,1,1,1,0,1,1,1,0,0,1,1,1,0,1,1,0,0,1,2,
6,0,1,1,1,0,1,1,1,0,1,1,1,1,0,1,1,0,1,1,1,
6,0,1,1,1,0,2,1,1,0,1,1,1,2,0,1,1,0,1,1,1,
6,0,0,0,1,0,1,1,0,0,0,0,1,1,0,1,0,0,0,0,1,
6,1,1,1,1,0,1,1,1,1,0,1,1,2,0,1,1,1,1,1,1,
5,1,1,1,1,0,2,1,1,1,0,1,1,2,0,1,1,1,1,1,1,
5,1,0,1,1,0,1,1,1,1,0,1,1,1,0,1,1,1,0,1,1,
5,1,1,1,2,0,2,1,1,1,0,1,1,2,0,1,1,1,1,1,2,
5,1,1,1,1,0,2,1,1,1,0,1,1,2,0,1,1,1,1,1,1,
5,1,1,1,1,0,2,1,1,1,0,1,1,2,0,1,1,1,0,1,1,
6,1,1,1,2,0,2,1,1,1,0,1,1,2,0,1,1,1,1,1,2,
32,1,1,1,29,1,2,1,1,1,1,1,2,2,0,1,1,1,1,1,2,
6,1,1,1,2,0,2,1,1,1,0,1,2,2,0,1,1,1,1,1,2,
6,0,0,0,1,0,1,0,0,0,0,0,1,1,0,0,0,0,0,0,1,
6,0,0,1,1,0,1,0,0,0,0,1,1,1,0,0,0,0,0,1,1,
6,0,0,1,1,0,1,0,0,0,0,1,1,1,0,1,0,0,0,1,1,
6,0,0,0,1,0,1,1,0,0,0,0,1,1,0,1,0,0,0,0,1,
8,1,3,1,1,0,1,1,1,1,3,1,1,1,0,1,1,1,3,1,1,
6,0,1,1,1,0,1,1,1,0,1,0,1,1,0,1,0,0,1,1,1,
9,1,1,1,1,0,1,1,1,0,1,1,1,2,0,2,1,0,1,2,2,
6,1,0,1,1,0,1,1,1,1,0,1,1,2,0,1,0,1,1,1,1,
6,0,0,1,1,0,1,1,1,0,0,1,1,1,0,1,0,0,0,1,1,
9,0,0,0,1,0,1,0,0,0,0,0,1,1,0,0,0,0,0,0,1,
6,0,0,0,1,0,1,1,1,0,0,1,1,1,0,1,0,0,0,1,1,
5,1,0,1,1,0,2,1,1,1,0,1,1,2,0,1,1,1,1,1,1,
5,1,0,1,1,0,2,1,1,1,0,1,1,2,0,1,1,1,1,1,1,
27,1,0,1,1,0,1,1,23,1,0,1,1,2,0,1,1,1,0,1,1,
6,1,1,1,2,0,2,2,1,1,1,1,2,3,2,1,1,1,1,1,2,
6,1,0,2,1,0,1,1,0,1,0,1,1,1,0,1,0,1,0,1,1,
5,1,1,1,2,0,2,1,1,1,1,1,2,2,0,1,1,1,1,1,2,
5,0,0,0,1,0,1,0,0,0,0,0,1,1,0,0,0,0,0,0,1,
5,1,1,1,2,0,2,1,1,1,1,1,2,2,0,1,1,1,1,1,2,
5,0,0,0,1,0,1,0,0,0,0,0,1,1,0,1,0,0,0,0,1,
6,0,0,1,1,0,1,1,0,0,0,0,1,1,0,1,0,0,0,1,1,
6,0,0,0,1,0,1,0,0,0,0,0,1,1,0,1,0,0,0,0,1,
6,0,0,0,1,0,1,1,0,0,0,0,1,1,0,1,0,0,0,1,1,
6,0,0,0,1,0,1,1,0,0,0,0,1,1,0,1,0,0,0,0,1,
6,0,0,0,1,0,1,1,0,0,0,0,1,1,0,1,0,0,0,0,1,
6,0,0,1,1,0,1,1,1,0,0,1,1,1,0,2,0,0,0,1,1,
6,1,0,1,1,0,1,1,1,1,0,1,1,2,0,1,1,1,0,1,1,
6,0,0,0,1,0,1,1,0,0,0,0,1,1,0,1,0,0,0,1,1,
6,1,1,1,2,0,2,1,1,1,1,1,1,2,0,1,1,1,1,1,2,
5,1,0,1,1,0,1,1,1,1,0,1,1,2,0,1,1,1,0,1,1,
5,1,0,1,1,0,1,1,1,1,0,1,1,2,0,1,1,1,1,1,2,
6,1,0,1,1,0,2,1,1,1,0,1,1,2,0,1,1,1,0,1,1,
6,1,0,3,1,0,2,1,1,1,0,3,1,2,0,1,1,1,0,3,1,
6,2,1,2,2,0,2,2,1,2,1,2,1,2,0,3,1,2,1,2,2,
9,0,0,0,3,0,1,1,0,0,0,0,2,1,0,1,0,0,0,1,3,
5,0,0,0,1,0,1,0,0,0,0,0,1,1,0,0,0,0,0,0,1,
6,0,0,0,1,0,1,0,0,0,0,0,1,1,0,0,0,0,0,0,1,
5,0,0,0,1,0,1,0,0,0,0,0,1,1,0,1,0,0,0,0,1,
5,0,0,0,1,0,1,0,0,0,0,0,1,1,0,1,0,0,0,0,1,
6,0,0,0,1,0,1,1,0,0,0,0,1,1,0,1,0,0,0,1,1,
6,0,0,1,1,0,1,1,0,0,0,0,1,1,0,1,0,0,0,1,1,
9,0,0,1,1,0,1,1,0,0,0,1,1,1,0,1,0,0,0,1,1,
6,0,0,1,1,0,1,1,1,0,0,1,1,1,0,1,0,0,0,1,1,
6,0,0,0,1,0,1,1,0,0,0,0,1,1,0,1,0,0,0,1,1,
6,1,0,1,1,0,2,1,1,1,0,1,1,2,0,1,1,1,1,1,2,
6,0,0,0,1,0,1,0,0,0,0,0,1,1,0,1,0,0,0,0,1,
6,1,2,1,1,0,2,1,1,1,2,1,1,2,0,1,1,1,2,1,2,
6,1,0,1,1,0,1,1,1,1,0,1,1,2,0,1,1,1,0,1,1,
10,0,0,0,1,0,2,1,0,0,0,0,1,2,0,1,0,0,0,0,1,
5,1,0,1,1,0,2,1,1,1,0,1,1,2,0,1,1,1,0,1,2,
5,1,0,1,1,0,2,1,1,1,0,1,1,2,0,1,1,1,1,1,2,
5,1,1,1,2,0,2,1,1,1,1,1,2,2,0,1,1,1,1,1,2,
5,1,0,1,1,0,2,1,1,1,0,1,1,2,0,1,1,1,1,1,2,
5,0,0,0,1,0,1,0,0,0,0,0,1,1,0,0,0,0,0,0,1,
6,0,0,0,1,0,1,1,0,0,0,0,1,1,0,1,0,0,0,1,1,
6,0,0,1,1,0,2,2,1,0,0,1,1,2,0,1,0,0,0,1,1,
6,0,0,0,1,0,1,1,0,0,0,0,1,1,0,1,0,0,0,1,1,
6,1,0,1,1,0,1,1,0,1,0,1,1,1,0,1,0,1,0,1,1,
6,1,0,1,1,0,1,1,1,1,0,1,1,2,0,1,1,1,0,1,2,
6,0,0,1,1,0,1,1,0,0,0,0,2,2,0,1,0,0,0,1,1,
6,0,0,1,1,0,1,1,1,0,0,1,1,2,0,1,0,0,0,1,1,
6,0,0,1,1,0,1,1,1,0,0,1,1,2,0,1,0,0,0,1,1,
6,1,0,1,1,0,2,1,1,1,0,1,2,2,0,1,1,1,0,1,1,
9,1,1,1,1,0,2,1,1,1,0,1,1,2,0,1,1,1,1,1,1,
6,0,0,1,1,0,1,1,1,0,0,1,1,1,0,1,1,0,0,1,1,
6,1,0,1,1,0,1,1,1,0,0,1,1,2,0,1,1,0,0,1,1,
6,0,0,0,1,0,1,1,1,0,0,0,1,1,0,1,0,0,0,1,1,
6,1,3,1,1,0,2,1,1,1,3,1,1,2,0,1,1,1,3,1,2,
5,1,0,1,2,0,2,1,1,1,0,1,1,2,0,1,1,1,1,1,2,
6,1,0,1,2,0,2,2,1,1,0,1,2,2,0,2,1,1,1,1,2,
5,1,1,1,2,0,2,1,1,1,1,1,2,2,0,1,1,1,1,1,2,
5,1,1,1,2,0,2,1,1,1,1,1,2,2,0,1,1,1,1,1,2,
5,0,0,0,1,0,1,0,0,0,0,0,1,1,0,0,0,0,0,0,1,
5,0,0,0,1,0,1,0,0,0,0,0,1,1,0,0,0,0,0,0,1,
5,0,0,0,1,0,1,0,0,0,0,0,1,1,0,0,0,0,0,0,1,
7,0,0,0,2,0,2,1,0,0,0,0,2,2,0,1,0,0,0,0,2,
6,0,0,0,1,0,1,1,0,0,0,0,1,1,0,1,0,0,0,1,1,
6,0,0,0,1,0,1,0,0,0,0,0,1,1,0,0,0,0,0,0,1,
6,0,0,0,1,0,1,1,0,0,0,0,1,1,0,1,0,0,0,1,1,
6,1,0,1,1,0,2,1,0,1,0,1,1,2,0,1,0,1,0,1,1,
8,0,0,0,3,0,1,1,0,0,0,0,1,1,0,1,0,0,0,0,3,
6,0,0,0,1,0,1,1,0,0,0,0,1,1,0,1,0,0,0,1,1,
7,1,0,1,1,0,3,1,1,1,0,1,1,3,0,1,0,1,0,2,1,
8,0,0,0,1,0,1,1,0,0,0,1,1,1,0,1,0,0,0,1,1,
5,1,0,1,1,0,2,1,1,0,0,1,1,2,0,1,1,0,1,1,1,
5,1,0,1,1,0,2,1,1,1,0,1,1,2,0,1,1,0,0,1,1,
5,1,0,1,1,0,2,1,1,1,0,1,1,2,0,1,1,1,1,1,1,
6,1,1,1,3,0,2,1,1,1,1,1,2,2,0,1,1,1,1,1,2,
5,1,0,1,1,0,2,1,1,1,0,1,2,2,0,1,1,1,1,1,2,
5,0,0,0,1,0,1,0,0,0,0,0,1,1,0,0,0,0,0,0,1,
8,1,0,1,1,0,3,1,1,1,0,1,1,3,0,1,1,1,1,1,2,
5,0,0,0,1,0,1,0,0,0,0,0,1,1,0,1,0,0,0,0,1,
6,0,0,0,1,0,1,1,0,0,0,0,1,1,0,1,0,0,0,0,1,
8,0,0,0,1,0,1,0,0,0,0,0,1,1,0,0,0,0,0,0,1,
6,0,0,0,1,0,1,0,0,0,0,0,1,1,0,1,0,0,0,0,1,
6,0,0,0,1,0,1,1,0,0,0,0,1,1,0,1,0,0,0,1,1,
6,0,0,1,1,0,1,1,0,0,0,1,1,1,0,1,0,0,0,1,1,
6,0,0,0,1,0,1,1,1,0,0,0,1,1,0,1,0,0,0,1,1,
6,0,0,1,1,0,1,1,1,0,0,1,1,2,0,1,1,0,1,1,1,
7,2,0,2,1,0,1,2,1,2,0,2,1,1,0,2,0,2,0,2,1,
6,0,0,0,0,0,1,1,0,0,0,0,0,1,0,1,0,0,0,0,0,
6,0,0,0,0,0,1,0,0,0,0,0,0,1,0,0,0,0,0,0,0,
5,1,1,1,1,1,2,1,1,1,1,1,1,2,0,1,1,1,1,1,2,
6,0,0,0,1,0,1,0,0,0,0,0,1,1,0,0,0,0,0,0,1,
7,1,0,1,1,0,1,1,1,2,0,1,1,2,0,1,1,1,0,1,1,
5,1,0,2,2,0,2,2,2,1,0,1,2,2,0,2,1,1,0,2,2,
7,0,0,2,1,0,1,0,0,0,0,0,1,1,0,1,0,0,0,0,1,
6,0,0,0,1,0,1,0,0,0,0,0,1,1,0,0,0,0,0,0,1,
5,0,0,0,1,0,1,0,0,0,0,0,1,1,0,0,0,0,0,0,1,
6,0,0,0,1,0,1,0,0,0,0,0,1,1,0,0,0,0,0,0,1,
6,0,0,0,1,0,1,1,0,0,0,0,1,1,0,1,0,0,0,0,1,
6,0,0,0,1,0,1,0,0,0,0,0,1,1,0,0,0,0,0,0,1,
6,0,0,0,1,0,1,1,0,0,0,0,1,2,0,1,0,0,0,0,1,
7,0,0,0,1,0,2,0,0,0,0,0,1,2,0,0,0,0,0,0,1,
6,0,0,0,1,0,1,1,0,0,0,0,1,2,0,1,0,0,0,0,1,
6,0,0,0,1,0,1,1,0,0,0,0,1,1,0,1,0,0,0,1,1,
7,0,0,2,1,0,1,0,0,0,0,2,1,1,0,1,0,0,0,2,1,
6,0,0,1,1,0,1,1,0,0,0,1,1,2,0,1,0,0,0,1,1,
6,0,0,1,1,0,1,1,1,0,0,1,1,2,0,1,1,0,0,1,1,
6,0,0,0,1,0,1,1,0,0,0,0,1,2,0,1,0,0,0,1,1,
5,1,0,1,1,0,1,1,1,1,0,1,1,2,0,1,1,1,0,1,1,
5,1,0,1,1,0,2,1,1,1,0,1,1,2,0,1,1,1,1,1,1,
5,1,0,1,1,0,2,1,1,1,0,1,1,2,0,1,1,1,0,1,1,
6,0,0,0,1,0,1,0,0,0,0,0,1,1,0,0,0,0,0,0,1,
6,0,0,0,1,0,1,1,0,0,0,0,1,1,0,1,0,0,0,0,1,
7,1,1,1,1,0,2,1,1,1,0,1,1,2,0,1,1,1,1,1,2,
6,0,0,0,1,0,1,1,0,0,0,0,1,1,0,1,0,0,0,1,1,
7,2,0,2,1,0,1,2,0,2,0,2,1,1,0,2,0,2,0,3,1,
6,0,0,1,1,0,1,1,0,0,0,1,1,2,0,1,0,0,0,1,1,
6,0,0,0,1,0,1,0,0,0,0,0,1,1,0,1,0,0,0,0,1,
6,0,0,0,1,0,1,0,0,0,0,0,1,1,0,0,0,0,0,0,1,
6,0,0,0,1,0,1,1,0,0,0,0,1,1,0,1,0,0,0,0,1,
9,0,0,1,1,0,2,1,0,0,0,1,1,2,0,1,0,0,0,1,1,
6,0,0,0,1,0,1,1,0,0,0,0,1,2,0,1,0,0,0,1,1,
8,0,0,0,1,0,1,1,0,0,0,1,1,1,0,1,0,0,0,1,1,
6,0,0,1,1,0,1,1,1,0,0,1,1,2,0,1,0,0,0,1,1,
6,0,0,0,1,0,1,1,0,0,0,0,1,1,0,1,0,0,0,1,1,
6,0,0,1,1,0,1,1,1,1,0,1,1,2,0,1,1,1,0,1,1,
5,0,0,1,1,0,2,1,1,1,0,1,1,2,0,1,1,1,0,1,1,
5,0,0,1,1,0,2,1,1,1,0,1,1,2,0,1,1,1,0,1,1,
5,1,1,1,1,0,2,1,1,1,0,1,1,2,0,1,1,1,1,1,2,
6,2,0,2,1,0,2,2,1,2,0,2,1,2,0,2,1,2,1,2,1,
6,0,0,0,1,0,1,1,0,0,0,0,1,2,0,1,0,0,0,1,1,
6,0,0,0,1,0,1,0,0,0,0,0,1,1,0,0,0,0,0,0,1,
5,1,1,1,1,0,2,1,1,1,0,1,2,2,0,1,1,1,1,1,2,
5,0,0,0,1,0,1,1,0,0,0,0,1,1,0,1,0,0,0,0,1,
8,0,0,0,0,0,1,0,0,0,0,0,0,1,0,0,0,0,0,1,1,
7,0,0,1,1,0,1,1,1,0,1,1,1,1,0,1,1,0,1,2,1,
10,3,3,4,3,0,3,5,1,3,1,4,3,3,1,4,1,3,3,4,3,
8,0,1,1,2,0,1,1,1,0,1,1,3,2,0,1,0,0,1,1,2,
7,0,1,1,2,0,2,1,1,0,0,1,2,2,0,1,1,0,1,1,2,
9,0,4,1,2,0,2,1,1,0,1,1,2,2,0,1,1,0,1,1,2,
6,0,1,1,1,0,1,1,1,0,0,1,1,2,0,1,1,0,0,1,2,
12,0,1,0,1,0,1,4,1,0,0,0,1,2,0,4,0,0,0,1,1,
6,0,0,1,1,0,1,1,1,0,0,1,1,2,0,1,0,0,1,1,1,
6,0,0,0,1,0,1,0,0,0,0,0,1,1,0,1,0,0,0,0,1,
5,0,0,1,1,0,1,1,1,0,0,1,1,2,0,1,1,0,1,1,1,
5,0,0,1,1,0,2,1,1,1,0,1,1,2,0,1,1,1,1,1,1,
5,0,1,1,1,0,1,1,1,1,0,1,1,2,0,1,1,1,1,1,1,
5,1,1,1,1,0,2,1,1,1,1,1,2,2,0,1,1,1,1,1,2,
5,0,0,0,1,0,1,0,0,0,0,0,1,1,0,0,0,0,0,0,1,
7,0,0,0,1,0,1,0,0,0,0,0,1,1,0,0,0,0,0,0,1,
6,0,0,1,1,0,2,1,1,1,0,1,1,2,0,1,1,1,1,1,2,
5,0,0,0,1,0,1,0,0,0,0,0,1,1,0,0,0,0,0,0,1,
5,0,0,0,0,0,1,0,0,0,0,0,1,1,0,0,0,0,0,0,1,
6,0,0,0,1,0,1,1,0,0,0,0,1,1,0,1,0,0,0,0,1,
5,0,0,0,1,0,1,0,0,0,0,0,1,1,0,1,0,0,0,0,1,
6,0,0,0,1,0,1,0,0,0,0,0,1,1,0,1,0,0,0,0,1,
6,0,0,0,1,0,1,1,0,0,0,0,1,1,0,1,0,0,0,0,1,
6,0,0,0,1,0,1,0,0,0,0,0,1,1,0,1,0,0,0,0,1,
6,0,0,0,1,0,1,1,0,0,0,0,1,1,0,1,0,0,0,1,1,
6,1,0,1,1,0,2,1,1,1,0,1,1,2,0,1,1,1,1,1,1,
6,0,0,0,1,0,1,1,0,0,0,0,1,1,0,1,0,0,0,0,1,
6,0,0,1,1,0,2,1,1,0,0,1,1,2,0,1,1,0,0,1,1,
6,0,0,1,1,0,1,2,1,0,0,1,1,2,0,2,1,0,0,1,1,
5,0,0,1,1,0,1,1,1,0,0,1,1,2,0,1,0,0,0,1,1,
5,0,0,0,1,0,1,0,0,0,0,0,1,1,0,0,0,0,0,0,1,
8,0,1,1,1,0,5,1,1,1,1,1,1,5,0,1,1,1,1,1,2,
5,1,0,1,1,0,2,1,1,1,0,1,1,2,0,1,1,1,0,1,1,
5,0,0,1,0,0,1,0,0,0,0,1,1,1,0,0,0,0,0,1,1,
5,1,1,1,1,0,2,1,1,1,1,1,2,2,0,1,1,1,1,1,2,
8,1,1,1,4,1,2,1,1,1,1,1,4,2,0,1,1,1,1,1,4,
5,0,0,0,1,0,1,0,0,0,0,0,1,1,0,1,0,0,0,0,1,
6,0,0,0,1,0,1,0,0,0,0,0,1,1,0,1,0,0,0,0,1,
6,0,0,0,1,0,1,0,0,0,0,0,1,1,0,0,0,0,0,0,1,
6,0,0,0,1,0,1,1,0,0,0,0,1,1,0,1,0,0,0,0,1,
6,0,0,0,1,0,1,0,0,0,0,0,1,1,0,1,0,0,0,0,1,
