72,3,0,5,4,4,5,4,1,3,0,5,4,4,5,4,60,3,1,5,4,4,5,4,31,3,5,4,4,5,4,0,1,3,0,5,4,4,5,4,31,
63,2,0,3,3,3,4,3,1,2,1,3,2,3,4,3,57,2,1,3,3,3,4,3,29,2,4,3,3,4,3,0,1,2,1,3,3,3,4,3,29,
68,4,0,4,5,4,4,5,0,4,0,4,4,4,4,5,61,4,0,4,5,4,4,5,31,4,4,4,4,4,5,0,0,4,0,4,5,4,4,5,31,
64,3,0,4,3,3,4,3,1,3,1,4,3,3,4,3,58,3,1,4,3,3,4,3,30,2,4,3,3,4,3,0,1,3,1,4,3,3,4,3,30,
66,3,0,4,3,3,4,3,1,3,1,4,3,3,4,3,58,3,1,4,3,3,4,3,29,3,4,3,3,4,3,0,1,3,1,4,3,3,4,3,29,
77,3,0,4,3,3,5,3,1,3,1,4,3,3,4,3,71,3,1,4,3,3,5,4,29,3,4,3,3,4,3,0,1,3,1,4,3,3,5,3,29,
64,2,0,3,3,2,4,3,0,2,0,3,2,2,3,2,58,2,0,3,2,2,4,3,28,2,3,2,2,3,3,0,0,2,0,3,3,2,4,3,28,
65,2,0,17,3,2,4,3,0,2,0,3,2,2,15,3,59,2,0,4,3,2,4,3,31,2,4,3,3,4,3,0,0,2,0,17,3,3,4,3,31,
64,2,0,4,3,3,4,3,0,2,1,4,2,3,4,3,56,2,0,4,3,3,4,3,28,2,4,3,3,4,3,0,0,2,1,4,3,3,4,3,28,
62,2,0,4,3,3,4,3,0,2,0,4,2,3,4,3,56,2,0,4,3,3,4,3,29,2,4,3,3,4,3,0,0,2,0,4,3,3,4,3,29,
64,1,1,3,4,2,3,4,1,1,0,3,3,2,3,3,58,1,1,3,4,2,3,4,30,1,3,4,2,3,3,1,1,1,0,3,4,2,3,3,30,
64,3,0,4,3,3,4,3,1,2,1,4,3,3,4,3,57,2,0,4,3,3,4,3,30,2,4,3,3,4,3,0,1,3,0,4,3,3,4,3,30,
65,2,0,4,3,3,4,3,1,2,1,4,3,3,4,3,60,2,1,4,3,3,4,3,29,2,4,3,3,4,3,0,1,2,1,4,3,3,4,3,29,
62,3,0,4,3,3,4,3,1,2,1,4,3,3,4,3,56,2,1,4,3,3,4,4,29,2,4,3,3,4,3,0,1,3,1,4,3,3,4,3,29,
62,3,0,4,3,3,4,3,1,3,1,4,3,3,4,3,56,3,1,4,3,3,4,4,29,2,4,3,3,4,3,0,1,3,1,4,4,3,4,3,29,
65,3,0,4,4,3,5,4,1,3,1,5,3,3,5,4,60,3,1,5,4,3,5,4,32,3,5,4,3,4,4,0,1,3,1,4,4,3,5,4,32,
62,3,1,4,4,3,5,4,1,3,1,4,3,3,5,3,57,3,1,4,3,3,5,4,29,3,5,4,3,4,3,0,1,3,1,4,4,3,5,4,29,
62,2,0,3,3,3,4,3,0,2,0,3,2,2,4,2,56,2,0,3,3,2,4,3,28,2,4,3,3,3,3,0,0,2,0,3,3,3,4,3,28,
62,3,0,4,3,3,4,3,0,2,0,4,3,3,4,3,56,2,0,4,3,3,4,3,28,2,4,3,3,4,3,0,0,3,0,4,3,3,4,3,28,
62,2,0,4,3,3,4,3,0,2,1,4,2,3,4,3,56,2,1,4,3,3,4,3,28,2,4,3,3,4,3,0,0,3,1,4,3,3,4,3,28,
64,2,0,4,3,3,4,3,0,2,1,4,3,3,4,3,59,2,0,4,3,3,4,3,31,2,4,3,3,4,3,0,0,2,0,4,3,3,4,3,31,
62,3,0,4,3,3,4,3,1,2,1,4,3,3,4,3,57,2,1,4,3,3,4,3,29,2,4,3,3,4,3,0,1,3,1,4,3,3,4,3,29,
64,3,0,4,3,3,4,3,1,3,1,4,3,3,4,3,58,3,1,4,3,3,5,4,29,2,4,3,3,4,3,0,1,3,1,4,3,3,4,3,29,
66,3,0,4,3,3,4,3,1,2,1,4,3,3,4,3,59,2,1,4,3,3,4,3,32,2,4,3,3,4,3,0,1,3,1,4,3,3,4,3,32,
63,3,0,4,3,3,4,3,1,3,1,4,3,3,4,3,57,3,1,4,3,3,4,4,29,2,4,3,3,4,3,0,1,3,1,4,3,3,4,3,29,
66,2,0,3,26,3,4,3,0,2,0,3,2,2,4,2,59,2,0,4,3,2,4,3,28,2,4,3,3,4,2,0,0,2,0,3,26,3,4,3,28,
63,2,0,3,3,3,4,3,0,2,0,4,3,2,4,3,56,2,0,4,3,2,4,3,28,2,4,3,3,4,3,0,0,2,0,3,3,3,4,3,28,
64,3,0,4,3,3,5,4,1,3,1,4,3,3,5,3,58,3,1,5,3,3,5,4,30,3,5,4,3,4,3,0,1,3,1,4,3,3,5,4,30,
67,5,0,5,5,5,5,6,1,5,1,5,5,5,5,6,60,5,1,5,5,5,5,6,31,5,5,5,5,5,6,0,1,5,1,5,5,5,5,6,31,
63,2,0,4,3,3,4,3,0,2,1,4,2,3,4,3,58,2,0,4,3,3,4,3,28,2,4,3,3,4,3,0,0,2,1,4,3,3,4,3,28,
64,3,0,4,3,3,4,3,1,2,1,4,3,3,4,3,56,2,1,4,3,3,4,3,29,2,4,3,3,4,3,0,1,3,1,4,3,3,4,3,29,
62,2,0,4,3,3,4,3,1,2,1,4,3,3,4,3,57,2,1,4,3,3,4,3,29,2,4,3,3,4,3,0,1,3,1,4,3,3,4,3,29,
62,3,0,4,3,3,4,3,1,2,1,4,3,3,4,3,57,2,1,4,3,3,4,3,29,2,4,3,3,4,3,0,1,3,1,4,3,3,4,3,29,
65,3,0,4,3,3,5,3,1,3,1,4,3,3,5,3,60,3,1,5,3,3,5,4,32,3,5,3,3,4,3,0,1,3,1,4,3,3,5,3,32,
63,3,0,4,3,26,5,3,1,3,1,4,3,3,5,3,57,3,1,4,3,3,5,4,29,2,5,3,3,5,3,0,1,3,1,4,3,26,5,3,29,
62,2,0,3,2,3,4,3,0,2,0,3,2,2,4,2,56,2,0,4,2,3,4,3,28,2,4,3,3,3,3,0,0,2,0,3,2,3,4,3,28,
63,2,0,3,2,3,4,3,0,2,1,3,2,2,4,2,57,2,0,4,2,2,4,3,28,2,4,3,3,4,3,0,0,2,1,3,3,3,4,3,28,
63,2,0,3,13,3,4,3,0,2,0,4,13,2,4,3,56,2,0,4,13,3,4,3,28,2,4,13,3,4,3,0,0,3,0,3,13,3,4,3,28,
66,3,0,4,3,3,4,3,1,2,1,4,3,3,4,3,61,2,1,4,3,3,4,3,29,2,4,3,3,4,3,0,1,3,1,4,3,3,4,3,29,
65,3,0,4,3,3,5,3,1,3,1,4,3,3,4,3,59,3,1,5,3,3,5,3,31,2,4,3,3,4,3,0,1,3,1,4,3,3,5,3,31,
63,2,0,4,3,3,4,3,1,2,1,4,2,3,4,3,58,2,1,4,3,3,4,3,29,2,4,3,3,4,3,0,1,2,1,4,3,3,4,3,29,
63,3,0,4,3,3,4,3,1,2,1,4,3,3,4,3,58,2,0,4,3,3,4,3,29,2,4,3,3,4,3,0,1,3,1,4,3,3,4,3,29,
73,14,0,4,3,3,4,5,1,14,1,4,3,3,4,5,68,14,1,4,3,3,4,6,30,13,4,3,3,4,5,0,1,14,1,4,3,3,4,5,40,
66,3,1,4,3,3,5,3,1,3,1,4,3,3,5,3,61,3,1,4,3,3,5,4,30,2,4,3,3,5,3,0,1,3,1,4,3,3,5,3,29,
62,2,0,3,2,2,4,2,0,2,0,3,2,2,4,2,56,2,0,3,2,2,4,3,28,2,4,2,2,3,2,0,0,2,0,3,2,2,4,2,28,
62,2,0,3,2,2,4,2,0,2,0,3,2,2,4,2,56,2,0,4,2,2,4,3,28,2,4,2,2,3,2,0,0,2,0,3,2,2,4,2,28,
67,3,0,4,3,3,4,3,1,2,1,4,3,3,4,3,60,2,1,4,3,3,4,3,32,2,4,3,3,4,3,0,1,3,1,4,3,3,4,3,32,
61,2,0,4,3,3,4,3,0,2,1,4,2,3,4,3,56,2,0,4,3,3,4,3,28,2,4,3,3,4,3,0,0,2,1,4,3,3,4,3,28,
62,2,0,4,3,3,4,3,0,2,0,4,3,3,4,3,57,2,0,4,3,3,4,3,29,2,4,3,3,4,3,0,0,2,0,4,3,3,4,3,29,
62,2,0,4,3,3,4,3,0,2,0,4,2,3,4,3,57,2,0,4,3,3,4,3,29,2,4,3,3,4,3,0,0,2,1,4,3,3,4,3,29,
61,2,0,3,3,3,4,3,0,2,0,4,2,3,4,3,56,2,0,4,3,3,4,3,28,2,4,3,3,4,3,0,0,2,0,3,3,3,4,3,28,
66,3,0,4,3,6,4,3,1,2,1,4,3,3,4,3,61,2,1,4,3,3,4,3,29,2,4,3,3,4,3,0,1,3,1,4,3,6,4,3,29,
63,3,0,4,3,3,4,3,1,3,1,4,3,3,16,3,58,3,1,5,3,3,5,4,29,2,5,4,3,4,3,0,1,3,1,4,3,3,4,4,29,
64,3,0,4,3,3,5,3,1,3,1,4,3,3,4,3,58,3,1,4,3,3,5,3,29,2,4,3,3,4,3,0,1,3,1,4,3,3,5,3,29,
63,3,0,4,3,3,5,3,1,3,1,4,3,3,5,3,58,3,1,5,3,3,5,4,29,3,4,3,3,4,4,0,1,3,1,4,3,3,5,3,29,
63,3,0,4,3,3,4,3,0,2,0,4,3,3,4,3,57,2,0,4,3,3,4,3,29,2,4,3,3,4,3,0,0,3,0,4,3,3,4,3,29,
67,2,0,3,3,2,4,3,0,2,1,3,2,2,4,3,60,2,0,4,3,3,4,3,28,2,4,3,3,3,3,0,0,2,1,3,3,2,4,3,28,
62,2,0,4,3,3,4,3,0,2,1,4,2,3,4,3,57,2,0,4,3,3,4,3,29,2,4,3,3,4,3,0,0,2,1,4,3,3,4,3,29,
65,2,0,4,3,3,4,3,0,2,1,4,3,3,4,3,60,2,0,4,3,3,4,3,30,2,4,3,3,4,3,0,0,2,1,4,3,3,4,3,30,
67,2,0,4,3,3,4,3,0,2,1,4,3,2,4,3,58,2,0,4,3,3,4,3,31,2,4,3,3,4,3,0,0,2,1,4,3,3,4,3,31,
62,3,0,4,3,3,4,3,1,3,1,4,3,3,4,3,57,2,1,4,3,3,4,3,29,2,4,3,3,4,3,0,1,3,1,4,3,3,4,3,29,
62,3,0,4,3,3,4,3,1,2,1,4,3,3,4,3,57,2,1,4,3,3,4,3,29,2,4,3,3,4,3,0,1,3,1,4,3,3,4,3,29,
63,3,0,4,3,3,4,4,1,3,1,4,3,3,4,3,58,3,1,4,3,3,4,4,29,2,4,3,3,4,3,0,1,3,1,4,3,3,4,3,29,
63,2,0,3,3,3,4,3,0,2,0,4,2,2,4,2,57,2,0,4,3,3,4,3,29,2,4,3,3,4,3,0,0,2,0,3,3,3,4,3,29,
65,2,0,6,2,5,6,3,0,2,0,6,2,5,6,2,59,2,0,6,2,5,6,3,28,2,7,3,5,6,2,0,0,2,0,6,2,5,6,3,28,
63,2,0,3,3,3,4,3,0,2,1,3,2,2,4,2,57,2,0,4,3,3,4,3,29,2,4,3,3,4,3,0,0,2,0,3,3,3,4,3,29,
64,2,0,3,3,3,4,3,0,2,1,4,2,3,4,2,58,2,0,4,3,3,4,3,29,2,4,3,3,4,3,0,0,2,1,3,3,3,4,3,29,
63,2,0,4,3,3,4,3,1,2,1,4,3,3,4,3,58,2,1,4,3,3,4,3,29,2,4,3,3,4,3,0,1,2,1,4,3,3,4,3,29,
65,2,0,4,3,3,4,3,1,2,1,4,3,3,4,3,60,2,0,4,3,3,4,3,31,2,4,3,3,4,3,0,1,2,1,4,3,3,4,3,31,
66,2,0,4,3,3,4,3,1,2,1,4,3,3,4,3,61,2,1,4,3,3,4,3,29,2,4,3,3,4,3,0,1,2,1,4,3,3,4,3,29,
64,3,0,4,3,3,4,3,1,3,1,4,3,3,4,3,58,3,1,4,3,3,4,3,29,2,4,3,3,4,3,0,1,3,1,4,3,3,4,3,29,
64,3,0,4,3,3,4,3,1,3,1,4,3,3,4,3,58,3,1,4,3,3,4,3,30,2,4,3,3,4,3,0,1,3,1,4,3,3,4,3,30,
69,3,0,4,3,3,4,3,1,3,1,4,3,3,4,3,60,3,1,4,3,3,5,4,33,2,5,3,3,4,3,0,1,3,1,4,3,3,4,3,33,
63,2,0,3,2,2,4,3,0,2,0,3,2,2,4,2,56,2,0,3,2,2,4,3,29,2,4,2,3,3,2,0,0,2,0,3,2,2,4,3,28,
63,2,0,4,3,3,4,3,0,2,1,4,3,3,4,3,57,2,1,4,3,3,4,3,29,2,4,2,3,4,3,0,0,2,1,4,3,3,4,3,29,
674,2,0,3,2,3,4,3,0,2,1,3,2,2,4,2,56,2,1,4,3,3,4,3,28,2,4,2,3,3,3,0,0,2,0,3,2,3,4,3,28,
633,3,0,4,3,3,4,3,1,3,1,4,3,3,4,3,58,3,1,4,3,3,5,3,30,2,4,3,3,4,3,0,1,3,1,4,3,3,4,3,29,
66,3,0,4,3,3,4,6,1,3,1,4,3,3,4,6,60,3,1,4,3,3,5,6,33,2,4,3,3,4,6,1,1,3,1,4,3,3,4,6,32,
63,2,0,3,3,3,4,3,0,2,0,4,2,3,4,3,56,2,0,4,3,3,4,3,28,2,4,2,3,4,3,0,0,2,0,3,3,3,4,3,28,
75,5,0,3,3,3,4,3,0,5,0,3,2,2,4,2,69,5,0,3,3,3,4,3,40,5,4,3,3,3,3,0,0,5,0,3,3,3,4,3,40,
63,2,0,3,3,3,4,3,0,2,0,4,2,3,4,3,56,2,0,4,3,3,4,3,29,2,4,2,3,4,3,0,0,2,0,3,3,3,4,3,28,
62,2,0,4,3,3,7,3,1,2,0,4,3,3,7,3,57,2,0,4,3,3,7,3,29,2,4,3,3,7,3,0,1,2,0,4,3,3,7,3,28,
66,2,0,4,3,3,4,3,1,2,0,4,3,3,4,3,61,2,0,4,3,3,4,3,34,2,4,3,3,4,3,0,1,2,0,4,3,3,4,3,34,
62,2,0,4,3,3,4,3,1,2,0,4,3,3,4,3,57,2,1,4,3,3,4,3,29,2,4,3,3,4,3,0,1,2,0,4,3,3,4,3,29,
62,3,0,4,3,3,4,3,1,3,1,4,3,3,4,3,57,3,1,4,3,3,4,3,29,2,4,3,3,4,3,0,1,3,1,4,3,3,4,3,29,
62,5,0,4,3,3,4,3,1,5,1,4,3,3,4,3,57,5,1,4,3,3,5,4,29,5,4,3,3,4,3,0,1,5,1,4,3,3,4,3,29,
62,2,0,3,2,3,4,3,0,2,0,3,2,2,4,2,56,2,0,3,2,3,4,3,28,2,4,2,3,3,3,0,0,2,0,3,2,2,4,3,28,
66,3,0,4,3,3,5,3,1,3,1,4,3,3,5,3,61,3,1,4,3,3,5,4,29,2,5,3,3,4,4,0,1,3,1,4,3,3,5,3,29,
64,2,0,3,3,3,4,3,0,2,0,3,2,2,4,2,58,2,0,4,3,3,4,3,29,2,4,2,3,3,3,0,0,2,0,3,3,3,4,3,29,
64,2,0,3,3,3,4,3,0,2,1,4,3,2,4,3,58,2,0,4,3,3,4,3,29,2,4,2,3,4,3,0,0,2,1,3,3,3,4,3,29,
66,2,0,4,3,3,4,3,1,2,0,4,3,3,4,3,61,2,0,4,3,3,4,3,32,2,4,2,3,4,3,0,0,2,0,4,3,3,4,3,32,
86,2,0,4,3,3,4,3,1,2,0,4,3,3,4,3,81,2,0,4,3,3,4,3,29,2,4,3,3,4,3,0,1,2,0,4,3,3,4,3,29,
66,1,0,2,3,1,2,3,1,1,0,2,3,1,2,3,59,1,0,2,3,1,2,3,29,0,2,3,1,2,3,0,1,1,0,2,3,1,2,3,30,
63,3,0,4,3,3,15,3,1,3,1,4,3,3,15,3,58,3,1,4,3,3,16,3,30,2,4,3,3,15,3,0,1,3,1,4,3,3,15,3,30,
65,3,0,4,3,3,4,3,1,3,1,4,3,3,4,3,60,3,1,4,3,3,4,3,29,2,4,3,3,4,3,0,1,3,1,4,3,3,4,3,30,
65,3,0,4,3,3,4,3,1,3,1,4,3,3,4,3,60,3,1,4,3,3,5,3,30,2,4,3,3,4,3,0,1,3,1,4,3,3,4,3,30,
62,3,0,4,3,3,5,4,1,3,1,4,3,3,5,3,56,3,1,4,3,3,5,4,29,3,5,3,3,4,4,0,1,3,1,4,3,3,5,3,29,
63,2,0,3,3,2,4,3,0,2,0,4,2,2,4,3,57,2,0,4,3,2,4,3,29,2,4,2,3,3,3,0,0,2,0,3,3,2,4,3,30,
63,2,0,3,2,3,4,3,0,2,0,4,2,2,4,2,56,2,0,4,2,3,4,3,29,2,4,2,3,3,3,0,0,2,1,3,2,3,4,3,29,
63,2,0,3,3,3,4,3,0,2,1,4,2,2,4,2,56,2,0,4,3,3,4,3,29,2,4,2,3,4,3,0,0,2,1,3,3,3,4,3,29,
66,2,0,4,3,3,4,3,1,2,1,4,3,3,4,3,61,2,0,4,3,3,4,3,29,2,4,3,3,4,3,0,1,2,0,4,3,3,4,3,29,
63,2,0,4,3,3,4,3,1,2,1,4,3,3,4,3,58,2,0,4,3,3,4,3,29,2,4,3,3,4,3,0,1,2,1,4,3,3,4,3,29,
63,2,0,4,3,3,4,3,1,2,1,4,3,3,4,3,58,2,0,4,3,3,4,3,29,2,4,3,3,4,3,0,1,2,1,4,3,3,4,3,29,
67,2,0,4,3,3,4,3,1,2,1,4,3,3,4,3,62,2,0,4,3,3,4,3,32,2,4,3,3,4,3,0,1,3,1,4,3,3,4,3,33,
63,3,0,4,3,3,4,3,1,2,1,4,3,3,4,3,58,2,1,4,3,3,4,3,29,2,4,3,3,4,3,0,1,3,1,4,3,3,4,3,30,
63,3,0,4,3,3,4,3,1,3,1,4,3,3,4,3,58,3,1,4,3,3,5,3,29,2,4,3,3,4,3,0,1,3,1,4,3,3,4,3,30,
64,2,0,3,3,3,4,3,0,2,0,3,2,2,4,2,58,2,0,4,3,3,4,3,29,2,4,2,3,3,3,0,0,2,0,3,3,3,4,3,30,
64,3,0,4,4,4,5,4,1,3,1,5,3,3,5,4,59,3,1,5,4,4,5,4,30,3,5,3,4,4,4,0,1,3,1,4,4,4,5,4,31,
67,2,0,5,3,5,6,3,0,2,1,6,2,4,6,3,61,2,0,6,2,4,6,3,29,2,6,2,5,5,3,0,0,2,1,5,3,5,6,3,30,
63,2,0,3,3,3,4,3,0,2,1,4,2,2,4,3,58,2,0,4,3,3,4,3,29,2,4,2,3,4,3,0,0,2,1,4,3,3,4,3,30,
63,2,0,4,3,3,4,3,1,2,1,4,3,3,4,3,58,2,0,4,3,3,4,3,29,2,4,3,3,4,3,0,1,2,1,4,3,3,4,3,30,
66,2,0,4,3,3,4,3,1,2,1,4,3,3,4,3,60,2,0,4,3,3,4,3,30,2,4,3,3,4,3,0,1,2,1,4,3,3,4,3,30,
64,3,0,4,3,3,4,3,1,2,1,4,3,3,4,3,58,2,0,4,3,3,4,3,30,2,4,3,3,4,3,0,1,3,1,4,3,3,4,3,30,
64,3,0,4,3,3,4,3,1,2,1,4,3,3,4,3,59,2,0,4,3,3,5,3,29,2,4,3,3,4,3,0,1,3,1,4,3,3,4,3,29,
63,3,1,4,3,3,5,3,1,2,1,4,3,3,4,3,58,3,1,4,3,3,5,3,29,2,4,3,3,4,3,0,1,3,1,4,3,3,4,3,29,
79,2,0,3,3,3,4,3,0,2,1,4,2,2,4,3,73,2,0,4,3,3,4,3,30,2,4,2,3,4,3,0,0,2,1,3,3,3,4,3,30,
67,2,0,4,3,3,6,3,1,2,1,4,3,3,5,3,61,2,1,4,3,3,6,3,32,2,4,3,3,5,3,1,1,2,1,4,3,3,6,3,32,
64,2,0,3,3,3,4,3,0,2,1,4,2,2,4,3,58,2,0,4,3,2,4,3,29,2,4,2,3,4,3,1,0,2,1,4,3,3,4,3,29,
64,2,0,4,3,3,4,3,0,2,1,4,3,3,4,3,58,2,0,4,3,3,4,3,29,2,4,3,3,4,3,0,0,2,0,4,3,3,4,3,29,
63,2,0,4,3,3,4,3,0,2,1,4,3,3,4,3,58,2,0,4,3,3,4,3,29,2,4,3,3,4,3,0,0,2,1,4,3,3,4,3,29,
63,2,0,4,3,3,4,3,1,2,1,4,3,3,4,3,58,2,0,4,3,3,4,3,29,2,4,3,3,4,3,0,1,2,1,4,3,3,4,3,29,
68,2,0,7,3,6,7,3,1,2,1,7,3,6,7,3,63,2,0,7,3,6,7,3,31,2,7,3,6,7,3,0,1,2,1,7,3,6,7,3,31,
63,3,0,4,3,3,4,3,1,3,1,4,3,3,4,3,58,3,1,4,3,3,4,4,29,2,4,3,3,4,3,1,1,3,1,4,3,3,4,3,29,
64,3,0,4,3,3,4,3,1,3,1,4,3,3,4,3,59,3,1,4,3,3,4,3,30,2,4,3,3,4,3,1,1,3,1,4,3,3,4,3,30,
64,3,0,4,4,3,5,3,1,3,1,4,3,3,5,3,59,3,1,4,3,3,5,4,30,2,5,3,3,5,3,0,1,3,1,4,4,3,5,3,30,
64,2,0,3,14,3,4,3,0,2,1,4,13,2,4,2,58,2,0,4,14,2,4,3,29,2,4,13,3,4,3,1,0,2,1,4,14,3,4,3,29,
67,12,0,4,4,3,4,3,1,12,1,4,3,3,4,3,61,12,1,4,3,3,4,3,29,12,4,3,3,4,3,0,1,12,1,4,4,3,4,3,29,
64,2,0,3,3,3,4,3,0,2,1,4,2,2,4,2,58,2,0,4,3,2,4,3,29,2,4,2,3,3,3,0,0,2,1,3,3,3,4,3,29,
63,2,0,3,3,3,4,3,0,2,1,4,2,2,4,2,57,2,0,4,3,2,4,3,29,2,4,3,3,3,3,0,0,2,1,4,3,3,4,3,28,
66,5,0,5,5,5,5,6,1,5,1,5,5,5,5,6,61,5,1,5,5,5,5,6,32,5,5,5,5,5,6,0,1,5,1,5,5,5,5,6,32,
62,2,0,4,3,3,4,3,1,2,1,4,3,3,4,3,56,2,0,4,3,3,4,3,29,2,4,3,3,4,3,0,1,2,1,4,3,3,4,3,28,
64,3,0,4,3,3,4,3,1,2,1,4,3,3,4,3,58,2,0,4,3,3,4,3,30,2,4,3,3,4,3,1,1,3,1,4,3,3,4,3,30,
64,3,1,4,3,3,4,3,1,2,1,4,3,3,4,3,58,2,1,4,3,3,4,3,30,2,4,3,3,4,3,0,1,3,1,4,3,3,4,3,30,
66,3,0,4,3,3,4,3,1,3,1,4,3,3,4,3,61,3,1,4,3,3,4,4,32,2,4,3,3,4,3,0,1,3,1,4,4,3,4,3,32,
67,3,0,7,3,3,5,4,1,3,1,8,3,3,4,3,61,3,1,7,4,3,5,4,34,2,8,3,3,4,4,1,1,3,1,7,4,3,5,3,33,
63,3,0,4,3,3,5,4,1,3,1,5,3,3,5,3,58,3,1,5,4,3,5,4,30,3,5,3,3,4,4,0,1,3,1,4,4,3,5,3,29,
63,2,0,3,2,3,4,3,0,2,1,4,2,2,4,2,57,2,0,4,3,2,4,3,29,2,4,2,3,4,3,0,0,2,1,3,3,3,4,3,29,
64,3,0,14,3,3,14,3,1,2,1,14,3,3,14,3,57,2,0,14,3,3,15,3,29,2,15,3,3,15,3,0,1,3,1,14,3,3,14,3,29,
63,2,0,4,3,3,4,3,0,2,0,4,2,3,4,3,58,2,0,5,3,3,4,3,29,2,4,3,3,4,3,0,0,2,0,4,3,3,4,3,29,
66,2,0,4,3,3,4,3,0,2,1,4,2,3,4,3,61,2,0,4,3,3,4,3,29,2,4,3,3,4,3,0,0,2,0,4,3,3,4,3,29,
66,3,0,7,7,7,7,7,1,2,1,7,6,6,7,7,61,2,1,7,7,7,7,7,30,2,7,7,7,7,7,0,1,3,1,7,7,7,7,7,30,
62,2,0,4,3,3,4,3,1,2,1,4,3,3,4,3,57,2,0,4,3,3,4,3,29,2,4,3,3,4,3,0,1,2,1,4,3,3,4,3,28,
68,5,1,5,5,5,5,6,1,5,1,5,5,4,5,6,61,4,1,5,5,5,5,6,33,4,5,5,5,5,6,0,1,5,1,5,5,5,5,6,32,
64,3,0,4,3,3,4,3,1,3,1,4,3,3,4,3,59,3,1,4,3,3,4,3,30,2,4,3,3,4,3,1,1,3,1,4,3,3,4,3,30,
65,3,0,4,3,3,5,4,1,3,1,5,3,3,4,3,59,3,1,4,4,3,5,4,30,3,5,3,3,4,4,0,1,3,1,4,4,3,5,4,30,
64,3,0,4,3,3,5,4,1,3,1,4,3,3,4,3,59,3,1,4,4,3,5,4,30,3,5,3,3,4,4,0,1,3,1,4,4,3,5,4,30,
64,2,0,3,2,3,5,3,0,2,0,4,2,2,5,3,58,2,1,4,3,2,5,3,29,2,4,3,3,5,3,0,0,2,0,3,3,3,5,3,29,
66,2,0,3,3,3,4,3,0,2,0,4,2,2,4,2,60,2,1,4,3,2,4,3,32,2,4,3,3,4,3,0,0,2,1,3,3,3,4,3,32,
64,2,0,4,4,3,4,3,1,2,0,4,4,3,4,3,59,2,1,4,4,3,4,3,30,2,4,4,3,4,3,0,1,2,0,4,4,3,4,3,30,
63,2,0,4,3,3,4,3,1,2,0,4,3,3,4,3,58,2,1,4,3,3,4,3,29,2,4,3,3,4,3,0,1,2,0,4,3,3,4,3,29,
65,2,0,3,2,3,4,3,0,2,0,4,2,2,4,3,59,2,1,4,3,3,4,3,29,2,4,3,3,4,3,0,0,2,0,3,2,3,4,3,29,
64,3,0,4,3,3,4,3,1,2,1,4,3,3,4,3,58,3,1,4,3,3,4,3,30,2,4,3,3,4,3,1,1,3,1,4,3,3,4,3,30,
80,3,0,5,3,4,5,4,1,3,1,5,3,4,5,3,75,3,1,5,3,4,5,4,43,2,5,4,4,5,4,0,1,3,1,5,3,4,5,4,43,
64,3,0,4,3,3,4,4,1,3,1,4,3,3,4,3,59,3,1,4,3,3,4,4,30,2,4,4,3,4,4,0,1,3,1,4,3,3,4,4,30,
64,3,0,4,3,3,5,4,1,3,1,4,3,3,4,3,59,3,1,4,3,3,5,4,30,3,5,4,3,5,4,0,1,3,1,4,3,3,5,4,30,
69,2,0,4,3,3,4,3,1,2,1,4,3,3,4,3,61,2,0,4,3,3,4,4,32,2,4,3,3,4,3,0,1,2,1,4,3,3,4,3,32,
63,2,0,3,3,3,4,3,1,2,1,4,3,2,4,3,57,2,0,4,3,3,4,3,28,2,4,3,3,4,3,0,1,2,1,3,3,3,4,3,28,
63,5,0,3,2,3,4,3,0,5,0,4,2,2,4,2,57,4,0,4,3,3,4,3,28,4,4,3,3,4,3,0,0,5,0,3,2,3,4,3,28,
62,2,0,4,3,3,4,3,1,2,1,4,3,3,4,3,57,2,0,4,3,3,4,3,28,2,4,3,3,4,3,0,1,2,1,4,3,3,4,3,28,
62,2,0,4,3,3,4,3,1,2,1,4,3,3,4,3,57,2,0,4,3,3,4,3,29,2,4,3,3,4,3,0,1,2,1,4,3,3,4,3,28,
68,5,0,5,5,5,5,5,1,5,1,5,5,5,5,5,63,2,0,5,5,5,5,5,34,2,5,5,5,5,5,0,1,5,1,5,5,5,5,5,34,
63,3,0,4,3,3,4,3,1,2,1,4,3,3,4,3,58,2,1,4,3,3,4,3,29,2,4,3,3,4,3,0,1,3,1,4,3,3,4,3,28,
63,2,0,3,2,2,4,3,0,2,0,4,2,2,4,2,57,2,0,3,3,2,4,3,29,2,4,3,2,3,3,0,0,2,0,3,2,2,4,3,29,
66,2,0,4,3,3,4,3,0,2,0,4,3,3,4,3,58,2,0,4,3,3,4,3,30,2,4,3,3,4,3,0,0,2,1,4,3,3,4,3,30,
64,3,0,4,3,3,5,3,1,3,1,4,3,3,4,3,58,3,1,4,4,3,5,4,30,3,5,4,3,4,4,0,1,3,1,4,3,3,5,3,30,
67,3,0,4,3,3,5,4,1,3,1,5,3,3,5,3,61,3,1,5,4,3,5,4,30,3,5,4,4,4,4,0,1,3,1,4,3,3,5,4,30,
64,2,0,4,3,3,4,3,0,2,0,4,3,2,4,3,57,2,0,4,3,3,4,3,29,2,4,3,3,4,3,0,0,2,1,4,3,3,4,3,29,
63,2,0,3,3,3,4,3,0,2,1,4,3,2,4,3,58,2,0,4,3,3,4,3,29,2,4,3,3,4,3,0,0,2,1,3,3,3,4,3,29,
66,2,0,4,3,3,4,6,1,2,1,4,3,3,4,6,61,2,0,4,3,3,4,6,32,2,4,3,3,4,6,0,1,2,1,4,3,3,4,6,32,
63,2,0,4,3,3,4,3,1,2,1,4,3,3,4,3,58,2,0,4,3,3,4,3,29,2,4,3,3,4,3,0,1,2,1,4,3,3,4,3,29,
64,17,0,4,3,3,4,3,1,16,1,4,3,3,4,3,59,16,1,4,3,3,4,4,30,16,4,3,3,4,3,0,1,16,1,4,3,3,4,3,30,
64,3,0,4,3,3,4,3,1,3,1,4,3,3,4,3,59,3,1,4,3,3,4,3,30,2,4,3,3,4,3,0,1,3,1,4,3,3,4,3,30,
65,3,0,4,3,3,7,3,1,3,1,4,4,3,7,3,60,3,1,4,3,3,7,4,31,2,4,4,3,7,3,0,1,3,1,4,3,3,7,3,31,
67,3,0,4,3,3,5,4,1,3,1,5,3,3,5,3,62,3,1,4,3,3,5,4,30,2,5,4,4,5,4,0,1,3,1,4,3,3,5,4,30,
64,3,0,4,4,3,5,4,1,3,1,5,3,3,5,4,59,3,1,4,4,3,5,4,30,3,5,4,4,5,4,0,1,3,1,4,4,4,5,4,29,
64,2,0,3,3,3,4,3,0,2,1,4,2,2,4,3,58,2,0,3,3,3,4,3,29,2,4,3,3,4,3,0,0,2,1,3,3,3,4,3,29,
63,2,0,4,3,3,4,3,1,2,1,4,3,3,4,3,58,2,0,4,3,3,4,3,29,2,4,3,3,4,3,0,0,2,1,4,3,3,4,3,29,
63,2,0,4,3,3,4,3,1,2,0,4,3,3,4,3,58,2,0,4,3,3,4,3,29,2,4,3,3,4,3,0,1,2,1,4,3,3,4,3,29,
66,2,0,4,3,3,4,3,1,2,1,4,3,3,4,3,61,2,0,4,3,3,4,3,29,2,4,3,3,4,3,0,1,2,1,4,3,3,4,3,29,
66,3,0,4,3,3,4,3,1,2,1,4,3,3,4,3,60,2,0,4,3,3,4,3,30,2,4,3,3,4,3,0,1,3,1,4,3,3,4,3,30,
63,3,0,4,3,3,4,3,1,2,1,4,3,3,4,3,58,2,1,4,3,3,4,4,30,2,4,3,3,4,3,0,1,3,1,4,3,3,4,3,30,
67,3,0,4,3,3,4,7,1,3,1,4,3,3,4,3,61,3,1,4,3,3,4,7,33,2,4,3,3,4,7,0,1,3,1,4,3,3,4,7,33,
64,3,0,4,3,3,4,3,1,3,1,4,3,3,4,3,58,3,1,4,3,3,4,4,30,2,4,4,3,4,3,0,1,3,1,4,3,3,4,3,30,
64,2,0,3,2,3,4,3,0,2,1,4,2,2,4,2,57,2,1,4,3,2,4,3,29,2,4,3,2,4,3,0,0,2,0,3,2,3,4,3,29,
64,2,0,3,3,3,4,3,0,2,0,4,2,2,4,2,57,2,1,4,3,2,4,3,29,2,4,3,3,4,3,0,0,2,1,3,3,3,4,3,29,
64,2,0,4,3,3,4,3,0,2,0,4,3,2,4,3,58,2,0,4,3,3,4,3,29,2,4,3,3,4,3,0,0,2,0,4,3,3,4,3,29,
66,2,0,4,3,3,5,3,1,2,1,4,3,3,5,3,60,2,0,4,3,3,5,3,29,2,5,3,3,4,3,0,1,2,1,4,3,3,5,3,29,
63,2,0,4,3,3,4,3,1,2,0,4,3,3,4,3,58,2,1,4,3,3,4,3,29,2,4,3,3,4,3,0,1,2,0,4,3,3,4,3,29,
80,3,0,4,3,3,4,4,1,3,1,4,3,3,4,3,75,3,0,4,3,3,4,4,45,2,4,3,3,4,4,0,1,3,1,4,3,3,4,4,45,
67,3,1,4,3,4,5,4,1,3,1,5,3,4,5,3,62,3,1,5,3,4,5,4,33,3,5,4,4,4,4,0,1,3,1,4,3,4,5,4,32,
65,3,1,15,3,14,16,4,1,3,1,16,3,14,16,3,59,3,1,16,3,14,16,4,30,3,16,4,14,15,4,0,1,3,1,15,3,15,16,4,30,
70,3,1,4,3,3,4,3,1,3,1,4,3,3,4,3,64,3,1,4,3,3,4,4,32,2,4,3,3,4,3,0,1,3,1,4,3,3,4,3,32,
65,3,0,4,4,3,5,4,1,3,1,5,3,3,5,3,59,3,1,4,4,3,5,4,30,3,5,4,3,4,4,0,1,3,1,4,4,3,5,4,30,
65,3,0,4,3,3,5,4,1,3,1,4,3,3,4,3,60,3,1,4,3,3,5,4,30,3,5,4,3,4,4,0,1,3,1,4,3,3,5,4,29,
68,2,0,3,3,3,4,3,0,2,1,4,3,2,4,3,61,2,0,4,3,2,4,3,32,2,4,3,3,4,3,0,0,2,1,3,3,3,4,3,32,
64,2,0,3,3,3,4,3,0,2,0,4,2,2,4,3,58,2,0,4,3,2,4,3,29,2,4,3,3,4,3,0,0,2,1,3,3,3,4,3,29,
64,2,0,4,3,3,4,4,1,2,1,4,3,3,4,3,58,2,0,4,3,3,4,4,29,2,4,3,3,4,3,0,1,2,1,4,3,3,4,4,29,
64,3,0,4,3,3,4,3,1,2,0,4,3,3,4,3,59,2,0,4,3,3,4,4,29,2,4,3,3,4,3,0,1,2,1,4,3,3,4,3,29,
64,3,0,4,3,3,4,4,1,3,1,4,3,3,4,3,59,3,1,4,3,3,4,4,30,2,4,3,3,4,3,0,1,3,1,4,3,3,4,4,30,
68,1,0,3,3,2,3,3,1,0,0,3,3,2,3,3,60,0,0,3,3,2,3,3,29,0,3,3,2,3,3,0,1,1,0,3,3,2,3,3,29,
64,3,0,4,3,3,5,4,1,3,1,5,3,3,4,3,59,3,1,4,3,3,5,4,30,2,4,3,3,4,4,0,1,3,1,4,3,3,5,4,30,
64,3,0,4,3,3,4,3,1,3,1,4,3,3,4,3,59,3,1,4,4,4,4,4,30,2,5,5,4,5,4,0,1,3,1,4,3,3,5,3,30,
64,3,0,4,3,3,4,3,1,3,1,4,3,3,4,3,59,3,1,4,3,3,5,4,30,2,5,3,3,4,4,0,1,3,1,4,3,3,4,3,30,
64,2,0,4,3,2,4,3,0,2,0,4,2,2,4,3,58,2,0,3,3,2,4,3,29,2,4,3,3,4,3,0,0,2,0,4,3,3,4,3,29,
68,2,0,3,3,3,4,3,0,2,1,4,3,2,4,3,62,2,0,4,3,2,4,3,29,2,4,3,3,4,3,0,0,2,1,3,3,3,4,3,29,
63,2,0,3,3,3,4,3,0,2,1,4,2,3,4,3,58,2,0,4,3,3,4,3,29,2,4,3,3,4,3,0,0,2,1,3,3,3,4,3,29,
64,2,0,4,3,3,4,3,0,2,1,4,3,3,4,3,59,2,0,4,3,3,4,3,29,2,4,3,3,4,3,0,0,2,1,4,3,3,4,3,29,
70,3,0,4,3,3,4,4,1,3,1,4,3,3,4,3,63,3,1,4,3,3,4,4,33,2,4,3,3,4,4,0,1,3,1,4,3,3,4,4,33,
65,3,0,4,3,3,4,3,1,2,1,4,3,3,4,3,59,2,0,4,3,3,4,3,30,2,4,3,3,4,4,0,1,3,1,4,3,3,4,3,30,
67,3,0,4,3,3,6,3,1,3,1,4,3,3,4,3,61,2,0,4,3,3,6,3,30,2,4,3,3,4,3,0,1,3,1,4,3,3,6,3,30,
65,3,0,4,3,3,5,3,1,3,1,4,3,3,4,3,60,3,1,4,3,3,5,3,30,2,4,3,3,5,4,0,1,3,1,4,3,3,5,3,30,
65,3,0,4,4,3,5,4,1,3,1,4,3,3,5,3,59,3,1,4,4,3,5,4,30,3,5,4,3,4,4,0,1,3,1,4,4,3,5,4,30,
68,2,0,4,3,6,6,3,0,2,1,4,2,5,6,3,61,2,1,4,3,5,6,3,29,2,4,3,5,6,3,0,0,2,1,4,3,6,6,3,29,
65,13,0,3,2,3,4,3,0,13,1,4,2,2,4,2,58,13,1,4,3,2,4,3,29,13,4,3,3,4,3,0,0,13,1,3,3,3,4,3,29,
65,2,0,3,3,3,4,3,0,2,0,4,3,2,4,3,58,2,1,4,3,2,4,3,29,2,4,3,3,4,3,0,0,2,0,3,3,3,4,3,29,
63,3,0,4,3,3,6,3,1,2,0,4,3,3,4,3,57,2,1,7,3,3,5,4,29,2,5,4,3,5,3,0,1,2,1,4,3,3,5,3,29,
64,3,0,4,3,3,4,4,1,3,0,4,3,3,4,3,58,2,1,5,3,3,5,4,30,2,5,4,3,4,4,0,1,3,1,4,3,3,4,4,30,
67,3,0,4,3,3,4,3,1,2,1,4,3,3,4,3,62,2,1,4,3,3,4,3,30,2,5,3,3,4,4,0,1,3,1,4,3,3,4,3,30,
64,3,0,4,3,3,4,4,1,3,1,4,3,3,4,3,58,3,1,4,3,3,5,4,30,2,4,3,3,4,4,0,1,3,1,4,3,3,5,3,30,
67,3,0,4,3,3,4,3,1,2,0,4,3,3,4,3,61,2,1,4,3,3,4,3,32,2,4,3,3,4,4,0,1,3,1,4,3,3,4,3,32,
68,3,0,5,3,3,5,3,1,2,1,5,3,3,4,3,63,3,1,5,3,3,5,4,33,2,6,3,3,4,4,0,1,3,1,5,3,3,5,3,33,
65,3,0,4,3,3,4,3,1,3,1,4,3,3,4,3,60,3,1,4,3,3,4,4,30,2,4,3,3,4,4,0,1,3,1,4,3,3,4,3,30,
65,3,0,5,3,3,4,3,0,2,1,4,3,3,4,3,59,2,1,5,3,3,4,3,29,2,4,3,3,4,3,0,0,3,1,5,3,3,4,3,29,
66,2,0,3,2,2,3,2,0,1,0,3,2,2,3,2,59,1,0,3,2,2,3,2,28,1,3,2,2,3,2,0,0,1,0,3,2,2,3,2,28,
79,2,0,3,2,2,3,3,0,2,0,3,2,2,3,2,73,2,0,3,2,2,4,3,44,2,3,2,2,3,3,0,0,2,0,3,2,2,3,2,44,
67,3,0,4,3,6,6,3,1,2,1,4,3,5,6,3,62,2,0,4,3,5,6,3,30,2,4,3,6,6,3,0,1,2,0,4,3,6,6,3,29,
88,3,1,3,2,2,4,3,0,3,1,4,2,2,3,2,58,3,1,3,3,2,4,3,29,2,3,3,3,4,3,1,0,3,1,3,2,3,4,3,29,
66,3,0,3,3,3,4,3,1,3,1,4,3,3,4,3,60,2,0,4,3,3,4,3,31,2,4,3,3,4,3,1,1,3,1,3,3,3,4,3,31,
66,2,0,13,3,2,3,4,1,2,0,13,3,2,3,3,60,2,0,13,4,2,4,4,30,1,13,3,2,3,4,0,1,2,0,13,3,2,3,4,30,
65,3,1,4,3,3,12,3,1,2,1,4,3,3,12,3,60,2,1,4,3,3,13,3,30,2,4,3,3,12,4,0,1,3,1,4,3,3,12,3,30,
68,3,0,4,5,3,4,4,1,3,1,4,5,3,4,3,63,3,1,4,5,3,5,4,30,2,4,5,3,4,4,0,1,3,1,4,5,3,4,4,30,
66,3,1,4,3,3,5,4,1,3,1,4,3,3,4,3,60,3,1,4,3,3,5,4,30,2,4,3,3,4,4,0,1,3,1,4,3,3,5,3,30,
67,2,0,3,2,2,4,3,0,2,1,4,2,2,3,2,60,2,0,3,3,2,4,3,29,2,4,3,3,4,3,0,0,2,1,3,3,3,4,3,29,
70,3,1,4,5,4,5,5,2,3,1,5,5,3,4,5,63,3,1,4,5,3,5,5,34,3,5,5,4,5,5,0,2,3,1,4,5,4,5,5,34,
65,3,1,4,4,4,5,5,2,3,1,5,4,3,4,5,60,3,1,5,5,3,5,5,31,3,5,5,4,5,5,0,2,3,1,5,5,4,5,5,31,
65,3,0,4,4,3,5,5,2,3,1,4,4,3,4,5,60,3,1,4,5,3,5,5,31,3,4,5,3,4,5,0,2,3,1,4,4,3,5,5,31,
65,3,0,4,4,3,5,5,2,3,1,4,4,3,4,4,60,3,1,4,5,3,5,5,31,3,4,5,3,4,5,0,2,3,1,4,5,3,4,5,31,
65,2,0,4,3,3,4,3,1,2,1,4,3,3,4,3,60,2,0,4,3,3,4,3,30,2,4,3,3,4,3,0,1,2,1,4,3,3,4,3,30,
73,2,1,4,3,3,4,3,1,2,1,4,3,3,4,3,67,2,1,4,3,3,4,3,33,2,4,3,3,4,4,0,1,2,1,4,3,3,4,3,32,
66,2,0,3,2,2,3,2,0,2,0,3,2,2,3,2,58,1,0,3,2,2,4,2,29,1,3,2,2,3,3,0,0,2,0,3,2,2,3,2,29,
63,3,0,4,3,3,4,4,1,3,1,4,3,3,4,3,58,3,1,4,3,3,5,5,30,3,4,3,3,4,4,0,1,3,1,4,3,3,4,4,30,
64,2,0,3,4,2,3,4,1,2,0,3,3,2,3,4,58,2,0,3,4,2,3,5,30,2,3,4,2,3,4,0,2,2,0,3,4,2,3,4,30,
63,2,0,3,2,3,4,3,0,2,1,3,2,2,3,2,57,2,0,3,3,2,4,3,29,2,3,3,3,4,3,0,0,2,1,3,3,3,4,3,29,
64,2,1,3,3,3,4,3,0,2,1,4,2,3,3,3,58,2,0,4,3,2,4,3,29,2,4,3,3,4,3,0,0,2,1,3,3,3,4,3,29,
64,2,0,4,3,3,4,3,1,2,1,4,3,3,4,3,58,2,1,4,3,3,4,3,29,2,4,3,3,4,3,0,1,2,1,4,3,3,4,3,29,
65,2,0,3,3,3,4,3,1,2,1,4,3,3,4,3,59,2,0,4,3,3,4,3,31,2,4,3,3,4,3,0,1,2,1,4,3,3,4,3,30,
67,2,0,4,3,3,4,3,1,2,1,4,3,3,4,3,62,2,0,4,3,3,4,3,33,2,4,3,3,4,3,0,1,2,1,4,3,3,4,3,33,
65,2,0,4,3,3,4,3,1,2,1,4,3,3,4,3,60,2,0,4,3,3,4,4,31,2,4,3,3,4,3,0,1,2,1,4,3,3,4,3,30,
66,3,0,4,3,3,4,3,1,2,1,4,3,3,4,3,61,2,1,4,3,3,4,4,30,2,4,3,3,4,4,0,1,3,1,4,3,3,4,3,29,
66,3,0,4,4,4,4,4,1,3,2,4,3,3,4,3,61,2,2,4,4,3,4,4,32,2,4,4,4,4,4,0,1,3,2,4,4,4,4,4,32,
66,3,0,4,3,3,5,4,1,3,1,4,3,3,4,3,61,3,1,4,3,3,5,4,30,3,4,3,3,5,4,0,1,3,1,4,3,3,5,4,31,
66,3,0,5,3,4,5,5,1,3,1,5,3,4,5,5,61,3,1,5,3,4,5,6,29,3,5,4,4,5,5,0,1,3,1,5,3,4,5,5,30,
63,2,0,3,3,2,4,3,0,2,1,4,3,2,3,3,57,2,0,3,3,2,4,3,28,2,3,3,2,3,3,0,0,2,1,3,3,2,4,3,29,
62,2,1,3,3,3,4,3,0,2,1,4,2,2,3,2,57,2,1,3,3,2,4,3,28,2,4,3,3,3,3,1,0,2,1,3,2,3,4,3,29,
66,0,0,0,3,0,1,3,1,0,0,1,3,0,0,3,58,0,0,1,3,0,1,3,29,0,1,3,0,1,3,0,1,0,0,0,3,0,1,3,30,
64,2,0,3,3,3,4,3,1,2,1,4,3,3,4,3,58,2,0,4,3,3,4,3,29,2,4,3,3,4,3,0,1,2,1,4,3,3,4,3,30,
65,2,0,3,3,3,4,3,1,2,1,4,3,3,4,3,58,2,0,4,3,3,4,3,29,2,4,3,3,4,3,0,1,2,1,4,3,3,4,3,30,
64,2,0,4,3,3,4,3,1,2,1,4,3,3,4,3,58,2,0,4,3,3,4,3,30,13,4,3,3,4,3,0,1,2,1,4,3,3,4,3,30,
68,3,0,4,3,3,4,3,1,3,1,4,3,3,4,3,62,3,1,4,3,3,4,3,33,2,4,3,3,4,3,0,1,3,1,5,3,3,4,3,33,
80,3,0,4,3,3,4,4,1,3,1,4,3,3,4,3,75,3,1,4,3,3,4,3,33,2,4,3,3,4,4,0,1,3,1,4,3,3,4,3,33,
65,2,0,3,2,2,3,3,0,2,0,3,2,2,3,2,59,2,0,3,2,2,4,3,30,2,3,2,2,3,3,0,0,2,0,3,2,2,3,3,30,
65,2,0,3,12,2,4,3,0,2,1,4,12,2,3,2,59,2,0,5,12,2,4,3,29,2,4,12,2,3,3,0,0,2,1,3,12,2,4,3,29,
66,2,0,4,4,3,5,3,1,2,1,4,4,3,4,3,60,2,0,4,4,3,5,3,30,2,4,4,3,4,3,0,1,2,1,4,4,3,4,3,30,
64,2,0,3,3,2,4,3,0,2,1,4,3,2,3,2,59,2,0,3,3,2,4,3,29,2,3,3,3,3,3,0,0,2,1,3,3,3,4,3,29,
67,2,0,3,3,3,4,3,1,2,1,4,3,3,4,3,62,2,0,3,3,3,4,3,29,2,4,3,3,4,3,0,1,2,1,4,3,3,4,3,29,
64,2,0,3,3,3,4,3,1,2,1,4,3,3,4,3,59,2,0,4,3,3,4,3,30,2,4,3,3,4,3,0,1,2,1,4,3,3,4,3,29,
65,3,0,4,3,3,4,3,1,3,1,4,3,3,4,3,60,2,0,4,3,3,4,3,30,2,4,3,3,4,3,0,1,3,1,4,3,3,4,3,30,
67,2,1,4,3,3,4,8,1,2,1,4,3,3,4,4,62,2,0,4,3,3,4,8,32,2,4,3,3,4,8,0,1,3,1,4,3,3,4,8,32,
64,3,1,4,3,3,4,3,1,2,1,4,3,3,4,3,59,2,1,4,3,3,4,3,30,2,4,3,3,4,3,0,1,3,1,4,3,3,4,3,30,
67,3,1,4,3,3,4,4,1,3,1,4,3,3,4,3,59,3,1,4,3,3,4,3,30,2,4,3,3,4,4,0,1,3,1,4,3,3,4,3,30,
63,3,1,4,3,3,5,4,1,3,1,4,3,3,4,3,58,3,1,4,4,3,5,4,30,3,4,3,3,4,4,0,1,3,1,4,3,3,5,4,30,
63,2,0,3,2,2,3,3,0,2,1,3,3,2,3,2,57,2,0,3,3,2,4,3,29,2,3,2,2,3,3,0,0,2,1,3,2,2,3,3,29,
65,2,0,3,2,3,4,3,0,2,1,3,3,2,3,2,60,2,0,3,3,2,4,3,32,2,3,2,3,3,3,0,0,2,1,3,2,3,4,3,32,
63,2,0,3,4,3,4,3,0,2,1,4,4,2,4,2,58,2,0,3,4,2,4,3,30,2,4,4,3,4,3,0,0,2,1,3,4,3,4,3,30,
63,2,0,4,3,3,4,3,1,2,1,4,3,3,4,3,58,2,0,4,3,3,4,3,30,2,4,3,3,4,3,0,1,2,1,4,3,3,4,3,30,
66,2,0,4,3,3,4,3,1,2,1,4,3,3,4,3,58,2,0,4,3,3,4,3,30,2,4,3,3,4,3,0,1,2,1,4,3,3,4,3,30,
65,2,0,4,3,3,4,3,1,2,1,4,3,3,4,3,59,2,0,4,3,3,4,3,30,2,4,3,3,4,3,0,1,2,1,4,3,3,4,3,30,
70,3,0,4,3,3,4,4,1,2,1,4,3,3,4,3,65,3,1,4,3,3,4,4,30,2,4,3,3,4,4,0,1,3,1,4,3,3,4,3,30,
66,3,1,4,3,3,4,4,1,3,1,4,3,3,4,3,61,3,1,4,3,3,4,4,31,2,4,3,3,4,4,0,1,3,1,4,3,3,4,3,31,
65,3,0,4,3,3,4,4,1,3,1,4,3,3,4,3,60,3,1,4,3,3,4,4,30,2,4,3,3,4,4,0,1,3,1,4,3,3,4,4,30,
69,4,0,4,4,4,4,5,0,4,4,4,4,4,4,5,61,4,0,4,4,4,4,5,32,4,4,4,4,4,5,0,0,4,4,4,4,4,4,5,31,
65,2,0,3,2,2,3,3,0,2,0,3,2,2,3,3,59,2,0,3,3,2,4,3,29,2,3,2,2,3,3,0,0,2,0,3,2,2,3,3,29,
67,4,0,3,3,3,4,3,0,3,1,4,3,2,3,3,60,3,0,3,3,2,4,3,30,3,4,2,2,4,3,0,0,4,1,3,3,3,4,3,30,
64,2,0,3,3,3,4,3,0,2,1,4,3,3,3,3,59,2,0,3,3,3,4,3,30,2,4,3,3,4,3,0,0,2,1,3,3,3,4,3,29,
64,2,0,4,3,3,6,3,1,2,1,4,3,3,6,3,59,2,0,4,3,3,6,3,30,2,4,3,3,6,3,0,1,2,1,4,3,3,6,3,29,
67,3,0,4,3,3,4,3,1,2,1,4,3,3,4,3,62,2,0,4,3,3,4,3,33,2,4,3,3,4,3,0,1,3,1,4,3,3,4,3,32,
65,3,0,4,5,3,4,3,1,2,1,4,5,3,4,3,60,3,1,4,5,3,4,3,31,2,4,5,3,4,3,0,1,3,1,4,5,3,4,3,31,
68,2,0,3,2,2,3,3,0,2,0,3,2,2,3,2,62,2,0,3,2,2,3,3,31,2,3,2,2,3,3,0,0,2,0,3,2,2,3,2,31,
67,3,0,4,3,3,4,3,1,2,1,4,3,3,4,3,60,2,0,4,3,3,4,3,30,2,4,3,3,4,3,0,1,3,1,4,3,3,4,3,30,
63,3,0,4,3,3,4,4,1,3,1,4,3,3,4,3,58,3,1,4,3,3,4,4,30,3,4,3,3,4,4,0,1,3,1,4,3,3,4,3,30,
69,2,0,3,3,2,3,3,0,2,1,3,2,2,3,3,62,2,0,3,3,2,4,3,31,2,3,2,2,3,3,0,0,2,1,3,2,2,3,3,30,
65,2,0,3,2,2,3,3,0,2,1,3,2,2,3,2,60,2,0,3,3,2,4,3,30,2,3,2,2,3,3,0,0,2,1,3,2,2,3,3,30,
65,2,0,3,3,3,4,3,0,2,1,4,3,2,4,3,60,2,1,4,3,2,4,3,30,2,4,3,3,4,3,0,0,2,1,4,3,3,4,3,30,
67,2,0,3,3,3,4,6,0,2,1,4,3,2,3,6,62,2,0,3,3,3,4,6,33,2,4,3,3,4,6,0,0,2,1,3,3,3,4,6,33,
65,3,1,4,3,3,4,3,1,2,1,4,3,3,4,3,60,2,0,4,3,3,4,3,30,2,4,3,3,4,3,0,1,3,1,4,3,3,4,3,30,
78,5,0,4,3,3,4,3,1,5,1,4,3,3,4,3,73,5,0,4,3,3,4,3,30,4,4,3,3,4,3,0,1,5,1,4,3,3,4,3,41,
65,3,0,5,3,4,5,3,1,3,1,5,3,3,5,3,60,3,1,5,3,2,5,4,30,3,5,3,4,5,4,0,1,3,1,5,3,4,5,3,30,
70,1,0,2,3,1,3,3,0,0,0,2,3,1,3,3,60,1,0,2,3,0,3,3,30,0,2,2,1,3,3,0,0,1,0,2,3,1,3,3,30,
69,3,0,5,3,4,5,4,1,3,1,5,3,3,5,3,64,3,1,5,3,2,5,4,34,3,5,3,4,5,4,0,1,3,1,5,3,4,5,3,34,
64,3,0,5,4,4,5,4,1,3,1,5,4,4,5,3,59,3,1,5,4,2,5,4,29,3,5,4,4,5,4,0,1,3,1,5,4,4,5,3,29,
64,2,0,3,2,3,4,3,0,2,1,4,2,3,4,2,58,2,0,3,3,3,4,3,29,2,4,3,3,4,3,0,0,2,1,4,2,3,4,3,29,
65,5,1,6,3,3,4,4,1,3,1,6,3,3,4,3,58,5,1,6,3,3,5,4,30,3,6,3,3,4,4,0,1,5,1,6,3,3,4,4,29,
63,12,1,3,3,3,4,3,0,12,1,4,3,2,3,3,58,12,0,3,3,3,4,3,29,12,4,3,3,4,3,0,0,12,1,3,3,3,4,3,29,
66,2,0,4,3,3,4,3,0,2,1,4,3,3,4,3,61,2,0,4,3,3,4,3,30,2,4,3,3,4,3,0,1,3,1,4,3,3,4,3,29,
63,3,0,4,3,3,4,3,1,2,1,4,3,3,4,3,58,2,0,4,3,3,4,3,30,2,4,3,3,4,3,0,1,3,1,4,3,3,4,3,29,
63,3,1,4,3,3,4,3,1,2,1,4,3,3,4,3,58,3,0,4,3,3,4,3,30,2,4,3,3,4,3,0,1,3,1,4,3,3,4,3,30,
68,3,1,4,3,3,4,5,1,3,1,4,3,3,4,5,62,3,1,4,3,3,4,5,34,3,4,3,3,4,5,0,1,3,1,4,3,3,4,5,34,
64,3,0,4,3,3,4,4,1,3,1,4,3,3,4,3,59,4,1,4,3,3,5,4,30,3,4,3,3,4,4,0,1,3,1,4,3,3,4,3,30,
67,3,0,3,2,2,3,3,0,2,0,3,2,2,3,2,58,3,0,3,3,2,4,3,29,2,3,2,2,3,3,0,0,3,0,3,2,2,3,2,29,
65,2,0,3,2,2,4,3,0,2,1,4,2,2,3,2,58,2,0,3,2,2,4,3,29,2,4,2,2,3,3,0,0,2,0,3,2,2,4,3,29,
66,2,0,3,3,2,7,3,0,2,1,4,3,2,7,3,60,2,0,3,3,2,7,3,30,2,4,2,3,7,3,0,0,2,1,3,3,2,7,3,30,
67,2,0,3,2,3,4,3,0,2,1,4,2,2,3,2,62,2,0,3,3,2,4,3,30,2,4,2,3,3,3,0,0,2,1,3,2,3,4,3,30,
65,2,0,4,3,3,4,3,0,2,1,4,3,3,3,3,60,2,0,3,3,3,4,3,30,2,4,3,3,4,3,0,0,2,1,4,3,3,4,3,30,
65,2,0,4,3,3,4,3,1,2,1,4,3,3,4,3,60,2,0,4,3,3,4,3,30,2,4,3,3,4,3,0,0,2,1,4,3,3,4,3,30,
66,3,0,4,3,3,4,3,1,2,1,4,3,3,4,3,61,3,0,4,3,3,4,3,31,2,4,3,3,4,3,0,1,3,1,4,3,3,4,3,31,
65,3,0,4,3,3,4,3,1,2,1,4,3,3,4,3,60,3,1,4,3,3,4,3,30,2,4,3,3,4,3,0,1,3,1,4,3,3,4,3,30,
70,3,1,4,3,3,4,3,1,2,1,4,3,3,4,3,65,3,1,4,3,3,4,3,30,2,4,3,3,4,3,0,1,3,1,4,3,3,4,3,30,
66,2,0,3,2,2,3,2,0,1,0,3,2,2,3,2,58,2,0,3,2,2,3,2,29,1,3,2,2,3,2,0,0,2,0,3,2,2,3,2,29,
64,3,0,4,3,3,4,4,1,3,1,4,3,3,4,3,58,3,1,4,4,3,5,4,30,3,4,3,3,4,4,0,1,3,1,4,3,3,4,4,30,
67,2,1,3,2,2,3,3,0,2,1,3,3,2,3,3,61,2,1,3,3,2,4,3,33,2,3,2,3,3,3,1,0,2,1,3,2,2,4,3,32,
64,2,0,4,3,3,4,3,0,2,1,4,3,2,4,3,58,2,1,4,3,3,4,3,30,2,4,3,3,4,3,0,0,2,1,4,3,3,4,3,30,
63,2,0,3,2,3,3,3,0,2,1,3,3,2,3,3,58,2,0,3,3,2,4,3,30,2,3,3,3,4,3,0,0,2,1,3,2,3,4,3,30,
64,3,0,4,3,3,4,3,1,2,1,4,3,3,4,3,59,3,0,4,3,3,4,3,30,2,4,3,3,4,3,0,1,3,1,4,3,3,4,3,30,
64,2,0,4,3,3,4,3,1,2,1,4,3,3,4,3,58,2,0,4,3,3,4,3,30,2,4,3,3,4,3,0,1,2,1,4,3,3,4,3,30,
71,2,0,4,3,3,4,3,1,1,0,4,3,3,4,3,64,2,0,4,3,3,4,3,35,1,4,3,3,4,3,0,1,2,0,4,3,3,4,3,36,
65,3,0,4,3,3,4,4,1,3,1,4,3,3,4,3,59,3,1,4,3,3,5,4,30,3,4,3,3,4,4,0,1,3,1,4,3,3,4,4,30,
68,3,1,4,3,3,4,3,1,3,1,4,3,3,4,3,63,3,1,4,3,3,4,4,33,3,4,3,3,4,4,0,1,3,1,4,3,3,4,3,33,
67,2,0,3,2,2,3,3,0,2,0,3,2,2,3,2,58,2,0,3,2,2,3,3,29,2,3,2,2,3,3,0,0,2,0,3,2,2,3,3,29,
66,2,0,3,2,2,3,3,0,2,1,3,2,2,3,2,60,2,0,3,2,2,4,3,30,2,3,2,2,4,3,0,0,2,1,3,2,2,4,3,30,
69,2,0,3,2,2,3,3,0,2,1,4,3,2,4,3,62,2,0,3,3,2,4,3,30,2,3,2,2,3,3,0,0,2,1,3,2,2,4,3,30,
65,2,0,3,3,3,4,3,0,2,1,4,3,2,4,3,60,2,0,3,3,2,4,3,30,2,4,2,3,4,3,0,0,2,1,3,3,3,4,3,30,
74,3,0,4,12,3,4,12,10,2,1,4,12,2,4,12,69,2,0,4,12,3,4,12,39,2,4,12,3,4,12,0,10,3,1,4,12,3,4,12,39,
71,2,0,3,2,2,3,2,0,2,0,3,2,2,3,2,62,2,0,3,2,2,4,2,32,2,3,2,2,3,3,0,0,2,0,3,2,2,3,2,32,
66,3,0,4,3,3,4,3,1,2,1,4,3,3,4,3,61,3,0,4,3,3,4,3,31,2,4,3,3,4,3,0,1,3,1,4,3,3,4,3,31,
66,3,1,4,3,3,4,3,1,2,1,4,3,3,4,3,61,3,1,4,3,3,4,3,32,2,4,3,3,4,3,0,1,3,1,4,3,3,4,3,32,
65,2,0,3,2,2,3,2,0,2,0,3,2,2,3,2,59,2,0,3,2,2,3,2,30,1,3,2,2,3,2,0,0,2,0,3,2,2,3,2,30,
65,3,0,4,3,3,4,3,1,3,1,4,3,3,4,3,59,3,1,4,3,3,4,4,30,3,4,3,3,4,4,0,1,3,1,4,3,3,4,3,30,
66,2,0,3,2,5,3,2,0,2,0,3,2,2,3,2,60,2,0,3,2,2,4,3,29,2,3,2,2,3,3,0,0,2,0,3,2,5,3,2,29,
65,2,0,3,2,2,4,3,0,2,0,3,2,2,4,2,58,2,0,3,2,2,4,3,30,2,3,2,2,4,3,0,0,2,0,3,2,2,4,3,30,
64,2,0,3,2,3,3,3,0,2,1,4,2,2,4,2,58,2,1,3,3,2,4,3,30,2,3,2,3,4,3,0,0,2,1,3,2,3,4,3,30,
65,2,0,4,3,3,4,3,0,2,0,4,3,3,4,3,60,2,0,4,3,3,4,3,30,2,4,3,3,4,3,0,0,2,0,4,3,3,4,3,30,
64,2,0,3,3,3,4,3,1,2,1,4,3,2,4,3,59,2,0,3,3,3,4,3,30,2,4,3,3,4,3,0,1,2,1,3,3,3,4,3,30,
67,3,0,4,3,3,4,3,1,2,1,4,3,3,4,3,62,3,0,4,3,3,4,3,30,2,4,3,3,4,3,0,1,3,1,4,3,3,4,3,30,
66,2,0,3,2,2,3,2,0,1,0,3,2,2,3,2,59,2,0,3,3,2,3,2,29,1,3,2,2,3,2,0,0,2,0,3,2,2,3,2,29,
65,3,1,4,3,3,4,3,1,3,1,4,3,3,4,3,60,3,1,5,3,3,4,4,30,3,4,3,3,4,4,0,1,3,1,4,3,3,4,3,30,
68,3,1,4,3,3,4,3,1,3,1,4,3,3,4,3,63,3,1,4,3,3,4,3,33,3,4,3,3,4,4,0,1,3,1,4,3,3,4,3,33,
68,2,0,3,2,2,3,2,0,2,0,3,2,2,3,2,61,2,0,3,2,2,3,3,31,2,3,2,2,3,3,0,0,2,0,3,2,2,3,2,31,
66,3,0,4,3,3,4,4,1,3,1,4,3,3,5,3,61,3,1,5,4,3,5,4,31,3,4,3,3,4,4,0,1,3,1,4,3,3,5,4,31,
66,2,0,3,3,3,3,3,0,2,0,3,3,2,4,3,60,2,0,4,3,2,4,3,30,2,3,2,3,4,3,0,0,2,0,3,3,3,4,3,30,
65,2,0,3,3,2,3,3,0,2,1,3,2,2,3,2,60,2,0,4,3,2,4,3,30,2,3,2,3,3,3,0,0,2,0,3,3,2,4,3,30,
68,1,0,3,2,2,3,2,0,1,0,3,2,2,3,2,62,1,0,3,2,2,3,2,29,1,3,1,2,3,2,0,0,1,0,3,2,2,3,2,29,
66,2,1,4,3,3,4,3,1,2,1,4,3,3,4,3,60,2,0,4,3,3,4,3,30,2,4,3,3,4,3,0,1,2,1,4,3,3,4,3,30,
65,3,0,4,3,3,4,3,1,2,1,4,3,3,4,3,60,3,0,4,3,3,4,3,30,2,4,3,3,4,3,0,1,3,1,4,3,3,4,3,30,
66,1,0,2,3,1,2,3,0,0,0,2,3,1,2,2,59,0,0,2,3,1,2,3,30,0,2,3,1,2,3,0,0,1,0,2,3,1,2,3,30,
65,2,0,3,2,2,3,2,0,2,0,3,2,2,3,2,59,2,0,3,2,2,3,2,30,1,3,2,2,3,2,0,0,2,0,3,2,2,3,2,30,
66,3,0,4,3,3,4,3,1,3,1,4,3,3,4,3,61,3,1,4,3,3,4,3,30,3,4,3,3,4,4,0,1,3,1,4,3,3,4,3,30,
65,2,0,3,2,2,3,2,0,2,0,3,2,2,3,2,59,2,0,3,2,2,3,3,30,2,3,2,2,3,3,0,0,2,0,3,2,2,3,2,30,
65,2,0,3,2,2,3,2,0,2,0,3,2,2,3,2,59,2,0,3,2,2,4,3,30,2,3,2,2,3,3,0,0,2,0,3,2,2,3,2,30,
69,2,0,3,2,2,3,3,0,2,1,3,2,2,3,2,62,2,0,4,3,2,4,3,33,2,3,2,2,3,3,0,0,2,1,3,2,2,4,3,33,
65,2,0,3,3,3,4,3,0,2,0,4,3,2,4,3,59,2,0,4,3,2,4,3,30,2,4,2,3,4,3,0,0,2,0,3,3,3,4,3,30,
65,1,0,2,2,2,3,2,0,1,0,3,2,2,3,2,58,1,0,3,2,2,3,2,29,1,3,2,2,3,2,0,0,1,0,2,2,2,3,2,29,
65,1,0,3,2,2,3,2,0,1,0,3,2,2,3,2,58,1,0,3,2,2,3,2,29,1,3,2,2,3,2,0,0,1,0,3,2,2,3,2,29,
65,3,0,4,3,3,4,3,1,3,1,4,3,3,4,3,59,3,1,4,3,3,4,3,30,2,4,3,3,4,4,0,1,3,1,4,3,3,4,3,30,
68,3,1,4,3,3,4,3,1,2,1,4,3,3,4,3,63,3,1,4,3,3,4,3,30,2,4,3,3,4,3,0,1,3,1,4,3,3,4,3,30,
65,3,1,4,3,3,4,3,1,3,1,4,3,3,4,3,59,3,1,4,3,3,4,3,31,2,4,3,3,4,4,0,1,3,1,4,3,3,4,3,30,
68,2,0,3,2,2,3,2,0,2,0,3,2,2,3,2,62,2,0,3,2,2,3,2,33,2,3,2,2,3,3,0,0,2,0,3,2,2,3,2,33,
90,1,0,1,3,0,1,3,1,0,0,1,3,0,1,3,77,0,0,1,3,0,2,4,47,0,1,3,1,2,4,0,1,1,0,1,3,0,1,3,47,
66,2,0,3,2,2,3,3,0,2,1,3,2,2,3,2,60,2,0,3,2,2,4,3,30,2,3,2,2,4,3,0,0,2,0,3,2,2,3,3,30,
66,2,1,3,2,3,3,3,0,2,1,4,2,2,4,3,60,2,1,3,3,2,4,3,30,2,3,2,2,4,3,1,0,2,1,3,3,3,3,3,30,
65,2,1,13,2,13,14,3,0,2,1,14,3,12,14,3,60,2,0,14,3,13,14,3,30,2,14,3,13,14,3,1,0,2,1,13,2,13,14,3,30,
66,3,0,4,3,3,4,3,1,3,1,4,3,3,4,3,60,2,0,4,3,3,4,3,30,2,4,3,3,4,3,0,1,3,1,4,3,3,4,3,30,
68,2,0,4,3,3,4,3,1,2,1,4,3,3,4,3,63,2,1,4,3,3,4,3,34,2,4,3,3,4,3,0,1,2,1,4,3,3,4,3,33,
64,3,0,4,3,3,4,3,1,3,1,4,3,3,4,3,59,3,1,4,3,3,4,3,29,2,4,3,3,4,3,1,1,3,1,4,3,3,4,3,29,
63,3,0,4,3,3,4,3,1,3,1,4,3,3,4,3,58,3,1,4,3,3,4,3,29,2,4,3,3,4,3,0,1,3,1,4,3,3,4,3,29,
66,3,1,4,3,3,4,3,1,3,1,4,3,3,4,3,59,3,1,4,3,3,4,3,31,2,4,3,3,4,3,0,1,3,1,4,3,3,4,3,31,
66,2,0,3,4,2,3,4,2,2,2,3,4,2,3,4,60,2,0,3,4,2,3,4,32,2,3,4,2,3,4,0,2,2,2,3,4,2,3,4,31,
68,2,0,3,2,2,3,2,0,2,0,3,2,2,3,2,62,2,0,3,2,2,4,3,30,2,3,2,2,4,3,0,0,2,0,3,2,2,3,2,30,
65,2,0,3,2,2,4,3,0,2,1,4,3,2,4,3,59,2,0,3,3,2,4,3,30,2,4,3,2,4,3,0,0,2,0,3,2,2,4,3,30,
65,2,0,3,2,3,4,3,0,2,1,4,3,2,4,3,59,2,1,3,3,2,4,3,30,2,4,3,3,4,3,0,0,2,0,3,2,3,4,3,30,
67,2,0,3,2,3,4,5,0,2,1,4,3,2,4,5,62,2,0,4,3,2,4,5,33,2,4,3,3,4,5,0,0,2,1,3,3,3,4,5,33,
65,1,0,3,2,2,3,2,0,1,0,3,2,2,3,2,59,1,0,3,2,2,3,2,29,1,3,2,2,3,2,0,0,2,0,3,2,2,3,2,29,
67,3,0,4,3,3,4,3,1,3,1,4,3,3,4,3,59,3,1,4,3,3,4,3,30,3,4,3,3,4,3,0,1,3,1,4,3,3,4,3,30,
66,2,0,3,2,2,3,2,0,2,0,3,2,2,3,2,60,2,0,3,2,2,3,2,30,1,3,2,2,3,2,0,0,2,0,3,2,2,3,2,30,
66,2,0,3,2,2,5,3,0,2,0,3,2,2,5,2,60,2,0,3,2,2,6,3,30,1,3,2,2,6,2,0,0,2,0,3,2,2,5,3,30,
69,2,0,3,2,2,3,3,0,2,0,3,2,2,3,2,63,2,0,3,2,2,4,3,33,2,3,2,2,4,3,0,0,2,0,3,2,2,3,3,33,
66,2,0,3,5,2,3,2,0,2,0,3,5,2,3,2,60,2,0,3,5,2,3,3,30,2,3,5,2,4,3,0,0,2,0,3,5,2,3,2,30,
66,2,0,3,2,2,3,2,0,2,0,3,2,2,3,2,60,2,0,3,2,2,4,3,31,2,3,2,2,4,3,0,0,2,0,3,2,2,3,2,30,
66,4,0,5,2,5,5,3,0,4,3,6,2,4,6,2,60,4,0,5,2,4,6,3,30,4,5,2,5,6,3,0,0,4,3,5,2,5,6,3,30,
65,2,0,3,2,3,4,3,0,2,0,4,3,2,4,3,60,2,0,4,3,2,4,3,30,2,4,3,3,4,3,0,0,2,0,3,3,3,4,3,30,
68,2,0,4,3,3,4,3,1,2,1,4,3,3,4,3,63,2,0,4,3,3,4,3,30,2,4,3,3,4,3,0,1,2,1,4,3,3,4,3,30,
65,2,0,4,3,3,4,3,1,2,1,4,3,3,4,3,60,2,0,4,3,3,4,3,30,2,4,3,3,4,3,0,1,3,1,4,3,3,4,3,30,
65,3,0,4,3,3,4,3,1,3,1,4,3,3,4,3,60,3,1,4,3,3,4,3,30,2,4,3,3,4,3,0,1,3,1,4,3,3,4,3,30,
70,3,0,4,3,3,4,6,1,3,1,4,3,3,4,6,65,3,1,26,3,3,4,7,35,3,4,3,3,4,7,0,1,3,1,4,3,3,4,6,35,
66,2,0,3,2,2,3,2,0,2,0,3,2,2,3,2,60,2,0,3,2,2,3,2,30,2,3,2,2,3,2,0,0,2,0,3,2,2,3,2,30,
65,2,0,3,2,2,3,2,0,2,0,3,2,2,3,2,59,2,0,3,2,2,3,2,29,1,3,2,2,3,2,0,0,2,0,3,2,2,3,2,28,
65,3,0,4,3,3,4,3,1,3,1,4,3,3,4,3,60,3,1,4,3,3,4,4,31,3,4,25,3,4,4,0,1,3,1,4,3,3,4,3,31,
66,2,0,3,3,2,3,2,0,2,0,3,3,2,3,2,59,2,0,3,3,2,3,3,30,2,3,2,2,3,3,0,0,2,0,3,3,2,3,2,30,
68,2,0,4,2,4,5,3,0,2,1,5,2,3,5,2,62,2,1,4,2,3,5,3,30,2,5,2,4,5,3,0,0,2,1,4,2,4,5,3,30,
65,2,0,3,3,3,4,3,0,2,1,4,3,2,4,2,59,2,1,3,3,2,4,3,30,2,4,3,2,4,3,0,0,2,1,3,3,3,4,3,30,
65,2,0,3,3,3,4,3,0,2,1,4,3,2,4,3,59,2,0,3,3,2,4,3,30,2,4,3,3,4,3,0,0,2,1,3,3,3,4,3,30,
65,1,0,3,2,2,3,2,0,1,0,3,2,2,3,2,58,1,0,2,2,2,3,2,29,1,3,2,2,3,2,0,0,1,0,2,2,2,3,2,29,
82,2,0,4,3,3,4,3,1,2,1,4,3,3,4,3,77,2,1,4,3,3,4,3,47,2,4,3,3,4,3,0,1,2,1,4,3,3,4,3,47,
69,2,0,3,2,2,3,2,0,2,0,3,2,2,3,2,63,1,0,3,2,2,3,2,30,1,3,2,2,3,2,0,0,2,0,3,2,2,3,2,30,
67,2,0,3,2,2,4,2,0,2,0,3,2,2,3,2,61,2,0,3,2,2,4,2,31,1,3,2,2,4,2,0,0,2,0,3,2,2,4,2,31,
68,3,0,4,3,3,4,3,1,3,1,4,3,3,4,3,63,3,1,4,3,3,4,3,33,3,4,3,3,4,4,0,1,3,1,4,3,3,4,3,33,
69,2,0,3,2,2,3,3,0,2,0,3,2,2,3,3,62,2,0,3,2,2,3,4,33,2,3,2,2,3,4,0,0,2,0,3,2,2,3,3,33,
66,2,0,3,2,2,3,3,0,2,0,4,2,2,3,3,60,2,0,3,2,2,3,25,30,2,3,2,2,4,3,0,0,2,0,3,2,2,3,3,30,
67,3,0,3,2,2,3,3,0,3,0,3,2,2,3,3,60,3,0,3,2,2,3,3,30,3,3,2,2,4,3,0,0,3,0,3,2,2,3,3,30,
65,2,0,3,2,3,4,3,0,2,1,4,2,2,4,3,60,2,0,3,3,2,4,3,30,2,4,2,3,4,3,0,0,2,1,3,2,3,4,3,30,
65,2,0,3,3,3,3,3,0,2,1,4,2,2,3,3,60,2,0,3,3,2,4,3,30,2,4,2,2,25,3,0,0,2,1,3,3,3,4,3,30,
68,2,0,4,3,3,4,3,1,2,1,4,3,3,4,3,63,2,0,4,3,3,4,3,33,2,4,3,3,4,3,0,1,2,1,4,3,3,4,3,33,
65,3,0,4,4,3,4,3,1,3,1,4,4,3,4,3,60,3,0,4,4,3,4,3,30,2,4,4,3,4,3,0,1,3,1,4,4,3,4,3,30,
66,2,0,4,3,3,4,3,1,3,1,4,3,3,4,3,61,3,0,4,3,3,4,3,30,2,4,3,3,4,3,0,1,3,1,4,3,3,4,3,30,
68,1,0,3,2,2,3,2,0,1,0,3,2,2,3,2,59,1,0,3,2,2,3,2,28,1,3,2,2,3,2,0,0,1,0,3,2,2,3,2,28,
66,3,0,4,3,3,4,4,1,3,1,4,3,3,4,3,61,3,1,4,3,3,4,4,32,3,4,3,3,4,3,0,1,3,1,4,3,3,4,4,31,
68,3,0,4,3,3,4,4,1,3,1,4,3,3,4,3,63,3,1,4,3,3,4,4,31,3,4,3,3,4,3,0,1,3,1,4,3,3,4,4,30,
65,2,0,4,2,2,3,3,0,2,1,3,2,2,3,3,59,2,1,3,2,2,3,3,29,2,3,2,2,4,3,0,0,2,1,3,2,2,3,3,29,
64,2,0,4,2,2,3,3,0,2,0,3,2,2,3,2,59,2,0,3,2,2,3,3,30,2,4,2,2,3,3,0,0,2,0,3,2,2,3,3,30,
69,3,0,5,3,3,4,4,1,3,1,4,3,3,4,4,63,3,1,4,3,3,4,4,34,3,4,3,3,5,4,0,1,3,1,4,3,3,4,4,34,
64,2,0,4,3,3,4,3,0,2,1,4,3,2,4,3,59,2,0,3,3,2,4,3,30,2,4,3,3,4,3,0,0,2,1,3,3,3,4,3,30,
65,5,0,4,3,3,4,4,1,5,1,4,3,3,4,3,59,5,0,4,3,3,4,3,30,5,4,3,3,4,3,0,1,6,1,4,3,3,4,4,30,
66,3,0,4,3,3,4,3,1,3,1,4,3,3,4,3,60,25,0,4,3,3,4,4,31,2,4,3,3,4,3,0,1,3,1,4,3,3,4,3,31,
88,3,0,4,3,3,4,3,1,3,1,4,3,3,4,3,60,2,1,4,3,3,4,3,31,2,4,3,3,4,3,0,1,3,1,4,3,3,4,3,31,
69,2,0,4,3,3,4,3,1,2,1,4,3,3,4,3,63,2,1,4,3,3,27,3,34,2,4,3,3,4,3,0,1,2,1,4,3,3,4,3,34,
68,4,0,5,6,4,6,6,3,4,1,5,6,4,6,5,62,4,2,5,6,4,6,6,33,4,5,6,4,6,5,0,3,4,0,5,6,4,6,6,33,
66,3,0,4,3,3,4,4,1,3,1,4,3,3,4,4,60,3,1,4,3,3,5,4,31,3,4,3,3,5,4,0,1,3,1,4,3,3,4,4,31,
67,2,1,3,2,2,3,3,0,2,1,3,3,2,3,3,60,2,1,3,3,2,4,3,30,2,3,2,3,4,3,1,0,2,1,3,2,2,3,3,30,
65,2,1,3,2,2,3,3,0,2,1,3,2,2,3,3,60,2,1,3,2,2,4,3,30,2,3,2,2,4,3,0,0,2,1,3,2,2,3,3,30,
68,2,1,3,3,3,4,3,0,2,1,3,3,2,4,3,63,2,1,3,3,2,4,3,30,2,3,2,3,4,3,0,0,2,1,3,3,3,4,3,30,
67,2,0,3,3,3,4,3,0,2,1,3,3,2,4,3,61,2,1,3,3,2,4,3,32,2,4,3,3,4,3,0,0,2,1,3,3,3,4,3,32,
65,2,1,4,3,3,4,3,1,2,1,4,3,3,4,3,60,2,1,4,3,3,4,3,31,2,4,3,3,4,3,0,1,2,1,4,3,3,4,3,31,
68,2,1,4,3,3,4,6,1,2,1,4,3,3,4,6,63,2,1,4,3,3,4,6,34,2,4,3,3,4,6,0,1,2,1,4,3,3,4,6,34,
65,3,0,4,3,3,4,4,1,3,1,4,4,3,4,3,60,3,1,4,3,3,4,4,31,3,4,3,3,4,3,0,1,3,1,4,3,3,4,4,31,
69,6,0,4,3,3,4,3,1,5,1,4,3,3,4,3,63,5,1,4,3,3,4,4,31,5,4,3,3,4,3,0,1,6,1,4,3,3,4,3,31,
64,3,0,4,3,3,4,3,1,3,1,4,3,3,4,3,59,2,1,4,3,3,4,4,30,2,4,3,3,4,3,0,1,3,1,4,3,3,4,3,30,
66,2,0,3,2,2,4,2,0,2,0,3,2,2,4,2,60,2,0,3,2,2,4,3,29,2,3,2,2,4,2,0,0,2,0,3,2,2,4,2,29,
69,2,0,3,3,2,3,3,0,2,0,3,3,2,4,3,62,2,0,3,3,2,4,3,34,2,3,2,2,4,3,0,0,2,0,3,3,2,3,3,33,
64,2,0,3,3,3,3,3,0,2,1,3,3,2,3,3,59,2,0,3,3,2,4,3,30,2,3,3,3,4,3,0,0,2,1,3,3,3,3,3,29,
65,2,0,3,3,3,4,3,1,2,1,3,3,2,4,3,60,2,0,3,23,2,4,3,30,2,3,2,3,4,3,0,1,2,1,3,3,3,4,3,29,
68,2,0,3,3,2,3,3,0,2,0,3,3,2,3,3,60,2,0,3,3,2,3,3,30,2,3,3,2,3,3,0,0,2,0,3,3,2,3,3,29,
66,2,0,4,3,3,4,3,1,2,1,4,3,3,4,3,61,2,0,4,3,3,4,4,31,2,4,3,3,4,3,0,1,3,1,4,3,3,4,3,30,
68,3,0,4,3,3,4,3,1,2,1,4,3,3,4,3,63,2,0,4,3,3,4,3,31,2,4,3,3,4,3,0,1,3,1,4,3,3,4,3,31,
67,3,0,4,3,3,4,3,1,3,1,4,3,3,4,3,62,2,1,4,3,3,4,4,32,3,4,3,3,4,3,1,1,3,1,4,3,3,4,3,32,
67,2,0,3,2,2,3,2,0,2,0,3,2,2,3,2,61,1,0,3,3,2,3,3,32,2,3,2,2,3,2,0,0,2,0,3,2,2,3,2,32,
68,3,0,4,3,3,4,6,1,3,1,4,3,3,4,6,63,3,1,4,4,3,5,7,34,3,26,3,3,4,6,1,1,3,1,4,4,3,4,6,34,
65,2,1,4,3,3,4,3,0,2,1,4,3,2,4,3,59,2,0,4,3,2,4,3,30,2,4,3,3,4,3,1,0,2,1,4,3,3,4,3,30,
64,5,1,3,3,3,3,3,1,5,1,3,2,2,3,3,59,5,0,4,3,2,4,3,30,5,3,2,3,4,3,1,0,5,1,3,3,3,3,3,30,
64,2,0,3,3,3,4,3,1,2,0,3,3,2,4,3,59,2,1,4,3,2,4,3,31,2,3,3,3,4,3,0,0,2,1,3,3,3,4,3,30,
65,2,0,4,3,3,7,3,1,2,0,4,3,3,7,3,60,2,0,4,3,3,7,3,30,2,4,3,3,7,3,1,1,2,1,3,3,3,7,3,30,
67,2,1,3,3,3,4,3,1,2,1,4,3,3,4,3,62,2,0,4,3,3,4,3,34,2,4,3,3,4,3,0,1,2,1,3,3,3,4,3,30,
66,3,0,4,6,3,4,3,1,2,1,4,6,3,4,3,61,2,1,4,6,3,4,3,33,2,4,6,3,4,3,0,1,3,1,4,6,3,4,3,32,
65,3,0,4,3,3,4,3,1,2,1,4,3,3,4,3,60,2,1,4,3,3,4,4,32,2,4,3,3,4,3,0,1,3,1,4,3,3,4,3,31,
66,5,1,4,3,3,4,3,1,5,1,4,3,3,4,3,60,5,1,4,3,3,4,4,31,5,4,3,3,4,3,0,1,5,1,4,3,3,4,3,31,
67,2,0,3,2,2,3,2,0,1,0,3,2,2,3,2,60,1,0,3,2,2,3,3,31,1,3,2,2,3,2,0,0,2,0,3,2,2,3,2,30,
68,2,0,3,4,2,3,3,0,2,0,3,4,2,3,2,62,2,0,3,4,2,4,3,31,2,3,4,2,3,3,0,0,2,0,3,4,2,3,3,30,
65,2,0,3,3,2,3,3,0,2,0,3,3,2,4,3,59,2,0,4,3,2,4,3,29,2,3,2,2,4,3,0,0,2,0,3,3,2,3,3,29,
65,2,1,3,3,3,3,3,0,2,1,3,3,2,4,3,59,2,0,4,3,2,4,3,29,2,3,2,3,4,3,0,0,2,0,3,3,3,3,3,29,
70,3,1,4,3,3,4,3,1,2,1,4,3,3,4,3,64,2,1,4,3,3,4,3,34,2,4,3,3,4,3,0,1,3,1,4,3,3,4,3,33,
66,2,0,4,3,3,12,3,1,2,1,4,3,3,12,3,61,2,0,4,3,3,12,3,31,2,4,3,3,12,3,0,1,2,1,4,3,3,12,3,30,
66,2,0,3,3,3,4,3,1,2,1,4,3,3,4,3,61,2,0,4,3,3,4,3,31,2,4,3,3,4,3,0,1,2,0,3,3,3,4,3,30,
66,2,0,3,2,25,3,2,0,1,0,3,2,2,3,2,60,1,0,3,2,2,3,2,30,1,3,2,24,3,2,0,0,2,0,3,2,25,3,2,29,
66,2,0,3,2,2,3,2,0,1,0,3,2,2,3,2,60,1,0,3,2,2,3,3,30,1,3,2,2,3,2,0,0,2,0,3,2,2,3,2,30,
71,3,1,5,4,4,5,4,1,3,1,5,3,4,5,4,66,3,1,5,4,4,6,4,32,3,5,3,4,5,4,0,1,3,1,5,4,4,5,4,32,
66,3,1,4,3,3,4,4,1,3,1,4,3,3,5,3,61,3,1,4,3,3,4,4,31,2,4,3,3,4,4,0,1,3,1,4,3,3,4,4,31,
64,2,0,3,3,3,3,3,0,2,0,3,2,2,3,3,59,2,0,3,3,25,4,3,30,2,3,3,3,4,3,0,0,2,0,3,3,3,3,3,30,
64,2,0,3,3,3,4,3,0,2,1,3,2,2,4,3,59,2,0,4,3,2,4,3,30,2,3,3,3,4,3,0,0,2,0,3,3,3,4,3,30,
64,2,0,3,3,3,4,3,1,2,0,4,3,3,4,3,59,2,0,4,3,3,4,3,30,2,4,3,3,4,3,0,1,2,0,3,3,3,4,3,30,
67,2,0,3,3,3,4,3,1,2,1,3,3,3,4,3,62,2,0,4,3,3,4,3,30,2,3,3,3,4,3,0,1,2,0,3,3,3,4,3,30,
65,2,1,3,3,3,4,3,1,2,1,4,3,3,4,3,60,2,0,4,3,3,4,3,31,2,4,3,3,4,3,0,1,2,1,3,3,3,4,3,31,
65,3,0,4,3,3,4,4,1,3,1,4,3,3,4,3,60,3,1,4,3,3,4,4,32,2,4,3,3,4,4,0,1,3,1,4,3,3,4,4,31,
83,3,1,4,3,3,4,4,1,3,1,4,3,3,4,4,76,3,1,4,3,3,4,4,35,3,4,3,3,4,29,0,1,3,1,4,4,3,4,4,35,
65,3,1,4,3,4,4,4,1,3,1,4,3,3,4,4,60,4,1,4,10,3,5,5,31,3,4,3,3,5,4,0,1,3,1,4,4,5,4,4,31,
68,3,0,4,3,3,4,5,0,3,1,4,3,3,4,4,61,3,0,4,4,3,5,5,30,2,4,3,3,5,5,0,0,3,0,4,3,3,4,4,30,
66,2,0,3,3,3,4,3,0,2,0,3,3,2,4,3,60,2,0,3,3,2,4,3,30,2,4,3,3,4,3,0,0,2,0,3,3,3,4,3,30,
66,2,0,3,3,2,4,3,0,2,1,3,3,2,4,3,60,2,0,3,3,2,4,3,30,2,3,3,2,4,3,0,0,2,0,3,3,2,4,3,30,
68,2,0,4,3,3,4,3,0,2,1,4,3,2,4,3,63,2,0,4,3,3,4,3,30,2,4,3,3,4,3,0,0,2,0,4,3,3,4,3,30,
66,2,0,4,3,3,4,3,1,2,1,4,3,3,4,3,61,2,0,4,3,3,4,3,31,2,4,3,3,4,3,0,1,2,1,4,3,3,4,3,31,
66,3,0,4,3,3,4,3,1,2,1,4,3,3,4,3,61,2,0,4,3,3,4,3,31,2,4,3,3,4,3,0,1,3,1,4,3,3,4,3,31,
66,3,1,4,3,3,4,3,1,2,1,4,3,3,4,3,60,2,1,4,3,3,4,3,31,2,4,3,3,4,3,0,1,3,1,4,3,3,4,3,30,
66,3,0,4,3,3,4,3,1,2,1,4,3,3,4,3,61,2,0,4,3,3,4,3,31,2,4,3,3,4,3,0,1,3,1,4,3,3,4,3,30,
69,3,0,4,3,3,4,4,1,3,1,4,3,3,4,3,64,3,1,4,3,3,4,4,31,3,4,3,3,4,3,0,1,3,1,4,3,3,4,3,30,
67,3,1,4,3,3,4,3,1,3,1,4,3,3,4,3,62,3,1,4,3,3,4,3,32,2,4,3,3,4,3,0,1,3,1,4,3,3,4,3,32,
68,3,1,4,3,3,4,3,1,3,1,4,3,3,4,3,63,3,1,4,3,3,4,3,33,2,4,3,3,4,3,0,1,3,1,4,3,3,4,3,32,
69,3,1,5,4,3,4,3,1,3,1,5,3,3,4,3,64,3,1,5,3,3,4,4,34,3,5,3,3,4,4,0,1,3,1,5,4,3,4,3,34,
65,2,0,5,3,5,6,3,0,2,1,5,2,4,6,3,60,2,0,6,3,3,6,3,30,2,6,2,4,6,3,0,0,2,0,5,3,5,6,3,30,
65,2,0,3,3,3,4,3,0,2,0,3,3,3,4,3,60,2,0,3,3,3,4,3,31,2,3,2,3,4,3,0,0,2,0,3,3,3,4,3,31,
65,2,0,3,3,3,4,3,1,2,1,3,3,3,4,3,60,2,0,4,3,3,4,3,31,2,4,3,3,4,3,0,1,2,0,3,3,3,4,3,31,
65,3,0,3,3,3,4,3,1,2,1,3,3,3,4,3,60,2,0,4,3,3,4,3,31,2,4,3,3,4,3,0,1,3,0,3,3,3,4,3,31,
68,3,0,4,3,3,4,3,1,2,1,4,3,3,4,3,63,2,1,4,3,3,4,3,31,2,4,3,3,4,3,0,1,3,1,4,3,3,4,3,31,
67,3,1,4,3,3,4,3,1,2,1,4,3,3,4,3,62,2,1,4,3,3,5,3,32,2,4,3,3,4,3,0,1,3,1,4,3,3,4,3,32,
65,3,1,4,3,3,4,3,1,2,1,4,3,3,4,3,60,3,1,4,3,3,5,3,31,2,4,3,3,4,3,0,1,3,1,4,3,3,4,3,31,
67,0,0,1,3,0,1,3,0,0,0,1,3,0,1,2,59,0,0,1,3,0,1,3,30,0,1,2,0,1,3,0,0,0,0,1,3,0,1,3,30,
66,3,0,4,4,3,5,4,1,3,1,4,4,3,4,3,61,3,1,4,4,3,5,4,31,3,4,3,3,4,4,0,1,3,1,4,4,3,5,4,31,
65,2,0,3,2,2,4,2,0,2,0,3,2,2,3,2,60,2,0,3,2,2,4,3,30,2,3,2,2,3,3,0,0,2,0,3,2,2,4,2,30,
65,2,0,3,3,3,3,3,0,2,0,3,3,3,4,2,60,2,0,3,3,2,4,3,30,2,3,2,3,4,3,0,0,2,0,3,3,3,3,3,30,
68,2,0,3,3,3,4,3,0,2,0,3,3,2,4,3,60,2,0,3,3,2,4,3,30,2,3,2,3,4,3,0,0,2,0,3,3,3,4,3,30,
70,3,0,4,3,3,4,3,1,2,1,4,3,3,4,3,64,2,1,4,3,3,4,3,34,2,4,3,3,4,3,0,1,3,1,4,3,3,4,3,34,
65,3,0,4,3,3,4,3,1,2,1,4,3,3,4,3,60,2,1,4,3,3,4,3,30,2,4,3,3,4,3,1,1,3,1,3,3,3,4,3,30,
66,3,0,4,3,3,4,3,1,2,1,4,3,3,4,3,60,2,1,4,3,3,4,3,30,2,4,3,3,4,3,0,1,3,1,4,3,3,4,3,30,
65,3,0,4,3,3,4,3,1,3,1,4,3,3,4,3,60,3,1,4,3,3,5,3,30,2,4,3,3,4,3,0,1,3,1,4,3,3,5,3,30,
66,3,0,4,3,3,4,3,1,3,1,4,3,3,4,3,60,3,1,4,3,3,4,3,31,2,4,3,3,4,3,0,1,3,1,4,4,3,4,3,30,
72,3,0,4,3,3,4,3,1,3,1,4,3,3,4,3,67,3,1,4,3,3,4,3,32,2,4,3,3,4,3,0,1,3,1,4,4,3,4,3,31,
67,1,0,3,2,3,3,2,0,1,0,3,2,2,3,2,60,1,0,3,2,2,3,2,30,1,3,2,2,3,2,0,0,2,0,3,2,3,3,2,29,
65,2,0,3,3,3,4,3,0,2,1,3,2,2,4,3,60,2,0,3,3,2,4,3,30,2,3,3,3,4,3,0,0,2,1,3,3,3,4,3,30,
69,2,0,3,3,3,4,5,0,2,1,3,3,2,4,5,64,2,0,4,3,2,4,5,34,2,3,3,3,4,5,0,0,2,0,3,3,3,4,5,34,
81,2,0,3,3,3,4,3,1,2,1,4,3,3,4,3,76,2,1,3,3,3,4,3,45,2,4,3,3,4,3,0,1,2,1,3,3,3,4,3,45,
67,4,21,3,2,2,3,2,0,3,0,3,2,2,3,2,60,3,0,3,2,2,3,2,30,3,3,2,2,3,2,21,0,4,0,3,2,2,3,2,30,
66,3,0,4,3,3,4,3,1,2,1,4,3,3,4,3,61,2,1,4,3,3,4,3,32,2,4,3,3,4,3,1,1,3,1,4,3,3,4,3,32,
65,3,0,4,4,3,4,15,1,3,1,4,3,3,4,14,60,3,1,4,4,3,4,15,31,3,4,3,3,4,15,0,1,3,1,4,3,3,4,15,31,
69,3,0,4,3,3,4,3,1,2,1,4,3,3,4,3,64,2,1,4,3,3,4,3,35,2,4,3,3,4,3,1,1,3,1,4,3,3,4,3,35,
65,3,0,4,4,3,4,4,1,3,1,4,3,3,4,3,60,3,1,4,4,3,4,4,31,3,4,3,3,4,4,0,1,3,1,4,4,3,4,4,31,
68,2,0,3,2,2,3,2,0,2,0,3,2,2,3,2,61,2,0,3,2,2,3,2,30,1,3,2,2,3,2,0,0,2,0,3,2,2,3,2,30,
67,5,3,5,2,5,5,2,0,4,3,6,2,4,6,2,60,4,3,5,2,4,6,2,30,4,5,2,5,5,2,2,0,5,3,5,2,5,6,2,30,
67,2,0,3,3,3,3,3,0,2,1,3,2,2,3,2,61,2,0,3,3,2,4,3,31,2,3,3,3,3,3,0,0,2,1,3,3,3,3,3,31,
69,3,0,3,3,3,4,3,0,2,1,4,3,3,4,3,64,2,0,3,3,3,4,3,31,2,4,3,3,4,3,0,0,3,1,3,3,3,4,3,31,
66,3,0,3,3,3,4,3,1,2,1,4,3,3,4,3,61,2,1,3,3,3,4,3,31,2,4,3,3,4,3,0,1,3,1,3,3,3,4,3,31,
66,3,0,4,3,3,4,3,1,2,1,4,3,3,4,3,61,2,1,4,3,3,4,3,31,2,4,3,3,4,3,0,1,3,1,4,3,3,4,3,31,
70,3,0,4,3,3,4,9,1,3,1,4,3,3,4,6,65,3,1,4,3,3,4,9,35,2,4,3,3,4,6,0,1,3,1,4,3,3,4,9,35,
66,3,1,4,3,3,4,3,1,3,1,4,3,3,4,3,61,3,1,4,3,3,4,3,31,2,4,3,3,4,3,0,1,3,1,4,3,3,4,3,31,
68,5,0,4,3,3,4,3,1,5,1,4,3,3,4,3,62,5,1,4,3,3,4,3,31,5,4,3,3,4,3,0,1,5,1,4,3,3,4,3,31,
65,3,0,4,3,3,4,4,1,4,1,4,3,3,4,3,60,3,1,4,4,3,4,4,30,2,4,3,3,4,4,0,1,3,1,4,3,3,4,4,30,
68,3,0,3,3,2,6,3,0,2,1,4,2,2,6,3,61,2,0,3,3,2,7,3,32,2,4,3,2,7,3,0,0,3,0,3,3,3,6,3,31,
69,2,0,4,2,3,4,3,0,2,1,4,2,3,4,2,62,2,0,4,3,3,4,3,30,2,4,2,3,4,3,0,0,2,0,4,3,3,4,3,30,
65,2,0,3,6,2,4,3,0,2,1,3,2,2,4,2,60,2,1,3,6,2,4,3,30,2,3,2,3,4,2,0,0,2,1,3,6,2,4,3,30,
66,2,0,3,3,3,4,3,1,2,1,3,3,3,4,3,61,2,1,4,3,3,4,3,30,2,4,3,3,4,3,0,0,2,1,3,3,3,4,3,30,
66,3,0,4,3,3,4,3,1,2,1,4,3,3,4,3,61,2,1,4,3,3,4,3,31,2,4,3,3,4,3,0,1,3,1,4,3,3,4,3,30,
66,3,0,4,3,3,4,3,1,3,1,4,3,3,4,3,61,2,1,4,3,3,4,3,30,2,4,3,3,4,3,0,1,3,1,4,3,3,4,3,30,
68,3,0,4,3,3,4,3,1,3,1,4,3,3,4,3,63,2,1,4,3,3,4,3,31,2,4,3,3,4,3,0,1,3,1,4,3,3,4,3,31,
65,3,0,4,3,3,4,3,1,3,1,4,3,3,4,3,60,3,1,4,3,3,4,3,31,2,4,3,3,4,3,0,1,3,1,4,3,3,4,3,30,
66,3,0,4,4,3,4,3,1,3,1,4,3,3,4,3,61,3,1,4,4,3,5,3,32,3,4,3,3,4,3,0,1,3,1,4,4,3,4,3,31,
68,3,0,4,3,3,4,3,1,3,1,4,3,3,4,3,63,3,1,4,3,3,4,3,34,2,4,3,3,4,3,0,1,3,1,4,3,3,4,3,33,
65,3,0,4,3,3,4,3,1,3,1,4,3,3,4,3,60,3,1,4,3,3,4,3,31,2,4,3,3,4,3,0,1,3,0,4,3,3,4,3,31,
66,3,0,4,4,3,5,4,1,3,1,4,3,3,5,3,61,3,1,4,4,3,5,4,31,3,4,3,3,5,4,0,1,3,1,4,4,3,5,4,31,
67,2,0,3,3,3,4,3,0,2,1,3,2,2,4,2,61,2,1,3,3,2,4,3,32,2,3,2,3,4,3,0,0,2,0,3,3,3,4,3,32,
69,3,0,6,6,6,6,6,1,2,1,6,6,6,6,6,63,2,1,6,6,3,6,6,31,2,6,6,6,6,6,0,1,3,0,6,6,6,6,6,31,
69,2,0,5,12,5,6,4,0,1,0,6,12,5,6,4,62,1,0,6,12,5,6,4,30,1,6,12,5,6,4,0,0,4,0,5,12,5,6,4,30,
65,3,0,4,3,3,5,4,1,3,1,4,3,3,5,3,60,3,1,4,4,3,5,4,31,3,4,3,3,5,4,0,1,3,1,4,4,3,5,4,31,
66,3,0,4,3,3,4,3,1,2,0,4,3,3,4,3,61,2,1,4,3,3,4,3,32,2,4,3,3,4,3,0,1,3,0,4,3,3,4,3,32,
65,3,0,4,3,3,4,3,1,3,0,4,3,3,4,3,60,2,1,4,3,3,4,3,31,2,4,3,3,4,3,0,1,3,0,4,3,3,4,3,31,
83,3,0,4,3,3,4,4,1,3,0,4,3,3,4,3,78,3,1,4,4,3,4,4,31,2,4,3,3,4,4,0,1,3,0,4,4,3,4,4,31,
70,2,0,3,3,3,4,3,0,2,1,3,2,3,4,3,64,2,1,4,3,2,4,3,31,2,3,3,3,4,3,0,0,3,0,3,3,3,4,3,31,
67,2,0,3,3,2,3,3,0,2,0,3,2,2,3,2,60,2,0,3,3,2,3,3,31,2,3,2,2,3,3,0,0,2,0,3,3,2,3,3,31,
67,2,0,3,3,3,3,3,0,2,0,3,3,2,3,3,62,2,1,3,3,2,4,3,31,2,3,3,3,3,3,0,0,2,0,3,3,3,4,3,31,
73,3,0,3,3,3,4,3,0,2,0,4,3,3,4,3,65,2,1,4,3,3,4,3,34,2,4,3,3,4,3,0,0,3,0,3,3,3,4,3,34,
67,3,0,3,3,3,4,3,1,2,0,4,3,3,4,3,62,2,1,4,3,3,4,3,31,2,4,3,3,4,3,0,1,3,0,3,3,3,4,3,31,
67,3,0,4,3,3,4,3,1,2,0,4,3,3,4,3,62,2,1,4,3,3,4,3,31,2,4,3,3,4,3,0,1,3,0,4,3,3,4,3,31,
67,3,0,4,3,3,4,3,1,3,1,4,3,3,4,3,62,2,1,4,3,3,4,3,31,2,4,3,3,4,3,0,1,3,1,4,3,3,4,3,31,
65,3,1,4,4,3,5,3,1,3,1,4,3,3,4,3,59,3,1,4,3,3,5,3,30,3,4,3,4,5,3,0,1,3,1,4,4,3,4,3,30,
69,3,1,4,4,3,4,3,1,3,1,4,3,3,4,3,64,3,1,5,3,3,4,4,31,3,4,3,3,4,4,0,1,3,1,4,4,3,4,3,31,
66,3,1,4,3,3,4,3,1,3,1,4,3,3,4,3,61,2,1,4,3,3,4,3,31,2,4,3,3,4,3,0,1,3,1,4,3,3,4,3,31,
68,2,0,3,3,2,3,2,0,2,0,3,2,2,3,2,62,2,0,3,2,2,3,3,30,2,3,2,2,3,2,0,0,2,0,3,3,2,3,2,30,
65,2,0,3,3,3,4,3,0,2,0,3,2,2,4,3,60,2,0,3,3,2,4,3,30,2,3,2,3,4,3,0,0,2,0,3,3,3,4,3,30,
65,2,0,3,3,3,4,3,0,2,0,3,2,2,4,3,60,2,0,3,3,2,4,3,30,2,3,2,3,4,3,0,0,2,0,3,3,3,4,3,30,
68,2,0,3,3,3,4,14,1,2,0,3,3,3,4,13,63,2,0,3,3,3,4,14,30,2,3,2,3,4,14,0,0,2,0,3,3,3,4,14,30,
65,3,1,4,3,3,4,3,1,2,0,4,3,3,4,3,60,2,1,4,3,3,4,3,30,2,4,3,3,4,3,0,1,3,1,4,3,3,4,3,30,
65,3,0,4,3,3,4,3,1,2,1,4,3,3,4,3,60,2,1,4,3,3,4,3,30,2,4,3,3,4,3,0,1,3,1,4,3,3,4,3,30,
68,3,0,4,3,3,4,3,1,3,1,4,3,3,4,3,63,2,1,4,3,3,4,3,34,2,4,3,3,4,3,0,1,3,1,4,3,3,4,3,33,
66,3,0,4,3,3,4,3,1,2,0,4,3,3,4,3,61,2,1,4,3,3,4,3,31,2,4,3,3,4,3,0,1,3,1,4,3,3,4,3,31,
66,3,0,4,4,3,5,4,1,3,1,4,3,3,5,3,61,3,1,4,4,3,5,4,32,3,4,3,4,4,4,0,1,3,1,4,4,3,5,4,32,
66,2,0,3,3,3,4,2,0,2,0,3,2,2,4,2,60,2,0,3,3,2,4,2,30,2,3,2,3,4,3,0,0,2,0,3,3,3,4,2,30,
68,2,0,3,3,3,4,3,0,2,0,3,2,2,4,2,62,2,0,3,3,2,4,3,33,2,3,2,3,4,3,0,0,2,0,3,3,3,4,3,33,
69,2,0,3,3,3,4,3,0,2,0,3,3,2,4,3,64,2,0,3,3,2,4,3,31,2,3,3,3,4,3,0,0,2,0,3,3,3,4,3,31,
66,3,0,4,3,3,4,3,1,2,0,4,3,3,4,3,61,2,1,4,3,3,4,3,31,2,4,3,3,4,3,0,1,3,1,4,3,3,4,3,30,
66,2,0,3,3,3,4,3,1,2,1,4,3,3,4,3,60,2,1,4,3,3,4,3,31,2,4,3,3,4,3,0,1,2,0,3,3,3,4,3,31,
68,3,0,4,4,3,4,3,1,3,0,4,3,3,4,3,63,2,1,4,3,3,4,3,32,2,4,3,3,4,3,0,1,3,1,4,4,3,4,3,32,
68,3,0,4,3,3,4,3,1,3,1,4,3,3,4,3,63,2,1,4,3,3,4,3,32,2,4,3,3,4,3,0,1,3,1,4,3,3,4,3,32,
70,3,0,4,3,3,4,3,1,3,1,4,3,3,4,3,65,2,1,4,3,3,4,3,31,2,4,3,3,4,3,0,1,3,0,4,3,3,4,3,31,
67,3,0,4,3,3,4,3,1,3,1,4,3,3,4,3,62,2,1,4,3,3,4,3,31,2,4,3,3,4,3,0,1,3,1,4,3,3,4,3,31,
69,3,0,4,4,3,4,3,1,3,1,4,3,3,4,3,64,3,1,4,3,3,4,4,34,2,4,3,3,4,3,0,1,3,1,4,4,3,4,3,33,
71,3,0,4,4,3,5,4,1,3,1,4,3,3,5,4,66,3,1,4,4,3,5,4,35,3,4,3,3,4,4,0,1,3,1,4,4,3,5,4,35,
68,2,0,3,3,3,4,3,0,2,0,3,2,2,4,2,62,2,0,3,3,2,4,3,31,2,3,2,3,3,3,0,0,2,0,3,3,3,4,3,31,
67,2,0,3,3,3,4,3,0,2,0,3,2,2,4,3,62,2,0,3,3,2,4,3,31,2,3,2,3,3,3,0,0,2,1,3,3,3,4,3,31,
67,3,1,3,3,3,4,3,1,2,1,3,3,3,4,3,62,2,1,3,3,3,4,3,31,2,4,2,3,4,3,0,1,3,1,3,3,3,4,3,31,
65,3,0,4,3,3,4,3,1,2,1,4,3,3,4,3,60,2,1,4,3,3,4,3,30,2,4,3,3,4,3,0,1,3,1,4,3,3,4,3,30,
85,3,1,4,3,3,4,3,1,2,1,4,3,3,4,3,80,2,1,4,3,3,4,3,50,2,4,3,3,4,3,0,1,3,1,4,3,3,4,3,50,
65,3,0,4,3,3,4,3,1,3,1,4,3,3,4,3,60,2,1,4,3,3,4,3,30,2,4,3,3,4,3,0,1,3,1,4,3,3,4,3,30,
65,3,0,4,3,3,4,3,1,3,1,4,3,3,4,3,60,2,1,4,3,3,4,3,30,2,4,3,3,4,3,0,1,3,1,4,3,3,4,3,30,
71,3,0,4,3,3,4,5,1,3,1,4,3,3,4,5,66,3,1,4,3,3,4,9,36,2,4,3,3,4,9,0,1,3,1,4,3,3,4,5,36,
66,2,0,3,3,2,3,2,0,2,0,3,2,2,3,2,60,2,0,3,3,2,3,2,30,2,3,2,3,3,2,0,0,2,0,3,3,2,3,2,30,
66,2,0,3,3,2,4,2,0,2,0,3,2,2,3,2,60,2,0,3,2,2,3,3,30,2,3,2,3,3,2,0,0,2,0,3,3,2,4,2,30,
65,2,0,3,3,3,4,3,1,2,1,3,3,2,4,3,60,2,1,3,3,2,4,3,30,2,4,3,3,4,3,0,0,3,1,3,3,3,4,3,30,
66,2,0,3,3,3,4,3,1,2,1,3,3,3,4,3,60,2,1,3,3,3,4,3,30,2,4,3,3,3,3,0,1,2,1,3,3,3,4,3,30,
68,2,0,4,14,3,4,3,1,2,1,4,14,3,4,3,63,2,1,4,14,3,4,3,33,2,4,14,3,4,3,0,1,2,1,4,14,3,4,3,33,
65,3,0,4,3,3,4,3,1,2,1,4,3,3,4,3,60,2,1,4,3,3,4,3,30,2,4,3,3,4,3,0,1,2,1,4,3,3,4,3,30,
65,3,0,4,3,3,4,3,1,3,1,4,3,3,4,3,60,2,1,4,3,3,4,3,30,2,4,3,3,4,3,0,1,3,1,4,3,3,4,3,30,
69,3,0,4,3,3,4,3,1,2,1,4,3,3,4,3,61,2,1,4,3,3,4,3,31,2,4,3,3,4,3,0,1,3,1,4,3,3,4,3,31,
66,3,0,4,3,3,4,3,1,3,1,4,3,3,4,3,61,2,1,4,3,3,4,3,31,2,4,3,3,4,3,0,1,3,1,4,3,3,4,3,31,
69,3,0,4,3,3,4,3,1,3,1,4,3,3,4,3,64,2,1,4,3,3,4,3,32,2,4,3,3,4,3,0,1,3,1,4,3,3,4,3,31,
66,2,0,3,3,2,4,3,1,2,1,3,3,2,4,3,60,2,1,3,3,2,4,3,31,2,3,2,3,3,3,0,0,2,1,3,3,2,4,3,30,
68,2,0,3,3,2,4,3,1,2,1,3,2,2,3,2,63,2,1,3,3,2,4,3,31,2,3,2,3,3,3,0,0,2,1,3,3,2,4,3,30,
71,2,0,6,6,5,6,6,0,2,1,6,2,2,6,2,63,2,1,6,6,2,6,6,34,2,6,2,6,6,6,0,0,2,1,6,6,5,6,6,34,
67,3,0,4,3,3,4,3,1,2,1,4,3,3,4,3,62,2,1,4,3,3,4,3,31,2,4,3,3,4,3,0,1,3,1,4,3,3,4,3,30,
68,5,0,4,3,3,4,3,1,5,1,4,3,3,4,3,62,5,1,4,3,3,4,3,31,5,4,3,3,4,3,0,1,5,1,4,3,3,4,3,31,
67,3,0,4,3,3,4,3,1,2,1,4,3,3,4,3,62,2,1,4,3,3,4,3,31,2,4,3,3,4,3,0,1,3,1,4,3,3,4,3,31,
67,3,0,4,3,3,7,3,1,2,1,4,3,3,7,3,62,2,1,4,3,3,7,3,31,2,4,3,3,7,3,0,1,3,1,4,3,3,7,3,31,
71,3,0,4,3,3,5,3,1,3,1,4,3,3,4,3,66,2,1,4,3,3,5,3,35,2,4,3,3,4,3,0,1,3,1,4,3,3,5,3,35,
68,3,0,4,5,3,5,3,1,3,1,4,5,3,5,3,63,3,1,4,5,3,5,3,32,3,4,5,3,4,3,0,1,3,1,4,5,3,5,3,32,
69,2,0,3,3,2,4,3,0,2,0,3,2,2,3,2,63,2,0,3,3,2,4,3,32,2,3,2,2,3,3,0,0,2,0,3,3,2,4,3,32,
68,5,0,6,3,5,6,3,1,4,1,6,3,5,6,3,62,4,3,6,3,5,6,3,31,4,6,3,5,6,3,0,1,4,1,6,3,5,6,3,31,
69,3,0,4,3,3,4,3,1,2,1,4,3,3,4,3,64,2,1,4,3,3,4,3,33,2,4,3,3,4,3,0,1,3,1,4,3,3,4,3,33,
70,3,0,4,3,3,4,3,1,2,1,4,3,3,4,3,65,2,1,4,3,3,4,3,31,2,4,3,3,4,3,0,1,3,1,4,3,3,4,3,31,
65,3,1,4,3,3,4,3,1,2,1,4,3,3,4,3,60,2,1,4,3,3,4,3,30,2,4,3,3,4,3,0,1,3,1,4,3,3,4,3,30,
66,3,0,4,4,3,4,3,1,3,1,4,3,3,4,3,61,3,1,4,4,3,4,3,31,2,4,3,3,4,3,0,1,3,1,4,4,3,4,3,31,
69,2,0,3,3,3,4,3,1,2,1,4,3,3,4,3,63,2,0,3,3,3,4,3,33,2,4,3,3,4,3,0,1,2,1,3,3,3,4,3,33,
66,2,0,3,3,2,3,3,0,2,0,3,2,2,3,2,60,2,0,3,3,2,3,3,30,2,3,2,2,3,3,0,0,2,0,3,3,2,3,3,30,
67,2,0,3,3,2,3,3,0,2,0,3,2,2,3,2,61,2,0,3,3,2,3,3,31,2,3,2,2,3,3,0,0,2,0,3,3,2,3,3,31,
66,2,0,3,3,3,4,3,1,2,1,4,3,2,4,3,60,2,0,4,3,2,4,3,30,2,4,3,3,3,3,0,1,2,1,3,3,3,4,3,30,
66,2,0,3,3,3,4,3,1,2,1,4,3,3,4,3,60,2,0,4,3,3,4,3,30,2,4,3,3,3,3,0,1,2,1,3,3,3,4,3,30,
80,2,1,4,3,4,5,3,1,2,1,5,3,3,5,3,75,2,0,5,3,3,5,3,45,2,5,3,4,4,3,1,1,2,0,4,3,4,5,3,45,
65,2,0,3,5,2,3,2,0,1,0,3,5,2,3,2,59,1,0,3,5,2,3,2,29,1,3,5,2,3,2,0,0,2,0,3,5,2,3,2,29,
66,3,0,4,3,3,4,3,1,2,1,4,3,3,4,3,61,2,0,4,3,3,4,4,30,2,4,3,3,4,3,0,1,3,1,4,3,3,4,3,30,
66,3,0,4,3,3,4,3,1,2,1,4,3,3,4,3,60,2,0,4,3,3,4,3,30,2,4,3,3,4,3,0,1,3,1,4,3,3,4,3,30,
66,3,0,4,3,3,4,3,1,3,1,4,3,3,4,3,61,3,1,4,3,3,4,3,31,2,4,3,3,4,3,0,1,3,1,4,3,3,4,3,31,
71,2,0,3,3,2,3,2,0,2,0,3,2,2,3,2,65,2,0,3,3,2,3,2,31,1,3,2,2,3,2,0,0,2,0,3,3,2,3,2,31,
68,2,0,3,3,2,4,3,0,2,0,3,2,2,4,2,62,2,0,3,3,2,4,3,31,2,3,2,2,3,3,0,0,2,0,3,3,2,4,3,31,
68,2,0,3,3,2,4,3,0,2,1,3,2,2,3,2,62,2,0,3,3,2,4,3,31,2,3,2,3,3,3,0,0,2,0,3,3,2,4,3,30,
75,2,0,3,3,2,4,3,0,2,1,4,2,2,3,2,65,2,0,3,3,2,4,3,34,2,3,2,2,3,3,0,0,2,1,3,3,2,4,3,34,
70,2,0,4,3,3,4,3,1,2,1,4,3,3,4,3,63,2,0,4,3,3,4,3,32,2,4,3,3,4,3,0,1,2,0,4,3,3,4,3,31,
67,3,0,4,3,3,4,3,1,2,1,4,3,3,4,3,62,2,0,4,3,3,4,3,31,2,4,3,3,4,3,0,1,3,1,4,3,3,4,3,30,
68,2,0,4,3,3,4,3,1,2,1,4,3,3,4,3,63,2,1,4,3,3,4,3,31,2,4,3,3,4,3,0,1,2,1,4,3,3,4,3,31,
69,3,1,4,3,3,4,3,1,3,1,4,3,3,4,3,64,2,1,4,3,3,4,3,32,2,4,3,3,4,3,0,1,3,1,4,3,3,4,3,32,
71,3,0,4,3,3,4,3,1,3,1,4,3,3,4,3,66,2,1,4,3,3,4,3,32,2,4,3,3,4,3,0,1,3,1,4,3,3,4,3,32,
69,3,1,4,4,3,4,3,1,3,1,4,3,3,4,3,64,3,1,4,3,3,4,3,32,3,4,3,3,4,3,0,1,3,1,4,4,3,4,3,32,
69,2,0,3,3,2,3,2,0,2,0,3,2,2,3,2,63,2,0,3,2,2,3,3,31,2,3,2,2,3,3,0,0,2,0,3,3,2,3,2,31,
69,2,0,3,3,3,4,3,1,2,0,3,2,2,3,2,63,2,0,3,3,2,4,3,31,2,3,2,3,3,3,0,0,2,0,3,3,3,4,3,31,
70,2,0,4,3,3,4,3,1,2,1,4,3,2,4,3,64,2,0,3,3,2,4,3,32,2,4,3,3,4,3,0,0,2,0,4,3,3,4,3,32,
72,2,0,3,3,3,4,3,1,2,1,4,3,3,4,3,66,2,0,4,3,3,4,3,31,2,4,3,3,4,3,0,1,2,1,4,3,3,4,3,31,
68,2,0,4,3,3,4,3,1,2,1,4,3,3,4,3,63,2,1,4,3,3,4,3,31,2,4,3,3,4,3,0,1,2,1,4,3,3,4,3,31,
69,3,0,4,15,3,4,3,1,2,1,4,14,3,4,3,64,2,1,4,15,3,4,3,31,2,4,14,3,4,3,0,1,3,1,4,15,3,4,3,31,
70,3,0,4,3,3,4,3,1,3,1,4,3,3,4,3,65,2,1,4,3,3,4,3,34,2,4,3,3,4,3,0,1,3,1,4,3,3,4,3,34,
67,3,0,4,3,3,4,3,1,3,1,4,3,3,4,3,62,2,1,4,3,3,4,3,31,2,4,3,3,4,3,0,1,3,1,4,3,3,4,3,31,
67,3,0,4,3,3,4,3,1,3,1,4,3,3,4,3,62,2,1,4,3,3,4,3,31,2,4,3,3,4,3,0,1,3,1,4,3,3,4,3,31,
67,2,0,3,3,2,3,3,0,2,0,3,2,2,3,2,61,2,0,3,3,2,3,3,30,2,3,2,2,3,3,0,0,2,0,3,3,2,3,3,30,
68,2,0,8,3,7,8,2,0,2,0,8,2,7,8,2,62,2,0,8,3,7,8,3,31,2,8,2,7,8,3,0,0,2,0,8,3,7,8,2,31,
70,2,1,3,3,3,4,3,0,2,0,3,2,2,4,2,64,2,0,3,3,2,4,3,30,2,3,2,3,3,3,0,0,2,0,3,3,3,4,3,30,
68,2,0,3,3,3,4,3,0,2,1,4,3,2,4,3,62,2,0,3,3,2,4,3,30,2,4,3,3,4,3,0,0,2,1,3,3,3,4,3,30,
67,2,0,4,3,3,4,3,1,2,1,4,3,3,4,3,61,2,0,4,3,3,4,3,30,2,4,3,3,4,3,0,1,2,1,4,3,3,4,3,30,
70,0,0,1,3,0,1,3,1,0,0,1,3,0,1,3,62,0,0,1,3,0,1,3,31,0,1,3,0,1,3,0,1,0,0,1,3,0,1,3,31,
70,3,1,14,4,3,4,3,1,3,1,14,4,3,4,3,65,2,1,14,4,3,4,3,33,2,14,4,3,4,3,0,1,3,1,14,4,3,4,3,33,
68,3,0,4,3,3,4,3,1,3,1,4,4,3,4,3,63,2,1,4,3,3,4,3,31,2,4,3,3,4,3,0,1,3,1,4,3,3,4,3,31,
68,3,0,4,3,3,5,3,1,3,1,4,3,3,5,3,63,2,1,4,3,3,5,3,31,2,4,3,3,4,3,0,1,3,1,4,3,3,5,3,31,
68,3,0,4,3,3,4,3,1,3,1,4,3,3,4,3,63,2,1,4,3,3,4,3,32,2,4,3,3,4,3,0,1,3,1,4,3,3,4,3,32,
84,2,0,3,2,2,4,3,0,2,0,3,2,2,3,2,77,2,0,3,2,2,3,3,46,2,3,2,2,3,3,0,0,2,0,3,2,2,4,3,46,
68,2,1,3,3,3,4,3,0,2,1,4,3,2,4,3,62,2,0,3,3,2,4,3,31,2,4,3,3,4,3,0,0,2,0,4,3,3,4,3,31,
68,2,1,3,3,3,4,3,1,2,0,4,3,3,4,3,62,2,0,3,3,3,4,3,31,2,4,3,3,3,3,0,1,2,0,3,3,3,4,3,31,
69,2,0,3,3,3,4,3,1,2,1,4,3,3,4,3,63,2,0,3,3,3,4,3,32,2,4,3,3,4,3,0,1,2,0,3,3,3,4,3,32,
67,2,1,4,3,3,4,3,1,2,1,4,3,3,4,3,62,2,1,4,3,3,4,3,31,2,4,3,3,4,3,0,1,2,1,4,3,3,4,3,31,
71,3,1,4,3,3,4,3,1,2,1,4,3,3,4,3,66,2,1,4,3,3,4,3,32,2,4,3,3,4,3,0,1,3,1,4,3,3,4,3,32,
68,3,1,4,3,3,4,3,1,3,1,4,3,3,4,3,63,2,1,4,3,3,4,3,32,2,4,3,3,4,3,0,1,3,1,4,3,3,4,3,32,
68,3,1,4,3,3,4,3,1,3,1,4,3,3,4,3,63,2,1,4,3,3,4,3,32,2,4,3,3,4,3,0,1,3,1,4,3,3,4,3,32,
74,3,1,6,6,6,6,6,1,3,1,6,6,3,6,6,66,2,1,6,6,3,6,6,35,2,6,6,6,6,6,0,1,3,1,6,6,6,6,6,35,
68,2,0,3,2,2,3,2,0,2,0,3,2,2,3,2,62,2,0,3,2,2,3,2,31,2,3,2,2,3,2,0,0,2,0,3,2,2,3,2,31,
70,2,0,3,2,2,4,3,0,2,0,3,2,2,3,2,62,2,0,3,2,2,4,3,31,2,3,2,2,3,3,0,0,2,0,3,2,2,4,3,31,
70,2,1,3,3,3,4,3,0,2,0,4,2,2,4,3,64,2,0,3,3,2,4,3,32,2,4,3,3,3,3,0,0,2,0,3,3,3,4,3,32,
70,2,1,4,3,3,4,3,1,2,1,4,3,3,4,3,63,2,0,4,3,3,4,3,32,2,4,3,3,4,3,0,1,2,1,4,3,3,4,3,32,
70,2,1,3,3,3,4,3,1,2,1,4,3,3,4,3,65,2,1,4,3,3,4,3,34,2,4,3,3,4,3,0,1,2,1,4,3,3,4,3,34,
69,2,1,4,4,3,4,3,1,2,1,4,4,3,4,3,64,2,1,4,4,3,4,3,32,2,4,3,3,4,3,0,1,2,1,4,4,3,4,3,32,
68,2,1,4,3,3,4,3,1,2,1,4,3,3,4,3,63,2,1,4,3,3,4,3,32,2,4,3,3,4,3,0,1,2,1,4,3,3,4,3,32,
69,3,0,4,3,3,4,4,1,3,1,4,3,3,4,3,64,3,1,4,3,3,4,3,32,3,4,3,3,4,4,0,1,3,1,4,3,3,4,3,32,
67,3,0,4,3,3,4,3,1,3,1,4,3,3,4,3,62,3,1,4,3,3,4,3,31,2,4,3,3,4,3,0,1,3,1,4,3,3,4,3,31,
70,2,0,3,2,2,3,2,0,2,0,3,2,2,3,2,64,2,0,3,3,2,3,2,30,2,3,2,2,3,3,0,0,2,0,3,2,2,3,2,30,
67,2,0,3,2,2,4,3,0,2,0,3,2,2,3,2,61,2,0,3,2,2,4,3,30,2,3,2,2,3,3,1,0,2,0,3,2,2,4,3,30,
70,2,0,3,3,3,4,3,1,2,1,4,3,3,4,3,62,2,0,4,3,2,4,3,30,2,4,3,3,4,3,0,1,2,0,3,3,3,4,3,30,
70,2,0,3,2,3,4,6,0,3,1,3,2,2,3,5,64,2,0,4,4,3,5,6,33,2,3,4,3,3,7,0,0,2,0,3,2,3,4,6,33,
68,2,0,4,3,3,4,3,1,2,0,4,3,3,4,3,62,2,1,4,3,3,4,3,30,2,4,3,3,4,3,0,1,2,0,4,3,3,4,3,30,
68,2,0,4,3,3,4,3,1,2,1,4,3,3,4,3,63,2,0,4,3,3,4,3,31,2,4,3,3,4,3,0,1,2,1,4,3,3,4,3,31,
67,3,0,4,3,3,4,3,1,3,1,4,3,3,4,3,62,2,1,4,3,3,4,3,31,2,4,3,3,4,3,0,1,3,1,4,3,3,4,3,31,
70,3,0,4,3,3,4,3,1,3,1,4,3,3,4,3,65,2,1,4,3,3,4,3,31,2,4,3,3,4,3,0,1,3,1,4,3,3,4,3,31,
71,3,0,6,3,5,6,3,1,3,1,6,3,5,6,3,66,2,1,6,3,5,6,3,31,2,6,3,5,6,3,1,1,3,1,6,3,5,6,3,31,
68,3,0,4,3,5,6,3,1,3,1,4,3,5,6,3,63,2,1,4,3,5,6,3,31,2,4,3,5,6,3,0,1,3,1,4,3,5,6,3,31,
68,2,0,3,2,2,3,3,0,2,0,3,2,2,3,2,62,2,0,3,2,2,3,3,30,2,3,2,3,3,3,0,0,2,0,3,2,2,3,3,30,
68,2,0,3,2,2,3,3,0,2,0,3,2,2,3,2,62,2,0,3,2,2,3,3,30,2,3,2,2,3,3,0,0,2,0,3,2,2,3,3,30,
68,2,0,3,2,3,4,3,2,2,1,4,2,2,4,3,62,2,0,3,3,2,4,3,30,2,4,2,3,4,3,1,2,2,1,3,3,3,4,3,30,
73,2,0,4,14,3,4,3,1,2,1,4,13,3,4,3,67,2,0,4,14,3,4,3,33,2,4,14,3,4,3,0,1,2,1,4,14,3,4,3,33,
69,2,0,4,3,3,4,3,1,2,1,4,3,3,4,3,63,2,0,4,3,3,4,3,32,2,4,3,3,4,3,0,1,2,1,4,3,3,4,3,32,
68,2,0,4,3,3,4,3,1,2,1,4,3,3,4,3,63,2,1,4,3,3,4,3,31,2,4,3,3,4,3,1,1,2,1,4,3,3,4,3,31,
71,3,0,4,3,3,4,3,1,3,1,4,3,3,4,3,65,2,0,4,3,3,4,4,35,2,4,3,3,4,3,0,1,3,1,4,3,3,4,3,35,
70,3,1,4,3,3,4,3,1,2,1,4,3,3,4,3,64,2,1,4,3,3,4,3,34,2,4,3,3,4,3,0,1,3,1,4,3,3,4,3,34,
67,3,1,4,3,3,4,3,1,3,1,4,3,3,4,3,62,2,1,4,4,3,4,3,32,2,4,3,3,4,4,0,1,3,1,4,3,3,4,3,32,
68,2,0,3,2,2,3,3,0,2,0,3,2,2,3,3,61,2,0,3,3,2,3,3,31,2,3,2,2,3,3,0,0,2,0,3,3,2,3,3,31,
68,2,0,3,3,2,4,3,0,2,0,4,3,2,4,3,61,2,0,3,3,2,4,3,31,2,3,3,2,3,3,0,0,2,0,3,3,2,4,3,31,
73,2,0,6,2,5,6,3,0,2,0,6,3,5,6,3,66,2,0,6,3,5,7,3,32,2,6,3,5,6,3,0,0,2,0,6,2,5,6,3,32,
68,2,0,3,3,3,4,3,0,2,1,4,3,2,4,3,62,2,0,3,3,2,4,3,31,2,4,3,3,4,3,0,0,2,1,3,3,3,4,3,31,
68,2,1,14,3,3,4,3,1,2,1,14,3,2,4,3,61,2,0,14,3,2,4,3,31,2,14,3,3,3,3,0,1,2,1,14,3,3,4,3,31,
71,0,0,1,3,0,1,3,1,0,0,1,3,0,1,3,63,0,0,1,3,0,1,3,32,0,1,3,0,1,3,0,1,0,0,1,3,0,1,3,32,
68,2,0,4,3,3,4,3,1,2,1,4,3,3,4,3,63,2,0,4,3,3,4,3,32,2,4,3,3,4,3,0,1,2,1,4,3,3,4,3,32,
71,3,0,4,3,3,4,3,1,2,1,4,3,3,4,3,66,2,1,4,3,3,4,3,32,2,4,3,3,4,3,0,1,3,1,4,3,3,4,3,32,
67,3,0,4,3,3,4,3,1,3,1,4,3,3,4,3,62,2,1,4,3,3,4,3,32,2,4,3,3,4,3,0,1,3,1,4,3,3,4,3,32,
68,3,0,4,3,3,4,3,1,3,1,4,3,3,4,4,63,3,1,4,3,3,4,3,32,3,4,3,3,4,4,0,1,3,1,4,3,3,4,3,32,
71,3,0,6,3,3,4,3,1,3,1,6,3,3,4,3,66,3,1,6,3,3,4,3,35,3,6,3,3,4,3,1,1,3,1,6,3,3,4,3,35,
68,2,0,3,3,2,3,7,0,2,0,4,3,2,3,7,62,2,0,3,3,2,4,7,31,2,3,3,3,3,7,0,0,2,0,3,3,2,3,7,31,
68,2,0,3,3,3,4,3,0,2,0,4,3,3,4,3,61,2,0,3,3,2,4,3,31,2,4,3,3,3,3,0,0,2,0,3,3,3,4,3,31,
69,2,0,3,3,3,4,3,1,2,1,4,3,3,5,3,63,2,0,4,3,3,4,3,32,2,4,3,3,4,3,0,1,2,1,3,3,3,4,3,32,
71,2,0,3,3,3,4,3,1,2,1,4,3,3,4,3,65,2,0,4,3,3,4,3,33,2,4,3,3,4,3,0,1,2,1,4,3,3,4,3,34,
71,2,0,4,3,3,4,3,1,2,1,4,3,3,4,3,66,2,0,4,3,3,4,3,32,2,4,3,3,4,3,0,1,2,1,4,3,3,4,3,32,
70,3,0,4,3,3,5,3,1,3,1,4,3,3,4,3,63,2,1,4,3,3,5,3,32,2,5,3,3,4,3,0,1,3,1,4,3,3,5,3,32,
68,3,0,4,3,3,4,3,1,3,1,4,3,3,4,3,63,2,1,4,4,3,5,3,32,2,4,3,3,4,3,0,1,3,1,4,3,3,4,3,32,
71,2,0,5,5,5,5,5,0,2,0,5,5,5,5,5,65,1,0,5,5,5,5,5,34,1,5,5,5,5,5,0,0,2,0,5,5,5,5,5,34,
68,2,0,3,2,2,4,2,0,2,0,3,2,2,3,2,62,2,0,3,3,2,4,2,31,1,3,2,2,3,2,0,0,2,0,3,2,2,4,2,31,
68,3,1,4,3,3,5,4,1,3,1,4,3,3,4,3,63,3,1,4,4,3,5,4,32,3,4,4,3,4,4,0,1,3,1,4,3,3,5,4,32,
69,2,0,3,3,2,4,3,0,2,0,3,2,2,3,2,63,2,0,3,3,2,4,3,31,2,3,2,3,3,3,0,0,2,0,3,3,2,4,3,32,
71,2,0,3,3,2,4,3,0,2,0,3,3,2,3,2,65,2,0,3,3,2,4,3,32,2,3,3,3,3,3,0,0,2,0,3,2,2,4,3,33,
72,2,0,3,3,3,4,3,0,2,1,4,3,2,3,3,66,2,0,3,3,2,4,3,34,2,4,3,3,4,3,0,0,2,1,3,3,3,4,3,34,
69,2,0,3,3,3,4,3,1,2,1,4,3,2,3,2,63,2,0,4,4,3,4,3,32,2,4,4,3,4,3,0,1,2,0,3,3,3,4,3,32,
69,6,0,4,3,3,4,3,1,5,1,4,3,3,3,3,63,5,0,4,3,3,4,3,32,5,4,3,3,4,3,1,1,6,0,4,3,3,4,3,32,
71,2,0,3,2,2,3,2,0,1,0,3,2,2,3,2,63,1,0,3,2,2,3,2,31,1,3,2,2,3,2,0,0,2,0,3,2,2,3,2,31,
69,3,0,4,3,3,5,3,1,3,1,4,3,3,4,3,64,2,1,4,3,3,5,3,31,3,4,3,3,4,3,0,1,3,1,4,3,3,4,3,31,
72,2,0,4,3,3,4,3,1,2,0,4,3,3,4,3,65,2,0,4,3,3,4,3,31,2,4,3,3,4,3,0,1,2,0,4,3,3,4,3,32,
67,3,0,4,3,3,4,3,1,3,1,4,3,3,4,3,62,3,1,4,3,3,5,3,31,2,4,3,3,4,3,0,1,3,0,4,3,3,4,3,32,
82,3,0,4,3,3,4,3,1,2,1,4,3,3,4,3,76,2,1,4,3,3,5,3,31,2,4,3,3,4,3,0,1,3,0,4,3,3,4,3,32,
73,6,0,6,6,6,6,6,1,3,1,6,6,6,6,6,66,3,1,6,6,6,6,6,35,3,6,6,6,6,6,0,1,6,1,6,6,6,6,6,35,
68,3,1,4,4,3,5,3,1,3,1,5,3,3,4,3,63,3,1,4,4,3,5,4,32,3,4,3,4,4,4,0,1,3,1,4,4,3,5,3,31,
70,4,0,3,2,2,4,3,0,4,0,3,2,2,3,2,64,4,0,3,3,2,4,3,32,4,3,2,2,3,3,0,0,4,0,3,2,2,4,3,32,
69,2,0,3,3,2,4,3,0,2,0,4,3,2,3,3,63,2,0,3,3,2,4,3,32,2,4,3,3,3,3,0,0,2,0,3,3,2,4,3,31,
69,2,0,3,3,3,7,3,0,2,0,4,3,3,6,3,63,2,0,4,3,3,7,3,32,2,4,3,3,6,3,0,0,2,0,4,3,3,7,3,31,
71,2,0,3,3,3,4,3,0,2,0,4,3,3,3,3,66,2,0,4,3,3,4,3,35,2,4,3,3,4,3,0,0,2,0,3,3,3,4,3,34,
70,4,1,4,5,4,5,3,0,3,0,5,5,2,4,2,64,3,0,4,6,3,5,3,33,2,5,5,3,4,3,0,0,4,0,4,5,4,5,3,32,
68,2,0,4,3,3,4,3,1,2,0,4,3,3,4,3,63,2,0,4,3,3,4,3,31,2,4,3,3,4,3,0,1,2,0,4,3,3,4,3,31,
69,2,0,4,13,3,4,3,1,2,0,4,13,3,4,3,64,2,1,4,13,3,4,3,31,2,4,13,3,4,3,0,1,2,0,4,13,3,4,3,31,
69,3,0,4,3,3,4,3,1,2,1,4,3,3,4,3,64,2,1,4,3,3,4,3,32,2,4,3,3,4,3,0,1,3,1,4,3,3,4,3,31,
72,3,0,4,3,3,4,3,1,3,1,4,3,3,4,3,67,3,1,5,3,3,4,3,32,2,4,3,3,4,3,0,1,3,1,4,3,3,4,3,31,
70,3,0,4,3,3,4,3,1,3,1,4,3,3,4,3,65,3,1,4,3,3,5,3,33,3,4,3,3,4,3,0,1,3,1,4,3,3,4,3,33,
69,3,0,4,3,3,4,3,1,3,1,4,3,3,4,3,64,3,1,4,4,3,5,3,32,3,4,3,3,4,3,0,1,3,1,4,3,3,4,3,32,
70,2,0,3,2,2,4,2,0,2,0,3,2,2,3,2,64,2,0,3,2,2,4,2,33,2,3,2,2,3,2,0,0,2,0,3,2,2,4,2,32,
67,2,0,3,3,2,4,3,0,2,0,4,2,2,3,3,61,2,0,3,3,2,4,3,30,2,4,3,2,3,3,0,0,2,0,3,3,2,4,3,30,
68,2,0,3,2,3,4,3,0,2,0,4,2,2,3,3,62,2,0,3,3,2,4,3,30,2,4,3,3,3,2,0,0,2,0,3,2,3,4,3,30,
71,2,0,5,5,5,5,5,0,2,0,5,5,5,5,5,65,2,0,5,5,5,5,5,33,5,5,5,5,5,5,0,0,2,0,5,5,5,5,5,33,
68,2,0,3,3,3,4,4,0,2,0,4,3,2,3,4,62,2,0,3,3,3,4,3,31,2,4,3,3,4,3,0,0,2,0,3,3,3,4,4,31,
72,3,0,6,3,6,7,3,1,2,1,6,3,5,6,3,67,2,0,6,3,5,7,3,31,2,7,3,6,6,3,0,1,3,1,6,3,6,7,3,31,
69,2,0,4,3,3,4,3,1,2,1,4,3,3,4,3,64,2,0,4,3,3,4,3,32,2,4,3,3,4,3,0,1,2,0,4,3,3,4,3,32,
68,3,0,4,3,3,4,3,1,2,1,4,3,3,4,3,63,2,1,4,3,3,4,3,31,2,4,3,3,4,3,0,1,3,1,4,3,3,4,3,31,
67,3,0,4,3,3,4,3,1,2,1,4,3,3,4,3,63,2,1,4,3,3,5,3,31,2,4,3,3,4,3,0,1,3,1,4,3,3,4,3,31,
68,3,0,4,3,3,16,4,1,3,1,4,3,3,15,3,63,3,1,4,4,3,16,4,32,2,4,3,3,15,3,0,1,3,1,4,3,3,16,4,32,
70,3,0,4,3,3,5,3,1,3,1,4,3,3,4,3,65,3,1,4,3,3,5,3,32,2,4,3,3,4,3,0,1,3,1,4,3,3,5,3,31,
67,3,0,4,3,3,5,4,1,3,1,4,3,3,4,3,62,3,1,4,3,3,5,3,32,2,4,3,3,4,3,0,1,3,1,4,3,3,5,4,31,
67,2,0,3,3,2,4,3,0,2,0,3,2,2,3,3,61,2,0,3,3,2,4,3,30,2,3,3,2,3,2,0,0,2,0,3,3,2,4,3,30,
71,2,0,5,3,2,4,3,0,2,1,6,3,2,3,3,65,2,0,6,3,2,4,3,35,2,6,3,2,3,3,0,0,2,0,5,3,2,4,3,34,
68,2,0,3,3,3,4,3,0,2,0,4,2,2,3,2,62,2,0,3,3,2,4,2,32,2,4,3,3,3,2,0,0,2,0,3,3,3,4,3,32,
68,2,0,3,3,3,4,3,0,2,0,4,2,3,3,3,62,2,0,3,3,3,4,3,32,2,4,3,3,4,3,0,0,2,0,3,3,3,4,3,32,
68,2,0,4,3,3,4,3,1,2,1,4,3,3,4,3,62,2,1,4,3,3,4,3,32,2,4,3,3,4,3,0,1,2,1,4,3,3,4,3,32,
68,2,0,4,3,3,4,3,1,2,0,4,3,3,4,3,63,2,0,4,3,3,4,3,33,2,4,3,3,4,3,0,1,2,0,4,3,3,4,3,33,
70,2,0,4,3,3,4,4,1,2,0,4,3,3,4,4,65,2,0,4,3,3,4,4,32,2,4,3,3,4,4,0,1,2,1,4,3,3,4,4,32,
67,3,0,4,3,3,4,3,1,2,1,4,3,3,4,3,62,2,1,4,3,3,4,3,32,2,4,3,3,4,3,0,1,3,1,4,3,3,4,3,32,
84,3,0,4,3,3,4,3,1,2,1,4,3,3,4,3,79,2,1,4,3,3,4,3,47,2,4,3,3,4,3,0,1,3,1,4,3,3,4,3,47,
70,1,0,2,3,1,2,3,1,1,0,2,3,1,2,3,63,1,0,2,3,1,2,3,32,0,2,3,1,2,3,0,1,1,0,2,3,1,2,3,31,
70,3,0,4,3,3,5,3,1,2,1,4,3,3,4,3,65,2,1,4,3,3,5,3,32,2,4,3,3,4,3,0,1,3,1,4,3,3,5,3,31,
68,3,1,4,3,3,5,3,1,3,1,4,3,3,4,3,63,3,1,4,4,3,5,3,32,3,4,3,3,4,3,0,1,3,1,4,3,3,5,3,32,
69,13,0,4,3,3,5,4,1,13,1,4,3,3,4,4,64,13,1,4,4,3,5,4,32,13,5,3,3,4,4,0,1,13,1,4,3,3,5,4,31,
70,2,0,3,2,3,4,3,0,2,1,4,2,2,3,3,64,2,0,3,3,2,4,3,32,2,4,2,3,3,2,0,0,2,1,3,2,3,4,3,32,
73,2,0,3,3,3,4,3,0,2,1,4,2,2,3,3,67,2,0,3,3,2,4,3,35,2,4,3,3,3,2,0,0,2,1,3,3,3,4,3,34,
71,2,0,4,3,3,4,3,0,2,1,4,3,3,3,3,65,2,0,4,3,2,4,3,53,2,4,3,3,4,3,0,0,2,1,4,3,3,4,3,52,
72,2,0,3,3,3,4,3,1,2,1,4,3,3,3,3,66,2,0,4,3,3,4,3,34,2,4,3,3,4,3,0,1,2,1,3,3,3,4,3,34,
71,2,0,4,3,3,4,3,1,2,1,4,3,3,4,3,66,2,0,4,3,3,4,3,34,2,4,3,3,4,3,0,1,2,1,4,3,3,4,3,34,
72,2,0,4,3,3,4,3,1,2,1,4,3,3,4,3,65,2,0,4,3,3,4,3,33,2,4,3,3,4,3,0,1,2,1,4,3,3,4,3,33,
71,3,0,4,3,3,5,3,1,2,1,4,3,3,4,3,66,2,1,4,3,3,5,3,32,2,4,3,3,4,3,0,1,3,1,4,3,3,5,3,33,
70,3,0,4,3,3,4,3,1,3,1,4,3,3,4,3,65,2,1,4,3,3,5,3,34,2,4,3,3,4,3,0,1,3,1,4,3,3,4,3,35,
68,3,0,4,3,3,4,3,1,3,1,4,3,3,4,3,63,2,1,4,3,3,5,3,32,2,4,3,3,4,3,0,1,3,1,4,3,3,4,3,33,
70,3,0,4,3,3,4,5,1,3,1,4,3,3,4,5,65,2,1,4,3,3,5,5,35,2,4,3,3,4,5,0,1,3,1,4,3,3,4,5,35,
67,3,0,4,3,3,5,4,1,3,1,4,3,3,4,4,62,3,1,4,4,3,5,4,32,3,4,3,3,4,4,0,1,3,1,4,3,3,5,4,32,
71,3,0,4,3,3,5,4,1,3,1,4,3,3,4,3,62,3,1,4,3,3,5,4,32,2,4,3,3,4,3,0,1,3,1,4,3,3,5,3,32,
71,2,0,3,2,3,4,3,0,2,1,3,2,2,3,2,65,2,0,3,3,2,4,3,33,2,4,2,3,3,2,0,0,2,1,3,2,3,4,3,33,
69,2,0,3,3,2,7,3,0,2,1,4,2,2,6,3,63,2,0,3,3,2,7,3,32,2,4,3,2,6,3,0,0,2,1,3,3,2,7,3,32,
71,2,0,3,3,3,4,3,0,2,1,4,3,3,3,3,65,2,0,4,3,3,4,3,35,2,4,3,3,4,3,0,0,2,1,3,3,3,4,3,35,
68,2,0,4,4,3,4,3,1,2,1,4,4,3,3,3,63,2,0,4,4,3,4,3,32,2,4,4,3,4,3,0,1,2,1,4,4,3,4,3,32,
68,2,0,4,3,3,4,3,1,2,1,4,3,3,4,3,63,2,0,4,3,3,4,3,32,2,4,3,3,4,3,0,1,2,1,4,3,3,4,3,32,
71,4,0,13,5,12,14,4,1,4,1,13,4,12,13,4,65,4,1,13,4,12,14,4,34,4,13,4,12,13,4,0,1,4,1,13,5,12,14,4,35,
68,3,0,4,3,3,4,3,1,3,1,4,3,3,4,3,63,2,1,4,3,3,4,3,32,3,4,3,3,4,3,0,1,3,1,4,3,3,4,3,32,
75,3,0,4,3,3,4,3,1,3,1,4,3,3,4,3,70,2,1,4,3,3,4,3,36,2,4,3,3,4,3,0,1,3,1,4,3,3,4,3,37,
69,3,0,4,3,3,4,3,1,3,1,4,3,3,4,3,64,3,1,4,3,3,4,3,33,3,4,3,3,4,3,0,1,3,1,4,3,3,4,3,33,
67,3,0,4,3,3,6,4,1,3,1,4,3,3,6,3,62,3,1,4,4,3,7,3,32,3,4,3,3,6,3,0,1,3,1,4,3,3,6,4,32,
71,3,0,4,3,3,4,4,1,3,1,4,3,3,4,3,66,3,1,4,4,3,4,3,35,3,4,3,3,4,3,0,1,3,1,4,3,3,4,4,36,
67,3,1,4,3,3,4,3,1,3,1,4,3,3,4,3,62,3,1,4,4,3,4,3,32,3,4,3,3,4,3,0,1,3,1,4,3,3,4,3,32,
69,2,0,3,3,2,4,3,0,2,0,4,2,2,3,3,63,2,0,3,3,2,4,3,31,2,4,3,2,4,2,0,0,2,1,3,3,2,4,3,32,
69,2,0,3,3,3,4,3,0,2,0,4,2,2,3,3,63,2,0,3,3,2,4,3,32,2,4,3,3,3,3,0,0,2,1,15,3,3,4,3,32,
68,2,0,4,3,3,4,3,0,2,1,4,3,3,4,3,63,2,0,4,3,3,7,3,32,2,4,3,3,4,3,0,0,2,1,4,3,3,4,3,32,
71,2,0,4,3,3,4,3,1,2,1,4,3,3,4,3,67,2,0,4,3,3,4,3,35,2,4,3,3,4,3,0,0,2,1,4,3,3,4,3,35,
83,3,0,4,6,3,4,3,1,3,1,4,6,3,4,3,78,2,0,4,6,3,4,3,32,2,4,6,3,4,3,0,1,3,1,4,6,3,4,3,32,
68,2,1,4,3,3,4,3,1,2,1,4,3,3,4,3,63,2,0,4,3,3,4,3,31,2,4,3,3,4,3,0,1,2,1,4,3,3,4,3,31,
68,3,0,4,3,3,4,3,1,3,1,4,3,3,4,3,63,2,1,4,3,3,4,3,31,2,4,3,3,4,3,0,1,3,1,4,3,3,4,3,31,
68,3,0,4,3,3,5,3,1,3,1,4,3,3,4,3,63,2,1,4,3,3,5,3,31,2,4,3,3,4,3,0,1,3,1,4,3,3,5,3,31,
72,3,0,4,3,3,5,3,1,3,1,4,3,3,4,3,67,3,1,4,3,3,5,3,32,3,4,3,3,4,3,0,1,3,1,4,3,3,5,3,33,
67,3,0,4,3,3,5,3,1,3,1,4,3,3,4,3,62,3,1,4,3,3,5,3,31,3,4,3,3,4,3,0,1,3,1,4,3,3,5,3,31,
68,3,0,4,3,3,5,4,1,3,1,4,3,3,4,3,63,3,1,4,4,3,5,4,32,3,4,3,3,4,4,0,1,3,1,4,3,3,5,4,32,
74,3,0,4,3,3,5,4,1,3,1,4,3,3,4,3,66,3,1,4,4,3,5,4,35,3,4,3,3,4,4,0,1,3,1,4,3,3,5,4,35,
70,3,0,4,3,3,5,4,1,3,2,4,3,3,4,4,65,3,1,4,4,3,5,4,32,3,4,3,3,4,4,0,1,3,2,4,4,3,5,4,33,
68,2,0,3,3,3,4,3,0,2,1,3,2,2,3,3,62,2,0,3,3,2,4,3,31,2,4,2,3,3,3,0,0,2,1,3,3,3,4,3,31,
68,2,0,3,3,3,4,3,0,2,1,4,3,3,3,3,62,2,0,4,3,3,4,3,31,2,4,3,3,4,3,0,0,2,1,3,3,3,4,3,31,
67,2,0,4,3,3,5,3,1,2,1,4,3,3,4,3,62,2,1,4,3,3,5,3,31,2,4,3,3,5,3,0,1,2,1,4,3,3,5,3,31,
72,3,0,7,3,6,7,3,1,2,1,7,3,6,7,3,67,2,1,7,3,6,8,3,32,2,7,3,6,7,3,0,1,3,1,7,3,6,7,3,33,
67,2,0,4,3,3,4,3,1,2,1,4,3,3,4,3,62,2,1,4,3,3,4,3,31,2,4,3,3,4,3,0,1,2,1,4,3,3,4,3,32,
67,3,0,4,3,3,4,3,1,2,1,4,3,3,4,3,62,2,1,4,3,3,4,3,32,2,4,3,3,4,3,0,1,3,1,4,3,3,4,3,32,
68,14,0,4,4,3,4,4,2,14,1,5,4,3,4,4,63,13,1,5,4,3,5,4,32,13,5,4,3,4,4,0,2,14,1,4,4,3,4,4,33,
68,2,0,4,3,3,4,3,1,2,1,4,3,3,3,3,62,2,1,4,3,3,4,3,31,2,4,3,3,4,3,0,1,2,1,4,3,3,4,3,32,
71,3,0,4,3,3,4,3,1,3,1,4,3,3,4,3,66,3,1,4,3,3,4,3,32,3,4,3,3,4,3,0,1,3,1,4,3,3,4,3,33,
70,3,0,4,3,3,5,3,1,3,1,4,3,3,5,3,65,3,1,4,4,3,5,4,32,3,4,3,3,5,4,0,1,3,1,4,3,3,5,3,33,
68,3,0,4,3,3,5,4,1,3,1,4,3,3,4,3,63,3,1,4,4,3,5,4,32,3,4,3,3,5,4,0,1,3,1,4,3,3,5,4,33,
71,2,0,4,3,2,3,3,0,2,0,5,3,2,3,3,65,2,1,5,3,2,3,3,35,2,5,3,2,3,3,0,0,2,0,4,3,3,3,3,35,
68,2,0,4,3,3,4,3,0,2,1,5,3,3,4,3,62,2,1,4,3,2,4,3,31,2,5,3,3,4,3,0,0,2,1,4,3,3,4,3,32,
69,2,0,3,3,3,4,3,1,2,0,4,3,3,4,3,63,2,0,4,3,2,4,3,32,2,4,3,3,4,3,0,1,2,1,3,3,3,4,3,32,
67,2,0,4,3,3,4,3,1,2,1,4,3,3,4,3,62,2,1,4,3,3,4,3,32,2,4,3,3,4,3,0,1,2,1,4,3,3,4,3,32,
71,3,0,4,3,3,4,3,1,3,1,4,3,3,4,3,66,3,1,4,4,3,4,3,34,3,4,3,3,5,3,0,1,3,1,4,3,3,4,3,34,
71,3,0,4,3,6,7,3,1,3,1,4,3,3,7,3,66,3,1,4,3,3,7,3,32,2,4,3,5,7,3,0,1,3,1,4,3,6,7,3,32,
70,3,0,5,3,4,5,4,1,3,1,5,3,3,5,3,65,3,1,5,4,3,5,4,33,3,5,3,3,5,4,0,1,3,2,5,3,4,5,4,33,
69,3,0,4,3,3,4,3,1,3,1,4,3,3,4,3,64,2,1,4,3,3,4,3,32,2,4,3,3,4,3,0,1,3,1,4,3,3,4,3,32,
72,0,0,1,3,0,1,3,1,0,0,1,3,0,1,3,64,0,0,1,3,0,1,3,33,0,1,3,0,1,3,0,1,0,0,1,3,0,1,3,33,
67,3,0,4,3,3,4,3,1,3,1,4,3,3,4,3,62,2,1,4,3,3,4,3,31,2,4,3,3,4,3,0,1,3,1,4,3,3,4,3,31,
72,3,0,4,3,3,5,4,1,3,1,4,3,3,4,3,67,3,1,4,4,3,5,3,32,3,4,3,3,5,3,0,1,3,1,4,3,3,5,4,32,
68,2,0,3,3,2,4,3,0,2,1,3,2,2,4,3,62,2,1,3,3,2,4,3,31,2,3,2,2,4,3,0,0,2,1,3,3,2,4,3,31,
70,2,0,3,12,2,4,3,0,2,0,3,12,2,4,2,64,2,0,3,12,2,4,3,32,2,3,12,2,4,3,0,0,2,0,3,12,2,4,3,32,
85,2,0,6,3,3,4,3,0,2,0,6,3,2,4,3,79,2,0,6,3,2,4,3,34,2,6,3,3,4,3,0,0,2,0,6,3,3,4,3,34,
68,2,0,3,3,3,4,3,1,2,0,4,3,3,4,3,62,2,0,4,3,3,4,3,31,2,4,3,3,4,3,0,1,2,0,4,3,3,4,3,31,
68,2,0,4,3,3,4,3,1,2,1,4,3,3,4,3,62,2,1,4,3,3,4,3,31,2,4,3,3,4,3,0,1,2,1,4,3,3,4,3,31,
69,2,0,6,2,2,6,6,0,2,0,6,2,2,6,2,63,2,0,6,6,2,6,6,32,2,6,2,2,6,2,0,0,2,0,6,2,2,6,6,32,
68,3,0,4,3,3,4,3,1,2,0,4,3,3,4,3,63,2,0,4,3,3,4,3,32,2,4,3,3,4,3,0,1,2,0,4,3,3,4,3,32,
71,3,0,4,3,3,4,3,1,2,1,4,3,3,4,3,66,2,1,4,3,3,4,3,32,2,4,3,3,4,3,0,1,3,1,4,3,3,4,3,32,
68,3,0,4,3,3,4,3,1,2,1,4,3,3,4,3,63,2,1,4,3,3,4,3,32,2,4,3,3,4,3,0,1,3,1,4,3,3,4,3,32,
69,3,0,4,3,3,4,3,1,3,1,4,3,3,4,3,64,2,1,4,3,3,4,3,33,2,4,3,3,4,3,0,1,3,1,4,3,3,4,3,33,
75,7,1,7,7,7,7,7,1,3,1,7,7,7,7,7,68,3,1,7,7,7,7,7,37,3,7,7,7,7,7,0,1,7,1,7,7,7,7,7,37,
68,3,0,4,3,3,4,4,1,3,1,4,3,3,4,3,63,2,1,4,4,3,4,4,32,2,4,3,3,5,3,0,1,3,1,4,4,3,4,4,32,
69,4,0,4,4,4,4,4,1,4,1,4,4,4,4,4,64,3,1,4,4,4,4,4,33,4,4,4,4,5,4,0,1,4,1,4,4,4,4,4,33,
68,2,0,4,3,3,4,3,0,2,0,4,3,2,4,3,62,2,0,4,3,2,4,4,31,2,4,3,3,4,3,0,0,2,0,4,3,3,4,3,31,
69,2,0,3,3,3,4,3,0,2,0,3,3,2,4,3,63,2,0,3,3,2,4,3,32,2,4,3,3,4,3,0,0,2,0,3,3,3,4,3,31,
72,2,0,3,3,3,4,3,0,2,0,4,3,3,4,3,66,2,0,3,3,3,4,3,35,2,4,3,3,4,3,0,0,2,0,3,3,3,4,3,35,
70,2,0,4,3,3,4,3,1,2,1,4,3,3,4,3,65,2,0,4,3,3,4,3,32,2,4,3,3,4,3,0,1,2,1,4,3,3,4,3,32,
68,3,0,4,3,3,4,3,1,2,1,4,3,3,4,3,63,2,0,4,3,3,4,3,32,2,4,3,3,4,3,0,1,3,1,4,3,3,4,3,32,
71,2,0,3,3,3,4,3,0,2,1,3,2,2,4,3,63,2,0,3,3,2,4,3,32,2,3,3,3,4,3,0,0,2,0,3,3,3,4,3,31,
69,3,0,4,3,3,4,3,1,2,1,4,3,3,4,3,64,2,1,4,3,3,4,3,33,2,4,3,3,4,3,0,1,3,1,4,3,3,4,3,32,
71,3,0,4,3,3,4,13,1,2,1,4,3,3,4,13,66,2,1,4,3,3,4,14,32,2,4,3,3,4,14,0,1,3,1,4,3,3,4,13,32,
70,3,0,4,4,3,4,4,1,3,1,4,3,3,4,3,65,3,1,4,4,3,4,4,34,3,4,4,3,5,4,0,1,3,1,4,4,3,4,4,34,
69,3,0,4,3,3,4,3,1,3,1,4,3,3,4,3,64,2,1,4,4,3,4,4,33,2,4,3,3,4,3,0,1,3,1,4,3,3,4,3,33,
72,3,0,4,4,3,5,3,1,3,1,4,3,3,4,3,67,3,1,4,4,3,4,4,36,3,4,3,3,5,3,0,1,3,1,4,4,3,4,4,35,
69,3,0,4,4,3,4,4,1,3,1,4,4,3,4,3,64,3,1,4,4,3,5,4,33,3,4,5,3,5,3,0,1,3,1,4,4,3,4,4,33,
70,2,0,3,3,3,4,3,0,2,1,4,3,2,4,3,63,2,0,3,3,2,4,3,32,2,4,3,3,4,3,0,0,2,0,3,3,3,4,3,32,
71,2,0,3,3,3,4,3,0,2,1,4,3,3,4,3,65,2,0,3,3,3,4,3,32,2,4,3,3,4,3,0,0,2,0,3,3,3,4,3,32,
68,2,0,3,3,3,6,3,0,2,1,4,3,3,6,3,62,2,0,3,3,3,6,3,32,2,4,3,3,7,3,0,0,2,0,3,3,3,6,3,32,
72,2,0,4,3,3,4,3,1,2,1,4,3,3,4,3,66,2,0,4,3,3,4,3,35,2,4,3,3,4,3,0,0,2,1,4,3,3,4,3,35,
69,13,0,4,6,3,4,3,1,13,1,4,6,3,4,3,63,13,0,4,6,3,4,3,33,13,4,6,3,4,3,0,1,13,0,4,6,3,4,3,33,
67,3,0,4,3,3,4,3,1,2,1,4,3,3,4,3,62,2,0,4,3,3,4,3,32,2,4,3,3,4,3,0,1,3,1,4,3,3,4,3,32,
68,3,0,4,3,3,4,3,1,2,1,4,3,3,4,3,63,2,1,4,3,3,4,3,33,2,4,3,3,4,3,0,1,3,1,4,3,3,4,3,33,
69,3,0,4,3,3,4,3,1,3,1,4,3,3,4,3,64,2,1,4,3,3,4,3,33,2,4,3,3,4,3,0,1,3,1,4,3,3,4,3,33,
72,3,0,4,3,3,4,3,1,3,1,4,3,3,4,3,67,2,1,4,3,3,4,3,33,2,4,3,3,4,3,0,1,3,1,4,3,3,4,3,33,
69,3,0,4,3,3,4,3,1,3,1,4,3,3,4,3,64,3,1,4,3,3,4,3,33,2,4,3,3,4,3,0,1,3,1,4,3,3,4,3,33,
81,3,0,4,4,3,4,3,1,3,1,4,3,3,4,3,76,3,1,4,4,3,5,4,33,3,4,4,3,5,3,0,1,3,1,4,4,3,4,4,45,
75,3,0,4,4,3,4,4,1,3,1,4,3,3,4,3,69,3,1,4,3,3,4,4,37,3,4,3,3,5,3,0,1,3,1,4,4,3,4,4,37,
69,2,0,3,3,2,4,3,0,2,0,3,2,2,4,2,63,2,0,3,3,2,4,3,32,2,3,3,2,4,3,0,0,2,0,3,3,2,4,3,32,
68,2,0,3,3,2,4,3,0,2,1,3,2,2,4,3,62,2,0,3,3,2,4,3,31,2,3,3,2,4,3,0,0,2,0,3,3,2,4,3,31,
68,3,0,4,3,3,4,3,1,2,1,4,3,2,4,3,62,2,0,3,3,2,4,3,31,2,4,3,3,4,3,0,1,2,0,4,3,3,4,3,31,
68,2,0,3,3,3,4,3,0,2,1,4,2,2,4,3,62,2,0,3,3,2,4,3,31,2,4,3,3,4,3,0,0,2,0,3,3,3,4,3,31,
71,3,0,3,3,3,4,3,1,2,1,4,3,3,4,3,66,2,0,4,3,3,4,3,32,2,4,3,3,4,3,0,1,3,0,3,3,3,4,3,32,
67,3,0,3,3,3,4,3,1,2,1,4,3,3,4,3,62,2,0,4,3,3,4,3,31,2,4,3,3,4,3,0,1,3,1,4,3,3,4,3,31,
68,3,0,4,3,3,4,3,1,3,1,4,3,3,4,3,63,2,1,4,3,3,4,3,32,2,4,3,3,4,3,0,1,3,1,4,3,3,4,3,32,
71,0,0,1,3,0,1,3,1,0,0,1,3,0,1,3,63,0,0,1,3,0,1,3,31,0,1,3,0,1,3,0,1,0,0,1,3,0,1,3,31,
69,3,0,4,3,3,4,3,1,3,1,4,3,3,4,3,64,2,1,4,3,3,4,3,33,2,4,3,3,4,3,0,1,3,1,4,3,3,4,3,32,
73,3,0,4,3,3,4,3,1,3,1,4,3,3,4,3,67,2,1,4,3,3,4,3,32,2,4,3,3,4,3,0,1,3,1,4,3,3,4,3,32,
71,3,1,13,4,13,14,4,1,3,1,14,3,12,14,3,64,3,1,13,4,12,14,4,33,3,14,4,13,14,3,0,1,3,1,13,4,13,14,4,32,
69,3,0,4,4,3,4,3,1,3,1,4,3,3,4,3,64,3,1,4,3,3,4,4,33,2,4,3,3,4,3,0,1,3,1,4,4,3,4,3,32,
73,2,0,4,3,2,4,3,0,2,0,4,2,2,3,2,67,2,0,4,3,2,4,3,35,2,4,3,2,3,3,0,0,2,0,4,3,2,4,3,35,
69,2,0,3,3,3,4,3,0,2,0,4,3,2,4,3,63,2,0,3,3,2,4,3,32,2,4,3,3,4,3,0,0,2,0,3,3,2,4,3,31,
69,2,0,3,3,3,4,3,1,2,1,4,3,3,4,3,63,2,0,3,3,3,4,3,31,2,4,3,3,4,3,0,0,2,0,3,3,3,4,3,31,
69,2,0,3,3,3,4,3,1,2,1,4,3,3,4,3,63,2,0,4,3,3,4,3,32,2,4,3,3,4,3,0,1,2,1,4,3,3,4,3,31,
69,2,0,4,3,3,4,3,1,2,1,4,3,3,4,3,64,2,0,4,3,3,4,3,33,2,4,3,3,4,3,0,1,2,1,4,3,3,4,3,33,
72,3,0,4,3,3,4,3,1,2,1,4,3,3,4,3,67,2,0,4,3,3,4,3,33,2,4,3,3,4,3,0,1,3,1,4,3,3,4,3,33,
71,3,0,4,3,3,4,3,1,2,1,4,3,3,4,3,65,2,0,4,3,3,4,3,33,2,4,3,3,4,3,0,1,3,1,4,3,3,4,3,33,
69,3,0,4,3,3,4,3,1,2,1,4,3,3,4,3,64,2,1,4,3,3,4,3,33,2,4,3,3,4,3,0,1,3,1,4,3,3,4,3,33,
73,3,0,7,3,3,7,3,1,2,1,7,3,3,7,3,67,2,0,7,3,3,7,3,36,2,7,3,3,7,3,0,1,3,1,7,3,3,7,3,36,
70,3,0,15,4,3,4,6,1,3,1,15,3,3,4,6,65,3,1,15,4,3,4,6,33,2,15,3,3,4,6,0,1,3,1,15,4,3,4,6,33,
69,2,0,3,3,2,4,2,0,2,0,3,2,2,3,2,63,2,0,3,3,2,4,3,32,2,4,2,2,4,2,0,0,2,0,3,3,2,4,3,32,
71,3,0,4,3,3,4,3,1,2,1,4,3,3,4,3,63,2,1,4,3,3,4,3,32,2,4,3,3,4,3,0,1,2,1,4,3,3,4,3,32,
69,2,0,3,3,2,4,3,0,2,1,4,3,2,4,3,63,2,0,3,3,2,4,3,32,2,4,3,2,4,3,0,0,2,0,3,3,3,4,3,32,
72,2,0,3,3,3,4,3,0,2,1,4,2,2,4,3,66,2,0,3,3,2,4,3,35,2,4,3,3,4,3,0,0,2,0,3,3,3,4,3,34,
69,2,0,3,3,3,4,3,1,2,1,4,3,3,4,3,63,2,0,4,3,3,4,3,32,2,4,3,3,4,3,0,0,2,1,4,3,3,4,3,31,
69,2,0,4,3,3,4,3,1,2,1,4,3,3,4,3,64,2,0,4,3,3,4,3,33,2,4,3,3,4,3,0,1,2,1,4,3,3,4,3,32,
73,3,0,4,4,3,5,4,1,3,1,4,3,3,4,4,66,3,1,4,4,3,5,4,33,3,5,4,3,4,4,0,1,3,1,4,4,3,5,4,33,
69,3,0,4,3,3,4,3,1,3,1,4,3,3,4,3,64,3,1,4,4,3,4,4,33,2,4,3,3,4,3,0,1,3,1,4,3,3,4,3,32,
71,3,0,5,3,4,5,3,1,2,1,5,3,4,5,3,66,2,1,5,3,4,6,4,32,2,5,3,4,5,3,0,1,3,1,5,3,4,5,3,32,
81,3,0,4,3,3,4,3,1,3,1,4,3,3,4,3,76,3,1,4,4,3,4,4,45,2,4,3,3,4,3,0,1,3,1,4,3,3,4,3,45,
69,2,0,3,3,2,4,3,0,2,0,3,2,2,3,3,63,2,0,3,3,2,4,3,32,2,4,3,2,4,3,0,0,2,0,3,3,2,4,3,32,
73,2,0,4,3,3,7,3,1,2,1,7,3,3,7,3,66,2,0,4,3,3,7,3,35,2,7,3,3,7,3,0,1,2,0,4,3,3,7,3,35,
68,2,0,3,3,2,4,3,0,2,0,3,2,2,4,2,62,2,0,3,3,2,4,3,31,2,4,3,2,4,2,0,0,2,0,3,3,2,4,3,31,
69,5,0,3,3,3,4,3,0,5,1,4,2,2,4,3,62,5,0,3,3,2,4,3,31,5,4,3,3,4,3,0,0,5,0,3,3,3,4,3,31,
68,2,0,4,3,3,4,3,1,2,1,4,3,3,4,3,63,2,0,4,3,3,4,3,32,2,4,3,3,4,3,0,1,2,0,4,3,3,4,3,32,
68,2,0,4,3,3,4,3,1,2,1,4,3,3,4,3,63,2,0,4,3,3,4,3,32,2,4,3,3,4,3,0,1,2,1,4,3,3,4,3,32,
73,6,0,4,3,3,4,3,1,6,1,4,3,3,4,3,68,6,1,4,3,3,4,3,37,6,4,3,3,4,3,0,1,6,0,4,3,3,4,3,37,
68,3,0,4,6,3,4,3,1,3,1,4,5,3,4,3,63,2,1,4,6,3,4,3,32,2,4,6,3,4,3,0,1,3,1,4,6,3,4,3,32,
70,3,0,4,3,3,4,3,1,3,1,4,3,3,4,3,65,3,1,4,3,3,4,4,33,2,4,3,3,4,3,0,1,3,1,4,3,3,4,3,33,
68,5,0,4,3,3,5,3,1,5,1,4,3,3,4,3,63,5,1,4,4,3,5,4,32,5,4,4,3,4,3,0,1,5,1,4,3,3,5,3,32,
68,2,0,3,3,2,4,3,0,2,0,3,2,2,4,2,62,2,0,3,3,2,4,3,31,2,4,3,2,4,2,0,0,2,0,3,3,2,4,3,31,
72,2,0,3,3,2,3,3,0,2,0,3,2,2,3,2,66,2,0,3,3,2,4,3,31,2,4,3,2,3,2,0,0,2,0,3,3,2,3,3,31,
69,2,0,4,3,3,3,3,0,2,1,4,2,2,3,2,62,2,0,4,3,2,4,3,31,2,4,3,3,3,2,0,0,2,0,3,3,3,4,3,31,
69,3,0,4,3,3,4,3,1,2,1,4,3,3,4,3,63,2,1,4,3,3,4,3,32,2,4,3,3,4,3,0,1,3,1,4,3,3,4,3,32,
73,3,0,4,3,3,4,3,1,2,1,4,3,3,4,3,67,2,1,4,3,3,4,3,35,2,4,3,3,4,3,0,1,3,1,4,3,3,4,3,35,
68,3,0,4,3,3,4,3,1,2,1,4,3,3,4,3,63,2,0,4,3,3,4,3,32,2,4,3,3,4,3,0,1,2,0,4,3,3,4,3,32,
68,3,0,4,3,3,4,3,1,3,1,4,3,3,4,3,64,2,1,4,3,3,4,3,32,2,4,3,3,4,3,0,1,3,1,4,3,3,4,3,32,
69,3,0,4,3,3,4,3,1,3,1,4,3,3,4,3,64,2,1,4,3,3,4,3,32,2,4,3,3,4,3,0,1,3,1,4,3,3,4,3,32,
69,3,0,4,4,3,4,4,1,3,1,4,3,3,4,4,64,3,1,4,4,3,4,4,32,3,4,4,3,4,3,0,1,3,1,4,4,3,4,4,32,
71,3,0,5,4,5,6,4,1,3,1,6,3,4,6,3,67,3,1,5,4,5,6,4,32,2,6,3,5,5,3,1,1,3,1,5,4,5,6,3,32,
70,4,0,3,3,2,3,3,0,4,1,3,2,2,3,2,64,4,0,3,3,2,4,3,33,4,4,3,2,3,2,0,0,4,0,3,3,2,3,3,32,
69,2,0,3,3,2,3,3,0,2,1,3,2,2,3,2,63,2,0,3,3,2,4,3,31,2,4,3,2,3,2,0,0,2,0,3,3,2,3,3,31,
71,2,0,2,3,2,3,3,1,2,0,3,3,1,3,3,64,1,0,3,3,1,3,3,32,1,3,3,1,3,3,0,1,2,0,3,3,2,3,3,32,
69,2,0,3,2,2,3,2,0,2,0,3,2,2,3,2,63,1,0,3,2,2,3,2,32,1,3,2,2,3,2,0,0,2,0,3,2,2,3,2,31,
72,3,0,4,3,3,4,3,1,2,1,4,3,3,4,3,67,2,0,4,3,3,4,3,33,2,4,3,3,4,3,0,1,2,1,4,3,3,4,3,33,
69,3,0,4,3,3,4,3,1,2,1,4,3,3,4,3,64,2,0,4,3,3,4,3,33,2,4,4,3,4,3,0,1,3,1,4,3,3,4,3,33,
69,3,0,4,3,3,4,3,1,3,1,4,3,3,4,3,64,3,1,4,4,3,4,4,33,2,5,3,3,4,3,1,1,3,1,4,4,3,4,3,33,
76,3,0,4,3,3,4,3,1,3,1,4,3,3,4,3,68,2,1,4,3,3,4,3,38,2,4,3,3,4,3,1,1,3,1,4,3,3,4,3,38,
70,3,0,4,3,3,5,3,1,3,1,4,3,3,5,3,65,3,1,4,4,3,5,4,33,2,4,3,3,4,3,1,1,3,1,4,4,3,5,3,33,
68,3,0,4,4,3,4,4,1,3,1,4,3,3,4,3,63,3,1,4,4,3,5,4,32,3,4,4,3,4,3,1,1,3,1,4,4,3,4,4,32,
69,2,0,3,3,2,3,3,0,2,0,3,2,2,3,3,63,2,0,3,3,2,4,3,31,2,4,3,2,3,3,0,0,2,0,3,3,2,3,3,31,
69,2,0,3,3,3,3,3,0,2,1,4,2,2,3,3,63,2,1,3,3,2,4,3,32,2,4,3,3,3,3,1,0,2,1,3,3,3,3,3,32,
87,2,0,3,3,3,4,3,1,2,1,4,3,3,4,3,80,2,0,4,3,3,4,3,49,2,4,3,3,4,3,1,1,2,1,4,3,3,4,3,49,
68,2,0,4,3,3,4,3,1,2,0,4,3,3,4,3,63,2,0,4,3,3,4,3,32,2,4,3,3,4,3,0,1,2,0,4,3,3,4,3,32,
68,3,0,4,3,3,4,3,1,2,1,4,3,3,4,3,63,2,1,4,3,3,4,3,32,2,4,3,3,4,3,1,1,2,1,4,3,3,4,3,32,
74,4,0,4,6,3,4,6,4,3,3,4,6,3,4,6,69,3,3,4,6,3,4,6,35,3,4,6,4,4,6,4,4,4,3,4,6,3,4,6,35,
69,3,0,4,3,3,4,3,1,3,1,4,3,3,4,3,64,3,1,4,4,3,4,3,32,2,4,3,3,4,3,0,1,3,1,4,3,3,4,3,32,
72,3,0,4,4,3,4,4,1,3,1,4,3,3,4,3,67,3,1,4,4,3,5,4,32,3,4,3,3,4,4,0,1,3,1,4,4,3,4,4,32,
68,2,0,3,3,2,3,3,0,2,0,3,2,2,3,2,62,2,0,3,3,2,4,3,31,2,4,3,2,3,3,0,0,2,0,3,3,2,3,3,31,
68,2,0,3,3,2,3,3,0,2,0,3,2,2,3,2,62,2,0,3,3,2,4,3,31,2,4,3,2,3,3,0,0,2,0,3,3,2,3,3,31,
74,2,0,3,3,3,6,3,1,2,1,4,2,2,6,3,68,2,0,4,3,2,6,3,36,2,4,3,3,6,3,1,1,2,1,3,3,3,6,3,36,
70,2,0,4,3,3,4,3,1,2,1,4,3,2,4,3,64,2,0,4,3,2,4,3,32,2,4,3,3,4,3,0,1,2,1,4,3,3,4,3,32,
69,3,0,4,3,3,4,3,1,2,1,4,3,3,4,3,64,2,1,4,3,3,4,3,32,2,4,3,3,4,3,1,1,2,1,4,3,3,4,3,32,
69,3,0,4,3,3,4,3,1,2,1,4,3,3,4,3,64,2,0,4,3,3,4,3,32,2,4,3,3,4,3,0,1,3,1,4,3,3,4,3,32,
71,3,0,4,3,3,4,4,1,3,1,4,3,3,4,3,65,3,1,4,3,3,4,4,32,2,4,3,3,4,4,1,1,3,1,4,3,3,4,4,32,
73,2,0,3,2,2,3,2,0,2,0,3,2,2,3,2,67,2,0,3,2,2,3,2,33,1,3,2,2,3,2,0,0,2,0,3,2,2,3,2,33,
70,2,0,3,3,2,3,3,0,2,0,3,2,2,3,2,63,2,0,3,3,2,3,3,32,2,3,2,2,3,3,0,0,2,0,3,3,2,3,3,31,
69,2,0,3,3,2,3,3,0,2,0,3,2,2,3,2,63,2,0,3,3,2,3,3,31,2,3,3,2,3,2,0,0,2,0,3,3,2,3,3,31,
73,2,0,3,3,2,3,6,0,2,0,3,2,2,3,5,67,2,0,3,3,2,4,6,35,2,4,3,2,3,6,0,0,2,0,3,3,2,3,6,35,
69,2,0,3,3,2,3,3,0,2,0,3,2,2,3,3,63,2,0,3,3,2,4,3,32,2,4,3,3,3,3,1,0,2,0,3,3,2,3,3,32,
70,3,0,3,3,3,3,3,1,2,1,4,2,2,3,3,64,2,0,3,3,2,4,3,32,2,4,3,3,3,3,0,1,2,1,3,3,3,4,3,32,
70,3,0,3,3,3,4,3,1,2,1,4,2,3,3,3,64,2,0,4,3,3,4,3,33,2,4,3,3,4,3,0,1,3,1,3,3,3,4,3,33,
69,3,0,4,3,3,6,3,1,2,1,4,3,3,6,3,64,3,1,4,4,3,7,3,32,2,4,4,3,6,3,0,1,3,1,4,4,3,6,3,32,
72,3,0,4,3,3,4,3,1,2,1,4,3,3,4,3,67,2,1,4,4,3,4,3,35,2,4,3,3,4,3,0,1,2,1,4,3,3,4,3,35,
69,3,0,4,4,3,4,3,1,3,1,4,3,3,4,3,64,3,1,4,4,3,4,3,33,2,4,4,3,4,3,0,1,3,1,4,4,3,4,3,33,
69,3,0,4,4,3,4,3,1,3,1,4,3,3,4,3,64,3,1,4,4,3,4,4,33,2,4,3,3,4,4,0,1,3,1,4,3,3,4,4,33,
71,2,1,4,3,3,4,3,1,2,1,4,3,3,3,3,64,2,0,4,3,3,4,3,33,2,4,3,3,4,3,1,1,2,1,4,3,3,4,3,33,
68,2,0,3,3,2,3,3,0,2,0,3,2,2,3,2,62,2,0,3,3,2,3,3,31,1,3,2,2,3,2,0,0,2,0,3,3,2,3,3,31,
72,2,0,3,3,2,3,3,0,2,0,3,2,2,3,2,66,2,0,3,3,2,4,3,32,2,4,3,2,3,3,0,0,2,0,3,3,2,3,3,32,
69,2,0,3,3,3,4,3,0,2,0,4,2,2,3,3,63,2,0,3,3,2,4,3,32,2,4,3,3,3,3,0,0,2,0,3,3,3,4,3,32,
69,2,0,3,3,3,4,3,1,2,1,4,3,3,3,3,63,2,0,4,3,3,4,3,32,2,4,3,3,4,3,0,1,2,0,3,3,3,4,3,32,
72,2,1,4,3,3,4,3,1,2,1,4,3,3,4,3,67,2,0,4,3,3,4,3,35,2,4,3,3,4,3,0,1,2,1,4,3,3,4,3,35,
69,3,0,4,3,3,4,3,1,2,1,4,3,3,4,3,64,3,0,4,3,3,4,3,32,2,4,3,3,4,3,0,1,3,1,4,3,3,4,3,32,
69,3,0,4,3,3,4,3,1,3,1,4,3,3,4,3,64,3,1,4,3,3,4,3,32,2,4,3,3,4,3,0,1,3,1,4,3,3,4,3,32,
80,2,0,3,2,2,3,2,0,2,0,3,2,2,3,2,74,2,0,3,3,2,3,2,31,1,3,2,2,3,3,0,0,2,0,3,2,2,3,2,41,
69,2,0,3,3,2,6,2,0,2,0,3,2,2,6,2,63,2,0,3,3,2,6,3,31,1,3,2,2,6,3,0,0,2,0,3,3,2,6,3,31,
73,2,0,3,3,2,4,3,0,2,0,4,2,2,3,2,67,2,0,3,3,2,4,3,35,2,4,3,3,3,3,0,0,2,0,3,3,2,4,3,35,
69,2,0,4,3,3,4,3,0,2,0,4,2,3,4,2,63,2,0,4,3,3,4,3,31,2,4,3,3,4,3,0,0,2,0,4,3,3,4,3,31,
72,2,0,3,3,3,4,3,1,2,0,4,2,2,3,2,66,2,0,3,3,2,4,3,33,2,4,3,3,3,3,0,1,2,0,3,3,3,4,3,33,
713,2,0,4,3,2,3,3,0,2,0,4,3,1,3,3,64,2,0,4,3,1,3,3,32,2,4,3,2,3,3,0,0,2,0,4,3,2,3,3,32,
73,3,1,4,4,3,4,4,1,3,1,4,3,3,4,3,68,3,1,4,4,3,4,4,33,3,4,4,3,4,4,0,1,3,1,4,4,3,4,4,33,
70,2,0,3,3,2,3,3,0,2,0,3,2,2,3,2,64,2,0,3,3,2,4,3,32,2,4,3,2,3,3,0,0,2,0,3,3,2,3,3,32,
71,2,0,3,3,3,4,3,1,2,1,3,2,2,3,2,65,2,0,3,3,2,4,3,33,2,4,3,2,3,3,0,1,2,1,3,3,3,4,3,33,
73,2,0,6,3,2,4,3,0,2,0,6,2,2,3,2,67,2,0,6,3,2,4,3,35,2,6,3,2,3,3,0,0,2,1,6,3,2,4,3,35,
70,2,0,4,3,3,4,3,1,2,0,4,3,2,4,3,64,2,0,4,3,2,4,3,32,2,4,3,3,4,3,0,1,2,0,3,3,3,4,3,32,
75,3,1,4,4,3,4,4,1,3,1,4,3,3,4,3,64,3,1,4,3,3,4,4,32,2,4,3,3,4,4,0,1,3,1,4,4,3,4,4,32,
70,2,0,3,2,2,3,2,0,1,0,3,2,2,3,2,64,1,0,3,2,2,3,2,31,1,3,2,2,3,2,0,0,2,0,3,2,2,3,2,31,
70,3,0,4,3,3,4,3,1,3,1,4,3,3,4,3,65,2,1,4,3,3,4,3,32,2,4,3,3,4,3,0,1,3,1,4,3,3,4,3,32,
74,3,0,4,3,8,8,3,1,3,1,4,3,3,8,3,69,3,1,4,3,3,8,3,35,2,4,3,6,8,3,0,1,3,1,4,3,8,8,3,34,
70,2,0,3,3,2,3,2,0,2,0,3,2,2,3,2,65,2,0,3,2,2,3,3,33,1,3,2,2,3,3,0,0,2,0,3,3,2,3,2,33,
72,2,0,3,3,2,4,3,1,2,1,3,2,2,3,2,66,2,1,3,3,2,4,3,34,2,4,3,2,3,3,0,1,2,1,3,3,2,4,3,34,
73,0,0,1,4,1,2,4,1,0,0,2,3,0,1,3,65,0,0,1,4,0,2,4,34,0,2,4,1,1,4,0,1,0,0,1,4,1,2,4,34,
70,2,0,3,3,3,4,3,1,2,0,4,2,2,3,3,64,2,0,3,3,2,4,3,33,2,4,3,2,3,3,0,1,2,0,3,3,3,4,3,33,
73,2,0,3,3,3,4,3,1,2,1,4,3,3,3,3,67,2,0,3,3,3,4,3,33,2,4,3,3,3,3,0,1,2,0,3,3,3,4,3,33,
69,2,0,3,3,3,4,3,1,2,1,4,3,3,4,3,64,2,0,4,3,3,4,3,33,2,4,3,3,4,3,0,1,2,1,3,3,3,4,3,33,
70,3,0,4,3,3,4,3,1,2,0,4,3,3,4,3,65,2,0,4,3,3,4,3,33,2,4,3,3,4,3,0,1,3,0,4,3,3,4,3,33,
72,3,0,4,3,3,4,3,1,2,1,4,3,3,4,3,67,2,1,4,3,3,4,3,36,2,4,3,3,4,3,0,1,3,1,4,3,3,4,3,36,
70,3,0,4,3,3,4,3,1,2,1,4,3,3,4,3,65,2,1,4,3,3,4,3,33,2,4,3,3,4,3,0,1,3,1,4,3,3,4,3,33,
70,3,0,4,3,3,4,3,1,3,1,4,3,3,4,3,65,2,1,4,3,3,4,3,33,2,4,3,3,4,3,0,1,3,1,4,3,3,4,3,33,
70,3,0,4,4,3,4,4,1,3,1,4,3,3,4,3,65,3,1,4,4,3,4,4,33,2,4,3,3,4,4,0,1,3,1,4,4,3,4,4,33,
70,3,1,4,4,3,4,3,1,3,1,4,3,3,4,3,65,3,1,4,4,3,5,4,33,3,4,3,3,4,3,0,1,3,1,4,4,3,4,4,33,
73,12,0,3,3,2,3,3,0,12,0,3,2,2,3,2,67,12,0,3,3,2,4,3,32,12,3,3,2,3,3,0,0,12,0,3,3,2,3,3,32,
71,2,0,3,3,2,3,3,0,2,0,3,2,2,3,2,65,2,0,3,3,2,4,3,33,2,4,3,2,3,3,0,0,2,0,3,3,2,4,3,33,
70,2,0,3,3,2,3,3,0,2,0,3,2,2,3,2,64,2,0,3,3,2,4,3,32,2,3,3,2,3,3,0,0,2,0,3,3,2,3,3,32,
73,5,0,5,5,5,5,5,1,5,0,5,5,5,5,5,67,5,0,5,5,5,5,5,35,2,5,5,5,5,5,0,1,5,0,5,5,5,5,5,35,
70,2,0,4,3,3,4,3,1,2,0,4,3,3,4,3,64,2,0,4,3,3,4,3,32,2,4,3,3,4,3,0,1,2,0,4,3,3,4,3,32,
87,3,0,4,3,3,4,3,1,3,0,4,3,3,4,3,81,2,1,4,3,3,4,3,32,2,4,3,3,4,3,0,1,3,0,4,3,3,4,3,32,
73,3,0,4,3,3,4,3,1,2,1,4,3,3,4,3,68,2,1,4,3,3,4,3,34,2,4,3,3,4,3,0,1,3,1,4,3,3,4,3,34,
74,2,0,3,3,2,3,3,0,2,0,3,2,2,3,2,66,2,0,3,3,2,4,3,34,2,3,3,2,3,3,0,0,2,0,3,3,2,3,3,34,
74,3,0,4,3,3,4,3,1,3,1,7,3,3,4,3,69,3,1,7,3,3,4,3,37,2,7,3,3,4,3,0,1,3,1,4,3,3,4,3,37,
72,3,0,4,3,3,4,3,1,3,1,4,3,3,4,3,67,3,1,4,3,3,5,4,35,2,4,3,3,4,4,0,1,3,0,4,3,3,4,3,35,
72,3,0,4,3,3,4,3,1,3,1,4,3,3,4,3,67,3,1,4,3,3,4,3,35,2,4,3,3,4,3,0,1,3,1,4,3,3,4,3,35,
74,2,0,3,2,2,3,2,0,2,0,3,2,2,3,2,66,2,0,3,2,2,3,2,34,1,3,2,2,3,2,0,0,2,0,3,2,2,3,2,34,
72,2,0,4,3,3,4,3,1,2,0,4,2,2,3,3,66,2,0,4,3,2,4,3,34,2,4,3,3,4,3,0,0,2,0,4,3,3,4,3,34,
75,2,0,3,3,2,3,3,0,2,0,5,2,2,3,2,69,2,1,3,3,2,4,3,34,2,4,3,2,3,3,0,0,2,0,3,3,2,3,3,34,
73,2,0,3,3,3,4,3,0,2,0,4,2,2,3,2,65,2,0,3,3,2,4,3,34,2,4,3,2,3,3,0,0,2,0,3,3,3,4,3,34,
72,2,0,3,3,3,4,3,1,2,0,4,3,3,4,3,66,2,1,4,3,3,4,3,34,2,4,3,3,4,3,0,1,2,0,3,3,3,4,3,34,
79,3,0,8,4,8,9,4,1,3,1,9,3,7,8,3,71,3,1,8,4,7,9,4,39,3,9,4,7,8,4,0,1,3,1,8,4,8,9,4,39,
72,3,1,4,3,3,4,3,1,2,0,4,3,3,4,3,66,2,0,4,3,3,4,3,34,2,4,3,3,4,3,0,1,3,0,4,3,3,4,3,34,
70,4,0,3,3,3,4,3,1,4,0,4,3,3,4,3,65,4,0,4,3,3,4,3,33,4,4,3,3,4,3,0,1,4,0,3,3,3,4,3,33,
70,3,1,4,3,3,4,3,1,3,1,4,3,3,4,3,65,2,1,4,3,3,4,3,33,2,4,3,3,4,3,0,1,3,1,4,3,3,4,3,33,
73,3,0,4,3,3,6,3,1,3,0,4,3,3,6,3,65,3,1,4,4,3,6,3,33,2,4,3,3,6,3,0,1,3,0,4,3,3,6,3,33,
72,3,0,4,3,3,4,3,1,3,1,4,3,3,4,3,67,3,1,4,3,3,4,3,35,2,4,3,3,4,3,0,1,3,1,4,3,3,4,3,35,
70,2,0,3,6,2,3,2,0,2,0,3,5,2,3,2,64,2,0,3,6,2,3,3,32,2,3,6,2,3,2,0,0,2,0,3,6,2,3,2,32,
70,3,1,4,4,3,5,4,1,3,1,4,3,3,4,3,65,3,1,4,4,3,5,4,33,3,4,4,3,4,4,0,1,3,1,4,4,3,5,4,33,
70,2,0,3,3,2,4,3,0,2,0,3,2,2,3,2,64,2,0,3,3,2,4,3,32,2,3,3,2,3,3,0,0,2,0,3,3,2,4,3,32,
70,2,0,3,3,2,4,3,0,2,0,3,2,2,3,2,64,2,0,3,3,2,4,3,32,2,3,3,2,3,3,0,0,2,0,3,3,2,4,3,32,
