29,2,2,3,0,2,2,2,3,2,2,
9,2,2,3,0,2,2,2,3,2,2,
9,2,2,3,0,2,2,2,3,2,2,
9,2,2,3,0,2,2,2,3,2,2,
9,2,2,3,0,2,2,2,3,3,2,
9,2,3,3,0,2,2,2,3,3,2,
9,2,3,3,0,2,2,2,3,2,2,
9,3,3,3,0,2,2,3,3,3,3,
9,3,3,3,0,2,2,3,3,3,3,
12,3,3,6,0,4,3,4,4,3,3,
12,6,6,6,0,5,5,5,5,6,6,
9,2,3,3,0,2,2,3,3,2,2,
9,3,3,3,0,2,2,3,3,3,3,
9,3,3,3,0,2,2,3,3,3,3,
9,3,3,3,0,2,2,3,3,3,3,
9,3,3,3,0,2,2,3,3,3,3,
10,3,3,4,0,2,2,3,3,3,3,
10,3,3,4,0,2,2,3,3,3,3,
10,3,3,4,0,3,2,3,3,3,3,
10,3,3,4,0,3,3,3,3,3,3,
10,3,3,4,0,3,3,3,3,3,3,
10,3,3,4,0,3,2,3,3,3,3,
10,3,3,4,0,3,3,3,3,3,3,
10,3,3,4,0,3,3,3,3,3,3,
9,3,3,4,0,3,2,3,3,3,3,
9,3,3,4,0,3,3,3,3,3,3,
9,3,3,4,0,3,3,3,3,3,3,
9,2,2,3,0,2,2,2,2,2,2,
9,2,2,3,0,2,2,2,2,2,2,
9,3,3,4,0,3,3,3,3,3,3,
9,3,3,3,0,2,2,2,3,3,3,
10,3,3,4,0,2,2,3,2,3,3,
12,6,3,6,0,2,2,3,2,6,3,
9,3,3,3,0,2,2,3,3,3,3,
30,24,23,24,0,2,2,23,24,24,23,
10,4,4,4,0,3,3,3,3,4,4,
9,3,3,3,0,2,2,3,2,3,3,
9,3,3,3,0,2,2,3,3,3,3,
10,3,3,3,0,2,2,3,2,3,3,
9,3,3,3,0,2,2,3,2,3,3,
9,3,3,3,0,2,2,3,3,3,3,
9,3,3,3,0,2,2,3,3,3,3,
9,3,3,3,0,2,2,3,3,3,3,
10,3,3,4,0,3,2,3,3,3,3,
10,3,3,4,0,3,3,3,3,3,3,
10,3,3,4,0,2,2,3,3,3,3,
10,3,3,4,0,3,3,3,3,3,3,
10,3,3,4,0,3,3,3,3,3,3,
10,3,3,4,0,3,2,3,3,3,3,
10,3,3,4,0,2,2,3,3,3,3,
9,3,3,4,0,3,3,3,3,3,3,
9,3,3,4,0,3,3,3,3,3,3,
9,3,3,4,0,3,3,3,3,3,3,
9,3,2,3,0,2,2,2,2,3,2,
9,2,2,3,0,2,2,2,2,2,2,
9,3,3,3,0,2,2,3,2,3,3,
9,3,3,3,0,2,2,2,2,3,3,
9,3,3,3,0,2,2,2,2,3,3,
9,3,3,3,0,2,2,3,3,3,3,
9,3,3,3,0,2,2,3,2,3,3,
9,3,3,3,0,2,2,3,3,3,3,
9,3,3,3,0,2,2,3,3,3,3,
9,3,3,3,0,2,2,3,3,3,3,
9,3,3,3,0,2,2,3,3,3,3,
9,3,3,3,0,2,2,3,3,3,3,
18,3,3,3,0,2,2,3,3,3,3,
10,3,3,4,0,2,2,3,3,3,3,
9,3,3,4,0,3,2,3,3,3,4,
12,3,3,3,0,2,2,3,2,3,3,
10,3,4,4,0,3,2,3,3,3,4,
10,3,4,4,0,3,3,3,3,4,4,
10,3,3,4,0,3,3,3,3,3,3,
10,3,3,4,0,3,3,3,3,3,3,
13,6,6,7,0,6,6,6,6,6,6,
10,3,3,4,0,3,3,3,3,3,3,
10,3,3,4,0,3,3,3,3,3,3,
9,3,3,4,0,3,3,3,3,3,3,
9,3,3,4,0,3,3,3,3,3,3,
9,2,3,3,0,2,2,2,2,2,3,
9,2,2,3,0,2,2,3,2,2,2,
9,3,3,3,0,2,2,3,2,2,3,
9,2,2,3,0,2,2,2,2,2,2,
9,3,3,3,0,2,2,3,3,3,3,
9,3,3,3,0,2,2,2,3,3,3,
9,3,3,3,0,2,2,3,2,3,3,
9,3,3,3,0,2,2,3,3,3,3,
9,3,3,3,0,2,2,3,3,3,3,
10,3,3,3,0,2,2,3,3,3,3,
9,3,3,4,0,2,2,3,3,3,3,
9,3,3,4,0,2,2,3,3,3,3,
9,3,3,4,0,2,2,3,3,3,3,
9,3,3,4,0,2,2,3,3,3,3,
10,3,3,4,0,3,2,3,3,3,3,
10,3,3,4,0,2,2,3,3,3,3,
10,3,3,4,0,3,2,3,3,3,3,
10,3,3,4,0,3,3,3,3,3,3,
10,3,4,4,0,3,3,3,3,3,4,
10,3,3,4,0,3,3,3,3,3,3,
10,3,3,4,0,3,2,3,3,3,3,
10,3,3,4,0,3,3,3,3,3,3,
10,3,3,4,0,3,3,3,3,3,4,
10,3,3,4,0,3,3,3,3,3,4,
9,3,4,4,0,3,3,3,3,3,4,
9,2,2,3,0,2,2,2,2,2,3,
9,2,3,3,0,2,2,2,2,2,3,
9,2,3,3,0,2,2,2,2,2,3,
11,4,5,5,0,4,4,5,4,4,5,
9,3,3,3,0,2,2,3,3,3,3,
9,2,3,3,0,2,2,2,2,2,3,
12,3,3,6,0,2,2,3,3,3,3,
9,3,3,3,0,2,2,3,3,3,3,
9,3,3,3,0,2,2,3,3,3,3,
9,3,3,3,0,2,2,3,3,3,3,
9,3,3,3,0,2,2,3,3,3,3,
9,3,3,3,0,2,2,3,3,3,3,
9,3,3,3,0,2,2,3,3,3,3,
9,3,3,4,0,2,2,3,3,3,3,
9,3,3,4,0,2,2,3,3,3,3,
10,3,3,4,0,3,3,3,3,3,3,
9,3,3,4,0,2,3,3,3,3,3,
12,3,3,4,0,3,3,3,3,3,3,
10,3,3,4,0,3,3,3,3,3,3,
10,3,3,4,0,3,3,3,3,3,3,
10,3,3,4,0,3,3,3,3,3,3,
10,3,3,4,0,3,3,3,3,3,3,
10,3,3,4,0,3,3,3,3,3,3,
10,2,2,3,0,2,2,2,2,2,3,
9,2,3,3,0,2,2,2,2,2,3,
9,3,3,4,0,3,3,3,3,3,3,
9,3,3,4,0,3,3,3,3,3,3,
9,2,2,3,0,2,2,2,2,2,2,
9,2,3,3,0,2,2,2,2,2,3,
9,2,3,3,0,2,2,2,2,2,3,
9,2,3,3,0,2,2,2,3,2,3,
9,3,3,3,0,2,2,2,3,3,3,
9,3,3,3,0,2,2,3,3,3,3,
10,3,3,4,0,2,2,3,3,3,3,
9,3,3,3,0,2,2,3,3,3,3,
9,3,3,3,0,2,2,2,3,3,3,
9,3,3,3,0,2,2,3,3,3,3,
9,3,3,3,0,2,2,3,3,3,3,
9,3,3,3,0,2,2,3,3,3,3,
9,3,3,3,0,2,2,3,3,3,3,
9,3,3,3,0,2,3,3,3,3,3,
10,3,3,4,0,2,2,3,4,3,3,
10,3,3,3,0,2,2,3,3,3,3,
10,3,3,4,0,3,3,3,3,3,3,
10,3,3,4,0,3,3,3,3,3,3,
9,3,3,4,0,3,3,3,3,3,3,
10,3,3,4,0,3,3,3,3,3,3,
13,6,6,7,0,3,3,6,6,6,6,
10,2,3,3,0,2,2,3,2,2,3,
10,3,3,4,0,3,3,3,3,3,3,
9,3,3,4,0,3,3,3,3,3,3,
9,2,3,3,0,2,2,2,2,2,3,
9,2,3,3,0,2,2,2,2,2,3,
12,3,3,3,0,2,2,3,2,3,3,
9,3,3,3,0,2,2,3,2,3,3,
9,3,3,3,0,2,2,3,3,2,3,
9,3,3,3,0,2,2,3,3,3,3,
9,2,3,3,0,2,2,3,3,2,3,
9,3,3,3,0,2,2,3,3,3,3,
9,3,3,3,0,2,2,3,3,3,3,
9,3,3,3,0,2,2,3,3,3,3,
9,3,3,3,0,2,2,3,3,3,3,
9,3,3,3,0,2,2,3,3,3,3,
9,3,3,3,0,3,3,3,3,3,3,
9,3,3,3,0,2,3,3,3,3,3,
9,3,3,3,0,2,3,3,3,3,3,
9,3,3,3,0,2,2,3,3,3,3,
9,3,3,4,0,3,3,3,3,3,3,
9,3,3,4,0,3,3,3,3,3,3,
10,3,3,4,0,3,3,3,3,3,3,
10,3,3,4,0,3,3,3,3,3,3,
10,3,3,4,0,3,3,3,3,3,3,
10,3,3,4,0,3,3,3,3,3,3,
10,3,3,4,0,3,3,3,3,3,3,
10,3,3,4,0,3,3,3,3,3,3,
9,3,3,4,0,3,3,3,3,3,3,
9,3,3,4,0,3,3,3,3,3,3,
9,2,3,3,0,2,2,3,2,2,3,
10,3,3,4,0,3,3,3,3,3,3,
9,2,3,3,0,2,2,2,2,2,3,
9,3,3,3,0,2,3,3,3,3,3,
9,3,3,3,0,2,2,3,3,3,3,
9,3,3,3,0,2,2,3,2,3,3,
12,5,6,6,0,5,5,6,5,5,6,
9,3,3,3,0,2,2,3,3,3,3,
9,3,3,3,0,2,2,3,3,3,3,
9,3,3,3,0,2,2,3,3,3,3,
10,3,3,4,0,3,2,3,3,3,3,
12,3,6,6,0,2,2,3,3,3,6,
9,3,3,3,0,2,2,3,3,3,3,
9,3,3,4,0,2,2,3,3,3,3,
9,3,3,3,0,2,2,3,3,3,3,
10,3,3,4,0,3,3,3,3,3,3,
10,3,3,4,0,3,3,3,3,3,3,
9,3,3,3,0,3,3,3,3,3,3,
9,3,3,4,0,3,3,3,3,3,3,
10,3,3,4,0,3,3,3,3,3,3,
10,3,3,4,0,3,3,3,3,3,3,
10,3,3,4,0,3,3,3,3,3,3,
11,2,3,3,0,2,2,3,3,2,3,
9,3,3,4,0,3,3,3,3,3,3,
9,3,3,4,0,3,3,3,3,3,3,
9,2,2,3,0,2,2,2,2,2,2,
9,2,3,3,0,2,2,2,2,2,3,
9,2,3,3,0,2,2,2,2,2,3,
9,2,3,3,0,2,2,3,3,2,3,
9,3,3,3,0,2,2,2,2,3,3,
9,2,3,3,0,2,2,3,3,2,3,
9,3,3,3,0,2,2,3,2,3,3,
9,2,3,3,0,2,2,3,3,2,3,
9,3,3,3,0,2,2,3,3,3,3,
9,2,3,3,0,2,2,3,3,3,3,
9,3,3,4,0,2,2,3,3,3,3,
9,3,3,3,0,2,2,3,3,3,3,
9,3,3,4,0,2,2,3,3,3,3,
9,3,3,3,0,2,2,3,3,3,3,
9,3,3,3,0,2,2,3,3,3,3,
10,3,3,4,0,3,2,3,3,3,3,
10,3,3,4,0,3,3,3,3,3,3,
10,3,3,4,0,3,3,3,3,3,3,
10,3,3,4,0,3,3,3,3,3,3,
9,3,3,4,0,3,3,3,3,3,3,
10,3,3,4,0,3,3,3,3,3,3,
10,3,3,4,0,3,3,3,3,3,3,
13,3,4,7,0,3,3,3,3,3,4,
11,2,3,3,0,2,2,2,2,2,3,
9,3,3,4,0,3,3,3,3,3,3,
9,2,3,3,0,2,2,2,2,2,3,
9,2,3,3,0,2,2,2,2,2,3,
9,2,3,3,0,2,2,2,2,2,3,
10,2,2,3,0,2,2,2,2,2,2,
9,2,3,3,0,2,2,3,3,2,3,
9,3,3,3,0,2,2,3,3,3,3,
9,2,3,3,0,2,2,3,3,2,3,
9,3,3,3,0,2,2,3,3,3,3,
9,3,3,3,0,2,2,3,3,3,3,
9,2,3,3,0,2,2,3,3,2,3,
9,3,3,4,0,2,2,3,3,3,3,
9,3,3,4,0,2,2,3,3,3,3,
9,3,3,3,0,2,2,3,3,3,3,
9,3,3,4,0,2,2,3,3,3,3,
10,3,3,4,0,3,3,3,3,3,3,
9,3,3,4,0,3,3,3,3,3,3,
10,3,3,4,0,3,3,3,3,3,3,
10,3,3,4,0,3,3,3,3,3,3,
10,3,3,4,0,3,3,3,3,3,3,
10,3,3,4,0,3,3,3,3,3,3,
10,3,3,4,0,3,3,3,3,3,3,
31,24,3,4,0,3,3,3,3,24,3,
11,3,3,4,0,2,2,3,3,3,3,
10,3,3,4,0,3,3,3,3,3,3,
9,2,3,3,0,2,2,2,2,2,3,
9,3,3,3,0,2,2,3,3,3,3,
9,3,2,3,0,2,2,2,2,3,2,
9,3,3,4,0,3,3,3,3,3,3,
9,3,3,3,0,2,2,3,3,3,3,
9,3,2,3,0,2,2,3,3,2,2,
9,3,3,3,0,2,2,2,2,3,3,
9,3,3,3,0,2,2,3,3,2,3,
9,3,2,3,0,2,2,3,3,2,2,
9,3,3,3,0,2,2,2,2,3,3,
9,3,3,3,0,2,2,3,3,3,3,
9,3,3,3,0,2,2,3,3,3,3,
30,3,24,4,0,3,2,3,3,3,24,
10,3,3,4,0,3,3,3,3,3,3,
9,2,3,3,0,2,2,3,2,2,3,
9,2,3,3,0,2,2,3,2,2,3,
9,3,3,3,0,2,2,3,3,3,3,
9,3,3,4,0,2,2,3,3,3,3,
9,3,3,4,0,3,2,3,3,3,3,
12,6,6,7,0,6,5,6,6,6,6,
9,3,3,4,0,3,3,3,3,3,3,
10,3,3,4,0,3,2,3,3,3,3,
9,3,3,4,0,3,3,3,3,3,3,
9,3,3,4,0,3,3,3,3,3,3,
10,3,3,4,0,3,3,3,3,3,3,
10,3,3,4,0,3,2,3,3,3,3,
10,2,2,3,0,2,2,2,2,2,3,
9,2,3,3,0,2,2,2,2,2,3,
9,2,2,3,0,2,2,2,2,2,2,
9,2,2,3,0,2,2,2,2,2,2,
9,2,3,3,0,2,2,2,2,2,3,
9,2,3,3,0,2,2,2,2,2,3,
9,3,3,3,0,2,2,2,2,3,3,
9,3,3,3,0,2,2,2,2,2,3,
9,2,3,3,0,2,2,3,2,2,3,
9,3,3,3,0,2,2,2,2,2,3,
9,2,3,3,0,2,2,3,3,2,3,
9,2,3,3,0,2,2,3,3,2,3,
9,3,3,3,0,2,2,3,3,3,3,
9,3,3,3,0,2,2,3,3,2,3,
9,3,3,3,0,2,2,3,3,3,3,
9,3,3,3,0,2,2,3,3,3,3,
9,3,3,4,0,2,2,3,3,3,3,
9,3,3,4,0,2,3,3,3,3,3,
9,3,3,4,0,3,2,3,3,3,3,
9,3,3,4,0,3,2,3,3,3,3,
9,3,3,4,0,3,2,3,3,3,3,
10,3,3,4,0,3,2,3,3,3,3,
10,3,3,4,0,3,2,3,3,3,3,
10,3,3,4,0,3,2,3,3,3,3,
10,3,3,4,0,3,3,3,3,3,3,
10,3,3,4,0,3,3,3,3,3,3,
10,3,4,4,0,3,3,3,3,3,3,
9,2,2,3,0,2,2,2,2,2,3,
9,3,3,4,0,3,3,3,3,3,3,
12,3,3,4,0,3,3,3,3,3,3,
9,2,3,3,0,2,2,2,2,2,3,
9,2,2,3,0,2,2,2,2,2,2,
9,2,3,3,0,2,2,2,2,2,3,
9,2,3,3,0,2,2,2,2,2,3,
12,6,5,6,0,2,2,2,2,5,6,
9,2,3,3,0,2,2,3,2,2,3,
9,3,3,3,0,2,2,3,3,3,3,
9,3,3,3,0,3,3,3,3,3,3,
9,3,3,4,0,2,2,3,3,3,3,
9,3,3,3,0,2,2,3,2,3,3,
10,3,3,3,0,2,2,3,3,3,3,
9,3,3,3,0,3,3,3,3,3,3,
9,3,3,3,0,2,2,3,3,3,3,
9,3,3,4,0,2,2,3,3,3,3,
9,3,3,4,0,3,2,3,3,3,3,
10,3,3,4,0,3,2,3,3,3,3,
10,3,3,4,0,3,2,3,3,3,3,
9,3,3,4,0,3,2,3,3,3,3,
9,3,3,4,0,3,2,3,3,3,3,
10,3,3,4,0,3,3,3,3,3,3,
10,3,3,4,0,3,2,3,3,3,3,
10,3,3,4,0,3,3,3,3,3,3,
10,2,2,3,0,2,2,2,2,2,2,
9,3,3,4,0,3,2,3,3,3,3,
9,3,3,3,0,2,2,3,2,2,3,
9,2,3,3,0,2,2,3,2,2,3,
9,2,2,3,0,2,2,2,2,2,2,
9,2,2,3,0,2,2,2,2,2,3,
9,2,2,3,0,2,2,2,2,2,2,
9,2,2,3,0,2,2,2,2,2,3,
9,2,3,3,0,2,2,3,3,2,3,
10,2,3,3,0,2,2,3,3,2,3,
9,2,3,3,0,2,2,3,3,2,3,
9,3,3,3,0,2,2,3,3,3,3,
9,3,3,3,0,3,2,3,3,3,3,
10,2,2,3,0,2,2,2,2,2,2,
9,3,3,3,0,2,2,3,3,3,3,
9,3,3,4,0,2,2,3,3,3,3,
9,3,3,4,0,2,2,3,3,3,3,
10,3,3,4,0,3,3,3,3,3,3,
13,3,3,7,0,3,2,3,3,3,3,
10,3,3,4,0,2,2,3,3,3,3,
9,3,3,4,0,3,2,3,3,3,3,
9,3,3,4,0,3,2,3,3,3,3,
9,3,3,4,0,3,2,3,3,3,3,
10,3,3,4,0,3,3,3,3,3,3,
10,3,3,4,0,3,3,3,3,3,3,
10,3,3,4,0,3,3,3,3,3,3,
10,3,3,4,0,3,3,3,3,3,3,
11,3,3,4,0,3,3,3,3,3,3,
9,2,2,3,0,2,2,2,2,2,3,
9,2,2,3,0,2,2,2,2,2,3,
9,2,3,3,0,2,2,2,2,2,3,
9,2,3,3,0,2,2,2,2,2,3,
9,2,2,3,0,2,2,2,3,2,3,
9,3,3,3,0,2,2,3,2,3,3,
9,2,3,3,0,2,2,3,3,2,3,
9,3,3,3,0,2,2,3,3,2,3,
9,3,3,3,0,2,2,3,3,3,3,
9,3,3,4,0,2,2,3,3,3,3,
10,3,3,4,0,3,3,3,3,3,3,
9,3,3,4,0,2,2,3,3,3,3,
10,3,3,4,0,3,3,3,3,3,3,
10,3,4,4,0,3,3,3,3,3,4,
10,3,4,4,0,2,2,3,3,3,4,
9,3,3,3,0,2,2,3,3,3,3,
10,3,3,4,0,3,3,3,3,3,3,
11,2,3,3,0,2,2,2,2,2,3,
10,3,3,4,0,3,3,3,3,3,3,
10,3,3,4,0,3,3,3,3,3,3,
10,3,4,4,0,3,3,3,3,3,4,
10,3,4,4,0,3,3,3,3,3,4,
10,2,3,3,0,2,2,3,3,2,3,
11,3,3,3,0,2,2,3,3,3,3,
11,3,3,4,0,2,2,3,3,3,3,
9,3,3,3,0,2,2,3,2,3,3,
11,4,4,4,0,3,3,4,4,4,4,
9,3,3,3,0,3,2,3,3,3,3,
9,3,3,3,0,2,2,3,2,3,3,
9,3,3,3,0,2,2,3,2,3,3,
10,3,4,4,0,3,3,4,3,3,4,
12,3,3,7,0,2,2,6,2,3,6,
11,3,3,4,0,2,3,3,3,3,3,
10,3,3,4,0,2,2,3,3,3,3,
10,3,3,4,0,2,2,3,3,3,3,
10,3,3,4,0,2,3,3,3,3,3,
10,3,3,4,0,2,2,3,3,3,3,
13,3,3,4,0,3,3,3,3,3,4,
10,3,3,4,0,3,2,4,3,3,3,
10,3,3,4,0,3,3,3,3,3,3,
10,3,4,4,0,3,3,4,3,3,4,
10,3,4,4,0,3,3,4,3,3,4,
10,3,4,4,0,3,3,4,3,3,4,
10,3,4,4,0,3,3,4,3,3,4,
10,3,3,4,0,3,3,4,3,3,3,
10,3,4,4,0,3,3,4,3,3,4,
10,4,4,5,0,3,3,4,4,3,4,
10,3,4,4,0,3,3,4,3,3,4,
10,4,4,4,0,3,3,4,3,3,4,
10,3,3,3,0,2,2,3,2,3,3,
9,3,3,4,0,2,2,3,2,3,3,
11,3,3,4,0,2,2,3,2,3,3,
9,3,3,3,0,2,2,3,2,3,3,
9,3,4,4,0,3,3,4,3,3,4,
9,2,3,3,0,2,2,3,3,2,3,
9,2,3,3,0,2,2,3,2,2,3,
9,2,3,4,0,2,2,3,2,2,3,
9,2,3,4,0,2,2,3,3,2,3,
9,3,3,4,0,2,2,3,2,3,3,
10,3,3,4,0,2,2,3,3,3,3,
10,3,3,4,0,2,2,3,3,3,3,
10,3,3,4,0,2,2,3,3,3,3,
10,3,3,4,0,3,3,3,3,3,3,
10,3,3,4,0,3,3,3,3,3,3,
26,2,3,4,0,2,2,3,2,2,3,
10,3,4,4,0,3,3,3,3,3,4,
10,3,3,4,0,3,3,3,3,3,3,
12,3,4,4,0,4,3,4,3,3,4,
10,3,4,4,0,3,3,3,3,3,4,
10,3,3,4,0,3,3,3,3,3,3,
10,3,3,4,0,3,3,3,3,3,3,
10,3,3,4,0,3,3,3,3,3,3,
15,8,8,9,0,8,8,8,8,8,9,
10,3,4,4,0,3,3,3,3,3,4,
10,3,4,4,0,3,3,3,3,3,4,
10,3,4,4,0,3,3,4,3,3,4,
10,3,3,4,0,3,3,3,3,3,3,
9,3,4,4,0,3,3,4,4,3,4,
11,3,3,4,0,2,2,3,3,3,3,
9,2,3,3,0,2,2,3,2,2,3,
9,2,3,4,0,2,2,3,2,2,3,
9,2,3,4,0,2,2,3,3,2,3,
9,2,3,4,0,2,2,3,3,3,3,
9,3,3,4,0,2,2,3,3,3,3,
10,3,3,4,0,3,2,3,3,3,3,
10,3,3,4,0,3,3,3,3,3,3,
10,3,3,4,0,2,2,3,3,3,3,
10,3,3,4,0,3,3,3,3,3,4,
10,3,3,4,0,3,2,4,3,3,3,
10,3,4,4,0,3,3,3,3,3,4,
10,3,3,4,0,3,3,3,3,3,3,
10,3,3,4,0,3,2,3,3,3,3,
10,3,3,4,0,3,3,3,3,3,3,
10,3,3,4,0,3,3,3,3,3,3,
10,3,5,5,0,3,3,5,4,3,5,
10,3,4,4,0,3,2,4,3,3,4,
10,3,4,4,0,3,3,4,3,3,4,
10,3,4,4,0,3,3,4,3,3,4,
10,3,4,4,0,3,3,4,3,3,4,
10,3,4,4,0,3,3,4,3,3,4,
10,3,4,4,0,3,3,4,3,3,4,
10,2,3,3,0,2,2,3,2,2,3,
9,2,3,4,0,2,2,3,3,2,3,
9,2,3,3,0,2,2,3,3,2,3,
9,2,3,4,0,2,2,3,3,2,3,
9,2,3,3,0,2,2,3,2,2,3,
9,2,3,4,0,2,2,3,3,2,3,
9,2,3,4,0,2,2,3,3,2,3,
12,2,3,3,0,2,2,3,2,2,3,
9,3,3,4,0,2,2,3,3,3,3,
10,3,3,4,0,3,3,3,3,3,3,
9,3,3,4,0,2,2,3,3,3,3,
9,3,3,4,0,2,2,3,3,3,3,
10,3,3,4,0,3,3,3,3,3,3,
10,3,3,4,0,3,2,3,3,3,3,
10,3,3,4,0,3,2,3,3,3,3,
10,3,3,4,0,3,2,3,3,3,3,
10,3,3,4,0,3,3,3,3,3,3,
10,3,3,4,0,3,3,3,3,3,3,
12,3,4,4,0,3,3,3,3,3,4,
10,3,3,4,0,3,3,3,3,3,3,
10,3,4,4,0,3,3,4,3,3,4,
10,3,4,4,0,3,3,4,4,3,4,
10,3,4,4,0,3,3,4,4,3,4,
10,3,4,4,0,3,3,4,3,3,4,
10,3,4,4,0,3,3,4,3,3,4,
10,2,3,4,0,2,2,3,2,2,3,
9,2,3,4,0,2,2,3,3,2,3,
9,2,3,3,0,2,2,3,2,2,3,
9,2,3,3,0,2,2,3,2,2,3,
9,2,3,3,0,2,2,3,2,2,3,
9,2,3,3,0,2,2,3,3,2,3,
9,2,3,4,0,2,2,3,3,2,3,
9,2,3,4,0,2,2,3,3,2,3,
9,2,3,4,0,2,2,3,3,2,3,
9,3,3,4,0,2,2,3,3,3,3,
10,3,3,4,0,3,3,3,3,3,3,
10,3,3,4,0,3,3,3,3,3,3,
10,3,3,4,0,3,3,3,3,3,3,
10,3,3,4,0,3,3,3,3,3,3,
9,3,3,4,0,3,3,3,3,3,3,
10,3,3,4,0,3,3,3,3,3,3,
10,3,3,4,0,3,3,3,3,3,3,
10,3,3,4,0,3,3,3,3,3,3,
12,2,3,3,0,2,2,3,2,2,3,
10,3,4,4,0,3,3,3,3,3,4,
10,3,4,4,0,3,3,3,3,3,4,
10,3,4,4,0,3,3,3,3,3,4,
9,3,3,4,0,2,2,3,3,3,3,
15,3,4,7,0,3,3,7,3,3,4,
11,3,3,4,0,2,2,3,3,3,3,
10,3,4,4,0,3,3,4,3,3,4,
9,2,3,4,0,2,2,3,3,2,3,
9,2,3,3,0,2,2,3,2,2,3,
9,2,3,3,0,2,2,3,2,2,3,
12,3,3,4,0,2,2,3,3,3,3,
10,3,3,4,0,3,2,3,3,3,3,
9,2,3,4,0,2,2,3,3,2,3,
9,2,3,4,0,2,2,3,3,2,3,
9,2,3,3,0,2,2,3,3,2,3,
9,2,3,4,0,2,2,3,3,2,3,
10,2,3,4,0,2,3,3,3,2,3,
9,2,3,4,0,2,2,3,3,2,3,
9,2,3,4,0,2,2,3,3,2,3,
32,3,3,26,0,2,2,3,3,3,3,
10,2,3,4,0,2,2,3,3,2,3,
9,3,3,4,0,2,3,3,3,3,3,
9,3,3,3,0,3,3,3,3,3,3,
9,3,3,4,0,2,2,3,3,3,3,
9,3,3,4,0,2,2,3,3,3,3,
10,3,3,4,0,3,3,3,3,3,3,
10,3,3,4,0,3,3,3,3,3,3,
10,3,3,4,0,3,3,3,3,3,3,
10,3,3,4,0,3,3,3,3,3,3,
10,3,4,4,0,3,3,4,3,3,4,
10,3,4,4,0,3,3,4,3,3,4,
10,3,4,4,0,3,3,4,3,4,4,
10,3,3,4,0,3,3,4,3,3,3,
9,3,4,4,0,3,3,4,3,3,4,
9,3,4,4,0,3,3,4,3,3,4,
12,6,6,7,0,5,5,6,6,6,6,
9,3,3,3,0,2,2,3,3,3,3,
9,3,3,4,0,2,2,3,3,3,3,
9,3,3,4,0,2,2,3,3,3,3,
9,3,3,4,0,2,2,3,3,3,3,
9,3,3,4,0,2,2,3,3,3,3,
9,3,3,4,0,3,3,3,3,3,3,
9,3,3,4,0,2,2,3,3,3,3,
9,3,3,4,0,3,3,3,3,3,3,
9,3,3,4,0,3,2,3,3,3,3,
9,3,3,4,0,3,3,3,3,3,3,
10,3,3,4,0,3,3,3,3,3,3,
10,3,3,4,0,3,2,3,3,3,3,
10,3,3,4,0,3,3,3,3,3,3,
10,3,3,4,0,3,3,3,3,3,3,
10,3,3,4,0,3,3,3,3,3,3,
10,3,3,4,0,3,3,3,3,3,3,
10,3,3,4,0,3,3,3,3,3,3,
10,2,3,3,0,2,2,3,2,2,3,
10,3,4,4,0,3,3,3,3,3,4,
10,2,3,3,0,2,2,3,2,2,3,
10,3,4,4,0,3,3,4,3,3,4,
10,3,4,4,0,3,3,3,3,3,4,
10,2,3,3,0,2,2,3,2,2,3,
9,3,3,3,0,2,2,3,3,3,3,
9,2,3,3,0,2,2,3,3,2,3,
9,3,3,4,0,2,2,3,3,3,3,
9,3,3,3,0,2,2,3,3,3,3,
9,3,3,3,0,2,2,3,3,3,3,
9,3,3,4,0,2,2,3,3,3,3,
9,3,3,4,0,2,2,3,3,3,3,
9,3,3,4,0,2,2,3,3,3,3,
9,3,3,4,0,2,2,3,3,3,3,
9,3,3,4,0,3,3,3,3,3,3,
9,3,3,4,0,2,2,3,3,3,3,
9,3,3,4,0,2,2,3,3,3,3,
12,3,3,4,0,3,2,3,3,3,3,
9,3,3,4,0,2,3,3,3,3,3,
9,3,3,4,0,3,3,3,3,3,3,
9,3,3,4,0,2,2,3,3,3,3,
9,3,3,4,0,3,3,3,3,3,3,
12,3,6,7,0,3,3,3,3,3,6,
11,3,3,3,0,2,2,3,3,3,3,
10,3,3,4,0,3,3,3,3,3,3,
10,3,3,4,0,3,3,3,3,3,3,
10,3,4,4,0,3,3,4,3,3,4,
10,3,4,4,0,3,3,4,3,3,4,
10,3,4,4,0,3,3,4,3,3,4,
10,3,3,3,0,2,2,3,3,3,3,
9,3,3,3,0,2,2,3,2,3,3,
9,2,3,3,0,2,2,3,2,2,3,
9,3,3,3,0,2,2,3,3,3,3,
9,3,3,3,0,2,2,3,3,3,3,
9,3,3,3,0,2,2,3,3,3,3,
9,3,3,3,0,2,2,3,3,3,3,
9,3,3,3,0,2,2,3,3,3,3,
9,3,3,3,0,2,2,3,3,3,3,
10,3,3,4,0,3,3,3,3,3,3,
9,3,3,4,0,2,2,3,3,3,3,
10,3,3,4,0,3,3,3,3,3,3,
9,3,3,4,0,3,3,3,3,3,3,
10,4,4,4,0,3,4,4,3,4,4,
9,3,3,4,0,2,3,3,3,3,3,
9,3,3,4,0,2,2,3,3,3,3,
9,3,3,3,0,2,2,3,3,3,3,
9,3,3,4,0,3,3,3,3,3,3,
9,3,3,4,0,3,3,3,3,3,3,
10,3,3,4,0,3,3,3,3,3,3,
10,4,4,4,0,3,3,3,3,4,4,
10,3,3,4,0,3,3,3,3,3,3,
9,2,3,3,0,2,2,2,2,2,3,
9,3,3,3,0,2,2,2,2,3,3,
12,5,6,6,0,2,2,5,5,5,6,
10,3,4,4,0,3,3,3,3,3,4,
9,3,3,3,0,2,2,3,2,3,3,
9,3,3,3,0,2,2,3,2,3,3,
9,3,3,3,0,2,2,3,2,3,3,
9,3,3,3,0,2,2,3,2,3,3,
9,3,3,3,0,2,3,3,2,3,3,
9,3,3,3,0,2,2,3,2,3,3,
9,3,3,4,0,2,2,3,3,3,3,
9,3,3,3,0,2,2,3,2,3,3,
9,3,3,3,0,2,2,3,2,3,3,
9,3,3,3,0,2,2,3,3,3,3,
10,3,3,4,0,3,3,3,3,3,3,
31,4,4,4,0,3,3,3,3,4,4,
9,3,3,4,0,3,3,3,3,3,3,
9,3,3,3,0,2,2,3,3,3,3,
8,3,3,4,0,3,3,3,3,3,3,
9,2,2,3,0,2,2,2,2,2,2,
9,2,3,3,0,2,2,2,2,2,3,
9,2,3,3,0,2,2,2,2,3,3,
9,3,3,3,0,2,2,2,2,3,3,
9,3,3,3,0,2,2,2,2,3,3,
9,3,3,3,0,2,2,3,2,3,3,
9,3,3,3,0,2,2,3,2,3,3,
9,3,3,3,0,2,2,3,2,3,3,
9,3,3,3,0,2,2,3,2,3,3,
9,3,3,3,0,2,2,3,2,3,3,
10,3,3,4,0,2,2,3,3,3,3,
10,2,3,3,0,2,2,2,2,2,3,
9,3,3,3,0,2,2,3,3,3,3,
9,3,3,3,0,2,2,3,2,3,3,
12,3,3,3,0,2,2,3,2,3,3,
10,3,3,4,0,3,3,3,3,3,3,
9,3,3,4,0,3,3,3,3,3,3,
10,3,4,4,0,3,3,3,3,3,4,
9,2,3,3,0,2,2,2,2,2,3,
9,3,4,4,0,3,3,3,3,3,3,
9,2,3,3,0,2,2,2,2,2,3,
9,2,3,3,0,2,2,2,2,2,3,
9,3,3,3,0,2,2,3,2,3,3,
11,3,3,3,0,2,2,3,2,3,3,
9,3,3,3,0,2,2,3,2,3,3,
12,3,3,3,0,2,2,3,2,3,3,
9,3,3,3,0,2,2,3,2,3,3,
9,3,3,3,0,2,2,3,2,3,3,
9,3,3,3,0,2,2,3,2,3,3,
9,3,3,3,0,2,3,3,2,3,3,
9,3,3,4,0,3,3,3,3,3,3,
9,3,3,3,0,2,3,3,3,3,3,
9,3,3,4,0,2,2,3,3,3,3,
9,3,3,4,0,3,3,3,3,3,3,
12,3,3,6,0,3,2,3,3,3,3,
9,3,3,4,0,3,3,3,3,3,3,
10,3,4,4,0,3,3,3,3,3,4,
9,2,2,3,0,2,2,2,2,2,2,
9,3,4,4,0,3,3,3,3,3,4,
9,2,3,3,0,2,2,2,2,2,3,
9,2,3,3,0,2,2,2,2,2,3,
9,2,3,3,0,2,2,2,2,2,3,
9,3,3,3,0,2,2,2,2,3,3,
9,2,3,3,0,2,2,2,2,2,3,
9,3,3,3,0,2,2,3,2,3,3,
9,3,3,3,0,2,2,3,2,3,3,
9,3,3,3,0,2,2,3,2,3,3,
9,3,3,3,0,2,2,3,2,3,3,
9,3,3,3,0,2,3,3,2,3,3,
10,3,3,4,0,2,2,4,3,3,3,
12,6,6,6,0,5,5,6,5,6,6,
10,3,3,4,0,3,3,3,3,3,3,
9,3,3,4,0,2,3,3,3,3,3,
10,3,3,4,0,3,2,3,3,3,3,
9,3,3,4,0,2,2,3,3,3,3,
9,3,3,4,0,3,3,3,3,3,3,
12,3,3,4,0,3,3,3,3,3,3,
10,3,3,4,0,3,2,3,3,3,3,
10,3,4,4,0,3,3,3,3,3,3,
10,4,3,4,0,3,3,3,3,4,3,
9,3,4,4,0,3,3,3,3,3,4,
9,3,3,3,0,2,2,2,2,3,3,
9,3,3,3,0,2,2,2,2,3,3,
9,3,3,3,0,2,2,3,2,3,3,
9,3,3,3,0,2,2,2,2,2,3,
9,3,3,3,0,2,2,3,2,3,3,
9,3,3,3,0,2,2,3,2,3,3,
9,3,3,3,0,2,2,3,2,3,3,
9,3,3,3,0,2,2,3,2,3,3,
9,3,3,3,0,2,2,3,2,3,3,
9,3,3,3,0,2,2,3,2,3,3,
9,3,3,3,0,2,2,3,2,3,3,
9,3,3,3,0,2,2,3,2,3,3,
9,3,3,3,0,2,2,3,2,3,3,
9,3,3,4,0,2,2,3,3,3,3,
9,3,3,3,0,2,2,3,3,3,3,
10,3,3,3,0,2,2,3,2,3,3,
10,3,3,4,0,2,2,3,3,3,3,
10,3,3,4,0,2,2,3,3,3,3,
9,3,3,4,0,2,2,3,3,3,3,
9,3,3,4,0,2,2,3,3,3,3,
13,6,6,7,0,6,6,7,6,6,6,
9,3,3,4,0,2,3,3,3,3,3,
10,4,3,4,0,3,3,3,3,3,3,
9,3,4,4,0,3,3,3,3,3,4,
9,3,2,3,0,2,2,2,2,3,2,
9,3,3,4,0,2,2,3,3,3,3,
10,3,3,4,0,2,2,3,3,3,3,
9,3,3,4,0,2,2,3,3,3,3,
9,2,2,3,0,2,2,2,2,2,2,
10,2,2,3,0,2,2,2,2,2,2,
9,3,2,3,0,2,2,2,2,3,2,
9,3,2,3,0,2,2,3,2,3,2,
9,3,3,3,0,2,2,3,2,3,3,
9,3,3,3,0,2,2,3,2,3,3,
9,3,3,3,0,2,2,3,2,3,3,
9,3,3,3,0,2,2,3,3,3,3,
13,3,4,3,0,2,2,2,2,3,4,
11,3,3,4,0,2,2,3,3,3,3,
10,3,2,3,0,2,2,2,3,3,3,
9,3,3,4,0,3,3,3,3,3,3,
9,3,3,4,0,3,3,3,3,3,3,
10,3,3,4,0,3,3,3,3,3,3,
10,3,3,4,0,3,3,3,3,3,3,
10,3,3,4,0,3,3,3,3,3,3,
10,3,4,4,0,3,3,4,4,3,3,
10,3,3,4,0,3,3,3,3,3,3,
10,3,3,4,0,3,3,4,3,3,3,
10,2,3,3,0,2,2,3,3,3,3,
9,2,3,3,0,2,2,2,2,2,3,
9,2,3,3,0,2,2,3,3,3,3,
9,3,3,3,0,2,2,3,3,3,3,
9,2,3,3,0,2,2,3,2,2,3,
9,3,3,3,0,2,2,3,3,3,3,
9,3,3,3,0,2,2,3,3,3,3,
9,3,3,3,0,2,2,3,3,3,3,
9,3,3,4,0,3,3,3,3,3,3,
12,6,6,7,0,5,6,6,6,6,6,
9,3,3,4,0,3,3,3,3,3,3,
9,3,3,4,0,3,3,3,3,3,3,
9,3,3,4,0,3,3,3,3,3,3,
10,3,3,4,0,3,3,3,3,3,3,
10,3,3,4,0,3,3,3,3,3,3,
12,3,3,4,0,3,3,3,3,3,3,
9,3,3,4,0,3,3,3,3,3,3,
10,3,3,4,0,3,3,3,3,3,3,
10,3,4,4,0,3,3,3,3,3,4,
10,3,3,4,0,3,3,3,3,3,3,
10,3,4,4,0,3,3,3,3,3,4,
10,3,4,4,0,3,3,3,3,3,3,
10,2,3,3,0,2,2,2,2,2,3,
10,2,3,3,0,2,2,2,2,2,3,
9,2,3,3,0,2,2,2,2,2,3,
9,2,3,3,0,2,2,2,2,2,3,
9,2,3,3,0,2,2,2,2,2,3,
9,2,3,3,0,2,2,2,2,3,3,
9,2,3,3,0,2,2,3,2,2,3,
9,3,3,3,0,2,2,3,3,3,3,
9,3,3,3,0,2,2,3,2,3,3,
9,3,3,3,0,2,2,3,2,3,3,
9,3,3,3,0,2,2,3,2,3,3,
9,3,3,3,0,2,2,3,3,3,3,
9,3,3,3,0,2,2,3,3,3,3,
9,3,3,3,0,3,3,3,3,3,3,
9,3,3,4,0,3,3,3,3,3,3,
9,3,3,3,0,3,3,3,3,3,3,
9,3,3,4,0,3,3,3,3,3,3,
9,3,3,4,0,3,3,3,3,3,3,
13,6,7,7,0,6,6,6,6,7,7,
10,3,4,4,0,3,3,3,4,3,4,
10,3,4,4,0,3,3,3,3,3,4,
10,2,3,3,0,2,2,2,2,2,3,
10,2,3,3,0,2,2,3,3,2,3,
10,3,4,4,0,3,3,3,4,3,4,
10,2,3,3,0,2,2,2,2,2,3,
9,2,3,3,0,2,2,3,2,2,3,
9,2,3,3,0,2,2,2,2,2,3,
11,2,3,3,0,2,2,2,2,2,3,
9,3,3,3,0,2,2,3,3,3,3,
9,3,3,3,0,2,2,3,3,3,3,
9,2,3,3,0,2,2,2,2,3,3,
9,3,3,3,0,2,2,3,3,3,3,
9,3,3,3,0,2,2,3,3,3,3,
9,3,3,4,0,3,3,3,3,3,3,
9,3,3,4,0,2,2,3,3,3,3,
9,3,3,4,0,3,3,3,3,3,3,
9,3,3,4,0,3,3,3,3,3,3,
9,3,3,3,0,2,2,3,3,3,3,
9,3,3,3,0,2,2,3,3,3,3,
9,3,3,3,0,2,3,3,3,3,3,
9,3,3,4,0,3,3,3,3,3,3,
9,3,3,4,0,3,3,3,3,3,3,
9,3,3,4,0,3,3,3,3,3,3,
9,3,3,4,0,3,3,3,3,3,3,
32,4,4,4,0,3,26,4,3,4,4,
10,2,3,3,0,2,2,3,3,2,3,
9,3,3,3,0,2,3,3,3,3,3,
9,3,3,4,0,3,2,3,3,3,3,
9,3,3,4,0,3,2,3,3,3,3,
10,2,3,3,0,2,2,2,2,2,3,
8,3,3,4,0,3,3,3,3,3,3,
9,2,3,3,0,2,2,2,2,2,3,
9,2,3,3,0,2,2,2,2,2,3,
9,2,3,3,0,2,2,2,2,2,3,
12,5,6,6,0,5,5,6,5,5,6,
9,2,3,3,0,2,2,2,2,2,3,
9,2,3,3,0,2,2,3,2,2,3,
9,2,3,3,0,2,2,3,2,2,3,
9,2,3,3,0,2,2,3,2,2,3,
9,2,3,3,0,2,2,3,3,2,3,
12,2,3,3,0,2,2,3,3,2,3,
9,2,3,3,0,2,2,3,3,2,3,
9,2,3,3,0,2,2,3,3,2,3,
9,3,3,3,0,2,2,3,3,3,3,
32,2,3,26,0,2,2,25,3,2,3,
10,2,3,3,0,2,2,3,3,2,3,
9,3,3,4,0,3,2,3,3,3,3,
9,3,3,3,0,3,2,3,3,3,3,
9,3,3,4,0,3,2,3,3,3,3,
9,3,3,4,0,3,2,3,3,3,3,
9,3,3,4,0,3,2,3,3,3,3,
10,3,3,4,0,3,2,3,3,3,3,
10,2,2,3,0,2,2,2,2,2,2,
10,3,3,4,0,3,2,3,3,3,3,
10,3,3,4,0,3,3,3,3,3,3,
10,2,2,3,0,2,2,2,2,2,2,
9,2,2,3,0,2,2,2,2,2,2,
9,2,2,3,0,3,2,2,2,2,2,
9,3,2,3,0,3,2,3,2,2,2,
9,2,2,3,0,2,2,3,2,2,2,
9,3,3,3,0,3,2,3,3,2,3,
28,2,22,22,0,22,2,22,22,22,22,
10,3,3,4,0,3,2,4,3,3,3,
9,2,2,3,0,2,2,3,2,2,2,
9,2,3,3,0,2,2,3,3,3,3,
12,6,6,6,0,6,5,6,6,6,6,
9,3,3,3,0,2,2,3,3,3,3,
9,3,3,3,0,3,2,3,3,3,3,
9,3,3,4,0,3,2,3,3,3,3,
9,3,3,4,0,3,2,3,3,3,3,
9,3,3,4,0,3,2,3,3,3,3,
10,3,3,4,0,3,2,3,3,3,3,
10,3,3,4,0,4,2,3,3,3,3,
9,3,3,4,0,3,2,3,3,3,3,
11,3,3,4,0,3,2,3,3,3,3,
10,3,3,4,0,3,3,3,3,3,3,
10,2,2,3,0,2,2,3,2,2,2,
11,3,3,4,0,3,2,3,3,3,3,
10,3,3,4,0,3,3,4,3,3,3,
10,3,3,4,0,3,3,3,3,3,3,
9,3,3,4,0,3,3,3,3,3,3,
9,2,2,3,0,2,2,2,2,2,2,
9,2,3,3,0,2,2,3,2,2,2,
9,2,2,3,0,2,2,3,2,2,2,
9,2,2,3,0,2,2,3,3,2,2,
9,2,2,3,0,3,2,3,2,2,2,
9,2,3,3,0,3,2,3,3,2,3,
9,2,3,3,0,3,2,3,3,2,3,
9,2,3,3,0,3,2,3,2,2,3,
9,3,3,4,0,4,2,3,3,3,3,
11,2,2,4,0,3,2,3,2,2,2,
10,3,3,5,0,3,3,3,3,3,3,
9,3,3,4,0,3,2,3,3,3,3,
9,3,3,3,0,3,3,3,3,3,3,
9,3,3,3,0,3,3,3,3,3,3,
9,3,3,3,0,2,2,3,3,3,3,
10,3,3,4,0,3,2,3,3,3,3,
9,3,3,4,0,3,3,3,3,3,3,
9,3,3,4,0,3,3,3,3,3,3,
9,3,3,4,0,3,3,3,3,3,3,
9,2,3,3,0,2,2,3,3,2,3,
12,6,6,7,0,3,3,6,3,6,6,
11,2,3,3,0,2,2,2,2,2,3,
9,3,3,4,0,3,3,3,3,3,3,
9,3,3,4,0,3,3,3,3,3,3,
10,3,3,4,0,3,3,3,3,3,3,
9,3,3,4,0,3,3,3,3,3,3,
9,2,3,3,0,2,2,2,2,2,3,
9,2,3,3,0,2,2,2,2,3,3,
9,2,3,3,0,2,2,2,3,2,3,
9,3,3,3,0,2,2,3,3,3,3,
9,2,3,3,0,2,2,2,2,2,3,
9,2,3,3,0,2,2,2,2,2,3,
9,2,3,3,0,2,2,2,2,2,3,
21,3,3,3,0,15,2,3,15,3,3,
10,2,3,3,0,2,2,3,2,2,3,
9,2,3,3,0,2,2,2,2,2,3,
9,2,3,3,0,2,2,2,2,2,3,
10,3,3,4,0,3,3,3,3,3,3,
10,3,3,4,0,3,3,3,3,3,3,
9,2,3,3,0,2,2,3,3,2,3,
9,2,3,3,0,2,2,3,3,2,3,
9,2,3,3,0,2,3,3,3,2,3,
9,3,3,3,0,3,3,3,3,3,3,
9,3,3,4,0,3,3,3,3,3,3,
9,3,3,4,0,3,3,3,3,3,3,
9,3,3,4,0,3,3,3,3,3,3,
9,3,3,4,0,3,3,3,3,3,3,
10,3,4,4,0,3,3,3,3,3,3,
9,3,3,4,0,3,3,3,3,3,3,
9,3,3,4,0,3,3,3,3,3,3,
9,3,3,4,0,3,3,3,3,3,3,
11,6,6,7,0,6,3,6,6,3,6,
10,2,2,3,0,2,2,2,2,2,2,
9,2,2,3,0,2,2,2,2,2,2,
9,2,3,3,0,2,2,2,2,2,3,
9,2,3,3,0,2,2,3,2,2,3,
9,2,3,3,0,2,2,2,2,2,3,
9,2,3,3,0,2,2,3,2,2,3,
9,2,3,3,0,2,2,3,2,2,3,
9,2,3,3,0,2,2,3,2,2,3,
9,2,3,3,0,2,2,3,2,2,3,
9,2,3,3,0,2,2,3,2,2,3,
9,2,3,3,0,2,2,3,2,2,3,
9,2,3,3,0,2,2,3,3,2,3,
9,2,3,3,0,2,2,3,3,3,3,
9,3,3,3,0,2,2,3,3,3,3,
9,3,3,4,0,2,2,3,3,3,3,
9,3,3,4,0,3,3,3,3,3,3,
9,3,3,4,0,2,2,3,3,3,3,
9,3,3,4,0,3,3,3,3,3,3,
9,3,3,4,0,3,3,3,3,3,3,
9,3,3,4,0,3,3,3,3,3,3,
9,3,3,4,0,3,3,3,3,3,3,
11,3,3,6,0,3,3,3,3,3,3,
9,3,3,4,0,3,3,3,3,3,3,
10,3,3,4,0,3,3,3,3,3,3,
8,3,3,4,0,3,3,3,3,3,3,
9,2,2,3,0,2,2,2,2,2,2,
9,2,2,3,0,2,2,2,2,2,2,
9,2,3,3,0,2,2,2,2,2,3,
9,2,3,3,0,2,2,2,2,2,3,
9,2,3,3,0,2,2,2,2,2,3,
12,5,6,6,0,5,5,6,5,5,6,
9,2,3,3,0,2,2,3,2,2,3,
9,2,3,3,0,2,2,2,2,2,3,
9,2,3,4,0,2,2,3,3,2,3,
9,3,3,3,0,2,2,3,3,3,3,
9,2,3,3,0,2,2,3,2,2,3,
12,2,2,3,0,2,2,2,2,2,3,
9,3,3,4,0,2,2,3,3,3,3,
9,3,3,4,0,2,2,3,3,3,3,
9,3,3,4,0,2,2,3,3,3,3,
9,3,3,4,0,3,3,3,3,3,3,
9,3,3,4,0,2,2,3,3,3,3,
9,3,3,4,0,2,2,3,3,3,3,
9,3,3,4,0,3,3,3,3,3,3,
9,3,3,4,0,3,3,3,3,3,3,
10,3,3,4,0,3,3,3,3,3,3,
9,3,3,4,0,3,3,3,3,3,3,
9,3,3,4,0,3,3,3,3,3,3,
9,3,3,4,0,3,3,3,3,3,3,
9,3,4,4,0,3,3,3,3,3,4,
9,3,4,4,0,3,3,3,3,3,4,
9,2,2,3,0,2,2,2,2,2,2,
9,2,3,3,0,2,2,2,2,2,3,
9,2,3,3,0,2,2,3,2,3,3,
9,2,3,3,0,2,2,3,2,2,3,
9,2,3,3,0,2,2,3,2,2,3,
9,2,3,3,0,2,2,3,2,2,3,
9,2,3,3,0,2,2,3,2,2,3,
9,2,3,3,0,2,2,3,3,2,3,
9,2,3,3,0,2,2,3,3,2,3,
9,3,3,3,0,2,2,3,3,3,3,
9,3,3,3,0,2,2,3,3,3,3,
9,3,3,4,0,2,2,3,3,3,3,
9,3,3,4,0,2,2,3,3,3,3,
9,3,3,4,0,2,2,3,3,3,3,
9,3,3,4,0,2,2,3,3,3,3,
11,2,3,3,0,2,2,2,2,2,3,
9,3,3,4,0,3,3,3,3,3,3,
10,3,4,4,0,3,3,3,3,3,4,
9,3,3,4,0,3,3,3,3,3,3,
9,3,3,4,0,2,2,3,3,3,3,
13,2,6,7,0,2,2,6,2,2,6,
12,2,2,3,0,2,2,2,2,2,2,
9,2,2,3,0,2,2,2,2,2,2,
9,3,3,3,0,2,2,2,2,2,3,
9,2,3,3,0,2,2,2,2,2,3,
9,2,3,3,0,2,2,2,2,2,3,
11,2,3,3,0,2,2,2,2,2,3,
9,2,3,3,0,2,2,2,2,2,2,
9,2,3,3,0,2,2,2,2,2,3,
9,2,3,3,0,2,2,2,2,2,3,
9,2,3,3,0,2,2,3,2,2,3,
9,2,3,3,0,2,2,3,2,2,3,
9,2,3,3,0,2,2,3,3,2,3,
9,2,3,3,0,2,2,3,3,2,3,
9,3,3,3,0,2,2,3,3,3,3,
9,2,3,3,0,2,2,3,3,2,3,
9,3,3,4,0,2,2,3,3,3,3,
9,3,3,3,0,2,2,3,3,3,3,
9,3,3,3,0,2,2,3,3,3,3,
9,3,3,4,0,2,2,3,3,3,3,
9,3,3,4,0,3,3,3,3,3,3,
9,3,3,4,0,2,2,3,3,3,3,
9,3,3,4,0,3,3,3,3,3,3,
9,3,3,4,0,3,3,3,3,3,3,
9,3,3,4,0,3,3,3,3,3,3,
9,3,3,4,0,3,3,3,3,3,3,
10,3,3,4,0,3,3,3,3,3,3,
11,3,6,6,0,3,3,6,3,3,6,
9,2,3,3,0,2,2,3,2,2,3,
9,2,3,3,0,2,2,3,2,2,3,
9,2,3,3,0,2,2,3,2,2,3,
11,2,2,3,0,2,2,2,2,2,2,
9,2,3,3,0,2,2,3,2,2,3,
9,3,3,3,0,2,2,3,3,2,3,
9,2,3,3,0,2,2,3,2,2,3,
9,2,3,3,0,2,2,3,2,2,3,
12,5,6,6,0,5,5,6,6,5,6,
9,3,3,4,0,2,2,3,3,3,3,
10,3,3,4,0,2,2,3,3,3,3,
9,2,3,3,0,2,2,3,2,2,3,
9,3,3,3,0,2,2,3,3,3,3,
9,3,3,3,0,2,2,3,3,2,3,
12,3,3,3,0,2,2,3,3,3,3,
9,3,3,3,0,2,2,3,3,3,3,
9,3,3,4,0,2,2,3,3,3,3,
9,3,3,3,0,3,2,3,3,3,3,
9,3,3,4,0,2,2,3,3,3,3,
9,3,3,4,0,3,3,3,3,3,3,
9,3,3,4,0,3,3,3,3,3,3,
9,3,3,4,0,3,3,3,3,3,3,
9,3,3,4,0,3,3,3,3,3,3,
8,2,2,3,0,2,2,2,2,2,2,
9,2,3,3,0,2,2,3,2,2,3,
9,2,3,3,0,2,2,3,2,2,3,
9,2,3,3,0,2,2,3,2,2,3,
9,2,3,3,0,2,2,2,2,2,3,
9,2,3,3,0,2,2,2,2,2,3,
9,2,3,3,0,2,2,3,2,2,3,
9,2,3,3,0,2,2,3,2,2,3,
9,2,3,3,0,2,2,2,2,2,3,
9,3,3,3,0,2,2,3,3,2,3,
9,2,3,3,0,2,2,3,2,2,3,
9,2,3,3,0,2,2,3,3,2,3,
9,2,3,3,0,2,2,3,3,2,3,
9,3,3,3,0,2,2,3,3,3,3,
9,3,3,4,0,2,2,3,3,3,3,
9,2,3,3,0,2,2,3,3,2,3,
12,6,6,7,0,5,5,6,6,6,6,
9,3,3,4,0,2,2,3,3,3,3,
11,3,3,4,0,2,3,3,3,3,3,
9,3,3,4,0,3,2,3,3,3,3,
9,3,3,4,0,2,3,3,3,3,3,
10,3,3,4,0,3,3,3,4,3,3,
12,3,4,4,0,3,3,3,3,3,4,
9,3,3,4,0,3,3,3,3,3,3,
9,3,4,4,0,3,3,3,3,3,4,
9,2,3,3,0,2,2,2,2,2,3,
9,2,3,3,0,2,2,2,2,2,3,
9,2,3,3,0,2,2,2,2,2,3,
9,2,3,3,0,2,2,2,2,2,3,
9,2,3,3,0,2,2,2,2,2,3,
9,2,3,3,0,2,2,3,2,2,3,
9,2,3,3,0,2,2,3,2,2,3,
9,3,3,3,0,2,2,3,2,2,3,
9,3,3,3,0,2,2,3,2,2,3,
11,2,3,3,0,2,2,2,2,2,3,
9,3,3,3,0,2,2,3,2,2,3,
9,3,3,3,0,2,2,3,3,3,3,
9,3,3,3,0,2,2,3,3,2,3,
9,3,3,3,0,2,2,3,3,2,3,
9,3,3,3,0,2,2,3,3,3,3,
9,3,3,3,0,2,2,3,3,3,3,
9,3,3,4,0,2,2,3,3,3,3,
9,3,3,4,0,2,2,3,3,3,3,
9,3,3,4,0,3,3,3,3,3,3,
9,3,3,4,0,3,3,3,3,3,3,
9,3,3,4,0,3,3,3,3,3,3,
9,3,3,4,0,3,3,3,3,3,3,
12,6,6,7,0,6,6,6,6,6,6,
8,3,3,4,0,3,3,3,3,3,3,
9,2,2,3,0,2,2,2,2,2,2,
9,2,2,3,0,2,2,2,2,2,2,
9,2,3,3,0,2,2,2,2,2,3,
9,2,3,3,0,2,2,2,2,2,3,
14,2,4,5,0,2,2,2,2,2,4,
9,3,3,3,0,2,2,3,3,3,3,
9,3,3,4,0,2,3,3,3,3,3,
11,2,3,3,0,2,2,2,2,2,3,
9,2,3,3,0,2,2,2,2,2,3,
9,2,3,3,0,2,2,3,2,2,3,
9,3,3,3,0,2,2,3,2,2,3,
9,3,3,3,0,2,2,3,2,2,3,
9,3,3,3,0,2,2,3,3,2,3,
9,3,3,3,0,2,2,3,3,2,3,
9,3,3,3,0,2,2,3,3,3,3,
9,3,3,4,0,2,2,3,3,3,3,
9,3,3,4,0,2,3,3,3,3,3,
9,3,3,4,0,2,3,3,3,3,3,
9,3,3,4,0,3,3,3,3,3,3,
9,3,3,4,0,3,3,3,3,3,3,
9,3,3,4,0,3,2,3,3,3,3,
9,3,3,4,0,3,3,3,3,3,3,
10,3,3,4,0,3,3,3,3,3,3,
10,3,3,4,0,3,3,3,3,3,3,
9,2,3,3,0,2,2,2,2,2,3,
9,2,2,3,0,2,2,2,2,2,2,
9,2,2,3,0,2,2,2,2,2,2,
9,2,2,3,0,2,2,2,2,2,2,
9,2,3,3,0,2,2,2,2,2,3,
9,2,3,3,0,2,2,2,2,2,3,
9,2,3,3,0,2,2,3,2,2,3,
9,2,3,3,0,2,2,3,2,2,3,
9,3,3,3,0,2,2,3,2,2,3,
9,2,3,3,0,2,2,2,2,2,3,
12,6,6,6,0,5,5,6,5,5,6,
9,3,3,3,0,2,2,3,3,3,3,
9,2,3,3,0,2,2,3,3,2,3,
9,3,3,3,0,2,2,3,3,3,3,
9,3,3,4,0,2,2,3,3,3,3,
9,3,3,4,0,3,2,3,3,3,3,
11,3,3,4,0,3,3,3,3,3,3,
9,3,3,4,0,3,3,3,3,3,3,
9,3,3,4,0,3,3,3,3,3,3,
10,3,3,4,0,3,3,3,3,3,3,
9,3,3,4,0,3,3,3,3,3,3,
9,3,3,4,0,3,3,3,3,3,3,
10,3,3,4,0,3,3,3,3,3,3,
10,2,2,3,0,2,2,2,2,2,2,
9,2,3,3,0,2,2,2,2,2,3,
9,2,2,3,0,2,2,2,2,2,2,
9,3,3,3,0,2,2,3,2,2,3,
9,2,3,3,0,2,2,2,2,2,3,
9,2,3,3,0,2,2,2,2,2,3,
9,3,3,4,0,2,2,3,2,3,3,
9,3,3,3,0,2,2,3,2,2,3,
9,3,3,3,0,2,2,3,2,2,3,
9,3,3,3,0,2,2,3,3,3,3,
9,3,3,3,0,2,2,3,2,3,3,
9,3,3,4,0,2,2,3,3,3,3,
9,3,3,4,0,2,2,3,3,3,3,
9,3,3,4,0,2,2,3,3,3,3,
9,3,3,3,0,2,2,3,3,3,3,
11,5,5,6,0,5,5,5,5,5,5,
9,3,3,4,0,2,2,3,3,3,3,
9,3,3,3,0,2,2,3,3,3,3,
13,6,6,7,0,5,5,6,6,6,6,
10,3,3,4,0,3,3,3,3,3,3,
9,3,3,4,0,2,2,3,3,3,3,
9,3,3,4,0,3,3,3,3,3,3,
9,3,3,4,0,3,3,3,3,3,3,
10,3,3,4,0,3,3,3,3,3,3,
29,23,3,5,0,3,3,3,3,23,3,
10,3,3,4,0,3,3,3,3,3,3,
8,3,3,4,0,3,3,3,3,3,3,
11,2,2,3,0,2,2,2,2,2,2,
9,2,2,3,0,2,2,2,2,2,2,
9,2,3,3,0,2,2,2,2,2,3,
9,2,3,3,0,2,2,2,2,2,3,
9,2,3,3,0,2,2,2,2,2,3,
9,2,3,3,0,2,2,3,2,2,3,
9,3,2,3,0,2,2,3,2,3,2,
9,3,3,3,0,2,2,3,2,3,3,
9,3,3,3,0,2,2,3,3,2,3,
9,3,3,3,0,2,2,3,3,2,3,
9,3,3,3,0,2,2,3,3,3,3,
29,3,23,4,0,2,2,3,3,3,23,
10,3,3,4,0,3,3,3,3,3,3,
9,3,3,4,0,2,2,3,3,3,3,
9,3,3,3,0,2,2,3,3,3,3,
9,3,3,4,0,2,2,3,3,3,3,
9,3,3,4,0,2,3,3,3,3,3,
10,3,3,5,0,2,3,4,3,3,3,
9,3,3,4,0,3,3,3,3,3,3,
9,3,3,4,0,3,3,3,3,3,3,
10,3,3,4,0,3,3,3,3,3,3,
10,3,3,4,0,3,3,3,3,3,3,
10,3,3,3,0,2,2,3,3,3,3,
10,2,2,3,0,2,2,2,2,2,2,
9,2,2,3,0,2,2,2,2,2,2,
9,2,2,3,0,2,2,2,2,2,2,
9,2,2,3,0,2,2,3,3,2,2,
12,5,5,6,0,5,5,6,5,5,5,
9,2,2,3,0,2,2,2,2,2,2,
9,2,2,3,0,2,2,2,2,2,2,
10,2,2,3,0,2,2,2,2,2,2,
10,2,2,3,0,2,2,3,2,2,2,
9,3,3,3,0,3,2,3,3,3,3,
9,3,3,3,0,3,2,3,3,3,3,
9,3,3,3,0,2,2,3,3,3,3,
9,3,3,3,0,3,2,3,3,3,3,
9,3,3,4,0,2,2,3,3,3,3,
9,3,3,4,0,2,2,3,3,3,3,
9,3,3,4,0,2,2,3,3,3,3,
9,3,4,4,0,2,3,3,3,3,4,
9,3,3,4,0,3,3,3,3,3,3,
9,3,3,4,0,3,2,3,3,3,3,
9,3,3,4,0,3,3,3,3,3,3,
9,3,3,4,0,3,3,3,3,3,3,
9,3,3,4,0,3,3,3,3,3,3,
9,3,3,4,0,3,3,3,3,3,3,
9,3,3,4,0,3,3,3,3,3,3,
10,3,3,4,0,3,3,3,3,3,3,
10,3,3,4,0,3,3,3,3,3,3,
10,2,2,3,0,2,2,2,2,2,2,
9,2,2,3,0,2,2,2,2,2,2,
9,2,2,3,0,2,2,2,2,2,2,
9,2,2,3,0,2,2,2,2,2,2,
9,2,2,3,0,2,2,2,2,2,2,
9,2,2,3,0,3,2,2,2,2,2,
9,3,3,4,0,3,2,3,3,3,3,
9,2,3,3,0,3,2,3,3,3,3,
9,3,3,3,0,3,2,3,3,3,3,
12,2,3,3,0,2,2,3,3,3,3,
9,3,3,3,0,3,2,3,3,3,3,
9,3,3,3,0,3,2,3,3,3,3,
9,3,3,4,0,3,2,3,3,3,3,
9,3,3,4,0,3,2,3,3,3,3,
9,3,3,4,0,3,3,3,3,3,3,
9,3,3,4,0,3,3,3,3,3,3,
9,3,4,4,0,3,3,3,3,3,4,
10,3,3,4,0,3,2,3,3,3,3,
9,3,3,4,0,3,3,3,3,3,3,
10,3,3,4,0,3,2,3,3,3,3,
10,3,4,4,0,3,3,3,3,3,4,
10,2,2,3,0,2,2,2,2,3,3,
10,2,2,3,0,2,2,2,2,2,2,
10,3,3,4,0,3,3,3,3,3,3,
10,2,2,3,0,2,2,3,2,2,2,
9,2,3,3,0,2,2,3,3,2,3,
9,2,2,3,0,2,2,2,2,2,2,
9,2,2,3,0,2,2,2,2,2,2,
9,2,2,3,0,2,2,2,2,2,2,
9,3,2,3,0,2,2,3,3,3,3,
9,3,3,3,0,2,2,3,3,3,3,
9,3,3,3,0,2,2,3,3,3,3,
9,3,3,3,0,2,2,3,3,3,3,
9,3,3,3,0,2,2,3,3,3,3,
9,3,3,4,0,2,2,3,3,3,3,
9,3,3,3,0,3,3,3,3,3,3,
9,3,3,4,0,2,2,3,3,3,3,
9,3,3,4,0,3,2,3,3,3,3,
9,3,3,4,0,3,3,3,3,3,3,
9,3,3,4,0,3,3,3,3,3,3,
9,3,3,4,0,3,3,3,3,3,3,
9,3,3,4,0,3,3,3,3,3,3,
9,3,3,4,0,3,3,3,3,3,3,
10,3,3,4,0,4,3,3,3,3,3,
10,3,3,4,0,4,3,4,3,3,3,
13,3,3,4,0,3,3,3,3,3,3,
10,3,3,4,0,3,3,4,3,3,3,
10,2,2,3,0,2,2,3,2,2,2,
10,2,2,3,0,2,2,2,2,2,2,
10,2,2,3,0,2,2,3,2,2,2,
9,2,2,3,0,2,2,3,2,2,2,
9,2,2,3,0,2,2,3,2,2,2,
9,2,3,3,0,2,2,3,2,2,3,
9,2,2,3,0,2,2,3,2,2,2,
9,2,3,3,0,2,2,3,2,2,3,
9,2,3,3,0,2,2,3,2,3,3,
9,3,3,4,0,2,2,3,2,3,3,
9,3,3,4,0,2,2,3,3,3,3,
10,3,3,4,0,2,2,3,3,3,3,
9,3,3,4,0,2,2,3,3,3,3,
9,3,3,4,0,2,2,3,3,3,3,
9,3,3,4,0,2,2,3,3,3,3,
9,3,3,4,0,3,3,3,3,3,3,
9,3,3,4,0,3,3,3,3,3,3,
9,3,3,4,0,3,3,3,3,3,3,
9,3,3,4,0,3,3,3,3,3,3,
9,3,3,4,0,3,3,3,3,3,3,
10,3,3,4,0,4,3,3,3,3,3,
10,3,3,4,0,4,3,3,3,3,3,
10,3,3,4,0,4,3,3,3,3,3,
10,2,2,3,0,3,2,3,2,2,2,
10,3,3,4,0,3,3,4,3,3,3,
10,3,3,4,0,3,3,3,3,3,3,
10,3,3,3,0,3,3,3,3,3,3,
11,3,3,4,0,3,2,3,3,3,3,
9,2,2,3,0,2,2,2,2,2,2,
12,2,2,3,0,2,2,2,2,2,2,
9,2,3,3,0,2,2,3,2,2,2,
9,2,3,3,0,2,2,3,2,3,3,
9,2,3,3,0,2,2,3,2,3,3,
9,2,3,3,0,2,2,3,2,2,3,
9,2,3,3,0,2,2,3,2,3,3,
10,3,3,4,0,3,3,3,3,3,3,
9,3,3,4,0,3,3,3,3,3,3,
9,3,3,4,0,3,3,3,3,3,3,
9,3,3,4,0,3,3,3,3,3,3,
9,3,3,4,0,3,3,3,3,3,3,
9,3,3,3,0,3,3,3,3,3,3,
9,3,3,3,0,3,3,3,3,3,3,
9,3,3,4,0,4,3,3,3,3,3,
9,3,3,4,0,3,3,3,3,3,3,
9,3,3,4,0,3,3,3,3,3,3,
9,3,3,4,0,3,3,3,3,3,3,
9,3,3,4,0,3,3,3,3,3,3,
9,3,3,4,0,3,3,3,3,3,3,
9,3,3,4,0,3,3,3,3,3,3,
9,3,3,4,0,3,3,3,3,3,3,
10,3,3,4,0,3,3,3,3,3,3,
10,3,3,4,0,3,3,3,3,3,3,
9,2,2,3,0,2,2,2,2,2,2,
9,2,3,3,0,2,2,2,2,2,3,
9,2,3,3,0,2,2,3,2,2,3,
9,2,3,3,0,2,2,3,2,2,3,
9,2,3,3,0,2,2,3,2,2,3,
9,3,3,3,0,2,2,3,2,3,3,
9,3,3,3,0,2,2,3,3,3,3,
9,3,3,3,0,2,2,3,2,3,3,
12,3,3,3,0,2,2,3,3,3,3,
31,3,3,3,0,2,2,3,2,3,3,
9,3,3,3,0,3,3,3,3,3,3,
9,3,3,3,0,3,3,3,3,3,3,
9,3,3,3,0,2,2,3,2,3,3,
12,6,6,7,0,6,6,6,6,6,6,
9,3,3,4,0,3,3,3,3,3,3,
9,3,3,4,0,3,3,3,3,3,3,
9,3,3,4,0,3,3,3,3,3,3,
9,3,3,4,0,3,3,3,3,3,3,
9,3,3,4,0,3,3,3,3,3,3,
12,3,3,4,0,3,3,3,3,3,3,
9,3,3,4,0,3,3,3,3,3,3,
10,3,3,4,0,3,3,3,3,3,3,
10,3,3,3,0,2,2,3,2,3,3,
9,3,3,3,0,2,2,3,2,3,3,
9,2,3,3,0,2,2,2,2,2,3,
9,2,3,3,0,2,2,3,2,2,3,
9,2,3,3,0,2,2,3,2,2,3,
9,3,3,3,0,3,2,3,3,3,3,
9,3,3,3,0,2,2,3,3,3,3,
9,3,3,3,0,2,2,3,3,3,3,
9,3,3,3,0,3,2,3,3,3,3,
9,3,3,4,0,3,3,3,3,3,3,
9,3,3,3,0,3,2,3,3,3,3,
9,3,3,4,0,3,3,3,3,3,3,
10,3,3,4,0,3,3,3,3,3,3,
9,3,3,4,0,3,3,3,3,3,3,
9,3,3,3,0,3,2,3,3,3,3,
9,3,3,4,0,3,3,3,3,3,3,
9,3,3,3,0,3,2,3,3,3,3,
9,3,3,4,0,2,3,3,3,3,3,
9,3,3,4,0,3,3,3,3,3,3,
9,3,3,4,0,2,3,3,3,3,3,
9,3,3,4,0,3,3,3,3,3,3,
9,3,3,4,0,3,3,3,3,3,3,
12,6,6,7,0,6,6,6,6,6,6,
9,3,3,4,0,3,3,3,3,3,3,
9,3,3,4,0,3,3,3,3,3,3,
10,2,2,3,0,2,2,2,2,2,2,
10,2,2,3,0,2,2,2,2,2,2,
9,2,2,3,0,2,2,2,2,2,2,
11,2,2,3,0,2,2,2,2,2,2,
9,3,3,3,0,2,2,3,2,2,3,
9,2,3,3,0,2,2,3,2,3,3,
9,3,3,3,0,2,2,3,2,3,3,
9,2,3,3,0,2,2,3,2,2,3,
9,2,3,3,0,2,2,3,2,2,3,
9,2,3,3,0,2,2,3,2,2,3,
9,3,3,3,0,2,2,3,2,3,3,
23,3,3,6,0,17,3,4,16,3,3,
9,3,3,4,0,4,3,3,3,3,4,
9,3,3,4,0,4,3,3,3,3,3,
9,3,3,3,0,3,2,3,2,3,3,
9,3,3,4,0,3,2,3,3,3,3,
9,3,3,3,0,3,3,3,3,3,3,
9,3,3,4,0,3,3,3,3,3,3,
9,3,3,4,0,3,3,3,3,3,3,
10,3,3,4,0,3,3,3,3,3,3,
9,3,4,4,0,3,3,3,3,3,4,
9,3,4,4,0,3,3,3,3,3,4,
9,3,4,4,0,3,3,3,3,3,4,
10,2,3,3,0,2,2,2,2,2,3,
9,2,3,3,0,2,2,2,2,2,3,
10,2,3,3,0,2,2,2,2,2,3,
9,2,3,3,0,2,2,2,2,2,3,
9,2,3,3,0,2,2,2,2,2,3,
12,5,6,6,0,5,5,5,5,5,6,
9,3,3,3,0,2,2,3,2,3,3,
9,2,3,3,0,3,2,3,2,2,3,
9,3,3,3,0,2,2,3,2,3,3,
9,3,3,3,0,2,2,3,2,3,3,
9,3,3,3,0,2,2,3,2,3,3,
9,3,3,3,0,2,2,3,2,3,3,
9,3,3,4,0,2,2,3,3,3,3,
9,3,3,4,0,2,2,3,3,3,3,
9,3,3,3,0,3,2,3,3,3,3,
9,3,3,4,0,3,3,3,3,3,3,
9,3,3,4,0,4,2,3,3,3,3,
9,3,3,4,0,3,2,3,3,3,3,
9,3,3,4,0,3,3,3,3,3,3,
9,3,3,4,0,3,3,3,3,3,3,
9,3,3,4,0,3,3,3,3,3,3,
9,3,3,4,0,3,3,3,3,3,3,
9,3,3,4,0,3,3,3,3,3,3,
9,3,3,4,0,3,3,3,3,3,3,
10,3,3,4,0,3,3,3,3,3,4,
9,3,3,4,0,3,3,3,3,3,3,
10,2,3,3,0,2,2,2,2,2,3,
10,2,3,3,0,2,2,2,2,2,3,
9,3,3,3,0,2,2,3,2,3,3,
9,2,3,3,0,2,2,3,2,2,3,
9,2,3,3,0,2,2,2,2,2,3,
9,2,3,3,0,2,2,3,2,2,3,
9,2,3,3,0,2,2,3,2,2,3,
9,3,3,3,0,2,2,3,2,3,3,
9,2,3,3,0,2,2,3,2,2,3,
9,3,3,3,0,2,2,3,2,3,3,
11,3,3,3,0,2,2,3,2,3,3,
9,3,3,3,0,2,2,3,2,3,3,
9,3,3,3,0,2,2,3,2,3,3,
9,3,3,3,0,2,2,3,2,3,3,
11,5,5,6,0,4,4,5,5,5,5,
9,3,3,3,0,3,2,3,3,3,3,
9,3,3,3,0,2,2,3,3,3,3,
9,3,3,4,0,2,3,3,3,3,3,
9,3,3,4,0,2,2,3,3,3,3,
9,3,3,4,0,3,3,3,3,3,3,
9,3,3,4,0,3,3,3,3,3,3,
9,3,3,4,0,3,3,3,3,3,3,
9,3,4,4,0,3,3,3,3,3,4,
9,3,3,4,0,3,3,3,3,3,3,
9,3,4,4,0,3,3,3,3,3,4,
10,2,3,3,0,2,2,2,2,2,3,
10,2,3,3,0,2,2,2,2,2,3,
10,2,3,3,0,2,2,3,2,2,3,
9,2,3,3,0,2,2,3,2,2,3,
9,3,3,3,0,2,2,3,2,3,3,
9,3,3,3,0,2,2,3,2,3,3,
9,3,3,3,0,2,2,3,2,3,3,
9,3,3,3,0,2,2,3,2,3,3,
9,3,3,3,0,2,2,3,2,3,3,
9,3,3,3,0,3,2,3,2,3,3,
9,3,3,3,0,3,2,3,2,3,3,
9,3,3,3,0,2,2,3,2,3,3,
9,3,3,3,0,2,2,3,2,3,3,
9,3,3,3,0,2,2,3,2,3,3,
9,3,3,4,0,2,2,3,3,3,3,
9,3,3,4,0,3,2,3,3,3,3,
32,3,3,25,0,2,2,3,2,3,3,
10,3,3,3,0,2,2,2,2,3,3,
9,3,3,4,0,2,2,3,2,3,3,
9,3,3,4,0,3,2,3,3,3,3,
11,3,3,3,0,2,2,3,2,3,3,
12,6,6,7,0,6,6,6,6,6,6,
11,3,3,4,0,2,2,3,3,3,3,
9,3,3,4,0,3,3,3,3,3,3,
10,2,2,3,0,2,2,2,2,2,2,
10,2,2,3,0,2,2,2,2,2,2,
10,3,3,3,0,2,2,3,2,3,3,
9,2,3,3,0,2,2,3,2,3,3,
9,3,3,3,0,2,2,3,2,3,3,
9,3,3,3,0,2,2,3,2,3,3,
9,2,3,3,0,2,2,3,2,2,3,
11,3,3,3,0,2,2,3,2,3,3,
9,3,3,3,0,3,2,3,2,3,3,
9,3,3,3,0,2,2,3,2,3,3,
9,3,3,3,0,2,2,3,2,3,3,
9,3,3,3,0,2,2,3,2,3,3,
9,3,3,4,0,2,2,3,2,3,3,
9,3,3,4,0,2,2,3,2,3,3,
9,3,3,3,0,2,2,3,2,3,3,
9,3,3,3,0,2,2,3,2,3,3,
9,3,3,4,0,2,2,3,2,3,3,
9,3,3,4,0,2,2,3,2,3,3,
9,3,3,4,0,2,2,3,3,3,3,
9,3,3,4,0,2,2,3,3,3,3,
10,3,4,4,0,3,3,4,3,3,4,
10,3,3,4,0,3,3,3,3,3,3,
9,3,3,4,0,2,2,3,3,3,3,
9,3,3,4,0,3,3,3,3,3,3,
11,5,5,6,0,3,3,5,3,5,5,
9,3,3,4,0,3,3,3,3,3,3,
9,3,3,4,0,3,3,3,3,3,3,
9,2,2,3,0,2,2,2,2,2,2,
11,3,3,4,0,2,2,3,3,3,3,
9,3,3,3,0,2,2,3,2,3,3,
9,3,3,3,0,2,2,3,2,3,3,
9,3,3,3,0,2,2,3,2,3,3,
10,2,2,3,0,2,2,2,2,3,2,
12,3,3,3,0,2,2,3,2,3,3,
9,3,3,3,0,2,2,3,2,3,3,
9,3,3,3,0,2,2,3,2,3,3,
9,3,3,3,0,3,2,3,2,3,3,
9,3,3,3,0,2,2,3,2,3,3,
9,3,3,3,0,2,2,3,2,3,3,
10,3,3,3,0,2,2,3,2,3,3,
9,2,2,3,0,1,1,2,2,2,2,
9,2,2,3,0,1,1,2,2,2,2,
9,2,2,3,0,1,1,2,2,2,2,
9,2,2,3,0,1,1,2,2,2,2,
9,2,2,3,0,2,2,2,2,2,2,
9,2,2,3,0,2,2,2,2,2,2,
9,2,2,3,0,2,2,2,2,2,2,
9,2,2,3,0,2,2,2,2,2,2,
9,2,2,3,0,2,2,2,2,2,2,
10,2,2,3,0,2,2,2,2,2,3,
10,2,2,3,0,2,2,2,2,2,3,
10,3,3,3,0,2,2,2,2,3,3,
10,2,2,2,0,1,1,2,1,2,2,
9,2,2,2,0,1,1,2,1,2,2,
9,2,2,2,0,1,1,2,1,2,2,
9,2,2,2,0,1,1,2,1,2,2,
9,2,2,2,0,1,1,2,1,2,2,
9,2,2,2,0,1,1,1,1,2,2,
9,2,2,2,0,1,1,2,1,2,2,
9,2,2,2,0,1,1,2,2,2,2,
9,2,2,3,0,1,1,2,2,2,2,
9,2,2,2,0,1,1,2,1,2,2,
9,2,2,2,0,1,1,2,2,2,2,
9,2,2,3,0,1,1,2,2,2,2,
12,2,2,2,0,1,1,2,1,2,2,
10,1,2,2,0,1,1,1,1,1,2,
9,3,3,3,0,2,2,3,3,3,3,
9,3,3,4,0,3,3,3,3,3,3,
9,3,3,4,0,3,3,3,3,3,4,
9,2,2,3,0,2,2,2,2,2,2,
11,3,3,4,0,3,3,3,3,3,3,
9,3,3,4,0,3,3,3,3,3,3,
9,3,3,4,0,3,3,3,3,3,3,
9,3,4,4,0,3,3,3,3,3,4,
10,2,3,3,0,2,2,2,2,2,3,
10,2,3,3,0,2,2,2,2,2,3,
9,2,3,3,0,2,2,2,2,2,3,
10,2,3,3,0,2,2,2,2,2,3,
10,2,3,3,0,2,2,2,2,2,3,
9,2,3,3,0,2,2,2,2,2,3,
9,3,3,3,0,2,2,3,2,3,3,
9,2,3,3,0,3,2,2,2,3,3,
9,3,3,3,0,2,2,2,2,3,3,
9,3,3,3,0,2,2,3,2,3,3,
11,3,3,3,0,2,2,3,2,3,3,
9,3,3,3,0,3,2,3,2,3,3,
9,3,3,3,0,2,2,3,2,3,3,
9,3,3,3,0,2,2,3,2,3,3,
13,3,4,4,0,3,3,3,3,3,3,
9,3,3,4,0,2,2,3,3,3,3,
9,3,3,3,0,2,2,3,3,3,3,
9,3,3,4,0,2,2,3,3,3,3,
9,3,3,3,0,2,2,3,3,3,3,
9,3,3,4,0,3,3,3,3,3,3,
9,3,3,4,0,3,3,3,3,3,3,
11,2,3,3,0,2,2,2,2,2,3,
9,3,3,4,0,3,3,3,3,3,3,
9,3,3,4,0,3,3,3,3,3,3,
9,3,3,4,0,3,3,3,3,3,3,
9,3,3,4,0,3,3,3,3,3,3,
12,5,5,6,0,5,5,5,5,5,5,
12,5,5,5,0,2,2,5,2,5,5,
10,2,3,3,0,2,2,2,2,2,3,
10,3,3,3,0,2,2,3,2,3,3,
10,3,3,3,0,2,2,3,2,3,3,
9,3,3,3,0,3,2,3,2,3,3,
9,3,3,3,0,3,2,3,3,3,3,
10,3,3,4,0,3,2,4,2,3,3,
9,3,3,3,0,3,2,3,2,3,3,
9,3,3,3,0,3,2,3,2,3,3,
9,3,3,3,0,2,2,3,2,3,3,
9,3,3,3,0,2,2,3,2,3,3,
10,3,3,3,0,2,2,3,2,3,3,
9,3,3,4,0,2,2,3,3,3,3,
9,3,3,4,0,2,2,3,3,3,3,
9,3,3,4,0,2,2,3,3,3,3,
9,3,3,4,0,3,3,3,3,3,3,
9,3,3,4,0,3,3,3,3,3,3,
9,3,3,4,0,3,3,3,3,3,3,
9,3,3,4,0,3,3,3,3,3,3,
9,3,4,4,0,3,3,3,3,3,4,
9,3,4,4,0,3,3,3,3,3,4,
9,3,3,4,0,3,3,3,3,3,3,
10,3,4,4,0,3,3,3,3,3,4,
10,3,4,4,0,3,3,3,3,3,4,
10,3,3,3,0,3,2,3,2,3,3,
9,3,4,4,0,3,3,3,3,3,4,
9,2,3,3,0,3,2,2,2,2,3,
10,2,3,3,0,2,2,2,2,2,3,
10,2,3,3,0,2,2,2,2,2,3,
10,3,3,3,0,2,2,2,2,3,3,
10,3,3,4,0,3,3,3,3,3,3,
9,3,3,3,0,2,2,2,2,3,3,
9,3,3,3,0,2,3,3,2,3,3,
9,3,3,3,0,2,2,3,2,3,3,
9,3,3,3,0,2,3,3,3,3,3,
9,3,3,3,0,2,2,3,2,3,3,
9,3,3,3,0,2,2,3,2,3,3,
9,3,3,3,0,2,2,3,3,3,3,
9,3,3,4,0,2,2,3,3,3,3,
9,3,3,4,0,4,3,3,3,3,3,
9,3,3,3,0,2,2,3,3,3,3,
10,3,3,4,0,3,3,3,3,3,3,
9,3,3,4,0,3,3,3,3,3,3,
10,4,4,4,0,3,3,3,3,4,4,
9,3,3,4,0,3,3,3,3,3,3,
9,3,3,4,0,3,3,3,3,3,3,
9,3,4,4,0,3,3,3,3,3,3,
10,3,3,4,0,3,3,3,3,3,3,
9,3,4,4,0,3,3,3,3,3,4,
10,2,3,3,0,2,2,2,2,2,3,
10,3,2,3,0,2,2,2,2,3,2,
10,3,3,3,0,2,2,2,2,3,3,
10,3,3,3,0,2,2,2,2,3,3,
10,3,3,3,0,3,2,2,2,3,3,
10,3,3,3,0,2,2,2,2,3,3,
10,3,3,3,0,2,2,2,2,3,3,
9,3,3,3,0,2,2,3,3,3,3,
9,3,3,3,0,2,2,3,3,3,3,
10,3,3,3,0,3,3,3,3,3,3,
9,3,3,3,0,2,2,3,3,3,3,
9,3,3,3,0,3,3,3,3,3,3,
10,3,3,3,0,3,3,3,3,3,3,
9,3,3,3,0,3,3,3,3,3,3,
9,3,3,3,0,3,3,3,3,3,3,
9,3,3,3,0,3,3,3,3,3,3,
9,3,3,3,0,3,3,3,3,3,3,
9,3,3,3,0,3,3,3,3,3,3,
9,3,3,3,0,4,3,3,3,3,3,
9,3,3,4,0,3,3,3,3,3,3,
9,3,4,4,0,3,3,3,3,3,4,
12,3,4,4,0,3,3,3,3,3,4,
9,3,4,4,0,3,3,3,3,3,4,
9,3,4,4,0,3,3,3,3,3,4,
9,3,4,4,0,3,3,3,3,4,4,
9,3,4,4,0,3,3,3,3,4,4,
9,3,4,4,0,3,3,3,3,4,4,
9,3,3,3,0,2,2,2,3,3,3,
10,3,3,3,0,2,2,2,3,3,3,
9,3,3,3,0,2,2,2,3,3,3,
10,3,3,3,0,2,2,2,3,3,3,
9,3,3,3,0,2,2,2,3,3,3,
9,3,3,3,0,2,2,2,3,3,3,
9,3,3,3,0,3,3,3,3,3,3,
9,3,3,3,0,3,2,3,3,3,3,
9,3,3,3,0,3,2,3,3,3,3,
9,3,3,3,0,3,2,3,3,3,3,
9,3,3,3,0,2,2,3,3,3,3,
9,3,3,3,0,3,3,3,3,3,3,
9,3,3,3,0,3,3,3,3,3,3,
9,3,3,3,0,3,3,3,3,3,3,
9,3,3,3,0,3,3,3,3,3,3,
9,3,3,3,0,3,3,3,3,3,3,
9,3,4,4,0,3,3,3,3,3,4,
9,3,4,4,0,3,3,3,3,3,4,
9,3,4,4,0,3,3,3,3,3,4,
9,3,4,4,0,3,3,3,3,4,4,
10,3,3,3,0,2,2,2,3,3,3,
13,3,3,3,0,2,2,2,3,3,3,
135,3,128,3,0,2,2,2,2,3,128,
83,0,0,0,0,0,0,0,0,0,0,
32,0,0,0,0,0,0,0,0,0,0,
10,3,3,3,0,2,2,2,3,3,3,
8,2,3,3,0,2,2,2,2,2,3,
11,2,3,3,0,2,2,2,2,3,3,
8,3,3,3,0,2,2,2,2,3,3,
9,3,3,3,0,2,2,2,3,3,3,
9,3,3,3,0,2,2,2,3,3,3,
9,3,3,3,0,4,2,3,3,3,3,
9,3,3,3,0,3,3,3,3,3,3,
9,3,3,3,0,3,3,3,3,3,3,
9,3,4,4,0,3,3,3,3,3,4,
9,2,3,3,0,2,2,2,2,2,3,
9,3,3,3,0,3,3,3,3,3,3,
9,3,3,3,0,3,3,3,3,3,3,
9,3,3,3,0,3,3,3,3,3,3,
9,2,2,2,0,2,2,2,2,2,2,
9,2,2,2,0,2,2,2,2,2,2,
9,2,3,2,0,2,2,2,2,2,3,
10,2,2,3,0,2,2,2,2,2,3,
9,3,3,3,0,3,2,2,2,3,3,
9,3,3,3,0,2,2,2,3,3,3,
9,2,3,3,0,2,2,2,2,3,3,
9,2,3,3,0,2,2,2,2,2,3,
9,3,3,3,0,2,2,2,3,3,3,
9,1,2,2,0,1,1,1,1,2,2,
9,2,2,2,0,1,1,1,2,2,2,
9,2,2,2,0,1,1,2,2,2,2,
9,2,2,2,0,1,1,1,2,2,2,
12,3,3,3,0,2,2,3,3,3,3,
9,3,3,3,0,3,2,3,3,3,3,
9,3,3,3,0,2,2,3,3,3,3,
9,3,3,3,0,2,2,3,3,3,3,
9,3,3,3,0,3,3,3,3,3,3,
9,3,3,3,0,3,3,3,3,3,3,
10,3,3,3,0,3,3,3,3,3,3,
9,3,3,3,0,3,3,3,3,3,3,
9,3,3,4,0,3,3,3,3,3,3,
9,3,3,4,0,3,3,3,3,3,3,
9,3,4,4,0,3,3,3,3,3,4,
9,3,4,4,0,3,3,3,3,3,4,
9,3,4,4,0,3,3,3,3,3,4,
9,3,4,4,0,3,3,3,3,3,4,
9,4,4,4,0,3,3,3,3,4,4,
10,4,4,4,0,3,3,3,3,4,4,
10,3,3,3,0,2,2,2,3,3,3,
10,3,3,3,0,2,2,2,2,3,3,
10,3,3,3,0,2,2,2,3,3,3,
9,3,3,3,0,2,2,2,3,3,3,
9,3,3,3,0,2,2,2,3,3,3,
9,3,3,3,0,2,2,3,3,3,3,
9,3,3,3,0,2,2,3,3,3,3,
9,3,3,3,0,3,3,3,3,3,3,
9,3,3,3,0,3,2,3,3,3,3,
9,3,3,3,0,3,3,3,3,3,3,
9,3,3,4,0,3,3,3,3,3,3,
9,3,3,4,0,3,3,3,3,3,3,
9,3,3,3,0,3,3,3,3,3,3,
9,3,3,4,0,3,3,3,3,3,3,
10,3,4,4,0,3,3,3,3,3,4,
9,3,3,4,0,3,3,3,3,3,3,
9,3,3,4,0,3,3,3,3,3,3,
9,3,3,4,0,3,3,3,3,3,4,
9,3,4,4,0,3,3,3,3,4,4,
9,3,3,4,0,3,3,3,3,3,3,
13,6,6,6,0,5,5,5,5,6,6,
11,3,3,4,0,3,3,4,3,3,3,
10,3,3,3,0,2,2,2,2,3,3,
9,3,3,3,0,2,2,2,2,3,3,
9,3,3,3,0,2,2,2,2,3,3,
9,3,3,3,0,3,2,2,3,3,3,
12,3,3,3,0,3,3,3,3,3,3,
9,3,3,3,0,3,2,3,3,3,3,
9,3,3,3,0,3,3,3,3,3,3,
9,3,3,3,0,2,3,3,3,3,3,
9,3,3,3,0,2,3,3,3,3,3,
9,3,3,3,0,3,3,3,3,3,3,
9,3,3,4,0,3,3,3,3,3,3,
9,3,3,3,0,3,3,3,3,3,3,
29,3,3,3,0,3,24,3,3,3,3,
10,3,3,3,0,2,2,2,3,3,3,
9,3,3,3,0,3,3,3,3,3,3,
9,3,3,3,0,3,3,3,3,3,3,
9,3,3,3,0,3,3,3,3,3,3,
9,3,4,4,0,3,3,3,3,3,4,
9,3,4,4,0,3,3,3,3,3,4,
9,3,4,4,0,3,3,3,3,3,4,
9,4,4,4,0,3,3,3,3,4,4,
9,4,4,4,0,3,3,3,3,4,4,
9,3,3,3,0,2,2,2,2,3,3,
8,3,3,3,0,2,2,2,3,3,3,
9,3,3,3,0,2,2,3,3,3,3,
9,3,3,3,0,2,2,3,3,3,3,
9,3,3,3,0,3,3,3,3,3,3,
11,5,5,5,0,5,4,5,5,5,5,
9,3,3,3,0,3,3,3,3,3,3,
12,3,3,3,0,3,3,3,3,3,3,
27,4,4,21,0,3,3,21,3,4,4,
9,3,3,3,0,2,2,2,2,3,3,
9,3,3,3,0,3,3,3,3,3,3,
9,2,2,2,0,2,2,2,2,2,2,
9,2,2,3,0,2,2,2,2,2,2,
9,2,2,3,0,2,2,2,2,2,2,
10,3,3,3,0,3,2,3,3,3,3,
9,2,2,3,0,2,2,2,2,2,2,
9,2,2,3,0,2,2,2,2,2,2,
9,2,3,3,0,2,2,2,2,2,3,
9,2,2,3,0,2,2,2,2,2,3,
9,2,3,3,0,2,2,2,2,2,3,
9,3,3,3,0,2,2,2,2,2,3,
9,2,3,3,0,2,2,2,2,2,3,
9,3,3,3,0,2,2,2,3,3,3,
9,3,3,3,0,2,3,2,3,3,3,
9,3,3,3,0,3,3,2,3,3,3,
9,3,3,3,0,3,3,3,3,3,3,
9,3,3,3,0,3,3,3,3,3,3,
9,3,3,3,0,3,3,3,3,3,3,
9,3,3,3,0,3,3,3,3,3,3,
9,3,3,3,0,3,3,3,3,3,3,
9,2,2,3,0,2,2,2,2,2,2,
9,3,3,4,0,3,3,3,3,3,3,
10,4,4,4,0,3,3,3,3,4,4,
10,4,4,4,0,3,4,3,3,4,4,
10,4,4,4,0,3,4,3,3,4,4,
10,4,4,4,0,3,4,3,3,4,4,
10,4,4,4,0,3,4,3,3,4,4,
10,4,4,4,0,3,4,3,3,4,4,
12,4,4,4,0,3,4,3,3,4,4,
10,4,4,4,0,3,4,3,3,4,4,
10,3,3,3,0,2,3,2,2,3,3,
10,3,4,3,0,2,3,2,2,3,4,
9,3,4,3,0,2,3,2,2,3,4,
9,3,4,3,0,3,3,2,2,3,4,
9,3,4,3,0,3,3,3,2,3,4,
9,3,4,3,0,2,3,3,2,3,4,
10,4,4,4,0,3,3,3,3,4,4,
10,4,4,3,0,3,3,3,3,4,4,
10,4,4,4,0,2,3,3,2,3,4,
11,3,4,3,0,2,3,3,2,3,4,
9,3,4,3,0,2,3,3,2,3,4,
9,4,4,4,0,2,3,3,3,4,4,
9,4,4,4,0,2,3,3,3,4,4,
10,4,4,4,0,2,3,3,3,4,4,
10,4,4,4,0,3,3,3,3,4,4,
10,4,4,4,0,2,3,3,3,4,4,
10,4,4,4,0,3,4,3,3,4,4,
10,4,4,4,0,3,4,3,3,4,4,
10,4,4,4,0,3,4,3,3,4,4,
10,4,4,4,0,3,4,3,3,4,4,
10,4,4,4,0,3,4,3,3,4,4,
10,4,4,4,0,3,4,3,3,4,4,
10,4,4,4,0,3,4,3,3,4,4,
10,3,4,3,0,2,3,2,2,3,4,
10,3,4,3,0,2,3,3,2,3,4,
10,3,4,3,0,2,3,2,2,3,4,
9,3,4,3,0,2,3,3,2,3,4,
9,3,3,3,0,2,2,2,2,3,3,
8,3,3,3,0,2,2,2,2,3,3,
9,3,3,3,0,2,2,3,3,3,3,
9,3,3,3,0,2,2,3,3,3,3,
9,3,3,3,0,2,3,3,3,3,3,
9,3,3,3,0,2,2,3,3,3,3,
9,3,3,3,0,3,3,3,3,3,3,
12,3,3,3,0,2,2,3,3,3,3,
9,3,3,3,0,3,3,3,3,3,3,
9,3,3,3,0,3,3,3,3,3,3,
9,3,3,3,0,3,3,3,3,3,3,
9,3,3,4,0,3,3,3,3,3,3,
9,3,3,4,0,3,3,3,3,3,3,
10,3,4,4,0,3,3,3,3,3,4,
9,3,4,4,0,3,3,3,3,3,4,
10,3,4,4,0,3,3,3,3,3,4,
10,3,4,4,0,3,3,3,3,4,4,
10,4,4,4,0,3,3,3,4,4,4,
10,3,3,3,0,2,2,3,3,3,3,
10,3,3,3,0,2,2,2,3,3,3,
10,3,3,3,0,2,2,4,3,3,3,
10,3,3,3,0,2,2,2,3,3,3,
9,3,3,3,0,2,2,3,3,3,3,
9,3,3,3,0,2,2,3,3,3,3,
9,3,3,4,0,2,2,3,3,3,3,
9,3,3,3,0,2,2,3,3,3,3,
9,3,3,3,0,2,2,3,3,3,3,
9,3,4,4,0,3,3,3,3,3,4,
9,3,3,4,0,3,3,3,3,3,3,
9,3,3,4,0,3,3,3,3,3,3,
22,4,4,4,0,16,4,4,4,4,4,
10,4,4,4,0,3,3,3,3,4,4,
9,3,3,4,0,3,3,3,3,3,3,
9,3,3,4,0,3,3,3,3,3,3,
9,3,3,4,0,3,3,3,3,3,3,
9,3,4,4,0,3,3,3,3,3,4,
10,3,4,4,0,3,3,3,3,3,4,
10,3,4,4,0,3,3,3,3,3,4,
13,3,3,4,0,3,3,3,3,3,3,
10,3,4,4,0,3,3,3,3,3,4,
10,4,4,4,0,3,3,4,3,4,4,
10,3,3,3,0,2,2,3,2,3,3,
10,4,4,4,0,3,3,3,3,4,4,
10,3,3,3,0,2,2,3,3,3,3,
10,3,4,4,0,3,3,3,3,3,4,
10,3,4,4,0,3,3,3,3,3,4,
10,3,4,4,0,3,3,4,3,3,4,
11,3,3,3,0,2,2,3,3,3,3,
8,3,3,3,0,2,2,2,2,3,3,
9,3,3,3,0,2,2,3,3,3,3,
9,3,3,3,0,2,2,3,3,3,3,
9,3,3,3,0,2,2,3,3,3,3,
9,3,3,3,0,2,2,3,3,3,3,
9,3,3,3,0,2,3,3,3,3,3,
9,3,3,4,0,3,3,3,3,3,3,
11,3,4,4,0,3,3,3,3,3,4,
10,3,3,3,0,2,2,3,3,3,3,
10,3,3,3,0,2,2,2,2,3,3,
9,3,3,3,0,3,3,3,3,3,3,
9,3,3,4,0,3,3,3,3,3,3,
9,3,4,4,0,3,3,3,3,3,4,
9,3,4,4,0,3,3,3,3,3,4,
9,2,3,3,0,2,2,2,2,2,3,
9,2,3,3,0,2,2,2,2,2,3,
9,3,3,3,0,2,2,2,2,3,3,
9,3,4,3,0,2,3,3,3,3,3,
10,3,3,3,0,1,2,3,2,3,3,
9,3,3,3,0,2,2,3,3,3,3,
9,3,3,3,0,2,2,3,3,3,3,
9,3,3,3,0,2,3,3,3,3,3,
9,3,3,3,0,2,3,3,3,3,3,
9,3,3,3,0,2,3,3,3,3,3,
9,3,4,3,0,3,3,3,3,3,3,
10,2,3,3,0,2,2,2,3,3,3,
12,3,4,4,0,3,3,3,3,3,4,
9,3,4,4,0,3,3,3,3,3,4,
9,3,4,4,0,3,3,3,3,3,4,
9,3,4,4,0,3,3,3,3,3,4,
9,3,4,4,0,3,3,3,3,4,4,
9,3,4,4,0,3,3,3,3,3,4,
11,3,4,4,0,3,3,3,3,4,4,
9,3,4,4,0,3,3,3,3,4,4,
9,3,3,3,0,2,2,2,2,3,3,
9,2,3,3,0,2,2,2,3,2,3,
10,3,3,3,0,2,2,2,3,3,3,
10,3,3,3,0,2,2,2,3,3,3,
9,3,3,3,0,3,3,3,3,3,3,
9,3,3,3,0,2,3,3,3,3,3,
9,3,3,3,0,2,3,2,3,3,3,
9,3,3,3,0,3,3,3,3,3,3,
9,3,3,3,0,3,3,3,3,3,3,
9,3,3,3,0,3,3,3,3,3,3,
9,3,3,3,0,3,3,3,3,3,3,
9,3,3,3,0,3,3,3,3,3,3,
9,3,4,3,0,3,3,3,3,3,4,
9,3,4,3,0,3,3,3,3,3,4,
9,3,3,3,0,3,3,3,3,3,3,
9,3,3,3,0,3,3,3,3,3,3,
9,3,4,3,0,3,3,3,3,3,4,
9,3,4,4,0,3,3,3,3,3,4,
9,3,4,4,0,3,3,3,3,3,4,
9,3,4,4,0,3,3,3,3,3,4,
9,3,4,4,0,3,3,3,3,3,4,
9,3,4,4,0,3,3,3,3,3,4,
9,4,4,4,0,3,3,3,3,4,4,
12,3,3,3,0,3,3,3,3,3,3,
9,3,3,3,0,2,2,2,2,3,3,
9,3,3,3,0,2,2,2,2,3,3,
9,2,3,3,0,2,2,2,2,2,3,
9,3,3,3,0,3,3,3,3,3,3,
13,3,3,3,0,2,2,2,2,3,3,
8,3,3,3,0,2,2,2,2,3,3,
9,3,3,3,0,2,2,2,2,3,3,
9,3,3,3,0,2,2,2,3,3,3,
9,3,3,3,0,2,3,3,3,3,3,
9,3,3,3,0,2,3,3,2,3,3,
10,3,3,3,0,2,3,3,3,3,3,
9,3,3,3,0,2,3,3,3,3,3,
9,3,3,3,0,3,3,3,3,3,3,
9,3,3,3,0,3,3,3,3,3,3,
9,3,3,4,0,3,3,3,3,3,3,
9,3,4,3,0,3,3,3,3,3,4,
9,3,4,4,0,3,3,3,3,3,4,
9,3,4,4,0,3,3,3,3,3,4,
9,3,4,4,0,3,3,3,3,3,4,
9,3,4,4,0,3,3,3,3,3,4,
9,3,4,4,0,3,3,3,3,3,4,
9,3,4,4,0,3,3,3,3,3,4,
9,3,4,4,0,3,3,3,3,3,4,
9,4,4,4,0,3,3,4,3,4,4,
9,3,4,4,0,3,3,3,3,3,4,
9,3,4,4,0,3,3,3,3,4,4,
10,3,3,3,0,2,3,3,4,3,3,
9,3,3,3,0,2,3,3,2,3,3,
9,3,3,3,0,2,2,2,2,3,3,
9,3,3,3,0,2,2,2,2,3,3,
10,3,3,3,0,2,2,2,2,3,3,
9,3,3,3,0,2,2,2,2,3,3,
9,3,3,3,0,2,2,2,3,3,3,
9,3,3,3,0,2,2,3,3,3,3,
9,3,3,3,0,3,3,3,3,3,3,
12,3,3,3,0,3,3,3,3,3,3,
9,3,3,3,0,3,3,3,3,3,3,
9,3,3,3,0,3,3,3,3,3,3,
9,3,3,3,0,3,3,3,3,3,3,
9,3,3,3,0,3,3,3,3,3,3,
9,3,3,4,0,3,3,3,3,3,4,
10,3,4,4,0,3,3,3,3,3,4,
9,3,4,4,0,3,3,3,3,4,4,
9,4,4,4,0,3,3,3,3,4,4,
9,4,4,4,0,3,3,3,3,4,4,
9,4,4,4,0,3,3,3,3,4,4,
9,4,4,4,0,3,3,3,3,4,4,
9,4,4,4,0,3,3,4,3,4,4,
9,3,3,3,0,2,2,3,2,3,3,
10,3,3,3,0,2,2,3,2,3,3,
10,3,3,3,0,2,2,3,2,3,3,
9,3,3,3,0,2,2,3,3,3,3,
9,3,3,3,0,2,2,3,2,3,3,
9,3,3,3,0,2,3,3,3,3,3,
9,3,3,3,0,2,2,3,3,3,3,
9,3,3,3,0,2,2,3,3,3,3,
9,3,3,3,0,3,3,3,3,3,3,
9,3,3,3,0,2,2,3,3,3,3,
9,3,3,3,0,2,3,3,3,3,3,
9,3,3,3,0,3,3,3,3,3,3,
9,3,3,4,0,3,3,3,3,4,3,
9,3,3,4,0,3,3,3,3,3,3,
9,3,3,4,0,3,3,3,3,3,3,
9,4,3,4,0,3,3,3,3,4,3,
11,3,3,3,0,2,2,2,2,3,3,
9,3,3,3,0,2,2,2,2,3,3,
11,4,4,4,0,3,3,3,3,4,4,
9,3,3,3,0,2,2,2,2,3,3,
9,3,3,3,0,2,2,2,2,3,3,
9,3,3,3,0,2,2,2,2,3,3,
10,3,3,3,0,2,2,2,2,3,3,
9,3,3,3,0,2,2,2,2,3,3,
9,3,3,3,0,2,2,3,3,3,3,
9,3,3,3,0,2,2,3,3,3,3,
9,3,3,3,0,2,2,3,2,3,3,
9,3,3,3,0,2,2,3,3,3,3,
9,3,3,3,0,2,3,3,3,3,3,
9,3,3,3,0,2,3,3,3,3,3,
9,3,3,4,0,3,3,3,3,3,3,
9,3,3,3,0,2,3,3,3,3,3,
9,3,3,4,0,3,3,3,3,3,4,
9,3,3,4,0,3,3,3,3,3,3,
9,3,4,4,0,3,3,3,3,3,4,
9,3,4,4,0,3,3,3,3,3,4,
9,3,4,4,0,3,3,3,3,3,4,
9,3,4,4,0,3,3,3,3,3,4,
9,3,4,4,0,3,3,3,3,3,4,
9,3,4,4,0,3,3,3,3,3,4,
