31,4,4,4,0,3,3,3,3,3,4,
11,4,4,4,0,3,3,3,3,4,4,
11,4,4,4,0,3,3,3,3,4,4,
133,7,7,7,0,5,5,5,5,7,7,
81,5,5,5,0,3,5,3,3,5,5,
32,10,11,5,0,5,10,5,5,10,11,
11,3,4,4,0,3,3,3,3,3,4,
11,4,4,4,0,3,3,4,3,4,4,
10,3,4,4,0,3,3,3,3,3,4,
11,4,4,4,0,3,3,3,3,3,4,
11,3,4,4,0,3,3,3,3,3,4,
11,4,4,4,0,3,3,3,3,3,4,
10,3,3,4,0,2,3,3,2,3,3,
10,4,4,4,0,3,3,3,3,3,4,
10,4,4,4,0,3,3,3,3,3,4,
10,3,3,3,0,2,2,2,3,2,3,
11,4,4,4,0,3,3,3,3,3,4,
10,3,3,4,0,2,3,3,3,3,3,
10,3,3,4,0,3,3,3,3,3,3,
10,3,3,4,0,3,2,3,3,3,3,
10,3,3,3,0,2,2,3,3,3,3,
10,3,3,4,0,2,3,3,3,3,3,
10,3,3,4,0,2,3,3,3,3,3,
10,3,4,4,0,2,3,3,3,3,4,
10,3,3,4,0,2,3,3,3,3,3,
10,3,4,4,0,3,3,3,3,3,4,
10,4,4,4,0,3,3,3,3,3,4,
10,3,4,4,0,3,3,3,3,3,4,
10,3,4,4,0,3,3,3,3,3,4,
10,3,4,4,0,3,3,3,3,3,4,
11,3,4,4,0,3,3,3,3,3,4,
11,3,4,4,0,3,3,3,3,3,4,
11,4,4,4,0,3,3,3,4,3,4,
11,4,4,4,0,3,3,3,3,4,4,
13,4,4,4,0,3,3,3,3,3,4,
13,5,5,6,0,4,5,5,5,5,5,
11,3,3,3,0,2,3,3,3,3,3,
10,3,3,4,0,2,3,3,3,3,3,
10,3,3,3,0,2,2,2,3,3,3,
10,3,3,3,0,2,2,2,3,3,3,
10,3,3,4,0,2,2,3,3,3,3,
10,3,3,4,0,3,3,3,3,3,4,
10,3,4,4,0,3,3,3,3,3,4,
10,3,4,4,0,3,3,3,3,3,4,
10,3,4,4,0,3,3,3,3,3,4,
12,3,4,4,0,3,3,3,4,3,4,
11,3,4,4,0,3,3,3,4,3,4,
31,24,4,4,0,3,3,3,4,24,4,
11,3,4,3,0,2,3,3,3,3,4,
10,3,3,3,0,3,3,3,3,3,3,
10,3,4,4,0,3,3,3,4,3,4,
10,3,4,4,0,3,3,3,4,3,4,
10,3,4,4,0,3,3,3,3,3,4,
10,3,3,3,0,3,3,3,3,3,3,
11,4,4,4,0,3,3,3,3,4,4,
11,3,4,4,0,3,3,3,3,3,4,
10,4,4,4,0,3,3,3,3,4,4,
13,3,4,3,0,3,3,3,3,3,4,
11,3,4,3,0,3,3,3,3,3,4,
11,3,3,3,0,2,3,3,3,3,3,
11,3,3,3,0,3,3,3,3,3,3,
31,3,24,3,0,2,2,2,2,3,24,
10,3,3,4,0,3,3,3,3,3,3,
10,3,3,3,0,2,2,2,2,3,3,
9,3,3,3,0,2,2,2,2,3,3,
19,2,2,3,0,2,2,3,3,2,3,
10,3,3,3,0,2,2,3,3,3,3,
9,3,3,3,0,2,2,3,2,3,3,
10,3,3,3,0,2,2,3,3,3,3,
10,3,3,3,0,2,2,3,3,3,3,
10,3,3,3,0,2,2,3,3,3,3,
10,3,3,3,0,2,2,3,3,3,3,
10,3,3,4,0,3,3,3,3,3,3,
10,3,3,4,0,3,3,3,3,3,4,
10,3,3,4,0,3,3,3,3,3,3,
11,3,3,3,0,2,2,3,3,3,3,
11,3,3,3,0,2,2,3,3,3,3,
10,3,3,4,0,3,3,3,3,3,4,
10,3,3,4,0,3,3,3,3,3,3,
10,3,3,4,0,3,3,3,3,3,3,
13,3,3,4,0,3,3,3,3,3,3,
10,3,4,4,0,3,3,3,3,3,4,
10,3,3,4,0,3,3,3,3,3,3,
10,3,3,4,0,3,3,3,3,3,3,
10,3,4,4,0,3,3,3,3,3,4,
9,3,4,4,0,3,3,3,3,3,4,
11,3,4,4,0,3,3,3,3,3,4,
9,3,4,4,0,3,3,3,3,3,4,
10,3,3,3,0,2,2,2,3,3,3,
10,3,3,3,0,2,2,2,3,3,3,
10,3,3,3,0,2,2,3,3,3,3,
10,3,3,3,0,2,3,3,3,3,3,
10,3,3,3,0,2,2,3,3,3,3,
11,3,3,4,0,2,2,4,3,3,3,
10,3,3,4,0,3,3,3,3,3,3,
11,3,3,4,0,3,3,3,3,3,3,
10,3,3,4,0,3,3,3,3,3,3,
10,3,3,4,0,3,3,3,3,3,3,
10,3,3,4,0,3,3,3,3,3,3,
10,3,3,4,0,2,2,3,3,3,3,
11,3,4,4,0,3,3,3,4,3,4,
10,3,4,4,0,3,3,3,3,4,4,
10,3,4,4,0,3,3,3,3,3,4,
11,4,4,4,0,3,3,3,4,4,4,
10,3,4,4,0,3,3,3,3,3,4,
10,3,4,4,0,3,3,3,3,3,4,
9,4,4,4,0,3,3,4,3,4,4,
10,4,4,4,0,3,3,4,4,4,4,
10,3,3,3,0,2,2,2,3,3,3,
11,4,4,4,0,3,3,3,4,4,4,
10,3,4,4,0,3,3,3,3,3,4,
11,3,4,4,0,3,3,3,3,3,4,
10,3,3,4,0,3,3,3,3,3,3,
10,3,3,4,0,2,2,3,3,3,3,
10,3,3,4,0,2,2,3,3,3,3,
10,3,4,4,0,2,3,3,3,3,4,
12,4,4,5,0,3,3,3,3,4,4,
11,4,5,4,0,3,3,3,3,4,4,
11,4,4,5,0,3,3,3,3,4,4,
11,3,4,4,0,3,3,3,3,3,4,
10,3,3,4,0,3,3,3,3,3,3,
13,3,3,4,0,3,3,3,3,3,3,
10,3,3,4,0,3,3,3,3,3,3,
10,3,3,4,0,3,3,3,3,3,3,
10,3,3,4,0,3,3,3,3,3,3,
10,3,3,4,0,3,3,3,3,3,3,
11,3,3,4,0,3,3,3,3,3,3,
12,4,3,4,0,3,3,3,3,4,3,
11,3,3,4,0,3,3,3,3,3,3,
11,3,3,4,0,3,3,3,3,3,3,
11,3,3,4,0,3,3,3,3,3,3,
10,3,3,3,0,2,2,2,3,3,3,
10,3,3,3,0,2,2,2,3,3,3,
10,3,3,3,0,2,2,3,3,3,3,
10,3,3,3,0,2,2,3,3,3,3,
10,3,3,3,0,2,2,3,3,3,3,
10,3,3,3,0,2,2,3,3,3,3,
10,3,3,3,0,2,2,2,3,3,3,
10,3,3,3,0,2,2,3,3,3,3,
10,3,3,4,0,2,2,3,3,3,3,
10,3,3,4,0,3,3,3,3,3,3,
11,4,4,4,0,3,3,4,3,4,4,
11,3,3,4,0,3,3,3,3,3,3,
10,3,3,4,0,3,3,3,3,3,3,
10,3,3,4,0,3,3,3,3,3,3,
11,4,4,4,0,3,3,3,3,4,4,
11,4,4,4,0,3,3,3,3,4,4,
11,3,3,4,0,3,3,3,3,3,3,
12,3,3,4,0,3,3,3,3,3,3,
11,3,3,4,0,3,3,3,3,3,3,
13,6,5,6,0,5,5,5,5,5,5,
11,3,4,4,0,3,3,3,3,4,3,
12,4,4,4,0,3,3,3,3,4,3,
12,4,4,5,0,3,3,4,4,4,4,
12,4,4,5,0,3,3,4,4,4,4,
12,4,4,4,0,3,3,4,4,4,4,
10,3,3,4,0,3,2,3,3,3,3,
10,3,3,4,0,3,3,3,3,3,3,
10,3,3,4,0,3,3,3,3,3,3,
10,3,3,4,0,3,3,3,3,3,3,
10,3,3,4,0,3,3,3,3,3,3,
10,3,3,4,0,3,3,3,3,3,3,
14,4,4,4,0,3,3,3,3,3,3,
10,3,3,4,0,3,3,3,3,3,3,
10,3,3,4,0,3,3,3,3,3,3,
11,3,3,4,0,3,3,3,3,3,3,
11,3,3,4,0,3,3,3,3,3,3,
11,3,3,4,0,3,3,3,3,3,3,
11,3,4,4,0,3,3,3,3,3,4,
11,4,4,4,0,3,3,3,3,4,3,
11,4,4,5,0,4,4,4,4,4,4,
14,3,3,4,0,3,3,3,3,3,3,
14,3,3,4,0,3,3,3,3,3,3,
12,3,3,4,0,3,3,3,3,3,3,
12,3,3,4,0,3,3,3,3,3,3,
12,3,3,4,0,3,3,3,3,3,3,
11,4,4,5,0,3,3,4,3,4,4,
11,3,4,4,0,3,3,4,4,3,4,
12,3,3,4,0,3,3,4,4,3,3,
11,3,3,4,0,2,3,3,3,3,3,
11,4,4,4,0,3,3,4,3,4,4,
11,4,4,5,0,3,3,4,4,4,4,
11,4,4,5,0,3,3,4,3,4,4,
11,4,4,4,0,3,3,4,4,4,4,
11,4,4,5,0,3,3,4,4,4,4,
11,4,4,5,0,3,3,4,4,4,4,
12,4,4,5,0,4,4,4,4,4,4,
12,4,4,5,0,3,3,4,4,4,4,
11,4,4,5,0,3,3,4,4,4,4,
11,3,4,4,0,3,3,3,3,3,4,
10,3,3,4,0,2,2,3,2,3,3,
10,3,3,4,0,2,2,3,3,3,3,
10,3,3,4,0,2,2,3,3,3,3,
10,3,3,4,0,2,2,3,3,3,3,
10,3,3,4,0,2,2,3,3,3,3,
10,3,3,4,0,2,2,3,3,3,3,
11,3,4,4,0,3,3,3,3,3,4,
11,4,4,4,0,3,3,4,3,4,4,
13,3,3,4,0,3,3,3,3,3,3,
11,3,4,4,0,3,3,3,3,3,4,
10,3,4,4,0,3,3,3,3,3,4,
11,4,4,4,0,3,3,4,3,4,4,
11,4,4,4,0,3,3,3,3,4,4,
13,3,3,4,0,2,2,3,2,3,3,
10,3,3,3,0,2,2,3,2,3,3,
10,3,3,4,0,2,2,3,2,3,3,
12,4,5,5,0,3,3,4,4,4,5,
12,4,4,5,0,4,3,4,4,4,4,
15,8,8,8,0,3,4,8,4,8,8,
12,4,5,5,0,3,4,4,4,4,5,
12,4,4,5,0,3,3,4,4,4,4,
12,3,4,4,0,2,2,3,3,3,4,
13,3,4,4,0,3,3,3,3,3,4,
12,4,4,5,0,3,3,3,3,4,4,
13,4,4,5,0,3,3,4,4,4,4,
13,4,5,5,0,3,3,4,4,4,5,
14,4,6,5,0,3,4,4,4,4,6,
12,3,4,4,0,2,3,3,3,3,4,
11,3,3,4,0,2,2,3,2,3,3,
10,3,4,4,0,3,3,3,3,3,3,
11,3,4,4,0,3,3,3,3,3,4,
10,3,3,4,0,3,3,3,3,3,3,
10,3,3,4,0,3,3,3,3,3,3,
10,3,4,4,0,3,3,3,3,3,4,
10,3,4,4,0,3,3,3,3,3,4,
10,3,4,4,0,3,3,4,3,3,4,
10,3,4,4,0,3,3,3,3,3,4,
10,3,4,4,0,3,3,4,3,3,4,
10,3,3,3,0,2,2,3,2,3,3,
10,2,3,3,0,2,2,3,2,2,3,
10,2,3,4,0,2,2,3,2,3,3,
10,3,3,4,0,2,2,3,2,3,3,
10,3,3,4,0,3,2,3,2,3,3,
10,3,3,4,0,2,2,3,3,3,3,
11,3,3,4,0,3,3,3,3,3,3,
11,3,3,4,0,3,3,3,3,3,3,
10,3,3,4,0,3,3,3,3,3,3,
11,3,4,4,0,3,3,3,3,3,4,
10,3,3,4,0,3,3,3,3,3,3,
11,3,4,4,0,3,3,4,3,3,4,
11,3,4,4,0,3,3,4,3,3,4,
11,3,4,4,0,3,3,3,3,3,4,
10,3,4,4,0,3,3,3,3,3,4,
10,3,4,4,0,3,3,3,3,3,4,
13,3,3,4,0,2,2,3,2,3,3,
10,3,4,4,0,3,3,4,3,3,4,
10,2,3,4,0,2,2,3,2,2,3,
10,2,3,3,0,2,2,3,2,2,3,
10,2,3,4,0,2,2,3,2,2,3,
10,3,3,4,0,2,2,3,2,3,3,
10,3,3,4,0,2,2,3,3,3,3,
10,3,3,4,0,2,2,3,2,3,3,
10,3,3,4,0,2,2,3,2,3,3,
10,3,3,4,0,3,3,3,3,3,3,
11,3,3,4,0,2,2,3,3,3,3,
11,3,4,4,0,3,3,4,3,3,4,
11,3,4,4,0,3,3,3,3,3,4,
11,3,3,4,0,3,3,3,3,3,3,
12,3,4,4,0,3,3,3,3,3,4,
10,3,3,4,0,3,3,3,3,3,3,
11,3,4,4,0,3,3,3,3,3,4,
11,3,4,4,0,3,3,4,3,3,4,
10,3,4,4,0,3,3,3,3,3,4,
10,3,4,4,0,3,3,3,3,3,4,
10,3,4,4,0,3,3,4,3,3,4,
10,3,4,4,0,3,3,4,3,3,4,
10,2,3,3,0,2,2,3,2,2,3,
10,2,3,3,0,2,2,3,2,2,3,
10,2,3,4,0,2,2,3,2,2,3,
10,2,3,4,0,2,2,3,2,2,3,
10,3,3,4,0,3,2,3,2,3,3,
10,3,3,4,0,2,2,3,2,3,3,
11,3,3,4,0,2,2,3,2,3,3,
10,3,3,4,0,2,2,3,2,3,3,
10,3,3,4,0,2,2,3,3,3,3,
10,3,3,4,0,2,3,3,3,3,3,
10,3,3,4,0,3,3,3,3,3,3,
10,3,3,4,0,2,3,3,3,3,3,
10,3,4,4,0,2,3,3,3,3,4,
11,3,4,4,0,3,3,3,3,3,4,
11,3,4,4,0,3,3,3,3,3,4,
11,3,4,4,0,3,3,4,3,3,4,
11,3,4,4,0,3,3,3,3,3,4,
10,3,4,4,0,3,3,3,3,3,4,
12,5,6,7,0,5,5,6,5,6,6,
10,3,4,4,0,3,3,4,3,3,4,
10,3,4,4,0,3,3,3,3,3,4,
10,3,4,4,0,3,3,4,3,3,4,
10,2,3,3,0,2,2,3,2,2,3,
10,2,3,3,0,2,2,3,2,2,3,
13,3,3,4,0,2,2,3,2,3,3,
10,3,3,4,0,2,2,3,2,3,3,
10,3,3,4,0,2,2,3,2,3,3,
10,3,3,4,0,2,2,3,2,3,3,
10,3,3,4,0,2,2,3,3,3,3,
10,3,3,4,0,2,2,3,3,3,3,
10,3,3,4,0,2,2,3,3,3,3,
10,3,3,4,0,2,2,3,3,3,3,
10,3,3,4,0,2,3,3,3,3,3,
12,3,3,4,0,3,3,3,3,3,3,
10,3,4,4,0,3,3,3,3,3,4,
13,3,4,4,0,3,3,3,3,3,4,
11,3,4,4,0,3,3,3,3,3,4,
10,3,4,4,0,3,3,3,3,3,4,
10,3,3,4,0,2,2,3,3,3,3,
10,3,4,4,0,3,3,3,3,3,4,
10,3,4,4,0,3,3,4,3,3,4,
10,3,4,4,0,3,3,3,3,3,4,
10,2,3,3,0,2,2,3,2,2,3,
10,2,3,3,0,2,2,3,2,2,3,
10,2,3,4,0,2,2,3,2,3,3,
10,2,3,4,0,2,2,3,3,2,3,
10,2,3,4,0,2,2,3,3,3,3,
10,3,3,4,0,2,2,3,3,3,3,
10,3,3,4,0,2,2,3,3,3,3,
10,3,4,4,0,2,2,3,3,3,4,
10,3,3,4,0,2,2,3,3,3,3,
10,3,4,4,0,3,3,3,3,3,4,
11,3,4,4,0,3,3,3,3,3,4,
11,3,4,4,0,3,3,3,3,3,4,
11,3,4,4,0,3,3,3,3,3,4,
11,3,4,4,0,3,3,3,3,3,4,
11,3,4,4,0,3,3,3,3,3,4,
33,3,4,26,0,3,3,3,3,3,4,
11,3,4,4,0,2,2,3,3,3,4,
11,3,4,4,0,3,3,3,3,3,4,
10,3,4,4,0,3,3,3,3,3,4,
10,3,4,4,0,3,3,3,3,3,4,
10,3,4,4,0,3,3,4,3,3,4,
10,3,4,4,0,3,3,4,3,3,4,
10,2,3,4,0,2,2,3,2,2,3,
13,2,3,3,0,2,2,3,2,2,3,
10,2,3,4,0,2,2,3,2,2,3,
10,2,3,4,0,2,2,3,2,2,3,
10,2,3,4,0,2,2,3,3,2,3,
11,3,4,4,0,3,2,3,3,3,4,
11,3,4,4,0,3,2,3,3,3,4,
10,3,3,4,0,2,2,3,3,3,3,
10,3,3,4,0,2,2,3,3,3,3,
10,3,3,4,0,2,2,3,3,3,3,
13,3,3,4,0,3,3,3,3,3,3,
10,3,4,4,0,3,3,3,3,3,4,
10,3,4,4,0,3,3,3,3,3,4,
10,3,4,4,0,3,3,3,3,3,4,
10,3,4,4,0,3,3,3,3,3,4,
11,3,4,4,0,3,3,4,3,3,4,
11,3,4,4,0,3,3,3,3,3,4,
10,3,4,4,0,3,3,3,3,3,4,
10,3,4,4,0,3,3,3,3,4,4,
10,3,4,4,0,3,3,3,3,4,4,
11,3,4,4,0,3,3,3,3,4,4,
11,3,4,4,0,3,3,3,3,4,4,
10,3,4,4,0,3,3,4,3,4,4,
10,3,4,4,0,3,3,4,3,4,4,
10,3,4,4,0,3,3,4,3,4,4,
10,2,3,4,0,2,2,3,3,3,3,
10,2,3,3,0,2,2,3,2,2,3,
10,2,4,4,0,2,2,3,2,4,4,
10,3,4,4,0,2,2,3,3,4,4,
10,3,3,3,0,2,2,3,3,3,3,
10,3,4,4,0,2,2,3,3,3,4,
10,3,4,4,0,2,2,3,3,3,4,
10,3,4,4,0,2,2,3,3,3,4,
10,3,4,4,0,2,2,3,3,3,3,
10,3,4,4,0,2,3,3,3,3,4,
10,3,4,4,0,2,2,3,3,3,4,
10,3,4,4,0,2,3,3,3,3,4,
20,3,3,3,0,2,2,3,3,3,3,
11,3,4,4,0,3,3,4,3,3,4,
10,3,4,4,0,3,3,3,3,3,4,
10,3,4,4,0,3,3,3,3,3,4,
11,3,4,4,0,3,3,3,3,3,4,
10,3,4,4,0,3,3,3,3,3,4,
10,3,4,4,0,3,3,4,3,3,4,
10,3,4,4,0,3,3,3,3,3,4,
10,2,3,3,0,2,2,3,3,2,3,
10,2,3,3,0,2,2,3,2,2,3,
13,2,3,3,0,2,2,3,3,2,3,
10,3,3,4,0,2,2,3,3,3,3,
10,3,3,4,0,2,2,3,3,3,3,
10,3,4,4,0,2,2,3,3,3,4,
10,3,4,4,0,2,2,3,3,3,4,
10,3,4,4,0,2,2,3,3,3,4,
11,3,4,4,0,3,3,3,3,3,4,
11,3,4,4,0,3,3,3,3,3,4,
11,3,4,4,0,3,3,3,3,3,4,
11,3,4,4,0,3,3,4,3,3,4,
10,3,4,4,0,3,3,3,3,3,4,
11,3,4,4,0,3,3,3,3,3,4,
10,3,4,4,0,2,2,3,3,3,4,
10,3,4,4,0,3,3,3,3,3,4,
10,3,4,4,0,3,3,3,3,3,4,
10,3,4,4,0,3,3,3,3,3,4,
10,3,4,4,0,3,3,4,3,3,4,
10,3,4,4,0,3,3,4,3,3,4,
10,3,4,4,0,3,3,4,3,3,4,
10,3,3,3,0,2,2,3,3,3,3,
10,2,3,3,0,2,2,3,3,2,3,
10,2,3,3,0,2,2,3,3,2,3,
12,3,3,4,0,2,2,3,3,3,3,
10,3,3,4,0,2,2,3,3,3,3,
11,3,3,4,0,2,2,3,3,3,3,
10,3,3,4,0,2,2,3,3,3,3,
10,3,3,4,0,2,2,3,3,3,3,
10,3,3,4,0,2,2,3,3,3,3,
10,3,4,4,0,2,2,3,3,3,4,
10,3,4,4,0,2,2,3,3,3,4,
10,3,4,4,0,2,2,3,3,3,4,
10,3,4,4,0,2,2,4,3,3,4,
10,3,4,4,0,2,3,3,3,3,4,
10,3,4,4,0,3,3,3,3,3,4,
10,3,4,4,0,3,3,3,3,3,4,
10,3,4,4,0,3,3,3,3,3,4,
10,3,4,4,0,3,3,4,3,3,4,
24,17,17,17,0,3,3,17,17,17,17,
11,3,4,4,0,2,2,3,3,3,4,
9,3,4,4,0,3,3,3,3,3,4,
10,3,4,4,0,3,3,3,3,3,4,
15,2,3,5,0,2,2,3,2,2,3,
10,2,3,3,0,2,2,3,2,2,3,
10,2,3,3,0,2,2,3,2,2,3,
11,2,3,3,0,2,2,3,2,2,3,
10,2,3,4,0,2,2,3,3,3,3,
10,3,3,3,0,2,2,3,3,3,3,
10,2,3,3,0,2,2,3,3,2,3,
10,3,3,4,0,2,2,3,3,3,3,
10,3,3,4,0,2,2,3,3,3,3,
11,3,3,4,0,2,2,3,3,3,3,
10,3,3,4,0,2,2,3,3,3,3,
12,3,4,4,0,2,2,3,3,3,3,
10,3,4,4,0,2,3,3,3,3,4,
10,3,4,4,0,3,3,3,3,3,4,
10,3,4,4,0,2,2,3,3,3,4,
10,3,4,4,0,3,3,3,3,3,4,
11,3,4,4,0,3,3,4,3,3,4,
10,3,4,4,0,2,3,3,3,3,4,
10,3,4,4,0,3,3,3,3,3,4,
10,3,4,4,0,3,3,3,3,3,4,
11,3,4,4,0,3,3,4,4,3,4,
11,3,4,4,0,3,3,4,4,3,4,
10,3,4,4,0,3,3,4,4,3,4,
10,3,4,4,0,4,3,4,4,3,4,
10,3,4,4,0,3,3,4,4,3,4,
10,3,4,4,0,4,3,4,4,3,4,
10,2,3,3,0,2,2,3,3,2,3,
10,2,3,4,0,3,2,3,3,3,3,
10,2,3,4,0,3,2,3,3,2,3,
10,3,3,4,0,3,2,3,3,3,3,
10,3,3,4,0,3,2,3,3,3,3,
10,3,3,4,0,3,2,3,3,3,3,
10,3,3,4,0,3,2,3,3,3,3,
10,3,3,4,0,3,2,3,3,3,3,
10,3,3,4,0,3,2,3,3,3,3,
10,3,3,4,0,4,2,3,3,3,3,
10,3,3,4,0,4,2,3,3,3,3,
10,3,3,4,0,4,2,3,3,3,3,
11,3,3,4,0,4,3,4,3,3,4,
10,3,3,4,0,3,2,3,3,3,3,
11,3,3,4,0,4,3,3,3,3,4,
14,3,4,4,0,3,3,4,3,3,4,
10,3,4,4,0,3,3,3,3,3,4,
11,3,4,4,0,3,3,3,3,3,4,
10,3,4,4,0,3,3,3,3,3,4,
9,3,4,4,0,3,3,3,3,3,4,
9,3,4,4,0,3,3,3,3,3,4,
9,3,4,4,0,3,3,3,3,3,4,
9,2,3,3,0,2,2,2,2,2,3,
10,2,3,3,0,2,2,3,3,2,3,
12,2,3,3,0,2,2,3,3,3,3,
10,3,3,3,0,2,2,3,3,3,3,
10,3,3,3,0,2,2,3,3,3,3,
10,3,3,4,0,2,2,3,3,3,3,
10,3,3,4,0,2,2,3,3,3,3,
10,3,3,3,0,2,2,3,3,3,3,
10,3,3,3,0,2,2,3,3,3,3,
10,3,3,3,0,2,2,3,3,3,3,
10,3,3,3,0,2,2,3,3,3,3,
10,3,3,3,0,2,2,3,3,3,4,
10,3,4,4,0,2,3,3,3,3,4,
10,3,4,4,0,3,3,3,3,3,4,
10,3,4,4,0,3,3,3,3,3,4,
10,3,4,4,0,3,3,3,3,3,4,
10,3,4,4,0,2,3,3,3,3,3,
10,3,4,4,0,3,3,3,3,3,4,
10,3,4,4,0,3,3,3,3,3,4,
10,3,4,4,0,3,3,3,3,3,4,
9,3,4,4,0,3,3,3,3,3,4,
9,3,4,4,0,3,3,3,3,3,4,
10,3,4,4,0,3,3,4,3,3,4,
9,3,4,4,0,3,3,3,3,3,4,
10,2,3,3,0,2,2,3,2,2,3,
10,2,3,3,0,2,2,3,3,2,3,
10,3,4,4,0,3,3,4,3,3,4,
10,2,3,3,0,2,2,3,3,2,3,
10,3,3,4,0,2,2,3,3,3,3,
10,3,3,3,0,2,2,3,3,3,3,
10,3,3,3,0,2,2,3,3,3,3,
10,3,3,3,0,2,2,3,3,3,3,
10,3,3,3,0,2,2,3,3,3,3,
10,3,3,3,0,2,2,3,3,3,3,
13,3,4,4,0,3,3,3,3,3,4,
10,3,3,3,0,3,3,3,3,3,3,
10,3,3,3,0,2,2,3,3,3,3,
10,3,3,4,0,3,3,3,3,3,3,
10,3,3,3,0,2,2,3,3,3,3,
10,3,4,4,0,3,3,3,3,3,4,
12,3,4,4,0,3,3,3,3,3,4,
10,3,4,4,0,3,3,3,3,3,4,
10,3,4,4,0,3,3,3,3,3,4,
10,3,4,4,0,3,3,3,3,3,4,
11,3,4,4,0,3,3,4,3,3,4,
9,3,4,4,0,3,3,3,3,3,4,
9,3,4,4,0,3,3,3,3,3,4,
9,3,4,4,0,3,3,3,3,3,4,
9,3,4,4,0,3,3,3,3,3,4,
9,3,4,4,0,3,3,3,3,3,4,
9,3,4,4,0,3,3,3,3,3,4,
10,4,4,4,0,3,3,4,3,4,4,
10,3,3,4,0,3,2,3,2,3,3,
10,3,3,4,0,3,2,3,2,3,3,
10,3,3,3,0,3,2,3,2,3,3,
10,3,3,4,0,3,2,3,3,3,3,
10,3,3,4,0,3,2,3,3,3,3,
10,3,3,3,0,3,2,3,3,3,3,
10,3,3,3,0,3,2,3,3,3,3,
10,3,3,4,0,3,3,3,3,3,3,
10,3,3,4,0,2,2,3,3,3,3,
10,3,3,4,0,2,3,3,3,3,3,
10,3,4,4,0,3,3,3,3,3,4,
10,3,4,4,0,3,3,3,3,3,4,
10,3,4,4,0,3,3,3,3,3,4,
11,3,4,4,0,3,3,3,3,3,4,
10,3,4,4,0,3,3,3,3,3,4,
11,3,4,4,0,3,3,3,3,3,4,
10,3,4,4,0,3,3,3,3,3,4,
9,3,4,4,0,3,3,3,3,3,4,
14,3,7,7,0,3,3,4,3,3,7,
12,3,4,4,0,3,3,3,3,3,4,
10,3,3,3,0,2,2,3,2,3,3,
10,3,3,4,0,2,2,3,3,3,3,
10,3,3,4,0,2,2,3,3,3,3,
10,3,3,4,0,2,3,3,3,3,3,
10,3,3,4,0,2,3,3,3,3,3,
10,3,4,4,0,2,3,3,3,3,4,
10,3,3,3,0,2,2,3,3,3,3,
9,2,3,3,0,2,2,2,3,2,3,
10,2,3,3,0,2,2,3,3,3,3,
10,3,3,3,0,2,2,3,3,3,3,
10,3,3,4,0,2,2,3,3,3,3,
10,3,3,3,0,2,3,3,3,3,3,
10,3,3,3,0,2,2,3,3,3,3,
10,3,3,4,0,2,2,3,3,3,3,
10,3,3,3,0,2,2,3,3,3,3,
10,3,3,4,0,2,2,3,3,3,3,
10,3,3,3,0,2,2,3,3,3,3,
10,3,4,4,0,3,3,3,3,3,4,
10,3,4,4,0,3,3,3,3,3,4,
10,3,4,4,0,3,3,3,3,3,4,
11,3,4,4,0,3,3,3,3,3,4,
9,3,4,4,0,3,3,3,3,3,4,
9,3,4,4,0,3,3,3,3,3,4,
9,3,4,4,0,3,3,3,3,3,4,
9,3,4,4,0,3,3,3,3,3,4,
9,3,4,4,0,3,3,3,3,3,4,
9,3,4,4,0,3,3,3,3,3,4,
9,3,4,4,0,3,3,3,3,3,4,
9,3,4,4,0,3,3,3,3,3,4,
9,3,4,4,0,3,3,3,3,3,4,
10,2,3,3,0,2,2,2,2,2,3,
9,2,3,3,0,2,2,2,2,2,3,
10,3,4,4,0,2,2,3,3,3,4,
10,3,3,3,0,2,2,3,3,3,3,
13,3,3,3,0,2,2,3,3,3,3,
10,3,3,4,0,2,2,3,3,3,3,
10,3,3,3,0,2,2,3,3,3,3,
10,3,3,3,0,2,2,3,3,3,3,
13,5,5,5,0,2,4,3,3,5,5,
10,3,4,4,0,2,3,3,3,3,4,
12,3,3,4,0,2,3,3,3,3,3,
10,3,4,4,0,2,3,3,3,3,4,
10,3,4,4,0,3,3,3,3,3,4,
9,3,4,4,0,3,3,3,3,3,4,
9,3,4,4,0,3,3,3,3,3,4,
9,3,4,4,0,3,3,3,3,3,4,
9,3,4,4,0,3,3,4,3,3,4,
10,3,4,4,0,3,3,4,4,4,4,
10,3,4,4,0,2,3,3,3,3,4,
10,3,4,4,0,3,3,3,3,3,4,
10,3,3,3,0,2,2,3,3,3,3,
10,2,3,3,0,2,2,2,2,3,3,
10,3,3,3,0,2,2,3,3,3,3,
12,3,4,4,0,2,3,3,3,3,4,
10,3,3,4,0,2,2,3,3,3,3,
10,3,3,3,0,2,2,3,3,3,3,
10,3,3,4,0,2,2,3,3,3,3,
13,3,3,5,0,3,2,5,3,3,3,
10,4,4,4,0,3,3,4,4,3,4,
10,3,3,3,0,2,2,3,3,3,3,
10,3,3,4,0,3,3,3,3,3,3,
10,3,3,4,0,3,3,3,3,3,3,
10,3,4,4,0,3,3,3,3,3,4,
9,3,4,4,0,3,3,3,3,3,4,
9,3,4,4,0,3,3,3,3,3,4,
9,3,4,4,0,3,3,3,3,3,4,
9,3,4,4,0,3,3,3,3,3,4,
9,3,4,4,0,3,3,4,3,3,4,
10,3,4,4,0,3,3,4,3,3,4,
9,3,3,3,0,2,2,3,2,3,3,
13,3,3,3,0,2,2,3,2,3,3,
9,3,3,3,0,2,2,3,2,3,3,
10,3,3,3,0,2,2,3,3,3,3,
10,3,3,4,0,2,2,3,3,3,3,
10,3,3,3,0,2,2,3,3,3,3,
10,3,3,3,0,2,2,3,3,3,3,
12,3,3,3,0,2,2,3,3,3,3,
10,3,3,4,0,3,3,3,3,3,3,
10,3,3,4,0,3,3,3,3,3,3,
10,3,3,4,0,3,3,3,3,3,4,
10,3,3,4,0,3,3,3,3,3,3,
10,3,3,4,0,3,3,3,3,3,3,
9,3,4,4,0,3,3,3,3,3,4,
9,3,4,4,0,3,3,3,3,3,4,
9,3,4,4,0,3,3,3,3,3,4,
9,3,4,4,0,3,3,3,3,3,4,
24,17,17,18,0,16,16,17,16,17,17,
9,2,3,3,0,2,2,2,2,2,3,
9,3,4,4,0,3,3,4,3,3,4,
10,2,3,3,0,2,2,3,2,2,3,
10,2,3,3,0,2,2,3,2,2,3,
10,3,3,3,0,2,2,3,2,3,3,
10,3,3,4,0,2,2,3,3,3,3,
10,3,3,3,0,2,2,3,2,3,3,
10,3,3,4,0,2,2,3,3,3,4,
10,3,3,4,0,2,2,3,3,3,4,
10,3,3,4,0,2,3,3,3,3,4,
10,3,3,4,0,2,3,3,3,3,3,
10,3,3,4,0,2,3,3,3,3,4,
10,3,4,4,0,3,3,3,3,3,4,
10,3,3,4,0,3,3,3,3,3,4,
9,3,4,4,0,3,3,3,3,3,4,
10,2,3,3,0,2,2,3,2,2,3,
9,3,4,4,0,3,3,3,3,3,4,
10,3,4,4,0,3,3,3,3,3,4,
10,2,3,3,0,2,2,2,2,2,3,
13,2,3,3,0,2,2,2,2,2,3,
10,2,3,3,0,2,2,3,2,2,3,
10,2,3,3,0,2,2,3,2,2,3,
10,3,3,3,0,2,2,3,2,3,3,
10,3,3,4,0,2,2,3,3,3,3,
10,3,3,4,0,2,2,3,3,3,3,
11,3,3,4,0,2,3,3,3,3,4,
10,3,3,4,0,3,3,3,3,3,3,
10,3,3,4,0,2,2,3,3,3,3,
10,3,3,4,0,3,3,3,3,3,3,
10,3,3,4,0,3,3,3,3,3,4,
10,3,3,4,0,3,3,3,3,3,3,
10,3,4,4,0,3,3,3,3,3,4,
10,3,4,4,0,3,3,3,3,3,4,
9,3,4,4,0,3,3,3,3,3,4,
9,3,4,4,0,3,3,3,3,3,4,
10,3,4,4,0,3,3,4,3,3,4,
10,2,3,3,0,2,2,3,2,2,3,
11,3,3,4,0,2,2,3,3,3,3,
10,2,3,3,0,2,2,2,2,2,3,
10,3,3,3,0,2,2,3,2,3,3,
10,3,3,3,0,2,2,3,2,3,3,
10,3,3,3,0,2,2,3,3,3,3,
10,3,3,4,0,2,2,3,3,3,3,
12,3,4,4,0,3,3,3,3,3,4,
10,3,3,4,0,2,3,3,3,3,3,
10,3,4,4,0,3,3,3,3,3,4,
10,3,4,4,0,3,3,3,3,3,4,
10,3,4,4,0,3,3,3,3,3,4,
10,3,4,4,0,3,3,3,3,3,4,
10,3,4,4,0,3,3,3,3,3,4,
10,3,4,4,0,3,3,3,3,3,4,
11,3,4,4,0,3,3,4,3,3,4,
10,3,4,4,0,3,3,3,3,3,4,
9,3,4,4,0,3,3,3,3,3,4,
9,3,4,4,0,3,3,3,3,3,4,
13,3,4,4,0,3,3,3,3,3,4,
11,3,4,4,0,3,3,4,3,3,4,
10,3,3,3,0,2,2,3,2,3,3,
10,3,3,4,0,2,2,3,2,3,3,
10,3,3,3,0,2,2,3,2,3,3,
10,3,3,4,0,2,2,3,2,3,3,
12,3,3,4,0,2,2,3,3,3,3,
10,3,3,4,0,3,3,3,3,3,3,
10,3,3,4,0,2,3,3,3,3,3,
10,3,3,4,0,3,3,3,3,3,3,
10,3,3,4,0,3,3,3,3,3,4,
10,3,4,4,0,3,3,3,3,3,4,
10,3,4,4,0,3,3,3,3,3,4,
10,3,4,4,0,3,3,3,3,3,4,
25,4,4,18,0,17,4,17,17,4,4,
11,3,3,3,0,2,2,3,2,3,3,
9,3,4,4,0,3,3,3,3,3,3,
9,3,4,4,0,3,3,3,3,3,4,
9,3,4,4,0,3,3,3,3,3,4,
9,3,3,3,0,2,2,2,2,3,3,
10,3,3,3,0,2,3,3,3,3,3,
9,3,3,3,0,2,2,2,2,3,3,
10,3,3,3,0,2,3,3,3,3,3,
10,3,3,3,0,2,3,3,3,3,3,
10,3,3,3,0,2,3,3,2,3,3,
10,3,3,3,0,2,3,3,3,3,3,
10,3,3,3,0,2,3,3,3,3,3,
10,3,3,3,0,2,3,3,3,3,3,
10,3,3,4,0,2,3,3,3,3,3,
10,3,3,3,0,2,3,3,3,3,3,
10,3,4,4,0,3,3,3,3,3,4,
10,3,4,4,0,3,3,3,3,3,4,
10,3,4,4,0,3,3,3,3,3,4,
10,3,4,4,0,3,3,3,3,3,4,
10,3,4,4,0,3,3,3,3,3,4,
9,3,4,4,0,3,3,3,3,3,4,
12,3,4,4,0,3,3,3,3,3,4,
9,2,3,3,0,2,2,2,2,2,3,
10,3,4,4,0,3,3,3,3,3,4,
10,3,4,4,0,3,3,3,3,3,4,
10,3,3,3,0,2,2,3,2,3,3,
10,3,3,3,0,2,2,3,2,3,3,
11,3,3,3,0,2,2,3,2,3,3,
10,3,3,3,0,2,2,3,2,3,3,
10,3,3,4,0,3,3,3,3,3,3,
10,3,3,4,0,2,2,3,3,3,3,
10,3,3,4,0,3,3,3,3,3,3,
10,3,3,4,0,3,3,3,3,3,3,
10,3,3,4,0,3,3,3,3,3,4,
10,3,4,4,0,3,3,3,3,3,4,
10,3,4,4,0,3,3,3,3,3,4,
10,3,4,4,0,3,3,3,3,3,4,
10,3,4,4,0,3,3,3,3,3,4,
10,3,4,4,0,3,3,3,3,3,4,
10,3,4,4,0,3,3,3,3,3,4,
9,3,4,4,0,3,3,3,3,3,4,
9,3,4,4,0,3,3,3,3,3,4,
10,3,3,3,0,2,2,3,2,3,3,
10,3,3,3,0,2,2,3,2,2,3,
10,3,3,3,0,2,2,3,2,3,3,
10,3,4,4,0,3,3,3,3,3,4,
10,3,3,3,0,2,2,3,2,3,3,
10,3,3,4,0,2,2,3,3,3,3,
10,3,3,4,0,2,3,3,3,3,3,
10,3,3,4,0,2,3,3,3,3,3,
11,2,3,3,0,2,2,2,2,2,3,
10,3,4,4,0,3,3,3,3,3,4,
10,3,3,4,0,2,3,3,3,3,4,
10,3,4,4,0,3,3,3,3,3,4,
10,3,4,4,0,3,3,3,3,3,4,
10,3,4,4,0,3,3,3,3,3,4,
10,3,4,4,0,3,3,3,3,3,4,
13,3,3,4,0,3,3,3,3,3,3,
11,3,4,4,0,3,3,3,3,3,4,
9,3,4,4,0,3,3,3,3,3,4,
9,3,4,4,0,3,3,3,3,3,4,
10,3,4,4,0,3,3,3,3,3,4,
10,3,3,3,0,2,2,3,2,2,3,
12,3,3,3,0,2,2,3,2,3,3,
10,3,3,3,0,2,2,3,2,2,3,
10,3,3,3,0,2,2,3,2,3,3,
10,3,3,3,0,2,3,3,2,3,3,
10,3,3,4,0,2,3,3,3,3,3,
10,3,3,4,0,3,3,3,3,3,4,
10,3,4,4,0,3,3,3,3,3,4,
10,3,3,4,0,2,3,3,3,3,3,
10,3,4,4,0,3,3,3,3,3,4,
10,3,4,4,0,3,3,3,3,3,4,
10,3,3,4,0,3,3,3,3,3,3,
10,3,3,4,0,3,3,3,3,3,3,
10,3,4,4,0,3,3,3,3,3,4,
10,3,4,4,0,3,3,3,3,3,4,
10,3,4,4,0,3,3,3,3,3,4,
10,3,4,4,0,3,3,3,3,3,4,
10,3,4,4,0,3,3,3,3,3,4,
10,3,4,4,0,3,3,3,3,3,4,
10,3,5,4,0,3,3,3,3,3,4,
10,3,3,3,0,2,2,2,2,3,3,
10,2,4,3,0,2,2,2,2,2,4,
9,2,3,3,0,2,2,2,2,2,3,
9,2,3,3,0,2,2,2,2,2,3,
10,3,3,3,0,2,2,3,2,3,3,
10,3,3,3,0,2,2,3,2,3,3,
10,3,3,4,0,3,3,3,3,3,3,
10,3,3,3,0,2,2,3,2,3,3,
10,3,3,4,0,2,2,3,2,3,3,
10,3,3,4,0,2,3,3,3,3,3,
10,3,3,4,0,2,3,3,3,3,3,
13,3,3,4,0,2,3,3,3,3,3,
10,3,3,4,0,2,2,3,3,3,3,
10,3,3,4,0,3,3,3,3,3,3,
10,3,3,4,0,3,3,3,3,3,3,
10,3,4,4,0,3,3,3,3,3,4,
10,3,4,4,0,3,3,3,3,3,4,
10,3,4,4,0,3,3,3,3,3,4,
10,3,4,4,0,3,3,3,3,3,4,
9,3,4,4,0,3,3,4,3,4,4,
9,4,4,4,0,3,3,4,3,3,4,
10,2,3,3,0,2,2,3,2,2,3,
10,2,3,3,0,2,2,3,2,2,3,
10,3,3,3,0,2,2,3,2,3,3,
10,3,3,3,0,2,2,3,2,3,3,
10,3,3,3,0,2,2,3,2,3,3,
10,3,3,3,0,2,2,3,2,3,3,
10,3,3,4,0,2,2,3,3,3,3,
10,3,3,4,0,2,2,3,2,3,3,
10,3,3,4,0,2,2,3,3,3,3,
10,3,3,4,0,2,2,3,3,3,3,
10,3,3,4,0,2,2,3,3,3,3,
10,3,3,4,0,2,3,3,3,3,3,
10,3,4,4,0,3,3,3,3,3,4,
10,3,3,4,0,2,3,3,3,3,3,
10,3,3,4,0,3,3,3,3,3,3,
10,3,4,4,0,3,3,3,3,3,4,
10,3,4,4,0,3,3,3,3,3,4,
10,3,4,4,0,3,3,3,3,3,4,
10,3,4,4,0,3,3,3,3,3,4,
10,3,4,4,0,3,3,4,3,3,4,
10,3,4,4,0,3,3,3,3,3,4,
10,3,3,4,0,3,3,3,3,3,3,
10,2,3,4,0,2,2,3,2,2,3,
10,3,3,3,0,2,2,3,3,3,3,
10,2,3,3,0,2,2,3,2,2,3,
10,3,3,4,0,3,3,3,3,3,3,
13,3,3,4,0,3,3,3,3,3,3,
10,3,3,4,0,2,2,3,3,3,3,
10,3,3,4,0,3,3,3,3,3,3,
10,3,3,4,0,2,2,3,3,3,3,
10,3,3,4,0,3,3,3,3,3,3,
13,3,3,7,0,3,3,3,3,3,3,
10,3,3,4,0,3,3,3,3,3,3,
10,3,3,4,0,3,3,3,3,3,3,
10,3,3,4,0,3,3,3,3,3,3,
13,3,3,4,0,3,3,3,3,3,3,
10,3,3,4,0,2,3,3,3,3,3,
10,3,4,4,0,2,3,3,3,3,4,
10,3,4,4,0,2,3,3,3,3,4,
9,3,4,4,0,3,3,3,3,3,4,
9,3,4,4,0,3,3,3,3,3,4,
9,3,4,4,0,3,3,3,3,3,4,
9,3,3,3,0,2,2,2,2,3,3,
9,2,3,3,0,2,2,2,2,2,3,
10,3,3,3,0,2,2,2,2,3,3,
9,3,3,3,0,2,2,2,2,2,3,
10,3,3,4,0,2,2,3,3,3,3,
10,3,3,3,0,2,2,2,2,3,3,
10,3,3,3,0,2,2,3,2,3,3,
10,3,3,3,0,2,2,3,3,3,3,
10,3,3,3,0,2,3,3,3,3,3,
10,3,3,4,0,2,2,3,3,3,3,
10,3,3,4,0,2,3,3,3,3,3,
10,3,3,4,0,2,3,3,3,3,3,
10,3,3,4,0,3,3,3,3,3,3,
10,3,4,4,0,3,3,3,3,3,4,
10,3,4,4,0,3,3,3,3,3,4,
10,3,4,4,0,3,3,3,3,3,4,
9,3,4,4,0,3,3,3,3,3,4,
9,3,4,4,0,3,3,3,3,3,4,
9,3,4,4,0,3,3,3,3,3,4,
9,3,4,4,0,3,3,3,3,3,4,
10,3,3,3,0,2,3,3,2,3,3,
9,2,3,3,0,2,2,2,2,2,3,
9,3,3,3,0,2,2,2,2,3,3,
10,3,3,3,0,2,2,3,3,3,3,
31,24,3,4,0,2,3,3,3,24,3,
13,3,4,4,0,2,3,3,3,3,4,
10,3,3,3,0,2,3,3,3,3,3,
10,3,3,3,0,2,2,2,2,3,3,
10,3,3,3,0,2,3,3,3,3,3,
10,3,4,4,0,2,3,3,3,3,4,
10,3,4,4,0,2,3,3,3,3,4,
12,3,4,4,0,2,3,3,3,3,4,
10,3,4,4,0,3,3,3,3,3,4,
10,3,4,4,0,3,3,3,3,3,4,
10,3,4,4,0,3,3,3,3,3,4,
9,3,4,4,0,3,3,3,3,3,4,
10,3,3,3,0,2,2,3,2,3,3,
9,4,4,4,0,3,3,4,3,4,4,
31,3,25,4,0,3,3,3,3,3,25,
10,3,3,4,0,2,2,3,3,3,3,
9,4,4,4,0,3,3,3,3,4,4,
9,3,4,4,0,3,3,3,3,3,4,
9,2,3,3,0,2,2,2,2,3,3,
9,3,3,3,0,2,2,3,3,3,3,
10,3,3,3,0,2,2,3,2,3,3,
10,3,3,3,0,2,2,3,2,3,3,
10,3,3,3,0,2,3,3,3,3,3,
10,3,3,4,0,2,2,3,3,3,3,
10,3,3,4,0,3,3,3,3,3,3,
10,3,4,4,0,3,3,3,3,3,4,
10,3,4,4,0,3,3,3,3,3,4,
10,3,4,4,0,3,3,3,3,3,4,
10,3,4,4,0,3,3,3,3,3,4,
10,3,4,4,0,3,3,3,3,3,4,
10,3,3,4,0,3,3,3,3,3,4,
10,3,4,4,0,3,3,3,3,3,4,
10,3,4,4,0,3,3,3,3,3,4,
10,3,4,4,0,3,3,3,3,3,4,
9,3,4,4,0,3,3,3,3,3,4,
9,3,4,4,0,3,3,3,3,3,4,
9,3,4,4,0,3,3,3,3,3,4,
12,3,3,4,0,3,3,3,3,3,3,
10,3,3,3,0,2,2,2,2,3,3,
9,3,3,3,0,2,2,2,2,3,3,
9,3,3,3,0,2,2,2,2,3,3,
9,3,4,4,0,3,3,3,3,3,4,
12,3,3,3,0,2,2,2,2,3,3,
10,3,3,3,0,2,3,3,3,3,3,
10,3,3,3,0,2,2,2,2,3,3,
10,3,3,3,0,2,3,2,3,3,3,
10,3,3,3,0,2,2,3,3,3,3,
10,3,4,4,0,2,3,2,3,3,4,
12,3,3,3,0,2,3,3,3,3,3,
10,3,3,4,0,3,3,3,3,3,4,
10,4,4,4,0,3,3,3,3,4,4,
10,3,4,4,0,3,3,3,3,3,4,
10,3,4,4,0,3,3,3,3,3,4,
10,4,4,4,0,3,3,3,3,4,4,
10,3,4,4,0,3,3,3,3,3,4,
10,4,4,4,0,3,3,3,3,4,4,
10,3,4,4,0,3,3,3,3,4,4,
9,4,4,4,0,3,3,3,3,4,4,
9,4,4,4,0,3,3,3,3,4,4,
9,3,3,3,0,2,2,2,2,3,3,
10,3,3,3,0,2,2,2,2,3,3,
10,3,3,3,0,2,2,2,2,3,3,
9,3,3,3,0,2,2,2,2,3,3,
10,3,3,3,0,2,3,3,3,3,3,
10,3,3,3,0,2,2,2,2,3,3,
10,3,3,3,0,2,3,2,3,3,3,
9,3,3,3,0,2,2,2,2,3,3,
9,3,3,3,0,2,2,2,2,3,3,
10,3,3,3,0,2,3,2,3,3,3,
10,3,3,3,0,2,2,3,3,3,3,
10,3,4,4,0,2,3,4,3,3,4,
10,3,3,3,0,2,3,3,3,3,3,
10,3,3,3,0,2,2,3,3,3,3,
12,6,6,6,0,3,3,3,3,6,6,
10,4,4,4,0,2,3,3,3,4,4,
10,4,4,4,0,3,3,3,3,4,4,
10,3,4,4,0,3,3,3,3,3,4,
10,3,4,4,0,2,3,3,3,3,4,
10,3,4,4,0,3,3,3,3,3,4,
10,3,4,4,0,3,3,3,3,3,4,
10,3,4,4,0,3,3,3,3,4,4,
9,4,4,4,0,3,3,3,3,4,4,
9,4,4,4,0,3,3,3,3,4,4,
9,4,4,4,0,3,3,3,3,4,4,
11,4,4,4,0,3,3,3,3,4,4,
9,4,4,4,0,3,3,3,3,4,4,
10,3,3,3,0,2,2,2,2,3,3,
10,3,3,3,0,2,2,2,2,3,3,
9,3,3,3,0,2,2,3,2,3,3,
10,3,3,3,0,2,2,2,2,3,3,
10,3,3,3,0,2,2,2,3,3,3,
10,4,4,4,0,2,3,3,3,4,4,
10,3,4,4,0,2,3,3,3,3,4,
10,3,4,4,0,2,3,3,3,3,4,
10,3,3,3,0,2,3,2,2,3,3,
9,3,3,3,0,2,2,2,3,3,3,
10,3,3,3,0,2,3,3,3,3,3,
10,3,4,3,0,2,3,2,3,3,3,
10,3,4,4,0,2,3,3,3,3,4,
10,3,4,4,0,2,3,3,3,3,4,
10,3,4,4,0,3,3,3,3,3,4,
12,3,3,5,0,2,2,3,3,3,3,
12,3,3,5,0,3,3,4,3,3,3,
11,3,3,3,0,2,3,2,2,3,3,
10,3,4,4,0,2,3,3,3,3,4,
9,3,4,4,0,2,3,3,3,3,4,
9,3,4,4,0,3,3,3,3,3,4,
9,4,4,4,0,3,3,3,3,4,4,
9,4,4,4,0,3,3,3,3,4,4,
9,3,3,3,0,2,2,2,2,3,3,
9,2,3,3,0,2,2,2,2,2,3,
9,4,4,4,0,3,3,3,3,4,4,
11,3,3,3,0,0,3,1,1,3,3,
12,3,3,4,0,2,3,3,3,3,3,
13,3,3,3,0,2,2,2,3,3,3,
11,3,3,3,0,2,2,2,2,3,3,
10,3,3,3,0,2,2,2,2,3,3,
9,3,3,3,0,2,2,2,2,3,3,
10,3,3,3,0,2,3,3,3,3,3,
10,3,3,3,0,2,3,3,3,3,3,
12,3,4,4,0,2,3,3,3,3,4,
10,3,4,4,0,2,3,3,3,3,4,
10,3,4,4,0,2,3,3,3,3,4,
10,3,4,4,0,2,3,3,3,3,4,
10,3,4,4,0,3,3,3,3,3,4,
10,3,4,4,0,3,3,3,3,3,4,
10,3,4,4,0,3,3,3,3,3,4,
10,3,4,4,0,3,3,3,3,3,4,
10,4,4,4,0,3,3,3,3,4,4,
9,4,4,4,0,3,3,3,3,4,4,
9,4,4,4,0,3,3,3,3,4,4,
9,4,4,4,0,4,4,4,4,4,4,
9,4,4,4,0,3,3,4,3,4,4,
9,4,4,4,0,3,3,3,3,4,4,
10,3,3,3,0,2,2,2,2,3,3,
9,3,3,3,0,2,2,2,2,3,3,
9,3,3,3,0,2,2,2,2,3,3,
10,3,3,3,0,2,2,2,2,3,3,
9,3,3,3,0,2,2,2,2,3,3,
10,3,3,3,0,2,3,3,3,3,3,
10,3,3,3,0,2,2,3,3,3,3,
10,3,3,3,0,2,3,3,3,3,3,
10,3,3,3,0,2,3,3,3,3,3,
10,3,3,3,0,2,3,3,3,3,3,
9,3,3,3,0,2,2,3,2,3,3,
11,3,4,4,0,2,3,3,3,3,4,
11,3,4,4,0,2,3,3,3,3,4,
10,3,4,4,0,2,3,3,3,3,4,
10,3,4,4,0,2,3,3,3,3,4,
10,3,4,4,0,3,3,3,3,3,4,
15,3,4,4,0,2,3,3,3,3,3,
10,3,4,4,0,3,3,3,3,3,4,
10,3,4,4,0,3,3,3,3,4,4,
10,3,4,4,0,3,3,3,3,3,4,
10,3,4,4,0,3,3,3,3,3,4,
9,3,4,4,0,3,3,3,3,3,4,
9,3,4,4,0,3,3,3,3,3,4,
9,3,4,4,0,3,3,3,3,3,4,
9,3,3,3,0,2,2,2,2,3,3,
11,3,3,3,0,2,2,2,2,3,3,
9,3,3,3,0,2,2,2,2,3,3,
9,3,3,3,0,2,2,2,2,3,3,
9,3,3,3,0,2,2,3,2,3,3,
9,3,3,3,0,3,3,3,3,3,3,
9,3,3,3,0,2,3,3,3,3,3,
9,3,3,3,0,2,2,3,2,3,3,
10,3,3,3,0,3,3,3,2,3,3,
9,3,3,3,0,3,3,3,2,3,3,
10,3,3,3,0,3,3,3,3,3,3,
10,3,3,3,0,3,3,3,2,3,3,
10,3,3,3,0,3,3,3,3,3,3,
10,3,3,3,0,3,3,3,3,3,3,
10,3,3,3,0,3,3,3,2,3,3,
10,3,3,4,0,3,3,3,3,3,4,
10,3,3,4,0,3,3,3,3,3,4,
10,3,3,3,0,3,3,3,3,3,4,
10,3,4,4,0,3,3,3,3,3,4,
10,3,4,4,0,3,3,3,3,3,4,
10,4,4,4,0,3,3,3,3,4,4,
9,4,4,4,0,3,3,3,3,4,4,
9,4,4,4,0,3,3,3,3,4,4,
9,3,4,4,0,3,3,3,3,3,4,
9,3,4,4,0,3,3,3,3,3,4,
9,4,4,4,0,3,3,3,3,4,4,
9,4,4,4,0,3,3,3,3,4,4,
9,3,3,3,0,2,2,2,2,3,3,
13,6,6,6,0,6,5,5,5,6,6,
10,4,4,4,0,3,3,3,3,4,4,
10,3,3,3,0,3,3,3,3,3,3,
10,3,3,3,0,3,3,3,3,3,3,
10,3,3,3,0,3,3,3,3,3,3,
10,3,3,3,0,3,3,3,3,3,3,
12,3,3,4,0,3,3,3,3,3,3,
10,3,3,4,0,3,3,3,3,3,3,
10,3,3,4,0,2,3,3,3,3,3,
10,3,3,4,0,3,3,3,3,3,3,
10,3,3,4,0,3,3,3,3,3,3,
10,3,3,4,0,3,3,3,3,3,3,
10,3,4,4,0,3,3,3,3,3,4,
10,3,3,4,0,3,3,3,3,3,3,
10,3,4,4,0,3,3,3,3,3,4,
10,3,4,4,0,3,3,3,3,3,4,
10,3,4,4,0,3,3,3,3,3,4,
11,3,4,4,0,3,3,3,3,3,4,
10,3,4,4,0,3,3,3,3,3,4,
9,3,4,4,0,3,3,3,3,3,4,
9,4,4,4,0,3,3,3,3,4,4,
9,4,4,4,0,3,3,3,3,4,4,
9,3,4,4,0,3,3,3,3,4,4,
9,3,3,3,0,2,2,2,3,3,3,
9,3,3,3,0,2,3,3,3,3,3,
10,3,3,3,0,3,3,3,3,3,3,
10,3,3,3,0,2,3,3,3,3,3,
10,3,3,3,0,2,2,3,3,3,3,
10,3,3,3,0,2,3,3,3,3,3,
10,3,3,3,0,2,2,3,3,3,3,
10,3,3,4,0,3,3,3,3,3,3,
11,4,4,4,0,3,3,3,3,4,4,
10,3,4,4,0,3,3,3,3,3,4,
10,4,4,4,0,3,3,3,3,3,4,
10,3,4,4,0,3,3,3,3,3,4,
10,3,3,3,0,3,3,3,3,3,3,
13,3,4,4,0,3,3,3,3,3,4,
10,3,4,4,0,3,3,3,3,3,4,
10,3,4,4,0,3,3,3,3,3,4,
10,3,4,4,0,3,3,3,3,3,4,
10,3,4,4,0,3,3,3,3,3,4,
10,3,4,4,0,3,3,3,3,3,4,
10,3,4,4,0,4,3,3,3,3,4,
10,4,4,4,0,3,3,3,3,4,4,
9,4,4,4,0,3,3,3,3,4,4,
9,4,4,4,0,3,3,3,3,4,4,
9,4,4,4,0,3,3,3,3,4,4,
9,3,3,3,0,2,2,2,2,3,3,
9,3,3,3,0,2,2,2,3,3,3,
9,3,3,3,0,2,2,2,3,3,3,
10,3,3,3,0,2,2,2,3,3,3,
9,3,3,3,0,2,2,2,2,3,3,
10,3,3,3,0,3,3,3,3,3,3,
10,3,3,3,0,3,3,3,3,3,3,
10,3,3,3,0,3,3,3,3,3,3,
10,3,3,3,0,3,3,3,3,3,3,
10,3,3,4,0,3,3,3,3,3,3,
10,3,3,3,0,3,3,3,3,3,3,
10,3,3,3,0,3,3,3,3,3,3,
10,3,4,4,0,3,3,3,3,3,4,
10,3,4,4,0,3,3,3,3,3,4,
10,3,4,4,0,3,3,3,3,3,4,
10,3,4,4,0,3,3,3,3,3,4,
10,3,4,4,0,4,3,3,3,3,4,
24,3,4,4,0,2,3,3,2,3,4,
10,3,4,4,0,3,3,3,3,3,4,
9,3,4,4,0,3,3,3,3,3,4,
9,4,4,4,0,3,3,3,3,4,4,
9,3,3,3,0,2,2,2,2,3,3,
10,3,3,4,0,3,3,3,3,3,3,
10,3,3,3,0,2,2,3,3,3,3,
10,3,3,4,0,3,3,3,3,3,3,
13,3,3,3,0,2,2,3,3,3,3,
10,3,3,3,0,2,2,3,3,3,3,
10,3,3,4,0,3,3,3,3,3,3,
10,3,4,4,0,3,3,3,3,3,4,
10,3,3,4,0,3,3,3,3,3,3,
10,3,4,4,0,3,3,3,3,3,4,
10,3,3,4,0,3,3,3,3,3,3,
10,3,3,4,0,3,3,3,3,3,3,
10,3,4,4,0,3,3,3,3,3,4,
10,3,4,4,0,3,3,3,3,3,4,
10,3,4,4,0,3,3,3,3,3,4,
13,3,4,4,0,3,3,3,3,3,4,
10,3,4,4,0,3,3,3,3,3,4,
10,3,4,4,0,3,3,3,3,3,4,
10,3,4,4,0,3,3,3,3,3,4,
9,4,4,4,0,3,3,3,3,4,4,
32,4,4,26,0,3,3,3,3,4,4,
10,3,4,4,0,3,3,3,3,4,4,
9,3,4,4,0,3,3,3,3,3,4,
10,3,3,4,0,2,3,3,3,3,4,
10,3,3,3,0,2,2,3,3,3,3,
9,3,3,3,0,2,2,3,3,3,3,
10,3,3,3,0,2,2,3,3,3,3,
10,3,3,3,0,2,2,3,3,3,3,
10,3,3,3,0,2,3,3,3,3,3,
10,3,4,4,0,3,3,3,3,3,4,
10,3,4,4,0,3,3,3,3,3,4,
10,3,3,4,0,2,3,3,3,3,4,
10,3,3,3,0,2,3,3,3,3,3,
10,3,4,4,0,3,3,3,3,3,4,
10,3,4,4,0,3,3,3,3,3,4,
10,3,4,4,0,3,3,3,3,3,4,
10,3,4,4,0,3,3,3,3,3,4,
10,3,4,4,0,3,3,3,3,3,4,
10,3,4,4,0,3,3,3,3,3,4,
10,3,4,4,0,3,3,3,3,3,4,
13,3,4,4,0,3,3,3,3,3,4,
10,3,4,4,0,3,3,3,3,3,4,
9,3,4,4,0,3,3,3,3,3,4,
9,4,4,4,0,3,3,3,3,4,4,
9,3,3,3,0,2,2,2,2,3,3,
9,3,3,3,0,2,2,2,2,3,3,
10,3,3,3,0,2,2,3,3,3,3,
9,3,3,3,0,2,2,2,2,3,3,
10,3,3,3,0,2,3,3,3,3,3,
10,3,3,3,0,2,2,3,3,3,3,
10,3,3,3,0,2,2,3,3,3,3,
10,3,3,3,0,2,3,3,3,3,3,
10,3,4,4,0,2,3,3,3,3,4,
10,3,4,4,0,2,3,3,3,3,4,
10,3,4,4,0,3,3,3,3,3,4,
10,2,3,3,0,2,2,2,2,2,3,
10,2,3,3,0,2,2,2,2,2,3,
10,2,3,3,0,2,2,2,2,2,3,
10,3,4,4,0,3,3,3,3,3,4,
10,3,4,4,0,3,3,3,3,3,4,
10,3,4,4,0,3,3,3,3,3,4,
10,3,4,4,0,3,3,3,3,3,4,
10,3,4,4,0,3,3,3,3,3,4,
10,3,4,4,0,3,3,3,3,3,4,
9,3,4,4,0,3,3,3,3,3,4,
9,3,4,4,0,3,3,3,3,3,4,
9,3,4,4,0,3,3,3,3,3,4,
9,3,4,4,0,3,3,3,3,3,4,
10,3,3,3,0,2,2,2,2,3,3,
9,3,3,3,0,2,2,2,2,3,3,
9,3,3,3,0,2,2,2,2,3,3,
9,3,3,3,0,2,2,2,2,3,3,
10,3,3,3,0,2,2,3,3,3,3,
10,3,3,3,0,2,2,3,3,3,3,
9,3,3,3,0,2,3,3,3,3,3,
10,3,3,3,0,3,3,3,3,3,3,
12,3,3,3,0,2,2,2,2,3,3,
10,3,3,3,0,3,3,3,3,3,3,
10,3,4,4,0,3,3,3,3,3,4,
10,3,4,4,0,3,3,3,3,3,4,
10,3,3,3,0,3,3,3,3,3,3,
10,3,4,4,0,2,3,3,3,3,4,
10,3,4,4,0,3,3,3,3,3,4,
11,3,3,3,0,2,2,2,3,3,3,
10,3,4,4,0,3,3,3,3,3,4,
10,3,3,4,0,3,3,3,3,3,4,
10,3,4,4,0,3,3,3,3,3,4,
10,3,4,4,0,3,3,3,3,3,4,
10,3,4,4,0,3,3,3,3,3,4,
9,3,4,4,0,3,3,3,3,3,4,
9,2,3,3,0,2,2,2,2,2,3,
9,2,3,3,0,2,2,2,2,2,3,
9,2,3,3,0,2,2,2,2,2,3,
9,3,3,3,0,2,2,2,2,3,3,
9,3,3,3,0,2,2,2,2,3,3,
9,3,3,3,0,2,2,2,3,3,3,
10,3,3,3,0,2,2,2,3,3,3,
9,3,3,3,0,2,2,2,3,3,3,
9,3,3,3,0,2,2,2,3,3,3,
10,3,3,3,0,2,2,3,3,3,3,
10,3,3,3,0,2,3,3,3,3,3,
10,3,3,3,0,2,3,3,3,3,3,
10,3,3,4,0,3,3,3,3,3,3,
10,3,3,3,0,2,3,3,3,3,3,
10,3,3,3,0,2,3,3,3,3,3,
10,3,3,4,0,3,3,3,3,3,4,
10,3,4,4,0,3,3,3,3,3,4,
10,3,4,4,0,3,3,3,3,3,4,
10,3,4,4,0,3,3,3,3,3,4,
10,3,4,4,0,3,3,3,3,3,4,
10,3,4,4,0,3,3,3,3,3,4,
12,3,3,3,0,2,3,3,3,3,3,
13,6,7,7,0,6,6,6,6,6,7,
11,3,3,3,0,2,2,3,3,3,3,
9,2,3,3,0,2,2,2,2,2,3,
9,2,3,3,0,2,2,2,2,2,3,
9,3,3,3,0,2,2,2,2,3,3,
9,3,3,3,0,2,2,2,2,3,3,
10,2,3,3,0,2,2,2,2,2,3,
9,3,3,3,0,2,2,3,3,3,3,
9,3,3,3,0,2,2,3,3,3,3,
9,3,3,3,0,2,2,3,3,3,3,
9,3,3,3,0,2,3,3,2,3,3,
10,3,3,3,0,2,2,3,3,3,3,
23,4,4,4,0,3,3,3,3,3,4,
10,3,3,4,0,3,3,3,3,3,3,
9,3,3,3,0,3,3,3,3,3,3,
10,3,3,3,0,3,3,3,3,3,3,
9,3,3,3,0,3,3,3,3,3,3,
10,3,3,3,0,3,3,3,3,3,3,
10,3,3,3,0,3,3,3,3,3,3,
10,3,3,3,0,3,3,3,3,3,3,
10,3,3,3,0,3,3,3,3,3,3,
10,3,3,4,0,3,3,3,3,3,3,
10,3,3,4,0,3,3,3,3,3,3,
10,3,3,4,0,3,3,3,3,3,3,
10,3,3,4,0,3,3,3,3,3,3,
10,3,3,4,0,3,3,3,3,3,4,
9,3,4,4,0,3,3,3,3,3,4,
9,3,4,4,0,3,3,3,3,3,4,
9,2,3,3,0,2,2,2,2,2,3,
9,2,3,3,0,2,2,2,3,2,3,
9,2,3,3,0,2,2,2,3,2,3,
9,2,3,3,0,2,2,2,2,2,3,
9,2,3,3,0,2,2,2,3,2,3,
9,2,3,3,0,2,2,3,3,2,3,
12,5,5,5,0,4,4,5,5,5,5,
10,2,3,3,0,2,2,3,3,2,3,
12,2,3,3,0,2,2,3,3,2,3,
10,2,3,3,0,2,2,3,3,3,3,
10,3,3,3,0,2,2,3,3,3,3,
10,3,3,3,0,2,2,3,3,3,3,
10,3,3,3,0,2,2,3,3,3,3,
10,3,3,4,0,2,2,3,3,3,3,
10,3,3,4,0,3,3,3,3,3,3,
10,3,3,4,0,3,3,3,3,3,3,
10,3,3,4,0,3,3,3,3,3,3,
10,3,3,4,0,3,3,3,3,3,3,
10,3,3,4,0,3,3,3,3,3,3,
10,3,3,4,0,3,3,3,3,3,3,
10,3,3,4,0,3,3,3,3,3,3,
10,3,4,4,0,3,3,3,3,3,3,
10,3,4,4,0,3,3,3,3,3,4,
9,3,4,4,0,3,3,3,3,3,4,
9,3,4,4,0,3,3,3,3,3,4,
9,3,3,3,0,2,2,2,3,3,3,
9,2,3,3,0,2,2,2,2,3,3,
9,2,3,3,0,2,2,2,2,3,3,
9,3,3,3,0,2,2,3,3,3,3,
9,3,3,3,0,2,2,3,3,3,3,
9,3,3,3,0,2,2,3,3,3,3,
9,3,3,3,0,2,2,3,3,3,3,
10,3,3,3,0,2,2,3,3,3,3,
10,3,3,3,0,2,2,3,3,3,3,
10,3,3,3,0,2,2,3,3,3,3,
10,3,3,3,0,2,2,3,3,3,3,
10,3,3,3,0,2,2,3,3,3,3,
10,3,3,3,0,3,3,3,3,3,3,
10,3,3,3,0,2,2,3,3,3,3,
10,3,3,3,0,3,3,3,3,3,3,
10,3,3,3,0,3,3,3,3,3,3,
10,3,3,3,0,3,3,3,3,3,3,
10,3,3,4,0,3,3,3,3,3,3,
10,4,4,4,0,3,3,3,3,3,4,
13,6,6,7,0,6,6,6,6,6,6,
11,3,3,3,0,2,2,2,2,3,3,
10,3,4,4,0,3,3,3,3,3,4,
10,3,4,4,0,3,3,3,3,3,4,
9,3,4,4,0,3,3,3,3,3,4,
9,3,4,4,0,3,3,3,3,3,4,
9,3,3,3,0,2,2,2,2,2,3,
9,3,3,3,0,2,2,2,3,3,3,
9,3,3,3,0,3,3,3,3,3,3,
11,3,3,3,0,2,2,2,2,3,3,
9,3,3,3,0,2,2,2,3,3,3,
9,3,3,3,0,2,2,2,3,3,3,
9,3,3,3,0,2,2,2,3,3,3,
9,3,3,3,0,2,2,2,3,3,3,
9,3,3,3,0,2,2,2,3,3,3,
10,3,3,3,0,2,3,2,3,3,3,
10,3,3,3,0,2,3,3,3,3,4,
10,3,3,3,0,2,3,3,3,3,3,
10,3,3,3,0,2,3,3,3,3,3,
10,3,3,3,0,2,3,3,3,3,3,
10,3,3,4,0,3,3,3,3,3,3,
10,3,4,4,0,3,3,3,3,3,4,
10,3,4,4,0,3,3,3,3,3,4,
10,3,4,4,0,3,3,3,3,3,4,
10,3,4,4,0,3,3,3,3,3,4,
10,3,4,4,0,3,3,3,3,3,4,
10,3,3,3,0,2,2,2,3,3,3,
10,3,4,4,0,3,3,3,3,3,4,
10,4,4,4,0,3,3,3,3,4,4,
10,3,4,4,0,3,3,3,4,3,4,
9,4,4,4,0,3,3,3,4,4,4,
9,3,3,3,0,2,2,2,3,3,3,
9,3,3,3,0,2,2,2,3,3,3,
9,3,3,3,0,2,2,2,3,3,3,
9,3,3,3,0,2,2,2,3,3,3,
11,3,3,4,0,3,2,3,3,3,3,
10,4,4,4,0,3,3,3,3,4,4,
10,4,4,4,0,3,3,3,3,4,4,
10,3,3,3,0,3,2,2,3,3,3,
11,4,4,4,0,3,3,3,3,4,4,
13,3,3,3,0,3,3,3,3,3,3,
13,6,7,6,0,6,6,6,6,6,7,
12,4,4,4,0,4,4,4,4,4,4,
10,4,4,4,0,3,3,3,3,4,4,
10,3,4,4,0,3,3,3,3,4,4,
10,3,4,4,0,3,3,3,3,3,4,
10,4,4,4,0,3,4,3,4,4,4,
10,4,4,4,0,3,3,3,3,4,4,
10,4,4,4,0,3,3,3,3,4,4,
11,4,4,4,0,3,3,3,3,4,4,
10,4,4,4,0,3,3,3,3,4,4,
10,4,4,4,0,3,3,3,3,4,4,
10,4,4,4,0,3,3,3,3,4,4,
10,4,4,4,0,3,3,3,3,4,4,
11,4,4,4,0,3,3,3,4,4,4,
11,4,4,4,0,3,3,3,3,4,4,
10,3,3,3,0,2,3,2,3,3,3,
10,3,3,3,0,2,2,2,3,3,3,
10,3,3,3,0,2,3,3,3,3,3,
10,3,3,3,0,2,2,2,3,3,3,
14,4,4,4,0,3,3,3,3,4,4,
10,3,4,3,0,3,3,3,3,3,3,
10,3,4,3,0,3,3,3,3,3,4,
10,3,4,3,0,3,3,3,3,3,4,
10,3,4,3,0,2,2,2,3,3,3,
10,4,4,4,0,3,3,3,3,3,4,
10,3,4,4,0,3,3,3,3,3,4,
10,4,4,4,0,3,3,3,3,3,4,
10,4,4,4,0,3,3,3,3,4,4,
10,4,4,4,0,3,3,3,3,3,4,
10,4,4,4,0,3,3,3,3,4,4,
10,4,4,4,0,3,3,3,3,4,4,
10,4,4,4,0,3,3,3,3,4,4,
10,4,4,4,0,3,3,3,3,4,4,
11,4,4,4,0,3,3,3,3,4,4,
10,4,4,4,0,3,3,3,3,4,4,
10,4,4,4,0,3,3,3,3,4,4,
12,3,4,4,0,3,3,3,3,3,4,
11,4,4,4,0,3,3,3,4,4,4,
10,4,4,4,0,3,3,3,3,4,4,
11,3,3,3,0,3,3,3,3,3,3,
10,3,3,3,0,2,3,2,3,3,3,
12,4,4,4,0,3,3,3,4,4,4,
10,3,3,3,0,2,2,2,3,3,3,
10,3,4,4,0,3,3,3,3,3,4,
10,3,3,3,0,2,2,2,3,3,3,
10,3,3,3,0,3,3,2,3,3,3,
10,3,4,3,0,2,2,2,3,3,4,
10,3,4,4,0,3,3,3,3,3,4,
10,3,4,4,0,3,3,3,3,3,4,
10,3,4,4,0,3,3,3,3,3,4,
10,3,4,4,0,3,3,3,3,3,4,
10,4,4,4,0,3,3,3,3,3,4,
31,4,24,4,0,3,24,3,4,4,25,
11,3,3,3,0,2,2,2,3,3,3,
10,4,4,4,0,3,3,3,3,3,4,
10,4,4,4,0,3,3,3,4,4,4,
10,4,4,4,0,3,3,3,3,4,4,
10,4,4,4,0,3,3,3,4,4,4,
10,4,4,4,0,3,3,3,4,4,4,
11,5,4,4,0,4,4,4,4,5,4,
11,4,4,4,0,3,3,3,4,4,4,
11,3,3,3,0,3,3,3,3,3,3,
11,4,4,4,0,4,4,4,4,4,4,
11,4,4,4,0,4,4,4,4,4,5,
11,4,4,4,0,4,4,4,4,4,4,
10,3,4,3,0,3,3,3,3,3,4,
10,3,4,3,0,3,3,3,3,3,4,
10,3,4,3,0,3,3,3,3,3,4,
10,3,4,3,0,3,3,3,3,3,4,
10,4,4,4,0,3,3,3,3,4,4,
10,3,4,3,0,3,3,3,3,3,4,
10,3,4,4,0,3,3,3,3,3,4,
10,4,4,4,0,3,3,3,3,4,4,
10,4,4,4,0,3,3,3,4,4,4,
10,4,4,4,0,3,3,3,3,4,4,
10,4,4,4,0,3,3,3,4,4,4,
10,3,4,4,0,3,3,3,3,3,4,
13,7,7,7,0,6,6,6,7,7,7,
12,4,4,4,0,4,4,4,4,4,5,
10,4,4,4,0,4,3,3,4,4,4,
10,4,4,4,0,3,3,3,4,4,4,
14,5,5,7,0,3,4,6,4,5,5,
11,3,4,5,0,4,3,4,4,3,4,
11,4,4,4,0,4,4,4,4,4,4,
10,3,4,4,0,3,3,3,4,3,4,
10,4,4,4,0,3,3,3,4,4,4,
12,4,4,4,0,3,3,3,4,3,4,
10,4,4,4,0,4,3,4,4,4,4,
10,4,4,4,0,4,3,4,4,4,4,
10,4,4,4,0,4,3,4,4,4,4,
11,4,4,4,0,4,3,4,4,4,4,
10,4,5,5,0,4,4,4,4,4,5,
10,3,3,3,0,3,3,3,3,3,3,
10,3,3,3,0,3,3,3,3,3,3,
10,3,3,3,0,3,3,3,3,3,3,
10,3,3,3,0,3,3,3,3,3,3,
10,3,3,3,0,3,3,3,3,3,3,
10,3,4,4,0,3,3,3,3,3,4,
10,3,4,4,0,3,3,3,3,3,4,
10,3,4,4,0,3,3,3,3,3,4,
10,3,4,4,0,3,3,3,3,3,4,
10,3,4,4,0,3,3,3,4,3,4,
10,3,4,4,0,3,3,3,3,3,4,
10,3,4,4,0,3,3,3,4,3,4,
10,3,4,4,0,3,3,3,4,3,4,
10,3,4,4,0,3,3,3,4,3,4,
10,3,4,4,0,3,3,3,4,3,4,
10,3,4,4,0,3,3,3,4,3,4,
10,3,4,4,0,3,3,3,4,3,4,
10,4,4,4,0,3,3,3,4,4,4,
10,3,4,4,0,3,3,3,4,3,4,
10,4,4,4,0,3,3,3,4,4,4,
10,4,4,4,0,4,3,4,4,4,4,
14,4,6,6,0,3,3,3,4,4,6,
11,3,3,3,0,3,3,3,3,3,3,
10,4,4,4,0,4,4,4,4,4,4,
11,3,3,3,0,3,3,3,3,3,3,
12,4,4,4,0,4,4,4,4,4,4,
13,6,6,7,0,6,6,6,6,6,6,
12,4,4,4,0,3,3,3,4,4,4,
10,3,3,4,0,3,3,3,3,3,3,
10,3,3,4,0,3,3,3,3,3,3,
10,3,3,4,0,3,3,3,3,3,3,
10,3,3,4,0,3,3,3,3,3,3,
10,4,4,4,0,3,3,3,3,4,4,
10,3,4,4,0,3,3,3,4,3,4,
10,4,4,4,0,3,3,3,4,4,4,
10,3,4,4,0,3,3,3,4,3,4,
10,4,4,4,0,3,3,3,4,4,4,
10,4,4,4,0,3,3,3,4,4,4,
10,3,4,4,0,3,3,3,4,3,4,
10,3,4,4,0,4,3,3,4,3,4,
10,4,4,4,0,3,3,3,4,4,4,
10,4,4,4,0,4,3,3,4,4,4,
10,3,4,4,0,3,3,3,4,3,4,
10,4,4,4,0,3,3,3,4,4,4,
11,4,4,4,0,3,4,4,4,4,4,
11,4,4,4,0,3,4,4,4,4,4,
11,4,4,4,0,4,4,4,4,4,4,
11,4,4,4,0,4,4,4,4,4,4,
11,4,4,4,0,4,4,4,4,4,4,
11,4,4,4,0,4,4,4,4,4,4,
10,4,4,4,0,4,4,4,4,4,4,
10,3,3,3,0,3,3,3,3,3,3,
10,3,3,4,0,3,3,3,3,3,3,
10,3,4,4,0,3,3,3,3,3,4,
10,3,4,4,0,3,3,3,3,3,4,
10,4,4,4,0,3,3,3,3,3,4,
10,3,4,4,0,3,3,3,3,3,4,
13,3,4,4,0,4,3,3,3,3,4,
10,3,4,4,0,3,3,3,4,3,4,
10,3,4,4,0,3,3,3,4,3,4,
10,4,4,4,0,3,3,3,4,4,4,
10,3,4,4,0,3,3,3,4,3,4,
14,4,7,7,0,3,3,3,7,4,7,
14,3,4,4,0,3,3,3,3,3,4,
10,4,4,4,0,3,3,3,4,4,4,
11,4,4,4,0,4,4,4,4,4,4,
10,4,4,4,0,3,3,3,4,4,4,
10,3,4,4,0,4,3,3,4,3,4,
11,3,4,4,0,3,3,3,4,3,4,
10,3,4,4,0,4,3,3,4,3,4,
10,4,4,4,0,3,3,3,4,4,4,
10,3,4,4,0,3,3,3,4,3,4,
10,4,4,4,0,4,4,4,4,4,4,
10,4,4,4,0,3,4,3,4,4,4,
10,4,4,4,0,3,4,3,4,4,4,
10,4,4,4,0,3,3,3,4,4,4,
10,4,4,4,0,4,4,4,4,4,4,
9,3,3,3,0,3,3,3,3,3,3,
10,3,3,3,0,3,3,3,3,3,3,
10,3,3,3,0,3,3,3,3,3,3,
11,3,3,3,0,3,3,3,3,3,3,
10,3,3,4,0,3,3,3,3,3,3,
10,3,3,4,0,3,3,3,3,3,3,
10,3,3,4,0,3,3,3,3,3,3,
10,3,3,4,0,3,3,3,3,3,4,
10,3,4,4,0,3,3,3,3,3,4,
10,3,4,4,0,3,3,3,3,3,4,
10,3,4,4,0,3,3,3,3,3,4,
10,3,4,4,0,3,3,3,4,3,4,
10,3,3,3,0,3,3,3,3,3,3,
10,3,4,4,0,3,3,3,3,3,4,
10,3,4,4,0,3,3,3,4,3,4,
10,3,4,4,0,3,3,3,4,3,4,
10,4,4,4,0,4,3,4,4,4,4,
10,4,4,4,0,4,3,3,4,4,4,
10,3,4,4,0,3,3,4,4,3,4,
10,4,4,4,0,3,3,3,4,4,4,
10,3,4,4,0,3,3,3,4,3,4,
16,3,3,4,0,3,3,3,3,3,3,
12,3,4,4,0,3,3,3,4,3,4,
11,3,3,4,0,3,2,3,3,3,3,
22,4,3,4,0,16,2,3,16,3,3,
10,3,4,4,0,3,3,3,3,4,4,
10,3,3,3,0,3,3,3,3,3,3,
10,3,3,3,0,3,2,3,3,3,3,
10,3,3,4,0,3,3,3,3,3,3,
10,3,3,3,0,3,3,3,3,3,3,
10,3,3,4,0,3,3,3,3,3,3,
10,3,3,3,0,3,3,3,3,3,3,
10,3,3,4,0,3,3,3,3,3,3,
10,3,3,4,0,3,3,3,4,3,3,
10,4,4,4,0,4,3,3,4,4,4,
10,3,4,4,0,3,3,3,4,3,4,
10,3,4,4,0,3,3,3,4,3,4,
10,4,4,4,0,3,3,3,3,4,4,
10,4,4,4,0,4,3,3,4,4,4,
10,4,4,4,0,3,3,3,4,4,4,
10,3,4,4,0,3,3,3,4,3,4,
10,4,4,4,0,3,3,3,4,4,4,
10,4,4,4,0,3,3,4,4,4,4,
11,4,4,4,0,4,3,4,4,4,4,
10,4,4,4,0,4,3,3,4,4,4,
10,4,4,4,0,3,3,4,4,4,4,
10,4,4,4,0,4,3,3,4,4,4,
10,4,4,4,0,4,3,3,4,4,4,
10,3,3,3,0,3,2,3,3,3,3,
9,3,3,3,0,3,2,3,3,3,3,
10,3,3,3,0,3,2,3,3,3,3,
10,3,3,3,0,3,2,3,3,3,3,
12,4,4,4,0,4,3,3,4,4,4,
10,3,3,3,0,3,3,3,3,3,3,
10,3,3,3,0,3,2,3,3,3,3,
10,3,4,4,0,3,3,3,3,3,4,
10,3,4,3,0,3,3,3,3,3,4,
13,6,6,6,0,6,6,6,6,6,6,
10,3,4,3,0,3,3,3,3,4,4,
10,3,4,4,0,3,3,3,3,3,4,
10,3,4,4,0,3,3,3,3,3,4,
10,3,4,4,0,3,3,3,3,3,4,
10,4,4,4,0,3,3,3,3,4,4,
10,4,4,4,0,3,3,3,3,4,4,
10,4,4,4,0,3,3,3,4,4,4,
10,4,4,4,0,3,3,3,4,4,4,
11,3,4,4,0,3,3,3,4,4,4,
10,4,4,4,0,4,3,3,3,4,4,
10,4,4,4,0,3,3,3,4,4,4,
10,4,4,4,0,3,3,3,4,4,4,
10,4,4,4,0,3,3,3,4,4,4,
10,3,3,3,0,3,3,3,3,3,3,
10,3,3,3,0,3,3,3,3,3,3,
11,3,4,3,0,3,3,3,3,3,3,
9,3,3,3,0,3,3,3,3,3,3,
10,3,3,3,0,3,3,3,3,3,3,
10,3,3,3,0,3,3,3,3,3,3,
10,3,3,3,0,3,3,3,3,3,3,
10,3,4,4,0,3,3,3,3,3,4,
10,3,4,3,0,3,3,3,3,4,4,
10,3,4,3,0,3,3,3,3,3,4,
10,3,4,3,0,3,3,3,3,3,4,
10,3,4,4,0,3,3,3,3,4,4,
10,4,4,4,0,3,3,3,3,4,4,
10,3,4,4,0,3,3,3,3,3,4,
10,3,4,4,0,3,3,3,3,3,4,
10,3,4,4,0,3,3,3,3,3,4,
10,4,4,4,0,4,3,3,3,4,4,
10,4,4,4,0,3,3,3,4,4,4,
10,4,4,4,0,3,3,3,4,4,4,
10,4,4,4,0,3,3,3,4,4,4,
10,4,4,4,0,3,3,3,4,4,4,
10,4,4,4,0,3,3,3,4,4,4,
13,7,7,7,0,6,6,6,7,7,7,
11,3,4,3,0,3,3,3,3,3,4,
10,4,4,4,0,3,3,4,4,4,4,
10,4,4,4,0,3,3,3,4,4,4,
10,3,3,3,0,2,3,2,3,3,3,
12,3,3,3,0,3,3,3,3,3,3,
11,3,3,3,0,3,3,3,3,3,3,
11,4,4,5,0,3,3,3,4,4,4,
10,4,4,4,0,4,4,4,4,4,4,
10,3,4,4,0,3,3,3,3,3,4,
10,4,4,4,0,3,3,4,4,4,4,
10,3,4,4,0,3,3,3,3,3,4,
10,3,3,4,0,3,2,3,3,3,3,
10,3,4,4,0,3,3,3,3,3,4,
11,3,3,4,0,3,2,3,3,3,3,
10,3,4,4,0,3,3,3,3,3,4,
10,4,4,4,0,3,3,3,4,4,4,
10,4,4,4,0,3,3,3,4,4,4,
10,4,4,4,0,3,3,3,4,4,4,
10,4,4,4,0,4,3,4,4,4,4,
10,4,4,4,0,3,4,3,4,4,4,
10,4,4,4,0,3,3,3,4,4,4,
10,4,4,4,0,3,4,3,4,4,4,
10,4,4,4,0,4,4,4,4,4,4,
10,4,4,4,0,4,4,4,4,4,4,
11,4,4,4,0,4,4,4,4,4,4,
11,4,4,4,0,4,4,4,4,4,4,
11,4,4,5,0,4,4,4,4,4,4,
11,4,4,4,0,4,4,4,4,4,4,
11,3,3,3,0,3,3,3,3,3,4,
11,3,3,4,0,3,3,3,3,3,3,
11,3,4,4,0,3,3,3,3,3,4,
10,3,3,4,0,3,3,3,3,3,3,
10,3,3,4,0,3,3,3,3,3,4,
10,3,3,4,0,3,3,3,3,3,4,
10,4,4,4,0,3,3,4,4,4,4,
13,6,7,7,0,6,6,6,6,6,7,
10,3,4,4,0,3,3,3,3,3,4,
10,3,4,4,0,3,3,3,3,3,4,
10,3,3,4,0,3,3,3,3,3,4,
10,4,4,4,0,3,3,3,3,4,4,
10,3,4,4,0,3,3,3,3,3,4,
10,3,4,4,0,3,3,3,4,3,4,
10,4,4,4,0,3,3,3,4,4,4,
10,4,4,4,0,4,4,4,4,4,4,
12,4,4,4,0,3,4,3,4,4,4,
10,4,4,4,0,3,3,4,4,4,4,
10,3,3,3,0,3,3,3,3,3,3,
10,4,4,4,0,4,4,3,4,4,4,
11,4,4,4,0,3,4,3,4,4,4,
10,4,4,4,0,4,4,4,4,4,4,
10,4,4,4,0,3,4,4,4,4,4,
11,4,4,4,0,4,4,4,4,4,4,
11,4,4,4,0,4,3,4,4,4,4,
11,4,4,4,0,4,4,4,4,4,5,
11,4,4,5,0,4,4,4,4,4,4,
10,4,4,4,0,4,4,4,4,4,5,
10,4,5,5,0,4,4,4,4,4,5,
10,3,4,4,0,3,3,3,3,3,4,
10,3,3,4,0,3,2,3,3,3,3,
10,3,4,4,0,3,3,3,3,3,4,
10,3,4,4,0,3,3,3,4,3,4,
10,3,3,4,0,3,3,3,3,3,3,
10,3,3,4,0,3,3,3,3,3,3,
10,3,4,4,0,3,3,3,4,3,4,
10,3,4,4,0,3,3,3,3,3,4,
11,3,4,4,0,3,3,3,4,3,4,
10,4,4,4,0,3,3,3,3,4,4,
10,3,4,4,0,3,3,3,4,3,4,
10,4,4,4,0,4,3,3,4,4,4,
31,4,4,4,0,3,3,3,4,24,4,
11,4,5,5,0,4,4,4,4,4,5,
13,3,3,3,0,2,2,2,3,3,3,
10,4,4,4,0,4,4,4,4,4,4,
10,4,4,4,0,3,3,3,4,4,4,
10,4,4,4,0,3,4,4,4,4,4,
11,4,4,4,0,4,4,4,4,4,4,
11,4,4,4,0,4,4,4,4,4,4,
11,4,4,4,0,4,3,4,4,4,4,
11,4,4,5,0,4,3,4,4,4,4,
11,4,4,5,0,4,3,4,4,4,4,
11,3,3,4,0,3,3,3,3,3,3,
10,3,3,4,0,3,3,3,3,3,3,
10,3,3,4,0,3,3,3,3,3,3,
10,3,3,4,0,3,2,3,3,3,3,
32,3,25,4,0,3,3,3,4,3,25,
11,4,4,4,0,4,4,4,4,4,4,
10,3,3,4,0,3,3,3,3,3,3,
10,3,3,4,0,3,2,3,3,3,3,
10,3,3,4,0,3,3,3,3,3,3,
10,3,3,4,0,3,3,3,3,3,3,
10,3,4,4,0,3,3,3,3,3,4,
10,3,3,4,0,3,2,3,3,3,3,
10,3,4,4,0,3,3,3,3,3,4,
10,4,4,4,0,3,3,3,3,4,4,
10,4,4,4,0,3,4,4,4,4,4,
10,4,4,4,0,3,3,3,4,4,4,
10,4,4,4,0,4,4,4,4,4,4,
11,4,4,4,0,4,4,4,4,4,4,
11,4,4,4,0,4,4,4,4,4,4,
11,4,4,5,0,4,4,4,4,4,4,
11,4,4,4,0,4,3,4,4,4,4,
11,4,4,5,0,4,4,4,4,4,4,
11,4,4,5,0,4,4,4,4,4,4,
11,4,5,5,0,4,4,4,4,4,5,
11,3,3,4,0,3,2,3,3,3,3,
11,3,4,4,0,3,3,3,4,3,4,
11,3,4,4,0,3,3,3,4,3,4,
13,4,4,4,0,3,3,3,3,3,4,
10,3,3,4,0,3,3,3,3,3,4,
10,3,3,4,0,3,2,3,3,3,3,
10,3,3,4,0,3,2,3,3,3,3,
11,3,3,4,0,3,3,3,3,4,3,
13,7,7,7,0,6,6,7,6,7,6,
12,3,3,3,0,3,3,3,3,3,3,
10,3,3,4,0,3,3,3,3,4,3,
10,4,3,4,0,3,3,3,3,4,3,
10,4,4,4,0,3,3,3,3,4,4,
10,4,4,4,0,3,3,3,3,4,4,
10,4,4,4,0,3,3,3,3,4,4,
10,4,4,4,0,3,3,3,3,4,4,
10,4,4,4,0,3,3,3,4,4,4,
10,4,4,4,0,3,3,3,4,4,4,
10,4,4,4,0,3,3,3,3,4,4,
10,4,4,4,0,3,4,3,4,4,4,
10,4,4,4,0,3,3,3,4,4,4,
10,4,4,4,0,3,3,3,4,4,4,
10,4,4,4,0,3,3,3,4,4,4,
10,4,4,4,0,3,3,3,4,4,4,
10,4,4,4,0,3,3,3,4,4,4,
10,4,4,4,0,4,4,4,4,4,4,
11,3,3,3,0,3,3,3,3,3,3,
11,3,3,3,0,3,3,3,3,3,3,
11,3,3,3,0,3,3,3,3,3,3,
10,3,3,3,0,3,2,3,3,3,3,
10,3,3,3,0,3,3,3,3,3,3,
10,4,4,4,0,3,3,3,3,4,4,
10,3,3,4,0,3,3,3,3,3,3,
10,4,3,4,0,3,3,3,3,3,3,
10,4,4,4,0,3,3,3,3,4,4,
10,4,4,4,0,3,3,3,3,4,4,
10,3,3,4,0,3,3,3,3,3,3,
10,4,4,4,0,3,3,3,3,4,4,
10,4,4,4,0,3,3,3,3,4,4,
12,3,3,4,0,3,3,3,3,3,4,
10,4,4,4,0,3,3,3,3,4,4,
10,3,4,4,0,3,3,3,3,3,4,
10,3,4,4,0,3,3,3,3,4,4,
10,4,4,4,0,3,3,3,3,4,4,
10,4,4,4,0,3,3,4,3,4,4,
10,3,4,4,0,3,3,3,3,4,4,
10,3,4,4,0,3,3,3,3,3,4,
10,4,4,4,0,3,3,3,3,4,4,
11,4,4,4,0,3,3,3,4,4,4,
10,4,4,4,0,3,3,3,4,4,4,
10,4,4,4,0,3,3,3,4,4,4,
10,4,4,4,0,3,3,4,4,4,4,
10,3,3,3,0,3,3,3,3,3,3,
11,3,3,3,0,3,3,3,3,3,3,
10,3,3,3,0,3,3,3,3,3,3,
10,3,3,4,0,3,3,3,3,3,3,
10,3,3,3,0,3,3,3,3,3,3,
11,4,4,4,0,3,3,3,3,4,4,
10,3,3,4,0,3,3,3,3,3,3,
10,3,3,3,0,3,3,3,3,3,3,
10,3,3,4,0,3,3,3,3,3,3,
10,3,4,4,0,3,3,3,3,3,3,
10,3,3,4,0,3,3,3,3,3,3,
10,3,3,4,0,3,3,3,3,3,3,
10,3,3,4,0,3,3,3,3,3,3,
10,4,4,4,0,3,3,3,3,3,4,
10,3,4,4,0,3,3,3,3,3,4,
10,4,4,4,0,3,3,3,3,4,4,
10,3,4,4,0,3,3,3,3,3,4,
10,3,4,4,0,3,3,3,3,3,4,
10,3,4,4,0,4,3,3,3,4,4,
10,4,4,4,0,3,3,3,4,4,4,
10,4,4,4,0,3,3,3,4,4,4,
10,4,4,4,0,3,3,3,3,4,4,
10,4,4,4,0,3,3,3,4,4,4,
13,3,3,4,0,3,3,3,3,3,3,
10,4,4,4,0,3,3,4,4,4,4,
10,4,4,4,0,3,3,3,4,4,4,
10,4,4,4,0,3,3,3,4,4,4,
10,4,4,4,0,3,3,4,4,4,4,
12,6,6,6,0,5,5,6,6,6,6,
11,3,4,4,0,3,3,3,3,3,4,
10,3,3,3,0,3,3,3,3,3,3,
10,3,3,3,0,3,3,3,3,3,3,
10,3,3,3,0,3,3,3,3,3,3,
10,3,3,4,0,3,3,3,3,3,3,
10,3,3,4,0,3,3,3,3,3,3,
10,3,3,4,0,3,3,3,3,3,3,
10,3,3,4,0,3,3,3,3,3,3,
10,3,3,4,0,3,3,3,3,3,3,
10,3,4,4,0,3,3,3,3,3,4,
10,3,4,4,0,3,3,3,3,3,4,
10,3,4,4,0,3,3,3,3,3,4,
10,3,4,4,0,3,3,3,3,3,4,
10,4,4,4,0,3,3,3,3,4,4,
10,4,4,4,0,3,3,3,4,4,4,
10,4,4,4,0,3,3,3,3,4,4,
10,4,4,4,0,3,3,3,3,4,4,
10,4,4,4,0,3,3,3,3,4,4,
10,4,4,4,0,3,3,3,3,4,4,
11,4,4,4,0,3,3,3,3,4,4,
10,4,4,4,0,3,3,4,4,4,4,
10,3,3,3,0,2,2,3,3,3,3,
11,3,3,3,0,2,3,3,3,3,3,
10,3,3,3,0,2,2,2,3,3,3,
9,3,3,3,0,2,2,3,3,3,3,
10,3,3,3,0,3,3,3,3,3,3,
9,3,3,3,0,3,3,3,3,3,3,
10,3,3,3,0,3,3,3,3,3,3,
10,3,3,3,0,3,3,3,3,3,3,
10,3,3,4,0,3,3,3,3,3,3,
13,3,3,3,0,3,3,3,3,3,3,
10,3,3,4,0,3,3,3,3,3,3,
10,3,3,4,0,3,3,3,3,3,3,
10,3,3,4,0,3,3,3,3,3,3,
10,3,4,4,0,3,3,3,3,4,4,
10,3,4,4,0,3,3,3,3,3,4,
10,3,4,4,0,3,3,3,3,3,4,
10,4,4,4,0,3,3,3,3,4,4,
10,4,4,4,0,3,3,3,3,4,4,
11,4,4,4,0,3,3,3,3,4,4,
10,4,4,4,0,3,3,3,3,4,4,
10,4,4,4,0,3,3,3,4,4,4,
10,4,4,4,0,3,3,3,3,4,4,
10,4,4,4,0,3,3,3,3,4,4,
10,4,4,4,0,3,3,3,4,4,4,
10,4,4,4,0,3,3,3,4,4,4,
10,4,4,4,0,3,3,3,4,4,4,
10,3,3,3,0,2,3,3,3,3,3,
10,3,3,3,0,2,2,2,3,3,3,
10,3,3,3,0,2,2,3,3,3,3,
9,3,3,3,0,3,2,3,3,3,3,
10,3,3,3,0,2,2,3,3,3,3,
10,3,3,4,0,3,3,3,3,3,3,
11,3,3,3,0,3,3,3,3,3,3,
10,3,3,4,0,3,3,3,3,3,3,
10,3,3,3,0,3,3,3,3,3,3,
10,3,3,4,0,3,3,3,3,3,3,
10,3,3,4,0,3,3,3,3,3,3,
10,3,3,4,0,3,3,3,3,3,3,
10,3,3,4,0,3,3,3,3,3,3,
10,3,4,4,0,3,3,3,3,3,4,
10,3,4,4,0,3,3,3,3,3,4,
10,3,3,4,0,3,3,3,3,3,3,
10,3,4,4,0,3,3,3,3,3,4,
10,3,4,4,0,3,3,3,3,4,4,
10,4,4,4,0,3,3,3,3,4,4,
13,3,3,3,0,2,2,3,3,3,3,
10,4,4,4,0,3,3,3,3,4,4,
10,3,4,4,0,4,3,3,3,3,4,
10,4,4,4,0,3,3,3,3,4,4,
14,6,6,6,0,6,6,6,6,6,6,
14,6,6,6,0,6,5,6,6,6,6,
26,16,16,17,0,16,16,16,17,16,16,
11,3,3,3,0,2,3,2,3,3,3,
10,3,3,3,0,2,2,2,2,3,3,
10,3,3,3,0,2,2,2,2,3,3,
25,19,19,19,0,2,2,2,3,19,19,
13,3,4,4,0,3,3,3,3,3,4,
9,3,3,3,0,2,2,2,2,3,3,
10,3,3,3,0,2,2,3,3,3,3,
9,3,3,3,0,2,2,3,3,3,3,
10,3,3,3,0,3,3,3,3,3,3,
10,3,3,3,0,3,3,3,3,3,3,
9,3,3,3,0,3,3,3,3,3,3,
10,3,3,4,0,3,3,3,3,3,3,
10,3,4,4,0,3,3,3,3,3,3,
10,3,3,4,0,3,3,3,3,3,3,
10,3,3,4,0,3,3,3,3,3,3,
10,3,3,4,0,3,3,3,3,3,3,
10,3,4,4,0,3,3,3,3,3,4,
11,4,4,4,0,3,3,3,3,4,4,
10,3,4,4,0,3,3,3,3,3,4,
10,3,4,4,0,3,3,3,3,3,4,
10,3,4,4,0,3,3,3,3,3,4,
11,3,3,3,0,2,2,3,3,3,3,
10,4,4,4,0,3,3,3,3,4,4,
10,3,4,4,0,3,3,3,3,3,4,
10,3,3,3,0,2,2,2,2,3,3,
10,3,3,3,0,2,2,2,2,3,3,
10,3,3,3,0,2,2,2,2,3,3,
10,3,3,3,0,2,2,2,3,3,3,
9,3,3,3,0,3,2,3,3,3,3,
9,3,3,3,0,3,2,2,3,3,3,
9,3,3,3,0,2,2,3,3,3,3,
9,3,3,3,0,2,2,3,3,3,3,
10,3,3,3,0,2,2,3,3,3,3,
10,3,3,4,0,3,3,3,3,3,3,
13,6,6,6,0,6,6,6,6,6,6,
11,3,3,4,0,3,3,3,3,3,3,
10,3,3,4,0,3,3,3,3,3,3,
10,3,4,4,0,3,3,3,3,3,4,
10,3,3,4,0,3,3,3,3,3,3,
10,3,3,4,0,3,3,3,3,3,3,
10,3,4,4,0,3,3,3,3,3,4,
10,3,3,4,0,3,3,3,3,3,3,
10,3,4,4,0,3,3,3,3,3,4,
11,3,4,4,0,3,3,3,3,3,4,
11,3,4,4,0,3,3,3,3,3,4,
13,3,3,3,0,2,2,3,3,3,3,
10,4,4,4,0,3,3,3,3,4,4,
10,3,4,4,0,3,3,3,3,3,4,
10,3,4,4,0,3,3,3,3,3,4,
10,4,4,4,0,3,3,3,3,4,4,
10,4,4,4,0,3,3,3,3,4,4,
10,3,3,3,0,2,2,2,2,3,3,
10,3,3,3,0,2,2,2,2,3,3,
9,3,3,3,0,2,2,2,3,3,3,
9,3,3,3,0,3,2,3,3,3,3,
10,3,3,3,0,3,3,3,3,3,3,
10,3,3,4,0,3,3,3,3,3,3,
12,3,3,3,0,3,3,3,3,3,3,
10,3,3,3,0,3,3,3,3,3,3,
10,3,3,4,0,3,3,3,3,3,3,
10,3,3,4,0,3,3,3,3,3,3,
10,3,3,4,0,3,3,3,3,3,3,
10,3,3,4,0,3,3,3,3,3,3,
10,3,3,4,0,3,3,3,3,3,3,
10,3,3,4,0,3,3,3,3,3,3,
10,3,4,4,0,3,3,3,3,3,4,
10,3,4,4,0,3,3,3,3,3,4,
10,3,3,4,0,3,3,3,3,3,4,
10,3,4,4,0,3,3,3,3,3,4,
10,3,4,4,0,3,3,3,3,3,4,
10,3,4,4,0,3,3,3,3,3,4,
10,4,4,4,0,3,3,3,3,4,4,
10,3,4,4,0,3,3,3,3,3,4,
10,3,4,4,0,3,3,3,3,3,4,
10,3,4,4,0,3,3,3,3,3,4,
13,6,6,6,0,5,5,5,5,6,6,
13,3,3,3,0,3,3,3,3,3,3,
10,3,3,3,0,2,2,2,2,3,3,
9,3,3,3,0,2,2,2,3,3,3,
9,3,3,3,0,2,2,2,3,3,3,
9,3,3,3,0,2,2,2,3,3,3,
9,3,3,3,0,2,2,3,3,3,3,
9,3,3,3,0,3,3,3,3,3,3,
10,3,3,3,0,3,3,3,3,3,3,
10,3,3,3,0,3,3,3,3,3,3,
10,3,3,3,0,3,3,3,3,3,3,
10,3,3,3,0,3,3,3,3,3,3,
10,3,3,4,0,3,3,3,3,3,3,
10,3,3,4,0,3,3,3,3,3,3,
10,3,4,4,0,3,3,3,3,3,4,
10,3,4,4,0,3,3,3,3,3,4,
10,3,4,4,0,3,3,3,3,3,4,
10,3,4,4,0,3,3,3,3,3,4,
10,4,4,4,0,3,3,3,3,4,4,
10,3,4,4,0,3,3,3,3,3,4,
24,4,5,18,0,16,3,17,16,4,5,
10,3,3,3,0,2,2,2,2,3,3,
32,3,3,25,0,3,3,3,3,3,4,
11,3,3,4,0,3,3,3,3,3,3,
10,4,4,4,0,3,3,3,3,4,4,
10,2,3,3,0,2,2,2,2,2,3,
10,3,3,3,0,2,2,2,2,3,3,
10,3,3,3,0,2,2,2,2,3,3,
9,3,3,3,0,2,2,2,2,3,3,
9,3,3,3,0,3,2,2,3,3,3,
9,3,3,3,0,3,2,2,3,3,3,
12,3,3,3,0,3,3,3,3,3,3,
9,3,3,3,0,2,2,2,3,3,3,
9,3,3,3,0,2,2,2,3,3,3,
9,3,3,3,0,3,3,3,3,3,3,
9,3,3,3,0,3,3,3,3,3,3,
12,3,3,3,0,2,2,2,3,3,3,
9,3,3,3,0,3,3,3,3,3,3,
10,3,3,3,0,3,3,3,3,3,3,
10,3,3,4,0,3,3,3,3,3,3,
10,3,3,4,0,3,3,3,3,3,3,
10,3,3,4,0,3,3,3,3,3,3,
10,3,4,4,0,3,3,3,3,3,4,
10,3,4,4,0,3,3,3,3,3,4,
10,3,4,4,0,3,3,3,3,3,4,
10,3,4,4,0,3,3,3,3,3,4,
10,3,4,4,0,3,3,3,3,3,4,
10,3,4,4,0,3,3,3,3,3,4,
10,3,4,4,0,3,3,3,3,3,4,
10,3,3,3,0,2,2,2,2,3,3,
10,3,3,3,0,2,2,2,2,3,3,
10,3,3,3,0,2,2,2,2,3,3,
9,3,3,3,0,2,2,2,3,3,3,
9,3,3,3,0,2,2,2,3,3,3,
9,3,3,3,0,2,2,2,3,3,3,
9,3,3,3,0,2,2,2,3,3,3,
9,3,3,3,0,3,3,3,3,3,3,
10,3,3,3,0,3,3,3,3,3,3,
10,3,3,4,0,3,3,3,3,3,3,
9,3,3,3,0,3,3,3,3,3,3,
10,3,3,3,0,3,3,3,3,3,3,
