204 ,0, 140, '58 68 65 70 65 62 74 66 60 66 43 47 46 60 41 42 68 49 49 44 69 63 67 66 68 55 75 58 67 61 66 62 ' ,'0 0 0 0 0 0 0 0 0 0 0 0 0 0 0 0 0 0 0 0 0 0 0 0 0 0 0 0 0 0 0 0 ' ,63 ,3 ,17, 17
378 ,173, 360, '333 338 338 318 311 340 336 345 324 339 300 295 306 335 299 285 338 308 306 312 294 318 344 310 334 337 325 311 320 340 329 336 ' ,'0 0 0 0 0 0 0 0 0 0 0 0 0 0 0 0 0 0 0 0 0 0 0 0 0 0 0 0 0 0 0 0 ' ,64 ,2 ,6, 6
269 ,373, 253, '239 228 229 233 234 221 224 243 223 235 220 237 224 241 205 214 233 218 206 217 244 241 244 237 229 232 221 234 243 234 234 232 ' ,'0 0 0 0 0 0 0 0 0 0 0 0 0 0 0 0 0 0 0 0 0 0 0 0 0 0 0 0 0 0 0 0 ' ,41 ,2 ,1, 1
296 ,265, 278, '252 245 261 219 242 257 239 259 226 210 213 250 246 253 225 246 262 243 231 234 252 261 247 249 254 229 258 263 263 252 263 249 ' ,'0 0 0 0 0 0 0 0 0 0 0 0 0 0 0 0 0 0 0 0 0 0 0 0 0 0 0 0 0 0 0 0 ' ,58 ,1 ,1, 1
298 ,287, 288, '265 262 260 252 245 251 253 266 270 248 259 262 256 261 210 251 261 259 247 254 261 260 258 270 258 252 268 257 277 251 256 258 ' ,'0 0 0 0 0 0 0 0 0 0 0 0 0 0 0 0 0 0 0 0 0 0 0 0 0 0 0 0 0 0 0 0 ' ,70 ,2 ,2, 2
307 ,294, 296, '264 242 261 262 225 250 252 274 266 255 218 230 259 261 262 232 261 260 241 232 235 272 235 264 238 259 265 250 285 261 260 270 ' ,'0 0 0 0 0 0 0 0 0 0 0 0 0 0 0 0 0 0 0 0 0 0 0 0 0 0 0 0 0 0 0 0 ' ,69 ,3 ,1, 1
301 ,303, 292, '256 235 268 250 276 239 264 265 268 281 245 264 254 258 269 248 268 260 272 255 240 270 246 247 258 273 258 277 271 253 257 264 ' ,'0 0 0 0 0 0 0 0 0 0 0 0 0 0 0 0 0 0 0 0 0 0 0 0 0 0 0 0 0 0 0 0 ' ,48 ,3 ,1, 1
297 ,299, 287, '248 254 237 239 267 239 221 250 251 268 250 249 217 234 245 230 249 234 242 234 247 254 231 245 238 265 237 248 244 268 274 265 ' ,'0 0 0 0 0 0 0 0 0 0 0 0 0 0 0 0 0 0 0 0 0 0 0 0 0 0 0 0 0 0 0 0 ' ,62 ,2 ,2, 2
294 ,292, 283, '264 238 235 265 247 216 238 257 272 266 231 226 232 259 255 250 213 233 242 231 229 246 251 248 224 256 266 246 266 226 227 231 ' ,'0 0 0 0 0 0 0 0 0 0 0 0 0 0 0 0 0 0 0 0 0 0 0 0 0 0 0 0 0 0 0 0 ' ,62 ,3 ,1, 1
271 ,290, 262, '232 240 236 235 244 240 208 182 208 213 234 227 235 227 228 230 240 231 243 233 237 237 224 251 237 234 224 220 207 226 228 224 ' ,'0 0 0 0 0 0 0 0 0 0 0 0 0 0 0 0 0 0 0 0 0 0 0 0 0 0 0 0 0 0 0 0 ' ,72 ,3 ,2, 2
254 ,267, 242, '202 231 224 182 219 211 200 225 225 219 200 221 212 206 195 210 216 220 205 207 221 220 212 228 205 161 214 200 208 210 223 208 ' ,'0 0 0 0 0 0 0 0 0 0 0 0 0 0 0 0 0 0 0 0 0 0 0 0 0 0 0 0 0 0 0 0 ' ,73 ,3 ,1, 1
233 ,247, 222, '184 190 191 193 191 183 208 189 207 206 188 207 175 191 185 211 208 209 203 201 203 208 195 213 205 176 208 190 197 180 185 215 ' ,'0 0 0 0 0 0 0 0 0 0 0 0 0 0 0 0 0 0 0 0 0 0 0 0 0 0 0 0 0 0 0 0 ' ,44 ,1 ,1, 1
245 ,229, 233, '219 219 215 216 209 210 227 211 198 206 204 205 217 195 189 221 218 217 221 223 217 203 206 202 200 212 203 210 208 216 218 210 ' ,'0 0 0 0 0 0 0 0 0 0 0 0 0 0 0 0 0 0 0 0 0 0 0 0 0 0 0 0 0 0 0 0 ' ,36 ,1 ,1, 1
241 ,242, 232, '178 220 200 213 215 202 213 202 179 201 191 186 212 190 216 223 222 198 200 212 207 210 216 195 211 197 206 211 186 217 223 208 ' ,'0 0 0 0 0 0 0 0 0 0 0 0 0 0 0 0 0 0 0 0 0 0 0 0 0 0 0 0 0 0 0 0 ' ,46 ,1 ,1, 1
270 ,237, 258, '238 228 236 235 210 244 247 243 230 227 222 245 238 200 237 245 233 243 241 243 225 228 247 155 221 232 246 224 216 235 219 239 ' ,'0 0 0 0 0 0 0 0 0 0 0 0 0 0 0 0 0 0 0 0 0 0 0 0 0 0 0 0 0 0 0 0 ' ,96 ,2 ,2, 2
280 ,264, 270, '252 215 255 263 252 257 238 252 255 242 237 246 248 222 247 250 245 258 235 255 242 234 256 235 256 228 257 240 243 248 225 229 ' ,'0 0 0 0 0 0 0 0 0 0 0 0 0 0 0 0 0 0 0 0 0 0 0 0 0 0 0 0 0 0 0 0 ' ,47 ,1 ,1, 1
285 ,275, 276, '252 261 231 229 244 256 244 225 260 238 242 235 244 233 222 252 226 248 265 264 255 221 234 201 225 236 231 247 251 261 221 201 ' ,'0 0 0 0 0 0 0 0 0 0 0 0 0 0 0 0 0 0 0 0 0 0 0 0 0 0 0 0 0 0 0 0 ' ,68 ,1 ,2, 2
285 ,281, 276, '244 252 235 253 245 213 266 238 225 217 228 251 253 233 237 249 253 245 215 233 242 228 261 241 250 226 236 251 261 236 238 245 ' ,'0 0 0 0 0 0 0 0 0 0 0 0 0 0 0 0 0 0 0 0 0 0 0 0 0 0 0 0 0 0 0 0 ' ,56 ,1 ,2, 2
294 ,281, 285, '243 253 218 264 250 248 271 252 262 231 232 205 242 251 204 275 229 241 245 245 226 252 243 233 240 206 221 251 220 213 208 247 ' ,'0 0 0 0 0 0 0 0 0 0 0 0 0 0 0 0 0 0 0 0 0 0 0 0 0 0 0 0 0 0 0 0 ' ,71 ,2 ,1, 1
299 ,290, 290, '276 264 270 265 269 252 271 261 271 265 272 242 235 214 253 234 270 267 263 269 266 247 254 230 232 254 257 281 244 261 250 250 ' ,'0 0 0 0 0 0 0 0 0 0 0 0 0 0 0 0 0 0 0 0 0 0 0 0 0 0 0 0 0 0 0 0 ' ,68 ,1 ,1, 1
293 ,295, 284, '258 248 267 205 246 263 236 243 272 257 259 257 266 190 256 255 238 218 273 264 241 257 253 249 255 264 242 229 263 263 236 261 ' ,'0 0 0 0 0 0 0 0 0 0 0 0 0 0 0 0 0 0 0 0 0 0 0 0 0 0 0 0 0 0 0 0 ' ,85 ,2 ,2, 2
290 ,289, 281, '234 258 267 230 245 271 254 208 262 247 237 249 247 240 240 246 251 271 235 252 258 236 248 249 259 259 247 249 221 248 262 245 ' ,'0 0 0 0 0 0 0 0 0 0 0 0 0 0 0 0 0 0 0 0 0 0 0 0 0 0 0 0 0 0 0 0 ' ,67 ,2 ,2, 2
286 ,286, 276, '218 238 237 234 234 225 226 245 221 261 217 240 260 216 267 242 223 213 218 256 245 256 235 222 224 230 236 224 228 223 247 216 ' ,'0 0 0 0 0 0 0 0 0 0 0 0 0 0 0 0 0 0 0 0 0 0 0 0 0 0 0 0 0 0 0 0 ' ,55 ,1 ,1, 1
275 ,281, 265, '239 237 236 224 248 240 238 221 232 240 256 229 234 243 231 235 239 238 215 253 227 237 246 206 192 215 247 215 242 221 218 209 ' ,'0 0 0 0 0 0 0 0 0 0 0 0 0 0 0 0 0 0 0 0 0 0 0 0 0 0 0 0 0 0 0 0 ' ,66 ,2 ,1, 1
278 ,273, 270, '185 206 211 232 180 204 246 243 230 221 240 234 233 245 225 251 221 240 229 222 219 223 246 233 252 237 242 260 225 236 246 232 ' ,'0 0 0 0 0 0 0 0 0 0 0 0 0 0 0 0 0 0 0 0 0 0 0 0 0 0 0 0 0 0 0 0 ' ,81 ,1 ,2, 2
276 ,274, 267, '216 227 218 255 207 246 234 230 201 235 227 251 232 207 259 233 247 250 235 226 238 233 208 256 231 238 244 243 238 233 236 240 ' ,'0 0 0 0 0 0 0 0 0 0 0 0 0 0 0 0 0 0 0 0 0 0 0 0 0 0 0 0 0 0 0 0 ' ,58 ,1 ,1, 1
280 ,272, 272, '226 222 234 242 230 236 182 220 251 237 194 237 215 228 218 222 231 223 238 227 236 235 242 243 211 238 252 214 237 230 215 217 ' ,'0 0 0 0 0 0 0 0 0 0 0 0 0 0 0 0 0 0 0 0 0 0 0 0 0 0 0 0 0 0 0 0 ' ,71 ,2 ,1, 1
245 ,276, 235, '210 207 203 224 198 226 207 194 209 200 215 210 217 220 223 197 218 204 211 225 216 199 215 228 227 209 212 187 219 213 198 189 ' ,'0 0 0 0 0 0 0 0 0 0 0 0 0 0 0 0 0 0 0 0 0 0 0 0 0 0 0 0 0 0 0 0 ' ,42 ,1 ,1, 1
236 ,240, 226, '199 211 201 191 190 187 194 203 208 211 201 192 203 215 193 185 209 218 218 217 213 219 198 202 208 203 202 205 219 211 197 190 ' ,'0 0 0 0 0 0 0 0 0 0 0 0 0 0 0 0 0 0 0 0 0 0 0 0 0 0 0 0 0 0 0 0 ' ,37 ,1 ,1, 1
253 ,234, 243, '206 180 225 180 228 224 234 219 217 211 215 222 216 204 220 225 197 225 225 218 223 203 210 214 195 211 218 215 220 205 206 178 ' ,'0 0 0 0 0 0 0 0 0 0 0 0 0 0 0 0 0 0 0 0 0 0 0 0 0 0 0 0 0 0 0 0 ' ,58 ,1 ,1, 1
257 ,249, 245, '222 217 220 202 225 210 215 228 215 191 182 230 222 237 219 215 201 225 194 217 222 224 207 186 217 226 218 208 217 217 235 190 ' ,'0 0 0 0 0 0 0 0 0 0 0 0 0 0 0 0 0 0 0 0 0 0 0 0 0 0 0 0 0 0 0 0 ' ,55 ,1 ,1, 1
249 ,269, 241, '213 182 186 191 187 190 217 195 184 220 152 185 200 212 232 191 215 221 210 195 186 204 194 179 190 188 183 179 199 223 197 183 ' ,'0 0 0 0 0 0 0 0 0 0 0 0 0 0 0 0 0 0 0 0 0 0 0 0 0 0 0 0 0 0 0 0 ' ,80 ,1 ,1, 1
260 ,246, 251, '219 225 213 192 223 184 229 181 237 218 187 211 218 234 198 243 211 210 226 186 214 197 218 200 225 202 190 218 229 221 229 203 ' ,'0 0 0 0 0 0 0 0 0 0 0 0 0 0 0 0 0 0 0 0 0 0 0 0 0 0 0 0 0 0 0 0 ' ,64 ,1 ,1, 1
282 ,256, 272, '249 214 252 250 254 250 208 220 238 259 253 241 252 235 243 239 261 249 251 254 236 235 250 245 226 246 251 261 220 257 262 246 ' ,'0 0 0 0 0 0 0 0 0 0 0 0 0 0 0 0 0 0 0 0 0 0 0 0 0 0 0 0 0 0 0 0 ' ,57 ,1 ,1, 1
296 ,278, 290, '236 252 269 271 248 232 224 259 279 241 242 244 262 247 238 240 267 230 273 251 259 257 274 217 253 268 272 267 254 232 252 261 ' ,'0 0 0 0 0 0 0 0 0 0 0 0 0 0 0 0 0 0 0 0 0 0 0 0 0 0 0 0 0 0 0 0 ' ,66 ,2 ,2, 2
298 ,293, 289, '267 258 261 271 220 258 233 257 280 247 273 247 250 257 258 257 270 260 254 277 259 244 246 262 266 281 274 266 222 263 257 254 ' ,'0 0 0 0 0 0 0 0 0 0 0 0 0 0 0 0 0 0 0 0 0 0 0 0 0 0 0 0 0 0 0 0 ' ,64 ,2 ,1, 1
303 ,295, 294, '248 267 279 263 282 262 273 239 279 271 264 276 239 272 250 266 253 276 273 265 287 268 236 257 269 262 257 282 254 280 247 264 ' ,'0 0 0 0 0 0 0 0 0 0 0 0 0 0 0 0 0 0 0 0 0 0 0 0 0 0 0 0 0 0 0 0 ' ,52 ,2 ,2, 2
307 ,307, 298, '229 247 266 257 242 259 266 275 266 255 273 275 279 254 256 263 279 286 268 279 290 259 271 263 239 269 265 287 245 254 280 277 ' ,'0 0 0 0 0 0 0 0 0 0 0 0 0 0 0 0 0 0 0 0 0 0 0 0 0 0 0 0 0 0 0 0 ' ,61 ,2 ,1, 1
300 ,303, 290, '252 222 258 216 255 235 239 229 280 248 243 255 265 247 239 245 230 272 265 264 254 231 258 233 247 231 242 258 258 267 261 255 ' ,'0 0 0 0 0 0 0 0 0 0 0 0 0 0 0 0 0 0 0 0 0 0 0 0 0 0 0 0 0 0 0 0 ' ,68 ,1 ,2, 2
287 ,302, 278, '205 261 226 249 207 221 236 268 252 207 244 227 272 229 224 215 213 231 243 207 238 238 249 227 205 208 252 250 215 236 235 234 ' ,'0 0 0 0 0 0 0 0 0 0 0 0 0 0 0 0 0 0 0 0 0 0 0 0 0 0 0 0 0 0 0 0 ' ,66 ,1 ,1, 1
280 ,284, 271, '227 247 245 227 223 263 242 208 218 235 200 234 222 229 211 232 229 245 239 208 257 237 244 224 243 217 217 241 249 209 203 225 ' ,'0 0 0 0 0 0 0 0 0 0 0 0 0 0 0 0 0 0 0 0 0 0 0 0 0 0 0 0 0 0 0 0 ' ,63 ,2 ,2, 2
299 ,276, 291, '224 249 244 218 228 244 212 242 283 261 220 238 249 216 234 244 216 245 219 246 235 216 266 249 225 222 235 254 236 226 211 238 ' ,'0 0 0 0 0 0 0 0 0 0 0 0 0 0 0 0 0 0 0 0 0 0 0 0 0 0 0 0 0 0 0 0 ' ,74 ,2 ,2, 2
271 ,296, 263, '232 216 224 239 242 229 234 237 228 209 250 222 237 214 230 256 217 228 245 243 220 222 209 211 210 230 244 231 221 233 188 249 ' ,'0 0 0 0 0 0 0 0 0 0 0 0 0 0 0 0 0 0 0 0 0 0 0 0 0 0 0 0 0 0 0 0 ' ,69 ,1 ,1, 1
279 ,268, 270, '231 252 251 234 242 235 223 255 224 232 245 252 237 234 245 247 253 230 254 247 258 240 263 216 247 257 243 250 243 223 238 241 ' ,'0 0 0 0 0 0 0 0 0 0 0 0 0 0 0 0 0 0 0 0 0 0 0 0 0 0 0 0 0 0 0 0 ' ,48 ,1 ,1, 1
268 ,275, 260, '211 249 247 235 241 222 237 214 227 235 240 215 234 223 211 227 233 248 231 243 248 247 247 210 202 231 252 238 225 222 242 226 ' ,'0 0 0 0 0 0 0 0 0 0 0 0 0 0 0 0 0 0 0 0 0 0 0 0 0 0 0 0 0 0 0 0 ' ,51 ,2 ,2, 2
312 ,264, 303, '215 231 240 230 238 230 224 219 238 229 232 220 205 246 242 231 224 249 225 225 229 228 238 244 209 231 224 248 219 233 242 236 ' ,'0 0 0 0 0 0 0 0 0 0 0 0 0 0 0 0 0 0 0 0 0 0 0 0 0 0 0 0 0 0 0 0 ' ,94 ,1 ,1, 1
252 ,308, 241, '204 220 188 185 209 224 191 232 225 224 216 223 195 206 204 207 219 224 233 190 228 208 223 213 209 224 228 212 217 206 207 185 ' ,'0 0 0 0 0 0 0 0 0 0 0 0 0 0 0 0 0 0 0 0 0 0 0 0 0 0 0 0 0 0 0 0 ' ,50 ,1 ,1, 1
254 ,248, 245, '198 228 203 226 221 217 206 201 213 222 216 196 220 236 187 214 222 235 222 208 223 218 227 219 220 209 229 225 204 223 223 220 ' ,'0 0 0 0 0 0 0 0 0 0 0 0 0 0 0 0 0 0 0 0 0 0 0 0 0 0 0 0 0 0 0 0 ' ,52 ,2 ,1, 1
246 ,250, 238, '175 225 227 219 213 212 227 206 227 214 203 223 210 217 208 228 230 223 225 225 206 210 224 207 192 202 224 222 211 226 212 190 ' ,'0 0 0 0 0 0 0 0 0 0 0 0 0 0 0 0 0 0 0 0 0 0 0 0 0 0 0 0 0 0 0 0 ' ,56 ,1 ,1, 1
257 ,243, 248, '189 226 215 206 220 199 192 222 216 182 235 230 230 218 227 194 204 239 213 233 222 200 224 223 193 214 209 214 227 198 236 230 ' ,'0 0 0 0 0 0 0 0 0 0 0 0 0 0 0 0 0 0 0 0 0 0 0 0 0 0 0 0 0 0 0 0 ' ,61 ,2 ,1, 1
250 ,253, 242, '208 195 208 222 230 205 208 204 231 227 216 207 215 200 233 191 191 233 221 203 196 213 229 188 213 210 222 231 228 218 218 231 ' ,'0 0 0 0 0 0 0 0 0 0 0 0 0 0 0 0 0 0 0 0 0 0 0 0 0 0 0 0 0 0 0 0 ' ,49 ,2 ,1, 1
264 ,248, 256, '232 238 235 220 244 203 211 225 232 231 247 232 236 207 226 233 237 238 247 243 220 235 238 195 228 231 236 234 221 244 236 208 ' ,'0 0 0 0 0 0 0 0 0 0 0 0 0 0 0 0 0 0 0 0 0 0 0 0 0 0 0 0 0 0 0 0 ' ,56 ,2 ,1, 1
282 ,260, 274, '224 206 256 258 267 249 243 257 257 245 254 237 241 254 244 257 222 259 227 252 242 235 203 211 235 254 244 263 250 261 261 232 ' ,'0 0 0 0 0 0 0 0 0 0 0 0 0 0 0 0 0 0 0 0 0 0 0 0 0 0 0 0 0 0 0 0 ' ,65 ,1 ,1, 1
290 ,279, 282, '232 246 268 237 243 259 267 258 273 236 262 210 240 266 254 260 267 247 249 244 229 249 219 243 227 240 264 274 259 239 250 260 ' ,'0 0 0 0 0 0 0 0 0 0 0 0 0 0 0 0 0 0 0 0 0 0 0 0 0 0 0 0 0 0 0 0 ' ,65 ,2 ,1, 1
285 ,286, 276, '226 233 207 225 252 199 247 202 263 247 259 221 228 218 260 243 248 254 221 265 237 246 245 270 245 257 255 245 227 262 241 251 ' ,'0 0 0 0 0 0 0 0 0 0 0 0 0 0 0 0 0 0 0 0 0 0 0 0 0 0 0 0 0 0 0 0 ' ,71 ,1 ,1, 1
296 ,281, 288, '230 229 231 250 253 240 267 258 246 250 265 271 263 235 243 242 256 279 277 250 233 268 240 248 246 252 259 237 242 265 261 233 ' ,'0 0 0 0 0 0 0 0 0 0 0 0 0 0 0 0 0 0 0 0 0 0 0 0 0 0 0 0 0 0 0 0 ' ,53 ,2 ,1, 1
302 ,293, 293, '278 285 258 230 245 244 235 234 257 239 258 280 243 284 247 259 257 235 259 273 235 242 240 211 263 252 262 279 248 245 267 267 ' ,'0 0 0 0 0 0 0 0 0 0 0 0 0 0 0 0 0 0 0 0 0 0 0 0 0 0 0 0 0 0 0 0 ' ,76 ,2 ,1, 1
303 ,298, 294, '259 231 279 243 223 266 276 247 285 228 254 258 260 265 247 269 282 282 250 283 268 276 253 259 270 272 256 270 257 250 257 228 ' ,'0 0 0 0 0 0 0 0 0 0 0 0 0 0 0 0 0 0 0 0 0 0 0 0 0 0 0 0 0 0 0 0 ' ,66 ,2 ,1, 1
299 ,299, 291, '253 264 240 258 266 229 251 251 282 265 246 279 223 266 278 247 256 236 239 273 261 270 266 238 267 265 255 240 264 254 260 262 ' ,'0 0 0 0 0 0 0 0 0 0 0 0 0 0 0 0 0 0 0 0 0 0 0 0 0 0 0 0 0 0 0 0 ' ,64 ,2 ,1, 1
299 ,295, 289, '260 257 219 281 237 229 240 258 274 224 272 268 237 272 246 274 277 275 272 256 283 262 258 255 262 279 277 272 245 268 269 265 ' ,'0 0 0 0 0 0 0 0 0 0 0 0 0 0 0 0 0 0 0 0 0 0 0 0 0 0 0 0 0 0 0 0 ' ,61 ,1 ,1, 1
304 ,295, 288, '258 218 259 212 259 257 257 262 264 257 261 240 242 249 274 229 256 270 244 241 254 268 256 208 255 256 274 274 264 270 239 253 ' ,'0 0 0 0 0 0 0 0 0 0 0 0 0 0 0 0 0 0 0 0 0 0 0 0 0 0 0 0 0 0 0 0 ' ,63 ,2 ,1, 1
290 ,296, 282, '245 273 259 247 254 253 246 262 245 240 209 233 260 261 237 261 262 250 256 240 259 257 232 228 219 264 260 270 236 263 257 258 ' ,'0 0 0 0 0 0 0 0 0 0 0 0 0 0 0 0 0 0 0 0 0 0 0 0 0 0 0 0 0 0 0 0 ' ,66 ,2 ,1, 1
258 ,286, 247, '220 242 228 238 226 229 208 226 219 229 236 235 229 213 241 228 229 187 228 241 234 238 228 226 214 224 236 217 204 238 231 214 ' ,'0 0 0 0 0 0 0 0 0 0 0 0 0 0 0 0 0 0 0 0 0 0 0 0 0 0 0 0 0 0 0 0 ' ,53 ,1 ,1, 1
267 ,255, 258, '220 227 223 210 233 213 209 234 243 224 216 231 238 221 249 245 236 239 227 233 214 215 217 205 220 228 236 230 211 235 225 235 ' ,'0 0 0 0 0 0 0 0 0 0 0 0 0 0 0 0 0 0 0 0 0 0 0 0 0 0 0 0 0 0 0 0 ' ,48 ,1 ,1, 1
253 ,262, 245, '212 217 227 188 213 191 207 223 193 219 216 236 217 227 232 222 210 231 213 211 214 215 235 199 207 218 198 223 228 212 217 225 ' ,'0 0 0 0 0 0 0 0 0 0 0 0 0 0 0 0 0 0 0 0 0 0 0 0 0 0 0 0 0 0 0 0 ' ,52 ,2 ,1, 1
251 ,249, 242, '217 222 224 210 232 222 216 210 209 205 212 204 222 196 231 203 234 214 216 227 214 228 202 205 228 204 230 217 212 218 179 215 ' ,'0 0 0 0 0 0 0 0 0 0 0 0 0 0 0 0 0 0 0 0 0 0 0 0 0 0 0 0 0 0 0 0 ' ,56 ,2 ,1, 1
253 ,246, 245, '217 232 228 214 222 218 211 225 218 235 231 231 218 212 198 224 209 228 209 228 221 228 216 195 192 225 211 237 212 211 228 218 ' ,'0 0 0 0 0 0 0 0 0 0 0 0 0 0 0 0 0 0 0 0 0 0 0 0 0 0 0 0 0 0 0 0 ' ,47 ,2 ,1, 0
257 ,250, 248, '234 196 213 233 238 228 204 220 206 211 186 223 217 239 231 240 221 239 212 225 215 220 223 217 200 192 238 215 201 234 230 197 ' ,'0 0 0 0 0 0 0 0 0 0 0 0 0 0 0 0 0 0 0 0 0 0 0 0 0 0 0 0 0 0 0 0 ' ,56 ,2 ,1, 1
260 ,253, 251, '233 227 223 213 220 216 214 211 228 217 230 210 197 242 220 242 221 205 220 232 215 217 235 237 211 221 222 205 187 229 227 229 ' ,'0 0 0 0 0 0 0 0 0 0 0 0 0 0 0 0 0 0 0 0 0 0 0 0 0 0 0 0 0 0 0 0 ' ,58 ,2 ,1, 1
258 ,256, 248, '211 231 226 212 243 212 238 237 230 237 202 209 232 215 224 219 224 229 224 229 239 220 233 217 180 216 207 211 197 209 211 204 ' ,'0 0 0 0 0 0 0 0 0 0 0 0 0 0 0 0 0 0 0 0 0 0 0 0 0 0 0 0 0 0 0 0 ' ,63 ,2 ,1, 1
270 ,255, 261, '247 238 239 242 211 225 235 244 251 235 245 218 226 214 253 216 243 229 228 244 220 191 228 237 213 215 233 222 242 213 237 212 ' ,'0 0 0 0 0 0 0 0 0 0 0 0 0 0 0 0 0 0 0 0 0 0 0 0 0 0 0 0 0 0 0 0 ' ,64 ,2 ,2, 1
290 ,265, 281, '269 253 251 257 238 257 263 241 260 264 266 225 265 250 274 258 253 267 255 253 249 259 253 248 239 245 267 248 219 265 220 238 ' ,'0 0 0 0 0 0 0 0 0 0 0 0 0 0 0 0 0 0 0 0 0 0 0 0 0 0 0 0 0 0 0 0 ' ,56 ,2 ,1, 1
293 ,286, 284, '248 224 263 257 269 250 239 278 261 233 268 259 268 247 274 239 261 267 273 254 270 262 263 238 244 263 183 268 234 232 244 266 ' ,'0 0 0 0 0 0 0 0 0 0 0 0 0 0 0 0 0 0 0 0 0 0 0 0 0 0 0 0 0 0 0 0 ' ,94 ,2 ,1, 1
305 ,289, 295, '272 253 265 270 272 245 235 273 287 250 245 247 272 260 272 257 239 265 265 275 272 262 286 231 257 255 223 243 235 192 259 269 ' ,'0 0 0 0 0 0 0 0 0 0 0 0 0 0 0 0 0 0 0 0 0 0 0 0 0 0 0 0 0 0 0 0 ' ,97 ,2 ,1, 1
295 ,301, 286, '260 213 267 257 268 258 234 273 237 241 255 206 260 233 267 279 243 256 232 243 247 272 259 240 249 268 239 258 256 222 229 256 ' ,'0 0 0 0 0 0 0 0 0 0 0 0 0 0 0 0 0 0 0 0 0 0 0 0 0 0 0 0 0 0 0 0 ' ,74 ,2 ,1, 1
285 ,290, 276, '241 235 253 232 247 252 246 248 236 246 245 223 258 224 256 245 228 245 240 247 244 224 269 242 243 244 187 253 228 218 236 222 ' ,'0 0 0 0 0 0 0 0 0 0 0 0 0 0 0 0 0 0 0 0 0 0 0 0 0 0 0 0 0 0 0 0 ' ,83 ,2 ,1, 1
259 ,280, 251, '233 223 224 221 219 238 202 236 243 232 222 218 234 210 227 222 223 233 238 230 232 226 239 236 203 223 204 226 226 216 234 211 ' ,'0 0 0 0 0 0 0 0 0 0 0 0 0 0 0 0 0 0 0 0 0 0 0 0 0 0 0 0 0 0 0 0 ' ,42 ,2 ,1, 1
249 ,255, 240, '224 227 223 218 216 216 217 225 225 207 211 212 234 224 214 228 222 227 224 225 231 213 210 226 231 230 219 221 226 219 208 230 ' ,'0 0 0 0 0 0 0 0 0 0 0 0 0 0 0 0 0 0 0 0 0 0 0 0 0 0 0 0 0 0 0 0 ' ,28 ,2 ,1, 1
255 ,247, 247, '231 228 229 233 223 222 226 202 227 235 222 228 241 219 217 239 233 215 201 222 235 230 224 208 226 223 212 205 205 183 221 202 ' ,'0 0 0 0 0 0 0 0 0 0 0 0 0 0 0 0 0 0 0 0 0 0 0 0 0 0 0 0 0 0 0 0 ' ,58 ,2 ,1, 1
258 ,254, 248, '238 231 209 220 232 236 228 219 210 232 234 230 235 198 235 241 219 236 229 234 220 231 207 217 233 219 204 224 208 228 201 215 ' ,'0 0 0 0 0 0 0 0 0 0 0 0 0 0 0 0 0 0 0 0 0 0 0 0 0 0 0 0 0 0 0 0 ' ,43 ,2 ,1, 1
263 ,253, 248, '210 226 191 234 233 211 219 219 228 223 200 219 241 223 231 241 228 223 226 233 198 217 224 239 216 223 227 220 204 220 229 220 ' ,'0 0 0 0 0 0 0 0 0 0 0 0 0 0 0 0 0 0 0 0 0 0 0 0 0 0 0 0 0 0 0 0 ' ,50 ,2 ,1, 1
262 ,256, 254, '233 233 207 190 218 188 215 200 226 220 174 231 222 216 244 241 199 230 202 228 209 200 218 232 225 225 228 225 223 229 227 218 ' ,'0 0 0 0 0 0 0 0 0 0 0 0 0 0 0 0 0 0 0 0 0 0 0 0 0 0 0 0 0 0 0 0 ' ,71 ,2 ,1, 1
261 ,258, 252, '236 179 212 213 203 234 207 235 216 211 191 224 238 220 244 222 212 237 225 215 219 222 231 178 196 229 221 213 211 228 215 205 ' ,'0 0 0 0 0 0 0 0 0 0 0 0 0 0 0 0 0 0 0 0 0 0 0 0 0 0 0 0 0 0 0 0 ' ,69 ,2 ,1, 1
258 ,256, 249, '210 206 218 211 242 216 225 192 193 203 237 190 228 226 219 180 207 212 195 238 230 209 225 208 226 221 208 196 198 221 211 203 ' ,'0 0 0 0 0 0 0 0 0 0 0 0 0 0 0 0 0 0 0 0 0 0 0 0 0 0 0 0 0 0 0 0 ' ,65 ,2 ,1, 1
261 ,254, 253, '229 197 230 219 188 209 244 239 220 226 201 202 210 232 232 230 215 227 226 184 230 217 212 177 212 213 213 209 213 206 211 182 ' ,'0 0 0 0 0 0 0 0 0 0 0 0 0 0 0 0 0 0 0 0 0 0 0 0 0 0 0 0 0 0 0 0 ' ,70 ,3 ,1, 1
267 ,256, 258, '209 239 216 237 207 223 226 239 242 235 240 249 221 236 227 246 225 226 243 228 239 201 232 197 205 243 241 242 233 228 196 225 ' ,'0 0 0 0 0 0 0 0 0 0 0 0 0 0 0 0 0 0 0 0 0 0 0 0 0 0 0 0 0 0 0 0 ' ,56 ,2 ,1, 1
282 ,262, 273, '242 236 239 258 262 240 224 236 246 260 249 236 259 235 249 248 236 264 249 249 247 234 245 235 220 252 259 252 245 259 230 238 ' ,'0 0 0 0 0 0 0 0 0 0 0 0 0 0 0 0 0 0 0 0 0 0 0 0 0 0 0 0 0 0 0 0 ' ,47 ,2 ,1, 1
295 ,277, 285, '226 243 267 275 231 239 243 260 270 263 271 190 253 260 218 263 260 251 261 263 270 275 267 214 262 243 267 275 249 262 233 210 ' ,'0 0 0 0 0 0 0 0 0 0 0 0 0 0 0 0 0 0 0 0 0 0 0 0 0 0 0 0 0 0 0 0 ' ,90 ,2 ,2, 2
310 ,291, 301, '261 226 278 292 263 238 243 276 292 271 260 264 279 258 264 253 246 267 267 267 275 279 274 238 243 244 216 286 241 270 271 266 ' ,'0 0 0 0 0 0 0 0 0 0 0 0 0 0 0 0 0 0 0 0 0 0 0 0 0 0 0 0 0 0 0 0 ' ,79 ,2 ,1, 1
317 ,307, 305, '241 271 270 259 255 249 243 275 295 276 274 253 285 266 282 273 264 262 285 278 239 259 286 260 260 260 238 260 254 237 271 232 ' ,'0 0 0 0 0 0 0 0 0 0 0 0 0 0 0 0 0 0 0 0 0 0 0 0 0 0 0 0 0 0 0 0 ' ,66 ,2 ,2, 2
291 ,310, 282, '195 253 267 239 235 270 244 267 263 251 229 183 246 220 270 271 258 266 246 263 225 257 247 203 228 233 250 237 263 225 239 267 ' ,'0 0 0 0 0 0 0 0 0 0 0 0 0 0 0 0 0 0 0 0 0 0 0 0 0 0 0 0 0 0 0 0 ' ,89 ,2 ,1, 1
272 ,286, 263, '230 245 249 177 245 253 215 251 237 220 242 229 229 178 241 254 226 235 247 245 223 251 232 233 196 234 254 202 253 214 245 235 ' ,'0 0 0 0 0 0 0 0 0 0 0 0 0 0 0 0 0 0 0 0 0 0 0 0 0 0 0 0 0 0 0 0 ' ,81 ,3 ,1, 1
258 ,267, 249, '221 228 229 194 223 208 234 239 236 207 218 226 215 215 242 215 222 209 237 234 187 224 186 192 207 222 192 224 225 227 221 237 ' ,'0 0 0 0 0 0 0 0 0 0 0 0 0 0 0 0 0 0 0 0 0 0 0 0 0 0 0 0 0 0 0 0 ' ,58 ,3 ,1, 1
259 ,254, 250, '196 208 228 199 231 205 193 236 218 211 212 182 205 236 218 202 210 223 196 212 183 220 203 187 215 201 208 213 231 196 204 243 ' ,'0 0 0 0 0 0 0 0 0 0 0 0 0 0 0 0 0 0 0 0 0 0 0 0 0 0 0 0 0 0 0 0 ' ,64 ,3 ,1, 1
248 ,255, 240, '211 216 195 201 211 191 207 210 228 204 199 184 197 186 203 186 213 188 202 195 203 199 206 203 178 209 187 171 208 208 199 206 ' ,'0 0 0 0 0 0 0 0 0 0 0 0 0 0 0 0 0 0 0 0 0 0 0 0 0 0 0 0 0 0 0 0 ' ,62 ,6 ,1, 1
245 ,244, 236, '203 220 222 205 196 224 173 188 178 198 201 218 222 194 221 217 190 227 209 191 203 207 208 199 213 202 178 198 205 196 209 189 ' ,'0 0 0 0 0 0 0 0 0 0 0 0 0 0 0 0 0 0 0 0 0 0 0 0 0 0 0 0 0 0 0 0 ' ,57 ,3 ,1, 1
297 ,241, 289, '225 219 225 226 224 197 232 218 227 233 228 220 220 198 224 236 217 221 208 197 195 218 216 195 226 232 215 224 220 212 199 190 ' ,'0 0 0 0 0 0 0 0 0 0 0 0 0 0 0 0 0 0 0 0 0 0 0 0 0 0 0 0 0 0 0 0 ' ,92 ,2 ,1, 1
258 ,294, 249, '213 221 217 232 240 233 231 224 225 232 221 217 238 227 206 234 217 236 217 210 222 229 234 185 214 212 236 215 208 220 230 218 ' ,'0 0 0 0 0 0 0 0 0 0 0 0 0 0 0 0 0 0 0 0 0 0 0 0 0 0 0 0 0 0 0 0 ' ,58 ,3 ,1, 1
260 ,254, 250, '210 233 211 204 221 216 219 207 218 224 227 224 237 240 219 227 200 218 228 211 193 192 206 210 178 215 237 232 228 229 201 182 ' ,'0 0 0 0 0 0 0 0 0 0 0 0 0 0 0 0 0 0 0 0 0 0 0 0 0 0 0 0 0 0 0 0 ' ,66 ,3 ,1, 1
259 ,256, 250, '191 191 203 223 196 213 224 224 199 193 217 206 208 218 219 231 184 241 212 194 191 208 218 220 202 207 203 218 210 210 229 178 ' ,'0 0 0 0 0 0 0 0 0 0 0 0 0 0 0 0 0 0 0 0 0 0 0 0 0 0 0 0 0 0 0 0 ' ,65 ,2 ,1, 1
262 ,256, 254, '210 226 237 191 230 235 220 226 239 227 216 233 244 223 242 227 233 242 202 237 232 218 224 231 185 206 221 225 232 230 221 212 ' ,'0 0 0 0 0 0 0 0 0 0 0 0 0 0 0 0 0 0 0 0 0 0 0 0 0 0 0 0 0 0 0 0 ' ,63 ,3 ,1, 1
274 ,259, 267, '217 253 246 256 257 230 255 257 219 251 240 246 246 218 244 235 243 257 229 249 213 241 235 235 205 255 246 247 253 236 243 246 ' ,'0 0 0 0 0 0 0 0 0 0 0 0 0 0 0 0 0 0 0 0 0 0 0 0 0 0 0 0 0 0 0 0 ' ,55 ,2 ,1, 1
299 ,271, 291, '218 222 251 269 243 251 239 274 281 241 255 239 242 247 255 266 257 279 252 249 224 206 269 253 259 256 270 281 254 271 249 243 ' ,'0 0 0 0 0 0 0 0 0 0 0 0 0 0 0 0 0 0 0 0 0 0 0 0 0 0 0 0 0 0 0 0 ' ,80 ,3 ,1, 1
309 ,299, 301, '247 238 260 249 235 236 277 264 248 260 265 198 269 279 254 277 250 249 228 232 283 234 262 226 234 281 254 290 255 278 255 253 ' ,'0 0 0 0 0 0 0 0 0 0 0 0 0 0 0 0 0 0 0 0 0 0 0 0 0 0 0 0 0 0 0 0 ' ,94 ,3 ,1, 1
309 ,305, 300, '262 240 273 232 239 252 235 282 289 251 285 239 265 265 265 262 275 277 291 282 242 263 252 288 256 218 233 291 249 227 216 272 ' ,'0 0 0 0 0 0 0 0 0 0 0 0 0 0 0 0 0 0 0 0 0 0 0 0 0 0 0 0 0 0 0 0 ' ,78 ,3 ,1, 1
310 ,305, 302, '260 276 283 281 247 269 281 273 242 263 257 265 282 257 264 270 285 293 273 223 279 258 274 246 275 278 255 258 253 283 269 251 ' ,'0 0 0 0 0 0 0 0 0 0 0 0 0 0 0 0 0 0 0 0 0 0 0 0 0 0 0 0 0 0 0 0 ' ,73 ,2 ,2, 2
302 ,308, 294, '270 244 251 266 279 264 230 235 285 225 285 275 268 265 270 283 238 272 281 283 253 285 255 267 262 282 278 267 247 258 271 264 ' ,'0 0 0 0 0 0 0 0 0 0 0 0 0 0 0 0 0 0 0 0 0 0 0 0 0 0 0 0 0 0 0 0 ' ,64 ,2 ,1, 1
299 ,299, 291, '270 242 263 260 263 241 237 259 282 247 259 257 272 268 264 273 252 262 277 274 233 261 204 275 270 269 271 269 272 236 269 251 ' ,'0 0 0 0 0 0 0 0 0 0 0 0 0 0 0 0 0 0 0 0 0 0 0 0 0 0 0 0 0 0 0 0 ' ,81 ,1 ,1, 1
297 ,295, 290, '223 212 249 270 252 251 261 227 264 274 251 252 258 220 256 259 261 243 269 255 268 278 240 260 257 278 224 282 273 248 242 262 ' ,'0 0 0 0 0 0 0 0 0 0 0 0 0 0 0 0 0 0 0 0 0 0 0 0 0 0 0 0 0 0 0 0 ' ,72 ,1 ,1, 1
298 ,296, 289, '224 222 239 229 226 219 231 248 281 241 231 249 250 240 252 268 242 269 280 268 247 246 195 241 259 239 223 248 255 243 234 241 ' ,'0 0 0 0 0 0 0 0 0 0 0 0 0 0 0 0 0 0 0 0 0 0 0 0 0 0 0 0 0 0 0 0 ' ,89 ,1 ,1, 1
281 ,296, 273, '260 235 259 224 210 235 226 228 247 222 247 238 202 228 225 254 223 260 254 251 256 237 229 243 240 265 231 260 235 244 251 254 ' ,'0 0 0 0 0 0 0 0 0 0 0 0 0 0 0 0 0 0 0 0 0 0 0 0 0 0 0 0 0 0 0 0 ' ,68 ,1 ,1, 1
270 ,278, 263, '247 250 254 224 237 246 213 223 255 235 241 216 245 236 240 234 223 224 249 237 207 249 252 235 227 217 253 237 208 207 192 237 ' ,'0 0 0 0 0 0 0 0 0 0 0 0 0 0 0 0 0 0 0 0 0 0 0 0 0 0 0 0 0 0 0 0 ' ,66 ,1 ,1, 1
262 ,268, 256, '211 248 204 213 222 230 227 213 220 174 227 238 231 199 239 232 158 242 230 209 205 223 224 184 190 218 234 247 200 205 208 209 ' ,'0 0 0 0 0 0 0 0 0 0 0 0 0 0 0 0 0 0 0 0 0 0 0 0 0 0 0 0 0 0 0 0 ' ,91 ,1 ,1, 1
253 ,263, 246, '208 205 169 225 183 231 221 199 215 185 199 182 201 226 233 191 238 205 220 235 201 206 218 213 207 196 207 197 216 198 197 185 ' ,'0 0 0 0 0 0 0 0 0 0 0 0 0 0 0 0 0 0 0 0 0 0 0 0 0 0 0 0 0 0 0 0 ' ,72 ,2 ,1, 1
252 ,251, 245, '193 194 213 226 199 237 213 226 211 213 223 216 227 221 216 210 188 206 220 217 206 201 229 191 200 172 215 220 216 207 205 205 ' ,'0 0 0 0 0 0 0 0 0 0 0 0 0 0 0 0 0 0 0 0 0 0 0 0 0 0 0 0 0 0 0 0 ' ,65 ,1 ,1, 1
266 ,251, 255, '208 173 199 238 203 236 213 186 225 183 227 206 204 213 234 202 190 247 215 220 232 198 198 242 209 202 213 194 209 217 186 207 ' ,'0 0 0 0 0 0 0 0 0 0 0 0 0 0 0 0 0 0 0 0 0 0 0 0 0 0 0 0 0 0 0 0 ' ,77 ,1 ,1, 1
261 ,260, 252, '215 205 224 228 225 209 221 219 230 222 216 229 229 213 239 218 193 246 218 207 200 230 216 194 191 227 234 205 221 201 215 227 ' ,'0 0 0 0 0 0 0 0 0 0 0 0 0 0 0 0 0 0 0 0 0 0 0 0 0 0 0 0 0 0 0 0 ' ,57 ,1 ,1, 1
261 ,257, 253, '222 222 229 235 211 222 236 215 220 218 237 213 236 227 234 199 216 246 240 217 229 235 212 214 222 231 197 224 228 222 173 236 ' ,'0 0 0 0 0 0 0 0 0 0 0 0 0 0 0 0 0 0 0 0 0 0 0 0 0 0 0 0 0 0 0 0 ' ,75 ,1 ,2, 2
484 ,258, 475, '233 222 232 211 233 231 218 213 218 201 218 212 207 212 207 212 235 229 215 228 230 215 228 176 187 217 199 230 210 229 204 209 ' ,'0 0 0 0 0 0 0 0 0 0 0 0 0 0 0 0 0 0 0 0 0 0 0 0 0 0 0 0 0 0 0 0 ' ,292 ,1 ,0, 0
263 ,481, 255, '212 223 224 198 241 218 236 238 232 206 235 221 223 192 249 230 212 211 201 238 193 222 213 201 216 209 192 210 222 218 198 208 ' ,'0 0 0 0 0 0 0 0 0 0 0 0 0 0 0 0 0 0 0 0 0 0 0 0 0 0 0 0 0 0 0 0 ' ,57 ,2 ,1, 1
266 ,262, 257, '208 222 221 225 218 205 240 208 216 222 192 236 179 246 229 232 236 236 242 223 231 220 235 194 224 199 200 249 220 182 219 225 ' ,'0 0 0 0 0 0 0 0 0 0 0 0 0 0 0 0 0 0 0 0 0 0 0 0 0 0 0 0 0 0 0 0 ' ,74 ,1 ,1, 1
269 ,264, 261, '210 213 239 245 237 231 214 246 211 229 222 248 228 242 254 204 230 247 216 236 230 222 246 201 240 216 231 254 199 213 231 221 ' ,'0 0 0 0 0 0 0 0 0 0 0 0 0 0 0 0 0 0 0 0 0 0 0 0 0 0 0 0 0 0 0 0 ' ,58 ,2 ,1, 1
283 ,267, 270, '232 237 248 264 228 229 259 229 246 250 252 253 250 256 264 249 241 245 250 250 234 245 242 203 238 220 219 248 224 248 241 223 ' ,'0 0 0 0 0 0 0 0 0 0 0 0 0 0 0 0 0 0 0 0 0 0 0 0 0 0 0 0 0 0 0 0 ' ,63 ,2 ,1, 1
300 ,278, 292, '211 232 263 257 265 229 246 263 266 274 266 236 247 276 260 252 265 285 272 266 270 252 240 233 251 254 265 274 257 262 246 254 ' ,'0 0 0 0 0 0 0 0 0 0 0 0 0 0 0 0 0 0 0 0 0 0 0 0 0 0 0 0 0 0 0 0 ' ,72 ,1 ,1, 1
304 ,301, 296, '277 230 270 269 237 236 234 271 277 288 262 228 272 257 266 215 274 276 261 234 283 263 279 239 274 249 231 285 261 258 259 253 ' ,'0 0 0 0 0 0 0 0 0 0 0 0 0 0 0 0 0 0 0 0 0 0 0 0 0 0 0 0 0 0 0 0 ' ,75 ,2 ,2, 2
316 ,300, 308, '271 243 276 295 270 277 244 260 275 268 265 256 258 209 253 261 262 299 281 275 230 282 250 244 221 239 235 271 223 243 260 258 ' ,'0 0 0 0 0 0 0 0 0 0 0 0 0 0 0 0 0 0 0 0 0 0 0 0 0 0 0 0 0 0 0 0 ' ,91 ,1 ,2, 2
290 ,311, 280, '265 261 241 273 238 255 256 257 271 245 225 234 259 218 265 258 252 246 267 232 218 267 240 259 235 272 220 250 246 242 207 256 ' ,'0 0 0 0 0 0 0 0 0 0 0 0 0 0 0 0 0 0 0 0 0 0 0 0 0 0 0 0 0 0 0 0 ' ,67 ,1 ,1, 1
295 ,285, 285, '245 231 241 253 210 266 226 248 276 255 239 233 238 246 245 258 225 233 249 239 232 241 243 243 212 231 225 232 236 262 233 226 ' ,'0 0 0 0 0 0 0 0 0 0 0 0 0 0 0 0 0 0 0 0 0 0 0 0 0 0 0 0 0 0 0 0 ' ,69 ,2 ,1, 1
289 ,290, 281, '235 213 239 244 219 251 243 248 273 206 231 264 225 206 256 243 244 239 267 233 233 236 231 224 211 230 232 217 234 246 204 234 ' ,'0 0 0 0 0 0 0 0 0 0 0 0 0 0 0 0 0 0 0 0 0 0 0 0 0 0 0 0 0 0 0 0 ' ,71 ,2 ,1, 1
281 ,286, 269, '235 232 235 240 221 241 220 248 261 222 246 246 237 226 229 237 239 230 213 203 211 244 192 228 185 181 237 211 224 203 227 233 ' ,'0 0 0 0 0 0 0 0 0 0 0 0 0 0 0 0 0 0 0 0 0 0 0 0 0 0 0 0 0 0 0 0 ' ,81 ,1 ,1, 1
264 ,275, 256, '234 222 234 249 215 213 220 215 236 202 236 244 240 238 219 229 238 191 233 207 192 218 209 243 228 186 207 231 199 225 205 199 ' ,'0 0 0 0 0 0 0 0 0 0 0 0 0 0 0 0 0 0 0 0 0 0 0 0 0 0 0 0 0 0 0 0 ' ,63 ,1 ,1, 1
443 ,260, 435, '207 218 226 225 206 226 225 222 224 222 225 211 225 231 214 222 251 237 253 208 205 202 231 226 200 240 222 242 197 211 240 211 ' ,'0 0 0 0 0 0 0 0 0 0 0 0 0 0 0 0 0 0 0 0 0 0 0 0 0 0 0 0 0 0 0 0 ' ,232 ,1 ,1, 1
254 ,439, 246, '209 175 176 177 194 206 227 214 229 210 212 235 203 197 196 234 223 214 213 205 195 199 203 213 238 217 190 216 156 211 228 187 ' ,'0 0 0 0 0 0 0 0 0 0 0 0 0 0 0 0 0 0 0 0 0 0 0 0 0 0 0 0 0 0 0 0 ' ,85 ,2 ,1, 1
259 ,251, 249, '208 226 214 182 197 213 219 226 225 191 194 231 234 220 243 226 224 222 221 233 182 210 200 225 219 219 228 230 228 233 215 209 ' ,'0 0 0 0 0 0 0 0 0 0 0 0 0 0 0 0 0 0 0 0 0 0 0 0 0 0 0 0 0 0 0 0 ' ,63 ,2 ,1, 1
261 ,254, 250, '217 208 217 216 192 211 219 157 232 231 235 234 235 246 219 221 220 210 238 220 197 224 224 209 204 213 206 236 229 214 216 222 ' ,'0 0 0 0 0 0 0 0 0 0 0 0 0 0 0 0 0 0 0 0 0 0 0 0 0 0 0 0 0 0 0 0 ' ,88 ,1 ,1, 1
269 ,260, 261, '195 190 223 230 230 205 209 221 236 197 253 223 241 220 238 236 204 198 226 202 211 224 208 209 233 225 211 232 213 233 234 236 ' ,'0 0 0 0 0 0 0 0 0 0 0 0 0 0 0 0 0 0 0 0 0 0 0 0 0 0 0 0 0 0 0 0 ' ,65 ,2 ,1, 1
285 ,266, 277, '242 248 253 232 241 234 260 235 224 253 268 249 218 248 219 229 241 256 241 250 240 236 247 223 211 243 230 260 243 250 220 231 ' ,'0 0 0 0 0 0 0 0 0 0 0 0 0 0 0 0 0 0 0 0 0 0 0 0 0 0 0 0 0 0 0 0 ' ,59 ,2 ,1, 1
299 ,281, 290, '238 250 262 245 241 206 240 263 280 246 262 263 271 263 234 226 261 258 274 252 255 260 236 222 204 237 232 267 236 275 217 230 ' ,'0 0 0 0 0 0 0 0 0 0 0 0 0 0 0 0 0 0 0 0 0 0 0 0 0 0 0 0 0 0 0 0 ' ,79 ,2 ,1, 1
302 ,295, 293, '258 233 254 255 257 268 243 269 258 250 263 281 277 240 267 261 262 284 282 248 214 271 251 254 226 248 187 261 235 250 248 254 ' ,'0 0 0 0 0 0 0 0 0 0 0 0 0 0 0 0 0 0 0 0 0 0 0 0 0 0 0 0 0 0 0 0 ' ,99 ,2 ,1, 1
326 ,300, 318, '265 285 245 283 241 251 260 280 285 234 284 222 265 263 278 278 288 280 290 266 250 283 267 286 261 289 285 309 232 270 259 272 ' ,'0 0 0 0 0 0 0 0 0 0 0 0 0 0 0 0 0 0 0 0 0 0 0 0 0 0 0 0 0 0 0 0 ' ,89 ,2 ,1, 1
312 ,322, 302, '258 280 270 292 242 268 246 258 274 261 271 259 264 230 259 286 272 279 264 278 261 273 283 272 275 275 259 291 269 258 259 281 ' ,'0 0 0 0 0 0 0 0 0 0 0 0 0 0 0 0 0 0 0 0 0 0 0 0 0 0 0 0 0 0 0 0 ' ,66 ,1 ,1, 1
345 ,307, 337, '239 266 233 258 249 270 262 268 297 261 275 247 243 229 258 264 266 279 260 265 253 278 276 233 245 268 244 251 238 226 268 266 ' ,'0 0 0 0 0 0 0 0 0 0 0 0 0 0 0 0 0 0 0 0 0 0 0 0 0 0 0 0 0 0 0 0 ' ,104 ,2 ,1, 1
302 ,341, 294, '242 232 268 287 223 261 262 237 258 282 263 227 263 273 229 265 265 253 264 276 267 226 280 245 259 265 247 275 235 252 251 240 ' ,'0 0 0 0 0 0 0 0 0 0 0 0 0 0 0 0 0 0 0 0 0 0 0 0 0 0 0 0 0 0 0 0 ' ,65 ,2 ,1, 1
292 ,299, 283, '237 245 276 247 194 221 259 234 256 262 226 216 228 255 236 222 253 257 252 201 241 269 218 249 239 222 235 262 211 261 260 246 ' ,'0 0 0 0 0 0 0 0 0 0 0 0 0 0 0 0 0 0 0 0 0 0 0 0 0 0 0 0 0 0 0 0 ' ,84 ,2 ,1, 1
286 ,288, 278, '217 241 222 243 218 206 226 217 269 239 225 215 236 230 231 262 260 262 233 216 226 229 235 233 267 200 238 209 231 237 257 235 ' ,'0 0 0 0 0 0 0 0 0 0 0 0 0 0 0 0 0 0 0 0 0 0 0 0 0 0 0 0 0 0 0 0 ' ,71 ,2 ,1, 1
271 ,281, 262, '209 223 226 214 226 218 212 223 245 235 183 206 208 225 219 250 241 247 241 214 203 199 201 241 216 230 235 255 192 212 254 230 ' ,'0 0 0 0 0 0 0 0 0 0 0 0 0 0 0 0 0 0 0 0 0 0 0 0 0 0 0 0 0 0 0 0 ' ,73 ,2 ,1, 1
476 ,267, 469, '235 191 234 217 198 205 226 213 168 222 233 223 208 209 215 222 242 243 190 228 218 228 221 222 214 232 228 235 212 228 227 224 ' ,'0 0 0 0 0 0 0 0 0 0 0 0 0 0 0 0 0 0 0 0 0 0 0 0 0 0 0 0 0 0 0 0 ' ,293 ,2 ,2, 2
268 ,473, 258, '210 226 209 242 213 228 230 236 219 222 239 215 218 211 246 242 207 249 224 212 234 234 230 225 195 241 227 209 225 241 226 221 ' ,'0 0 0 0 0 0 0 0 0 0 0 0 0 0 0 0 0 0 0 0 0 0 0 0 0 0 0 0 0 0 0 0 ' ,56 ,2 ,1, 1
265 ,264, 257, '223 230 191 204 209 230 248 211 243 220 224 223 218 223 213 232 210 249 227 234 239 206 214 241 217 222 202 239 213 226 196 203 ' ,'0 0 0 0 0 0 0 0 0 0 0 0 0 0 0 0 0 0 0 0 0 0 0 0 0 0 0 0 0 0 0 0 ' ,60 ,2 ,1, 1
275 ,264, 266, '201 238 227 220 216 199 220 219 245 252 219 257 250 213 226 241 244 256 230 229 248 231 242 247 186 203 212 244 204 250 220 221 ' ,'0 0 0 0 0 0 0 0 0 0 0 0 0 0 0 0 0 0 0 0 0 0 0 0 0 0 0 0 0 0 0 0 ' ,74 ,1 ,1, 1
291 ,271, 281, '212 245 222 239 255 237 228 248 237 222 261 249 234 273 221 239 234 260 253 235 227 245 253 247 247 252 232 245 231 243 239 243 ' ,'0 0 0 0 0 0 0 0 0 0 0 0 0 0 0 0 0 0 0 0 0 0 0 0 0 0 0 0 0 0 0 0 ' ,62 ,2 ,1, 1
291 ,287, 283, '252 225 232 264 260 247 233 234 228 267 270 248 267 246 259 262 235 274 246 249 261 243 250 239 228 261 225 258 210 221 243 242 ' ,'0 0 0 0 0 0 0 0 0 0 0 0 0 0 0 0 0 0 0 0 0 0 0 0 0 0 0 0 0 0 0 0 ' ,66 ,2 ,1, 1
291 ,288, 283, '254 243 264 265 218 227 269 251 268 210 265 262 270 241 250 258 231 274 261 258 227 263 264 254 245 264 238 243 238 223 243 263 ' ,'0 0 0 0 0 0 0 0 0 0 0 0 0 0 0 0 0 0 0 0 0 0 0 0 0 0 0 0 0 0 0 0 ' ,67 ,2 ,1, 1
306 ,287, 298, '238 263 253 230 237 237 260 233 284 285 280 245 260 279 290 232 265 289 250 258 275 268 267 254 275 272 239 261 217 210 269 276 ' ,'0 0 0 0 0 0 0 0 0 0 0 0 0 0 0 0 0 0 0 0 0 0 0 0 0 0 0 0 0 0 0 0 ' ,82 ,2 ,2, 1
523 ,303, 514, '249 272 254 236 268 236 270 258 292 260 287 264 270 262 275 253 261 270 256 269 284 277 279 272 252 259 279 255 250 258 276 259 ' ,'0 0 0 0 0 0 0 0 0 0 0 0 0 0 0 0 0 0 0 0 0 0 0 0 0 0 0 0 0 0 0 0 ' ,272 ,2 ,2, 2
309 ,519, 298, '258 273 271 226 203 271 277 247 242 280 273 253 256 232 228 273 248 290 287 278 231 278 251 222 247 245 264 256 252 260 262 251 ' ,'0 0 0 0 0 0 0 0 0 0 0 0 0 0 0 0 0 0 0 0 0 0 0 0 0 0 0 0 0 0 0 0 ' ,90 ,2 ,1, 1
294 ,304, 285, '253 253 232 248 212 223 253 241 247 246 221 254 255 240 245 257 220 274 240 239 259 260 269 221 230 225 262 242 254 240 242 234 ' ,'0 0 0 0 0 0 0 0 0 0 0 0 0 0 0 0 0 0 0 0 0 0 0 0 0 0 0 0 0 0 0 0 ' ,66 ,2 ,1, 1
277 ,289, 267, '232 203 214 230 229 221 220 217 231 211 243 244 228 225 203 245 228 245 234 214 210 242 257 221 197 201 221 228 242 242 237 219 ' ,'0 0 0 0 0 0 0 0 0 0 0 0 0 0 0 0 0 0 0 0 0 0 0 0 0 0 0 0 0 0 0 0 ' ,64 ,2 ,1, 1
269 ,273, 259, '212 220 228 219 192 213 231 208 233 234 229 207 202 230 210 208 240 250 219 228 199 235 216 204 197 227 200 233 202 240 230 223 ' ,'0 0 0 0 0 0 0 0 0 0 0 0 0 0 0 0 0 0 0 0 0 0 0 0 0 0 0 0 0 0 0 0 ' ,61 ,2 ,0, 0
274 ,265, 265, '238 231 226 222 232 200 248 228 249 227 232 221 228 245 200 234 232 257 240 239 213 225 245 211 223 218 226 206 212 231 230 196 ' ,'0 0 0 0 0 0 0 0 0 0 0 0 0 0 0 0 0 0 0 0 0 0 0 0 0 0 0 0 0 0 0 0 ' ,63 ,2 ,1, 1
268 ,270, 259, '227 239 220 229 195 234 214 244 249 224 232 186 238 246 227 232 246 251 226 223 210 212 227 236 212 244 221 235 243 236 219 225 ' ,'0 0 0 0 0 0 0 0 0 0 0 0 0 0 0 0 0 0 0 0 0 0 0 0 0 0 0 0 0 0 0 0 ' ,66 ,3 ,0, 0
271 ,266, 263, '216 207 224 233 233 201 226 215 239 242 246 222 226 240 223 214 233 254 216 212 242 223 249 192 200 205 202 226 228 245 211 229 ' ,'0 0 0 0 0 0 0 0 0 0 0 0 0 0 0 0 0 0 0 0 0 0 0 0 0 0 0 0 0 0 0 0 ' ,65 ,2 ,1, 1
280 ,267, 273, '179 228 239 224 204 196 209 222 228 206 234 197 219 264 241 235 244 236 224 220 220 215 198 231 198 220 205 221 215 209 201 205 ' ,'0 0 0 0 0 0 0 0 0 0 0 0 0 0 0 0 0 0 0 0 0 0 0 0 0 0 0 0 0 0 0 0 ' ,86 ,2 ,1, 1
276 ,277, 267, '226 222 246 241 205 220 246 231 254 255 213 237 244 215 244 236 243 253 253 245 203 251 238 178 216 240 187 240 215 250 236 232 ' ,'0 0 0 0 0 0 0 0 0 0 0 0 0 0 0 0 0 0 0 0 0 0 0 0 0 0 0 0 0 0 0 0 ' ,83 ,3 ,1, 1
296 ,272, 284, '256 257 263 273 246 222 244 243 258 255 256 220 267 252 260 243 268 274 265 256 232 254 266 200 242 266 260 254 231 265 220 237 ' ,'0 0 0 0 0 0 0 0 0 0 0 0 0 0 0 0 0 0 0 0 0 0 0 0 0 0 0 0 0 0 0 0 ' ,78 ,3 ,1, 1
300 ,291, 291, '245 246 275 269 256 250 279 232 271 268 278 272 273 219 276 246 248 273 260 240 239 280 235 242 242 256 237 278 202 244 205 240 ' ,'0 0 0 0 0 0 0 0 0 0 0 0 0 0 0 0 0 0 0 0 0 0 0 0 0 0 0 0 0 0 0 0 ' ,83 ,4 ,1, 1
299 ,297, 291, '238 235 261 244 255 194 258 268 258 270 260 247 255 259 260 268 255 274 244 255 240 259 280 258 269 242 247 278 272 252 246 256 ' ,'0 0 0 0 0 0 0 0 0 0 0 0 0 0 0 0 0 0 0 0 0 0 0 0 0 0 0 0 0 0 0 0 ' ,90 ,4 ,1, 1
314 ,296, 305, '245 268 258 253 243 273 275 239 290 272 262 253 263 278 290 261 269 283 272 285 263 271 278 232 247 258 258 266 255 216 257 265 ' ,'0 0 0 0 0 0 0 0 0 0 0 0 0 0 0 0 0 0 0 0 0 0 0 0 0 0 0 0 0 0 0 0 ' ,82 ,4 ,1, 1
323 ,312, 314, '277 285 254 277 256 279 235 274 298 275 264 245 287 274 281 268 277 302 258 255 252 235 254 238 264 278 288 267 281 239 275 246 ' ,'0 0 0 0 0 0 0 0 0 0 0 0 0 0 0 0 0 0 0 0 0 0 0 0 0 0 0 0 0 0 0 0 ' ,73 ,4 ,1, 1
311 ,319, 302, '237 271 277 252 276 266 257 235 264 265 247 234 269 264 238 284 253 266 287 257 240 266 285 243 238 270 278 290 255 257 217 274 ' ,'0 0 0 0 0 0 0 0 0 0 0 0 0 0 0 0 0 0 0 0 0 0 0 0 0 0 0 0 0 0 0 0 ' ,76 ,5 ,1, 1
298 ,306, 290, '250 225 268 257 215 247 245 243 269 245 262 201 258 231 273 242 246 277 233 250 231 268 238 214 238 237 230 254 193 262 229 245 ' ,'0 0 0 0 0 0 0 0 0 0 0 0 0 0 0 0 0 0 0 0 0 0 0 0 0 0 0 0 0 0 0 0 ' ,89 ,5 ,1, 1
456 ,294, 448, '229 234 243 187 234 234 214 197 260 240 189 174 204 237 222 228 231 233 245 244 250 233 250 229 219 185 207 232 234 220 222 225 ' ,'0 0 0 0 0 0 0 0 0 0 0 0 0 0 0 0 0 0 0 0 0 0 0 0 0 0 0 0 0 0 0 0 ' ,266 ,4 ,1, 1
265 ,452, 257, '217 226 194 203 199 215 235 208 237 193 206 203 225 211 215 239 201 233 229 227 185 215 224 201 224 220 209 246 238 213 197 213 ' ,'0 0 0 0 0 0 0 0 0 0 0 0 0 0 0 0 0 0 0 0 0 0 0 0 0 0 0 0 0 0 0 0 ' ,67 ,5 ,1, 1
264 ,261, 257, '217 215 225 226 205 209 227 205 217 205 230 212 222 213 246 244 241 229 238 237 202 237 238 214 161 202 208 222 245 226 220 188 ' ,'0 0 0 0 0 0 0 0 0 0 0 0 0 0 0 0 0 0 0 0 0 0 0 0 0 0 0 0 0 0 0 0 ' ,89 ,4 ,1, 1
264 ,261, 256, '208 242 229 243 198 192 236 237 241 226 234 210 238 245 242 242 243 239 198 211 209 234 223 183 231 228 191 220 229 218 207 236 ' ,'0 0 0 0 0 0 0 0 0 0 0 0 0 0 0 0 0 0 0 0 0 0 0 0 0 0 0 0 0 0 0 0 ' ,66 ,4 ,1, 1
272 ,261, 264, '208 235 231 230 233 237 212 247 235 249 223 207 243 240 248 254 233 232 225 201 211 220 197 220 180 204 208 237 232 243 217 233 ' ,'0 0 0 0 0 0 0 0 0 0 0 0 0 0 0 0 0 0 0 0 0 0 0 0 0 0 0 0 0 0 0 0 ' ,78 ,5 ,1, 1
287 ,268, 280, '226 208 233 250 227 231 244 214 264 217 249 220 250 256 263 248 247 267 177 246 225 246 246 239 205 238 251 254 233 233 236 250 ' ,'0 0 0 0 0 0 0 0 0 0 0 0 0 0 0 0 0 0 0 0 0 0 0 0 0 0 0 0 0 0 0 0 ' ,95 ,4 ,2, 2
288 ,283, 280, '251 209 246 259 222 221 268 258 239 239 227 236 248 242 235 213 245 216 239 222 259 230 245 254 231 190 246 247 239 246 257 255 ' ,'0 0 0 0 0 0 0 0 0 0 0 0 0 0 0 0 0 0 0 0 0 0 0 0 0 0 0 0 0 0 0 0 ' ,83 ,5 ,1, 1
290 ,284, 282, '254 245 223 272 234 215 255 244 233 267 207 232 208 252 266 262 262 250 216 214 238 246 238 248 213 254 239 233 194 257 205 264 ' ,'0 0 0 0 0 0 0 0 0 0 0 0 0 0 0 0 0 0 0 0 0 0 0 0 0 0 0 0 0 0 0 0 ' ,80 ,4 ,1, 1
293 ,287, 284, '268 265 260 242 253 198 225 231 255 251 233 263 250 273 213 245 264 254 230 234 259 266 274 236 243 255 233 232 240 260 254 249 ' ,'0 0 0 0 0 0 0 0 0 0 0 0 0 0 0 0 0 0 0 0 0 0 0 0 0 0 0 0 0 0 0 0 ' ,79 ,4 ,1, 1
354 ,290, 345, '272 266 232 274 208 260 248 242 243 272 240 246 327 234 229 282 253 278 252 265 225 240 286 253 255 271 282 271 247 267 244 268 ' ,'0 0 0 0 0 0 0 0 0 0 0 0 0 0 0 0 0 0 0 0 0 0 0 0 0 0 0 0 0 0 0 0 ' ,130 ,2 ,1, 1
310 ,350, 302, '238 292 243 268 243 225 261 247 262 272 274 254 285 244 266 282 258 274 286 247 278 279 272 285 280 253 246 279 247 258 241 251 ' ,'0 0 0 0 0 0 0 0 0 0 0 0 0 0 0 0 0 0 0 0 0 0 0 0 0 0 0 0 0 0 0 0 ' ,70 ,2 ,1, 1
314 ,306, 306, '273 276 266 265 225 251 255 269 276 269 247 276 247 273 297 262 259 270 276 277 251 252 264 234 238 253 268 258 275 284 246 274 ' ,'0 0 0 0 0 0 0 0 0 0 0 0 0 0 0 0 0 0 0 0 0 0 0 0 0 0 0 0 0 0 0 0 ' ,75 ,3 ,2, 1
315 ,312, 308, '239 238 262 266 275 253 260 239 254 253 242 267 286 266 273 282 285 281 275 258 234 280 263 240 295 241 213 271 231 251 227 244 ' ,'0 0 0 0 0 0 0 0 0 0 0 0 0 0 0 0 0 0 0 0 0 0 0 0 0 0 0 0 0 0 0 0 ' ,82 ,3 ,2, 2
306 ,311, 299, '239 245 253 196 246 260 245 187 289 241 256 242 227 223 231 260 256 269 255 269 258 271 268 269 251 219 264 261 221 224 226 218 ' ,'0 0 0 0 0 0 0 0 0 0 0 0 0 0 0 0 0 0 0 0 0 0 0 0 0 0 0 0 0 0 0 0 ' ,102 ,3 ,1, 1
270 ,303, 262, '198 214 223 225 216 217 240 232 222 249 243 227 219 183 230 242 218 253 231 230 246 246 254 240 235 236 218 227 207 231 196 231 ' ,'0 0 0 0 0 0 0 0 0 0 0 0 0 0 0 0 0 0 0 0 0 0 0 0 0 0 0 0 0 0 0 0 ' ,71 ,2 ,1, 1
253 ,267, 243, '216 230 212 219 179 216 208 163 214 194 191 205 208 221 230 186 219 221 217 208 188 217 208 230 214 214 230 197 206 224 199 217 ' ,'0 0 0 0 0 0 0 0 0 0 0 0 0 0 0 0 0 0 0 0 0 0 0 0 0 0 0 0 0 0 0 0 ' ,73 ,3 ,1, 1
256 ,247, 247, '225 221 239 216 238 209 219 200 216 203 198 205 195 229 234 225 202 220 195 216 228 172 229 198 177 221 234 217 229 215 209 219 ' ,'0 0 0 0 0 0 0 0 0 0 0 0 0 0 0 0 0 0 0 0 0 0 0 0 0 0 0 0 0 0 0 0 ' ,70 ,3 ,0, 0
259 ,252, 251, '210 211 190 223 200 179 239 222 227 239 236 216 226 237 217 223 218 231 236 218 212 229 218 187 230 215 234 241 212 189 206 197 ' ,'0 0 0 0 0 0 0 0 0 0 0 0 0 0 0 0 0 0 0 0 0 0 0 0 0 0 0 0 0 0 0 0 ' ,66 ,3 ,1, 1
263 ,256, 255, '210 231 210 208 226 197 242 214 210 207 236 217 237 238 222 225 231 218 243 209 215 204 203 214 224 207 216 216 230 241 236 215 ' ,'0 0 0 0 0 0 0 0 0 0 0 0 0 0 0 0 0 0 0 0 0 0 0 0 0 0 0 0 0 0 0 0 ' ,51 ,4 ,1, 1
270 ,259, 262, '195 211 227 252 209 236 219 188 230 202 239 241 208 238 234 217 214 229 237 196 219 226 229 221 192 212 221 222 231 196 207 214 ' ,'0 0 0 0 0 0 0 0 0 0 0 0 0 0 0 0 0 0 0 0 0 0 0 0 0 0 0 0 0 0 0 0 ' ,69 ,4 ,1, 1
270 ,266, 263, '236 222 216 235 207 206 225 240 220 238 233 234 220 243 251 201 229 217 231 229 204 215 204 182 206 197 200 241 184 222 218 235 ' ,'0 0 0 0 0 0 0 0 0 0 0 0 0 0 0 0 0 0 0 0 0 0 0 0 0 0 0 0 0 0 0 0 ' ,74 ,5 ,1, 1
268 ,266, 261, '190 211 209 221 241 234 248 230 210 192 226 207 213 197 249 231 219 206 218 201 201 222 204 216 172 203 204 218 214 248 194 184 ' ,'0 0 0 0 0 0 0 0 0 0 0 0 0 0 0 0 0 0 0 0 0 0 0 0 0 0 0 0 0 0 0 0 ' ,82 ,4 ,1, 1
283 ,265, 275, '215 234 239 260 212 225 220 236 261 223 264 244 253 214 249 260 229 228 232 230 190 204 250 212 203 220 246 260 210 237 225 240 ' ,'0 0 0 0 0 0 0 0 0 0 0 0 0 0 0 0 0 0 0 0 0 0 0 0 0 0 0 0 0 0 0 0 ' ,79 ,5 ,1, 1
300 ,280, 292, '259 251 250 266 201 257 252 249 259 235 265 255 261 219 248 272 245 281 248 246 264 257 262 202 221 253 238 231 230 235 217 250 ' ,'0 0 0 0 0 0 0 0 0 0 0 0 0 0 0 0 0 0 0 0 0 0 0 0 0 0 0 0 0 0 0 0 ' ,86 ,4 ,1, 1
312 ,297, 304, '279 256 276 240 251 277 251 220 269 285 263 267 266 282 262 265 276 260 278 273 252 275 274 245 226 265 237 291 219 271 248 236 ' ,'0 0 0 0 0 0 0 0 0 0 0 0 0 0 0 0 0 0 0 0 0 0 0 0 0 0 0 0 0 0 0 0 ' ,79 ,5 ,1, 1
525 ,309, 517, '282 253 263 233 241 277 261 275 285 240 240 235 226 261 277 260 271 271 246 283 389 247 282 276 262 262 250 249 251 267 230 224 ' ,'0 0 0 0 0 0 0 0 0 0 0 0 0 0 0 0 0 0 0 0 0 0 0 0 0 0 0 0 0 0 0 0 ' ,286 ,4 ,1, 1
307 ,521, 298, '283 229 280 261 237 260 263 242 286 272 234 207 258 264 270 248 249 276 251 265 252 284 268 240 266 204 279 269 249 276 242 218 ' ,'0 0 0 0 0 0 0 0 0 0 0 0 0 0 0 0 0 0 0 0 0 0 0 0 0 0 0 0 0 0 0 0 ' ,83 ,3 ,1, 1
291 ,304, 284, '246 246 244 207 195 253 239 251 273 224 265 234 240 260 242 236 236 259 257 257 251 266 247 256 273 251 207 205 231 251 219 240 ' ,'0 0 0 0 0 0 0 0 0 0 0 0 0 0 0 0 0 0 0 0 0 0 0 0 0 0 0 0 0 0 0 0 ' ,80 ,3 ,1, 1
290 ,291, 281, '240 240 248 236 210 253 211 217 268 231 250 201 229 247 229 218 258 260 249 257 217 237 243 249 233 187 255 235 203 238 218 250 ' ,'0 0 0 0 0 0 0 0 0 0 0 0 0 0 0 0 0 0 0 0 0 0 0 0 0 0 0 0 0 0 0 0 ' ,86 ,5 ,1, 1
388 ,286, 380, '214 194 216 193 323 242 229 203 232 216 211 206 185 224 226 240 230 249 220 220 232 210 189 372 244 220 238 231 200 224 225 217 ' ,'0 0 0 0 116 0 0 0 0 0 0 0 0 0 0 0 0 0 0 0 0 0 0 116 0 0 0 0 0 0 0 0 ' ,191 ,3 ,1, 0
444 ,384, 437, '237 208 211 194 210 225 214 178 231 222 218 186 198 234 230 226 222 226 222 213 200 222 222 224 224 213 212 220 200 175 202 208 ' ,'0 0 0 0 0 0 0 0 0 0 0 0 0 0 0 0 0 0 0 0 0 0 0 0 0 0 0 0 0 0 0 0 ' ,255 ,6 ,1, 1
294 ,441, 287, '237 220 199 188 201 205 232 231 249 202 198 176 234 226 222 223 218 247 224 234 219 227 236 238 213 236 221 207 188 234 206 196 ' ,'0 0 0 0 0 0 0 0 0 0 0 0 0 0 0 0 0 0 0 0 0 0 0 0 0 0 0 0 0 0 0 0 ' ,104 ,3 ,1, 1
260 ,291, 253, '205 211 172 238 206 242 243 207 220 232 220 207 222 226 226 214 239 241 230 226 228 229 207 232 231 222 227 237 183 237 217 219 ' ,'0 0 0 0 0 0 0 0 0 0 0 0 0 0 0 0 0 0 0 0 0 0 0 0 0 0 0 0 0 0 0 0 ' ,75 ,4 ,1, 1
451 ,256, 443, '184 199 214 222 201 231 216 222 232 212 188 233 198 212 237 235 214 233 217 219 211 204 189 242 207 225 156 204 221 192 195 159 ' ,'0 0 0 0 0 0 0 0 0 0 0 0 0 0 0 0 0 0 0 0 0 0 0 0 0 0 0 0 0 0 0 0 ' ,281 ,3 ,1, 1
267 ,449, 259, '202 206 223 240 222 228 213 213 214 194 211 217 215 249 200 215 236 213 248 205 232 223 198 180 205 240 203 197 238 212 247 227 ' ,'0 0 0 0 0 0 0 0 0 0 0 0 0 0 0 0 0 0 0 0 0 0 0 0 0 0 0 0 0 0 0 0 ' ,74 ,3 ,1, 1
274 ,264, 265, '248 234 229 232 215 216 239 239 250 207 210 224 222 233 250 223 252 212 255 235 210 220 242 220 222 206 219 247 214 206 229 249 ' ,'0 0 0 0 0 0 0 0 0 0 0 0 0 0 0 0 0 0 0 0 0 0 0 0 0 0 0 0 0 0 0 0 ' ,54 ,2 ,1, 1
296 ,272, 288, '206 249 243 244 212 227 250 219 228 233 249 268 248 277 247 239 230 272 238 230 267 223 224 247 217 239 231 255 224 221 251 250 ' ,'0 0 0 0 0 0 0 0 0 0 0 0 0 0 0 0 0 0 0 0 0 0 0 0 0 0 0 0 0 0 0 0 ' ,74 ,3 ,1, 1
385 ,293, 376, '258 234 249 277 245 343 275 258 232 255 268 264 262 227 253 246 215 255 243 258 267 244 226 194 196 230 197 269 266 364 249 246 ' ,'0 0 0 0 0 112 0 0 0 0 0 0 0 0 0 0 0 0 0 0 0 0 0 0 0 0 0 0 0 112 0 0 ' ,177 ,5 ,1, 1
399 ,380, 390, '284 248 242 278 256 249 262 236 281 247 246 275 344 247 264 279 226 282 257 235 239 256 380 258 267 270 235 268 263 239 269 205 ' ,'0 0 0 0 0 0 0 0 0 0 0 0 61 0 0 0 0 0 0 0 0 0 0 0 0 0 0 0 0 0 0 0 ' ,177 ,3 ,1, 1
318 ,477, 307, '289 273 272 258 290 273 290 233 263 251 286 275 294 261 270 249 261 271 253 288 268 279 296 252 284 253 212 223 255 241 288 253 ' ,'0 0 0 0 0 0 0 0 0 0 0 0 0 0 0 0 0 0 0 0 0 0 0 0 0 0 0 0 0 0 0 0 ' ,88 ,5 ,1, 1
321 ,315, 314, '267 251 234 216 218 282 282 266 267 267 286 251 271 248 258 295 264 278 265 279 227 279 286 240 298 249 288 241 266 240 285 249 ' ,'0 0 0 0 0 0 0 0 0 0 0 0 0 0 0 0 0 0 0 0 0 0 0 0 0 0 0 0 0 0 0 0 ' ,87 ,5 ,2, 2
300 ,317, 292, '257 259 240 215 238 244 225 248 279 270 268 234 267 222 256 259 247 244 270 269 261 259 261 232 235 269 258 247 268 202 232 228 ' ,'0 0 0 0 0 0 0 0 0 0 0 0 0 0 0 0 0 0 0 0 0 0 0 0 0 0 0 0 0 0 0 0 ' ,84 ,5 ,2, 2
297 ,296, 289, '271 243 225 202 223 247 260 227 272 273 251 229 212 265 247 257 223 230 264 273 218 255 253 251 246 246 220 266 259 204 255 210 ' ,'0 0 0 0 0 0 0 0 0 0 0 0 0 0 0 0 0 0 0 0 0 0 0 0 0 0 0 0 0 0 0 0 ' ,83 ,5 ,1, 1
338 ,293, 331, '227 237 236 219 198 238 248 233 240 258 230 244 267 226 215 248 259 270 251 247 265 236 256 250 218 231 241 260 235 232 234 211 ' ,'0 0 0 0 0 0 0 0 0 0 0 0 0 0 0 0 0 0 0 0 0 0 0 0 0 0 0 0 0 0 0 0 ' ,125 ,5 ,2, 2
268 ,336, 260, '203 225 219 218 172 236 229 205 224 240 208 195 222 224 238 244 197 243 235 236 243 239 233 229 230 198 226 235 205 232 227 213 ' ,'0 0 0 0 0 0 0 0 0 0 0 0 0 0 0 0 0 0 0 0 0 0 0 0 0 0 0 0 0 0 0 0 ' ,83 ,5 ,1, 1
270 ,264, 262, '237 196 209 247 224 198 226 219 236 217 243 232 227 205 205 237 228 236 219 231 218 201 231 196 243 197 236 228 211 245 173 191 ' ,'0 0 0 0 0 0 0 0 0 0 0 0 0 0 0 0 0 0 0 0 0 0 0 0 0 0 0 0 0 0 0 0 ' ,81 ,8 ,1, 1
270 ,267, 262, '218 197 196 211 201 198 217 210 193 219 215 243 227 231 231 212 222 250 207 222 234 214 212 234 238 213 199 219 201 193 204 204 ' ,'0 0 0 0 0 0 0 0 0 0 0 0 0 0 0 0 0 0 0 0 0 0 0 0 0 0 0 0 0 0 0 0 ' ,61 ,5 ,1, 1
266 ,267, 258, '209 194 230 216 194 201 226 238 200 220 210 214 225 230 224 188 202 230 226 213 194 222 230 218 217 245 211 203 184 226 189 229 ' ,'0 0 0 0 0 0 0 0 0 0 0 0 0 0 0 0 0 0 0 0 0 0 0 0 0 0 0 0 0 0 0 0 ' ,68 ,5 ,1, 1
266 ,263, 258, '244 233 236 200 209 210 236 240 222 218 234 231 246 229 230 232 191 215 224 210 224 227 226 238 243 239 245 235 232 230 222 194 ' ,'0 0 0 0 0 0 0 0 0 0 0 0 0 0 0 0 0 0 0 0 0 0 0 0 0 0 0 0 0 0 0 0 ' ,58 ,5 ,1, 1
300 ,262, 291, '245 265 233 237 274 246 224 266 229 238 222 264 257 228 250 235 256 231 240 246 242 251 238 227 224 204 247 251 265 216 207 241 ' ,'0 0 0 0 0 0 0 0 0 0 0 0 0 0 0 0 0 0 0 0 0 0 0 0 0 0 0 0 0 0 0 0 ' ,80 ,7 ,1, 1
306 ,295, 298, '277 251 275 245 244 183 249 269 217 259 283 228 260 230 278 273 272 274 254 243 249 267 223 222 231 203 267 240 202 261 252 240 ' ,'0 0 0 0 0 0 0 0 0 0 0 0 0 0 0 0 0 0 0 0 0 0 0 0 0 0 0 0 0 0 0 0 ' ,106 ,8 ,1, 1
309 ,302, 302, '216 237 266 285 252 252 263 257 268 231 268 264 267 259 263 288 232 239 243 244 278 269 275 263 243 251 260 287 257 214 245 239 ' ,'0 0 0 0 0 0 0 0 0 0 0 0 0 0 0 0 0 0 0 0 0 0 0 0 0 0 0 0 0 0 0 0 ' ,81 ,5 ,1, 1
318 ,306, 311, '273 256 267 248 271 268 287 261 261 290 278 245 283 189 254 296 264 246 291 275 263 290 293 272 284 219 273 261 280 258 284 261 ' ,'0 0 0 0 0 0 0 0 0 0 0 0 0 0 0 0 0 0 0 0 0 0 0 0 0 0 0 0 0 0 0 0 ' ,112 ,5 ,2, 2
379 ,314, 371, '237 260 269 257 267 286 264 270 279 257 246 221 283 359 302 263 278 266 246 247 241 291 281 246 285 246 256 279 258 241 268 339 ' ,'0 0 0 0 0 0 0 0 0 0 0 0 0 0 0 0 0 0 0 0 0 0 0 0 0 0 0 0 0 0 0 0 ' ,142 ,6 ,1, 1
332 ,376, 324, '300 264 282 236 244 249 281 260 258 269 232 290 259 260 260 296 253 289 242 260 260 231 305 253 246 232 239 308 231 229 284 272 ' ,'0 0 0 0 0 0 0 0 0 0 0 0 0 0 0 0 0 0 0 0 0 0 0 0 0 0 0 0 0 0 0 0 ' ,89 ,8 ,1, 1
326 ,329, 318, '272 253 291 269 282 246 292 275 262 250 247 253 274 299 297 269 259 304 248 286 252 297 254 257 277 255 294 295 271 258 230 255 ' ,'0 0 0 0 0 0 0 0 0 0 0 0 0 0 0 0 0 0 0 0 0 0 0 0 0 0 0 0 0 0 0 0 ' ,81 ,6 ,1, 1
315 ,321, 308, '260 270 264 239 253 295 263 256 281 253 284 262 262 289 290 288 265 267 251 249 271 252 277 263 261 266 220 256 267 252 267 238 ' ,'0 0 0 0 0 0 0 0 0 0 0 0 0 0 0 0 0 0 0 0 0 0 0 0 0 0 0 0 0 0 0 0 ' ,81 ,6 ,1, 1
316 ,313, 309, '258 214 278 224 244 287 250 228 282 260 284 210 245 259 251 282 271 270 254 267 244 265 296 260 257 227 264 271 260 243 248 255 ' ,'0 0 0 0 0 0 0 0 0 0 0 0 0 0 0 0 0 0 0 0 0 0 0 0 0 0 0 0 0 0 0 0 ' ,91 ,5 ,2, 2
295 ,312, 287, '231 221 224 263 248 274 264 212 234 233 249 247 263 235 224 192 209 271 258 238 237 270 248 269 264 224 242 238 275 244 209 253 ' ,'0 0 0 0 0 0 0 0 0 0 0 0 0 0 0 0 0 0 0 0 0 0 0 0 0 0 0 0 0 0 0 0 ' ,90 ,6 ,2, 2
505 ,291, 498, '239 235 236 232 231 222 232 242 259 238 249 227 257 241 241 234 236 270 266 240 224 261 224 253 265 241 256 241 266 235 199 233 ' ,'0 0 0 0 0 0 0 0 0 0 0 0 0 0 0 0 0 0 0 0 0 0 0 0 0 0 0 0 0 0 0 0 ' ,292 ,6 ,2, 2
285 ,502, 278, '213 217 233 212 216 214 228 214 208 227 223 177 205 266 217 245 230 235 206 228 207 238 176 219 225 234 229 215 216 238 197 248 ' ,'0 0 0 0 0 0 0 0 0 0 0 0 0 0 0 0 0 0 0 0 0 0 0 0 0 0 0 0 0 0 0 0 ' ,96 ,6 ,1, 1
296 ,282, 289, '233 204 203 226 217 230 195 205 190 178 220 210 209 252 218 235 223 228 226 212 230 234 228 227 174 186 216 192 235 234 188 176 ' ,'0 0 0 0 0 0 0 0 0 0 0 0 0 0 0 0 0 0 0 0 0 0 0 0 0 0 0 0 0 0 0 0 ' ,108 ,5 ,1, 1
277 ,293, 269, '240 185 211 228 225 237 198 191 217 236 234 186 247 257 212 210 217 235 243 218 210 222 241 194 188 227 216 229 207 225 196 228 ' ,'0 0 0 0 0 0 0 0 0 0 0 0 0 0 0 0 0 0 0 0 0 0 0 0 0 0 0 0 0 0 0 0 ' ,77 ,6 ,1, 1
279 ,274, 273, '210 224 240 246 235 214 223 200 232 243 233 223 219 221 231 217 193 237 212 220 193 221 234 222 210 216 218 223 232 216 214 260 ' ,'0 0 0 0 0 0 0 0 0 0 0 0 0 0 0 0 0 0 0 0 0 0 0 0 0 0 0 0 0 0 0 0 ' ,74 ,6 ,1, 1
291 ,278, 283, '210 216 248 234 235 207 245 212 220 217 237 193 211 206 218 238 219 230 242 225 244 248 243 231 195 269 223 255 233 223 234 249 ' ,'0 0 0 0 0 0 0 0 0 0 0 0 0 0 0 0 0 0 0 0 0 0 0 0 0 0 0 0 0 0 0 0 ' ,82 ,6 ,1, 1
466 ,287, 458, '250 242 241 226 262 241 261 220 232 242 261 240 249 256 201 242 236 227 227 226 198 237 237 204 220 255 252 276 162 254 219 232 ' ,'0 0 0 0 0 0 0 0 0 0 0 0 0 0 0 0 0 0 0 0 0 0 0 0 0 0 0 0 0 0 0 0 ' ,288 ,8 ,1, 1
511 ,462, 504, '267 229 231 265 244 254 241 208 244 255 262 258 254 247 227 236 237 266 243 254 215 236 259 252 239 267 242 286 207 241 243 293 ' ,'0 0 0 0 0 0 0 0 0 0 0 0 0 0 0 0 0 0 0 0 0 0 0 0 0 0 0 0 0 0 0 0 ' ,290 ,6 ,1, 1
310 ,507, 303, '250 258 255 231 269 259 288 235 271 244 248 253 268 263 220 256 282 276 284 269 252 288 277 254 222 265 238 288 259 264 274 278 ' ,'0 0 0 0 0 0 0 0 0 0 0 0 0 0 0 0 0 0 0 0 0 0 0 0 0 0 0 0 0 0 0 0 ' ,74 ,6 ,2, 2
329 ,307, 322, '273 229 251 231 272 273 251 255 308 259 272 263 278 304 268 266 219 281 278 260 238 301 276 217 271 270 285 296 235 235 243 262 ' ,'0 0 0 0 0 0 0 0 0 0 0 0 0 0 0 0 0 0 0 0 0 0 0 0 0 0 0 0 0 0 0 0 ' ,98 ,6 ,1, 1
327 ,328, 318, '263 215 264 224 230 272 270 225 252 274 272 277 273 272 203 287 250 270 280 253 269 244 262 258 268 224 294 304 233 222 247 274 ' ,'0 0 0 0 0 0 0 0 0 0 0 0 0 0 0 0 0 0 0 0 0 0 0 0 0 0 0 0 0 0 0 0 ' ,108 ,6 ,1, 1
341 ,323, 332, '246 205 255 198 197 227 237 211 231 197 238 234 320 179 264 259 234 273 253 229 241 240 244 204 248 230 274 284 257 230 244 226 ' ,'0 0 0 0 0 0 0 0 0 0 0 0 64 0 0 0 0 0 0 0 0 0 0 0 0 0 0 0 0 0 0 0 ' ,143 ,5 ,1, 1
277 ,335, 266, '215 203 238 193 235 237 238 228 236 217 200 224 220 218 206 195 228 227 217 215 254 247 233 195 238 237 240 257 254 228 212 196 ' ,'0 0 0 0 0 0 0 0 0 0 0 0 0 0 0 0 0 0 0 0 0 0 0 0 0 0 0 0 0 0 0 0 ' ,69 ,7 ,1, 1
288 ,273, 280, '204 231 248 233 235 231 241 204 232 210 217 218 220 246 240 218 215 243 234 180 200 231 238 262 209 219 241 267 231 221 233 219 ' ,'0 0 0 0 0 0 0 0 0 0 0 0 0 0 0 0 0 0 0 0 0 0 0 0 0 0 0 0 0 0 0 0 ' ,93 ,6 ,2, 2
275 ,284, 263, '224 216 234 243 240 229 217 224 240 160 216 207 221 227 219 246 217 251 220 234 230 228 242 224 232 192 217 228 210 227 189 226 ' ,'0 0 0 0 0 0 0 0 0 0 0 0 0 0 0 0 0 0 0 0 0 0 0 0 0 0 0 0 0 0 0 0 ' ,97 ,5 ,2, 2
485 ,269, 479, '225 231 238 206 231 220 227 185 234 200 173 200 211 242 220 244 222 237 210 190 248 222 212 217 224 213 194 221 221 224 208 237 ' ,'0 0 0 0 0 0 0 0 0 0 0 0 0 0 0 0 0 0 0 0 0 0 0 0 0 0 0 0 0 0 0 0 ' ,298 ,3 ,2, 2
268 ,483, 260, '250 212 211 208 201 200 196 226 226 194 221 199 228 180 205 225 225 217 210 207 241 200 220 225 167 229 218 227 225 217 222 208 ' ,'0 0 0 0 0 0 0 0 0 0 0 0 0 0 0 0 0 0 0 0 0 0 0 0 0 0 0 0 0 0 0 0 ' ,87 ,3 ,2, 2
273 ,265, 264, '234 242 229 222 225 193 207 224 227 213 223 239 231 237 239 218 235 243 225 200 226 223 222 215 190 184 236 253 219 172 219 212 ' ,'0 0 0 0 0 0 0 0 0 0 0 0 0 0 0 0 0 0 0 0 0 0 0 0 0 0 0 0 0 0 0 0 ' ,85 ,3 ,1, 1
266 ,269, 256, '204 216 233 181 213 223 219 177 230 235 213 220 216 217 218 202 202 240 221 202 221 208 195 180 189 247 196 231 196 225 214 170 ' ,'0 0 0 0 0 0 0 0 0 0 0 0 0 0 0 0 0 0 0 0 0 0 0 0 0 0 0 0 0 0 0 0 ' ,81 ,4 ,1, 1
259 ,264, 250, '216 146 207 240 207 187 217 231 231 180 215 221 207 240 208 229 212 215 208 185 221 207 200 193 210 199 190 217 195 217 183 188 ' ,'0 0 0 0 0 0 0 0 0 0 0 0 0 0 0 0 0 0 0 0 0 0 0 0 0 0 0 0 0 0 0 0 ' ,97 ,4 ,1, 1
260 ,256, 253, '196 195 221 216 178 214 159 233 204 195 176 199 194 238 222 200 221 230 214 229 209 216 205 213 176 191 189 232 212 217 206 201 ' ,'0 0 0 0 0 0 0 0 0 0 0 0 0 0 0 0 0 0 0 0 0 0 0 0 0 0 0 0 0 0 0 0 ' ,87 ,4 ,1, 1
265 ,257, 256, '194 213 213 222 205 210 203 219 216 211 190 217 190 243 205 199 208 209 233 184 219 198 202 168 213 197 184 193 188 195 201 213 ' ,'0 0 0 0 0 0 0 0 0 0 0 0 0 0 0 0 0 0 0 0 0 0 0 0 0 0 0 0 0 0 0 0 ' ,83 ,4 ,1, 1
268 ,261, 260, '196 212 160 220 207 168 190 236 217 204 180 165 170 209 249 182 185 220 217 205 221 227 207 191 173 207 206 239 240 195 225 210 ' ,'0 0 0 0 0 0 0 0 0 0 0 0 0 0 0 0 0 0 0 0 0 0 0 0 0 0 0 0 0 0 0 0 ' ,94 ,3 ,1, 1
260 ,264, 252, '222 221 215 211 186 219 215 208 234 224 204 215 217 208 223 230 215 237 230 203 238 207 217 188 195 241 221 231 233 219 211 239 ' ,'0 0 0 0 0 0 0 0 0 0 0 0 0 0 0 0 0 0 0 0 0 0 0 0 0 0 0 0 0 0 0 0 ' ,60 ,3 ,1, 1
260 ,256, 253, '236 206 198 223 228 202 228 221 210 226 196 199 224 225 225 208 228 218 216 218 236 199 198 219 214 214 205 204 201 237 169 242 ' ,'0 0 0 0 0 0 0 0 0 0 0 0 0 0 0 0 0 0 0 0 0 0 0 0 0 0 0 0 0 0 0 0 ' ,75 ,4 ,1, 1
291 ,256, 283, '251 259 241 231 225 220 250 208 215 231 232 237 256 224 257 227 240 266 236 238 223 224 248 198 252 216 253 244 224 222 218 269 ' ,'0 0 0 0 0 0 0 0 0 0 0 0 0 0 0 0 0 0 0 0 0 0 0 0 0 0 0 0 0 0 0 0 ' ,78 ,4 ,1, 1
311 ,287, 300, '279 243 258 250 247 243 250 244 285 224 250 213 273 287 235 239 250 257 274 267 248 253 266 246 202 220 267 255 179 214 271 248 ' ,'0 0 0 0 0 0 0 0 0 0 0 0 0 0 0 0 0 0 0 0 0 0 0 0 0 0 0 0 0 0 0 0 ' ,113 ,4 ,1, 1
321 ,303, 312, '275 264 286 242 277 245 288 259 278 238 280 258 249 297 271 262 240 296 247 255 266 278 259 289 270 208 285 300 266 260 265 266 ' ,'0 0 0 0 0 0 0 0 0 0 0 0 0 0 0 0 0 0 0 0 0 0 0 0 0 0 0 0 0 0 0 0 ' ,96 ,4 ,1, 1
324 ,320, 316, '248 260 260 253 232 255 251 242 292 258 253 234 290 274 260 294 240 303 278 231 264 267 268 238 260 249 202 248 234 236 237 264 ' ,'0 0 0 0 0 0 0 0 0 0 0 0 0 0 0 0 0 0 0 0 0 0 0 0 0 0 0 0 0 0 0 0 ' ,106 ,3 ,2, 2
378 ,320, 299, '239 229 273 237 261 231 250 261 256 215 241 233 262 253 221 232 226 287 257 265 223 285 253 232 210 233 240 264 262 213 256 210 ' ,'0 0 0 0 0 0 0 0 0 0 69 0 0 0 0 0 0 0 0 0 0 0 0 0 0 0 0 0 0 0 0 0 ' ,81 ,4 ,1, 1
283 ,305, 275, '205 234 253 256 184 229 239 209 263 186 236 245 207 258 201 231 231 242 203 225 242 220 239 238 233 229 222 244 200 234 213 228 ' ,'0 0 0 0 0 0 0 0 0 0 0 0 0 0 0 0 0 0 0 0 0 0 0 0 0 0 0 0 0 0 0 0 ' ,84 ,4 ,1, 1
281 ,283, 273, '202 234 230 227 240 232 223 196 256 248 248 205 235 248 200 261 221 215 260 190 240 248 262 228 179 178 251 228 235 233 250 257 ' ,'0 0 0 0 0 0 0 0 0 0 0 0 0 0 0 0 0 0 0 0 0 0 0 0 0 0 0 0 0 0 0 0 ' ,88 ,4 ,1, 1
283 ,277, 275, '210 217 213 229 211 216 200 223 198 194 202 199 226 264 179 225 233 248 240 205 226 220 203 180 243 197 244 248 226 260 223 221 ' ,'0 0 0 0 0 0 0 0 0 0 0 0 0 0 0 0 0 0 0 0 0 0 0 0 0 0 0 0 0 0 0 0 ' ,89 ,4 ,1, 1
482 ,279, 474, '239 253 216 193 226 235 222 231 205 235 208 241 232 239 219 224 202 236 231 222 237 210 234 240 213 222 218 250 196 217 215 234 ' ,'0 0 0 0 0 0 0 0 0 0 0 0 0 0 0 0 0 0 0 0 0 0 0 0 0 0 0 0 0 0 0 0 ' ,276 ,4 ,1, 1
284 ,477, 277, '199 210 192 244 224 219 189 243 221 228 194 218 211 241 201 236 248 265 218 234 220 230 237 174 218 219 184 240 228 245 232 196 ' ,'0 0 0 0 0 0 0 0 0 0 0 0 0 0 0 0 0 0 0 0 0 0 0 0 0 0 0 0 0 0 0 0 ' ,97 ,4 ,1, 1
261 ,280, 253, '224 236 214 210 200 210 209 226 202 222 216 229 230 242 206 235 219 186 201 210 209 209 215 200 207 203 169 212 196 241 210 227 ' ,'0 0 0 0 0 0 0 0 0 0 0 0 0 0 0 0 0 0 0 0 0 0 0 0 0 0 0 0 0 0 0 0 ' ,76 ,4 ,1, 1
262 ,256, 253, '192 196 207 241 209 219 215 199 191 234 223 230 209 213 193 226 203 232 202 196 206 175 211 197 207 241 206 201 190 238 194 209 ' ,'0 0 0 0 0 0 0 0 0 0 0 0 0 0 0 0 0 0 0 0 0 0 0 0 0 0 0 0 0 0 0 0 ' ,71 ,4 ,1, 1
286 ,257, 278, '188 195 218 267 227 226 245 206 215 229 215 214 234 253 236 231 242 239 185 192 200 224 219 222 193 232 198 203 215 217 202 263 ' ,'0 0 0 0 0 0 0 0 0 0 0 0 0 0 0 0 0 0 0 0 0 0 0 0 0 0 0 0 0 0 0 0 ' ,85 ,4 ,1, 1
297 ,285, 289, '230 213 236 270 228 232 271 266 243 248 249 231 221 274 235 270 241 217 247 265 231 260 258 232 242 264 251 251 242 235 272 252 ' ,'0 0 0 0 0 0 0 0 0 0 0 0 0 0 0 0 0 0 0 0 0 0 0 0 0 0 0 0 0 0 0 0 ' ,66 ,4 ,4, 4
314 ,293, 306, '283 232 245 206 229 267 264 210 257 252 255 251 258 288 223 262 240 288 233 232 228 242 257 208 266 246 223 273 244 252 203 293 ' ,'0 0 0 0 0 0 0 0 0 0 0 0 0 0 0 0 0 0 0 0 0 0 0 0 0 0 0 0 0 0 0 0 ' ,94 ,4 ,2, 2
312 ,310, 303, '286 265 275 258 251 255 236 251 247 287 280 224 266 259 266 290 278 289 256 239 282 280 226 218 250 253 261 245 223 278 257 283 ' ,'0 0 0 0 0 0 0 0 0 0 0 0 0 0 0 0 0 0 0 0 0 0 0 0 0 0 0 0 0 0 0 0 ' ,77 ,4 ,2, 2
363 ,308, 356, '271 238 222 239 269 243 263 251 297 263 295 247 346 264 239 247 277 261 223 248 203 269 283 240 246 268 260 250 234 252 227 251 ' ,'0 0 0 0 0 0 0 0 0 0 0 0 64 0 0 0 0 0 0 0 0 0 0 0 0 0 0 0 0 0 0 0 ' ,146 ,4 ,2, 2
319 ,360, 311, '243 240 280 275 283 235 266 209 292 270 291 240 273 254 281 280 298 231 264 259 260 258 262 208 297 250 252 275 239 271 235 258 ' ,'0 0 0 0 0 0 0 0 0 0 0 0 0 0 0 0 0 0 0 0 0 0 0 0 0 0 0 0 0 0 0 0 ' ,95 ,4 ,2, 2
311 ,314, 303, '245 249 261 250 246 250 265 274 290 263 216 228 239 239 234 251 265 221 258 277 264 281 265 186 270 269 246 251 282 261 206 209 ' ,'0 0 0 0 0 0 0 0 0 0 0 0 0 0 0 0 0 0 0 0 0 0 0 0 0 0 0 0 0 0 0 0 ' ,110 ,4 ,2, 2
301 ,307, 293, '218 257 247 234 261 230 270 243 269 200 264 208 240 281 254 277 247 262 218 247 232 250 259 258 260 224 206 255 221 247 239 244 ' ,'0 0 0 0 0 0 0 0 0 0 0 0 0 0 0 0 0 0 0 0 0 0 0 0 0 0 0 0 0 0 0 0 ' ,86 ,5 ,2, 2
305 ,296, 297, '205 257 259 217 256 228 245 238 243 211 242 232 213 275 224 228 225 267 267 228 267 241 251 250 248 247 239 282 244 232 214 264 ' ,'0 0 0 0 0 0 0 0 0 0 0 0 0 0 0 0 0 0 0 0 0 0 0 0 0 0 0 0 0 0 0 0 ' ,84 ,4 ,1, 1
280 ,300, 271, '234 229 246 223 244 254 215 235 247 239 241 216 224 255 252 253 240 210 214 234 218 235 251 231 258 245 253 249 243 201 230 252 ' ,'0 0 0 0 0 0 0 0 0 0 0 0 0 0 0 0 0 0 0 0 0 0 0 0 0 0 0 0 0 0 0 0 ' ,61 ,4 ,2, 2
512 ,275, 501, '224 231 215 239 245 224 250 226 249 205 235 226 209 267 253 180 194 273 231 236 204 248 218 228 226 241 242 241 237 243 207 239 ' ,'0 0 0 0 0 0 0 0 0 0 0 0 0 0 0 0 0 0 0 0 0 0 0 0 0 0 0 0 0 0 0 0 ' ,314 ,5 ,2, 2
264 ,507, 255, '222 224 213 215 211 214 206 223 217 222 225 193 198 243 238 225 228 231 226 231 227 214 239 217 162 215 196 174 192 225 228 150 ' ,'0 0 0 0 0 0 0 0 0 0 0 0 0 0 0 0 0 0 0 0 0 0 0 0 0 0 0 0 0 0 0 0 ' ,97 ,4 ,1, 1
267 ,259, 255, '218 207 234 193 213 210 190 222 238 234 186 230 209 200 228 195 244 194 215 204 198 186 191 213 218 236 211 233 234 207 220 189 ' ,'0 0 0 0 0 0 0 0 0 0 0 0 0 0 0 0 0 0 0 0 0 0 0 0 0 0 0 0 0 0 0 0 ' ,63 ,5 ,0, 0
272 ,260, 264, '202 191 222 247 197 215 229 243 226 208 197 199 225 252 204 253 215 222 185 217 201 173 185 176 209 231 192 194 201 222 209 223 ' ,'0 0 0 0 0 0 0 0 0 0 0 0 0 0 0 0 0 0 0 0 0 0 0 0 0 0 0 0 0 0 0 0 ' ,84 ,5 ,1, 1
270 ,268, 261, '215 189 232 206 210 184 232 220 229 208 196 186 167 235 189 236 226 244 195 190 196 201 206 207 193 206 195 248 216 225 205 208 ' ,'0 0 0 0 0 0 0 0 0 0 0 0 0 0 0 0 0 0 0 0 0 0 0 0 0 0 0 0 0 0 0 0 ' ,91 ,5 ,1, 1
264 ,265, 255, '200 238 196 183 229 210 218 222 242 203 207 192 223 229 227 236 198 241 179 243 239 197 212 212 211 233 186 232 169 240 185 224 ' ,'0 0 0 0 0 0 0 0 0 0 0 0 0 0 0 0 0 0 0 0 0 0 0 0 0 0 0 0 0 0 0 0 ' ,80 ,4 ,1, 1
266 ,259, 257, '174 152 221 243 207 222 226 214 228 221 223 238 228 213 220 225 198 245 227 225 213 234 220 205 241 225 213 229 213 235 216 241 ' ,'0 0 0 0 0 0 0 0 0 0 0 0 0 0 0 0 0 0 0 0 0 0 0 0 0 0 0 0 0 0 0 0 ' ,98 ,4 ,1, 1
290 ,261, 282, '256 184 252 238 179 216 261 205 208 244 216 213 248 269 198 232 202 268 220 196 214 217 205 202 241 235 232 234 202 251 226 235 ' ,'0 0 0 0 0 0 0 0 0 0 0 0 0 0 0 0 0 0 0 0 0 0 0 0 0 0 0 0 0 0 0 0 ' ,96 ,5 ,1, 1
295 ,287, 287, '235 248 196 250 235 254 240 242 274 264 213 241 264 260 264 268 237 241 237 246 251 219 238 222 192 220 259 250 231 255 259 226 ' ,'0 0 0 0 0 0 0 0 0 0 0 0 0 0 0 0 0 0 0 0 0 0 0 0 0 0 0 0 0 0 0 0 ' ,88 ,4 ,1, 1
304 ,292, 295, '257 239 222 283 234 244 252 263 258 209 238 251 272 270 252 257 245 258 229 250 240 228 275 242 276 247 245 274 225 236 266 278 ' ,'0 0 0 0 0 0 0 0 0 0 0 0 0 0 0 0 0 0 0 0 0 0 0 0 0 0 0 0 0 0 0 0 ' ,78 ,5 ,1, 1
307 ,299, 298, '217 253 271 268 235 240 266 267 274 255 267 269 270 286 244 276 283 257 229 245 260 245 257 210 242 229 241 262 238 261 284 267 ' ,'0 0 0 0 0 0 0 0 0 0 0 0 0 0 0 0 0 0 0 0 0 0 0 0 0 0 0 0 0 0 0 0 ' ,82 ,5 ,1, 1
322 ,303, 314, '249 253 212 239 231 206 257 236 185 236 274 247 263 301 274 265 266 280 259 268 238 239 265 241 289 267 259 231 223 255 293 258 ' ,'0 0 0 0 0 0 0 0 0 0 0 0 0 0 0 0 0 0 0 0 0 0 0 0 0 0 0 0 0 0 0 0 ' ,119 ,4 ,1, 1
527 ,319, 518, '259 259 260 255 270 285 265 231 269 252 276 256 275 275 182 298 253 258 281 241 232 279 272 284 245 272 290 315 283 256 225 270 ' ,'0 0 0 0 0 0 0 0 0 0 0 0 0 0 0 0 0 0 0 0 0 0 0 0 0 0 0 0 0 0 0 0 ' ,329 ,5 ,1, 1
540 ,522, 530, '271 228 278 272 255 220 281 262 285 272 283 272 261 282 274 306 250 270 273 246 236 268 302 241 225 261 266 282 252 281 243 246 ' ,'0 0 0 0 0 0 0 0 0 0 0 0 0 0 0 0 0 0 0 0 0 0 0 0 0 0 0 0 0 0 0 0 ' ,304 ,5 ,1, 1
319 ,535, 311, '279 231 276 271 227 253 260 241 286 232 276 254 278 282 243 276 261 281 272 256 279 265 299 244 279 239 267 270 235 286 271 259 ' ,'0 0 0 0 0 0 0 0 0 0 0 0 0 0 0 0 0 0 0 0 0 0 0 0 0 0 0 0 0 0 0 0 ' ,77 ,5 ,1, 1
321 ,315, 313, '233 258 247 266 294 263 279 240 300 238 244 259 286 241 272 291 251 241 262 285 272 258 257 282 242 224 268 251 224 266 266 240 ' ,'0 0 0 0 0 0 0 0 0 0 0 0 0 0 0 0 0 0 0 0 0 0 0 0 0 0 0 0 0 0 0 0 ' ,81 ,5 ,1, 1
313 ,317, 304, '261 197 233 242 227 243 228 264 277 220 266 265 238 270 229 291 250 290 281 249 269 293 265 267 261 251 264 274 205 263 263 231 ' ,'0 0 0 0 0 0 0 0 0 0 0 0 0 0 0 0 0 0 0 0 0 0 0 0 0 0 0 0 0 0 0 0 ' ,99 ,5 ,1, 1
293 ,308, 285, '246 243 242 270 249 234 256 252 237 202 243 245 220 259 229 263 241 265 266 251 221 262 249 274 250 238 259 264 218 213 207 258 ' ,'0 0 0 0 0 0 0 0 0 0 0 0 0 0 0 0 0 0 0 0 0 0 0 0 0 0 0 0 0 0 0 0 ' ,77 ,5 ,1, 1
426 ,289, 417, '214 229 201 235 217 205 236 221 245 250 255 214 225 198 206 232 245 258 224 405 207 238 249 247 229 228 232 277 201 262 215 198 ' ,'0 0 0 0 0 0 0 0 0 0 0 0 0 0 0 0 0 0 0 0 0 0 0 0 0 0 0 0 0 0 0 0 ' ,212 ,5 ,1, 1
332 ,421, 324, '234 240 214 217 199 240 222 238 246 231 215 193 222 250 232 226 200 207 210 219 217 237 222 223 237 205 188 244 197 222 232 214 ' ,'0 0 0 0 0 0 0 0 0 0 0 0 0 0 0 0 0 0 0 0 0 0 0 0 0 0 0 0 0 0 0 0 ' ,128 ,5 ,1, 1
496 ,328, 489, '220 173 199 233 229 199 231 224 212 205 216 234 221 203 230 223 173 231 213 228 213 228 232 182 213 219 194 239 204 256 237 236 ' ,'0 0 0 0 0 0 0 0 0 0 0 0 0 0 0 0 0 0 0 0 0 0 0 0 0 0 0 0 0 0 0 0 ' ,304 ,5 ,1, 1
473 ,492, 466, '222 201 206 230 205 223 208 223 227 204 228 202 214 221 236 220 208 241 162 227 209 209 196 209 179 220 200 230 197 248 214 215 ' ,'0 0 0 0 0 0 0 0 0 0 0 0 0 0 0 0 0 0 0 0 0 0 0 0 0 0 0 0 0 0 0 0 ' ,296 ,4 ,1, 1
275 ,470, 267, '206 187 218 248 186 227 216 222 221 214 217 166 212 224 256 217 224 219 203 195 206 219 210 188 228 213 226 222 174 243 187 239 ' ,'0 0 0 0 0 0 0 0 0 0 0 0 0 0 0 0 0 0 0 0 0 0 0 0 0 0 0 0 0 0 0 0 ' ,94 ,5 ,1, 0
