25,4,2,0,2,2,1,0,4,4,3,
12,4,2,0,2,2,1,0,4,4,2,
12,3,2,1,2,2,2,0,4,4,3,
14,6,2,1,2,4,2,0,6,6,3,
12,3,2,1,2,2,2,0,4,4,3,
12,3,2,1,2,2,2,0,4,4,3,
12,3,2,1,3,2,2,0,4,4,3,
12,2,1,0,2,1,1,0,3,3,2,
11,3,1,0,2,2,1,0,3,3,2,
11,3,1,0,2,2,1,0,3,3,2,
11,3,1,0,2,2,1,0,3,3,2,
11,3,1,0,2,2,1,0,3,3,2,
11,3,1,0,2,2,1,0,3,3,2,
11,3,1,0,2,2,1,0,3,3,2,
11,3,1,0,2,2,1,0,3,3,2,
12,3,3,2,4,2,1,0,3,4,4,
11,3,1,0,2,2,1,0,3,3,2,
14,3,2,1,2,2,2,0,4,4,3,
11,3,1,0,2,2,1,0,3,3,2,
11,3,1,0,2,2,1,0,3,3,2,
11,3,1,0,2,2,1,0,3,3,2,
11,3,1,0,2,2,1,0,3,3,3,
11,3,1,0,2,2,1,0,3,4,3,
11,3,1,0,2,2,1,0,3,4,3,
11,3,1,1,2,2,1,0,3,4,3,
12,3,1,1,2,2,2,0,4,4,3,
14,3,1,0,2,1,1,0,3,3,2,
14,6,2,1,2,2,2,0,6,6,3,
12,3,2,1,2,2,2,0,4,4,3,
12,3,2,1,2,2,2,0,4,4,3,
12,3,2,1,3,2,2,0,4,4,3,
12,3,2,1,3,2,2,0,4,4,3,
12,3,1,0,2,2,1,0,3,3,2,
12,3,1,0,2,2,1,0,3,3,2,
14,3,1,0,2,2,0,0,3,3,2,
11,3,1,0,2,2,1,0,3,3,2,
14,3,1,0,2,2,1,0,3,3,2,
11,3,1,0,2,2,1,0,3,3,2,
11,3,1,0,2,2,1,0,3,3,2,
11,3,1,0,2,2,1,0,3,3,2,
11,3,1,0,2,2,1,0,3,3,2,
11,3,1,0,2,2,1,0,3,3,2,
11,3,1,0,2,2,1,0,3,3,2,
11,3,1,0,2,2,1,0,3,3,2,
11,3,1,0,2,2,1,0,3,3,2,
11,3,1,0,2,2,1,0,3,3,2,
13,3,4,3,5,2,1,0,5,3,5,
11,3,1,0,2,2,1,0,3,3,3,
14,3,1,0,2,2,1,0,3,3,2,
11,3,1,1,2,2,1,0,3,4,3,
11,3,1,1,2,2,2,0,4,4,3,
12,3,2,1,2,2,2,0,4,4,3,
12,3,2,1,2,2,2,0,4,4,3,
12,3,2,1,2,2,2,0,4,4,3,
12,3,2,1,2,2,2,0,4,4,3,
11,3,1,0,2,2,1,0,3,3,2,
12,3,2,1,3,2,2,0,4,4,3,
14,3,1,0,2,2,1,0,3,3,2,
13,5,2,1,5,5,2,0,5,5,5,
12,3,1,0,2,2,1,0,3,3,2,
33,3,1,0,2,2,2,0,4,4,3,
11,3,1,0,2,2,1,0,3,3,2,
16,4,1,0,1,3,3,2,5,5,2,
11,3,1,0,2,2,1,0,3,3,2,
11,3,1,0,2,2,1,0,3,3,2,
13,3,1,0,2,2,1,0,3,3,2,
11,3,1,0,2,2,1,0,3,3,2,
11,3,1,0,2,2,1,0,3,3,2,
11,3,1,0,2,2,1,0,3,3,2,
11,3,1,0,2,2,1,0,3,3,2,
11,3,1,0,2,2,1,0,3,3,2,
11,3,1,0,2,2,1,0,3,3,2,
11,3,1,0,2,2,1,0,3,3,3,
11,3,1,0,2,2,1,0,3,3,3,
11,3,1,0,2,2,1,0,3,3,3,
11,3,1,0,2,2,1,0,3,4,3,
11,3,1,1,2,2,1,0,3,4,3,
13,3,4,3,5,2,1,0,5,3,5,
12,3,2,1,2,2,2,0,4,4,3,
14,3,1,0,2,2,1,0,3,3,2,
12,3,2,1,2,2,2,0,4,4,3,
12,3,2,1,2,2,2,0,4,4,3,
12,3,2,1,3,2,2,0,4,4,3,
12,3,2,1,3,2,2,0,4,4,3,
12,3,5,1,3,2,2,0,4,4,3,
13,3,1,0,4,2,1,0,3,3,4,
11,3,1,0,2,2,1,0,3,3,2,
11,3,1,0,2,2,1,0,3,3,2,
11,3,1,0,2,2,1,0,3,3,2,
11,2,0,0,1,1,1,0,2,2,1,
11,3,1,0,2,2,1,0,3,3,2,
16,3,2,1,2,2,2,0,4,4,3,
11,3,1,0,2,2,1,0,3,3,2,
14,3,2,1,2,2,2,0,4,4,3,
11,3,1,0,2,2,1,0,3,3,2,
11,3,1,0,2,2,1,0,3,3,2,
11,3,1,0,2,2,1,0,3,3,2,
11,3,1,0,2,2,1,0,3,3,2,
11,3,1,0,2,2,1,0,3,3,3,
11,3,1,0,2,2,1,0,3,3,3,
13,3,1,1,2,2,1,0,3,4,3,
11,3,1,1,2,2,1,0,3,4,3,
13,5,1,1,2,2,1,0,3,6,3,
11,3,1,1,2,2,2,0,3,4,3,
12,3,2,1,2,2,2,0,4,4,3,
12,3,2,1,2,2,2,0,4,4,3,
12,3,2,1,2,2,2,0,4,4,3,
12,3,2,1,2,2,2,0,4,4,3,
12,3,2,1,2,2,2,0,4,4,3,
12,3,2,1,2,2,2,0,4,4,3,
12,3,2,1,2,2,2,0,4,4,3,
12,3,2,1,2,2,2,0,4,4,3,
12,3,2,1,3,2,2,0,4,4,3,
14,3,2,1,5,2,2,0,7,4,5,
11,3,1,0,2,1,1,0,3,3,2,
11,3,2,0,1,2,1,0,3,3,2,
12,3,1,0,3,2,1,0,3,3,4,
11,3,1,0,2,2,1,0,3,3,2,
11,3,1,0,2,2,1,0,3,3,2,
11,3,1,0,2,2,1,0,3,3,2,
11,3,1,0,2,2,1,0,3,3,2,
13,3,1,0,2,2,1,0,3,5,2,
12,3,2,1,2,2,2,0,4,4,3,
11,3,1,0,2,2,1,0,3,3,2,
14,3,1,0,2,2,1,0,3,3,2,
11,3,1,0,2,2,1,0,3,3,3,
11,3,1,0,2,2,1,0,3,3,3,
12,3,1,1,2,2,1,0,4,4,3,
11,3,1,1,2,3,2,0,3,4,3,
13,3,4,3,4,2,1,0,4,4,5,
12,3,2,1,2,2,2,0,4,4,3,
12,4,2,1,2,2,2,0,4,4,3,
15,4,2,1,2,3,1,0,4,4,3,
12,3,2,1,3,2,2,0,4,4,3,
12,3,2,1,2,2,2,0,4,4,3,
12,3,2,1,2,2,2,0,4,4,3,
12,3,2,1,3,2,2,0,4,4,3,
12,3,2,1,3,2,2,0,4,4,3,
12,3,2,1,3,2,2,0,4,4,3,
12,4,2,1,3,2,2,0,4,4,3,
11,3,1,0,2,2,1,0,3,3,2,
11,3,1,0,2,2,1,0,3,3,2,
12,4,1,0,2,2,1,0,4,4,4,
11,3,1,0,2,2,1,0,3,3,2,
13,3,4,3,5,2,1,0,5,3,5,
11,3,1,0,2,2,1,0,3,3,2,
11,3,1,0,2,2,1,0,3,3,2,
11,3,1,0,2,2,1,0,3,3,3,
11,3,1,0,2,2,1,0,3,3,2,
13,3,1,0,2,2,1,0,3,3,2,
11,3,1,0,2,2,1,0,3,3,3,
11,3,1,0,2,2,1,0,3,3,3,
11,3,1,0,2,2,1,0,3,4,3,
11,3,1,3,2,2,1,0,3,4,3,
12,3,2,1,2,2,2,0,4,4,3,
14,3,2,1,2,2,2,0,4,4,3,
14,6,5,1,6,5,6,0,6,6,6,
12,3,2,1,2,2,2,0,4,4,3,
13,3,1,1,2,2,2,0,4,4,3,
12,3,2,1,2,2,2,0,4,4,3,
12,3,2,1,2,2,2,0,4,4,3,
12,3,2,1,2,2,2,0,4,4,3,
12,3,2,1,3,2,2,0,4,4,3,
15,4,2,1,3,3,2,0,4,4,3,
12,3,1,0,2,1,1,1,3,3,2,
11,3,1,0,2,2,1,0,3,3,2,
11,3,1,0,2,2,1,0,3,3,2,
11,3,1,0,2,2,1,0,3,3,2,
11,3,1,0,2,2,1,0,3,3,2,
13,3,1,0,2,2,1,0,5,3,2,
11,3,1,0,2,2,1,0,3,3,2,
11,3,1,0,2,2,1,0,3,3,3,
11,3,1,0,2,2,1,0,3,3,2,
11,3,2,1,2,2,2,0,4,4,3,
11,3,1,0,2,2,1,0,3,3,3,
14,3,1,0,4,2,1,0,3,4,5,
11,3,1,0,2,2,1,0,3,3,3,
11,3,2,0,2,2,1,0,3,4,2,
12,3,1,1,2,2,1,0,3,4,3,
11,3,1,1,2,2,1,0,3,4,3,
12,3,1,1,2,2,2,0,4,4,3,
12,3,2,1,2,2,2,0,4,4,3,
12,3,2,1,2,2,2,0,4,4,3,
12,3,2,1,2,2,2,0,4,4,3,
12,3,2,1,2,2,2,0,4,4,3,
11,3,2,1,2,2,2,0,4,4,3,
12,3,1,0,2,2,1,0,3,3,2,
13,5,2,1,5,5,5,0,5,5,5,
12,3,2,1,2,2,2,0,4,4,3,
12,3,2,1,2,2,2,0,4,4,3,
11,3,1,0,2,2,1,0,3,3,2,
11,3,1,0,3,1,1,0,3,3,3,
11,3,1,0,2,2,1,0,3,3,2,
11,3,1,0,2,2,1,0,3,3,3,
15,4,1,0,2,3,1,0,5,5,2,
11,3,1,0,2,2,1,0,3,3,2,
11,3,1,0,2,2,1,0,3,3,2,
11,3,1,0,2,2,1,0,3,3,2,
11,3,1,0,2,2,1,0,3,3,2,
11,3,1,0,2,2,1,0,3,3,2,
13,5,1,0,2,2,1,0,5,5,3,
11,3,1,1,2,2,1,0,3,3,3,
11,3,1,0,2,2,1,0,3,3,3,
11,3,1,0,2,2,1,0,3,3,3,
12,3,1,1,2,2,2,0,3,4,3,
11,3,2,1,2,2,2,0,4,4,3,
12,3,3,2,4,2,2,0,4,4,4,
11,3,2,1,2,2,2,0,4,4,3,
14,3,1,0,2,1,1,0,3,3,2,
12,3,2,1,2,2,2,0,4,4,3,
12,3,2,1,2,2,2,0,4,4,3,
12,3,2,1,2,2,2,0,4,4,3,
12,3,2,1,2,2,2,0,4,4,3,
12,3,2,1,3,2,2,0,4,4,3,
12,3,2,1,2,2,2,0,4,4,3,
12,3,1,0,2,1,1,0,3,3,2,
11,3,1,0,2,2,1,0,3,3,2,
13,3,1,0,2,2,1,0,3,3,2,
13,6,1,0,2,2,1,0,6,6,2,
11,3,1,0,2,2,1,0,3,3,2,
11,3,1,0,2,2,1,0,3,3,2,
11,3,1,0,2,2,1,0,3,3,2,
11,3,1,0,2,2,1,0,3,3,2,
11,3,1,0,2,2,1,0,3,3,2,
11,3,1,0,2,2,1,0,3,3,2,
13,5,1,1,2,4,1,0,5,5,2,
11,3,1,0,2,2,1,0,3,3,3,
11,3,1,0,2,2,1,0,3,3,3,
11,3,1,0,2,2,1,0,3,3,3,
11,3,1,0,2,2,1,0,3,3,3,
11,3,1,1,2,2,1,0,3,4,3,
16,8,1,1,2,4,2,0,5,8,3,
11,3,1,1,2,2,2,0,4,4,3,
11,3,1,1,2,2,2,0,4,4,3,
12,3,2,1,2,2,2,0,4,4,3,
12,3,2,1,2,2,2,0,4,4,3,
12,3,2,1,2,2,2,0,4,4,3,
14,3,4,3,5,2,2,0,5,4,5,
12,3,2,1,3,2,2,0,4,4,3,
14,3,1,0,2,2,1,0,3,3,3,
12,3,2,1,3,2,2,0,4,4,3,
11,3,1,0,2,2,1,0,3,3,2,
11,3,1,0,2,2,1,0,3,3,2,
11,3,1,0,2,2,1,0,3,3,2,
11,3,1,0,2,2,1,0,3,3,2,
12,3,3,2,4,2,1,0,3,3,4,
11,3,1,0,2,2,1,0,3,3,2,
11,3,1,0,2,2,1,0,3,3,2,
13,3,1,0,2,2,1,0,3,3,2,
13,5,1,0,5,5,1,0,5,5,5,
11,3,1,0,2,2,1,0,3,3,3,
11,3,1,0,2,2,1,0,3,3,2,
11,3,1,0,2,2,1,0,3,3,3,
16,3,1,0,2,2,1,0,3,3,2,
11,3,1,0,2,2,1,0,3,3,3,
11,3,1,0,2,2,1,0,3,4,3,
14,3,1,0,2,2,1,0,3,3,3,
11,3,1,1,2,2,2,0,4,4,3,
14,3,2,1,2,2,2,0,4,4,3,
11,3,1,1,2,2,2,0,4,4,3,
12,3,2,1,2,2,2,0,4,4,3,
12,3,2,1,2,2,2,0,4,4,3,
12,3,2,1,2,2,2,0,4,4,3,
12,3,2,1,3,2,2,0,4,4,3,
12,3,2,1,3,2,2,0,4,4,3,
12,4,2,1,3,2,2,0,4,4,3,
12,3,1,0,2,2,1,0,3,3,2,
11,3,1,0,2,1,1,0,3,3,2,
12,3,3,2,4,1,1,0,4,3,5,
11,3,1,0,2,2,1,0,3,3,2,
14,3,1,0,2,2,1,0,3,3,2,
11,3,1,0,2,2,1,0,3,3,2,
11,3,1,0,2,2,1,0,3,3,2,
11,3,1,0,2,2,1,0,3,3,2,
13,4,2,1,3,2,2,0,4,4,3,
11,3,1,0,2,2,1,0,3,3,2,
13,3,1,0,5,2,1,0,3,3,5,
11,3,1,0,2,2,1,0,3,3,2,
11,3,1,0,2,2,1,0,3,3,3,
13,4,1,0,2,3,3,0,5,5,3,
11,2,0,0,1,1,1,0,2,2,2,
11,3,1,0,2,2,1,0,3,3,3,
14,3,1,0,2,2,1,0,3,3,3,
11,3,1,1,2,2,1,0,3,4,3,
14,3,2,0,2,2,1,0,3,3,2,
11,3,2,1,2,2,2,0,4,4,3,
13,5,2,1,2,2,2,0,4,5,3,
12,3,2,1,2,2,2,0,4,4,3,
12,3,2,1,2,2,2,0,4,4,3,
12,3,2,1,2,2,2,0,4,4,3,
12,3,1,0,2,1,1,0,3,3,2,
12,3,2,1,3,2,2,0,4,4,3,
14,6,2,1,3,5,2,0,6,6,3,
12,4,1,0,2,2,1,0,2,4,2,
11,3,1,0,2,2,1,0,3,3,2,
11,3,1,0,2,2,1,0,3,3,2,
11,3,1,0,2,2,1,0,3,3,2,
11,3,1,0,2,2,1,0,3,3,2,
11,3,1,0,2,2,1,0,3,3,2,
11,3,1,0,2,2,1,0,3,3,2,
11,3,1,0,2,2,1,0,3,3,2,
11,3,1,0,2,2,1,0,3,3,3,
11,3,1,0,2,2,1,0,3,3,2,
11,3,1,0,2,2,1,0,3,3,2,
13,3,4,3,5,2,1,0,5,3,5,
11,3,1,0,2,2,1,0,3,3,3,
14,3,1,0,2,2,1,0,3,3,2,
11,3,1,0,2,2,1,0,3,4,3,
11,3,1,0,2,2,1,0,3,4,3,
11,3,1,0,2,2,1,0,3,4,3,
11,3,1,1,2,2,2,0,4,4,3,
11,3,1,1,2,2,2,0,4,4,3,
11,3,2,1,2,2,2,0,4,4,3,
12,3,2,1,2,2,2,0,4,4,3,
12,3,2,1,2,2,2,0,4,4,3,
14,3,1,0,2,2,1,0,3,3,2,
14,6,2,1,3,2,2,0,6,6,3,
12,4,2,1,3,2,2,0,4,4,3,
11,3,1,0,2,1,1,0,3,3,2,
11,3,1,0,2,1,1,0,3,3,2,
11,3,1,0,2,2,1,0,3,3,2,
11,3,1,0,2,2,1,0,3,3,2,
11,3,1,0,2,2,1,0,3,3,2,
12,3,1,0,2,2,1,0,3,3,2,
12,3,1,0,2,2,1,0,3,3,2,
11,3,1,0,2,2,1,0,3,3,2,
11,3,1,0,2,2,1,0,3,3,2,
11,3,1,0,2,2,1,0,3,3,2,
11,3,1,0,2,2,1,0,3,3,2,
11,3,1,0,2,2,1,0,3,3,2,
11,3,1,0,2,2,1,0,3,3,2,
11,3,1,0,2,2,1,0,3,3,3,
13,3,1,0,2,2,1,0,3,3,3,
11,3,1,0,2,2,1,0,3,3,3,
11,3,1,1,2,2,1,0,3,4,3,
12,3,2,1,2,2,2,0,4,4,3,
11,3,1,1,2,2,2,0,4,4,3,
14,3,2,1,2,2,2,0,4,4,3,
12,3,2,1,2,2,2,0,4,4,3,
12,3,2,1,2,2,2,0,4,4,3,
12,4,2,1,2,2,2,0,4,4,3,
12,3,2,1,2,2,2,0,4,4,3,
12,4,2,1,2,2,2,0,4,4,2,
11,3,1,0,2,1,1,0,3,3,2,
11,3,1,0,2,2,1,0,3,3,3,
11,3,1,0,2,2,1,0,3,3,3,
11,3,1,0,2,2,1,0,3,3,2,
12,0,0,0,0,0,0,0,0,1,0,
11,3,1,0,2,2,1,0,3,3,2,
14,3,1,0,2,2,1,0,3,3,2,
11,3,1,0,2,2,1,0,3,3,2,
14,3,1,0,2,2,1,0,3,3,2,
11,3,1,0,2,2,1,0,3,3,2,
11,3,1,0,2,2,1,0,3,3,2,
11,3,1,0,2,2,1,0,3,3,2,
11,3,1,0,2,2,1,0,3,3,2,
11,3,1,0,2,2,1,0,3,3,3,
11,3,1,0,2,2,1,0,3,3,3,
11,3,1,0,2,2,1,0,3,3,3,
14,5,1,1,2,2,1,0,6,6,3,
13,5,1,1,2,2,1,0,3,5,3,
11,3,1,1,2,2,1,0,3,4,3,
11,3,2,1,2,2,2,0,4,4,3,
12,3,2,1,2,2,2,0,4,4,3,
12,3,2,1,2,2,2,0,4,4,3,
13,3,1,0,2,2,1,0,3,3,3,
12,4,2,1,3,2,2,0,4,4,3,
12,3,1,0,2,1,1,0,3,3,2,
12,3,1,0,2,2,1,0,3,3,2,
11,3,1,0,2,2,1,0,3,3,2,
11,3,1,0,2,2,1,0,3,3,2,
11,3,1,0,2,2,1,0,3,3,2,
11,3,1,0,2,2,1,0,3,3,2,
11,3,2,0,1,2,1,0,3,3,2,
11,3,1,0,2,2,1,0,3,3,2,
11,3,1,0,2,2,1,0,3,3,2,
11,3,1,0,2,2,1,0,3,3,2,
11,3,1,0,2,2,1,0,3,3,2,
11,3,1,0,2,2,1,0,3,3,2,
11,3,1,0,2,2,1,0,3,3,2,
11,3,1,0,2,2,1,0,3,3,3,
11,3,1,0,2,2,1,0,3,3,3,
14,3,1,0,2,2,1,0,3,4,3,
14,6,1,0,2,2,1,0,6,6,3,
11,3,1,1,2,2,2,0,3,4,3,
11,3,1,1,2,2,2,0,4,4,3,
11,3,2,1,2,2,2,0,4,4,3,
12,3,2,1,2,2,2,0,4,4,3,
12,3,2,1,2,2,2,0,4,4,3,
12,3,2,1,2,2,2,0,4,4,3,
15,5,1,1,2,4,1,0,6,6,3,
12,4,2,1,3,2,2,0,4,4,3,
12,3,1,0,2,1,1,0,3,3,2,
12,3,3,0,3,3,3,0,3,3,3,
12,3,1,0,2,2,1,0,3,3,2,
11,3,1,0,2,2,1,0,3,3,2,
11,3,1,0,2,2,1,0,3,3,2,
11,3,1,0,2,2,1,0,3,3,2,
11,3,1,0,2,2,1,0,3,3,2,
11,3,1,0,2,2,1,0,3,3,2,
12,3,1,0,2,2,1,0,3,3,4,
11,3,1,0,2,2,1,0,3,3,2,
12,3,3,3,4,2,1,0,5,3,5,
11,3,1,0,2,2,1,0,3,3,2,
14,4,2,1,3,2,2,0,4,4,3,
11,3,1,0,2,2,1,0,3,3,2,
11,3,1,0,2,2,1,0,3,3,3,
11,3,1,0,2,2,1,0,3,3,3,
11,3,1,1,2,2,1,0,3,4,3,
12,3,1,0,2,2,1,0,3,3,3,
11,3,1,1,2,2,1,0,3,4,3,
11,3,1,1,2,2,2,0,4,4,3,
11,3,1,1,2,2,2,0,4,4,3,
14,3,1,0,2,2,1,0,3,3,3,
14,6,2,1,2,2,2,0,6,6,3,
12,3,2,1,2,2,2,0,4,4,3,
12,3,2,1,3,2,2,0,4,4,3,
12,3,2,1,2,2,2,0,4,4,3,
12,3,2,1,3,2,2,0,4,4,3,
12,3,1,0,2,1,1,0,3,3,2,
12,3,1,0,2,2,1,0,3,3,2,
13,3,1,0,2,2,1,0,3,3,2,
11,3,1,0,2,2,1,0,3,3,2,
12,3,1,0,2,2,1,0,3,3,2,
11,3,1,0,2,2,1,0,3,3,2,
11,3,1,0,2,2,1,0,3,3,2,
11,3,1,0,2,2,1,0,3,3,2,
14,6,1,0,2,2,1,0,3,6,2,
11,3,1,0,2,2,1,0,3,3,2,
11,3,1,0,2,2,1,0,3,3,2,
11,3,1,0,2,2,1,0,3,3,2,
11,3,1,0,2,2,1,0,3,3,3,
11,3,1,0,2,2,1,0,3,3,3,
12,3,3,3,4,2,2,0,4,3,5,
11,3,1,1,2,2,2,0,3,4,3,
14,3,1,0,2,2,1,0,3,3,2,
11,3,1,1,2,2,2,0,4,4,3,
11,3,1,1,2,2,2,0,4,4,3,
12,3,2,1,2,2,2,0,4,4,3,
11,3,2,1,2,2,2,0,4,4,3,
12,3,2,1,2,2,2,0,4,4,3,
12,3,2,1,3,2,2,0,4,4,3,
12,3,2,1,2,2,2,0,4,4,3,
12,3,2,1,3,2,2,0,4,4,3,
12,3,1,1,2,2,2,0,4,4,3,
12,1,0,0,0,0,1,0,1,1,1,
12,3,1,0,2,2,1,0,3,3,2,
12,3,1,0,2,2,1,0,3,3,2,
11,3,1,0,2,2,1,0,3,3,2,
14,3,2,1,2,2,4,0,4,4,3,
11,3,1,0,2,2,1,0,3,3,2,
11,3,1,0,2,2,1,0,3,3,2,
14,3,1,0,2,2,1,0,3,3,2,
11,3,1,0,2,2,1,0,3,3,2,
14,3,1,0,2,2,1,0,3,3,2,
11,3,1,0,2,2,1,0,3,3,2,
11,3,1,0,2,2,1,0,3,3,2,
11,3,1,0,2,2,1,0,3,3,3,
12,3,1,0,4,2,1,0,3,3,4,
11,3,1,0,2,2,1,0,3,3,3,
11,3,1,1,2,2,2,0,4,4,3,
11,3,1,1,2,2,1,0,4,4,3,
11,3,2,1,2,2,2,0,4,4,3,
11,3,2,1,2,2,2,0,4,4,3,
14,3,4,3,5,2,1,0,5,4,6,
11,3,2,1,2,2,2,0,4,4,3,
14,3,1,1,2,2,2,0,4,4,3,
12,3,2,1,3,2,2,0,4,4,3,
12,3,2,1,3,2,2,0,4,4,3,
12,3,2,1,3,2,2,0,4,4,3,
12,3,1,0,2,1,1,0,3,3,2,
12,3,1,0,2,1,1,0,3,3,2,
14,4,1,0,5,3,2,0,4,4,5,
34,3,1,0,2,2,1,0,3,3,2,
11,3,1,0,2,2,1,0,3,3,2,
12,3,2,1,3,2,2,0,4,4,3,
11,3,3,3,3,3,4,0,3,3,3,
11,3,1,0,2,2,1,0,3,3,2,
11,3,1,0,2,2,1,0,3,3,2,
11,3,1,0,2,2,1,0,3,3,2,
11,3,1,0,2,2,1,0,3,3,2,
11,3,1,0,2,2,1,0,3,3,2,
11,3,1,0,2,2,1,0,3,4,2,
11,3,1,0,2,2,1,0,4,4,3,
11,3,1,0,2,2,1,0,3,3,2,
11,3,1,0,2,2,1,0,3,3,3,
11,3,1,0,2,2,1,0,3,4,3,
11,3,1,1,2,2,2,0,4,4,3,
11,3,2,1,2,2,2,0,4,4,3,
11,3,1,1,2,2,2,0,4,4,3,
11,3,2,1,2,2,2,0,4,4,3,
11,3,2,1,2,2,2,0,4,4,3,
12,3,2,1,2,2,2,0,4,4,3,
11,3,2,1,2,2,2,0,4,4,3,
12,3,2,1,3,2,2,0,4,4,3,
12,4,3,2,4,3,2,0,4,4,5,
12,3,2,1,3,2,2,0,4,4,3,
13,3,1,1,2,2,2,0,4,4,3,
12,3,1,0,2,1,1,0,3,3,2,
11,3,1,0,2,1,1,0,3,3,2,
11,3,1,0,2,2,1,0,3,3,2,
11,3,1,0,2,2,1,0,3,3,2,
11,3,1,0,2,2,1,0,3,3,2,
11,3,1,0,2,2,1,0,3,3,2,
11,3,1,0,2,2,1,0,3,3,2,
11,3,1,0,2,2,1,0,3,3,2,
14,3,1,0,2,2,1,0,3,3,2,
14,6,1,0,2,2,1,0,6,6,2,
11,3,1,0,2,2,1,0,3,3,2,
11,3,1,0,2,2,1,0,3,3,3,
13,5,1,0,2,2,1,0,5,5,5,
11,3,1,0,2,2,1,0,3,3,3,
11,3,1,1,2,2,2,0,3,4,3,
11,3,1,1,2,2,1,0,3,4,3,
14,5,1,1,2,4,2,0,6,6,3,
11,3,1,1,2,2,2,0,4,4,3,
13,3,2,1,4,2,2,0,4,4,5,
12,3,2,1,2,2,2,0,4,4,3,
11,3,2,1,2,2,2,0,4,4,3,
12,3,2,1,2,2,2,0,4,4,3,
12,3,2,1,3,2,2,0,4,4,3,
12,3,2,1,2,2,2,0,4,4,3,
12,3,2,1,2,2,2,0,4,4,3,
12,3,2,1,4,2,2,0,4,4,4,
12,4,2,1,3,2,2,0,4,4,3,
12,3,2,1,2,2,2,0,4,4,3,
13,3,4,3,4,2,1,0,5,3,5,
11,3,1,0,2,2,1,0,3,3,2,
11,3,1,0,2,2,1,0,3,3,2,
11,3,1,0,2,2,1,0,3,3,2,
11,3,1,0,2,2,1,0,3,3,2,
11,3,1,0,2,2,1,0,3,3,2,
11,3,1,0,2,2,1,0,3,3,2,
11,3,1,0,2,2,1,0,3,3,3,
11,3,1,0,2,2,1,0,3,3,2,
11,3,1,0,2,2,1,0,3,3,2,
11,3,1,0,2,2,1,0,3,3,3,
14,3,1,0,2,2,1,0,3,3,2,
14,3,1,1,2,2,1,0,4,7,3,
11,3,1,0,2,2,1,0,3,4,3,
12,3,1,1,2,2,2,0,4,4,3,
12,3,2,1,2,2,2,0,4,4,3,
11,3,2,1,2,2,2,0,4,4,3,
12,3,2,1,2,2,2,0,4,4,3,
12,3,2,1,2,2,2,0,4,4,3,
12,3,2,1,2,2,2,0,4,4,3,
12,3,2,1,3,2,2,0,4,4,3,
12,3,2,1,2,2,2,0,4,4,3,
12,3,2,1,2,2,2,0,4,4,3,
12,4,2,1,3,2,2,0,4,4,3,
12,3,1,0,2,1,1,0,3,3,2,
11,3,1,0,2,1,1,0,3,3,2,
11,3,1,0,2,2,1,0,3,3,2,
11,3,1,0,2,2,1,0,3,3,2,
11,3,1,0,2,2,1,0,3,3,2,
11,3,1,0,2,2,1,0,3,3,2,
11,3,1,0,2,2,1,0,3,3,3,
13,3,4,3,5,2,1,0,5,3,5,
11,3,1,0,2,2,1,0,3,3,3,
11,3,2,0,1,2,1,0,3,3,2,
11,3,1,0,3,2,1,0,3,4,3,
11,3,1,0,2,2,1,0,3,4,3,
11,3,1,0,2,2,1,0,3,4,3,
11,3,1,0,2,2,1,0,3,4,3,
11,3,1,1,2,2,1,0,3,4,3,
11,3,1,1,2,2,1,0,3,4,3,
11,3,1,1,2,2,1,0,4,4,3,
11,3,1,1,2,2,1,0,3,4,3,
13,3,1,0,2,2,1,0,3,3,2,
13,5,5,1,5,5,5,0,5,5,5,
12,3,2,1,2,2,2,0,4,4,3,
12,3,2,1,2,2,2,0,4,4,3,
12,3,2,1,2,2,2,0,4,4,3,
12,3,2,1,2,2,2,0,4,4,3,
12,4,2,1,3,2,2,0,4,4,3,
12,3,1,0,2,2,1,0,3,3,2,
12,4,1,0,2,3,0,0,4,4,2,
11,3,1,0,2,2,1,0,3,3,2,
11,3,1,0,2,2,1,0,3,3,2,
11,3,1,0,2,2,1,0,3,3,2,
11,3,1,0,2,2,1,0,3,3,2,
11,3,1,0,2,2,1,0,3,3,2,
11,3,1,0,2,2,1,0,3,3,2,
12,3,1,1,2,2,2,0,4,4,3,
11,3,1,0,2,2,1,0,3,3,3,
11,3,1,0,2,2,1,0,3,3,3,
11,3,1,0,2,2,1,0,3,3,2,
11,3,1,0,2,2,1,0,3,4,3,
13,3,4,3,5,2,1,0,6,3,5,
12,3,1,0,2,2,1,0,3,4,3,
14,3,1,0,2,2,1,0,3,3,2,
11,3,1,1,2,2,2,0,3,4,3,
11,3,1,0,2,2,1,0,3,3,2,
12,3,1,0,2,1,1,0,3,3,2,
11,3,1,1,2,2,2,0,4,4,3,
13,3,1,1,2,2,1,0,3,4,3,
11,3,2,1,2,2,2,0,4,4,3,
12,3,2,1,2,2,2,0,4,4,3,
12,3,2,1,2,2,2,0,4,4,3,
12,3,2,1,3,2,2,0,4,4,3,
12,3,2,1,3,2,2,0,4,4,3,
12,3,2,1,3,2,2,0,4,4,3,
12,3,1,0,2,2,1,0,3,3,2,
11,3,1,0,2,1,1,0,3,3,2,
14,3,2,1,2,2,2,0,4,4,3,
13,5,1,0,2,5,6,1,5,5,2,
11,3,1,0,2,2,1,0,3,3,2,
11,3,1,0,2,2,1,0,3,3,2,
11,3,1,0,2,2,1,0,3,3,2,
11,3,1,0,2,2,1,0,3,3,3,
11,3,1,0,2,2,1,0,3,3,2,
11,3,1,0,2,2,1,0,3,3,3,
12,4,1,1,2,2,1,0,4,4,3,
11,3,1,0,2,2,1,0,3,4,3,
11,3,1,0,2,2,1,0,3,4,3,
11,3,1,0,2,2,1,0,3,4,3,
11,3,1,0,2,2,1,0,3,4,3,
11,3,1,0,2,2,1,0,3,4,3,
14,3,2,1,2,2,2,0,4,7,3,
11,3,2,1,2,2,2,0,4,4,3,
12,3,2,1,2,2,2,0,4,4,3,
12,3,2,1,2,2,2,0,4,4,3,
12,4,2,1,3,2,2,0,4,4,3,
12,4,2,1,3,2,2,0,3,4,3,
13,3,4,3,5,2,2,0,5,4,5,
12,4,2,1,3,2,2,0,4,4,3,
15,3,2,1,2,2,2,0,4,4,3,
11,3,1,0,2,2,1,0,3,3,2,
11,3,1,0,2,2,1,0,3,3,2,
11,3,1,0,2,2,1,0,3,3,2,
11,3,1,0,2,2,1,0,3,3,2,
11,3,2,0,3,2,1,0,3,3,4,
11,3,1,0,2,2,1,0,3,3,3,
11,3,1,1,2,2,1,0,3,3,3,
11,3,1,1,2,2,1,0,3,3,3,
14,3,1,0,2,2,1,0,3,3,2,
12,4,1,1,4,4,1,0,4,4,4,
11,3,1,1,2,2,1,0,3,3,3,
11,3,1,0,2,2,1,0,3,3,3,
11,3,1,1,2,2,1,0,3,4,3,
11,3,2,1,3,2,1,0,3,4,3,
11,3,1,1,2,2,1,0,3,4,3,
12,3,2,1,2,2,2,0,4,4,3,
11,3,2,1,2,2,2,0,4,4,3,
11,3,2,1,2,2,2,0,4,4,3,
12,3,2,1,2,2,2,0,4,4,3,
36,4,27,26,27,2,2,0,4,4,28,
12,3,2,1,3,2,2,0,4,4,3,
12,3,2,1,2,2,2,0,4,4,3,
12,3,2,1,3,2,2,0,4,4,3,
12,3,2,1,2,2,2,0,4,4,3,
13,3,1,0,2,2,1,0,3,4,3,
12,3,1,0,2,1,1,0,3,3,2,
11,3,1,0,2,2,1,0,3,3,2,
11,3,1,0,2,2,1,0,3,3,2,
13,3,4,3,5,2,1,0,5,3,5,
11,3,1,0,2,2,1,0,3,3,2,
11,3,2,0,1,2,1,0,3,3,2,
11,3,1,0,2,2,1,0,3,3,3,
11,3,1,0,2,2,1,0,3,3,2,
11,3,1,0,2,2,1,0,3,3,2,
11,3,1,0,2,2,1,0,3,3,3,
11,3,1,0,2,2,1,0,3,3,2,
11,3,1,0,2,2,1,0,3,3,2,
11,3,1,0,2,2,1,0,3,3,2,
11,3,1,0,2,2,1,0,3,3,3,
14,3,1,0,2,2,1,0,3,4,3,
14,3,1,0,2,2,1,0,6,6,3,
11,3,1,0,2,2,1,0,3,4,3,
12,3,1,1,2,2,2,0,4,4,3,
12,3,2,1,2,2,2,0,4,4,3,
11,3,2,1,2,2,2,0,4,4,3,
12,3,2,1,2,2,2,0,4,4,3,
12,3,2,1,2,2,2,0,4,4,3,
14,6,2,1,3,5,2,0,6,6,3,
12,4,2,1,3,2,2,0,4,4,3,
12,3,1,0,2,2,1,0,3,3,2,
12,3,1,0,2,2,1,0,3,3,2,
11,3,1,0,2,2,1,0,3,3,2,
11,3,1,0,2,2,1,0,3,3,2,
11,3,1,0,2,2,1,0,3,3,2,
11,3,1,0,2,2,1,0,3,3,2,
11,3,1,0,2,2,1,0,3,3,2,
11,3,1,0,2,2,1,0,3,3,2,
11,3,1,0,2,2,1,0,3,3,2,
11,3,1,0,2,2,1,0,3,4,3,
14,3,3,0,4,2,1,0,6,3,5,
11,3,1,0,2,2,1,0,3,3,3,
11,3,1,0,2,2,1,0,3,3,2,
12,3,3,3,4,2,1,0,3,4,4,
11,3,1,0,2,2,1,0,3,4,3,
11,3,1,0,2,2,1,0,3,4,3,
33,3,1,1,2,25,1,0,4,4,3,
11,3,1,0,2,2,1,0,4,4,3,
11,3,1,1,2,2,1,0,3,4,3,
11,3,1,1,2,2,1,0,4,4,3,
34,27,2,1,2,2,2,0,4,4,3,
15,3,1,1,2,2,2,0,4,4,3,
14,6,2,1,2,2,2,0,6,6,3,
12,3,2,1,3,2,2,0,4,4,3,
12,3,2,1,3,2,2,0,4,4,3,
12,3,1,0,2,1,1,0,3,3,2,
12,3,1,0,2,2,1,0,3,3,2,
11,3,1,0,2,2,1,0,3,3,2,
11,3,1,0,2,2,1,0,3,3,2,
13,5,1,0,2,4,2,1,5,5,2,
11,3,1,0,2,2,1,0,3,3,2,
11,3,1,0,2,2,1,0,3,3,2,
11,3,1,0,2,2,1,0,3,3,3,
11,3,1,0,2,2,1,0,3,4,3,
11,3,1,0,2,2,1,0,3,3,2,
11,3,1,0,2,2,1,0,3,3,3,
11,3,1,0,2,2,1,0,3,3,3,
11,3,1,0,2,2,1,0,3,3,2,
11,3,1,0,2,2,1,0,3,3,3,
11,3,1,0,2,2,1,0,3,3,3,
11,3,1,0,2,2,1,0,3,4,3,
13,3,4,3,5,2,1,0,5,3,5,
11,3,1,1,2,2,2,0,3,4,3,
11,3,1,1,2,2,2,0,4,4,3,
11,3,2,1,2,2,2,0,4,4,3,
12,3,2,1,2,2,2,0,4,4,3,
11,3,2,1,2,2,2,0,4,4,3,
13,5,2,1,2,2,2,0,5,5,3,
12,3,2,1,2,2,2,0,4,4,3,
12,3,2,1,3,2,2,0,4,4,3,
32,2,1,0,2,1,1,23,3,3,2,
12,3,1,0,2,2,1,0,3,3,2,
14,3,2,1,2,2,2,0,4,4,3,
12,3,2,1,3,2,2,0,4,4,3,
11,3,1,0,2,2,1,0,3,3,2,
11,3,1,0,2,2,1,0,3,3,2,
11,3,1,0,2,2,1,0,3,3,2,
11,3,1,0,2,2,1,0,3,3,2,
11,3,1,0,2,2,1,0,3,3,2,
11,3,1,0,2,2,1,0,3,3,2,
33,5,1,0,25,4,1,0,5,5,2,
11,3,1,0,2,2,1,0,3,3,3,
11,3,1,0,2,2,1,0,3,3,2,
11,3,1,0,2,2,1,0,3,3,2,
11,3,1,0,2,2,1,0,3,3,2,
11,3,1,0,2,2,1,0,3,3,2,
11,3,1,0,2,2,1,0,3,3,2,
11,3,1,0,2,2,1,0,3,3,2,
11,3,1,0,2,2,1,0,3,3,3,
11,3,1,0,2,2,1,0,3,3,3,
11,3,2,1,2,2,2,0,4,4,3,
11,3,2,1,2,2,2,0,4,4,3,
11,3,2,1,2,2,2,0,4,4,3,
12,3,2,1,4,2,2,0,4,4,4,
12,3,4,1,2,2,2,0,4,4,3,
14,3,2,1,6,2,2,0,4,4,6,
12,3,2,1,2,2,2,0,4,4,3,
12,3,2,1,2,2,2,0,4,4,3,
12,2,1,0,2,1,1,0,3,3,2,
12,1,0,0,0,0,1,0,1,1,0,
12,3,1,0,2,2,1,0,3,3,2,
11,3,1,0,2,2,1,0,3,3,2,
11,3,1,0,2,2,1,0,3,3,2,
13,3,2,1,2,2,4,0,4,4,3,
11,3,1,0,2,2,1,0,3,3,2,
11,3,1,0,2,2,1,0,3,3,2,
33,3,1,0,2,2,1,0,25,3,2,
11,3,1,0,2,2,1,0,3,3,2,
13,3,1,0,2,2,1,0,3,3,2,
11,3,1,0,2,2,1,0,3,3,2,
11,3,1,0,2,2,1,0,3,3,2,
11,3,2,0,1,2,1,0,3,3,2,
14,3,1,0,2,2,1,0,3,6,2,
11,3,1,0,2,2,1,0,3,3,3,
11,3,1,1,2,2,1,0,3,4,3,
11,3,1,0,2,2,1,0,3,3,3,
33,3,24,1,2,2,1,0,3,4,3,
12,3,2,1,3,2,2,0,4,4,3,
13,3,4,3,5,2,1,0,4,4,5,
11,3,2,1,2,2,2,0,4,4,3,
16,3,1,0,2,2,1,0,3,3,3,
12,3,2,1,3,2,2,0,4,4,3,
12,3,1,0,2,2,1,0,3,3,2,
12,3,2,1,3,2,2,0,4,4,3,
12,3,2,1,3,2,2,0,4,4,3,
12,3,2,1,3,2,2,0,4,4,3,
11,3,1,0,2,2,1,0,3,3,2,
11,3,1,0,2,2,1,0,3,3,3,
11,3,1,0,2,2,1,0,3,3,2,
14,3,2,1,3,2,2,0,4,4,3,
13,3,1,0,2,2,1,0,6,6,2,
31,3,1,0,2,2,23,0,3,3,2,
11,3,1,0,2,2,1,0,3,3,2,
11,3,1,0,2,2,1,0,3,3,2,
11,3,1,0,2,2,1,0,3,3,2,
11,3,1,0,2,2,1,0,3,3,2,
11,3,1,0,2,2,1,0,3,3,3,
13,5,1,0,2,4,1,0,6,6,3,
12,4,1,0,2,2,1,0,3,4,3,
11,3,1,0,2,2,1,0,3,3,3,
11,3,1,1,2,2,2,0,4,4,3,
33,3,1,1,2,2,2,0,4,4,3,
11,3,2,1,2,2,2,0,4,4,3,
11,3,1,1,2,2,2,0,4,4,3,
11,3,2,1,2,2,2,0,4,4,3,
11,3,2,1,2,2,2,0,4,4,3,
11,3,2,1,2,2,2,0,4,4,3,
11,3,2,1,2,2,2,0,4,4,3,
12,3,2,1,2,2,2,0,4,4,3,
12,4,2,1,2,2,2,0,4,4,3,
12,3,2,1,3,2,2,0,4,4,3,
12,3,4,1,3,2,2,0,4,4,3,
12,3,2,1,5,2,2,0,4,4,6,
11,3,1,0,2,1,1,0,3,3,2,
11,3,1,0,2,2,1,0,3,3,2,
11,3,1,0,2,2,1,0,3,3,2,
11,1,0,0,0,0,1,0,1,1,0,
11,3,1,0,2,2,1,0,3,3,2,
11,3,1,0,2,2,1,0,3,3,2,
13,3,1,0,2,2,1,0,3,3,2,
11,3,1,0,2,2,1,0,3,3,2,
11,3,1,0,2,2,1,0,3,3,2,
35,3,1,0,2,2,1,0,3,3,27,
11,3,1,0,2,2,1,0,3,3,3,
11,3,1,0,2,2,1,0,3,3,2,
11,3,1,0,2,2,1,0,3,3,3,
11,3,1,0,2,2,1,0,3,4,3,
11,3,1,1,2,2,1,0,3,4,3,
11,3,1,1,2,2,2,0,4,4,3,
11,3,2,1,2,2,2,0,4,4,3,
11,3,2,1,2,2,2,0,4,4,3,
11,3,2,1,2,2,2,0,4,4,3,
12,3,2,1,2,2,2,0,4,4,3,
11,3,2,1,2,2,2,0,4,4,3,
37,3,2,1,2,2,2,0,4,29,3,
13,4,4,3,5,2,2,0,5,4,5,
12,3,2,1,3,2,2,0,4,4,3,
14,3,2,1,2,2,2,0,4,4,3,
11,3,1,0,2,1,1,0,3,3,2,
11,3,1,0,2,1,1,0,3,3,2,
11,3,1,0,2,2,1,0,3,3,2,
11,3,1,0,2,2,1,0,3,3,2,
11,3,1,0,2,2,1,0,3,3,2,
11,3,1,0,2,2,1,0,3,3,2,
11,3,1,0,2,2,1,0,3,3,2,
11,3,1,0,2,2,1,0,3,3,2,
14,3,1,0,2,2,1,0,3,3,2,
13,5,0,0,1,1,1,0,5,5,2,
11,3,1,0,2,2,1,0,3,3,3,
11,3,1,0,2,2,1,0,3,3,2,
11,3,1,0,2,2,1,0,3,3,3,
11,3,1,0,2,2,1,0,3,3,3,
11,3,1,1,2,2,2,0,3,4,3,
11,3,1,1,2,2,2,0,4,4,3,
14,5,1,1,2,4,1,0,6,6,3,
11,3,2,1,2,2,2,0,4,4,3,
11,3,2,1,2,2,2,0,4,4,3,
12,3,2,1,2,2,2,0,4,4,3,
11,3,2,1,2,2,2,0,4,4,3,
11,3,2,1,2,2,2,0,4,4,3,
11,3,2,1,2,2,2,0,4,4,3,
11,3,2,1,2,2,2,0,4,4,3,
12,3,1,0,2,2,1,0,3,3,2,
12,4,2,1,3,2,2,0,4,4,3,
13,3,2,1,3,2,2,0,4,4,3,
11,3,1,0,2,2,1,0,3,3,2,
13,3,1,0,2,2,1,0,3,3,2,
11,3,1,0,2,2,1,0,3,3,2,
12,3,2,0,1,2,1,0,3,3,2,
12,3,1,0,4,2,1,0,3,3,4,
11,3,1,0,2,2,1,0,3,3,2,
11,3,1,0,2,2,1,0,3,3,2,
11,3,1,0,2,2,1,0,3,3,3,
11,2,0,0,1,1,1,0,2,2,2,
11,3,1,0,2,2,1,0,3,3,3,
11,3,1,0,2,2,1,0,3,3,3,
11,3,1,0,2,2,1,0,3,3,3,
13,3,1,0,2,2,1,0,3,3,3,
11,3,1,0,2,2,1,0,3,4,3,
11,3,1,1,2,2,1,0,3,4,3,
14,3,1,1,2,2,2,0,4,4,3,
11,3,1,1,2,2,2,0,4,4,3,
14,3,2,1,2,2,2,0,4,4,3,
11,3,2,1,2,2,2,0,4,4,3,
11,3,2,1,2,2,2,0,4,4,3,
11,3,2,1,2,2,2,0,4,4,3,
15,6,2,1,2,2,2,0,4,7,3,
12,3,2,1,2,2,2,0,4,4,3,
12,3,2,1,3,2,2,0,4,4,3,
12,4,2,1,3,2,2,0,4,4,3,
11,3,1,0,2,2,1,0,3,3,2,
11,3,1,0,2,2,1,0,3,3,2,
12,3,4,3,5,2,2,0,6,4,5,
11,3,1,0,2,2,1,0,3,3,2,
13,3,1,0,2,2,1,0,3,3,2,
11,3,1,0,2,2,1,0,3,3,2,
11,3,1,0,2,2,1,0,3,3,2,
11,3,1,0,2,2,1,0,3,3,2,
11,3,1,0,2,2,1,0,3,3,2,
12,4,1,0,2,2,1,0,3,5,2,
11,3,1,0,2,2,1,0,3,3,3,
11,3,1,0,2,2,1,0,3,3,3,
11,3,1,0,2,2,1,0,3,3,3,
14,3,1,1,2,2,1,0,3,4,3,
13,6,1,1,2,2,2,0,6,6,6,
11,3,1,1,2,2,2,0,3,4,3,
11,3,1,1,2,2,2,0,3,4,3,
11,3,1,1,2,2,2,0,4,4,3,
13,3,2,1,2,2,2,0,4,4,5,
11,3,2,1,2,2,2,0,4,4,3,
11,3,2,1,2,2,2,0,4,4,3,
13,3,1,0,2,2,1,0,4,4,3,
12,3,2,1,2,2,2,0,4,4,3,
12,3,2,1,3,2,2,0,4,4,3,
12,3,1,0,2,1,1,0,3,3,2,
11,2,1,0,2,1,1,0,3,3,2,
11,3,1,0,2,2,1,0,3,3,2,
11,3,1,0,2,2,1,0,3,3,2,
11,3,1,0,2,2,1,0,3,3,2,
11,3,1,0,2,2,1,0,3,3,2,
11,3,1,0,2,2,1,0,3,3,2,
11,3,1,0,2,2,1,0,3,3,2,
11,3,1,0,2,2,1,0,3,3,2,
14,2,1,0,1,1,1,0,3,3,2,
11,3,1,0,2,2,1,0,3,3,3,
11,3,3,0,2,2,1,0,3,3,2,
13,3,1,1,4,2,1,0,4,4,5,
11,3,1,0,2,2,1,0,3,3,3,
11,3,1,0,2,2,1,0,3,3,3,
11,3,1,0,2,2,1,0,3,3,3,
11,1,0,0,0,0,1,0,1,1,1,
11,3,1,1,2,2,1,0,3,4,3,
11,3,1,1,2,2,2,0,4,4,3,
11,3,1,1,2,2,2,0,3,4,3,
13,3,1,0,2,2,1,0,3,3,2,
11,3,2,1,2,2,2,0,4,4,3,
11,3,2,1,2,2,2,0,4,4,3,
14,3,2,1,2,2,2,0,4,4,3,
12,3,2,1,2,2,2,0,4,4,3,
14,3,2,1,3,2,2,0,4,4,3,
12,2,1,0,2,1,1,0,3,3,2,
11,3,1,0,2,2,1,0,3,3,2,
11,3,1,0,2,2,1,0,3,3,2,
14,6,1,0,2,2,1,0,3,6,2,
11,3,1,0,2,2,1,0,3,3,2,
11,3,1,0,2,2,1,0,3,3,2,
11,3,1,0,2,2,1,0,3,3,2,
11,3,1,0,2,2,1,0,3,3,2,
11,3,1,0,2,2,1,0,3,3,2,
13,3,4,3,4,2,1,0,4,3,5,
11,3,1,0,2,2,1,0,3,3,2,
14,4,2,1,3,2,2,0,4,4,3,
11,3,1,0,2,2,1,0,3,3,3,
11,3,1,0,2,2,1,0,3,3,3,
11,3,1,0,2,2,1,0,3,4,3,
11,3,1,1,2,2,1,0,3,3,3,
11,3,1,1,2,2,1,0,3,3,3,
11,3,1,1,2,2,2,0,4,4,3,
11,3,1,1,2,2,2,0,4,4,3,
11,3,2,1,2,2,2,0,4,4,3,
14,3,1,1,2,2,1,0,4,4,3,
13,5,2,1,5,2,2,0,5,5,5,
12,3,2,1,2,2,2,0,4,4,3,
12,3,2,1,3,2,2,0,4,4,3,
12,3,1,0,2,1,1,0,3,3,2,
11,3,1,0,2,1,1,0,3,3,2,
11,3,1,0,2,2,1,0,3,3,2,
11,3,1,0,2,2,1,0,3,3,2,
37,29,1,0,2,3,0,0,29,29,2,
11,3,1,0,2,2,1,0,3,3,2,
11,3,1,0,2,2,1,0,3,3,2,
11,3,1,0,2,2,1,0,3,3,2,
11,3,1,0,2,2,1,0,3,3,2,
11,3,1,0,2,2,1,0,3,3,2,
13,3,1,0,2,2,1,0,3,3,2,
11,3,1,0,2,2,1,0,3,3,2,
11,3,1,0,2,2,1,0,3,3,3,
11,3,1,0,2,2,1,0,3,3,3,
11,3,1,0,2,2,1,0,3,3,3,
11,3,3,0,3,3,3,0,3,4,3,
11,3,1,0,2,2,1,0,3,3,3,
11,3,1,1,2,2,1,0,3,4,3,
11,3,3,1,2,2,1,0,3,4,3,
13,3,1,1,5,2,1,0,3,4,5,
11,3,1,1,2,2,2,0,4,4,3,
11,3,2,1,2,2,2,0,4,4,3,
12,3,1,0,2,2,1,0,3,3,2,
11,0,0,0,0,0,0,0,1,1,0,
12,4,2,1,3,2,2,0,4,4,3,
12,3,2,1,3,2,2,0,4,4,3,
12,3,1,0,2,1,1,0,3,3,2,
14,3,1,0,2,2,1,0,3,3,2,
11,3,1,0,2,2,1,0,3,3,2,
11,3,1,0,2,2,1,0,3,3,2,
11,3,1,0,2,2,1,0,3,3,2,
11,3,1,0,2,2,1,0,3,3,2,
11,3,1,0,2,2,1,0,3,3,2,
11,3,1,0,2,2,1,0,3,3,2,
11,3,1,0,2,2,1,0,3,3,2,
11,3,1,0,2,2,1,0,3,3,2,
11,3,1,0,2,2,1,0,3,3,2,
11,3,1,0,2,2,1,0,3,3,2,
11,3,1,0,2,2,1,0,3,3,3,
11,3,1,0,2,2,1,0,3,3,3,
11,3,1,0,2,2,1,0,3,3,3,
12,3,1,0,3,2,1,0,3,3,4,
13,3,4,3,5,2,1,0,4,3,5,
11,3,1,0,2,2,1,0,3,4,3,
14,3,2,1,2,2,2,0,4,4,3,
11,3,1,1,2,2,2,0,4,4,3,
11,3,2,1,2,2,2,0,4,4,3,
11,3,2,1,2,2,2,0,4,4,3,
11,3,2,1,2,2,2,0,4,4,3,
12,3,2,1,2,2,2,0,4,4,3,
12,3,2,1,3,2,2,0,4,4,3,
12,3,2,1,3,2,2,0,4,4,3,
11,3,2,1,3,2,2,0,4,4,3,
14,3,2,1,3,2,2,0,4,4,3,
13,5,1,0,2,2,1,0,5,5,2,
11,3,1,0,2,2,1,0,3,3,2,
11,3,1,0,2,2,1,0,3,3,2,
11,3,1,0,2,2,1,0,3,3,2,
11,3,1,0,2,2,1,0,3,3,2,
11,3,2,0,1,2,1,0,3,3,2,
11,3,1,0,2,2,1,0,3,3,2,
13,5,1,0,2,4,1,0,5,5,2,
12,3,1,0,2,2,1,0,3,3,2,
11,3,1,0,2,2,1,0,3,3,2,
11,3,1,0,2,2,1,0,3,3,2,
11,3,1,0,2,2,1,0,3,3,3,
11,3,1,0,2,2,1,0,3,3,2,
11,3,1,0,2,2,1,0,3,3,3,
11,3,1,1,2,2,1,0,3,4,3,
11,3,1,1,2,2,1,0,3,4,3,
11,3,2,1,2,2,2,0,4,4,3,
11,3,2,1,2,2,2,0,4,4,3,
11,3,2,1,2,2,2,0,4,4,3,
11,3,2,1,2,2,2,0,4,4,3,
12,3,2,1,3,2,2,0,4,4,3,
12,3,4,1,3,2,2,0,4,4,3,
14,3,1,0,5,1,1,0,3,3,5,
11,3,1,0,2,2,1,0,3,3,2,
11,3,1,0,2,2,1,0,3,3,2,
12,3,2,1,2,2,2,0,4,4,3,
11,0,0,0,0,0,0,0,0,0,0,
11,3,1,0,2,2,1,0,3,3,2,
11,3,1,0,2,2,1,0,3,3,2,
11,3,1,0,2,2,1,0,3,3,2,
13,3,1,0,2,2,1,0,3,3,2,
11,3,1,0,2,2,1,0,3,3,2,
11,3,1,0,2,2,1,0,3,3,2,
11,3,1,0,2,2,1,0,3,3,2,
11,3,1,0,2,2,1,0,3,3,3,
11,3,1,0,2,2,1,0,3,3,3,
13,5,1,0,2,2,1,0,3,6,3,
11,3,1,1,2,2,1,0,3,4,3,
14,6,2,1,2,5,2,0,6,6,3,
13,5,2,1,2,2,2,0,3,6,3,
11,3,2,1,2,2,2,0,4,4,3,
11,3,2,1,2,2,2,0,4,4,3,
11,3,2,1,2,2,2,0,4,4,3,
11,3,2,1,2,2,2,0,4,4,3,
11,3,2,1,2,2,2,0,4,4,3,
12,3,2,1,2,2,2,0,4,4,3,
12,3,2,1,3,2,2,0,4,4,3,
11,3,1,1,2,2,2,0,4,4,3,
11,3,1,0,2,2,1,0,3,3,2,
11,3,1,0,2,2,1,0,3,3,2,
11,3,1,0,2,2,1,0,3,3,2,
11,3,1,0,2,2,1,0,3,3,2,
11,3,1,0,2,2,1,0,3,3,2,
11,3,1,0,2,2,1,0,3,3,2,
11,3,1,0,2,2,1,0,3,3,2,
11,3,1,0,2,2,1,0,3,3,2,
14,3,1,0,2,2,1,0,3,3,2,
12,4,4,0,4,4,4,0,4,4,4,
11,3,1,0,2,2,1,0,3,3,2,
11,3,1,0,2,2,1,0,3,3,2,
11,3,1,0,2,2,1,0,3,3,2,
11,3,1,0,2,2,1,0,3,3,3,
11,3,1,0,2,2,1,0,3,3,3,
11,3,1,0,2,2,1,0,3,4,3,
12,4,1,1,2,3,1,0,4,4,3,
11,3,2,1,2,2,2,0,3,4,3,
11,3,2,1,2,2,2,0,4,4,3,
11,3,2,1,2,2,2,0,4,4,3,
13,5,2,1,2,4,2,0,5,5,3,
12,3,2,1,2,2,2,0,4,4,3,
12,3,2,1,3,2,2,0,4,4,3,
12,3,1,0,2,1,1,0,3,3,2,
12,3,1,0,2,1,1,0,3,3,2,
11,3,1,0,2,2,1,0,3,3,2,
11,3,1,0,2,2,1,0,3,3,2,
11,3,1,0,2,2,1,0,3,3,2,
14,3,1,0,2,2,1,0,3,3,2,
11,3,1,0,2,2,1,0,3,3,2,
11,3,1,0,2,2,1,0,3,3,2,
11,3,1,0,2,2,1,0,3,3,2,
11,3,1,0,2,2,1,0,3,3,2,
11,3,1,0,2,2,1,0,3,3,2,
11,3,1,0,2,2,1,0,3,3,2,
11,3,1,0,2,2,1,0,3,3,2,
11,3,1,0,2,2,1,0,3,3,3,
11,3,1,0,2,2,1,0,3,3,2,
11,3,1,0,2,2,1,0,3,3,3,
14,6,1,0,2,4,4,3,6,6,3,
11,3,2,1,2,2,2,0,4,4,3,
11,3,2,1,2,2,2,0,4,4,3,
11,3,1,1,2,2,2,0,4,4,3,
11,3,2,1,2,2,2,0,4,4,3,
11,3,2,1,2,2,2,0,4,4,3,
11,3,2,1,2,2,2,0,4,4,3,
11,3,2,1,2,2,2,0,4,4,3,
14,6,2,1,3,5,2,0,6,6,3,
12,4,2,1,3,2,2,0,3,4,3,
11,3,1,0,2,1,1,0,3,3,2,
11,3,1,0,2,2,1,0,3,3,2,
11,3,1,0,2,1,1,0,3,3,2,
11,3,1,0,2,2,1,0,3,3,2,
11,3,1,0,2,2,1,0,3,3,2,
11,3,1,0,2,2,1,0,3,3,2,
11,3,1,0,2,2,1,0,3,3,2,
11,3,1,0,2,2,1,0,3,3,2,
11,3,1,0,2,2,1,0,3,3,2,
11,3,1,0,2,2,1,0,3,3,2,
11,3,1,0,2,2,1,0,3,3,2,
11,3,1,0,2,2,1,0,3,3,2,
11,3,1,0,2,2,1,0,3,3,2,
13,3,1,0,2,2,1,0,3,3,5,
11,3,1,0,2,2,1,0,3,3,3,
11,3,1,0,2,2,1,0,3,4,3,
13,3,2,1,2,2,2,0,4,4,3,
12,4,4,1,4,4,4,0,4,4,4,
11,3,2,1,2,2,2,0,4,4,3,
12,5,2,1,5,2,2,0,5,5,5,
11,3,2,1,2,2,2,0,4,4,3,
12,3,2,1,3,2,2,0,4,4,3,
11,3,2,1,2,2,2,0,4,4,3,
12,3,2,1,3,2,2,0,4,4,3,
12,4,2,1,3,2,2,0,4,4,3,
12,4,2,1,3,2,2,0,4,4,3,
11,4,2,1,3,2,2,0,4,4,3,
11,3,1,0,2,2,1,0,3,3,2,
11,3,1,0,2,2,1,0,3,3,2,
11,3,1,0,2,2,1,0,4,3,2,
11,3,1,0,2,2,1,0,3,3,2,
11,3,1,0,2,2,1,0,3,3,2,
11,3,1,0,2,2,1,0,3,3,2,
11,3,1,0,2,2,1,0,3,3,2,
11,3,1,0,2,2,1,0,3,3,2,
11,3,1,0,2,2,1,0,3,3,2,
16,4,1,0,2,2,1,0,3,5,2,
11,3,1,0,2,2,1,0,3,3,3,
11,3,4,0,2,2,1,0,3,3,3,
13,3,1,0,5,2,1,0,3,4,6,
11,3,1,0,2,2,1,0,3,4,3,
11,3,1,1,2,2,1,0,3,4,3,
12,3,1,1,2,2,2,0,4,4,3,
11,0,0,0,0,0,1,0,1,1,0,
11,3,2,1,2,2,2,0,4,4,3,
11,3,2,1,2,2,2,0,4,4,3,
12,3,2,1,2,2,2,0,4,4,3,
12,3,2,1,3,2,2,0,4,4,3,
12,3,2,1,3,2,2,0,4,4,3,
12,3,2,1,3,2,2,0,4,4,3,
11,3,1,0,2,2,1,0,3,3,2,
11,3,1,0,2,2,1,0,3,3,2,
11,3,1,0,2,2,1,0,3,3,2,
11,3,1,0,2,2,1,0,3,3,2,
11,3,1,0,2,2,1,0,3,3,2,
11,3,1,0,2,2,1,0,3,3,2,
11,3,1,0,2,2,1,0,3,3,2,
11,3,1,0,2,2,1,0,3,3,2,
11,3,1,0,2,2,1,0,3,3,2,
11,3,1,0,2,2,1,0,3,3,3,
11,3,1,0,2,2,1,0,3,4,3,
11,3,1,1,2,2,1,0,3,4,3,
13,3,4,3,5,2,2,0,6,4,6,
11,3,2,1,2,2,2,0,4,4,3,
11,3,2,1,2,2,2,0,4,4,3,
11,3,2,1,2,2,2,0,4,4,3,
11,3,2,1,2,2,2,0,4,4,3,
11,3,2,1,2,2,2,0,4,4,3,
13,5,2,1,3,4,2,0,5,5,3,
12,3,1,0,2,1,1,0,3,3,2,
11,3,1,0,2,1,1,0,3,3,2,
11,3,1,0,2,2,1,0,3,3,2,
11,3,1,0,2,2,1,0,3,3,2,
13,3,1,0,2,2,2,0,4,4,3,
13,6,1,0,2,2,1,0,6,6,2,
11,3,1,0,2,2,1,0,3,3,2,
11,3,1,0,2,2,1,0,3,3,2,
11,3,1,0,2,2,1,0,3,3,2,
11,3,1,0,2,2,1,0,3,3,2,
11,3,1,0,2,2,1,0,3,3,2,
11,3,1,0,2,2,1,0,3,3,2,
13,5,1,0,2,4,1,0,5,5,3,
11,3,1,0,2,2,1,0,3,4,3,
11,3,1,1,2,2,1,0,3,4,3,
11,3,1,1,2,2,2,0,4,4,3,
11,3,2,1,2,2,2,0,4,4,3,
11,3,2,1,2,2,2,0,4,4,3,
11,3,2,1,2,2,2,0,4,4,3,
12,3,2,1,2,2,2,0,4,4,3,
11,3,2,1,2,2,2,0,4,4,3,
11,3,2,1,2,2,2,0,4,4,3,
11,3,2,1,3,2,2,0,4,4,3,
12,3,2,1,3,2,2,0,4,4,3,
11,3,1,0,2,1,1,0,3,3,2,
11,3,1,0,2,2,1,0,3,3,2,
11,3,3,0,1,2,1,0,3,3,2,
12,3,1,0,4,2,1,0,3,3,4,
11,3,1,0,2,2,1,0,3,3,2,
11,3,1,0,2,2,1,0,3,3,2,
11,3,1,0,2,2,1,0,3,3,2,
11,1,0,0,0,0,1,0,1,1,0,
11,3,1,0,2,2,1,0,3,3,2,
11,3,1,0,2,2,1,0,3,3,2,
11,3,1,0,2,2,1,0,3,3,3,
14,3,1,0,2,2,1,0,3,3,2,
11,3,1,0,2,2,1,0,3,4,3,
11,3,1,1,2,2,1,0,3,4,3,
11,3,2,1,2,2,2,0,4,4,3,
11,3,2,1,2,2,2,0,4,4,3,
11,3,2,1,2,2,2,0,4,4,3,
11,3,2,1,2,2,2,0,4,4,3,
11,3,2,1,2,2,2,0,4,4,3,
11,3,2,1,2,2,2,0,4,4,3,
14,3,2,1,2,2,2,0,4,7,3,
11,3,2,1,2,2,2,0,4,4,3,
11,3,2,1,2,2,2,0,4,4,3,
12,4,4,1,4,4,4,0,4,4,4,
12,2,1,0,2,1,1,0,3,3,2,
11,3,2,1,3,2,2,0,4,4,3,
12,2,3,2,4,1,1,0,4,3,4,
11,3,1,0,2,2,1,0,3,3,2,
13,3,2,1,2,2,2,0,4,4,3,
11,3,1,0,2,2,1,0,3,3,2,
11,3,1,0,2,2,1,0,3,3,2,
11,3,1,0,2,2,1,0,3,3,2,
11,3,1,0,2,2,1,0,3,3,2,
11,3,1,0,2,2,1,0,4,3,2,
11,3,1,0,2,2,1,0,3,3,2,
11,3,1,0,2,2,1,0,3,3,3,
11,3,1,1,2,2,1,0,3,3,3,
14,3,1,1,2,2,1,0,3,3,3,
13,5,2,1,2,2,1,0,5,6,6,
11,3,2,1,2,2,2,0,4,4,3,
11,3,2,1,2,2,2,0,4,4,3,
11,3,2,1,2,2,2,0,4,4,3,
11,3,2,1,2,2,2,0,4,4,3,
11,3,2,1,2,2,2,0,4,4,3,
11,3,2,1,2,2,2,0,4,4,3,
12,4,2,1,2,3,1,0,4,4,3,
11,3,2,1,3,2,2,0,4,4,3,
13,3,4,3,5,2,2,0,4,4,5,
12,3,2,1,3,2,2,0,4,4,4,
11,3,1,0,2,2,1,0,3,3,2,
11,3,1,0,2,2,1,0,3,3,2,
11,3,1,0,2,2,1,0,3,3,2,
11,3,1,0,2,2,1,0,3,3,2,
11,3,1,0,2,2,1,0,3,3,2,
11,3,1,0,2,2,1,0,3,3,2,
11,3,1,0,2,2,1,0,3,3,2,
11,3,1,1,2,2,1,0,3,3,2,
14,3,1,0,2,2,1,0,3,3,2,
11,3,1,0,2,2,1,0,3,3,3,
11,3,3,1,2,2,1,0,3,3,2,
12,3,1,1,4,2,1,0,3,3,5,
11,3,2,1,2,2,1,0,3,3,3,
11,3,2,1,2,2,2,0,4,4,3,
11,3,2,1,2,2,1,0,4,4,3,
11,1,0,0,0,0,1,0,2,2,1,
11,3,2,1,2,2,2,0,4,4,3,
11,3,2,1,2,2,2,0,4,4,3,
11,3,3,1,2,2,2,0,4,4,2,
14,3,1,0,2,2,1,0,3,3,2,
11,3,2,1,2,2,2,0,4,4,3,
11,3,2,1,3,2,2,0,4,4,3,
15,3,2,1,3,2,2,0,4,4,3,
12,3,2,1,3,2,2,0,4,4,3,
14,2,1,0,2,1,1,0,3,3,2,
11,3,1,0,2,2,1,0,3,3,2,
11,3,1,0,2,2,1,0,3,3,2,
11,3,1,0,2,3,1,0,3,3,2,
12,3,2,1,3,2,2,0,4,4,3,
11,3,1,0,2,2,1,0,3,3,2,
11,3,1,0,2,2,1,0,3,3,2,
11,3,1,0,2,2,1,0,3,3,2,
11,3,1,1,2,2,2,0,3,3,2,
11,3,1,1,2,2,1,0,3,3,2,
13,3,4,3,5,2,1,0,5,3,5,
11,3,1,1,2,2,1,0,3,3,3,
14,3,1,1,2,2,1,0,3,4,3,
11,3,2,1,2,2,1,0,3,4,3,
11,3,1,1,2,2,1,0,4,4,3,
11,3,1,1,2,2,1,0,4,4,3,
11,3,2,1,2,2,2,0,4,4,3,
11,3,2,1,2,2,2,0,4,4,3,
11,3,2,1,2,2,2,0,4,4,3,
12,3,2,1,2,2,2,0,4,4,3,
12,3,2,1,2,2,2,0,4,4,3,
14,3,1,0,2,2,1,0,3,3,2,
14,6,2,1,2,2,2,0,6,6,3,
12,3,2,1,3,2,2,0,4,4,3,
12,3,2,1,3,2,2,0,4,4,3,
12,3,1,0,2,1,1,0,3,3,2,
11,3,1,0,2,2,1,0,3,3,2,
11,3,1,0,2,2,1,0,3,3,2,
11,3,1,2,2,2,1,0,3,3,3,
13,5,1,0,2,3,1,0,5,5,2,
11,3,1,0,2,2,1,0,3,3,2,
12,3,1,0,2,2,1,0,3,3,2,
11,3,1,1,2,2,1,0,3,3,2,
11,3,1,1,2,2,1,0,3,3,3,
11,3,1,1,2,2,1,0,3,3,3,
11,3,1,1,2,2,1,0,3,3,3,
11,3,1,1,2,2,1,0,3,3,3,
11,3,2,1,2,2,1,0,3,4,3,
11,3,1,1,2,2,1,0,3,4,3,
11,2,0,0,1,1,1,1,2,3,2,
12,3,1,1,2,2,2,0,3,4,3,
11,3,2,1,2,2,2,0,4,4,3,
15,3,2,1,2,2,2,0,5,4,3,
20,3,1,1,2,2,1,0,3,3,3,
12,3,2,1,3,2,2,0,4,4,3,
12,3,1,0,2,2,1,0,3,3,2,
12,3,1,0,2,2,1,0,3,3,2,
12,3,1,0,2,2,1,0,3,3,2,
11,3,1,0,2,2,1,0,3,3,2,
11,3,1,0,2,2,1,0,3,3,2,
11,3,1,0,2,2,1,0,3,3,3,
11,3,1,0,2,2,1,0,3,3,2,
14,3,2,0,1,2,1,0,3,3,2,
13,5,1,1,2,2,1,0,5,5,5,
11,3,1,1,2,2,1,0,3,3,3,
12,3,2,1,2,2,1,0,3,4,3,
11,3,2,1,2,2,2,0,4,4,3,
11,3,1,1,2,2,1,0,3,4,3,
11,3,1,1,2,2,1,0,3,4,3,
11,3,2,1,2,2,2,0,4,4,3,
11,3,2,1,2,2,2,0,4,4,3,
11,3,2,1,2,2,2,0,4,4,3,
11,3,2,1,2,2,2,0,4,4,3,
11,3,2,1,2,2,2,0,4,4,3,
13,3,2,1,5,2,2,0,4,4,6,
12,3,1,0,2,1,1,0,3,3,2,
12,3,2,1,2,2,1,0,3,4,3,
12,3,1,0,2,2,1,0,3,3,2,
11,3,1,0,2,2,1,0,3,3,2,
11,3,1,0,2,2,1,0,3,3,2,
11,3,1,0,2,2,1,0,3,3,2,
11,3,1,0,2,2,1,0,3,3,2,
13,3,4,3,5,2,1,0,5,3,5,
11,3,1,1,2,2,1,0,3,3,3,
14,3,1,0,2,2,1,0,3,3,2,
11,3,1,1,2,2,1,0,3,3,3,
11,3,1,1,2,2,1,0,3,3,3,
11,3,1,1,2,2,1,0,3,4,3,
11,3,1,1,2,2,1,0,3,4,3,
11,3,1,1,2,2,1,0,3,4,3,
11,3,1,1,2,2,1,0,3,4,3,
11,3,1,1,2,2,1,0,3,3,3,
11,3,2,1,2,2,2,0,4,4,3,
11,4,2,1,2,2,4,0,4,4,3,
12,3,2,1,3,2,2,0,4,4,3,
11,3,2,1,3,2,2,0,4,4,3,
11,3,2,1,3,2,2,0,4,4,3,
12,3,1,0,2,1,1,0,3,3,2,
12,3,1,0,2,1,1,0,3,3,2,
12,3,1,0,2,2,1,0,3,3,2,
11,3,1,0,2,2,1,0,3,3,2,
13,5,1,0,2,4,1,0,5,6,2,
11,3,1,0,2,2,1,0,3,4,2,
11,3,1,0,2,2,1,0,3,3,2,
11,3,1,0,2,2,1,0,3,3,2,
11,3,1,1,2,2,1,0,3,3,2,
11,3,1,0,2,2,1,0,3,3,3,
11,3,1,1,2,2,1,0,3,3,3,
11,3,1,1,2,2,1,0,3,3,3,
11,3,1,1,2,2,1,0,3,3,3,
11,3,1,1,2,2,1,0,3,4,3,
11,3,2,1,2,2,2,0,4,4,3,
11,3,1,1,2,2,2,0,4,4,3,
12,3,2,1,3,2,2,0,4,4,3,
12,3,2,1,2,2,2,0,4,4,3,
12,3,5,1,2,2,2,0,4,4,3,
14,3,2,1,6,2,2,0,4,4,6,
12,3,2,1,3,2,2,0,4,4,3,
12,3,1,0,2,2,1,0,3,3,2,
13,3,2,1,2,2,2,0,4,4,3,
11,3,3,3,3,3,4,0,3,3,3,
11,3,1,0,2,2,1,0,3,3,2,
11,3,1,0,2,2,1,0,3,3,2,
11,3,1,0,2,2,1,0,3,3,2,
11,3,1,0,2,2,1,0,3,3,2,
12,3,1,1,2,2,1,0,5,3,3,
11,3,1,1,2,2,1,0,3,3,3,
11,3,1,1,2,2,1,0,3,3,3,
11,3,1,1,2,2,1,0,3,4,3,
11,3,1,1,2,2,1,0,4,4,3,
11,3,2,1,2,2,2,0,4,4,3,
11,3,2,1,2,2,2,0,4,4,3,
11,3,2,1,2,2,2,0,4,4,3,
11,3,2,1,2,2,2,0,4,4,3,
11,3,2,1,2,2,2,0,4,4,3,
12,3,2,1,3,2,2,0,4,4,3,
12,3,2,1,3,2,2,0,4,4,3,
12,4,2,1,3,2,2,0,4,4,3,
12,3,1,0,2,1,1,0,3,3,2,
15,3,5,4,6,2,1,0,5,3,7,
11,3,1,0,2,2,1,0,3,3,2,
11,3,2,0,1,2,1,0,3,3,2,
11,3,1,0,3,2,1,0,3,3,3,
11,3,1,0,2,2,1,0,3,3,2,
11,3,1,0,2,2,1,0,3,3,2,
11,3,1,1,2,2,1,0,3,3,2,
11,3,1,0,2,2,1,0,3,3,2,
11,3,1,1,2,2,1,0,3,3,2,
11,3,1,0,2,2,1,0,3,3,2,
11,3,1,1,2,2,1,0,3,4,3,
11,3,1,1,2,2,1,0,3,3,3,
11,3,1,0,2,2,1,0,3,3,3,
11,3,1,0,2,2,1,0,3,3,3,
11,3,1,1,2,2,1,0,3,4,3,
11,3,2,1,2,2,2,0,4,4,3,
13,3,1,0,2,2,2,0,4,4,3,
11,3,2,1,2,2,2,0,4,4,3,
11,3,2,1,3,2,2,0,4,4,3,
14,6,2,1,3,5,2,0,7,7,3,
14,3,1,0,2,2,1,0,3,3,2,
12,3,2,1,3,2,2,0,4,4,3,
12,3,1,0,2,2,1,0,3,3,2,
12,3,1,0,2,2,1,0,3,3,2,
12,3,1,0,2,2,1,0,3,3,2,
11,3,1,0,2,2,1,0,3,3,2,
11,3,1,0,2,2,1,0,3,3,2,
11,3,1,0,2,2,1,0,3,3,2,
11,3,1,1,2,2,1,0,3,4,3,
11,3,1,1,2,2,1,0,3,3,2,
11,3,1,1,2,2,1,0,3,3,2,
11,3,1,1,2,2,1,0,3,3,3,
11,3,1,0,2,2,1,0,3,3,3,
11,3,1,1,2,2,1,0,3,3,3,
11,3,1,1,2,2,1,0,3,3,3,
11,3,1,1,2,2,1,0,3,3,3,
11,3,1,1,2,2,1,0,3,4,3,
14,3,1,0,2,2,1,0,3,3,2,
13,5,2,1,5,5,2,0,5,5,5,
11,3,2,1,2,2,2,0,4,4,3,
11,3,2,1,2,2,2,0,4,4,3,
11,3,2,1,2,2,2,0,4,4,3,
11,3,2,1,2,2,2,0,4,4,3,
11,3,2,1,3,2,2,0,4,4,3,
11,3,2,1,3,2,2,0,4,4,3,
12,3,1,0,2,2,0,0,3,3,2,
12,3,1,0,2,2,1,0,3,3,2,
12,3,1,0,2,2,1,0,3,3,2,
12,3,1,0,2,2,1,0,3,3,2,
11,3,1,0,2,2,1,0,3,3,2,
11,3,1,0,2,2,1,0,3,3,2,
11,3,1,0,2,2,1,0,3,3,2,
11,3,1,0,2,2,1,0,3,3,2,
11,3,1,0,2,2,1,0,3,3,2,
11,3,1,0,2,2,1,0,3,3,2,
11,3,1,0,2,2,1,0,3,3,2,
11,3,1,0,2,2,1,0,3,3,2,
11,3,1,1,2,2,1,0,3,3,3,
11,3,1,1,2,2,1,0,3,3,3,
11,3,3,1,2,2,1,0,3,3,2,
12,3,1,1,4,2,1,0,3,4,5,
11,3,1,1,2,2,1,0,3,4,3,
11,3,1,1,2,2,1,0,3,4,3,
12,3,2,1,2,2,2,0,4,4,3,
11,1,0,0,1,0,1,0,2,2,1,
11,3,2,1,2,2,2,0,4,4,3,
11,3,2,1,3,2,2,0,4,4,3,
12,3,2,1,2,2,2,0,4,4,3,
14,3,2,1,2,2,2,0,4,4,3,
13,3,1,1,2,2,1,0,3,3,3,
12,3,1,0,2,2,1,0,3,3,2,
15,3,1,0,2,2,1,0,3,3,2,
12,3,1,0,2,2,1,0,3,3,2,
14,3,1,0,2,2,1,0,3,3,2,
11,3,1,0,2,2,1,0,3,3,2,
11,3,1,0,2,2,1,0,3,3,2,
11,3,1,0,2,2,1,0,3,3,2,
11,3,1,0,2,2,1,0,3,3,2,
11,3,1,0,2,2,1,0,3,3,2,
11,3,1,0,2,2,1,0,3,3,2,
11,3,1,0,2,2,1,0,3,3,2,
11,3,1,0,2,2,1,0,3,3,2,
11,3,1,1,2,2,1,0,3,3,3,
13,4,4,3,5,2,1,0,5,5,5,
11,3,1,0,2,2,1,0,3,3,3,
14,3,1,1,2,2,1,0,3,3,3,
11,3,1,1,2,2,1,0,3,4,3,
11,3,1,1,2,2,1,0,3,4,3,
11,3,2,1,2,2,2,0,4,4,3,
12,3,1,0,2,2,1,0,3,3,2,
12,3,2,1,3,2,2,0,4,4,3,
12,3,2,1,3,2,2,0,4,4,3,
12,4,2,1,3,3,2,0,4,4,3,
12,3,1,0,2,2,1,0,3,3,2,
14,5,1,0,2,4,3,2,5,5,2,
14,3,1,0,2,2,1,0,6,6,2,
12,3,1,0,2,2,1,0,3,3,2,
12,3,1,0,2,2,1,0,3,3,2,
11,3,1,0,2,2,1,0,3,3,2,
11,3,1,0,2,2,1,0,3,3,2,
11,3,1,0,2,2,1,0,3,3,2,
11,3,1,0,2,2,1,0,3,3,2,
13,5,1,0,2,4,1,0,5,5,2,
11,3,1,1,2,2,1,0,3,3,3,
11,3,1,1,2,2,1,0,3,3,3,
11,3,1,0,2,2,1,0,3,3,2,
11,3,1,0,2,2,1,0,3,3,3,
11,3,1,1,2,2,1,0,3,4,3,
11,3,1,1,2,2,1,0,3,4,3,
11,3,2,1,2,2,2,0,4,4,3,
11,3,2,1,2,2,2,0,4,4,3,
11,3,2,1,2,2,2,0,4,4,3,
11,3,2,1,2,2,2,0,4,4,3,
13,3,2,1,2,2,2,0,4,4,3,
11,3,2,1,2,2,2,0,4,4,3,
11,3,2,1,3,2,2,0,4,4,3,
12,3,4,1,3,2,2,0,4,4,3,
14,3,1,0,3,2,1,0,3,3,4,
12,3,1,0,2,1,1,0,3,3,2,
12,3,1,0,2,2,1,0,3,3,2,
14,3,1,1,2,2,1,0,3,3,3,
12,0,0,0,0,0,0,0,0,0,0,
12,3,1,0,2,2,1,0,3,3,2,
12,3,1,0,2,2,1,0,3,3,2,
11,3,1,0,2,2,1,0,3,3,2,
11,3,1,0,2,2,1,0,3,3,2,
11,3,1,0,2,2,1,0,3,3,2,
11,3,1,0,2,2,1,0,3,3,2,
11,3,1,1,2,2,1,0,3,3,3,
11,3,1,1,2,2,1,0,3,3,3,
11,3,1,1,2,2,1,0,3,3,3,
11,3,1,1,2,2,1,0,3,3,3,
35,3,1,0,1,2,1,0,3,3,2,
11,3,1,1,2,2,1,0,3,4,3,
11,3,1,1,2,2,1,0,3,4,3,
11,3,2,1,2,2,2,0,4,4,3,
11,3,2,1,2,2,2,0,4,4,3,
11,3,2,1,3,2,2,0,4,4,3,
11,3,2,1,3,2,2,0,4,4,3,
11,3,2,1,3,2,2,0,4,4,3,
14,3,3,3,4,2,1,0,5,3,5,
12,3,1,0,2,1,1,0,3,3,2,
12,3,1,0,2,2,1,0,3,3,2,
12,3,1,0,3,2,1,0,3,3,4,
11,3,1,0,2,2,1,0,3,3,2,
11,3,1,0,2,2,1,0,3,3,2,
11,3,1,1,2,2,1,0,3,4,3,
11,2,0,0,1,1,1,0,2,2,1,
11,3,1,1,2,2,1,0,3,3,2,
11,3,1,1,2,2,1,0,3,3,3,
11,3,1,0,2,2,1,0,3,3,3,
13,3,2,1,2,2,2,0,4,4,3,
11,3,1,1,2,2,1,0,3,4,3,
11,3,1,1,2,2,1,0,3,4,3,
11,3,2,1,3,2,2,0,4,4,3,
11,3,2,1,3,2,2,0,4,4,3,
13,3,2,1,3,2,2,0,4,4,3,
11,3,2,1,3,2,2,0,4,4,3,
11,3,2,1,3,2,2,0,4,4,3,
12,3,1,0,2,2,1,0,3,3,2,
14,5,1,0,2,1,1,0,3,6,2,
12,3,1,0,2,2,1,0,3,3,2,
12,3,1,0,2,2,1,0,3,3,2,
12,3,1,0,2,2,1,0,3,3,2,
11,3,1,0,2,2,1,0,3,3,2,
11,3,1,0,2,2,1,0,3,3,2,
13,3,4,3,5,2,1,0,3,3,5,
11,3,1,0,2,2,1,0,3,3,2,
13,3,2,1,2,2,2,0,4,4,3,
11,3,1,0,2,2,1,0,3,3,3,
11,3,1,1,2,2,1,0,3,3,3,
11,3,1,0,2,2,1,0,3,3,3,
11,3,1,1,2,2,1,0,3,3,3,
11,3,2,1,2,2,2,0,4,4,3,
11,3,2,1,2,2,1,0,4,4,3,
11,3,1,1,2,2,1,0,3,4,3,
11,3,2,1,2,2,2,0,4,4,3,
14,3,1,0,2,2,1,0,3,3,3,
13,6,2,1,6,2,2,0,6,6,6,
11,3,2,1,3,2,2,0,4,4,3,
13,5,2,1,3,4,2,0,5,5,3,
13,3,2,1,3,2,2,0,5,4,3,
12,3,1,0,2,1,1,0,3,3,2,
12,3,1,0,2,1,1,0,3,3,2,
12,3,1,0,2,2,1,0,3,3,2,
12,3,1,0,2,2,0,0,3,4,2,
11,3,1,0,2,2,1,0,3,3,2,
11,3,1,0,2,2,1,0,3,3,2,
11,3,1,0,2,2,1,0,3,3,2,
11,3,1,0,2,2,1,0,3,3,2,
11,3,1,1,2,2,1,0,3,3,3,
11,3,1,1,2,2,1,0,3,3,3,
11,3,2,1,2,2,2,0,4,4,3,
11,3,1,1,2,2,1,0,3,4,3,
11,3,2,1,2,2,2,0,4,4,3,
11,3,2,1,2,2,2,0,4,4,3,
11,3,2,1,2,2,2,0,4,4,3,
11,3,2,1,3,2,2,0,4,4,3,
11,3,2,1,3,2,2,0,4,4,3,
12,3,3,0,1,1,1,0,3,3,2,
13,3,2,1,5,2,2,0,4,4,5,
12,3,1,0,2,1,1,0,3,3,2,
12,3,1,0,2,2,1,0,3,3,2,
14,3,1,0,2,2,1,0,3,3,2,
12,0,0,0,0,0,0,0,0,0,0,
11,3,1,0,2,2,1,0,3,3,2,
11,3,1,0,2,2,1,0,3,3,2,
11,3,1,0,2,2,1,0,3,3,2,
11,3,1,0,2,2,1,0,3,3,3,
11,3,1,1,2,2,1,0,3,3,3,
12,4,1,0,2,3,3,0,5,5,3,
11,3,1,1,2,2,1,0,3,4,3,
11,3,1,1,2,2,1,0,3,4,3,
11,3,1,1,2,2,1,0,4,4,3,
11,3,2,1,2,2,2,0,4,4,3,
11,3,2,1,2,2,2,0,4,4,3,
11,3,2,1,3,2,2,0,4,4,3,
11,3,2,1,2,2,2,0,4,4,3,
11,3,2,1,3,2,2,0,4,4,3,
11,3,2,1,3,2,2,0,4,4,3,
12,3,1,0,2,2,1,0,3,3,2,
12,3,1,0,2,1,1,0,3,3,2,
12,3,1,0,2,1,1,0,3,3,2,
14,4,5,4,6,2,2,0,5,4,6,
12,3,1,0,2,2,1,0,3,3,2,
14,2,1,0,2,1,1,0,3,3,2,
12,3,1,0,2,2,1,0,3,3,2,
11,3,1,0,2,2,1,0,3,3,2,
11,3,1,0,2,2,1,0,3,3,2,
11,3,1,1,2,2,1,0,3,3,2,
12,3,1,1,4,2,1,0,3,3,4,
11,3,1,1,2,2,1,0,3,3,3,
11,3,1,0,2,2,1,0,3,3,2,
11,3,1,1,2,2,1,0,3,3,3,
14,3,1,0,2,2,1,0,3,4,2,
13,6,2,1,5,2,2,0,5,6,6,
11,3,2,1,2,2,2,0,4,4,3,
11,3,2,1,2,2,2,0,4,4,3,
11,3,2,1,2,2,2,0,4,4,3,
11,3,2,1,3,2,2,0,4,4,3,
11,3,2,1,3,2,2,0,4,4,3,
11,3,2,1,3,2,2,0,4,4,3,
13,5,2,1,3,4,1,0,5,5,3,
12,3,1,0,2,1,1,0,3,3,2,
12,3,1,0,2,2,1,0,3,3,2,
13,4,1,0,2,2,1,0,3,4,2,
12,3,1,0,2,2,1,0,3,3,2,
11,3,1,0,2,2,1,0,3,3,2,
11,3,1,0,2,2,1,0,3,3,2,
11,3,1,0,2,2,1,0,3,3,3,
11,3,1,1,2,2,1,0,3,3,3,
11,3,1,1,2,2,1,0,3,4,3,
11,3,1,1,2,2,1,0,3,4,3,
11,3,2,1,2,2,1,0,4,4,3,
11,3,2,1,2,2,1,0,4,4,3,
11,3,2,1,2,2,2,0,3,4,3,
11,3,4,1,2,2,2,0,4,4,3,
13,3,2,1,5,2,2,0,4,4,6,
11,3,2,1,2,2,2,0,4,4,3,
11,3,2,1,3,2,2,0,4,4,3,
14,3,1,0,2,2,1,0,3,3,2,
11,0,0,0,0,0,0,0,0,0,0,
11,3,2,1,3,2,2,0,4,4,3,
12,3,1,0,2,2,1,0,3,3,2,
12,3,1,0,2,1,1,0,3,3,2,
12,3,1,0,2,2,1,0,3,3,2,
12,3,1,0,2,2,1,0,3,3,2,
12,3,1,0,2,2,1,0,3,3,2,
11,3,1,0,2,2,1,0,3,3,2,
11,3,1,0,2,2,1,0,3,3,3,
11,3,1,1,2,2,1,0,3,3,3,
11,3,1,1,2,2,1,0,3,3,3,
11,3,1,1,2,2,1,0,3,3,3,
11,3,1,1,2,2,1,0,3,3,3,
11,3,1,1,2,2,1,0,3,4,3,
11,3,1,1,2,2,1,0,3,4,3,
11,3,1,1,2,2,1,0,3,4,3,
13,5,2,1,2,3,1,0,5,5,3,
12,3,2,1,2,2,2,0,4,4,3,
12,3,2,1,3,2,2,0,4,4,3,
14,3,2,1,5,2,2,0,6,4,5,
11,3,2,1,3,2,2,0,4,4,3,
12,4,2,1,2,2,2,0,4,4,4,
12,3,2,1,4,2,2,0,4,4,4,
12,3,1,0,2,2,1,0,3,3,2,
12,3,1,0,2,1,1,0,3,3,2,
12,3,1,0,2,2,1,0,3,3,2,
12,2,0,0,1,1,0,0,2,2,1,
11,3,1,0,2,2,1,0,3,3,2,
11,3,1,0,2,2,1,0,3,3,2,
11,3,1,1,2,2,1,0,3,3,2,
13,3,1,1,2,2,1,0,3,3,3,
11,3,1,1,2,2,1,0,3,3,3,
11,3,1,1,2,2,1,0,3,3,3,
14,3,1,1,2,2,1,0,3,4,3,
11,3,1,1,2,2,1,0,3,4,3,
13,3,2,1,2,2,2,0,4,4,3,
11,3,2,1,2,2,1,0,4,4,3,
11,3,2,1,2,2,2,0,4,4,3,
11,3,2,1,2,2,2,0,4,4,3,
11,3,2,1,2,2,2,0,4,4,3,
12,4,2,1,3,2,2,0,4,4,3,
12,4,2,1,3,2,2,0,4,4,3,
11,3,2,1,3,2,2,0,4,4,3,
12,3,1,0,2,2,2,0,3,3,2,
12,3,1,0,2,2,1,0,3,3,2,
13,3,4,3,4,2,1,0,4,3,5,
12,4,1,0,2,3,2,0,4,4,3,
14,3,1,0,2,2,1,0,3,3,2,
11,3,1,1,2,2,1,0,3,3,2,
11,3,1,1,2,2,1,0,3,4,3,
11,3,1,1,2,2,1,0,3,3,3,
11,3,1,1,2,2,1,0,3,3,3,
11,3,1,1,2,2,1,0,3,4,3,
11,3,1,1,2,2,1,0,3,4,3,
12,3,1,0,2,2,1,0,3,3,2,
11,3,2,1,2,2,2,0,4,4,3,
14,3,1,1,2,2,1,0,3,4,3,
13,5,2,1,5,5,2,0,5,5,5,
11,3,2,1,3,2,2,0,4,4,3,
12,4,2,1,3,2,2,0,4,4,3,
12,3,2,1,3,2,2,0,4,4,3,
12,3,1,0,2,1,1,0,3,3,2,
12,3,1,0,2,1,1,0,3,3,2,
12,3,1,0,2,2,1,0,3,3,2,
14,3,1,0,2,2,1,0,3,5,2,
11,3,1,0,2,2,1,0,3,3,2,
11,3,1,0,2,2,1,0,3,3,2,
11,3,1,0,2,2,1,0,3,3,3,
11,3,1,1,2,2,1,0,3,3,3,
11,3,1,1,2,2,1,0,3,3,3,
11,3,1,1,2,2,1,0,3,4,3,
11,3,1,1,2,2,1,0,3,4,3,
11,3,1,1,2,2,1,0,3,4,3,
11,3,2,1,2,2,2,0,4,4,3,
11,3,1,1,2,2,1,0,4,4,3,
11,3,2,1,2,2,2,0,4,4,3,
14,3,2,1,2,2,2,0,4,4,3,
11,3,2,1,2,2,2,0,4,4,3,
12,4,3,1,2,2,2,0,4,4,3,
13,3,1,0,4,1,1,0,3,3,4,
12,4,2,1,3,2,2,0,4,4,3,
13,4,1,0,2,2,1,0,2,5,2,
12,3,2,1,2,2,2,0,4,4,3,
12,2,0,0,1,1,1,0,2,2,1,
11,3,1,0,2,2,1,0,3,3,2,
11,3,1,1,2,2,1,0,3,3,3,
11,3,1,0,2,2,1,0,3,3,2,
14,3,1,0,2,2,1,0,3,3,2,
11,3,1,1,2,2,1,0,3,3,3,
11,3,1,1,2,2,1,0,3,4,3,
11,3,1,1,2,2,1,0,3,3,3,
11,3,2,1,2,2,1,0,3,4,3,
14,3,2,1,2,2,2,0,4,4,3,
11,3,1,1,2,2,1,0,4,4,3,
11,3,2,1,2,2,2,0,4,4,3,
11,3,2,1,2,2,2,0,4,4,3,
14,3,2,1,3,2,2,0,4,7,3,
11,3,2,1,2,2,2,0,4,4,3,
12,4,2,1,3,2,2,0,4,4,3,
12,3,1,0,2,2,1,0,3,3,2,
12,3,1,0,2,1,1,0,3,3,2,
12,3,1,0,2,2,1,0,3,3,2,
13,4,4,3,5,2,2,0,5,4,6,
12,3,1,0,2,2,1,0,3,3,2,
14,3,2,1,2,2,2,0,4,4,3,
11,3,1,0,2,2,1,0,3,3,2,
11,3,1,0,2,2,1,0,3,3,2,
11,3,1,0,2,2,1,0,3,3,2,
11,3,1,1,2,2,1,0,3,3,3,
11,3,1,1,2,2,1,0,3,4,3,
11,3,1,1,2,2,1,0,3,3,3,
11,3,2,1,2,2,2,0,4,4,3,
11,3,1,1,2,2,1,0,3,4,3,
14,3,1,0,2,2,1,0,3,3,2,
13,5,1,1,5,5,1,0,5,5,5,
11,3,2,1,2,2,2,0,4,4,3,
11,3,2,1,2,2,2,0,4,4,3,
11,3,2,1,2,2,2,0,4,4,3,
11,3,2,1,3,2,2,0,4,4,3,
11,3,2,1,2,2,2,0,4,4,3,
11,3,2,1,3,2,2,0,4,4,3,
12,4,2,1,3,2,2,0,4,4,3,
12,3,1,0,2,2,1,0,3,3,2,
12,3,1,0,2,1,1,0,3,3,2,
12,3,1,0,2,2,1,0,3,3,2,
12,3,1,0,2,2,1,0,3,3,2,
12,3,1,0,2,2,1,0,3,3,2,
11,3,1,0,2,2,1,0,3,3,2,
11,3,1,0,2,2,1,0,3,3,2,
11,3,1,1,2,2,1,0,3,3,2,
11,3,1,0,2,2,1,0,3,3,3,
11,3,1,1,2,2,1,0,3,3,3,
11,3,1,0,2,2,1,0,3,3,3,
14,3,1,1,4,2,1,0,6,4,5,
11,3,1,1,2,2,1,0,3,4,3,
11,3,2,1,2,2,1,0,3,4,2,
11,3,2,1,3,2,2,0,4,4,4,
11,3,2,1,2,2,2,0,4,4,3,
11,3,2,1,2,2,2,0,4,4,3,
11,4,2,1,3,2,2,0,4,4,3,
12,3,1,0,2,1,1,0,3,3,2,
12,3,1,0,2,1,1,0,3,3,2,
12,3,1,0,2,2,1,0,3,3,2,
12,3,1,0,2,2,1,0,3,3,2,
13,3,2,1,3,2,2,0,4,4,3,
12,3,1,0,2,2,1,0,3,3,2,
11,3,1,0,2,2,1,0,3,3,2,
14,3,1,0,2,2,1,0,3,3,2,
11,3,1,0,2,2,1,0,3,3,2,
12,3,1,1,2,2,1,0,3,3,3,
11,3,1,0,2,2,1,0,3,3,3,
31,3,1,23,2,2,1,0,3,4,3,
13,3,1,1,2,2,1,0,6,4,3,
14,6,1,1,2,2,1,0,3,7,3,
11,3,2,1,2,2,2,0,4,4,3,
11,3,1,1,2,2,2,0,4,4,3,
11,3,1,1,2,2,2,0,4,4,3,
11,3,2,1,2,2,2,0,4,4,3,
11,4,2,1,2,2,2,0,4,4,3,
13,3,4,3,5,2,2,0,4,4,5,
11,4,2,1,3,2,2,0,4,4,3,
13,1,0,0,0,0,0,0,2,2,1,
12,3,1,0,2,2,1,0,3,3,2,
12,3,1,0,2,2,1,0,3,3,2,
12,3,1,0,2,2,1,0,3,3,2,
12,3,1,0,2,2,1,0,3,3,2,
12,3,1,0,2,2,1,0,3,3,2,
11,3,1,0,2,2,1,0,3,3,2,
11,3,2,1,2,2,2,0,4,4,3,
11,3,1,0,2,2,1,0,3,3,2,
14,3,1,0,2,2,1,0,3,3,2,
13,6,1,0,2,2,1,0,6,6,3,
11,3,1,0,2,2,1,0,3,4,3,
11,3,1,0,2,2,1,0,3,4,3,
11,3,1,1,2,2,1,0,3,4,3,
11,3,1,1,2,2,2,0,4,4,3,
11,3,1,1,2,2,2,0,4,4,3,
11,3,2,1,2,2,2,0,4,4,3,
12,4,2,1,2,3,1,0,4,5,3,
11,3,2,1,2,2,2,0,4,4,3,
11,3,2,1,2,2,2,0,4,4,3,
11,4,2,1,3,3,2,0,4,4,3,
12,3,1,0,2,2,1,0,3,3,2,
12,3,1,0,2,2,1,0,3,3,2,
12,3,1,0,2,2,1,0,3,3,2,
12,3,1,0,2,2,1,0,3,3,2,
12,3,1,0,2,2,1,0,3,3,2,
12,3,1,0,3,2,1,0,3,3,4,
12,3,1,0,2,2,1,0,3,3,2,
11,3,1,0,2,2,1,0,3,3,2,
11,3,1,0,2,2,1,0,3,3,2,
11,3,1,0,2,2,1,0,3,3,3,
11,3,2,0,1,2,1,0,3,3,2,
12,3,1,0,4,2,1,0,3,3,5,
11,3,1,0,2,2,1,0,3,4,3,
11,3,1,0,2,2,1,0,3,4,3,
12,3,1,1,2,2,1,0,4,4,3,
11,1,0,0,0,0,1,0,1,2,1,
11,3,1,1,2,2,2,0,4,4,3,
11,3,2,1,2,2,2,0,4,4,3,
11,3,2,1,2,2,2,0,4,4,3,
16,3,1,0,2,2,5,0,3,4,3,
33,3,2,1,2,26,2,0,4,4,3,
12,4,2,1,3,2,2,0,4,4,3,
11,3,2,1,2,2,2,0,4,4,3,
11,3,3,1,3,2,2,0,4,4,3,
14,4,2,1,3,2,2,0,4,4,3,
11,3,1,0,2,1,1,0,3,3,2,
12,3,1,0,2,2,1,0,3,3,2,
12,3,1,0,2,2,1,0,3,3,2,
12,3,1,0,2,2,1,0,3,3,2,
12,3,1,0,2,2,1,0,3,3,2,
35,27,1,0,2,2,1,0,3,3,2,
11,3,1,0,2,2,1,0,3,4,2,
11,3,1,0,2,2,1,0,3,3,2,
11,3,1,0,2,2,1,0,3,3,3,
12,3,4,3,4,2,1,0,3,3,5,
11,3,1,1,2,2,1,0,3,3,3,
13,3,1,0,2,2,1,0,3,3,3,
11,3,1,0,2,2,1,0,3,4,3,
11,3,1,0,2,2,1,0,3,4,3,
11,3,1,0,2,2,1,0,4,4,3,
11,3,1,1,2,2,1,0,3,4,3,
11,3,1,1,2,2,1,0,3,4,3,
11,3,1,1,2,2,2,0,4,4,3,
11,3,1,0,2,2,1,0,3,3,2,
11,3,2,1,2,2,2,0,4,4,3,
13,4,1,0,1,3,3,1,5,5,2,
13,5,2,1,2,2,2,0,5,6,6,
11,3,2,1,3,2,2,0,4,4,3,
11,3,2,1,3,2,2,0,4,4,3,
11,3,1,0,2,2,1,0,3,3,2,
12,3,1,0,2,2,1,0,3,3,2,
12,3,1,0,2,2,1,0,3,3,2,
12,3,1,0,2,2,1,0,3,3,2,
12,3,1,0,2,2,1,0,4,4,2,
12,3,1,0,2,2,1,0,3,3,2,
12,3,1,0,2,2,1,0,3,3,2,
11,3,1,0,2,2,1,0,3,3,2,
11,3,1,0,2,2,1,0,3,3,2,
11,3,1,0,2,2,1,0,3,3,2,
11,3,1,0,2,2,1,0,3,3,3,
11,3,1,0,2,2,1,0,3,3,2,
11,3,1,0,2,2,1,0,3,3,3,
11,3,1,0,2,2,1,0,3,3,3,
11,3,1,0,2,2,1,0,3,4,3,
11,3,1,0,2,2,1,0,3,4,3,
11,3,1,1,2,2,2,0,4,4,3,
35,26,0,0,1,25,24,23,26,26,2,
12,3,2,0,1,2,1,0,3,3,2,
13,3,2,1,5,2,2,0,4,4,5,
11,3,2,1,2,2,2,0,4,4,3,
11,3,2,1,2,2,2,0,4,4,3,
14,3,1,0,2,2,1,0,3,3,2,
11,0,0,0,0,0,0,0,1,1,0,
11,2,1,0,2,1,1,0,3,3,2,
11,3,2,1,3,2,2,0,4,4,3,
12,3,1,0,2,2,1,0,3,3,2,
35,3,1,0,26,2,1,0,3,3,27,
12,3,1,0,2,2,1,0,3,3,2,
12,3,1,0,2,2,1,0,3,3,2,
12,3,1,0,2,2,1,0,3,3,2,
12,3,1,0,2,2,1,0,3,3,2,
11,3,1,0,2,2,1,0,3,3,2,
11,3,1,0,2,2,1,0,3,3,2,
11,3,1,0,2,2,1,0,3,3,2,
11,3,1,0,2,2,1,0,3,3,2,
11,3,1,0,2,2,1,0,3,3,2,
11,3,1,0,2,2,1,0,3,3,3,
11,3,1,1,2,2,1,0,3,4,3,
11,3,1,0,2,2,1,0,3,4,3,
11,3,1,1,2,2,1,0,3,4,3,
11,3,1,1,2,2,2,0,4,4,3,
13,3,4,3,5,2,2,0,5,4,6,
11,3,2,1,2,2,2,0,4,4,3,
14,3,1,1,2,2,1,0,3,4,3,
11,2,1,0,2,1,1,0,3,3,2,
34,3,2,1,2,2,2,0,26,4,3,
12,3,1,0,2,2,1,0,3,3,2,
12,3,1,0,2,2,1,0,3,3,2,
11,3,1,0,2,1,1,0,3,3,2,
12,3,1,0,2,2,1,0,3,3,2,
11,3,2,1,2,2,2,0,4,4,3,
12,3,1,0,2,2,1,0,3,3,2,
12,3,1,0,2,2,3,0,3,3,2,
14,5,1,0,2,2,1,0,5,5,2,
12,3,1,0,2,2,1,0,3,3,2,
13,3,1,0,2,2,1,0,3,3,2,
11,3,1,0,2,2,1,0,3,3,2,
11,3,1,0,2,2,1,0,3,3,2,
11,3,1,0,2,2,1,0,3,3,3,
11,3,1,0,2,2,1,0,3,3,3,
11,3,1,0,2,2,1,0,4,4,2,
11,3,1,0,2,2,1,0,3,3,3,
11,3,1,0,2,2,1,0,3,3,3,
11,3,1,1,2,2,2,0,4,4,3,
11,3,1,1,2,2,1,0,3,4,3,
11,3,2,1,2,2,2,0,4,4,3,
13,4,0,0,1,3,3,1,5,5,2,
31,3,24,1,2,2,2,0,4,4,3,
12,3,1,0,2,2,1,0,3,3,2,
11,3,2,1,2,2,2,0,4,4,3,
11,4,2,1,3,2,2,0,4,4,3,
11,3,3,1,2,2,2,0,4,4,3,
11,3,2,1,3,2,2,0,4,4,3,
11,3,1,0,2,1,1,0,3,3,2,
12,3,4,1,2,2,2,0,4,4,3,
13,3,1,0,4,2,1,0,3,3,5,
12,3,1,0,2,2,1,0,3,3,2,
12,3,1,0,2,2,1,0,3,3,2,
14,3,1,1,2,2,2,0,4,4,3,
34,0,0,0,0,0,23,0,0,0,0,
12,3,1,0,2,2,1,0,3,3,2,
11,3,1,0,2,2,1,0,3,3,2,
11,3,1,0,2,2,1,0,3,3,2,
11,3,1,0,2,2,1,0,3,3,2,
11,3,1,0,2,2,1,0,3,3,3,
11,3,1,0,2,2,1,0,3,3,3,
11,3,1,0,2,2,1,0,3,3,3,
11,3,1,1,2,2,2,0,4,4,3,
11,3,1,1,2,2,1,0,4,4,3,
11,3,2,1,2,2,2,0,4,4,3,
11,3,2,1,2,2,2,0,4,4,3,
13,3,1,0,2,2,1,0,3,3,2,
11,3,2,1,2,2,2,0,4,4,3,
11,3,2,1,2,2,2,0,4,4,3,
12,3,2,1,2,2,2,0,4,4,3,
11,3,2,1,2,2,2,0,4,4,3,
11,3,2,1,3,2,2,0,4,4,3,
12,3,1,0,2,1,1,0,3,3,2,
13,3,4,3,4,1,1,0,5,3,5,
12,3,1,0,2,2,1,0,3,3,2,
14,3,2,1,3,2,2,0,4,4,3,
