20,3,3,2,2,0,2,1,2,2,2,2,1,2,2,1,2,2,2,2,2,
5,2,2,1,2,0,1,1,2,2,1,2,1,1,2,1,2,2,2,2,1,
4,1,1,0,1,0,1,0,1,1,0,1,0,0,1,0,1,1,1,1,1,
5,1,1,1,1,0,1,1,1,1,1,1,1,1,1,0,1,1,1,1,1,
6,1,1,1,1,0,1,1,1,1,1,1,1,1,1,0,1,1,1,1,1,
4,1,1,1,1,0,1,1,1,1,1,1,1,1,1,0,1,1,1,1,1,
4,1,1,1,1,0,1,1,1,1,1,1,1,1,1,0,1,1,1,1,1,
5,1,1,1,1,0,1,1,1,1,1,1,1,1,1,0,1,1,1,1,1,
5,1,1,1,1,0,1,1,1,2,1,1,1,1,1,0,1,1,1,1,1,
5,1,1,1,1,0,1,1,1,2,1,1,1,1,1,0,1,1,1,1,1,
5,2,2,1,1,0,1,1,1,2,1,1,1,1,2,0,2,2,2,1,1,
5,2,1,1,1,0,1,1,1,2,1,1,1,1,1,0,2,2,2,1,1,
6,1,1,0,1,0,0,0,1,1,0,1,0,0,1,0,1,1,1,0,0,
4,2,2,1,1,0,1,1,1,2,1,1,1,1,2,1,2,2,2,1,1,
4,2,2,1,1,0,1,1,1,2,1,1,1,1,2,1,2,2,2,1,1,
4,2,2,1,1,0,1,1,2,2,1,1,1,1,2,1,2,2,2,1,1,
4,2,2,1,1,0,1,1,1,2,1,1,1,1,2,1,2,2,2,1,1,
4,2,2,1,1,0,1,1,1,2,1,1,1,1,2,1,2,2,2,1,1,
4,1,1,0,1,0,0,0,0,1,0,1,0,0,1,0,1,1,1,0,0,
4,1,1,0,0,0,0,0,0,1,0,1,0,0,1,0,1,1,1,0,0,
4,1,1,0,0,0,0,0,1,1,0,1,0,0,1,0,1,1,1,0,0,
4,1,1,0,1,0,0,0,1,1,0,1,0,0,1,0,1,1,1,0,0,
4,1,1,0,1,0,0,0,1,1,0,1,0,0,1,0,1,1,1,0,0,
4,1,1,0,1,0,1,0,1,1,0,1,0,0,1,0,1,1,1,1,1,
4,1,1,0,1,0,1,0,1,1,0,1,0,0,1,0,1,1,1,1,0,
7,1,1,1,1,0,1,1,1,1,1,1,1,1,1,0,1,1,1,1,1,
4,1,1,0,1,0,1,1,1,1,0,1,1,1,1,0,1,1,1,1,1,
4,1,1,0,1,0,1,1,1,1,1,1,1,1,1,0,1,1,1,1,1,
4,1,1,1,1,0,1,1,1,1,1,1,1,1,1,0,1,1,1,1,1,
4,1,1,1,1,0,1,1,1,1,1,1,1,1,1,0,1,1,1,1,1,
4,1,1,1,1,0,1,1,1,1,1,1,1,1,1,0,1,1,1,1,1,
4,1,1,1,1,0,1,1,1,1,1,1,1,1,1,0,1,1,1,1,1,
5,1,1,1,1,0,1,1,1,1,1,1,1,1,1,0,1,2,1,1,1,
5,1,1,1,1,0,1,1,1,1,1,1,1,1,1,0,1,1,1,1,1,
5,2,1,1,1,0,1,1,1,2,1,1,1,1,1,0,1,1,1,1,1,
5,2,1,1,1,0,1,1,1,2,1,2,1,1,1,0,1,2,2,1,1,
5,2,1,1,1,0,1,1,1,2,1,1,1,1,1,0,2,1,1,1,1,
5,2,2,1,1,0,1,1,1,2,1,1,1,1,2,1,2,2,2,1,1,
6,2,2,1,4,0,1,1,1,2,1,4,1,1,2,0,2,2,2,4,1,
4,2,2,1,1,0,1,1,1,2,1,2,1,1,2,1,2,2,2,1,1,
4,2,2,1,1,0,1,1,1,2,1,1,1,1,2,1,2,2,2,1,1,
4,2,2,1,1,0,1,1,1,2,1,1,1,1,2,1,2,2,2,1,1,
4,2,2,1,1,0,1,1,2,2,1,2,1,1,2,1,2,2,2,1,1,
4,1,1,0,1,0,0,0,1,1,0,1,0,0,1,0,1,1,1,0,0,
4,1,1,0,1,0,0,0,0,1,0,1,0,0,1,0,1,1,1,0,0,
4,1,1,0,1,0,0,0,1,1,0,1,0,0,1,0,1,1,1,0,0,
5,2,2,1,1,0,1,1,1,2,1,2,1,1,2,1,2,2,2,1,1,
4,1,1,0,1,0,0,0,1,1,0,1,0,0,1,0,1,1,1,0,0,
4,1,1,0,1,0,0,0,1,1,0,1,0,0,1,0,1,1,1,1,0,
7,1,1,0,1,0,1,0,1,1,0,1,1,1,1,0,1,1,1,1,1,
9,6,1,0,1,0,1,1,1,6,0,1,0,1,1,0,1,1,6,1,1,
4,1,1,0,1,0,1,0,1,1,0,1,1,0,1,0,1,1,1,1,1,
4,1,1,0,1,0,1,1,1,1,0,1,0,1,1,0,1,1,1,1,1,
4,1,1,0,1,0,1,1,1,1,1,1,1,1,1,0,1,1,1,1,1,
4,1,1,1,1,0,1,1,1,1,1,1,1,1,1,0,1,1,1,1,1,
4,1,1,1,1,0,1,1,1,1,1,1,1,1,1,0,1,1,1,1,1,
7,1,1,1,1,0,1,1,1,1,1,1,1,1,1,0,1,1,1,1,1,
5,1,1,1,1,0,1,1,1,1,1,1,1,1,1,0,1,1,1,1,1,
5,1,1,1,1,0,1,1,1,2,1,1,1,1,1,0,1,2,1,1,1,
5,2,1,1,2,0,1,1,1,2,1,2,1,1,1,0,1,1,2,1,1,
5,2,1,1,2,0,1,1,1,2,1,2,1,1,1,0,2,2,2,1,1,
5,2,2,1,2,0,1,1,1,2,1,2,1,2,2,0,2,2,2,1,1,
5,2,2,1,1,0,1,1,1,2,1,1,1,1,2,0,2,2,2,1,1,
5,2,2,1,1,0,1,1,1,2,1,1,1,1,2,1,2,2,2,1,1,
4,2,2,1,1,0,1,1,1,2,1,1,1,1,2,1,2,2,2,1,1,
4,2,2,1,1,0,1,1,1,2,1,2,1,1,2,1,2,2,2,1,1,
4,2,2,1,2,0,1,1,2,2,1,2,1,1,2,1,2,2,2,1,1,
4,1,1,0,1,0,0,0,0,1,0,1,0,0,1,0,1,1,1,0,0,
4,1,1,0,1,0,0,0,1,1,0,1,0,0,1,0,1,1,1,0,0,
4,1,1,0,1,0,0,0,1,1,0,1,0,0,1,0,1,1,1,0,0,
6,1,1,0,1,0,0,0,1,1,0,1,0,0,1,0,1,1,1,0,0,
8,4,1,1,1,0,1,1,1,4,1,1,1,1,1,0,1,2,4,1,1,
4,1,1,1,1,0,1,1,1,1,1,1,1,1,1,1,1,1,1,1,1,
5,1,1,0,1,0,1,0,1,1,0,1,0,0,1,0,2,1,1,2,1,
5,1,1,0,1,0,1,1,1,1,0,1,1,1,1,0,1,1,1,1,1,
4,1,1,1,1,0,1,1,1,1,1,1,1,1,1,0,1,1,1,1,1,
4,1,1,1,1,0,1,1,1,1,1,1,1,1,1,0,1,1,1,1,1,
5,1,2,2,2,0,1,1,1,1,2,2,1,1,1,0,1,2,1,2,2,
4,1,1,1,1,0,1,1,1,1,1,1,1,1,1,0,1,1,1,1,1,
4,1,1,1,1,0,1,1,1,1,1,1,1,1,1,0,1,1,1,1,1,
4,1,1,1,1,0,1,1,1,1,1,1,1,1,1,0,1,1,1,1,1,
5,1,1,1,1,0,1,1,1,1,1,1,1,1,1,0,1,1,1,1,1,
5,1,1,1,1,0,1,1,1,1,1,1,1,1,1,0,1,1,1,1,1,
5,2,1,1,1,0,1,1,1,2,1,1,1,1,1,0,1,2,1,1,1,
8,2,1,1,1,0,5,1,1,2,1,1,5,1,1,0,1,1,1,1,1,
6,2,2,1,1,0,1,1,2,2,1,2,1,1,2,0,2,2,2,1,1,
5,2,2,1,1,0,1,1,1,2,1,2,1,1,2,1,2,2,2,1,1,
5,2,2,1,1,0,1,1,1,2,1,1,1,1,1,0,2,2,2,1,1,
5,2,2,1,1,0,1,1,1,2,1,2,1,1,2,1,2,2,2,1,1,
5,2,2,1,1,0,1,1,1,2,1,1,1,1,2,0,2,2,2,1,1,
4,2,2,1,1,0,1,1,1,2,1,2,1,1,2,1,2,2,2,1,1,
4,2,2,1,1,0,1,1,1,2,1,1,1,1,2,1,2,2,2,1,1,
4,2,2,1,1,0,1,1,1,2,1,1,1,1,2,1,2,2,2,1,1,
4,2,2,1,1,0,1,1,1,2,1,2,1,1,2,1,2,2,2,1,1,
4,2,2,1,2,0,1,1,2,2,1,2,1,1,2,1,2,2,2,1,1,
4,2,2,1,2,0,1,1,2,2,1,2,1,1,2,1,2,2,2,1,1,
4,1,1,0,1,0,0,0,1,1,0,1,0,0,1,0,1,1,1,1,1,
5,1,1,0,1,0,0,0,1,1,0,1,0,0,2,0,2,1,1,1,1,
6,1,1,0,1,0,1,0,3,1,0,1,0,0,3,0,3,1,1,1,1,
4,1,1,0,1,0,1,0,1,1,0,1,0,1,1,0,1,1,1,1,1,
4,1,1,0,1,0,1,0,1,1,0,1,0,0,1,0,1,1,1,1,1,
4,1,1,0,1,0,1,1,1,1,0,1,1,1,1,0,1,1,1,1,1,
4,1,1,1,1,0,1,1,1,1,1,1,1,1,1,0,1,1,1,1,1,
4,1,1,1,1,0,1,1,1,1,1,1,1,1,1,0,1,1,1,1,1,
4,1,1,1,1,0,1,1,1,1,1,1,1,1,1,0,1,1,1,1,1,
7,1,1,1,1,0,1,1,1,1,1,1,1,1,1,0,1,1,1,1,1,
5,2,2,1,2,0,1,1,1,2,1,2,1,1,2,0,2,2,2,1,1,
5,2,2,1,2,0,1,1,1,2,1,2,1,1,1,0,1,2,1,1,1,
5,2,2,1,1,0,1,1,1,2,1,1,1,1,2,1,2,2,2,1,1,
6,2,2,1,1,0,1,1,1,2,1,2,1,1,2,1,2,2,2,1,1,
5,2,2,1,1,0,1,1,1,2,1,1,1,1,1,0,1,1,1,1,1,
5,2,2,1,1,0,1,1,1,2,1,1,1,1,1,0,1,2,1,1,1,
8,2,1,1,1,0,1,1,1,2,1,1,1,1,1,0,1,1,2,1,1,
5,2,2,1,1,0,1,1,1,2,1,2,1,1,1,1,2,2,2,1,1,
5,2,2,1,1,0,1,1,1,2,1,1,1,1,1,1,2,2,2,1,1,
4,2,2,1,1,0,1,1,1,2,1,1,1,1,2,1,2,2,2,1,1,
4,2,2,1,2,0,1,1,1,2,2,2,1,1,2,1,2,2,2,1,1,
4,2,2,1,2,0,1,1,1,2,1,2,1,1,2,1,2,2,2,1,1,
4,1,1,0,1,0,0,0,0,1,0,1,0,0,1,0,1,1,1,0,0,
4,1,1,0,1,0,0,0,1,1,0,1,0,0,1,0,1,1,1,0,0,
4,1,1,0,1,0,0,0,1,1,0,1,0,0,1,0,1,1,1,0,0,
4,1,1,0,1,0,0,0,1,1,0,1,0,0,1,0,1,1,1,0,0,
7,1,1,1,1,0,1,1,1,1,1,1,1,1,1,0,1,1,1,1,1,
4,1,1,0,1,0,1,0,1,1,0,1,0,0,1,0,1,1,1,1,1,
4,1,1,0,1,0,1,0,1,1,0,1,0,0,1,0,1,1,1,1,1,
7,3,1,0,1,0,1,3,3,3,0,1,0,3,3,0,3,1,3,1,1,
5,1,1,0,1,0,1,0,1,1,0,1,0,0,1,0,1,1,1,1,1,
4,1,1,0,1,0,1,1,1,1,1,1,1,1,1,0,1,1,1,1,1,
4,1,1,1,1,0,1,1,1,1,1,1,1,1,1,0,1,1,1,1,1,
4,1,1,1,1,1,1,1,1,1,1,1,1,1,1,0,1,1,1,1,1,
5,1,1,1,1,0,1,1,1,1,1,1,1,1,1,0,1,1,1,1,1,
5,1,1,1,1,0,1,1,1,1,1,1,1,1,1,0,1,1,1,1,1,
4,1,1,1,1,0,1,1,1,1,1,1,1,1,1,0,1,1,1,1,1,
5,1,1,1,1,0,1,1,1,1,1,1,1,1,1,0,1,1,1,1,1,
5,2,1,1,1,0,1,1,1,1,1,1,1,1,1,0,1,1,1,1,1,
5,1,1,1,1,0,1,1,1,1,1,1,1,1,1,0,1,1,1,1,1,
5,2,1,1,1,0,1,1,1,2,1,1,1,1,1,0,1,2,1,1,1,
5,2,1,1,1,0,1,1,1,1,1,1,1,1,1,0,1,2,1,1,1,
5,2,2,1,1,0,1,1,1,2,1,1,1,1,1,0,1,2,1,1,1,
5,2,2,1,1,0,1,1,1,2,1,1,1,1,2,1,2,2,1,1,1,
4,2,2,1,1,0,1,1,2,2,1,2,1,1,2,1,2,2,1,1,1,
4,2,2,1,2,0,1,1,1,2,1,2,1,1,2,1,2,2,2,1,1,
4,2,2,1,2,0,1,1,1,2,1,2,1,1,2,1,2,2,2,1,1,
4,2,2,1,2,0,1,1,1,2,1,2,1,1,2,1,2,2,2,1,1,
4,2,2,1,2,0,1,1,2,2,1,2,1,1,2,1,2,2,2,1,1,
4,1,1,1,1,0,1,1,1,1,1,1,1,1,1,0,1,1,1,1,1,
4,1,1,0,1,0,1,0,1,1,0,1,0,0,1,0,1,1,1,1,1,
4,2,2,1,2,0,1,1,2,2,1,2,1,1,2,1,2,2,2,1,1,
4,1,1,0,1,0,0,0,1,1,0,1,0,0,1,0,1,1,1,1,0,
5,1,1,0,1,0,0,0,1,1,0,1,0,0,1,0,1,1,1,1,1,
5,1,1,0,1,0,0,0,1,1,0,1,0,0,1,0,1,1,1,1,1,
4,1,1,0,1,0,1,1,1,1,1,1,1,1,1,0,1,1,1,1,1,
4,1,1,1,1,0,1,1,1,1,1,1,1,1,1,0,1,1,1,1,1,
4,1,1,0,1,0,1,1,1,1,0,1,1,1,1,0,1,1,1,1,1,
6,1,1,1,1,0,1,1,1,1,1,1,1,1,1,0,1,1,1,1,1,
4,1,1,1,1,0,1,1,1,1,1,1,1,1,1,0,1,1,1,1,1,
4,1,1,1,1,0,1,1,1,1,1,1,1,1,1,0,1,1,1,1,1,
4,1,1,1,1,0,1,1,1,1,1,1,1,1,1,0,1,1,1,1,1,
5,1,1,1,1,0,1,1,1,2,1,1,1,1,1,0,1,1,1,1,1,
4,1,1,1,1,0,1,1,1,1,1,1,1,1,1,0,1,1,1,1,1,
5,2,1,1,1,0,1,1,1,1,1,1,1,1,1,0,1,1,1,1,1,
5,1,1,1,1,0,1,1,2,1,1,1,1,1,2,0,2,1,1,1,1,
5,1,1,1,1,0,1,1,1,1,1,1,1,1,1,0,1,1,1,1,1,
5,2,1,1,1,0,1,1,1,2,1,1,1,1,1,0,1,2,1,1,1,
5,1,1,1,1,0,1,1,1,1,1,1,1,1,1,0,1,1,1,1,1,
4,2,1,1,1,0,1,1,1,2,1,1,1,1,1,0,1,1,1,1,1,
4,2,2,1,1,0,1,1,1,2,1,1,1,1,1,1,1,2,2,1,1,
4,2,2,1,1,0,1,1,1,2,1,1,1,1,2,1,2,2,2,1,1,
4,2,2,1,1,0,1,1,1,2,1,1,1,1,2,1,2,2,2,1,1,
6,2,2,1,4,0,1,1,1,2,1,4,1,1,2,1,2,2,2,4,1,
4,2,2,1,2,0,1,1,1,2,1,2,1,1,2,1,2,2,2,1,1,
4,2,2,1,2,0,1,1,1,2,1,2,1,1,2,1,2,2,2,1,1,
4,2,2,1,2,0,1,1,2,2,1,2,1,1,2,1,2,2,2,1,1,
4,2,2,1,2,0,1,1,2,2,1,2,1,1,2,1,2,2,2,1,1,
4,1,1,0,1,0,0,0,1,1,0,1,0,0,1,0,1,1,1,1,0,
4,2,2,1,2,0,1,1,1,2,1,2,1,1,2,1,2,2,2,1,1,
4,1,1,0,1,0,1,0,1,1,0,1,0,1,1,0,1,1,1,1,1,
6,1,1,0,1,0,1,1,1,1,0,1,1,1,1,0,1,1,1,1,1,
4,1,1,1,1,0,1,1,1,1,1,1,1,1,1,0,1,1,1,1,1,
4,1,1,0,1,0,1,1,1,1,0,1,1,1,1,0,1,1,1,1,1,
4,1,1,1,1,0,1,1,1,1,1,1,1,1,1,0,1,1,1,1,1,
4,1,1,1,1,0,1,1,1,1,1,1,1,1,1,0,1,1,1,1,1,
4,1,1,1,1,0,1,1,1,1,1,1,1,1,1,0,1,1,1,1,1,
4,1,1,1,1,0,1,1,1,1,1,1,1,1,1,0,1,1,1,1,1,
4,1,1,1,1,0,1,1,1,1,1,1,1,1,1,0,1,1,1,1,1,
5,1,1,1,1,0,1,1,1,1,1,1,1,1,1,0,1,1,1,1,1,
4,1,1,1,1,0,1,1,1,1,1,1,1,1,1,0,1,1,1,1,1,
5,1,1,1,1,0,1,1,1,1,1,1,1,1,1,0,1,1,1,1,1,
5,1,2,1,1,0,1,1,1,1,1,1,1,1,1,0,1,2,1,1,1,
4,2,2,1,1,0,1,1,1,2,1,1,1,1,1,0,1,2,1,1,1,
4,2,1,1,1,0,1,1,1,2,1,1,1,1,1,0,1,1,2,1,1,
4,2,2,1,1,0,1,1,1,2,1,1,1,1,1,1,1,2,2,1,1,
4,2,2,1,1,0,1,1,1,2,1,1,1,1,1,1,1,2,2,1,1,
4,2,2,1,1,0,1,1,1,2,1,2,1,1,2,1,2,2,2,1,1,
4,2,2,1,2,0,1,1,2,2,1,2,1,1,2,1,2,2,2,1,1,
4,2,2,1,2,0,1,1,1,2,1,2,1,1,2,1,2,2,2,1,1,
60,2,57,57,57,0,1,1,1,2,57,57,1,1,2,1,2,57,2,57,57,
9,2,7,6,7,0,1,1,2,2,6,7,1,1,2,1,2,7,2,6,6,
6,1,1,0,1,0,0,0,1,1,0,1,0,0,1,0,1,1,1,1,0,
4,1,1,0,1,0,1,0,1,1,0,1,0,0,1,0,1,1,1,1,0,
4,1,1,0,1,0,1,1,1,1,0,1,0,1,1,0,1,1,1,1,1,
4,1,1,0,1,0,1,1,1,1,0,1,1,1,1,0,1,1,1,1,1,
4,1,1,1,1,0,1,1,1,1,1,1,1,1,1,0,1,1,1,1,1,
4,1,1,1,1,0,1,1,1,1,1,1,1,1,1,0,1,1,1,1,1,
4,1,1,1,1,0,1,1,1,1,1,1,1,1,1,0,1,1,1,1,1,
5,1,1,1,1,0,1,1,1,1,1,1,1,1,1,0,1,1,1,1,1,
5,1,1,1,1,0,1,1,1,1,1,1,1,1,1,0,1,1,1,1,1,
5,2,1,1,1,0,1,1,1,1,1,1,1,1,1,0,1,1,1,1,1,
7,1,1,3,1,0,1,1,1,2,4,1,1,1,1,0,1,1,1,1,1,
4,2,1,1,1,0,1,1,1,1,1,1,1,1,1,0,1,1,1,1,1,
4,2,1,1,1,0,1,1,1,2,1,1,1,1,1,0,1,1,1,1,1,
4,2,1,1,1,0,1,1,1,2,1,1,1,1,1,1,2,1,1,1,1,
4,2,2,1,1,0,1,1,1,2,1,1,1,1,2,1,2,2,2,1,1,
4,2,2,1,1,0,1,1,1,2,1,1,1,1,2,1,2,2,2,1,1,
5,2,2,1,1,0,1,1,1,2,1,1,1,1,2,1,2,2,2,1,1,
4,2,2,1,2,0,1,1,1,2,1,2,1,1,2,1,2,2,2,1,1,
4,2,2,1,2,0,1,1,1,2,1,2,1,1,2,1,2,2,2,1,1,
5,2,1,1,1,0,1,1,1,2,1,1,1,1,2,0,2,1,1,1,1,
4,1,1,0,1,0,0,0,1,1,0,1,0,0,1,0,1,1,1,0,0,
6,1,1,0,1,0,0,0,1,1,0,1,0,0,1,0,1,1,1,0,0,
4,1,1,0,1,0,1,0,1,1,0,1,0,0,1,0,1,1,1,1,0,
5,1,1,0,1,0,1,0,1,1,0,1,0,1,1,0,1,1,1,1,1,
4,1,1,0,1,0,1,1,1,1,1,1,1,1,1,0,1,1,1,1,1,
4,1,1,1,1,0,1,1,1,1,1,1,1,1,1,0,1,1,1,1,1,
4,1,1,1,1,0,1,1,1,1,1,1,1,1,1,0,1,1,1,1,1,
4,1,1,1,1,0,1,1,1,1,1,1,1,1,1,0,1,1,1,1,1,
5,2,1,1,2,0,1,1,1,1,1,2,1,1,1,1,1,1,1,1,1,
5,2,1,1,1,0,1,1,1,1,1,1,1,1,1,0,1,1,1,1,1,
5,2,1,1,1,0,1,1,1,2,1,1,1,1,1,0,1,1,1,1,1,
7,2,1,1,1,0,1,1,1,2,1,1,1,1,1,0,1,1,2,1,1,
4,2,1,1,1,0,1,1,1,2,1,1,1,1,1,0,1,1,1,1,1,
4,2,1,1,1,0,1,1,1,2,1,1,1,1,1,1,1,1,2,1,1,
4,2,2,1,2,0,1,1,1,2,1,2,1,1,2,1,2,2,2,2,1,
4,1,1,0,1,0,0,0,0,1,0,1,0,0,1,0,1,1,1,0,0,
4,2,2,1,2,0,1,1,1,2,1,2,1,1,2,1,2,2,2,1,1,
5,2,1,1,1,0,1,2,2,2,1,1,1,2,2,0,2,1,2,1,1,
4,1,1,0,1,0,1,0,1,1,0,1,0,0,1,0,1,1,1,1,0,
4,1,1,0,1,0,1,0,1,1,0,1,0,0,1,0,1,1,1,1,1,
4,1,1,0,1,0,1,0,1,1,0,1,0,0,1,0,1,1,1,1,1,
4,1,1,0,1,0,1,0,1,1,0,1,0,0,1,0,1,1,1,1,1,
7,1,1,0,1,0,1,1,1,1,0,1,0,1,1,0,1,1,1,1,1,
4,1,1,1,1,0,1,1,1,1,1,1,1,1,1,0,1,1,1,1,1,
4,1,1,1,1,0,1,1,1,1,1,1,1,1,1,0,1,1,1,1,1,
4,1,1,1,1,0,1,1,1,1,1,1,1,1,1,0,1,1,1,1,1,
5,1,1,1,1,0,1,1,1,1,1,1,1,1,1,0,1,1,1,1,1,
5,2,1,1,1,0,1,1,1,1,1,1,1,1,1,0,1,1,1,1,1,
5,2,1,1,1,0,1,1,1,1,1,1,1,1,1,0,1,1,1,1,1,
5,2,1,1,1,0,1,1,1,2,1,1,1,1,1,0,1,1,1,1,1,
5,2,2,1,1,0,1,1,1,2,1,1,1,1,1,1,2,1,2,1,1,
4,2,2,1,1,0,1,1,1,2,1,1,1,1,1,1,1,2,1,1,1,
7,2,5,4,4,0,1,1,1,2,4,4,1,1,1,1,1,5,1,4,4,
4,2,2,1,1,0,1,1,1,2,1,1,1,1,2,1,2,2,2,1,1,
4,1,1,0,0,0,0,0,0,1,0,1,0,0,1,0,1,1,1,0,0,
4,2,2,1,1,0,1,1,1,2,1,2,1,1,2,1,2,2,2,1,1,
4,1,1,0,1,0,0,0,0,1,0,1,0,0,1,0,1,1,1,0,0,
4,1,1,0,1,0,0,0,0,1,0,1,0,0,1,0,1,1,1,0,0,
4,1,1,0,1,0,0,0,1,1,0,1,0,0,1,0,1,1,1,0,0,
4,1,1,0,1,0,1,0,1,1,0,1,0,0,1,0,1,1,1,0,0,
4,1,1,0,1,0,1,0,1,1,0,1,1,1,1,0,1,1,1,1,0,
4,1,1,0,1,0,1,0,1,1,0,1,1,0,1,0,1,1,1,1,0,
4,1,1,0,1,0,1,1,1,1,0,1,1,1,1,0,1,1,1,1,1,
5,1,1,0,1,0,0,0,1,1,0,1,0,0,1,0,1,1,1,0,0,
4,1,1,1,1,0,1,1,1,1,1,1,1,1,1,0,1,1,1,1,1,
4,1,1,1,1,0,1,1,1,1,1,1,1,1,1,0,1,1,1,1,1,
7,1,1,1,1,0,1,1,1,1,1,1,1,1,1,0,1,1,1,1,1,
5,1,1,1,1,0,1,1,1,1,1,1,1,1,1,0,1,1,1,1,1,
5,1,1,1,1,0,1,1,1,1,1,1,1,1,1,0,1,1,1,1,1,
5,2,1,1,1,0,1,1,1,2,1,1,1,1,1,0,1,1,1,1,1,
5,2,1,1,1,0,1,1,1,2,1,1,1,1,1,0,1,1,1,1,1,
5,2,1,1,1,0,1,1,1,2,1,1,1,1,1,0,1,1,1,1,1,
4,1,1,0,0,0,0,0,0,1,0,0,0,0,0,0,0,1,0,0,0,
6,1,3,2,2,0,0,0,0,1,2,2,0,0,0,0,0,3,0,2,2,
4,1,1,0,0,0,0,0,0,1,0,0,0,0,0,0,0,1,1,0,0,
4,1,1,0,0,0,0,0,0,1,0,0,0,0,1,0,0,1,1,0,0,
4,1,1,0,0,0,0,0,0,1,0,1,0,0,1,0,1,1,1,0,0,
6,3,3,0,0,0,0,0,0,3,0,1,0,0,1,0,1,3,3,0,0,
4,1,1,0,1,0,0,0,1,1,0,1,0,0,1,0,1,1,1,0,0,
4,1,1,0,1,0,1,0,1,1,0,1,1,0,1,0,1,1,1,1,1,
7,0,1,0,0,0,0,0,0,0,0,0,0,0,0,0,0,1,0,0,0,
4,1,1,0,1,0,1,0,1,1,0,1,0,0,1,0,1,1,1,1,0,
4,1,1,0,1,0,1,1,1,1,0,1,1,1,1,0,1,1,1,1,1,
4,1,1,0,1,0,1,1,1,1,0,1,1,1,1,0,1,1,1,1,1,
4,1,1,1,1,0,1,1,1,1,1,1,1,1,1,0,1,1,1,1,1,
4,1,1,1,1,0,1,1,1,1,1,1,1,1,1,0,1,1,1,1,1,
4,1,1,1,1,0,1,1,1,1,1,1,1,1,1,0,1,1,1,1,1,
5,1,1,1,1,0,1,1,1,1,1,1,1,1,1,0,1,1,1,1,1,
8,4,1,1,1,0,1,1,1,4,1,1,1,1,1,0,1,1,4,1,1,
5,1,1,1,1,0,1,1,1,1,1,1,1,1,1,0,1,1,1,1,1,
5,2,1,1,1,0,1,1,1,1,1,1,1,1,1,0,1,1,1,1,1,
5,1,1,1,1,0,1,1,1,1,1,1,1,1,1,0,1,1,1,1,1,
4,1,0,0,0,0,0,0,0,1,0,0,0,0,0,0,1,0,0,0,0,
4,1,0,0,0,0,0,0,0,1,0,0,0,0,1,0,1,0,0,0,0,
6,1,3,2,2,0,0,0,0,1,2,2,0,0,1,0,1,2,0,2,2,
4,1,1,0,0,0,0,0,0,1,0,0,0,0,1,0,1,1,0,0,0,
4,1,1,0,0,0,0,0,0,1,0,1,0,0,1,0,1,1,1,0,0,
4,1,1,0,0,0,0,0,0,1,0,1,0,0,1,0,1,1,1,0,0,
4,1,1,0,1,0,0,0,0,1,0,1,0,0,1,0,1,1,1,0,0,
4,1,1,0,1,0,0,0,1,1,0,1,0,0,1,0,1,1,1,0,0,
4,1,1,0,1,0,0,0,1,1,0,1,0,0,1,0,1,1,1,0,0,
6,1,1,1,1,0,1,1,1,1,1,1,1,1,1,0,1,1,1,1,1,
4,1,1,1,1,0,1,1,1,1,1,1,1,1,1,0,1,1,1,1,1,
5,1,2,1,1,0,1,1,1,1,1,1,1,1,1,1,1,1,1,1,1,
4,1,1,1,1,0,1,1,1,1,1,1,1,1,1,0,1,1,1,1,1,
5,2,1,1,1,0,1,1,1,2,1,1,1,1,1,0,1,1,1,1,1,
5,1,1,1,1,0,1,1,1,1,1,1,1,1,1,0,1,1,1,1,1,
7,3,1,1,1,0,1,1,1,3,1,1,1,1,1,0,1,1,3,1,1,
5,1,1,1,1,0,1,1,1,1,1,1,1,1,1,0,1,1,1,1,1,
7,4,1,1,1,0,1,1,1,4,1,1,1,1,1,0,1,1,4,1,1,
5,2,1,1,1,0,1,1,1,2,1,1,1,1,1,0,1,1,1,1,1,
5,2,1,1,1,0,1,1,1,1,1,1,1,1,1,0,1,1,1,1,1,
4,2,1,1,1,0,1,1,1,2,1,1,1,1,1,0,1,1,1,1,1,
4,1,1,0,0,0,0,0,0,1,0,0,0,0,0,0,1,1,0,0,0,
4,1,1,0,0,0,0,0,0,1,0,0,0,0,0,0,0,1,0,0,0,
5,1,2,2,2,0,0,0,0,1,2,2,0,0,1,0,1,2,1,2,2,
4,1,1,0,0,0,0,0,0,1,0,0,0,0,1,0,1,1,1,0,0,
4,1,1,0,0,0,0,0,0,1,0,1,0,0,1,0,1,1,1,0,0,
4,1,1,0,0,0,0,0,0,1,0,1,0,0,1,0,1,1,1,0,0,
4,1,1,0,1,0,0,0,1,1,0,1,0,0,1,0,1,1,1,0,0,
4,1,1,0,1,0,1,0,1,1,0,1,1,0,1,0,1,1,1,1,0,
7,4,1,0,1,0,1,3,4,4,0,1,0,3,4,0,4,1,3,1,0,
5,2,1,1,1,0,1,1,1,2,1,1,1,1,1,0,1,1,1,1,1,
4,1,1,0,1,0,1,0,1,1,0,1,0,0,1,0,1,1,1,1,1,
4,1,1,1,1,0,1,1,1,1,1,1,1,1,1,0,1,1,1,1,1,
4,1,1,1,1,0,1,1,1,1,1,1,1,1,1,0,1,1,1,1,1,
4,1,1,1,1,0,1,1,1,1,1,1,1,1,1,0,1,1,1,1,1,
5,1,1,1,1,0,1,1,1,1,1,1,1,1,2,0,1,1,1,1,1,
5,1,1,1,1,0,1,1,1,1,1,1,1,1,1,0,1,1,1,1,1,
5,1,1,1,1,0,1,1,1,2,1,1,1,1,1,0,1,1,1,1,1,
7,4,1,1,1,0,1,1,1,4,1,1,1,1,1,0,1,1,4,1,1,
5,2,1,1,1,0,1,1,1,2,1,1,1,1,1,0,1,1,1,1,1,
6,4,1,1,1,0,1,3,3,4,1,1,1,3,3,0,3,1,3,1,1,
4,1,0,0,0,0,0,0,0,1,0,0,0,0,1,0,1,0,0,0,0,
4,1,1,0,0,0,0,0,0,1,0,0,0,0,1,0,1,1,1,0,0,
4,1,1,0,0,0,0,0,0,1,0,0,0,0,1,0,1,1,1,0,0,
6,1,2,2,2,0,0,0,1,1,2,2,0,0,1,0,1,3,1,2,2,
4,1,1,0,1,0,0,0,0,1,0,1,0,0,1,0,1,1,1,0,0,
4,1,1,0,1,0,0,0,1,1,0,1,0,0,1,0,1,1,1,0,0,
6,1,1,0,1,0,0,0,1,1,0,1,0,0,1,3,1,1,1,1,0,
4,1,1,0,1,0,1,1,1,1,0,1,0,1,1,0,1,1,1,1,0,
4,1,1,0,1,0,1,1,1,1,0,1,0,1,1,0,1,1,1,1,0,
5,2,1,0,1,0,1,1,1,2,1,1,1,1,1,0,1,1,1,1,1,
4,1,1,0,1,0,1,1,1,1,0,1,1,1,1,0,1,1,1,1,1,
4,1,1,1,1,0,1,1,1,1,1,1,1,1,1,0,1,1,1,1,1,
4,1,1,1,1,0,1,1,1,1,1,1,1,1,1,0,1,1,1,1,1,
4,1,1,1,1,0,1,1,1,1,1,1,1,1,1,0,1,1,1,1,1,
5,1,1,1,1,0,1,1,1,2,1,1,1,1,1,0,1,1,1,1,1,
5,1,1,1,1,0,1,1,1,1,1,1,1,1,1,0,1,1,1,1,1,
5,2,1,1,1,0,1,1,1,2,1,1,1,1,1,0,1,1,1,1,1,
6,2,1,1,1,0,1,1,1,2,1,1,1,1,1,0,1,1,1,1,1,
4,1,0,0,0,0,0,0,0,1,0,0,0,0,0,0,0,0,0,0,0,
4,1,1,0,0,0,0,0,0,1,0,0,0,0,0,0,0,1,0,0,0,
4,1,1,0,0,0,0,0,0,1,0,0,0,0,1,0,1,1,1,0,0,
4,1,1,0,0,0,0,0,0,1,0,0,0,0,1,0,1,1,1,0,0,
4,1,1,0,0,0,0,0,0,1,0,1,0,0,1,0,1,1,1,0,0,
4,1,1,0,1,0,1,0,1,1,0,1,0,0,1,0,1,1,1,0,0,
6,1,1,0,1,0,0,0,3,1,0,1,0,0,3,0,3,1,1,0,0,
4,1,1,0,1,0,0,0,1,1,0,1,0,0,1,0,1,1,1,1,0,
4,1,1,0,1,0,1,0,1,1,0,1,0,0,1,0,1,1,1,1,0,
5,1,1,1,1,0,1,1,1,1,1,1,1,1,1,0,1,1,1,1,1,
4,1,1,0,1,0,1,1,1,1,0,1,0,1,1,0,1,1,1,1,1,
4,1,1,0,1,0,1,1,1,1,0,1,0,1,1,0,1,1,1,1,1,
5,2,1,0,1,0,1,1,1,2,0,1,1,1,2,0,2,1,2,1,1,
4,1,1,1,1,0,1,1,1,1,1,1,1,1,1,0,1,1,1,1,1,
4,1,1,1,1,0,1,1,1,1,1,1,1,1,1,0,1,1,1,1,1,
4,1,1,1,1,0,1,1,1,1,1,1,1,1,1,0,1,1,1,1,1,
5,1,1,1,1,0,1,1,1,1,1,1,1,1,1,0,1,1,1,1,1,
5,2,1,1,1,0,1,1,1,1,1,1,1,1,1,0,1,1,1,1,1,
5,2,1,1,1,0,1,1,1,2,1,1,1,1,1,0,1,1,1,1,1,
4,2,1,1,1,0,1,1,1,2,1,1,1,1,1,1,1,2,2,1,1,
6,2,1,1,1,0,1,1,1,2,1,1,1,1,1,1,1,1,1,1,1,
4,1,0,0,0,0,0,0,0,1,0,0,0,0,0,0,1,1,1,0,0,
6,1,1,0,0,0,0,0,0,1,0,0,0,0,1,0,1,1,1,0,0,
4,1,1,0,0,0,0,0,0,1,0,0,0,0,1,0,1,1,1,0,0,
4,1,1,0,1,0,0,0,1,1,0,1,0,0,1,0,1,1,1,0,0,
4,1,1,0,1,0,0,0,1,1,0,1,0,0,1,0,1,1,1,0,0,
4,1,1,0,1,0,0,0,1,1,0,1,0,0,1,0,1,1,1,1,0,
4,1,1,0,1,0,0,0,1,1,0,1,0,0,1,0,1,1,1,0,0,
4,1,1,0,1,0,1,1,1,1,0,1,0,1,1,0,1,1,1,1,0,
4,1,1,0,1,0,1,1,1,1,0,1,0,1,1,0,1,1,1,1,1,
4,1,1,1,1,0,1,1,1,1,1,1,1,1,1,0,1,1,1,1,1,
4,1,1,0,1,0,1,1,1,1,0,1,1,1,1,0,1,1,1,1,1,
4,1,1,1,1,0,1,1,1,1,1,1,1,1,1,0,1,1,1,1,1,
5,2,1,1,1,0,1,1,1,2,1,1,1,1,1,0,1,1,1,1,1,
5,1,1,1,1,0,1,1,1,1,1,1,1,1,1,0,1,1,1,1,1,
5,2,1,1,1,0,1,1,1,2,1,1,1,1,1,0,1,1,1,1,1,
5,1,1,1,1,0,1,1,1,1,1,1,1,1,1,0,1,1,1,1,1,
5,2,1,1,1,0,1,1,1,2,1,1,1,1,1,0,1,1,1,1,1,
4,2,1,1,1,0,1,1,1,2,1,2,1,1,1,0,1,1,1,1,1,
4,2,1,1,1,0,1,1,1,2,1,1,1,1,1,0,1,1,1,1,1,
5,1,1,0,1,0,0,0,0,1,0,1,0,0,1,0,1,1,1,0,0,
5,1,1,0,0,0,0,0,0,1,0,0,0,0,1,0,1,1,1,0,0,
6,3,1,0,0,0,0,0,0,3,0,1,0,0,1,0,1,1,3,0,0,
4,1,1,0,1,0,0,0,1,1,0,1,0,0,1,0,1,1,1,0,0,
4,1,1,0,1,0,0,0,1,1,0,1,0,0,1,0,1,1,1,0,0,
4,1,1,0,1,0,0,0,1,1,0,1,0,0,1,0,1,1,1,0,0,
4,1,1,0,1,0,0,0,1,1,0,1,0,0,1,0,1,1,1,0,0,
4,1,1,0,1,0,1,0,1,1,0,1,0,0,1,0,1,1,1,1,1,
4,1,1,0,1,0,1,1,1,1,1,1,1,1,1,0,1,1,1,1,1,
4,1,1,0,1,0,1,1,1,1,0,1,0,1,1,0,1,1,1,1,1,
4,1,1,0,1,0,1,1,1,1,0,1,1,1,1,0,1,1,1,1,1,
5,1,1,0,1,0,1,1,1,1,0,1,1,1,1,0,1,1,1,1,1,
4,1,1,1,1,0,1,1,1,1,1,1,1,1,1,0,1,1,1,1,1,
4,1,1,1,1,0,1,1,1,1,1,1,1,1,1,0,1,1,1,1,1,
6,2,1,1,1,0,1,2,2,2,1,1,1,2,2,0,2,1,2,1,1,
5,1,1,1,1,0,1,1,1,1,1,1,1,1,1,0,1,1,1,1,1,
5,1,1,1,1,0,1,1,1,1,1,1,1,1,1,0,1,1,1,1,1,
5,2,1,1,1,0,1,1,1,2,1,1,1,1,1,0,1,1,1,1,1,
4,2,1,1,1,0,1,1,1,2,1,1,1,1,1,0,1,1,1,1,1,
4,1,1,0,0,0,0,0,0,1,0,0,0,0,1,0,1,1,1,0,0,
5,2,1,1,1,0,1,1,1,2,1,1,1,1,1,1,1,1,2,1,1,
4,1,1,0,0,0,0,0,0,1,0,1,0,0,1,0,1,1,1,0,0,
4,1,1,0,0,0,0,0,0,1,0,0,0,0,1,0,1,1,0,0,0,
4,1,1,0,1,0,0,0,1,1,0,1,0,0,1,0,1,1,1,0,0,
4,1,1,0,1,0,0,0,1,1,0,1,0,0,1,0,1,1,1,0,0,
4,1,1,0,1,0,0,0,1,1,0,1,0,0,1,0,1,1,1,0,0,
4,1,1,0,1,0,0,0,1,1,0,1,0,0,1,0,1,1,1,1,0,
4,1,1,0,1,0,0,0,1,1,0,1,0,0,1,0,1,1,1,1,0,
4,1,1,0,1,0,1,1,1,1,0,1,0,1,1,0,1,1,1,1,1,
4,1,1,0,1,0,1,1,1,1,0,1,0,1,1,0,1,1,1,1,1,
4,1,1,0,1,0,1,1,1,1,0,1,1,1,1,0,1,1,1,1,1,
5,1,1,1,1,0,1,1,1,1,1,1,1,1,1,0,1,1,1,1,1,
4,1,1,1,1,0,1,1,1,1,1,1,1,1,1,0,1,1,1,1,1,
5,1,1,1,1,0,1,1,1,1,1,1,1,1,1,0,1,1,1,1,1,
5,2,1,1,1,0,1,1,1,2,1,1,1,1,1,0,1,1,1,1,1,
5,1,1,1,1,0,1,1,1,1,1,1,1,1,1,0,1,1,1,1,1,
4,2,2,1,1,0,1,1,1,2,1,1,1,1,1,0,1,1,1,1,1,
4,2,1,1,1,0,1,1,1,2,1,1,1,1,1,0,1,1,1,1,1,
4,2,2,1,1,0,1,1,1,2,1,1,1,1,2,1,1,2,1,1,1,
4,1,1,0,0,0,0,0,0,1,0,0,0,0,1,0,1,1,1,0,0,
4,1,1,0,0,0,0,0,0,1,0,1,0,0,1,0,1,1,1,0,0,
4,1,1,0,0,0,0,0,0,1,0,1,0,0,1,0,1,1,1,0,0,
4,1,1,0,1,0,0,0,0,1,0,1,0,0,1,0,1,1,1,0,0,
4,1,1,0,1,0,0,0,1,1,0,1,0,0,1,0,1,1,1,0,0,
4,1,1,0,1,0,0,0,1,1,0,1,0,0,1,0,1,1,1,0,0,
7,2,1,1,1,0,1,1,1,2,1,1,1,1,1,0,1,1,2,1,1,
4,1,1,0,1,0,0,0,1,1,0,1,1,0,1,0,1,1,1,1,0,
4,1,1,0,1,0,1,0,1,1,0,1,1,0,1,0,1,1,1,1,1,
6,1,0,0,0,0,0,0,0,1,0,0,0,0,0,0,1,0,1,0,0,
4,1,1,0,1,0,1,1,1,1,0,1,1,1,1,0,1,1,1,1,1,
4,1,1,0,1,0,1,1,1,1,0,1,1,1,1,0,1,1,1,1,1,
4,1,1,0,1,0,1,1,1,1,0,1,1,1,1,0,1,1,1,1,1,
6,1,1,1,1,0,1,1,1,1,1,1,1,1,1,0,1,1,1,1,1,
5,1,1,1,1,0,1,1,1,1,1,1,1,1,1,0,1,1,1,1,1,
4,1,1,1,1,0,1,1,1,1,1,1,1,1,1,0,1,1,1,1,1,
5,2,1,1,1,0,1,1,1,1,1,1,1,1,1,0,1,1,1,1,1,
5,2,1,1,1,0,1,1,1,2,1,1,1,1,1,0,1,1,1,1,1,
4,2,1,1,1,0,1,1,1,2,1,1,1,1,1,0,1,1,1,1,1,
6,2,1,1,4,0,1,1,1,2,1,4,1,1,1,0,1,1,1,4,1,
4,1,0,0,0,0,0,0,0,1,0,0,0,0,1,0,0,0,0,0,0,
4,1,0,0,0,0,0,0,0,1,0,0,0,0,1,0,1,1,1,0,0,
4,1,1,0,0,0,0,0,1,1,0,0,0,0,1,0,1,1,1,0,0,
4,1,1,0,0,0,0,0,0,1,0,1,0,0,1,0,1,1,1,0,0,
4,1,1,0,0,0,0,0,0,1,0,1,0,0,1,0,1,1,1,0,0,
4,1,1,0,1,0,0,0,1,1,0,1,0,0,1,0,1,1,1,0,0,
4,1,1,0,1,0,0,0,1,1,0,1,0,0,1,0,1,1,1,0,0,
4,1,1,0,1,0,0,0,1,1,0,1,0,0,1,0,1,1,1,1,0,
4,1,1,0,1,0,0,0,1,1,0,1,0,0,1,0,1,1,1,1,0,
4,1,1,0,1,0,1,1,1,1,0,1,0,1,1,0,1,1,1,1,1,
4,1,1,0,1,0,1,1,1,1,0,1,0,1,1,0,1,1,1,1,1,
4,1,1,1,1,0,1,1,1,1,1,1,1,1,1,0,1,1,1,1,1,
4,1,1,1,1,0,1,1,1,1,1,1,1,1,1,0,1,1,1,1,1,
5,1,1,1,1,0,1,1,1,1,1,1,1,1,1,0,1,1,1,1,1,
5,2,1,1,1,0,1,1,1,2,1,1,1,1,1,0,1,1,1,1,1,
5,2,1,1,1,0,1,1,1,2,1,1,1,1,1,0,2,1,1,1,1,
5,2,1,1,1,0,1,1,1,2,1,1,1,1,1,0,1,2,1,1,1,
4,2,1,1,1,0,1,1,1,2,1,1,1,1,1,0,1,1,1,1,1,
4,2,1,1,1,0,1,1,1,2,1,2,1,1,1,0,2,1,2,1,1,
4,1,0,0,0,0,0,0,0,1,0,0,0,0,0,0,1,0,1,0,0,
4,1,1,0,1,0,0,0,0,1,0,1,0,0,1,0,1,1,1,1,0,
4,1,1,0,0,0,0,0,0,1,0,0,0,0,1,0,1,1,1,0,0,
4,1,1,0,1,0,0,0,0,1,0,1,0,0,1,0,1,1,1,0,0,
4,1,1,0,1,0,1,0,1,1,0,1,0,0,1,0,1,1,1,0,0,
4,1,1,0,1,0,0,0,1,1,0,1,0,0,1,0,1,1,1,0,0,
4,1,1,0,0,0,0,0,1,1,0,1,0,0,1,0,1,1,1,0,0,
4,1,1,0,1,0,0,0,1,1,0,1,0,0,1,0,1,1,1,0,0,
4,1,1,0,1,0,0,0,1,1,0,1,0,0,1,0,1,1,1,1,0,
6,1,1,0,1,0,0,0,3,1,0,1,0,0,3,0,3,1,1,1,0,
4,1,1,0,1,0,1,1,1,1,0,1,0,1,1,0,1,1,1,1,1,
4,1,1,1,1,0,1,1,1,1,1,1,1,1,1,0,1,1,1,1,1,
4,1,1,0,1,0,1,1,1,1,0,1,1,1,1,0,1,1,1,1,1,
5,1,1,1,1,0,1,1,1,1,1,1,1,1,1,0,1,1,1,1,1,
5,1,1,1,1,0,1,1,1,1,1,1,1,1,1,0,1,1,1,1,1,
5,2,1,1,1,0,1,1,1,2,1,1,1,1,1,0,1,1,1,1,1,
5,2,1,1,1,0,1,1,1,1,1,1,1,1,1,0,1,1,1,1,1,
4,2,1,1,1,0,1,1,1,2,1,1,1,1,1,0,1,1,1,1,1,
4,2,1,1,1,0,1,1,1,2,1,1,1,1,1,0,1,1,1,1,1,
6,1,0,2,0,0,0,0,1,1,3,0,0,0,1,0,1,0,0,0,0,
4,1,0,0,0,0,0,0,1,1,0,0,0,0,1,0,1,0,1,0,0,
4,1,0,0,0,0,0,0,1,1,0,0,0,0,1,0,1,0,1,0,0,
4,1,1,0,0,0,0,0,1,1,0,1,0,0,1,0,1,1,1,0,0,
4,1,1,0,0,0,0,0,1,1,0,1,0,0,1,0,1,1,1,0,0,
4,1,1,0,0,0,0,0,1,1,0,1,0,0,1,0,1,1,1,0,0,
4,1,1,0,1,0,0,0,1,1,0,1,0,0,1,0,1,1,1,0,0,
7,4,1,0,1,0,4,1,1,4,0,1,1,1,4,0,4,4,4,1,1,
5,1,1,0,1,0,1,1,1,1,0,1,0,1,1,0,1,1,1,1,1,
5,1,1,1,2,0,1,1,1,1,1,1,1,1,1,0,1,1,1,1,1,
5,1,2,1,1,0,1,1,1,1,1,2,1,1,1,0,1,1,1,1,1,
8,2,1,0,1,0,1,1,1,2,0,2,1,1,1,0,1,1,1,1,1,
6,3,1,1,1,0,1,1,1,3,1,2,1,1,1,0,1,1,2,1,1,
5,2,1,1,1,0,1,1,1,2,1,1,1,1,1,0,1,1,1,1,1,
5,2,2,1,2,0,1,2,2,2,1,2,1,2,2,0,2,2,2,1,1,
6,2,2,1,1,0,1,1,1,2,1,1,1,1,2,1,2,2,2,1,1,
5,2,2,1,1,0,1,1,1,2,1,1,1,1,1,0,1,2,1,1,1,
5,2,1,1,1,0,1,1,1,2,1,1,1,1,1,0,1,1,1,1,1,
4,2,1,1,1,0,1,1,1,2,1,1,1,1,1,0,1,1,1,1,1,
4,2,1,1,1,0,1,1,1,2,1,1,1,1,1,1,1,1,2,1,1,
4,1,0,0,0,0,0,0,0,1,0,0,0,0,1,0,1,1,1,0,0,
5,1,2,1,1,0,0,0,0,1,1,1,0,0,1,0,1,2,1,1,1,
4,1,1,0,0,0,0,0,0,1,0,1,0,0,1,0,1,0,1,0,0,
4,1,1,0,0,0,0,0,0,1,0,1,0,0,1,0,1,1,1,0,0,
4,1,1,0,0,0,0,0,0,1,0,1,0,0,1,0,1,1,1,0,0,
4,1,1,0,0,0,0,0,0,1,0,1,0,0,1,0,1,1,1,0,0,
4,1,1,0,1,0,0,0,1,1,0,1,0,0,1,0,1,1,1,0,0,
4,1,1,0,1,0,0,0,1,1,0,1,0,0,1,0,1,1,1,0,0,
7,4,1,0,1,0,4,0,1,4,0,1,0,0,1,0,1,1,1,0,0,
4,1,1,0,1,0,1,0,1,1,0,1,0,0,1,0,1,1,1,1,1,
4,1,1,0,1,0,1,1,1,1,0,1,0,1,1,0,1,1,1,1,1,
4,1,1,0,1,0,1,1,1,1,0,1,1,1,1,0,1,1,1,1,1,
7,1,1,1,1,0,1,1,1,1,1,1,1,1,1,0,1,1,1,1,1,
5,1,1,1,1,0,1,1,1,1,1,1,1,1,1,0,1,1,1,1,1,
5,1,1,1,1,0,1,1,1,1,1,1,1,1,1,0,1,1,1,1,1,
5,1,1,1,1,0,1,1,1,1,1,1,1,1,1,0,1,1,1,1,1,
5,2,1,1,1,0,1,1,1,2,1,1,1,1,1,0,1,1,1,1,1,
5,2,1,1,1,0,1,1,1,2,1,1,1,1,1,0,1,1,1,1,1,
4,2,1,1,1,0,1,1,1,2,1,1,1,1,1,0,1,1,1,1,1,
4,2,1,1,1,0,1,1,1,2,1,1,1,1,1,0,1,1,1,1,1,
4,1,1,0,0,0,0,0,0,1,0,0,0,0,0,0,0,1,0,0,0,
4,1,1,0,0,0,0,0,1,1,0,1,0,0,1,0,1,1,1,0,0,
6,1,3,2,2,0,0,0,1,1,2,2,0,0,1,0,1,3,1,2,2,
4,1,1,0,1,0,0,0,0,1,0,1,0,0,1,0,1,1,1,0,0,
4,1,1,0,1,0,0,0,1,1,0,1,0,0,1,0,1,1,1,0,0,
4,1,1,0,1,0,0,0,1,1,0,1,0,0,1,0,1,1,1,0,0,
4,1,1,0,1,0,0,0,1,1,0,1,0,0,1,0,1,1,1,1,0,
4,1,1,0,1,0,1,1,1,1,0,1,0,1,1,0,1,1,1,1,1,
4,1,1,0,1,0,1,1,1,1,0,1,0,1,1,0,1,1,1,1,1,
4,1,1,0,1,0,1,1,1,1,0,1,0,1,1,0,1,1,1,1,1,
5,1,1,0,1,0,1,1,1,1,1,1,1,1,2,0,1,1,1,1,1,
5,2,1,0,1,0,1,1,1,1,0,1,1,1,1,0,1,1,1,1,1,
5,2,1,1,1,0,1,1,1,1,1,1,1,1,1,0,1,1,1,1,1,
5,1,1,0,1,0,0,0,1,1,0,1,0,1,1,0,1,1,1,1,0,
5,2,1,1,1,0,1,1,1,2,1,1,1,1,1,0,1,1,1,1,1,
5,2,1,1,1,0,1,1,1,2,1,1,1,1,1,0,1,1,1,1,1,
5,2,1,1,1,0,1,1,1,2,1,1,1,1,1,0,2,1,1,1,1,
4,1,0,0,0,0,0,0,0,1,0,1,0,0,0,0,1,1,1,0,0,
4,1,1,0,0,0,0,0,0,1,0,0,0,0,0,0,1,1,0,0,0,
4,1,0,0,0,0,0,0,0,1,0,0,0,0,1,0,1,0,1,0,0,
4,1,1,0,0,0,0,0,1,1,0,1,0,1,1,0,1,1,1,0,0,
4,1,1,0,0,0,0,0,0,1,0,0,0,0,1,0,1,1,1,0,0,
6,1,1,0,1,0,2,0,1,1,0,1,1,0,1,0,1,1,1,0,0,
6,1,2,2,2,0,0,0,1,1,2,2,0,0,1,0,1,2,1,2,2,
4,1,1,0,1,0,0,0,1,1,0,1,0,0,1,0,1,1,1,0,0,
4,1,1,0,1,0,0,0,1,1,0,1,0,0,1,0,1,1,1,0,0,
4,1,1,0,1,0,1,0,1,1,0,1,0,0,1,0,1,1,1,1,1,
4,1,1,0,1,0,1,1,1,1,0,1,0,1,1,0,1,1,1,1,1,
4,1,1,0,1,0,1,1,1,1,0,1,0,1,1,0,1,1,1,1,1,
4,1,1,1,1,0,1,1,1,1,1,1,1,1,1,0,1,1,1,1,1,
7,4,4,1,4,0,4,1,4,4,1,4,4,1,4,0,4,4,4,4,1,
4,1,1,1,1,0,1,1,1,1,1,1,1,1,1,0,1,1,1,1,1,
5,1,1,1,1,0,1,1,1,1,1,1,1,1,1,0,1,1,1,1,1,
5,1,1,1,1,0,1,1,1,1,1,1,1,1,1,0,1,1,1,1,1,
5,2,1,1,1,0,1,1,1,2,1,1,1,1,1,0,1,1,1,1,1,
5,2,1,1,1,0,1,1,1,2,1,1,1,1,1,0,1,1,1,1,1,
5,2,1,1,1,0,1,1,1,2,1,1,1,1,1,0,1,1,1,1,1,
6,1,1,0,0,0,0,0,1,1,0,1,0,0,1,0,1,1,1,0,0,
4,2,1,1,1,0,1,1,1,2,1,1,1,1,2,1,1,1,1,1,1,
4,1,1,0,0,0,0,0,0,1,0,0,0,0,1,0,1,1,1,0,0,
4,1,1,0,0,0,0,0,0,1,0,1,0,0,1,0,1,1,1,0,0,
4,1,1,0,0,0,0,0,0,1,0,1,0,0,1,0,1,1,1,0,0,
4,1,1,0,0,0,0,0,1,1,0,1,0,0,1,0,1,1,1,0,0,
4,1,1,0,1,0,0,0,1,1,0,1,0,0,1,0,1,1,1,0,0,
7,1,4,3,3,0,0,0,1,1,3,4,0,0,1,0,1,4,1,3,3,
4,1,1,0,1,0,0,0,1,1,0,1,0,0,1,0,1,1,1,1,0,
4,1,1,0,1,0,1,0,1,1,0,1,0,0,1,0,1,1,1,1,0,
4,1,1,0,1,0,1,0,1,1,0,1,0,0,1,0,1,1,1,1,1,
4,1,1,0,1,0,1,1,1,1,0,1,0,1,1,0,1,1,1,1,1,
4,1,1,1,1,0,1,1,1,1,1,1,1,1,1,0,1,1,1,1,1,
4,1,1,1,1,0,1,1,1,1,1,1,1,1,1,0,1,1,1,1,1,
7,0,1,0,0,0,0,0,0,0,0,0,0,0,0,0,0,1,0,0,0,
5,2,1,1,1,0,1,1,1,2,1,1,1,1,1,0,1,1,2,1,1,
5,1,1,1,1,0,1,1,1,1,1,1,1,1,1,0,1,1,1,1,1,
5,2,1,1,1,0,1,1,1,2,1,1,1,1,1,0,1,1,1,1,1,
5,2,1,1,1,0,1,1,1,2,1,1,1,1,1,0,1,1,1,1,1,
4,2,1,1,1,0,1,1,1,2,1,1,1,1,1,0,1,1,1,1,1,
4,2,1,1,1,0,1,1,1,2,1,1,1,1,1,0,1,1,2,1,1,
4,2,1,1,1,0,1,1,1,2,1,1,1,1,2,0,1,1,2,1,1,
4,2,2,1,1,0,1,1,1,2,1,1,1,1,2,1,2,2,2,1,1,
4,2,2,1,1,0,1,1,1,2,1,2,1,1,2,1,2,2,2,1,1,
4,2,2,1,2,0,1,1,1,2,1,2,1,1,2,1,2,2,2,1,1,
4,2,2,1,2,0,1,1,2,2,1,2,1,1,2,1,2,2,2,1,1,
5,0,0,0,0,0,0,0,0,0,0,0,0,0,0,0,0,0,0,0,0,
4,1,1,0,1,0,0,0,1,1,0,1,0,0,1,0,1,1,1,1,0,
6,1,1,0,1,0,1,0,1,1,3,1,0,0,1,0,1,1,1,1,0,
4,1,1,0,1,0,1,0,1,1,0,1,0,1,1,0,1,1,1,1,1,
4,1,1,0,1,0,1,1,1,1,0,1,0,1,1,0,1,1,1,1,1,
4,1,1,0,1,0,1,1,1,1,1,1,1,1,1,0,1,1,1,1,1,
4,1,1,1,1,0,1,1,1,1,1,1,1,1,1,0,1,1,1,1,1,
4,1,1,1,1,0,1,1,1,1,1,1,1,1,1,0,1,1,1,1,1,
7,1,1,1,1,0,1,1,1,1,1,1,1,4,1,0,1,1,1,1,1,
6,2,1,1,1,0,1,1,1,2,1,1,1,1,1,0,1,1,1,1,1,
5,1,1,1,1,0,1,1,1,1,1,1,1,1,1,0,1,1,1,1,1,
5,2,1,1,1,0,1,1,1,2,1,1,1,1,1,0,1,1,1,1,1,
5,2,1,1,1,0,1,1,1,2,1,1,1,1,1,0,1,1,1,1,1,
4,2,1,1,1,0,1,1,1,2,1,1,1,1,1,0,1,2,2,1,1,
5,2,1,1,1,0,1,1,1,3,1,1,1,1,1,0,1,2,2,1,1,
4,2,1,1,1,0,1,1,1,2,1,1,1,1,2,0,2,2,2,1,1,
4,2,2,1,1,0,1,1,1,2,1,1,1,1,2,1,2,2,2,1,1,
4,2,2,1,1,0,1,1,1,2,1,2,1,1,2,1,2,2,2,1,1,
4,2,2,1,1,0,1,1,1,2,1,2,1,1,2,1,2,2,2,1,1,
4,2,2,1,2,0,1,1,2,2,1,2,1,1,2,1,2,2,2,1,1,
4,2,2,1,2,0,1,1,2,2,1,2,1,1,2,1,2,2,2,1,1,
4,1,1,0,1,0,0,0,1,1,0,1,0,0,1,0,1,1,1,0,0,
4,1,1,0,1,0,0,0,1,1,0,1,0,0,1,0,1,1,1,1,0,
6,1,3,3,3,0,1,0,1,1,3,3,0,1,1,0,1,3,1,3,3,
4,1,1,0,1,0,1,1,1,1,0,1,1,1,1,0,1,1,1,1,1,
4,1,1,1,1,0,1,1,1,1,1,1,1,1,1,0,1,1,1,1,1,
4,1,1,1,1,0,1,1,1,1,1,1,1,1,1,0,1,1,1,1,1,
5,1,1,1,1,0,1,1,1,1,1,1,1,1,1,0,1,1,1,1,1,
5,2,1,1,1,0,1,1,1,2,1,1,1,1,1,0,1,1,1,1,1,
6,3,1,1,1,0,1,2,3,3,1,1,1,2,3,0,3,1,3,1,1,
7,3,1,1,1,0,1,1,1,3,1,1,1,1,1,0,1,1,3,1,1,
5,2,1,1,1,0,1,1,1,2,1,1,1,1,1,0,1,1,1,1,1,
4,2,1,1,1,0,1,1,1,1,1,1,1,1,1,0,1,1,1,1,1,
4,2,1,1,1,0,1,1,1,2,1,1,1,1,2,0,1,2,2,1,1,
4,2,1,1,1,0,1,1,1,2,1,1,1,1,1,0,1,2,2,1,1,
4,2,2,1,1,0,1,1,1,2,1,1,1,1,2,1,2,2,2,1,1,
4,2,2,1,1,0,1,1,1,2,1,2,1,1,2,1,2,2,2,1,1,
4,2,2,1,1,0,1,1,1,2,1,2,1,1,2,1,2,2,2,1,1,
4,2,2,1,2,0,1,1,1,2,1,2,1,1,2,1,2,2,2,1,1,
4,2,2,1,2,0,1,1,2,2,1,2,1,1,2,1,2,2,2,1,1,
4,2,2,1,2,0,1,1,2,2,1,2,1,1,2,1,2,2,2,1,1,
4,1,1,0,1,0,1,0,1,1,0,1,0,0,1,0,1,1,1,1,1,
4,1,1,0,1,0,1,0,1,1,0,1,1,0,1,0,1,1,1,1,0,
4,1,1,0,1,0,1,1,1,1,0,1,1,1,1,0,1,1,1,1,1,
7,1,1,1,1,0,1,1,4,1,1,1,1,1,4,0,4,1,1,1,1,
4,1,1,1,1,0,1,1,1,1,1,1,1,1,1,0,1,1,1,1,1,
4,1,1,1,1,0,1,1,1,1,1,1,1,1,1,0,1,1,1,1,1,
7,1,1,1,1,0,1,1,1,1,1,1,1,1,1,0,1,1,1,1,1,
4,1,1,1,1,0,1,1,1,1,1,1,1,1,1,0,1,1,1,1,1,
5,1,1,1,1,0,1,1,1,1,1,1,1,1,1,0,1,1,1,1,1,
7,4,1,1,1,0,1,3,3,4,1,1,1,3,3,0,3,1,3,1,1,
6,2,1,1,1,0,1,1,1,2,1,1,1,1,1,0,1,1,1,1,1,
4,2,1,1,1,0,1,1,1,2,1,1,1,1,1,0,1,1,1,1,1,
4,2,1,1,1,0,1,1,1,2,1,1,1,1,1,1,1,2,2,1,1,
4,2,2,1,1,0,1,1,1,2,1,1,1,1,2,1,2,2,1,1,1,
6,4,2,1,1,0,1,3,3,4,1,1,1,3,4,1,4,2,4,1,1,
4,2,2,1,1,0,1,1,1,2,1,2,1,1,2,1,2,2,2,1,1,
4,2,2,1,1,0,1,1,1,2,1,2,1,1,2,1,2,2,2,1,1,
4,1,1,0,0,0,0,0,1,1,0,1,0,0,1,0,1,1,1,0,0,
4,2,2,1,2,0,1,1,2,2,1,2,1,1,2,1,2,2,2,1,1,
4,1,1,0,1,0,0,0,1,1,0,1,0,0,1,0,1,1,1,0,0,
4,1,1,0,1,0,1,0,1,1,0,1,0,0,1,0,1,1,1,1,0,
4,1,1,0,1,0,1,0,1,1,0,1,0,1,1,0,1,1,1,1,1,
4,1,1,0,1,0,1,1,1,1,0,1,1,1,1,0,1,1,1,1,1,
4,1,1,1,1,0,1,1,1,1,1,1,1,1,1,0,1,1,1,1,1,
5,2,2,1,1,0,1,1,2,2,1,2,1,1,2,1,2,2,1,1,1,
5,2,1,1,1,0,1,1,1,2,1,1,1,1,1,1,1,1,1,1,1,
5,2,1,1,1,0,1,1,1,2,1,1,1,1,2,0,2,2,2,1,1,
6,1,2,1,1,0,1,1,1,1,1,1,1,1,1,3,1,1,1,1,1,
6,1,1,0,1,0,1,1,1,1,1,1,1,1,1,0,1,1,1,1,1,
5,2,2,1,1,0,1,1,1,2,1,2,1,1,1,0,1,2,1,1,1,
7,4,1,1,1,0,1,4,4,4,1,1,1,4,4,0,4,1,4,1,1,
5,1,1,1,1,0,1,1,1,1,1,1,1,1,1,0,1,1,1,1,1,
4,2,2,1,1,0,1,1,1,2,1,2,1,1,2,1,1,2,1,1,1,
4,2,2,1,1,0,1,1,1,2,1,2,1,1,2,1,2,2,2,1,1,
4,2,2,1,1,0,1,1,1,2,1,2,1,1,2,1,2,2,2,1,1,
4,2,2,1,2,0,2,1,1,2,1,2,1,1,2,1,2,2,2,1,1,
4,2,2,1,2,0,1,1,1,2,1,2,1,1,2,1,2,2,2,1,1,
4,2,2,1,2,0,1,1,2,2,1,2,1,1,2,1,2,2,2,1,1,
4,1,1,0,1,0,0,0,1,1,0,1,0,0,1,0,1,1,1,1,0,
4,1,1,0,1,0,1,0,1,1,0,1,0,0,1,0,1,1,1,1,0,
4,1,1,0,1,0,1,1,1,1,0,1,1,1,1,0,1,1,1,1,1,
4,1,1,0,1,0,1,0,1,1,0,1,1,0,1,0,1,1,1,1,1,
4,1,1,0,1,0,1,1,1,1,0,1,1,1,1,0,1,1,1,1,1,
4,1,1,1,1,0,1,1,1,1,1,1,1,1,1,0,1,1,1,1,1,
4,1,1,1,1,0,1,1,1,1,1,1,1,1,1,0,1,1,1,1,1,
6,1,1,1,1,0,1,1,3,1,1,1,1,1,3,0,3,1,1,1,1,
4,1,1,1,1,0,1,1,1,1,1,1,1,1,1,0,1,1,1,1,1,
4,1,1,1,1,0,1,1,1,1,1,1,1,1,1,0,1,1,1,1,1,
5,1,1,1,1,0,1,1,1,1,1,1,1,1,1,0,1,1,1,1,1,
4,1,1,1,1,0,1,1,1,2,1,1,1,1,1,0,1,1,1,1,1,
4,2,1,1,1,0,1,1,2,2,1,1,1,1,2,0,2,1,1,1,1,
4,2,2,1,1,0,1,1,2,2,1,2,1,1,2,1,2,2,1,1,1,
6,1,1,1,1,0,1,1,1,1,1,1,1,1,1,0,1,1,1,1,1,
4,2,2,1,1,0,1,1,1,2,1,2,1,1,2,1,2,2,2,1,1,
4,2,2,1,2,0,2,1,1,2,1,2,1,1,2,1,2,2,2,1,1,
4,2,2,1,2,0,1,1,1,2,1,2,1,1,2,1,2,2,2,1,1,
4,2,2,1,2,0,1,1,2,2,1,2,1,1,2,1,2,2,2,1,1,
4,1,1,0,1,0,1,0,1,1,0,1,0,0,1,0,1,1,1,1,0,
4,1,1,0,1,0,1,0,1,1,0,1,0,0,1,0,1,1,1,1,0,
6,1,1,1,1,0,1,1,1,1,1,1,1,1,1,0,1,1,1,1,1,
7,4,1,1,1,0,1,1,1,4,1,1,1,1,1,0,1,1,4,1,1,
4,1,1,1,1,0,1,1,1,1,1,1,1,1,1,0,1,1,1,1,1,
5,2,1,1,1,0,1,1,1,2,1,1,1,1,1,0,1,1,1,1,1,
4,1,1,1,1,0,1,1,1,1,1,1,1,1,1,0,1,1,1,1,1,
5,1,1,1,1,0,1,1,1,1,1,1,1,1,1,0,1,1,1,1,1,
4,2,1,1,1,0,1,1,1,2,1,1,1,1,1,0,1,1,1,1,1,
7,2,2,1,2,0,1,1,1,2,1,2,1,1,4,0,4,2,1,2,2,
4,2,2,1,1,0,1,1,1,2,1,2,1,1,1,1,2,2,2,1,1,
4,2,2,1,1,0,1,1,1,2,1,2,1,1,2,1,2,2,2,1,1,
4,2,2,1,1,0,1,1,1,2,1,2,1,1,1,1,2,2,2,1,1,
5,2,2,1,2,0,1,1,1,3,1,2,1,1,2,1,2,2,2,1,1,
4,2,2,1,2,0,1,1,1,2,1,2,1,1,2,1,2,2,2,1,1,
6,4,2,1,2,0,1,4,4,4,1,2,1,4,4,1,4,2,4,2,1,
4,1,1,0,1,0,1,1,1,1,0,1,0,1,1,0,1,1,1,1,1,
4,1,1,0,1,0,1,0,1,1,0,1,0,1,1,0,1,1,1,1,0,
4,1,1,0,1,0,1,1,1,1,0,1,1,1,1,0,1,1,1,1,1,
4,1,1,1,1,0,1,1,1,1,1,1,1,1,1,0,1,1,1,1,1,
4,1,1,0,1,0,1,1,1,1,0,1,1,1,1,0,1,1,1,1,1,
4,1,1,1,1,0,1,1,1,1,1,1,1,1,1,0,1,1,1,1,1,
5,1,1,1,1,0,1,1,1,1,1,1,1,1,1,0,1,1,1,1,1,
7,2,1,1,1,0,1,1,1,2,1,1,1,1,1,0,1,1,1,1,1,
4,2,1,1,1,0,1,1,1,2,1,1,1,1,1,0,1,1,1,1,1,
4,2,1,1,1,0,1,1,1,2,1,1,1,1,1,1,2,2,2,1,1,
4,2,2,1,1,0,1,1,1,2,1,1,1,1,2,1,2,2,2,1,1,
4,2,2,1,1,0,1,1,2,2,1,2,1,1,2,1,2,2,2,1,1,
4,2,2,1,2,0,1,1,1,2,1,2,1,1,2,1,2,2,2,1,1,
4,2,2,1,1,0,1,1,1,2,1,2,1,1,2,1,2,2,2,1,1,
6,2,2,1,2,0,1,1,4,2,1,2,1,1,4,1,4,2,2,1,1,
4,1,1,0,1,0,0,0,1,1,0,1,0,0,1,0,1,1,1,0,0,
4,1,1,0,1,0,1,0,1,1,0,1,0,0,1,0,1,1,1,1,0,
8,2,2,1,1,0,3,1,2,2,1,2,3,1,2,1,2,2,2,1,1,
4,1,1,0,1,0,1,1,1,1,0,1,0,1,1,0,1,1,1,1,1,
5,1,1,1,1,0,1,1,1,1,1,1,1,1,1,0,1,1,1,1,1,
6,3,1,1,1,0,1,3,3,3,1,2,1,3,3,0,3,1,3,1,1,
6,2,1,1,1,0,1,1,1,2,1,1,1,1,1,0,1,1,1,1,1,
5,2,1,1,1,0,1,1,1,2,1,1,1,1,1,0,1,1,1,1,1,
4,2,1,1,1,0,1,1,1,2,1,1,1,1,1,0,1,1,1,1,1,
4,2,1,1,1,0,1,1,1,2,1,1,1,1,2,1,2,2,2,1,1,
5,2,1,1,1,0,1,1,1,2,1,1,1,1,1,0,1,2,1,1,1,
4,2,2,1,1,0,1,1,1,2,1,1,1,1,2,1,2,2,2,1,1,
4,2,2,1,1,0,1,1,1,2,1,2,1,1,2,1,2,2,2,1,1,
7,1,1,0,1,0,0,0,0,1,0,1,0,0,1,0,1,1,1,0,0,
4,2,2,1,2,0,1,1,2,2,1,2,1,1,2,1,2,2,2,1,1,
4,2,2,1,2,0,1,1,2,2,1,2,1,1,2,1,2,2,2,1,1,
4,1,1,0,1,0,1,0,1,1,0,1,0,1,1,0,1,1,1,1,0,
4,1,1,0,1,0,1,1,1,1,0,1,0,1,1,0,1,1,1,1,0,
4,1,1,0,1,0,1,1,1,1,0,1,0,1,1,0,1,1,1,1,1,
5,1,1,0,1,0,1,1,1,1,0,2,1,1,1,0,1,1,1,1,1,
7,1,1,1,1,0,1,1,4,1,1,1,1,1,4,0,4,1,1,1,1,
5,1,1,1,1,0,1,1,1,1,1,1,1,1,1,0,1,1,1,1,1,
5,2,1,1,1,0,1,1,1,2,1,2,1,1,1,0,1,1,1,1,1,
4,2,1,1,1,0,1,1,1,2,1,2,1,1,2,0,2,1,2,1,1,
4,2,1,1,1,0,1,1,1,2,1,1,1,1,1,0,1,1,1,1,1,
4,2,2,1,1,0,1,1,1,2,1,1,1,1,2,1,2,2,2,1,1,
4,2,2,2,2,0,1,1,1,2,2,2,1,1,2,1,2,2,2,2,2,
6,1,1,0,1,0,1,0,1,1,0,1,0,1,1,0,1,1,1,1,0,
4,2,2,1,1,0,1,1,1,2,1,2,1,1,2,1,2,2,2,1,1,
4,2,2,1,1,0,1,1,1,2,1,2,1,1,2,1,2,2,2,1,1,
4,2,2,1,2,0,1,1,2,2,1,2,1,1,2,1,2,2,2,1,1,
4,1,1,0,1,0,1,0,1,1,0,1,0,0,1,0,1,1,1,1,0,
4,1,1,0,1,0,1,1,1,1,0,1,0,1,1,0,1,1,1,1,1,
4,1,1,0,1,0,1,0,1,1,0,1,0,0,1,0,1,1,1,1,0,
7,1,1,0,1,0,1,1,1,1,0,1,0,1,3,0,3,1,1,1,1,
4,1,1,0,1,0,1,1,1,1,0,1,1,1,1,0,1,1,1,1,1,
4,1,1,0,1,0,1,1,1,1,0,1,1,1,1,0,1,1,1,1,1,
4,1,1,1,1,0,1,1,1,1,1,1,1,1,1,0,1,1,1,1,1,
4,1,1,1,1,0,1,1,1,1,1,1,1,1,1,0,1,1,1,1,1,
5,1,1,1,1,0,1,1,1,1,1,1,1,1,1,0,1,1,1,1,1,
5,2,1,1,1,0,1,1,1,2,1,1,1,1,1,0,1,1,1,1,1,
6,2,4,3,4,0,1,1,1,1,3,4,1,1,1,0,1,4,1,3,3,
4,2,1,1,1,0,1,1,1,2,1,1,1,1,1,1,1,1,1,1,1,
4,2,1,1,1,0,1,1,1,2,1,1,1,1,2,1,1,1,1,1,1,
4,2,2,1,1,0,1,1,1,2,1,1,1,1,2,1,2,2,2,1,1,
4,2,2,1,2,0,1,1,2,2,1,2,1,1,2,1,2,2,2,1,1,
4,2,2,1,1,0,1,1,1,2,1,2,1,1,2,1,2,2,2,1,1,
7,4,2,1,2,0,1,4,4,4,1,2,1,4,4,1,4,2,4,1,1,
4,2,2,1,2,0,1,1,2,2,1,2,1,1,2,1,2,2,2,1,1,
4,1,1,0,1,0,0,0,1,1,0,1,0,0,1,0,1,1,1,0,0,
4,1,1,0,1,0,0,0,1,1,0,1,0,0,1,0,1,1,1,1,0,
4,1,1,0,1,0,0,0,1,1,0,1,0,0,1,0,1,1,1,1,0,
4,1,1,0,1,0,1,1,1,1,0,1,1,1,1,0,1,1,1,1,0,
4,1,1,0,1,0,1,1,1,1,0,1,0,1,1,0,1,1,1,1,1,
4,1,1,0,1,0,1,1,1,1,0,1,1,1,1,0,1,1,1,1,1,
7,1,1,1,1,0,1,1,1,1,1,1,1,1,1,0,1,1,1,1,1,
5,1,1,1,1,0,1,1,1,1,1,1,1,1,1,0,1,1,1,1,1,
5,1,1,1,1,0,1,1,1,1,1,1,1,1,1,0,1,1,1,1,1,
5,1,1,1,1,0,1,1,1,1,1,1,1,1,1,0,1,1,1,1,1,
5,1,1,1,1,0,1,1,1,2,1,1,1,1,1,0,1,1,1,1,1,
4,2,2,1,1,0,1,1,2,2,1,2,1,1,2,1,2,2,2,1,1,
4,2,1,1,1,0,1,1,1,2,1,1,1,1,1,0,1,1,1,1,1,
5,2,3,2,3,0,1,1,1,2,2,3,1,1,1,1,2,3,1,3,2,
4,2,1,1,1,0,1,1,1,2,1,1,1,1,2,1,2,1,2,1,1,
4,2,2,1,1,0,1,1,1,2,1,1,1,1,2,1,2,2,2,1,1,
4,2,2,1,1,0,1,1,1,2,1,1,1,1,2,1,2,2,2,1,1,
4,2,2,1,1,0,1,1,1,2,1,2,1,1,2,1,2,2,2,1,1,
4,2,2,1,2,0,1,1,2,2,1,2,1,1,2,1,2,2,2,1,1,
5,2,1,0,1,0,1,1,2,2,0,1,0,1,2,0,2,1,2,0,0,
4,1,1,0,1,0,1,1,1,1,0,1,0,1,1,0,1,1,1,1,0,
4,1,1,0,1,0,1,1,1,1,0,1,0,1,1,0,1,1,1,1,0,
4,1,1,0,1,0,1,1,1,1,0,1,0,1,1,0,1,1,1,1,0,
4,1,1,0,1,0,1,1,1,1,0,1,0,1,1,0,1,1,1,1,1,
4,1,1,0,1,0,1,1,1,1,0,1,1,1,1,0,1,1,1,1,1,
4,1,1,1,1,0,1,1,1,1,1,1,1,1,1,0,1,1,1,1,1,
4,1,1,1,1,0,1,1,1,1,1,1,1,1,1,0,1,1,1,1,1,
4,1,1,1,1,0,1,1,1,1,1,1,1,1,1,0,1,1,1,1,1,
5,1,1,1,1,0,1,1,1,1,1,1,1,1,1,0,1,1,1,1,1,
5,1,1,1,1,0,1,1,1,2,1,1,1,1,1,0,1,1,1,1,1,
4,2,1,1,1,0,1,1,1,1,1,1,1,1,1,0,1,1,1,1,1,
4,2,1,1,1,0,1,1,1,2,1,1,1,1,1,0,1,1,1,1,1,
4,2,1,1,1,0,1,1,1,2,1,1,1,1,2,0,2,1,1,1,1,
4,2,1,1,1,0,1,1,1,2,1,1,1,1,2,1,2,2,2,1,1,
7,2,2,1,1,0,1,1,4,2,1,1,1,1,4,1,4,2,1,1,1,
4,2,2,1,1,0,1,1,1,2,1,1,1,1,2,1,2,2,2,1,1,
4,2,2,1,1,0,1,1,1,2,1,2,1,1,2,1,2,2,2,1,1,
6,2,2,1,1,0,1,1,2,2,1,2,1,1,2,4,2,2,2,1,1,
4,1,1,0,1,0,0,0,1,1,0,1,0,0,1,0,1,1,1,0,0,
4,1,1,0,1,0,1,0,1,1,0,1,0,1,1,0,1,1,1,0,0,
7,4,1,0,1,0,1,3,3,4,0,1,0,3,4,0,4,1,4,1,0,
6,2,2,1,2,0,2,1,2,2,1,2,1,1,2,1,2,2,2,1,1,
4,1,1,0,1,0,1,1,1,1,0,1,0,1,1,0,1,1,1,1,1,
4,1,1,0,1,0,1,1,1,1,0,1,1,1,1,0,1,1,1,1,1,
5,1,1,1,1,0,1,1,1,1,1,1,1,1,1,0,2,1,1,1,1,
5,1,1,1,1,0,1,1,1,1,1,1,1,1,1,0,1,1,1,1,1,
5,1,1,1,1,0,1,1,1,1,1,1,1,1,1,0,1,1,1,1,1,
5,1,1,1,1,0,1,1,1,1,1,1,1,1,1,0,1,1,1,1,1,
5,2,1,1,1,0,1,1,1,2,1,1,1,1,1,0,1,1,1,1,1,
4,2,1,1,1,0,1,1,1,2,1,1,1,1,1,0,1,2,1,1,1,
4,2,1,1,1,0,1,1,1,2,1,1,1,1,1,0,1,2,1,1,1,
4,2,1,1,1,0,1,1,1,2,1,1,1,1,2,1,2,2,2,1,1,
4,2,2,1,1,0,1,1,1,2,1,1,1,1,1,1,2,2,2,1,1,
4,2,2,1,1,0,1,1,1,2,1,2,1,1,2,1,2,2,2,1,1,
4,2,2,1,1,0,1,1,1,2,1,2,1,1,2,1,2,2,2,1,1,
6,2,2,1,2,0,1,1,3,2,1,2,1,1,3,1,3,2,2,1,1,
4,2,2,1,2,0,1,1,2,2,1,2,1,1,2,1,2,2,2,1,1,
4,1,1,0,1,0,1,1,1,1,0,1,1,1,1,0,1,1,1,1,1,
4,2,2,1,2,0,2,1,2,2,1,2,1,1,2,1,2,2,2,1,1,
4,1,1,0,1,0,1,0,1,1,0,1,0,1,1,0,1,1,1,1,1,
4,1,1,0,1,0,1,1,1,1,0,1,0,1,1,0,1,1,1,1,1,
4,1,1,0,1,0,1,1,1,1,0,1,1,1,1,0,1,1,1,1,1,
7,2,2,1,2,0,1,1,1,2,1,2,1,1,2,1,2,2,2,1,1,
4,1,1,1,1,0,1,1,1,1,1,1,1,1,1,0,1,1,1,1,1,
4,1,1,1,1,0,1,1,1,1,1,1,1,1,1,0,1,1,1,1,1,
4,1,1,1,1,0,1,1,1,1,1,1,1,1,1,0,1,1,1,1,1,
5,1,1,1,1,0,1,1,1,1,1,1,1,1,1,0,1,1,1,1,1,
5,1,1,1,1,0,1,1,1,1,1,1,1,1,1,0,1,1,1,1,1,
4,2,1,1,1,0,1,1,1,2,1,1,1,1,1,0,1,1,1,1,1,
6,2,1,1,1,0,1,1,1,2,1,1,1,1,1,0,1,1,1,1,1,
4,2,1,1,1,0,1,1,1,2,1,1,1,1,1,0,1,1,1,1,1,
4,2,1,1,1,0,1,1,1,2,1,1,1,1,2,1,2,1,2,1,1,
4,2,1,1,1,0,1,1,1,2,1,1,1,1,2,1,2,1,2,1,1,
4,2,1,1,1,0,1,1,1,2,1,1,1,1,2,1,2,2,2,1,1,
4,2,2,1,1,0,1,1,1,2,1,1,1,1,2,1,2,2,2,1,1,
4,2,2,1,1,0,1,1,1,2,1,2,1,1,2,1,2,2,2,1,1,
6,2,2,1,2,0,1,1,3,2,1,2,1,1,3,1,4,2,2,1,1,
4,2,2,1,2,0,1,1,2,2,1,2,1,1,2,1,2,2,2,1,1,
4,1,1,0,1,0,1,1,1,1,0,1,0,1,1,0,1,1,1,1,0,
4,1,1,0,1,0,1,0,1,1,0,1,0,1,1,0,1,1,1,1,0,
4,1,1,0,1,0,1,1,1,1,0,1,1,1,1,0,1,1,1,1,1,
4,1,1,1,1,0,1,1,1,1,1,1,1,1,1,0,1,1,1,1,1,
4,1,1,1,1,0,1,1,1,1,1,1,1,1,1,0,1,1,1,1,1,
7,2,2,1,1,0,1,1,2,2,1,2,1,1,2,1,2,2,2,1,1,
5,1,1,1,1,0,1,1,1,1,1,1,1,1,1,0,1,1,1,1,1,
5,1,1,1,1,0,1,1,1,1,1,1,1,1,1,0,1,1,1,1,1,
5,2,1,1,1,0,1,1,1,2,1,1,1,1,1,0,1,1,1,1,1,
4,2,1,1,1,0,1,1,1,2,1,1,1,1,1,0,1,1,1,1,1,
4,2,1,1,1,0,1,1,1,2,1,1,1,1,1,0,1,1,1,1,1,
4,2,1,1,1,0,1,1,1,2,1,1,1,1,1,0,1,1,1,1,1,
4,2,1,1,1,0,1,1,1,2,1,1,1,1,1,1,1,1,1,1,1,
6,3,1,1,1,0,1,1,1,3,1,1,1,1,2,1,2,1,3,1,1,
4,2,1,1,1,0,1,1,1,2,1,1,1,1,1,1,2,1,2,1,1,
5,3,2,1,1,0,1,2,2,3,1,2,1,2,3,1,3,2,3,1,1,
4,2,2,1,1,0,1,1,1,2,1,1,1,1,2,1,2,2,2,1,1,
4,2,2,1,2,0,1,1,2,2,1,2,1,1,2,1,2,2,2,1,1,
4,1,1,0,1,0,0,0,1,1,0,1,0,0,1,0,1,1,1,0,0,
6,1,1,0,1,0,0,0,3,1,0,1,0,0,3,0,3,1,1,0,0,
4,0,0,0,0,0,0,0,0,0,0,0,0,0,0,0,0,0,0,0,0,
4,1,1,0,1,0,1,1,1,1,0,1,0,1,1,0,1,1,1,1,1,
4,1,1,0,1,0,1,1,1,1,0,1,0,1,1,0,1,1,1,1,1,
4,1,1,0,1,0,1,1,1,1,0,1,1,1,1,0,1,1,1,1,1,
5,2,2,1,1,0,1,1,2,2,1,2,1,1,2,1,2,2,2,1,1,
4,1,1,1,1,0,1,1,1,1,1,1,1,1,1,0,1,1,1,1,1,
7,2,1,1,1,0,1,1,1,2,1,1,1,1,1,0,1,1,1,1,1,
5,1,1,1,1,0,1,1,1,1,1,1,1,1,1,0,1,1,1,1,1,
4,1,1,0,1,0,0,0,1,1,0,1,0,0,1,0,1,1,1,0,0,
6,2,1,1,1,0,1,1,1,2,1,1,1,1,2,0,2,1,1,1,1,
4,2,1,1,1,0,1,1,1,2,1,1,1,1,2,0,2,1,1,1,1,
4,2,1,1,1,0,1,1,1,2,1,1,1,1,1,0,2,1,1,1,1,
4,2,2,1,1,0,1,1,1,2,1,1,1,1,2,1,2,2,2,1,1,
4,2,2,1,1,0,1,1,1,2,1,1,1,1,2,1,2,2,2,1,1,
7,4,2,1,1,0,1,1,1,4,1,1,1,1,2,1,2,2,4,1,1,
4,2,2,1,1,0,1,1,1,2,1,1,1,1,2,1,2,2,2,1,1,
4,2,2,1,1,0,1,1,2,2,1,2,1,1,2,1,2,2,2,1,1,
4,1,1,0,1,0,0,0,1,1,0,1,0,0,1,0,1,1,1,0,0,
4,1,1,0,1,0,1,0,1,1,0,1,0,0,1,0,1,1,1,1,0,
4,1,1,0,1,0,1,1,1,1,1,1,1,1,1,0,1,1,1,1,1,
7,1,1,1,1,0,1,1,4,1,1,1,0,1,4,0,4,1,1,1,1,
5,2,1,0,1,0,1,1,1,1,0,1,0,1,1,0,1,1,1,1,1,
5,2,1,0,1,0,1,1,1,2,0,1,1,1,1,0,1,1,1,1,1,
4,1,1,1,1,0,1,1,1,1,1,1,1,1,1,0,1,1,1,1,1,
4,1,1,1,1,0,1,1,1,1,1,1,1,1,1,0,1,1,1,1,1,
5,2,1,1,1,0,1,1,1,2,1,1,1,1,1,0,1,1,1,1,1,
7,4,1,1,1,0,1,3,3,4,1,1,1,3,4,0,4,1,4,1,1,
5,2,2,1,1,0,1,1,1,2,1,1,1,1,2,1,2,2,2,1,1,
4,2,1,1,1,0,1,1,1,2,1,1,1,1,1,0,1,1,1,1,1,
4,2,1,1,1,0,1,1,1,2,1,1,1,1,1,0,1,1,1,1,1,
4,2,1,1,1,0,1,1,1,2,1,1,1,1,1,0,1,1,1,1,1,
4,2,2,1,1,0,1,1,1,2,1,1,1,1,2,1,2,2,2,1,1,
4,2,1,1,1,0,1,1,1,2,1,1,1,1,2,1,2,2,2,1,1,
4,2,2,1,1,0,1,1,1,2,1,1,1,1,2,1,2,2,2,1,1,
5,2,2,1,1,0,1,1,1,2,1,2,1,1,2,1,2,2,2,1,1,
7,5,2,1,2,0,1,1,2,5,1,2,1,1,2,1,2,2,2,1,1,
4,2,2,1,2,0,1,1,2,2,1,2,1,1,2,1,2,2,2,1,1,
5,1,2,1,1,0,1,0,1,1,1,2,0,0,1,0,1,2,1,1,1,
4,1,1,0,1,0,1,0,1,1,0,1,0,0,1,0,1,1,1,0,0,
4,1,1,0,1,0,1,1,1,1,0,1,0,1,1,0,1,1,1,1,1,
4,1,1,0,1,0,1,1,1,1,0,1,0,1,1,0,1,1,1,1,1,
5,1,2,2,2,0,1,1,1,1,2,2,0,1,1,0,1,2,1,2,2,
4,1,1,0,1,0,1,1,1,1,0,1,1,1,1,0,1,1,1,1,1,
4,1,1,1,1,0,1,1,1,1,1,1,1,1,1,0,1,1,1,1,1,
6,1,1,1,1,0,1,1,1,1,1,1,1,1,1,3,1,1,1,1,1,
5,1,1,1,1,0,1,1,1,1,1,1,1,1,1,0,1,1,1,1,1,
5,2,1,1,1,0,1,1,1,2,1,1,1,1,1,0,1,1,1,1,1,
4,2,1,1,1,0,1,1,1,2,1,1,1,1,2,0,2,1,2,1,1,
4,2,1,1,1,0,1,1,1,2,1,1,1,1,1,0,1,1,1,1,1,
4,2,1,1,1,0,1,1,1,2,1,1,1,1,1,0,2,1,1,1,1,
4,2,1,1,1,0,1,1,1,2,1,1,1,1,2,1,2,1,1,1,1,
4,2,2,1,1,0,1,1,1,2,1,1,1,1,2,1,2,2,2,1,1,
4,2,2,1,1,0,1,1,1,2,1,2,1,1,2,1,2,2,2,1,1,
4,2,2,1,2,0,1,1,2,2,1,2,1,1,2,1,2,2,2,1,1,
4,2,2,1,1,0,1,1,2,2,1,2,1,1,2,1,2,2,2,1,1,
6,2,2,1,2,0,1,1,2,2,1,2,1,1,2,1,2,2,2,1,1,
4,1,1,0,1,0,0,0,1,1,0,1,0,0,1,0,1,1,1,0,0,
4,1,1,0,1,0,1,0,1,1,0,1,0,1,1,0,1,1,1,1,1,
4,1,1,0,1,0,1,1,1,1,0,1,1,1,1,0,1,1,1,1,1,
4,1,1,0,1,0,1,1,1,1,0,1,0,1,1,0,1,1,1,0,0,
4,1,1,1,1,0,1,1,1,1,1,1,1,1,1,0,1,1,1,1,1,
4,1,1,1,1,0,1,1,1,1,1,1,1,1,1,0,1,1,1,1,1,
6,1,1,1,1,0,1,1,3,1,1,1,1,1,3,0,3,1,1,1,1,
4,1,1,1,1,0,1,1,1,1,1,1,1,1,1,0,1,1,1,1,1,
5,2,1,1,1,0,1,1,1,2,1,1,1,1,1,0,1,1,1,1,1,
6,2,2,1,2,0,1,1,1,2,1,2,1,1,2,1,2,2,2,1,1,
5,1,1,1,1,0,1,1,1,1,1,1,1,1,1,0,1,1,1,1,1,
4,2,1,1,1,0,1,1,1,2,1,1,1,1,1,0,1,1,1,1,1,
4,2,1,1,1,0,1,1,1,2,1,1,1,1,1,0,1,2,1,1,1,
4,2,1,1,1,0,1,1,1,2,1,1,1,1,1,0,2,2,1,1,1,
4,2,1,1,1,0,1,1,1,2,1,1,1,1,2,1,2,1,2,1,1,
4,2,2,1,1,0,1,1,1,2,1,1,1,1,2,1,2,2,2,1,1,
4,2,2,1,2,0,1,1,2,2,1,2,1,1,2,1,2,2,2,1,1,
4,2,2,1,2,0,1,1,1,2,1,2,1,1,2,1,2,2,2,1,1,
4,2,2,1,2,0,1,1,2,2,1,2,1,1,2,1,2,2,2,1,1,
4,1,1,0,1,0,0,0,1,1,0,1,0,0,1,0,1,1,1,0,0,
7,1,1,0,1,0,1,0,1,1,0,1,0,0,1,0,1,1,1,0,0,
4,1,1,0,1,0,1,0,1,1,0,1,0,0,1,0,1,1,1,1,1,
4,1,1,0,1,0,1,0,1,1,0,1,0,1,1,0,1,1,1,1,1,
4,1,1,0,1,0,1,1,1,1,0,1,0,1,1,0,1,1,1,1,1,
4,1,1,0,1,0,1,1,1,1,0,1,0,1,1,0,1,1,1,1,1,
4,1,1,1,1,0,1,1,1,1,1,1,1,1,1,0,1,1,1,1,1,
4,1,1,1,1,0,1,1,1,1,1,1,1,1,1,0,1,1,1,1,1,
4,1,1,1,1,0,1,1,1,1,1,1,1,1,1,0,1,1,1,1,1,
5,1,1,1,1,0,1,1,1,1,1,1,1,1,1,0,1,1,1,1,1,
5,2,1,1,1,0,1,1,1,2,1,1,1,1,1,0,1,1,1,1,1,
5,2,1,1,1,0,1,1,1,2,1,1,1,1,2,1,2,1,2,1,1,
4,2,1,1,1,0,1,1,1,2,1,1,1,1,1,1,2,1,1,1,1,
5,2,1,1,1,0,1,1,1,2,1,1,1,1,2,0,3,1,1,1,1,
4,2,1,1,1,0,1,1,2,2,1,1,1,1,2,0,2,1,2,1,1,
4,2,2,1,1,0,1,1,1,2,1,1,1,1,2,1,2,2,2,1,1,
4,2,2,1,2,0,1,1,2,2,1,2,1,1,2,1,2,2,2,1,1,
4,2,2,1,2,0,1,1,2,2,1,2,1,1,2,1,2,2,2,2,1,
4,2,2,1,2,0,1,1,2,2,1,2,1,1,2,1,2,2,2,1,1,
4,2,2,1,2,0,1,1,2,2,1,2,1,1,2,1,2,2,2,1,1,
4,1,1,0,1,0,0,0,1,1,0,1,0,0,1,0,1,1,1,0,0,
4,1,1,0,1,0,1,0,1,1,0,1,0,0,1,0,1,1,1,1,1,
7,1,1,0,1,0,1,0,1,1,0,1,0,1,1,0,1,1,1,1,1,
7,4,1,0,1,0,1,1,1,4,0,1,0,1,1,0,1,1,4,1,1,
4,1,1,0,1,0,1,1,1,1,0,1,0,1,1,0,1,1,1,1,1,
4,1,1,1,1,0,1,1,1,1,1,1,1,1,1,0,1,1,1,1,1,
5,1,1,1,1,0,1,1,1,1,1,1,1,1,1,0,1,1,1,1,1,
5,1,1,1,1,0,1,1,1,2,1,1,1,1,1,0,1,1,1,1,1,
5,1,1,1,1,0,1,1,1,1,1,1,1,1,1,0,1,1,1,1,1,
5,1,1,1,1,0,1,1,1,1,1,1,1,1,1,0,1,1,1,1,1,
5,2,1,1,1,0,1,1,1,2,1,1,1,1,1,0,1,1,1,1,1,
4,2,1,1,1,0,1,1,1,2,1,1,1,1,1,0,1,1,1,1,1,
5,2,2,1,1,0,1,1,1,2,1,1,1,1,2,1,2,2,2,1,1,
4,2,1,1,1,0,1,1,1,2,1,1,1,1,1,0,1,1,1,1,1,
4,2,2,1,1,0,1,1,1,2,1,1,1,1,2,1,2,2,2,1,1,
5,3,2,1,1,0,1,2,2,3,1,2,1,2,2,1,3,2,3,1,1,
6,1,1,1,1,0,1,1,1,1,1,1,1,1,1,0,1,1,1,1,1,
4,1,1,0,1,0,0,0,1,1,0,1,0,0,1,0,1,1,1,1,0,
4,2,2,1,2,0,1,1,2,2,1,2,1,1,2,1,2,2,2,1,1,
4,2,2,1,2,0,1,1,2,2,1,2,1,2,2,1,2,2,2,1,1,
4,1,1,0,1,0,1,0,1,1,0,1,0,0,1,0,1,1,1,1,1,
4,1,1,0,1,0,1,0,1,1,0,1,0,0,1,0,1,1,1,1,1,
4,1,1,0,1,0,1,1,1,1,0,1,0,1,1,0,1,1,1,1,1,
6,1,1,0,1,0,1,1,1,1,1,1,1,1,1,0,1,1,1,1,1,
6,3,1,1,1,0,1,1,1,3,1,1,1,1,1,0,1,1,3,1,1,
5,1,1,1,1,0,1,1,1,1,1,1,1,1,1,0,1,1,1,1,1,
5,1,1,1,1,0,1,1,1,1,1,1,1,1,1,0,1,1,1,1,1,
5,1,1,1,1,0,1,1,1,1,1,1,1,1,1,0,2,1,1,1,1,
5,1,1,1,1,0,1,1,1,1,1,1,1,1,1,0,1,1,1,1,1,
5,2,1,1,1,0,1,1,1,2,1,1,1,1,1,0,1,1,1,1,1,
4,2,1,1,1,0,1,1,1,2,1,1,1,1,1,0,1,1,1,1,1,
4,2,1,1,1,0,1,1,1,2,1,1,1,1,1,0,2,1,1,1,1,
4,2,2,1,1,0,1,1,1,2,1,1,1,1,1,0,1,2,1,1,1,
6,2,1,1,1,0,1,1,1,2,1,1,1,1,1,0,1,1,1,1,1,
4,2,2,1,1,0,1,1,1,2,1,1,1,1,1,1,2,2,2,1,1,
4,2,2,1,1,0,1,1,1,2,1,2,1,1,2,1,2,2,2,1,1,
6,3,2,1,2,0,1,3,3,3,1,2,1,3,3,1,4,2,3,1,1,
5,2,1,1,1,0,1,1,1,2,1,1,1,1,2,0,2,2,2,1,1,
4,2,2,1,2,0,1,1,2,2,1,2,1,1,2,1,2,2,2,1,1,
6,1,1,0,1,0,1,0,1,1,0,1,1,1,1,0,1,1,1,1,1,
6,2,1,0,1,0,1,0,1,2,1,1,1,1,2,0,2,1,1,1,0,
6,1,1,0,1,0,0,0,1,1,0,1,0,0,1,0,1,1,1,1,0,
5,2,2,1,1,0,1,1,2,2,1,1,1,1,2,1,2,2,2,1,1,
5,2,2,1,1,0,1,1,1,2,1,1,1,1,2,0,2,2,2,1,1,
5,2,1,1,1,0,1,1,1,2,1,1,1,1,2,0,2,2,1,1,1,
5,2,1,1,1,0,1,1,1,2,1,1,1,1,1,0,2,1,2,1,1,
7,2,2,1,1,0,1,1,1,2,1,1,1,1,2,0,2,2,2,1,1,
5,1,1,0,0,0,0,0,0,1,0,0,0,0,1,0,1,1,1,0,0,
5,1,0,0,0,0,0,0,0,1,0,0,0,0,1,0,1,1,1,0,0,
5,1,1,0,0,0,0,0,0,1,0,1,0,0,1,0,1,1,1,0,0,
4,2,1,1,1,0,1,1,1,2,1,1,1,1,1,0,2,2,2,1,1,
4,2,1,1,1,0,1,1,1,2,1,1,1,1,2,0,2,1,2,1,1,
4,2,1,1,1,0,1,1,1,2,1,1,1,1,1,0,1,1,2,1,1,
4,2,1,1,1,0,1,1,1,2,1,1,1,1,1,1,2,1,2,1,1,
7,2,1,1,1,0,1,1,1,1,1,1,1,1,1,0,1,1,1,1,1,
4,2,2,1,1,0,1,1,1,2,1,1,1,1,2,1,2,2,2,1,1,
4,1,1,0,0,0,1,0,0,1,0,0,0,0,1,0,1,1,1,0,0,
6,4,2,1,2,0,2,4,4,4,1,2,1,4,4,1,4,2,4,1,1,
4,1,1,0,1,0,1,1,1,1,0,1,0,1,1,0,1,1,1,1,1,
4,1,1,0,1,0,1,0,1,1,0,1,0,0,1,0,1,1,1,1,0,
5,2,2,1,1,0,1,1,1,2,1,1,1,1,1,1,2,2,2,1,1,
4,1,1,0,1,0,1,0,1,1,0,1,0,0,1,0,1,1,1,1,0,
6,3,3,0,3,0,3,3,3,3,0,3,0,3,3,0,3,3,3,3,3,
4,1,1,0,1,0,1,1,1,1,0,1,0,1,1,0,1,1,1,1,1,
4,1,1,0,1,0,1,1,1,1,0,1,1,1,1,0,1,1,1,1,1,
7,1,1,0,1,0,1,0,1,1,0,1,0,0,1,0,1,1,1,1,1,
4,1,1,1,1,0,1,1,1,1,1,1,1,1,1,0,1,1,1,1,1,
5,1,1,1,1,0,1,1,1,1,1,1,1,1,1,0,1,1,1,1,1,
6,1,1,1,1,0,1,1,1,1,1,1,1,1,1,0,3,1,1,1,1,
5,1,1,1,1,0,1,1,1,1,1,1,1,1,1,0,1,1,1,1,1,
4,2,1,1,1,0,1,1,1,2,1,1,1,1,1,0,1,1,1,1,1,
4,2,1,1,1,0,1,1,1,2,1,1,1,1,1,0,1,1,1,1,1,
4,2,1,1,1,0,1,1,1,2,1,1,1,1,1,0,2,1,1,1,1,
4,2,1,1,1,0,1,1,1,2,1,1,1,1,1,1,2,1,1,1,1,
4,2,1,1,1,0,1,1,1,2,1,1,1,1,2,1,2,2,2,1,1,
5,2,2,1,1,0,1,1,1,2,1,2,1,1,2,1,2,2,2,3,1,
4,2,2,1,1,0,1,1,1,2,1,2,1,1,2,1,2,2,2,1,1,
4,2,2,1,1,0,1,1,1,2,1,2,1,1,2,1,2,2,2,1,1,
4,2,2,1,2,0,1,1,2,2,1,2,1,1,2,1,2,2,2,1,1,
4,2,2,1,2,0,1,1,2,2,1,2,1,1,2,1,2,2,2,1,1,
6,1,1,0,3,0,0,0,1,1,0,3,0,0,1,0,1,1,1,3,0,
4,1,1,0,1,0,1,0,1,1,0,1,0,0,1,0,1,1,1,1,1,
4,1,1,0,1,0,1,1,1,1,0,1,0,1,1,0,1,1,1,1,1,
4,1,1,0,1,0,1,1,1,1,0,1,0,1,1,0,1,1,1,1,1,
4,1,1,0,1,0,1,1,1,1,0,1,1,1,1,0,1,1,1,1,1,
4,1,1,1,1,0,1,1,1,1,1,1,1,1,1,0,1,1,1,1,1,
5,1,1,1,1,0,1,1,1,1,1,1,1,1,1,0,1,1,1,1,1,
4,1,1,1,1,0,1,1,1,1,1,1,1,1,1,0,1,1,1,1,1,
8,2,1,1,1,0,1,1,1,2,1,1,1,1,1,0,1,1,1,1,1,
4,1,1,1,1,0,1,1,1,2,1,1,1,1,1,0,1,1,2,1,1,
4,2,1,1,1,0,1,1,1,2,1,1,1,1,1,1,2,1,2,1,1,
4,2,1,1,1,0,1,1,1,2,1,1,1,1,1,0,1,1,2,1,1,
4,2,1,1,1,0,1,1,1,2,1,2,1,1,1,1,1,2,2,1,1,
4,2,1,1,1,0,1,1,1,2,1,2,1,1,1,1,2,1,2,1,1,
4,1,1,0,0,0,1,0,1,1,0,1,0,0,1,0,1,1,1,0,0,
4,2,2,1,2,0,1,1,1,2,1,2,1,1,2,1,2,2,2,1,1,
4,1,1,0,1,0,0,0,1,1,0,1,0,0,1,0,1,1,1,0,0,
4,1,1,0,1,0,0,0,1,1,0,1,0,0,1,0,1,1,1,1,1,
4,1,1,0,1,0,1,0,1,1,0,1,0,0,1,0,1,1,1,0,0,
4,1,1,0,1,0,0,0,1,1,0,1,0,0,1,0,1,1,1,0,0,
4,1,1,0,1,0,1,0,1,1,0,1,0,1,1,0,1,1,1,0,1,
5,1,1,0,2,0,1,0,1,1,0,2,0,0,1,0,1,1,1,2,1,
4,1,1,0,1,0,1,0,1,1,0,1,0,0,1,0,1,1,1,1,1,
4,1,1,0,1,0,1,1,1,1,0,1,1,1,1,0,1,1,1,1,1,
5,1,1,0,1,0,1,0,1,1,0,1,1,0,1,0,1,1,1,0,0,
5,2,1,1,1,0,1,1,1,2,1,1,1,1,1,0,1,1,1,1,1,
4,1,1,1,1,0,1,1,1,1,1,1,1,1,1,0,1,1,1,1,1,
5,1,2,1,2,0,1,1,1,1,1,2,1,1,1,0,1,2,1,1,1,
5,1,1,1,1,0,1,1,1,1,1,1,1,1,1,0,2,1,1,1,1,
4,2,1,1,1,0,1,1,2,2,1,1,1,1,2,0,2,1,1,1,1,
4,1,1,1,1,0,1,1,1,2,1,1,1,1,1,0,1,1,1,1,1,
4,1,1,1,1,0,1,1,1,2,1,1,1,1,1,0,1,1,1,1,1,
4,2,1,1,1,0,1,1,1,2,1,1,1,1,1,1,1,1,2,1,1,
4,2,1,1,1,0,1,1,1,2,1,1,1,1,1,1,1,2,2,1,1,
4,2,2,1,1,0,1,1,1,2,1,1,1,1,1,1,2,2,2,1,1,
4,1,1,0,1,0,1,0,1,1,0,1,0,0,1,0,1,1,1,0,0,
4,1,1,0,1,0,1,0,1,1,0,1,0,0,1,0,1,1,1,0,0,
4,1,1,0,1,0,0,0,1,1,0,1,0,0,1,0,1,1,1,0,0,
5,1,2,1,2,0,1,1,1,1,1,2,1,1,1,0,1,2,1,1,1,
7,1,2,1,1,0,1,1,1,1,0,1,0,1,1,0,1,2,1,1,1,
5,1,1,0,1,0,1,0,1,2,0,1,0,1,1,0,1,1,1,1,1,
5,2,1,0,1,0,1,1,1,2,0,1,0,1,1,0,1,1,1,1,1,
6,1,1,0,3,0,1,1,1,1,1,3,1,1,1,0,1,1,1,3,1,
4,1,1,0,1,0,1,0,1,1,0,1,0,1,1,0,1,1,1,1,1,
4,1,1,1,1,0,1,1,1,1,1,1,1,1,1,0,1,1,1,1,1,
4,1,1,1,1,0,1,1,1,1,1,1,1,1,1,0,1,1,1,1,1,
4,1,1,1,1,0,1,1,1,1,1,1,1,1,1,0,1,1,1,1,1,
4,1,1,1,1,0,1,1,1,1,1,1,1,1,1,0,1,1,1,1,1,
4,1,1,1,1,0,1,1,1,1,1,1,1,1,1,0,1,1,1,1,1,
4,1,1,0,1,0,0,0,1,1,0,1,0,0,1,0,1,1,0,1,0,
5,2,1,1,1,0,1,1,2,2,1,1,1,1,3,0,3,1,2,1,1,
4,2,1,1,1,0,1,1,1,2,1,1,1,1,2,0,2,1,2,1,1,
4,2,2,1,1,0,1,1,1,2,1,1,1,1,2,1,2,2,2,1,1,
4,2,1,1,1,0,1,1,1,2,1,1,1,1,1,1,1,1,2,1,1,
4,2,2,1,2,0,1,1,1,2,1,1,1,1,2,1,2,2,2,1,1,
4,1,1,0,1,0,0,0,0,1,0,0,0,0,1,0,1,1,1,0,0,
4,2,2,1,2,0,1,1,1,2,1,2,1,1,2,1,2,2,2,1,1,
4,1,1,0,1,0,0,0,1,1,0,1,0,0,1,0,1,1,1,0,0,
4,1,1,0,1,0,0,0,1,1,0,1,0,0,1,0,1,1,1,1,0,
4,1,1,1,1,0,1,1,1,1,1,1,1,1,1,0,1,1,1,1,1,
7,1,4,3,4,0,1,0,1,1,3,4,0,0,1,0,1,4,1,4,3,
6,1,1,0,2,0,1,1,1,1,0,2,0,0,1,0,1,1,1,2,1,
5,2,1,1,1,0,1,1,1,2,1,1,1,1,1,0,1,1,1,1,1,
5,1,1,0,2,0,1,1,1,1,0,2,1,1,1,0,1,1,1,2,1,
4,1,1,0,1,0,1,1,1,1,0,1,1,1,1,0,1,1,1,1,1,
4,1,1,1,1,0,1,1,1,1,1,1,1,1,1,0,1,1,1,1,1,
5,2,1,1,1,0,1,1,1,1,1,1,1,1,1,0,1,1,1,1,1,
5,1,1,1,1,0,1,1,1,1,1,1,1,1,1,0,1,1,1,1,1,
5,1,1,1,1,0,1,1,1,1,1,1,1,1,1,0,1,1,1,1,1,
4,1,1,0,1,0,1,1,1,1,1,1,1,1,1,0,1,1,1,1,1,
4,2,1,1,1,0,1,1,1,2,1,1,1,1,1,0,1,1,1,1,1,
4,1,1,0,0,0,0,0,0,1,0,0,0,0,1,0,1,1,1,0,0,
4,2,2,1,2,0,1,1,1,2,1,1,1,1,2,1,2,2,2,1,1,
4,1,1,0,1,0,0,0,0,1,0,0,0,0,0,0,1,1,1,0,0,
4,2,2,1,2,0,1,1,1,2,1,2,1,1,2,1,2,2,2,1,1,
4,1,1,0,1,0,0,0,0,1,0,1,0,0,1,0,1,1,1,0,0,
4,1,1,0,1,0,0,0,0,1,0,1,0,0,1,0,1,1,1,0,0,
5,1,1,0,1,0,0,0,1,1,0,1,0,0,1,0,1,1,1,1,1,
4,1,1,0,1,0,0,0,1,1,0,1,0,0,1,0,1,1,1,1,0,
4,1,1,0,1,0,0,0,1,1,0,1,0,0,1,0,1,1,1,1,0,
4,1,1,0,1,0,1,0,1,1,0,1,0,1,1,0,1,1,1,1,1,
6,1,1,0,1,0,0,0,1,1,0,1,0,0,1,0,1,1,1,1,1,
4,1,1,0,1,0,1,0,1,1,0,1,0,1,1,0,1,1,1,1,1,
4,1,1,1,1,0,1,1,1,1,1,1,1,1,1,0,1,1,1,1,1,
6,1,1,1,3,0,1,1,1,1,1,3,1,1,1,0,1,1,1,3,1,
4,1,1,1,1,0,1,1,1,1,1,1,1,1,1,0,1,1,1,1,1,
4,1,1,1,1,0,1,1,1,1,1,1,1,1,1,0,1,1,1,1,1,
5,1,1,1,1,0,1,1,1,1,1,1,1,1,1,0,1,1,1,1,1,
5,1,1,1,1,0,1,1,1,1,1,1,1,1,1,0,1,2,1,1,1,
5,2,1,1,1,0,1,1,1,2,1,1,1,1,1,0,1,1,2,1,1,
5,1,1,1,1,0,1,1,1,1,1,1,1,1,1,0,1,1,1,1,1,
4,2,1,1,1,0,1,1,1,2,1,1,1,1,1,0,1,1,1,1,1,
6,1,1,1,1,0,1,1,1,1,1,1,1,1,1,0,1,1,1,1,1,
4,2,2,1,2,0,1,1,1,2,1,1,1,1,2,1,2,2,2,1,1,
4,1,1,0,1,0,0,0,1,1,0,1,0,0,1,0,1,1,1,0,0,
4,1,1,0,1,0,0,0,1,1,0,1,0,0,1,0,1,1,1,0,0,
4,1,1,0,1,0,0,0,0,1,0,1,0,0,1,0,1,1,1,0,0,
4,1,1,0,1,0,1,0,1,1,0,1,1,1,1,0,1,1,1,1,1,
4,1,1,0,1,0,0,0,1,1,0,1,0,1,1,0,1,1,1,1,1,
4,1,1,0,1,0,1,1,1,1,0,1,1,1,1,0,1,1,1,1,1,
4,1,1,0,1,0,1,0,1,1,0,1,1,0,1,0,1,1,1,1,1,
4,1,1,1,1,0,1,1,1,1,1,1,1,1,1,0,1,1,1,1,1,
7,1,3,3,3,0,1,0,1,1,3,3,0,0,1,0,1,3,1,3,3,
4,1,1,0,1,0,1,0,1,1,0,1,1,0,1,0,1,1,1,1,1,
4,1,1,1,1,0,1,1,1,1,1,1,1,1,1,0,1,1,1,1,1,
5,1,1,1,2,0,1,1,1,1,1,2,1,1,1,0,1,1,1,2,1,
4,1,1,1,1,0,1,1,1,1,1,1,1,1,1,0,1,1,1,1,1,
4,1,1,1,1,0,1,1,1,1,1,1,1,1,1,0,1,1,1,1,1,
4,1,1,1,1,0,1,1,1,1,1,1,1,1,1,0,1,1,1,1,1,
5,1,1,1,1,0,1,1,1,1,1,1,1,1,1,0,1,1,1,1,1,
4,1,1,1,1,0,1,1,1,2,1,1,1,1,1,0,1,1,1,1,1,
4,1,1,0,1,0,0,0,0,1,0,1,0,0,1,0,1,1,1,0,0,
4,2,1,1,1,0,1,1,1,2,1,1,1,1,1,0,1,1,1,1,1,
6,1,1,0,1,0,0,0,1,1,0,1,0,0,1,0,1,1,1,0,0,
4,2,1,1,1,0,1,1,1,2,1,1,1,1,1,1,2,2,1,1,1,
4,2,2,1,1,0,1,1,1,2,1,1,1,1,1,1,2,2,2,1,1,
4,1,1,0,1,0,0,0,0,1,0,1,0,0,1,0,1,1,1,0,0,
4,1,1,0,1,0,0,0,0,1,0,1,0,0,1,0,1,1,1,0,0,
4,1,1,0,1,0,0,0,1,1,0,1,0,0,1,0,1,1,1,0,0,
4,1,1,0,1,0,0,0,1,1,0,1,0,0,1,0,1,1,1,0,0,
4,1,1,0,1,0,1,1,1,1,0,1,1,1,1,0,1,1,1,1,1,
4,1,1,0,1,0,1,0,1,1,0,1,0,0,1,0,1,1,1,1,0,
4,1,1,1,1,0,1,1,1,1,1,1,1,1,1,0,1,1,1,1,1,
7,1,1,1,1,0,1,1,1,1,1,1,1,1,1,0,1,1,1,1,1,
4,1,1,1,1,0,1,1,1,1,1,1,1,1,1,0,1,1,1,1,1,
4,1,1,1,1,0,1,1,1,1,1,1,1,1,1,0,1,1,1,1,1,
7,1,1,1,4,0,1,1,1,1,1,3,1,1,1,0,1,1,1,3,1,
4,1,1,1,1,0,1,1,1,1,1,1,1,1,1,0,1,1,1,1,1,
5,1,1,1,1,0,1,1,1,1,1,1,1,1,1,0,1,1,1,1,1,
5,1,1,1,1,0,1,1,1,1,1,1,1,1,1,0,1,1,1,1,1,
4,1,1,1,1,0,1,1,1,2,1,1,1,1,1,0,1,1,1,1,1,
4,2,1,1,1,0,1,1,1,2,1,1,1,1,1,0,1,2,1,1,1,
4,1,1,1,1,0,1,1,1,1,1,1,1,1,1,0,1,1,1,1,1,
4,2,1,1,1,0,1,1,1,2,1,1,1,1,1,1,1,2,1,1,1,
6,1,1,1,1,0,1,1,1,1,1,1,1,1,1,0,1,1,1,1,1,
4,1,1,0,1,0,0,0,0,1,0,1,0,0,1,0,1,1,1,0,0,
4,1,1,0,1,0,0,0,0,1,0,1,0,0,1,0,1,1,1,0,0,
4,1,1,0,1,0,0,0,0,1,0,1,0,0,1,0,1,1,1,0,0,
4,1,1,0,1,0,0,0,0,1,0,1,0,0,1,0,1,1,1,0,0,
4,1,1,0,1,0,0,0,1,1,0,1,0,0,1,0,1,1,1,0,0,
4,1,1,0,1,0,0,0,1,1,0,1,0,0,1,0,1,1,1,1,1,
4,1,1,0,1,0,0,0,1,1,0,1,0,0,1,0,1,1,1,1,0,
4,1,1,0,1,0,0,0,1,1,0,1,0,0,1,0,1,1,1,1,1,
4,1,1,0,1,0,0,1,1,1,0,1,0,0,1,0,1,1,1,1,1,
4,1,1,0,1,0,1,1,1,1,0,1,1,1,1,0,1,1,1,1,1,
5,2,1,1,1,0,1,1,1,1,1,1,1,1,1,0,1,1,1,1,1,
5,1,1,1,1,0,1,1,1,1,1,1,1,1,1,0,1,1,1,1,1,
4,1,1,1,1,0,1,1,1,1,1,1,1,1,1,0,1,1,1,1,1,
4,1,1,1,1,0,1,1,1,1,1,1,1,1,1,0,1,1,1,1,1,
6,1,3,1,1,0,1,1,1,1,1,1,1,1,1,0,1,1,1,1,1,
4,1,1,1,1,0,1,1,1,1,1,1,1,1,1,0,1,1,1,1,1,
4,1,1,1,1,0,1,1,1,2,1,1,1,1,1,0,1,1,1,1,1,
4,2,1,1,1,0,1,1,1,2,1,1,1,1,1,1,1,2,1,1,1,
4,2,1,1,1,0,1,1,1,2,1,1,1,1,1,1,1,2,1,1,1,
4,2,2,1,1,0,1,1,1,2,1,1,1,1,1,1,2,2,2,1,1,
6,1,1,0,0,0,0,0,0,1,0,0,0,0,1,0,1,1,1,0,0,
4,1,1,0,1,0,0,0,0,1,0,0,0,0,1,0,1,1,1,0,0,
4,1,1,0,1,0,0,0,0,1,0,1,0,0,1,0,1,1,1,0,0,
4,1,1,0,1,0,0,0,1,1,0,1,0,0,1,0,1,1,1,0,0,
4,1,1,0,1,0,0,0,1,1,0,1,0,0,1,0,1,1,1,1,1,
4,1,1,0,1,0,0,0,1,1,0,1,0,0,1,0,1,1,1,1,1,
4,1,1,0,1,0,0,0,1,1,0,1,0,0,1,0,1,1,1,1,1,
4,1,1,0,1,0,1,1,1,1,0,1,1,1,1,0,1,1,1,1,1,
4,1,1,0,1,0,1,1,1,1,0,1,1,1,1,0,1,1,1,1,1,
4,1,1,1,1,0,1,1,1,1,1,1,1,1,1,0,1,1,1,1,1,
4,1,1,1,1,0,1,1,1,1,1,1,1,1,1,0,1,1,1,1,1,
4,1,1,1,1,0,1,1,1,1,1,1,1,1,1,0,1,1,1,1,1,
5,1,1,1,1,0,1,1,1,1,1,1,1,1,1,0,1,1,1,1,1,
4,1,1,1,1,0,1,1,1,1,1,1,1,1,1,0,1,1,1,1,1,
4,1,1,1,1,0,1,1,1,1,1,1,1,1,1,0,1,2,1,1,1,
4,1,2,1,1,0,1,1,1,2,1,1,1,1,1,0,1,2,1,1,1,
4,2,2,1,1,0,1,1,1,2,1,1,1,1,1,0,1,2,1,1,1,
4,2,2,1,1,0,1,1,1,2,1,1,1,1,1,1,1,2,1,1,1,
4,2,2,1,1,0,1,1,1,2,1,1,1,1,1,1,1,2,1,1,1,
4,2,2,1,1,0,1,1,1,2,1,1,1,1,1,1,2,2,2,1,1,
4,2,2,1,1,0,1,1,1,2,1,1,1,1,1,1,2,2,2,1,1,
9,1,3,2,3,0,0,0,0,1,2,3,0,0,1,0,1,3,1,3,2,
4,1,1,0,1,0,0,0,0,1,0,1,0,0,1,0,1,1,1,0,0,
5,1,1,0,1,0,0,0,1,1,0,1,0,0,1,0,1,1,1,0,0,
4,1,1,0,1,0,0,0,1,1,0,1,0,0,1,0,1,1,1,1,1,
4,1,1,0,1,0,1,0,1,1,0,1,0,1,1,0,1,1,1,1,1,
4,1,1,0,1,0,1,0,1,1,0,1,0,1,1,0,1,1,1,1,1,
4,1,1,0,1,0,1,1,1,1,0,1,0,1,1,0,1,1,1,1,1,
4,1,1,1,1,0,1,1,1,1,1,1,1,1,1,0,1,1,1,1,1,
5,2,1,1,1,0,1,1,1,2,1,1,1,1,1,0,2,2,2,1,1,
4,1,1,1,1,0,1,1,1,1,1,1,1,1,1,0,1,1,1,1,1,
4,1,1,1,1,0,1,1,1,1,1,1,1,1,1,0,1,1,1,1,1,
4,1,1,1,1,0,1,1,1,1,1,1,1,1,1,0,1,1,1,1,1,
5,1,1,1,1,0,1,1,1,2,1,1,1,1,1,0,1,1,1,1,1,
4,1,1,1,1,0,1,1,1,1,1,1,1,1,1,0,1,2,1,1,1,
4,2,1,1,1,0,1,1,1,2,1,1,1,1,1,0,1,2,1,1,1,
4,2,2,1,1,0,1,1,1,2,1,1,1,1,1,0,2,2,1,1,1,
4,2,2,1,1,0,1,1,1,2,1,1,1,1,1,1,1,2,1,1,1,
4,2,2,1,1,0,1,1,1,2,1,1,1,1,1,1,1,2,1,1,1,
4,2,2,1,1,0,1,1,1,2,1,1,1,1,1,1,2,2,2,1,1,
4,2,2,1,2,0,1,1,1,2,1,1,1,1,2,1,2,2,2,1,1,
4,2,2,1,2,0,1,1,1,2,1,1,1,1,2,1,2,2,2,1,1,
5,1,1,0,1,0,0,0,1,1,0,1,0,0,1,0,1,1,1,0,0,
5,0,0,0,0,0,0,0,0,0,0,0,0,0,0,0,0,0,0,0,0,
4,1,1,1,1,0,1,1,1,1,1,1,1,1,1,1,1,1,1,1,1,
5,1,1,0,1,0,1,0,1,2,0,1,1,1,1,0,1,1,1,1,1,
4,1,1,0,1,0,1,0,1,1,1,1,1,1,1,0,1,1,1,1,1,
4,1,1,1,1,0,1,1,1,1,1,1,1,1,1,0,1,1,1,1,1,
4,1,1,1,1,0,1,1,1,1,1,1,1,1,1,0,1,1,1,1,1,
4,1,1,1,1,0,1,1,1,1,1,1,1,1,1,0,1,1,1,1,1,
5,1,1,1,1,0,1,1,1,1,1,1,1,1,1,0,1,2,1,1,1,
4,1,1,1,1,0,1,1,1,1,1,1,1,1,1,0,1,1,1,1,1,
4,1,1,1,1,0,1,1,1,1,1,1,1,1,1,0,1,1,1,1,1,
3,1,1,1,1,0,1,1,1,1,1,1,1,1,1,0,1,1,1,1,1,
4,2,1,1,1,0,1,1,1,2,1,1,1,1,1,1,1,2,1,1,1,
5,2,1,1,3,0,1,1,1,2,1,3,1,1,1,0,1,2,1,3,1,
4,2,1,1,1,0,1,1,1,2,1,1,1,1,1,0,1,1,1,1,1,
4,2,1,1,1,0,1,1,1,2,1,1,1,1,1,1,2,2,2,1,1,
4,2,1,1,1,0,1,1,1,2,1,1,1,1,2,1,2,2,1,1,1,
4,2,1,1,1,0,1,1,1,2,1,1,1,1,2,1,2,2,2,1,1,
4,1,1,0,0,0,0,0,0,1,0,0,0,0,1,0,1,1,1,0,0,
4,2,1,1,1,0,1,1,1,2,1,1,1,1,1,0,2,1,1,1,1,
4,1,1,0,1,0,0,0,1,1,0,1,0,0,1,0,1,1,1,0,0,
4,1,1,0,1,0,0,0,1,1,0,1,0,0,1,0,1,1,1,0,0,
4,1,1,0,1,0,0,0,1,1,0,1,0,0,1,0,1,1,1,0,0,
4,1,1,0,1,0,0,0,1,1,0,1,0,0,1,0,1,1,1,1,0,
4,1,1,0,1,0,1,1,1,1,0,1,0,1,1,0,1,1,1,1,1,
4,1,1,0,1,0,1,1,1,1,0,1,0,1,1,0,1,1,1,1,1,
4,1,1,0,1,0,1,1,1,1,0,1,1,1,1,0,1,1,1,1,1,
4,1,1,1,1,0,1,1,1,1,1,1,1,1,1,0,1,1,1,1,1,
4,1,1,1,1,0,1,1,1,1,1,1,1,1,1,0,1,1,1,1,1,
4,1,1,1,1,0,1,1,1,1,1,1,1,1,1,0,1,1,1,1,1,
5,2,1,1,1,0,1,1,1,2,1,1,1,1,1,0,1,1,2,1,1,
4,1,1,1,1,0,1,1,1,1,1,1,1,1,1,0,1,1,1,1,1,
4,2,1,1,1,0,1,1,1,2,1,1,1,1,1,0,2,1,1,1,1,
4,2,1,1,1,0,1,1,1,2,1,1,1,1,1,0,1,1,1,1,1,
5,2,1,1,3,0,1,1,1,2,1,3,1,1,1,0,1,2,1,3,1,
4,1,1,0,0,0,0,0,0,1,0,0,0,0,1,0,1,1,1,0,0,
5,1,1,0,1,0,0,0,1,1,0,1,1,0,1,0,1,2,1,1,1,
4,1,1,0,1,0,0,0,0,1,0,1,0,0,1,0,1,1,1,0,1,
9,1,3,2,3,0,0,0,1,1,2,3,0,0,1,0,1,3,1,2,2,
4,1,1,0,1,0,0,0,1,1,0,1,0,0,1,0,1,1,1,0,0,
4,1,1,0,1,0,0,0,1,1,0,1,0,0,1,0,1,1,1,0,0,
4,1,1,0,1,0,0,0,1,1,0,1,0,0,1,0,1,1,1,0,0,
4,1,1,0,1,0,0,0,1,1,0,1,0,0,1,0,1,1,1,1,1,
4,1,1,0,1,0,1,1,1,1,0,1,1,1,1,0,1,1,1,1,1,
4,1,1,0,1,0,1,1,1,1,0,1,0,1,1,0,1,1,1,1,1,
4,1,1,0,1,0,1,1,1,1,0,1,0,1,1,0,1,1,1,1,1,
4,1,1,1,1,0,1,1,1,1,1,1,1,1,1,0,1,1,1,1,1,
4,1,1,1,1,0,1,1,1,1,1,1,1,1,1,0,1,1,1,1,1,
4,1,1,1,1,0,1,1,1,1,1,1,1,1,1,0,1,1,1,1,1,
4,1,1,1,1,0,1,1,1,1,1,1,1,1,1,0,1,1,1,1,1,
3,1,1,1,1,0,1,1,1,1,1,1,1,1,1,0,1,1,1,1,1,
4,2,1,1,1,0,1,1,1,1,1,1,1,1,1,0,1,1,1,1,1,
6,1,1,1,1,0,1,1,1,2,1,1,1,1,1,0,1,1,1,1,1,
4,2,1,1,1,0,1,1,1,2,1,1,1,1,1,0,1,2,1,1,1,
4,2,1,1,1,0,1,1,1,2,1,1,1,1,1,1,1,2,1,1,1,
5,2,2,1,3,0,1,1,1,2,1,3,1,1,1,1,2,2,2,3,1,
4,2,2,1,1,0,1,1,1,2,1,1,1,1,2,1,2,2,2,1,1,
4,1,1,0,0,0,0,0,0,1,0,0,0,0,1,0,1,1,1,0,0,
61,58,1,0,0,0,0,58,58,58,0,0,0,58,58,0,58,1,58,0,0,
11,8,1,0,1,0,0,7,7,8,0,1,0,7,7,0,8,1,7,0,0,
4,1,1,0,1,0,0,0,1,1,0,1,0,0,1,0,1,1,1,0,0,
4,2,1,1,1,0,1,1,1,2,1,1,1,1,1,0,2,2,1,1,1,
4,1,1,0,1,0,1,0,1,1,0,1,0,0,1,0,1,1,1,1,0,
4,1,1,0,1,0,1,0,1,1,0,1,0,0,1,0,1,1,1,1,1,
4,1,1,0,1,0,1,0,1,1,0,1,0,1,1,0,1,1,1,1,1,
5,1,1,0,1,0,1,1,1,1,0,1,0,1,1,0,1,1,1,1,1,
4,1,1,0,1,0,1,1,1,1,0,1,1,1,1,0,1,1,1,1,1,
4,1,1,1,1,0,1,1,1,1,1,1,1,1,1,0,1,1,1,1,1,
5,2,1,1,1,0,1,1,1,2,1,1,1,1,1,0,1,2,1,1,1,
5,1,1,1,1,0,1,1,1,1,1,1,1,1,1,0,1,1,1,1,1,
3,1,1,1,1,0,1,1,1,1,1,1,1,1,1,0,1,1,1,1,1,
4,2,1,1,1,0,1,1,1,2,1,1,1,1,1,0,1,1,1,1,1,
4,1,1,1,1,0,1,1,1,2,1,1,1,1,1,0,1,1,1,1,1,
6,1,1,1,1,0,1,1,1,2,1,1,1,1,1,0,1,2,1,1,1,
4,2,1,1,1,0,1,1,1,2,1,1,1,1,1,1,1,2,1,1,1,
4,1,1,0,0,0,0,0,0,1,0,0,0,0,1,0,1,1,1,0,0,
5,2,2,1,3,0,1,1,1,2,1,3,1,1,2,1,2,2,2,3,1,
4,2,2,1,1,0,1,1,1,2,1,1,1,1,2,1,2,2,2,1,1,
4,1,1,0,0,0,0,0,0,1,0,1,0,0,1,0,1,1,1,0,0,
4,1,1,0,1,0,0,0,1,1,0,1,0,0,1,0,1,1,1,0,0,
4,2,2,1,2,0,1,1,2,2,1,2,1,1,2,1,2,2,2,1,1,
4,1,1,0,1,0,0,0,1,1,0,1,0,0,1,0,1,1,1,1,1,
4,1,1,1,1,0,1,1,1,1,1,1,1,1,1,0,1,1,1,1,1,
4,1,1,0,1,0,1,0,1,1,0,1,0,0,1,0,1,1,1,1,1,
7,1,1,0,0,0,0,0,0,1,0,0,0,0,1,0,1,1,1,0,0,
4,1,1,1,1,0,1,1,1,1,1,1,1,1,1,0,1,1,1,1,1,
4,1,1,1,1,0,1,1,1,1,1,1,1,1,1,0,1,1,1,1,1,
5,1,1,1,1,0,1,1,1,2,1,1,1,1,1,0,1,1,1,1,1,
4,1,1,1,1,0,1,1,1,1,1,1,1,1,1,0,1,1,1,1,1,
5,2,1,1,1,0,1,1,1,2,1,1,1,1,1,0,1,1,2,1,1,
4,1,1,1,1,0,1,1,1,1,1,1,1,1,1,0,1,1,1,1,1,
4,1,1,1,1,0,1,1,1,1,1,1,1,1,1,0,1,1,1,1,1,
4,1,1,1,1,0,1,1,1,1,1,1,1,1,1,0,1,1,1,1,1,
4,2,2,1,1,0,1,1,1,2,1,1,1,1,1,0,1,1,1,1,1,
7,2,2,1,1,0,1,1,1,2,1,1,1,1,1,1,1,1,1,1,1,
4,2,2,1,1,0,1,1,1,2,1,1,1,1,2,1,2,2,2,1,1,
4,2,2,1,1,0,1,1,1,2,1,1,1,1,2,1,2,2,1,1,1,
6,2,2,1,4,0,1,1,1,2,1,4,1,1,2,1,2,2,2,4,1,
4,2,2,1,1,0,1,1,1,2,1,1,1,1,2,1,2,2,2,1,1,
4,1,1,0,1,0,0,0,0,1,0,1,0,0,1,0,1,1,1,0,0,
4,1,1,0,1,0,0,0,1,1,0,1,0,0,1,0,1,1,1,1,0,
4,1,1,0,1,0,1,0,1,1,0,1,0,0,1,0,1,1,1,1,0,
4,1,1,0,1,0,0,0,1,1,0,1,0,0,1,0,1,1,1,1,1,
4,1,1,1,1,0,1,1,1,1,1,1,1,1,1,0,1,1,1,1,1,
4,1,1,0,1,0,1,1,1,1,0,1,0,1,1,0,1,1,1,1,1,
7,1,1,1,1,0,1,1,1,1,1,1,1,1,1,0,1,1,1,1,1,
4,1,1,1,1,0,1,1,1,1,1,1,1,1,1,0,1,1,1,1,1,
4,1,1,1,1,0,1,1,1,1,1,1,1,1,1,0,1,1,1,1,1,
4,1,1,1,1,0,1,1,1,1,1,1,1,1,1,0,1,1,1,1,1,
4,1,1,1,1,0,1,1,1,1,1,1,1,1,1,0,1,1,1,1,1,
3,1,1,1,1,0,1,1,1,1,1,1,1,1,1,0,1,1,1,1,1,
4,1,1,1,1,0,1,1,1,1,1,1,1,1,1,0,1,1,1,1,1,
5,1,1,1,1,0,1,1,1,1,1,1,1,1,1,0,1,1,1,1,1,
4,2,1,1,1,0,1,1,1,2,1,1,1,1,1,1,1,2,1,1,1,
4,2,2,1,1,0,1,1,1,2,1,1,1,1,1,1,2,2,2,1,1,
4,2,2,1,1,0,1,1,1,2,1,1,1,1,2,1,2,2,2,1,1,
4,2,2,1,1,0,1,1,1,2,1,1,1,1,2,1,2,2,2,1,1,
4,1,1,0,1,0,0,0,0,1,0,1,0,0,1,0,1,1,1,0,0,
4,2,2,1,1,0,1,1,1,2,1,2,1,1,2,1,2,2,2,1,1,
4,1,1,0,1,0,0,0,0,1,0,1,0,0,1,0,1,1,1,0,0,
4,1,1,0,1,0,1,0,1,1,0,1,0,0,1,0,1,1,1,1,0,
4,1,1,0,1,0,0,0,1,1,0,1,0,0,1,0,1,1,1,1,1,
4,1,1,0,1,0,1,0,1,1,0,1,0,0,1,0,1,1,1,1,1,
4,1,1,0,1,0,1,0,1,1,0,1,0,0,1,0,1,1,1,1,1,
4,1,1,1,1,0,1,1,1,1,1,1,1,1,1,0,1,1,1,1,1,
4,1,1,1,1,0,1,1,1,1,1,1,1,1,1,0,1,1,1,1,1,
6,1,1,1,1,0,1,1,1,1,1,1,1,1,1,0,1,1,1,1,1,
4,1,1,1,1,0,1,1,1,1,1,1,1,1,1,0,1,1,1,1,1,
4,1,1,1,1,0,1,1,1,1,1,1,1,1,1,0,1,1,1,1,1,
4,1,1,1,1,0,1,1,1,1,1,1,1,1,1,0,1,1,1,1,1,
3,1,1,1,1,0,1,1,1,1,1,1,1,1,1,0,1,1,1,1,1,
4,1,1,1,1,0,1,1,1,1,1,1,1,1,1,0,1,1,1,1,1,
4,2,1,1,1,0,1,1,1,2,1,1,1,1,1,1,1,2,1,1,1,
4,1,1,0,1,0,0,0,0,1,0,1,0,0,1,0,1,1,1,0,0,
4,2,1,1,1,0,1,1,1,2,1,1,1,1,2,1,2,2,1,1,1,
4,2,2,1,1,0,1,1,1,2,1,1,1,1,2,1,2,2,2,1,1,
4,1,1,0,0,0,0,0,0,1,0,0,0,0,0,0,1,1,1,0,0,
4,1,1,0,0,0,0,0,0,1,0,0,0,0,1,0,1,1,1,0,0,
4,1,1,0,1,0,0,0,1,1,0,1,0,0,1,0,1,1,1,0,0,
4,1,1,0,1,0,0,0,1,1,0,1,0,0,1,0,1,1,1,0,0,
4,1,1,0,1,0,0,0,1,1,0,1,0,0,1,0,1,1,1,0,0,
4,1,1,0,1,0,1,0,1,1,0,1,0,0,1,0,1,1,1,1,1,
4,1,1,0,1,0,0,0,1,1,0,1,0,0,1,0,1,1,1,1,1,
4,1,1,0,1,0,1,1,1,1,0,1,0,1,1,0,1,1,1,1,1,
4,1,1,1,1,0,1,1,1,1,1,1,1,1,1,0,1,1,1,1,1,
4,1,1,1,1,0,1,1,1,1,1,1,1,1,1,0,1,1,1,1,1,
4,1,1,1,1,0,1,1,1,1,1,1,1,1,1,0,1,1,1,1,1,
5,1,1,1,1,0,1,1,1,1,1,1,1,1,1,0,1,1,1,1,1,
4,1,1,1,1,0,1,1,1,1,1,1,1,1,1,0,1,1,1,1,1,
5,1,1,1,1,0,1,1,1,1,1,1,1,1,1,0,1,1,1,1,1,
4,2,1,1,1,0,1,1,1,2,1,1,1,1,1,0,1,1,1,1,1,
4,1,1,1,1,0,1,1,1,1,1,1,1,1,1,0,1,2,1,1,1,
4,2,1,1,1,0,1,1,1,2,1,1,1,1,1,1,1,2,1,1,1,
4,2,1,1,1,0,1,1,1,2,1,1,1,1,1,1,2,1,1,1,1,
4,2,1,1,1,0,1,1,1,2,1,1,1,1,1,1,1,2,2,1,1,
5,1,1,0,0,0,0,0,0,1,0,0,0,0,0,0,1,1,1,0,0,
4,1,1,0,1,0,0,0,0,1,0,1,0,0,1,0,1,1,1,0,0,
4,1,1,0,0,0,0,0,0,1,0,1,0,0,1,0,1,1,1,0,0,
4,1,1,0,0,0,0,0,0,1,0,1,0,0,1,0,1,1,1,0,0,
4,1,1,0,1,0,0,0,1,1,0,1,0,0,1,0,1,1,1,0,0,
4,1,1,0,1,0,0,0,1,1,0,1,0,0,1,0,1,1,1,0,0,
4,1,1,0,1,0,1,0,1,1,0,1,0,0,1,0,1,1,1,1,0,
4,1,1,0,1,0,1,0,1,1,0,1,1,0,1,0,1,1,1,1,1,
5,1,1,0,1,0,1,0,1,1,0,1,1,1,2,0,2,1,1,1,1,
4,1,1,1,1,0,1,1,1,1,1,1,1,1,1,0,1,1,1,1,1,
4,1,1,1,1,0,1,1,1,1,1,1,1,1,1,0,1,1,1,1,1,
4,1,1,0,1,0,1,1,1,1,0,1,1,1,1,0,1,1,1,1,1,
4,1,1,1,1,0,1,1,1,1,1,1,1,1,1,0,1,1,1,1,1,
5,2,1,1,1,0,1,1,1,2,1,1,1,1,1,0,1,1,1,1,1,
4,1,1,1,1,0,1,1,1,2,1,1,1,1,1,0,1,1,1,1,1,
4,2,1,1,1,0,1,1,1,2,1,1,1,1,1,1,1,1,1,1,1,
4,2,2,1,1,0,1,1,1,2,1,1,1,1,2,1,2,2,2,1,1,
4,2,1,1,1,0,1,1,1,2,1,1,1,1,1,1,1,1,1,1,1,
4,1,0,0,0,0,0,0,0,1,0,0,0,0,0,0,1,1,1,0,0,
4,2,1,1,1,0,1,1,1,2,1,1,1,1,1,1,2,2,2,1,1,
4,1,1,0,0,0,0,0,0,1,0,0,0,0,1,0,1,1,1,0,0,
4,1,1,0,0,0,0,0,0,1,0,0,0,0,1,0,1,1,1,0,0,
4,1,1,0,1,0,0,0,1,1,0,1,0,0,1,0,1,1,1,0,0,
4,1,1,0,1,0,0,0,1,1,0,1,0,0,1,0,1,1,1,0,0,
4,1,1,0,1,0,0,0,1,1,0,1,0,0,1,0,1,1,1,1,0,
4,1,1,0,1,0,0,0,1,1,0,1,0,0,1,0,1,1,1,1,0,
6,1,1,0,3,0,0,0,1,1,0,3,0,0,1,0,1,1,1,3,0,
4,1,1,0,1,0,0,0,1,1,0,1,0,0,1,0,1,1,1,1,1,
4,1,1,0,1,0,1,1,1,1,1,1,1,1,1,0,1,1,1,1,1,
4,1,1,0,1,0,1,1,1,1,0,1,1,1,1,0,1,1,1,1,1,
4,1,1,0,1,0,1,1,1,1,0,1,1,1,1,0,1,1,1,1,1,
4,1,1,0,1,0,1,1,1,1,0,1,1,1,1,0,1,1,1,1,1,
4,1,1,1,1,0,1,1,1,1,1,1,1,1,1,0,1,1,1,1,1,
4,1,1,1,1,0,1,1,1,1,1,1,1,1,1,0,1,1,1,1,1,
4,1,1,1,1,0,1,1,1,1,1,1,1,1,1,0,1,1,1,1,1,
4,1,1,1,1,0,1,1,1,1,1,1,1,1,1,0,1,1,1,1,1,
4,1,1,1,1,0,1,1,1,1,1,1,1,1,1,0,1,2,1,1,1,
4,1,1,1,1,0,1,1,1,2,1,1,1,1,1,0,1,1,1,1,1,
4,2,1,1,1,0,1,1,1,2,1,1,1,1,1,1,1,2,2,1,1,
4,2,2,1,1,0,1,1,1,2,1,1,1,1,1,1,2,2,1,1,1,
4,1,1,1,1,0,1,1,1,1,1,1,1,1,1,1,1,1,1,1,1,
4,1,1,0,0,0,0,0,0,1,0,1,0,0,1,0,1,1,1,0,0,
4,1,1,0,0,0,0,0,0,1,0,1,0,0,1,0,1,1,1,0,0,
4,1,1,0,1,0,0,0,1,1,0,1,0,0,1,0,1,1,1,1,1,
4,1,1,0,1,0,0,0,1,1,0,1,0,0,1,0,1,1,1,1,1,
4,1,1,0,1,0,0,0,1,1,0,1,0,0,1,0,1,1,1,1,1,
4,1,1,0,1,0,0,0,1,1,0,1,0,0,1,0,1,1,1,1,1,
6,1,1,1,3,0,1,1,1,1,1,3,1,1,1,0,1,1,1,3,1,
4,1,1,1,1,0,1,1,1,1,1,1,1,1,1,0,1,1,1,1,1,
4,1,1,1,1,0,1,1,1,1,1,1,1,1,1,0,1,1,1,1,1,
4,1,1,1,1,0,1,1,1,1,1,1,1,1,1,0,1,1,1,1,1,
4,1,1,1,1,0,1,1,1,1,1,1,1,1,1,0,1,1,1,1,1,
4,1,1,1,1,0,1,1,1,1,1,1,1,1,1,0,1,1,1,1,1,
3,1,1,1,1,0,1,1,1,1,1,1,1,1,1,0,1,1,1,1,1,
4,1,1,1,1,0,1,1,1,1,1,1,1,1,1,0,1,1,1,1,1,
4,2,1,1,1,0,1,1,1,2,1,1,1,1,1,0,1,1,1,1,1,
4,2,1,1,1,0,1,1,1,2,1,1,1,1,1,0,1,1,1,1,1,
4,2,1,1,1,0,1,1,1,2,1,1,1,1,1,1,2,2,2,1,1,
4,2,1,1,1,0,1,1,1,2,1,1,1,1,1,1,1,1,2,1,1,
4,2,2,1,1,0,1,1,1,2,1,1,1,1,1,1,2,2,2,1,1,
4,1,1,0,0,0,0,0,0,1,0,0,0,0,1,0,1,1,1,0,0,
4,1,1,0,0,0,0,0,0,1,0,0,0,0,1,0,1,1,1,0,0,
5,0,1,0,1,0,1,0,0,1,0,1,1,1,0,0,0,1,1,0,1,
4,1,1,0,1,0,1,0,1,1,0,1,0,0,1,0,1,1,1,0,0,
4,1,1,0,1,0,1,0,1,1,0,1,0,0,1,0,1,1,1,0,0,
6,1,1,0,1,0,0,0,1,1,0,1,0,0,1,0,1,1,1,0,0,
4,1,1,0,1,0,0,0,1,1,0,1,0,0,1,0,1,1,1,1,1,
4,1,1,1,1,0,1,1,1,1,1,1,1,1,1,0,1,1,1,1,1,
6,1,1,0,2,0,1,0,1,2,0,2,0,1,1,0,1,1,1,2,1,
4,1,1,1,1,0,1,1,1,1,0,1,1,1,1,0,1,1,1,1,1,
4,1,1,1,1,0,1,1,1,1,1,1,1,1,1,0,1,1,1,1,1,
4,1,1,1,1,0,1,1,1,1,1,1,1,1,1,0,1,1,1,1,1,
4,1,1,1,1,0,1,1,1,1,1,1,1,1,1,0,1,1,1,1,1,
5,1,1,1,1,0,1,1,1,1,1,1,1,1,1,0,1,1,1,1,1,
4,1,1,1,1,0,1,1,1,1,1,1,1,1,1,0,1,1,1,1,1,
4,1,1,0,1,0,0,0,0,1,0,1,0,0,0,0,1,1,1,0,0,
4,2,2,1,1,0,1,1,1,2,1,2,1,1,1,0,1,2,2,1,1,
4,2,1,1,1,0,1,1,1,2,1,1,1,1,1,0,1,1,2,1,1,
4,2,1,1,1,0,1,1,1,2,1,1,1,1,1,1,2,2,2,1,1,
4,2,2,1,1,0,1,1,1,2,1,1,1,1,1,1,2,2,2,1,1,
4,2,1,1,1,0,1,1,1,2,1,1,1,1,1,1,2,2,2,1,1,
4,1,1,0,0,0,0,0,0,1,0,0,0,0,1,0,1,1,1,0,0,
4,1,1,0,1,0,0,0,1,1,0,1,0,0,1,0,1,1,1,0,0,
4,1,1,0,1,0,1,0,1,1,0,1,0,0,1,0,1,1,1,0,0,
4,1,1,0,1,0,0,0,1,1,0,1,0,0,1,0,1,1,1,0,0,
4,1,1,0,1,0,1,0,1,1,0,1,1,1,1,0,1,1,1,1,1,
6,1,1,0,1,0,1,1,1,1,0,1,0,1,1,0,1,1,1,1,1,
4,1,1,1,1,0,1,1,1,1,1,1,1,1,1,0,1,1,1,1,1,
4,1,1,1,1,0,1,1,1,1,1,1,1,1,1,0,1,1,1,1,1,
5,1,1,1,2,0,1,1,1,1,1,2,1,1,1,0,1,1,1,2,1,
4,1,1,1,1,0,1,1,1,1,1,1,1,1,1,0,1,1,1,1,1,
4,1,1,1,1,0,1,1,1,1,1,1,1,1,1,0,1,1,1,1,1,
4,1,1,1,1,0,1,1,1,1,1,1,1,1,1,0,1,1,1,1,1,
3,1,1,1,1,0,1,1,1,1,1,1,1,1,1,0,1,1,1,1,1,
3,1,1,1,1,0,1,1,1,1,1,1,1,1,1,0,1,1,1,1,1,
3,1,1,1,1,0,1,1,1,1,1,1,1,1,1,0,1,1,1,1,1,
4,2,1,1,1,0,1,1,1,2,1,1,1,1,1,0,1,1,1,1,1,
6,1,1,0,1,0,1,0,1,1,0,1,0,0,1,0,1,1,1,0,1,
4,2,1,1,1,0,1,1,1,2,1,1,1,1,2,1,2,2,1,1,1,
5,2,3,2,2,0,1,1,1,2,2,2,1,1,2,1,2,3,1,2,2,
4,1,1,0,0,0,0,0,0,1,0,0,0,0,0,0,1,1,1,0,0,
4,1,1,0,0,0,0,0,0,1,0,0,0,0,1,0,1,1,1,0,0,
4,1,1,0,0,0,0,0,0,1,0,0,0,0,1,0,1,1,1,0,0,
4,1,1,0,1,0,0,0,1,1,0,1,0,0,1,0,1,1,1,0,0,
4,1,1,0,1,0,0,0,1,1,0,1,0,0,1,0,1,1,1,0,0,
4,1,1,1,1,0,1,1,1,1,1,1,1,1,1,0,1,1,1,1,1,
4,1,1,1,1,0,1,1,1,1,1,1,1,1,1,0,1,1,1,1,1,
7,1,1,1,1,0,1,1,1,1,1,1,1,1,1,0,1,1,1,1,1,
4,1,1,1,1,0,1,1,1,1,1,1,1,1,1,0,1,1,1,1,1,
4,1,1,1,1,0,1,1,1,1,1,1,1,1,1,0,1,1,1,1,1,
6,1,1,1,3,0,1,1,1,1,1,3,1,1,1,0,1,1,1,3,1,
4,1,1,0,1,0,0,0,1,1,0,1,0,0,1,0,1,1,1,0,0,
4,1,1,1,1,0,1,1,1,1,1,1,1,1,1,0,1,1,1,1,1,
4,1,1,0,1,0,1,0,1,1,0,1,0,1,1,0,1,1,1,1,1,
4,1,1,1,1,0,1,1,1,2,1,1,1,1,1,0,1,1,1,1,1,
4,2,1,1,1,0,1,1,1,2,1,1,1,1,1,0,1,1,1,1,1,
4,2,1,1,1,0,1,1,1,2,1,1,1,1,1,1,1,2,1,1,1,
4,2,1,1,1,0,1,1,1,2,1,1,1,1,1,1,1,2,1,1,1,
5,1,1,0,1,0,0,0,0,1,0,1,0,0,1,0,1,1,1,0,0,
4,2,2,1,1,0,1,1,1,2,1,1,1,1,1,1,2,2,2,1,1,
4,1,1,0,0,0,0,0,0,1,0,0,0,0,1,0,1,1,1,0,0,
4,1,1,0,1,0,0,0,1,1,0,1,0,0,1,0,1,1,1,1,1,
4,2,2,1,2,0,1,1,1,2,1,2,1,1,2,1,2,2,2,1,1,
4,1,1,0,1,0,0,0,1,1,0,1,0,0,1,0,1,1,1,0,0,
4,1,1,0,1,0,0,0,1,1,0,1,0,0,1,0,1,1,1,0,1,
4,1,1,0,1,0,0,0,1,1,0,1,0,0,1,0,1,1,1,1,1,
5,1,1,0,1,0,1,0,1,1,0,1,0,0,1,2,1,1,1,1,1,
4,1,1,0,1,0,1,1,1,1,0,1,1,1,1,0,1,1,1,1,1,
4,1,1,1,1,0,1,1,1,1,1,1,1,1,1,0,1,1,1,1,1,
4,1,1,1,1,0,1,1,1,1,1,1,1,1,1,0,1,1,1,1,1,
4,1,1,1,1,0,1,1,1,1,1,1,1,1,1,0,1,1,1,1,1,
7,1,1,1,4,0,1,1,1,1,1,4,1,1,1,0,1,1,1,4,1,
4,1,1,1,1,0,1,1,1,1,1,1,1,1,1,0,1,1,1,1,1,
4,1,1,1,1,0,1,1,1,1,1,1,1,1,1,0,1,1,1,1,1,
4,1,1,1,1,0,1,1,1,1,1,1,1,1,1,0,1,1,1,1,1,
4,2,1,1,1,0,1,1,1,2,1,1,1,1,1,0,1,1,1,1,1,
4,2,1,1,1,0,1,1,1,2,1,1,1,1,1,1,1,1,1,1,1,
4,2,1,1,1,0,1,1,1,2,1,1,1,1,1,1,2,2,2,1,1,
4,2,2,1,1,0,1,1,1,2,1,1,1,1,1,1,2,2,2,1,1,
5,2,2,1,1,0,1,1,1,2,1,1,1,1,2,1,2,2,2,1,1,
4,1,1,0,1,0,0,0,1,1,0,1,0,0,1,0,1,1,1,0,0,
4,2,2,1,2,0,1,1,2,2,1,2,1,1,2,1,2,2,2,1,1,
4,1,1,0,1,0,1,0,1,1,0,1,0,0,1,0,1,1,1,0,1,
4,1,1,0,1,0,1,0,1,1,0,1,0,1,1,0,1,1,1,0,1,
4,1,1,0,1,0,0,0,1,1,0,1,0,0,1,0,1,1,1,1,1,
4,1,1,0,1,0,1,1,1,1,0,1,0,1,1,0,1,1,1,1,1,
4,1,1,0,1,0,1,1,1,1,1,1,1,1,1,0,1,1,1,1,1,
4,1,1,1,1,0,1,1,1,1,1,1,1,1,1,0,1,1,1,1,1,
5,1,1,1,1,0,1,1,1,1,1,1,1,1,1,0,1,1,1,1,1,
4,1,1,1,1,0,1,1,1,1,1,1,1,1,1,0,1,1,1,1,1,
5,2,1,1,1,0,1,1,1,2,1,1,1,1,1,0,1,1,2,1,1,
4,1,1,1,1,0,1,1,1,1,1,1,1,1,1,0,1,1,1,1,1,
4,1,1,1,1,0,1,1,1,1,1,1,1,1,1,0,1,1,1,1,1,
4,1,1,1,1,0,1,1,1,1,1,1,1,1,1,0,1,1,1,1,1,
4,1,1,1,1,0,1,1,1,2,1,1,1,1,1,1,1,1,1,1,1,
4,2,1,1,1,0,1,1,1,2,1,1,1,1,1,1,1,2,1,1,1,
4,1,1,0,0,0,0,0,0,1,0,0,0,0,1,0,1,1,1,0,0,
4,1,1,0,1,0,0,0,0,1,0,0,0,0,1,0,1,1,1,0,0,
4,1,1,0,1,0,0,0,0,1,0,1,0,0,1,0,1,1,1,0,0,
4,1,1,0,0,0,0,0,0,1,0,1,0,0,1,0,1,1,1,0,0,
5,1,1,0,1,0,0,0,1,1,0,1,0,0,1,0,1,1,1,0,0,
4,1,1,0,1,0,0,0,0,1,0,1,0,0,1,0,1,1,1,0,0,
4,1,1,0,1,0,0,0,1,1,0,1,0,0,1,0,1,1,1,0,1,
4,1,1,0,1,0,1,0,1,1,0,1,0,0,1,0,1,1,1,1,1,
4,1,1,1,1,0,1,1,1,1,1,1,1,1,1,0,1,1,1,1,1,
4,1,1,1,1,0,1,1,1,1,1,1,1,1,1,0,1,1,1,1,1,
4,1,1,1,1,0,1,1,1,1,1,1,1,1,1,0,1,1,1,1,1,
4,1,1,1,1,0,1,1,1,1,1,1,1,1,1,0,1,1,1,1,1,
5,1,1,0,1,0,1,0,1,1,0,1,0,0,1,0,1,1,1,1,1,
4,1,1,1,1,0,1,1,1,1,1,1,1,1,1,0,1,1,1,1,1,
4,1,1,0,1,0,0,0,0,1,0,1,0,0,1,0,1,1,1,0,0,
4,1,1,1,1,0,1,1,1,1,1,1,1,1,1,0,1,1,1,1,1,
4,1,1,1,1,0,1,1,1,2,1,1,1,1,1,0,1,1,1,1,1,
4,2,1,1,1,0,1,1,1,2,1,1,1,1,1,1,1,2,1,1,1,
4,2,2,1,1,0,1,1,1,2,1,1,1,1,2,1,2,2,1,1,1,
4,2,2,1,1,0,1,1,1,2,1,1,1,1,1,1,2,2,2,1,1,
4,2,2,1,1,0,1,1,1,2,1,1,1,1,2,1,2,2,2,1,1,
4,2,2,1,1,0,1,1,1,2,1,1,1,1,2,1,2,2,2,1,1,
4,1,1,0,1,0,0,0,1,1,0,1,0,0,1,0,1,1,1,0,0,
4,1,1,0,1,0,0,0,1,1,0,1,0,0,1,0,1,1,1,0,0,
6,3,1,0,1,0,1,0,1,3,0,1,0,0,1,0,1,1,3,0,1,
4,1,1,0,1,0,1,0,1,1,0,1,0,0,1,0,1,1,1,1,1,
5,1,1,0,1,0,1,1,1,1,0,1,1,1,1,0,1,1,1,1,1,
4,1,1,0,1,0,1,0,1,1,0,1,1,1,1,0,1,1,1,1,1,
4,1,1,1,1,0,1,1,1,1,1,1,1,1,1,0,1,1,1,1,1,
4,1,1,1,1,0,1,1,1,1,1,1,1,1,1,0,1,1,1,1,1,
6,1,1,1,1,0,1,1,2,1,1,1,1,1,3,0,3,1,1,1,1,
4,1,1,1,1,0,1,1,1,1,1,1,1,1,1,0,1,1,1,1,1,
4,1,1,1,1,0,1,1,1,1,1,1,1,1,1,0,1,1,1,1,1,
6,1,1,1,1,0,1,1,1,1,1,1,1,1,1,3,1,1,1,1,1,
5,1,1,1,1,0,1,1,1,1,1,1,1,1,1,0,1,1,1,1,1,
47,1,1,1,44,0,1,1,1,1,1,45,1,1,1,0,1,1,1,44,1,
51,44,1,1,1,0,1,1,49,44,1,1,1,1,49,1,49,2,43,1,1,
4,2,1,1,2,0,1,1,1,2,1,1,1,1,1,1,1,2,2,1,1,
4,2,1,1,1,0,1,1,1,2,1,1,1,1,2,1,2,2,2,1,1,
4,2,2,1,1,0,1,1,1,2,1,1,1,1,1,1,2,2,2,1,1,
4,2,2,1,1,0,1,1,1,2,1,1,1,1,2,1,2,2,2,1,1,
4,2,2,1,1,0,1,1,1,2,1,1,1,1,2,1,2,2,2,1,1,
4,2,2,1,2,0,1,1,1,2,1,2,1,1,2,1,2,2,2,1,1,
4,1,1,0,1,0,0,0,0,1,0,1,0,0,1,0,1,1,1,0,0,
5,1,1,0,1,0,0,0,1,1,0,1,0,0,1,0,1,1,1,0,0,
4,1,1,0,1,0,0,0,1,1,0,1,0,0,1,0,1,1,1,1,1,
4,1,1,0,1,0,1,0,1,1,0,1,0,0,1,0,1,1,1,1,1,
4,1,1,0,1,0,1,1,1,1,0,1,0,1,1,0,1,1,1,1,1,
5,1,1,1,1,0,1,1,1,1,1,1,1,1,1,0,1,2,1,1,1,
4,1,1,1,1,0,1,1,1,1,1,1,1,1,1,0,1,1,1,1,1,
4,1,1,1,1,0,1,1,1,1,1,1,1,1,1,0,1,1,1,1,1,
7,1,2,1,2,0,1,1,4,1,2,2,1,1,4,0,4,2,1,2,2,
5,1,1,1,1,0,1,1,1,1,1,1,1,1,1,0,1,1,1,1,1,
6,3,1,1,1,0,1,1,1,3,1,1,1,1,1,0,1,1,3,1,1,
7,3,0,0,0,2,3,3,3,3,0,0,3,3,3,2,3,0,3,0,0,
4,2,1,1,1,0,1,1,1,2,1,1,1,1,1,0,1,1,1,1,1,
4,2,1,1,1,0,1,1,1,2,1,1,1,1,1,0,1,1,1,1,1,
4,2,1,1,1,0,1,1,1,2,1,1,1,1,1,1,1,2,1,1,1,
4,2,1,1,1,0,1,1,1,2,1,1,1,1,2,1,2,2,1,1,1,
4,2,2,1,1,0,1,1,1,2,1,1,1,1,2,1,2,2,1,1,1,
4,1,1,0,0,0,0,0,0,1,0,0,0,0,1,0,1,1,1,0,0,
5,2,3,2,2,0,1,1,1,2,2,2,1,1,2,1,2,3,2,2,2,
4,2,2,1,2,0,1,1,2,2,1,2,1,1,2,1,2,2,2,1,1,
4,1,1,0,1,0,0,0,1,1,0,1,0,0,1,0,1,1,1,0,1,
4,1,1,0,1,0,1,0,1,1,0,1,0,0,1,0,1,1,1,0,1,
4,1,1,0,1,0,1,0,1,1,0,1,0,0,1,0,1,1,1,1,1,
4,1,1,0,1,0,1,0,1,1,0,1,0,0,1,0,1,1,1,0,1,
4,1,1,0,1,0,1,1,1,1,0,1,0,1,1,0,1,1,1,1,1,
4,1,1,1,1,0,1,1,1,1,1,1,1,1,1,0,1,1,1,1,1,
4,1,1,1,1,0,1,1,1,1,1,1,1,1,1,0,1,1,1,1,1,
4,1,1,1,1,0,1,1,1,1,1,1,1,1,1,0,1,1,1,1,1,
4,1,1,1,1,0,1,1,1,1,1,1,1,1,1,0,1,1,1,1,1,
7,1,2,1,2,0,1,1,4,1,1,2,1,1,4,0,4,2,1,1,1,
4,1,1,1,1,0,1,1,1,1,1,1,1,1,1,0,1,1,1,1,1,
4,2,1,1,1,0,1,1,1,2,1,1,1,1,1,0,1,1,1,1,1,
6,3,0,0,0,2,3,3,3,3,0,0,3,3,3,2,3,0,3,0,0,
4,2,1,1,1,0,1,1,1,2,1,1,1,1,1,1,1,1,1,1,1,
4,2,1,1,1,0,1,1,1,2,1,1,1,1,1,1,1,1,1,1,1,
5,2,1,0,0,0,0,2,2,2,0,1,0,2,2,0,2,1,2,0,0,
5,1,1,1,1,0,1,1,1,1,1,1,1,1,1,0,1,1,1,1,1,
4,1,1,0,0,0,0,0,0,1,0,0,0,0,1,0,1,1,1,0,0,
4,1,1,0,1,0,0,0,0,1,0,1,0,0,1,0,1,1,1,0,0,
4,1,1,0,1,0,0,0,1,1,0,1,0,0,1,0,1,1,1,0,1,
4,1,1,0,1,0,0,0,1,1,0,1,0,0,1,0,1,1,1,0,0,
4,1,1,0,1,0,0,0,1,1,0,1,0,0,1,0,1,1,1,0,1,
4,1,1,0,1,0,1,0,1,1,0,1,0,0,1,0,1,1,1,0,1,
4,1,1,0,1,0,1,0,1,1,0,1,0,1,1,0,1,1,1,1,1,
4,1,1,0,1,0,1,1,1,1,0,1,0,1,1,0,1,1,1,1,1,
4,1,1,0,1,0,1,1,1,1,1,1,1,1,1,0,1,1,1,1,1,
4,1,1,1,1,0,1,1,1,1,1,1,1,1,1,0,1,1,1,1,1,
5,1,1,1,1,0,1,1,1,1,1,1,1,1,1,0,1,1,1,1,1,
41,1,1,1,1,0,38,1,1,1,1,1,38,1,1,0,1,2,1,1,1,
5,1,1,0,0,0,0,0,0,1,0,0,0,0,1,0,1,1,1,0,0,
7,2,2,1,2,0,1,1,4,2,1,2,1,1,4,0,4,2,1,1,1,
4,1,1,1,1,0,1,1,1,2,1,1,1,1,1,0,1,1,1,1,1,
4,1,1,1,1,0,1,1,1,2,1,1,1,1,1,0,1,1,1,1,1,
4,2,1,1,1,0,1,1,1,2,1,1,1,1,1,1,1,1,1,1,1,
4,2,1,1,1,0,1,1,1,2,1,1,1,1,1,1,1,2,1,1,1,
4,2,1,1,1,0,1,1,1,2,1,1,1,1,1,1,1,2,1,1,1,
4,2,1,1,1,0,1,1,1,2,1,1,1,1,1,1,1,2,1,1,1,
5,0,0,0,0,0,0,0,0,0,0,0,0,0,0,0,0,0,0,0,0,
4,2,2,1,1,0,1,1,1,2,1,1,1,1,1,1,2,2,2,1,1,
4,1,1,0,0,0,0,0,0,1,0,0,0,0,1,0,1,1,1,0,0,
4,1,1,0,0,0,0,0,0,1,0,0,0,0,1,0,1,1,1,0,0,
5,1,1,1,1,0,1,1,1,1,1,1,1,1,1,0,1,1,1,1,1,
4,1,1,0,1,0,0,0,1,1,0,1,0,0,1,0,1,1,1,0,0,
4,1,1,0,1,0,0,0,1,1,0,1,0,0,1,0,1,1,1,0,1,
4,1,1,0,1,0,1,0,1,1,0,1,0,1,1,0,1,1,1,1,1,
4,1,1,0,1,0,1,1,1,1,0,1,0,1,1,0,1,1,1,1,1,
4,1,1,0,1,0,1,1,1,1,1,1,1,1,1,0,1,1,1,1,1,
4,1,1,1,1,0,1,1,1,1,1,1,1,1,1,0,1,1,1,1,1,
4,1,1,1,1,0,1,1,1,1,1,1,1,1,1,0,1,1,1,1,1,
5,2,1,1,1,0,1,1,1,2,1,1,1,1,1,0,1,1,2,1,1,
4,1,1,1,1,0,1,1,1,1,1,1,1,1,1,0,1,1,1,1,1,
6,1,3,3,3,0,0,0,0,1,3,3,0,0,0,0,0,3,0,3,3,
4,1,1,1,1,0,1,1,1,2,1,1,1,1,1,0,1,1,1,1,1,
4,2,1,1,1,0,1,1,1,2,1,1,1,1,1,0,1,1,2,1,1,
5,2,1,1,3,0,1,1,1,2,1,2,1,1,1,1,1,2,2,1,1,
4,2,2,1,1,0,1,1,1,2,1,1,1,1,1,1,2,2,2,1,1,
4,2,2,1,1,0,1,1,1,2,1,1,1,1,1,1,2,2,2,1,1,
5,2,2,1,1,0,1,1,1,2,1,1,1,1,2,1,2,2,2,1,1,
4,1,1,0,1,0,0,0,0,1,0,0,0,0,1,0,1,1,1,0,0,
4,2,2,1,1,0,1,1,1,2,1,1,1,1,2,1,2,2,2,1,1,
4,2,2,1,1,0,1,1,1,2,1,2,1,1,2,1,2,2,2,1,1,
4,2,2,1,1,0,1,1,1,2,1,1,1,1,2,1,2,2,2,1,1,
4,2,2,1,2,0,1,1,2,2,1,2,1,1,2,1,2,2,2,1,1,
4,1,1,0,1,0,0,0,1,1,0,1,0,0,1,0,1,1,1,0,0,
4,1,1,0,1,0,0,0,1,1,0,1,0,0,1,0,1,1,1,0,0,
4,1,1,0,1,0,0,0,1,1,0,1,0,0,1,0,1,1,1,1,1,
4,1,1,0,1,0,1,1,1,1,0,1,0,1,1,0,1,1,1,0,1,
4,1,1,0,1,0,1,1,1,1,0,1,0,1,1,0,1,1,1,1,1,
4,1,1,1,1,0,1,1,1,1,1,1,1,1,1,0,1,1,1,1,1,
4,1,1,1,1,0,1,1,1,1,1,1,1,1,1,0,1,1,1,1,1,
4,1,1,1,1,0,1,1,1,1,1,1,1,1,1,0,1,1,1,1,1,
4,1,1,1,1,0,1,1,1,1,1,1,1,1,1,0,1,1,1,1,1,
6,1,1,1,1,0,1,1,1,1,1,1,1,1,1,0,1,1,1,1,1,
5,1,1,1,1,0,1,1,1,1,1,1,1,1,1,0,1,1,1,1,1,
4,1,1,1,1,0,1,1,1,1,1,1,1,1,1,0,1,1,1,1,1,
5,1,1,1,3,0,1,1,1,1,1,3,1,1,1,0,1,1,1,2,1,
4,2,1,1,1,0,1,1,1,2,1,1,1,1,1,0,1,1,1,1,1,
4,2,1,1,1,0,1,1,1,2,1,1,1,1,1,1,1,2,1,1,1,
4,2,1,1,1,0,1,1,1,2,1,1,1,1,1,1,1,2,2,1,1,
4,2,1,1,1,0,1,1,1,2,1,1,1,1,1,1,2,2,2,1,1,
4,2,1,1,1,0,1,1,1,2,1,1,1,1,1,1,2,2,2,1,1,
4,1,1,0,1,0,1,0,1,1,0,1,0,1,1,0,1,1,1,1,1,
4,1,1,0,0,0,0,0,0,1,0,0,0,0,1,0,1,1,1,0,0,
4,2,2,1,2,0,1,1,1,2,1,2,1,1,2,1,2,2,2,1,1,
4,1,1,0,1,0,0,0,1,1,0,1,0,0,1,0,1,1,1,0,0,
4,1,1,0,1,0,0,0,1,1,0,1,0,0,1,0,1,1,1,0,0,
4,1,1,0,1,0,0,0,0,1,0,1,0,0,1,0,1,1,1,0,0,
4,1,1,0,1,0,0,0,1,1,0,1,0,0,1,0,1,1,1,0,0,
4,1,1,0,1,0,1,0,1,1,0,1,0,0,1,0,1,1,1,1,1,
4,1,1,0,1,0,1,1,1,1,0,1,0,1,1,0,1,1,1,1,1,
4,1,1,0,1,0,1,1,1,1,0,1,0,1,1,0,1,1,1,1,1,
4,1,1,0,1,0,1,1,1,1,0,1,0,1,1,0,1,1,1,1,1,
4,1,1,0,1,0,1,1,1,1,0,1,1,1,1,0,1,1,1,1,1,
4,1,1,1,1,0,1,1,1,1,1,1,1,1,1,0,1,1,1,1,1,
4,1,1,1,1,0,1,1,1,1,1,1,1,1,1,0,1,1,1,1,1,
5,1,1,1,1,0,1,1,1,1,1,1,1,1,1,0,1,1,1,1,1,
6,1,1,1,3,0,1,1,1,2,1,2,1,1,1,0,1,1,1,2,1,
5,1,1,1,1,0,1,1,1,2,1,1,1,1,1,0,1,1,1,1,1,
5,1,1,1,2,0,1,1,1,1,1,2,1,1,1,0,1,1,1,2,1,
4,1,1,1,1,0,1,1,1,2,1,1,1,1,1,0,1,1,1,1,1,
4,2,1,1,1,0,1,1,1,2,1,1,1,1,1,0,1,2,1,1,1,
4,2,1,1,1,0,1,1,1,2,1,1,1,1,1,0,1,1,1,1,1,
4,1,1,0,1,0,0,0,1,1,0,1,0,0,1,0,1,1,1,0,0,
4,2,1,1,1,0,1,1,1,2,1,1,1,1,1,1,2,2,2,1,1,
5,1,1,0,0,0,0,0,0,1,0,0,0,0,1,0,1,1,1,0,0,
4,1,1,0,0,0,0,0,0,1,0,0,0,0,1,0,1,1,1,0,0,
4,1,1,0,0,0,0,0,0,1,0,0,0,0,1,0,1,1,1,0,0,
4,1,1,0,0,0,0,0,0,1,0,0,0,0,1,0,1,1,1,0,0,
6,3,1,0,0,0,0,0,0,3,0,0,0,0,1,0,1,1,2,0,0,
4,1,1,0,1,0,0,0,0,1,0,1,0,0,1,0,1,1,1,0,0,
4,1,1,0,1,0,0,0,1,1,0,1,0,0,1,0,1,1,1,0,0,
4,1,1,0,1,0,0,0,1,1,0,1,0,0,1,0,1,1,1,0,0,
5,1,1,1,1,0,1,1,1,1,1,1,1,1,1,0,1,1,1,1,1,
4,1,1,0,1,0,1,0,1,1,0,1,0,1,1,0,1,1,1,0,1,
4,1,1,0,1,0,1,1,1,1,0,1,0,1,1,0,1,1,1,1,1,
4,1,1,0,1,0,1,1,1,1,0,1,1,1,1,0,1,1,1,1,1,
6,1,3,3,3,0,1,1,1,1,3,3,0,1,1,0,1,3,1,3,3,
4,1,1,1,1,0,1,1,1,1,1,1,1,1,1,0,1,1,1,1,1,
4,1,1,1,1,0,1,1,1,1,1,1,1,1,1,0,1,1,1,1,1,
4,1,1,1,1,0,1,1,1,1,1,1,1,1,1,0,1,1,1,1,1,
4,1,1,1,1,0,1,1,1,1,1,1,1,1,1,0,1,1,1,1,1,
4,1,1,1,1,0,1,1,1,1,1,1,1,1,1,0,1,1,1,1,1,
4,1,1,1,1,0,1,1,1,1,1,1,1,1,1,0,1,1,1,1,1,
5,1,1,1,1,0,1,1,1,1,1,1,1,1,1,0,1,1,1,1,1,
5,1,1,1,1,0,1,1,1,2,1,1,1,1,1,0,1,1,1,1,1,
4,1,1,1,1,0,1,1,1,2,1,1,1,1,1,0,1,1,1,1,1,
4,2,1,1,1,0,1,1,1,2,1,1,1,1,1,0,1,1,1,1,1,
4,1,1,0,0,0,0,0,0,1,0,0,0,0,0,0,0,1,0,0,0,
4,2,1,1,1,0,1,1,1,2,1,1,1,1,1,1,1,2,1,1,1,
4,2,2,1,1,0,1,1,1,2,1,1,1,1,1,1,1,2,1,1,1,
4,2,2,1,1,0,1,1,1,2,1,1,1,1,2,1,2,2,2,1,1,
4,2,2,1,1,0,1,1,1,2,1,1,1,1,1,1,2,2,2,1,1,
4,1,1,0,0,0,0,0,0,1,0,0,0,0,1,0,1,1,1,0,0,
4,1,1,1,1,0,1,1,1,1,1,1,1,1,1,0,1,1,1,1,1,
4,1,1,0,0,0,0,0,0,1,0,0,0,0,1,0,1,1,1,0,0,
4,1,1,0,1,0,0,0,0,1,0,0,0,0,1,0,1,1,1,0,0,
4,1,1,0,1,0,0,0,1,1,0,1,0,0,1,0,1,1,1,0,0,
4,1,1,0,1,0,0,0,1,1,0,1,0,0,1,0,1,1,1,0,0,
4,1,1,0,1,0,0,0,1,1,0,1,0,0,1,0,1,1,1,0,0,
4,1,1,0,1,0,1,0,1,1,0,1,0,0,1,0,1,1,1,1,1,
4,1,1,0,1,0,1,0,1,1,0,1,0,0,1,0,1,1,1,1,1,
4,1,1,0,1,0,1,1,1,1,0,1,0,1,1,0,1,1,1,1,1,
4,1,1,0,1,0,1,1,1,1,1,1,1,1,1,0,1,1,1,1,1,
5,1,1,1,1,0,1,1,1,1,1,1,1,1,1,0,1,1,1,1,1,
4,1,1,1,1,0,1,1,1,2,1,1,1,1,1,0,1,1,1,1,1,
5,1,1,0,1,0,1,0,1,1,0,1,0,0,1,0,1,1,1,0,0,
6,1,1,1,1,0,1,1,1,1,1,1,1,1,1,0,1,1,1,1,1,
4,1,1,1,1,0,1,1,1,1,1,1,1,1,1,0,1,1,1,1,1,
5,1,1,1,1,0,1,1,1,1,1,1,1,1,1,0,1,1,1,1,1,
4,1,1,1,1,0,1,1,1,1,1,1,1,1,1,0,1,1,1,1,1,
4,1,1,1,1,0,1,1,1,1,1,1,1,1,1,0,1,1,1,1,1,
3,1,1,1,1,0,1,1,1,1,1,1,1,1,1,0,1,1,1,1,1,
4,1,1,1,1,0,1,1,1,2,1,1,1,1,1,0,1,1,1,1,1,
4,1,1,1,1,0,1,1,1,2,1,1,1,1,1,0,1,2,1,1,1,
5,1,1,0,1,0,1,0,1,1,0,1,0,1,1,0,1,1,1,1,1,
4,2,1,1,1,0,1,1,1,2,1,1,1,1,1,1,1,2,1,1,1,
4,2,1,1,1,0,1,1,1,2,1,1,1,1,1,1,1,2,1,1,1,
5,3,1,1,1,0,1,2,2,3,1,1,1,2,3,1,3,2,3,1,1,
4,2,2,1,1,0,1,1,1,2,1,1,1,1,2,1,2,2,2,1,1,
4,2,2,1,1,0,1,1,1,2,1,1,1,1,2,1,2,2,2,1,1,
4,1,1,0,0,0,0,0,0,1,0,0,0,0,1,0,1,1,1,0,0,
4,1,1,0,0,0,0,0,0,1,0,0,0,0,1,0,1,1,1,0,0,
4,1,1,0,0,0,0,0,1,1,0,1,0,0,1,0,1,1,1,0,0,
4,1,1,0,1,0,0,0,1,1,0,1,0,0,1,0,1,1,1,0,0,
4,1,1,0,1,0,0,0,1,1,0,1,0,0,1,0,1,1,1,0,0,
5,1,1,0,1,0,1,0,1,1,0,1,0,0,1,0,1,1,1,0,1,
7,4,1,0,1,0,1,0,1,4,0,1,0,0,1,0,1,1,1,1,1,
4,1,1,0,1,0,1,1,1,1,0,1,0,1,1,0,1,1,1,1,1,
4,1,1,0,1,0,1,1,1,1,0,1,0,1,1,0,1,1,1,1,1,
4,1,1,1,1,0,1,1,1,1,1,1,1,1,1,0,1,1,1,1,1,
4,1,1,1,1,0,1,1,1,1,1,1,1,1,1,0,1,1,1,1,1,
4,1,1,1,1,0,1,1,1,1,1,1,1,1,1,0,1,1,1,1,1,
5,1,1,1,1,0,1,1,1,1,1,1,1,1,2,0,2,1,1,1,1,
4,1,1,1,1,0,1,1,1,1,1,1,1,1,1,0,1,1,1,1,1,
5,1,1,1,1,0,1,1,1,1,1,1,1,1,1,0,1,1,1,1,1,
6,1,3,2,3,0,1,1,1,1,3,3,1,1,1,3,1,3,1,3,3,
3,1,1,1,1,0,1,1,1,1,1,1,1,1,1,0,1,1,1,1,1,
4,1,1,1,1,0,1,1,1,1,1,1,1,1,1,0,1,1,1,1,1,
6,4,1,1,1,0,1,4,4,4,1,1,1,4,4,0,4,1,4,1,1,
6,2,1,1,1,0,1,1,1,2,1,1,1,1,2,1,2,2,2,1,1,
4,2,1,1,1,0,1,1,1,2,1,1,1,1,1,0,1,2,1,1,1,
4,2,1,1,1,0,1,1,1,2,1,1,1,1,1,1,1,2,1,1,1,
4,2,1,1,1,0,1,1,1,2,1,1,1,1,1,1,1,2,1,1,1,
34,2,2,1,2,0,1,1,2,2,1,1,1,1,32,30,2,2,2,1,1,
37,1,1,0,1,0,1,1,1,1,1,1,1,1,1,0,2,34,1,1,1,
35,32,33,1,1,0,1,1,1,2,1,1,1,1,2,1,2,2,2,1,1,
34,2,1,0,0,0,0,0,0,31,0,0,0,0,1,0,1,1,1,0,0,
5,3,1,1,1,0,1,1,1,2,1,1,1,1,1,0,1,1,2,1,1,
4,1,1,0,1,0,0,0,1,1,0,1,0,0,1,0,1,1,1,0,0,
32,1,1,0,29,0,0,0,1,1,0,1,0,0,1,0,1,1,1,0,0,
4,1,1,0,1,0,0,0,1,1,0,1,0,0,1,0,1,1,1,1,0,
4,1,1,0,1,0,1,1,1,1,0,1,0,1,1,0,1,1,1,1,0,
4,1,1,0,1,0,0,1,1,1,0,1,0,1,1,0,1,1,1,0,0,
7,1,1,1,1,0,1,1,3,1,1,1,0,1,4,0,4,1,1,1,1,
4,1,1,0,1,0,1,1,1,1,0,1,0,1,1,0,1,1,1,1,1,
4,1,1,0,1,0,1,1,1,1,0,1,1,1,1,0,1,1,1,1,1,
4,1,1,1,1,0,1,1,1,1,1,1,1,1,1,0,1,1,1,1,1,
4,1,1,1,1,0,1,1,1,1,1,1,1,1,1,0,1,1,1,1,1,
4,1,1,1,1,0,1,1,1,1,1,1,1,1,1,0,1,1,1,1,1,
5,1,1,1,1,0,1,1,1,1,1,1,1,1,1,0,1,1,1,1,1,
7,0,0,0,0,0,1,0,0,0,0,0,0,0,0,0,0,0,0,0,0,
4,1,1,1,1,0,1,1,1,1,1,1,1,1,1,0,1,1,1,1,1,
4,1,1,1,1,0,1,1,1,1,1,1,1,1,1,0,1,1,1,1,1,
4,1,1,1,1,0,1,1,1,1,1,1,1,1,1,0,1,1,1,1,1,
6,1,1,0,0,0,0,0,0,1,0,0,0,0,1,0,1,1,1,0,0,
4,1,1,1,1,0,1,1,1,2,1,1,1,1,1,0,1,1,1,1,1,
31,29,29,1,29,0,29,29,29,29,1,29,29,29,29,0,29,29,29,29,29,
33,2,2,1,1,0,1,1,1,2,1,1,1,1,1,0,31,2,1,1,1,
4,2,1,1,1,0,1,1,2,2,1,1,1,1,2,0,2,1,1,1,1,
4,2,1,1,1,0,1,1,1,2,1,1,1,1,1,1,1,2,2,1,1,
4,2,1,1,1,0,1,1,1,2,1,1,1,1,2,1,2,2,2,1,1,
4,1,1,1,1,0,1,1,1,1,1,1,1,1,1,0,1,1,1,1,1,
4,1,1,0,1,0,1,0,1,1,0,1,0,1,1,0,1,1,1,0,0,
4,1,1,0,1,0,0,0,1,1,0,1,0,0,1,0,1,1,1,1,1,
6,2,2,1,2,0,2,1,2,2,4,2,1,2,2,1,2,2,2,2,1,
4,1,1,0,1,0,1,1,1,1,0,1,0,1,1,0,1,1,1,1,0,
4,1,1,0,1,0,1,1,1,1,0,1,0,1,1,0,1,1,1,1,0,
4,1,1,0,1,0,1,1,1,1,0,1,0,1,1,0,1,1,1,1,0,
4,1,1,0,1,0,1,1,1,1,0,1,0,1,1,0,1,1,1,1,0,
4,1,1,0,1,0,1,1,1,1,0,1,0,1,1,0,1,1,1,1,1,
4,1,1,0,1,0,1,1,1,1,0,1,0,1,1,0,1,1,1,1,1,
4,1,1,1,1,0,1,1,1,1,1,1,1,1,1,0,1,1,1,1,1,
4,1,1,1,1,0,1,1,1,1,1,1,1,1,1,0,1,1,1,1,1,
4,1,1,1,1,0,1,1,1,1,1,1,1,1,1,0,1,1,1,1,1,
4,1,1,1,1,0,1,1,1,1,1,1,1,1,1,0,1,1,1,1,1,
5,1,1,1,1,0,1,1,1,1,1,1,1,1,1,0,1,1,1,1,1,
4,1,1,1,1,0,1,1,1,1,1,1,1,1,1,0,1,1,1,1,1,
4,1,1,1,1,0,1,1,1,1,1,1,1,1,1,0,1,1,1,1,1,
3,1,1,1,1,0,1,1,1,1,1,1,1,1,1,0,1,1,1,1,1,
4,1,1,1,1,0,1,1,1,1,1,1,1,1,1,0,1,1,1,1,1,
4,1,1,1,1,0,2,1,1,1,1,1,2,1,1,0,1,1,1,1,1,
3,1,1,1,1,0,1,1,1,1,1,1,1,1,1,0,1,1,1,1,1,
4,2,1,1,1,0,1,1,1,2,1,1,1,1,1,0,1,1,1,1,1,
4,2,2,1,2,0,1,1,2,2,1,2,1,1,2,1,2,2,2,1,1,
4,2,1,1,1,0,1,1,1,2,1,1,1,1,1,1,1,1,1,1,1,
4,2,1,1,1,0,1,1,1,2,1,1,1,1,1,1,1,2,2,1,1,
4,2,1,1,1,0,1,1,1,2,1,1,1,1,2,1,2,2,2,1,1,
4,2,2,1,1,0,1,1,1,2,1,1,1,1,2,1,2,2,2,1,1,
6,1,1,0,3,0,0,0,1,1,0,3,0,0,1,0,1,1,1,3,0,
4,1,1,0,0,0,0,0,1,1,0,0,0,0,1,0,1,1,1,0,0,
4,1,1,0,1,0,0,0,1,1,0,1,0,0,1,0,1,1,1,1,0,
4,1,1,0,1,0,1,1,1,1,0,1,0,1,1,0,1,1,1,1,0,
4,1,1,0,1,0,1,1,1,1,0,1,1,1,1,0,1,1,1,1,0,
4,1,1,0,1,0,1,1,1,1,0,1,1,1,1,0,1,1,1,1,0,
4,1,1,0,1,0,1,1,1,1,0,1,1,1,1,0,1,1,1,1,0,
4,1,1,0,1,0,1,1,1,1,0,1,1,1,1,0,1,1,1,1,1,
8,1,2,0,1,0,1,1,1,1,0,1,1,1,1,0,1,2,1,1,1,
4,1,1,1,1,0,1,1,1,1,1,1,1,1,1,0,1,1,1,1,1,
5,2,1,1,1,0,1,1,1,2,1,1,1,1,1,0,1,1,1,1,1,
4,1,1,1,1,0,1,1,1,1,1,1,1,1,1,0,1,1,1,1,1,
4,1,1,1,1,0,1,1,1,1,1,1,1,1,1,0,1,1,1,1,1,
6,1,1,1,1,0,1,1,1,1,1,1,1,3,1,0,1,1,1,1,1,
4,1,1,1,1,0,1,1,1,1,1,1,1,1,1,0,1,1,1,1,1,
5,1,1,1,1,0,1,1,1,1,1,1,1,1,1,0,1,1,1,1,1,
4,1,1,1,1,0,1,1,1,1,1,1,1,1,1,0,1,1,1,1,1,
3,1,1,1,1,0,1,1,1,1,1,1,1,1,1,0,1,1,1,1,1,
5,3,3,3,3,0,3,3,3,3,3,3,3,3,3,3,3,3,3,3,3,
4,1,1,1,1,0,1,1,1,1,1,1,1,1,1,0,1,1,1,1,1,
4,2,1,1,1,0,1,1,1,2,1,1,1,1,1,0,1,1,1,1,1,
4,2,1,1,1,0,1,1,1,2,1,1,1,1,1,1,1,1,1,1,1,
4,2,1,1,1,0,1,1,1,2,1,1,1,1,1,1,1,2,2,1,1,
5,3,3,1,1,0,1,1,1,3,1,1,1,1,1,1,3,3,3,1,1,
4,2,2,1,1,0,1,1,1,2,1,1,1,1,1,1,2,2,2,1,1,
4,2,2,1,2,0,1,1,2,2,1,2,1,1,2,1,2,2,2,1,1,
4,1,1,0,1,0,1,1,1,1,0,1,1,1,1,0,1,1,1,1,0,
4,2,2,1,2,0,2,1,2,2,1,2,1,1,2,1,2,2,2,1,1,
4,2,2,1,2,0,2,2,2,2,1,2,1,2,2,1,2,2,2,2,1,
5,2,2,1,2,0,2,2,2,2,1,2,1,2,2,1,2,2,2,2,1,
4,1,1,0,1,0,1,1,1,1,0,1,1,1,1,0,1,1,1,1,0,
4,1,1,0,1,0,1,1,1,1,0,1,0,1,1,0,1,1,1,1,0,
4,1,1,0,1,0,1,1,1,1,0,1,1,1,1,0,1,1,1,1,0,
4,1,1,0,1,0,1,1,1,1,0,1,1,1,1,0,1,1,1,1,1,
4,1,1,0,1,0,1,1,1,1,0,1,1,1,1,0,1,1,1,1,1,
4,1,1,0,1,0,1,1,1,1,1,1,1,1,1,0,1,1,1,1,1,
4,1,1,1,1,0,1,1,1,1,1,1,1,1,1,0,1,1,1,1,1,
5,2,2,1,1,0,1,1,1,2,1,1,1,1,1,1,1,1,1,1,1,
4,1,1,1,1,0,1,1,1,1,1,1,1,1,1,0,1,1,1,1,1,
4,1,1,1,1,0,1,1,1,1,1,1,1,1,1,0,1,1,1,1,1,
5,1,1,1,1,0,1,1,1,1,1,1,1,1,1,0,1,1,1,1,1,
4,1,1,1,1,0,1,1,1,1,1,1,1,1,1,0,1,1,1,1,1,
4,1,1,1,1,0,1,1,1,1,1,1,1,1,1,0,1,1,1,1,1,
3,1,1,1,1,0,1,1,1,1,1,1,1,1,1,0,1,1,1,1,1,
3,1,1,1,1,0,1,1,1,1,1,1,1,1,1,0,1,1,1,1,1,
3,1,1,1,1,0,1,1,1,1,1,1,1,1,1,0,1,1,1,1,1,
3,1,1,1,1,0,1,1,1,1,1,1,1,1,1,0,1,1,1,1,1,
4,1,0,0,0,0,0,0,0,1,0,0,0,0,0,0,0,1,0,0,0,
4,1,1,0,1,0,1,1,1,1,0,1,1,1,1,0,1,1,1,1,0,
4,2,1,1,1,0,1,1,2,2,1,1,1,2,2,1,2,2,2,1,1,
7,2,1,1,1,0,1,1,1,2,1,1,1,1,1,1,1,2,1,1,1,
4,1,1,0,0,0,0,0,0,1,0,0,0,0,0,0,1,1,1,0,0,
4,1,1,0,0,0,0,0,0,1,0,0,0,0,1,0,1,1,1,0,0,
4,2,2,1,2,0,2,1,2,2,1,2,1,2,2,1,2,2,2,2,1,
4,2,2,1,2,0,1,1,1,2,1,1,1,1,2,1,2,2,2,1,1,
4,1,1,0,1,0,1,0,1,1,1,1,1,0,1,0,1,1,1,1,1,
4,1,1,1,1,0,1,1,1,1,1,1,1,1,1,1,1,1,1,1,1,
4,1,1,0,1,0,1,1,1,1,1,1,1,1,1,0,1,1,1,1,0,
4,1,1,0,1,0,1,1,1,1,0,1,1,1,1,0,1,1,1,1,0,
4,1,1,0,1,0,1,1,1,1,0,1,0,1,1,0,1,1,1,1,1,
4,1,1,0,1,0,1,1,1,1,0,1,0,1,1,0,1,1,1,1,1,
4,1,1,1,1,0,1,1,1,1,1,1,1,1,1,0,1,1,1,1,1,
32,1,1,1,1,0,1,1,1,1,1,29,1,1,1,0,1,1,1,1,1,
5,1,1,1,2,0,1,1,1,1,1,1,1,1,1,0,1,1,1,1,1,
4,1,1,1,1,0,1,1,1,1,1,1,1,1,1,0,1,1,1,1,1,
4,1,1,1,1,0,1,1,1,1,1,1,1,1,1,0,1,1,1,1,1,
4,1,1,1,1,0,1,1,1,1,1,1,1,1,1,0,1,1,1,1,1,
4,1,1,1,1,0,1,1,1,1,1,1,1,1,1,0,1,1,1,1,1,
3,1,1,1,1,0,1,1,1,1,1,1,1,1,1,0,1,1,1,1,1,
35,1,1,0,1,0,1,1,1,1,31,1,0,1,1,0,1,1,1,1,1,
4,1,2,1,1,0,1,1,1,1,1,1,1,1,1,0,1,2,1,1,1,
6,1,1,1,1,0,1,1,1,1,1,1,1,1,1,0,1,1,1,1,1,
4,2,1,1,1,0,1,1,1,2,1,1,1,1,1,0,1,1,1,1,1,
4,2,1,1,1,0,1,1,1,2,1,1,1,1,1,1,1,2,2,1,1,
4,2,1,1,1,0,1,1,1,2,1,1,1,1,1,1,2,2,2,1,1,
4,2,1,1,1,0,1,1,1,2,1,1,1,1,1,1,1,2,2,1,1,
4,1,1,0,0,0,0,0,0,1,0,0,0,0,1,0,1,1,1,0,0,
4,2,2,1,1,0,1,1,1,2,1,1,1,1,2,1,2,2,2,1,1,
4,1,1,0,1,0,0,0,1,1,0,0,0,0,1,0,1,1,1,0,0,
4,1,1,0,1,0,0,0,1,1,0,1,0,0,1,0,1,1,1,0,0,
4,1,1,0,1,0,1,1,1,1,0,1,0,1,1,0,1,1,1,1,0,
4,1,1,0,1,0,1,1,1,1,0,1,0,1,1,0,1,1,1,1,0,
5,1,1,1,1,0,1,1,1,1,1,1,1,1,1,0,1,1,1,1,1,
4,1,1,0,1,0,1,1,1,1,0,1,1,1,1,0,1,1,1,1,1,
4,1,1,0,1,0,1,1,1,1,0,1,0,1,1,0,1,1,1,1,1,
4,1,1,1,1,0,1,1,1,1,1,1,1,1,1,0,1,1,1,1,1,
4,1,1,1,1,0,1,1,1,1,1,1,1,1,1,0,1,1,1,1,1,
4,1,1,1,1,0,1,1,1,1,1,1,1,1,1,0,1,1,1,1,1,
4,1,1,1,1,0,1,1,1,1,1,1,1,1,1,0,1,1,1,1,1,
4,1,1,1,1,0,1,1,1,2,1,1,1,1,1,0,1,1,1,1,1,
4,1,1,1,1,0,1,1,1,2,1,1,1,1,1,0,1,1,1,1,1,
4,2,1,1,1,0,1,1,1,2,1,1,1,1,1,1,1,1,1,1,1,
5,1,1,1,1,0,1,1,1,1,1,1,1,1,1,0,1,1,1,1,1,
4,2,1,1,1,0,1,1,1,2,1,1,1,1,1,1,1,2,2,1,1,
4,2,2,1,1,0,1,1,1,2,1,1,1,1,2,1,2,2,2,1,1,
5,2,1,1,1,0,1,1,1,2,1,1,1,1,1,1,1,2,2,1,1,
4,1,1,0,0,0,0,0,0,1,0,0,0,0,0,0,1,1,1,0,0,
4,1,1,0,1,0,0,0,0,1,0,0,0,0,1,0,1,1,1,0,0,
4,1,1,0,1,0,0,0,1,1,0,1,0,1,1,0,1,1,1,1,0,
4,1,1,0,1,0,1,0,1,1,0,1,0,0,1,0,1,1,1,1,0,
4,1,1,0,1,0,1,1,1,1,0,1,0,1,1,0,1,1,1,1,0,
4,1,1,0,1,0,1,1,1,1,0,1,0,1,1,0,1,1,1,1,0,
4,1,1,0,1,0,1,1,1,1,0,1,0,1,1,0,1,1,1,1,0,
4,1,1,1,1,0,1,1,1,1,1,1,1,1,1,0,1,1,1,1,1,
4,1,1,1,1,0,1,1,1,1,1,1,1,1,1,0,1,1,1,1,1,
4,1,1,1,1,0,1,1,1,1,1,1,1,1,1,0,1,1,1,1,1,
4,1,1,1,1,0,1,1,1,1,1,1,1,1,1,0,1,1,1,1,1,
4,1,1,1,1,0,1,1,1,1,1,1,1,1,1,0,1,1,1,1,1,
4,1,1,1,1,0,1,1,1,2,1,1,1,1,1,0,1,1,1,1,1,
4,1,1,1,1,0,1,1,1,2,1,1,1,1,1,0,1,1,1,1,1,
4,1,1,1,1,0,1,1,1,2,1,1,1,1,1,0,1,1,1,1,1,
4,2,1,1,1,0,1,1,1,2,1,1,1,1,1,1,1,1,1,1,1,
4,2,1,1,1,0,1,1,1,2,1,1,1,1,1,1,1,2,2,1,1,
7,2,1,1,1,0,1,1,1,2,1,1,1,1,1,0,1,1,1,1,1,
4,2,1,1,1,0,1,1,1,2,1,1,1,1,1,1,1,2,2,1,1,
4,1,1,0,0,0,0,0,0,1,0,0,0,0,1,0,1,1,1,0,0,
4,2,2,1,1,0,1,1,1,2,1,1,1,1,1,1,2,2,2,1,1,
4,1,1,0,1,0,0,0,0,1,0,0,0,0,1,0,1,1,1,0,0,
4,1,1,0,1,0,0,0,0,1,0,0,0,0,1,0,1,1,1,0,0,
4,1,1,0,1,0,0,0,1,1,0,1,0,0,1,0,1,1,1,1,0,
4,1,1,0,1,0,1,0,1,1,0,1,0,0,1,0,1,1,1,1,0,
4,1,1,0,1,0,1,0,1,1,0,1,0,1,1,0,1,1,1,1,0,
4,1,1,0,1,0,1,0,1,1,0,1,0,0,1,0,1,1,1,1,1,
4,1,1,1,1,0,1,1,1,1,1,1,1,1,1,0,1,1,1,1,1,
4,1,1,1,1,0,1,1,1,1,1,1,1,1,1,0,1,1,1,1,1,
4,1,1,1,1,0,1,1,1,1,1,1,1,1,1,0,1,1,1,1,1,
4,1,1,1,1,0,1,1,1,1,1,1,1,1,1,0,1,1,1,1,1,
4,1,1,1,1,0,1,1,1,1,1,1,1,1,1,0,1,1,1,1,1,
4,2,1,1,1,0,1,1,1,2,1,1,1,1,1,1,1,1,1,1,1,
3,1,1,1,1,0,1,1,1,1,1,1,1,1,1,0,1,1,1,1,1,
4,1,1,1,1,0,1,1,1,2,1,1,1,1,1,0,1,1,1,1,1,
4,2,1,1,1,0,1,1,1,2,1,1,1,1,1,0,1,1,1,1,1,
4,2,1,1,1,0,1,1,1,2,1,1,1,1,1,0,1,1,1,1,1,
4,2,1,1,1,0,1,1,1,2,1,1,1,1,1,1,1,1,1,1,1,
4,2,1,1,1,0,1,1,1,2,1,1,1,1,1,1,1,2,2,1,1,
4,2,2,1,1,0,1,1,1,2,1,1,1,1,1,1,1,2,2,1,1,
4,1,1,0,0,0,0,0,0,1,0,0,0,0,1,0,1,1,1,0,0,
4,1,1,0,1,0,0,0,0,1,0,0,0,0,1,0,1,1,1,0,0,
5,1,1,0,1,0,1,0,1,1,0,1,0,0,1,0,1,1,1,1,0,
4,1,1,0,1,0,1,1,1,1,0,1,1,1,1,0,1,1,1,1,1,
4,1,1,0,1,0,1,1,1,1,0,1,0,1,1,0,1,1,1,1,0,
4,1,1,0,1,0,1,1,1,1,0,1,0,1,1,0,1,1,1,1,1,
4,1,1,0,1,0,1,1,1,1,0,1,1,1,1,0,1,1,1,1,1,
4,1,1,0,1,0,1,1,1,1,1,1,1,1,1,0,1,1,1,1,1,
5,1,1,1,1,0,1,1,1,1,1,1,1,1,1,0,1,1,1,1,1,
4,1,1,1,1,0,1,1,1,1,1,1,1,1,1,0,1,1,1,1,1,
4,1,1,1,1,0,1,1,1,1,1,1,1,1,1,0,1,1,1,1,1,
5,1,0,0,0,0,0,0,0,1,0,0,0,0,0,0,0,1,0,0,0,
4,1,1,1,1,0,1,1,1,1,1,1,1,1,1,0,1,2,1,1,1,
4,1,1,1,1,0,1,1,1,1,1,1,1,1,1,0,1,2,1,1,1,
4,1,1,1,1,0,1,1,1,2,1,1,1,1,1,0,1,1,1,1,1,
