38,0,6,3,3,7,8,3,5,6,3,
17,0,5,3,3,7,8,3,5,5,3,
17,0,5,2,3,7,7,2,4,5,2,
17,0,5,2,3,7,7,4,4,5,2,
17,0,5,2,3,7,7,2,4,5,2,
18,0,5,3,3,7,8,3,5,5,3,
16,0,5,2,3,7,7,2,4,5,2,
16,0,5,2,3,7,7,2,4,5,2,
16,0,5,2,3,7,7,2,4,5,2,
16,0,5,2,3,7,7,2,4,5,2,
16,0,5,2,3,7,7,2,5,5,2,
16,0,5,2,3,7,7,2,5,5,2,
16,0,5,2,3,7,7,2,5,5,2,
16,0,5,2,3,7,7,2,5,5,2,
19,0,7,2,3,10,10,2,8,7,2,
18,0,5,3,3,7,7,2,4,5,3,
16,0,5,2,3,7,7,2,5,5,3,
16,0,5,2,3,7,7,3,5,5,3,
18,0,8,2,3,10,10,2,7,7,3,
16,0,5,2,3,7,7,2,5,5,3,
16,0,5,2,3,7,7,3,5,5,2,
16,0,5,2,3,7,7,2,5,5,3,
16,0,6,3,3,8,8,3,5,5,3,
37,0,5,2,3,7,7,2,4,5,2,
16,0,5,6,3,7,7,3,5,5,6,
16,0,5,3,3,7,7,3,5,5,3,
16,0,5,3,3,7,7,3,5,5,3,
16,0,4,2,2,6,6,2,4,4,2,
18,0,6,2,2,6,9,2,3,6,2,
16,0,4,2,2,6,6,2,4,4,2,
15,0,4,2,2,6,6,2,4,4,2,
15,0,4,2,2,6,6,2,4,4,2,
15,0,4,2,2,6,6,2,4,4,2,
15,0,5,2,3,7,7,2,4,5,2,
16,0,5,2,3,7,7,2,4,5,2,
16,0,4,3,3,7,7,3,4,4,3,
16,0,5,2,3,7,7,2,5,5,2,
16,0,5,2,3,7,7,2,5,5,2,
15,0,5,2,3,7,7,2,4,5,2,
15,0,5,2,2,7,7,2,4,4,2,
16,0,5,2,3,7,7,2,4,5,2,
16,0,5,2,3,7,7,2,4,5,2,
16,0,5,2,3,7,7,2,5,5,3,
16,0,5,2,3,7,7,2,5,5,3,
16,0,5,2,3,7,7,2,5,5,3,
16,0,4,2,2,6,7,2,4,4,2,
16,0,6,3,3,8,8,3,5,5,3,
16,0,5,3,3,7,7,2,5,5,3,
16,0,5,3,3,8,8,3,5,5,3,
17,0,6,2,4,8,8,2,6,6,2,
19,0,5,3,3,7,8,3,5,5,3,
21,0,5,2,3,7,7,2,5,5,3,
18,0,6,3,3,10,8,3,5,5,3,
16,0,5,2,2,7,7,2,4,4,2,
16,0,4,2,2,6,7,2,4,4,2,
15,0,4,5,2,6,6,2,4,4,5,
15,0,4,2,2,6,7,2,4,4,2,
15,0,4,2,2,7,7,2,4,4,2,
15,0,5,2,3,7,7,2,4,5,2,
17,0,5,2,2,6,8,2,4,4,2,
15,0,5,2,2,7,7,2,4,5,2,
17,0,5,2,3,7,7,2,4,5,2,
17,0,5,2,3,7,7,2,5,5,2,
16,0,5,2,3,7,7,2,4,5,2,
16,0,5,2,3,7,7,2,5,5,2,
27,0,5,2,3,7,7,2,5,5,2,
16,0,5,2,3,7,7,2,5,5,3,
16,0,5,2,3,7,7,2,4,5,2,
18,0,7,2,5,9,9,2,7,7,3,
16,0,5,2,3,7,7,2,4,5,2,
16,0,5,2,3,7,7,2,5,5,3,
16,0,5,2,3,7,7,2,5,5,3,
16,0,5,2,3,7,7,2,5,5,3,
16,0,5,3,3,7,7,3,5,5,3,
16,0,5,3,3,7,8,3,5,5,3,
16,0,5,3,3,7,7,2,5,5,3,
16,0,5,3,3,7,8,3,5,5,3,
16,0,5,3,3,7,7,3,5,5,3,
17,0,5,2,2,7,7,2,5,5,2,
15,0,5,3,3,7,7,3,5,5,3,
15,0,4,2,2,6,6,2,4,4,2,
18,0,7,2,2,9,10,2,7,7,2,
17,0,5,2,2,7,7,2,4,4,2,
15,0,5,2,2,7,6,2,4,4,2,
15,0,5,2,2,7,7,2,4,4,2,
16,0,5,2,3,7,7,2,5,5,2,
15,0,5,2,2,7,7,2,4,4,3,
15,0,5,2,3,7,7,4,4,5,2,
16,0,5,2,2,7,7,2,4,5,2,
16,0,5,2,3,7,7,2,4,5,2,
16,0,5,2,3,7,7,2,5,5,2,
16,0,5,5,3,7,7,2,5,5,6,
16,0,5,2,3,7,7,2,5,5,2,
16,0,5,2,3,7,7,2,5,5,2,
16,0,5,2,3,7,7,2,5,5,3,
18,0,7,2,3,7,10,2,4,6,2,
16,0,5,2,3,7,7,2,4,5,3,
16,0,5,2,3,7,7,2,5,5,3,
16,0,5,3,3,7,7,2,5,5,3,
16,0,5,2,3,7,7,2,5,5,3,
16,0,6,3,3,8,8,3,5,5,3,
16,0,4,2,2,6,7,2,4,4,2,
16,0,4,2,2,6,6,2,4,4,2,
16,0,5,3,3,7,7,3,5,5,3,
15,0,4,2,2,6,7,2,4,4,2,
15,0,4,2,2,6,6,2,4,4,2,
16,0,5,2,3,7,7,2,5,5,2,
15,0,5,2,2,7,7,2,4,4,2,
15,0,5,2,2,7,7,2,4,4,2,
17,0,6,3,4,8,8,3,5,6,3,
16,0,5,2,3,7,7,2,5,5,2,
15,0,4,2,2,7,7,2,4,4,2,
17,0,4,4,4,8,9,4,5,4,4,
16,0,5,2,3,7,7,2,5,5,2,
15,0,5,2,2,7,7,2,4,4,2,
16,0,6,2,3,7,7,2,5,6,2,
17,0,7,2,4,9,9,2,6,7,3,
16,0,5,2,3,7,6,2,5,5,2,
15,0,5,2,3,7,7,2,4,5,2,
16,0,5,2,3,7,7,2,5,5,2,
16,0,5,2,3,7,7,2,5,5,3,
16,0,5,2,3,7,7,2,5,5,3,
16,0,5,3,3,7,7,3,5,5,3,
16,0,5,3,3,8,8,3,5,5,3,
16,0,6,3,3,8,8,3,5,5,3,
16,0,5,3,3,7,7,3,5,5,3,
19,0,7,2,4,8,11,3,5,7,3,
17,0,5,2,3,7,7,2,4,5,2,
15,0,5,2,3,7,7,2,4,5,2,
15,0,5,2,2,7,7,2,4,4,2,
15,0,4,2,2,6,7,2,4,4,2,
15,0,5,2,2,7,7,2,4,4,2,
15,0,5,2,3,7,7,2,4,5,2,
15,0,5,2,3,7,7,2,4,5,2,
15,0,5,2,2,7,7,2,4,4,2,
16,0,5,2,3,7,7,2,5,5,2,
15,0,5,2,3,7,7,2,4,5,2,
15,0,5,2,2,7,7,2,4,4,2,
15,0,5,2,3,7,7,3,4,5,2,
18,0,5,2,2,7,7,2,4,4,2,
16,0,5,2,3,7,7,2,5,5,2,
16,0,5,2,3,7,7,2,5,5,2,
16,0,5,2,3,7,7,2,5,5,3,
36,0,6,3,3,8,8,3,5,5,3,
16,0,5,2,3,7,7,2,5,5,2,
17,0,5,2,3,7,7,2,5,5,3,
16,0,5,2,3,7,7,2,5,5,3,
15,0,5,2,3,7,7,2,4,5,2,
18,0,8,2,3,9,10,2,8,8,3,
18,0,5,2,3,7,7,2,4,5,2,
16,0,5,3,3,7,7,2,5,5,3,
16,0,5,2,3,7,7,2,5,5,3,
17,0,5,3,3,8,8,3,5,5,3,
15,0,5,3,3,7,7,2,5,5,4,
15,0,4,2,2,6,6,2,4,4,2,
15,0,4,2,2,6,6,2,4,4,2,
18,0,5,2,2,7,7,2,4,4,2,
15,0,4,2,2,6,7,2,4,4,2,
15,0,4,2,2,6,6,2,4,4,2,
15,0,4,2,2,7,7,2,4,4,2,
15,0,4,2,2,6,7,2,4,4,2,
16,0,5,2,3,7,7,2,4,5,2,
16,0,7,2,3,7,7,2,4,7,2,
16,0,5,4,4,7,7,4,4,5,4,
15,0,5,2,3,7,7,2,4,5,2,
15,0,5,2,2,7,7,2,4,4,2,
15,0,5,2,2,7,7,2,4,4,2,
15,0,5,2,3,7,7,2,4,5,2,
16,0,5,2,3,7,7,2,5,5,2,
15,0,5,2,3,7,7,2,4,5,2,
15,0,5,2,2,7,7,2,4,4,2,
17,0,7,2,3,8,9,2,5,5,3,
16,0,5,2,3,7,7,2,5,5,3,
16,0,6,2,3,7,7,3,5,6,3,
16,0,5,3,3,7,8,3,5,5,3,
15,0,5,2,3,7,7,2,4,5,3,
16,0,5,2,3,7,7,2,5,5,3,
16,0,5,3,3,7,7,3,5,5,3,
15,0,6,3,4,8,8,3,5,6,3,
17,0,8,3,3,10,10,3,5,8,3,
17,0,5,2,3,7,7,2,4,5,2,
15,0,5,2,2,7,7,2,4,4,2,
15,0,5,2,3,7,7,2,4,5,2,
17,0,7,2,2,9,9,2,6,6,2,
15,0,5,2,3,7,7,2,4,5,2,
15,0,4,2,2,6,7,2,4,4,2,
15,0,5,2,3,7,7,2,4,5,2,
16,0,5,2,2,7,7,2,4,4,2,
15,0,5,2,2,7,7,2,4,4,2,
16,0,5,2,3,7,7,2,5,5,2,
16,0,5,2,3,7,7,2,5,5,2,
16,0,5,2,3,7,7,2,5,5,2,
16,0,5,2,3,7,7,2,5,5,2,
16,0,8,2,3,7,7,2,5,8,2,
16,0,5,2,3,7,7,2,4,5,2,
15,0,5,2,3,7,7,2,4,5,2,
16,0,5,2,3,7,7,2,5,5,3,
16,0,5,2,3,7,7,2,5,5,2,
16,0,5,2,3,7,7,2,5,5,3,
16,0,5,2,3,7,7,2,5,5,3,
16,0,5,3,3,7,7,3,5,5,3,
15,0,5,2,3,7,7,2,4,5,2,
15,0,5,2,2,7,7,2,4,4,2,
16,0,4,2,2,6,6,2,4,4,2,
15,0,4,2,2,6,6,2,4,4,2,
15,0,4,2,2,6,7,2,4,4,2,
15,0,5,2,3,7,7,2,4,5,2,
15,0,5,2,3,7,7,2,4,5,2,
15,0,5,2,2,7,7,2,4,4,2,
15,0,4,2,2,7,7,2,4,4,2,
16,0,3,0,1,5,5,0,3,3,0,
15,0,5,2,3,7,7,2,4,5,2,
16,0,5,2,3,7,7,2,4,5,2,
15,0,5,2,2,7,7,2,4,4,2,
18,0,7,2,5,9,10,2,7,7,2,
16,0,5,2,3,7,7,2,5,5,2,
15,0,5,2,2,7,7,2,4,4,2,
16,0,5,2,3,7,7,2,5,5,2,
16,0,5,3,3,7,7,3,5,5,3,
16,0,5,2,3,7,7,2,5,5,2,
16,0,5,2,3,7,7,2,5,5,3,
16,0,5,2,3,7,7,2,5,5,3,
17,0,5,2,3,7,7,2,5,5,3,
16,0,5,2,3,7,7,2,4,5,3,
16,0,7,3,3,7,7,2,5,7,3,
16,0,5,2,3,7,7,2,5,5,3,
15,0,5,3,3,7,8,3,5,5,3,
18,0,4,2,2,6,6,2,4,4,2,
15,0,4,2,2,6,6,2,4,4,2,
15,0,4,2,2,7,7,2,4,4,2,
15,0,5,2,3,7,7,2,4,5,2,
15,0,4,2,2,6,6,2,4,4,2,
15,0,4,2,2,7,7,2,4,4,2,
15,0,4,2,2,7,7,2,4,4,2,
15,0,5,2,2,7,7,2,4,5,2,
16,0,5,2,3,7,7,2,4,5,2,
16,0,5,2,3,7,7,2,5,5,2,
15,0,5,2,3,7,7,2,4,5,2,
16,0,5,2,3,7,7,2,5,5,2,
15,0,5,2,3,7,7,2,4,5,2,
16,0,5,2,3,7,7,2,5,5,2,
16,0,4,4,4,8,8,4,5,4,4,
15,0,5,2,3,7,7,2,4,5,2,
16,0,5,2,3,7,7,2,5,5,3,
16,0,5,2,3,7,7,2,5,5,3,
18,0,8,3,3,10,10,3,7,7,3,
16,0,5,2,3,7,7,2,5,5,3,
15,0,5,2,3,7,7,3,4,5,2,
16,0,5,3,3,8,8,3,5,5,3,
16,0,5,2,3,7,7,2,4,5,2,
15,0,5,2,2,7,7,2,4,4,2,
15,0,5,4,2,7,7,2,4,4,4,
15,0,4,2,2,6,6,2,4,4,2,
15,0,4,2,2,6,6,2,4,4,2,
17,0,6,3,4,8,8,3,6,6,4,
18,0,5,2,3,7,7,2,4,5,2,
16,0,5,3,3,7,7,2,5,5,4,
15,0,5,2,3,7,7,2,4,5,2,
15,0,5,2,3,7,7,2,4,5,2,
17,0,7,4,5,9,9,4,6,7,4,
16,0,5,2,2,6,8,2,4,4,2,
15,0,5,2,2,7,7,2,4,4,2,
15,0,5,2,2,7,7,2,4,5,2,
17,0,5,2,3,7,7,2,5,5,2,
16,0,5,2,3,7,7,2,5,5,2,
15,0,5,2,3,7,7,2,4,5,2,
16,0,5,2,3,7,7,2,5,5,2,
15,0,5,2,2,7,7,2,4,4,2,
16,0,5,2,3,7,7,2,5,5,3,
16,0,5,2,3,7,7,2,5,5,3,
15,0,5,2,3,7,7,2,4,5,3,
16,0,5,2,3,7,7,2,5,5,2,
16,0,5,2,3,7,7,2,5,5,3,
16,0,5,3,3,7,8,4,5,5,3,
16,0,5,3,3,7,8,3,5,5,3,
15,0,5,3,3,7,7,3,5,5,3,
15,0,5,3,3,8,8,3,5,5,3,
15,0,4,1,1,6,6,1,3,3,1,
15,0,6,3,3,8,8,3,5,5,3,
15,0,6,3,3,8,8,3,5,5,3,
15,0,5,2,2,7,7,2,4,5,2,
16,0,6,2,4,8,8,2,6,6,2,
18,0,5,2,3,9,9,2,4,5,2,
20,0,5,2,3,7,7,2,5,5,2,
17,0,4,2,2,8,6,2,4,4,2,
15,0,5,2,3,7,7,2,4,5,3,
15,0,5,2,2,7,7,2,4,4,2,
16,0,5,4,3,7,7,2,4,5,4,
16,0,5,2,3,7,7,2,5,5,2,
16,0,5,2,3,7,7,2,5,5,2,
15,0,5,2,3,7,7,4,4,5,2,
17,0,5,2,2,6,8,2,4,5,2,
15,0,5,2,3,7,7,2,5,5,2,
16,0,5,2,3,7,7,2,5,5,3,
18,0,5,2,3,7,7,2,5,5,3,
16,0,5,2,3,7,7,2,5,5,3,
16,0,5,2,3,7,7,2,5,5,3,
16,0,5,3,3,7,8,3,5,5,3,
16,0,5,3,3,7,8,3,5,5,3,
16,0,5,3,3,7,7,3,5,5,3,
15,0,6,3,3,8,8,3,5,5,3,
15,0,5,3,3,7,7,3,5,5,3,
15,0,4,2,2,6,6,2,4,4,2,
15,0,5,2,2,7,7,2,4,4,2,
16,0,5,3,3,7,7,2,5,5,3,
15,0,4,2,2,6,7,2,4,4,2,
18,0,6,2,3,9,9,2,7,6,2,
15,0,4,2,2,6,7,2,4,4,2,
15,0,5,2,3,7,7,2,4,5,2,
15,0,4,2,2,7,7,2,4,4,2,
15,0,5,2,2,7,7,2,4,4,2,
16,0,5,2,3,7,7,2,5,5,2,
16,0,5,1,3,7,7,2,5,5,2,
18,0,5,2,3,9,9,2,5,5,2,
20,0,5,2,3,7,7,2,5,5,3,
17,0,5,2,2,8,7,2,4,5,2,
16,0,5,3,3,7,7,2,5,5,2,
19,0,5,2,3,7,7,2,5,5,3,
15,0,5,4,3,7,7,2,4,5,4,
16,0,5,2,3,7,7,2,5,5,3,
18,0,5,2,2,7,7,2,4,4,2,
19,0,5,2,3,7,7,2,5,5,3,
16,0,6,3,4,8,8,3,5,6,3,
16,0,5,3,3,7,8,3,5,5,3,
16,0,5,3,3,7,8,3,5,5,3,
15,0,5,3,3,7,8,3,5,5,3,
15,0,6,3,3,8,8,3,5,5,3,
16,0,9,3,3,8,8,3,5,8,3,
15,0,4,2,2,6,7,2,4,4,2,
15,0,4,2,2,6,6,2,4,4,2,
15,0,5,2,3,7,7,2,4,5,2,
17,0,5,2,2,7,7,2,4,4,2,
15,0,5,2,2,7,7,2,4,4,2,
15,0,4,2,2,6,7,2,4,4,2,
15,0,5,2,2,7,7,2,4,4,2,
16,0,5,2,3,7,7,2,5,5,3,
15,0,4,2,2,7,7,2,4,4,2,
15,0,5,2,3,7,7,2,4,5,2,
16,0,5,2,2,7,7,2,4,4,2,
15,0,5,2,3,7,7,2,4,5,2,
16,0,5,2,3,7,7,2,5,5,2,
15,0,5,2,3,7,7,2,4,5,2,
15,0,5,2,3,7,7,2,4,5,3,
16,0,5,2,3,7,7,2,5,5,3,
16,0,5,4,4,8,8,4,5,5,4,
15,0,5,2,3,7,7,2,4,5,3,
16,0,5,3,3,7,7,2,5,5,3,
16,0,5,3,3,8,8,3,5,5,3,
18,0,8,3,6,10,10,3,7,7,3,
15,0,5,3,3,7,7,3,5,5,3,
15,0,5,2,3,7,7,3,5,5,2,
16,0,5,2,3,7,7,2,5,5,2,
17,0,5,2,3,7,7,2,5,5,3,
15,0,5,2,2,7,7,2,4,4,2,
16,0,4,2,2,8,8,2,4,4,2,
15,0,5,2,3,7,7,2,4,5,2,
15,0,5,2,3,7,7,2,4,5,2,
16,0,4,2,2,6,7,2,4,4,2,
16,0,8,2,2,7,7,2,4,8,2,
15,0,5,2,2,7,7,2,4,4,2,
16,0,5,2,3,7,7,2,5,5,2,
15,0,4,2,2,7,7,2,4,4,2,
15,0,5,2,3,7,7,2,4,5,2,
15,0,5,2,3,7,7,2,4,5,2,
16,0,5,4,4,8,8,4,5,5,4,
16,0,5,2,3,7,7,2,5,5,2,
16,0,5,3,3,7,7,2,5,5,3,
16,0,5,3,3,7,7,2,5,5,3,
15,0,5,2,3,7,7,2,4,5,3,
16,0,5,2,3,7,7,2,5,5,3,
16,0,5,2,3,7,7,2,5,5,3,
16,0,5,3,3,7,8,3,5,5,3,
16,0,5,3,3,7,7,3,5,5,3,
16,0,5,3,3,8,8,3,5,5,3,
16,0,5,3,3,8,8,3,5,5,3,
16,0,5,5,5,8,8,5,6,5,5,
15,0,4,2,2,6,6,2,4,4,2,
15,0,5,2,2,7,7,2,4,4,2,
15,0,4,2,2,6,6,2,4,4,2,
17,0,6,2,2,8,9,2,6,6,2,
17,0,5,2,3,7,7,2,5,5,2,
15,0,4,1,2,6,6,4,4,4,2,
16,0,4,2,2,6,6,2,4,4,2,
18,0,5,3,3,7,8,2,5,5,3,
16,0,5,2,3,7,7,2,5,5,3,
16,0,5,2,3,7,7,2,4,5,2,
16,0,5,2,3,7,7,2,5,5,2,
16,0,5,2,3,7,7,2,5,5,2,
16,0,5,2,3,7,7,2,5,5,3,
17,0,5,2,3,7,8,2,5,5,3,
16,0,5,2,3,7,7,2,5,5,3,
16,0,5,2,3,7,7,2,5,5,3,
16,0,5,3,3,7,8,3,5,5,3,
16,0,5,2,3,7,7,2,5,5,3,
16,0,5,3,3,7,8,3,5,5,3,
29,19,3,0,1,5,5,1,3,3,1,
16,0,5,2,3,7,7,2,4,5,2,
16,0,5,3,3,7,8,3,5,5,3,
16,0,5,3,3,8,8,3,5,5,3,
16,0,6,3,3,8,8,3,5,5,3,
15,0,6,3,3,8,8,3,5,5,3,
15,0,6,3,3,8,8,3,5,5,3,
15,0,6,3,3,8,8,3,5,5,3,
15,0,6,3,4,8,8,3,5,6,3,
15,0,6,3,4,8,8,3,6,6,3,
15,0,6,3,4,8,8,3,5,6,3,
15,0,3,1,1,5,5,1,2,3,0,
16,0,5,2,3,7,7,2,5,5,2,
15,0,5,2,3,7,7,2,5,5,2,
15,0,5,2,3,7,7,2,5,5,2,
18,0,8,2,6,10,10,2,7,8,2,
16,0,5,2,3,7,7,2,5,5,3,
21,0,5,2,3,7,7,2,4,5,2,
17,0,5,2,3,9,7,2,5,5,2,
16,0,5,3,3,7,7,2,5,5,3,
17,0,5,2,3,7,7,2,5,5,3,
15,0,5,3,3,7,7,2,4,5,3,
16,0,5,2,3,7,7,5,5,5,3,
19,0,5,3,3,7,7,2,5,5,3,
19,0,5,2,3,7,7,2,5,5,3,
16,0,5,3,3,7,8,3,5,5,3,
16,0,5,3,3,7,8,3,5,5,3,
16,0,5,3,3,8,8,3,5,5,3,
16,0,5,3,3,7,8,3,5,5,3,
16,0,6,2,4,8,8,3,5,6,3,
16,0,6,2,4,8,8,3,5,6,3,
15,0,6,3,3,8,8,3,5,5,3,
15,0,6,3,3,8,8,3,5,5,3,
15,0,6,3,4,8,8,3,5,6,3,
15,0,6,3,4,8,8,3,5,6,3,
15,0,5,2,3,7,7,2,4,5,2,
15,0,6,3,4,8,8,3,5,6,3,
15,0,5,2,3,7,7,2,4,5,2,
15,0,5,2,3,7,7,2,4,5,2,
16,0,5,2,3,7,7,2,5,5,2,
15,0,5,2,3,7,7,2,5,5,2,
16,0,5,2,3,7,7,2,5,5,2,
16,0,5,2,3,7,7,2,5,5,2,
16,0,5,2,3,7,7,2,5,5,2,
16,0,5,2,3,7,7,2,5,5,2,
16,0,5,2,3,7,7,2,5,5,3,
16,0,5,2,3,7,8,2,5,5,3,
18,0,8,2,3,9,10,2,5,8,3,
19,0,6,2,3,7,7,2,4,6,2,
17,0,5,2,3,8,7,3,5,5,3,
17,0,5,2,3,9,7,2,5,5,3,
18,0,5,3,3,7,8,3,5,5,3,
16,0,5,4,3,7,8,2,5,5,4,
16,0,5,3,3,7,8,3,5,5,3,
16,0,6,3,3,8,8,3,5,5,3,
18,0,7,5,5,9,10,5,7,7,5,
15,0,6,2,4,7,8,3,5,6,3,
16,0,6,3,4,8,8,3,6,6,3,
15,0,6,3,4,8,8,3,5,6,3,
16,0,7,3,4,9,9,3,6,6,3,
15,0,6,3,4,8,8,3,5,6,3,
15,0,5,2,3,7,7,2,5,5,2,
15,0,5,2,3,7,7,2,5,5,2,
15,0,5,2,3,7,7,2,5,5,2,
15,0,5,2,3,7,7,2,4,5,2,
16,0,5,2,3,7,7,2,5,5,2,
16,0,5,2,3,7,7,2,5,5,2,
16,0,5,2,3,7,7,2,5,5,3,
16,0,5,2,3,7,7,2,5,5,2,
16,0,5,2,3,7,7,2,5,5,3,
16,0,5,2,3,7,7,2,5,5,3,
16,0,5,2,3,7,7,4,5,5,3,
16,0,5,2,3,7,7,2,5,5,3,
16,0,6,3,4,8,8,3,5,6,3,
16,0,5,2,3,7,7,2,5,5,2,
16,0,5,2,3,7,7,2,5,5,2,
16,0,5,2,3,7,7,2,5,5,2,
16,0,5,2,3,7,7,2,5,5,3,
16,0,5,2,3,7,7,2,5,5,3,
16,0,5,2,3,7,7,2,5,5,3,
16,0,5,2,3,7,7,2,5,5,3,
16,0,5,3,3,7,8,3,5,5,3,
16,0,6,2,3,8,8,2,5,5,3,
19,0,8,3,3,10,10,3,8,8,3,
19,0,5,2,3,7,7,2,4,5,2,
16,0,5,2,2,7,6,2,4,5,2,
15,0,6,3,3,8,8,3,5,5,3,
17,0,6,3,4,8,8,3,5,6,3,
15,0,6,4,3,8,8,2,5,5,4,
15,0,5,2,3,7,7,2,4,5,2,
15,0,5,2,3,7,7,2,4,5,2,
17,0,7,4,4,9,9,4,6,6,4,
16,0,5,2,3,7,7,2,5,5,2,
16,0,5,2,3,7,7,2,5,5,2,
15,0,5,2,3,7,7,2,4,5,2,
16,0,5,2,3,7,7,2,5,5,2,
15,0,5,2,3,7,7,2,5,5,2,
16,0,8,2,3,7,7,2,5,8,2,
16,0,5,2,3,7,7,2,5,5,2,
16,0,5,2,3,7,7,2,5,5,2,
16,0,5,2,3,7,7,2,5,5,2,
16,0,5,2,3,7,7,2,5,5,2,
16,0,5,2,3,7,8,2,5,5,2,
16,0,5,2,3,7,7,2,5,5,3,
16,0,5,4,4,8,8,4,5,5,4,
16,0,6,3,3,8,8,3,5,5,3,
16,0,6,2,3,8,8,3,5,6,3,
16,0,6,3,4,8,8,3,5,6,3,
16,0,5,3,3,8,8,3,5,5,3,
16,0,6,3,4,8,8,3,5,6,3,
15,0,6,3,3,8,8,3,5,5,3,
16,0,5,3,3,7,8,3,5,5,3,
15,0,6,3,4,8,8,3,5,6,3,
16,0,5,2,3,7,7,2,5,5,2,
18,0,7,3,4,10,10,3,8,7,3,
16,0,5,2,3,7,7,2,5,5,2,
15,0,5,2,3,7,7,2,4,5,2,
16,0,5,2,3,7,7,2,5,5,2,
18,0,7,2,5,9,10,2,7,7,2,
15,0,5,2,3,7,7,2,5,5,2,
21,0,5,2,3,7,7,2,5,5,2,
18,0,5,2,3,10,7,2,5,5,2,
16,0,5,2,3,7,7,2,5,5,2,
16,0,5,2,3,7,7,2,5,5,2,
16,0,5,5,3,7,7,2,5,5,5,
16,0,5,2,3,7,7,2,5,5,3,
16,0,5,2,3,7,7,2,5,5,3,
16,0,5,2,3,7,7,2,5,5,3,
18,0,7,2,3,7,9,2,4,7,3,
16,0,5,2,3,7,7,2,5,5,3,
16,0,5,3,3,7,8,3,5,5,3,
19,0,5,3,3,8,8,3,5,5,3,
16,0,5,3,3,7,8,3,5,5,3,
16,0,5,3,3,7,8,3,5,5,3,
16,0,6,2,4,8,8,3,5,6,3,
16,0,6,3,3,8,8,3,5,5,3,
17,0,7,3,6,9,9,3,7,7,3,
15,0,6,3,3,8,8,3,5,6,3,
15,0,6,3,4,8,8,3,5,6,3,
15,0,6,3,4,8,8,3,5,6,3,
15,0,6,3,4,8,8,3,5,6,3,
15,0,5,2,3,7,7,2,4,5,2,
15,0,6,3,4,8,8,3,5,6,3,
15,0,5,2,3,7,7,2,5,5,2,
15,0,5,2,3,7,7,2,5,5,2,
16,0,4,1,2,6,6,1,4,4,1,
15,0,5,2,3,7,7,2,5,5,2,
16,0,5,2,3,7,7,2,5,5,2,
15,0,5,2,3,7,7,2,5,5,2,
17,0,6,2,4,8,9,2,6,6,2,
19,0,5,2,3,11,11,2,5,5,2,
22,0,5,2,3,7,7,2,5,5,2,
18,0,5,2,3,10,7,2,5,5,2,
16,0,5,2,3,7,7,2,5,5,2,
16,0,5,2,3,7,7,2,5,5,3,
16,0,5,2,3,7,7,2,5,5,3,
16,0,5,2,3,7,7,2,5,5,3,
16,0,5,2,3,7,7,2,5,5,3,
16,0,5,3,3,7,8,3,5,5,3,
18,0,8,3,3,7,10,3,5,7,3,
16,0,6,3,3,8,8,3,5,6,3,
16,0,6,3,4,8,8,3,5,6,3,
16,0,4,2,2,7,7,2,4,4,2,
16,0,6,3,4,8,8,3,5,6,3,
15,0,6,3,4,8,8,3,5,6,3,
15,0,6,3,4,8,8,3,5,6,3,
30,0,6,3,3,8,8,3,5,5,23,
15,0,6,3,4,8,8,3,5,6,3,
15,0,5,2,3,7,7,2,4,5,2,
15,0,6,3,4,8,8,3,5,6,3,
16,0,5,3,3,7,7,3,5,5,3,
16,0,5,2,3,7,7,2,5,5,2,
16,0,6,3,3,7,8,3,5,6,3,
16,0,6,2,3,7,7,2,5,5,2,
15,0,5,2,3,7,7,2,5,5,2,
16,0,6,2,3,7,7,2,5,5,2,
16,0,5,2,3,7,7,2,5,5,2,
16,0,5,2,3,7,7,2,5,5,2,
15,0,5,2,3,7,7,2,5,5,2,
16,0,5,3,3,7,8,2,5,5,3,
16,0,6,2,3,8,8,2,5,6,2,
18,0,5,2,3,10,10,2,5,5,3,
19,0,5,2,3,7,7,2,5,5,2,
17,0,7,3,3,9,7,2,5,6,3,
16,0,5,2,3,7,7,2,5,5,3,
19,0,6,3,3,8,7,3,5,5,3,
16,0,6,4,3,8,8,3,5,5,5,
16,0,6,3,4,8,8,3,5,6,3,
16,0,5,2,3,7,7,2,4,5,2,
18,0,7,4,5,9,9,4,6,7,4,
17,0,5,2,2,6,8,2,4,5,2,
16,0,5,2,3,7,7,2,4,5,2,
16,0,5,2,3,7,7,2,5,5,2,
16,0,5,3,3,7,7,2,5,5,3,
16,0,5,3,3,7,7,2,5,5,3,
16,0,5,3,3,7,7,2,5,5,3,
16,0,5,3,3,7,8,3,5,5,3,
16,0,5,3,3,7,7,3,5,5,3,
15,0,5,2,3,7,7,2,4,5,2,
16,0,5,3,3,7,7,2,5,5,3,
16,0,6,3,3,8,8,3,5,5,3,
16,0,6,2,3,7,8,2,5,5,3,
16,0,5,2,3,7,8,2,5,5,2,
16,0,5,2,3,7,7,2,5,5,2,
16,0,5,2,3,7,7,3,5,5,3,
16,0,5,2,3,7,7,2,5,5,3,
15,0,5,2,3,7,7,3,4,5,2,
17,0,6,3,3,7,9,3,5,5,3,
16,0,5,2,3,7,8,3,5,5,3,
16,0,6,3,3,8,8,3,5,5,3,
16,0,6,3,3,7,8,3,5,5,3,
16,0,6,2,4,8,8,2,5,6,2,
18,0,8,3,4,10,10,3,5,8,3,
20,0,5,2,3,7,7,2,5,5,2,
18,0,6,3,3,8,8,3,5,6,3,
16,0,6,3,4,8,8,3,5,6,3,
19,0,8,3,4,10,10,3,8,8,3,
15,0,6,3,4,8,8,3,5,6,3,
15,0,5,2,3,7,7,3,5,5,3,
15,0,6,3,3,8,8,3,5,6,3,
15,0,6,3,4,8,8,3,5,6,3,
15,0,6,3,4,8,8,3,5,6,3,
15,0,6,6,4,8,8,3,5,6,6,
15,0,5,2,3,7,7,2,5,5,2,
15,0,5,2,3,7,7,2,4,5,2,
16,0,5,2,3,7,7,2,5,5,2,
18,0,7,2,3,7,9,2,5,6,2,
16,0,5,2,3,7,7,2,5,5,2,
16,0,5,2,3,7,7,2,5,5,3,
18,0,5,2,3,7,7,2,5,5,2,
16,0,5,2,3,7,7,2,5,5,2,
16,0,5,2,3,7,7,2,5,5,3,
16,0,5,3,3,7,7,2,5,5,3,
16,0,5,2,3,7,7,2,5,5,3,
16,0,5,3,3,7,8,3,5,5,3,
16,0,5,2,3,7,8,2,5,5,3,
16,0,5,3,3,7,8,3,5,5,3,
16,0,6,3,3,7,8,3,5,5,3,
16,0,6,3,3,7,8,3,5,5,3,
18,0,6,3,3,9,9,3,5,5,3,
16,0,5,3,3,7,7,3,5,5,3,
16,0,5,2,3,7,7,2,4,5,2,
16,0,5,2,2,7,7,2,4,4,2,
16,0,5,4,4,7,7,4,5,4,4,
15,0,5,2,3,7,7,2,4,5,2,
15,0,5,2,3,7,7,2,5,5,2,
15,0,5,2,3,7,7,2,4,5,2,
18,0,8,2,6,10,10,2,8,8,2,
15,0,5,2,3,7,7,2,4,5,2,
15,0,5,2,2,7,7,2,4,4,2,
15,0,5,2,3,7,7,2,5,5,2,
17,0,6,3,3,8,8,3,5,5,3,
16,0,5,2,3,7,7,2,5,5,2,
16,0,5,2,3,7,7,2,5,5,2,
16,0,5,2,3,7,7,2,5,5,2,
16,0,5,2,3,7,7,2,5,5,3,
16,0,5,2,3,7,7,2,5,5,3,
17,0,8,2,3,7,7,2,5,8,3,
16,0,5,3,3,7,8,3,5,5,3,
16,0,5,2,3,7,8,2,5,5,3,
16,0,5,3,3,7,8,3,5,5,3,
16,0,5,3,3,7,8,3,5,5,3,
16,0,6,3,3,7,8,3,5,5,3,
39,0,5,5,2,7,7,2,4,4,5,
16,0,5,2,3,7,7,3,5,5,2,
16,0,5,2,3,7,7,2,5,5,2,
16,0,6,3,3,8,8,3,5,5,3,
16,0,6,3,4,8,8,3,5,6,3,
16,0,6,3,4,8,8,3,5,6,3,
16,0,6,3,3,8,8,3,5,6,3,
15,0,5,2,2,7,7,2,4,4,2,
16,0,5,2,3,7,7,2,5,5,3,
15,0,5,2,3,7,7,2,4,5,2,
15,0,5,2,3,7,7,2,4,5,2,
16,0,3,0,1,5,5,0,2,3,0,
16,0,5,2,3,7,7,2,4,5,2,
16,0,5,2,3,7,7,2,4,5,2,
16,0,5,2,3,7,7,2,5,5,2,
16,0,5,1,3,7,7,2,5,5,2,
18,0,7,2,2,9,9,2,7,7,2,
17,0,5,2,3,7,7,2,5,5,3,
15,0,5,2,2,7,6,2,4,4,2,
16,0,5,2,3,7,7,2,5,5,3,
16,0,5,3,3,7,7,2,5,5,3,
15,0,5,3,3,7,7,2,4,5,3,
16,0,5,3,3,7,8,5,5,5,3,
18,0,5,2,3,7,7,2,5,5,2,
17,0,4,2,2,6,6,2,4,4,2,
16,0,5,3,3,7,8,2,5,5,3,
16,0,5,3,3,7,8,3,5,5,3,
16,0,5,3,3,7,8,3,5,5,3,
16,0,6,3,3,8,8,3,5,5,3,
16,0,5,3,3,8,8,3,5,5,3,
16,0,5,3,3,8,8,3,5,5,3,
16,0,6,3,3,8,8,3,5,5,3,
15,0,5,2,3,7,7,2,4,5,2,
15,0,5,2,3,7,7,2,4,5,2,
15,0,3,0,1,5,5,0,2,3,0,
15,0,5,2,3,7,7,2,4,5,2,
15,0,5,2,3,7,7,2,4,5,2,
15,0,5,2,3,7,7,2,4,5,2,
15,0,5,2,3,7,7,2,4,5,2,
15,0,5,2,3,7,7,2,5,5,2,
16,0,5,2,3,7,7,2,5,5,2,
15,0,5,2,3,7,7,2,4,5,2,
16,0,5,2,3,7,7,2,5,5,2,
16,0,5,2,3,7,8,2,5,5,2,
16,0,5,3,3,7,8,2,5,5,3,
16,0,5,2,3,8,8,2,5,5,3,
16,0,6,2,4,8,8,2,6,6,2,
18,0,8,2,3,9,10,2,8,8,3,
19,0,5,2,3,7,7,2,5,5,3,
17,0,5,3,3,9,7,2,5,5,3,
18,0,5,2,3,7,7,2,5,5,2,
16,0,5,3,3,8,8,3,5,5,3,
16,0,6,3,3,8,8,2,5,5,3,
16,0,5,3,3,8,8,5,5,5,3,
18,0,6,3,3,8,8,3,5,5,3,
19,0,8,3,3,8,8,3,5,8,3,
16,0,5,2,3,7,7,2,4,5,2,
33,0,6,3,25,8,8,3,5,6,3,
15,0,5,2,2,7,7,2,4,4,2,
15,0,4,2,2,7,7,2,4,4,2,
15,0,5,2,3,7,7,2,4,5,2,
15,0,5,2,3,7,7,2,4,5,2,
15,0,5,2,3,7,7,2,5,5,2,
15,0,5,2,3,7,7,2,5,5,2,
16,0,5,2,3,7,7,2,5,5,2,
16,0,5,2,3,7,7,2,5,5,2,
17,0,6,2,3,8,9,2,6,6,2,
16,0,5,2,3,7,7,2,5,5,2,
16,0,5,2,3,7,7,2,5,5,2,
16,0,5,2,3,7,7,2,5,5,2,
16,0,5,2,3,7,8,2,5,5,3,
16,0,5,2,3,7,7,2,5,5,3,
35,0,5,2,3,9,26,2,25,5,3,
16,0,5,3,4,7,8,3,5,5,3,
15,0,5,2,3,7,7,2,4,5,3,
16,0,5,3,3,7,8,3,5,5,3,
16,0,5,3,3,7,8,3,5,5,3,
16,0,5,3,3,7,8,3,5,5,3,
18,0,6,3,6,9,9,3,7,6,6,
17,0,6,3,3,8,8,3,5,5,3,
16,0,6,3,3,8,8,3,5,5,3,
16,0,6,3,3,8,8,3,5,5,3,
16,0,5,2,2,7,7,2,4,5,2,
15,0,4,2,2,6,6,1,4,4,2,
15,0,5,2,3,7,7,4,4,5,2,
18,0,5,2,3,7,7,2,5,5,3,
18,0,4,2,2,6,6,2,4,4,2,
15,0,5,2,3,7,7,2,4,5,2,
15,0,5,2,3,7,7,2,5,5,2,
15,0,5,2,3,7,7,2,4,5,2,
16,0,5,2,3,7,7,2,5,5,2,
15,0,5,2,3,7,7,2,4,5,2,
16,0,3,0,1,5,5,0,3,3,0,
15,0,5,2,2,7,7,2,4,4,2,
15,0,5,2,2,7,7,2,4,5,2,
16,0,5,2,3,7,7,2,5,5,3,
16,0,5,2,3,7,7,2,5,5,3,
15,0,5,3,3,7,7,3,5,5,3,
16,0,5,3,3,7,8,3,5,5,3,
16,0,5,3,3,7,8,3,5,5,3,
15,0,5,2,3,7,7,2,4,5,2,
16,0,5,2,3,7,8,2,5,5,3,
16,0,5,3,3,8,8,3,5,5,3,
16,0,5,3,3,7,8,3,5,5,3,
16,0,6,3,3,8,8,3,5,5,3,
16,0,6,3,3,8,8,3,5,5,3,
16,0,6,3,3,8,8,3,5,5,3,
16,0,4,2,2,6,6,2,4,4,2,
17,0,5,2,3,7,7,2,5,5,2,
17,0,8,2,3,9,9,2,4,5,2,
19,0,5,3,3,7,7,3,5,5,3,
17,0,5,2,3,8,6,2,4,5,2,
15,0,5,2,3,7,7,2,4,5,2,
18,0,5,2,2,7,7,2,4,4,2,
15,0,5,4,3,7,7,2,5,5,4,
15,0,5,2,3,7,7,2,5,5,2,
16,0,5,2,3,7,7,2,5,5,3,
15,0,5,4,3,7,7,4,4,5,4,
29,0,5,21,3,6,8,2,4,5,21,
16,0,5,2,3,7,7,2,5,5,3,
16,0,5,3,3,7,7,2,5,5,2,
16,0,5,2,3,7,7,2,5,5,3,
16,0,5,2,3,7,8,2,5,5,3,
16,0,5,2,3,7,7,2,5,5,3,
17,0,7,3,5,9,9,2,7,7,3,
15,0,5,2,3,7,7,2,4,5,3,
16,0,5,3,3,7,8,3,5,5,3,
16,0,5,3,3,7,8,3,5,5,3,
16,0,5,3,3,7,8,3,5,5,3,
16,0,5,3,3,7,8,3,5,5,3,
16,0,6,3,3,8,8,3,5,5,3,
15,0,5,2,3,7,7,2,5,5,3,
16,0,5,2,2,7,7,2,4,4,2,
15,0,6,3,3,8,8,3,5,5,3,
15,0,4,2,2,6,6,2,4,4,2,
15,0,4,2,2,6,6,2,4,4,2,
15,0,5,2,3,7,7,2,4,5,3,
15,0,4,2,2,6,7,2,4,4,2,
15,0,5,2,3,7,7,2,4,5,2,
16,0,5,2,3,7,7,2,5,5,2,
17,0,8,2,2,9,9,2,4,4,2,
38,0,24,2,3,27,7,2,4,24,2,
17,0,5,2,3,9,6,2,4,5,2,
15,0,5,2,3,7,7,2,4,5,2,
18,0,5,2,3,7,7,2,5,5,3,
15,0,5,3,2,7,7,2,4,4,3,
16,0,5,2,3,7,7,5,5,5,2,
18,0,5,2,3,7,7,2,5,5,2,
19,0,5,2,3,7,7,2,5,5,3,
16,0,5,2,3,7,7,2,5,5,3,
16,0,5,3,3,7,7,2,5,5,3,
16,0,5,3,3,7,8,2,5,5,3,
16,0,5,3,3,7,8,2,5,5,3,
16,0,5,3,3,7,8,2,5,5,3,
16,0,5,3,3,7,7,3,5,5,3,
16,0,6,3,3,8,8,3,5,5,3,
16,0,6,3,3,8,8,3,5,5,3,
38,0,5,2,2,7,29,2,4,4,2,
15,0,5,2,2,7,7,2,4,5,2,
15,0,5,2,2,7,7,2,4,4,2,
15,0,5,2,3,7,7,2,4,5,2,
15,0,5,2,3,7,7,2,4,5,2,
15,0,5,2,2,7,7,2,4,4,2,
15,0,5,2,3,7,7,2,4,5,2,
15,0,5,2,3,7,7,2,5,5,2,
15,0,5,2,3,7,7,2,4,5,2,
16,0,5,2,3,7,7,2,5,5,2,
15,0,5,2,3,7,7,2,5,5,2,
16,0,5,2,3,7,7,2,5,5,2,
16,0,5,2,3,7,7,2,5,5,2,
16,0,5,2,3,7,7,2,5,5,3,
17,0,7,5,5,8,9,5,6,7,5,
16,0,5,2,3,7,7,2,5,5,3,
16,0,5,2,3,8,7,2,5,5,3,
16,0,5,3,3,7,8,2,5,5,3,
16,0,8,3,3,7,8,2,5,8,3,
16,0,5,3,3,7,8,2,5,5,3,
16,0,5,3,3,7,8,4,5,5,3,
19,0,5,2,3,7,7,2,5,5,3,
19,0,5,3,3,7,8,2,5,5,3,
16,0,6,3,3,8,8,3,5,5,3,
16,0,5,2,2,7,7,2,4,4,2,
16,0,5,2,3,7,7,1,5,5,2,
15,0,5,2,2,7,7,2,4,4,2,
15,0,5,2,3,7,7,2,4,5,2,
15,0,5,2,3,7,7,2,4,5,2,
15,0,5,2,3,7,7,2,4,5,2,
15,0,5,2,3,7,7,2,4,5,2,
15,0,5,2,3,7,7,2,5,5,2,
15,0,5,2,3,7,7,2,5,5,2,
16,0,5,2,3,7,7,2,5,5,2,
15,0,5,2,3,7,7,2,5,5,2,
16,0,5,2,3,7,7,2,5,5,2,
16,0,5,2,3,7,7,2,5,5,3,
16,0,5,2,3,7,7,2,5,5,3,
16,0,5,2,3,7,7,2,5,5,2,
15,0,5,2,3,7,7,2,5,5,3,
16,0,5,2,3,7,7,2,5,5,3,
16,0,5,3,3,7,7,2,5,5,3,
15,0,5,3,3,7,7,2,5,5,3,
16,0,5,3,3,7,8,3,5,5,3,
16,0,6,2,3,8,8,2,5,5,3,
19,0,8,3,3,10,11,3,8,8,3,
18,0,6,3,3,8,8,3,5,5,3,
16,0,6,3,3,8,7,3,5,5,3,
16,0,6,3,3,8,8,3,5,5,3,
18,0,5,2,2,7,7,2,4,4,2,
15,0,4,3,2,6,7,1,4,4,3,
15,0,5,2,3,7,7,2,4,5,2,
15,0,5,2,3,7,7,2,4,5,2,
17,0,7,4,4,9,9,4,6,6,4,
15,0,5,2,3,6,7,2,4,5,2,
15,0,5,2,3,7,7,2,4,5,2,
15,0,5,2,3,7,7,2,4,5,2,
16,0,5,2,3,7,7,2,5,5,2,
15,0,5,2,3,7,7,2,4,5,2,
16,0,5,2,3,7,7,2,5,5,2,
16,0,5,2,3,7,7,2,5,5,2,
16,0,5,2,3,7,7,2,5,5,2,
15,0,5,2,3,7,7,2,5,5,2,
16,0,5,2,3,7,7,2,5,5,3,
16,0,5,2,3,7,7,2,5,5,2,
16,0,5,2,3,7,7,2,5,5,3,
16,0,5,2,3,7,7,2,5,5,3,
16,0,5,2,3,7,7,2,5,5,2,
16,0,5,3,3,7,8,2,5,5,3,
16,0,5,3,3,8,8,3,5,5,3,
16,0,5,3,3,7,8,3,5,5,3,
16,0,5,2,3,7,7,2,4,5,2,
16,0,6,3,3,8,8,3,5,5,3,
16,0,5,2,3,7,7,2,4,5,2,
17,0,5,2,3,8,7,2,4,5,2,
16,0,6,3,4,8,8,3,6,6,3,
17,0,7,2,2,9,9,2,7,7,2,
18,0,6,3,3,8,8,3,5,5,3,
16,0,5,2,3,8,6,2,4,5,4,
15,0,5,2,3,7,7,2,5,5,2,
17,0,5,2,2,7,7,2,4,4,2,
15,0,4,2,2,7,7,1,4,4,3,
15,0,5,2,3,7,7,4,5,5,2,
18,0,5,2,3,7,7,2,5,5,2,
18,0,5,2,3,7,7,2,4,5,2,
16,0,5,2,3,7,7,2,5,5,2,
16,0,5,2,3,7,7,2,5,5,2,
16,0,5,2,3,7,7,2,5,5,2,
16,0,5,2,3,7,7,2,5,5,2,
16,0,5,3,3,7,7,2,5,5,3,
16,0,5,2,3,7,7,2,5,5,3,
16,0,5,2,3,7,8,2,5,5,3,
16,0,5,2,3,7,8,3,5,5,3,
16,0,5,3,3,7,8,3,5,5,3,
16,0,5,3,3,7,8,3,5,5,3,
16,0,5,3,3,8,8,3,5,5,3,
16,0,5,3,3,8,8,3,5,5,3,
16,0,5,2,2,7,7,2,4,4,2,
16,0,5,3,3,8,8,3,5,5,3,
15,0,5,2,3,7,7,2,4,4,2,
15,0,5,2,3,7,7,2,4,4,2,
15,0,5,2,3,7,7,2,4,5,2,
15,0,5,2,3,7,7,2,4,5,2,
15,0,5,2,3,7,7,2,4,5,2,
15,0,5,2,2,7,7,2,4,4,2,
15,0,5,2,3,7,7,2,5,5,2,
15,0,5,2,3,7,7,2,4,5,2,
17,0,5,5,5,9,9,5,6,5,5,
16,0,5,2,3,7,7,2,4,5,2,
16,0,5,2,3,7,7,2,5,5,2,
16,0,5,2,3,7,7,2,5,5,2,
16,0,5,2,3,7,7,2,5,5,3,
15,0,5,3,3,7,7,2,4,5,3,
16,0,5,2,3,7,7,5,5,5,3,
18,0,5,3,3,7,8,3,5,5,3,
19,0,5,3,3,7,8,3,5,5,3,
16,0,5,2,3,7,8,2,5,5,3,
16,0,5,2,2,7,7,2,4,4,2,
16,0,5,3,3,7,8,3,5,5,3,
16,0,5,3,3,7,8,3,5,5,3,
16,0,6,3,3,8,8,3,5,5,3,
16,0,5,2,2,7,7,2,4,4,2,
16,0,5,2,2,7,7,2,4,4,2,
15,0,5,2,3,7,7,2,4,5,2,
15,0,4,2,2,6,7,2,4,4,2,
15,0,5,2,3,7,7,2,4,5,2,
15,0,5,2,3,7,7,2,4,5,2,
15,0,4,2,2,6,7,2,4,4,2,
15,0,5,2,3,7,7,2,4,5,2,
15,0,5,2,3,7,7,2,4,5,2,
15,0,6,2,3,7,7,2,4,6,2,
15,0,5,2,3,7,7,2,5,5,2,
15,0,5,2,3,7,6,2,4,5,2,
15,0,5,2,3,7,7,2,5,5,2,
15,0,5,2,3,7,7,2,4,4,2,
16,0,5,2,3,7,7,2,5,5,2,
15,0,5,2,3,7,7,2,4,5,2,
16,0,5,2,3,7,8,2,5,5,3,
18,0,7,2,3,10,10,2,8,7,3,
18,0,5,2,3,7,7,2,5,5,3,
16,0,5,3,3,8,7,3,5,5,3,
16,0,6,2,3,8,8,3,5,5,2,
17,0,5,3,3,8,8,3,5,5,3,
15,0,5,4,2,7,7,2,4,4,4,
16,0,5,3,3,8,8,3,5,5,3,
16,0,5,2,2,7,7,2,4,4,2,
18,0,7,4,5,9,9,4,7,7,4,
16,0,5,2,2,6,6,2,4,5,2,
15,0,5,2,2,7,7,2,4,4,2,
15,0,5,2,3,7,7,2,4,5,2,
15,0,5,2,3,7,7,2,4,5,2,
15,0,5,2,3,7,7,2,5,5,2,
15,0,5,2,3,7,7,2,4,5,2,
15,0,5,2,3,7,7,2,4,5,2,
15,0,5,2,3,7,7,2,4,5,2,
15,0,5,2,3,7,7,2,5,5,2,
15,0,5,2,3,7,7,2,5,5,2,
15,0,5,2,3,7,7,2,5,5,2,
15,0,5,2,3,7,7,2,5,5,2,
16,0,5,2,3,7,7,2,5,5,2,
15,0,5,2,3,7,7,2,4,5,2,
16,0,5,2,3,7,7,2,5,5,2,
16,0,5,2,3,7,7,2,5,5,3,
16,0,5,2,3,7,7,2,5,5,3,
16,0,5,2,3,7,7,2,5,5,3,
16,0,5,3,3,7,8,3,5,5,3,
16,0,5,3,3,7,8,3,5,5,3,
16,0,5,3,3,7,8,3,5,5,3,
16,0,6,2,4,8,8,2,5,6,2,
19,0,8,3,3,11,11,3,8,8,3,
19,0,5,2,3,7,7,2,5,5,2,
17,0,4,2,2,8,6,2,4,4,2,
16,0,5,2,3,7,7,2,4,4,2,
15,0,5,2,2,7,7,2,4,4,2,
15,0,5,2,2,7,7,2,4,5,2,
15,0,5,2,3,7,7,3,4,5,2,
18,0,6,3,3,8,8,3,5,5,3,
18,0,5,2,3,7,7,2,4,5,2,
15,0,5,2,3,7,7,2,4,5,2,
15,0,5,2,3,7,7,2,5,5,2,
15,0,5,2,3,7,7,2,5,5,2,
15,0,5,2,3,7,7,2,5,5,2,
15,0,5,2,3,7,7,2,5,5,2,
16,0,5,2,3,7,7,2,5,5,2,
15,0,5,2,3,7,7,2,4,5,2,
16,0,5,2,3,7,7,2,5,5,3,
16,0,5,2,3,7,7,2,5,5,3,
16,0,5,2,3,7,8,2,5,5,3,
16,0,5,2,3,7,7,2,5,5,3,
16,0,5,3,3,7,8,3,5,5,3,
17,0,5,3,3,9,8,3,5,5,3,
16,0,5,3,3,7,8,2,5,5,3,
16,0,5,3,3,7,8,3,5,5,3,
16,0,5,3,3,8,8,3,5,5,3,
16,0,6,3,3,8,8,3,5,5,3,
16,0,6,3,3,8,8,3,5,5,3,
16,0,5,2,2,7,7,2,4,4,2,
16,0,5,2,3,7,7,2,4,5,2,
15,0,5,2,2,7,7,2,4,4,2,
15,0,5,2,3,7,7,2,4,5,2,
17,0,5,5,5,8,9,5,6,5,5,
16,0,5,2,3,7,7,2,5,5,2,
15,0,5,2,3,7,7,2,4,5,2,
15,0,5,2,3,7,7,2,4,5,2,
15,0,5,2,3,7,7,2,5,5,2,
15,0,5,2,2,7,7,2,4,4,3,
15,0,5,2,3,7,7,4,5,5,2,
18,0,5,2,3,7,7,2,5,5,2,
19,0,5,2,3,7,7,2,5,5,3,
16,0,5,2,3,7,7,2,5,5,3,
16,0,5,2,3,7,7,2,5,5,3,
16,0,5,3,3,7,7,2,5,5,3,
16,0,5,3,3,7,7,2,5,5,3,
16,0,5,3,3,8,8,3,5,5,3,
16,0,5,3,3,7,8,3,5,5,3,
16,0,6,3,3,8,8,3,5,5,3,
16,0,5,3,3,8,8,3,5,5,3,
16,0,6,3,3,8,8,3,5,5,3,
16,0,6,3,3,8,8,3,5,5,3,
16,0,5,2,3,7,7,2,4,5,2,
16,0,5,2,3,7,7,2,4,5,2,
16,0,5,2,2,7,7,2,4,5,2,
16,0,5,3,3,7,8,3,5,5,3,
15,0,5,2,3,7,7,2,4,5,2,
15,0,5,2,3,7,7,2,4,5,2,
15,0,5,2,3,7,7,2,4,5,2,
15,0,5,2,3,7,7,2,4,5,2,
15,0,5,2,3,7,7,2,5,5,2,
15,0,5,2,3,7,7,2,5,5,2,
15,0,5,2,3,7,7,2,5,5,2,
16,0,5,2,3,7,8,1,5,5,2,
18,0,5,2,3,10,10,2,5,5,2,
19,0,6,3,3,8,8,3,5,5,3,
17,0,5,2,3,9,7,2,5,5,3,
16,0,5,2,3,7,7,2,5,5,3,
16,0,5,3,3,7,8,3,5,5,3,
16,0,5,5,3,7,8,2,5,5,5,
16,0,5,3,3,7,8,3,5,5,3,
16,0,5,3,3,8,8,3,5,5,3,
16,0,5,3,3,8,8,5,5,5,3,
16,0,6,3,3,7,8,3,5,6,3,
16,0,6,3,3,8,8,3,5,5,3,
16,0,6,3,3,8,8,3,5,5,3,
16,0,5,2,2,7,7,2,4,4,2,
16,0,6,3,3,8,8,3,5,5,3,
16,0,5,2,3,7,7,2,4,4,2,
16,0,5,2,3,7,7,2,4,5,2,
16,0,5,2,3,7,7,2,4,5,2,
16,0,5,2,3,8,7,2,4,5,2,
15,0,5,2,3,7,7,2,4,5,2,
15,0,5,2,3,7,7,2,4,5,2,
15,0,5,2,3,7,7,2,5,5,2,
15,0,5,2,2,7,7,2,4,4,2,
15,0,5,2,3,7,7,2,5,5,2,
16,0,5,2,3,7,7,2,5,5,2,
16,0,5,3,3,7,7,2,5,5,3,
16,0,5,2,3,7,7,2,5,5,2,
16,0,5,3,3,7,7,2,5,5,3,
16,0,5,2,3,7,7,2,5,5,3,
16,0,5,3,3,7,8,2,5,5,3,
16,0,5,3,3,7,8,3,5,5,3,
16,0,6,2,4,8,8,2,5,6,2,
18,0,5,3,3,10,10,3,5,5,3,
19,0,6,3,3,8,8,3,5,5,3,
17,0,5,3,3,9,7,3,5,5,3,
16,0,6,3,3,8,8,3,5,5,3,
16,0,6,3,3,8,8,3,5,5,3,
15,0,5,3,3,7,7,2,5,5,3,
16,0,6,3,3,8,8,5,5,5,3,
16,0,5,2,3,7,7,2,4,4,2,
19,0,5,2,2,7,7,2,4,4,2,
16,0,5,2,3,7,7,2,4,5,2,
15,0,5,2,3,7,7,2,4,5,2,
15,0,5,2,3,7,7,2,5,5,2,
16,0,5,2,3,7,7,2,5,5,2,
15,0,5,2,3,7,7,2,4,5,2,
15,0,5,2,3,7,7,2,5,5,2,
15,0,5,2,3,7,7,2,5,5,2,
16,0,5,2,3,7,7,2,5,5,2,
16,0,5,2,3,7,7,2,5,5,3,
16,0,5,2,3,7,7,2,5,5,2,
15,0,5,2,3,7,7,2,5,5,3,
16,0,5,3,3,7,7,2,5,5,3,
16,0,5,3,3,7,8,2,5,5,3,
17,0,5,2,3,7,7,2,5,5,2,
16,0,5,3,3,7,8,2,5,5,3,
16,0,5,3,3,7,8,3,5,5,3,
16,0,5,3,3,8,8,3,5,5,3,
16,0,5,3,3,7,8,3,5,5,3,
19,0,5,3,3,7,8,2,5,5,3,
16,0,5,3,3,8,8,3,5,5,3,
16,0,5,3,3,8,8,3,5,5,3,
16,0,6,3,3,8,8,3,5,5,3,
16,0,5,2,2,7,7,2,4,4,2,
16,0,6,3,3,8,8,3,5,5,3,
18,0,5,2,3,7,7,2,4,5,2,
15,0,5,2,3,7,7,2,4,5,2,
16,0,6,2,4,8,8,2,6,6,2,
18,0,5,2,3,9,9,2,4,5,2,
20,0,5,2,3,7,7,2,4,5,2,
18,0,5,2,3,10,7,2,5,5,2,
15,0,5,2,3,7,7,2,4,5,2,
17,0,7,2,3,8,9,2,5,7,2,
16,0,5,5,3,7,7,2,5,5,5,
16,0,5,2,3,7,7,2,5,5,3,
16,0,5,3,3,8,8,3,5,5,3,
16,0,5,3,3,7,7,2,5,5,3,
18,0,8,3,3,7,9,2,5,7,3,
16,0,5,3,3,7,8,2,5,5,3,
16,0,6,3,3,8,8,3,5,5,3,
18,0,6,3,3,8,8,3,5,5,3,
16,0,5,3,3,7,8,3,5,5,3,
16,0,6,3,3,8,8,3,5,6,3,
16,0,6,3,3,8,8,3,5,5,3,
16,0,5,3,3,7,8,3,5,5,3,
16,0,5,2,2,7,7,2,4,4,2,
16,0,6,3,3,8,8,3,5,5,3,
16,0,5,2,2,7,7,2,4,4,2,
16,0,5,2,2,7,7,2,4,4,2,
16,0,5,2,3,7,7,2,4,5,2,
15,0,5,2,3,7,7,2,4,5,2,
15,0,5,2,3,7,7,2,4,5,2,
15,0,5,2,3,7,7,2,4,5,2,
15,0,5,2,3,7,7,2,5,5,2,
16,0,4,3,3,7,7,4,5,4,3,
15,0,5,2,3,7,7,2,5,5,2,
15,0,5,2,3,7,7,2,5,5,2,
16,0,5,2,3,7,7,2,5,5,3,
18,0,7,2,3,9,10,2,7,7,2,
16,0,5,2,3,7,7,2,5,5,3,
15,0,5,2,3,7,7,3,4,5,2,
18,0,5,3,3,7,8,3,5,5,3,
17,0,5,2,3,7,7,2,5,5,2,
16,0,5,3,3,7,8,3,5,5,3,
16,0,5,5,3,7,7,2,4,5,5,
16,0,5,3,3,7,8,3,5,5,3,
16,0,6,3,3,8,8,3,5,5,3,
16,0,6,3,3,8,8,3,5,5,3,
18,0,7,3,3,7,10,3,5,7,3,
16,0,6,3,3,8,8,3,5,5,3,
16,0,6,3,3,8,8,3,5,5,3,
19,0,5,2,3,7,8,3,5,5,3,
16,0,5,2,3,7,7,2,4,5,2,
16,0,5,2,3,7,7,2,4,5,2,
16,0,5,2,3,7,7,2,4,5,2,
15,0,5,2,3,7,7,2,4,5,2,
15,0,5,2,3,7,7,2,4,5,2,
15,0,5,2,3,7,7,2,5,5,2,
15,0,5,2,3,7,7,2,5,5,2,
16,0,5,2,3,7,8,2,5,5,2,
15,0,5,2,3,7,7,2,5,5,2,
15,0,5,2,3,7,7,2,5,5,2,
15,0,5,2,3,7,7,2,5,5,3,
16,0,5,3,3,7,7,2,5,5,3,
16,0,5,2,3,7,7,2,5,5,3,
18,0,6,2,6,10,10,2,7,6,3,
16,0,5,2,3,7,7,2,5,5,3,
16,0,5,3,3,7,8,3,5,5,3,
16,0,5,2,3,7,7,2,5,5,3,
18,0,8,3,3,10,10,3,7,7,3,
18,0,5,3,3,9,9,3,5,5,3,
15,0,5,2,3,7,7,3,5,5,2,
17,0,5,2,3,7,7,2,5,5,2,
18,0,5,2,3,7,7,2,4,5,2,
16,0,5,3,3,8,8,3,5,5,3,
16,0,5,2,3,7,7,2,4,5,2,
16,0,5,2,2,7,7,2,4,4,2,
16,0,5,2,3,7,7,2,4,5,2,
16,0,5,2,3,7,7,2,4,5,2,
15,0,5,2,3,7,7,2,4,5,2,
15,0,5,2,3,7,7,2,4,5,2,
15,0,5,2,3,7,7,2,5,5,2,
15,0,5,2,3,7,7,2,5,5,2,
15,0,5,2,3,7,7,2,5,5,2,
15,0,5,2,3,7,7,2,5,5,2,
16,0,5,2,3,7,7,2,5,5,2,
15,0,5,2,3,7,7,2,5,5,2,
16,0,5,2,3,7,7,2,5,5,3,
16,0,5,2,3,7,7,2,5,5,3,
16,0,5,3,3,7,7,2,5,5,3,
16,0,5,3,3,7,7,2,5,5,3,
16,0,5,3,3,8,8,3,5,5,3,
16,0,5,3,3,7,7,2,5,5,3,
16,0,5,3,3,7,8,3,5,5,3,
16,0,5,3,3,7,8,2,5,5,3,
16,0,5,3,3,7,8,3,5,5,3,
16,0,5,4,4,8,8,4,5,5,4,
16,0,6,3,3,8,8,3,5,5,3,
16,0,6,3,3,8,8,3,5,5,3,
16,0,6,3,3,8,8,3,5,5,3,
18,0,7,2,2,9,9,2,7,7,2,
16,0,5,2,3,7,7,2,4,5,2,
16,0,4,1,2,6,6,3,4,4,2,
17,0,5,2,3,7,7,2,4,5,2,
18,0,5,2,3,7,7,2,4,5,2,
15,0,5,2,3,7,7,2,5,5,2,
15,0,5,2,3,7,7,2,5,5,2,
16,0,5,2,3,7,7,2,5,5,2,
35,0,5,2,3,7,7,3,5,5,3,
15,0,5,2,3,7,7,2,5,5,2,
15,0,5,2,3,7,7,2,5,5,2,
15,0,5,2,3,7,7,2,5,5,2,
15,0,5,2,3,7,7,2,5,5,2,
15,0,5,2,3,7,7,2,5,5,3,
16,0,5,3,3,7,7,2,5,5,2,
16,0,5,2,3,7,7,2,5,5,3,
16,0,5,2,3,7,7,2,5,5,3,
16,0,5,3,3,7,7,2,5,5,3,
16,0,5,2,3,7,7,2,5,5,3,
16,0,5,2,3,7,7,2,5,5,3,
16,0,5,2,3,7,7,2,5,5,3,
16,0,5,3,3,7,8,3,5,5,3,
16,0,5,3,3,7,8,3,5,5,3,
16,0,6,3,3,8,8,3,5,5,3,
16,0,5,3,3,8,8,3,5,5,3,
16,0,6,3,3,8,8,3,5,5,3,
16,0,6,2,4,8,8,3,6,6,2,
19,0,7,2,3,10,10,2,7,7,2,
18,0,5,2,3,7,7,2,5,5,2,
16,0,5,2,3,8,6,2,4,5,2,
15,0,5,2,3,7,7,2,4,5,2,
18,0,5,2,3,7,7,2,4,5,2,
15,0,5,3,3,7,7,2,4,5,4,
15,0,5,2,3,7,7,2,5,5,2,
15,0,5,2,3,7,7,2,5,5,2,
17,0,7,4,4,9,9,4,6,6,4,
15,0,5,2,3,7,7,2,5,5,2,
15,0,5,2,3,7,7,2,5,5,3,
15,0,5,2,3,7,7,2,5,5,2,
16,0,5,3,3,7,8,3,5,5,3,
15,0,5,2,3,7,7,2,5,5,2,
16,0,5,2,3,7,7,2,5,5,3,
16,0,5,3,3,7,7,2,5,5,3,
16,0,5,3,3,7,8,3,5,5,3,
16,0,5,3,3,7,8,3,5,5,3,
16,0,5,3,3,7,8,3,5,5,3,
16,0,5,3,3,7,8,3,5,5,3,
16,0,6,3,3,8,8,3,5,5,3,
16,0,6,3,3,8,8,3,5,5,3,
16,0,6,3,3,8,8,3,5,5,3,
16,0,6,3,3,8,8,3,5,5,3,
16,0,5,2,3,7,7,2,4,5,2,
15,0,5,2,3,7,7,2,4,5,2,
15,0,5,2,3,7,7,2,4,5,2,
15,0,5,2,3,7,7,2,4,5,2,
15,0,5,2,2,7,7,2,4,4,2,
15,0,5,2,3,7,7,2,4,5,2,
16,0,5,1,3,7,8,2,5,5,2,
18,0,7,2,3,10,10,2,7,7,2,
17,0,5,2,3,7,7,2,5,5,2,
15,0,5,2,3,7,7,2,5,5,2,
15,0,5,2,3,7,7,2,5,5,2,
16,0,5,2,3,7,7,2,5,5,2,
15,0,5,3,3,7,7,2,4,5,3,
16,0,5,2,3,7,7,4,5,5,3,
18,0,5,2,2,7,7,2,4,4,2,
19,0,5,3,3,7,8,3,5,5,3,
16,0,5,3,3,8,8,3,5,5,3,
16,0,5,3,3,7,8,3,5,5,3,
16,0,6,3,3,8,8,3,5,5,3,
16,0,6,3,3,8,8,3,5,5,3,
16,0,5,3,3,8,8,3,5,5,3,
16,0,6,3,3,8,8,3,5,5,3,
16,0,5,2,3,7,7,2,4,5,2,
16,0,5,2,2,7,7,2,4,5,2,
16,0,5,2,3,7,7,2,4,5,2,
15,0,5,2,3,7,7,2,4,5,2,
15,0,5,2,3,7,7,2,4,5,2,
15,0,5,2,3,7,7,2,4,5,2,
15,0,5,2,3,7,7,2,4,5,2,
16,0,5,2,2,7,7,2,4,4,2,
15,0,5,2,3,7,7,2,5,5,2,
15,0,5,2,3,7,7,2,5,5,2,
15,0,5,2,3,7,7,2,5,5,2,
15,0,5,2,3,7,7,2,5,5,2,
16,0,5,2,3,7,7,2,5,5,3,
17,0,5,2,3,9,9,2,5,5,2,
15,0,5,2,3,7,7,2,5,5,2,
16,0,5,2,3,7,8,2,5,5,2,
34,0,24,2,22,26,27,2,24,24,2,
18,0,4,2,2,6,6,2,4,4,2,
16,0,5,2,3,8,7,2,5,5,3,
15,0,5,2,3,7,7,2,5,5,3,
17,0,5,3,3,7,8,3,5,5,3,
15,0,5,4,3,7,7,2,5,5,4,
16,0,5,3,3,7,8,3,5,5,3,
16,0,5,3,3,7,8,3,5,5,3,
17,0,7,4,5,9,9,4,7,7,4,
15,0,5,3,3,7,7,3,5,5,3,
16,0,4,2,2,6,7,2,4,4,2,
16,0,4,2,2,6,6,2,4,4,2,
16,0,4,2,2,6,7,2,4,4,2,
15,0,5,2,3,7,7,2,4,5,2,
15,0,5,2,3,7,7,2,4,5,2,
15,0,5,2,3,7,7,2,4,5,2,
15,0,5,2,3,7,7,2,5,5,2,
15,0,5,2,3,7,7,2,4,5,2,
15,0,5,2,3,7,7,2,5,5,2,
15,0,5,2,3,7,7,2,5,5,2,
15,0,5,2,3,7,7,2,5,5,2,
15,0,5,2,3,7,7,2,5,5,2,
16,0,5,3,3,8,8,3,5,5,3,
15,0,5,2,3,7,7,2,5,5,2,
15,0,5,3,3,7,7,2,5,5,3,
16,0,5,2,3,7,7,2,5,5,2,
16,0,5,3,3,7,7,2,5,5,3,
16,0,5,2,3,7,7,2,5,5,3,
16,0,5,3,3,7,8,3,5,5,3,
16,0,5,3,3,7,8,3,5,5,3,
16,0,6,2,4,8,8,2,6,6,2,
18,0,8,3,3,10,10,3,5,8,3,
20,0,6,3,3,8,8,3,5,5,3,
18,0,6,3,3,9,8,3,5,5,3,
16,0,5,2,3,7,7,2,4,5,2,
18,0,5,2,2,7,7,2,4,4,2,
16,0,5,3,3,7,7,2,4,5,3,
15,0,5,2,3,7,7,5,4,5,2,
17,0,5,2,3,7,7,2,4,5,2,
18,0,5,2,3,7,7,2,4,5,2,
15,0,5,2,3,7,7,2,4,5,2,
15,0,4,2,2,7,7,2,4,4,2,
15,0,5,2,3,7,7,2,4,5,2,
15,0,5,2,3,7,7,2,5,5,2,
16,0,5,2,3,8,7,2,5,5,2,
15,0,5,2,3,7,7,2,5,5,2,
15,0,5,2,3,7,7,2,4,5,2,
15,0,5,2,3,7,7,2,5,5,2,
16,0,5,3,3,7,7,2,5,5,3,
18,0,5,3,3,7,7,2,5,5,3,
16,0,5,2,3,7,7,2,5,5,3,
16,0,5,2,3,7,7,2,5,5,3,
16,0,5,3,3,7,7,2,5,5,3,
16,0,5,2,3,7,7,2,5,5,3,
16,0,5,3,3,8,8,3,5,5,3,
17,0,6,3,3,9,9,3,5,5,3,
16,0,6,3,3,8,8,3,5,5,3,
16,0,5,3,3,7,8,3,5,5,3,
16,0,5,2,2,7,7,2,4,4,2,
16,0,5,2,2,7,7,2,4,4,2,
16,0,5,2,2,7,7,2,4,4,2,
15,0,6,3,4,8,8,3,6,6,3,
17,0,5,2,5,8,9,2,6,5,2,
16,0,5,2,3,7,7,2,4,5,2,
15,0,5,2,3,7,6,2,4,5,2,
15,0,5,2,3,7,7,2,4,5,2,
16,0,5,2,3,7,7,2,5,5,2,
15,0,4,2,2,6,7,1,4,4,3,
15,0,5,2,3,7,7,5,5,5,2,
15,0,5,2,3,7,7,2,5,5,2,
17,0,5,2,2,7,7,2,4,4,2,
15,0,5,2,3,7,7,2,5,5,2,
15,0,5,2,3,7,7,2,5,5,2,
15,0,5,2,3,7,7,2,5,5,3,
16,0,5,2,3,7,7,2,5,5,3,
16,0,5,3,3,7,7,2,5,5,3,
16,0,5,2,3,7,7,2,5,5,3,
15,0,5,2,3,7,7,2,4,5,3,
16,0,5,3,3,7,8,3,5,5,3,
15,0,5,2,3,7,7,2,5,5,3,
16,0,5,3,3,8,8,3,5,5,3,
15,0,5,3,3,7,7,3,5,5,3,
16,0,5,3,3,7,8,3,5,5,3,
16,0,5,3,3,7,7,3,5,5,3,
15,0,5,2,3,7,7,2,5,5,3,
16,0,5,2,2,7,7,2,4,5,2,
15,0,5,2,2,7,7,2,4,5,2,
15,0,5,2,2,7,7,2,4,5,2,
15,0,5,2,3,7,7,2,4,5,2,
15,0,5,2,3,7,7,2,4,5,2,
15,0,5,2,3,7,7,2,4,5,2,
15,0,5,2,3,7,7,2,4,5,2,
15,0,5,2,3,7,7,2,5,5,2,
18,0,6,2,3,9,9,2,7,6,2,
17,0,5,3,3,7,8,3,5,5,3,
16,0,5,2,3,8,7,2,5,5,2,
15,0,5,3,3,7,7,2,5,5,2,
17,0,5,2,3,7,7,2,5,5,2,
15,0,5,3,3,7,7,2,4,5,4,
16,0,5,2,3,7,7,5,5,5,3,
16,0,5,2,3,7,8,2,5,5,3,
17,0,7,4,5,9,9,4,6,7,4,
15,0,5,3,3,7,7,3,5,5,3,
16,0,5,3,3,8,8,3,5,5,3,
16,0,5,3,3,7,7,3,5,5,3,
16,0,5,3,3,8,8,3,5,5,3,
16,0,5,3,3,8,8,3,5,5,3,
16,0,5,3,3,8,8,3,5,5,3,
16,0,5,2,2,7,7,2,4,4,2,
16,0,5,2,2,7,7,2,4,4,2,
16,0,4,2,2,6,7,2,4,4,2,
15,0,4,2,2,6,7,2,4,4,2,
15,0,5,2,3,7,7,2,4,5,2,
17,0,5,2,3,9,9,2,4,5,2,
15,0,5,2,3,7,7,2,4,5,2,
16,0,5,2,3,7,7,2,5,5,3,
15,0,5,2,3,7,7,2,4,5,2,
15,0,5,2,2,7,7,2,4,4,2,
15,0,5,2,3,7,7,2,5,5,2,
15,0,5,2,3,7,7,2,5,5,2,
15,0,5,2,3,7,7,2,5,5,2,
15,0,5,2,3,7,7,2,5,5,3,
16,0,5,3,3,7,8,2,5,5,3,
16,0,6,2,3,8,8,2,5,5,2,
18,0,8,3,3,10,10,3,8,8,3,
19,0,5,2,3,7,7,2,5,5,2,
17,0,5,3,3,9,7,3,5,5,3,
16,0,5,3,3,7,8,3,5,5,3,
16,0,5,3,3,7,8,3,5,5,3,
16,0,5,4,3,7,8,2,5,5,4,
16,0,5,3,3,7,8,5,5,5,3,
18,0,5,3,3,7,8,3,5,5,3,
19,0,5,2,3,7,7,2,5,5,3,
16,0,6,3,3,8,8,3,5,5,3,
16,0,5,2,2,7,7,2,4,4,2,
16,0,5,2,2,7,7,2,4,5,2,
16,0,5,2,3,7,7,2,4,5,2,
15,0,5,2,3,7,7,2,4,5,2,
15,0,5,2,3,7,7,2,4,5,2,
15,0,5,2,3,7,7,2,4,5,2,
15,0,5,2,3,7,7,2,5,5,2,
15,0,5,2,2,7,7,2,4,5,2,
15,0,5,2,3,7,7,2,5,5,2,
15,0,5,2,3,7,7,2,5,5,2,
15,0,5,2,3,7,7,2,5,5,2,
15,0,5,2,3,7,7,2,5,5,2,
15,0,5,2,3,7,7,2,5,5,3,
15,0,5,2,3,7,7,2,5,5,3,
33,22,2,24,0,4,5,24,2,2,24,
16,0,5,3,3,8,8,3,5,5,3,
16,0,5,3,3,7,8,3,5,5,3,
16,0,5,3,3,7,8,3,5,5,3,
16,0,5,3,3,7,8,2,5,5,3,
16,0,5,3,3,7,8,3,5,5,3,
16,0,6,3,3,8,8,3,5,5,3,
17,0,5,5,5,9,9,5,6,5,5,
16,0,6,3,3,8,8,3,5,5,3,
16,0,5,3,3,8,8,3,5,5,3,
16,0,6,3,3,8,8,3,5,5,3,
16,0,5,2,2,7,7,2,4,5,2,
16,0,5,3,3,7,7,3,5,5,3,
15,0,5,2,3,7,7,4,4,5,2,
18,0,6,3,3,8,8,3,5,5,3,
18,0,5,2,3,7,7,2,4,5,2,
15,0,5,2,3,7,7,2,5,5,2,
17,0,6,2,3,8,8,2,6,6,2,
15,0,5,2,3,7,7,2,5,5,2,
15,0,5,2,3,7,7,2,5,5,2,
15,0,5,2,3,7,7,2,5,5,3,
15,0,5,2,3,7,7,2,5,5,2,
16,0,5,3,3,7,7,2,5,5,3,
17,0,5,2,3,8,9,2,5,5,3,
16,0,5,3,3,7,8,2,5,5,3,
16,0,5,3,3,7,8,3,5,5,3,
16,0,5,3,3,7,8,2,5,5,3,
16,0,5,3,3,7,8,3,5,5,3,
16,0,5,3,3,7,8,3,5,5,3,
15,0,5,2,3,7,7,2,4,5,2,
16,0,6,3,3,8,8,3,5,5,3,
16,0,6,3,3,8,8,3,5,5,3,
16,0,6,3,3,8,8,3,5,5,3,
16,0,6,3,3,8,8,3,5,5,3,
16,0,5,2,2,7,7,2,4,4,2,
16,0,6,3,3,8,8,3,5,5,3,
16,0,6,3,4,8,8,3,5,6,3,
15,0,6,2,4,8,8,3,6,6,2,
18,0,7,2,3,10,10,2,7,7,2,
18,0,5,2,3,7,7,2,4,5,2,
17,0,5,2,3,8,7,2,5,5,2,
15,0,5,2,3,7,7,2,5,5,2,
18,0,5,2,3,7,7,2,5,5,2,
15,0,5,4,3,7,7,2,5,5,4,
15,0,5,2,3,7,7,2,5,5,2,
15,0,5,2,3,7,7,2,5,5,3,
17,0,7,4,5,9,9,4,7,7,4,
16,0,6,2,3,6,8,2,4,6,3,
16,0,5,3,3,7,8,3,5,5,3,
16,0,5,3,3,7,7,2,5,5,3,
16,0,5,3,3,7,8,3,5,5,3,
16,0,5,3,3,7,8,3,5,5,3,
16,0,5,3,3,7,8,2,5,5,3,
16,0,5,3,3,7,8,3,5,5,3,
16,0,5,3,3,8,8,3,5,5,3,
16,0,5,3,3,8,8,3,5,5,3,
16,0,6,3,3,8,8,3,5,5,3,
16,0,5,3,3,8,8,3,5,5,3,
16,0,6,3,3,8,8,3,5,5,3,
16,0,6,3,3,8,8,3,5,6,3,
16,0,6,3,4,8,8,3,5,6,3,
15,0,5,2,3,7,7,2,4,5,2,
15,0,5,2,3,7,7,2,4,5,2,
15,0,5,2,3,7,7,2,4,5,2,
15,0,5,2,3,7,7,2,5,5,2,
15,0,5,2,3,7,7,2,5,5,2,
15,0,5,2,3,7,7,2,5,5,2,
15,0,5,2,3,7,7,2,5,5,2,
16,0,5,2,3,8,8,2,5,5,2,
18,0,8,2,3,9,10,2,8,8,2,
19,0,5,2,3,7,8,2,5,5,2,
18,0,6,2,4,10,7,2,5,5,3,
16,0,6,2,4,8,8,2,5,6,3,
19,0,6,2,4,8,8,2,5,6,3,
16,0,6,4,3,8,8,2,5,5,4,
18,0,8,2,6,10,10,5,7,8,3,
19,0,6,2,4,8,8,2,5,6,3,
19,0,6,2,3,8,8,2,5,5,3,
16,0,6,3,4,8,8,2,6,6,3,
16,0,6,2,4,8,8,2,6,6,3,
16,0,6,3,4,8,8,2,6,6,3,
18,0,7,3,4,10,10,3,8,7,3,
16,0,6,3,4,8,8,3,6,6,3,
16,0,6,3,4,8,8,3,6,6,3,
16,0,6,3,4,8,8,3,6,6,3,
16,0,5,2,3,7,8,2,5,5,2,
16,0,5,2,3,7,8,2,5,5,2,
16,0,5,2,3,7,7,2,5,5,2,
16,0,5,2,3,7,8,2,5,5,2,
16,0,5,2,3,7,8,2,5,5,2,
16,0,6,2,3,8,8,2,5,5,2,
16,0,5,2,3,7,8,2,5,5,2,
16,0,6,2,3,8,8,2,5,5,2,
16,0,6,2,3,8,8,2,5,5,2,
16,0,6,2,3,8,8,2,5,5,3,
16,0,6,2,4,8,8,2,5,6,3,
16,0,5,3,3,7,8,3,5,5,3,
16,0,6,3,4,8,8,3,6,6,3,
16,0,5,3,3,8,8,3,5,5,3,
16,0,5,3,3,7,8,3,5,5,3,
17,0,5,5,5,8,9,5,6,5,5,
16,0,5,3,3,7,8,3,5,5,3,
16,0,5,3,3,7,8,3,5,5,3,
16,0,5,2,2,7,7,2,4,4,2,
16,0,5,3,3,7,7,3,5,5,3,
16,0,6,3,3,8,8,3,5,5,3,
16,0,5,2,3,7,7,3,4,5,2,
18,0,5,3,3,7,7,3,5,5,3,
19,0,6,3,3,8,8,3,5,5,3,
16,0,5,2,3,7,7,2,4,5,2,
15,0,4,2,2,6,7,2,4,4,2,
15,0,5,2,3,7,7,2,5,5,2,
15,0,5,2,3,7,7,2,4,5,2,
15,0,5,2,3,7,7,2,5,5,2,
15,0,5,2,3,7,7,2,5,5,2,
15,0,5,2,3,7,7,2,5,5,2,
16,0,6,3,3,8,8,3,5,5,3,
15,0,5,2,3,7,7,2,5,5,2,
15,0,5,2,3,7,7,2,5,5,3,
15,0,5,2,3,7,7,2,5,5,2,
16,0,5,2,3,7,7,2,5,5,3,
16,0,5,2,3,7,8,2,5,5,3,
16,0,6,3,3,8,8,3,5,5,3,
16,0,5,2,3,7,7,2,5,5,3,
16,0,5,3,3,7,8,3,5,5,3,
16,0,5,3,3,7,8,3,5,5,3,
15,0,5,3,3,7,7,3,5,5,3,
16,0,5,3,3,8,8,3,5,5,3,
16,0,6,3,3,8,8,3,5,5,3,
16,0,6,3,3,8,8,3,5,5,3,
16,0,6,2,4,8,8,2,6,6,2,
18,0,4,2,2,8,9,2,4,4,2,
19,0,5,2,3,7,7,2,4,5,2,
18,0,6,2,3,9,8,2,6,6,2,
15,0,5,2,3,7,7,2,4,5,2,
15,0,5,2,3,7,7,2,5,5,2,
15,0,5,4,3,7,7,2,5,5,4,
15,0,5,2,3,7,7,2,5,5,2,
15,0,5,2,3,7,7,2,5,5,2,
17,0,5,2,3,8,9,4,5,5,2,
17,0,7,2,3,6,8,2,4,6,3,
16,0,5,2,3,7,7,2,5,5,3,
15,0,5,2,3,7,7,2,5,5,3,
16,0,5,2,3,7,7,2,5,5,3,
16,0,5,2,3,7,7,2,5,5,3,
16,0,5,2,3,7,7,2,5,5,3,
16,0,5,2,3,7,7,2,5,5,3,
16,0,5,3,3,7,8,3,5,5,3,
16,0,6,3,3,8,8,3,5,5,3,
16,0,5,3,3,7,8,3,5,5,3,
16,0,6,3,3,7,8,3,5,5,3,
16,0,6,3,3,8,8,3,5,5,3,
16,0,6,3,3,8,8,3,5,5,3,
19,0,5,3,3,7,8,3,5,5,3,
16,0,5,2,3,7,7,2,4,5,2,
204,76,88,99,0,4,4,78,1,22,165,
15,0,5,2,3,7,7,2,4,5,2,
15,0,5,2,3,7,7,2,4,5,2,
16,0,5,2,3,8,8,2,5,5,2,
18,0,5,2,3,9,9,2,5,5,2,
19,0,5,3,3,8,8,3,5,5,3,
17,0,5,2,3,9,7,2,5,5,2,
15,0,5,2,3,7,7,2,5,5,2,
17,0,5,2,3,7,7,2,5,5,2,
15,0,5,3,3,7,7,2,4,5,3,
16,0,5,2,3,7,7,5,5,5,3,
15,0,5,2,3,7,7,2,5,5,3,
17,0,5,2,3,7,7,2,4,5,6,
16,0,5,3,3,7,7,2,5,5,3,
16,0,5,2,3,7,8,2,5,5,3,
16,0,5,2,3,7,8,2,5,5,3,
33,0,25,3,3,7,8,3,5,5,3,
16,0,6,3,3,8,8,3,5,5,3,
16,0,6,3,3,8,8,3,5,5,3,
16,0,5,2,2,7,7,2,4,4,2,
16,0,6,3,3,8,8,3,5,5,3,
16,0,5,2,2,7,7,2,4,4,2,
16,0,5,2,3,7,7,2,4,5,2,
16,0,5,2,3,7,7,2,5,5,2,
15,0,5,2,3,7,7,2,4,5,2,
15,0,5,2,3,7,7,2,5,5,2,
15,0,5,2,3,7,7,2,5,5,2,
15,0,5,2,3,7,7,2,5,5,2,
15,0,5,2,3,7,7,2,5,5,2,
15,0,5,2,3,7,7,2,5,5,2,
15,0,5,2,3,7,7,2,5,5,2,
15,0,5,2,2,7,7,2,4,4,2,
15,0,5,2,2,7,7,2,4,4,2,
16,0,6,2,4,8,8,2,6,6,2,
16,0,6,2,3,8,8,2,5,5,2,
18,0,7,3,3,10,10,2,8,7,3,
18,0,5,3,3,7,8,3,5,5,3,
17,0,5,3,3,9,7,2,5,5,3,
16,0,5,3,3,7,8,3,5,5,3,
18,0,6,3,3,9,9,2,7,6,3,
16,0,5,5,3,7,8,2,5,5,5,
16,0,5,3,3,7,8,3,5,5,3,
16,0,5,3,3,8,8,3,5,5,3,
18,0,8,5,5,10,10,5,7,7,5,
16,0,6,2,2,5,7,2,3,5,2,
16,0,5,2,2,7,7,2,4,5,2,
16,0,5,2,3,7,7,2,4,5,2,
18,0,5,2,3,7,7,2,4,5,2,
16,0,5,2,3,7,7,2,4,5,2,
15,0,5,2,3,7,7,2,5,5,2,
15,0,5,2,3,7,7,2,4,5,2,
15,0,5,2,3,7,7,2,5,5,2,
15,0,5,2,3,7,7,2,5,5,2,
15,0,5,2,3,7,7,2,5,5,2,
15,0,5,2,3,7,7,2,5,5,2,
15,0,5,2,3,7,7,2,5,5,2,
15,0,5,2,3,7,7,2,5,5,3,
15,0,5,2,3,7,7,2,5,5,2,
15,0,5,2,3,7,7,2,4,5,3,
15,0,5,3,3,7,7,2,5,5,3,
16,0,5,2,3,7,8,2,5,5,3,
16,0,6,2,3,8,8,2,5,5,3,
16,0,6,3,3,8,8,3,5,5,3,
16,0,6,3,3,8,8,3,5,6,3,
16,0,6,3,4,8,8,3,5,6,3,
17,0,7,2,5,9,9,2,6,7,2,
18,0,9,3,4,10,10,3,5,6,3,
20,0,6,2,3,8,8,2,5,5,3,
18,0,5,2,3,9,7,2,5,5,2,
16,0,5,2,3,7,7,2,5,5,2,
16,0,5,2,3,7,7,2,5,5,2,
16,0,5,5,3,7,7,2,5,5,5,
16,0,5,2,3,7,7,2,5,5,2,
16,0,5,2,3,7,7,2,5,5,2,
15,0,5,2,3,7,7,2,5,5,2,
17,0,7,2,3,6,9,2,4,7,2,
15,0,5,2,3,7,7,2,4,5,2,
15,0,5,2,3,7,7,2,5,5,2,
16,0,5,2,3,7,7,2,5,5,2,
16,0,5,2,3,7,8,2,5,5,2,
15,0,5,2,3,7,7,2,5,5,3,
15,0,5,2,3,7,7,2,5,5,2,
16,0,5,2,3,7,7,2,5,5,3,
15,0,5,2,3,7,7,2,5,5,3,
16,0,5,2,3,7,8,2,5,5,3,
16,0,5,3,3,7,8,2,5,5,3,
16,0,5,3,3,7,8,3,5,5,3,
15,0,5,2,3,7,7,2,5,5,3,
16,0,6,3,4,8,8,2,6,6,3,
16,0,6,3,3,8,8,3,5,5,3,
16,0,5,2,2,7,7,2,4,5,2,
17,0,5,3,3,7,7,3,5,5,3,
16,0,3,0,0,5,5,0,2,2,0,
16,0,5,2,3,7,7,2,4,5,2,
16,0,5,2,3,7,7,2,4,5,2,
16,0,5,2,3,7,7,2,4,5,2,
18,0,7,2,3,9,9,2,6,7,2,
21,0,5,2,3,12,12,2,5,5,2,
15,0,4,2,2,6,7,2,4,4,2,
17,0,5,3,3,7,8,3,5,5,3,
17,0,5,2,3,7,8,3,5,5,3,
15,0,5,2,3,7,7,2,5,5,2,
15,0,5,5,3,7,7,2,5,5,5,
15,0,5,2,3,7,7,2,5,5,2,
15,0,5,2,3,7,7,2,5,5,2,
15,0,5,2,3,7,7,2,5,5,2,
17,0,8,2,3,7,9,2,5,8,3,
15,0,5,2,3,7,7,2,5,5,3,
15,0,5,2,3,7,7,2,5,5,3,
15,0,5,3,3,7,7,2,5,5,3,
15,0,5,2,3,7,7,2,5,5,3,
16,0,5,3,3,7,8,2,5,5,3,
17,0,5,2,2,7,8,2,4,4,2,
16,0,6,3,3,8,8,3,5,6,3,
16,0,5,2,2,7,7,2,4,4,2,
16,0,5,2,2,7,7,2,4,5,2,
16,0,5,2,3,7,7,2,4,5,2,
16,0,5,2,3,7,7,2,4,5,2,
16,0,5,2,3,7,7,2,4,5,2,
16,0,5,2,3,7,7,2,5,5,2,
16,0,5,2,3,7,7,2,5,5,2,
16,0,5,2,3,7,7,2,5,5,2,
17,0,5,2,3,7,7,2,5,5,2,
16,0,5,5,5,8,8,5,6,5,5,
15,0,5,2,2,7,7,2,4,4,3,
15,0,5,2,2,7,7,2,4,4,2,
15,0,5,2,3,7,7,2,5,5,2,
17,0,7,2,3,9,9,2,7,7,2,
15,0,5,2,3,7,7,2,5,5,3,
15,0,4,1,2,6,6,2,4,4,2,
19,0,5,3,3,7,8,3,5,5,3,
18,0,5,2,3,7,7,2,5,5,2,
15,0,5,3,3,7,7,2,5,5,3,
16,0,5,3,3,7,8,2,5,5,3,
16,0,5,3,3,7,8,2,5,5,3,
16,0,5,3,3,8,8,3,5,5,3,
16,0,5,3,3,8,8,3,5,5,3,
16,0,6,3,3,8,8,3,5,5,3,
16,0,5,2,2,7,7,2,4,4,2,
16,0,5,2,3,7,7,2,4,5,2,
16,0,5,2,3,7,7,2,4,5,2,
16,0,5,2,3,7,7,2,4,5,2,
16,0,5,2,2,7,7,2,4,4,2,
16,0,5,2,3,7,7,2,5,5,2,
16,0,5,3,3,7,7,2,4,5,3,
16,0,5,2,3,7,7,2,5,5,2,
16,0,5,2,3,7,7,2,5,5,2,
16,0,5,2,3,7,7,2,5,5,2,
15,0,5,2,3,7,7,2,5,5,2,
17,0,5,2,3,7,7,2,5,5,3,
15,0,5,2,3,7,7,2,5,5,3,
33,0,5,2,24,7,8,2,5,5,3,
16,0,5,2,3,7,7,2,5,5,2,
15,0,5,2,3,7,7,2,5,5,2,
17,0,5,5,5,8,9,5,6,5,5,
22,0,5,3,5,8,9,3,6,5,3,
16,0,5,2,3,7,8,3,5,5,3,
16,0,5,3,3,7,8,3,5,5,3,
17,0,7,2,5,9,9,2,7,7,2,
18,0,6,3,3,9,10,3,5,5,3,
21,0,5,3,3,7,8,3,5,5,3,
18,0,6,3,3,10,8,3,5,5,3,
35,0,6,2,2,26,26,2,24,6,2,
16,0,4,2,3,6,7,2,4,4,2,
16,0,5,2,2,7,7,2,4,4,5,
16,0,5,2,3,7,7,2,4,5,2,
16,0,5,2,3,7,7,2,5,5,2,
16,0,5,2,3,7,7,2,5,5,2,
18,0,7,2,3,6,9,2,4,7,2,
16,0,4,2,2,6,7,2,4,4,2,
16,0,5,2,3,7,7,2,5,5,2,
18,0,6,3,4,8,8,3,5,6,3,
16,0,5,2,3,7,7,2,5,5,2,
15,0,5,2,3,7,7,2,5,5,2,
15,0,5,2,3,7,7,2,5,5,2,
15,0,5,2,3,7,7,2,5,5,2,
15,0,5,2,3,7,7,2,5,5,2,
15,0,5,2,3,7,7,2,5,5,2,
15,0,5,2,3,7,7,2,5,5,3,
15,0,5,3,3,7,7,2,5,5,3,
15,0,5,2,3,7,7,2,5,5,3,
16,0,6,2,3,8,8,3,5,5,3,
16,0,5,3,3,7,8,3,5,5,3,
16,0,6,3,3,8,8,3,5,5,3,
16,0,6,3,3,8,8,3,5,5,3,
16,0,2,1,0,5,5,1,2,2,0,
16,0,6,3,3,8,8,3,5,5,3,
16,0,5,2,2,7,7,2,4,4,2,
16,0,5,2,3,7,7,2,4,5,2,
16,0,7,2,3,7,7,2,4,7,2,
16,0,5,2,3,7,7,2,4,5,2,
16,0,4,1,2,6,7,2,4,4,2,
17,0,5,2,3,7,7,2,5,5,2,
16,0,5,2,3,7,7,2,5,5,2,
16,0,5,2,3,7,7,2,4,5,2,
16,0,5,2,3,7,7,2,5,5,2,
16,0,5,2,2,7,7,2,4,4,2,
16,0,5,2,3,7,7,2,5,5,2,
15,0,5,2,3,7,7,2,5,5,2,
18,0,8,2,3,7,10,2,5,8,2,
15,0,5,2,3,7,7,2,5,5,2,
15,0,5,2,3,7,7,2,5,5,3,
15,0,5,2,3,7,7,2,5,5,3,
15,0,5,2,3,7,7,2,5,5,3,
15,0,5,2,3,7,7,2,5,5,3,
16,0,5,3,3,7,8,3,5,5,3,
16,0,5,3,3,7,8,3,5,5,3,
16,0,6,3,3,8,8,3,5,5,3,
15,0,5,3,3,7,7,3,5,5,3,
16,0,6,3,3,8,8,3,5,5,3,
16,0,5,8,3,8,8,3,5,5,8,
16,0,6,3,4,8,8,3,5,6,3,
16,0,6,3,3,8,8,3,5,5,3,
16,0,5,2,2,7,7,2,4,4,2,
16,0,5,2,3,7,7,2,4,5,2,
16,0,5,2,3,7,7,2,5,5,2,
16,0,4,3,3,7,7,3,5,4,3,
16,0,5,2,3,7,7,2,4,5,2,
16,0,5,2,3,7,7,2,4,5,2,
16,0,5,2,3,7,7,2,5,5,2,
18,0,7,2,3,9,9,2,7,7,2,
16,0,5,2,3,7,7,2,5,5,2,
16,0,4,2,2,7,7,3,4,4,2,
18,0,5,2,3,7,7,2,4,5,2,
18,0,5,3,3,7,8,3,5,5,3,
15,0,5,2,3,7,7,2,5,5,2,
15,0,5,2,3,7,7,2,5,5,2,
15,0,5,2,3,7,7,2,5,5,3,
16,0,5,2,3,7,8,2,5,5,3,
15,0,5,3,3,7,7,2,5,5,3,
16,0,5,2,3,7,8,2,5,5,3,
16,0,5,3,3,7,8,3,5,5,3,
16,0,5,2,3,7,7,4,4,5,2,
25,0,6,3,3,17,8,3,5,5,3,
16,0,6,3,3,8,8,3,5,5,3,
16,0,6,3,4,8,8,3,5,6,3,
16,0,6,3,3,8,8,3,5,5,3,
16,0,5,2,2,7,7,2,4,4,2,
16,0,6,3,3,8,8,3,5,5,3,
16,0,5,2,2,7,7,2,4,4,2,
16,0,5,2,2,7,7,2,4,4,2,
16,0,5,2,3,7,7,2,4,5,2,
16,0,5,2,3,7,7,2,4,5,2,
16,0,5,2,3,7,7,2,5,5,2,
16,0,5,2,3,7,7,2,5,5,2,
16,0,5,2,3,7,7,2,5,5,2,
16,0,5,2,3,7,7,2,5,5,2,
17,0,5,5,5,9,9,5,7,5,5,
17,0,5,2,3,7,7,2,5,5,2,
15,0,5,2,3,7,7,2,5,5,2,
16,0,5,3,3,7,8,2,5,5,3,
17,0,5,2,3,7,8,2,5,5,2,
15,0,5,3,3,7,7,2,4,5,3,
16,0,6,2,3,8,8,5,5,5,3,
15,0,5,3,3,7,7,2,5,5,3,
17,0,7,4,5,9,9,4,7,7,4,
16,0,6,3,3,8,8,3,5,5,3,
16,0,6,3,4,8,8,3,5,6,3,
16,0,5,3,3,7,8,3,5,5,3,
17,0,6,3,3,8,8,3,5,5,3,
16,0,6,3,4,8,8,3,5,6,3,
16,0,6,3,3,8,8,3,5,5,3,
16,0,6,3,4,8,8,3,5,6,3,
16,0,5,2,3,7,7,2,4,5,2,
16,0,5,2,3,7,7,2,4,5,2,
16,0,5,2,3,7,7,2,4,5,2,
16,0,5,2,3,7,7,2,5,5,2,
16,0,5,2,3,7,7,2,4,5,2,
16,0,4,2,2,6,7,2,4,4,2,
16,0,6,3,3,8,8,3,5,5,3,
16,0,5,2,3,7,7,2,5,5,2,
15,0,5,2,3,7,7,2,5,5,2,
15,0,5,2,3,7,7,2,5,5,2,
15,0,5,2,3,7,7,2,5,5,2,
15,0,5,2,3,7,7,2,5,5,2,
15,0,5,2,3,7,7,2,5,5,3,
16,0,5,2,3,7,8,2,5,5,2,
16,0,6,2,4,8,8,2,6,6,2,
18,0,8,3,3,9,10,3,8,8,3,
19,0,5,3,3,7,8,3,5,5,3,
18,0,5,2,3,10,8,2,5,5,3,
16,0,5,3,3,7,8,3,5,5,3,
16,0,5,3,3,7,8,3,5,5,3,
16,0,6,5,3,8,8,3,5,5,5,
16,0,5,3,3,8,8,3,5,5,3,
16,0,5,2,2,7,7,2,4,4,2,
16,0,6,3,3,8,8,5,5,5,3,
16,0,5,2,2,7,7,2,4,4,2,
16,0,5,2,2,7,7,2,4,4,2,
16,0,5,2,2,7,7,2,4,4,2,
16,0,5,2,3,7,7,2,4,5,2,
16,0,5,2,3,7,7,2,4,5,2,
16,0,5,2,3,7,7,2,4,5,2,
16,0,5,2,3,7,7,2,5,5,2,
16,0,5,2,3,7,7,2,5,5,2,
16,0,5,2,3,7,7,2,5,5,2,
16,0,5,2,3,7,7,2,5,5,2,
15,0,5,2,3,7,7,2,5,5,2,
15,0,5,2,3,7,7,2,5,5,2,
15,0,5,2,3,7,7,2,5,5,2,
15,0,5,2,3,7,7,2,5,5,2,
15,0,5,2,3,7,7,2,5,5,3,
16,0,5,2,3,7,8,2,5,5,3,
16,0,5,3,3,7,8,3,5,5,3,
15,0,3,0,1,5,5,0,3,3,1,
16,0,5,3,3,7,8,3,5,5,3,
16,0,6,3,3,8,8,3,5,5,3,
16,0,5,3,3,7,8,3,5,5,3,
19,0,8,3,6,10,11,3,8,8,3,
18,0,6,3,3,10,10,3,5,5,3,
20,0,5,2,3,7,7,2,5,5,2,
18,0,5,2,2,9,7,2,4,4,2,
16,0,5,3,3,7,7,3,5,5,3,
16,0,4,2,2,6,7,2,4,4,2,
16,0,5,5,3,7,7,2,4,5,5,
16,0,5,2,3,7,7,2,4,5,2,
16,0,5,2,3,7,7,2,4,5,2,
16,0,5,2,3,7,7,2,4,5,2,
18,0,7,2,3,7,9,2,4,7,2,
16,0,5,2,3,7,7,2,4,5,2,
16,0,5,2,3,7,7,2,5,5,2,
15,0,5,2,3,7,7,2,5,5,2,
15,0,5,2,3,7,7,2,5,5,2,
15,0,5,2,3,7,7,2,4,5,3,
15,0,5,2,3,7,7,2,5,5,2,
15,0,5,2,3,7,7,2,5,5,3,
15,0,5,2,3,7,7,2,5,5,3,
15,0,5,3,3,7,7,2,5,5,3,
15,0,5,2,3,7,7,2,5,5,3,
15,0,5,2,3,7,7,2,5,5,3,
15,0,5,3,3,7,8,3,5,5,3,
39,0,5,2,2,7,7,2,4,4,2,
15,0,5,2,3,7,7,2,4,5,3,
16,0,5,3,3,8,7,2,5,5,3,
15,0,5,3,3,7,7,2,5,5,3,
15,0,2,0,0,4,4,0,2,2,0,
17,0,5,2,2,7,7,2,4,4,2,
15,0,4,2,2,6,6,2,4,4,2,
15,0,5,3,3,7,7,3,5,5,3,
15,0,6,2,2,6,6,2,4,6,2,
15,0,4,2,2,6,6,2,4,4,2,
15,0,4,1,2,6,6,2,4,4,2,
18,0,5,2,3,7,7,2,5,5,3,
18,0,4,2,2,6,6,2,4,4,2,
16,0,4,2,2,6,7,2,4,4,2,
15,0,4,2,2,6,7,2,4,4,2,
16,0,4,2,2,6,7,2,4,4,2,
15,0,5,2,2,7,7,2,4,4,2,
15,0,4,2,2,7,7,2,4,4,2,
15,0,5,2,2,7,7,2,4,4,2,
15,0,5,2,2,7,7,2,4,4,2,
15,0,5,2,2,7,7,2,4,5,2,
15,0,5,2,3,7,7,2,4,5,3,
15,0,5,2,3,7,7,2,5,5,3,
15,0,5,2,3,7,7,2,5,5,2,
15,0,5,2,3,7,7,2,4,5,3,
15,0,5,2,3,7,7,2,4,5,3,
15,0,5,3,3,6,7,2,5,5,3,
15,0,5,2,3,7,7,2,5,5,3,
15,0,5,3,3,7,7,2,5,5,3,
15,0,5,3,3,7,7,3,5,5,3,
15,0,5,3,3,7,7,3,5,5,3,
15,0,5,3,3,7,7,3,5,5,3,
15,0,5,3,3,7,7,3,5,5,3,
15,0,5,3,3,7,7,3,5,5,3,
16,0,6,3,4,8,8,3,6,6,3,
18,0,6,2,2,9,9,2,6,6,2,
18,0,5,2,3,7,7,2,5,5,3,
17,0,4,2,2,8,6,2,4,4,2,
16,0,5,2,3,7,7,2,4,5,2,
18,0,5,2,2,7,7,2,4,4,2,
16,0,5,3,3,7,7,2,5,5,3,
15,0,5,2,2,7,7,2,4,4,2,
15,0,5,2,2,7,7,2,4,4,2,
15,0,4,2,2,6,7,4,4,4,2,
15,0,5,2,2,6,7,2,4,5,2,
15,0,5,2,3,7,7,2,4,5,2,
15,0,5,2,2,7,7,2,4,4,2,
17,0,5,2,3,7,7,2,5,5,2,
15,0,5,2,3,7,7,2,5,5,3,
15,0,5,2,3,7,7,2,5,5,3,
15,0,5,2,3,7,8,2,5,5,3,
15,0,5,2,3,7,7,2,5,5,3,
15,0,5,2,3,7,7,2,5,5,3,
16,0,5,2,3,7,7,2,4,5,3,
15,0,5,3,3,7,7,3,5,5,3,
15,0,5,2,3,7,7,2,5,5,3,
15,0,5,3,3,7,7,2,5,5,3,
15,0,4,2,2,6,7,2,4,4,2,
15,0,4,2,2,6,7,2,4,4,2,
15,0,5,2,2,6,6,2,3,5,2,
15,0,4,2,2,6,7,2,4,4,2,
15,0,4,2,2,6,6,2,4,4,2,
15,0,4,2,2,6,6,2,4,4,2,
15,0,4,2,2,6,6,2,4,4,2,
16,0,5,2,3,7,7,2,5,5,2,
17,0,6,2,3,8,8,2,5,5,2,
19,0,8,2,3,10,10,2,8,8,2,
19,0,5,2,3,7,7,2,5,5,3,
17,0,5,2,3,9,7,2,5,5,2,
