14,4,3,4,4,0,4,2,2,2,4,
13,4,4,5,6,0,4,4,4,4,4,
10,3,2,3,3,0,2,2,1,2,3,
10,3,2,3,3,0,2,2,1,2,3,
11,3,2,3,3,0,3,2,1,2,3,
11,2,1,2,2,0,2,1,0,1,2,
12,3,2,5,3,0,3,2,1,2,3,
11,4,2,3,3,0,3,2,2,2,3,
10,3,1,2,3,0,2,1,1,1,3,
10,2,1,2,3,0,2,1,1,1,2,
10,3,1,3,3,0,2,2,1,1,3,
10,3,1,2,3,0,2,2,1,1,3,
11,3,4,3,3,0,2,2,1,4,3,
10,3,1,3,3,0,2,2,1,1,3,
10,3,1,2,3,0,2,1,1,1,3,
10,3,2,3,3,0,3,2,1,2,3,
10,3,2,3,3,0,2,2,1,2,3,
10,3,2,3,3,0,3,2,1,2,3,
10,3,2,3,3,0,2,2,1,2,3,
13,3,1,3,3,0,2,2,1,1,3,
11,2,1,2,2,0,2,1,0,1,2,
10,3,1,2,2,0,2,1,1,1,2,
10,3,1,2,3,0,2,1,1,1,2,
10,3,1,2,3,0,2,1,1,1,3,
10,3,1,2,3,0,2,1,1,1,3,
11,3,1,2,3,0,2,1,1,1,2,
10,3,1,3,3,0,2,2,1,1,3,
10,3,1,2,3,0,2,2,1,1,3,
10,3,2,3,3,0,2,2,1,2,3,
11,3,4,3,3,0,2,2,1,4,3,
10,3,2,3,3,0,2,2,1,2,3,
11,2,1,2,2,0,2,1,0,1,2,
11,2,1,2,2,0,2,1,0,1,2,
9,3,2,3,3,0,3,2,1,2,3,
10,2,1,2,2,0,2,1,1,1,2,
10,3,1,2,3,0,2,1,1,1,2,
10,3,1,2,3,0,2,1,1,1,3,
10,3,1,2,3,0,2,1,1,1,3,
10,3,2,3,3,0,2,2,1,2,3,
10,2,1,2,2,0,2,1,0,1,2,
11,3,2,3,3,0,3,2,1,2,3,
11,3,2,3,3,0,2,2,1,2,3,
10,3,2,3,3,0,2,2,1,1,3,
10,3,2,3,3,0,3,2,1,2,3,
10,3,2,3,3,0,3,2,1,2,3,
10,3,2,3,3,0,3,2,1,2,3,
10,3,1,2,2,0,2,1,1,1,2,
10,3,1,2,2,0,2,1,0,1,2,
10,3,1,2,2,0,2,1,1,1,2,
10,3,1,2,3,0,2,2,1,1,3,
10,3,2,3,3,0,3,2,1,2,3,
10,3,1,3,3,0,2,2,1,1,3,
10,3,2,3,3,0,2,2,1,2,3,
10,3,2,3,3,0,2,2,1,2,3,
11,3,2,3,3,0,3,2,1,2,3,
11,4,2,3,3,0,3,3,1,1,4,
11,3,2,3,3,0,3,2,1,2,3,
11,3,2,3,5,0,3,2,1,2,4,
10,3,1,2,2,0,2,1,1,1,2,
12,3,2,3,3,0,2,2,1,2,3,
13,3,1,2,3,0,2,1,1,1,2,
10,3,1,3,3,0,2,2,1,1,3,
10,3,2,3,3,0,2,2,1,1,3,
13,6,2,6,6,0,3,2,1,2,6,
11,3,2,3,3,0,3,2,1,2,3,
10,3,2,3,3,0,3,2,1,2,3,
10,3,2,3,3,0,3,2,1,2,3,
10,3,1,2,3,0,2,1,1,1,3,
10,3,1,2,3,0,2,1,1,1,2,
10,3,1,2,3,0,2,1,1,1,3,
10,3,1,2,3,0,2,1,1,1,3,
12,3,1,3,3,0,2,2,1,1,3,
10,3,1,3,3,0,2,2,1,1,3,
10,3,2,3,3,0,3,2,1,2,3,
10,3,2,3,3,0,3,2,1,2,3,
10,3,2,3,3,0,3,2,1,2,3,
10,2,2,2,3,0,2,1,1,2,2,
10,3,1,2,2,0,2,1,1,1,2,
10,3,1,2,3,0,2,1,1,1,3,
10,3,1,2,3,0,2,1,1,1,3,
10,3,2,2,3,0,2,2,1,2,3,
13,5,2,3,3,0,4,4,1,2,5,
10,3,2,3,3,0,2,2,1,2,3,
10,3,2,3,3,0,3,2,1,2,3,
10,3,2,3,3,0,2,2,1,2,3,
11,3,2,3,3,0,3,2,1,2,3,
11,4,1,2,2,0,2,1,0,1,4,
10,2,1,2,2,0,2,1,1,1,2,
10,3,1,2,3,0,2,1,1,1,3,
10,3,1,2,3,0,2,1,1,1,3,
12,3,1,2,3,0,2,1,1,1,3,
10,3,2,3,3,0,2,2,1,2,3,
10,3,2,3,3,0,3,2,1,2,3,
10,3,2,3,3,0,2,2,1,2,3,
11,4,1,3,3,0,3,3,1,1,4,
11,3,2,3,3,0,3,2,1,2,3,
10,3,2,3,3,0,3,2,1,2,3,
10,3,1,2,3,0,2,1,1,1,3,
11,2,0,2,3,0,1,0,1,0,2,
10,3,1,2,3,0,2,1,1,1,3,
10,3,1,3,3,0,2,2,1,1,3,
10,3,1,3,3,0,2,2,1,1,3,
10,3,2,3,3,0,2,2,1,1,3,
10,3,2,3,3,0,3,2,1,2,3,
10,3,2,3,3,0,3,2,1,2,3,
10,3,2,3,3,0,3,2,1,2,3,
10,3,1,2,3,0,2,1,1,1,3,
10,3,1,2,3,0,2,1,1,1,2,
10,3,1,2,3,0,2,1,1,1,3,
10,3,1,2,3,0,2,2,1,1,3,
10,3,2,3,3,0,2,2,1,1,3,
10,3,1,2,3,0,2,2,1,1,3,
10,3,2,3,3,0,2,2,1,2,3,
10,3,2,3,3,0,3,2,1,2,3,
10,3,2,3,3,0,2,2,1,2,3,
11,3,2,3,3,0,3,2,1,2,3,
11,3,1,2,3,0,2,1,1,1,3,
12,3,2,3,3,0,3,2,1,2,3,
10,3,1,2,3,0,2,1,1,1,3,
10,3,1,2,2,0,2,1,1,1,2,
12,4,1,4,5,0,4,4,1,1,4,
10,3,1,2,3,0,2,2,1,1,3,
10,3,1,3,3,0,2,2,1,1,3,
10,3,1,2,3,0,2,1,1,1,3,
10,3,2,3,3,0,2,2,1,2,3,
10,3,2,3,3,0,2,2,1,2,3,
10,3,2,3,3,0,2,2,1,2,3,
11,3,1,2,3,0,2,1,1,1,2,
11,3,2,3,3,0,3,2,1,2,3,
10,3,2,3,3,0,3,2,1,2,3,
11,4,1,2,2,0,2,1,1,1,4,
11,3,2,3,3,0,3,2,1,2,3,
12,3,1,2,5,0,2,1,1,1,2,
10,3,2,3,3,0,3,2,1,2,3,
10,3,1,3,3,0,2,2,1,1,3,
12,3,3,4,5,0,2,2,3,3,3,
10,3,2,3,3,0,3,2,1,2,3,
10,3,2,3,3,0,3,2,1,2,3,
9,3,2,3,3,0,3,2,1,2,3,
10,2,1,2,2,0,2,1,0,1,2,
10,3,1,2,2,0,2,1,1,1,3,
10,3,1,2,3,0,2,1,1,1,3,
10,3,1,2,3,0,2,1,1,1,3,
10,3,1,2,3,0,2,2,1,1,3,
10,3,1,2,3,0,2,2,1,1,3,
10,3,2,3,3,0,3,2,1,2,3,
10,3,2,3,3,0,3,2,1,2,3,
12,3,2,3,3,0,3,2,1,2,3,
12,3,2,3,3,0,3,2,1,2,3,
10,3,1,2,2,0,2,1,0,1,2,
10,3,1,2,2,0,2,1,0,1,2,
10,3,1,2,3,0,2,1,1,1,3,
10,3,1,2,3,0,2,1,1,1,3,
10,3,1,2,3,0,2,1,1,1,3,
10,3,1,2,3,0,2,2,1,1,3,
10,3,1,3,3,0,2,2,1,1,3,
10,3,1,3,3,0,2,2,1,1,3,
10,3,2,3,3,0,3,2,1,2,3,
11,3,2,3,3,0,3,2,1,2,3,
12,3,2,3,3,0,5,2,1,2,3,
10,3,1,2,2,0,2,1,0,1,2,
10,2,1,2,2,0,2,1,0,1,2,
12,2,1,2,2,0,1,1,0,1,2,
10,3,1,3,3,0,2,1,1,1,3,
10,3,1,3,3,0,2,2,1,1,3,
10,3,1,2,3,0,2,1,1,1,3,
10,3,1,3,3,0,2,2,1,1,3,
10,3,1,3,3,0,2,2,1,1,3,
10,3,2,3,3,0,2,2,1,1,3,
10,3,2,3,3,0,3,2,1,2,3,
10,3,2,3,3,0,3,2,1,2,3,
10,3,2,3,3,0,3,2,1,2,3,
10,3,2,3,3,0,4,2,1,2,3,
10,3,1,2,2,0,2,1,0,1,2,
10,4,2,3,3,0,3,2,1,2,3,
11,3,4,2,3,0,2,1,1,4,3,
10,3,1,2,3,0,2,1,1,1,3,
10,3,1,2,3,0,2,1,1,1,3,
10,3,1,2,3,0,2,1,1,1,3,
10,3,1,3,3,0,2,2,1,1,3,
10,3,1,2,3,0,2,2,1,1,3,
10,3,2,3,3,0,2,2,1,2,3,
13,6,2,3,3,0,5,4,1,2,6,
10,3,2,3,3,0,3,2,1,2,3,
11,3,2,3,3,0,3,2,1,2,3,
10,2,1,2,2,0,2,1,0,1,2,
10,3,2,3,3,0,3,2,1,2,3,
10,3,1,2,3,0,2,1,1,1,3,
10,3,1,2,3,0,2,1,1,1,3,
10,3,1,2,3,0,2,1,1,1,3,
10,3,1,2,3,0,2,1,1,1,3,
13,3,2,3,3,0,2,2,1,2,3,
10,3,2,3,3,0,2,2,1,1,3,
10,3,2,3,3,0,3,2,1,2,3,
10,3,2,3,3,0,2,2,1,2,3,
12,5,2,3,3,0,4,3,1,2,5,
10,3,2,3,3,0,3,2,1,2,3,
10,3,2,3,3,0,3,2,1,2,3,
10,3,2,3,3,0,3,2,2,2,3,
10,3,1,2,2,0,2,1,1,1,2,
10,3,1,2,2,0,2,1,1,1,3,
10,3,1,2,3,0,2,1,1,1,3,
10,3,1,2,3,0,2,1,1,1,3,
10,3,1,3,3,0,2,2,1,1,3,
10,3,1,3,3,0,2,2,1,1,3,
10,3,2,3,3,0,2,2,1,2,3,
10,3,2,3,3,0,3,2,1,2,3,
10,3,2,3,3,0,2,2,1,2,3,
11,3,2,3,3,0,3,2,1,2,3,
10,3,2,3,3,0,3,2,1,2,3,
10,3,2,3,3,0,3,2,1,2,3,
10,3,1,2,2,0,2,1,1,1,2,
10,3,1,2,2,0,2,1,1,1,2,
11,3,1,2,2,0,2,1,1,1,3,
10,3,1,2,3,0,2,1,1,1,3,
12,3,1,2,5,0,2,2,1,1,3,
10,3,1,2,3,0,2,2,1,1,3,
13,3,1,2,3,0,2,1,1,1,3,
11,3,4,3,3,0,2,2,1,3,3,
10,3,2,3,3,0,2,2,1,1,3,
11,3,2,3,3,0,3,2,1,2,3,
11,3,2,3,3,0,3,2,1,2,3,
10,4,2,3,3,0,3,2,1,2,3,
10,3,1,2,3,0,2,1,1,1,3,
10,3,1,3,3,0,2,1,1,1,3,
10,3,1,2,2,0,2,1,1,1,3,
10,3,1,2,3,0,2,1,1,1,3,
10,3,1,3,3,0,2,2,1,1,3,
10,3,3,2,3,0,2,2,1,3,3,
10,3,2,3,3,0,2,2,1,2,3,
13,3,2,3,3,0,3,2,1,2,3,
13,3,2,3,3,0,2,2,1,1,3,
11,3,2,3,3,0,3,2,1,2,3,
10,2,1,2,2,0,2,1,0,1,2,
10,3,2,3,3,0,3,2,1,2,3,
10,3,1,2,3,0,2,1,1,1,3,
10,3,1,2,3,0,2,1,1,1,3,
10,3,1,2,3,0,2,2,1,1,3,
10,3,2,3,3,0,2,2,1,1,3,
10,3,2,3,3,0,2,2,1,2,3,
10,3,2,3,3,0,3,2,1,2,3,
10,3,2,3,3,0,3,2,1,2,3,
10,3,2,3,3,0,3,2,1,2,3,
11,3,1,2,3,0,2,1,1,1,3,
11,3,1,2,2,0,2,1,0,1,2,
10,3,1,2,3,0,2,2,1,1,3,
10,3,2,3,3,0,2,2,1,1,3,
11,2,0,2,2,0,2,1,0,0,2,
10,3,2,3,3,0,2,2,1,1,3,
11,3,1,3,3,0,2,2,1,1,3,
11,3,2,3,3,0,2,2,1,2,3,
11,3,2,3,3,0,3,2,1,2,3,
10,3,2,4,3,0,3,2,1,2,3,
10,4,2,3,3,0,3,2,1,2,4,
10,3,1,2,3,0,2,1,1,1,3,
10,2,1,2,3,0,2,1,1,1,2,
11,3,1,2,3,0,2,2,1,1,3,
10,3,1,3,3,0,2,2,1,1,3,
11,3,4,2,3,0,2,2,1,4,3,
11,3,1,2,3,0,2,1,1,1,3,
11,4,2,3,3,0,3,2,1,2,4,
11,3,2,3,3,0,3,2,1,2,3,
10,4,2,3,3,0,3,2,2,2,3,
10,4,2,3,3,0,3,2,1,2,3,
10,2,1,2,3,0,2,1,1,1,2,
13,5,1,3,3,0,5,4,1,1,5,
10,3,1,3,3,0,2,2,1,1,3,
10,3,1,3,3,0,2,2,1,1,3,
10,3,2,3,3,0,2,2,1,1,3,
11,3,2,3,3,0,4,2,1,2,3,
11,3,2,3,3,0,3,2,1,2,3,
11,4,2,3,3,0,3,2,1,2,4,
10,4,2,3,3,0,3,2,1,2,4,
10,4,2,3,4,0,3,2,2,2,4,
12,3,1,2,3,0,2,1,1,1,3,
10,3,1,2,3,0,2,1,1,1,3,
10,3,1,2,3,0,2,1,1,1,3,
12,3,2,3,3,0,2,2,1,2,3,
15,3,1,2,3,0,2,1,1,1,3,
10,3,2,3,3,0,2,2,1,1,3,
11,3,2,3,3,0,3,2,1,2,3,
11,3,2,3,3,0,3,2,1,2,3,
11,3,2,3,3,0,3,2,1,2,3,
11,3,2,3,3,0,3,2,1,2,3,
10,4,2,3,3,0,3,2,1,2,3,
10,4,2,3,3,0,3,2,2,2,3,
10,3,1,2,3,0,2,1,1,1,3,
10,3,1,2,3,0,2,1,1,1,3,
10,3,1,2,3,0,2,2,1,1,3,
11,3,2,3,3,0,2,2,1,2,3,
10,3,2,3,3,0,2,2,1,1,3,
12,3,2,3,3,0,2,2,1,1,3,
10,3,2,3,3,0,2,2,1,2,3,
11,3,2,3,3,0,2,2,1,2,3,
11,3,2,3,3,0,3,2,1,2,3,
11,3,2,3,3,0,3,2,1,2,3,
12,6,2,3,3,0,3,2,1,2,6,
10,3,2,3,3,0,3,2,1,2,3,
13,3,1,2,6,0,2,1,1,1,3,
11,3,3,2,3,0,2,1,1,3,3,
10,3,2,2,3,0,2,2,1,1,3,
10,3,2,3,3,0,2,2,1,1,3,
10,3,2,3,3,0,2,2,1,1,3,
10,3,2,3,3,0,2,2,1,1,3,
11,3,2,3,3,0,3,2,1,2,3,
11,3,2,3,3,0,3,2,1,2,3,
10,3,2,3,3,0,3,2,1,2,3,
10,4,2,3,4,0,3,2,2,2,4,
10,3,1,2,3,0,2,1,1,1,3,
11,4,1,2,3,0,2,1,1,1,3,
10,3,1,3,3,0,2,2,1,1,3,
12,3,1,3,5,0,2,2,1,1,3,
10,3,1,3,3,0,2,2,1,1,3,
10,3,2,3,3,0,3,2,1,2,3,
12,5,3,4,5,0,4,4,3,3,5,
12,3,2,3,3,0,2,2,1,2,3,
522,5,3,4,4,0,4,3,2,3,5,
421,5,2,3,4,0,4,3,2,2,4,
317,4,2,3,3,0,3,3,1,2,4,
11,3,2,3,4,0,2,2,1,1,3,
10,3,1,2,3,0,2,2,1,1,3,
13,4,2,3,3,0,3,2,1,2,3,
13,3,1,2,3,0,2,1,1,1,3,
10,3,2,3,3,0,3,2,1,1,3,
10,3,2,3,3,0,2,2,1,2,3,
11,3,2,3,3,0,3,2,1,2,3,
11,2,1,2,2,0,2,1,0,1,2,
11,3,2,3,3,0,3,2,1,2,3,
22,3,2,3,3,0,3,2,1,2,3,
10,3,2,3,3,0,3,2,1,2,3,
13,6,2,3,4,0,6,5,2,2,6,
10,4,2,3,4,0,3,2,2,2,4,
10,3,1,2,3,0,2,1,1,1,3,
10,3,1,3,3,0,2,2,1,1,3,
10,3,1,3,3,0,2,2,1,1,3,
10,3,1,2,3,0,2,2,1,1,3,
11,3,2,3,3,0,2,2,1,2,3,
10,3,2,3,3,0,3,2,1,2,3,
10,3,2,3,3,0,3,2,1,2,3,
13,3,2,3,3,0,3,2,1,2,3,
10,3,2,3,3,0,2,2,1,2,3,
10,3,2,3,3,0,3,2,1,2,3,
10,4,2,3,3,0,3,2,1,2,3,
12,6,2,3,3,0,5,5,1,2,6,
10,3,2,3,3,0,3,2,1,1,3,
11,3,2,3,3,0,3,2,1,2,3,
11,3,2,3,3,0,3,2,1,2,3,
11,3,2,3,3,0,3,2,1,2,3,
11,4,2,3,3,0,3,2,1,2,4,
11,4,2,3,3,0,3,3,1,2,4,
10,3,2,3,3,0,3,2,1,2,3,
10,3,2,3,3,0,3,2,1,2,3,
10,3,1,3,3,0,2,2,1,1,3,
10,4,2,3,4,0,3,2,2,2,4,
11,3,1,2,3,0,2,1,1,1,3,
10,3,1,2,3,0,2,1,1,1,3,
11,3,2,3,3,0,2,2,1,2,3,
10,3,2,3,3,0,2,2,1,2,3,
10,3,2,3,3,0,3,2,1,2,3,
10,3,2,3,3,0,3,2,1,2,3,
10,3,2,3,3,0,3,2,1,2,3,
13,6,2,3,3,0,3,2,1,2,6,
10,4,2,3,3,0,3,2,2,2,3,
10,4,2,3,4,0,3,2,2,2,4,
10,3,1,2,3,0,2,1,1,1,3,
10,3,1,2,3,0,2,1,1,1,3,
10,3,2,2,3,0,2,2,1,1,3,
10,3,2,3,3,0,2,2,1,2,3,
10,3,2,3,3,0,2,2,1,1,3,
11,3,2,3,3,0,3,2,1,2,3,
10,3,2,3,3,0,3,2,1,2,3,
10,3,2,3,3,0,3,2,1,2,3,
10,3,2,3,3,0,3,2,1,2,3,
10,3,2,3,3,0,3,2,1,2,3,
10,3,1,2,3,0,2,1,1,1,3,
10,3,1,3,3,0,2,1,1,1,3,
12,3,1,3,4,0,2,2,1,1,3,
10,3,2,3,3,0,2,2,1,1,3,
13,3,1,2,3,0,2,1,1,1,3,
12,2,1,2,2,0,1,0,0,1,1,
10,3,2,3,3,0,3,2,1,2,3,
10,3,2,3,3,0,3,2,1,2,3,
10,3,2,3,3,0,3,2,1,2,3,
10,4,2,3,4,0,3,2,2,2,3,
10,3,1,2,3,0,2,1,1,1,3,
10,3,1,3,3,0,2,2,1,1,3,
10,3,1,3,3,0,2,2,1,1,3,
12,4,2,4,5,0,4,2,1,1,4,
10,3,2,3,3,0,2,2,1,2,3,
11,3,2,3,3,0,3,2,1,2,3,
10,3,2,3,3,0,3,2,1,2,3,
13,3,2,3,3,0,2,2,1,2,3,
13,3,2,3,3,0,3,2,1,2,3,
10,4,2,3,3,0,3,2,2,2,3,
10,3,1,2,3,0,2,1,1,1,3,
13,6,1,2,6,0,2,1,1,1,3,
10,3,1,3,3,0,2,1,1,1,3,
10,3,1,3,3,0,2,2,1,1,3,
10,3,2,3,3,0,2,2,1,1,3,
10,3,2,3,3,0,2,2,1,2,3,
10,3,2,3,3,0,2,2,1,2,3,
11,3,2,3,3,0,3,2,1,2,3,
12,4,2,3,3,0,3,2,2,2,3,
10,3,2,3,3,0,3,2,1,2,3,
10,3,1,3,3,0,2,2,1,1,3,
12,4,2,3,3,0,3,2,1,2,3,
13,4,2,3,4,0,3,2,2,2,4,
10,3,1,3,3,0,2,2,1,1,3,
12,1,0,2,2,0,0,0,1,0,1,
10,3,2,3,3,0,2,2,1,2,3,
11,3,2,3,3,0,3,2,1,2,3,
10,3,2,3,3,0,3,2,1,2,3,
11,3,2,3,3,0,3,2,1,2,3,
13,4,2,7,3,0,3,2,2,2,3,
10,3,2,3,3,0,3,2,1,2,3,
10,4,2,3,3,0,3,2,2,2,3,
11,3,1,2,3,0,4,2,1,1,2,
10,3,1,2,3,0,2,1,1,1,3,
10,3,1,2,3,0,2,2,1,1,3,
11,3,4,3,3,0,2,2,1,4,3,
11,3,1,3,3,0,2,2,1,1,3,
12,1,0,2,2,0,0,0,0,0,1,
10,3,2,3,3,0,2,2,1,2,3,
9,3,2,3,3,0,3,2,1,2,3,
10,3,2,3,3,0,3,2,1,2,3,
10,3,2,3,3,0,3,2,1,2,3,
12,3,2,5,3,0,3,2,1,2,3,
10,4,2,3,3,0,3,2,1,2,3,
10,4,2,3,4,0,3,2,2,2,4,
11,2,1,2,3,0,4,1,1,1,2,
10,3,1,2,3,0,2,1,1,1,3,
10,3,1,2,3,0,2,1,1,1,3,
10,4,2,3,4,0,3,2,2,2,4,
10,3,2,3,3,0,2,2,1,2,3,
11,1,0,2,2,0,0,0,0,0,1,
10,3,2,3,3,0,3,2,1,2,3,
10,3,2,3,3,0,3,2,1,2,3,
10,3,2,3,3,0,3,2,1,2,3,
10,4,2,3,3,0,3,2,1,2,4,
10,3,1,3,2,0,2,1,1,1,3,
10,3,1,2,3,0,2,1,1,1,3,
10,3,1,2,3,0,2,1,1,1,3,
13,3,1,2,3,0,2,2,1,1,3,
10,3,1,3,3,0,2,2,1,1,3,
10,3,2,3,3,0,2,2,1,2,3,
10,3,2,3,3,0,3,2,1,2,3,
10,3,2,3,3,0,3,2,1,2,3,
10,1,0,2,2,0,1,0,0,0,1,
10,3,2,3,3,0,2,2,1,1,3,
10,3,1,2,3,0,2,1,1,1,3,
10,3,1,2,3,0,2,1,1,1,3,
10,3,1,2,3,0,2,2,1,1,3,
13,3,1,6,3,0,2,2,1,1,3,
10,3,2,3,3,0,2,2,1,2,3,
10,3,2,3,3,0,3,2,1,2,3,
13,3,2,3,3,0,3,2,1,2,3,
10,3,2,3,3,0,3,2,1,2,3,
10,4,2,3,3,0,3,2,1,2,3,
10,3,2,3,3,0,2,2,1,1,3,
10,4,2,3,4,0,3,2,2,2,4,
14,1,0,3,5,0,0,0,1,0,1,
10,3,2,3,3,0,2,2,1,2,3,
10,3,2,3,3,0,2,2,1,2,3,
10,3,2,3,3,0,2,2,1,2,3,
10,3,2,3,3,0,2,2,1,2,3,
13,3,2,5,3,0,3,2,1,2,3,
10,3,2,3,3,0,3,2,1,2,3,
10,2,1,2,2,0,2,1,0,1,2,
12,4,2,3,4,0,3,2,2,2,3,
10,3,1,2,3,0,2,1,1,1,3,
11,4,1,2,3,0,3,1,1,1,4,
10,3,2,3,3,0,2,2,1,2,3,
10,3,2,3,3,0,2,2,1,2,3,
11,2,0,3,3,0,1,1,1,0,2,
10,3,2,3,3,0,3,2,1,2,3,
11,3,2,3,3,0,3,2,1,2,3,
10,3,2,3,3,0,3,2,1,2,3,
10,3,2,3,3,0,3,2,1,2,3,
10,3,1,3,2,0,2,1,0,1,2,
10,4,2,3,4,0,3,2,2,2,3,
10,3,1,2,3,0,2,1,1,1,3,
12,3,1,3,3,0,5,2,1,1,3,
10,3,1,2,3,0,2,2,1,1,3,
10,3,2,3,3,0,2,2,1,1,3,
12,3,5,3,3,0,2,2,1,5,3,
10,3,2,3,3,0,3,2,1,2,3,
10,3,2,3,3,0,3,2,2,2,3,
10,3,2,3,3,0,3,2,1,2,3,
10,3,2,3,3,0,3,2,1,2,3,
10,4,2,3,4,0,3,2,2,2,3,
10,3,1,2,3,0,2,1,1,1,3,
11,3,1,4,2,0,2,1,1,1,3,
10,3,1,2,3,0,2,1,1,1,3,
10,3,1,3,3,0,2,2,1,1,3,
12,3,2,3,3,0,4,2,1,2,3,
10,3,2,3,3,0,2,2,1,2,3,
10,3,2,3,3,0,3,2,1,2,3,
11,3,4,3,3,0,3,2,1,4,3,
10,4,2,3,3,0,3,2,1,2,4,
10,3,1,2,3,0,2,1,1,1,2,
10,4,2,3,4,0,3,2,2,2,4,
10,3,1,2,3,0,2,1,1,1,3,
11,3,1,2,3,0,3,2,1,1,3,
10,3,2,3,3,0,2,2,1,1,3,
11,3,1,4,3,0,2,2,1,1,3,
11,3,2,3,3,0,2,2,1,2,3,
11,3,2,3,3,0,3,2,1,2,3,
11,4,2,3,3,0,4,3,1,2,3,
10,3,2,3,3,0,3,2,1,2,3,
10,3,2,3,3,0,3,2,1,2,3,
10,3,1,2,3,0,2,1,1,1,3,
10,3,1,2,3,0,2,1,1,1,3,
11,2,0,2,3,0,1,0,1,0,2,
10,3,1,3,3,0,3,2,1,1,3,
10,3,1,3,3,0,2,2,1,1,3,
10,3,2,3,3,0,2,2,1,1,3,
10,3,2,3,3,0,2,2,1,2,3,
10,3,2,3,3,0,3,2,1,2,3,
10,3,2,3,3,0,3,2,1,2,3,
10,3,2,3,3,0,3,2,1,2,3,
13,3,1,2,2,0,2,1,1,1,2,
10,3,1,2,2,0,2,1,0,1,2,
10,3,1,2,3,0,2,1,1,1,3,
10,3,2,2,3,0,2,1,1,1,3,
10,3,1,2,3,0,2,1,1,1,3,
11,2,0,2,3,0,1,1,1,0,2,
10,3,1,3,3,0,2,2,1,1,3,
10,3,2,3,3,0,2,2,1,1,3,
10,3,2,3,3,0,3,2,1,2,3,
10,3,2,3,3,0,3,2,1,2,3,
11,3,2,5,3,0,3,2,1,2,3,
10,4,2,3,3,0,3,2,2,2,3,
10,4,2,3,3,0,3,2,2,2,3,
12,4,2,3,4,0,6,2,2,2,4,
10,3,1,2,3,0,2,1,1,1,3,
10,3,1,2,3,0,2,1,1,1,3,
12,3,4,2,3,0,2,1,1,4,3,
10,3,2,3,3,0,2,2,1,1,3,
10,3,2,3,3,0,2,2,1,1,3,
11,3,2,3,3,0,2,2,1,2,3,
10,3,2,3,3,0,3,2,1,2,3,
10,3,2,3,3,0,3,2,1,2,3,
10,3,2,3,3,0,3,2,1,2,3,
11,2,1,3,2,0,2,1,0,1,2,
10,3,1,3,3,0,2,2,1,1,3,
11,3,1,2,3,0,2,2,1,1,3,
11,2,1,2,3,0,4,1,1,1,2,
10,3,1,2,3,0,2,1,1,1,3,
10,3,1,2,3,0,2,1,1,1,3,
11,2,3,2,2,0,2,1,0,3,2,
11,3,2,3,3,0,3,2,1,2,3,
10,3,2,3,3,0,2,2,1,2,3,
9,3,2,3,3,0,3,2,1,2,3,
10,3,2,3,3,0,3,2,1,2,3,
10,3,2,3,3,0,3,2,1,2,3,
10,3,2,2,3,0,2,2,1,1,3,
11,3,1,3,3,0,2,2,1,1,3,
10,3,1,2,3,0,2,1,1,1,3,
10,3,2,3,3,0,2,1,1,1,3,
12,3,1,2,3,0,4,1,1,1,2,
10,3,1,3,3,0,2,2,1,1,3,
10,3,2,3,3,0,2,2,1,2,3,
12,3,4,4,4,0,3,3,1,4,3,
11,3,2,3,3,0,3,2,1,2,3,
11,1,0,2,2,0,1,0,1,0,1,
10,3,2,3,3,0,3,2,1,2,3,
10,3,2,3,3,0,3,2,1,2,3,
12,4,2,3,6,0,3,2,2,2,4,
10,4,2,3,4,0,3,2,2,2,4,
11,4,2,5,3,0,3,2,2,2,4,
10,3,1,2,3,0,2,1,1,1,3,
10,3,1,2,3,0,2,1,1,1,3,
12,3,1,3,3,0,5,2,1,1,3,
10,3,2,3,3,0,2,2,1,2,3,
10,3,2,3,3,0,2,2,1,2,3,
11,3,2,3,3,0,3,2,1,2,3,
11,3,2,3,3,0,3,2,1,2,3,
11,2,1,3,3,0,2,1,1,1,2,
10,3,2,3,3,0,3,2,1,2,3,
10,3,1,2,2,0,2,1,0,1,2,
10,3,2,3,3,0,3,2,1,2,3,
10,4,2,3,3,0,3,2,2,2,3,
11,3,1,4,2,0,2,1,1,1,3,
10,3,1,2,3,0,2,1,1,1,3,
10,3,1,2,3,0,2,2,1,1,3,
12,3,2,3,3,0,4,2,1,1,3,
10,3,1,3,3,0,3,2,1,1,3,
10,3,2,3,3,0,2,2,1,2,3,
11,3,2,3,3,0,3,2,1,2,3,
10,3,2,3,3,0,3,2,1,2,3,
11,1,0,2,2,0,1,0,0,0,1,
10,3,2,3,3,0,3,2,1,2,3,
10,3,2,3,3,0,3,2,1,2,3,
10,4,2,3,3,0,3,2,1,2,3,
11,3,2,3,3,0,3,2,1,2,3,
10,3,1,3,2,0,2,1,1,1,3,
10,3,1,2,3,0,2,1,1,1,3,
10,3,1,3,3,0,2,2,1,1,3,
12,3,1,3,3,0,4,2,1,1,3,
10,3,1,3,3,0,2,2,1,1,3,
11,3,2,3,3,0,3,2,1,2,3,
10,3,2,3,3,0,2,2,1,2,3,
10,3,2,3,3,0,3,2,1,2,3,
10,1,0,2,2,0,1,0,0,0,1,
10,3,2,3,3,0,3,2,1,2,3,
33,1,24,26,26,23,1,0,24,24,1,
10,3,2,3,3,0,2,2,1,1,3,
10,3,1,2,3,0,2,2,1,1,3,
10,3,1,3,2,0,2,2,1,1,3,
10,3,1,3,3,0,3,2,1,1,3,
10,3,1,3,3,0,2,2,1,1,3,
13,3,1,3,3,0,3,2,1,1,3,
11,3,2,3,3,0,3,2,1,2,3,
11,3,2,3,3,0,3,2,1,2,3,
10,4,2,3,3,0,3,2,1,2,4,
10,3,1,2,3,0,2,1,1,1,3,
11,2,1,3,3,0,2,1,1,1,2,
10,4,2,3,3,0,3,2,1,2,4,
10,3,1,2,3,0,2,2,1,1,3,
10,3,1,2,3,0,2,2,1,1,3,
10,3,1,2,3,0,2,1,1,1,3,
11,3,1,3,3,0,3,2,1,1,3,
10,3,1,3,3,0,2,2,1,1,3,
10,3,1,3,3,0,2,2,1,1,3,
13,3,2,3,3,0,3,2,1,2,3,
11,3,2,3,3,0,3,2,1,2,3,
11,3,2,3,3,0,3,2,1,2,3,
13,4,6,3,3,0,3,2,1,6,4,
10,4,2,3,3,0,3,2,1,2,4,
10,1,0,2,2,0,1,0,0,0,1,
10,3,1,2,3,0,2,2,1,1,3,
10,3,1,2,3,0,2,2,1,1,3,
10,3,1,2,3,0,2,2,1,1,3,
10,3,1,3,3,0,2,2,1,1,3,
12,3,1,5,3,0,3,2,1,1,3,
11,3,1,3,3,0,3,2,1,1,3,
11,3,2,3,3,0,3,2,1,2,3,
13,3,2,3,3,0,3,2,1,2,3,
11,3,2,3,3,0,3,2,1,2,3,
10,4,2,3,3,0,3,2,1,2,4,
10,4,2,3,3,0,3,2,1,2,4,
10,3,1,2,3,0,2,2,1,1,3,
10,3,1,3,3,0,2,1,1,1,3,
10,3,1,2,3,0,2,2,1,1,3,
31,4,2,3,3,0,3,2,1,1,3,
11,3,2,3,3,0,3,2,1,2,3,
10,3,1,3,3,0,2,2,1,1,3,
12,3,1,5,3,0,2,2,1,1,3,
11,3,2,3,3,0,3,2,1,2,3,
11,3,2,3,3,0,3,2,1,1,3,
12,3,2,3,3,0,3,2,1,2,3,
10,3,2,3,3,0,3,2,1,2,3,
10,4,2,3,3,0,3,2,1,2,4,
10,4,2,3,3,0,3,2,1,2,4,
10,4,2,3,4,0,3,3,2,2,4,
11,2,0,3,3,0,1,1,1,0,2,
10,3,1,2,3,0,2,2,1,1,3,
10,3,1,3,3,0,2,2,1,1,3,
10,3,2,3,3,0,2,2,1,2,3,
10,3,1,3,3,0,3,2,1,1,3,
13,3,2,6,3,0,2,2,1,2,3,
11,3,2,3,3,0,3,2,1,1,3,
10,3,2,3,3,0,3,2,1,2,3,
13,4,2,3,3,0,3,2,1,2,4,
10,4,2,3,3,0,3,2,1,2,4,
10,4,2,3,3,0,3,2,2,2,4,
10,4,2,3,4,0,3,3,2,2,4,
10,4,2,3,4,0,3,3,2,2,4,
13,4,4,6,6,0,4,4,4,4,4,
10,3,1,3,3,0,2,2,1,1,3,
10,3,1,3,3,0,2,2,1,1,3,
11,3,1,3,3,0,2,2,1,1,3,
11,3,2,3,3,0,2,2,1,2,3,
18,9,2,5,3,0,3,2,1,1,3,
11,3,2,3,5,0,3,2,1,2,3,
10,4,2,3,3,0,3,2,1,2,4,
12,4,2,3,3,0,6,2,1,2,4,
10,4,2,3,3,0,3,2,2,2,4,
10,3,1,2,3,0,2,2,1,1,3,
10,3,1,2,3,0,2,2,1,1,3,
10,3,1,2,3,0,2,1,1,1,3,
11,2,0,2,3,0,1,1,1,0,2,
10,3,1,3,3,0,2,2,1,1,3,
11,3,2,3,3,0,3,2,1,1,3,
13,3,2,3,3,0,3,2,1,2,3,
11,3,2,3,3,0,3,2,1,2,3,
10,3,2,3,3,0,3,2,1,2,3,
10,3,2,3,3,0,3,2,1,2,3,
10,4,2,3,3,0,3,2,1,2,4,
12,4,2,3,4,0,6,2,2,2,4,
10,3,1,2,3,0,2,1,1,1,3,
10,3,1,2,3,0,2,1,1,1,3,
10,3,1,2,3,0,2,2,1,1,3,
10,3,1,3,3,0,2,2,1,1,3,
11,2,0,2,3,0,1,0,1,0,2,
10,3,1,3,3,0,2,2,1,1,3,
10,3,2,3,3,0,3,2,1,1,3,
10,3,2,3,3,0,3,2,1,1,3,
10,3,2,3,3,0,3,2,1,2,3,
10,3,2,3,3,0,3,2,1,2,3,
10,4,2,3,3,0,3,2,1,2,4,
10,4,2,3,3,0,3,2,2,2,4,
10,3,1,2,3,0,2,2,1,1,3,
28,4,21,3,4,0,3,2,2,2,4,
10,3,1,2,3,0,2,1,1,1,3,
10,3,1,3,3,0,2,2,1,1,3,
10,3,1,3,3,0,2,2,1,1,3,
11,2,0,2,3,0,1,1,1,0,2,
11,3,2,3,3,0,3,2,1,1,3,
10,3,1,3,3,0,2,2,1,1,3,
10,3,2,3,3,0,2,2,1,2,3,
10,3,2,3,3,0,3,2,1,2,3,
11,4,2,5,3,0,3,2,1,2,4,
10,4,2,3,3,0,3,2,2,2,4,
10,3,1,2,3,0,2,2,1,1,3,
12,3,1,2,3,0,2,1,1,1,3,
10,3,1,2,3,0,2,2,1,1,3,
10,3,1,2,3,0,2,2,1,1,3,
10,3,1,3,3,0,2,2,1,1,3,
11,3,1,3,3,0,3,2,1,1,3,
11,2,0,2,3,0,2,1,1,0,2,
10,4,2,3,3,0,3,2,1,2,4,
10,4,2,3,3,0,3,2,1,2,3,
10,3,2,3,3,0,3,2,1,2,3,
10,4,2,3,3,0,3,2,1,2,4,
12,4,2,5,4,0,3,2,2,2,4,
10,3,1,2,3,0,2,2,1,1,3,
10,4,2,3,4,0,3,2,2,2,4,
12,3,1,2,3,0,2,2,1,1,3,
10,3,1,3,3,0,2,2,1,1,3,
11,3,1,3,3,0,2,2,1,1,3,
11,3,2,3,3,0,3,2,1,1,3,
11,3,2,3,3,0,3,2,1,2,3,
10,3,2,3,3,0,3,2,1,2,3,
10,4,2,3,3,0,3,2,1,2,4,
10,4,2,3,3,0,3,2,2,2,4,
10,4,2,3,3,0,3,2,1,2,4,
10,4,2,3,4,0,3,3,2,2,4,
33,3,1,3,2,0,2,26,1,1,3,
11,3,1,3,3,0,2,2,1,1,3,
10,3,1,2,3,0,2,2,1,1,3,
11,3,2,3,3,0,4,2,1,1,3,
11,3,2,3,3,0,2,2,1,1,3,
10,3,2,3,3,0,3,2,1,2,3,
11,3,5,3,3,0,3,2,1,2,3,
10,3,2,3,3,0,3,2,1,2,3,
11,2,0,2,2,0,1,0,0,0,1,
10,4,2,3,4,0,3,2,2,2,4,
10,4,2,3,4,0,3,2,2,2,4,
10,3,1,2,3,0,2,2,1,1,3,
11,3,2,3,3,0,3,2,1,1,3,
11,3,1,3,3,0,2,2,1,1,3,
11,3,2,3,3,0,3,2,1,2,3,
10,3,2,3,3,0,3,2,1,2,3,
12,3,2,3,3,0,5,2,1,2,3,
10,3,2,3,3,0,3,2,1,2,3,
10,4,2,3,3,0,3,2,2,2,4,
10,4,2,3,4,0,3,2,2,2,4,
10,4,2,3,4,0,3,2,2,2,4,
10,3,1,3,3,0,2,2,1,1,3,
11,3,1,3,3,0,2,2,1,1,3,
11,3,1,3,3,0,2,2,1,1,3,
10,3,2,3,3,0,2,2,1,2,3,
10,3,2,3,3,0,3,2,1,2,3,
31,22,2,3,4,0,3,3,2,2,22,
10,4,2,3,3,0,3,3,2,2,4,
10,4,2,3,3,0,3,2,1,2,4,
10,3,1,2,3,0,2,2,1,1,3,
11,3,1,3,3,0,3,2,1,1,3,
12,4,1,3,3,0,3,2,1,1,4,
11,3,1,2,3,0,3,2,1,1,3,
11,3,2,3,3,0,3,2,1,2,3,
10,3,2,3,3,0,3,2,1,2,3,
30,4,2,3,3,0,23,2,1,2,4,
10,4,2,3,4,0,3,2,2,2,4,
10,4,2,3,4,0,3,2,2,2,4,
10,4,2,3,3,0,3,2,1,2,4,
11,4,2,3,3,0,3,2,1,2,4,
11,3,1,3,3,0,3,2,1,1,3,
11,3,2,3,3,0,3,2,1,1,3,
10,4,2,3,3,0,3,2,1,2,3,
10,3,2,3,3,0,3,2,1,2,3,
11,5,2,3,3,0,3,2,1,2,5,
10,4,2,3,3,0,3,2,1,2,4,
10,4,2,3,3,0,3,2,1,2,4,
29,4,23,3,3,0,3,3,2,23,4,
10,3,1,3,3,0,2,2,1,1,3,
29,3,1,22,3,0,2,2,1,1,3,
31,3,1,3,23,0,2,2,1,1,3,
11,3,2,3,3,0,3,2,1,1,3,
12,4,2,3,3,0,3,2,1,2,4,
10,3,2,2,3,0,3,2,1,2,3,
10,4,2,3,3,0,3,2,1,2,4,
10,3,2,3,3,0,3,2,1,2,3,
10,4,2,3,3,0,3,2,1,2,4,
12,4,1,2,3,0,2,2,1,1,4,
10,3,1,2,3,0,2,2,1,1,3,
13,3,1,2,6,0,2,2,1,1,3,
11,3,2,3,3,0,3,2,1,1,3,
11,3,1,3,3,0,3,2,1,1,3,
11,3,2,2,3,0,3,2,1,1,3,
10,4,2,3,3,0,3,2,1,2,4,
10,3,2,3,3,0,3,2,1,2,3,
12,4,2,3,3,0,3,2,1,2,4,
29,3,1,2,2,0,2,2,22,1,3,
10,3,1,2,3,0,2,2,1,1,3,
10,3,1,2,2,0,2,2,0,1,3,
11,3,2,3,3,0,3,2,1,1,3,
13,6,1,2,3,0,3,2,1,1,6,
11,3,2,3,3,0,3,2,1,1,3,
10,4,2,3,3,0,3,2,1,2,3,
10,4,2,3,3,0,3,2,1,2,4,
12,6,2,3,3,0,3,2,1,2,6,
10,3,1,2,2,0,2,2,0,1,3,
10,3,1,2,2,0,2,2,1,1,3,
10,3,1,2,3,0,2,2,1,1,3,
11,3,1,2,3,0,2,2,1,1,3,
11,3,1,2,3,0,2,2,1,1,3,
11,3,1,2,3,0,3,2,1,1,3,
11,3,2,3,3,0,3,2,1,2,3,
10,3,2,3,3,0,3,2,1,2,3,
10,4,2,3,3,0,3,2,1,2,4,
10,4,2,3,3,0,3,2,1,2,4,
12,4,2,3,6,0,3,3,1,2,4,
10,3,1,2,2,0,2,2,1,1,3,
11,3,1,2,3,0,2,2,1,1,3,
10,3,1,2,3,0,2,2,1,1,3,
11,3,1,3,3,0,3,2,1,1,3,
10,3,2,3,3,0,2,2,1,2,3,
11,3,2,3,3,0,3,2,1,2,3,
10,3,2,3,3,0,3,2,1,2,3,
10,4,2,3,3,0,3,2,1,2,3,
10,4,2,3,3,0,3,2,1,2,4,
10,3,1,2,2,0,2,2,1,1,3,
10,3,1,2,3,0,2,2,1,1,3,
10,3,1,2,3,0,2,2,1,1,3,
10,3,1,2,3,0,2,2,1,1,3,
11,3,2,3,3,0,3,2,1,2,3,
11,3,2,3,3,0,3,2,1,1,3,
10,3,2,2,3,0,3,2,1,2,3,
10,4,2,3,3,0,3,2,1,2,4,
10,4,2,3,3,0,3,2,1,2,4,
11,4,2,3,3,0,3,2,1,2,3,
10,3,1,2,2,0,2,2,0,1,3,
11,3,1,2,3,0,2,2,1,1,3,
11,3,1,2,3,0,3,2,1,1,3,
11,3,1,2,3,0,3,2,1,1,3,
13,6,2,2,3,0,3,2,1,1,6,
13,4,2,3,3,0,3,2,1,2,4,
10,4,2,3,3,0,3,2,1,2,3,
10,4,2,3,3,0,3,2,1,2,3,
10,4,2,3,3,0,3,2,1,2,4,
10,4,2,3,3,0,3,2,1,2,4,
10,4,2,3,3,0,3,3,1,2,4,
10,3,1,2,3,0,2,2,1,1,3,
13,3,1,2,3,0,2,2,1,1,3,
11,3,1,2,3,0,3,2,1,1,3,
11,3,1,3,3,0,3,2,1,1,3,
10,3,2,3,3,0,3,2,1,2,3,
12,3,1,2,3,0,3,2,1,1,3,
12,6,2,3,3,0,5,2,1,2,5,
10,4,2,3,3,0,3,3,1,2,4,
10,4,2,3,3,0,3,2,1,2,4,
10,4,2,3,3,0,3,3,1,2,4,
11,3,1,2,3,0,2,2,1,1,3,
10,3,1,2,2,0,2,2,0,1,3,
10,3,1,3,3,0,2,2,1,1,3,
11,3,2,3,3,0,3,2,1,1,3,
11,3,1,2,2,0,2,2,1,1,3,
10,3,2,2,3,0,3,2,1,2,3,
10,4,2,3,3,0,3,2,1,2,4,
10,4,2,3,3,0,3,2,1,2,4,
10,4,2,3,3,0,3,2,1,2,4,
11,4,2,3,3,0,3,3,2,2,4,
10,4,2,3,3,0,3,3,1,2,4,
10,3,1,2,2,0,2,2,1,1,3,
11,3,1,2,3,0,2,2,1,1,3,
11,3,1,2,3,0,2,2,1,1,3,
11,3,1,2,3,0,3,2,1,1,3,
11,3,2,3,3,0,3,2,1,1,3,
10,4,2,3,3,0,3,2,1,1,3,
10,3,1,2,3,0,2,2,1,1,3,
10,4,2,3,3,0,3,2,1,2,3,
10,4,2,3,3,0,3,2,1,2,3,
10,4,2,3,3,0,3,2,1,2,4,
10,3,1,2,2,0,2,2,0,1,3,
12,5,2,3,3,0,3,3,1,2,5,
10,4,2,3,3,0,3,3,1,2,4,
11,3,1,2,3,0,2,2,1,1,3,
11,3,1,2,2,0,2,2,1,1,3,
11,3,2,3,3,0,3,2,1,1,3,
10,3,2,3,3,0,3,2,1,2,3,
10,3,2,3,3,0,3,2,1,2,3,
10,3,2,3,3,0,3,2,1,2,3,
10,4,2,3,3,0,3,2,1,2,4,
11,4,2,3,3,0,3,2,1,2,4,
10,4,2,3,3,0,3,2,1,2,4,
10,4,2,3,3,0,3,3,2,2,4,
10,4,2,3,3,0,3,3,1,2,4,
12,4,1,2,3,0,2,2,1,1,4,
11,3,1,2,3,0,2,2,1,1,3,
11,3,1,2,3,0,2,2,1,1,3,
11,3,1,3,3,0,3,2,1,1,3,
10,3,2,3,3,0,3,2,1,2,3,
10,4,2,3,3,0,3,2,1,2,4,
10,4,2,3,3,0,3,2,1,2,3,
10,4,2,3,3,0,3,2,1,2,4,
10,3,1,2,2,0,2,2,1,1,3,
10,4,2,3,3,0,3,2,1,2,4,
10,4,2,3,3,0,3,3,2,2,4,
10,4,2,3,3,0,3,2,1,2,4,
10,3,1,2,3,0,2,2,1,1,3,
11,3,1,2,3,0,3,2,1,1,3,
11,3,1,2,3,0,2,2,1,1,3,
12,3,2,2,5,0,3,2,1,1,3,
10,3,2,3,3,0,3,2,1,2,3,
10,3,2,3,3,0,3,2,1,2,3,
10,3,2,3,3,0,3,2,1,2,3,
10,4,2,3,3,0,3,2,1,2,4,
12,5,2,3,3,0,3,2,1,2,5,
11,4,2,3,3,0,3,3,1,2,4,
10,3,1,2,2,0,2,2,1,1,3,
10,3,1,2,2,0,2,2,0,1,3,
10,3,1,2,3,0,2,2,1,1,3,
11,3,1,2,3,0,3,2,1,1,3,
11,3,1,2,3,0,3,2,1,1,3,
10,3,2,4,3,0,3,2,1,1,3,
12,5,2,3,5,0,3,2,1,2,5,
10,4,2,3,3,0,3,2,1,2,4,
10,4,2,2,3,0,3,2,1,2,4,
10,3,1,2,2,0,2,2,0,1,3,
10,4,2,3,3,0,3,3,1,2,4,
10,4,2,3,3,0,3,2,1,2,4,
12,3,1,2,2,0,2,2,1,1,3,
10,3,1,2,2,0,2,2,1,1,3,
10,3,1,2,2,0,2,2,0,1,3,
11,3,1,2,3,0,3,2,1,1,3,
11,3,1,2,3,0,3,2,1,1,3,
10,4,1,2,3,0,3,2,1,1,4,
10,3,2,3,3,0,3,2,1,2,3,
10,3,2,2,3,0,3,2,1,1,3,
10,3,2,3,3,0,3,2,1,2,3,
10,4,2,3,3,0,3,2,1,2,4,
10,4,2,3,3,0,3,2,1,2,4,
10,3,1,2,2,0,2,2,0,1,3,
10,3,1,2,3,0,2,2,1,1,3,
11,4,2,3,3,0,3,2,1,2,4,
11,3,1,2,3,0,2,2,1,1,3,
11,3,1,2,3,0,3,2,1,1,3,
11,3,1,2,3,0,3,2,1,1,3,
11,3,2,3,3,0,3,2,1,1,3,
10,4,2,3,3,0,3,2,1,2,4,
10,3,2,3,3,0,3,2,1,2,3,
10,3,2,3,3,0,3,2,1,2,3,
10,4,2,3,3,0,3,2,1,2,4,
12,3,2,2,3,0,3,2,1,2,3,
10,4,2,3,3,0,3,2,1,2,4,
10,4,2,3,3,0,3,3,2,2,4,
10,4,2,3,3,0,3,3,1,2,4,
11,4,2,3,3,0,3,2,1,2,3,
11,3,1,2,3,0,3,2,1,1,3,
11,3,3,4,4,0,3,3,3,3,3,
11,3,1,2,3,0,3,2,1,1,3,
10,4,2,3,3,0,3,2,1,2,3,
12,6,2,3,3,0,3,2,1,2,6,
10,4,2,3,3,0,3,2,1,2,3,
11,3,1,2,2,0,2,2,0,1,3,
11,3,2,3,3,0,4,2,1,2,3,
10,4,2,3,3,0,3,2,1,2,4,
10,4,2,3,3,0,3,3,1,2,4,
10,4,2,3,3,0,3,3,1,2,4,
10,3,1,2,3,0,2,2,1,1,3,
12,4,2,3,3,0,3,2,1,2,4,
11,3,1,2,3,0,3,2,1,1,3,
11,3,2,2,3,0,3,2,1,1,3,
10,3,2,3,3,0,3,2,1,2,3,
10,3,2,3,3,0,3,2,1,2,3,
13,6,2,3,3,0,3,2,1,2,6,
10,4,2,3,3,0,3,2,1,2,4,
10,4,2,3,3,0,3,2,1,2,4,
10,4,2,3,3,0,3,2,1,2,4,
10,3,1,2,2,0,2,2,0,1,3,
10,3,1,2,2,0,2,2,1,1,3,
10,3,1,2,3,0,2,2,1,1,3,
11,3,1,2,3,0,3,2,1,1,3,
12,3,2,3,3,0,3,2,1,2,3,
11,3,2,3,3,0,3,2,1,1,3,
10,3,2,3,3,0,3,2,1,2,3,
10,3,2,2,3,0,3,2,1,2,3,
10,4,2,3,3,0,3,2,1,2,3,
12,6,2,3,3,0,3,2,1,2,6,
10,4,2,3,3,0,3,2,1,2,4,
10,4,2,3,3,0,3,2,1,2,4,
10,3,1,2,3,0,2,2,1,1,3,
11,3,1,2,2,0,2,2,1,1,3,
11,3,1,2,3,0,2,2,1,1,3,
11,3,1,2,3,0,3,2,1,1,3,
11,3,1,2,3,0,2,2,1,1,3,
11,4,1,2,3,0,3,2,1,1,3,
10,3,2,3,3,0,3,2,1,2,3,
