15,3,2,4,4,0,3,1,2,4,2,4,3,4,0,2,2,2,4,4,3,
13,2,1,3,2,0,1,0,1,2,1,3,1,2,0,0,1,1,2,3,2,
11,2,1,3,2,0,2,1,1,3,1,3,2,2,0,1,1,1,3,3,2,
11,3,1,3,3,0,2,1,1,3,1,3,2,3,0,1,1,1,3,3,2,
14,2,1,3,3,0,2,1,1,3,1,3,2,3,0,1,1,1,2,3,2,
11,2,1,3,3,0,2,1,1,3,1,3,2,3,0,1,1,1,3,3,2,
11,3,1,3,3,0,2,2,1,3,2,3,2,3,0,2,1,1,3,3,3,
11,2,1,3,3,0,2,1,1,3,2,3,2,3,0,1,1,2,2,3,2,
12,4,2,3,4,0,4,3,1,5,2,3,4,4,0,3,1,2,5,3,4,
10,2,1,3,3,0,2,1,1,3,2,3,2,3,0,1,1,2,3,4,2,
11,2,2,3,3,0,2,1,1,3,2,4,2,3,0,1,2,2,3,4,2,
11,3,2,3,3,0,3,2,2,3,2,4,3,3,0,2,2,2,3,4,3,
11,2,1,3,2,0,2,1,1,2,1,3,2,2,0,1,1,1,2,3,2,
13,2,1,3,5,0,2,1,1,2,1,3,2,5,0,1,1,1,2,3,2,
13,4,4,5,5,0,4,4,4,4,4,5,4,5,0,4,4,4,4,5,4,
11,2,1,3,2,0,2,1,1,3,1,3,2,2,0,1,1,1,3,3,2,
11,2,1,3,3,0,2,1,1,3,1,3,2,3,0,1,1,1,3,3,2,
11,2,1,3,3,0,2,1,1,2,1,3,2,3,0,1,1,1,2,3,2,
11,2,1,3,3,0,2,1,1,2,2,3,2,3,0,1,1,2,2,3,2,
12,3,1,3,3,0,2,1,1,3,2,3,2,3,0,1,1,2,3,4,2,
10,3,1,3,3,0,2,1,1,3,2,3,2,3,0,1,1,2,3,4,3,
11,3,2,4,3,0,3,2,2,3,2,4,3,3,0,2,2,2,3,4,3,
11,3,2,3,3,0,3,2,2,3,2,4,2,3,0,2,2,2,3,4,3,
11,3,2,4,3,0,2,1,2,3,2,4,2,3,0,1,2,2,3,4,2,
12,2,1,3,2,0,2,1,1,2,1,3,2,3,0,1,1,1,2,3,2,
11,2,1,3,2,0,2,1,1,2,1,3,2,3,0,1,1,1,2,3,2,
11,2,1,3,2,0,2,1,1,2,1,3,2,3,0,1,1,1,2,3,2,
11,2,1,3,2,0,2,1,1,2,1,3,2,3,0,1,1,1,2,3,2,
11,2,1,3,2,0,2,1,1,2,1,3,2,3,0,1,1,1,2,3,2,
11,2,1,3,3,0,2,1,1,2,1,3,2,3,0,1,2,1,2,3,2,
11,2,1,3,2,0,2,1,1,2,1,3,2,3,0,1,1,1,2,3,2,
11,2,1,3,3,0,2,1,1,2,1,3,2,3,0,1,2,2,2,3,2,
12,5,1,3,3,0,4,3,1,5,2,3,4,3,0,3,2,2,5,4,4,
10,2,1,3,3,0,2,1,1,3,2,3,2,3,0,1,2,2,2,3,2,
11,3,2,3,3,0,3,2,1,3,2,3,3,3,0,2,2,2,3,4,3,
12,3,2,4,3,0,4,2,2,3,2,4,4,3,0,2,2,2,3,4,5,
11,2,1,3,2,0,2,1,1,3,1,3,2,2,0,1,1,1,2,3,2,
11,2,1,3,2,0,2,1,1,3,1,3,2,2,0,1,1,1,2,3,2,
12,3,1,3,3,0,3,2,1,3,2,3,3,3,0,2,2,2,3,3,3,
11,3,2,4,3,1,3,2,2,4,2,4,3,3,0,2,2,2,3,4,3,
11,3,1,3,2,0,2,1,1,3,1,3,2,3,0,1,1,1,3,3,3,
11,3,1,3,2,0,2,1,1,3,1,3,2,3,0,1,1,1,3,3,2,
13,1,0,2,1,0,1,0,0,2,1,2,1,1,0,0,0,1,2,2,1,
12,3,1,4,3,0,3,2,1,3,2,3,3,3,0,2,1,1,3,5,3,
12,3,1,3,5,0,3,2,1,3,2,3,3,5,0,2,1,1,3,3,3,
13,0,0,3,2,0,0,0,1,0,0,3,0,2,0,0,1,0,0,3,0,
10,3,2,3,3,0,3,2,1,3,2,3,3,3,0,2,1,2,3,3,3,
10,3,2,3,3,0,3,2,1,3,2,3,3,3,0,2,1,2,3,4,3,
11,3,2,3,3,0,3,2,1,3,2,4,3,3,0,2,2,2,3,4,3,
11,3,2,4,3,0,3,2,1,3,2,4,3,3,0,2,2,2,3,4,3,
11,3,1,3,2,0,2,1,1,3,1,3,2,2,0,1,1,1,3,3,2,
11,2,1,3,2,0,2,1,1,3,1,3,2,2,0,1,1,1,3,3,2,
11,3,1,3,2,0,2,1,1,3,1,3,2,3,0,1,1,1,3,3,2,
11,3,1,3,2,0,2,1,1,3,1,3,2,2,0,1,1,1,3,3,2,
11,3,1,3,2,0,2,1,1,3,1,3,2,3,0,2,1,1,3,3,3,
12,3,2,4,3,1,3,2,2,4,2,4,3,3,0,2,2,2,4,4,3,
11,3,1,3,3,0,3,2,1,3,2,3,3,3,0,2,1,1,3,3,3,
10,3,1,3,3,0,3,2,1,3,2,3,3,3,0,2,1,1,3,3,3,
10,3,2,3,3,0,3,2,1,3,2,3,3,3,0,2,1,2,3,4,3,
13,3,2,3,3,0,3,2,1,3,2,3,3,3,0,2,1,2,3,4,3,
11,3,2,3,3,0,3,2,1,3,2,4,3,3,0,2,1,2,3,4,3,
11,4,2,4,3,0,3,2,2,4,2,4,3,3,0,3,2,2,4,4,3,
11,3,2,4,3,0,3,2,2,4,2,4,3,3,0,2,2,2,4,4,3,
13,5,1,3,2,0,5,4,1,5,1,3,5,2,0,4,1,1,5,3,5,
11,2,1,3,2,0,2,1,1,3,1,3,2,3,0,1,1,1,3,3,2,
11,2,1,3,2,0,2,1,1,3,1,3,2,2,0,1,1,1,3,3,2,
13,3,1,3,2,0,5,1,1,3,1,3,5,3,0,1,1,1,3,3,5,
11,3,1,3,3,0,3,2,1,3,1,3,2,3,0,2,1,1,3,3,3,
13,3,1,5,3,0,3,2,1,3,2,5,3,3,0,2,1,1,3,5,3,
10,3,3,3,3,0,3,2,1,3,3,3,3,3,0,2,1,3,3,3,3,
10,3,1,3,3,0,3,2,1,3,2,3,3,3,0,2,1,1,3,3,3,
10,3,2,3,3,0,3,2,1,3,2,3,3,3,1,2,1,2,3,4,3,
11,3,2,4,3,0,3,2,2,4,2,4,3,3,1,2,2,2,3,4,3,
11,2,1,3,2,0,2,1,1,3,1,3,2,2,0,1,1,1,3,3,2,
11,3,2,4,3,0,3,2,2,4,2,4,3,3,0,2,2,2,4,4,3,
11,3,2,4,3,0,3,2,1,4,2,4,3,3,0,2,2,2,3,4,3,
12,4,2,3,3,0,4,3,1,5,2,3,4,3,0,3,1,2,5,4,4,
11,3,1,3,2,0,2,1,1,3,1,3,2,3,0,2,1,1,3,3,3,
11,3,1,3,3,0,3,2,1,3,1,3,2,3,0,2,1,1,3,3,3,
11,2,1,3,3,0,3,1,1,3,1,3,3,3,0,1,1,1,3,3,3,
13,5,1,5,5,0,5,2,1,4,2,5,4,5,0,2,1,1,5,4,5,
10,3,1,3,3,0,3,2,1,3,1,3,3,3,0,2,1,1,3,3,3,
11,3,2,3,3,0,3,2,1,4,2,3,3,3,0,2,1,2,3,4,3,
11,4,2,4,3,0,3,2,2,4,2,4,3,3,0,2,2,2,4,4,3,
11,3,2,4,3,0,3,2,1,4,2,4,3,3,1,2,2,2,3,4,3,
11,3,2,4,3,0,3,2,2,4,2,4,3,3,1,2,2,2,3,4,3,
12,2,1,3,4,0,2,1,1,3,1,3,2,4,0,1,1,1,3,3,2,
11,2,1,3,2,0,2,1,1,3,1,3,2,2,0,1,1,1,2,3,2,
11,3,1,3,2,0,2,1,1,3,1,3,2,3,0,2,1,1,3,3,2,
13,3,1,3,2,0,2,1,1,3,1,3,2,2,0,1,1,1,3,3,2,
11,3,1,3,3,0,3,2,1,3,2,3,2,3,0,2,1,1,3,3,3,
11,3,1,3,3,0,3,2,1,3,2,3,3,3,0,2,1,1,3,3,3,
13,3,2,3,3,0,3,2,1,3,2,3,3,3,0,2,1,2,3,4,3,
12,3,1,3,2,0,2,1,1,3,1,3,2,3,0,2,1,1,3,3,3,
10,3,2,3,3,0,3,2,1,3,2,3,3,3,0,2,1,2,3,4,3,
11,3,2,4,3,0,3,2,1,4,2,4,3,3,0,2,2,2,3,4,3,
11,2,1,3,2,0,2,1,1,3,1,3,2,2,0,1,1,1,2,3,2,
11,2,1,3,2,0,2,1,1,3,1,3,2,2,0,1,1,1,3,3,2,
13,3,1,3,3,0,3,2,1,3,2,3,3,3,0,2,1,2,3,3,3,
11,3,1,3,2,0,2,1,1,3,1,3,2,3,0,1,1,1,3,3,2,
11,3,1,3,3,0,2,2,1,3,1,3,2,3,0,2,1,1,3,3,3,
10,3,1,3,3,0,3,2,1,3,2,3,3,3,0,2,1,1,3,3,3,
10,3,2,3,3,0,3,2,1,3,2,3,3,3,0,2,1,2,3,3,3,
10,3,2,3,3,0,3,2,1,3,2,3,3,3,0,2,1,2,3,4,3,
12,4,2,3,3,0,3,2,1,5,2,3,3,3,0,2,1,2,4,4,3,
11,3,2,4,3,0,3,2,2,4,2,4,3,3,1,2,2,2,3,4,3,
11,2,1,3,2,0,2,1,1,3,1,3,2,2,0,1,1,1,3,3,2,
11,2,1,3,2,0,2,1,1,3,1,3,2,2,0,1,1,1,3,3,2,
11,2,1,3,2,0,2,1,1,3,1,3,2,2,0,1,1,1,3,3,2,
11,3,1,3,3,0,3,2,1,3,2,3,3,3,0,2,1,1,3,3,3,
11,3,2,3,3,0,3,2,1,4,2,3,3,3,0,2,1,2,3,4,3,
12,3,2,3,3,0,3,2,1,4,2,3,3,3,1,2,1,2,4,3,3,
14,3,1,3,3,0,2,2,1,3,1,3,2,3,0,2,1,1,3,3,3,
11,3,1,3,3,0,3,2,1,3,2,3,3,3,0,2,1,1,3,3,3,
12,3,2,3,5,0,3,2,2,4,2,3,3,5,1,2,2,2,3,4,3,
14,1,0,3,3,0,0,0,1,1,0,3,0,3,0,0,1,0,1,4,0,
11,3,2,3,3,0,3,2,1,4,2,4,3,3,0,2,2,2,3,4,3,
11,3,1,3,2,0,2,1,1,3,1,3,2,2,0,1,1,1,3,3,2,
11,3,1,3,2,0,3,2,1,3,1,3,3,3,0,2,1,1,3,3,3,
11,3,1,3,2,0,2,1,1,3,1,3,2,3,0,2,1,1,3,3,3,
11,3,1,3,3,0,3,2,1,3,2,3,3,3,0,2,1,1,3,3,3,
11,3,1,3,3,0,3,2,1,3,2,3,3,3,0,2,1,1,3,3,3,
11,3,2,3,3,0,3,2,1,3,2,3,3,3,0,2,1,2,3,3,3,
13,3,2,3,3,0,3,2,1,3,2,3,3,3,0,2,1,2,3,3,3,
11,3,2,3,3,0,3,2,1,4,2,4,3,3,1,2,2,2,4,4,3,
13,2,1,3,2,0,2,1,1,3,1,3,2,2,0,1,1,1,3,3,2,
11,3,2,3,3,0,3,2,1,4,2,4,3,3,0,2,2,2,3,4,3,
12,3,1,3,3,0,3,2,1,3,2,3,3,3,0,2,1,1,3,3,3,
11,2,1,3,2,0,2,1,1,3,1,3,2,2,0,1,1,1,2,3,2,
12,2,1,2,2,0,2,1,0,3,1,3,2,2,0,1,1,1,3,3,2,
11,3,1,3,3,0,3,2,1,3,2,3,3,3,0,2,1,1,3,3,3,
11,3,1,3,3,0,3,2,1,3,1,3,3,3,0,2,1,1,3,3,3,
11,3,1,3,3,0,3,2,1,3,1,3,3,3,0,2,1,1,3,3,3,
14,3,1,6,3,0,3,2,1,6,1,6,3,3,0,2,1,1,6,6,3,
11,3,1,3,3,0,3,2,1,3,2,3,3,3,0,2,1,1,3,3,3,
11,3,2,3,3,0,3,2,1,3,2,3,3,3,0,2,1,2,3,3,3,
10,3,2,3,3,0,3,2,1,4,2,3,3,3,0,2,1,2,3,4,3,
11,3,1,3,2,0,3,2,1,3,1,3,2,2,0,2,1,1,3,3,3,
11,3,1,3,2,0,3,2,1,3,1,3,3,2,0,2,1,1,3,3,3,
11,3,1,3,2,0,3,2,1,3,1,3,2,3,0,2,1,1,3,3,3,
11,3,2,4,3,0,3,2,2,4,2,4,3,3,0,2,2,2,3,4,3,
11,2,1,3,2,0,2,1,1,3,1,3,2,2,0,1,1,1,3,3,2,
11,3,1,3,3,0,3,2,1,3,2,3,3,3,0,2,1,2,3,3,3,
13,2,0,2,2,0,2,1,0,2,1,2,2,2,0,1,1,0,2,2,2,
12,2,0,2,2,0,2,1,0,3,1,2,2,2,0,1,0,1,2,2,2,
13,3,2,3,5,0,3,2,1,4,2,3,3,5,0,2,1,2,3,3,3,
14,1,1,3,3,1,1,1,1,0,0,3,0,3,0,1,1,1,1,3,1,
11,2,1,3,2,0,2,1,1,3,1,3,2,2,0,1,1,1,3,3,2,
10,3,1,3,3,0,2,2,1,3,1,3,2,3,0,2,1,1,3,3,3,
10,3,1,3,3,0,3,2,1,3,1,3,2,3,0,2,1,1,3,3,3,
10,3,1,3,3,0,3,2,1,3,2,3,2,3,0,2,1,1,3,3,3,
10,3,1,3,3,0,3,2,1,3,2,3,3,3,0,2,1,2,3,3,3,
10,3,2,3,3,0,3,2,1,3,2,3,3,3,0,2,2,2,3,4,3,
11,3,2,3,3,0,3,2,1,3,2,3,3,3,0,2,2,2,3,4,3,
11,3,2,4,3,0,3,2,1,4,2,4,3,3,0,2,2,2,3,4,3,
11,3,2,4,3,0,3,2,1,3,2,4,3,3,0,2,2,2,3,4,3,
14,3,2,4,3,0,3,2,2,4,2,4,3,3,0,2,2,2,3,4,3,
11,2,1,3,2,0,2,1,1,3,1,3,2,2,0,1,1,1,3,3,2,
11,3,1,3,3,0,2,1,1,3,1,3,2,3,0,2,1,1,3,3,2,
13,2,0,4,3,0,1,1,1,2,0,4,1,3,0,1,1,0,2,4,2,
11,3,1,3,3,0,3,2,1,3,1,3,3,3,0,2,1,1,3,3,3,
10,3,1,3,3,0,3,2,1,3,2,3,3,3,0,2,1,1,3,3,3,
10,3,1,3,3,0,3,2,1,3,2,3,3,3,0,2,1,1,3,3,3,
10,3,1,3,3,0,3,2,1,3,2,3,3,3,0,2,1,2,3,4,3,
10,3,1,3,3,0,3,2,1,3,2,3,3,3,0,2,1,2,3,4,3,
10,3,2,3,3,0,3,2,1,3,2,3,3,3,0,2,1,2,3,4,3,
11,3,2,3,3,0,3,2,1,3,2,4,3,3,0,2,1,2,3,4,3,
11,3,2,4,3,0,3,2,1,3,2,4,3,3,0,2,2,2,3,4,3,
11,3,1,3,2,0,2,1,1,3,1,3,2,2,0,2,1,1,3,3,3,
13,3,1,3,3,0,3,2,1,3,1,3,2,3,0,2,1,1,3,3,3,
11,3,1,3,2,0,3,2,1,3,1,3,2,2,0,2,1,1,3,3,3,
11,2,1,3,2,0,2,1,1,3,1,3,2,2,0,1,1,1,3,3,2,
11,3,1,3,3,0,2,2,1,3,1,3,2,3,0,2,1,1,3,3,3,
12,3,1,3,2,0,2,1,1,3,1,3,2,3,0,1,1,1,3,3,3,
10,3,1,3,3,0,3,2,1,3,1,3,2,3,0,2,1,1,3,3,3,
10,3,1,3,3,0,3,2,1,3,1,3,2,3,0,2,1,1,3,3,3,
10,3,1,3,3,0,3,2,1,3,2,3,3,3,0,2,1,2,3,3,3,
13,6,2,3,3,0,6,5,1,6,2,4,6,3,0,5,1,2,6,4,6,
11,3,3,3,3,0,3,2,1,4,2,4,3,3,0,2,1,2,3,4,3,
11,3,2,4,3,0,3,2,2,3,2,4,3,3,0,2,2,2,3,4,3,
14,4,2,4,3,0,7,2,1,4,2,4,7,3,0,2,2,2,4,4,7,
11,3,1,3,2,0,3,1,1,3,1,3,3,2,0,1,1,1,3,3,3,
13,3,1,5,2,0,3,1,1,3,1,5,2,2,0,1,1,1,3,5,3,
11,3,3,3,2,0,3,1,1,3,4,3,3,2,0,1,1,3,3,3,3,
11,3,1,3,3,0,3,2,1,3,1,3,3,3,0,2,1,1,3,3,3,
11,3,1,3,3,0,3,2,1,3,1,3,3,3,0,1,1,1,3,3,3,
10,3,1,3,3,0,3,2,1,3,1,3,3,3,0,2,1,1,3,3,3,
10,3,1,3,3,0,3,2,1,3,2,3,3,3,0,2,1,1,3,3,3,
10,3,1,3,3,0,3,2,1,4,2,3,3,3,0,2,1,2,3,3,3,
10,3,2,3,3,0,3,2,1,4,2,3,3,3,0,1,1,2,3,3,3,
13,6,2,3,3,0,6,5,1,6,2,4,6,3,0,4,1,2,6,4,6,
11,4,2,4,3,0,4,2,2,4,2,4,3,3,0,2,2,2,4,4,4,
11,4,2,4,3,0,4,2,1,4,2,4,3,3,0,2,2,2,4,4,4,
13,4,2,4,3,0,6,3,1,4,2,4,5,3,0,3,2,2,4,4,6,
11,4,2,4,3,1,4,2,2,4,2,4,4,3,0,2,2,2,4,4,4,
12,3,1,3,2,0,3,1,1,3,1,4,2,3,0,1,1,1,3,4,3,
11,3,1,3,2,0,3,2,1,3,2,3,3,3,0,1,1,1,3,3,3,
11,3,1,3,2,0,3,2,1,3,1,3,3,3,0,1,1,1,3,3,3,
11,3,1,3,2,0,3,2,1,3,2,3,3,3,0,2,1,1,3,3,3,
10,3,1,3,3,0,3,2,1,3,1,3,3,3,0,2,1,1,3,3,3,
10,3,1,3,3,0,3,2,1,4,2,3,3,3,0,2,1,1,3,3,3,
11,4,2,3,3,0,3,2,1,4,2,3,3,3,0,2,1,2,4,4,3,
11,3,2,3,3,0,3,2,1,4,2,3,3,3,0,2,1,2,4,3,3,
12,5,1,3,3,0,5,4,1,5,2,3,5,3,0,3,1,1,5,3,5,
11,3,2,3,3,0,3,2,1,4,2,3,3,3,0,2,1,2,4,4,3,
11,4,2,4,3,0,4,3,2,4,2,4,4,3,0,2,2,2,4,4,4,
11,2,1,3,2,0,3,1,1,3,1,3,3,2,0,1,1,1,3,3,3,
11,4,2,4,3,0,4,3,2,4,2,4,4,3,0,2,2,2,4,4,4,
11,3,1,3,2,0,3,2,1,3,1,3,3,3,0,1,1,1,3,3,3,
11,3,1,3,2,0,3,2,1,3,1,3,3,3,0,1,1,1,3,3,3,
11,3,1,3,3,0,3,2,1,3,1,3,3,3,0,1,1,1,3,3,3,
10,3,1,3,3,0,3,2,1,4,2,3,3,3,0,2,1,1,3,3,3,
10,3,1,3,3,0,3,2,1,3,2,3,3,3,0,2,1,1,3,3,3,
10,3,1,3,3,0,3,2,1,4,2,3,3,3,0,1,1,2,4,3,3,
10,3,1,3,3,0,3,2,1,4,2,3,3,3,0,1,1,2,4,4,3,
11,3,2,3,3,0,3,2,1,4,2,4,3,3,0,2,1,2,4,4,3,
13,3,1,3,3,0,3,2,1,3,1,3,3,3,0,2,1,1,3,3,3,
11,4,2,4,3,0,3,2,1,4,2,4,3,3,0,2,2,2,4,4,4,
11,4,2,4,3,1,4,2,2,4,2,4,3,3,0,2,2,2,4,4,4,
11,3,1,3,2,0,3,2,1,3,1,3,3,2,0,2,1,1,3,3,3,
11,3,1,3,2,0,3,2,1,3,1,3,3,3,0,1,1,1,3,3,3,
11,3,1,3,3,0,2,1,1,3,1,3,2,3,0,1,1,1,3,3,2,
11,3,3,3,3,0,2,2,1,3,4,3,2,4,0,2,1,3,3,3,3,
11,3,1,2,2,0,2,1,0,3,1,3,2,2,0,1,1,1,3,3,2,
11,4,2,3,3,0,4,2,1,4,2,4,3,3,0,2,1,2,4,4,4,
11,3,2,3,3,0,3,2,1,4,2,3,3,3,0,2,1,2,4,4,3,
10,3,2,3,3,0,3,2,1,3,2,3,3,3,0,1,1,2,3,4,3,
11,4,2,4,3,0,3,2,1,4,2,4,3,3,0,2,2,2,4,4,4,
11,4,2,3,3,0,3,2,1,4,2,4,3,3,0,2,2,2,4,4,3,
12,3,1,3,2,0,3,2,1,3,1,3,3,2,0,1,1,1,3,3,3,
11,3,1,3,2,0,3,2,1,3,1,3,3,2,0,2,1,1,3,3,3,
12,4,1,3,2,0,3,2,1,5,1,3,3,2,0,1,1,1,4,3,3,
11,3,1,3,2,0,3,2,1,3,1,3,3,3,0,1,1,1,3,3,3,
11,3,1,3,3,0,3,2,1,3,1,3,3,3,0,1,1,1,3,3,3,
10,3,1,3,3,0,3,2,1,3,2,3,3,3,0,1,1,1,3,3,3,
11,3,1,3,3,0,3,2,1,4,2,3,3,3,0,1,1,2,3,3,3,
11,4,2,3,3,0,3,2,1,4,2,3,3,3,0,2,1,2,4,4,4,
11,4,2,3,3,0,3,2,1,4,2,4,3,3,0,2,1,2,4,4,3,
11,4,2,4,3,0,3,2,1,4,2,4,3,3,0,2,1,2,4,4,4,
11,4,2,4,3,0,3,2,1,4,2,4,3,3,0,2,2,2,4,4,4,
11,3,1,3,2,0,3,2,1,3,1,3,3,2,0,1,1,1,3,3,3,
13,3,1,3,5,0,3,1,1,3,1,3,2,5,0,1,1,1,3,3,3,
13,3,3,5,4,0,3,3,4,3,3,5,3,4,0,3,4,3,3,6,3,
11,3,1,3,2,0,3,2,1,3,1,3,3,3,0,1,1,1,3,3,3,
11,3,1,3,2,0,3,2,1,3,1,3,3,3,0,1,1,1,3,3,3,
11,3,1,3,3,0,3,2,1,3,2,3,3,3,0,2,1,1,3,3,3,
10,3,1,3,3,0,3,2,1,3,1,3,3,3,0,1,1,1,3,3,3,
10,3,1,3,3,0,3,2,1,4,2,3,3,3,0,1,1,2,3,3,3,
10,3,2,3,3,0,3,2,1,4,2,3,3,3,0,2,1,2,3,3,3,
11,4,2,3,3,0,3,2,1,4,2,4,3,3,0,2,2,2,4,4,4,
11,4,2,3,3,0,3,2,1,4,2,3,3,3,0,2,1,2,4,4,3,
11,4,2,4,3,0,4,2,2,4,2,4,4,3,1,2,2,2,4,4,4,
14,3,2,3,3,0,3,2,1,4,2,3,3,3,0,2,1,2,4,4,3,
11,4,2,4,3,0,4,3,2,4,2,4,4,3,0,2,2,2,4,4,4,
11,3,1,3,2,0,3,2,1,3,1,3,3,2,0,1,1,1,3,3,3,
12,2,0,3,2,0,2,1,0,2,0,3,2,2,0,0,1,0,2,3,2,
11,3,1,3,3,0,3,2,1,3,1,3,3,3,0,1,1,1,3,3,3,
11,3,1,3,3,0,3,2,1,4,1,3,3,3,0,1,1,1,3,3,3,
11,3,1,3,3,0,3,2,1,4,1,3,3,3,0,1,1,1,4,3,3,
12,4,2,3,3,0,3,2,1,4,2,3,3,3,0,2,1,2,4,3,3,
11,4,2,3,3,0,3,2,1,4,2,3,3,3,0,2,1,2,4,4,4,
10,3,2,3,3,0,3,2,1,4,2,3,3,3,0,2,1,2,3,4,3,
10,3,2,3,3,0,3,2,1,3,2,3,3,3,0,2,1,2,3,4,3,
11,3,2,3,3,0,3,2,1,3,2,4,3,3,0,2,2,2,3,4,3,
11,3,1,3,2,0,2,2,1,3,1,3,2,2,0,2,1,1,3,3,3,
11,3,1,3,2,0,2,1,1,3,1,3,2,3,0,1,1,1,3,3,3,
11,3,1,3,3,0,3,2,1,3,1,3,2,3,0,2,1,1,3,3,3,
11,3,1,3,2,0,3,2,1,3,1,3,2,3,0,2,1,1,3,3,3,
11,3,1,3,2,0,2,1,1,3,1,3,2,3,0,1,1,1,3,3,2,
13,3,1,3,3,0,3,2,1,3,1,3,3,3,0,2,1,1,3,3,3,
12,4,1,3,3,0,4,3,1,4,1,3,4,3,0,3,1,1,4,3,4,
10,2,1,3,3,0,3,1,1,3,1,3,3,3,0,1,1,1,3,3,3,
10,3,1,3,3,0,3,2,1,3,2,3,3,3,0,2,1,2,3,3,3,
13,6,2,3,3,0,6,5,1,6,2,3,6,3,0,5,1,2,6,4,6,
11,3,2,3,3,0,3,2,1,3,2,4,3,3,0,2,2,2,3,4,3,
11,3,2,4,3,1,3,2,2,3,2,4,3,3,0,2,2,2,3,4,3,
13,3,2,3,3,0,6,2,1,3,2,4,5,3,0,2,2,2,3,4,6,
11,3,2,4,3,1,3,2,2,4,2,4,3,3,0,2,2,2,3,4,3,
12,4,2,5,3,0,3,3,2,4,2,5,3,3,1,3,2,2,4,5,4,
11,4,3,4,3,0,3,3,2,4,3,4,3,3,1,2,2,3,4,4,3,
11,2,1,3,2,0,2,1,1,3,1,3,2,3,0,1,1,1,3,3,2,
11,3,1,3,2,0,2,2,1,3,1,3,2,3,0,2,1,1,3,3,3,
11,3,1,3,3,0,3,2,1,3,1,3,2,3,0,2,1,1,3,3,3,
11,3,1,3,3,0,3,2,1,3,1,3,3,3,0,2,1,1,3,3,3,
10,3,1,3,3,0,3,2,1,3,2,3,3,3,0,2,1,2,3,3,3,
10,3,1,3,3,0,3,2,1,3,2,3,2,3,0,2,1,1,3,3,3,
11,4,1,3,3,0,4,3,1,4,1,3,4,3,0,3,1,1,4,3,4,
11,3,2,3,3,0,3,2,1,3,2,4,3,3,0,2,1,2,3,4,3,
11,3,2,3,3,0,3,2,1,3,2,4,3,3,0,2,2,2,3,4,3,
11,3,2,4,3,0,3,2,2,4,2,4,3,3,0,2,2,2,3,4,3,
11,4,2,4,3,0,3,2,1,4,2,4,3,3,0,2,2,2,4,4,3,
11,3,1,3,2,0,2,2,1,3,1,3,2,2,0,2,1,1,3,3,3,
11,2,1,3,2,0,2,1,1,3,1,3,2,2,0,1,1,1,3,3,2,
11,2,1,3,3,0,2,1,1,3,1,3,2,3,0,1,1,1,3,3,2,
11,3,1,3,3,0,3,2,1,3,1,3,3,3,0,2,1,1,3,3,3,
11,3,1,3,3,0,3,2,1,3,1,3,3,3,0,2,1,1,3,3,3,
10,3,1,3,3,0,3,2,1,3,2,3,3,3,0,2,1,2,3,3,3,
11,3,1,3,3,0,3,2,1,3,2,3,3,3,0,2,1,2,3,4,3,
13,3,2,5,3,0,3,2,1,3,2,5,3,3,0,2,1,2,3,6,3,
13,3,2,3,3,0,3,2,1,3,2,4,3,3,0,2,1,2,3,4,3,
11,3,2,3,3,0,3,2,1,4,2,4,3,3,0,2,1,2,3,4,3,
11,3,2,3,3,0,3,2,1,3,2,4,3,3,0,2,2,2,3,4,3,
14,3,1,3,2,0,2,2,1,3,1,3,2,2,0,2,1,1,3,3,3,
11,4,2,4,3,0,3,2,1,4,2,4,3,3,1,2,2,2,4,4,3,
11,2,1,3,2,0,2,1,1,3,1,3,2,3,0,1,1,1,3,3,2,
11,4,2,4,3,1,3,3,2,4,2,4,3,3,0,3,2,2,4,4,4,
11,3,1,3,2,0,3,2,1,3,2,3,2,3,0,2,1,1,3,3,3,
11,3,1,3,3,0,3,2,1,3,2,3,3,3,0,2,1,1,3,4,3,
10,3,1,3,3,0,3,2,1,3,2,3,3,3,0,2,1,1,3,3,3,
10,3,1,3,3,0,3,2,1,3,2,3,2,3,0,2,1,1,3,3,3,
11,3,2,3,3,0,3,2,1,3,2,3,3,3,0,2,1,2,3,4,3,
10,3,2,3,3,0,3,2,1,3,2,3,3,3,0,2,1,2,3,4,3,
12,3,2,4,3,0,3,2,1,4,2,4,3,3,0,2,2,2,4,4,3,
11,3,2,4,3,0,3,2,1,3,2,4,3,3,0,2,2,2,3,4,3,
12,5,2,4,3,0,3,2,2,5,2,4,3,3,0,2,2,2,5,4,3,
11,4,2,4,3,0,3,3,2,4,2,4,3,3,0,3,2,2,4,4,4,
11,3,1,3,2,0,2,1,1,3,1,3,2,3,0,2,1,1,3,3,3,
12,3,1,3,2,0,2,2,1,3,1,3,2,3,0,2,1,1,3,3,3,
10,3,1,3,3,0,3,2,1,3,1,3,3,3,0,2,1,1,3,3,3,
11,3,2,3,3,0,3,2,1,3,2,3,3,3,0,2,1,2,3,4,3,
10,3,2,3,3,0,3,2,1,3,2,3,3,3,0,2,1,2,3,4,3,
11,3,2,3,3,0,3,2,1,4,2,4,3,3,0,2,1,2,3,4,3,
11,3,2,4,3,0,3,2,1,3,2,4,3,3,0,2,2,2,3,4,3,
11,3,2,4,3,0,3,2,1,4,2,4,3,3,0,2,2,2,3,4,3,
11,4,2,4,3,0,3,2,2,4,2,4,3,3,0,2,2,2,4,4,3,
11,3,1,3,3,0,3,2,1,3,1,3,2,3,0,2,1,1,3,3,3,
13,3,1,3,2,0,2,1,1,3,1,3,2,2,0,2,1,1,3,3,3,
11,3,1,3,3,0,3,2,1,3,1,3,3,3,0,2,1,1,3,3,3,
11,3,1,3,2,0,2,1,1,3,1,3,2,2,0,1,1,1,3,3,2,
11,3,2,3,3,0,3,2,1,4,2,4,3,3,0,2,1,2,3,4,3,
13,6,2,4,3,0,6,5,1,7,2,4,6,3,0,5,2,2,6,4,6,
10,3,2,3,3,0,3,2,1,3,2,3,3,3,0,2,1,2,3,4,3,
11,3,2,3,3,0,3,2,1,4,2,4,3,3,0,2,1,2,3,4,3,
13,2,1,3,2,0,5,1,1,3,1,3,5,2,0,1,1,1,2,3,5,
11,3,1,3,2,0,2,1,1,3,1,3,2,2,0,1,1,1,3,3,2,
13,3,1,4,2,0,2,2,1,3,1,5,2,2,0,2,1,1,3,5,3,
11,3,2,3,2,0,2,1,1,3,3,3,2,3,0,1,1,3,3,3,3,
10,3,1,3,3,0,3,2,1,3,2,3,3,3,0,2,1,2,3,3,3,
10,3,1,3,3,0,3,2,1,3,2,3,2,3,0,2,1,2,3,3,3,
10,3,1,3,3,0,3,2,1,3,2,3,3,3,0,2,1,2,3,3,3,
10,3,2,3,3,0,3,2,1,3,2,4,3,3,0,2,1,2,3,4,3,
11,3,2,3,3,0,3,2,1,3,2,4,3,3,0,2,1,2,3,4,3,
11,4,2,3,3,0,3,2,1,4,2,4,3,3,0,2,1,2,4,4,4,
11,4,2,3,3,0,4,3,1,4,2,4,4,3,0,3,2,2,4,4,4,
11,4,2,3,3,0,4,3,1,4,2,3,4,3,0,3,1,2,4,3,4,
11,3,1,3,2,0,3,1,1,3,1,3,3,3,0,1,1,1,3,3,3,
11,3,1,3,3,0,3,1,1,3,2,3,3,3,0,1,1,1,3,3,3,
11,3,1,3,3,0,3,2,1,3,2,3,2,3,0,2,1,1,3,3,3,
11,3,1,3,3,0,3,2,1,3,2,3,3,3,0,2,1,2,3,3,3,
11,3,2,4,3,0,3,2,1,3,2,4,3,3,1,2,2,2,3,4,3,
11,3,1,3,3,0,3,2,1,3,2,3,3,3,0,2,1,2,3,3,3,
10,3,2,3,3,0,3,2,1,3,2,3,3,3,0,2,1,2,3,4,3,
11,3,2,3,3,0,3,2,1,3,2,3,3,3,0,2,1,2,3,4,3,
11,3,2,4,3,0,3,2,1,4,2,4,3,3,0,2,2,2,3,4,3,
11,3,2,4,3,0,3,2,1,4,2,4,3,3,0,2,2,2,4,4,3,
11,4,2,4,3,0,3,2,2,4,2,4,3,3,0,3,2,2,4,4,4,
14,3,2,3,3,0,3,2,1,4,2,4,3,3,0,2,2,2,4,4,3,
11,3,1,3,2,0,2,1,1,3,1,3,2,3,0,1,1,1,3,3,3,
11,3,1,3,3,0,3,2,1,3,2,3,2,3,0,2,1,1,3,3,3,
13,3,1,3,3,0,2,2,1,3,1,3,2,3,0,2,1,1,3,3,3,
10,3,1,3,3,0,3,2,1,3,2,3,3,3,0,2,1,2,3,3,3,
10,3,2,3,3,0,3,2,1,3,2,4,3,3,0,2,1,2,3,4,3,
10,3,2,3,3,0,3,2,1,3,2,4,3,3,0,2,2,2,3,4,3,
11,3,2,3,3,0,3,2,1,3,2,4,3,3,0,2,1,2,3,4,3,
11,4,2,4,3,0,3,2,1,4,2,4,3,3,1,3,2,2,4,4,3,
13,3,2,3,3,0,3,2,1,3,2,4,3,3,0,2,1,2,3,4,3,
11,2,1,3,2,0,2,1,1,3,1,3,2,2,0,1,1,1,3,3,2,
13,3,2,3,3,0,3,2,1,3,2,4,3,3,0,2,1,2,3,4,3,
11,3,1,3,3,0,2,1,1,3,1,3,2,3,0,1,1,1,3,3,3,
10,3,1,3,3,0,3,2,1,3,2,3,3,3,0,2,1,1,3,3,3,
10,3,2,3,3,0,3,2,1,4,2,3,3,3,0,2,1,2,3,3,3,
11,4,2,3,3,0,3,2,1,4,2,3,3,3,0,2,1,2,4,3,3,
11,3,2,3,3,0,3,2,1,3,2,3,3,3,0,2,1,2,3,4,3,
11,3,2,4,3,0,3,2,1,3,2,4,3,3,0,2,2,2,3,4,3,
11,3,2,4,3,0,3,2,1,3,2,4,3,3,0,2,2,2,3,4,3,
11,4,2,4,3,0,3,2,2,4,2,4,3,3,0,2,2,2,4,4,3,
11,3,1,3,2,0,2,1,1,3,1,3,2,3,0,1,1,1,3,3,2,
11,3,1,3,2,0,3,2,1,3,1,3,3,3,0,2,1,1,3,3,3,
11,3,1,3,2,0,2,1,1,3,1,3,2,2,0,1,1,1,3,3,2,
10,3,1,3,3,0,3,2,1,3,2,3,3,3,0,2,1,2,3,3,3,
10,3,1,3,3,0,3,2,1,3,2,3,3,3,0,2,1,2,3,3,3,
13,3,2,3,6,0,3,2,1,3,2,4,3,6,0,2,1,2,3,4,3,
14,3,1,6,2,0,2,1,1,6,1,6,2,3,0,1,1,1,6,6,2,
11,3,2,4,3,0,3,2,1,3,2,4,3,3,0,2,2,2,3,4,3,
11,2,1,3,2,0,2,1,1,3,1,3,2,2,0,1,1,1,3,3,2,
11,3,1,3,2,0,2,1,1,3,1,3,2,3,0,1,1,1,3,3,2,
11,2,1,3,3,0,2,1,1,3,2,3,2,3,0,1,1,1,3,3,2,
11,3,1,3,3,0,3,2,1,3,1,3,2,3,0,2,1,1,3,3,3,
10,3,1,3,3,0,3,2,1,3,2,3,2,3,0,2,1,1,3,3,3,
10,3,1,3,3,0,3,2,1,3,2,3,3,3,0,2,1,2,3,3,3,
10,3,1,3,3,0,3,2,1,3,2,3,3,3,0,2,1,2,3,3,3,
11,3,2,3,3,0,3,2,1,4,2,3,3,3,0,2,2,2,3,4,3,
10,3,2,3,3,0,3,2,1,3,2,4,3,3,0,2,1,2,3,4,3,
11,3,2,3,3,0,3,2,1,4,2,4,3,3,0,2,2,2,4,4,3,
13,3,2,4,6,0,3,2,1,4,2,4,3,6,0,2,2,2,4,4,3,
13,6,6,7,6,0,6,6,5,5,5,7,5,6,0,6,6,6,6,7,6,
11,4,2,4,3,0,3,3,2,4,2,4,3,3,0,3,2,2,4,4,4,
11,3,1,3,2,0,3,2,1,3,2,3,3,3,0,2,1,1,3,3,3,
11,3,1,3,2,0,3,2,1,3,2,3,3,3,0,2,1,1,3,3,3,
10,3,1,3,3,0,3,2,1,3,1,3,3,3,0,2,1,1,3,3,3,
11,3,1,3,3,0,3,2,1,3,2,4,3,3,0,2,1,2,3,4,3,
10,3,1,3,3,0,3,2,1,3,2,3,3,3,0,2,1,2,3,3,3,
10,3,2,3,3,0,3,2,1,3,2,4,3,3,0,2,1,2,3,4,3,
11,3,2,4,3,0,3,2,1,3,2,4,3,3,0,2,2,2,3,4,3,
11,4,2,4,3,0,3,3,2,4,2,4,3,3,0,3,2,2,4,4,4,
12,2,1,2,2,0,2,1,0,2,1,3,2,2,0,1,0,1,2,3,2,
11,3,1,3,2,0,2,2,1,3,1,3,2,3,0,2,1,1,3,3,3,
11,3,1,3,3,0,3,2,1,3,1,3,3,3,0,2,1,1,3,3,3,
12,1,0,3,3,0,1,0,1,1,0,3,1,3,0,0,2,0,1,4,1,
10,3,2,3,3,0,3,2,1,3,2,3,3,3,0,2,1,2,3,4,3,
10,3,1,3,3,0,3,2,1,3,2,3,3,3,0,2,1,2,3,3,3,
11,3,2,3,3,0,3,2,1,4,2,3,3,3,0,2,1,2,4,4,3,
11,3,2,4,3,0,3,2,1,4,2,4,3,3,0,2,2,2,4,4,3,
11,3,1,3,2,0,2,1,0,3,1,3,2,3,0,1,1,1,3,3,2,
12,3,1,3,2,0,3,2,1,3,1,3,3,2,0,2,1,1,3,3,3,
11,3,1,3,2,0,3,2,1,3,1,3,3,3,0,2,1,1,3,3,3,
13,3,1,3,2,0,3,2,1,3,1,3,3,2,0,2,1,1,3,3,3,
11,3,1,3,2,0,3,2,1,3,1,3,3,3,0,2,1,1,3,3,3,
11,3,1,3,3,0,3,2,1,3,2,3,3,3,0,2,1,2,3,3,3,
10,3,1,3,3,0,3,2,1,3,2,3,3,3,0,2,1,2,3,3,3,
10,3,2,3,3,0,3,2,1,3,2,3,3,3,0,2,1,2,3,4,3,
11,3,2,4,3,0,3,2,2,3,2,4,3,4,0,2,2,2,3,4,3,
11,3,2,4,3,0,3,2,1,4,2,4,3,3,0,2,2,2,3,4,3,
11,4,2,4,3,0,4,3,2,4,2,4,3,3,0,3,2,2,4,4,4,
11,2,1,3,2,0,2,1,1,3,1,3,2,2,0,1,1,1,3,3,2,
11,3,1,3,2,0,2,1,1,3,1,3,2,2,0,2,1,1,3,3,3,
13,5,1,3,2,0,5,4,1,5,1,3,5,3,0,4,1,1,5,3,5,
10,3,1,3,3,0,3,2,1,3,2,3,3,3,0,2,1,1,3,3,3,
10,3,1,3,3,0,3,2,1,3,2,3,3,3,0,2,1,2,3,3,3,
13,3,1,3,3,0,6,2,1,3,2,3,5,3,0,2,1,1,3,3,6,
10,3,2,3,3,0,3,2,1,3,2,3,3,3,0,2,1,2,3,4,3,
12,3,2,5,3,0,3,2,1,4,2,5,3,3,0,2,1,2,3,5,3,
11,3,3,4,3,0,3,2,1,3,3,4,3,3,0,2,2,3,3,4,3,
30,2,1,3,2,0,2,1,1,2,1,3,2,2,0,1,1,1,2,3,2,
11,3,2,4,3,0,3,2,1,4,2,4,3,3,0,2,2,2,3,4,3,
11,2,1,3,2,0,2,1,1,2,1,3,2,2,0,1,1,1,2,3,2,
11,2,1,3,2,0,2,1,1,2,1,3,2,3,0,1,1,1,2,3,2,
10,3,1,3,2,0,2,2,1,3,1,3,2,3,0,1,1,1,3,3,3,
10,2,1,3,3,0,2,1,1,3,2,3,2,3,0,1,1,1,3,3,2,
13,3,2,3,3,0,3,2,1,3,2,3,3,3,0,2,1,2,3,4,3,
10,2,2,3,3,0,2,1,1,3,2,3,2,3,0,1,1,2,3,4,2,
10,3,2,3,3,0,3,2,1,3,2,3,3,3,0,2,1,2,3,3,3,
11,3,2,4,3,0,3,2,2,3,2,4,3,3,0,2,2,2,3,4,3,
11,3,2,4,3,0,3,2,2,3,2,4,3,3,0,2,2,2,3,4,3,
11,2,1,3,2,0,2,1,1,2,1,3,2,2,0,1,1,1,2,3,2,
11,2,1,3,2,0,2,1,1,3,1,3,2,3,0,1,1,1,3,3,2,
11,2,1,3,2,0,2,1,1,3,1,3,2,3,0,1,1,1,3,3,2,
11,2,1,3,2,0,2,1,1,3,1,3,2,3,0,1,1,1,2,3,2,
10,3,1,3,3,0,3,2,1,3,2,3,3,3,0,2,1,1,3,3,3,
10,3,1,3,3,0,3,2,1,3,2,3,3,3,0,2,1,2,3,3,3,
10,3,2,3,3,0,3,2,1,3,2,3,3,3,0,2,1,2,3,4,3,
11,3,2,3,3,0,3,2,1,3,2,4,3,3,0,2,2,2,3,4,3,
13,3,1,3,3,0,3,2,1,3,2,3,3,3,0,2,1,1,3,3,3,
11,3,2,3,3,0,3,2,1,3,2,4,3,3,0,2,2,2,3,4,3,
11,2,1,3,2,0,2,1,1,3,1,3,2,2,0,1,1,1,2,3,2,
11,3,2,4,3,0,3,2,1,3,2,4,3,3,0,2,2,2,3,4,3,
11,2,1,3,2,0,2,1,1,3,1,3,2,2,0,1,1,1,2,3,2,
11,3,1,3,3,0,3,2,1,3,2,3,3,3,0,2,1,1,3,3,3,
11,3,1,3,3,0,3,2,1,3,1,3,3,3,0,2,1,1,3,3,3,
11,3,1,3,2,0,2,1,1,3,1,3,2,3,0,1,1,1,3,3,3,
10,3,1,3,3,0,3,2,1,3,2,3,3,3,0,2,1,1,3,3,3,
10,3,1,3,3,0,3,2,1,3,2,3,3,3,0,2,1,2,3,3,3,
10,3,1,3,3,0,3,2,1,3,2,3,3,3,0,2,1,2,3,3,3,
11,3,2,3,3,0,3,2,1,3,2,4,3,3,0,2,2,2,3,4,3,
10,3,2,3,3,0,3,2,1,3,2,3,3,3,0,2,1,2,3,4,3,
13,3,1,3,3,0,3,2,1,3,2,3,3,3,0,2,1,2,3,3,3,
33,1,23,25,24,22,1,0,23,2,23,25,1,24,22,0,23,23,1,25,1,
11,3,1,3,2,0,3,2,1,3,1,3,3,2,0,2,1,1,3,3,3,
11,4,2,4,3,0,3,2,2,4,2,4,3,3,0,2,2,2,4,4,4,
11,3,1,3,2,0,3,2,1,3,1,3,2,3,0,2,1,1,3,3,3,
11,3,1,3,2,0,3,2,1,3,1,3,2,3,0,2,1,1,3,3,3,
11,3,2,3,2,0,3,2,1,3,2,3,3,2,0,2,1,2,3,3,3,
10,3,1,3,3,0,3,2,1,3,2,3,3,3,0,2,1,1,3,3,3,
10,3,1,3,3,0,3,2,1,3,2,3,3,3,0,2,1,1,3,3,3,
10,3,1,3,3,0,3,2,1,3,2,3,3,3,0,2,1,2,3,3,3,
11,3,2,3,3,0,3,2,1,4,2,4,3,3,0,2,1,2,3,4,3,
10,3,2,3,3,0,3,2,1,3,2,3,3,3,0,2,1,2,3,4,3,
11,3,2,3,3,0,3,2,1,4,2,4,3,3,0,2,2,2,3,4,3,
13,3,2,3,3,0,3,2,1,3,2,3,3,3,0,2,1,2,3,4,3,
11,3,2,4,3,0,3,2,2,4,2,4,3,3,0,2,2,2,4,4,3,
11,4,2,4,3,0,3,2,2,4,2,4,3,3,0,3,2,2,4,4,4,
11,3,1,3,2,0,3,2,1,3,1,3,3,3,0,2,1,1,3,3,4,
11,4,2,4,3,1,4,3,2,4,2,4,3,3,0,3,2,2,4,4,4,
11,3,1,3,2,0,3,2,1,3,1,3,3,3,0,2,1,1,3,3,3,
10,3,2,3,3,0,3,2,1,3,2,3,3,3,0,2,1,2,3,3,3,
12,3,1,3,3,0,3,2,1,3,2,3,3,5,0,2,1,1,3,3,3,
10,3,1,3,3,0,3,2,1,3,2,3,3,3,0,2,1,2,3,3,3,
10,3,2,3,3,0,3,2,1,3,2,3,3,3,0,2,1,2,3,4,3,
10,3,2,3,3,0,3,2,1,3,2,3,3,3,0,2,2,2,3,4,3,
11,3,2,3,3,0,3,2,1,4,2,4,3,3,0,2,2,2,3,4,3,
11,3,2,4,3,0,3,2,2,4,2,4,3,3,0,2,2,2,4,4,3,
13,3,2,3,3,0,3,2,1,4,2,3,3,3,0,2,1,2,3,3,3,
11,4,2,4,3,0,3,2,2,4,2,4,3,3,0,2,2,2,4,4,4,
11,3,1,3,2,0,3,2,1,3,1,3,3,3,0,2,1,1,3,3,3,
13,3,1,3,2,0,5,2,1,3,1,3,5,2,0,2,1,1,3,3,5,
11,3,1,3,2,0,3,2,1,3,1,3,3,2,0,2,1,1,3,3,3,
11,3,1,4,3,0,3,2,1,3,2,4,3,3,0,2,1,1,3,4,3,
10,3,3,3,3,0,3,2,1,3,3,3,3,3,0,2,1,3,3,3,3,
10,3,2,3,3,0,3,2,1,3,2,3,3,3,0,2,1,2,3,3,3,
11,3,2,4,3,0,3,2,2,4,2,4,3,3,0,2,2,2,3,4,3,
11,3,2,3,3,0,3,2,1,3,2,3,3,3,0,2,2,2,3,4,3,
12,4,2,3,3,0,3,2,1,4,2,3,3,3,0,2,2,2,4,4,3,
11,3,2,4,3,0,3,2,2,4,2,4,3,3,0,2,2,2,4,4,3,
11,4,2,3,3,0,4,3,1,4,2,3,4,3,0,3,1,2,4,4,4,
13,5,2,4,3,0,5,4,2,6,2,4,5,3,0,4,2,2,5,4,6,
11,3,1,3,2,0,3,2,1,3,1,3,2,3,0,2,1,1,3,3,3,
11,3,1,3,2,0,3,2,1,3,1,3,2,3,0,2,1,1,3,3,3,
13,3,1,3,2,0,5,2,1,3,1,3,5,3,0,2,1,1,3,3,5,
12,4,1,3,3,0,3,3,1,4,1,3,3,3,0,2,1,1,4,3,3,
11,3,1,4,2,0,3,2,1,3,1,4,3,2,0,2,1,1,3,4,3,
10,3,2,3,3,0,2,2,1,3,3,3,2,3,0,2,1,2,3,3,3,
11,3,2,3,3,0,3,2,1,4,2,3,3,3,0,2,1,2,4,3,3,
10,3,2,3,3,0,3,2,1,3,2,3,3,3,0,2,1,2,3,3,3,
10,3,2,3,3,0,3,2,1,3,2,3,3,4,0,2,1,2,3,3,3,
11,4,2,4,3,0,3,3,2,4,2,4,3,3,0,2,2,2,4,4,3,
11,3,2,4,3,0,3,2,2,4,2,4,3,3,0,2,2,2,4,4,3,
11,4,2,3,3,0,3,3,1,4,2,4,3,3,0,2,2,2,4,4,4,
13,5,1,3,2,0,5,4,1,6,1,3,5,2,0,4,1,1,5,3,5,
11,4,2,4,3,0,3,3,2,4,2,4,3,3,0,2,2,2,4,4,3,
11,3,1,3,2,0,3,2,1,3,1,3,3,3,0,2,1,1,3,3,3,
13,4,1,3,3,0,5,2,1,4,2,3,5,3,0,2,1,1,3,3,5,
10,3,1,3,3,0,2,2,1,3,1,3,2,3,0,1,1,1,3,3,3,
11,3,1,4,3,0,2,2,1,3,1,4,2,3,0,1,1,1,3,4,2,
11,3,3,3,3,0,3,2,1,4,4,3,3,3,0,2,1,4,3,4,3,
11,3,2,3,3,0,3,2,1,4,2,3,3,3,0,2,1,2,3,3,3,
11,3,2,3,3,0,3,2,1,4,2,3,3,3,0,2,1,2,3,3,3,
11,3,2,4,3,0,3,2,2,4,2,4,3,3,0,2,2,2,4,4,3,
11,3,2,4,3,0,3,2,2,3,2,4,3,3,0,2,2,2,3,4,3,
11,4,2,4,3,0,3,3,2,4,2,4,3,3,1,2,2,2,4,4,3,
11,4,2,4,3,0,3,3,2,4,2,4,3,3,0,2,2,2,4,4,3,
14,6,2,4,3,0,6,5,2,7,2,4,5,3,0,5,2,2,6,4,6,
11,3,1,3,2,0,3,2,1,3,1,3,3,3,0,1,1,1,3,3,3,
11,3,1,3,2,0,2,2,1,3,1,3,2,3,0,1,1,1,3,3,2,
14,3,1,3,2,0,6,2,1,3,1,3,6,3,0,2,1,1,3,3,6,
10,3,1,3,3,0,3,2,1,3,1,3,3,3,0,2,1,1,3,3,3,
12,3,1,5,3,0,3,2,1,3,2,5,3,3,0,2,1,2,3,5,3,
11,3,4,3,3,0,3,2,1,3,4,3,3,3,0,2,1,4,3,3,3,
10,3,2,3,3,0,3,2,1,3,2,3,3,3,0,2,1,2,3,4,3,
11,4,2,4,3,0,3,2,2,4,2,4,3,3,0,2,2,2,4,4,3,
11,3,2,3,3,0,3,2,1,4,2,3,3,3,0,2,1,2,4,4,3,
11,4,2,4,3,0,3,2,2,4,2,4,3,3,0,2,2,2,4,4,3,
12,3,1,3,3,0,3,2,1,3,1,3,3,3,0,2,1,1,3,3,3,
11,4,2,4,3,0,4,3,2,4,2,4,4,3,0,3,2,2,4,4,4,
13,6,2,4,3,0,5,5,2,6,2,4,5,3,0,5,2,2,6,4,6,
12,3,1,3,3,0,3,2,1,3,1,3,3,3,0,2,1,1,3,4,3,
32,3,1,3,3,0,2,24,1,3,1,3,2,3,0,1,1,1,3,3,3,
11,3,2,3,3,0,4,2,2,3,2,4,4,3,0,2,2,2,3,4,4,
11,3,2,3,3,0,3,2,1,3,2,4,3,3,0,2,2,2,3,4,3,
11,3,1,3,3,0,3,2,1,3,2,4,3,3,0,2,1,1,3,4,3,
10,3,2,3,3,0,3,2,1,3,2,3,3,3,0,2,1,2,3,3,3,
11,3,2,3,3,0,3,2,1,3,2,4,3,3,0,2,2,2,3,4,3,
11,3,2,3,3,0,3,2,1,3,2,4,3,3,0,2,2,2,3,4,3,
11,3,2,4,3,0,3,2,2,4,2,4,3,3,0,2,2,2,3,4,3,
11,3,1,3,2,0,2,2,1,3,1,3,2,2,1,2,1,1,3,3,3,
11,4,2,4,4,1,4,3,2,4,2,4,3,4,0,3,2,2,4,4,4,
11,3,2,4,3,0,3,2,2,3,2,4,3,4,0,2,2,2,3,4,3,
13,5,1,3,2,0,5,4,1,5,1,3,5,3,0,4,1,1,5,3,5,
11,3,3,3,3,0,3,2,1,3,3,3,2,3,0,2,1,3,3,3,3,
11,3,1,3,3,0,3,2,1,3,2,3,3,3,0,2,1,1,3,3,3,
12,3,1,3,3,0,5,2,1,3,2,3,5,3,0,2,1,2,3,4,5,
10,3,1,3,3,0,3,2,1,3,2,3,3,3,0,2,1,1,3,3,3,
10,3,1,3,3,0,3,2,1,3,2,3,3,3,0,2,1,1,3,3,3,
11,4,3,3,3,0,3,2,1,4,4,3,3,3,0,2,1,3,4,3,3,
11,3,2,3,3,0,3,2,2,3,2,4,3,3,0,2,2,2,3,4,3,
11,3,2,3,3,0,3,2,1,3,2,3,3,3,0,2,2,2,3,4,3,
11,4,2,4,3,0,3,2,2,4,2,4,3,3,0,3,2,2,4,4,3,
11,3,2,4,3,0,3,2,2,3,2,4,3,3,0,2,2,2,3,4,3,
12,5,2,4,3,0,3,2,2,5,2,4,3,3,0,2,2,2,5,4,3,
11,3,1,3,2,0,2,1,1,3,1,3,2,3,0,1,1,1,3,3,2,
34,5,1,26,26,0,5,4,24,5,1,26,5,26,0,4,24,1,5,26,5,
12,2,1,4,2,0,2,1,1,3,1,4,2,2,0,1,1,1,3,4,2,
32,3,1,3,3,0,3,2,1,3,1,3,4,3,0,2,1,1,3,3,3,
12,3,1,3,2,0,5,1,1,3,2,3,5,3,0,2,1,1,3,3,5,
10,3,1,3,2,0,2,1,1,3,2,3,2,3,0,2,1,1,3,3,2,
10,3,1,3,3,0,3,2,1,3,2,3,2,3,0,2,1,1,3,3,3,
11,3,4,3,3,0,3,2,1,3,4,3,3,3,0,2,1,4,3,4,3,
11,3,1,3,3,0,3,2,1,3,2,4,3,3,0,2,1,2,3,4,3,
11,3,2,3,3,0,3,2,1,3,2,3,3,3,0,2,1,2,3,4,3,
11,3,2,3,3,0,3,2,1,3,2,3,3,3,0,2,1,2,3,4,3,
11,3,2,3,3,0,3,2,1,3,2,3,3,3,0,2,1,2,3,4,3,
11,3,2,4,3,1,3,2,2,3,2,4,3,3,0,2,2,2,3,4,3,
11,3,2,4,3,0,3,2,2,4,2,4,3,3,0,2,2,2,3,4,3,
13,6,2,4,3,0,6,5,2,6,2,4,6,3,0,5,2,2,6,4,6,
11,2,1,3,3,0,2,1,1,3,1,3,2,3,0,1,1,1,3,3,2,
27,2,1,3,2,0,2,1,1,3,1,3,2,2,0,20,1,1,2,3,2,
30,3,1,3,3,0,5,2,1,3,23,3,5,3,0,2,1,1,3,3,5,
10,3,2,3,3,0,2,2,1,3,2,3,2,3,0,1,1,2,3,3,3,
12,3,1,5,3,0,2,2,1,3,2,5,2,3,0,1,1,1,3,5,3,
10,3,1,3,3,0,2,2,1,3,1,3,2,3,0,1,1,1,3,3,3,
11,3,2,3,3,0,3,2,1,3,2,3,3,3,0,1,1,2,3,4,3,
11,3,2,3,3,0,3,2,1,3,2,3,3,3,0,2,1,2,3,4,3,
11,3,2,3,3,0,3,2,1,3,2,4,3,3,0,2,2,2,3,4,3,
11,3,2,4,3,0,3,2,2,4,2,4,3,3,0,2,2,2,4,4,3,
11,3,2,4,3,0,3,2,2,4,2,4,3,3,0,2,2,2,3,4,3,
11,3,1,3,2,0,2,1,1,3,2,3,2,3,0,2,1,1,3,3,3,
12,5,1,3,2,0,5,4,1,5,1,3,5,3,0,3,1,1,5,3,5,
10,3,1,3,3,0,3,2,1,3,2,3,3,3,0,2,1,1,3,3,3,
10,3,1,3,3,0,2,2,1,3,1,3,2,3,0,1,1,1,3,3,3,
10,3,1,3,3,0,3,2,1,3,2,3,3,3,0,1,1,2,3,3,3,
10,3,1,3,3,0,3,2,1,3,2,3,3,3,0,1,1,2,3,4,3,
13,3,2,6,3,0,3,2,1,3,2,6,3,3,0,1,1,2,3,6,3,
12,3,2,3,3,0,3,2,1,3,5,4,3,3,0,1,2,5,3,4,3,
11,3,2,3,3,0,3,2,1,3,2,4,3,3,0,1,2,2,3,4,3,
11,3,2,4,3,0,3,2,2,3,2,4,3,3,0,2,2,2,3,4,3,
30,2,1,3,2,0,22,1,1,3,1,3,2,2,0,1,1,1,3,3,2,
11,2,1,3,2,0,2,1,1,3,1,3,3,2,0,1,1,1,3,3,3,
10,3,1,3,2,0,2,1,1,3,1,3,2,3,0,1,1,1,3,3,2,
10,3,1,3,3,0,2,2,1,3,1,3,2,3,0,1,1,1,3,3,2,
11,3,2,4,4,0,2,2,2,3,2,4,2,4,0,1,2,2,3,4,3,
12,3,1,3,3,0,3,2,1,3,2,3,3,3,0,1,1,2,3,3,3,
11,3,2,3,3,0,3,2,1,3,2,3,3,3,0,2,1,2,3,4,3,
15,3,2,3,3,0,8,2,1,3,2,4,8,3,0,2,2,2,3,4,8,
11,3,2,3,3,0,3,2,1,3,2,4,3,3,0,1,2,2,3,4,3,
13,3,2,6,3,0,3,2,2,4,2,6,3,3,0,2,2,2,4,6,3,
12,3,4,3,2,0,2,1,1,3,4,3,2,2,0,1,1,4,3,3,2,
11,3,1,3,2,0,2,2,1,3,1,3,2,2,0,1,1,1,3,3,3,
10,3,1,3,3,0,2,2,1,3,1,3,2,3,0,1,1,1,3,3,3,
13,3,1,3,3,0,3,2,1,3,2,3,3,3,0,1,1,2,3,3,3,
11,3,1,3,3,0,3,2,1,3,2,3,3,3,0,2,1,2,3,4,3,
10,3,1,3,3,0,2,2,1,3,2,3,2,3,0,1,1,1,3,3,3,
13,5,2,3,5,0,5,4,1,6,2,3,5,5,0,4,1,2,5,4,5,
13,6,2,3,3,0,5,5,1,6,2,4,5,3,0,5,1,2,6,4,5,
32,3,2,4,3,0,3,2,2,4,2,4,3,3,0,2,2,2,3,25,3,
11,3,2,4,3,0,3,2,2,4,2,4,3,3,0,2,2,2,3,4,3,
11,2,1,3,2,0,2,1,1,3,1,3,2,2,0,1,1,1,2,3,2,
10,3,1,3,2,0,2,1,1,3,1,3,2,3,0,2,1,1,3,3,3,
13,3,1,6,2,0,2,1,1,3,1,6,2,3,0,1,1,1,3,6,2,
10,3,1,3,3,0,3,2,1,3,1,3,3,3,0,2,1,1,3,3,3,
10,3,1,3,3,0,3,2,1,3,2,3,3,3,0,2,1,2,3,3,3,
11,2,1,3,2,0,2,1,1,3,1,3,2,3,0,1,1,1,3,3,3,
31,3,2,3,3,0,3,2,1,3,2,4,3,3,0,2,2,2,3,4,24,
11,3,2,3,3,0,3,2,1,4,2,4,3,3,0,2,2,2,3,4,3,
11,3,2,4,3,0,3,2,2,4,2,4,3,3,0,2,2,2,3,4,3,
11,3,2,4,3,0,3,2,2,4,2,4,3,3,0,2,2,2,3,4,3,
14,5,1,3,3,0,5,4,1,6,1,3,5,3,0,4,1,1,6,3,5,
10,2,1,3,2,0,2,1,1,3,1,3,2,3,0,1,1,1,3,3,2,
10,3,1,3,2,0,2,1,1,3,1,3,2,3,0,1,1,1,3,3,2,
10,3,1,3,3,0,3,2,1,3,2,3,3,3,0,2,1,2,3,3,3,
10,3,1,3,3,0,3,2,1,3,2,3,3,3,0,2,1,2,3,3,3,
13,3,2,6,3,0,3,2,1,3,2,6,3,3,0,2,1,2,3,6,3,
11,3,2,4,3,0,3,2,1,3,2,4,3,3,0,2,2,2,3,4,3,
11,3,2,3,3,0,3,2,1,3,2,4,3,3,0,2,2,2,3,4,3,
32,3,2,3,3,0,3,2,1,25,2,4,3,3,0,2,2,2,3,4,3,
12,4,2,4,3,1,3,3,2,4,2,4,3,3,0,3,2,2,4,4,4,
11,3,1,3,2,0,2,2,1,3,1,3,2,3,0,2,1,1,3,3,3,
10,3,1,3,2,0,2,1,1,3,1,3,2,3,0,1,1,1,3,3,2,
35,3,1,3,3,0,3,2,1,3,1,3,2,28,0,2,1,1,3,3,3,
32,25,1,3,3,0,5,4,1,6,2,3,5,3,0,4,1,1,6,3,5,
11,3,2,3,3,0,3,2,1,4,2,3,3,3,0,2,1,2,4,4,3,
11,3,2,3,3,0,3,2,1,4,2,4,3,3,0,2,2,2,3,4,3,
13,3,2,3,3,0,6,2,1,3,2,3,6,3,0,2,1,2,3,4,6,
11,3,2,3,3,0,3,2,1,3,2,4,3,3,0,2,2,2,3,4,3,
11,3,2,4,3,0,3,2,2,3,2,4,3,3,0,2,2,2,3,4,3,
12,3,4,4,3,0,3,2,2,4,5,4,3,3,1,2,2,4,3,4,3,
10,2,1,3,2,0,2,1,1,3,1,3,2,3,0,1,1,1,3,3,2,
28,3,1,3,3,0,3,2,1,3,1,3,3,3,0,2,21,1,3,3,3,
11,3,2,3,3,0,3,2,1,3,2,3,3,3,0,2,1,1,3,4,3,
29,3,22,3,3,0,3,2,1,3,2,3,3,3,0,2,1,1,3,3,3,
11,3,2,3,3,0,3,2,1,3,2,3,3,3,0,2,1,2,3,4,3,
11,3,2,3,3,0,3,2,1,3,2,3,3,3,0,2,1,2,3,4,3,
12,5,2,3,3,0,5,4,1,5,2,3,5,3,0,4,1,2,5,4,5,
11,2,1,3,2,0,2,1,1,3,1,3,2,2,0,1,1,1,2,3,2,
11,4,2,4,3,0,3,2,2,4,2,4,3,3,0,2,2,2,4,4,3,
11,3,1,3,2,0,2,2,1,3,2,3,2,3,0,2,1,1,3,3,3,
10,3,1,3,2,0,2,1,1,3,1,3,2,3,0,1,1,1,3,3,2,
30,3,1,5,2,0,2,1,1,3,2,5,2,3,0,2,1,1,23,5,3,
12,3,4,3,3,0,2,2,1,3,5,3,2,3,0,2,1,4,3,3,3,
10,3,1,3,3,0,3,2,1,3,2,3,3,3,0,2,1,2,3,3,3,
10,3,1,3,3,0,3,2,1,3,2,3,3,3,0,2,1,2,3,3,3,
10,3,2,3,3,0,3,2,1,3,2,3,3,3,0,2,1,2,3,3,3,
11,3,2,4,3,0,3,2,1,3,2,4,3,3,0,2,2,2,3,4,3,
11,3,2,4,3,0,3,2,2,4,2,4,3,3,0,2,2,2,4,4,3,
11,3,2,4,3,0,3,2,2,4,2,4,3,3,0,2,2,2,4,4,3,
13,5,1,3,2,0,4,1,1,5,1,3,4,3,0,1,1,1,5,3,4,
10,3,1,3,2,0,3,2,1,3,1,3,2,3,0,2,1,1,3,3,3,
10,3,1,3,2,0,3,2,1,3,1,3,3,3,0,2,1,1,3,3,3,
29,3,1,3,3,0,3,2,1,3,2,3,3,3,0,2,1,22,3,3,3,
11,3,2,4,3,0,3,2,1,3,2,4,3,3,0,2,1,2,3,4,3,
12,3,1,4,3,0,3,2,1,3,2,4,3,3,0,2,1,2,3,5,3,
11,3,4,3,3,0,3,2,1,3,4,4,3,3,0,2,2,4,3,4,3,
11,3,2,3,3,0,3,2,1,3,2,4,4,3,0,2,2,2,3,4,3,
11,3,2,3,3,0,3,2,1,3,2,4,3,3,0,2,2,2,3,4,3,
12,3,2,4,3,0,3,2,2,4,2,4,3,3,0,2,2,2,3,4,3,
11,3,2,4,3,0,3,2,2,4,2,4,3,3,1,2,2,2,3,4,3,
11,3,2,3,3,0,3,2,1,3,2,4,3,3,0,2,2,2,3,4,3,
10,3,1,3,2,0,2,1,1,3,1,3,2,3,0,2,1,1,3,3,3,
13,6,1,3,3,0,3,2,1,6,2,3,3,3,0,2,1,2,6,3,3,
10,3,1,3,3,0,3,2,1,3,2,3,3,3,0,2,1,2,3,3,3,
11,3,2,3,3,0,3,2,1,3,2,4,3,3,0,2,1,2,3,4,3,
11,3,2,4,3,0,3,2,1,3,2,4,3,3,0,2,2,2,3,4,3,
30,3,2,3,3,0,3,2,1,3,2,4,23,3,0,2,1,2,3,4,3,
14,2,1,6,3,0,3,1,1,3,1,6,2,3,0,1,1,1,3,6,3,
11,2,1,3,2,0,2,1,1,3,1,3,2,3,0,1,1,1,3,3,2,
11,2,1,3,2,0,2,1,1,3,1,3,2,2,0,1,1,1,3,3,2,
10,3,1,3,3,0,2,2,1,3,1,3,2,3,0,2,1,1,3,3,3,
25,3,1,3,3,0,3,2,1,3,1,3,3,3,18,2,1,1,3,3,3,
10,3,1,3,3,0,3,2,1,3,2,3,3,3,0,2,1,1,3,3,3,
11,3,2,4,3,0,3,2,1,4,2,4,3,3,0,2,2,2,3,4,3,
11,3,1,3,3,0,3,2,1,3,2,3,3,3,0,2,1,2,3,4,3,
13,5,2,3,3,0,3,2,1,6,2,4,3,3,0,2,1,2,6,4,3,
11,4,2,4,3,0,3,2,1,4,2,4,3,3,0,2,2,2,4,4,3,
11,3,2,4,4,0,3,2,2,4,2,4,3,3,0,2,2,2,4,4,4,
11,4,2,4,3,0,3,2,2,4,2,4,3,3,1,2,2,2,4,4,4,
10,3,1,3,2,0,3,2,1,3,1,3,3,3,0,2,1,1,3,3,3,
14,3,2,7,3,0,3,2,1,3,2,6,3,3,0,2,1,2,3,7,3,
10,2,0,2,1,0,2,1,0,2,0,2,2,1,0,1,0,0,2,2,2,
11,3,2,3,3,0,3,2,1,4,2,3,3,3,0,2,1,2,3,4,3,
10,3,1,3,3,0,3,2,1,3,2,3,3,3,0,2,1,2,3,3,3,
12,3,2,3,3,0,3,2,1,4,2,3,3,3,0,2,1,2,3,3,3,
11,3,2,4,3,0,3,2,2,4,2,4,3,3,0,2,2,2,3,4,3,
10,3,2,3,3,0,2,2,1,3,2,3,2,3,0,2,1,2,3,3,3,
11,3,2,4,3,0,3,2,2,3,2,4,3,3,0,2,2,2,3,4,3,
13,5,1,3,2,0,2,2,1,5,1,3,2,2,0,2,1,1,5,3,3,
10,3,1,3,2,0,2,2,1,3,1,3,2,2,0,2,1,1,3,3,3,
10,3,1,3,2,0,3,2,1,3,1,3,3,2,0,2,1,1,3,3,3,
15,3,1,3,2,0,5,2,1,3,1,3,5,3,0,2,1,1,3,3,6,
10,3,1,3,3,0,3,2,1,3,2,3,3,3,0,2,1,1,3,3,3,
13,3,1,5,3,0,3,2,1,3,2,5,3,3,0,2,1,2,3,6,3,
12,4,5,3,3,0,3,2,1,4,5,4,3,3,0,2,2,5,4,4,4,
11,3,2,3,3,0,3,2,1,4,2,3,3,3,0,2,1,2,4,4,4,
11,3,2,4,3,0,3,2,2,4,2,4,3,3,0,2,2,2,3,4,3,
13,4,2,4,3,1,3,2,2,4,2,4,3,3,0,3,2,2,4,4,4,
10,3,1,3,2,0,2,2,1,3,1,3,2,2,0,2,1,1,3,3,3,
11,3,2,3,3,0,3,2,1,4,2,3,3,3,0,2,1,2,4,4,4,
10,3,1,3,3,0,3,2,1,3,2,3,3,3,0,2,1,1,3,3,3,
13,6,1,3,3,0,6,5,1,6,2,3,6,3,0,5,1,1,6,3,6,
10,3,1,3,3,0,3,2,1,4,2,3,3,3,0,2,1,2,3,3,3,
11,4,1,3,3,0,3,3,1,4,2,3,3,3,0,3,1,1,4,3,4,
11,3,2,3,3,0,3,2,1,4,2,3,3,3,0,2,1,2,4,3,3,
11,4,2,3,3,0,3,2,1,4,2,4,3,3,0,2,2,2,4,4,4,
14,4,2,6,3,0,4,3,2,4,2,7,4,3,0,3,2,2,4,7,4,
11,3,1,3,2,0,3,2,1,3,1,3,2,2,0,2,1,1,3,3,3,
10,3,1,3,2,0,3,2,1,3,1,3,3,2,0,2,1,1,3,3,3,
10,3,1,3,2,0,3,2,1,3,1,3,3,3,0,2,1,1,3,3,3,
11,3,1,3,3,0,3,2,1,3,2,3,3,3,0,2,1,1,3,3,3,
10,3,1,3,3,0,3,2,1,3,2,3,3,3,0,2,1,2,3,3,3,
11,3,2,3,3,0,3,2,1,4,2,3,3,3,0,2,2,2,4,4,3,
11,3,2,3,3,0,3,2,1,4,2,3,3,3,0,2,1,2,3,4,3,
13,3,2,3,3,0,6,2,1,3,2,3,6,3,0,2,1,2,3,4,6,
11,4,2,4,3,0,3,2,2,4,2,4,3,3,0,2,2,2,4,4,4,
11,4,2,4,3,0,3,2,2,4,2,4,3,3,0,3,2,2,4,4,4,
11,2,1,3,3,0,2,1,1,3,1,3,2,3,0,1,1,1,3,4,2,
10,3,1,3,2,0,3,2,1,3,1,3,3,2,0,2,1,1,3,3,3,
13,3,1,5,3,0,3,2,1,3,2,5,3,3,0,2,1,1,3,6,3,
11,3,4,3,3,0,3,2,1,3,4,3,3,3,0,2,1,4,3,4,3,
11,3,2,3,3,0,3,2,1,3,2,3,3,3,0,2,1,2,3,4,3,
11,3,2,3,3,0,3,2,1,3,2,3,3,3,0,2,1,2,3,4,3,
13,3,2,3,3,0,3,2,1,3,2,3,3,3,0,2,1,2,3,4,3,
11,3,2,3,3,0,3,2,1,3,2,4,3,3,0,2,2,2,3,4,3,
11,3,2,4,3,0,3,2,2,3,2,4,3,3,0,2,2,2,3,4,3,
11,3,2,4,3,0,3,2,2,4,2,4,3,3,0,2,2,2,3,4,3,
13,6,1,3,2,0,5,4,1,6,1,3,5,3,0,5,1,1,6,3,6,
10,3,1,3,2,0,2,1,1,3,1,3,2,3,0,2,1,1,3,3,3,
10,3,1,3,3,0,3,2,1,3,1,3,3,3,0,2,1,1,3,3,3,
13,3,1,3,3,0,3,2,1,3,2,3,3,3,0,2,1,1,3,4,6,
11,3,2,3,3,0,3,2,1,3,2,3,3,3,0,2,1,2,3,4,3,
14,3,2,6,3,0,3,2,1,3,2,6,3,3,0,2,2,2,3,7,3,
16,3,1,3,2,0,2,2,1,3,1,3,2,2,0,2,1,1,3,3,3,
12,5,2,4,3,0,3,2,1,5,2,4,3,3,0,2,2,2,5,4,3,
11,2,1,3,2,0,2,1,1,3,1,3,2,2,0,1,1,1,3,3,2,
11,3,1,3,2,0,2,2,1,3,1,3,2,2,0,2,1,1,3,3,3,
10,3,1,3,2,0,2,1,1,3,1,3,2,2,0,1,1,1,3,3,2,
10,3,1,3,3,0,3,2,1,3,1,3,2,3,0,2,1,1,3,3,3,
11,3,1,3,3,0,3,2,1,3,2,3,3,3,0,2,1,2,3,4,3,
14,3,1,3,3,0,3,2,1,3,2,3,3,3,0,2,1,1,3,4,3,
11,3,1,3,3,0,3,2,1,3,2,3,3,3,0,2,1,1,3,4,3,
11,3,2,3,3,0,3,2,1,3,2,3,3,3,0,2,2,2,3,4,3,
11,3,2,3,3,0,4,2,1,3,2,3,4,3,0,2,2,2,3,4,4,
11,3,2,4,3,0,3,2,1,4,2,4,3,3,0,2,2,2,3,4,3,
10,2,1,3,2,0,2,1,1,3,1,3,2,2,0,1,1,1,3,3,2,
10,3,1,3,2,0,3,2,1,3,2,3,2,2,0,2,1,2,3,3,3,
10,3,1,3,2,0,3,2,1,3,1,3,2,2,0,2,1,1,3,3,3,
10,3,1,3,3,0,2,2,1,3,1,3,2,3,0,2,1,2,3,3,3,
11,3,1,3,3,0,3,2,1,3,2,3,3,3,0,2,1,2,3,4,3,
11,3,2,3,3,0,3,2,1,3,2,3,3,3,0,2,1,2,3,4,3,
11,3,2,3,3,0,3,2,1,4,2,3,3,3,0,2,2,2,3,4,3,
11,3,2,3,3,0,3,2,1,3,2,3,3,3,0,2,1,2,3,4,3,
13,3,2,3,3,0,3,2,1,4,2,3,3,3,0,2,1,2,3,4,3,
11,3,1,3,2,0,3,2,1,3,1,3,2,2,0,2,1,1,3,3,3,
11,4,1,3,2,0,3,2,1,4,1,3,2,3,0,2,1,1,4,3,3,
10,3,1,3,3,0,3,2,1,3,1,3,3,3,0,2,1,1,3,3,3,
10,3,1,3,3,0,3,2,1,3,1,3,3,3,0,2,1,1,3,3,3,
10,3,1,3,3,0,3,2,1,3,2,3,3,3,0,2,1,2,3,3,3,
12,3,2,4,3,0,3,2,2,4,2,4,3,3,0,2,2,2,3,4,3,
11,3,1,3,3,0,3,2,1,3,2,3,3,3,0,2,1,2,4,4,3,
11,3,2,3,3,0,3,2,1,3,2,3,3,3,0,2,1,2,3,4,3,
12,4,2,4,3,0,3,2,2,4,2,4,3,3,0,2,2,2,4,4,3,
11,3,2,4,3,0,3,2,2,4,2,4,3,3,0,2,2,2,4,4,3,
11,2,1,3,2,0,2,1,1,3,1,3,2,2,0,1,1,1,3,3,2,
11,4,2,4,3,0,3,2,2,4,2,4,3,3,0,2,2,2,4,4,4,
10,3,1,3,2,0,3,2,1,3,1,3,2,3,0,2,1,1,3,3,3,
10,3,1,3,2,0,3,2,1,3,1,3,2,3,0,2,1,1,3,3,3,
12,5,1,3,2,0,3,2,1,5,1,3,3,3,0,2,1,1,5,3,3,
12,3,1,3,3,0,3,2,1,3,2,3,3,3,0,2,1,2,3,3,3,
11,3,2,3,3,0,3,2,1,4,2,3,3,3,0,2,1,2,3,4,3,
12,5,1,3,4,0,5,4,1,5,2,3,4,5,0,4,1,2,5,4,5,
11,3,2,4,3,0,3,2,1,3,2,4,3,3,0,2,2,2,3,4,3,
11,3,2,4,3,0,3,2,1,4,2,4,3,3,0,2,2,2,3,4,3,
11,3,2,4,3,0,3,2,2,4,2,4,3,3,0,2,2,2,3,4,3,
12,3,2,4,3,0,3,2,1,4,2,4,3,3,0,2,2,2,4,4,3,
10,2,1,3,2,0,2,1,1,3,1,3,2,2,0,1,1,1,3,3,2,
10,2,1,3,2,0,2,1,1,3,1,3,2,2,0,1,1,1,3,3,2,
10,3,1,3,2,0,2,1,1,3,1,3,2,2,0,2,1,1,3,3,2,
12,3,1,3,2,0,2,2,1,3,1,3,2,3,0,2,1,1,3,3,3,
11,4,2,4,3,0,3,2,2,4,2,4,3,3,0,2,2,2,4,4,3,
12,5,2,4,3,0,3,2,1,5,2,4,3,3,0,2,2,2,5,4,3,
11,3,2,4,3,0,3,2,1,3,2,4,3,3,0,2,2,2,3,4,3,
11,3,2,4,3,0,3,2,1,4,2,4,3,3,0,2,2,2,4,4,3,
11,4,2,4,3,0,3,2,2,4,2,4,3,3,0,3,2,2,4,4,4,
10,4,2,4,3,0,3,2,2,4,2,4,3,3,0,3,2,2,4,4,4,
10,3,1,3,2,0,2,2,1,3,1,3,2,2,0,2,1,1,3,3,3,
10,3,1,3,2,0,2,2,1,3,1,3,2,3,0,2,1,1,3,3,3,
12,3,2,4,3,0,3,2,1,3,2,4,3,3,0,2,2,2,3,4,3,
10,3,1,3,3,0,3,2,1,3,2,3,3,3,0,2,1,1,3,3,3,
11,3,2,3,3,0,3,2,1,3,2,3,3,3,0,2,1,2,3,4,3,
11,3,2,3,3,0,3,2,1,3,2,3,3,3,0,2,1,2,3,4,3,
11,3,2,4,3,0,3,2,1,4,2,4,3,3,0,2,2,2,3,4,3,
11,4,2,4,3,0,3,2,2,4,2,4,3,3,0,3,2,2,4,4,3,
10,4,2,4,3,0,3,2,2,4,2,4,3,3,0,3,2,2,4,4,4,
10,3,1,3,2,0,2,1,1,3,1,3,2,2,0,1,1,1,3,3,2,
10,3,1,3,3,0,2,2,1,3,1,3,2,3,0,2,1,1,3,3,3,
10,3,1,3,3,0,3,2,1,3,1,3,2,3,0,2,1,1,3,3,3,
10,3,1,3,3,0,3,2,1,3,2,3,3,3,0,2,1,2,3,3,3,
11,3,2,3,3,0,3,2,1,4,2,4,3,3,0,2,2,2,3,4,3,
11,3,2,3,3,0,3,2,1,3,2,4,3,3,0,2,2,2,3,4,3,
11,3,2,3,3,0,3,2,1,4,2,4,3,3,0,2,2,2,3,4,3,
13,6,2,4,3,0,3,2,2,6,2,4,3,3,0,2,2,2,6,4,3,
11,4,2,4,3,0,3,2,1,4,2,4,3,3,0,2,2,2,4,4,3,
13,4,2,4,6,0,3,2,2,4,2,4,3,6,0,2,2,2,4,4,4,
13,3,1,6,2,0,3,2,1,6,1,6,3,3,0,2,1,1,3,6,3,
10,3,1,3,2,0,2,1,1,3,1,3,2,2,0,1,1,1,3,3,3,
10,3,1,3,3,0,3,2,1,3,1,3,3,3,0,2,1,1,3,3,3,
11,3,1,3,3,0,3,2,1,3,2,3,3,3,0,2,1,2,3,4,3,
11,3,1,3,3,0,3,2,1,3,2,3,3,3,0,2,1,2,3,4,3,
11,3,2,3,3,0,3,2,1,3,2,4,3,3,0,2,2,2,3,4,3,
11,3,2,4,3,0,3,2,1,4,2,4,3,3,0,2,2,2,4,4,3,
11,4,2,4,3,0,3,2,2,4,2,4,3,3,0,2,2,2,4,4,3,
10,4,2,4,3,0,3,2,2,4,2,4,3,3,0,3,2,2,4,4,4,
10,3,1,3,2,0,3,2,1,3,1,3,3,3,0,2,1,1,3,3,3,
10,3,1,3,2,0,3,2,1,3,1,3,3,3,0,2,1,1,3,3,3,
10,3,1,3,2,0,3,2,1,3,1,3,3,3,0,2,1,1,3,3,3,
12,3,1,3,5,0,3,2,1,3,2,3,3,5,0,2,1,2,3,4,3,
13,6,2,6,3,0,3,2,1,6,2,6,3,6,0,2,1,2,6,6,6,
11,3,1,3,3,0,3,2,1,3,2,3,3,3,0,2,1,2,3,4,3,
11,3,2,3,3,0,3,2,1,3,2,4,3,3,0,2,2,2,3,4,3,
11,3,2,4,3,0,3,2,1,4,2,4,3,3,0,2,2,2,3,4,3,
11,3,2,4,3,0,3,2,1,4,2,4,3,3,0,2,2,2,4,4,3,
11,3,1,3,2,0,2,1,1,3,1,3,2,2,0,1,1,1,3,3,2,
558,5,2,4,3,0,4,3,2,5,3,4,4,3,0,3,2,3,5,4,5,
459,6,2,3,3,0,5,4,1,6,2,3,5,3,0,5,1,2,6,3,6,
358,8,2,5,4,0,8,7,2,8,2,5,8,4,0,7,3,2,8,5,8,
349,3,3,4,3,0,3,2,1,3,3,4,3,3,0,2,2,3,3,4,3,
13,4,2,4,4,0,4,3,2,4,3,4,4,4,0,3,2,3,4,5,4,
12,4,2,4,3,0,3,3,2,4,2,4,3,3,0,3,2,2,4,4,4,
11,3,1,3,2,0,2,1,1,3,1,3,2,2,0,1,1,1,3,3,3,
10,3,1,3,2,0,2,1,1,3,1,3,2,2,0,1,1,1,3,3,2,
10,3,1,3,2,0,2,1,1,3,1,3,2,2,0,1,1,1,3,3,2,
13,3,1,3,5,0,3,2,1,3,1,3,2,6,0,2,1,1,3,3,3,
13,5,1,6,5,0,5,5,1,5,5,6,5,5,0,5,1,2,5,6,5,
11,3,1,3,3,0,3,2,1,3,2,3,3,3,0,2,1,2,3,4,3,
11,3,2,3,3,0,3,2,1,3,2,3,3,3,0,2,1,2,3,4,3,
11,3,2,4,3,0,3,2,1,4,2,4,3,3,0,2,2,2,3,4,3,
11,3,2,4,3,0,3,2,1,4,2,4,3,3,0,2,2,2,4,4,3,
11,3,2,4,3,0,3,2,1,4,2,4,3,3,0,2,2,2,3,4,3,
11,3,2,4,3,0,3,2,2,4,2,4,3,3,0,2,2,2,3,4,3,
10,3,1,3,2,0,3,1,1,3,1,3,2,3,0,2,1,1,3,3,3,
10,3,1,3,3,0,3,2,1,3,1,3,3,3,0,2,1,1,3,3,3,
10,3,1,3,3,0,3,2,1,3,1,3,3,3,0,2,1,1,3,3,3,
12,4,2,4,3,0,3,2,2,4,2,4,3,3,2,3,2,2,4,4,4,
11,3,1,3,3,0,3,2,1,3,2,3,3,3,0,2,1,2,3,3,3,
12,3,2,3,5,0,3,2,1,3,2,3,3,5,0,2,1,2,3,3,3,
14,4,4,7,6,0,4,4,4,4,4,7,4,6,0,4,5,4,4,7,4,
11,3,2,4,3,0,3,2,1,4,2,4,3,3,0,2,2,2,3,4,3,
11,4,2,4,3,0,3,2,1,4,2,4,3,3,0,2,2,2,4,4,3,
10,3,1,3,2,0,2,1,1,3,1,3,2,3,0,1,1,1,3,3,2,
10,3,1,3,2,0,2,1,1,3,1,3,2,3,0,1,1,1,3,3,3,
10,3,1,3,3,0,3,2,1,3,1,3,2,3,0,2,1,1,3,3,3,
11,3,1,3,3,0,3,2,1,3,2,3,3,3,0,2,1,2,3,3,3,
13,3,1,3,3,0,3,2,1,3,2,3,3,3,0,2,1,2,3,3,3,
11,3,1,3,3,0,3,2,1,3,2,3,3,3,0,2,1,2,3,3,3,
11,3,2,3,3,0,3,2,1,3,2,4,3,3,0,2,1,2,3,4,3,
13,3,4,5,5,0,3,2,3,4,4,5,3,5,0,2,3,4,4,6,3,
11,3,2,4,3,0,3,2,2,4,2,4,3,3,0,2,2,2,3,4,3,
11,4,2,4,3,1,4,2,2,4,2,4,4,3,0,3,2,2,4,4,4,
10,2,1,3,2,0,2,1,1,3,1,3,2,2,0,1,1,1,3,3,2,
10,3,1,3,2,0,3,2,1,3,1,3,2,3,0,2,1,1,3,3,3,
10,3,1,3,3,0,3,2,1,3,2,3,3,3,0,2,1,2,3,3,3,
10,3,1,3,3,0,3,2,1,3,2,3,3,3,0,2,1,2,3,3,3,
11,3,1,3,3,0,3,2,1,3,2,3,3,3,0,2,1,2,3,3,3,
11,3,2,3,3,0,3,2,1,3,2,3,3,3,0,2,1,2,3,4,3,
12,5,2,3,3,0,3,2,1,5,2,4,3,3,0,2,2,2,5,4,3,
11,4,2,4,3,0,3,2,1,4,2,4,3,3,0,2,2,2,4,4,3,
11,3,1,3,2,0,2,2,1,3,1,3,2,2,0,2,1,1,3,3,3,
10,3,1,3,2,0,2,2,1,3,1,3,2,2,0,2,1,1,3,3,3,
10,3,1,3,2,0,3,2,1,3,1,3,3,3,0,2,1,1,3,3,3,
10,3,1,3,3,0,2,2,1,3,1,3,2,3,0,2,1,1,3,3,3,
13,3,1,3,6,0,3,2,1,3,1,3,3,6,0,2,1,2,3,3,3,
13,6,1,6,6,0,6,2,1,6,2,6,6,6,0,2,1,2,6,6,6,
11,3,1,3,3,0,3,2,1,3,2,3,3,3,0,2,1,2,3,4,3,
11,3,2,3,3,0,3,2,1,3,2,4,3,3,0,2,1,2,3,4,3,
11,3,4,3,3,0,3,2,1,3,4,4,3,3,0,2,2,4,3,4,3,
11,4,2,4,3,0,3,2,2,4,2,4,3,3,0,2,2,2,4,4,4,
10,4,2,4,3,0,3,2,2,4,2,4,3,3,0,3,2,2,4,4,4,
10,3,1,3,2,0,2,2,1,3,1,3,2,2,0,2,1,1,3,3,3,
13,3,3,5,5,0,3,3,3,3,3,5,3,5,0,3,3,3,3,6,3,
11,3,1,3,3,0,3,2,1,3,2,3,3,3,0,2,1,2,3,3,3,
10,3,1,3,3,0,3,2,1,3,2,3,3,3,0,2,1,2,3,3,3,
11,3,2,3,3,0,3,2,1,3,2,3,3,3,0,2,1,2,3,4,3,
11,3,2,3,3,0,3,2,1,3,2,3,3,3,0,2,1,2,3,4,3,
11,3,2,3,3,0,3,2,1,4,2,4,3,3,0,2,2,2,3,4,3,
11,3,2,4,3,0,3,2,1,4,2,4,3,3,0,2,2,2,3,4,3,
11,4,2,4,3,0,3,2,2,4,2,4,3,3,0,2,2,2,4,4,3,
10,3,1,3,2,0,2,2,1,3,1,3,2,2,0,2,1,1,3,3,3,
10,3,1,3,3,0,2,2,1,3,1,3,2,3,0,2,1,1,3,3,3,
34,24,1,24,3,0,2,2,1,24,1,24,2,3,0,2,1,1,24,24,3,
11,3,1,3,3,0,3,2,1,3,2,3,3,3,0,2,2,2,3,4,3,
11,3,1,3,3,0,3,2,1,3,2,3,3,3,0,2,1,2,3,4,3,
11,3,1,3,3,0,3,2,1,3,2,3,3,3,0,2,1,2,3,4,3,
11,3,2,3,3,0,3,2,1,3,2,3,3,3,0,2,1,2,3,4,3,
11,3,1,3,3,0,3,2,1,3,1,3,3,3,0,2,1,2,3,3,3,
11,4,2,4,3,0,3,2,2,4,2,4,3,3,0,3,2,2,4,4,4,
10,3,1,3,2,0,3,2,1,3,1,3,3,2,0,2,1,1,3,3,3,
10,3,1,3,2,0,2,2,1,3,1,3,2,3,0,2,1,1,3,3,3,
10,3,1,3,3,0,3,2,1,3,1,3,3,3,0,2,1,1,3,3,3,
11,3,2,3,3,0,3,2,1,3,2,3,3,3,0,2,1,2,3,4,3,
11,4,1,3,3,0,3,2,1,3,2,3,3,3,0,2,1,2,3,4,3,
11,3,1,3,3,0,3,2,1,3,2,3,3,3,0,2,1,2,3,4,3,
11,3,2,3,3,0,3,2,1,3,2,3,3,3,0,2,1,2,3,4,3,
11,3,2,3,3,0,3,2,1,3,2,4,3,3,0,2,2,2,3,4,3,
12,3,2,3,3,0,3,2,1,3,2,3,3,3,0,2,1,2,3,4,3,
11,4,2,4,3,0,3,2,2,4,2,4,3,3,0,2,2,2,4,4,3,
10,3,1,3,2,0,2,1,1,3,1,3,2,2,0,1,1,1,3,3,2,
10,3,1,3,2,0,3,2,1,3,1,3,3,3,0,2,1,1,3,3,3,
10,3,1,3,2,0,3,2,1,3,1,3,3,3,0,2,1,1,3,3,3,
10,3,1,3,3,0,3,2,1,3,2,3,3,3,0,2,1,1,3,3,3,
13,3,1,3,3,0,3,2,1,3,2,3,3,3,0,2,1,1,3,3,3,
11,3,2,3,3,0,3,2,1,3,2,3,3,3,0,2,1,2,3,4,3,
11,3,2,3,3,0,3,2,1,3,2,3,3,3,0,2,1,2,3,4,3,
11,3,2,3,3,0,3,2,1,3,2,4,3,3,0,2,1,2,3,4,3,
11,4,2,4,3,0,3,2,1,4,2,4,3,3,0,2,2,2,4,4,3,
10,4,2,4,3,0,3,2,2,4,2,4,3,3,0,3,2,2,4,4,4,
10,3,1,3,2,0,2,1,1,3,1,3,2,2,0,1,1,1,3,3,2,
10,3,1,3,2,0,2,1,1,3,1,3,2,2,0,1,1,1,3,3,2,
10,3,1,3,3,0,3,2,1,3,1,3,3,3,0,2,1,1,3,3,3,
10,3,1,3,3,0,3,2,1,3,2,3,3,3,0,2,1,1,3,3,3,
10,3,2,3,3,0,3,2,1,3,2,3,3,3,0,2,1,2,3,3,3,
11,3,2,3,3,0,3,2,1,3,2,3,3,3,0,2,1,2,3,4,3,
11,3,2,4,3,0,3,2,1,4,2,4,3,3,0,2,2,2,4,4,3,
14,3,2,4,3,0,3,2,1,4,2,4,3,3,0,2,2,2,3,4,3,
11,3,1,3,2,0,2,1,1,3,1,3,2,2,0,1,1,1,3,3,2,
10,3,1,3,2,0,2,1,1,3,1,3,2,2,0,1,1,1,3,3,2,
10,3,1,3,2,0,2,1,1,3,1,3,2,2,0,1,1,1,3,3,2,
10,3,1,3,3,0,3,2,1,3,1,3,3,3,0,2,1,1,3,3,3,
10,3,1,3,3,0,3,2,1,3,1,3,3,3,0,2,1,1,3,3,3,
10,3,1,3,3,0,3,2,1,3,1,3,3,3,0,2,1,1,3,3,3,
11,3,1,3,3,0,3,2,1,3,2,3,3,3,0,2,1,2,3,3,3,
11,3,1,3,3,0,3,2,1,3,2,3,3,3,0,2,1,2,3,4,3,
11,3,2,3,3,0,3,2,1,4,2,4,3,3,0,2,1,2,3,4,3,
11,4,2,4,3,0,3,2,1,4,2,4,3,3,0,2,2,2,4,4,3,
10,3,2,4,3,0,3,2,2,4,2,4,3,3,0,2,2,2,4,4,3,
10,2,1,3,2,0,2,1,1,3,1,3,2,2,0,1,1,1,3,3,2,
12,3,1,3,5,0,3,2,1,3,1,3,2,5,0,2,1,1,3,3,3,
12,5,1,5,5,0,5,2,1,5,1,5,5,5,0,2,1,1,5,5,5,
10,3,1,3,3,0,3,2,1,3,1,3,3,3,0,2,1,1,3,3,3,
10,3,1,3,3,0,3,2,1,3,2,3,3,3,0,2,1,2,3,3,3,
11,3,1,3,3,0,3,2,1,3,2,3,3,3,0,2,1,2,3,3,3,
11,3,2,3,3,0,3,2,1,3,2,4,3,3,0,2,1,2,3,4,3,
11,3,2,4,3,0,3,2,1,4,2,4,3,3,0,2,2,2,3,4,3,
11,4,2,4,3,0,3,2,1,4,2,4,3,3,0,2,2,2,4,4,3,
10,3,2,4,3,0,3,2,2,4,2,4,3,3,0,2,2,2,4,4,3,
10,3,1,3,2,0,3,2,1,3,1,3,2,3,0,2,1,1,3,3,3,
10,3,1,3,2,0,3,2,1,3,1,3,3,3,0,2,1,1,3,3,3,
10,3,1,3,3,0,3,2,1,3,1,3,3,3,0,2,1,1,3,3,3,
11,3,2,3,3,0,3,2,1,3,2,3,3,3,0,2,1,2,3,4,3,
11,3,2,3,3,0,3,2,1,3,2,3,3,3,0,2,1,2,3,4,3,
11,3,2,3,3,0,3,2,1,3,2,3,3,3,0,2,1,2,3,4,3,
11,3,2,4,3,0,3,2,1,3,2,4,3,3,0,2,2,2,3,4,3,
11,3,2,4,3,0,3,2,1,3,2,4,3,3,0,2,2,2,3,4,3,
10,3,2,4,3,0,3,2,1,4,2,4,3,3,0,2,2,2,3,4,3,
10,3,1,3,3,0,3,1,1,3,1,3,3,3,0,2,1,1,3,3,3,
10,2,1,3,2,0,2,1,1,3,1,3,2,2,0,1,1,1,3,3,3,
10,3,1,3,2,0,2,2,1,3,1,3,2,3,0,2,1,1,3,3,3,
10,3,1,3,3,0,3,2,1,3,1,3,3,3,0,2,1,1,3,3,3,
10,3,1,3,3,0,3,2,1,3,2,3,3,3,0,2,1,1,3,3,3,
11,3,2,3,3,0,3,2,1,3,2,4,3,3,0,2,1,2,3,4,3,
11,3,2,3,3,0,3,2,1,3,2,4,3,3,0,2,1,2,3,4,3,
11,3,2,3,3,0,3,2,1,3,2,4,3,3,0,2,2,2,3,4,3,
11,3,2,4,3,0,3,2,1,4,2,4,3,3,0,2,2,2,3,4,3,
10,2,3,3,2,0,2,1,1,3,3,3,2,2,0,1,1,3,3,3,2,
10,2,1,3,2,0,2,1,1,3,1,3,2,2,0,1,1,1,3,3,2,
10,3,1,3,2,0,3,2,1,3,1,3,3,2,0,2,1,1,3,3,3,
10,3,1,3,3,0,3,2,1,3,1,3,3,3,0,2,1,1,3,3,3,
10,3,1,3,3,0,3,2,1,3,1,3,3,3,0,2,1,1,3,3,3,
11,3,1,3,3,0,3,2,1,3,2,3,3,3,0,2,1,2,3,3,3,
11,3,2,3,3,0,3,2,1,3,2,4,3,3,0,2,1,2,3,4,3,
11,3,2,3,3,0,3,2,1,3,2,4,3,3,0,2,2,2,3,4,3,
11,3,2,4,3,0,3,2,1,3,2,4,3,3,0,2,2,2,3,4,3,
11,2,1,3,2,0,2,1,1,3,1,3,2,2,0,1,1,1,2,3,3,
10,2,1,3,2,0,2,1,1,3,1,3,2,2,0,1,1,1,3,3,2,
10,2,1,3,2,0,2,1,1,3,1,3,2,3,0,1,1,1,2,3,2,
