21,8,5,8,8,0,7,4,5,5,8,
19,7,4,7,7,0,7,4,3,4,7,
18,6,4,7,7,0,5,3,3,4,6,
18,7,4,7,7,0,6,4,4,4,7,
19,7,4,7,7,0,6,4,4,4,7,
20,7,4,7,7,0,6,4,4,4,7,
20,8,5,7,7,0,7,4,4,4,7,
19,8,4,7,7,0,7,5,4,4,8,
19,8,5,7,8,0,6,4,4,4,7,
19,7,4,7,7,0,7,4,4,4,7,
20,9,4,7,8,0,6,4,4,4,9,
21,9,6,9,9,0,8,6,6,6,9,
22,7,5,7,7,0,7,4,3,5,7,
19,8,5,6,9,0,7,4,4,4,7,
19,8,5,8,9,0,6,4,4,4,7,
19,7,4,7,7,0,6,4,4,4,7,
18,7,4,7,7,0,6,4,4,4,7,
18,7,4,7,7,0,6,4,3,4,7,
18,7,4,7,7,0,5,4,3,4,7,
21,7,5,9,9,0,6,5,6,5,7,
19,8,4,7,8,0,7,4,4,4,7,
19,7,4,7,7,0,6,4,4,4,7,
19,7,4,7,7,0,6,4,4,4,7,
19,8,5,7,8,0,7,4,4,4,7,
22,7,4,7,7,0,7,4,4,4,7,
21,8,4,7,7,0,7,5,3,4,8,
20,9,5,8,8,0,8,5,4,5,8,
19,8,5,8,8,0,7,4,4,4,7,
18,8,5,8,8,0,7,5,4,5,8,
21,10,4,7,7,0,6,4,3,4,9,
18,7,4,7,7,0,6,4,3,4,7,
18,7,4,7,7,0,6,4,4,4,7,
18,7,4,7,7,0,6,4,4,4,7,
19,7,4,7,7,0,6,4,4,4,7,
18,7,4,7,7,0,6,4,4,4,7,
19,7,4,7,7,0,7,4,4,4,7,
19,7,4,7,7,0,7,4,4,4,7,
20,7,4,7,9,0,7,4,4,4,7,
20,7,5,7,7,0,6,4,3,4,7,
19,7,4,7,7,0,6,4,4,4,7,
19,8,5,8,8,0,7,5,4,5,8,
18,8,5,8,8,0,7,5,4,5,8,
18,7,4,7,7,0,6,4,3,4,7,
20,7,4,7,7,0,6,4,3,4,7,
21,7,4,7,7,0,6,4,3,4,7,
18,7,4,6,6,0,6,3,3,4,6,
18,7,4,6,7,0,6,4,4,4,7,
18,7,4,7,7,0,6,4,4,4,7,
18,7,4,7,7,0,6,4,4,4,7,
19,8,4,7,7,0,6,4,4,4,7,
19,7,4,7,7,0,6,4,4,4,7,
19,7,4,7,7,0,6,4,4,4,7,
21,8,7,10,10,0,7,7,7,7,7,
19,8,5,8,8,0,7,4,4,4,7,
18,7,4,7,7,0,6,4,3,4,7,
20,8,5,8,8,0,7,5,4,5,8,
18,7,4,7,7,0,6,4,4,4,7,
19,9,4,7,7,0,8,6,3,4,9,
19,8,5,8,8,0,7,4,4,4,7,
18,7,4,7,7,0,6,4,4,4,7,
19,8,4,7,7,0,7,5,4,4,8,
18,7,4,7,7,0,6,4,4,4,7,
19,7,4,7,7,0,6,4,4,4,7,
19,8,5,8,8,0,7,4,4,4,7,
19,7,4,7,7,0,7,4,4,4,7,
20,7,5,8,8,0,8,4,4,4,7,
19,8,5,8,8,0,7,4,4,4,7,
18,8,5,8,8,0,7,5,4,5,8,
18,7,4,7,7,0,6,4,3,4,7,
18,7,4,7,7,0,6,4,3,4,7,
18,7,4,7,7,0,6,4,4,4,7,
21,7,4,7,7,0,6,4,4,4,7,
21,6,4,6,6,0,5,3,3,3,6,
18,6,4,6,6,0,6,3,3,4,6,
19,7,4,6,7,0,6,4,4,4,7,
19,7,4,7,7,0,6,4,4,4,7,
19,7,4,7,7,0,7,4,4,4,7,
19,8,4,7,8,0,7,4,4,4,7,
19,8,5,8,8,0,7,4,4,4,7,
18,8,5,8,8,0,7,4,4,4,7,
19,8,5,9,9,0,7,5,6,5,8,
18,7,4,7,7,0,6,4,3,4,7,
18,7,4,7,7,0,6,4,3,4,7,
19,7,4,7,7,0,6,4,4,4,7,
19,8,4,7,7,0,7,5,4,4,7,
19,9,4,7,7,0,8,6,4,4,9,
19,7,4,7,7,0,6,4,4,4,7,
18,7,4,7,7,0,6,4,4,4,7,
19,7,4,7,7,0,6,4,4,4,7,
19,8,5,7,7,0,7,4,4,4,7,
19,8,5,8,8,0,7,4,4,4,7,
18,8,5,8,8,0,6,5,4,5,8,
18,8,5,8,8,0,7,5,4,5,8,
18,6,4,7,7,0,7,3,3,4,6,
18,7,4,7,7,0,6,4,3,4,7,
18,7,4,7,7,0,6,4,3,4,7,
18,7,4,7,7,0,6,4,4,4,7,
18,7,4,7,7,0,6,4,4,4,7,
18,7,4,7,7,0,6,4,4,4,7,
18,7,4,7,7,0,6,4,4,4,7,
20,9,6,9,9,0,8,6,5,6,9,
18,7,5,6,6,0,6,4,3,5,7,
19,7,4,6,8,0,6,4,4,4,7,
19,7,5,7,8,0,6,4,4,4,7,
19,8,5,8,8,0,7,4,4,4,7,
18,8,5,8,8,0,7,5,4,4,7,
18,7,4,7,7,0,6,3,3,3,6,
18,8,5,8,8,0,7,5,4,5,8,
20,7,5,9,9,0,5,5,6,5,7,
18,7,4,7,7,0,6,4,3,4,7,
19,7,4,7,7,0,6,4,4,4,7,
18,7,4,7,7,0,6,4,3,4,7,
18,7,4,7,7,0,6,4,4,4,7,
19,8,4,7,7,0,7,5,3,4,8,
20,7,4,7,7,0,9,4,4,4,7,
19,7,4,7,7,0,6,4,4,4,7,
19,7,4,7,7,0,7,4,4,4,7,
19,8,5,8,8,0,7,4,4,4,7,
19,8,5,8,8,0,7,4,4,4,7,
19,8,5,8,8,0,6,4,4,4,7,
19,8,5,8,8,0,7,4,4,4,7,
20,7,5,8,7,0,9,4,4,4,7,
18,8,5,8,8,0,7,5,4,4,8,
18,8,5,8,8,0,7,4,4,5,8,
18,7,4,7,7,0,6,4,4,4,7,
18,8,5,8,8,0,7,5,4,4,8,
18,7,4,7,7,0,6,4,4,4,7,
19,7,4,7,7,0,6,4,4,4,7,
18,7,4,7,7,0,6,4,3,4,7,
18,7,4,7,7,0,6,4,4,4,7,
18,7,4,7,7,0,6,4,4,4,7,
19,7,4,7,7,0,6,4,4,4,7,
18,7,4,7,7,0,6,4,4,4,7,
20,6,3,6,6,0,5,2,2,2,5,
18,7,5,6,6,0,6,4,3,4,7,
19,7,4,6,8,0,7,4,4,4,7,
19,8,5,7,8,0,7,4,4,4,7,
19,8,5,8,8,0,6,4,4,4,7,
20,10,6,9,9,0,6,4,6,6,10,
18,8,5,8,8,0,7,4,4,4,7,
18,8,5,8,8,0,7,4,4,4,7,
19,8,5,9,9,0,7,5,6,5,8,
18,8,5,8,8,0,7,5,4,5,8,
18,7,4,7,7,0,6,4,3,4,7,
19,7,4,7,7,0,6,4,3,4,7,
18,7,4,7,7,0,6,4,4,4,7,
19,9,5,8,8,0,8,6,4,5,9,
18,7,4,7,7,0,6,4,4,4,7,
19,7,4,7,7,0,6,4,4,4,7,
19,7,4,7,7,0,6,4,4,4,7,
19,7,4,7,7,0,7,4,4,4,7,
19,7,4,7,7,0,7,4,4,4,7,
20,7,4,7,7,0,7,4,4,4,7,
19,8,5,7,8,0,7,4,4,4,7,
19,6,5,7,8,0,7,4,4,4,6,
19,8,5,8,8,0,7,4,4,4,7,
18,8,5,8,8,0,7,4,4,4,7,
18,8,5,8,8,0,7,4,4,4,7,
18,7,4,7,7,0,5,4,3,4,7,
33,4,20,4,3,17,3,1,0,20,4,
18,7,4,7,7,0,6,4,4,4,7,
20,8,5,8,9,0,7,5,5,5,8,
18,7,4,6,6,0,6,4,3,4,6,
19,7,4,6,8,0,7,4,4,4,7,
20,7,4,7,7,0,7,4,4,4,7,
18,8,5,8,8,0,7,4,4,4,7,
21,8,5,7,8,0,6,4,4,4,7,
18,7,4,6,7,0,6,4,3,4,7,
18,7,4,6,7,0,6,4,4,4,7,
19,7,4,7,7,0,7,4,4,4,7,
18,7,4,7,7,0,6,4,4,4,7,
21,9,6,9,9,0,6,4,5,5,9,
19,8,4,7,7,0,7,4,4,4,7,
19,7,4,7,7,0,6,4,4,4,7,
22,7,6,10,10,0,6,6,7,6,7,
18,8,5,8,8,0,7,4,4,4,7,
18,8,5,8,8,0,7,5,4,5,8,
19,7,4,7,7,0,6,4,3,4,7,
18,7,4,7,7,0,6,4,4,4,7,
19,9,5,7,7,0,8,6,4,5,9,
18,7,4,7,7,0,6,4,4,4,7,
19,8,4,7,7,0,7,4,4,4,7,
19,8,4,7,7,0,7,4,4,4,7,
19,8,4,7,7,0,7,4,4,4,8,
19,8,5,7,8,0,7,5,4,4,8,
18,8,5,8,8,0,7,5,4,4,8,
18,8,5,8,8,0,6,4,4,4,7,
19,7,5,8,8,0,9,5,4,5,7,
18,7,4,7,7,0,6,4,3,4,7,
18,7,4,7,7,0,6,4,3,4,7,
19,7,4,7,7,0,8,4,4,4,7,
19,7,4,7,7,0,7,4,4,4,7,
19,7,4,7,7,0,6,4,4,4,7,
19,8,4,7,7,0,7,4,4,4,7,
21,7,4,7,7,0,6,4,3,4,7,
19,7,5,7,7,0,6,4,3,4,7,
18,8,5,7,8,0,7,5,4,4,8,
18,8,5,8,8,0,7,5,4,5,8,
18,8,5,8,8,0,7,5,4,5,8,
20,9,5,8,9,0,6,4,5,5,9,
19,7,4,7,7,0,6,4,4,4,7,
19,8,4,7,7,0,6,4,4,4,7,
19,4,1,5,5,0,3,1,2,0,4,
19,8,4,7,7,0,6,4,4,4,7,
19,7,4,7,7,0,7,4,4,4,7,
20,7,4,7,7,0,7,4,4,4,7,
19,7,4,7,7,0,7,4,4,4,7,
20,8,4,7,7,0,8,5,3,4,8,
18,8,4,7,8,0,7,4,4,4,7,
38,28,5,8,8,0,7,5,4,5,8,
18,7,4,7,7,0,6,4,3,4,7,
19,8,4,7,7,0,6,4,3,4,7,
19,7,4,7,7,0,6,4,4,4,7,
19,7,4,7,7,0,6,4,4,4,7,
19,8,4,7,7,0,7,5,4,4,8,
20,8,4,7,8,0,9,5,4,4,7,
19,7,4,7,7,0,6,4,4,4,7,
19,8,5,8,8,0,7,5,4,5,8,
19,7,4,7,7,0,6,4,3,4,7,
18,8,5,8,8,0,7,5,4,5,8,
18,7,4,7,7,0,6,4,3,4,7,
18,7,4,7,7,0,6,4,3,4,7,
37,9,26,9,9,0,7,6,5,6,9,
19,7,4,7,7,0,6,4,4,4,7,
19,8,4,7,7,0,7,4,4,4,7,
19,8,4,8,8,0,7,4,4,4,7,
18,7,4,7,7,0,6,4,4,4,7,
18,8,5,8,8,0,7,4,4,4,8,
18,8,6,8,8,0,7,4,4,6,8,
18,8,5,8,8,0,7,5,4,4,8,
22,9,4,9,9,0,9,4,4,4,9,
19,7,4,7,7,0,6,4,4,4,7,
20,8,4,7,9,0,7,4,4,4,7,
19,7,4,7,7,0,7,4,4,4,7,
19,7,4,7,7,0,7,4,4,4,7,
19,8,5,8,8,0,7,5,4,4,8,
18,8,5,8,8,0,7,4,4,4,7,
20,8,4,7,8,0,6,4,4,4,7,
19,6,4,7,7,0,8,4,3,4,6,
18,7,4,7,7,0,6,4,4,4,7,
19,7,4,7,7,0,6,4,4,4,7,
20,7,5,9,9,0,6,5,6,5,7,
19,8,4,7,7,0,7,5,4,4,8,
20,8,4,7,7,0,7,5,4,4,8,
20,8,5,7,7,0,7,5,4,4,8,
42,8,5,8,8,0,7,4,4,4,8,
21,7,5,7,7,0,6,4,3,5,7,
20,8,5,7,9,0,7,4,4,4,8,
18,8,5,8,8,0,7,5,4,5,8,
18,7,4,7,7,0,6,4,3,4,7,
18,7,4,7,7,0,6,4,3,4,7,
18,7,4,7,7,0,6,4,4,4,7,
19,7,4,7,7,0,6,4,4,4,7,
24,9,4,9,9,0,6,4,3,4,9,
19,8,4,7,8,0,7,4,4,4,7,
19,8,4,7,8,0,7,4,4,4,7,
21,9,4,7,8,0,8,4,4,4,9,
18,8,5,8,8,0,7,4,4,4,8,
20,10,5,8,8,0,9,4,4,4,10,
18,7,4,7,7,0,6,4,3,4,7,
18,7,4,7,7,0,6,4,4,4,7,
20,7,4,7,7,0,6,4,3,4,7,
18,7,4,7,7,0,6,4,4,4,7,
19,7,4,7,7,0,6,4,4,4,7,
19,7,4,7,7,0,7,4,4,4,7,
19,7,4,7,8,0,6,4,4,4,7,
19,8,5,8,8,0,7,4,4,4,7,
20,10,5,7,8,0,7,4,4,4,10,
20,10,6,9,9,0,6,4,6,6,9,
18,7,4,7,7,0,6,4,3,4,7,
18,7,4,7,7,0,6,4,3,4,7,
21,7,6,10,10,0,6,6,6,6,7,
18,7,4,7,7,0,6,4,4,4,7,
19,8,4,7,7,0,7,4,4,4,7,
20,7,4,7,7,0,6,4,4,4,7,
19,8,4,7,7,0,7,4,4,4,7,
20,8,4,7,7,0,8,5,3,4,8,
19,8,4,7,8,0,7,4,4,4,7,
18,8,5,8,8,0,7,4,4,4,8,
18,7,4,7,7,0,6,4,3,4,7,
18,8,5,8,8,0,7,5,4,5,8,
19,7,4,8,6,0,6,4,4,4,7,
19,8,4,7,7,0,7,4,4,4,7,
18,7,4,7,7,0,6,4,4,4,7,
21,7,4,7,7,0,6,4,4,4,7,
19,7,4,7,7,0,7,4,4,4,7,
19,8,4,7,8,0,7,4,4,4,8,
19,8,5,8,8,0,7,4,4,4,7,
18,8,5,8,8,0,7,5,4,5,8,
18,7,4,7,7,0,6,4,3,4,7,
18,7,4,7,7,0,6,4,4,4,7,
18,7,4,7,7,0,6,4,4,4,7,
19,7,4,7,7,0,7,4,4,4,7,
20,8,5,7,8,0,7,5,4,4,8,
20,8,5,9,9,0,6,5,5,5,7,
19,8,5,8,8,0,7,4,4,4,7,
18,8,5,7,8,0,7,4,4,4,7,
20,8,5,8,8,0,7,4,4,4,8,
19,7,4,7,7,0,6,4,4,4,7,
19,8,4,7,7,0,7,5,3,4,8,
18,7,4,7,7,0,6,4,4,4,7,
19,8,4,7,7,0,7,4,4,4,7,
20,9,5,8,8,0,8,5,5,5,8,
19,8,4,7,8,0,6,4,4,4,7,
19,8,5,8,8,0,7,4,4,4,8,
18,8,5,8,8,0,7,4,4,5,8,
18,8,5,8,8,0,7,5,4,5,8,
21,7,4,7,7,0,6,4,3,4,7,
19,7,4,7,7,0,6,4,4,4,7,
19,7,4,7,7,0,6,4,4,4,7,
19,8,4,7,7,0,7,4,4,4,7,
19,8,4,7,8,0,7,4,4,4,7,
19,8,5,8,8,0,7,4,4,4,8,
18,8,5,8,8,0,7,5,4,4,8,
21,11,5,8,8,0,7,5,4,5,10,
19,7,4,7,7,0,7,4,3,4,7,
19,7,4,7,7,0,6,4,4,4,7,
19,5,1,5,5,0,4,2,2,1,5,
21,8,4,7,7,0,7,4,4,4,8,
19,8,4,7,8,0,7,4,4,4,7,
19,8,5,8,8,0,7,4,4,4,8,
35,7,4,7,7,0,6,23,3,4,7,
19,9,4,7,7,0,8,6,4,4,9,
19,8,4,6,6,0,7,5,3,4,8,
18,7,4,7,7,0,6,4,4,4,7,
19,7,4,7,7,0,6,4,4,4,7,
19,8,4,7,7,0,7,4,4,4,7,
20,8,4,9,9,0,7,4,4,4,8,
19,8,5,8,8,0,7,5,4,4,8,
18,8,5,8,8,0,7,5,4,4,8,
20,7,4,7,7,0,6,4,3,4,7,
19,7,4,7,7,0,7,4,4,4,7,
19,8,4,7,7,0,6,4,4,4,7,
19,8,4,7,7,0,7,4,4,4,7,
19,7,4,7,7,0,7,4,4,4,7,
19,8,5,8,8,0,7,5,4,4,8,
19,8,4,7,8,0,7,4,4,4,7,
21,11,5,7,8,0,7,5,4,4,10,
18,7,4,7,7,0,6,4,3,4,7,
18,7,4,7,7,0,6,4,3,4,7,
18,5,1,5,5,0,4,1,2,1,4,
21,8,4,7,7,0,7,4,4,4,7,
19,8,4,7,8,0,7,4,4,4,7,
19,8,4,7,7,0,7,5,4,4,8,
19,8,5,8,8,0,7,5,4,4,8,
19,9,5,7,7,0,7,5,3,4,8,
35,7,4,7,7,0,6,4,3,24,7,
19,8,4,7,7,0,7,5,3,4,8,
18,7,4,7,7,0,6,4,4,4,7,
19,7,4,7,7,0,6,4,4,4,7,
19,8,4,7,7,0,7,4,4,4,7,
19,7,4,7,7,0,7,4,4,4,7,
19,8,5,8,8,0,7,5,4,4,8,
18,8,5,8,8,0,7,5,4,4,8,
39,7,4,27,7,0,27,4,4,4,7,
41,7,4,7,28,0,6,4,4,4,7,
18,7,4,7,7,0,6,4,3,4,7,
19,8,4,7,7,0,7,4,4,4,7,
19,8,4,7,7,0,7,4,4,4,7,
19,8,4,7,8,0,7,4,4,4,7,
19,8,5,8,8,0,7,5,4,4,8,
18,8,5,8,8,0,7,5,4,5,8,
19,7,4,7,7,0,6,4,3,4,7,
21,7,7,9,9,0,7,4,4,4,7,
19,7,4,7,7,0,7,4,4,4,7,
19,8,4,7,7,0,7,4,4,4,7,
19,8,4,7,7,0,7,4,4,4,7,
19,8,5,7,8,0,7,4,4,4,7,
21,10,5,8,8,0,9,5,4,4,10,
20,8,5,8,8,0,7,5,4,4,8,
18,7,4,7,7,0,6,4,3,4,7,
18,7,4,7,7,0,6,4,4,4,7,
18,7,4,7,7,0,6,4,4,4,7,
20,7,4,9,7,0,7,4,4,4,7,
19,8,4,7,8,0,7,4,4,4,7,
19,8,4,7,7,0,7,4,4,4,7,
19,7,4,7,7,0,7,4,4,4,7,
19,8,5,8,8,0,7,5,4,4,8,
20,10,6,9,9,0,9,6,6,6,9,
21,8,6,7,8,0,7,5,4,6,8,
20,7,4,6,9,0,6,4,4,4,7,
18,8,5,8,8,0,7,5,4,5,8,
19,7,4,7,7,0,6,4,4,4,7,
19,7,4,7,7,0,7,4,4,4,7,
19,7,4,7,7,0,7,4,4,4,7,
19,7,4,7,7,0,6,4,4,4,7,
22,8,7,10,10,0,7,7,7,7,7,
19,8,5,8,8,0,7,5,4,4,8,
18,8,5,8,8,0,7,5,4,4,8,
20,7,4,7,7,0,6,4,3,4,7,
20,7,4,6,7,0,6,4,3,4,7,
19,9,4,7,7,0,8,6,4,4,9,
18,7,4,7,7,0,6,4,4,4,7,
19,7,4,7,8,0,6,4,4,4,7,
736,210,5,8,8,0,209,206,4,5,210,
636,206,4,7,7,0,205,202,4,4,206,
524,213,3,7,9,0,206,203,4,3,212,
423,214,5,10,11,0,208,206,6,5,214,
131,118,3,6,6,0,116,114,3,3,118,
29,9,4,7,8,0,7,5,4,4,8,
19,8,5,8,8,0,7,4,4,4,8,
19,9,5,8,8,0,6,4,4,4,8,
18,5,2,6,6,0,3,2,2,2,5,
20,8,5,8,8,0,6,5,4,5,8,
18,8,5,8,8,0,6,5,4,5,8,
18,7,4,7,7,0,5,3,3,4,7,
18,8,5,8,8,0,6,4,4,4,8,
24,10,4,10,10,0,10,4,4,4,10,
18,7,4,7,7,0,6,4,4,4,7,
18,7,4,7,7,0,6,4,4,4,7,
18,7,4,7,7,0,6,4,4,4,7,
19,7,4,7,7,0,6,4,4,4,7,
19,7,4,8,6,0,6,4,4,4,7,
19,7,4,7,7,0,6,4,4,4,7,
19,7,4,7,7,0,6,4,4,4,7,
19,7,4,7,8,0,6,4,4,4,7,
19,8,5,8,8,0,6,4,4,4,7,
18,8,5,8,8,0,6,5,4,4,8,
18,8,5,8,8,0,6,4,4,4,8,
18,8,5,8,8,0,6,5,4,5,8,
18,7,4,7,7,0,6,4,4,4,7,
18,7,4,7,7,0,6,4,4,4,7,
20,9,6,9,9,0,7,5,5,5,9,
18,7,4,7,7,0,6,4,3,4,7,
18,7,4,7,7,0,6,4,4,4,7,
21,7,6,10,10,0,6,6,6,6,7,
19,7,4,7,7,0,6,4,4,4,7,
19,7,4,7,7,0,6,4,4,4,7,
19,7,4,7,7,0,6,4,4,4,7,
19,7,4,7,7,0,6,4,4,4,7,
21,10,4,7,7,0,8,6,4,4,9,
19,8,4,7,8,0,6,4,4,4,7,
20,8,5,7,7,0,7,5,3,4,8,
20,9,5,7,7,0,7,5,4,5,8,
21,8,5,7,7,0,7,5,3,4,8,
19,9,5,8,6,0,8,5,4,5,8,
19,8,4,6,6,0,6,4,3,4,7,
19,8,4,6,6,0,6,4,3,4,7,
22,8,4,6,6,0,6,5,3,4,8,
20,8,4,7,7,0,7,5,3,4,8,
22,8,4,6,7,0,7,5,3,4,8,
18,8,6,7,7,0,7,5,4,6,8,
21,7,4,7,10,0,6,4,4,4,7,
19,8,4,7,7,0,6,4,4,4,7,
19,8,4,7,7,0,6,4,4,4,7,
19,8,4,7,7,0,6,4,4,4,7,
19,8,4,7,7,0,6,4,4,4,8,
19,8,4,7,7,0,7,4,4,4,8,
21,8,8,10,10,0,8,8,4,7,8,
19,8,5,8,8,0,7,5,4,4,8,
18,8,5,8,8,0,7,5,4,4,8,
20,8,5,8,8,0,7,5,4,5,8,
135,66,105,49,49,43,2,0,46,62,19,
30,9,19,7,7,0,7,6,4,4,9,
19,8,5,8,8,0,7,5,4,5,8,
19,9,4,7,8,0,7,6,4,4,9,
18,8,5,8,8,0,7,5,4,5,8,
19,9,5,8,8,0,6,5,4,5,9,
19,8,5,8,8,0,7,5,5,5,8,
19,7,4,7,7,0,6,4,4,4,7,
19,8,4,7,7,0,6,4,4,4,7,
19,8,4,7,7,0,6,4,4,4,7,
21,7,4,6,7,0,6,4,4,4,7,
22,8,4,7,8,0,6,4,4,4,8,
19,8,5,7,7,0,6,5,3,5,8,
20,8,5,7,9,0,6,5,4,4,8,
19,8,5,8,8,0,7,5,4,5,8,
18,8,5,8,8,0,7,5,4,5,8,
19,8,5,8,8,0,7,5,4,5,8,
19,8,5,8,8,0,7,5,4,5,8,
18,8,5,8,8,0,7,5,4,5,8,
22,8,4,9,9,0,8,4,4,4,8,
19,8,5,8,8,0,7,5,4,5,8,
19,7,4,7,7,0,6,4,4,4,7,
19,7,4,7,7,0,6,4,4,4,7,
19,8,4,7,7,0,7,5,3,4,8,
21,9,4,7,7,0,8,4,4,4,9,
19,8,4,7,7,0,6,4,4,4,7,
19,8,4,7,7,0,6,4,4,4,7,
19,7,4,7,8,0,6,4,4,4,7,
19,8,4,7,8,0,6,5,4,4,8,
21,8,4,9,7,0,6,4,3,4,8,
19,8,5,8,8,0,7,5,4,5,8,
18,8,5,8,8,0,7,5,4,4,8,
18,8,5,8,8,0,7,5,4,5,8,
21,8,5,7,8,0,7,5,4,5,8,
20,9,6,9,9,0,8,6,6,6,9,
21,7,5,7,7,0,6,4,3,5,7,
21,8,5,8,10,0,7,5,4,5,8,
19,8,5,8,8,0,7,5,4,5,8,
19,8,5,8,8,0,7,5,5,5,8,
19,7,4,7,7,0,6,4,4,4,7,
20,8,4,8,7,0,6,4,4,4,7,
19,8,4,7,7,0,6,4,4,4,7,
21,8,4,10,10,0,8,4,4,4,8,
19,8,4,7,8,0,6,4,4,4,8,
19,8,4,7,8,0,6,5,4,4,8,
22,8,5,7,8,0,6,5,4,5,8,
19,8,5,8,8,0,7,5,4,5,8,
21,10,5,8,8,0,9,7,4,4,10,
18,8,5,7,8,0,7,5,4,5,8,
18,8,5,8,8,0,7,5,4,5,8,
18,7,5,8,8,0,7,5,4,5,7,
19,8,5,8,8,0,7,5,4,5,8,
18,7,4,7,7,0,6,4,3,4,7,
18,7,4,7,7,0,6,4,4,4,7,
19,7,4,7,7,0,6,4,4,4,7,
18,7,4,7,7,0,6,4,4,4,7,
19,8,4,7,7,0,7,5,4,4,8,
22,8,4,7,7,0,7,5,4,4,8,
19,8,5,7,7,0,6,4,3,5,7,
20,8,4,6,8,0,6,4,4,4,7,
20,8,4,7,7,0,7,5,4,4,8,
19,8,5,8,8,0,7,5,4,5,8,
19,8,5,8,8,0,7,5,4,5,8,
18,8,5,8,8,0,7,5,4,5,8,
18,8,5,8,8,0,7,5,4,5,8,
23,9,4,9,10,0,9,4,4,4,9,
19,8,5,8,8,0,7,5,4,5,8,
18,7,4,7,7,0,6,4,4,4,7,
19,7,4,7,7,0,6,4,4,4,7,
19,7,4,7,7,0,6,4,4,4,7,
22,11,4,7,8,0,9,7,4,4,10,
19,8,4,7,8,0,6,5,4,4,8,
19,8,5,8,8,0,7,5,4,4,8,
20,8,5,8,8,0,7,5,4,5,8,
19,8,4,8,8,0,7,5,4,4,8,
19,8,5,7,7,0,7,5,4,5,8,
19,9,5,7,7,0,7,5,4,5,8,
19,9,5,7,7,0,8,6,3,5,9,
19,8,5,8,8,0,7,5,4,5,8,
19,8,5,8,8,0,7,5,4,5,8,
20,10,7,10,10,0,9,7,6,7,10,
21,7,7,7,7,0,6,4,4,6,7,
21,8,4,7,9,0,6,4,4,4,7,
19,8,4,7,7,0,7,5,3,4,8,
19,8,4,7,7,0,6,4,4,4,7,
19,8,4,7,8,0,7,4,4,4,8,
19,8,4,7,8,0,6,5,4,4,8,
19,8,4,7,8,0,6,5,4,4,8,
22,7,4,7,7,0,6,4,4,4,7,
18,8,5,8,8,0,7,5,4,5,8,
19,9,5,7,7,0,7,5,4,5,8,
18,8,5,8,8,0,7,5,4,5,8,
19,8,5,8,8,0,7,5,4,5,8,
22,12,5,8,8,0,8,6,4,5,11,
19,8,4,7,7,0,6,4,4,4,7,
19,8,4,7,7,0,7,5,4,4,8,
19,8,4,7,7,0,7,4,4,4,8,
19,8,4,7,7,0,7,5,4,4,8,
19,8,4,7,7,0,7,5,4,4,8,
20,8,4,7,8,0,8,5,4,4,8,
19,8,4,7,8,0,7,5,4,4,8,
20,9,5,8,8,0,8,5,4,4,9,
19,9,5,8,8,0,8,5,4,5,8,
20,10,6,9,9,0,9,7,6,6,10,
19,8,6,8,8,0,8,5,4,6,8,
20,8,5,7,10,0,8,5,5,5,8,
19,9,5,8,8,0,8,6,5,5,9,
19,8,4,7,7,0,7,4,4,4,7,
19,8,4,7,7,0,7,5,4,4,8,
19,8,4,7,7,0,7,4,4,4,7,
19,8,4,7,7,0,7,4,4,4,7,
22,8,5,9,10,0,8,4,4,5,8,
19,8,4,7,8,0,7,5,4,4,8,
20,8,5,8,8,0,7,5,4,5,8,
20,8,5,8,8,0,8,5,4,5,9,
19,8,4,7,7,0,7,5,3,4,8,
20,10,5,8,8,0,9,5,5,5,10,
18,8,5,8,8,0,7,5,4,5,8,
19,7,4,7,7,0,6,4,3,4,7,
19,7,4,7,7,0,6,4,4,4,7,
18,7,4,7,7,0,6,4,4,4,7,
21,8,5,10,7,0,7,4,4,4,7,
19,8,4,7,7,0,7,4,4,4,7,
20,8,4,7,7,0,7,5,4,4,8,
19,8,4,7,7,0,6,4,4,4,7,
19,8,4,7,7,0,7,4,4,4,7,
21,10,6,9,9,0,9,6,6,6,9,
18,8,5,8,8,0,7,5,4,5,8,
19,7,4,7,7,0,6,4,4,4,7,
18,6,4,7,7,0,6,3,4,4,6,
19,8,5,8,8,0,7,5,4,5,8,
19,9,5,7,7,0,8,5,4,5,9,
18,7,4,7,7,0,6,4,4,4,7,
19,8,5,8,8,0,7,4,4,5,7,
21,7,4,7,7,0,6,4,3,4,7,
20,9,5,8,8,0,8,5,5,5,9,
19,8,4,7,7,0,7,4,4,4,7,
20,8,5,8,8,0,7,5,4,4,8,
19,7,4,6,6,0,6,3,3,4,7,
20,10,5,8,8,0,9,5,4,4,10,
18,8,5,8,8,0,7,5,4,4,8,
19,8,5,8,8,0,7,5,4,5,8,
19,7,4,7,7,0,7,4,4,4,7,
19,8,4,7,7,0,7,4,4,4,7,
21,7,4,10,7,0,7,4,4,4,7,
19,8,4,7,7,0,7,4,4,4,7,
19,8,4,7,7,0,7,4,4,4,7,
19,7,4,7,7,0,7,4,4,4,7,
19,8,4,7,7,0,7,4,4,4,8,
20,9,6,9,9,0,6,5,5,6,9,
19,8,4,8,8,0,7,5,4,4,8,
18,8,5,8,8,0,7,5,4,5,8,
18,5,2,6,6,0,4,2,2,2,5,
20,7,4,7,7,0,6,4,3,4,7,
18,8,5,8,8,0,7,5,4,5,8,
18,7,4,7,7,0,6,4,3,4,7,
19,8,4,7,7,0,7,5,3,4,8,
19,9,4,7,7,0,8,6,4,4,9,
20,9,4,7,7,0,6,4,4,4,9,
19,8,4,7,7,0,7,4,4,4,7,
19,8,4,7,7,0,7,4,4,4,8,
19,8,4,7,7,0,7,4,4,4,7,
18,8,5,8,8,0,7,5,4,4,8,
18,8,5,8,8,0,7,5,4,4,8,
18,8,5,8,8,0,7,5,4,5,8,
19,8,5,8,8,0,9,5,4,5,7,
20,9,5,8,8,0,8,5,4,5,8,
20,8,4,7,7,0,6,4,4,4,7,
19,7,4,7,7,0,6,4,4,4,7,
19,8,4,7,7,0,7,4,4,4,7,
19,8,4,7,7,0,7,4,4,4,8,
19,8,4,7,7,0,7,4,4,4,7,
21,9,4,7,7,0,6,4,4,4,9,
19,8,4,7,8,0,7,4,4,4,8,
19,8,5,7,7,0,8,5,4,4,8,
18,4,1,5,5,0,3,1,2,1,4,
21,7,4,7,7,0,6,4,3,4,7,
19,7,4,7,7,0,6,4,3,4,7,
19,8,5,8,8,0,7,5,4,5,8,
19,8,5,8,8,0,7,5,4,5,8,
19,9,5,7,7,0,8,6,4,4,9,
19,7,4,7,7,0,7,4,4,4,7,
19,7,4,7,7,0,6,4,4,4,7,
19,7,4,7,7,0,6,4,4,4,7,
19,8,4,7,7,0,7,4,4,4,7,
19,8,4,8,7,0,7,4,4,4,8,
18,8,5,7,8,0,7,5,4,4,8,
18,8,5,7,8,0,7,5,4,4,8,
20,8,5,8,8,0,9,4,4,4,8,
19,8,5,8,8,0,7,5,4,5,8,
19,8,4,7,7,0,7,4,4,4,7,
18,7,4,6,7,0,6,3,3,4,6,
19,8,5,7,8,0,7,5,4,5,8,
19,7,4,7,7,0,6,4,4,4,7,
19,8,4,7,7,0,7,4,4,4,8,
19,8,4,7,7,0,7,4,4,4,7,
19,8,4,7,7,0,7,4,4,4,7,
19,8,4,7,7,0,7,4,4,4,7,
22,8,6,10,10,0,7,6,7,6,8,
19,8,4,7,7,0,7,4,4,4,8,
18,8,4,7,8,0,7,5,4,4,8,
19,8,5,8,8,0,7,4,4,4,8,
18,8,5,8,8,0,7,5,4,4,8,
19,9,4,7,7,0,8,5,4,4,8,
18,8,5,8,8,0,7,5,4,4,8,
18,8,5,7,7,0,7,5,4,5,8,
19,8,5,8,8,0,7,5,4,5,8,
19,9,5,8,8,0,8,5,4,5,8,
19,9,5,8,8,0,8,5,5,5,8,
19,8,4,7,7,0,7,4,4,4,8,
19,8,4,7,7,0,7,5,4,4,8,
19,8,4,7,7,0,7,4,4,4,7,
21,8,4,7,7,0,7,4,4,4,7,
22,8,4,7,7,0,7,4,4,4,8,
20,7,4,7,7,0,6,4,3,4,7,
19,8,4,6,8,0,7,5,4,4,8,
18,8,5,8,8,0,7,5,4,4,8,
18,8,5,8,8,0,7,4,4,4,8,
21,11,5,8,8,0,7,5,4,4,11,
18,8,5,8,8,0,7,5,4,4,8,
18,8,5,8,8,0,7,5,4,5,8,
21,8,4,9,9,0,8,4,3,4,8,
19,8,5,8,8,0,7,5,5,5,8,
19,8,4,7,7,0,7,5,3,4,8,
19,7,4,7,7,0,7,4,4,4,7,
19,7,4,7,7,0,7,4,4,4,7,
21,10,4,7,7,0,9,7,4,4,10,
20,7,4,9,9,0,7,4,4,4,7,
19,8,4,7,7,0,7,4,4,4,7,
19,8,5,7,8,0,7,4,4,4,7,
19,8,5,8,8,0,7,5,4,4,8,
20,8,5,9,7,0,7,4,4,4,7,
18,8,5,8,8,0,7,5,4,4,8,
20,8,5,8,8,0,7,5,4,4,8,
18,8,5,8,8,0,7,4,4,4,8,
37,8,5,8,8,0,7,5,4,5,8,
20,8,6,9,9,0,6,5,6,6,8,
21,8,8,8,8,0,7,5,4,8,8,
21,8,5,8,10,0,8,5,5,5,8,
19,7,4,7,7,0,7,4,4,4,7,
19,7,4,7,7,0,6,4,4,4,7,
39,29,4,7,7,0,28,26,3,3,29,
19,7,4,7,7,0,6,4,4,4,7,
19,8,5,7,8,0,7,5,4,4,8,
20,8,4,9,9,0,8,4,4,4,8,
18,7,4,7,7,0,7,4,4,4,7,
18,8,4,7,7,0,7,4,4,4,7,
18,8,5,8,8,0,7,4,4,4,8,
18,8,5,8,8,0,7,5,4,5,8,
20,10,5,8,8,0,7,5,4,4,10,
18,7,4,7,7,0,6,4,3,4,7,
18,7,4,7,7,0,6,4,4,4,7,
19,8,4,7,7,0,7,4,4,4,7,
19,7,4,7,7,0,6,4,4,4,7,
21,7,4,10,7,0,6,4,4,4,7,
19,7,4,7,7,0,6,4,4,4,7,
19,8,4,7,7,0,6,4,4,4,7,
18,8,4,7,7,0,7,4,4,4,7,
18,8,4,7,8,0,7,4,4,4,7,
19,9,7,7,8,0,6,4,4,7,9,
18,8,5,8,8,0,7,4,4,4,8,
18,7,4,7,7,0,6,4,3,4,7,
18,5,1,5,5,0,4,1,2,1,4,
18,7,4,7,7,0,6,4,3,4,7,
18,7,4,7,7,0,6,4,4,4,7,
19,7,4,7,7,0,6,4,4,4,7,
19,8,4,7,7,0,7,4,4,4,7,
24,11,5,8,11,0,7,5,4,5,11,
19,8,4,7,7,0,7,4,4,4,7,
20,7,4,7,7,0,7,4,4,4,7,
18,8,5,8,8,0,7,4,4,4,8,
18,8,5,8,8,0,7,4,4,4,8,
18,8,5,8,8,0,7,4,4,4,8,
18,8,5,8,8,0,7,5,4,5,8,
18,7,4,7,7,0,6,4,3,4,7,
19,7,4,7,7,0,8,4,4,4,7,
19,7,4,7,7,0,6,4,4,4,7,
19,7,4,7,7,0,6,4,4,4,7,
19,7,4,7,7,0,6,4,4,4,7,
19,7,4,7,7,0,6,4,4,4,7,
19,7,4,7,7,0,6,4,4,4,7,
19,7,4,7,7,0,7,4,4,4,7,
20,9,4,7,8,0,6,4,4,4,9,
18,8,5,7,8,0,6,4,4,4,7,
18,8,5,8,8,0,7,5,4,4,8,
18,5,2,6,6,0,4,2,3,2,5,
18,7,4,7,7,0,6,4,3,4,7,
18,7,4,7,7,0,6,4,3,4,7,
19,7,4,7,7,0,6,4,4,4,7,
19,7,4,7,7,0,6,4,4,4,7,
25,10,4,7,7,0,7,4,4,4,7,
19,7,4,7,7,0,6,4,4,4,7,
19,7,4,7,7,0,6,4,4,4,7,
18,7,4,7,7,0,6,4,4,4,7,
19,8,4,8,9,0,8,4,4,4,8,
18,8,4,8,6,0,7,4,4,4,7,
18,8,5,8,8,0,7,4,4,4,8,
18,8,5,8,8,0,7,5,4,5,8,
20,7,4,7,7,0,9,4,3,4,7,
18,7,4,7,7,0,6,4,3,4,7,
18,7,4,7,7,0,6,4,3,4,7,
19,7,4,7,7,0,7,4,4,4,7,
19,8,4,7,7,0,7,4,4,4,7,
19,7,4,7,7,0,6,4,4,4,7,
19,7,4,7,7,0,6,4,4,4,7,
19,8,4,7,7,0,7,4,4,4,7,
18,8,4,7,7,0,7,4,4,4,7,
18,8,4,7,8,0,7,4,4,4,7,
20,8,7,10,10,0,7,4,4,7,8,
18,8,5,7,8,0,7,4,4,4,7,
18,8,4,7,7,0,7,4,4,4,7,
20,8,4,7,7,0,7,4,4,4,7,
19,8,4,7,7,0,7,4,4,4,7,
19,8,4,7,7,0,7,5,3,4,8,
19,7,4,7,7,0,6,4,4,4,7,
19,7,4,7,7,0,6,4,4,4,7,
19,7,4,7,7,0,6,4,4,4,7,
19,8,4,7,7,0,7,4,4,4,7,
20,8,4,9,7,0,6,4,4,4,7,
18,8,5,7,8,0,7,4,4,4,7,
18,8,5,8,8,0,7,4,4,4,8,
18,8,5,8,8,0,7,5,4,5,8,
20,7,4,7,7,0,6,4,4,4,7,
21,7,4,7,7,0,6,4,4,4,7,
18,7,5,6,6,0,6,3,2,4,6,
20,7,4,6,9,0,6,4,3,4,7,
19,7,4,7,7,0,6,4,4,4,7,
19,7,4,7,7,0,6,4,4,4,7,
19,7,4,7,7,0,6,4,4,4,7,
19,7,4,7,7,0,7,4,4,4,7,
18,8,4,7,7,0,7,4,4,4,8,
22,8,4,9,9,0,8,4,4,4,8,
19,8,5,8,8,0,7,5,4,5,8,
19,8,5,8,8,0,7,5,4,4,8,
18,8,5,8,8,0,7,5,4,5,8,
18,8,5,8,8,0,7,5,4,5,8,
21,11,5,8,8,0,10,8,4,5,11,
19,8,5,8,8,0,7,5,4,5,8,
18,8,5,8,8,0,7,5,4,5,8,
19,6,4,7,7,0,7,4,3,4,6,
19,7,4,7,7,0,6,4,4,4,7,
19,8,4,7,7,0,7,4,4,4,8,
18,8,4,8,8,0,7,4,4,4,7,
18,8,5,8,8,0,7,4,4,4,8,
18,8,5,7,8,0,7,5,4,4,8,
18,8,5,8,8,0,7,4,4,4,7,
20,6,3,6,6,0,5,3,3,3,6,
18,7,5,6,6,0,5,4,3,5,7,
20,7,4,7,9,0,6,4,3,4,7,
18,7,4,7,7,0,6,3,3,4,6,
20,7,4,7,7,0,6,4,3,4,7,
19,7,4,7,7,0,6,4,4,4,7,
19,7,4,7,7,0,6,4,4,4,7,
19,7,4,7,7,0,7,4,4,4,7,
22,9,4,9,10,0,9,4,4,4,9,
18,8,4,7,8,0,7,4,4,4,7,
18,8,5,7,8,0,7,4,4,4,7,
20,8,5,8,8,0,6,5,4,5,8,
18,8,5,8,8,0,7,4,4,4,7,
20,10,5,8,8,0,9,5,4,5,10,
18,7,4,7,7,0,6,4,3,4,7,
19,7,6,8,8,0,6,6,5,6,7,
19,7,4,7,7,0,8,4,4,4,6,
18,7,4,7,7,0,6,4,4,4,7,
19,7,4,7,7,0,6,4,4,4,7,
19,8,4,7,7,0,7,4,4,4,7,
18,8,4,7,7,0,7,4,4,4,8,
18,8,4,7,8,0,6,4,4,4,7,
18,8,5,8,8,0,7,4,4,4,7,
20,9,6,9,9,0,8,6,6,6,9,
18,8,6,7,8,0,7,4,4,6,7,
21,8,5,8,11,0,7,4,4,4,8,
18,7,5,8,8,0,6,4,4,5,7,
20,7,4,7,7,0,6,4,3,4,7,
18,7,4,7,7,0,6,4,4,4,7,
18,7,4,7,7,0,6,4,4,4,7,
19,7,4,7,7,0,6,4,4,4,7,
23,9,4,9,10,0,9,4,4,4,9,
18,8,4,7,7,0,7,4,4,4,7,
18,8,4,7,7,0,7,4,4,4,7,
18,8,4,7,8,0,7,5,4,4,8,
18,8,5,8,8,0,7,4,4,4,8,
20,10,5,8,8,0,9,4,4,4,10,
18,8,5,8,8,0,7,5,4,5,8,
18,8,5,8,8,0,7,4,4,4,8,
19,8,5,8,8,0,9,5,4,5,7,
18,7,4,7,7,0,6,4,3,4,7,
18,7,4,7,7,0,6,4,4,4,7,
19,7,4,7,7,0,6,4,4,4,7,
19,7,4,7,7,0,6,4,4,4,7,
18,7,4,7,7,0,6,4,4,4,7,
18,8,4,7,7,0,7,4,4,4,8,
20,9,6,9,9,0,8,6,6,6,9,
18,7,6,7,7,0,6,4,4,6,7,
21,8,4,7,10,0,7,4,4,4,7,
18,6,3,7,7,0,5,3,3,3,5,
21,6,4,7,7,0,6,3,3,4,5,
18,7,4,7,7,0,6,4,3,4,7,
18,7,4,7,7,0,6,4,4,4,7,
18,7,4,7,7,0,6,4,4,4,7,
21,8,4,9,9,0,8,4,4,4,8,
19,7,4,7,7,0,6,4,4,4,7,
18,7,4,7,7,0,6,4,4,4,7,
20,8,5,8,8,0,7,4,4,4,8,
18,8,5,8,8,0,7,4,4,4,8,
20,10,5,7,8,0,9,7,4,4,10,
32,4,19,3,3,17,3,0,0,19,3,
18,7,4,7,7,0,6,4,3,4,7,
18,7,5,8,8,0,7,4,4,4,6,
18,7,4,7,7,0,6,4,3,4,7,
18,7,4,7,7,0,6,4,3,4,7,
19,7,4,7,7,0,6,4,4,4,7,
19,7,4,7,7,0,6,4,4,4,7,
19,7,4,7,7,0,6,4,4,4,7,
19,7,4,7,7,0,6,4,4,4,7,
19,6,3,6,6,0,5,3,2,3,6,
19,7,5,7,7,0,6,4,3,5,7,
20,8,4,7,10,0,7,4,4,4,7,
19,7,5,8,9,0,6,4,5,5,7,
20,8,5,8,8,0,7,4,4,4,8,
18,8,5,7,8,0,7,4,4,4,7,
18,7,4,7,7,0,6,4,3,4,7,
19,8,5,7,8,0,7,4,4,4,8,
21,9,4,10,10,0,9,4,4,4,9,
19,7,4,7,7,0,6,4,4,4,7,
19,7,4,7,7,0,6,4,4,4,7,
19,7,4,7,7,0,6,4,4,4,7,
18,8,4,7,7,0,7,4,4,4,7,
21,11,4,7,7,0,9,7,4,4,10,
18,8,4,7,8,0,7,5,4,4,8,
18,8,5,8,8,0,7,4,4,4,7,
18,7,5,8,8,0,7,4,4,4,7,
18,8,5,8,8,0,7,5,4,5,8,
19,8,5,8,8,0,7,5,4,5,8,
18,7,4,7,7,0,6,4,3,4,7,
18,8,5,8,8,0,7,5,4,5,8,
18,7,4,7,7,0,6,4,4,4,7,
19,7,4,7,7,0,6,4,4,4,7,
20,7,4,7,7,0,6,4,3,4,7,
18,7,5,7,7,0,6,4,3,5,7,
20,7,4,7,9,0,6,4,4,4,7,
18,7,4,8,8,0,6,4,4,4,7,
21,8,5,7,8,0,7,4,4,4,7,
20,10,5,8,8,0,9,6,4,4,9,
18,8,5,8,8,0,7,4,4,4,7,
19,8,5,8,8,0,6,5,4,5,8,
23,10,5,10,10,0,9,5,5,5,9,
20,8,4,8,8,0,8,4,4,4,8,
19,7,4,7,7,0,7,4,4,4,7,
19,8,4,7,7,0,7,4,4,4,7,
19,8,4,7,7,0,6,4,4,4,7,
21,9,4,7,7,0,8,4,4,4,9,
18,8,4,7,7,0,7,4,4,4,7,
18,8,4,7,7,0,7,4,4,4,7,
19,7,4,7,7,0,8,4,4,4,7,
18,8,5,7,8,0,7,5,4,4,8,
18,8,5,8,8,0,7,4,4,4,7,
18,8,5,8,8,0,7,5,4,5,8,
18,8,5,8,8,0,7,5,4,5,8,
19,8,5,8,8,0,7,5,4,5,8,
19,7,4,7,7,0,6,4,4,4,7,
20,9,6,9,9,0,8,6,5,5,9,
19,8,6,7,7,0,6,5,3,6,7,
21,8,4,7,10,0,7,4,4,4,8,
18,5,3,6,6,0,4,2,3,2,5,
38,28,4,7,7,0,7,4,4,4,7,
18,8,4,7,7,0,7,4,4,4,8,
18,8,5,8,8,0,7,5,4,4,8,
18,8,5,8,8,0,7,5,4,4,8,
23,10,5,9,10,0,9,4,4,4,9,
18,8,5,8,8,0,7,5,4,5,8,
19,8,5,8,8,0,7,5,4,5,8,
19,8,5,8,8,0,7,5,4,5,8,
34,7,23,7,7,0,7,4,4,4,7,
21,10,4,7,7,0,7,4,4,4,10,
20,8,4,6,6,0,7,5,3,4,8,
19,8,4,7,7,0,7,5,4,4,8,
19,8,4,7,7,0,9,5,4,4,8,
19,9,4,7,7,0,8,5,4,4,8,
19,8,5,7,8,0,8,5,4,4,8,
19,8,5,8,8,0,7,5,4,5,9,
19,9,5,8,8,0,8,5,4,5,8,
20,9,5,8,8,0,10,5,4,5,8,
19,9,5,8,8,0,8,5,4,5,8,
21,10,7,10,10,0,9,7,6,6,10,
21,8,7,7,7,0,7,5,4,7,8,
19,8,4,7,7,0,7,4,4,4,8,
19,5,1,5,6,0,4,2,2,1,5,
18,8,4,7,7,0,7,4,4,4,7,
18,8,4,7,7,0,7,5,4,4,8,
19,8,4,7,7,0,7,5,3,4,8,
19,9,5,8,8,0,8,5,4,5,8,
23,9,5,9,10,0,9,5,4,5,9,
19,9,5,8,8,0,8,5,4,5,8,
19,8,4,7,7,0,7,4,4,4,8,
19,8,4,7,7,0,7,4,4,4,7,
19,8,4,7,7,0,7,4,4,4,8,
19,8,4,7,7,0,7,5,4,4,8,
19,8,4,7,7,0,7,5,4,4,8,
21,8,4,7,8,0,7,5,4,4,8,
20,8,4,7,7,0,9,5,4,4,8,
19,8,5,8,8,0,8,5,4,5,8,
19,8,5,8,8,0,7,5,4,4,8,
19,9,5,8,8,0,8,5,4,5,8,
19,8,5,8,8,0,7,5,4,5,8,
19,9,5,8,8,0,7,5,4,5,8,
19,9,5,8,8,0,8,5,4,5,9,
21,10,6,8,9,0,9,6,5,6,9,
19,8,4,7,7,0,6,4,4,4,7,
19,8,4,7,7,0,7,4,4,4,7,
20,9,5,9,10,0,8,6,6,5,9,
19,8,4,7,7,0,7,5,4,4,8,
18,8,4,7,8,0,7,5,4,4,8,
19,8,5,7,7,0,8,5,4,4,8,
519,12,5,8,8,0,11,9,4,5,12,
421,17,6,9,9,0,16,14,6,5,17,
319,17,5,9,10,0,17,14,6,5,17,
217,17,5,10,10,0,16,14,6,5,17,
20,8,4,7,7,0,8,5,3,4,8,
21,8,5,9,9,0,7,5,6,5,8,
19,8,4,6,7,0,7,5,3,4,8,
20,8,4,7,7,0,7,5,3,4,8,
22,8,4,7,7,0,7,5,3,4,8,
18,8,4,7,7,0,7,5,4,4,8,
20,9,5,7,8,0,9,6,4,4,9,
19,8,5,8,8,0,7,5,4,4,8,
19,8,5,8,8,0,8,5,4,5,8,
19,8,5,8,8,0,7,5,4,5,8,
19,8,5,8,8,0,8,5,4,5,8,
18,7,4,6,6,0,6,4,3,4,7,
19,8,4,7,7,0,7,4,3,4,7,
19,7,4,7,7,0,6,4,4,4,7,
19,7,4,7,7,0,6,4,4,4,7,
20,7,4,7,7,0,6,4,4,4,7,
22,7,4,7,7,0,6,4,4,4,7,
18,7,6,7,7,0,7,4,4,6,7,
19,8,5,6,9,0,7,4,4,4,7,
19,9,4,7,7,0,8,5,3,4,8,
18,8,5,8,8,0,7,4,4,4,8,
21,10,4,7,7,0,6,4,3,4,10,
18,7,4,7,7,0,6,4,3,4,7,
18,7,4,7,7,0,6,4,3,4,7,
24,9,9,11,11,0,9,4,4,4,9,
19,7,4,7,7,0,6,4,4,4,7,
19,7,4,7,7,0,6,4,4,4,7,
19,7,4,7,7,0,6,4,4,4,7,
19,7,4,7,7,0,7,4,4,4,7,
21,11,4,7,7,0,10,4,4,4,10,
