55
51
56
51
51
52
51
50
53
53
50
50
51
51
51
51
51
52
51
50
50
51
51
51
51
51
51
51
51
50
50
50
63
52
51
51
51
51
51
50
51
50
53
51
53
51
51
51
51
69
72
67
51
51
51
51
63
51
52
51
50
50
52
51
51
51
51
51
52
51
51
51
51
51
54
51
51
52
51
51
52
51
51
51
51
50
50
50
50
53
51
50
51
51
51
51
51
50
50
50
50
50
52
50
51
51
75
77
56
51
54
51
50
50
50
50
50
51
51
51
53
51
51
51
51
50
51
50
50
50
51
51
51
51
51
51
51
50
50
52
50
50
53
51
51
51
51
51
51
50
51
50
50
50
53
50
51
51
51
51
51
51
51
51
50
52
50
50
51
51
51
51
51
53
50
51
51
50
51
50
50
50
51
51
53
51
51
51
51
52
50
50
50
52
51
51
51
51
51
51
51
51
51
51
51
50
50
51
51
53
51
51
51
51
52
51
51
50
50
51
51
51
52
51
51
51
51
51
51
51
51
53
50
50
50
52
51
51
51
51
52
51
51
50
53
50
50
50
51
51
51
51
51
51
51
51
52
50
50
50
50
50
51
51
51
51
53
51
51
51
50
50
50
53
51
51
51
51
51
52
51
51
51
51
50
50
50
50
53
50
51
51
51
51
51
51
51
50
53
50
53
50
50
51
51
51
51
51
51
52
51
50
50
50
51
50
51
51
52
51
51
51
51
51
51
50
50
50
50
52
53
51
51
51
51
54
51
54
50
50
50
50
51
51
51
51
53
51
51
51
51
51
51
50
50
51
50
51
51
53
65
51
51
51
55
51
54
51
51
51
57
50
51
50
50
62
51
54
51
135
51
51
50
50
50
52
50
51
51
53
51
51
51
51
57
50
51
164
51
51
51
51
51
51
51
51
50
50
50
157
51
51
54
51
50
50
52
50
50
51
51
145
51
50
50
50
50
54
51
51
146
51
50
50
50
50
50
51
116
51
51
51
50
52
50
51
51
51
51
51
51
57
50
52
118
51
51
131
51
51
154
153
50
50
50
52
51
51
51
51
51
51
50
50
51
50
50
50
51
51
51
51
51
51
51
50
50
51
51
50
50
51
52
51
51
51
51
52
50
53
50
50
50
50
51
53
51
51
51
51
53
50
50
50
52
50
50
51
51
51
51
51
51
51
50
50
50
50
50
50
50
51
51
51
53
51
51
50
50
50
50
52
51
51
51
51
53
54
51
51
51
50
50
50
50
50
50
51
51
51
51
51
51
50
50
50
50
50
50
51
50
53
51
51
51
51
51
51
51
50
52
50
50
52
50
50
50
50
51
51
51
51
51
51
51
51
50
51
50
50
50
50
50
51
51
50
51
53
51
51
51
51
51
50
53
50
50
50
50
50
53
50
51
51
51
51
51
51
51
54
51
50
50
50
50
50
50
50
52
50
63
51
51
51
51
51
51
50
50
50
50
50
50
50
50
50
53
51
51
51
51
51
51
52
50
50
50
50
50
52
50
50
50
50
51
51
51
51
53
51
51
50
50
50
50
50
50
51
51
51
51
51
51
51
52
51
51
51
50
50
50
50
50
50
51
50
51
51
67
51
51
51
52
51
51
51
50
50
50
51
52
50
50
50
50
52
50
53
51
51
51
51
51
50
50
50
51
50
50
50
50
50
50
50
51
51
51
51
51
51
50
50
50
50
50
50
50
50
51
51
51
51
51
53
51
51
51
50
50
50
50
50
50
50
50
50
53
51
51
51
51
51
51
51
50
51
50
50
50
50
50
50
50
50
50
50
51
51
51
51
51
50
50
50
50
50
51
50
51
50
55
51
53
51
51
51
51
53
50
53
50
50
51
51
50
53
51
51
51
51
