66
62
259
62
62
62
65
62
64
62
64
62
259
64
258
61
62
62
62
64
62
302
62
62
304
62
62
62
63
62
63
259
65
61
61
61
61
64
62
62
259
62
62
62
62
62
62
62
62
62
62
62
62
304
61
61
258
62
61
61
62
62
61
62
64
62
65
62
63
62
260
64
65
63
62
62
62
258
62
62
62
65
62
259
62
62
62
63
63
63
63
63
62
62
63
62
62
62
62
62
62
62
62
62
63
258
75
62
62
62
62
62
63
62
259
61
61
301
62
62
62
62
260
62
62
65
306
62
64
62
62
63
63
62
62
62
61
61
61
62
62
62
62
62
62
304
62
258
62
62
259
62
62
84
62
62
62
62
62
62
61
74
63
62
62
62
62
62
259
62
63
63
63
62
65
63
62
302
61
258
62
62
304
62
68
62
62
63
65
63
62
68
62
260
61
61
61
61
258
62
64
62
62
69
62
66
62
62
62
62
62
259
66
62
304
71
61
80
62
62
62
303
62
62
62
64
302
64
62
63
258
61
61
62
61
61
61
64
62
81
62
62
259
62
62
62
75
62
62
62
62
62
61
61
61
61
61
62
84
61
303
62
62
62
62
62
62
65
62
62
62
62
62
305
61
61
258
61
64
61
62
261
64
62
62
62
62
62
63
62
65
62
62
62
61
61
63
62
302
62
62
62
259
63
258
65
61
64
303
61
63
62
62
63
62
62
62
304
61
61
304
62
62
62
64
62
62
62
62
305
62
64
61
256
61
302
62
303
62
61
302
62
63
62
62
62
62
62
62
62
62
62
62
64
62
64
61
257
62
62
62
62
65
65
259
62
62
62
61
61
62
63
61
61
61
259
62
63
63
68
62
62
62
261
62
61
62
61
62
62
61
62
65
62
62
62
303
62
258
61
306
62
63
62
62
63
62
304
62
257
62
62
62
303
64
65
62
62
62
64
62
62
63
61
62
62
61
302
62
304
62
62
62
76
61
62
61
61
303
63
303
62
64
304
62
303
63
65
303
62
62
62
62
63
83
61
61
61
62
61
259
62
63
306
65
63
62
61
62
61
61
258
62
303
62
62
63
62
303
62
62
302
62
62
304
62
61
303
63
62
62
62
63
61
259
63
63
62
303
62
62
62
62
63
62
62
61
62
62
62
62
62
63
61
64
62
62
62
62
62
62
62
62
62
61
62
83
61
61
61
61
62
62
63
62
62
62
63
63
62
62
62
63
302
62
62
62
63
62
62
62
62
62
62
62
62
65
64
303
61
61
61
63
62
62
62
62
260
62
63
62
62
62
