38
34
34
34
36
34
33
234
36
34
36
34
34
34
37
34
34
34
36
34
34
34
34
34
34
34
33
34
33
36
34
35
36
35
34
36
37
34
50
34
34
34
34
34
34
37
34
34
34
33
36
34
34
34
34
34
34
34
46
34
49
34
34
34
34
34
34
283
34
34
47
34
36
47
34
34
235
34
34
36
34
35
36
36
57
35
36
34
36
34
34
34
35
34
35
34
34
34
36
35
34
34
34
34
35
34
35
34
37
35
34
34
35
36
34
34
34
34
34
37
34
34
34
34
34
34
34
34
35
35
34
35
35
34
36
34
35
34
45
34
36
35
36
34
34
34
34
35
34
34
34
34
36
35
34
34
34
33
35
37
34
34
34
34
34
34
34
34
34
34
34
34
34
35
34
36
34
37
34
34
33
36
33
36
34
34
36
34
34
34
34
34
34
34
34
34
34
34
34
34
34
37
34
33
51
33
33
56
34
34
51
34
34
34
34
34
36
34
34
34
34
34
34
35
34
33
33
33
34
43
34
34
34
34
34
34
34
33
34
34
34
34
37
34
34
33
33
33
47
33
34
34
51
34
34
34
34
34
36
37
34
34
34
56
51
39
33
33
35
35
48
34
34
34
34
34
34
35
34
34
34
34
34
37
34
280
34
34
36
34
38
34
34
34
35
34
34
34
34
34
34
58
45
36
35
34
34
34
34
34
34
34
34
34
34
37
34
36
34
34
34
34
35
36
34
34
35
35
35
34
34
36
34
34
34
34
34
36
34
34
34
34
37
34
35
35
36
34
37
34
35
34
34
34
34
34
34
34
34
34
34
34
34
36
35
35
34
34
34
34
34
34
34
34
34
34
33
33
33
33
33
33
37
34
36
34
34
34
34
34
34
34
34
34
36
34
34
36
36
33
36
35
34
33
34
34
34
34
34
34
34
34
35
280
35
34
33
33
33
36
34
33
34
34
34
34
34
34
34
34
34
35
34
34
34
34
34
37
33
35
33
33
33
33
34
34
34
34
34
35
35
34
34
34
34
34
37
33
36
33
33
34
34
34
34
34
35
34
37
35
36
36
35
36
35
34
34
34
34
34
34
34
34
34
34
34
35
34
37
34
35
34
34
34
34
33
34
34
35
34
34
34
34
34
34
37
34
37
34
34
36
34
34
56
33
35
34
36
34
34
36
34
34
34
34
34
35
35
34
36
35
35
34
34
34
36
34
35
34
34
34
35
34
34
34
34
35
36
35
35
35
34
35
34
37
36
38
34
34
34
34
34
35
35
280
34
36
279
34
34
34
35
35
37
40
36
34
34
33
33
33
236
34
34
34
34
35
34
34
34
34
34
34
33
33
33
33
34
34
34
34
34
34
34
34
34
35
36
34
236
34
33
34
34
34
34
34
34
34
34
34
34
34
34
34
34
34
33
35
279
34
34
35
34
35
236
34
34
35
34
36
34
35
37
34
35
35
35
34
34
35
37
35
34
34
34
235
34
36
35
34
35
35
38
35
35
240
34
34
34
235
35
35
35
34
35
35
34
34
34
34
35
34
34
34
236
34
34
34
235
34
34
34
33
37
35
36
34
34
34
34
34
34
48
59
34
35
36
34
34
35
33
33
33
33
34
34
35
34
35
35
38
36
35
35
35
36
34
55
34
35
35
35
34
36
34
34
36
34
34
37
34
34
34
34
34
34
35
35
36
34
35
35
35
35
35
34
34
35
34
34
34
34
34
37
35
35
35
35
34
35
35
38
35
35
35
35
38
34
234
34
34
34
34
281
40
35
34
34
34
33
33
35
34
33
34
34
34
35
34
49
58
34
34
34
56
34
34
34
34
34
34
55
33
55
33
33
34
33
34
34
35
34
34
34
34
34
34
34
34
34
34
34
34
33
33
33
36
57
34
34
34
34
34
34
35
34
34
34
34
34
34
34
34
34
34
33
33
34
33
33
34
33
36
34
34
36
34
34
53
34
34
37
34
34
34
34
56
33
34
33
33
33
33
33
34
34
34
34
34
34
34
37
36
34
34
34
34
35
39
35
55
35
34
34
35
35
34
35
35
34
35
35
37
38
35
35
35
36
35
35
35
36
37
35
36
34
35
35
38
34
34
34
34
35
34
34
34
34
34
34
34
37
34
36
35
35
34
37
34
38
34
34
35
36
35
34
34
34
34
35
34
34
34
35
35
35
36
35
37
34
34
34
34
34
34
34
34
35
35
34
35
34
34
34
34
37
35
37
34
34
34
34
34
34
34
37
35
34
34
34
34
34
34
34
34
34
34
34
34
34
34
34
36
34
36
33
34
38
33
33
34
34
34
34
34
34
34
33
34
34
34
34
34
34
34
34
34
33
34
33
33
34
33
33
34
35
34
34
34
34
34
34
34
34
34
34
34
34
35
33
33
36
33
33
33
33
34
34
34
34
34
34
34
34
34
34
34
34
34
34
35
34
35
33
33
33
33
33
34
34
34
34
34
34
36
34
35
34
34
34
34
34
34
33
33
33
33
33
34
33
33
34
34
34
34
41
35
34
34
34
34
34
35
36
35
34
35
33
33
34
33
34
34
34
36
34
34
34
34
34
34
36
37
36
34
35
34
34
33
33
35
34
34
35
34
