80
75
72
73
72
94
72
73
94
72
73
76
74
79
73
75
74
73
72
276
74
278
80
98
75
79
77
76
74
76
73
72
304
174
76
79
74
73
72
72
75
98
74
73
72
73
75
92
72
72
74
277
167
275
75
75
84
75
89
74
72
73
73
319
169
85
73
73
86
73
75
75
73
75
277
102
73
73
73
73
74
75
74
281
74
74
72
98
77
73
73
74
73
72
73
73
72
73
72
73
74
74
75
276
73
75
73
72
72
75
320
75
72
73
72
85
71
72
72
73
279
72
72
72
72
72
73
73
73
74
76
73
72
73
73
74
72
72
73
73
75
74
72
72
72
72
72
73
73
72
94
74
319
319
73
76
73
75
76
73
75
71
72
72
72
279
76
74
74
275
324
72
72
73
71
74
72
73
72
73
72
72
97
72
73
94
73
72
72
73
74
75
74
77
76
77
75
75
77
74
76
74
75
72
72
72
73
278
73
75
73
73
72
74
74
72
73
71
72
274
72
74
72
74
72
72
74
72
73
73
72
73
75
72
72
72
73
71
73
324
75
75
73
75
72
95
72
74
74
73
73
76
72
72
74
73
75
74
73
74
73
74
73
72
72
75
72
73
74
278
73
98
72
72
72
72
73
74
71
72
73
73
71
72
72
72
72
72
72
96
98
278
73
276
104
72
74
74
276
72
72
75
72
72
72
72
72
96
72
73
72
71
72
72
74
73
72
72
281
72
74
72
72
72
72
72
72
72
73
73
72
72
74
75
72
72
71
72
74
71
71
72
72
72
75
72
72
73
72
72
72
93
72
71
74
93
72
72
72
77
71
72
72
73
73
73
72
73
72
83
71
72
71
71
72
72
73
72
72
73
75
72
72
73
72
76
74
72
71
72
75
72
74
74
74
76
75
73
72
72
73
73
73
72
90
71
71
72
72
72
72
98
107
73
73
278
147
73
76
77
73
76
74
74
74
75
73
73
278
76
79
74
72
72
71
71
71
72
73
71
75
72
73
72
73
74
72
73
278
77
72
73
73
73
279
280
192
72
73
73
72
71
72
73
73
71
72
72
72
74
72
72
75
72
72
72
73
275
116
72
72
72
72
281
73
76
72
73
72
72
72
74
71
72
72
73
72
72
74
324
72
74
72
72
71
71
72
72
73
74
74
74
71
72
73
72
73
72
72
72
74
281
72
187
73
74
76
73
75
73
73
75
117
75
76
74
76
74
78
75
278
77
75
73
73
73
72
73
72
73
72
278
73
76
75
72
74
73
74
73
73
74
74
74
76
282
72
73
75
73
75
72
72
73
77
73
95
73
73
71
72
75
78
73
74
74
73
76
73
73
98
74
73
71
72
72
73
73
74
73
72
281
76
77
72
73
72
72
73
75
72
72
72
72
72
71
72
72
72
72
72
103
93
