83,2,2,2,0,72,3,2,3,2,72,
18,3,1,1,0,1,2,4,14,1,2,
5,1,1,1,0,1,1,1,1,1,1,
5,1,1,1,0,1,1,1,1,1,1,
5,1,1,0,0,1,1,1,1,1,1,
5,1,0,0,0,1,1,1,1,0,1,
6,2,1,1,0,2,2,1,1,1,2,
6,1,1,1,0,2,2,1,1,1,2,
6,0,0,0,0,1,1,0,1,0,1,
5,1,1,1,0,2,1,1,1,1,2,
8,0,0,0,0,3,0,0,0,0,1,
7,1,1,1,0,2,2,1,1,1,2,
6,0,0,0,0,1,1,1,1,1,1,
4,0,0,0,0,1,1,1,1,1,1,
5,0,0,0,0,1,1,1,1,1,1,
8,0,0,0,0,1,1,0,0,0,1,
6,1,1,1,0,1,1,1,1,1,1,
24,0,0,0,0,1,20,0,0,0,1,
5,1,1,1,0,1,1,1,1,1,1,
5,1,1,1,0,2,1,1,1,1,2,
5,1,1,1,0,2,2,1,1,1,2,
5,1,1,1,0,1,1,1,1,1,2,
5,0,0,0,0,1,1,0,1,0,1,
4,0,0,0,0,1,1,0,1,0,1,
4,0,0,0,0,1,1,1,1,0,1,
5,1,1,1,0,1,1,1,1,1,1,
5,1,1,1,0,1,1,1,1,1,1,
6,0,0,0,0,0,0,0,0,0,0,
5,1,1,1,0,1,2,1,2,1,1,
23,1,1,0,0,1,1,20,1,1,1,
5,0,1,0,0,1,1,1,1,1,1,
5,1,1,1,0,1,2,1,1,1,1,
6,0,0,0,0,1,1,1,0,1,1,
6,1,1,0,0,1,2,0,0,1,1,
4,0,0,0,0,1,1,1,1,0,1,
5,1,1,1,0,1,1,1,1,1,1,
7,1,1,1,0,4,2,1,1,1,4,
6,1,1,1,0,2,2,1,1,1,1,
6,1,2,1,0,2,2,2,1,2,2,
5,1,1,1,0,1,1,1,1,1,1,
8,3,3,3,0,3,3,3,4,3,3,
5,0,0,0,0,1,1,0,0,0,1,
15,0,11,0,0,1,1,1,1,0,1,
4,0,0,0,0,1,1,1,0,1,1,
5,1,0,0,0,1,1,1,1,1,1,
5,1,1,0,0,1,1,1,1,1,1,
5,1,1,1,0,2,1,1,1,1,2,
15,0,0,11,0,0,0,11,11,0,1,
5,1,1,1,0,2,1,1,1,1,2,
5,1,1,1,0,1,1,1,1,1,2,
5,1,1,1,0,2,1,1,1,1,2,
5,0,0,0,0,1,1,0,0,0,1,
7,0,1,2,0,1,4,1,1,1,1,
5,1,1,1,0,1,2,1,1,1,2,
5,0,1,0,0,1,1,1,1,1,1,
8,3,3,0,2,3,3,0,0,3,3,
5,1,1,1,0,1,1,1,1,1,1,
5,1,1,1,0,2,1,1,1,1,2,
5,1,1,1,0,2,1,1,1,1,2,
5,0,0,0,0,1,1,1,0,0,1,
5,1,1,1,0,2,2,1,1,1,2,
6,1,1,2,0,2,2,2,2,1,2,
16,0,1,0,0,1,1,1,0,1,1,
4,1,1,1,0,1,1,1,1,1,1,
4,0,0,0,0,1,1,1,0,0,1,
4,0,1,0,0,1,1,1,1,0,1,
5,0,1,0,0,1,1,1,1,1,1,
5,1,1,1,0,1,1,1,1,1,1,
4,1,1,1,0,1,1,1,1,1,1,
5,1,1,1,0,1,1,1,1,1,1,
5,1,1,1,0,2,2,1,1,1,2,
4,1,1,1,0,1,2,1,1,1,2,
5,2,2,2,0,2,2,2,2,2,2,
4,0,1,0,0,1,1,1,1,1,1,
5,0,0,0,0,1,1,1,1,1,1,
5,1,1,1,0,2,1,1,1,1,1,
4,1,1,1,0,1,1,1,1,1,1,
5,1,1,1,0,1,2,1,1,1,1,
5,1,1,1,0,1,1,1,1,1,2,
7,1,1,1,0,2,1,1,1,1,2,
5,1,1,1,0,1,1,1,1,1,2,
4,1,1,1,0,2,1,1,1,1,2,
5,1,1,0,0,2,2,1,2,1,2,
4,0,1,0,0,1,1,1,1,1,1,
4,0,1,0,0,1,1,1,1,1,1,
5,1,1,1,0,1,1,1,1,1,1,
4,1,1,1,0,1,1,1,1,1,1,
5,0,1,1,0,1,1,1,1,1,1,
4,1,1,1,0,1,1,1,1,1,1,
5,1,1,1,0,1,1,1,1,1,1,
7,4,4,4,0,4,4,4,4,4,4,
4,1,1,1,0,1,1,1,1,2,1,
4,0,0,0,0,1,1,1,1,1,1,
4,0,1,0,0,1,1,1,0,0,1,
4,0,1,0,0,1,1,1,1,1,1,
5,1,1,1,0,1,1,1,1,1,2,
5,1,1,1,0,1,1,1,1,1,1,
16,2,1,1,0,2,2,1,12,1,2,
4,0,1,1,0,1,1,1,1,1,1,
5,1,1,1,0,1,1,1,1,1,1,
4,1,1,1,0,2,2,1,2,1,2,
4,0,0,0,0,1,1,0,1,0,1,
7,0,0,0,0,0,1,1,0,0,1,
4,0,0,0,0,1,1,0,1,0,1,
5,0,1,0,0,1,1,1,1,1,1,
8,0,0,0,0,1,1,0,1,0,1,
4,0,1,0,0,1,1,1,1,1,1,
4,1,1,0,0,1,1,1,1,1,1,
5,1,1,1,0,1,1,1,1,1,1,
4,1,1,1,0,1,1,1,1,1,1,
5,0,1,0,0,1,1,0,1,1,1,
20,0,0,1,0,1,16,1,1,1,1,
4,0,0,0,0,1,1,0,0,1,1,
4,0,0,0,0,1,1,0,1,0,1,
7,0,0,0,0,1,1,3,0,0,1,
5,0,1,0,0,1,1,1,1,1,1,
5,1,1,1,0,1,1,1,1,1,1,
5,0,0,0,0,0,0,0,0,0,1,
5,1,1,1,0,1,1,1,1,1,1,
25,1,1,1,0,1,1,22,1,1,1,
5,0,0,0,0,1,1,1,1,0,1,
5,1,1,1,0,1,1,2,1,1,1,
4,0,0,0,0,1,1,0,1,1,1,
23,0,1,0,0,1,1,1,1,1,1,
4,0,0,0,0,0,1,0,1,0,1,
4,0,0,0,0,1,1,0,1,1,1,
4,0,0,0,0,1,1,0,1,1,1,
5,1,1,1,0,1,1,1,1,1,1,
4,1,1,0,0,1,1,1,1,1,1,
5,1,1,1,0,1,1,1,1,1,1,
5,1,1,1,0,1,1,1,1,1,1,
5,1,1,1,0,1,1,1,1,1,1,
5,1,1,1,0,2,1,1,1,1,2,
6,1,1,1,0,1,1,1,1,1,1,
4,1,1,1,0,1,1,1,1,1,1,
4,0,0,0,0,1,1,0,0,0,1,
4,0,0,0,0,1,1,0,0,0,1,
4,0,0,0,0,1,1,0,1,0,1,
4,0,0,0,0,1,1,0,1,0,1,
4,0,1,0,0,1,1,0,1,1,1,
4,0,1,1,0,1,1,1,1,1,1,
4,0,0,0,0,1,1,0,1,1,1,
4,0,1,0,0,1,1,1,1,1,1,
5,1,1,1,0,1,1,1,1,1,2,
4,0,1,1,0,1,1,1,1,1,1,
5,1,1,1,0,1,1,1,1,1,1,
5,1,1,1,0,1,1,1,1,1,1,
4,1,1,1,0,1,1,1,1,1,2,
4,1,1,1,0,1,1,1,1,1,1,
4,0,0,0,0,0,0,0,1,0,1,
4,0,0,0,0,0,0,0,1,0,1,
4,0,1,0,0,1,1,0,0,1,1,
6,0,0,0,0,1,3,1,1,1,1,
4,0,0,0,0,1,1,1,1,1,1,
4,0,1,0,0,1,1,1,1,1,1,
8,0,0,0,0,1,1,1,1,0,1,
4,1,1,1,0,1,1,1,1,1,1,
16,1,1,1,0,1,1,1,1,1,1,
5,1,1,1,0,1,1,1,1,1,1,
5,0,0,0,0,1,1,0,0,0,1,
4,0,0,0,0,0,0,0,0,0,0,
4,1,1,1,0,1,1,1,1,1,1,
4,0,0,0,0,1,1,0,0,1,1,
4,0,0,0,0,1,1,0,0,1,0,
5,0,1,0,0,1,1,0,0,1,2,
5,1,1,1,0,1,1,1,1,1,1,
4,1,1,1,0,1,1,1,1,1,1,
4,1,1,1,0,1,1,1,1,1,1,
5,1,1,1,0,1,1,1,1,1,1,
6,0,0,0,0,0,0,0,0,0,0,
5,0,0,0,0,0,1,0,0,0,1,
17,12,0,0,0,12,13,0,0,1,13,
4,0,0,0,0,0,0,0,0,0,0,
4,0,0,0,0,0,1,0,0,0,0,
4,0,0,0,0,1,1,0,0,1,1,
5,0,0,0,0,1,1,0,0,0,1,
7,2,1,0,0,3,3,0,0,1,3,
4,0,1,0,0,1,1,1,1,1,1,
5,0,0,0,0,0,0,0,0,0,1,
5,0,0,0,0,0,1,0,0,0,1,
5,0,0,0,0,0,0,0,0,0,1,
8,1,1,1,0,1,1,1,1,1,3,
5,0,0,0,0,1,1,1,0,0,1,
5,0,1,0,0,1,1,1,0,1,1,
4,0,0,0,0,1,1,0,0,1,1,
4,0,0,0,0,1,1,0,0,1,1,
4,0,1,0,0,1,1,0,0,1,1,
5,1,1,0,1,2,1,1,1,2,2,
5,0,0,0,0,1,0,0,0,1,1,
16,0,0,0,0,12,1,0,0,0,12,
4,0,1,0,0,1,1,1,0,1,1,
6,0,0,0,0,1,1,0,0,1,1,
5,0,0,0,0,1,0,0,0,0,1,
5,0,0,0,0,0,0,0,0,0,1,
5,0,0,0,0,1,1,0,0,0,1,
4,0,0,0,0,1,1,0,0,0,1,
7,0,0,0,0,1,1,0,4,0,1,
7,3,1,0,0,4,4,0,0,1,4,
4,0,1,0,0,1,1,0,0,1,1,
4,0,1,0,0,1,1,0,0,1,1,
6,1,2,0,0,1,1,3,1,1,2,
5,0,0,0,0,0,0,0,0,0,1,
5,0,0,0,0,0,1,0,0,0,1,
5,0,1,0,0,1,1,0,0,1,1,
24,0,0,0,0,1,20,0,0,1,1,
12,4,4,0,3,4,4,0,0,4,4,
4,0,1,0,0,1,1,1,0,1,1,
4,0,0,0,0,1,1,0,0,1,1,
6,1,1,0,0,1,1,1,0,1,1,
5,0,1,0,0,1,0,0,0,0,1,
4,0,1,0,0,1,1,1,1,1,1,
4,1,1,1,0,1,1,1,1,1,1,
4,1,1,1,0,1,1,1,1,1,1,
5,0,0,0,0,0,0,0,0,0,0,
28,0,1,0,0,2,1,1,0,1,2,
4,0,0,0,0,1,1,0,0,0,1,
6,1,1,0,0,1,2,0,0,0,1,
5,0,1,0,0,2,1,1,1,1,1,
4,0,0,0,0,1,1,0,0,0,1,
5,0,0,0,0,1,1,0,0,0,1,
5,1,0,0,0,1,1,1,1,1,1,
5,1,1,1,0,2,1,1,1,1,2,
5,1,1,1,0,1,2,1,1,1,1,
5,1,2,1,0,1,1,1,1,2,1,
4,1,1,1,0,1,1,1,1,1,1,
4,0,0,0,0,1,1,0,0,0,1,
4,0,1,0,0,1,1,1,1,1,1,
5,1,1,1,0,1,1,1,1,1,1,
8,0,1,0,0,4,1,0,0,1,3,
7,1,1,1,0,1,1,1,1,1,1,
5,1,1,1,0,1,1,1,1,1,1,
5,1,1,1,0,1,1,1,1,1,1,
5,1,1,1,0,1,1,1,1,2,2,
5,0,0,0,0,1,1,1,0,0,1,
5,1,1,1,0,1,1,1,1,1,2,
16,0,12,0,0,1,1,0,0,13,1,
4,1,1,1,0,2,2,1,1,1,2,
5,1,1,1,0,1,1,1,1,1,1,
6,1,2,1,0,1,1,1,1,2,1,
5,0,0,0,0,1,1,1,0,1,1,
6,0,0,0,0,0,0,0,0,0,0,
5,1,1,1,0,1,1,1,1,1,1,
5,1,1,1,0,1,1,1,1,1,1,
5,1,1,1,0,2,1,1,1,1,1,
4,0,0,0,0,1,1,0,0,0,1,
4,0,0,0,0,1,1,0,1,0,1,
4,0,1,0,0,1,1,1,0,1,1,
4,0,1,0,0,1,1,0,0,0,1,
6,1,1,1,0,1,2,1,1,1,1,
5,0,1,0,0,1,1,1,1,1,1,
4,0,0,0,0,1,1,1,1,1,1,
5,1,1,1,0,2,2,1,1,1,2,
8,0,0,0,0,1,4,0,0,0,1,
6,2,1,1,0,3,2,1,1,1,3,
5,0,1,0,0,1,1,1,0,1,1,
8,0,1,0,0,1,1,1,1,1,1,
4,0,0,0,0,0,1,0,0,0,1,
4,0,0,0,0,1,1,0,0,1,1,
4,0,1,0,0,1,1,0,0,0,1,
4,0,1,0,0,1,1,1,0,0,1,
4,0,1,0,0,1,1,1,1,1,1,
4,1,1,1,0,1,1,1,1,1,1,
4,0,1,0,0,1,1,1,0,1,1,
4,1,1,1,0,1,1,1,1,1,1,
6,1,1,1,0,1,1,3,1,1,1,
5,0,0,0,0,0,0,0,0,0,0,
5,0,0,0,0,1,1,0,0,0,1,
5,1,1,1,0,1,1,1,1,1,1,
4,1,1,1,0,1,1,1,1,1,1,
15,12,1,1,0,13,12,1,1,1,13,
4,0,0,0,0,1,1,0,0,0,1,
4,0,0,0,0,1,1,0,0,0,1,
6,0,0,2,0,1,1,2,2,0,1,
4,0,0,0,0,1,1,0,0,1,1,
4,1,0,0,0,1,1,1,1,1,1,
5,1,1,1,0,1,1,1,1,1,1,
5,1,1,1,0,1,1,1,1,1,1,
4,1,1,1,0,1,1,1,1,1,1,
5,1,1,1,0,1,1,1,1,1,1,
4,1,1,1,0,1,1,1,1,1,1,
4,0,0,0,0,0,1,0,0,0,1,
6,0,1,0,0,1,3,0,0,1,1,
4,0,1,0,0,1,1,0,0,1,1,
4,0,0,0,0,1,1,1,0,1,1,
18,1,12,0,0,1,1,1,1,12,1,
5,0,2,0,0,1,1,0,2,1,1,
4,1,1,1,0,1,1,1,1,1,1,
4,1,1,1,0,1,1,1,1,1,1,
5,1,1,1,0,1,1,1,1,1,2,
5,1,1,1,0,1,1,1,1,1,1,
6,0,0,2,0,0,1,2,2,0,1,
4,0,0,0,0,1,1,0,0,1,1,
4,0,0,0,0,1,1,0,0,0,1,
4,0,0,0,0,1,1,0,0,0,1,
4,0,0,0,0,1,1,1,1,1,1,
5,1,1,0,0,1,1,1,1,1,1,
24,1,1,1,0,1,20,1,1,1,2,
4,1,1,0,0,1,1,0,0,1,1,
16,0,0,0,0,1,1,0,0,0,1,
5,0,0,0,0,0,1,0,0,0,0,
5,1,1,0,0,1,1,1,1,1,1,
5,0,0,0,0,0,0,0,0,0,0,
5,0,0,0,0,0,1,0,0,0,1,
5,1,1,1,0,1,2,1,1,1,2,
4,0,0,0,0,0,0,0,0,0,1,
24,0,0,0,0,1,1,1,0,1,1,
5,1,1,0,0,1,1,1,1,1,2,
4,0,0,0,0,1,1,0,0,1,1,
4,0,0,0,0,1,1,0,0,1,1,
4,0,0,0,0,1,1,1,1,1,1,
6,1,1,1,0,1,3,1,1,1,1,
4,0,1,0,0,1,1,1,1,1,1,
5,1,1,1,0,1,1,1,1,1,1,
9,0,0,0,0,1,1,0,0,1,1,
4,1,1,1,0,2,2,1,1,1,2,
4,1,1,1,0,1,2,1,1,1,1,
4,0,0,0,0,0,1,0,0,0,0,
4,0,0,0,0,1,1,0,0,0,1,
5,0,0,0,0,1,1,1,0,0,1,
16,12,1,3,0,12,12,3,3,1,12,
5,1,1,1,0,1,1,1,1,1,1,
5,0,1,0,0,1,1,0,1,1,1,
4,1,1,1,0,1,1,1,1,1,1,
4,1,1,1,0,1,1,1,1,1,1,
5,0,0,0,0,0,0,0,0,0,0,
4,1,1,1,0,2,2,1,1,1,2,
6,1,1,1,0,1,1,1,1,1,1,
6,0,0,0,0,0,0,0,1,0,0,
4,1,1,1,0,1,2,1,1,1,2,
4,0,1,0,0,1,1,1,1,1,1,
5,1,1,0,0,1,1,1,1,1,1,
5,0,1,0,0,1,1,1,1,1,1,
6,3,3,3,0,3,3,3,3,3,3,
7,0,3,0,0,1,1,1,1,3,1,
7,4,1,1,0,1,1,1,1,1,1,
5,1,1,1,0,1,1,1,1,1,1,
4,1,1,1,0,1,2,1,1,1,2,
4,1,1,1,0,1,1,1,1,1,1,
4,1,1,1,0,1,1,1,1,1,2,
4,1,1,1,0,1,1,1,1,1,1,
92,0,0,0,0,1,1,1,0,0,1,
4,0,0,0,0,1,1,1,1,1,1,
8,1,1,1,0,1,1,1,1,1,1,
4,0,0,0,0,1,1,0,1,0,1,
4,0,0,0,0,1,1,1,1,1,1,
4,1,1,1,0,1,1,1,1,1,1,
6,0,0,0,0,1,1,0,1,1,1,
5,1,1,1,0,1,1,1,1,1,1,
5,0,0,0,0,1,1,0,0,1,1,
4,1,1,1,0,2,1,1,1,1,2,
5,0,1,0,0,1,1,1,1,1,1,
8,0,0,0,0,1,1,5,1,2,1,
5,0,0,0,0,1,1,1,0,0,1,
5,0,1,0,0,1,1,1,1,1,1,
5,1,1,0,0,1,1,1,1,1,1,
4,0,0,0,0,1,1,0,0,0,1,
4,0,1,1,0,1,1,1,1,1,1,
5,1,1,0,0,1,1,1,1,1,1,
4,1,1,1,0,1,1,1,1,1,1,
5,0,0,0,0,1,1,0,0,1,1,
5,1,1,1,0,1,2,1,1,1,2,
6,0,2,0,0,1,1,0,0,2,1,
4,1,1,1,0,1,2,1,1,1,2,
7,3,0,0,0,4,4,1,0,0,4,
4,0,0,0,0,1,1,1,1,0,1,
5,0,0,0,0,1,1,0,0,1,1,
7,0,0,0,0,1,1,0,0,0,1,
4,0,0,0,0,1,1,0,0,0,1,
6,0,0,0,0,1,2,0,0,1,1,
5,1,1,0,0,1,1,1,1,1,1,
5,1,1,1,0,2,1,1,1,1,2,
8,0,0,0,0,1,1,0,0,0,1,
5,1,1,1,0,1,1,1,1,1,1,
5,1,1,1,0,1,1,1,1,1,2,
5,0,0,0,0,1,1,0,0,0,1,
4,0,0,0,0,1,1,0,0,0,1,
4,1,1,1,0,2,2,1,1,1,2,
5,0,0,1,0,1,1,1,1,1,1,
4,0,0,0,0,1,1,0,0,1,1,
16,0,0,0,0,12,1,0,0,0,12,
7,0,0,0,0,1,1,0,0,1,1,
4,0,0,0,0,1,1,1,1,0,1,
4,0,1,0,0,1,1,1,1,1,1,
5,0,1,0,0,1,1,1,1,1,1,
5,1,1,1,0,1,1,1,1,1,1,
5,1,1,1,0,1,1,1,1,1,1,
5,1,1,1,0,1,1,1,1,1,1,
4,1,1,1,0,1,1,1,1,1,1,
4,1,1,1,0,2,1,1,1,1,2,
113,1,1,1,0,2,111,108,1,1,2,
5,1,1,1,0,2,1,2,1,1,2,
4,0,0,0,0,1,1,1,1,1,1,
5,0,1,0,0,1,1,1,1,1,1,
7,1,0,0,1,3,0,0,0,0,3,
114,0,0,0,0,1,1,1,0,1,1,
5,0,1,0,0,1,2,1,1,1,1,
5,1,1,1,0,1,1,1,1,1,1,
5,1,1,1,0,1,1,1,1,1,1,
8,0,1,0,0,1,1,1,1,1,1,
6,0,0,0,0,2,2,0,0,0,2,
4,0,0,0,0,1,1,1,0,0,1,
4,0,0,0,0,1,1,0,0,0,1,
91,0,0,0,0,1,1,2,1,1,1,
3,1,1,1,0,1,1,1,1,1,1,
4,0,0,0,0,1,1,0,0,1,1,
4,0,0,0,0,1,1,1,1,1,1,
5,0,1,0,0,1,1,1,1,1,1,
6,1,1,1,0,1,1,3,1,1,1,
5,1,1,0,0,1,1,1,1,1,1,
5,1,1,1,0,1,1,1,1,1,1,
5,1,1,1,0,1,1,1,1,1,1,
5,1,1,1,0,1,1,1,1,1,1,
4,0,0,0,0,1,1,0,0,0,1,
4,0,0,0,0,0,0,0,0,0,1,
4,0,0,0,0,1,1,0,0,1,1,
4,0,0,0,0,1,0,0,0,0,1,
4,0,0,0,0,1,1,0,0,0,1,
4,0,1,0,0,1,1,1,1,1,1,
5,1,1,1,0,1,1,1,1,1,1,
5,1,1,0,0,1,1,1,1,1,1,
5,1,1,1,0,1,1,1,1,1,2,
5,0,0,0,0,0,0,0,0,0,1,
7,1,1,1,0,1,1,1,1,1,1,
5,1,1,1,0,2,2,1,1,1,2,
5,0,0,0,0,1,1,0,0,0,1,
13,0,0,0,0,9,1,0,0,0,10,
4,0,0,0,0,0,1,0,0,0,1,
5,0,0,0,0,1,1,0,0,1,1,
17,0,14,0,0,1,1,1,0,14,1,
4,0,1,0,0,1,1,0,0,1,1,
4,1,1,1,0,1,1,1,1,1,1,
4,1,1,1,0,1,1,1,1,1,1,
5,1,1,1,0,1,1,1,1,1,1,
6,0,0,1,0,1,0,1,1,0,1,
5,1,1,1,0,1,1,1,1,1,2,
6,0,1,0,0,1,1,1,1,1,1,
6,1,1,1,0,1,1,1,1,1,1,
5,0,0,0,0,0,0,0,0,1,1,
4,0,1,0,0,1,1,0,0,1,1,
4,0,1,0,0,1,1,1,0,1,1,
4,1,1,1,0,2,1,1,1,1,2,
4,0,1,0,0,1,1,1,0,1,1,
5,0,1,0,0,1,1,1,1,1,1,
4,0,1,0,0,1,1,1,1,1,1,
4,0,1,0,0,1,1,1,1,1,1,
5,1,1,1,0,1,1,1,1,1,1,
5,1,1,1,0,1,1,1,1,1,2,
5,1,1,1,0,1,1,1,1,1,2,
5,1,1,1,0,2,2,1,1,2,2,
5,1,1,1,0,1,1,1,1,1,2,
5,1,1,1,0,2,1,1,1,2,2,
6,1,1,1,0,1,1,1,1,2,2,
4,0,0,0,0,1,0,0,0,1,1,
8,2,1,0,0,2,2,1,1,1,2,
6,1,1,0,0,1,1,1,1,1,1,
4,1,1,0,0,1,1,1,1,1,1,
5,0,1,0,0,1,1,1,1,1,1,
5,0,1,0,0,1,1,1,1,1,2,
5,0,0,0,0,1,0,0,0,0,1,
4,0,1,0,0,1,1,1,1,1,1,
5,1,1,0,0,1,1,1,1,2,1,
5,1,1,1,0,2,1,1,1,2,2,
7,0,0,0,0,0,0,0,1,0,0,
5,1,1,1,0,2,1,1,1,2,2,
4,0,1,0,0,1,1,0,0,1,1,
4,0,1,0,0,1,1,1,1,1,1,
7,1,1,0,0,1,1,1,1,1,1,
4,0,1,0,0,1,1,0,0,1,1,
5,1,1,0,0,1,1,1,1,1,1,
5,1,1,0,0,1,1,1,1,2,1,
5,1,1,1,0,1,1,1,1,1,1,
5,1,1,0,0,1,1,1,1,2,1,
5,1,1,1,0,2,1,1,1,2,2,
5,1,1,1,0,1,1,1,1,2,1,
5,1,1,1,0,1,1,1,1,2,2,
5,1,1,1,0,2,1,1,1,2,2,
9,0,5,0,0,1,1,0,0,5,1,
16,1,2,1,0,1,2,13,1,2,1,
5,0,2,0,0,1,1,1,1,2,1,
6,0,1,0,0,3,1,0,0,1,3,
6,0,3,0,0,1,1,0,0,3,1,
17,1,1,1,0,1,14,1,1,1,1,
4,0,0,0,0,1,1,0,0,0,1,
4,1,1,0,0,1,1,1,1,1,1,
4,0,1,0,0,1,1,1,0,1,1,
5,1,1,1,0,2,2,1,1,1,2,
5,1,1,1,0,1,1,1,1,1,1,
16,1,1,0,0,1,1,1,1,1,2,
5,0,0,0,0,1,0,0,0,0,1,
4,0,1,0,0,1,1,0,0,1,1,
4,0,0,0,0,1,1,0,0,0,1,
6,0,0,0,0,0,0,0,1,0,0,
4,0,1,0,0,1,1,1,0,1,1,
4,1,1,0,0,1,1,1,1,1,1,
5,0,0,0,0,0,0,0,0,0,0,
4,1,1,0,0,1,1,1,1,1,1,
5,1,1,1,0,1,2,1,1,1,2,
4,1,1,0,0,1,1,1,1,1,1,
6,1,0,0,0,2,2,0,0,0,2,
5,0,0,0,0,1,1,0,0,0,1,
5,1,1,1,0,1,1,1,1,1,1,
5,1,1,1,0,1,1,1,1,1,2,
4,0,0,0,0,0,0,0,0,0,1,
4,0,1,0,0,1,1,0,0,0,1,
5,0,1,0,0,1,1,0,0,1,2,
4,0,1,0,0,1,1,1,1,1,1,
4,0,1,0,0,1,1,1,1,1,1,
5,0,1,0,0,1,1,1,1,1,1,
4,0,1,0,0,1,1,1,1,1,1,
4,1,1,1,0,1,1,1,1,1,1,
5,1,1,1,0,1,1,1,1,1,2,
4,1,1,0,0,1,1,1,1,1,1,
7,1,1,3,0,1,1,4,4,1,1,
5,0,0,0,0,1,1,0,0,0,1,
5,0,0,0,0,1,1,0,0,0,1,
4,0,1,0,0,1,1,0,0,1,1,
4,0,1,0,0,1,1,1,0,0,1,
4,0,1,0,0,1,1,0,1,1,1,
4,0,1,0,0,1,1,1,1,1,1,
4,0,0,0,0,1,1,0,1,1,1,
5,0,0,0,0,1,0,0,0,0,1,
5,0,1,0,0,1,1,1,1,1,1,
5,0,1,0,0,1,1,1,0,1,1,
7,1,1,1,0,1,1,1,1,1,1,
4,1,1,1,0,1,1,1,1,1,1,
5,1,1,1,0,1,1,1,1,2,1,
4,1,1,1,0,1,1,1,1,1,1,
8,4,1,1,0,4,4,1,1,1,4,
4,1,1,1,0,1,1,1,1,1,1,
4,0,0,0,0,1,1,0,0,1,1,
4,1,1,1,0,1,1,1,1,2,1,
5,0,0,0,0,1,1,2,0,0,1,
7,1,1,0,0,1,1,1,1,1,1,
4,0,1,0,0,1,1,0,0,1,1,
5,1,1,1,0,1,1,1,1,1,1,
5,0,1,0,0,1,1,0,0,1,1,
4,0,1,0,0,1,1,1,1,1,1,
7,0,1,0,0,1,3,1,1,3,3,
4,0,1,0,0,1,1,1,1,1,1,
5,1,1,1,0,1,2,1,1,1,1,
5,1,1,1,0,1,1,1,1,1,2,
4,1,1,1,0,1,1,1,1,1,1,
4,1,1,1,0,1,2,1,1,1,1,
4,0,0,0,0,1,1,0,0,1,1,
6,0,0,0,0,0,1,3,0,1,1,
5,1,1,1,0,1,1,1,1,1,1,
4,0,1,0,0,1,1,1,1,1,1,
4,0,1,0,0,1,1,1,1,1,1,
4,0,1,0,0,0,1,1,1,1,1,
4,0,1,0,0,1,1,1,1,1,1,
5,1,1,1,0,1,1,1,1,1,1,
5,1,2,1,0,1,1,1,1,1,1,
5,1,1,1,0,1,1,1,1,1,1,
5,1,1,1,0,1,1,1,1,1,1,
4,1,1,1,0,1,1,1,1,1,1,
4,0,0,0,0,0,1,1,0,0,1,
4,0,0,0,0,0,1,0,0,0,1,
4,0,0,0,0,0,1,0,0,0,0,
4,0,1,0,0,1,1,1,1,0,1,
4,0,0,0,0,1,1,1,1,0,1,
4,0,0,0,0,0,1,1,1,0,1,
4,0,0,0,0,0,1,0,1,0,1,
4,0,1,0,0,1,1,1,1,1,1,
4,1,1,1,0,1,1,1,1,1,1,
4,1,1,1,0,1,1,1,1,1,1,
4,1,1,1,0,1,1,1,1,1,1,
5,1,1,1,0,1,1,1,1,1,1,
3,1,1,1,0,1,1,1,1,1,1,
4,1,1,1,0,1,1,1,1,1,1,
15,0,0,0,0,1,1,12,0,1,1,
6,0,0,0,0,0,0,0,0,0,0,
4,1,1,1,0,1,1,1,1,1,2,
4,0,0,0,0,1,1,0,0,1,1,
4,0,1,0,0,1,1,1,1,1,1,
19,0,0,0,0,0,12,0,0,0,0,
4,1,1,1,0,1,1,1,1,1,1,
4,0,0,0,0,0,0,0,0,0,0,
5,1,1,1,0,1,1,1,1,1,1,
5,0,0,0,0,0,1,0,0,0,1,
5,1,1,1,0,1,2,1,1,1,1,
4,0,1,0,0,1,1,1,1,1,1,
4,0,0,0,0,1,1,0,0,0,1,
4,0,0,0,0,0,0,0,0,0,0,
4,0,0,0,0,0,1,0,0,0,0,
4,0,1,0,0,1,1,1,0,1,1,
4,0,1,0,0,1,1,1,0,1,1,
5,0,0,0,0,0,0,0,0,0,0,
5,0,1,0,0,2,1,0,0,1,2,
7,0,0,0,0,1,1,1,1,1,1,
4,1,1,1,0,1,1,1,1,1,1,
4,1,1,1,0,1,1,1,1,1,1,
5,0,0,0,0,1,0,0,0,0,1,
7,0,0,0,0,0,0,0,0,0,0,
5,0,1,0,0,1,0,0,0,1,1,
4,0,0,0,0,1,0,0,0,1,1,
4,0,0,0,0,0,0,0,0,0,1,
4,0,0,0,0,0,0,0,0,0,0,
5,0,1,0,0,1,1,1,1,1,1,
4,0,1,0,0,1,1,1,0,1,1,
6,0,0,0,0,0,0,0,1,0,0,
4,1,1,1,0,1,1,1,1,1,1,
5,1,1,1,0,1,1,1,1,1,1,
4,1,1,1,0,1,1,1,1,1,1,
16,1,1,1,0,1,1,1,1,1,2,
5,0,0,0,0,0,1,1,1,0,1,
5,0,0,0,0,0,1,0,0,0,1,
6,3,0,0,0,1,1,0,0,0,1,
4,0,0,0,0,1,1,0,0,0,1,
4,0,0,0,0,0,0,0,0,0,1,
4,0,1,0,0,1,1,0,0,1,1,
5,1,1,1,0,1,1,1,1,1,1,
5,0,0,0,0,0,0,0,0,0,0,
5,0,0,0,0,1,1,0,0,1,1,
4,0,0,0,0,0,0,0,0,0,0,
7,0,0,0,2,1,1,0,0,0,0,
5,0,1,0,0,1,1,0,0,1,1,
5,0,0,0,0,1,1,0,0,0,1,
7,0,1,0,0,1,1,1,1,1,1,
5,1,1,1,0,1,1,1,1,1,1,
4,0,0,0,0,0,1,0,0,1,1,
6,0,0,3,0,1,1,3,3,1,1,
4,0,1,0,0,1,1,0,0,1,1,
4,0,1,0,0,1,1,0,0,1,1,
4,0,0,0,0,0,0,0,0,0,0,
4,1,1,1,0,1,1,1,1,1,1,
5,0,0,0,0,0,0,0,0,0,0,
5,0,0,0,0,0,0,0,0,0,1,
4,0,1,0,0,1,1,1,1,1,1,
7,0,0,0,0,0,0,0,1,0,0,
5,0,0,0,0,1,0,0,0,0,1,
5,0,0,0,0,1,1,0,0,0,1,
5,0,0,0,0,1,1,0,0,0,1,
5,0,0,0,0,1,1,0,0,0,1,
4,0,0,0,0,1,1,0,0,1,1,
4,0,0,0,0,1,1,1,0,0,1,
7,3,1,0,0,4,4,0,0,1,4,
4,1,1,1,0,1,1,1,1,1,1,
5,1,1,0,0,1,1,1,1,1,1,
5,1,1,0,0,2,1,1,1,1,2,
15,1,1,11,0,1,2,12,12,1,2,
5,0,0,0,0,1,0,0,0,0,1,
6,0,1,0,0,1,1,0,0,0,1,
5,0,0,0,0,1,1,1,0,0,1,
10,1,1,1,0,1,1,1,1,1,1,
5,0,1,0,0,1,1,1,1,0,1,
5,0,0,0,0,0,0,0,0,0,0,
4,0,1,0,0,1,1,1,1,1,1,
4,1,1,0,0,1,1,1,1,1,1,
4,0,1,0,0,1,1,1,1,1,1,
4,0,1,0,0,1,1,1,1,1,1,
4,0,1,0,0,1,1,1,1,1,1,
4,1,1,1,0,1,1,1,1,1,1,
4,1,1,1,0,1,1,1,1,1,1,
4,1,1,1,0,1,1,1,1,1,1,
4,1,1,1,0,1,1,1,1,1,1,
6,1,1,1,0,2,2,1,1,2,3,
5,1,1,1,0,2,1,1,1,1,2,
4,1,1,1,0,1,1,1,1,1,1,
4,1,1,1,0,1,1,1,1,1,2,
4,1,1,1,0,2,1,1,1,1,2,
5,0,0,0,0,1,2,1,1,0,1,
4,0,1,0,0,1,1,1,1,1,1,
4,1,1,1,0,1,1,1,1,1,1,
4,0,0,0,0,1,1,1,0,0,1,
6,2,1,1,0,2,2,1,1,1,2,
16,1,1,1,0,1,1,1,1,1,1,
4,0,1,0,0,1,1,1,1,1,1,
6,1,1,1,0,1,1,1,1,1,1,
16,1,1,1,0,1,13,1,1,1,1,
5,1,1,1,0,1,2,1,1,1,1,
4,1,1,1,0,1,1,1,1,1,1,
15,0,12,0,0,1,0,1,0,11,1,
7,0,1,0,0,1,1,1,1,1,1,
4,0,1,0,0,1,1,1,1,1,1,
4,0,1,0,0,1,1,1,1,1,1,
4,0,0,0,0,0,0,0,0,0,0,
5,1,1,0,0,1,1,1,1,1,1,
4,1,1,1,0,1,1,1,1,1,1,
6,1,1,3,0,1,2,3,3,1,2,
5,1,1,1,0,1,2,1,1,1,1,
5,0,0,0,0,1,0,0,0,0,1,
7,1,1,1,0,1,1,1,1,1,1,
4,1,1,1,0,1,1,1,1,1,1,
5,0,0,0,0,1,1,0,0,0,1,
4,0,1,0,0,1,1,1,0,1,1,
4,1,1,1,0,1,1,1,1,1,1,
4,0,1,0,0,1,1,1,0,1,1,
4,1,1,0,0,1,1,1,1,1,1,
4,0,1,0,0,1,1,1,1,1,1,
4,0,1,0,0,1,1,1,1,1,1,
5,0,0,0,0,0,0,0,0,0,0,
4,1,1,1,0,1,1,1,1,1,1,
5,1,1,0,0,1,1,1,1,1,1,
5,1,1,1,0,1,1,1,1,1,2,
5,0,0,0,0,1,1,0,0,0,1,
5,0,0,0,0,1,1,0,0,0,1,
7,0,1,0,0,1,1,1,0,1,1,
4,0,0,0,0,1,1,0,1,1,1,
6,0,0,0,0,1,3,1,0,1,1,
4,0,1,0,0,1,1,1,0,1,1,
4,0,1,0,0,1,1,1,0,1,1,
5,1,1,1,0,1,1,1,1,1,1,
4,1,1,0,0,1,1,1,1,1,1,
5,1,1,1,0,1,1,1,1,1,1,
5,0,0,0,0,1,0,0,0,0,0,
5,0,0,0,0,0,0,0,0,0,0,
5,0,0,0,0,0,1,0,0,0,0,
5,0,0,0,0,0,1,1,1,0,1,
4,0,0,0,0,1,1,1,1,1,1,
4,0,0,0,0,1,1,0,0,1,1,
6,0,1,0,0,1,1,3,1,1,1,
4,0,1,0,0,1,1,1,0,1,1,
6,1,1,0,0,1,1,1,1,1,2,
6,0,0,0,0,1,1,0,0,1,1,
6,1,1,1,0,2,2,1,2,1,2,
6,0,0,0,0,1,0,0,0,1,1,
4,1,1,1,0,1,1,1,1,1,1,
5,1,1,1,0,1,1,1,1,1,1,
4,0,0,0,0,1,1,1,1,0,1,
4,0,0,0,0,1,1,0,1,0,1,
6,0,2,0,0,1,1,1,0,3,1,
4,0,1,0,0,1,1,1,1,1,1,
5,2,0,0,0,2,2,1,1,1,2,
4,1,1,1,0,1,1,1,1,1,1,
4,1,1,1,0,1,1,1,1,1,1,
4,0,1,0,0,1,1,1,1,1,1,
5,1,1,1,0,1,1,1,1,1,1,
7,1,1,1,0,1,1,1,1,1,1,
4,0,0,0,0,0,1,1,1,0,1,
4,0,0,0,0,1,1,1,1,1,1,
6,1,1,1,0,1,1,1,1,1,1,
8,0,0,5,0,1,1,5,5,1,1,
4,1,1,1,0,1,1,1,1,1,1,
4,1,1,1,0,1,1,1,1,1,1,
5,1,1,1,0,2,1,1,1,1,2,
5,1,1,1,0,1,1,1,1,1,2,
7,1,1,3,0,1,1,4,4,1,1,
4,1,1,1,0,1,2,1,1,1,2,
5,0,0,0,0,1,1,2,1,1,1,
4,0,0,0,0,1,1,1,1,0,1,
4,1,1,0,0,1,1,1,1,1,1,
4,0,0,0,0,1,1,0,1,1,1,
4,0,1,0,0,1,1,1,0,1,1,
5,1,1,1,0,1,1,1,1,1,1,
4,1,1,1,0,1,1,1,1,1,1,
5,1,1,1,0,1,1,1,1,1,1,
4,1,1,1,0,1,1,1,1,1,1,
4,0,0,0,0,1,1,0,0,0,1,
4,0,0,0,0,1,1,0,0,0,1,
4,0,0,0,0,1,1,0,1,1,1,
5,0,0,0,0,1,1,0,1,0,1,
4,1,1,0,0,1,1,1,1,1,1,
4,1,1,1,0,1,1,1,1,1,1,
5,1,1,1,0,1,1,1,1,1,1,
5,1,1,1,0,1,1,1,1,1,1,
4,1,1,1,0,1,1,1,1,1,1,
8,0,0,0,0,1,4,1,1,0,1,
4,1,1,1,0,1,1,1,1,1,1,
4,0,1,0,0,1,1,1,1,1,1,
9,0,0,0,0,1,1,0,1,0,1,
4,0,1,0,0,1,1,1,1,1,1,
5,1,1,1,0,1,1,1,1,1,1,
5,1,1,1,0,1,2,1,1,1,1,
5,1,1,1,0,1,1,1,1,1,2,
4,1,1,1,0,1,1,1,1,1,1,
7,1,1,4,0,1,1,1,4,1,2,
5,1,1,1,0,1,2,1,1,1,3,
4,0,0,0,0,0,0,0,0,0,0,
7,0,0,0,0,0,0,3,0,0,0,
4,0,1,0,0,0,1,1,1,1,0,
4,0,1,0,0,1,1,1,1,1,1,
4,0,1,0,0,1,1,1,1,1,1,
5,1,1,0,0,1,2,1,1,1,2,
6,1,3,1,0,1,1,1,1,3,1,
4,1,1,1,0,1,1,1,1,1,1,
4,1,1,1,0,1,1,1,1,1,1,
5,1,1,1,0,1,2,1,1,1,1,
16,0,0,9,0,1,1,9,9,0,1,
4,0,0,0,0,1,1,1,1,0,1,
4,0,0,0,0,1,1,1,1,0,1,
5,1,0,0,0,1,1,1,1,1,1,
4,0,0,0,0,1,1,1,0,0,1,
4,1,1,1,0,1,1,1,1,1,1,
7,1,1,1,0,1,1,1,1,1,1,
5,1,1,1,0,1,1,1,1,1,1,
8,1,1,1,0,1,5,3,1,1,1,
5,2,1,1,0,1,2,2,1,1,2,
4,1,0,0,0,1,1,0,0,0,1,
5,0,0,0,0,1,1,1,0,0,1,
3,0,0,0,0,0,0,0,0,0,0,
4,0,0,0,0,1,0,0,0,0,1,
4,0,1,0,0,1,1,1,1,1,1,
5,0,0,0,0,0,0,0,0,0,1,
4,1,1,1,0,1,1,1,1,1,1,
5,1,1,0,0,1,1,1,1,1,1,
5,1,1,1,0,1,2,1,1,1,1,
4,1,1,1,0,1,1,1,1,1,1,
8,1,1,1,0,1,1,1,1,1,2,
5,1,1,1,0,2,2,1,1,1,2,
4,0,0,0,0,0,1,0,0,0,1,
4,0,0,0,0,1,1,0,0,0,1,
4,0,0,0,0,1,1,1,0,0,1,
4,0,0,0,0,1,1,1,1,0,1,
5,1,1,1,0,1,1,1,1,1,2,
4,0,0,0,0,1,1,1,1,0,1,
4,1,1,1,0,1,1,1,1,1,1,
5,0,1,0,0,1,1,1,1,1,1,
4,1,1,1,0,1,1,1,1,1,1,
5,0,0,0,0,0,0,0,0,0,0,
4,1,1,1,0,1,1,1,1,1,1,
5,0,1,0,0,1,1,1,1,1,1,
7,1,1,0,0,3,2,1,1,1,3,
5,1,1,1,0,1,1,1,1,1,1,
6,0,0,0,0,3,3,0,0,0,3,
4,0,0,0,0,1,1,0,0,0,1,
4,1,1,1,0,1,1,1,1,1,1,
4,1,1,1,0,1,1,1,1,1,1,
5,0,0,0,0,1,1,0,0,0,1,
5,0,0,0,0,1,1,0,0,0,1,
5,0,0,0,0,1,1,0,0,0,1,
5,1,1,1,0,1,1,1,1,1,2,
5,1,2,1,0,2,2,1,2,2,1,
5,0,1,0,0,1,1,1,0,0,1,
7,3,3,3,0,3,3,3,3,3,3,
4,0,0,0,0,1,1,1,1,0,1,
4,0,1,0,0,1,1,1,1,1,1,
4,0,0,0,0,1,1,1,0,0,1,
4,0,0,0,0,1,1,0,0,0,1,
4,0,1,0,0,1,1,1,1,1,1,
4,0,1,0,0,1,1,0,0,0,1,
4,0,1,0,0,1,1,1,1,1,1,
4,1,1,0,0,1,1,1,1,1,1,
5,1,1,1,0,2,1,1,1,1,2,
5,1,1,1,0,1,1,1,1,1,2,
5,1,1,1,0,1,1,1,1,1,2,
5,0,1,0,0,1,1,0,0,0,1,
5,0,0,0,0,1,1,0,0,0,1,
4,0,1,0,0,1,1,0,0,0,1,
4,0,1,0,0,1,1,1,1,1,1,
4,0,0,0,0,1,1,0,1,0,1,
5,1,1,0,0,2,1,1,1,1,2,
5,0,1,0,0,1,1,1,1,1,1,
6,0,2,0,0,1,1,1,1,2,1,
4,1,1,1,0,1,1,1,1,1,1,
4,1,1,1,0,1,1,1,1,1,1,
5,1,1,1,0,1,1,1,1,1,1,
5,0,0,0,0,0,1,0,0,0,1,
7,0,0,0,0,0,1,3,0,0,1,
5,0,0,0,0,0,1,1,0,0,1,
4,1,1,1,0,1,2,1,1,1,2,
4,0,0,0,0,0,1,1,0,0,1,
5,1,1,0,0,1,1,1,1,1,1,
4,0,0,0,0,0,0,0,0,0,0,
5,0,0,0,0,1,1,1,1,1,1,
4,1,0,0,0,1,1,1,1,1,1,
4,1,1,1,0,1,1,1,1,1,1,
4,0,0,0,0,1,1,1,1,1,1,
4,1,1,1,0,1,1,1,1,1,1,
5,1,1,1,0,1,1,1,1,1,2,
6,1,3,1,0,2,2,1,1,1,3,
5,0,0,0,0,0,1,0,0,0,1,
3,1,1,1,0,1,2,1,1,1,2,
4,0,0,0,0,0,1,0,0,0,1,
4,0,0,0,0,0,1,1,1,0,1,
5,1,1,0,0,1,1,1,1,1,1,
4,0,0,0,0,0,1,0,0,0,1,
4,1,1,1,0,1,1,1,1,1,1,
21,1,2,1,0,1,1,1,1,2,1,
5,1,1,0,0,1,1,1,1,1,1,
4,1,1,1,0,1,1,1,1,1,1,
5,1,1,1,0,1,1,1,1,1,1,
5,0,0,0,0,0,1,1,0,0,1,
5,1,1,1,0,1,1,1,1,1,1,
7,0,0,3,0,0,1,3,3,0,0,
4,0,0,0,0,0,0,0,0,0,0,
4,0,0,0,0,0,1,0,1,0,1,
4,0,0,0,0,1,1,0,1,0,1,
4,0,0,0,0,1,1,1,1,0,1,
4,1,1,1,0,1,1,1,1,1,1,
4,1,1,1,0,1,1,1,1,1,1,
4,1,1,1,0,1,1,1,1,1,1,
5,1,1,1,1,1,1,0,1,1,1,
7,1,1,1,0,1,4,1,4,1,1,
5,1,1,1,0,1,2,1,1,1,2,
4,1,1,1,0,1,1,1,1,1,1,
4,1,1,1,0,1,1,1,1,1,1,
4,1,1,1,0,1,1,1,1,1,1,
4,1,1,1,0,1,2,1,1,1,2,
6,2,0,0,0,2,3,1,1,1,3,
4,0,0,0,0,1,1,1,1,1,1,
4,0,0,0,0,1,1,0,1,0,1,
4,1,1,1,0,1,1,1,1,1,1,
4,0,0,0,0,1,1,1,1,0,1,
4,1,1,1,0,1,1,1,1,1,1,
4,1,1,1,0,1,1,1,1,1,1,
4,0,1,0,0,1,1,1,1,1,1,
5,1,1,1,0,2,2,1,1,1,1,
5,1,1,1,0,1,1,1,1,1,1,
5,1,1,1,0,1,1,1,1,1,1,
5,1,1,1,0,2,2,1,1,1,2,
5,1,1,1,0,2,2,2,1,1,3,
5,1,1,2,0,2,2,2,2,1,3,
7,1,1,4,0,2,2,2,4,1,1,
5,1,1,1,0,2,2,2,2,2,2,
5,1,1,0,0,1,1,1,1,1,1,
5,0,0,0,0,0,0,0,0,0,0,
5,1,1,1,0,1,1,1,1,1,1,
4,1,1,1,0,1,1,1,1,1,1,
5,1,1,1,0,1,1,1,1,1,1,
17,13,1,1,0,14,14,1,1,1,14,
5,0,0,0,0,0,1,0,0,1,1,
6,1,3,1,0,1,1,1,1,3,1,
17,1,12,1,0,1,1,1,1,12,1,
3,1,1,1,0,1,1,1,1,1,1,
4,0,0,0,0,0,1,0,0,0,1,
4,0,0,0,0,1,1,0,0,1,1,
4,0,0,0,0,1,1,1,1,1,1,
7,3,0,0,0,3,4,1,1,1,4,
6,1,1,1,0,1,1,1,1,1,1,
4,1,1,0,0,1,1,1,1,1,1,
5,1,1,1,0,1,1,1,1,1,1,
4,1,1,1,0,1,1,1,1,1,1,
7,1,1,1,0,1,1,1,1,1,1,
4,1,1,1,0,1,1,1,1,1,1,
5,0,0,0,0,0,1,0,0,0,0,
5,1,1,1,0,1,1,1,1,1,1,
4,0,0,0,0,0,0,0,0,0,0,
4,0,0,0,0,1,1,1,0,0,1,
5,0,0,0,0,0,1,1,1,0,1,
4,0,0,0,0,1,1,0,1,0,1,
4,0,0,0,0,1,1,1,1,1,1,
7,0,0,3,0,1,1,4,3,1,1,
5,0,0,0,0,1,1,1,1,0,1,
4,1,1,1,0,1,1,1,1,1,1,
4,1,1,1,0,1,1,1,1,1,1,
5,1,1,1,0,2,2,2,2,1,2,
5,1,1,1,0,1,2,1,1,1,1,
5,0,0,0,0,1,1,1,1,1,1,
28,2,1,1,0,2,3,13,1,1,3,
5,0,0,0,0,0,0,0,1,0,0,
4,1,1,0,0,1,1,1,1,1,1,
4,0,0,0,0,1,1,1,0,0,1,
4,1,0,0,0,1,1,1,1,1,1,
4,0,0,0,0,0,1,1,1,0,1,
4,1,1,1,0,1,1,1,1,1,1,
4,0,0,0,0,1,1,1,1,1,1,
19,3,1,0,0,3,14,1,1,1,3,
4,0,0,0,0,1,1,1,1,0,1,
4,1,1,1,0,1,1,1,1,1,1,
4,1,1,1,0,1,1,1,1,1,1,
4,1,1,1,0,1,1,1,1,1,1,
4,0,0,0,0,0,1,0,0,0,0,
4,1,1,1,0,1,1,1,1,1,1,
6,2,0,0,0,3,3,1,0,0,3,
7,3,3,0,3,3,4,0,0,3,4,
4,0,0,0,0,1,1,0,0,0,1,
5,0,0,0,0,1,1,1,1,1,1,
4,1,1,1,0,1,1,1,1,1,1,
5,1,0,0,0,2,2,1,1,1,2,
4,0,0,0,0,1,1,1,1,1,1,
4,1,1,1,0,1,1,1,1,1,1,
4,1,1,1,0,1,1,1,1,1,1,
4,0,0,0,0,1,1,1,0,1,1,
5,1,1,1,0,2,1,1,1,1,1,
4,1,1,1,0,2,1,1,1,1,1,
4,0,0,0,0,1,0,1,1,0,1,
4,0,0,0,0,1,1,0,0,0,1,
4,0,0,0,0,1,1,1,1,0,1,
4,0,0,0,0,1,1,1,1,0,1,
14,1,1,1,0,11,11,11,11,11,11,
17,0,0,0,0,3,3,3,12,3,3,
4,1,1,1,0,1,1,1,1,1,1,
4,1,1,1,0,1,1,1,1,1,1,
4,1,1,1,0,2,1,1,1,1,1,
5,0,0,0,0,1,0,0,0,0,0,
7,3,1,1,0,4,3,1,1,1,3,
5,0,0,0,0,1,0,0,0,0,0,
4,0,0,0,0,1,1,0,0,0,0,
4,0,0,0,0,1,1,1,1,0,1,
4,0,0,0,0,1,1,1,1,1,1,
6,0,0,0,0,1,3,0,0,0,1,
4,0,0,0,0,1,1,0,0,0,0,
4,1,1,0,0,1,1,1,1,1,1,
4,1,1,1,0,1,1,1,1,1,1,
4,1,1,1,0,1,1,1,1,1,1,
5,1,1,1,0,1,1,1,1,1,1,
4,1,1,1,0,1,1,1,1,1,1,
5,0,0,0,0,1,0,0,0,0,1,
5,1,1,1,0,1,1,1,1,1,1,
70,0,0,0,0,1,1,0,0,0,1,
3,1,1,1,0,1,1,1,1,1,1,
4,0,0,0,0,1,1,0,0,0,1,
5,0,0,0,0,1,1,2,1,0,1,
4,0,0,0,0,1,1,0,0,0,1,
4,0,0,0,0,1,1,1,1,1,1,
4,1,1,1,0,1,1,1,1,1,1,
4,1,0,0,0,1,1,1,1,1,1,
4,1,1,1,0,1,1,1,1,1,1,
