172,7,9,6,6,5,9,79,6,8,7,6,5,9,0,7,9,7,7,5,10,156,7,8,7,6,5,10,80,7,9,7,6,5,9,156,6,8,7,6,5,
160,6,8,6,5,4,8,77,6,7,6,9,4,8,0,7,8,6,9,4,9,148,7,8,6,5,4,9,77,6,8,6,5,4,8,0,6,8,6,9,4,
161,6,8,6,5,4,8,150,6,7,6,6,4,8,0,6,8,6,6,4,9,149,6,8,6,5,4,9,75,6,8,6,5,4,8,76,6,7,6,6,4,
173,6,8,6,5,5,8,162,6,7,6,6,4,8,0,6,8,6,6,5,9,151,6,8,7,5,5,9,80,6,8,6,6,5,8,92,6,7,6,6,4,
157,7,8,6,6,5,9,146,6,8,7,7,5,9,0,7,8,7,7,5,10,146,7,8,7,6,5,10,75,7,8,7,6,5,9,73,6,8,7,7,5,
161,7,8,7,6,5,9,151,7,8,7,7,5,9,0,7,8,7,7,5,10,150,7,8,7,6,5,10,79,7,8,7,6,5,9,78,6,8,7,7,5,
161,7,8,7,6,5,9,150,7,8,7,7,5,9,0,7,9,7,7,5,10,150,7,8,7,6,5,10,75,7,8,7,6,5,9,73,7,8,7,7,5,
160,8,8,8,6,5,11,147,8,8,8,6,5,11,0,9,29,8,7,5,11,148,9,8,9,6,5,11,74,8,8,8,6,5,11,73,8,8,8,6,4,
156,6,10,6,5,5,9,0,6,9,6,6,4,8,0,7,10,6,6,4,9,145,6,10,7,6,5,9,74,6,10,6,5,4,9,73,6,9,6,6,4,
160,6,7,5,5,4,8,71,5,7,6,6,4,8,0,6,7,6,6,4,9,147,6,7,6,5,4,9,73,6,7,5,5,4,8,147,5,7,6,6,4,
159,7,8,7,6,5,9,76,6,8,7,6,5,9,0,7,8,7,7,5,10,147,7,8,7,6,5,10,76,7,8,7,6,5,9,1,6,8,7,6,5,
173,7,8,7,6,5,9,150,6,8,7,7,5,9,0,7,8,7,7,5,10,163,7,8,7,6,5,10,87,7,8,7,6,5,9,76,6,8,7,7,5,
157,7,8,7,6,5,9,147,6,8,7,6,5,9,0,7,8,7,7,5,30,147,7,8,7,6,5,10,75,7,8,7,6,5,9,76,6,8,7,6,5,
162,6,8,6,5,4,8,146,6,7,6,6,4,9,0,6,8,6,6,27,9,147,6,7,6,5,4,9,75,6,7,6,5,4,8,74,6,7,6,6,4,
166,6,8,6,5,5,8,154,6,7,6,6,5,9,0,7,8,6,6,5,9,154,6,29,7,5,5,9,79,6,8,6,5,5,8,81,6,7,6,6,5,
164,6,8,6,5,4,8,151,6,7,6,6,4,8,0,6,8,7,6,4,9,152,6,7,7,5,5,9,79,6,8,6,5,4,8,80,6,7,6,6,4,
164,7,8,6,6,5,9,154,6,8,7,7,5,9,0,7,8,7,7,5,10,154,7,8,7,6,5,10,101,7,8,7,6,5,9,101,6,8,7,7,5,
159,6,8,6,6,5,9,148,6,7,6,6,5,8,0,7,8,7,7,5,9,148,7,8,7,6,5,9,76,6,8,6,6,5,9,77,6,7,6,6,5,
158,7,8,7,6,5,9,148,6,8,7,6,5,9,0,7,8,7,7,5,10,147,7,8,7,6,5,10,75,7,8,7,6,5,9,77,6,8,7,6,5,
185,7,11,9,6,7,9,175,6,10,9,7,7,9,0,7,11,9,7,8,10,162,7,10,9,6,8,10,86,7,11,9,6,7,9,104,6,10,9,6,7,
164,7,9,7,6,5,9,154,7,8,7,7,5,9,0,7,9,7,7,5,10,154,7,8,7,6,5,10,74,7,9,7,6,5,9,74,7,8,7,7,5,
162,7,8,6,6,5,9,149,7,8,7,6,5,9,0,7,9,7,7,5,10,149,7,8,7,6,5,10,74,7,8,7,6,5,9,74,7,8,7,6,5,
155,6,8,6,5,4,8,144,6,7,6,6,5,8,0,6,8,7,6,4,9,145,6,8,7,5,5,9,74,6,8,6,6,5,8,73,6,7,6,6,5,
155,7,8,7,6,5,9,145,6,8,7,7,5,9,0,7,8,7,7,5,10,145,7,8,28,6,5,10,74,7,8,7,6,5,9,74,6,8,7,7,5,
161,9,10,10,6,5,10,151,7,10,10,7,5,9,0,9,10,10,9,5,10,151,10,10,10,6,5,10,79,10,10,10,6,5,10,80,7,10,10,7,5,
159,7,8,7,6,5,9,149,7,8,7,7,5,9,0,7,9,7,28,5,10,149,7,8,7,6,5,10,74,7,8,7,6,5,9,74,7,8,7,7,5,
176,7,8,6,5,5,9,147,6,7,6,6,5,9,0,7,8,7,7,5,10,164,7,8,7,6,5,10,89,7,8,6,5,5,9,73,6,7,6,6,5,
165,7,10,8,5,7,9,154,6,10,8,6,7,9,0,7,10,9,6,7,10,153,7,10,9,5,7,10,74,7,10,8,5,7,9,74,6,10,8,6,7,
173,10,8,7,8,5,12,160,9,8,7,9,5,12,0,10,8,7,9,5,13,163,10,8,7,8,5,13,79,10,8,7,8,5,12,78,9,8,7,9,5,
170,7,8,6,6,4,9,154,7,8,6,6,4,9,0,7,8,7,7,4,10,159,7,8,7,6,5,10,87,7,8,6,6,5,9,81,6,8,6,6,4,
164,7,8,7,6,5,9,154,7,8,7,7,5,9,0,7,9,7,7,5,10,154,28,8,7,6,5,10,79,7,8,7,6,5,9,78,7,8,7,7,5,
161,7,8,6,6,5,9,151,7,8,7,7,5,9,0,7,8,7,7,5,10,151,7,8,7,6,5,11,79,7,8,7,6,5,9,79,7,8,7,7,5,
161,8,7,5,5,4,10,150,8,7,6,6,4,10,0,8,7,6,6,4,11,150,8,7,6,5,4,32,78,8,7,6,5,4,10,78,8,7,6,6,4,
166,6,17,6,5,4,9,155,7,17,6,6,4,9,0,6,18,6,7,4,10,155,7,17,6,6,4,10,81,7,17,6,6,4,9,81,7,17,6,6,4,
177,7,8,6,6,4,9,167,7,7,6,6,4,9,0,6,8,6,7,4,9,154,7,7,6,6,4,10,81,7,8,6,6,4,9,81,7,7,6,6,4,
166,6,8,6,6,5,8,156,7,8,7,6,5,8,0,7,8,28,7,5,9,156,7,8,7,6,5,10,79,7,8,6,6,5,8,81,6,8,6,6,5,
163,7,8,7,6,5,9,153,7,8,8,7,5,9,0,7,8,7,7,5,10,151,7,8,8,6,5,10,78,7,8,7,6,5,9,81,7,8,8,7,5,
163,6,8,6,5,4,8,153,6,7,6,6,4,8,0,6,8,6,6,4,9,152,7,7,6,5,4,10,77,6,8,6,5,4,8,77,6,7,6,6,4,
166,7,8,6,5,4,9,156,6,7,6,6,5,8,0,7,8,6,6,4,9,155,7,7,6,5,5,10,81,7,8,6,5,4,8,80,6,7,6,6,4,
164,7,8,6,5,5,9,152,6,7,6,6,4,8,0,7,8,6,6,4,9,151,7,7,6,5,5,10,74,7,8,6,5,5,9,75,6,7,6,6,4,
161,7,8,6,5,5,9,150,6,7,6,6,5,8,0,7,8,7,6,5,9,150,7,7,6,5,5,10,74,7,8,6,6,5,9,74,6,7,6,6,4,
171,7,8,6,6,5,9,149,7,8,7,7,5,9,0,7,8,7,7,5,10,161,7,8,7,6,5,10,88,7,8,6,6,5,9,74,7,8,7,7,5,
167,10,8,6,8,5,12,157,9,8,7,9,5,12,0,10,8,7,10,5,12,155,10,8,7,9,5,13,77,10,8,7,9,5,12,77,9,8,7,9,5,
168,7,9,7,6,5,9,159,7,8,7,7,5,9,0,7,9,7,7,5,10,158,7,8,7,6,5,10,79,7,9,7,6,5,9,79,7,8,7,7,5,
167,16,8,6,5,4,18,157,16,7,6,6,4,18,0,16,8,6,6,4,19,155,16,7,6,5,4,20,74,16,8,6,5,4,18,74,16,7,6,6,4,
164,6,8,6,5,4,8,153,7,7,6,6,4,8,0,7,8,6,7,4,9,152,7,7,6,5,4,9,74,6,8,6,5,4,8,74,6,7,6,6,4,
163,7,8,6,6,5,9,153,7,7,7,6,5,9,0,7,8,7,7,5,10,152,7,8,7,6,5,10,74,7,8,6,6,5,9,74,7,7,7,6,5,
166,7,8,6,6,5,9,156,7,7,6,6,5,9,0,7,8,7,7,5,10,156,7,8,7,6,5,10,77,7,8,6,6,5,9,77,7,8,6,6,5,
166,7,7,6,6,4,9,156,7,7,6,10,4,9,0,7,7,6,10,4,10,156,7,7,6,9,4,10,77,7,7,6,9,4,9,77,7,7,6,10,4,
180,7,8,7,6,5,9,170,7,8,7,7,5,9,0,7,8,7,7,5,10,153,7,8,7,6,5,10,74,7,8,7,6,5,9,73,7,8,7,7,5,
156,7,8,7,14,5,9,146,7,8,7,15,5,9,0,7,8,8,15,5,10,146,8,8,7,14,5,11,76,7,8,7,14,5,10,75,7,8,7,15,5,
157,7,7,6,5,4,8,146,6,7,6,6,4,8,0,7,7,6,6,4,9,146,7,7,6,5,4,10,74,7,7,6,5,4,8,73,6,7,6,6,4,
163,7,7,6,5,5,9,151,7,7,6,6,4,9,0,7,8,6,7,5,10,151,7,8,7,6,5,10,77,7,7,6,6,5,9,76,7,7,6,6,4,
159,7,8,6,6,5,9,149,6,8,7,6,5,9,0,7,8,7,7,5,10,149,7,8,7,6,5,10,74,7,8,6,6,5,9,74,6,8,7,6,5,
156,10,8,6,6,5,12,146,10,8,7,7,5,12,0,10,8,7,7,5,13,146,10,8,7,6,5,13,74,10,8,6,6,5,12,74,10,8,7,7,5,
157,7,8,7,6,5,9,147,7,8,7,7,5,9,0,7,8,7,7,5,10,147,7,8,7,6,5,10,75,7,8,7,6,5,9,75,7,8,7,7,5,
170,6,7,6,5,4,8,0,5,7,6,6,4,8,0,6,7,6,6,4,8,156,6,7,6,5,4,9,86,6,7,6,5,4,8,74,5,7,6,6,4,
165,7,7,6,5,4,9,79,6,7,6,6,4,8,0,7,7,6,6,4,9,153,7,7,6,6,4,10,80,7,7,6,5,4,9,155,6,7,6,6,4,
159,7,8,6,5,5,9,73,7,7,6,6,5,9,0,7,8,7,7,5,10,147,7,8,7,6,5,10,74,7,7,6,5,5,9,0,7,7,6,6,5,
158,7,8,6,6,5,9,148,7,8,7,7,5,9,0,7,8,7,7,5,10,148,7,8,7,6,5,10,75,7,8,6,6,5,9,76,7,8,7,7,5,
158,7,8,6,6,5,9,148,7,8,7,7,5,9,0,7,8,7,7,5,10,148,7,8,7,6,5,10,75,7,8,6,6,5,9,76,7,8,7,7,5,
165,7,8,7,6,5,9,152,7,8,7,7,5,9,0,7,8,7,7,5,10,152,7,8,7,6,5,10,80,7,8,7,6,5,9,80,7,8,7,7,5,
165,5,7,6,7,5,8,152,5,7,6,8,4,8,0,6,8,6,8,5,8,152,6,7,7,7,5,9,80,6,7,6,7,5,8,80,5,7,6,8,4,
160,6,7,6,5,4,9,149,6,7,6,6,4,8,0,6,8,6,7,4,9,149,7,7,7,5,4,10,75,6,7,6,5,4,9,74,6,7,6,6,4,
158,7,7,6,5,5,9,146,6,7,6,6,4,9,0,7,8,6,7,5,9,146,7,8,6,6,5,10,74,7,7,6,5,5,9,74,6,7,6,6,4,
180,7,9,6,5,5,9,170,7,9,6,6,5,9,0,7,9,6,7,5,12,148,7,9,7,6,5,13,75,7,9,6,5,5,9,74,7,9,6,6,5,
160,7,11,9,6,8,9,1,7,11,10,7,8,9,0,7,11,10,7,8,10,150,7,11,10,6,8,10,79,7,11,9,6,8,9,78,7,11,10,7,8,
161,7,8,7,6,5,9,74,7,8,7,7,5,9,0,7,8,7,8,5,10,150,7,8,7,6,5,10,75,7,8,7,6,5,9,151,7,8,7,7,5,
160,7,8,7,6,5,9,74,7,8,7,7,5,9,0,7,8,7,7,5,10,149,7,8,7,6,5,10,75,7,8,7,6,5,9,1,7,8,7,7,5,
158,7,8,7,6,5,9,148,7,8,7,7,5,9,0,7,8,7,8,5,10,148,7,8,7,6,5,10,75,7,8,7,6,5,9,75,7,8,7,7,5,
158,6,7,8,5,4,9,147,6,7,8,7,4,8,0,7,7,8,7,4,9,147,7,7,9,6,4,10,75,6,7,8,5,4,9,74,6,7,8,7,4,
163,6,7,6,5,4,9,150,6,7,6,6,4,8,0,7,8,6,7,5,9,150,7,7,7,6,5,10,78,6,7,6,5,4,9,76,6,7,6,6,4,
160,6,8,6,6,4,10,149,6,8,6,7,5,10,0,7,8,7,7,5,11,149,7,8,7,6,5,12,76,6,8,6,6,4,10,75,6,8,6,7,5,
160,6,7,6,5,4,8,149,6,7,6,6,4,8,0,6,7,6,6,4,9,149,6,7,6,5,4,9,75,6,7,6,5,4,8,74,6,7,6,6,4,
159,7,8,7,6,5,9,148,7,8,7,7,5,9,0,8,8,7,7,5,10,148,7,8,7,6,5,10,76,7,8,7,6,5,9,75,7,8,7,7,5,
167,6,7,5,5,4,11,155,6,7,5,6,4,11,0,6,7,6,6,4,11,153,6,7,6,5,4,11,78,6,7,5,5,4,11,78,6,7,5,6,4,
164,7,7,6,5,4,9,0,6,7,6,6,4,9,0,7,8,6,6,5,9,153,7,7,6,6,5,10,82,7,7,6,5,4,9,82,6,7,6,6,4,
163,7,8,6,6,5,9,78,7,7,6,6,5,9,0,7,8,7,7,5,10,152,7,8,7,6,5,10,78,7,8,6,5,5,9,0,7,7,6,6,5,
160,7,8,6,6,5,9,1,7,8,7,7,5,9,0,7,8,7,7,5,10,149,7,8,7,6,5,10,77,7,8,6,6,5,9,78,7,8,7,7,5,
162,7,8,7,6,5,9,75,7,8,7,7,5,9,0,7,8,7,7,5,10,151,7,8,7,6,5,10,76,7,8,7,6,5,9,151,7,8,7,7,5,
159,7,10,9,6,8,9,78,7,10,9,7,8,9,0,8,10,9,7,8,10,149,7,10,10,6,8,11,79,7,10,9,6,8,9,1,7,10,9,7,8,
167,7,8,7,7,5,9,1,7,8,7,7,5,9,0,8,8,7,7,5,10,158,8,8,7,6,5,10,82,7,8,7,6,5,9,84,7,8,7,7,5,
159,7,7,6,6,4,9,74,6,7,6,6,4,9,0,7,7,7,7,4,9,148,7,7,7,6,4,10,74,7,7,7,5,4,9,0,6,7,6,6,4,
162,7,8,7,6,5,9,1,7,8,7,7,5,9,0,8,8,7,7,5,10,150,8,8,7,6,5,10,80,7,8,7,6,5,9,80,7,8,7,7,5,
157,6,6,8,6,4,9,74,6,6,8,6,4,8,0,7,6,8,6,4,9,146,7,6,8,5,4,10,75,6,6,8,5,4,9,0,6,6,8,6,4,
186,7,7,14,6,4,9,1,7,7,14,6,4,9,0,7,7,14,7,4,10,176,7,7,14,6,4,10,83,7,7,14,6,4,9,84,7,7,14,6,4,
184,7,18,17,6,15,9,96,7,18,17,7,14,9,0,7,18,18,7,15,10,152,7,18,18,6,15,10,77,7,18,17,6,15,9,174,7,18,17,7,14,
155,19,8,7,6,5,21,74,19,8,7,7,5,21,0,19,8,7,7,5,22,146,19,8,7,6,5,22,75,19,8,7,6,5,21,1,19,8,7,7,5,
160,6,7,6,5,4,8,150,6,7,6,6,4,8,0,6,7,7,6,5,9,148,7,7,7,6,4,9,77,6,7,6,5,4,8,79,6,7,7,6,4,
160,7,11,7,6,5,11,1,7,11,7,7,5,11,0,7,11,7,7,5,11,150,7,11,7,6,5,11,81,7,11,7,6,5,11,81,7,11,7,7,5,
161,7,8,6,6,5,9,77,7,7,6,7,4,9,0,7,8,7,7,5,10,153,7,7,7,6,5,10,78,7,8,6,6,5,9,1,7,7,6,7,4,
158,7,7,6,6,4,9,0,6,7,6,6,4,9,0,7,7,7,6,4,9,148,7,7,7,6,4,10,75,7,7,7,5,4,9,73,6,7,6,6,4,
155,7,8,7,6,5,9,75,7,8,7,7,5,9,0,7,8,7,7,5,10,145,7,8,7,6,5,10,75,7,8,7,6,5,9,1,7,8,7,7,5,
157,7,8,7,6,5,9,147,7,8,7,7,5,9,0,7,8,7,7,5,10,147,7,8,7,6,5,10,74,7,8,7,6,5,9,73,7,8,7,7,5,
161,7,7,6,6,4,9,151,6,7,6,6,4,9,0,7,8,7,6,4,9,150,7,7,7,6,5,10,77,7,7,6,5,4,9,76,6,7,6,6,4,
164,7,10,7,6,5,9,154,7,10,7,7,5,9,0,7,10,7,7,5,10,153,7,10,7,6,5,10,75,7,10,7,6,5,9,74,7,10,7,7,5,
162,7,8,6,5,5,9,151,7,7,7,6,5,9,0,7,8,7,6,5,10,150,7,7,7,5,5,10,75,7,8,7,5,5,9,74,7,7,7,6,5,
158,7,10,6,6,4,9,148,6,10,7,6,4,9,0,7,11,7,6,4,10,147,7,10,7,6,4,10,75,7,10,6,6,4,9,73,6,7,7,6,4,
157,7,8,7,6,5,9,147,7,8,7,7,5,9,0,7,8,7,7,5,10,146,7,8,7,6,5,10,75,7,8,7,6,5,9,73,7,8,7,7,5,
161,7,8,7,6,5,9,151,7,8,7,7,5,9,0,7,8,7,7,5,10,150,7,8,7,6,5,10,78,7,8,7,6,5,9,76,7,8,7,7,5,
181,6,7,6,5,4,8,0,6,7,6,6,4,8,0,7,7,6,6,4,9,170,6,7,6,5,4,10,76,6,7,6,5,4,8,74,6,7,6,6,4,
157,6,7,6,5,4,8,74,6,7,6,6,4,8,0,7,7,7,6,4,9,146,7,7,7,6,4,10,75,6,7,6,5,4,8,147,6,7,6,6,4,
157,7,8,7,6,5,9,75,7,8,7,7,5,9,0,7,8,7,7,5,10,147,7,8,7,6,5,10,75,7,8,7,6,5,9,146,7,8,7,7,5,
164,7,7,6,5,4,9,78,6,7,6,6,4,8,0,7,7,6,6,4,9,151,7,7,6,6,4,10,78,7,7,6,5,4,9,151,6,7,6,6,4,
182,5,7,6,6,4,7,98,5,7,6,7,4,7,0,5,7,6,7,4,8,152,5,7,6,6,4,8,79,5,7,6,6,4,7,169,5,7,6,7,4,
161,7,7,6,6,4,9,75,7,7,6,7,4,9,0,7,8,6,7,4,10,151,7,7,6,6,4,10,76,7,7,6,6,4,9,151,7,7,6,7,4,
158,6,7,6,5,4,8,75,6,7,6,6,4,8,0,7,7,6,6,4,9,147,7,7,7,5,4,10,75,7,7,6,5,4,8,147,6,7,6,6,4,
157,6,7,6,5,4,9,75,6,7,6,6,4,8,0,7,7,7,6,4,9,147,7,7,7,6,4,10,75,6,7,6,5,4,9,147,6,7,6,6,4,
162,7,8,7,6,5,9,78,6,8,7,7,4,9,0,7,8,7,7,5,10,150,7,8,7,6,5,10,78,7,8,7,6,5,9,150,7,8,7,7,5,
161,7,7,6,5,4,9,75,6,7,6,6,4,8,0,7,7,6,6,4,9,150,7,7,6,5,4,10,75,7,7,6,5,4,9,150,6,7,6,6,4,
158,7,7,6,6,5,9,75,6,7,7,6,4,9,0,7,8,7,7,5,10,148,7,7,7,6,5,10,75,7,7,6,6,5,9,148,6,7,7,7,4,
157,7,8,7,6,5,9,75,6,8,7,7,5,9,0,7,8,7,7,5,10,147,7,8,7,6,5,10,75,7,8,7,6,5,9,147,7,8,7,7,5,
160,8,7,6,7,5,11,77,8,7,6,8,5,10,0,9,7,6,8,5,11,149,9,7,6,7,5,12,77,8,7,6,7,5,11,149,8,7,6,8,5,
163,6,7,6,5,4,9,78,6,7,6,6,4,8,0,7,7,6,6,4,9,151,7,7,6,5,4,10,78,7,7,6,5,4,8,151,6,7,6,6,4,
163,6,7,6,5,4,8,75,6,7,6,6,4,8,0,7,7,6,6,4,9,153,7,7,6,5,4,10,75,6,7,6,5,4,8,153,6,7,6,6,4,
176,6,7,6,5,4,8,74,6,7,6,6,4,8,0,6,7,6,6,4,9,165,6,7,6,5,4,9,75,6,7,6,5,4,8,151,6,7,6,6,4,
157,6,7,6,5,4,11,74,6,7,8,6,4,11,0,6,7,7,6,4,12,146,6,7,7,5,4,13,74,6,7,6,5,4,11,0,6,7,8,6,4,
168,6,10,9,6,7,9,0,6,10,10,7,7,8,0,7,11,10,7,8,9,158,7,10,10,6,7,10,86,6,10,10,6,7,9,85,6,10,10,7,7,
169,7,8,6,6,5,9,75,7,8,7,7,5,10,0,8,8,7,7,5,10,158,8,8,7,6,5,11,75,8,8,7,6,5,9,159,7,8,7,7,5,
175,6,8,6,5,4,9,78,6,8,6,7,4,9,0,7,8,7,7,4,9,161,7,8,6,6,4,10,78,7,8,6,5,4,8,161,6,8,6,7,4,
161,7,11,6,6,5,9,97,7,11,6,7,5,9,0,7,11,7,7,5,9,151,7,11,7,6,5,10,76,7,11,6,6,5,9,0,6,11,6,7,5,
164,6,8,6,5,4,8,152,6,7,6,6,4,8,0,7,8,6,7,5,9,149,6,7,6,6,4,9,74,6,8,6,5,4,8,73,6,7,6,6,4,
164,6,7,6,5,4,9,152,6,7,6,7,4,8,0,7,8,6,7,4,9,150,7,7,6,5,4,10,76,6,7,6,5,4,9,76,6,7,6,7,4,
165,7,8,6,5,5,9,155,6,7,6,7,4,9,0,7,8,6,7,5,9,152,7,8,6,6,5,10,74,7,8,7,5,5,9,74,6,7,6,7,4,
162,7,8,6,6,5,9,151,7,8,7,7,5,9,0,7,8,6,7,5,10,149,7,8,7,6,5,10,76,7,8,7,6,5,9,76,6,8,7,7,5,
163,7,8,7,6,5,9,151,7,8,7,7,5,9,0,7,8,7,7,5,10,149,7,8,7,6,5,10,74,7,8,7,6,5,9,74,7,8,7,7,5,
165,7,8,7,6,5,9,153,7,8,7,7,5,9,0,7,8,7,8,5,10,151,7,8,7,6,5,11,77,7,8,7,6,5,9,77,7,8,7,7,5,
162,7,8,6,8,5,9,152,6,7,6,10,4,8,0,7,8,7,10,5,9,151,7,8,7,8,5,10,77,7,8,6,8,5,9,76,6,7,6,9,4,
161,7,8,6,6,5,9,151,6,8,7,7,4,9,0,7,8,7,7,5,10,150,7,8,7,6,5,10,74,7,8,6,6,5,9,73,6,8,7,7,5,
155,7,8,6,6,5,9,1,6,8,7,7,5,9,0,7,8,7,7,5,10,146,7,8,7,6,5,10,74,7,8,7,6,5,9,74,7,8,7,7,5,
169,7,8,7,6,5,9,75,7,8,7,7,5,9,0,7,8,7,7,5,10,159,7,8,7,6,5,10,75,7,8,7,6,5,9,147,7,8,7,7,5,
237,7,7,6,5,4,9,153,6,7,6,6,4,9,0,7,7,6,7,4,9,225,7,7,6,6,4,10,153,7,7,6,5,4,9,226,6,7,6,6,4,
462,8,8,7,6,5,12,80,7,8,7,7,5,12,0,8,9,7,7,6,13,151,8,8,7,6,5,13,80,8,8,7,6,5,12,1,7,8,7,7,5,
164,7,8,7,6,5,9,153,7,8,7,7,5,9,0,8,8,7,7,5,10,152,7,8,7,6,5,10,77,7,8,7,6,5,9,75,7,8,7,7,5,
162,6,7,6,5,4,8,0,6,7,6,6,4,8,0,7,8,6,7,4,9,151,6,7,6,6,4,9,79,6,7,6,5,4,8,79,6,7,6,6,4,
165,7,8,6,5,4,9,78,6,7,6,7,4,8,0,7,8,6,7,4,9,153,7,8,6,6,4,10,77,7,8,6,5,4,9,154,6,7,6,6,4,
163,7,8,6,6,5,9,80,6,8,7,7,5,9,0,7,8,6,7,5,9,152,7,8,7,6,5,10,80,7,8,7,6,5,9,0,6,8,6,7,5,
183,7,8,6,6,5,9,173,7,8,7,7,5,9,0,7,8,7,7,5,10,151,7,8,7,6,5,10,75,7,8,7,6,5,9,74,6,8,7,7,5,
165,10,8,7,8,7,12,1,9,8,7,10,7,11,0,10,8,7,10,7,12,155,10,8,7,9,7,13,80,10,8,7,9,7,12,81,9,8,7,10,7,
164,7,8,7,6,5,9,78,7,8,7,7,5,9,0,8,8,7,7,5,10,152,7,8,7,6,5,10,78,7,8,7,6,5,9,1,7,8,7,7,5,
169,8,8,7,6,5,9,159,8,8,7,7,5,9,0,8,9,7,8,6,10,159,8,8,7,6,5,11,80,8,8,7,6,5,10,82,7,8,7,7,5,
168,7,8,6,5,4,9,0,6,7,6,6,4,8,0,7,8,6,7,5,9,157,7,7,6,6,4,10,81,7,8,6,5,4,8,82,6,7,6,6,4,
160,7,8,6,5,5,9,76,7,7,6,7,4,9,0,7,8,6,7,5,9,150,7,7,6,6,4,10,76,7,8,6,6,5,9,0,6,7,6,7,4,
164,7,8,6,6,5,9,155,6,8,6,7,4,9,0,7,8,7,7,5,10,154,7,8,7,6,5,10,78,7,8,6,6,5,9,78,6,8,6,7,4,
164,7,8,6,6,5,9,1,7,8,7,7,5,9,0,7,8,7,7,5,10,153,7,8,7,6,5,10,76,7,8,7,6,5,9,76,7,8,7,7,5,
187,7,8,6,6,5,9,79,7,8,7,7,5,9,0,8,8,7,7,5,10,177,7,8,7,6,5,10,98,7,8,7,6,5,9,1,7,8,7,7,5,
162,6,10,6,5,4,19,0,6,7,6,6,4,19,0,7,11,6,6,4,20,151,6,7,6,6,4,20,76,6,10,6,5,4,19,78,6,7,6,6,4,
163,7,8,7,6,5,9,78,7,8,7,7,5,9,0,8,9,7,7,6,10,150,7,8,7,6,5,10,77,7,8,7,6,5,9,1,7,8,7,7,5,
165,7,7,6,5,4,8,0,6,7,6,6,4,8,0,7,8,6,6,5,9,155,7,7,6,6,4,10,83,7,7,6,5,4,8,83,6,7,6,6,4,
163,7,8,6,6,4,9,77,6,7,6,7,4,9,0,7,8,6,7,4,10,152,7,7,6,6,4,10,77,7,7,6,6,4,9,0,6,7,6,7,4,
168,7,9,7,6,5,9,1,7,8,7,7,5,9,0,8,9,7,7,5,10,157,7,8,7,6,5,10,83,8,9,7,6,5,9,84,7,8,7,7,5,
160,7,8,7,6,5,9,79,7,8,7,7,5,9,0,7,8,7,7,5,10,150,7,8,8,6,5,10,79,7,8,7,6,5,9,1,7,8,7,7,5,
162,7,8,7,6,5,9,1,7,8,7,7,5,9,0,8,8,7,7,5,10,152,7,8,7,6,5,10,80,7,8,7,6,5,9,79,7,8,7,7,5,
170,7,8,7,6,5,9,87,7,8,7,7,5,9,0,8,9,7,7,6,10,160,7,8,7,6,5,11,78,7,9,7,6,5,9,160,7,8,7,7,5,
163,7,18,16,6,15,9,78,7,18,16,7,14,9,0,7,18,17,7,15,10,152,7,18,17,6,15,10,78,7,18,16,6,15,9,0,6,18,16,7,14,
166,7,8,7,6,5,9,156,6,8,7,7,5,9,0,7,8,7,7,5,10,155,7,8,7,6,5,10,76,7,8,7,6,5,9,76,6,8,7,7,5,
158,7,7,7,6,4,9,1,7,7,8,7,4,9,0,7,8,8,7,5,10,148,7,7,8,6,4,10,77,7,7,8,6,4,9,77,7,7,8,7,4,
163,7,8,6,6,5,9,83,7,8,7,7,5,9,0,7,8,7,7,5,10,153,7,8,7,6,5,10,82,7,8,7,6,5,9,1,7,8,7,7,5,
162,7,8,7,6,5,9,1,7,8,7,7,5,9,0,8,9,7,7,5,10,152,7,8,7,6,5,10,77,7,8,7,6,5,9,77,7,8,7,7,5,
162,6,7,6,5,4,8,78,6,7,6,6,4,8,0,7,8,6,6,5,9,150,6,7,6,5,4,10,78,6,8,6,5,4,8,0,6,7,6,6,4,
181,7,8,6,5,4,8,0,7,7,6,6,4,8,0,7,8,6,6,5,9,171,7,7,6,6,4,10,99,7,7,6,5,4,8,84,6,7,6,6,4,
163,7,8,6,6,5,9,78,6,7,6,7,4,9,0,7,8,6,7,5,9,151,7,8,7,6,5,10,79,7,8,7,6,5,9,0,6,7,6,7,4,
164,5,8,6,6,4,7,0,5,7,6,7,4,7,0,5,8,6,7,5,8,151,5,7,6,6,4,8,80,5,8,7,6,4,7,80,5,7,6,7,4,
164,7,8,7,6,5,9,95,7,8,7,7,5,9,0,8,8,7,7,5,10,155,7,8,7,6,5,10,79,7,8,7,6,5,9,1,7,8,7,7,5,
163,7,8,7,6,5,9,1,7,8,7,7,5,9,0,8,9,7,7,5,10,153,7,8,7,6,5,10,81,7,8,7,6,5,9,81,7,8,7,7,5,
163,6,7,6,5,4,8,77,6,7,6,6,4,8,0,7,8,6,6,4,9,152,6,7,6,5,4,10,79,6,7,6,5,4,8,0,6,7,6,6,4,
163,7,7,5,6,4,9,0,6,7,6,7,4,9,0,7,7,6,7,4,9,153,7,7,6,6,4,10,82,7,7,6,6,4,9,84,6,7,6,7,4,
163,7,7,7,6,4,9,75,6,6,8,7,4,9,0,7,7,8,7,4,10,152,7,6,8,6,4,10,76,7,7,7,6,4,9,153,6,6,8,7,4,
159,7,8,6,6,5,9,75,7,8,7,7,5,9,0,7,8,7,7,5,10,148,7,8,7,6,5,10,77,7,8,7,6,5,9,149,7,8,7,7,5,
157,7,8,6,6,5,9,75,7,8,7,7,5,9,0,7,8,7,7,5,10,147,7,8,7,6,5,10,77,7,8,7,6,5,9,0,7,8,7,7,5,
163,7,8,6,6,5,11,0,7,8,7,7,4,11,0,7,8,7,7,5,11,152,7,8,7,6,5,11,80,7,8,7,6,5,11,80,7,8,6,7,4,
164,7,7,6,5,4,9,77,6,7,6,6,4,8,0,7,8,6,6,5,9,153,7,7,6,6,4,10,79,7,7,6,5,4,9,154,6,7,6,6,4,
160,7,8,6,6,5,9,75,6,7,6,7,4,9,0,7,8,6,7,5,10,151,7,7,6,6,4,10,76,7,8,6,6,5,9,0,6,7,6,7,4,
159,7,8,6,6,5,9,149,6,7,7,6,4,8,0,7,8,7,6,5,9,149,7,7,7,6,4,10,76,7,8,6,5,4,9,76,6,7,7,6,4,
181,7,8,6,6,5,9,0,7,8,6,7,5,9,0,7,8,7,7,5,10,171,7,8,7,6,5,10,76,7,8,6,6,5,9,77,6,8,6,7,5,
163,7,8,6,6,5,9,78,7,8,7,7,5,9,0,7,8,7,7,5,10,152,7,8,7,6,5,10,79,7,8,7,6,5,9,153,7,8,7,7,5,
168,7,8,7,6,5,9,82,7,8,7,7,5,9,0,8,8,7,7,5,10,156,7,8,7,6,5,10,77,7,8,7,6,5,9,158,7,8,7,7,5,
157,9,7,6,5,4,11,73,9,7,6,6,4,11,0,10,8,6,6,5,12,147,9,7,6,5,4,12,74,9,7,6,5,4,11,0,9,7,6,6,4,
156,7,7,6,5,4,8,0,6,7,6,6,4,8,0,7,8,6,6,4,9,147,7,7,6,5,5,9,75,6,8,6,5,4,8,74,6,7,6,6,4,
163,6,7,5,5,3,8,74,6,6,5,6,3,8,0,6,7,5,6,4,9,149,6,6,5,5,3,9,75,6,7,5,5,3,8,0,6,6,5,6,3,
161,7,8,6,6,5,9,0,6,7,6,7,4,9,0,7,8,6,7,5,10,150,7,8,7,6,4,10,78,7,8,6,6,5,9,78,6,7,6,7,4,
163,7,8,6,6,5,9,74,7,8,7,7,5,9,0,7,8,7,7,5,10,152,7,8,7,6,5,10,75,7,8,7,6,5,9,153,7,8,7,7,5,
158,7,8,7,6,5,9,74,7,8,7,7,5,9,0,8,8,7,7,5,10,149,7,8,7,6,5,10,75,7,8,7,6,5,9,1,7,8,7,7,5,
158,7,8,7,6,5,9,148,7,8,7,7,5,9,0,8,8,7,7,5,10,148,7,8,7,7,5,10,75,7,8,7,6,5,9,75,7,8,7,7,5,
162,7,10,8,6,7,9,0,7,9,8,6,7,9,0,7,10,8,7,7,10,151,7,9,8,6,7,10,79,7,10,8,6,7,9,79,6,9,8,6,7,
166,7,18,6,6,5,9,78,6,18,6,6,4,9,0,7,18,6,7,5,9,155,7,18,6,6,4,10,79,7,18,6,6,5,9,156,6,18,6,6,4,
168,5,7,6,5,4,7,78,5,7,6,6,4,7,0,5,7,6,6,4,8,154,5,7,6,6,4,8,79,5,7,6,5,4,7,155,4,7,6,6,4,
169,7,11,7,6,5,20,78,6,10,7,7,4,20,0,7,11,7,7,5,21,159,7,10,7,6,5,21,80,7,11,7,6,5,20,152,6,10,7,7,4,
163,7,8,6,5,5,9,75,7,7,6,6,4,9,0,7,8,6,7,5,10,152,7,7,6,6,4,10,75,7,8,6,5,5,9,152,6,7,6,6,4,
186,7,8,6,6,6,9,80,6,7,6,7,6,8,0,7,8,6,7,6,9,175,7,7,6,6,6,10,80,7,8,6,6,6,9,159,6,7,6,7,6,
160,7,8,7,6,5,9,75,7,8,7,7,5,9,0,8,8,7,7,5,10,150,7,8,7,6,5,10,75,7,8,7,6,5,10,1,7,8,7,7,5,
158,7,8,7,6,5,9,1,7,8,7,7,5,9,0,8,8,7,7,5,10,148,7,8,7,6,5,10,76,7,8,7,6,5,10,77,7,8,7,7,5,
163,7,8,6,5,4,9,74,6,7,6,6,4,8,0,7,8,6,7,5,9,150,7,7,6,6,4,10,74,7,7,6,5,4,9,152,6,7,6,6,4,
163,7,8,6,5,5,9,77,7,7,6,6,4,9,0,7,8,6,7,5,10,152,7,7,6,6,4,10,77,7,8,6,5,5,9,153,6,7,6,6,4,
165,17,8,6,7,5,19,79,16,8,6,8,4,19,0,17,8,7,8,5,20,153,17,8,7,7,5,20,78,17,8,6,7,5,19,155,16,8,6,8,5,
163,7,8,6,6,5,9,75,7,8,7,7,4,9,0,7,8,7,7,5,10,152,7,8,7,6,5,10,75,7,8,6,6,5,9,153,7,8,7,7,4,
160,7,8,7,6,5,9,75,7,8,7,7,5,9,0,8,8,7,7,5,10,148,7,8,8,17,5,10,75,7,8,7,6,5,9,150,7,8,7,7,5,
160,8,9,6,5,4,10,75,7,9,6,6,4,10,0,8,10,6,6,5,10,148,8,9,6,5,4,11,75,8,9,6,5,4,10,148,7,9,6,6,4,
164,6,7,6,5,4,9,78,6,7,6,6,4,8,0,7,8,6,6,5,9,153,7,7,6,5,4,10,78,6,7,6,5,4,9,153,6,7,6,6,4,
162,7,8,6,6,5,9,75,6,7,6,7,4,9,0,7,8,6,7,5,10,151,7,8,7,6,5,10,75,7,8,6,6,5,9,151,6,7,6,7,4,
188,10,8,6,6,5,12,75,9,7,6,7,4,12,0,10,8,6,7,5,13,151,10,8,7,6,5,13,75,10,8,6,6,5,12,177,9,7,6,7,4,
160,7,8,6,6,5,9,75,7,8,7,7,5,9,0,8,8,7,7,5,10,149,8,8,7,6,5,10,76,7,8,7,6,5,9,149,7,8,7,7,5,
161,7,11,6,6,5,11,78,7,8,7,7,5,11,0,29,11,7,7,5,11,151,7,11,7,6,5,11,78,7,11,7,6,5,11,151,7,8,7,7,5,
164,7,8,6,6,5,9,81,7,8,7,7,4,9,0,8,8,7,7,5,10,154,7,8,7,6,5,10,81,7,8,6,6,5,9,154,7,8,7,7,5,
181,7,8,6,6,5,9,77,6,8,7,7,5,9,0,7,8,7,7,5,10,171,7,8,7,6,5,12,95,7,8,6,6,5,9,152,7,8,7,7,5,
160,7,8,7,6,5,9,76,7,8,7,7,5,9,0,8,8,7,8,5,10,149,7,8,7,6,5,10,76,7,8,7,6,5,9,149,7,8,7,7,5,
158,7,8,7,6,5,12,75,7,8,7,7,5,12,0,8,8,7,7,5,13,149,8,8,7,6,5,13,76,7,8,7,6,5,12,149,7,8,7,7,5,
161,5,10,9,6,7,7,78,5,10,9,7,7,7,0,6,11,9,7,7,8,151,5,10,9,6,7,8,78,5,10,9,6,7,7,151,5,10,9,7,7,
168,7,9,6,5,5,9,81,6,8,6,6,4,9,0,7,9,7,6,5,10,157,7,8,7,5,4,10,81,6,9,6,5,5,9,158,6,8,6,6,4,
163,7,7,6,5,5,9,75,6,7,6,6,4,9,0,7,7,6,7,5,10,152,7,7,6,6,4,10,75,7,7,6,6,4,9,153,6,7,6,6,4,
160,7,8,7,6,5,9,76,7,7,7,7,5,9,0,8,8,7,7,5,10,149,7,8,7,6,5,10,76,7,8,7,6,5,9,150,9,7,7,7,5,
185,7,9,7,6,5,9,77,7,8,7,7,4,9,0,7,9,7,7,5,10,150,7,8,7,6,5,10,77,7,8,7,6,5,9,150,6,8,7,7,5,
164,7,8,7,5,5,9,79,7,8,7,6,5,9,0,7,8,7,7,5,10,152,7,8,7,6,5,10,79,7,8,7,5,5,9,153,7,8,7,6,5,
162,7,8,7,6,5,9,75,7,8,7,7,5,9,0,8,8,7,7,6,10,152,7,8,7,6,5,10,76,7,8,7,6,5,9,152,7,8,7,7,5,
159,7,8,7,6,5,9,74,7,8,8,7,5,9,0,8,9,8,7,5,10,148,7,8,8,7,5,10,75,7,8,7,6,5,9,146,7,8,7,7,5,
185,7,8,6,5,5,9,78,7,7,6,6,4,9,0,8,8,6,6,5,11,154,7,7,6,6,4,11,78,7,7,6,5,5,9,174,7,7,6,6,4,
165,8,9,8,6,7,10,78,7,9,8,7,6,10,0,8,10,8,7,7,11,154,8,9,8,7,7,11,80,8,9,8,6,7,10,156,7,9,8,7,6,
173,7,8,6,5,4,8,75,6,7,6,6,4,8,0,7,8,6,6,4,10,161,7,8,6,5,4,10,76,7,8,6,5,4,8,163,6,7,6,6,4,
164,7,8,7,6,5,9,75,7,7,7,6,4,9,0,7,8,7,7,5,10,151,7,8,7,6,5,10,76,7,8,7,6,5,9,0,7,7,7,6,4,
171,7,10,6,5,5,9,0,6,10,7,6,4,9,0,7,10,6,6,5,9,161,7,10,7,5,4,10,88,7,10,6,5,5,9,74,6,10,6,6,4,
155,7,8,9,6,5,10,74,7,8,10,7,5,9,0,7,8,9,7,5,11,146,7,8,10,6,5,11,74,7,8,9,6,5,10,1,7,8,10,7,5,
169,7,8,6,6,5,9,159,6,7,7,6,4,9,0,7,8,6,7,5,9,159,7,8,7,6,4,10,78,7,8,6,6,5,9,77,6,7,7,6,4,
162,7,8,6,6,5,9,0,6,7,7,7,4,9,0,7,8,7,7,5,9,152,7,8,7,6,5,9,75,7,8,7,6,5,9,74,6,7,7,7,5,
164,7,8,7,6,5,9,75,6,8,7,7,5,9,0,7,8,7,7,5,10,156,7,8,7,6,5,10,75,7,8,7,6,5,9,156,6,8,7,7,5,
156,7,8,7,6,5,9,74,7,8,7,7,5,9,0,7,8,7,7,5,10,147,7,8,7,6,5,10,75,7,8,7,6,5,9,1,7,8,7,7,5,
166,7,8,7,6,5,9,158,7,8,7,7,5,9,0,7,8,7,7,6,10,158,7,8,7,6,5,10,78,7,8,7,6,5,9,78,7,8,7,7,5,
161,7,7,6,5,4,8,149,6,7,6,6,4,8,0,6,8,6,6,5,9,151,6,7,6,5,4,9,78,6,7,6,5,4,8,74,6,7,6,6,4,
162,7,8,6,5,5,9,0,6,7,6,6,4,8,0,7,8,6,7,5,9,152,7,8,7,6,4,9,77,7,8,6,5,5,9,77,6,7,6,6,4,
156,7,8,6,5,5,9,75,6,7,7,6,4,9,0,7,8,6,6,5,9,146,7,8,7,6,5,10,75,7,8,6,5,5,9,0,6,7,6,6,4,
158,7,8,7,6,5,9,1,6,8,7,7,4,9,0,7,8,7,7,5,9,147,7,8,7,6,5,10,75,7,8,7,6,5,9,75,6,7,7,7,5,
161,7,8,6,6,5,9,78,6,8,7,7,5,9,0,7,8,7,7,5,10,150,7,8,7,6,5,10,78,7,8,6,6,5,9,1,6,8,7,7,5,
160,7,8,7,6,5,9,151,6,8,7,7,5,9,0,7,8,7,7,5,10,151,7,8,7,6,5,10,75,7,8,7,6,5,9,74,6,8,7,7,5,
158,7,8,7,6,5,9,1,7,8,7,7,5,9,0,7,8,7,7,5,10,150,7,8,7,6,5,10,78,7,8,7,6,5,9,78,7,8,7,7,5,
178,7,7,6,5,4,8,75,6,7,6,6,4,8,0,7,8,6,6,4,9,168,7,7,7,5,4,9,75,7,7,6,5,4,8,0,6,7,6,6,4,
161,10,10,6,6,5,10,151,6,10,10,10,5,10,0,10,10,10,10,5,10,151,10,10,10,6,5,10,78,10,10,6,6,5,10,79,6,10,10,10,5,
160,7,8,6,6,5,9,0,6,7,7,6,4,9,0,7,8,7,7,5,9,149,7,8,7,6,5,10,78,7,8,6,6,5,9,79,6,7,7,6,5,
161,7,8,6,6,5,9,75,6,7,7,6,4,9,0,7,8,7,7,5,9,150,7,8,7,6,5,10,75,7,8,7,6,5,9,1,6,7,7,6,5,
161,7,8,6,6,5,9,149,6,7,6,6,4,9,0,7,8,6,7,5,10,149,7,7,7,6,4,10,75,7,8,6,6,5,9,76,6,7,6,6,4,
157,7,7,6,5,4,8,0,6,7,6,6,4,8,0,7,8,6,6,4,9,147,7,7,6,5,4,9,75,6,7,6,5,4,8,75,6,7,6,6,4,
160,6,7,6,5,4,8,78,6,7,6,6,4,8,0,6,8,6,6,4,9,150,6,7,6,5,4,9,78,6,7,6,5,4,8,0,6,7,6,6,4,
160,7,7,6,6,4,9,0,6,7,6,7,4,8,0,7,7,6,7,4,9,150,7,7,6,6,4,10,75,7,7,6,6,4,9,75,6,7,6,7,4,
163,7,8,7,5,5,9,75,6,7,7,6,4,9,0,7,8,7,6,5,9,152,7,8,7,6,5,10,75,7,8,7,5,5,9,0,6,7,7,6,4,
157,7,8,7,6,5,9,1,6,8,7,7,5,9,0,7,8,7,7,5,9,147,7,8,7,6,5,10,75,7,8,7,6,5,9,76,6,8,7,7,5,
162,7,8,6,6,5,9,76,6,8,7,7,4,9,0,7,8,7,7,5,10,148,7,8,7,6,5,10,76,7,8,7,6,5,9,1,6,8,7,7,5,
160,6,7,5,5,4,8,0,6,7,6,6,4,8,0,6,7,6,6,4,9,150,6,7,6,5,4,9,78,6,7,6,5,4,8,79,6,7,6,6,4,
160,7,7,6,5,4,8,76,6,7,6,6,4,8,0,6,8,6,6,4,9,150,6,7,6,5,4,9,75,7,8,6,5,4,8,0,6,7,6,6,4,
160,7,7,6,5,5,8,150,6,7,6,6,4,8,0,7,8,6,6,5,9,150,7,7,6,6,4,9,75,7,7,6,5,5,8,75,6,7,6,6,4,
159,7,7,6,6,4,9,149,6,7,6,6,4,9,0,7,8,6,7,4,10,149,7,7,6,6,4,10,76,7,7,6,6,4,9,74,6,7,6,6,4,
174,7,10,8,6,7,9,152,7,9,9,7,6,9,0,8,10,9,7,7,10,163,7,10,9,7,7,10,79,7,10,8,6,7,9,78,7,9,9,7,6,
163,7,8,6,6,5,9,153,6,7,7,7,4,9,0,7,8,7,7,5,10,153,7,8,7,6,4,10,77,7,8,6,6,5,9,75,6,7,7,7,4,
165,7,8,6,6,5,9,152,6,7,6,7,4,9,0,7,8,6,7,5,9,153,7,7,7,6,4,10,76,7,8,6,6,5,9,75,6,7,6,7,4,
159,7,10,6,5,4,8,0,6,10,6,6,4,8,0,7,10,6,6,4,9,149,6,10,6,5,4,9,77,6,10,6,5,4,8,77,6,10,6,6,4,
160,7,8,9,5,5,8,75,6,7,9,6,4,8,0,7,8,9,6,5,9,150,7,8,10,5,4,9,75,7,8,9,5,5,8,149,6,7,9,6,4,
161,7,8,6,6,5,9,78,6,8,7,7,5,9,0,7,8,7,7,5,9,151,7,8,7,6,5,10,78,7,8,6,6,5,9,0,6,8,7,7,5,
161,7,8,6,6,5,9,0,6,7,7,7,4,9,0,7,8,7,7,5,9,151,7,8,7,6,5,9,76,7,8,7,6,5,9,74,6,7,7,7,5,
158,7,8,7,6,5,9,76,6,8,7,7,5,9,0,7,8,7,7,5,10,148,7,8,7,6,5,10,76,7,8,7,6,5,9,1,6,8,7,7,5,
164,7,8,7,6,5,9,152,7,8,7,7,5,9,0,7,8,7,7,5,12,152,7,8,8,6,5,12,78,7,8,7,6,5,9,78,6,8,7,7,5,
183,7,7,6,6,4,9,172,6,7,7,7,4,9,0,7,8,6,7,4,9,154,7,7,7,6,4,10,78,7,7,6,6,4,9,78,6,7,7,7,4,
160,7,8,6,9,5,9,0,6,7,7,9,4,9,0,7,8,6,10,5,9,150,7,8,7,9,4,10,78,7,8,6,9,5,9,78,6,7,7,9,4,
162,6,8,6,7,5,8,75,6,8,7,6,4,8,0,7,8,6,7,5,9,152,7,9,7,5,4,9,75,6,8,6,7,5,8,152,6,7,7,6,4,
161,7,8,6,6,5,9,77,6,8,7,7,5,9,0,7,8,7,7,5,9,150,7,8,7,6,5,10,77,7,8,6,6,5,9,150,6,8,7,7,5,
160,6,8,7,5,4,8,74,6,8,8,6,4,8,0,6,8,7,6,5,9,149,6,8,8,5,4,9,75,6,8,7,5,4,8,0,6,8,8,6,4,
163,7,8,7,6,5,9,1,7,8,8,7,5,9,0,7,9,7,7,5,10,152,7,8,8,6,5,10,79,7,8,7,6,5,9,78,7,8,8,7,5,
179,6,7,6,5,4,8,77,6,7,6,6,4,9,0,7,8,6,6,4,9,169,6,7,7,5,4,10,92,7,7,6,5,4,8,0,6,7,6,6,4,
160,7,8,6,5,5,8,150,6,7,7,6,4,8,0,7,8,6,6,5,9,150,7,7,7,5,4,10,75,7,8,6,5,5,8,73,6,7,7,6,4,
164,7,8,6,6,5,9,153,7,7,7,8,4,10,0,8,9,6,8,6,11,154,7,8,8,6,4,11,76,7,8,6,6,5,9,75,7,7,7,8,4,
164,7,8,7,6,5,9,153,6,8,7,7,5,9,0,7,8,7,7,5,10,154,7,8,7,6,5,10,79,7,8,7,6,5,9,78,6,8,7,7,5,
167,5,8,6,6,5,7,155,5,7,7,7,4,7,0,5,8,6,7,5,8,156,5,7,7,6,5,8,79,5,8,6,6,5,7,78,5,7,7,7,4,
165,6,7,6,5,5,8,154,6,7,7,6,4,8,0,6,8,6,6,5,9,155,6,7,7,5,4,9,75,6,7,6,5,4,8,74,6,7,7,6,4,
167,7,7,7,5,4,8,155,6,7,7,6,4,8,0,7,8,7,6,5,9,158,7,7,7,5,4,9,76,7,8,7,5,4,8,74,6,7,7,6,4,
162,6,8,6,5,5,8,0,6,7,7,6,4,8,0,6,8,6,6,5,9,152,7,7,7,5,4,9,76,6,8,6,5,5,8,74,6,7,7,6,4,
249,7,8,7,6,5,9,165,6,7,7,6,4,9,0,7,8,7,6,5,9,239,7,8,7,6,5,10,165,7,8,7,5,5,9,239,6,7,7,6,4,
167,7,8,9,6,5,9,76,6,8,10,7,5,9,0,7,8,9,7,5,9,157,7,8,10,6,5,10,76,7,8,9,6,5,9,1,6,8,10,7,5,
173,7,8,7,6,5,9,1,7,8,7,7,5,9,0,7,9,7,7,5,10,163,7,8,8,6,5,10,80,7,8,7,6,5,9,78,7,8,7,7,5,
174,7,8,7,6,5,9,76,7,8,8,7,5,9,0,7,9,7,7,6,10,165,7,8,8,6,5,10,76,7,8,7,6,5,9,1,7,8,8,7,5,
159,7,8,7,6,5,9,1,7,8,7,7,5,9,0,7,9,7,7,5,10,150,7,8,8,6,5,10,76,7,8,7,6,5,9,75,7,8,7,7,5,
160,7,8,7,6,5,9,76,7,8,7,7,5,9,0,7,8,7,7,5,10,150,7,8,8,6,5,10,76,7,8,7,6,5,9,1,7,8,7,7,5,
184,7,8,7,6,5,9,1,6,8,7,7,4,9,0,7,8,7,7,5,9,174,7,8,7,6,5,10,81,7,8,6,6,5,9,103,6,8,7,7,4,
164,7,8,7,6,5,9,79,6,8,7,7,5,9,0,7,8,7,7,5,9,153,7,8,7,6,5,10,79,7,8,7,6,5,9,153,6,8,7,7,5,
168,7,8,7,6,5,9,79,6,8,7,7,4,9,0,7,8,7,7,5,10,158,7,8,7,6,5,10,80,7,8,7,6,5,9,1,6,8,7,7,5,
163,7,8,7,6,5,9,1,6,8,7,7,5,9,0,7,8,7,7,5,10,154,7,8,7,6,5,10,80,7,8,7,6,5,9,78,6,8,7,7,5,
164,19,8,7,6,5,20,80,18,8,7,7,5,20,0,19,9,7,7,5,24,155,19,8,8,6,5,24,81,19,8,7,6,5,20,1,18,8,8,7,5,
166,6,8,6,6,5,8,0,6,7,7,6,4,8,0,7,8,6,6,5,9,156,7,7,7,6,4,9,83,6,8,6,5,5,8,81,6,7,7,6,4,
167,7,8,6,5,5,8,79,6,7,7,6,4,8,0,7,8,6,6,5,9,157,7,8,7,6,5,9,80,7,8,6,5,5,8,0,6,7,7,6,5,
167,7,8,6,5,5,9,0,6,7,7,6,4,9,0,7,8,6,7,5,9,156,7,8,7,6,5,10,80,7,8,6,5,5,9,79,6,7,7,6,4,
164,7,8,7,6,5,9,80,6,8,7,7,5,9,0,7,8,7,7,5,9,155,7,8,7,6,5,10,81,7,8,7,6,5,9,1,6,8,7,7,5,
166,9,9,9,9,5,9,1,9,9,9,9,5,9,0,9,9,9,9,5,10,157,9,9,9,9,5,10,84,9,9,9,9,5,9,82,9,9,9,9,5,
166,7,8,7,6,5,9,82,7,8,7,7,5,9,0,7,9,7,7,5,10,157,7,8,8,6,5,10,83,7,8,7,6,5,9,1,7,8,7,7,5,
166,7,8,7,6,5,9,1,7,8,7,7,5,9,0,7,9,7,7,5,10,157,7,8,8,6,5,10,80,7,8,7,6,5,9,79,7,8,7,7,5,
165,7,8,6,5,5,9,79,6,7,7,6,4,8,0,7,8,6,6,5,9,155,7,8,7,5,4,10,81,7,8,6,5,5,9,0,6,7,7,6,4,
164,7,8,6,6,5,9,0,6,7,7,6,4,9,0,7,8,6,7,5,9,153,7,8,7,6,5,10,80,7,8,6,6,5,9,78,6,7,7,6,5,
169,7,11,10,6,8,9,81,6,11,11,7,4,9,0,7,11,10,7,9,10,159,7,11,11,6,8,10,85,7,11,10,6,8,9,155,6,11,11,7,5,
189,7,8,7,6,5,9,81,7,8,7,7,5,9,0,7,9,7,7,5,10,181,7,8,8,6,5,10,108,7,8,7,6,5,9,1,7,8,8,7,5,
163,7,8,7,6,5,9,1,7,8,7,7,5,9,0,7,8,7,7,5,10,152,7,8,7,6,5,10,75,7,8,7,6,5,9,75,6,8,7,7,5,
162,7,8,7,6,5,20,78,7,8,8,7,5,20,0,7,9,7,7,5,21,153,8,8,8,6,5,21,78,7,8,7,6,5,20,152,7,8,8,7,5,
164,6,7,6,5,4,8,76,6,7,7,6,4,8,0,6,8,6,6,4,9,149,7,7,7,5,4,9,76,6,8,6,5,4,8,0,6,7,7,6,4,
164,6,8,7,6,5,8,1,6,8,7,6,4,8,0,7,8,7,7,5,9,152,7,8,7,6,5,9,79,6,8,7,6,5,8,78,6,8,7,6,4,
164,6,8,7,6,5,8,76,6,7,7,7,4,8,0,7,8,7,7,5,9,153,7,8,7,6,5,9,75,6,8,7,6,5,8,153,6,7,7,6,4,
161,7,8,7,6,5,9,76,7,8,8,7,5,9,0,7,8,7,7,5,9,151,7,8,8,6,5,10,77,7,8,7,6,5,9,151,6,8,8,7,5,
160,7,8,7,6,5,10,76,6,8,8,7,5,10,0,7,9,7,7,5,11,150,7,8,8,6,5,11,76,7,8,7,6,5,10,1,6,8,8,7,5,
183,6,11,10,6,8,8,174,6,11,10,6,8,8,0,6,11,10,7,8,9,154,6,11,11,6,8,9,79,6,11,10,6,8,8,80,6,11,11,6,8,
165,6,8,6,5,5,8,155,6,7,7,6,4,8,0,6,8,6,6,5,9,155,6,7,7,6,4,9,77,6,8,6,5,5,8,76,6,7,7,6,4,
168,7,8,7,6,5,9,1,7,8,7,7,4,9,0,7,8,7,7,5,9,157,7,8,8,6,5,10,77,7,8,7,6,5,9,76,7,8,7,7,5,
164,6,8,7,6,5,9,77,6,8,7,7,4,9,0,7,8,7,7,5,9,153,7,8,7,6,4,10,77,6,8,7,6,5,8,153,6,8,7,7,5,
162,7,8,7,6,5,9,77,7,8,7,7,5,9,0,7,8,7,7,5,9,151,7,8,8,6,5,10,77,7,8,7,6,5,9,1,7,8,7,7,5,
163,7,9,7,6,5,9,1,7,8,8,7,5,9,0,8,9,7,7,5,10,154,7,8,8,6,5,10,80,7,9,7,6,5,9,80,7,8,8,7,5,
184,6,8,6,5,5,8,77,6,7,7,6,4,8,0,7,8,6,6,5,9,174,6,7,7,5,4,9,77,6,8,6,5,5,8,154,6,7,7,6,4,
164,7,8,7,6,5,8,79,6,7,7,6,5,8,0,7,8,7,6,5,9,155,7,8,7,6,4,9,79,7,8,7,6,5,8,154,6,7,7,6,5,
164,6,8,7,6,5,9,76,6,8,7,6,5,9,0,7,8,7,7,5,9,153,7,8,7,6,5,10,76,6,8,7,6,5,9,1,6,8,7,6,5,
162,6,8,7,6,5,9,1,6,7,7,6,5,9,0,7,8,7,7,5,9,152,7,8,7,6,4,10,79,6,8,7,6,5,8,78,6,7,7,6,5,
163,5,8,7,6,5,7,79,5,8,7,7,5,7,0,6,9,7,7,5,8,154,6,8,8,6,5,8,80,5,8,7,6,5,7,154,5,8,7,7,5,
161,7,8,7,6,5,9,76,7,8,7,7,5,9,0,7,9,7,7,5,10,152,7,8,8,6,5,10,77,7,8,7,6,5,9,1,7,8,7,7,5,
159,7,9,7,6,5,9,1,7,8,8,7,5,9,0,7,9,7,7,5,10,150,7,8,8,7,5,10,77,7,9,7,6,5,9,76,7,8,8,7,5,
163,6,8,7,5,5,8,78,6,7,7,6,5,8,0,6,8,6,6,5,9,153,6,8,7,6,5,9,78,6,8,7,5,5,8,153,6,7,7,6,5,
163,7,8,7,6,5,9,79,6,8,7,6,5,9,0,7,8,7,7,5,9,153,7,8,7,6,5,10,79,7,8,7,6,5,9,1,6,8,7,6,5,
163,6,8,7,6,5,9,1,6,7,7,6,5,8,0,7,8,7,7,5,9,152,7,8,7,6,5,10,76,7,8,7,6,5,8,75,6,7,7,6,5,
161,9,8,7,6,5,12,76,9,8,7,7,5,12,0,10,8,7,7,5,12,151,10,8,7,6,4,13,77,10,8,7,6,5,12,1,9,8,7,7,5,
160,7,8,7,6,5,9,1,7,8,7,7,5,9,0,7,9,7,7,5,10,150,7,8,7,6,5,10,76,7,8,7,6,5,9,76,7,8,7,7,5,
174,8,7,6,7,6,11,90,8,7,6,8,6,11,0,11,7,6,8,6,11,164,8,7,6,7,6,11,90,8,7,6,7,6,11,1,8,7,6,8,6,
164,6,7,6,5,4,8,0,6,7,7,6,4,8,0,6,8,6,6,4,9,154,6,7,7,5,4,9,79,6,7,6,5,4,8,80,6,7,7,6,5,
164,7,8,7,6,5,9,77,7,8,7,7,5,9,0,7,8,7,7,5,10,154,7,8,8,6,5,10,77,7,8,7,6,5,9,1,7,8,7,7,5,
172,8,10,7,6,5,10,1,8,9,7,6,4,10,0,8,10,7,7,5,11,162,8,10,7,6,4,11,76,8,10,7,6,5,10,75,8,9,7,6,4,
162,7,8,7,6,5,9,78,7,8,7,7,5,9,0,7,8,7,7,5,9,152,7,8,7,6,5,10,78,7,8,7,6,5,9,1,7,8,7,7,5,
164,7,11,7,6,5,9,1,6,10,7,29,5,9,0,7,11,7,8,5,9,155,7,11,8,6,5,10,81,7,11,7,6,5,9,81,6,10,7,29,5,
171,7,8,7,6,6,9,87,7,8,8,7,6,9,0,7,9,7,7,6,10,158,7,8,8,6,6,10,79,7,8,7,6,6,9,162,7,8,7,7,6,
167,6,8,6,5,4,9,78,6,7,7,5,4,8,0,7,8,6,6,4,9,157,7,7,7,5,4,9,79,6,8,6,5,4,8,157,6,7,7,5,4,
164,6,11,7,5,5,8,78,6,10,7,6,5,8,0,7,11,7,6,5,9,153,6,10,7,6,5,9,79,6,11,7,5,5,8,0,6,10,7,6,4,
164,7,8,7,6,5,9,1,7,8,7,7,5,9,0,7,9,7,7,5,10,154,7,8,8,6,5,10,78,7,8,7,6,5,9,77,7,8,7,7,5,
166,7,8,7,6,5,9,80,6,8,7,6,5,9,0,7,8,7,7,5,9,155,7,8,7,6,5,10,80,7,8,7,6,5,9,156,6,8,7,6,5,
166,7,9,8,6,5,9,78,7,8,8,7,5,9,0,7,9,8,7,5,10,157,7,8,8,6,6,10,80,7,9,8,6,5,9,1,7,8,8,7,5,
161,7,8,7,6,5,9,152,7,8,7,7,5,9,0,7,9,7,7,5,10,152,7,8,8,6,5,10,78,7,8,7,6,5,9,77,7,8,7,7,5,
167,6,8,6,5,5,9,152,6,7,7,6,5,9,0,7,8,6,6,5,9,153,6,7,7,5,5,10,78,6,8,6,5,5,9,76,6,7,7,6,5,
168,6,9,7,5,5,8,158,6,8,7,6,5,8,0,7,9,7,7,5,9,158,7,9,7,6,5,9,83,6,9,7,5,5,8,81,6,8,7,6,5,
163,6,8,7,6,5,9,0,6,7,7,9,5,9,0,7,8,7,9,5,9,153,7,8,7,6,5,10,80,6,8,7,6,5,8,79,6,7,7,9,5,
164,6,8,7,6,5,8,77,6,7,7,6,5,8,0,7,8,7,7,5,9,154,7,8,7,6,5,9,77,6,8,7,6,5,8,154,6,7,7,6,5,
163,7,8,7,6,5,9,78,7,8,7,7,5,9,0,7,9,7,7,5,10,152,7,8,8,6,5,10,78,7,8,7,6,5,9,152,7,8,7,7,5,
174,6,18,17,5,15,8,77,6,18,17,6,15,8,0,6,18,17,6,15,9,164,7,18,17,5,15,9,90,6,18,17,5,15,8,151,6,18,17,6,15,
166,6,8,6,5,4,8,82,6,7,7,6,4,8,0,6,8,6,6,5,9,156,7,7,7,5,5,9,82,6,8,6,5,4,8,156,6,7,7,6,4,
164,6,8,7,6,5,9,76,6,8,7,6,5,8,0,7,8,7,6,5,10,153,7,8,7,6,5,10,76,7,8,7,6,5,9,153,6,8,7,6,5,
161,6,8,7,6,5,8,76,6,7,7,6,5,8,0,7,8,7,6,5,9,150,7,8,7,6,5,9,77,6,8,7,6,5,8,148,6,7,7,6,5,
159,7,8,7,6,5,9,76,6,8,7,6,5,9,0,7,8,7,7,5,9,149,7,8,7,6,5,10,77,7,8,7,6,5,9,0,6,8,7,6,5,
173,7,8,7,6,5,9,164,7,8,7,7,5,9,0,7,8,7,7,5,9,158,7,8,7,6,5,10,83,7,8,7,6,5,9,90,7,8,7,7,5,
166,5,8,6,6,4,7,0,5,7,7,6,5,7,0,5,8,6,6,5,7,156,5,7,7,6,5,8,82,5,8,6,6,4,7,81,5,7,7,6,5,
165,7,8,7,6,5,9,79,7,8,8,7,5,9,0,7,9,7,7,5,10,156,7,8,8,6,5,10,79,7,8,7,6,5,9,156,7,8,7,7,5,
161,6,8,6,5,4,8,78,6,7,7,6,4,8,0,6,8,6,6,5,9,151,6,7,7,6,5,9,78,6,8,6,5,4,8,0,6,7,7,6,4,
161,6,8,7,6,5,8,150,6,7,7,6,5,8,0,7,8,7,7,5,9,151,7,8,7,6,5,9,78,7,8,7,5,5,8,77,6,7,7,6,4,
167,7,8,7,6,5,9,1,6,8,7,7,5,9,0,7,8,7,7,5,9,157,7,8,7,6,5,10,82,7,8,7,6,5,9,80,6,8,7,7,5,
166,7,8,7,6,5,9,78,7,8,7,7,5,9,0,7,8,7,7,5,10,156,7,8,7,6,5,10,79,7,8,7,6,5,9,156,7,8,7,7,5,
163,9,7,6,5,4,11,77,9,7,6,6,4,11,0,9,8,6,6,4,12,152,9,7,7,5,4,12,79,9,7,6,5,4,11,0,9,7,6,6,4,
163,6,7,6,5,4,8,150,6,7,6,6,4,8,0,6,8,6,6,4,9,152,6,7,7,5,4,9,78,6,7,6,5,4,8,77,6,7,6,6,4,
183,6,7,6,5,4,8,0,6,7,6,6,4,8,0,6,7,6,6,4,9,171,6,7,7,5,4,9,82,6,7,6,5,4,8,81,6,7,6,6,4,
164,6,8,7,6,5,8,78,6,7,7,6,5,8,0,7,8,7,7,5,9,154,7,8,7,6,5,9,79,6,8,7,6,5,8,152,6,7,7,6,5,
162,7,8,7,6,5,9,75,7,8,7,6,5,9,0,7,8,7,7,5,9,152,7,8,7,6,5,10,76,7,8,7,6,5,9,1,7,8,7,6,5,
162,7,8,18,6,5,9,150,6,8,19,6,5,9,0,7,8,19,7,5,10,152,7,8,19,6,5,10,75,7,8,19,6,5,9,74,6,8,19,6,5,
160,6,7,6,5,4,8,0,6,7,7,6,4,8,0,6,8,6,6,4,9,150,6,7,7,5,4,9,75,6,7,6,5,4,8,74,6,7,7,6,4,
163,6,9,9,5,6,8,79,6,9,9,6,6,8,0,6,10,9,6,6,9,153,6,9,9,5,6,9,79,6,9,9,5,6,8,153,6,9,9,6,6,
115,6,8,7,5,5,8,81,6,7,7,6,5,8,0,6,8,7,6,5,9,105,6,8,7,6,5,9,103,6,8,7,5,5,8,0,6,7,7,6,5,
550,254,215,50,115,99,166,5,71,159,108,228,46,114,0,256,217,51,230,99,363,9,71,160,109,168,47,364,6,254,215,50,115,99,166,0,71,160,108,228,46,
20,7,8,6,6,4,9,5,6,7,7,7,4,9,0,7,8,6,7,4,10,8,7,8,7,6,4,10,5,7,8,6,6,4,9,4,6,7,7,7,4,
31,6,8,7,5,5,19,0,6,8,7,7,4,19,0,6,8,7,7,5,20,7,6,8,7,5,4,21,4,6,8,7,5,5,19,3,6,7,7,7,4,
19,6,7,6,5,4,8,3,7,6,6,6,3,8,0,6,7,6,6,4,9,8,6,7,6,5,3,9,5,6,7,6,5,4,8,8,6,6,6,6,3,
20,6,10,6,5,5,10,3,6,10,10,6,4,10,0,6,10,10,6,5,10,11,6,10,10,5,4,10,4,6,10,6,5,5,10,10,6,10,10,6,4,
39,6,7,6,5,4,8,3,6,7,30,6,3,8,0,7,7,6,6,4,9,8,6,7,30,5,3,9,4,6,7,5,5,4,8,0,6,6,30,6,3,
18,6,7,6,5,4,8,0,5,7,6,6,4,8,0,6,7,6,7,4,8,9,6,7,6,6,4,9,4,6,7,6,5,4,8,3,5,7,6,6,4,
21,6,7,6,5,4,11,3,6,7,6,6,4,11,0,6,7,6,6,4,12,8,6,7,7,5,4,12,4,6,7,6,5,4,11,8,6,7,6,6,4,
19,6,7,6,6,4,9,4,6,7,6,7,4,8,0,6,7,6,7,4,9,8,7,7,7,6,4,9,5,6,7,6,6,4,9,6,6,7,6,7,4,
20,7,10,9,6,7,9,3,6,10,9,7,7,9,0,7,10,9,7,7,9,7,7,10,10,6,7,9,4,7,10,9,6,7,9,0,6,10,9,7,7,
19,7,8,6,6,4,9,8,7,8,7,7,4,9,0,7,8,7,7,4,9,8,7,7,7,6,4,10,4,7,8,6,6,4,9,4,7,7,7,7,4,
19,6,7,6,5,4,8,0,5,7,6,6,4,8,0,6,7,6,6,4,8,6,6,8,7,5,4,9,3,6,7,6,5,4,8,3,5,7,6,6,4,
71,6,7,6,5,4,8,57,6,7,6,7,4,8,0,6,8,6,7,4,9,61,6,7,6,6,4,9,57,6,7,6,5,4,8,61,7,7,6,7,4,
19,6,8,6,6,4,8,4,6,7,6,7,4,8,0,6,8,7,7,4,9,7,6,7,6,6,4,9,4,6,8,6,5,4,8,1,6,7,7,7,4,
19,6,7,6,5,4,8,8,6,6,6,6,4,8,0,6,8,6,6,4,9,8,6,7,6,6,4,9,4,6,7,6,5,4,8,4,6,6,6,6,4,
19,6,8,7,5,5,8,0,6,7,7,6,5,8,0,6,8,7,6,5,9,8,6,8,7,5,5,9,5,6,8,7,5,5,8,4,6,7,7,6,5,
18,6,8,7,5,5,8,4,6,8,7,6,5,8,0,6,8,7,6,5,9,7,6,8,7,5,5,9,4,6,8,7,5,5,8,8,6,7,7,6,4,
19,6,7,8,5,5,8,4,6,7,9,6,4,8,0,6,7,9,7,5,9,7,6,7,9,6,4,9,4,6,7,8,5,5,8,7,6,7,9,7,4,
21,9,7,6,5,4,11,3,9,7,6,6,4,11,0,9,7,6,6,4,12,8,9,7,7,5,4,12,4,9,7,6,5,4,11,8,9,7,6,6,4,
26,14,7,6,5,4,16,4,14,7,7,7,4,16,0,14,7,7,7,4,17,7,14,7,7,6,4,17,4,14,7,6,5,4,16,7,14,7,7,7,4,
18,6,7,6,6,4,8,4,6,7,6,7,4,8,0,6,7,6,7,4,8,8,6,7,6,6,4,9,5,6,7,6,6,4,8,8,6,7,6,7,4,
18,6,7,6,6,4,8,4,6,7,7,7,4,8,0,6,7,7,7,4,9,8,6,7,7,6,4,9,5,6,7,6,6,4,8,8,6,7,7,7,4,
20,8,8,8,8,8,8,4,8,8,8,8,4,8,0,8,8,8,8,8,9,11,8,8,8,8,7,9,8,8,8,8,8,8,8,11,8,8,8,8,4,
19,6,8,6,6,5,8,5,6,7,7,7,4,8,0,6,8,7,7,5,9,8,6,7,7,6,4,9,5,6,8,6,6,5,8,9,6,7,7,7,4,
37,28,8,6,6,5,8,5,8,7,7,7,4,8,0,28,8,7,7,5,9,9,6,7,7,6,4,9,6,28,8,6,6,5,8,9,8,7,7,7,4,
19,6,8,7,6,4,8,4,6,7,7,7,4,8,0,7,8,7,7,4,9,8,6,7,7,6,5,9,5,6,8,7,6,4,8,8,6,7,7,7,4,
19,6,7,6,6,4,8,4,5,7,7,7,4,7,0,6,8,7,7,4,9,8,6,7,7,6,4,9,5,6,7,6,6,4,8,8,5,7,7,7,4,
18,5,6,5,4,3,7,3,4,6,5,5,3,6,0,5,6,5,6,3,7,7,4,6,6,5,3,7,4,5,6,5,4,3,7,7,4,6,5,5,3,
19,5,6,5,5,4,7,4,4,6,6,6,4,6,0,5,6,6,6,4,7,8,5,6,6,5,3,8,5,5,6,5,5,4,7,8,4,6,6,6,3,
20,6,7,6,6,5,8,5,5,7,7,10,5,7,0,6,7,6,10,5,8,9,6,7,7,6,4,9,6,6,7,6,6,5,8,9,5,7,7,10,4,
19,6,7,6,6,5,8,5,5,7,7,7,4,8,0,7,8,7,7,4,9,9,6,7,7,6,4,9,6,6,7,6,6,4,8,9,6,7,7,7,4,
18,6,8,6,6,5,8,5,5,7,7,7,4,7,0,6,8,7,7,5,8,9,6,7,7,6,4,9,6,6,8,6,6,5,8,7,5,7,7,7,4,
20,6,7,6,6,4,8,4,5,7,7,7,4,7,0,6,7,6,7,4,8,8,6,7,7,6,4,9,5,6,7,6,6,4,8,0,5,7,7,7,4,
27,6,7,17,6,4,8,0,5,7,17,7,4,7,0,7,7,17,7,4,9,8,6,7,18,6,4,9,5,6,7,17,6,4,8,4,5,7,18,7,4,
18,5,7,6,5,4,7,3,4,6,6,6,4,7,0,5,7,6,6,4,7,7,5,6,6,5,4,8,4,5,7,6,5,4,7,7,4,6,6,6,4,
39,5,7,6,29,4,7,3,5,7,6,7,4,7,0,6,7,6,7,4,7,7,5,7,7,5,4,8,4,5,7,6,29,4,7,0,5,7,6,6,4,
18,6,7,5,5,4,8,7,5,6,6,6,4,7,0,6,7,6,6,4,8,7,6,6,6,5,4,8,4,6,7,5,5,4,8,4,5,6,6,6,4,
18,6,7,6,5,4,7,0,5,6,6,6,4,7,0,6,7,6,6,4,8,8,5,6,6,5,4,8,4,6,7,6,5,4,7,4,5,6,6,6,4,
21,7,13,8,5,7,9,5,6,12,9,6,7,8,0,8,13,9,6,7,9,9,7,12,9,5,7,10,5,7,13,8,5,7,9,9,6,12,9,6,7,
18,6,7,6,5,4,7,4,5,7,6,6,4,7,0,6,7,6,6,4,8,9,5,7,6,5,4,8,4,6,7,6,5,4,7,5,5,7,6,6,4,
21,6,7,6,5,4,7,4,5,6,6,6,4,7,0,6,7,6,6,4,8,8,5,6,6,5,4,8,4,6,7,6,5,4,7,7,5,6,6,6,4,
18,6,7,6,5,4,7,4,5,7,6,6,4,7,0,6,7,6,6,4,8,8,5,7,6,5,4,8,4,6,7,6,5,4,7,8,5,7,6,6,4,
18,6,7,6,5,4,7,3,5,7,7,6,4,7,0,6,7,6,7,4,8,8,6,7,7,5,4,8,4,6,7,6,5,4,8,0,5,7,7,6,4,
18,6,8,6,5,5,8,8,5,8,7,6,5,8,0,6,8,7,7,5,8,8,5,7,7,6,5,9,5,6,8,6,5,4,8,4,5,8,7,6,4,
39,6,7,6,5,4,8,0,5,7,7,6,4,29,0,6,7,7,7,5,8,8,6,7,7,6,4,8,5,6,7,6,5,4,8,4,5,7,7,6,4,
28,6,18,17,6,15,8,4,6,18,18,7,15,8,0,7,18,18,7,15,9,8,6,18,18,6,15,9,5,6,18,17,6,15,8,8,6,18,18,7,15,
18,5,6,5,5,3,7,3,4,6,6,6,4,6,0,5,7,6,6,3,7,7,5,6,6,5,4,8,4,5,6,5,5,3,7,8,4,6,6,6,4,
19,5,7,5,5,4,6,3,4,6,6,6,4,6,0,5,7,6,6,4,7,9,4,6,6,5,4,7,4,5,7,5,5,4,6,5,4,6,6,6,4,
20,6,7,6,5,4,9,4,4,6,6,6,4,8,0,6,7,6,6,4,9,8,5,6,6,5,4,9,4,6,7,6,5,4,9,0,4,6,6,6,4,
29,6,18,6,5,4,8,8,5,17,6,6,4,7,0,6,18,6,6,4,8,8,5,17,6,5,4,8,4,6,18,6,5,4,8,4,5,17,6,6,4,
18,7,8,7,6,5,8,1,6,8,7,7,5,8,0,7,8,7,7,5,9,9,6,7,7,6,5,9,5,7,8,7,6,5,8,5,6,7,7,7,5,
20,6,7,6,5,4,7,4,5,6,6,6,4,7,0,6,7,6,6,4,10,7,5,6,6,5,4,10,4,6,7,6,5,4,7,8,5,6,6,6,4,
20,6,7,6,5,4,7,4,5,7,6,6,4,7,0,6,7,6,6,4,8,8,5,7,7,5,4,10,4,6,7,6,5,4,7,8,5,7,6,6,4,
18,6,7,6,5,4,7,4,5,7,6,6,4,7,0,6,7,6,6,4,8,8,5,7,7,5,4,8,5,6,7,6,5,4,7,8,5,7,6,6,4,
18,6,7,6,5,4,7,3,5,7,6,6,4,7,0,6,7,6,6,4,8,8,5,7,7,5,4,8,4,6,7,6,5,4,7,0,5,7,6,6,4,
18,6,7,6,5,4,7,0,5,7,6,6,4,7,0,6,7,6,7,4,8,8,5,7,7,5,4,8,4,6,7,6,5,4,8,4,5,7,6,6,4,
18,6,7,6,5,4,8,4,5,7,7,6,4,7,0,6,7,7,7,4,8,8,6,7,7,6,4,8,4,6,7,6,5,4,8,8,5,7,7,6,4,
18,6,8,7,6,5,8,4,5,7,7,6,5,7,0,6,8,7,7,5,8,8,6,7,7,6,5,8,4,6,8,7,6,5,8,8,5,7,7,7,5,
18,6,7,8,6,4,8,4,6,6,8,7,4,7,0,7,7,8,7,4,8,8,6,6,8,6,4,9,5,6,7,8,6,4,8,9,6,6,8,7,4,
20,8,7,6,5,5,9,5,7,7,7,6,5,9,0,8,8,7,6,5,10,10,8,7,7,5,5,10,5,8,7,6,5,5,9,10,7,7,7,6,5,
19,6,9,6,6,4,8,5,6,8,6,7,4,8,0,7,9,7,7,4,8,8,6,8,7,6,4,9,5,6,9,6,6,4,8,1,6,8,7,7,4,
18,7,8,7,6,5,8,1,6,7,7,7,5,8,0,7,8,7,7,5,9,8,6,7,7,6,5,9,5,7,8,7,6,5,8,5,6,7,7,7,5,
18,7,8,7,6,5,8,5,6,7,7,7,5,8,0,7,8,7,7,5,9,8,6,7,7,6,5,9,5,7,8,7,6,5,8,9,6,7,7,7,5,
20,5,7,6,5,4,7,4,4,6,6,6,4,7,0,6,7,6,6,4,7,8,5,6,6,5,4,8,4,5,7,6,5,4,7,8,4,6,6,6,4,
18,6,7,6,5,4,7,3,5,6,6,6,4,7,0,6,7,6,6,4,8,8,5,7,6,5,4,8,4,6,7,6,5,4,7,8,5,6,6,6,4,
18,6,7,6,5,4,7,4,5,7,6,6,4,7,0,6,7,7,6,4,8,8,5,7,7,5,4,8,4,6,7,6,5,4,7,8,5,7,7,6,4,
18,6,7,6,5,4,8,4,5,7,6,6,4,7,0,6,7,7,6,4,8,8,5,7,7,5,4,8,5,6,7,6,5,4,8,8,5,7,7,6,4,
18,6,7,6,5,4,8,4,5,7,6,6,4,7,0,6,7,7,7,4,8,7,6,7,7,5,4,8,5,6,7,6,5,4,8,0,5,7,7,6,4,
18,6,8,6,5,4,8,8,5,8,6,6,4,8,0,6,8,7,7,4,8,8,6,8,8,6,4,9,5,6,8,6,5,4,8,4,5,8,7,6,4,
18,6,7,6,6,4,8,9,5,7,6,6,4,7,0,6,7,7,7,4,9,9,6,7,7,6,4,9,5,6,7,6,6,4,9,4,5,7,7,7,4,
20,6,8,6,9,5,8,1,5,7,7,10,4,8,0,7,8,7,10,4,8,8,6,7,7,9,5,9,6,6,7,6,9,5,8,5,5,7,7,10,4,
22,6,7,6,5,4,7,4,5,6,6,6,4,7,0,6,7,6,6,4,11,8,5,6,6,5,4,11,4,5,7,6,5,4,7,8,5,6,6,6,4,
19,6,7,6,5,4,7,4,5,7,6,6,4,7,0,6,7,6,6,4,8,7,5,7,6,5,4,8,5,6,7,6,5,4,7,0,5,7,6,6,4,
19,6,10,9,5,8,7,1,5,10,10,6,8,7,0,6,11,10,7,8,8,8,5,10,10,6,8,8,5,6,10,9,5,8,7,5,5,10,10,6,8,
18,7,9,7,6,6,8,4,6,8,8,7,6,8,0,7,9,8,7,6,9,9,6,8,8,6,6,9,5,7,8,7,6,6,8,9,6,8,8,7,6,
20,7,9,8,6,6,8,4,6,8,8,7,6,8,0,7,9,8,7,6,9,9,6,8,8,6,6,9,5,7,9,8,6,6,8,9,6,8,8,7,6,
27,6,7,17,5,4,7,3,5,7,7,6,4,7,0,6,7,18,6,5,8,8,5,7,7,5,5,8,4,6,7,18,5,5,7,6,5,7,7,6,4,
19,6,7,6,5,4,8,3,6,7,7,6,4,8,0,7,7,7,6,4,9,7,6,7,7,5,4,9,4,6,7,6,5,4,8,0,6,7,7,6,4,
18,6,7,7,6,5,8,0,5,7,7,7,5,7,0,6,7,7,7,4,8,7,5,7,8,6,5,8,5,6,7,8,6,5,8,4,5,7,7,7,5,
20,6,10,7,6,4,8,4,5,7,7,7,4,7,0,6,10,7,7,5,8,8,6,7,7,6,4,8,5,6,10,7,6,4,8,8,5,7,7,7,4,
19,7,7,6,6,4,8,4,6,7,7,7,4,8,0,7,7,7,7,4,9,9,6,7,7,6,4,9,5,6,7,6,6,4,8,9,6,7,7,7,4,
20,7,8,7,6,5,8,4,6,7,7,7,5,8,0,7,8,7,7,5,9,8,6,7,7,6,5,9,5,7,8,7,6,5,8,1,6,7,7,7,5,
19,7,8,7,6,5,9,9,6,7,7,7,5,8,0,7,8,7,7,5,9,9,6,7,7,6,5,9,6,7,8,7,6,5,9,5,6,7,7,7,5,
19,7,8,7,6,5,8,1,6,8,7,7,5,8,0,7,9,7,7,5,9,8,6,8,7,6,5,9,6,7,8,7,6,5,8,5,6,8,7,7,5,
19,7,8,7,6,5,8,4,6,8,7,7,5,8,0,7,8,7,7,5,9,9,6,8,7,6,5,9,5,7,8,7,6,5,8,9,6,8,7,7,5,
21,6,8,6,5,4,8,4,5,7,6,6,4,7,0,6,8,7,7,4,8,10,6,7,7,6,4,8,6,6,8,7,5,4,8,7,5,7,6,7,4,
21,9,10,10,9,9,10,5,9,10,10,10,9,9,0,9,10,10,10,9,10,12,9,10,10,9,10,10,6,9,10,10,9,9,10,1,9,10,10,10,9,
19,6,8,7,5,6,8,1,5,8,7,6,5,7,0,6,8,8,6,6,8,10,6,8,8,6,6,8,6,6,8,7,5,6,8,6,5,8,7,7,5,
18,5,7,5,5,4,7,4,4,6,6,6,4,7,0,5,7,6,6,4,8,7,5,6,6,5,4,8,5,5,7,6,5,4,7,0,4,6,6,6,4,
21,6,7,6,5,4,10,1,5,7,7,6,5,10,0,6,8,7,7,5,11,8,5,7,7,6,5,11,6,6,7,6,5,4,10,5,5,7,7,7,5,
24,6,14,13,5,11,8,5,5,14,13,6,11,7,0,6,14,13,7,11,8,9,6,14,14,6,11,9,5,6,14,13,5,11,8,9,5,14,13,7,11,
39,6,7,6,5,4,7,4,5,6,6,6,4,7,0,28,7,6,6,4,8,7,5,7,6,5,4,8,4,6,7,6,5,4,7,0,5,6,6,6,4,
29,7,19,7,6,5,8,9,6,18,8,7,6,8,0,7,19,8,7,6,8,9,6,19,8,6,6,9,6,7,19,7,6,5,8,5,6,18,8,7,6,
19,6,8,8,6,6,8,1,6,8,8,7,6,8,0,6,9,8,7,6,8,9,6,8,8,6,6,9,6,6,8,8,6,6,8,5,6,8,8,7,6,
19,7,7,6,6,4,8,5,6,7,7,6,4,8,0,7,7,7,7,5,9,7,6,7,7,6,5,9,5,7,7,6,6,4,8,0,6,7,6,7,4,
19,6,7,6,6,4,8,9,5,7,7,7,4,8,0,6,8,7,7,5,8,9,6,7,7,6,5,9,6,6,7,6,6,4,8,5,6,7,7,7,4,
21,8,11,7,5,5,9,9,7,10,7,6,5,9,0,8,11,8,7,5,10,9,7,11,8,6,5,10,6,8,11,7,5,5,9,5,7,10,7,6,5,
19,7,8,6,6,5,8,9,6,7,7,7,5,8,0,7,8,7,7,5,9,9,6,7,7,6,5,9,6,7,8,7,6,5,8,5,6,7,7,7,5,
18,7,8,7,6,5,8,9,6,7,7,7,5,8,0,7,8,7,7,5,9,9,6,8,7,6,5,9,6,7,8,7,6,5,8,5,6,7,7,7,5,
19,6,7,7,6,6,7,0,6,6,8,6,6,7,0,6,7,8,6,6,8,9,6,6,8,6,6,8,7,6,7,7,6,6,7,7,6,6,8,6,6,
20,9,7,6,5,4,10,4,8,6,6,6,4,10,0,9,7,6,6,4,10,6,8,7,6,5,4,11,4,9,7,6,5,4,10,0,8,6,6,6,4,
19,6,8,7,5,5,8,9,5,8,7,6,5,7,0,6,8,7,6,5,8,9,6,8,7,5,5,8,5,6,8,7,5,5,8,5,6,8,7,6,5,
18,6,7,6,5,4,8,8,5,7,6,6,4,7,0,6,7,6,6,4,8,8,6,7,6,5,4,8,5,6,7,6,5,4,8,5,6,7,6,6,4,
20,5,6,5,4,4,7,6,5,6,5,5,4,7,0,5,6,6,6,4,7,9,5,6,6,5,4,8,5,5,6,5,4,4,7,4,5,6,5,5,4,
22,8,7,6,8,5,10,9,8,7,6,9,5,10,0,8,7,7,9,5,11,12,8,7,7,8,5,11,8,8,7,6,8,5,10,7,8,7,6,9,5,
18,6,7,6,5,4,8,8,5,7,6,6,4,8,0,6,7,7,7,4,8,8,6,7,7,6,4,8,5,6,7,6,5,4,8,5,6,7,6,6,4,
21,8,8,8,6,4,8,11,6,8,8,8,4,8,0,8,8,8,9,4,9,11,8,8,8,6,4,9,6,8,8,8,6,4,8,5,6,8,8,8,4,
19,6,7,6,6,4,8,9,6,7,7,6,4,8,0,6,8,7,7,5,8,9,6,7,7,6,5,9,6,6,7,7,6,4,8,5,6,7,6,7,4,
19,6,7,6,6,4,8,9,6,7,7,6,4,8,0,6,8,7,7,5,8,9,6,7,7,6,5,9,6,6,7,6,6,4,8,5,6,7,7,7,4,
19,6,8,7,6,4,8,9,6,7,7,7,4,8,0,6,8,7,7,5,9,9,6,7,7,6,5,9,6,6,8,7,6,4,8,5,6,7,7,7,4,
19,6,8,6,6,4,8,10,6,7,7,7,4,8,0,6,8,7,7,5,9,9,6,7,7,6,5,9,6,6,8,6,6,4,8,6,6,7,7,7,4,
20,6,7,6,6,4,7,9,5,7,6,7,4,7,0,5,8,7,7,4,8,9,6,7,7,6,4,8,6,5,7,6,6,4,7,5,5,7,6,7,4,
21,6,8,7,6,5,11,9,6,7,7,7,5,11,0,6,8,7,7,5,11,9,6,8,7,6,5,12,6,6,8,7,6,5,11,5,6,7,7,7,5,
329,8,8,7,6,5,11,7,7,7,7,6,5,10,0,8,8,7,6,5,11,11,8,8,7,6,5,11,6,8,8,7,5,5,11,5,7,7,7,6,5,
19,6,8,7,5,5,8,8,6,7,7,6,5,8,0,6,8,7,6,5,9,8,6,7,7,5,5,9,5,6,8,7,5,5,8,5,6,7,7,6,5,
23,6,7,6,5,4,8,8,6,7,7,6,4,8,0,6,8,7,6,4,9,8,6,7,7,5,4,9,5,6,7,7,5,4,8,5,6,7,7,6,4,
19,6,7,6,5,4,8,9,6,6,6,6,4,8,0,6,7,6,6,4,9,9,7,7,6,5,4,9,6,6,7,6,5,4,8,6,6,7,6,6,4,
27,7,7,16,5,5,9,9,7,7,17,6,4,8,0,7,7,17,6,4,9,9,7,7,17,5,4,9,6,6,7,16,5,4,9,6,6,7,17,6,4,
19,7,7,6,5,4,9,9,6,7,6,6,4,9,0,7,7,6,6,4,9,9,7,7,6,5,4,9,6,6,7,6,5,4,9,5,6,7,6,6,4,
19,6,6,7,5,4,9,9,6,6,7,6,4,8,0,7,6,7,6,4,9,9,7,6,8,5,4,9,6,6,6,8,5,4,9,6,6,6,8,6,4,
20,8,7,6,5,4,10,10,8,7,6,6,4,10,0,8,7,6,6,4,10,9,8,7,7,5,4,11,6,8,7,6,5,4,10,6,8,7,6,6,4,
19,7,7,6,5,4,9,0,7,7,6,6,4,9,0,7,8,7,6,4,9,8,7,7,7,6,4,9,6,7,7,6,5,4,9,6,6,7,6,6,4,
20,7,8,6,6,5,9,5,7,7,7,7,5,9,0,7,8,7,7,5,9,8,7,7,7,6,5,10,5,7,8,7,6,5,9,1,7,7,7,7,5,
19,5,6,5,5,3,8,9,5,6,6,6,3,8,0,6,7,6,6,4,8,8,6,6,6,5,4,8,5,5,7,5,5,3,8,5,5,7,6,6,3,
23,6,7,6,7,6,7,12,6,6,6,8,6,7,0,6,7,6,8,6,8,12,6,7,6,7,6,8,8,6,7,6,7,6,7,8,6,7,6,8,6,
39,26,27,27,26,4,27,28,27,27,27,27,4,26,0,26,27,27,27,4,27,28,27,27,26,26,4,27,28,26,27,27,26,4,27,28,27,27,27,27,4,
20,5,8,6,5,5,8,10,5,7,7,6,5,7,0,6,8,7,6,5,8,10,6,7,7,6,5,8,6,5,8,6,5,5,8,7,5,7,7,6,5,
18,5,8,7,5,5,7,0,5,8,7,6,5,7,0,5,8,7,6,5,8,7,6,8,8,5,5,8,5,5,8,7,5,5,7,5,5,8,7,6,5,
19,5,7,6,5,4,7,6,5,6,6,6,4,7,0,6,7,6,6,4,8,8,6,7,6,5,4,8,6,5,7,6,5,4,7,0,5,6,6,6,4,
19,5,8,7,5,5,8,9,5,8,7,6,5,7,0,6,8,7,6,5,8,9,6,8,8,5,5,9,5,5,8,7,5,5,8,5,5,8,7,6,5,
19,5,7,6,5,4,8,9,5,7,7,6,4,8,0,6,8,7,6,4,9,9,6,7,7,5,4,9,5,5,7,6,5,4,8,5,5,7,7,6,4,
20,6,7,6,9,4,8,0,6,7,7,10,4,8,0,6,7,7,10,4,9,8,6,7,7,9,4,9,6,6,7,6,9,4,8,6,6,7,6,10,4,
21,6,7,6,6,4,8,5,6,7,6,7,4,7,0,6,8,6,7,4,8,10,6,7,7,6,4,8,6,6,7,6,6,4,8,10,6,7,6,6,4,
18,6,8,7,6,6,8,6,6,8,8,7,5,8,0,6,9,8,7,6,8,8,6,8,8,6,5,9,6,6,8,7,6,5,8,0,6,8,8,7,5,
20,6,10,9,6,7,8,10,6,10,9,7,7,8,0,6,10,9,7,7,8,10,6,10,10,6,7,8,6,6,10,9,6,7,8,6,6,10,9,7,7,
20,6,7,6,6,4,8,10,6,7,7,7,4,8,0,6,8,7,7,4,9,10,6,7,7,6,5,9,6,6,8,6,6,4,8,6,6,7,7,7,4,
20,6,7,6,6,4,8,10,6,7,7,7,4,8,0,6,8,7,7,4,9,10,6,7,7,6,4,9,6,6,7,6,6,4,8,6,6,7,7,7,4,
20,6,8,6,6,5,8,10,6,7,7,7,5,8,0,6,8,7,7,5,9,10,6,7,7,6,5,9,6,6,8,6,6,4,8,6,6,7,7,7,4,
25,6,9,7,8,6,8,10,6,8,8,9,6,8,0,6,9,8,9,6,9,10,6,8,8,8,6,10,6,6,9,7,8,6,8,6,6,8,8,9,6,
27,6,8,6,17,5,8,10,6,7,7,18,5,8,0,6,8,7,18,5,9,10,6,7,7,17,5,9,6,6,8,6,17,4,8,5,6,7,7,18,4,
20,6,9,7,6,6,8,10,6,8,8,7,6,8,0,6,9,8,7,6,9,10,6,8,8,6,6,9,6,6,9,7,6,6,8,6,6,8,8,7,6,
22,6,8,6,6,5,8,10,6,7,7,7,5,8,0,6,8,7,7,5,9,10,6,7,7,6,5,9,6,6,8,6,6,5,8,6,6,7,7,7,5,
20,7,7,6,7,4,9,0,7,7,6,8,4,9,0,7,7,6,8,4,10,10,7,7,6,7,4,10,8,7,7,6,7,4,9,8,7,6,6,8,4,
18,5,7,6,5,4,7,5,5,7,6,6,4,7,0,5,7,6,6,4,8,8,5,7,6,5,4,8,5,5,7,6,5,4,7,0,5,7,6,6,4,
20,5,7,6,5,4,8,10,5,7,6,6,4,7,0,6,7,6,6,4,8,10,6,7,7,6,4,8,6,5,7,6,5,4,8,6,5,7,6,6,4,
18,5,7,6,5,4,7,0,5,7,6,6,4,7,0,5,7,6,6,4,8,8,5,7,6,5,4,8,5,5,7,6,5,4,7,5,5,7,6,6,4,
20,5,7,6,6,4,8,6,6,7,6,6,4,7,0,6,7,6,6,4,8,8,6,7,7,6,4,8,6,5,7,6,6,4,8,0,5,7,6,6,4,
20,5,8,7,5,5,8,10,5,8,7,6,5,7,0,6,8,7,6,5,8,10,6,8,8,5,5,8,6,5,8,7,5,5,8,6,5,8,7,6,5,
18,6,7,6,6,4,8,0,6,7,6,6,4,7,0,6,8,6,6,4,8,9,6,7,7,6,4,8,6,6,7,6,6,4,8,6,6,7,6,6,4,
20,5,7,6,5,4,7,5,5,7,6,6,4,7,0,5,7,6,6,4,7,9,5,7,6,5,4,8,5,5,7,6,5,4,7,9,5,7,6,6,4,
21,5,10,9,6,7,11,5,5,10,10,7,7,10,0,5,11,10,7,7,11,9,6,10,10,6,8,11,6,5,10,9,6,7,11,0,5,10,9,7,7,
20,6,7,6,6,4,8,10,6,7,6,7,4,8,0,6,8,7,7,4,9,10,6,7,7,6,4,9,6,6,7,6,6,4,8,6,6,7,6,7,4,
20,5,11,9,5,8,7,10,5,10,10,6,8,7,0,5,11,10,6,8,8,10,5,10,10,5,8,8,6,5,11,9,5,8,7,5,5,10,10,6,8,
20,6,9,7,6,5,8,10,6,8,8,7,6,8,0,6,9,8,7,5,9,10,6,8,8,6,6,9,6,6,9,7,6,6,8,5,6,8,8,7,5,
21,6,8,6,6,4,8,10,6,7,7,7,4,8,0,6,8,7,7,5,9,10,6,7,7,6,5,9,6,6,8,6,6,5,8,5,6,7,7,7,4,
20,6,7,6,6,4,8,10,6,7,7,7,5,8,0,6,8,7,7,5,9,10,6,7,7,6,5,9,6,6,8,6,6,5,8,6,6,7,7,7,4,
20,6,7,5,5,4,8,9,6,6,6,6,4,7,0,6,7,6,6,4,8,9,6,6,6,5,4,8,5,6,7,5,5,4,8,5,5,6,6,6,4,
19,5,7,5,5,4,7,0,5,6,6,6,4,7,0,5,7,6,6,4,8,8,5,6,6,5,4,8,5,5,7,5,5,4,7,5,5,6,6,6,4,
19,5,7,6,5,4,7,5,5,7,7,6,5,7,0,5,8,7,6,5,8,9,5,7,7,5,5,8,5,5,7,6,5,5,7,9,5,7,7,6,4,
29,5,7,6,5,4,18,4,5,6,6,6,4,18,0,5,7,6,6,4,19,9,5,7,6,5,4,19,5,5,7,6,5,4,18,9,5,6,6,6,4,
21,6,7,6,5,4,8,6,6,7,6,6,4,8,0,6,7,6,6,4,8,9,6,7,7,5,4,8,6,6,7,6,5,4,8,0,6,7,6,6,4,
20,6,7,6,5,4,7,10,5,7,6,6,4,7,0,6,7,6,6,4,8,10,6,7,7,5,4,8,6,6,7,6,5,4,7,6,5,7,6,6,4,
19,6,7,6,5,4,8,0,5,7,6,6,4,7,0,6,7,6,6,4,8,9,6,7,6,5,4,8,6,6,7,6,5,4,8,5,5,7,6,6,4,
20,6,7,6,5,4,8,6,6,7,6,6,4,7,0,6,7,6,6,4,8,10,6,7,6,6,4,8,6,6,7,6,5,4,8,0,5,7,6,6,4,
23,6,7,6,6,4,8,10,6,7,6,6,4,8,0,6,8,6,7,4,8,10,6,7,7,6,4,8,6,6,7,6,6,4,8,6,6,7,6,7,4,
23,9,9,9,9,4,9,0,9,9,9,9,4,9,0,9,9,9,9,4,9,13,9,9,9,9,4,9,9,9,9,9,9,4,9,9,9,9,9,9,4,
21,9,7,6,5,4,10,6,8,7,6,6,4,10,0,8,7,6,7,4,11,10,9,7,7,6,4,11,6,9,7,6,5,4,10,0,8,7,6,6,4,
20,6,7,6,5,4,8,10,6,7,7,6,4,8,0,6,8,7,7,4,8,10,6,7,7,6,4,8,6,6,7,6,5,4,8,6,6,7,6,6,4,
21,6,7,6,6,4,10,0,6,7,7,7,4,10,0,6,8,7,7,5,11,10,6,7,7,6,5,11,6,6,7,6,6,4,10,5,6,7,7,7,4,
20,6,8,7,6,5,8,6,6,7,7,7,5,8,0,6,8,7,7,5,9,10,6,7,7,6,5,9,6,6,8,6,6,5,8,0,6,7,7,7,5,
20,6,10,9,6,7,8,10,6,10,9,7,7,7,0,6,10,10,7,7,8,10,6,10,10,6,7,8,6,6,10,9,6,7,8,6,6,10,9,7,7,
19,6,8,7,6,5,8,1,6,7,7,7,5,8,0,6,8,7,7,5,9,9,6,8,7,6,5,9,6,6,8,7,6,5,8,5,6,7,7,7,5,
20,5,8,7,5,5,7,5,5,7,7,6,5,7,0,5,8,7,6,5,8,9,6,8,7,5,5,8,5,5,8,7,5,5,7,9,5,7,7,6,5,
20,5,7,5,5,4,7,5,5,6,6,6,4,7,0,5,7,6,6,4,8,9,5,7,6,5,4,8,5,5,7,5,5,4,7,9,5,6,6,6,4,
22,6,11,6,6,4,8,6,6,10,6,6,4,8,0,6,12,7,7,4,8,9,6,11,7,6,4,8,6,6,11,6,6,4,8,0,6,10,6,6,4,
20,5,7,6,5,4,7,10,5,7,6,6,4,7,0,5,7,7,6,4,8,11,5,7,6,5,4,8,6,5,7,6,5,4,7,6,5,7,6,6,4,
19,6,7,6,5,4,8,0,5,7,6,6,4,7,0,6,7,6,6,4,8,9,6,7,6,5,4,8,6,6,7,6,5,4,8,5,5,7,6,6,4,
19,5,6,5,4,3,7,4,4,6,5,5,3,6,0,5,6,6,5,3,7,9,5,6,6,5,3,7,5,5,6,5,4,3,7,0,4,6,5,5,3,
19,6,6,7,5,4,8,0,5,6,8,6,4,7,0,6,6,8,6,4,8,10,6,6,8,5,4,8,6,6,6,7,5,4,8,6,5,6,8,6,4,
20,8,7,6,5,4,9,5,7,7,6,6,4,9,0,8,7,7,6,4,10,10,8,7,7,5,4,10,5,8,7,6,5,4,9,10,7,7,6,6,4,
19,6,7,6,5,4,8,5,6,7,6,6,4,8,0,6,7,7,6,4,9,9,6,7,7,6,4,9,6,6,7,6,5,4,8,0,6,7,6,6,4,
20,6,7,6,6,4,8,9,6,7,6,7,4,8,0,6,7,7,7,4,9,10,6,7,7,6,4,9,6,6,7,6,6,4,8,6,6,7,6,7,4,
19,6,8,7,5,5,8,0,6,8,7,6,5,8,0,6,9,8,7,6,8,10,6,8,8,6,5,9,6,6,8,7,5,5,8,5,6,8,7,6,5,
22,8,9,9,9,4,8,8,8,8,8,9,5,8,0,8,9,8,9,5,9,12,9,8,8,8,5,9,9,8,9,9,9,4,8,0,8,8,8,9,4,
20,6,8,7,6,5,8,9,6,8,7,7,5,8,0,6,8,8,7,5,9,10,6,8,8,6,5,9,6,6,8,7,6,5,8,6,6,8,7,7,5,
20,6,8,7,6,5,8,10,6,8,7,7,5,8,0,6,8,7,7,5,9,10,6,8,7,6,5,9,6,6,8,7,6,5,8,6,6,8,7,7,5,
20,6,8,7,6,5,8,10,6,8,8,7,5,8,0,6,9,8,7,6,9,10,6,8,8,6,6,9,6,6,8,7,6,5,8,6,6,8,8,7,5,
19,5,7,6,5,4,7,0,5,6,6,6,4,7,0,5,7,6,6,4,8,9,5,6,6,5,4,8,5,5,7,6,5,4,7,5,5,6,6,6,4,
20,6,8,7,6,5,8,6,6,7,7,7,5,8,0,6,8,7,7,5,9,11,6,8,7,6,5,9,6,6,8,7,6,5,8,11,6,7,7,7,5,
18,5,7,6,5,4,7,5,5,7,6,6,4,7,0,5,7,6,6,4,8,8,5,7,6,5,4,8,5,5,7,6,5,4,7,0,5,7,6,6,4,
22,6,8,6,6,5,8,11,5,7,7,7,5,7,0,6,8,7,7,5,8,11,6,7,7,6,5,8,6,6,8,6,6,5,8,6,5,7,7,7,5,
21,6,7,6,5,4,10,10,5,7,6,6,4,10,0,6,7,6,6,4,11,11,6,7,6,5,4,11,6,6,7,6,5,4,10,6,5,7,6,6,4,
21,6,7,6,5,4,8,11,5,7,6,6,4,7,0,6,7,6,6,4,8,11,6,7,7,5,4,8,6,6,7,6,5,4,8,6,5,7,6,6,4,
46,8,9,7,8,6,10,12,8,8,8,9,6,10,0,8,9,8,9,6,11,14,8,8,8,8,6,11,10,8,9,7,8,6,10,8,8,8,8,9,6,
21,6,8,7,5,5,8,0,5,8,7,6,5,7,0,6,8,8,6,5,8,11,6,8,8,5,5,8,6,6,8,7,5,5,8,6,5,8,7,6,5,
20,6,8,7,6,5,8,5,6,8,7,6,5,8,0,6,8,8,7,6,8,10,6,8,8,6,6,8,6,6,8,7,6,5,8,11,6,8,7,6,5,
20,6,8,7,6,5,8,5,6,8,8,7,5,8,0,6,9,8,7,6,9,10,6,8,8,6,6,9,6,6,8,7,6,5,8,0,6,8,8,7,5,
25,6,8,7,5,5,8,11,5,8,7,6,5,7,0,6,8,8,6,5,8,11,6,8,8,6,5,8,7,6,8,7,5,5,8,6,5,8,7,6,5,
22,6,10,9,6,7,8,12,6,10,9,7,7,8,0,6,10,9,7,7,9,12,6,10,10,6,7,9,7,6,10,9,6,7,8,6,6,10,9,7,7,
29,6,12,8,6,6,18,1,6,11,8,7,6,18,0,6,12,8,7,6,19,11,6,11,8,6,6,19,8,6,12,8,6,6,18,7,6,11,8,7,6,
19,6,8,7,6,5,8,6,6,8,8,7,5,8,0,6,9,8,7,6,9,10,6,8,8,6,5,9,6,6,8,7,6,5,8,10,6,8,8,7,5,
20,6,9,8,6,6,8,6,6,8,8,7,6,8,0,6,9,11,7,6,9,10,6,8,11,6,6,9,7,6,9,8,6,6,8,1,6,8,8,7,6,
21,5,8,6,5,4,7,11,5,7,6,6,4,7,0,5,8,7,6,5,8,11,5,7,7,5,5,8,6,5,8,6,5,4,7,6,5,7,6,6,4,
21,5,7,6,5,4,8,11,5,7,6,6,4,7,0,5,7,6,6,4,8,11,6,7,7,5,4,8,6,6,7,6,5,4,8,6,5,7,6,6,4,
19,6,7,6,5,4,8,0,5,7,6,6,4,7,0,6,7,6,6,4,8,9,6,7,7,5,4,8,6,6,7,6,5,4,8,6,5,7,6,6,4,
20,6,7,6,5,4,8,5,6,7,6,6,4,8,0,6,7,7,6,4,8,10,6,7,7,5,4,8,5,6,7,6,5,4,8,10,6,7,6,6,4,
23,6,7,6,5,4,11,5,6,7,6,6,4,8,0,6,7,7,6,4,11,13,6,7,7,6,4,11,6,6,7,6,5,4,11,0,6,7,6,6,4,
21,6,8,7,5,5,8,11,5,7,7,6,5,8,0,6,8,7,6,5,8,11,6,8,8,6,5,8,6,6,8,7,5,5,8,6,5,7,7,6,5,
20,6,8,6,6,5,8,1,5,7,7,7,5,7,0,6,8,7,7,5,8,9,6,7,7,6,5,8,6,6,8,6,6,5,8,6,5,7,7,7,5,
22,6,7,6,6,4,11,6,6,7,7,7,4,11,0,6,8,7,7,5,12,11,6,7,7,6,5,12,6,6,8,6,6,4,11,11,6,7,7,7,4,
20,6,8,6,6,5,8,6,6,7,7,7,4,8,0,6,8,7,7,5,9,10,6,7,7,6,5,9,6,6,8,6,6,4,8,1,6,7,7,7,4,
21,6,11,7,6,6,8,1,6,8,8,7,6,8,0,6,11,8,7,6,11,12,6,11,8,6,6,11,6,6,11,7,6,6,8,6,6,8,8,7,6,
20,6,7,6,5,4,9,5,5,6,6,6,4,9,0,6,7,6,6,4,10,10,6,6,6,5,4,10,5,6,7,6,5,4,9,10,5,6,6,6,4,
20,5,7,6,5,4,7,5,5,6,6,6,4,7,0,5,7,6,6,4,8,10,5,7,7,5,4,8,6,5,7,6,5,4,7,10,5,6,6,6,4,
19,6,7,6,5,4,8,5,6,7,6,6,4,8,0,6,7,6,6,4,9,9,6,7,7,5,4,9,6,6,7,6,5,4,8,0,6,6,6,6,4,
21,6,7,6,5,4,8,11,5,7,6,6,4,7,0,6,7,6,6,4,8,11,5,7,7,5,4,8,6,6,7,6,5,4,8,6,5,7,6,6,4,
20,6,8,6,5,4,8,0,6,7,7,6,4,8,0,6,8,7,6,5,8,10,6,7,7,5,5,8,6,6,8,6,5,4,8,6,5,7,7,6,4,
20,6,8,5,5,4,8,5,6,7,6,6,4,8,0,6,8,6,6,4,8,10,6,7,6,5,4,8,5,6,8,5,5,4,8,10,6,7,6,6,4,
19,6,7,6,5,4,8,5,5,7,6,6,4,7,0,6,7,7,6,4,8,9,6,7,7,6,4,8,5,6,7,6,5,4,8,0,5,7,6,6,4,
20,6,7,6,5,4,8,0,6,7,6,6,4,8,0,6,7,7,7,4,9,9,6,7,10,6,4,9,6,6,7,6,5,4,8,6,6,7,6,6,4,
22,6,11,7,6,5,8,6,6,10,8,6,5,8,0,6,11,8,7,6,8,11,6,10,8,6,5,9,6,6,11,7,6,5,8,11,6,10,8,6,5,
19,6,7,6,6,4,8,6,6,7,7,7,4,8,0,6,7,7,7,5,9,9,6,7,7,6,5,9,6,6,7,6,6,4,8,0,6,7,7,7,4,
20,6,8,7,6,5,8,1,6,7,7,7,5,8,0,6,8,7,7,5,9,10,6,8,7,6,5,9,6,6,8,7,6,5,8,6,6,7,7,7,5,
20,6,9,8,9,6,8,6,6,8,8,10,6,8,0,6,9,8,10,6,9,10,6,8,8,9,6,9,6,6,9,8,9,6,8,1,6,8,8,10,6,
23,6,7,6,8,6,7,0,6,7,6,9,6,7,0,6,8,7,9,6,8,13,6,7,7,8,6,8,9,6,7,6,8,6,7,9,6,7,6,8,6,
20,7,8,7,6,5,9,6,7,7,7,7,5,9,0,7,8,7,7,5,10,11,7,7,7,6,5,10,6,7,8,7,6,5,9,11,7,7,7,7,5,
20,6,7,6,5,4,8,5,6,7,6,6,4,8,0,6,7,6,6,4,9,10,6,7,7,5,4,9,6,6,7,6,5,4,8,11,6,7,6,6,4,
21,6,7,6,5,4,8,5,6,7,6,6,4,8,0,6,7,6,6,4,9,11,6,7,7,5,4,9,6,6,7,6,6,4,8,11,6,7,6,6,4,
20,6,7,6,5,4,9,5,5,7,6,6,4,8,0,6,8,6,6,4,9,10,6,7,7,5,4,9,6,6,7,6,5,4,9,11,5,7,6,6,4,
20,6,7,6,5,4,8,5,5,7,6,6,4,7,0,6,7,6,6,5,8,10,6,7,6,5,4,8,6,6,7,6,5,4,8,11,5,7,6,6,4,
20,6,7,6,5,4,8,5,6,7,6,6,4,8,0,6,7,6,6,4,9,10,6,7,7,5,4,9,5,6,7,6,5,4,8,11,6,7,6,6,4,
20,6,7,6,5,4,8,5,6,7,6,6,4,8,0,6,8,7,6,4,8,10,6,7,7,6,4,8,6,6,7,6,5,4,8,11,6,7,6,6,4,
21,6,8,7,6,5,8,6,6,7,7,7,5,8,0,6,8,7,7,5,8,11,6,7,7,6,5,9,6,6,8,7,6,5,8,12,6,7,7,7,5,
21,6,8,6,6,4,8,6,6,7,7,7,4,8,0,6,8,7,7,5,9,11,6,7,7,6,5,9,6,6,8,6,6,4,8,12,6,7,7,7,4,
21,6,11,7,6,5,8,6,5,10,7,7,5,7,0,6,11,8,7,5,8,11,6,10,8,6,6,8,6,6,11,7,6,5,8,12,5,10,7,7,5,
21,6,8,7,6,5,8,6,6,7,7,7,5,8,0,6,8,7,7,5,9,11,6,7,7,6,5,9,7,6,8,7,6,5,8,12,6,7,7,7,5,
22,7,8,7,6,5,9,6,7,7,7,7,5,9,0,7,8,7,7,5,9,11,7,7,7,6,5,10,7,7,8,7,6,5,9,12,7,7,7,7,5,
21,7,8,7,6,5,9,6,6,7,7,7,5,8,0,7,8,7,7,5,9,12,7,7,7,6,5,9,7,6,8,7,6,5,9,13,6,7,7,7,5,
21,6,8,6,5,5,8,5,6,7,7,6,5,8,0,6,8,7,6,5,9,11,6,7,7,5,5,9,6,6,8,6,6,5,8,12,6,7,7,6,5,
19,6,7,6,5,4,7,5,5,7,6,6,4,7,0,6,7,6,6,4,8,9,6,7,6,5,4,8,6,6,7,6,5,4,7,0,5,7,6,6,4,
21,6,8,6,5,5,8,11,5,7,7,6,5,7,0,6,8,7,6,5,8,10,6,7,7,5,5,8,6,6,8,6,5,5,8,6,5,7,7,6,5,
19,6,7,6,5,4,8,0,5,7,6,6,4,7,0,6,7,6,6,4,8,9,6,7,7,6,4,8,6,6,7,6,5,4,8,6,5,7,6,6,4,
23,8,7,6,8,5,10,8,8,7,6,8,5,10,0,8,7,6,9,5,10,13,8,7,6,8,5,11,8,8,7,6,8,5,10,14,8,7,6,9,5,
19,6,7,6,5,4,8,5,6,7,6,6,4,8,0,6,8,7,6,4,9,9,6,7,7,6,4,9,6,6,7,6,5,4,8,0,6,7,6,6,4,
21,6,7,6,6,4,8,11,6,7,7,7,4,8,0,6,8,7,7,4,9,11,6,7,7,6,5,9,6,6,7,6,5,4,8,6,5,7,6,7,4,
19,6,8,7,6,5,8,0,6,8,7,6,5,8,0,6,8,7,7,5,9,9,6,8,7,6,5,9,6,6,8,7,6,5,8,6,6,8,7,7,5,
21,6,8,6,6,4,8,6,6,7,7,7,4,8,0,6,8,7,7,5,9,11,6,7,7,6,5,9,6,6,8,6,6,4,8,12,6,7,7,7,4,
21,6,8,7,6,5,8,6,6,8,7,7,5,8,0,6,8,7,7,5,9,11,6,8,7,6,5,9,7,6,8,7,6,5,8,12,6,8,7,7,5,
22,6,8,7,6,5,8,6,6,7,7,7,5,8,0,6,8,7,7,5,9,12,6,7,7,6,5,9,7,6,8,7,6,5,8,12,6,7,7,7,5,
39,5,8,6,6,4,7,6,5,7,6,7,4,7,0,5,29,7,7,5,8,11,5,7,7,6,4,9,6,5,8,6,6,4,7,12,5,7,6,7,4,
27,6,9,18,6,5,11,6,6,8,8,7,6,11,0,6,9,8,7,6,12,12,6,8,9,6,6,12,7,6,9,18,7,5,11,12,6,8,8,7,5,
19,5,7,6,5,4,7,5,5,6,6,6,4,7,0,5,7,6,6,4,8,9,5,6,7,5,4,8,6,5,7,6,5,4,7,0,5,6,6,6,4,
20,5,10,8,5,7,7,0,5,9,8,6,7,7,0,5,10,8,6,7,8,10,5,9,8,5,7,8,6,5,10,8,5,7,7,6,5,9,8,6,7,
20,5,8,7,5,5,8,6,5,7,7,6,5,7,0,6,8,7,6,5,8,10,6,7,7,5,5,8,6,5,8,7,5,5,7,11,5,7,7,6,5,
23,6,7,6,6,4,8,6,6,7,6,6,4,8,0,6,7,7,7,4,9,11,6,7,7,6,4,9,6,6,7,6,6,4,8,12,6,7,6,6,4,
21,6,8,6,6,4,8,6,6,7,7,7,4,8,0,6,8,7,7,5,8,11,6,7,7,6,4,9,6,6,8,6,6,4,8,12,6,7,7,7,4,
24,6,8,6,5,5,9,5,5,7,7,6,4,9,0,6,8,7,7,5,10,9,6,7,7,6,5,10,6,6,8,6,6,5,9,0,5,7,7,6,4,
20,6,8,7,6,5,8,1,6,7,7,7,5,8,0,6,8,7,7,5,9,10,6,7,8,6,5,9,7,6,8,7,6,5,8,7,6,7,7,7,5,
22,6,12,8,6,6,8,7,6,11,8,7,6,8,0,6,12,8,7,6,9,11,6,12,8,6,6,9,7,6,12,8,6,6,8,12,6,11,8,7,6,
24,7,8,8,8,7,8,8,7,8,8,8,7,8,0,7,9,8,8,7,9,14,7,8,8,7,8,9,10,7,9,7,8,7,8,1,7,8,8,8,7,
21,6,8,7,6,5,8,1,6,8,11,7,5,8,0,6,9,11,7,6,9,11,6,8,11,6,6,9,7,6,9,7,6,5,8,7,6,8,11,7,5,
20,7,8,7,6,5,9,6,7,8,7,7,5,9,0,7,8,7,7,5,10,11,7,8,7,6,5,10,7,7,8,7,6,5,9,12,7,8,7,7,5,
21,6,8,7,5,5,7,5,6,7,7,6,5,7,0,6,8,7,6,5,8,11,6,7,7,5,5,8,6,6,8,7,5,5,7,12,6,7,7,6,5,
40,7,8,7,6,5,8,7,6,7,7,7,5,8,0,7,8,8,7,5,9,10,7,7,8,6,5,31,7,6,8,7,6,5,8,1,6,7,7,7,5,
19,5,7,6,6,4,8,0,5,7,6,7,4,7,0,5,7,6,7,4,8,9,5,7,7,6,4,8,6,5,7,6,6,4,8,6,5,7,6,7,4,
20,6,7,6,6,4,7,5,5,7,6,6,4,7,0,6,7,6,7,4,8,10,6,7,7,6,4,8,6,5,7,6,6,4,7,11,5,7,6,6,4,
40,6,7,6,6,4,8,5,6,7,6,7,4,8,0,6,7,6,7,4,30,11,6,29,7,6,4,30,7,6,7,6,6,4,8,12,6,7,6,7,4,
21,9,8,6,6,4,11,6,9,8,7,7,4,11,0,9,8,7,7,5,11,11,9,7,7,6,5,11,6,9,8,6,6,4,11,12,8,7,7,7,4,
27,15,7,7,6,4,16,6,15,8,7,7,4,16,0,15,8,8,7,5,17,12,15,7,7,6,5,17,7,15,8,7,6,4,16,13,14,7,7,7,4,
21,5,8,6,6,4,8,6,5,8,7,7,5,7,0,6,8,7,7,5,8,11,6,7,7,6,5,8,6,6,8,6,6,4,7,12,5,8,7,7,5,
23,6,8,6,6,4,8,6,6,7,7,7,4,8,0,6,9,7,7,5,8,13,6,7,7,6,5,9,7,6,8,6,6,4,8,13,6,7,7,7,4,
23,6,8,6,6,4,9,7,7,7,7,7,4,9,0,7,8,7,7,5,10,11,7,7,7,6,5,10,7,6,8,6,6,4,9,12,7,7,7,7,4,
42,6,9,7,5,5,8,7,6,8,7,7,5,8,0,6,9,8,31,6,8,11,6,8,8,6,27,9,7,6,9,7,5,5,8,0,6,8,7,7,6,
