12,2,1,1,3,1,2,0,1,2,1,1,3,3,2,0,1,2,2,1,2,
16,2,1,1,3,11,2,0,1,2,1,1,2,2,11,0,1,2,1,1,11,
8,1,1,0,2,1,1,0,0,1,1,0,2,2,1,0,0,1,1,0,1,
8,1,0,0,2,0,1,0,1,1,0,0,1,1,1,0,0,1,1,0,1,
8,1,1,0,2,1,1,0,1,1,1,0,2,1,1,0,1,1,1,0,1,
8,1,0,0,2,1,1,0,1,1,1,0,1,1,1,0,1,1,1,0,1,
10,1,0,0,4,1,4,0,1,1,1,0,4,1,1,0,1,1,1,0,1,
8,1,1,0,2,1,1,0,1,1,1,0,2,1,1,0,1,1,1,0,1,
8,1,1,0,2,1,1,0,1,1,1,0,2,1,1,0,1,1,1,0,1,
8,1,1,1,2,1,1,0,1,1,1,1,2,1,1,0,1,1,1,1,1,
8,1,1,1,2,1,1,0,1,1,1,1,2,1,1,0,1,1,1,1,1,
9,1,1,1,2,1,1,0,1,1,1,1,2,1,1,0,1,1,1,1,1,
7,1,1,1,2,1,2,0,1,1,1,1,2,2,1,0,1,1,1,1,1,
10,1,1,1,2,1,1,0,1,1,1,1,2,1,1,0,1,1,1,1,1,
7,1,1,1,2,1,2,0,1,1,1,1,2,2,1,0,1,1,1,1,1,
8,2,1,0,2,0,2,1,0,2,2,0,2,2,0,1,0,2,2,0,0,
8,1,1,0,2,1,1,0,1,1,1,0,2,1,1,0,1,1,1,0,1,
8,1,1,0,2,1,1,0,1,1,1,0,2,1,1,0,1,1,1,0,1,
8,1,0,1,2,1,1,0,1,1,0,0,2,2,1,0,1,1,1,0,1,
11,0,0,0,1,0,0,0,0,0,0,0,1,0,0,0,0,0,0,0,0,
8,1,1,0,2,2,1,0,1,1,1,0,2,1,1,0,1,1,1,0,1,
8,0,0,0,1,0,1,0,1,0,0,0,1,1,0,0,0,0,0,0,1,
9,0,0,0,1,0,1,0,0,0,0,0,1,1,0,0,0,0,0,0,0,
7,0,0,0,1,0,1,0,1,0,0,0,1,1,0,0,0,0,0,0,1,
7,0,0,0,1,0,1,0,1,0,0,0,1,1,0,0,1,0,0,0,1,
7,1,0,0,1,0,1,0,1,1,0,0,1,1,0,0,1,1,0,0,1,
10,1,0,0,2,0,1,0,1,1,0,0,1,1,0,0,1,1,1,0,1,
8,1,1,0,2,0,1,0,1,1,1,0,1,2,1,0,1,1,1,0,1,
32,1,1,0,2,0,2,26,1,1,1,0,1,2,1,0,1,1,1,0,1,
10,1,1,1,2,1,1,0,1,1,1,0,2,2,1,0,1,1,1,1,1,
8,1,1,0,2,1,1,0,1,1,1,0,2,2,1,0,1,1,1,0,1,
8,0,0,0,1,0,1,0,0,0,0,0,1,1,0,0,0,0,0,0,0,
10,0,0,3,1,3,1,0,3,0,0,3,1,1,3,0,3,0,1,3,3,
7,0,0,0,1,0,1,0,0,0,0,0,1,1,0,0,1,0,0,0,0,
9,2,1,1,2,1,1,0,1,2,1,0,1,1,1,1,1,2,1,0,1,
8,1,1,0,2,0,1,0,1,1,1,0,2,1,1,0,1,1,1,0,1,
14,0,0,0,1,1,0,0,0,0,0,0,1,1,1,0,0,0,0,0,1,
8,1,1,1,2,1,1,0,1,1,1,1,2,1,1,0,1,1,1,1,1,
9,1,1,0,1,0,1,0,1,0,0,0,1,1,0,0,1,0,1,0,1,
8,1,1,0,2,0,1,0,1,1,1,0,1,1,0,0,1,1,1,0,1,
8,1,1,1,2,1,1,0,2,1,1,1,2,1,1,0,1,1,1,1,1,
8,0,0,0,1,0,0,0,1,0,0,0,1,0,0,0,1,0,0,0,0,
9,1,1,0,2,0,1,0,1,1,0,0,2,1,0,0,1,1,1,0,1,
7,1,1,0,1,0,1,0,1,0,0,0,1,1,0,0,1,1,1,0,1,
7,1,1,0,1,0,1,0,1,1,0,0,1,1,1,0,1,1,0,0,1,
9,0,0,0,1,0,1,0,1,0,0,3,1,1,1,0,1,0,0,3,0,
7,0,0,0,1,0,1,0,1,0,0,0,1,1,1,0,1,0,1,0,1,
7,1,1,0,2,0,1,0,1,1,0,0,1,1,1,0,1,1,1,0,1,
7,1,1,0,1,0,1,0,1,1,0,0,1,1,0,0,1,1,1,0,0,
13,1,7,0,2,0,1,0,1,1,7,0,2,1,0,0,1,1,7,0,1,
9,1,1,0,2,0,1,0,1,1,1,0,1,1,1,0,1,1,1,0,1,
8,1,1,1,2,1,1,0,1,1,1,0,2,1,1,0,1,1,1,1,1,
8,1,1,1,2,1,1,0,1,1,1,1,2,1,1,0,1,1,1,1,1,
8,1,1,1,2,1,1,0,1,1,1,1,2,1,1,0,1,1,1,1,1,
11,0,0,0,1,0,3,0,1,0,0,0,1,3,0,0,0,0,0,0,0,
8,1,2,1,2,1,1,0,1,1,1,1,2,2,1,0,1,1,2,1,1,
7,0,0,0,1,0,0,0,0,0,0,0,1,1,0,0,0,0,0,0,0,
8,1,1,1,3,1,1,0,1,1,1,1,3,2,1,0,1,1,1,1,1,
8,1,1,0,2,0,1,0,2,0,0,0,1,1,0,0,2,0,0,0,0,
18,11,1,1,12,1,11,0,1,11,1,1,12,11,1,0,1,11,1,1,1,
7,1,1,1,1,1,1,0,1,1,1,1,1,1,1,0,1,1,1,1,1,
8,1,1,1,2,1,1,0,1,1,1,1,1,1,1,0,1,1,1,1,1,
9,1,1,1,2,1,1,0,1,1,3,1,2,2,1,0,1,1,1,1,1,
9,1,1,0,2,1,1,0,1,1,1,0,2,1,1,0,0,1,1,0,1,
8,1,1,0,2,1,1,0,0,0,1,0,2,1,0,0,0,0,1,0,1,
8,1,1,1,2,1,2,1,1,1,2,1,2,2,1,0,1,1,2,1,1,
8,1,1,1,2,1,2,1,1,1,1,1,2,2,1,0,1,1,2,1,1,
7,1,1,0,1,0,1,0,1,1,1,0,1,1,0,0,1,1,1,0,0,
7,0,0,0,1,0,1,0,1,0,0,0,1,1,0,0,1,0,1,0,0,
9,1,1,0,2,1,1,0,1,1,1,0,1,1,0,0,1,1,1,0,1,
18,1,1,12,2,12,1,0,12,2,1,12,2,2,12,0,12,2,2,12,12,
8,1,1,1,2,1,1,0,1,1,1,1,2,1,1,0,1,1,2,1,1,
9,1,2,1,3,1,3,0,3,1,2,0,3,3,1,0,1,1,3,0,1,
8,1,1,1,2,1,1,0,1,1,1,1,2,1,1,0,1,1,1,1,1,
9,1,1,1,2,1,1,0,1,1,1,1,2,1,1,0,1,3,1,1,1,
8,1,1,1,2,1,2,0,1,1,1,1,2,3,1,0,1,1,2,1,1,
8,0,0,0,1,0,1,0,0,0,0,0,1,1,0,0,0,0,1,0,0,
8,0,0,0,1,0,0,0,0,0,0,0,1,0,0,0,0,0,1,0,0,
8,0,0,0,1,0,1,0,1,0,1,0,1,1,0,0,0,0,1,0,0,
10,1,1,3,3,2,1,0,1,1,1,0,3,1,0,0,1,1,1,3,0,
7,1,1,0,1,0,1,0,1,1,1,0,1,1,0,0,1,1,1,0,0,
7,1,1,0,2,1,1,0,1,1,1,0,2,1,0,0,1,1,1,0,1,
8,1,1,1,1,1,1,0,1,1,1,1,1,1,1,0,1,1,1,1,1,
9,1,1,1,2,3,1,0,1,1,1,1,2,2,3,0,1,1,2,1,3,
11,1,2,0,2,1,1,0,1,1,3,0,2,2,1,0,1,1,3,1,2,
13,3,3,2,4,2,3,2,3,3,3,2,4,3,2,0,3,3,4,2,3,
10,0,1,0,2,1,1,0,1,0,1,0,1,1,1,0,1,0,1,0,1,
8,0,1,0,1,0,1,0,1,0,0,0,1,1,0,0,0,0,1,0,0,
8,0,1,0,1,0,0,0,1,0,0,0,1,0,0,0,0,0,1,0,1,
8,0,2,0,1,0,1,0,1,0,1,0,1,1,0,0,0,0,2,0,0,
7,0,1,0,1,0,0,0,0,0,0,0,1,1,0,0,0,0,1,0,0,
8,1,1,1,2,1,1,0,1,1,1,1,2,1,1,0,1,1,1,1,1,
8,1,1,0,2,0,1,0,1,1,1,0,1,1,0,0,1,1,1,0,0,
8,1,1,1,2,1,1,0,1,1,1,1,2,1,1,0,1,1,1,1,1,
8,1,1,1,2,1,1,0,1,1,1,1,2,1,1,0,1,1,1,1,1,
8,1,1,1,2,1,2,0,1,1,2,1,2,1,2,0,1,1,2,1,2,
9,0,0,0,2,0,0,0,1,0,0,0,1,1,0,0,0,0,0,0,0,
8,0,0,0,1,0,0,0,1,0,0,0,1,0,0,0,0,0,0,0,0,
7,0,0,0,1,0,0,0,1,0,0,0,1,1,0,0,0,0,0,0,0,
8,0,0,0,0,0,0,0,0,0,0,0,0,0,0,0,0,0,0,0,0,
7,1,0,0,1,0,1,0,1,0,0,0,1,1,0,0,0,0,1,0,0,
10,1,1,1,2,1,1,0,1,1,1,1,2,1,1,0,1,1,2,0,1,
8,1,1,0,2,1,1,0,1,1,1,0,2,1,1,0,1,1,1,0,1,
8,1,1,0,2,1,1,0,1,1,1,0,1,1,1,0,1,1,1,0,1,
10,1,0,0,4,1,1,0,1,1,1,0,4,1,1,0,1,1,1,0,1,
9,1,1,1,2,3,1,0,1,1,1,0,2,1,3,0,1,1,1,0,3,
18,12,1,1,12,1,12,0,1,12,1,1,12,12,1,0,1,12,1,1,1,
8,1,1,1,2,1,1,0,1,1,1,1,2,1,1,0,1,1,1,1,1,
8,1,0,0,2,0,1,0,1,0,0,0,2,1,0,0,1,0,1,0,0,
8,1,0,0,2,0,1,0,1,1,1,0,1,1,0,0,1,1,1,0,0,
7,0,1,0,1,0,1,0,1,0,0,0,1,1,0,0,1,0,1,0,0,
7,1,0,0,1,0,1,0,1,0,0,0,1,1,0,0,0,0,1,0,0,
8,1,1,0,2,0,1,0,1,1,1,0,2,1,0,0,1,1,1,0,0,
10,1,1,0,4,1,1,0,4,1,1,0,4,1,1,0,1,1,1,0,1,
7,1,1,0,2,1,1,0,1,1,1,0,1,1,1,0,1,1,1,0,1,
8,1,1,1,2,1,1,0,1,1,1,0,2,1,1,0,1,1,1,1,1,
8,1,1,1,2,1,1,0,1,1,1,1,2,1,1,0,1,1,1,1,1,
9,1,1,1,2,4,1,0,1,1,1,1,2,1,4,0,1,1,1,1,4,
7,0,0,0,1,0,1,0,1,0,0,0,1,1,0,0,0,0,1,0,0,
7,0,0,0,1,0,1,0,1,0,1,0,1,1,0,0,1,0,1,0,0,
10,1,1,0,2,0,1,0,1,1,1,0,1,1,0,0,1,1,1,0,0,
8,1,1,1,2,1,1,0,1,1,1,1,2,1,1,0,1,1,1,1,1,
8,1,1,0,2,1,1,0,1,1,1,0,2,2,1,0,1,1,1,0,1,
7,1,1,0,2,1,1,0,1,1,1,0,2,1,1,0,1,1,1,0,1,
8,1,1,1,2,1,1,0,1,1,1,1,2,1,1,0,1,1,1,1,1,
8,1,1,1,2,1,2,0,1,1,1,1,2,2,1,1,1,1,1,1,1,
18,1,1,1,2,1,1,0,2,1,1,1,2,1,1,0,1,1,1,1,1,
8,1,1,0,2,0,1,0,1,1,0,0,1,1,0,0,1,1,1,0,0,
7,0,0,0,1,0,1,0,0,0,1,0,1,1,0,0,0,0,1,0,0,
12,3,3,0,4,0,3,2,1,3,3,0,4,3,0,2,0,3,3,0,0,
7,1,1,0,1,1,1,0,1,1,1,0,1,1,1,0,1,1,1,0,1,
8,1,1,0,2,1,2,0,1,1,1,0,2,2,1,0,1,1,1,0,1,
8,1,1,1,2,1,1,0,1,1,1,1,2,1,1,0,1,1,1,1,1,
8,1,1,1,2,1,1,0,1,1,1,1,2,1,1,0,1,1,1,1,1,
8,1,1,1,2,1,1,0,1,1,1,1,2,1,1,0,1,1,1,1,1,
8,1,0,0,1,0,1,0,1,0,1,0,1,1,0,0,0,1,1,0,0,
9,0,2,0,1,0,0,0,1,0,2,0,1,0,0,0,0,0,2,0,0,
7,0,0,0,1,0,1,0,1,0,1,0,1,1,0,0,0,0,1,0,0,
7,0,0,0,1,0,1,0,1,0,0,0,1,1,0,0,1,0,1,0,0,
7,1,0,0,2,0,1,0,1,1,1,0,1,1,0,0,1,1,1,0,0,
7,1,0,0,2,0,1,0,1,1,1,0,1,1,0,0,1,1,1,0,0,
8,1,1,0,2,1,1,0,1,1,1,0,2,1,1,0,1,1,1,0,1,
18,1,12,1,2,1,1,0,1,1,12,1,2,1,1,0,1,1,12,1,1,
8,1,1,1,2,1,1,0,1,1,1,1,2,1,1,0,1,1,1,1,1,
8,1,1,1,2,1,1,0,1,1,1,1,2,1,1,0,1,1,1,1,1,
8,1,1,1,2,1,1,0,1,1,1,1,2,1,1,0,1,1,1,1,1,
33,4,1,1,5,1,4,0,1,27,1,1,5,4,1,0,1,4,1,1,1,
10,1,1,1,0,0,1,0,1,0,0,0,1,0,0,0,1,0,1,1,0,
6,1,1,1,2,1,1,0,1,1,1,1,2,1,1,0,1,1,1,1,1,
7,0,0,0,1,0,0,0,1,0,0,0,1,0,0,0,0,0,0,0,0,
7,0,0,0,1,0,0,0,1,0,0,0,1,1,0,0,0,0,0,0,0,
7,0,0,0,1,0,1,0,1,0,0,0,1,1,0,0,1,0,1,0,0,
7,1,0,0,1,0,1,1,1,1,0,0,1,1,0,1,1,1,1,0,0,
7,1,0,0,1,0,1,0,1,1,0,0,1,1,0,0,1,1,1,0,0,
8,1,1,1,2,1,1,0,1,1,1,1,2,1,1,0,1,1,1,1,1,
8,1,1,1,2,1,1,0,1,1,1,1,2,1,1,0,1,1,1,1,1,
10,1,1,1,2,1,1,0,1,1,1,1,2,2,1,0,1,1,1,1,1,
10,1,1,1,2,1,1,0,1,1,1,1,2,1,1,0,1,1,1,1,1,
8,1,1,1,2,1,1,0,1,1,1,1,2,1,1,0,1,1,1,1,1,
8,1,1,1,2,1,1,0,1,1,1,1,2,1,1,0,1,1,1,1,1,
8,1,1,1,2,1,1,0,1,1,1,1,2,1,1,0,1,1,1,1,1,
7,1,1,1,2,1,1,0,1,1,1,1,2,1,1,0,1,1,1,1,1,
7,0,0,0,1,0,1,0,1,0,0,0,1,1,0,0,0,0,0,0,0,
7,0,0,0,1,0,1,0,1,0,0,0,1,1,0,0,0,0,0,0,0,
9,1,0,0,1,3,1,0,1,1,1,0,1,1,3,0,1,1,1,0,3,
7,1,0,0,1,0,1,0,1,1,0,0,1,1,0,0,1,1,1,0,0,
7,1,0,0,1,0,1,0,1,1,1,0,1,1,1,0,1,1,1,0,0,
7,1,0,0,2,1,1,0,1,1,1,0,2,1,1,0,1,1,1,0,1,
7,1,1,0,1,1,1,0,1,1,1,0,1,1,1,0,1,1,1,0,1,
7,1,1,1,2,1,1,0,1,1,1,1,2,1,1,0,1,1,1,1,1,
8,1,1,1,2,1,1,0,1,1,1,1,2,1,1,0,1,1,1,1,1,
8,0,0,0,1,0,0,0,0,0,0,0,1,0,0,0,0,0,0,0,0,
7,1,1,1,2,1,1,0,1,1,1,1,2,1,1,0,1,1,1,1,1,
7,0,0,0,1,0,1,0,0,0,0,0,1,1,0,0,0,0,0,0,0,
7,0,0,0,1,0,0,0,1,0,0,0,1,1,0,0,1,0,0,0,0,
16,1,0,0,1,10,1,0,1,1,0,0,1,1,10,0,1,1,1,0,10,
29,1,1,0,1,0,1,0,1,1,1,0,1,1,0,0,1,23,1,0,0,
7,1,1,0,2,1,1,0,1,1,1,0,2,1,1,0,1,1,1,0,1,
7,1,1,0,2,1,1,0,1,1,1,0,2,1,1,0,1,1,1,0,1,
7,1,1,0,2,1,1,0,1,1,1,0,2,1,1,0,1,1,1,0,1,
9,1,1,1,2,1,1,0,1,1,1,1,2,1,1,0,1,4,1,1,1,
11,1,1,1,5,1,1,0,1,1,1,1,5,1,1,0,1,1,1,1,1,
7,1,1,1,2,1,1,0,1,1,1,1,2,1,1,0,1,1,1,1,1,
8,1,1,1,2,1,1,0,1,1,1,1,2,1,1,0,1,1,2,1,1,
7,1,1,1,2,1,1,0,1,1,1,1,2,1,1,0,1,1,1,1,1,
7,0,0,0,1,0,1,0,1,0,1,0,1,1,0,0,1,0,1,0,0,
7,0,0,0,1,0,0,0,1,0,0,0,1,1,0,0,1,0,1,0,0,
7,1,1,1,1,1,1,0,1,1,1,0,1,1,1,0,1,1,1,0,1,
7,1,1,1,2,1,1,0,1,1,1,1,2,1,1,0,1,1,1,1,1,
7,1,1,1,2,1,1,0,1,1,1,1,1,1,1,1,1,1,1,1,1,
18,1,1,0,2,1,2,0,1,1,1,0,1,2,1,0,1,1,1,0,1,
8,1,1,1,2,1,1,0,1,1,1,1,2,1,1,0,1,1,2,1,1,
8,1,1,1,2,1,1,0,1,1,1,1,2,1,1,0,1,1,1,1,1,
8,1,1,1,2,1,1,0,1,1,1,1,2,1,1,1,1,1,1,1,1,
7,1,1,1,2,1,1,0,1,1,1,1,2,1,1,0,1,1,1,1,1,
7,1,1,1,2,1,1,0,1,1,1,1,2,1,1,0,1,1,1,1,1,
8,0,0,0,1,0,0,0,0,0,0,0,1,0,0,0,0,0,0,0,0,
7,0,0,0,1,0,1,0,1,0,0,0,1,1,0,0,1,0,1,0,0,
8,0,0,0,1,3,0,0,1,0,0,0,1,0,3,0,0,0,1,0,3,
7,0,0,0,1,0,0,0,1,0,0,0,1,1,0,0,1,0,0,0,0,
7,0,0,0,1,0,1,0,1,0,0,0,1,1,0,0,1,0,1,0,1,
7,0,0,0,1,0,0,0,1,0,0,0,1,1,0,0,1,0,0,0,0,
17,11,1,0,12,1,11,0,1,11,1,0,12,11,1,0,1,11,1,0,1,
7,1,1,0,1,0,1,0,1,1,1,0,1,1,0,0,1,1,1,0,0,
7,0,0,0,0,0,0,0,0,0,0,0,0,0,0,0,0,0,0,0,0,
7,1,1,0,1,0,1,0,1,1,1,0,1,1,0,0,1,1,1,0,0,
18,1,1,0,3,1,12,0,1,1,1,0,3,12,0,0,1,1,1,0,1,
7,0,0,0,1,0,0,0,1,0,0,0,1,0,0,0,0,0,0,0,0,
8,1,1,0,1,0,0,0,0,0,0,0,1,1,0,0,0,0,1,0,0,
8,1,1,0,2,0,1,0,1,1,1,0,1,1,0,0,1,1,1,0,0,
7,0,0,0,1,0,1,0,1,0,1,0,1,1,0,0,1,0,1,0,0,
7,0,1,0,1,0,1,0,1,1,1,0,1,1,0,0,1,0,1,1,0,
8,1,1,1,2,1,1,0,1,1,1,0,2,2,2,1,1,1,1,1,1,
9,1,1,0,2,0,1,0,0,1,1,0,2,1,0,0,0,1,1,0,0,
18,3,0,0,4,0,3,0,11,3,1,0,4,4,0,0,11,3,0,0,0,
10,0,0,2,1,2,1,0,3,0,1,2,1,1,2,0,3,0,0,2,2,
8,0,0,0,1,0,0,0,0,0,0,0,1,0,0,0,0,0,0,0,0,
8,1,1,1,2,1,1,0,1,1,1,1,2,1,1,0,1,1,1,1,1,
8,1,1,0,2,1,1,0,1,1,1,0,2,1,1,0,1,1,1,0,1,
8,1,2,1,2,2,1,0,1,1,2,1,2,1,2,0,1,1,2,1,2,
8,0,0,0,1,0,1,0,0,0,0,0,1,1,0,0,0,0,0,0,0,
7,0,1,0,1,0,1,0,1,0,0,0,1,1,0,0,1,0,1,0,0,
9,1,1,0,1,0,1,0,1,1,1,0,1,1,0,0,1,1,1,0,0,
7,0,1,0,1,0,1,0,0,0,0,0,1,1,0,0,0,0,0,0,0,
9,1,1,0,1,0,1,0,0,1,1,0,1,1,0,0,0,1,0,0,0,
8,0,2,0,1,0,1,0,1,0,2,0,1,1,0,0,1,0,2,0,0,
7,1,1,0,1,0,1,0,1,1,1,0,1,1,0,0,1,1,1,0,0,
31,1,1,0,2,1,1,0,1,1,1,0,2,1,26,0,1,1,1,0,0,
7,1,1,1,2,1,1,0,1,1,1,0,1,1,1,1,1,1,1,0,1,
8,0,0,0,1,0,0,0,0,0,0,0,1,0,0,0,0,0,0,0,0,
8,1,1,0,2,1,1,0,1,1,1,0,2,1,1,0,1,1,1,0,1,
8,0,0,0,1,0,0,0,0,0,0,0,1,0,0,0,0,0,0,0,0,
7,0,0,0,1,0,0,0,0,0,0,0,1,0,0,0,0,0,0,0,0,
7,0,0,0,1,0,0,0,0,0,0,0,1,0,0,0,0,0,0,0,0,
7,0,0,0,1,0,0,0,0,0,0,0,1,0,0,0,0,0,0,0,0,
7,0,0,0,1,0,1,0,1,0,0,0,1,1,0,0,0,0,0,0,0,
8,0,0,0,0,0,0,0,0,0,0,0,0,0,0,0,0,0,0,0,1,
7,1,1,0,1,0,1,0,1,0,1,0,1,1,0,0,0,0,1,0,0,
7,1,1,0,1,0,1,0,1,1,1,0,1,1,0,0,1,1,1,0,0,
8,1,1,1,2,1,1,0,1,1,1,1,1,1,1,0,1,1,1,1,1,
8,1,1,1,2,1,1,0,1,1,1,1,2,1,1,0,1,1,1,1,1,
8,1,1,1,2,1,1,0,1,1,1,1,2,1,1,0,1,1,1,1,1,
8,1,1,1,2,1,1,0,1,1,1,1,2,1,1,0,1,1,1,1,1,
8,1,1,1,2,1,1,0,1,1,1,1,2,1,1,0,1,1,1,1,1,
8,1,1,1,2,1,1,0,1,1,1,1,2,1,1,1,1,1,1,1,1,
7,1,1,1,2,1,1,0,1,1,1,1,2,1,1,0,1,1,1,1,1,
7,1,1,1,2,1,1,0,1,1,1,1,2,1,1,0,1,1,1,1,1,
7,1,1,1,2,1,1,0,2,1,1,1,2,2,1,0,2,1,1,1,1,
8,0,0,0,2,0,1,0,1,0,0,0,1,1,0,0,0,0,1,0,0,
9,1,0,2,1,2,1,0,3,1,0,2,1,1,2,0,3,1,0,2,2,
7,1,0,0,2,0,1,0,1,1,1,0,1,1,0,0,1,1,1,0,0,
7,1,1,0,2,1,1,0,1,1,1,0,1,1,1,0,1,1,1,0,1,
10,4,3,0,4,1,4,3,1,4,3,0,4,4,1,3,1,4,4,0,1,
17,1,1,8,2,9,1,0,9,1,1,8,2,1,9,0,9,1,1,8,9,
8,1,1,1,2,1,1,0,1,1,1,1,2,1,1,0,1,1,1,1,1,
8,1,1,1,2,1,1,0,1,1,1,1,2,2,1,0,1,1,1,1,1,
9,1,1,1,2,1,1,0,1,1,1,1,2,1,1,0,1,1,1,1,1,
7,1,1,1,2,1,1,0,1,1,1,1,2,1,1,0,1,1,1,1,1,
11,0,0,0,1,0,0,0,5,0,0,0,1,0,0,0,5,0,0,0,0,
7,1,0,0,1,0,1,0,1,1,0,0,1,1,0,0,0,1,0,0,0,
28,1,0,0,1,0,1,0,1,1,0,0,1,1,0,22,1,1,1,0,1,
7,1,1,0,2,1,1,0,1,1,1,0,2,1,1,0,1,1,1,0,1,
7,1,0,0,2,0,1,0,1,1,1,0,2,1,0,0,1,1,1,0,1,
16,1,1,1,2,10,1,0,1,1,1,1,2,1,10,0,1,1,1,1,11,
8,1,1,0,2,0,1,0,1,1,1,0,1,1,0,0,1,1,1,0,1,
8,1,1,1,2,1,1,0,1,1,1,1,2,1,1,0,1,1,1,1,1,
8,1,1,1,2,1,1,0,1,1,1,1,2,1,1,0,1,1,1,1,1,
8,1,1,1,2,1,1,0,1,1,1,1,2,1,1,0,1,1,1,1,1,
8,1,1,1,2,1,1,0,1,1,1,1,2,1,1,0,1,1,1,1,1,
7,1,1,1,2,1,1,0,1,1,1,1,2,1,1,0,1,1,1,1,1,
7,0,0,0,0,0,0,0,0,0,0,0,0,0,0,0,0,0,0,0,0,
7,0,0,0,1,0,1,0,0,0,0,0,1,1,0,0,0,0,0,0,0,
7,1,0,0,1,0,1,0,1,1,0,0,1,1,0,0,1,1,1,0,1,
7,1,1,0,1,1,1,0,1,1,1,0,1,1,1,0,1,1,1,0,1,
11,1,1,0,2,1,1,0,1,1,1,0,2,1,1,0,1,1,1,0,1,
8,1,1,1,2,1,1,0,1,1,1,1,2,1,1,0,1,1,1,1,1,
7,1,1,1,1,1,1,0,1,1,1,1,1,1,1,0,1,1,1,1,1,
7,1,1,1,2,1,1,0,1,1,1,1,2,1,1,0,1,1,1,1,1,
8,1,1,1,2,1,1,0,1,1,1,1,2,1,1,0,1,1,1,1,1,
7,1,1,1,2,1,1,0,1,1,1,1,2,1,1,0,1,1,1,1,1,
8,1,1,1,2,1,1,0,1,1,1,1,2,1,1,0,1,1,1,1,1,
7,1,1,1,2,1,2,0,1,1,1,1,2,2,1,0,1,1,1,1,1,
7,1,1,1,2,1,1,0,1,1,1,1,2,1,1,0,1,1,1,1,1,
8,0,0,0,1,0,0,0,0,0,0,0,1,0,0,0,0,0,0,2,0,
7,0,0,0,1,0,1,0,0,0,0,0,1,1,0,0,0,0,1,0,0,
7,0,0,0,1,0,1,0,1,0,0,0,1,1,0,0,0,0,0,0,0,
7,1,0,0,1,0,1,0,1,1,0,0,1,1,0,0,1,1,0,0,0,
8,1,1,1,2,2,1,0,1,1,1,1,2,1,2,0,1,1,1,1,2,
7,1,0,0,1,1,1,0,1,1,0,0,1,1,1,0,1,1,1,0,1,
8,1,1,0,2,1,1,0,1,1,1,0,2,1,1,0,1,1,1,0,1,
8,1,1,1,2,1,1,0,1,1,1,0,2,1,1,0,1,1,1,0,1,
8,1,1,1,2,1,1,0,1,1,1,1,2,1,1,0,1,1,1,1,1,
8,1,1,1,2,1,1,0,1,1,1,1,2,1,1,0,1,1,1,1,1,
10,0,3,0,1,0,0,0,0,0,3,0,1,1,0,0,0,0,3,0,0,
7,1,1,1,2,1,1,0,1,1,1,1,2,1,1,0,1,1,1,1,1,
8,1,1,1,3,1,1,0,1,1,1,1,3,1,1,0,1,1,1,1,1,
7,0,0,0,1,0,1,0,0,0,0,0,1,1,0,0,0,0,0,0,0,
7,0,0,0,1,0,1,0,0,0,0,0,1,1,0,0,0,0,0,0,0,
7,1,0,0,1,0,1,0,1,1,0,0,1,1,0,0,0,1,1,0,1,
7,1,1,0,1,1,1,0,1,1,0,0,1,1,0,0,1,1,1,0,1,
7,1,0,0,1,0,1,0,1,1,0,0,1,1,0,0,1,1,1,0,1,
7,1,0,0,1,0,1,0,1,1,1,0,1,1,0,0,1,1,1,0,1,
8,1,1,0,2,1,1,0,1,1,1,0,1,1,1,0,1,1,1,0,1,
8,1,1,0,2,1,1,0,1,1,1,0,2,2,1,0,1,1,1,0,1,
9,1,1,1,1,0,1,1,1,1,1,1,1,1,1,1,1,1,1,1,1,
17,10,10,0,11,0,10,9,0,10,10,0,11,10,0,9,0,10,10,0,0,
7,1,1,1,2,1,1,0,1,1,1,1,2,1,1,1,1,1,1,1,1,
16,0,0,0,1,10,0,0,1,0,0,0,1,0,10,0,0,0,0,0,10,
7,0,0,0,1,0,1,0,1,0,0,0,1,0,0,0,1,0,0,0,0,
7,0,0,0,1,0,1,0,1,0,0,0,1,1,0,0,1,0,0,0,0,
7,1,0,0,1,0,1,0,1,0,0,0,1,1,0,0,1,1,1,0,1,
7,1,0,0,1,0,1,0,1,0,0,0,1,1,0,0,1,1,1,0,1,
7,1,1,0,1,1,1,0,1,1,1,0,1,1,1,0,1,1,1,0,1,
7,1,1,0,2,1,1,0,1,1,1,0,2,1,0,0,1,1,1,0,1,
7,1,1,0,2,1,1,0,1,1,1,0,1,1,1,0,1,1,1,0,1,
10,1,2,0,4,0,2,0,2,2,2,0,3,2,1,1,1,2,3,1,1,
8,0,0,0,1,0,0,0,0,0,0,0,1,0,0,0,0,0,0,0,0,
9,1,1,4,2,4,2,0,5,1,1,4,2,1,4,0,5,1,1,4,4,
7,0,0,0,1,0,0,0,1,0,0,0,1,1,0,0,1,0,0,0,0,
7,0,0,0,1,0,1,0,1,0,0,0,1,1,0,0,1,0,1,0,1,
7,0,0,0,1,0,1,0,1,0,0,0,1,0,0,0,0,0,0,0,0,
114,2,1,1,3,2,2,0,2,1,1,1,2,2,1,0,2,2,2,1,2,
7,1,1,0,1,0,1,0,1,1,1,0,1,1,0,0,1,1,1,0,1,
9,0,0,0,1,0,0,0,1,0,0,0,0,0,0,0,1,0,0,0,0,
8,1,1,0,2,1,1,0,1,1,1,0,2,1,1,0,1,1,1,0,1,
8,0,0,0,1,0,0,0,0,0,0,0,1,0,0,0,0,0,0,0,0,
8,0,1,0,1,0,0,0,0,0,1,0,1,0,0,0,0,0,1,0,0,
8,0,0,0,1,0,1,0,0,0,0,0,1,0,0,0,0,0,0,0,0,
8,0,0,0,2,0,0,0,1,0,0,0,1,0,0,0,0,0,0,0,0,
7,1,0,0,1,0,1,0,1,0,0,0,1,1,0,0,1,0,1,0,1,
8,0,0,0,0,0,0,0,0,0,0,0,0,0,0,0,0,0,0,0,0,
7,0,0,0,1,0,1,0,1,0,0,0,1,1,0,0,1,0,1,0,0,
19,1,0,0,1,0,1,0,1,1,0,0,13,1,0,0,1,1,1,0,1,
7,1,0,0,1,0,1,0,1,1,0,0,1,1,0,0,1,1,1,0,1,
7,1,1,0,1,0,1,0,1,1,0,0,1,1,0,0,1,1,1,0,1,
7,1,0,0,1,0,1,0,1,1,0,0,1,1,0,0,1,1,1,0,1,
8,1,1,0,2,1,1,0,1,1,0,0,1,1,0,0,1,1,1,0,1,
10,0,0,0,0,0,0,0,1,0,0,0,0,0,0,0,1,0,0,0,0,
7,1,1,1,2,1,1,0,1,1,1,1,2,1,1,0,1,1,1,1,1,
8,1,1,1,2,1,1,0,1,1,1,1,2,1,1,0,1,1,1,1,1,
11,1,1,0,2,1,1,0,1,2,1,0,2,2,1,0,1,1,2,0,2,
8,0,1,0,2,1,1,0,1,0,1,0,2,1,1,0,1,0,1,0,1,
32,1,1,1,2,1,2,0,2,1,1,1,2,2,1,0,2,1,1,1,27,
18,11,0,0,12,1,11,0,1,11,0,0,12,11,1,0,1,11,1,0,1,
7,1,1,0,1,0,1,0,1,1,0,0,1,1,0,0,1,1,1,0,1,
18,1,0,0,1,1,1,0,12,1,0,0,1,1,1,0,11,1,1,0,1,
9,1,0,0,2,0,1,0,0,1,0,0,2,1,0,0,0,1,0,0,0,
8,1,2,0,1,0,1,0,1,1,2,0,1,1,0,0,1,1,2,0,1,
7,1,1,0,1,1,1,0,1,1,1,0,1,1,0,0,1,1,1,0,1,
8,1,1,1,2,1,1,0,1,1,1,1,2,1,1,0,1,1,1,1,1,
15,1,1,0,2,9,1,0,1,1,1,0,1,1,9,0,1,1,1,0,9,
7,1,1,1,2,1,1,0,1,1,1,0,1,1,1,0,1,1,1,1,1,
7,1,1,0,2,1,1,0,1,1,1,0,1,1,1,0,1,1,1,0,1,
6,1,1,1,2,1,1,0,1,1,1,1,2,1,1,0,1,1,1,1,1,
7,1,1,1,2,1,1,0,1,1,1,1,2,1,1,0,1,1,1,1,1,
7,0,0,0,1,0,0,0,0,0,0,0,1,0,0,0,0,0,0,0,0,
7,0,0,0,1,1,1,0,1,0,0,0,1,1,0,0,1,0,0,0,1,
9,1,0,0,1,1,1,0,1,1,0,0,1,1,1,0,1,3,0,0,1,
7,1,0,0,1,0,1,0,1,0,0,0,1,1,0,0,0,0,0,0,1,
7,1,1,0,1,0,1,0,1,1,0,0,1,1,0,0,1,1,0,0,1,
10,1,2,0,4,0,1,0,1,1,2,0,3,1,0,0,1,1,2,0,1,
7,1,1,0,1,1,1,0,1,1,0,0,1,1,0,0,1,1,1,0,1,
8,1,1,0,2,1,1,0,1,1,1,0,2,1,1,0,1,1,1,0,1,
8,1,1,1,2,1,1,0,1,1,1,0,2,1,1,0,1,1,1,0,1,
8,1,1,1,2,1,1,0,1,1,1,1,2,1,1,0,1,1,1,1,1,
7,1,1,1,2,1,1,0,1,1,1,1,2,2,1,0,1,1,1,1,1,
7,1,1,1,2,1,2,0,1,1,1,1,2,2,1,0,1,1,1,1,1,
7,0,0,0,1,0,0,0,0,0,0,0,1,1,0,0,0,0,0,0,0,
8,0,0,0,2,0,1,0,0,0,0,0,2,1,0,0,0,0,0,0,0,
7,1,0,0,1,0,1,0,1,0,0,0,1,1,0,0,1,0,0,0,1,
7,1,0,0,1,1,1,0,1,1,0,0,1,1,0,0,1,1,0,0,1,
8,0,0,0,0,0,0,0,0,0,0,0,0,0,0,0,0,0,0,0,0,
7,1,1,0,1,1,1,0,1,1,0,0,1,1,1,0,1,1,1,0,1,
7,1,1,0,1,1,1,0,1,1,0,0,1,1,1,0,1,1,1,1,1,
10,1,1,0,2,1,1,0,1,1,0,0,2,1,1,0,1,1,1,0,1,
7,1,1,0,2,1,1,0,1,1,1,0,2,1,1,0,1,1,1,0,1,
8,1,1,0,2,1,1,0,1,1,1,0,2,1,1,0,1,1,1,0,1,
8,1,1,1,2,1,1,0,1,1,1,1,2,1,1,0,1,1,1,1,1,
7,1,1,1,2,1,1,0,1,1,1,1,2,1,1,0,1,1,1,1,1,
7,1,1,1,2,1,1,0,1,1,1,1,2,1,1,0,1,1,1,1,1,
7,0,0,0,1,0,1,0,0,0,0,0,1,0,0,0,0,0,1,0,0,
7,0,0,0,1,0,1,0,1,0,0,0,1,1,0,0,1,0,1,0,0,
7,1,1,0,1,0,1,0,1,1,1,0,1,1,1,0,1,1,1,0,1,
8,1,1,0,2,0,1,0,1,1,1,0,1,1,0,0,1,1,1,0,0,
11,1,1,3,2,0,1,0,1,1,1,0,1,1,0,0,1,1,1,3,0,
8,1,1,0,2,1,1,0,1,1,1,0,2,1,1,0,1,1,1,0,1,
8,1,1,1,2,1,1,0,1,1,1,0,2,1,1,0,1,1,1,1,1,
8,1,1,1,2,1,1,0,1,1,1,1,2,1,1,0,1,1,1,1,1,
18,1,1,12,2,12,1,0,12,1,1,12,2,1,12,0,12,1,1,12,12,
8,0,0,0,1,0,0,0,0,0,0,0,1,1,0,0,0,0,0,0,0,
7,0,0,0,1,0,0,0,1,0,0,0,1,0,0,0,0,0,0,0,0,
9,1,0,0,1,0,1,0,1,0,0,0,1,1,0,0,0,1,0,0,0,
7,0,0,0,1,0,1,0,1,0,0,0,1,1,0,0,1,0,0,0,0,
9,1,0,0,1,0,4,0,1,1,0,0,1,4,0,0,1,1,0,0,0,
7,1,1,0,1,1,1,0,1,1,1,0,1,1,1,0,1,1,1,0,1,
7,1,1,0,2,1,1,0,1,1,1,0,1,1,1,0,1,1,1,0,1,
7,1,1,0,1,0,1,0,1,1,1,0,1,1,1,0,1,1,1,0,1,
7,1,1,1,2,1,1,1,1,1,1,0,1,1,1,1,1,1,1,1,1,
7,1,1,0,2,1,1,0,1,1,1,0,2,1,1,0,1,1,1,0,1,
8,1,0,0,2,0,1,0,0,1,1,0,1,1,0,0,0,1,1,0,0,
8,1,1,1,2,1,1,0,1,1,1,1,2,2,1,0,1,1,1,1,1,
8,1,1,1,2,1,1,0,1,1,1,1,2,1,1,0,1,1,1,1,1,
7,1,1,1,2,1,1,0,1,1,1,1,2,1,1,0,1,1,1,1,1,
7,0,0,0,1,0,0,0,0,0,0,0,1,0,0,0,0,0,0,0,0,
7,0,0,0,1,0,1,0,0,0,0,0,1,1,0,0,0,0,0,0,0,
7,0,0,0,0,0,0,0,0,0,0,0,0,0,0,0,0,0,0,0,0,
7,0,0,0,1,0,1,0,1,0,0,0,1,1,0,0,1,0,1,0,0,
7,1,0,0,1,0,1,0,1,0,0,0,1,1,0,0,1,0,1,0,0,
9,0,0,0,1,0,1,0,1,0,0,0,1,1,0,0,1,0,0,0,0,
7,1,0,0,1,0,1,0,1,1,0,0,1,1,0,0,1,1,1,0,0,
7,1,1,0,2,0,1,0,1,1,1,0,1,1,1,0,1,1,1,0,0,
7,1,1,0,2,1,1,0,1,1,1,0,1,1,1,0,1,1,1,0,0,
8,1,1,0,2,1,1,0,1,1,1,0,2,1,1,0,1,1,1,0,1,
8,1,1,1,2,1,1,0,1,1,1,1,2,1,1,0,1,1,1,1,1,
8,0,0,0,1,0,1,0,1,0,0,0,1,1,0,0,0,0,0,0,0,
7,1,1,1,2,1,1,0,1,1,1,1,2,1,1,0,1,1,1,1,1,
7,1,1,1,2,1,1,0,1,1,1,1,2,1,1,0,1,1,1,1,1,
7,1,0,0,1,0,1,0,1,1,0,0,1,1,0,0,1,1,1,0,0,
18,1,1,1,13,1,1,0,1,1,1,1,13,1,1,0,1,1,1,1,1,
7,0,0,0,1,0,0,0,1,0,0,0,1,1,0,0,0,0,0,0,0,
7,0,0,0,1,0,0,0,1,0,0,0,1,0,0,0,1,0,0,0,0,
7,1,0,0,1,0,1,0,1,1,1,0,1,1,0,0,1,1,1,0,1,
7,1,0,0,2,0,1,0,1,1,1,0,1,1,0,0,1,1,1,0,0,
18,1,12,0,2,1,1,0,1,1,12,0,1,1,1,0,1,1,12,0,1,
8,1,1,1,2,1,1,0,1,1,1,1,2,1,1,0,1,1,1,1,1,
8,1,1,1,2,1,1,0,1,1,1,1,2,1,1,0,1,1,1,1,1,
7,1,1,1,2,1,1,0,1,1,1,1,2,2,1,0,1,1,1,1,1,
7,1,1,1,2,1,1,0,1,1,1,1,2,1,1,0,1,1,1,1,1,
7,1,1,1,2,1,1,0,1,1,1,1,1,1,1,0,1,1,1,1,1,
7,0,0,0,1,0,0,0,1,0,0,0,1,0,0,0,0,0,0,0,0,
10,0,0,0,4,0,0,0,1,0,0,0,4,1,0,0,0,0,1,0,0,
7,0,0,0,1,0,0,0,1,0,0,0,1,0,0,0,0,0,0,0,0,
7,1,0,0,1,0,1,0,1,0,0,0,1,1,0,0,1,0,1,0,0,
7,1,0,0,1,0,1,0,1,0,0,0,1,1,0,0,1,1,1,0,0,
14,1,1,0,1,0,1,0,8,1,1,0,1,1,0,0,8,1,1,0,0,
7,1,1,1,2,1,1,0,1,1,1,1,1,1,1,0,1,1,1,1,1,
8,1,1,1,2,1,1,0,1,1,1,1,2,1,1,0,1,1,1,1,1,
8,1,1,1,2,1,1,0,1,1,1,1,2,1,1,0,1,1,1,1,1,
8,1,0,0,2,0,1,0,0,1,0,0,2,1,0,0,0,1,0,0,0,
9,4,4,1,4,4,4,0,4,4,4,1,4,4,1,0,4,4,4,1,4,
7,0,0,0,1,0,0,0,0,0,0,0,1,0,0,0,0,0,0,0,0,
7,0,0,0,1,0,1,0,1,0,0,0,1,1,0,0,1,0,0,0,0,
7,0,0,0,1,0,0,0,0,0,0,0,1,1,0,0,0,0,0,0,0,
9,1,1,0,1,3,1,0,1,1,1,0,1,1,3,0,1,1,1,0,3,
7,1,1,0,1,1,1,0,1,1,1,0,1,1,0,0,1,1,1,0,1,
7,1,1,0,1,1,1,0,1,1,0,0,1,1,0,0,1,1,1,0,1,
10,1,1,0,1,1,1,0,1,1,0,0,1,1,0,0,1,1,1,0,1,
7,1,1,0,1,1,1,0,1,1,1,0,1,1,0,0,1,1,1,0,1,
8,1,1,0,1,1,2,0,1,1,1,0,1,2,0,0,1,1,1,0,1,
9,1,1,1,2,1,1,0,1,1,1,1,2,1,1,0,1,1,1,1,1,
8,1,1,1,2,1,1,0,1,1,1,1,2,1,1,0,1,1,1,1,1,
7,1,1,1,2,1,1,0,1,1,1,0,2,1,1,0,1,1,1,1,1,
7,1,1,1,2,1,1,0,1,1,1,1,2,1,1,0,1,1,1,1,1,
8,1,1,1,2,1,1,0,1,1,1,1,2,1,1,0,1,1,1,1,1,
7,1,1,1,2,1,2,0,1,1,1,1,2,1,1,0,1,1,1,1,1,
7,1,1,1,2,1,1,0,1,1,1,1,2,1,1,0,1,1,1,1,1,
7,0,0,0,1,0,0,0,0,0,0,0,1,0,0,0,0,0,0,0,0,
7,0,0,0,1,0,0,0,0,0,0,0,1,0,0,0,0,0,0,0,0,
7,1,1,0,1,0,1,0,1,1,0,0,1,1,0,0,1,1,0,0,0,
7,1,1,0,1,1,1,0,1,1,0,0,1,1,1,0,1,1,0,0,1,
11,0,0,0,3,0,0,0,0,0,0,0,1,0,0,0,0,0,0,0,0,
8,1,1,0,2,1,1,0,1,1,1,0,2,1,1,0,1,1,1,0,1,
8,1,1,1,2,1,1,0,1,1,1,1,2,1,1,0,1,1,1,1,1,
6,1,1,1,2,1,1,0,1,1,1,1,2,1,1,0,1,1,1,1,1,
7,1,1,1,2,1,1,0,1,1,1,1,2,1,1,0,1,1,1,1,1,
7,1,1,1,2,1,1,0,1,1,1,1,2,1,1,0,1,1,1,1,1,
7,0,0,0,1,0,0,0,0,0,0,0,1,0,0,0,0,0,0,0,0,
7,0,0,0,1,0,0,0,0,0,0,0,1,0,0,0,0,0,0,0,0,
7,0,1,0,1,1,0,0,1,0,1,0,1,0,0,0,0,0,1,0,0,
9,1,1,1,2,1,1,0,1,1,1,1,2,1,1,0,1,1,1,1,1,
17,1,11,0,1,0,1,0,1,0,11,0,1,1,0,0,1,1,11,0,0,
7,1,1,0,1,0,1,0,1,1,1,0,1,1,0,0,1,1,1,0,0,
7,1,1,0,1,1,1,0,1,1,1,0,1,1,1,0,1,1,1,0,1,
7,1,1,1,2,1,1,0,1,1,1,1,1,1,1,0,1,1,1,1,1,
7,1,1,1,2,1,1,0,1,1,1,1,2,1,1,0,1,1,1,1,1,
7,1,1,1,2,1,1,0,1,1,1,1,1,1,1,0,1,1,1,1,1,
7,1,1,1,2,1,1,0,1,1,1,1,2,1,1,0,1,1,1,1,1,
7,1,1,1,2,1,1,0,1,1,1,1,2,1,1,0,1,1,1,1,1,
17,1,1,0,1,0,1,0,11,1,1,0,1,1,0,0,11,1,1,0,0,
7,1,0,0,1,1,1,0,1,1,1,0,1,1,0,0,1,1,1,0,0,
7,0,1,0,1,0,1,0,1,0,0,0,1,1,0,0,0,0,0,0,0,
17,1,1,0,1,11,1,0,1,1,1,0,1,1,11,0,1,1,1,0,11,
16,9,1,0,10,0,9,0,1,9,1,0,9,9,0,0,1,9,1,0,0,
7,1,1,0,1,0,1,0,1,1,1,0,1,1,0,0,1,1,1,0,0,
7,1,1,1,1,0,1,0,1,1,1,0,1,1,0,0,1,1,1,1,0,
7,1,1,0,2,0,1,0,1,1,1,0,1,1,1,0,1,1,1,0,1,
7,1,1,1,2,1,1,0,1,1,1,0,1,1,1,0,1,1,1,1,1,
6,1,1,1,2,1,1,0,1,1,1,1,1,1,1,0,1,1,1,1,1,
7,1,1,1,2,1,1,0,1,1,1,1,1,1,1,0,1,1,1,1,1,
7,1,1,1,2,1,1,0,1,1,1,1,2,1,1,0,1,1,1,1,1,
7,1,1,1,2,1,1,0,1,1,1,1,2,1,1,0,1,1,1,1,1,
7,0,0,0,1,0,0,0,0,0,0,0,1,0,0,0,0,0,0,0,0,
7,0,0,0,1,0,0,0,0,0,0,0,1,0,0,0,0,0,0,0,0,
8,2,0,0,2,0,2,0,1,2,0,0,2,2,0,0,1,2,0,0,0,
9,0,0,0,0,0,0,0,1,0,0,0,0,0,0,0,1,0,0,0,0,
9,1,1,0,1,0,3,0,1,1,0,0,1,3,0,0,1,1,1,0,0,
7,1,1,0,1,0,1,0,1,1,1,0,1,1,0,0,1,1,1,0,0,
8,1,1,1,2,1,2,0,1,1,1,1,1,1,1,0,1,1,1,1,1,
7,1,1,0,2,1,1,0,1,1,1,0,2,1,1,0,1,1,1,0,1,
7,0,0,0,1,0,0,0,0,0,0,0,1,0,0,0,0,0,0,0,0,
7,1,1,1,2,1,1,0,1,1,1,1,2,1,1,0,1,1,1,1,1,
9,1,1,1,2,1,1,0,1,1,1,1,2,1,1,0,1,1,1,1,1,
7,1,1,1,2,1,1,0,1,1,1,1,2,1,1,0,1,1,1,1,1,
7,1,0,0,1,0,1,0,1,1,0,0,1,2,0,0,1,1,0,0,0,
8,1,0,0,1,1,1,0,1,1,0,0,1,1,1,0,1,1,1,0,1,
7,0,1,0,1,0,1,0,1,0,0,0,1,1,1,0,1,0,0,0,1,
7,1,1,0,1,0,1,0,1,1,0,0,1,1,1,0,1,1,0,0,1,
9,1,1,3,1,3,0,0,4,1,0,3,1,1,3,0,4,1,0,3,3,
7,1,1,0,1,1,1,0,1,1,1,0,1,1,1,0,1,1,1,0,1,
10,0,0,0,3,0,0,0,1,0,0,0,3,0,0,0,0,0,0,0,0,
7,1,1,0,2,1,1,0,1,1,1,0,1,1,1,0,1,1,1,0,1,
8,1,1,1,2,1,1,0,1,1,1,1,2,1,1,0,3,1,1,1,1,
6,0,0,0,1,0,0,0,0,0,0,0,1,0,0,0,0,0,0,0,0,
7,1,1,1,2,1,1,0,1,1,1,1,2,1,1,0,1,1,1,1,1,
7,1,1,1,2,1,1,0,1,1,1,1,2,1,1,1,1,1,1,1,1,
7,0,0,0,1,0,0,0,0,0,0,0,1,0,0,0,0,0,0,0,0,
7,0,0,0,1,0,0,0,0,0,0,0,1,1,0,0,0,0,0,0,0,
10,0,3,0,1,0,0,0,1,0,3,0,1,0,0,0,1,0,4,0,0,
7,1,1,0,1,1,1,0,1,1,0,0,1,1,1,0,1,1,1,0,1,
9,1,1,0,3,1,1,0,1,1,1,0,3,1,1,0,1,1,1,0,1,
7,1,1,1,2,1,1,0,1,1,1,1,1,1,1,0,1,1,1,1,1,
8,1,1,1,2,1,1,0,1,1,1,1,2,1,1,0,1,1,1,1,1,
18,1,1,1,2,1,1,0,12,1,1,1,2,1,1,0,12,1,1,1,1,
7,0,1,0,1,0,0,0,0,0,1,0,1,0,0,0,0,0,1,0,0,
7,0,1,0,1,0,0,0,1,0,1,0,1,0,0,0,1,0,1,0,0,
16,0,0,10,1,10,0,0,11,0,0,10,1,0,10,0,11,0,0,10,11,
7,0,0,0,0,0,0,0,0,0,0,0,0,0,0,0,0,0,0,0,0,
10,4,1,0,4,0,4,0,1,4,0,0,4,4,0,0,1,4,1,0,1,
7,1,1,1,1,1,1,0,1,1,1,1,1,1,1,0,1,1,1,1,1,
7,0,0,0,1,0,0,0,0,0,0,0,1,0,0,0,0,0,0,0,0,
8,0,0,0,1,0,0,0,0,0,0,0,1,0,0,0,0,0,0,0,0,
18,0,0,0,1,0,0,0,0,0,0,0,1,0,0,0,0,0,0,0,0,
7,0,0,0,1,1,0,0,0,0,0,0,1,0,1,0,0,0,0,0,1,
7,1,1,0,1,0,1,0,1,1,1,0,1,1,0,0,1,1,1,0,0,
7,1,1,0,1,0,1,0,1,1,0,0,1,1,0,0,1,1,1,0,1,
7,1,1,0,1,0,1,0,1,1,1,0,1,1,0,0,1,1,1,0,1,
7,1,1,1,2,1,1,1,1,1,1,0,2,1,1,1,1,1,1,1,1,
7,1,1,0,2,1,1,0,1,1,1,0,2,1,1,0,1,1,1,0,1,
7,0,0,0,1,0,0,0,0,0,0,0,0,0,0,0,0,0,0,0,0,
7,1,1,1,2,1,1,0,1,1,1,1,2,1,1,0,1,1,1,1,1,
7,1,1,1,2,1,1,0,1,1,1,0,2,1,1,0,1,1,1,1,1,
8,1,1,1,2,2,1,0,2,1,1,1,2,1,2,0,2,1,1,1,2,
7,0,0,0,1,0,0,0,0,0,0,0,1,0,0,0,0,0,0,0,0,
7,0,0,0,1,0,0,0,0,0,0,0,1,0,0,0,0,0,0,0,0,
9,0,0,0,1,0,0,0,0,0,0,0,0,0,0,0,0,0,0,0,0,
7,1,1,0,1,0,1,0,1,1,1,0,1,1,0,0,1,1,1,0,1,
7,1,1,0,1,1,1,0,1,1,1,0,1,1,0,0,1,1,1,0,1,
7,1,1,0,2,1,1,0,1,1,1,0,2,1,1,0,1,1,1,0,1,
7,1,1,0,2,1,1,0,1,1,1,0,2,1,1,0,1,1,1,0,1,
8,1,1,1,2,1,1,0,1,1,1,1,2,1,1,0,1,1,1,1,1,
8,0,0,0,1,0,0,0,0,0,0,0,1,0,0,0,0,0,0,0,0,
7,0,0,0,1,0,0,0,0,0,0,0,1,0,0,0,0,0,0,0,0,
7,0,0,0,1,0,0,0,0,0,0,0,1,1,0,0,0,0,0,0,0,
7,0,0,0,1,0,0,0,1,0,0,0,1,0,0,0,1,0,0,0,0,
7,1,1,0,1,0,1,0,1,1,0,0,1,1,0,0,1,1,1,0,1,
7,1,1,1,2,1,1,0,1,1,1,0,1,1,1,0,1,1,1,1,1,
7,1,1,1,2,1,1,0,1,1,1,1,1,1,1,0,1,1,1,1,1,
7,1,1,1,2,1,1,0,1,1,1,1,1,1,1,0,1,1,1,1,1,
7,1,1,1,2,1,1,0,1,1,1,0,2,1,1,0,1,1,1,0,1,
7,1,1,1,2,1,1,0,1,1,1,1,2,1,1,0,1,1,1,1,1,
8,1,1,1,2,1,1,0,1,1,1,1,2,1,1,0,1,1,1,1,1,
7,1,1,1,2,1,2,0,1,1,1,1,2,2,1,0,1,1,1,1,1,
7,0,0,0,1,0,0,0,1,0,0,0,1,1,0,0,0,0,0,0,0,
9,3,0,0,4,0,3,0,1,3,0,0,4,3,0,0,0,3,0,0,0,
13,0,1,0,1,0,0,0,0,0,0,0,1,1,0,0,0,0,0,0,0,
7,1,1,0,1,0,1,0,1,0,0,0,1,1,0,0,0,0,1,0,1,
10,1,1,0,5,1,1,0,1,1,1,0,4,1,1,0,1,1,1,0,1,
7,1,1,0,1,0,1,0,1,1,1,0,1,1,0,0,1,1,1,0,1,
7,1,1,0,1,0,1,0,1,1,1,0,1,1,0,0,1,1,1,0,1,
7,1,0,0,1,1,1,0,1,1,0,0,1,1,1,0,1,1,1,0,1,
7,0,0,0,1,0,0,0,0,0,0,0,1,0,0,0,0,0,0,0,0,
10,0,0,0,1,0,1,0,1,0,0,0,1,1,0,0,1,0,0,0,0,
8,1,1,1,2,1,1,0,1,1,1,1,2,1,1,0,1,1,1,1,1,
7,1,1,1,2,1,1,0,2,1,1,1,2,1,1,0,1,1,1,1,1,
7,1,1,0,1,0,1,0,1,0,1,0,1,1,0,0,1,0,1,0,1,
9,1,0,0,2,0,1,0,1,1,0,0,2,1,0,0,1,1,0,0,0,
7,1,1,0,1,0,1,0,1,1,1,0,1,1,0,0,1,1,1,0,0,
7,1,0,0,1,0,1,0,1,1,0,0,1,1,0,0,1,1,0,0,0,
10,3,3,0,4,0,3,2,1,3,3,0,4,3,0,2,1,3,3,0,0,
8,1,0,0,1,2,1,0,1,1,0,0,1,1,2,0,1,1,0,0,2,
7,1,1,0,2,0,1,0,1,1,1,0,2,1,1,0,1,1,1,0,1,
7,1,1,0,1,1,1,0,1,1,1,0,1,1,1,0,1,1,1,0,1,
7,1,1,0,2,1,1,0,1,1,1,0,1,1,1,0,1,1,1,0,1,
7,1,1,0,2,1,1,0,1,1,1,0,1,1,1,0,1,1,1,0,1,
7,1,1,0,2,1,1,0,1,1,1,0,1,1,1,0,1,1,1,0,1,
8,0,0,0,1,0,0,0,1,0,0,0,1,0,0,0,0,0,0,0,0,
7,1,1,1,2,1,1,0,1,1,1,1,2,1,1,0,1,1,1,1,1,
7,0,0,0,1,0,0,0,0,0,0,0,1,0,0,0,1,0,0,0,0,
7,1,1,1,2,1,1,0,2,1,1,1,2,2,1,1,2,1,1,1,1,
7,0,0,0,1,0,0,0,0,0,0,0,1,1,0,0,0,0,0,0,0,
7,0,0,0,1,0,0,0,1,0,0,0,1,0,0,0,1,0,0,0,0,
7,1,1,0,1,0,1,0,1,0,0,0,1,1,0,0,1,0,1,0,1,
7,1,1,0,1,0,1,0,1,0,0,0,1,1,0,0,1,0,1,0,0,
7,1,1,0,2,0,1,0,1,1,1,0,1,1,0,0,1,1,1,0,1,
7,1,0,0,1,0,1,0,1,1,0,0,1,1,0,0,1,1,0,0,0,
9,2,1,0,3,0,2,0,1,2,0,0,3,2,0,0,1,2,1,0,1,
9,0,0,0,0,0,0,0,0,0,0,0,0,0,0,0,0,0,0,0,0,
8,1,1,1,2,1,1,0,1,1,1,1,2,1,1,0,1,1,1,1,1,
8,1,1,1,2,1,1,0,1,1,1,1,2,1,1,0,1,1,1,1,1,
7,0,0,0,1,0,0,0,0,0,0,0,1,0,0,0,0,0,0,0,0,
10,0,0,0,4,0,0,0,1,0,0,0,4,0,0,0,1,0,0,0,0,
7,0,0,0,1,0,0,0,0,0,0,0,1,0,0,0,0,0,0,0,0,
7,1,0,0,1,0,0,0,1,0,0,0,1,1,0,0,1,0,0,0,0,
7,1,1,0,1,0,1,0,1,0,1,0,1,1,1,0,1,1,1,0,1,
7,1,1,0,1,0,1,0,1,0,0,0,1,1,0,0,1,1,1,0,0,
8,1,0,0,1,0,2,0,1,1,0,0,1,2,0,0,1,1,1,0,1,
7,1,1,0,1,1,1,0,1,1,1,0,1,1,1,0,1,1,1,0,1,
7,1,1,0,2,1,1,0,1,1,1,0,1,1,1,0,1,1,1,0,1,
7,1,1,0,1,1,1,0,1,1,1,0,1,1,1,0,1,1,1,0,1,
8,0,0,0,1,0,0,0,0,0,0,0,1,0,0,0,0,0,0,0,0,
8,0,0,0,1,0,0,0,0,0,0,0,1,0,0,0,0,0,0,0,0,
7,1,1,0,1,1,1,0,1,1,1,0,1,1,0,0,1,1,1,0,0,
7,0,0,0,1,0,0,0,1,0,0,0,1,0,0,0,0,0,0,0,0,
9,0,0,0,1,3,0,0,1,0,0,0,1,1,3,0,1,0,0,0,3,
7,0,0,0,1,0,0,0,1,0,0,0,1,0,0,0,1,0,0,0,1,
20,1,1,12,4,12,1,0,12,1,1,12,4,1,12,0,12,1,1,12,12,
7,1,0,0,1,0,0,0,1,0,0,0,1,1,0,0,1,1,1,0,0,
7,1,1,0,1,0,1,0,1,1,0,0,1,1,0,0,1,1,0,0,0,
12,1,1,0,2,0,1,0,1,1,1,0,2,1,1,0,1,1,1,0,1,
7,1,1,0,2,1,1,0,1,1,1,0,1,1,1,0,1,1,1,0,1,
7,1,1,0,1,1,1,0,1,1,1,0,1,1,1,0,1,1,1,0,1,
8,1,1,1,2,1,1,0,1,1,1,1,2,1,1,0,1,1,1,1,1,
8,1,1,1,2,1,1,0,1,1,1,1,2,1,1,0,1,1,1,1,1,
7,0,0,0,1,0,0,0,0,0,0,0,1,0,0,0,0,0,0,0,0,
6,0,0,0,1,0,0,0,0,0,0,0,1,0,0,0,0,0,0,0,0,
7,0,0,0,1,0,0,0,1,0,0,0,1,0,0,0,0,0,0,0,0,
7,0,0,0,1,0,0,0,1,0,0,0,1,1,0,0,1,0,0,0,0,
7,1,0,0,1,0,0,0,1,0,0,0,1,1,1,0,1,0,1,0,0,
7,1,1,0,1,0,1,0,1,1,1,0,1,1,1,0,1,1,1,0,0,
10,4,1,0,4,1,4,0,1,4,1,0,4,4,1,0,1,4,1,0,1,
10,1,4,1,4,1,4,0,4,1,1,0,4,4,1,1,1,1,1,0,1,
18,1,1,1,2,2,12,0,2,1,1,1,2,1,2,0,2,1,1,1,2,
8,0,0,0,1,0,1,0,0,0,0,0,1,1,0,0,0,0,0,0,0,
9,0,0,0,1,2,0,0,0,0,0,0,1,0,2,0,0,0,0,0,2,
7,0,0,0,1,0,0,0,1,0,0,0,1,0,0,0,0,0,0,0,0,
7,0,0,0,1,0,0,0,1,0,0,0,1,0,0,0,1,0,1,0,0,
7,0,0,0,1,0,0,0,1,0,1,0,1,0,0,0,1,0,1,0,0,
9,0,0,0,1,0,0,0,1,0,1,0,1,0,0,0,1,0,1,0,0,
7,1,1,0,1,0,1,0,1,0,1,0,1,1,1,0,1,1,1,0,1,
7,1,1,0,1,0,1,0,1,1,1,0,1,1,0,0,1,1,1,0,0,
7,1,1,0,1,1,1,0,1,1,1,0,1,1,1,0,1,1,1,0,1,
7,1,1,0,1,1,1,0,1,1,1,0,1,1,1,0,1,1,1,0,1,
7,1,1,0,2,1,1,0,1,1,1,0,1,1,1,0,1,1,1,0,1,
7,1,1,0,2,1,1,0,1,1,1,0,2,1,1,0,1,1,1,0,1,
7,0,0,0,1,0,0,0,0,0,0,0,1,0,0,0,0,0,0,0,0,
8,0,0,0,1,0,0,0,0,0,0,0,1,0,0,0,0,0,0,0,0,
9,0,1,1,0,0,0,0,1,0,0,0,0,0,0,1,1,0,1,1,0,
7,0,0,0,1,0,0,0,0,0,1,0,1,1,0,0,0,0,1,0,0,
7,0,0,0,1,0,0,0,1,0,1,0,1,0,0,0,0,0,1,0,0,
7,0,0,0,1,0,0,0,1,0,1,0,1,1,0,0,0,0,1,0,0,
7,1,1,0,1,1,1,0,1,1,1,0,1,1,1,0,1,1,1,0,1,
7,1,1,1,2,1,1,0,1,1,1,1,2,1,1,0,1,1,1,1,1,
7,1,1,0,2,1,1,0,1,1,1,0,1,1,1,0,1,1,1,0,1,
11,1,4,1,2,1,1,0,1,1,4,1,2,1,1,0,1,1,4,1,1,
9,3,3,1,3,1,3,0,3,3,3,1,3,3,1,0,3,3,3,1,3,
8,1,1,1,2,1,1,0,1,1,1,1,2,2,1,0,1,1,1,1,1,
9,0,0,0,1,0,0,0,3,0,0,0,1,1,0,0,3,0,0,0,0,
7,1,2,1,2,1,1,0,1,1,2,1,2,2,1,0,1,1,2,1,1,
8,1,1,1,2,1,1,0,1,1,1,1,2,2,1,0,1,1,1,1,1,
7,0,0,0,1,0,1,0,0,0,0,0,1,1,0,0,0,0,1,0,0,
16,1,1,10,2,1,1,0,1,1,1,1,2,1,1,0,1,1,1,1,1,
7,1,1,0,1,1,1,0,1,1,1,0,1,1,1,0,1,1,1,0,1,
7,1,1,0,1,1,1,0,1,1,1,0,1,1,1,0,1,1,1,0,1,
11,3,1,0,3,1,3,0,1,3,1,0,3,3,1,0,1,3,1,0,1,
9,0,0,0,0,0,0,0,1,0,0,0,0,0,0,0,0,0,0,0,0,
7,1,1,1,2,1,1,0,1,1,1,1,2,1,1,0,1,1,1,1,1,
8,1,1,1,2,1,2,0,1,1,1,1,2,2,1,0,1,1,2,1,1,
8,0,0,0,1,0,0,0,0,0,0,0,1,1,0,0,1,0,1,0,0,
8,0,0,0,1,0,0,0,0,0,0,0,1,1,0,0,0,0,0,0,0,
8,0,0,0,1,0,0,0,0,0,0,0,1,1,0,0,0,0,0,0,0,
8,1,1,0,2,1,1,0,1,0,1,0,2,2,1,0,1,1,1,0,1,
11,1,1,0,2,1,1,0,1,1,1,0,2,1,1,0,1,1,1,0,1,
8,1,1,0,2,1,1,0,1,0,1,0,2,2,1,0,1,1,1,0,1,
10,1,1,0,2,1,4,0,1,0,1,0,1,4,1,0,1,1,1,0,1,
8,1,1,1,2,1,1,0,1,0,1,1,2,1,1,0,1,1,1,0,1,
8,1,1,1,2,1,1,0,1,0,1,1,2,1,1,0,1,1,1,1,1,
9,1,0,0,2,0,1,0,1,0,0,0,1,1,0,0,0,0,0,0,0,
8,1,1,1,2,1,1,0,1,1,1,1,2,2,1,0,1,1,1,1,1,
8,1,1,1,2,1,1,0,1,0,1,1,2,2,1,0,1,1,1,1,1,
8,1,1,1,2,1,1,0,1,1,1,1,2,1,1,0,1,1,1,1,1,
8,1,1,1,2,1,1,0,1,1,1,1,2,1,1,0,1,1,1,1,1,
8,1,1,0,1,0,1,0,1,1,1,0,1,1,0,0,1,2,1,0,1,
8,0,0,0,1,0,0,0,0,0,0,0,1,0,0,0,0,0,0,0,0,
7,1,1,0,1,1,1,0,1,1,1,0,1,1,1,0,1,1,1,0,1,
7,1,1,0,1,1,1,0,1,1,1,0,1,1,1,0,1,1,1,0,1,
7,1,1,1,1,1,1,0,1,1,1,1,1,1,1,0,1,1,1,1,1,
7,1,1,0,1,1,1,0,1,1,1,0,1,1,1,0,1,1,1,0,1,
7,1,1,0,1,1,1,0,1,1,1,0,1,1,1,0,1,1,1,0,1,
7,1,1,0,2,1,1,0,1,1,1,0,1,1,1,0,1,1,1,0,1,
9,0,0,0,3,0,0,0,0,0,0,0,2,0,0,0,0,0,0,0,0,
8,0,0,0,1,0,0,0,0,0,0,0,1,0,0,0,0,0,0,0,0,
8,0,0,0,1,0,0,0,0,0,0,0,1,1,0,0,0,0,0,0,0,
8,0,0,0,1,0,0,0,0,0,0,0,1,0,0,0,0,0,0,0,0,
8,0,0,0,1,0,0,0,0,0,0,0,1,1,0,0,0,0,0,0,0,
8,1,1,1,2,1,1,0,1,1,1,1,1,1,1,0,1,1,1,1,1,
7,0,0,0,1,0,0,0,0,0,0,0,1,0,0,0,0,0,0,0,0,
7,1,0,0,1,0,1,0,1,0,0,0,1,1,0,0,0,0,1,0,1,
7,1,0,0,1,1,1,0,1,1,0,0,1,1,1,0,1,1,1,0,1,
8,1,0,2,2,2,1,0,2,1,0,2,2,1,2,0,2,1,1,2,2,
7,1,1,0,1,1,1,0,1,1,1,0,1,1,1,0,1,1,1,0,1,
7,1,1,1,2,1,1,0,1,1,1,1,2,1,1,0,1,1,1,1,1,
7,0,0,0,1,0,0,0,0,0,0,0,1,0,0,0,0,0,0,0,0,
9,1,1,1,2,3,1,0,1,1,1,1,2,1,3,0,1,1,1,1,3,
7,0,0,0,1,0,0,0,0,0,0,0,1,0,0,0,0,0,0,0,0,
8,0,0,0,1,0,0,0,0,0,0,0,1,0,0,0,0,0,0,0,0,
17,1,1,1,2,1,1,0,1,1,1,0,1,1,1,1,1,1,1,1,1,
7,1,0,0,1,0,1,0,1,1,0,0,1,1,0,0,1,1,1,0,1,
17,1,1,12,2,12,1,0,12,1,1,12,2,1,12,0,12,1,1,12,12,
8,1,1,0,1,1,1,0,1,1,1,0,1,1,1,0,1,1,2,0,1,
7,0,0,0,1,0,1,0,0,0,0,0,1,1,0,0,1,0,0,0,1,
7,0,0,0,1,0,0,0,0,0,0,0,1,1,0,0,1,0,1,0,1,
7,1,1,0,1,1,1,0,1,1,1,0,1,1,1,0,1,1,1,0,1,
9,1,1,1,2,1,1,0,1,1,1,1,2,1,1,0,1,1,1,1,1,
7,1,1,0,1,1,1,0,1,1,1,0,1,1,1,0,1,1,1,0,1,
8,1,1,1,2,1,1,0,1,1,1,1,2,1,1,0,1,1,1,1,1,
8,0,0,0,0,0,0,0,0,0,0,0,0,0,0,0,0,0,0,0,0,
8,1,1,1,2,1,1,0,1,1,1,1,2,1,1,0,1,1,1,1,1,
8,1,1,1,2,1,1,0,1,1,1,1,2,2,1,0,1,1,1,1,1,
10,5,1,1,5,1,5,0,1,4,1,1,5,5,1,0,1,4,1,1,1,
10,1,1,5,4,4,1,0,5,1,1,0,4,4,4,0,5,1,4,4,4,
7,0,0,0,1,0,0,0,0,0,0,0,1,1,0,0,0,0,0,0,0,
7,0,0,0,1,0,0,0,1,0,0,0,1,1,0,0,0,0,1,0,0,
7,0,0,0,1,1,1,0,1,0,0,0,1,1,1,0,1,0,1,0,1,
7,1,0,0,1,0,1,0,1,1,1,0,1,1,0,0,1,1,1,0,1,
7,1,0,0,1,1,1,0,1,1,1,0,1,1,1,0,1,1,1,0,1,
7,1,1,0,1,1,1,0,1,1,1,0,1,1,1,0,1,1,1,0,1,
8,1,1,1,2,1,1,0,1,1,1,1,2,1,1,0,1,1,1,1,1,
7,1,1,1,2,1,1,0,1,1,1,1,2,1,1,0,1,1,1,1,1,
10,1,1,1,2,1,4,0,1,1,1,1,2,4,1,0,1,1,1,1,1,
8,0,0,0,1,0,0,0,0,0,0,0,1,0,0,0,0,0,0,0,0,
7,1,1,1,2,1,1,0,1,1,1,1,2,1,1,0,1,1,1,1,1,
7,0,0,0,1,0,0,0,0,0,0,0,1,1,0,0,0,0,1,0,1,
7,1,1,0,1,1,1,0,1,1,1,0,1,1,1,0,1,1,1,0,1,
7,1,0,0,1,1,1,0,1,1,1,0,1,1,1,0,1,1,1,0,1,
18,1,1,0,1,1,1,0,1,1,1,0,1,1,1,0,1,1,1,0,1,
7,1,1,0,1,1,1,0,1,1,1,0,1,1,1,0,1,1,1,0,1,
7,1,1,0,1,1,1,0,1,1,1,0,1,1,1,0,1,1,1,0,1,
7,1,1,0,2,1,1,0,1,1,1,0,1,1,1,0,1,1,1,0,1,
7,1,1,0,1,1,1,0,1,1,1,0,1,1,1,0,1,1,1,0,1,
7,1,1,0,2,1,1,0,1,1,1,0,2,1,1,0,1,1,1,0,1,
8,1,0,0,1,0,1,0,1,0,0,0,1,0,0,0,1,0,1,0,0,
8,1,1,1,2,1,1,0,1,1,1,1,2,1,1,0,1,1,1,1,1,
8,0,0,0,1,0,1,0,0,0,0,0,1,1,0,0,1,0,0,0,1,
7,0,0,0,1,0,0,0,0,0,0,0,1,1,0,0,0,0,0,0,0,
9,1,0,0,3,1,1,0,1,1,0,0,3,1,1,0,1,1,1,0,1,
7,1,0,0,1,0,1,0,1,0,1,0,1,1,0,0,1,1,1,0,1,
7,1,0,0,1,0,1,0,1,1,0,0,1,1,0,0,1,1,0,0,1,
7,1,0,0,1,1,1,0,1,1,1,0,1,1,1,0,1,1,1,0,1,
7,1,1,0,1,1,1,0,1,1,1,0,1,1,1,0,1,1,1,0,1,
7,1,1,0,1,1,1,0,1,1,1,0,1,1,1,0,1,1,1,0,1,
7,0,0,0,1,0,0,0,0,0,0,0,0,0,0,0,0,0,0,0,0,
7,0,0,0,1,0,0,0,0,0,0,0,0,0,0,0,0,0,0,0,0,
7,1,1,1,2,1,1,0,1,1,1,0,1,1,1,0,1,1,1,0,1,
21,1,1,15,2,15,1,0,15,1,1,15,2,1,15,0,15,1,1,15,15,
8,0,0,0,1,0,1,0,1,0,0,0,1,1,0,0,1,0,0,0,1,
7,0,0,0,1,0,0,0,1,0,0,0,1,1,0,0,1,0,0,0,0,
7,1,1,1,1,1,1,0,1,1,1,0,1,1,1,1,1,1,1,0,1,
7,0,0,0,1,1,0,0,1,0,0,0,1,1,1,0,1,0,0,0,1,
7,1,1,0,1,0,1,0,1,1,1,0,1,1,1,0,1,1,1,0,1,
7,1,1,0,1,1,1,0,1,1,1,0,1,1,1,0,1,1,1,0,1,
7,1,0,0,1,1,1,0,1,1,1,0,1,1,1,0,1,1,1,0,1,
7,1,1,0,1,1,1,0,1,1,1,0,1,1,1,0,1,1,1,0,1,
8,1,0,0,2,1,1,0,1,1,0,0,2,1,1,0,1,1,1,0,1,
11,1,4,0,1,1,1,0,1,1,4,0,1,1,1,0,1,1,4,0,1,
9,0,1,1,0,0,0,0,1,0,0,0,0,0,0,1,1,0,0,0,0,
7,1,1,1,2,1,1,0,1,1,1,1,1,1,1,0,1,1,1,1,1,
8,0,0,0,1,0,0,0,0,0,0,0,1,1,0,0,0,0,0,0,0,
7,1,1,1,2,1,1,0,2,1,1,1,2,2,1,0,2,1,1,1,1,
7,0,0,0,1,0,0,0,1,0,0,0,1,1,0,0,1,0,1,0,0,
7,1,1,1,2,1,1,0,1,1,1,1,1,1,1,0,1,1,1,1,1,
7,1,0,0,1,1,1,0,1,1,0,0,1,1,0,0,1,1,1,0,1,
8,0,0,0,1,0,0,0,0,0,0,0,1,0,0,0,0,0,0,0,0,
7,0,0,0,0,0,0,0,0,0,0,0,0,0,0,0,0,0,0,0,0,
9,1,0,0,2,0,1,0,0,1,0,0,2,1,0,0,0,1,0,0,0,
10,1,1,1,4,1,4,1,1,1,1,0,4,1,1,1,1,1,1,1,1,
7,1,1,0,1,1,1,0,1,1,1,0,1,1,1,0,1,1,1,0,1,
7,0,0,0,1,0,0,0,0,0,0,0,1,0,0,0,0,0,0,0,0,
11,0,0,0,1,0,0,0,0,0,0,0,1,0,0,0,1,0,0,0,0,
8,1,1,1,2,1,1,0,1,1,1,1,2,1,1,1,1,1,1,1,2,
7,1,1,1,2,1,1,0,1,1,1,1,2,1,1,0,1,1,1,1,1,
7,0,0,0,1,0,0,0,0,0,0,0,1,0,0,0,0,0,0,0,0,
7,0,0,0,1,0,0,0,1,0,0,0,1,0,0,0,1,0,0,0,0,
7,1,0,0,1,0,1,0,1,0,0,0,1,1,0,0,1,1,1,0,0,
8,1,0,0,1,0,2,0,1,0,0,0,1,2,0,0,1,1,1,0,1,
7,1,1,0,2,1,1,0,1,1,1,0,1,1,1,0,1,1,1,0,1,
7,1,1,0,1,1,1,0,1,1,1,0,1,1,1,0,1,1,1,0,1,
7,0,0,0,1,0,0,0,0,0,0,0,1,0,0,0,0,0,0,0,0,
7,0,0,0,0,0,0,0,0,0,0,0,0,0,0,0,0,0,0,0,0,
7,1,1,1,2,1,1,0,1,1,1,1,1,1,1,0,1,1,1,1,1,
17,0,0,0,1,0,0,0,10,0,0,0,1,0,0,0,10,0,0,0,0,
8,0,0,0,1,0,0,0,0,0,0,0,1,0,0,0,0,0,0,0,0,
7,1,0,0,1,0,1,0,1,0,0,0,1,1,0,0,1,1,1,0,0,
7,0,0,0,1,0,1,0,1,0,0,0,1,1,0,0,1,0,1,0,1,
7,1,1,0,1,0,1,0,1,0,1,0,1,1,0,0,1,1,1,0,1,
8,0,0,0,1,0,0,0,0,0,0,0,1,0,0,0,0,0,0,0,0,
8,1,1,1,2,1,1,0,1,1,1,1,2,1,1,0,1,1,1,1,1,
7,1,0,0,1,0,1,0,1,1,1,0,1,1,0,0,1,1,1,0,0,
7,1,1,0,1,0,1,0,1,1,1,0,1,1,0,0,1,1,1,0,0,
8,0,0,0,1,0,1,0,1,0,0,0,1,1,0,0,1,0,0,0,0,
7,1,1,0,1,0,1,0,1,1,1,0,1,1,0,0,1,1,1,0,1,
13,1,1,7,2,7,1,0,7,1,1,7,2,1,7,0,7,1,1,7,8,
8,0,0,0,1,0,0,0,0,0,0,0,1,0,0,0,0,0,0,0,0,
8,0,0,0,1,0,0,0,1,0,0,0,1,1,0,0,1,0,0,0,0,
7,1,0,0,1,0,1,0,1,1,1,0,1,1,0,0,1,1,1,0,0,
7,0,0,0,1,0,0,0,0,0,0,0,1,1,0,0,0,0,0,0,0,
7,0,0,0,1,0,1,0,1,0,0,0,1,1,0,0,1,0,0,0,0,
7,0,0,0,1,0,0,0,0,0,0,0,1,1,0,0,0,0,0,0,0,
7,1,1,0,1,0,1,0,1,1,1,0,1,1,0,0,1,1,1,0,0,
7,1,0,0,1,0,1,0,1,0,0,0,1,1,0,0,1,1,1,0,0,
7,1,1,1,2,1,1,0,1,1,1,0,1,1,1,0,1,1,1,0,1,
8,0,0,0,1,0,0,0,0,0,0,0,1,0,0,0,0,0,0,0,0,
7,1,1,0,1,0,1,0,1,1,1,0,1,1,1,0,1,1,1,0,1,
8,1,1,0,2,1,1,0,1,1,1,0,2,1,1,0,1,1,1,0,1,
8,0,1,1,0,0,0,0,1,0,0,0,0,0,0,1,1,0,0,0,0,
7,0,0,0,1,0,0,0,0,0,0,0,1,0,0,0,0,0,0,0,0,
8,0,0,0,1,0,0,0,0,0,0,0,1,0,0,0,0,0,0,0,0,
7,0,0,0,1,0,0,0,0,0,0,0,1,0,0,0,1,0,0,0,0,
7,0,0,0,1,0,0,0,1,0,0,0,1,0,0,0,1,0,0,0,0,
10,1,3,0,1,0,1,0,1,1,3,0,1,1,0,0,1,1,3,0,1,
7,1,0,0,1,1,1,0,1,1,0,0,1,1,1,0,1,1,0,1,1,
9,0,0,0,3,0,0,0,1,0,0,0,3,1,0,0,1,0,0,0,0,
7,0,0,0,0,0,0,0,0,0,0,0,0,0,0,0,0,0,0,0,0,
7,1,1,1,1,1,1,0,1,1,1,0,1,1,1,0,1,1,1,0,1,
7,0,0,0,0,0,0,0,0,0,0,0,0,0,0,0,0,0,0,0,0,
7,0,0,0,1,0,0,0,0,0,0,0,0,0,0,0,0,0,0,0,0,
7,0,0,0,1,0,0,0,0,0,0,0,1,0,0,0,0,0,0,0,0,
7,0,0,0,1,0,0,0,0,0,0,0,1,0,0,0,0,0,0,0,0,
8,0,0,0,1,0,0,0,0,0,0,0,1,0,0,0,0,0,0,0,0,
9,3,0,0,4,0,3,0,0,3,0,0,4,3,0,0,0,3,0,0,0,
7,1,1,0,1,0,0,0,1,0,0,0,1,0,0,0,1,0,0,0,0,
7,0,0,0,1,0,0,0,1,0,0,0,1,0,0,0,1,0,0,0,0,
7,1,0,0,1,0,1,0,1,0,0,0,1,0,0,0,1,0,0,0,0,
7,1,1,0,1,0,1,0,1,0,1,0,1,1,0,0,1,1,1,0,1,
7,1,1,0,1,0,1,0,1,1,0,0,1,1,1,0,1,1,1,0,1,
7,1,1,0,1,0,1,0,1,1,1,0,1,1,1,0,1,1,1,0,1,
7,1,1,0,1,0,1,0,1,1,1,0,1,1,1,0,1,1,1,0,1,
7,1,1,0,1,0,1,0,1,1,1,0,1,1,1,0,1,1,1,0,1,
7,1,1,1,2,1,1,0,1,1,1,0,2,1,1,0,1,1,1,0,1,
8,0,0,0,1,0,1,0,0,0,0,0,1,1,0,0,0,0,0,0,0,
10,0,0,0,1,0,0,0,0,0,0,0,1,0,0,0,0,0,0,0,0,
7,0,0,0,1,0,0,0,0,0,0,0,1,0,0,0,0,0,0,0,0,
7,0,0,0,1,0,0,0,0,0,0,0,1,1,0,0,1,0,0,0,0,
7,0,0,0,1,0,0,0,1,0,0,0,1,1,0,0,1,0,0,0,0,
7,0,0,0,1,0,0,0,1,0,0,0,1,1,0,0,1,0,0,0,0,
7,1,0,0,1,0,1,0,1,1,0,0,1,1,0,0,1,1,0,0,0,
7,1,1,0,1,0,1,0,1,1,1,0,1,1,0,0,1,1,1,0,1,
7,1,1,0,1,0,1,0,1,1,1,0,1,1,0,0,1,1,1,0,1,
8,0,0,0,1,0,0,0,0,0,0,0,1,0,0,0,0,0,0,0,0,
8,1,1,1,2,1,1,0,1,1,1,1,2,1,1,0,1,1,1,1,1,
8,0,0,0,1,0,0,0,0,0,0,0,1,0,0,0,0,0,0,0,0,
8,1,1,1,2,1,1,0,1,1,1,1,2,1,1,0,1,1,1,1,1,
8,0,0,0,1,0,0,0,1,0,0,0,1,0,0,0,1,0,0,0,0,
8,0,0,0,1,0,0,0,0,0,0,0,1,0,0,0,0,0,0,0,0,
7,1,1,0,1,1,1,0,1,1,1,0,1,1,1,0,1,1,1,0,1,
7,0,0,0,1,0,0,0,0,0,0,0,1,0,0,0,0,0,0,0,0,
7,0,0,0,1,0,0,0,0,0,0,0,1,0,0,0,0,0,0,0,0,
7,1,0,0,1,0,0,0,1,0,0,0,1,1,0,0,1,0,0,0,0,
10,1,1,0,1,0,1,0,1,1,1,0,1,1,0,0,1,1,1,0,1,
7,1,1,0,1,1,1,0,1,1,1,0,1,1,0,0,1,1,1,0,1,
9,0,0,0,0,0,0,0,0,0,0,0,0,0,0,0,0,0,0,0,0,
20,12,1,1,13,1,12,0,1,12,1,1,13,12,1,0,1,12,1,1,1,
8,1,1,1,2,1,1,0,1,1,1,1,2,1,1,0,1,1,1,1,1,
8,1,1,1,2,1,1,0,1,1,1,1,2,1,1,0,1,1,1,1,1,
8,1,1,0,1,0,1,0,1,1,1,0,1,1,0,0,1,1,1,0,1,
8,0,0,0,1,0,0,0,0,0,0,0,1,0,0,0,0,0,0,0,0,
7,1,1,0,1,0,1,0,1,1,0,0,1,1,0,0,1,1,0,0,0,
7,0,0,0,1,0,0,0,1,0,0,0,1,0,0,0,1,0,0,0,1,
7,0,0,0,1,0,0,0,1,0,0,0,1,1,0,0,1,0,0,0,0,
7,1,0,0,1,0,1,0,1,1,1,0,1,1,0,0,1,1,1,0,1,
7,1,1,0,1,1,1,0,1,1,1,0,1,1,1,0,1,1,1,0,1,
7,1,1,0,1,0,1,0,1,1,1,0,1,1,0,0,1,1,1,0,1,
7,1,1,0,1,0,1,0,1,1,1,0,1,1,0,0,1,1,1,0,1,
8,1,1,1,2,1,1,0,1,1,1,1,1,1,1,1,1,1,1,1,1,
8,0,0,0,1,0,0,0,0,0,0,0,1,0,0,0,0,0,0,0,0,
8,0,0,0,1,0,0,0,0,0,0,0,1,0,0,0,0,0,0,0,0,
11,0,0,0,4,0,0,0,0,0,0,0,4,0,0,0,0,0,0,0,0,
8,0,0,0,1,0,0,0,0,0,0,0,1,0,0,0,0,0,0,0,0,
8,1,1,1,2,1,1,0,1,1,1,1,2,1,1,0,1,1,1,1,1,
7,1,0,0,1,1,1,0,1,1,0,0,1,1,1,0,1,1,0,0,1,
7,1,0,0,1,0,1,0,1,1,0,0,1,1,0,0,1,1,0,0,1,
7,1,1,0,1,0,1,0,1,1,1,0,1,1,0,0,1,1,1,0,1,
8,1,1,0,1,1,1,0,1,1,1,0,1,1,1,0,1,1,1,0,1,
7,1,0,0,1,0,1,0,1,1,0,0,1,1,0,0,1,1,0,0,1,
7,1,1,0,1,0,1,0,1,1,1,0,1,1,0,0,1,1,1,0,1,
9,1,1,3,2,3,1,0,3,1,1,3,2,1,3,0,3,1,1,3,3,
18,1,0,0,1,0,1,0,1,1,0,0,1,1,0,0,1,1,0,0,0,
8,0,0,0,1,0,0,0,1,0,0,0,1,0,0,0,0,0,0,0,0,
8,0,0,0,1,0,0,0,1,0,0,0,1,1,0,0,0,0,0,0,0,
10,0,0,0,1,3,0,0,1,0,0,0,1,1,3,0,1,0,0,0,3,
8,1,1,1,2,1,1,0,1,1,1,1,2,1,1,0,1,1,1,1,1,
7,1,1,1,2,1,1,0,1,1,1,1,2,1,1,0,1,1,1,1,1,
7,1,1,1,2,1,1,0,1,1,1,1,2,1,1,1,1,1,1,1,1,
7,0,0,0,1,0,0,0,0,0,0,0,1,0,0,0,0,0,0,0,0,
7,1,1,0,1,0,1,0,1,1,1,0,1,1,0,0,1,1,1,0,1,
7,1,0,0,1,0,1,0,1,1,1,0,1,1,0,0,1,1,0,0,1,
7,1,1,0,1,0,1,0,1,1,0,0,1,1,0,0,1,1,0,0,1,
7,1,1,0,1,1,1,0,1,1,0,0,1,1,0,0,1,1,1,0,1,
8,0,0,0,1,0,1,0,0,0,0,0,1,1,0,0,0,0,0,0,0,
8,0,0,0,1,0,0,0,0,0,0,0,1,0,0,0,0,0,0,0,0,
8,1,0,0,1,1,1,0,1,1,1,0,1,1,1,0,1,1,0,0,1,
8,0,0,0,1,0,1,0,0,0,0,0,1,1,0,0,0,0,0,0,0,
8,0,0,0,1,0,0,0,0,0,0,0,1,1,0,0,0,0,0,0,0,
8,0,0,0,1,0,0,0,0,0,0,0,1,1,0,0,0,0,0,0,0,
186,1,1,0,2,1,2,0,1,1,1,0,2,2,1,0,1,1,1,0,1,
6,1,1,1,2,1,1,0,1,1,1,1,2,1,1,0,1,1,1,1,1,
7,0,0,0,1,0,0,0,0,0,0,0,0,0,0,0,0,0,0,0,0,
8,1,1,0,2,1,1,0,1,1,1,0,2,1,1,0,1,1,1,0,1,
8,1,1,1,2,1,1,0,1,1,1,1,2,2,1,0,1,1,1,1,1,
8,1,1,0,2,1,2,0,1,1,1,0,2,2,1,0,1,1,1,0,1,
8,1,1,0,2,1,1,0,1,1,1,0,2,1,1,0,1,1,1,0,1,
8,0,0,0,1,0,0,0,0,0,0,0,1,0,0,0,0,0,0,0,0,
9,1,1,0,2,1,1,0,1,1,1,0,2,1,1,0,1,1,1,0,1,
8,1,1,1,2,1,2,0,1,1,1,1,2,2,1,0,1,1,1,1,1,
10,0,0,0,1,0,3,0,0,0,0,0,1,3,0,0,0,0,0,0,0,
8,0,0,0,1,0,0,0,0,0,0,0,1,0,0,0,0,0,0,0,0,
7,0,0,0,1,0,0,0,1,0,0,0,1,0,0,0,1,0,0,0,0,
7,0,0,0,1,0,0,0,1,0,0,0,1,0,0,0,0,0,0,0,0,
7,1,0,0,1,0,1,0,1,0,1,0,1,1,0,0,1,1,0,0,0,
7,1,1,0,2,0,1,0,1,1,1,0,2,1,0,0,1,1,1,0,1,
7,1,1,0,1,0,1,0,1,1,1,0,1,1,0,0,1,1,1,0,0,
7,1,1,0,2,1,1,0,1,1,1,0,2,1,1,0,1,1,1,0,1,
7,1,1,0,2,0,1,0,1,1,1,0,2,1,0,0,1,1,1,0,0,
8,1,1,0,2,1,2,0,2,1,1,0,2,2,1,0,2,1,1,0,1,
7,1,1,1,2,1,1,0,2,1,1,0,2,1,1,0,1,1,1,1,1,
8,1,1,0,2,1,1,0,1,1,1,1,2,1,1,0,1,1,1,1,1,
8,0,0,0,0,0,0,0,0,0,0,0,0,0,0,0,0,0,0,0,0,
8,0,0,0,1,0,0,0,0,0,0,0,1,0,0,0,0,0,0,0,0,
8,0,0,0,1,0,0,0,1,0,0,0,1,0,0,0,1,0,0,0,0,
7,1,1,0,2,1,1,0,1,1,1,0,1,1,1,0,1,1,1,0,1,
7,1,0,0,1,0,1,0,1,1,0,0,1,1,0,0,0,1,0,0,0,
7,1,1,0,1,1,1,0,1,1,1,0,1,1,1,0,1,1,1,0,1,
7,1,0,0,1,0,1,0,1,1,1,0,1,1,0,0,0,1,0,0,0,
19,1,0,0,13,0,1,0,1,1,1,0,13,1,1,0,1,1,1,0,0,
7,1,0,0,1,0,1,0,1,1,1,0,1,1,1,0,1,1,1,0,0,
8,1,1,1,2,1,1,0,1,1,1,1,2,1,1,0,1,1,1,1,1,
7,1,1,0,2,1,1,0,1,1,1,0,2,1,1,0,1,1,1,0,1,
7,1,1,1,2,1,1,0,1,1,1,1,2,1,1,0,1,1,1,1,1,
7,1,1,1,2,1,1,0,1,1,1,1,2,1,1,0,1,1,1,1,1,
8,1,1,1,2,1,2,0,1,1,1,1,2,2,1,0,1,1,1,1,1,
18,0,11,0,1,0,0,0,0,0,11,0,1,1,0,0,0,0,11,0,0,
7,0,0,0,1,0,1,0,0,0,0,0,1,1,0,0,0,0,0,0,0,
7,1,0,0,1,0,1,0,0,1,1,0,1,1,0,0,0,1,1,0,0,
9,1,0,0,1,0,1,0,1,1,0,0,1,1,3,0,1,1,1,0,3,
7,1,0,0,1,0,1,0,1,1,0,0,1,1,0,0,1,1,0,0,0,
7,1,1,1,1,1,1,0,1,1,1,0,1,1,1,0,1,1,1,0,1,
8,1,1,1,2,1,1,0,1,1,1,1,2,1,1,0,1,1,1,1,1,
7,1,1,0,2,1,1,0,1,1,1,0,2,1,1,0,1,1,1,0,1,
8,0,0,0,1,0,0,0,1,0,0,0,1,0,0,0,1,0,0,0,0,
7,1,1,0,2,1,1,0,1,1,1,0,2,1,1,0,1,1,1,0,1,
8,0,0,0,1,0,0,0,0,0,0,0,1,0,0,0,0,0,0,0,0,
10,0,0,0,4,0,0,0,0,0,0,0,4,0,0,0,0,0,0,0,0,
8,0,0,0,1,0,0,0,0,0,0,0,1,0,0,0,0,0,0,0,0,
8,0,0,0,1,0,0,0,1,0,0,0,1,1,0,0,1,0,0,0,0,
7,1,1,0,1,0,1,0,1,1,1,0,1,1,0,0,1,1,1,0,0,
7,1,1,0,1,1,1,0,1,1,1,0,1,1,1,0,1,1,1,0,1,
7,1,1,0,1,0,1,0,1,1,1,0,1,1,1,0,1,1,1,0,1,
8,1,1,0,1,1,1,0,1,1,1,0,1,1,1,0,1,1,1,0,1,
7,0,0,0,0,0,0,0,0,0,0,0,0,0,0,0,0,0,0,0,0,
10,4,1,1,4,1,1,0,1,4,1,1,4,1,1,1,1,4,1,1,1,
13,0,0,0,0,0,0,0,1,0,0,0,0,0,0,0,1,0,0,0,0,
8,1,1,1,2,1,1,0,1,1,1,1,2,1,1,0,1,1,1,1,1,
8,0,0,0,1,0,0,0,0,0,0,0,1,0,0,0,0,0,0,0,0,
8,0,0,0,1,0,0,0,0,0,0,0,1,0,0,0,0,0,0,0,0,
10,0,0,0,1,3,0,0,0,0,0,0,1,1,3,0,0,0,0,0,3,
8,1,0,0,1,1,1,0,1,1,0,0,1,1,1,0,1,1,1,0,1,
7,1,0,0,1,0,1,0,1,0,0,0,1,1,0,0,1,0,0,0,0,
10,1,0,0,1,1,1,0,1,1,1,0,1,1,1,0,1,1,0,0,1,
7,1,1,0,1,1,1,0,1,1,1,0,1,1,1,0,1,1,1,0,1,
7,1,1,0,1,1,1,0,1,1,1,0,1,1,0,0,1,1,1,0,0,
10,0,0,0,1,0,0,0,1,0,0,0,1,0,0,0,0,0,0,0,0,
7,1,1,0,1,0,1,0,1,1,0,0,1,1,0,0,1,1,0,0,1,
7,1,1,0,2,1,1,0,1,1,1,0,1,1,1,0,1,1,1,0,1,
7,1,1,0,2,1,1,0,1,1,1,0,2,1,1,0,1,1,1,0,1,
7,1,1,1,2,1,1,0,1,1,1,1,1,1,1,0,1,1,1,1,1,
8,0,0,0,1,0,0,0,0,0,0,0,1,1,0,0,0,0,0,0,0,
8,0,0,0,1,1,0,0,0,0,0,0,1,0,1,0,0,0,0,0,1,
8,1,1,1,2,1,1,0,1,1,1,1,2,2,1,0,1,1,1,1,1,
8,0,0,0,1,0,0,0,1,0,0,0,1,1,0,0,1,0,1,0,0,
7,1,0,0,1,1,1,0,1,0,0,0,1,1,1,0,1,0,1,0,1,
7,1,0,0,1,1,1,0,1,1,0,0,1,1,1,0,1,1,1,0,1,
7,1,0,0,1,1,1,0,1,1,1,0,1,1,1,0,1,1,1,0,1,
7,1,1,0,1,1,1,0,1,1,1,0,1,1,1,0,1,1,1,0,1,
7,1,1,0,1,1,1,0,1,1,1,0,1,1,1,0,1,1,1,0,1,
8,1,0,0,1,1,1,0,1,1,1,0,1,1,1,0,1,1,1,0,1,
8,0,0,0,1,0,0,0,0,0,0,0,1,0,0,0,0,0,0,0,0,
7,1,1,0,2,1,1,0,1,1,1,0,1,1,1,0,1,1,1,0,1,
8,0,0,0,1,0,0,0,0,0,0,0,1,0,0,0,0,0,0,0,0,
11,0,0,0,1,0,0,0,0,0,0,0,1,0,0,0,0,0,0,0,0,
8,0,0,0,1,0,0,0,1,0,0,0,1,0,0,0,1,0,0,0,0,
9,1,1,0,1,0,2,0,1,1,1,0,1,2,1,0,1,1,1,0,1,
19,0,0,0,1,0,1,0,0,0,0,0,1,1,0,0,0,0,0,0,0,
7,1,0,0,1,0,1,0,1,0,0,0,1,1,0,0,1,0,1,0,0,
8,1,1,0,2,1,1,0,1,1,1,0,1,1,1,0,1,1,1,0,1,
27,1,0,2,1,0,1,0,1,1,0,2,1,21,0,0,1,1,1,3,0,
8,1,1,0,2,1,1,0,1,1,1,0,2,1,1,0,1,1,1,0,1,
7,1,1,0,2,1,1,0,1,1,1,0,2,1,1,0,1,1,1,0,1,
7,1,1,0,2,1,1,0,1,1,1,0,2,1,1,0,1,1,1,0,1,
18,12,1,0,2,1,1,0,1,1,1,0,2,1,1,0,1,1,1,0,1,
