182,2,4,0,3,2,5,62,3,4,1,4,3,4,172,3,4,0,3,2,5,61,3,4,1,3,3,5,62,2,4,0,3,2,4,4,3,4,1,4,2,4,116,3,4,1,3,2,5,116,3,
178,2,2,0,2,1,3,122,2,2,0,2,2,3,118,2,2,0,2,2,3,61,2,2,0,2,2,4,61,2,2,0,2,2,3,60,2,2,0,2,2,3,171,2,2,0,2,1,3,123,2,
180,2,2,0,2,2,3,121,2,2,0,2,2,3,170,2,2,0,2,2,3,60,2,2,0,2,2,4,60,2,2,0,2,2,3,59,2,2,0,2,2,3,117,2,2,0,2,2,3,122,2,
173,2,3,0,2,2,3,116,2,2,0,2,2,3,117,2,3,0,2,2,4,64,2,2,0,2,2,4,64,2,2,0,2,2,3,63,2,2,0,2,2,3,167,2,3,0,3,1,3,3,2,
172,2,3,0,2,2,4,3,2,3,0,3,2,3,166,2,3,0,3,2,4,3,2,3,0,3,2,4,61,2,3,0,2,2,3,60,2,2,0,3,2,3,116,2,3,0,3,2,4,61,2,
181,1,2,0,1,1,2,61,1,2,0,2,1,2,120,2,2,0,2,1,3,62,2,2,0,1,1,3,62,1,2,0,1,1,2,120,1,2,0,2,1,2,174,2,2,0,2,1,3,120,2,
176,2,3,0,3,3,4,61,2,3,1,3,2,5,170,3,3,1,3,2,5,61,3,3,1,3,3,6,61,2,3,0,3,3,5,119,2,3,1,3,2,5,119,3,3,1,3,2,5,119,3,
176,1,5,0,2,5,3,66,2,5,0,2,5,3,169,2,5,0,2,5,3,66,2,5,0,2,5,4,66,2,5,0,1,5,3,118,1,5,0,2,5,3,118,2,5,0,2,5,3,5,2,
184,1,2,0,2,2,3,60,1,2,0,2,2,3,125,2,2,0,2,2,3,124,2,2,0,2,2,3,61,1,2,0,2,2,3,140,1,2,0,2,2,3,177,2,2,0,2,1,3,60,2,
178,2,3,0,2,2,3,66,2,2,0,2,2,3,118,2,3,0,2,2,3,3,2,3,0,2,2,4,66,2,2,0,2,2,3,117,2,2,0,2,2,3,172,2,3,0,2,2,3,61,2,
184,2,8,0,2,2,3,62,2,7,0,2,2,3,178,2,8,1,2,2,3,62,2,8,0,2,2,4,76,2,8,0,2,2,3,3,2,7,0,2,2,3,127,2,8,1,3,2,3,3,2,
171,2,3,0,2,2,4,3,3,3,0,3,2,3,114,2,3,1,3,2,4,3,3,3,1,2,2,4,62,2,3,0,2,2,4,61,2,3,1,3,2,3,165,2,3,1,3,2,4,61,3,
181,3,3,0,3,3,3,64,3,3,0,3,3,4,175,3,3,0,3,3,4,64,3,3,0,3,3,4,64,3,3,0,3,3,3,122,3,3,0,3,3,3,122,3,3,1,3,3,4,122,3,
181,2,2,0,2,2,3,60,2,2,0,2,2,3,174,2,2,0,2,2,3,61,2,2,0,2,2,3,60,2,2,0,2,2,3,120,2,2,0,2,2,3,120,2,2,0,2,2,3,120,2,
176,2,2,0,2,1,3,60,2,2,0,2,2,3,169,2,3,1,2,2,3,60,2,2,0,2,2,4,61,2,2,0,2,1,3,118,2,2,0,2,2,3,118,2,3,1,2,2,3,118,2,
179,2,3,0,2,1,3,60,2,2,1,2,2,3,172,2,3,0,3,2,4,61,2,2,0,2,2,4,61,2,3,1,2,1,3,119,2,2,0,2,1,3,118,2,3,0,3,1,3,118,2,
176,2,3,0,2,2,3,64,2,3,0,3,2,3,120,2,3,1,3,2,4,67,2,3,0,2,2,4,68,2,3,0,2,1,3,3,2,3,0,3,2,3,170,2,3,1,3,2,3,3,2,
182,2,2,1,2,2,3,121,2,2,0,3,2,3,177,2,3,0,3,2,3,125,2,3,0,2,2,4,61,2,2,0,2,2,3,61,2,2,0,3,2,3,125,2,3,0,3,2,3,61,2,
168,3,3,1,2,2,3,3,3,3,1,3,2,3,162,3,3,1,3,2,4,3,3,3,1,3,2,4,62,3,3,0,2,2,3,61,2,3,1,3,2,3,112,3,3,1,3,2,4,61,3,
171,2,2,0,2,2,3,58,2,2,0,2,2,3,164,2,3,0,2,2,3,63,2,2,0,2,2,4,64,2,2,0,2,2,3,3,2,2,0,2,1,3,115,2,3,0,2,2,3,3,2,
178,1,5,0,2,4,3,120,2,5,0,2,5,3,171,2,5,0,2,4,3,5,2,5,0,1,5,4,67,2,5,0,1,4,2,67,2,5,0,2,4,3,119,2,5,0,2,4,3,67,2,
179,1,1,0,1,0,2,2,1,1,0,2,1,2,171,1,2,0,2,1,3,63,1,2,0,1,1,3,63,1,2,0,1,0,2,60,1,1,0,2,1,2,119,1,2,0,2,1,2,119,1,
175,2,3,0,2,2,3,60,2,2,1,3,2,3,117,2,3,1,3,2,4,60,2,3,0,2,2,4,61,2,3,1,2,2,3,115,2,2,1,3,2,3,170,2,3,1,3,2,3,3,2,
175,2,3,0,2,2,3,61,2,2,0,3,2,3,117,2,3,0,3,2,3,3,2,3,0,2,2,4,62,2,3,0,2,2,3,115,2,2,0,3,2,3,169,2,3,0,3,2,3,61,2,
189,1,2,0,2,1,2,66,1,2,0,2,1,2,131,2,2,0,2,1,2,64,2,2,0,2,1,3,61,1,2,0,2,1,2,2,1,2,0,2,1,2,183,2,2,0,2,1,2,2,2,
187,2,3,1,2,2,4,127,2,3,1,3,2,4,123,2,3,1,3,2,3,129,2,3,0,2,2,4,65,2,3,1,2,2,3,64,2,3,1,3,2,4,178,2,3,1,3,2,3,64,2,
181,2,2,0,2,2,3,123,2,2,0,2,2,3,122,2,3,0,2,2,3,122,2,2,0,2,1,4,62,2,2,0,2,1,3,61,2,2,0,2,2,3,174,2,3,0,2,2,3,60,2,
173,2,2,0,2,2,3,3,2,2,0,2,2,3,114,2,2,0,2,2,3,128,2,2,0,2,2,3,61,2,2,0,2,1,3,60,2,2,0,2,2,3,166,2,2,0,2,2,3,60,2,
171,2,2,0,2,1,3,61,2,2,0,2,2,3,114,2,2,0,2,2,7,113,2,2,0,2,2,7,61,2,2,0,2,1,3,3,2,2,0,2,2,6,164,2,2,0,2,2,7,61,2,
178,2,3,0,2,2,3,128,2,3,0,3,2,3,123,2,3,0,3,2,3,128,2,3,0,2,2,4,64,2,3,0,2,2,3,69,2,3,0,3,2,3,173,2,3,0,3,2,3,69,2,
172,2,3,1,2,2,3,3,2,3,0,3,2,3,166,2,3,0,3,2,3,3,2,3,0,2,2,4,63,2,3,1,2,2,3,66,2,3,0,3,2,3,116,2,3,0,3,2,3,67,2,
171,2,2,0,2,1,2,60,2,2,0,2,2,2,111,2,2,1,2,2,2,59,2,2,0,2,1,3,60,2,2,0,2,1,2,3,2,2,1,2,2,2,165,2,2,1,2,1,3,2,2,
169,2,2,0,2,1,2,3,2,2,0,2,2,2,163,2,2,0,2,2,3,3,2,2,0,2,2,3,61,2,2,0,2,1,2,65,2,2,0,2,2,2,112,2,2,0,2,1,3,65,2,
173,2,2,0,2,1,3,63,2,2,0,2,2,3,166,2,2,0,2,2,3,63,2,2,0,2,2,4,64,2,2,0,2,2,3,116,2,2,0,2,2,3,116,2,2,0,2,2,3,3,2,
186,2,2,0,2,2,3,60,2,2,0,2,2,3,129,2,2,0,2,2,3,122,2,2,0,2,2,3,61,2,2,0,2,1,3,128,2,2,0,2,2,3,180,2,2,0,2,2,3,60,2,
172,2,2,0,2,2,3,61,2,2,0,3,2,3,113,2,3,0,3,2,3,3,2,2,0,2,2,4,61,2,2,0,2,2,3,3,2,2,0,2,2,3,167,2,3,0,3,2,3,62,2,
181,2,4,0,2,1,3,136,2,4,0,3,2,3,175,2,4,0,3,2,3,59,2,4,0,2,2,4,60,2,4,0,2,1,3,59,2,4,0,3,2,3,124,2,4,0,3,1,3,124,2,
183,2,13,0,2,1,2,122,2,13,0,2,2,2,177,2,13,0,2,2,3,59,2,13,0,2,1,3,61,2,13,0,2,1,2,59,2,13,0,2,2,2,126,2,13,0,2,2,2,127,2,
203,3,3,0,3,3,3,123,3,3,0,4,3,3,196,3,3,0,4,3,3,64,3,3,0,4,3,3,65,3,3,0,3,3,3,64,3,3,0,4,3,3,128,3,3,0,4,3,3,128,3,
176,2,2,0,2,2,3,116,2,2,0,2,2,3,115,2,2,0,2,2,3,62,2,2,0,2,2,3,64,2,2,0,2,1,3,62,2,2,0,2,2,3,170,2,2,0,2,2,3,3,2,
176,2,2,0,2,2,2,124,2,2,0,2,2,2,170,2,2,0,2,2,3,124,2,2,0,2,2,3,61,2,2,0,2,1,2,60,2,2,0,2,2,2,117,2,2,0,2,2,3,60,2,
173,2,2,0,2,2,3,113,2,2,0,2,2,3,167,2,3,0,2,2,3,3,2,3,0,2,2,4,61,2,2,0,2,1,3,60,2,2,0,2,2,3,113,2,3,0,2,2,3,60,2,
174,2,2,0,2,1,3,3,2,2,0,2,2,3,117,2,3,0,2,2,3,64,2,2,0,2,2,4,65,2,2,0,2,1,3,64,2,2,0,2,2,3,168,2,3,0,2,2,3,117,2,
174,2,3,0,3,2,3,66,2,3,0,3,2,3,117,2,3,1,3,2,3,66,2,3,0,2,2,4,61,2,3,0,3,2,3,3,2,3,0,3,2,3,168,2,3,1,3,2,3,120,2,
175,2,2,0,2,2,3,115,2,2,0,2,2,3,169,2,2,0,2,2,3,61,2,2,0,2,1,3,62,2,2,0,2,1,3,61,2,2,0,2,2,3,114,2,2,0,2,2,3,3,2,
169,1,2,0,2,1,3,3,2,2,0,2,2,3,162,2,2,0,2,2,3,3,2,2,0,2,1,3,61,1,2,0,2,1,3,60,2,2,0,2,2,3,112,2,2,0,2,1,3,60,2,
172,2,2,0,2,2,3,63,2,2,0,2,2,3,115,2,2,0,2,1,3,63,2,2,0,2,2,3,64,2,2,0,2,1,3,3,2,2,0,2,2,3,166,2,2,0,2,2,3,3,2,
178,2,2,0,2,2,3,3,2,2,0,2,2,3,122,2,2,0,2,2,3,122,2,2,0,2,2,3,61,2,2,0,2,1,3,61,2,2,0,2,2,3,172,2,2,0,2,1,3,61,2,
178,2,3,0,2,2,3,61,2,3,0,3,2,3,173,2,3,0,3,2,3,119,2,3,0,2,2,4,61,2,3,0,2,2,3,3,2,2,0,3,2,3,119,2,3,0,3,2,3,60,2,
182,2,5,0,2,2,3,118,2,5,0,3,2,3,176,3,6,0,3,2,3,124,2,5,0,2,2,4,61,2,6,0,2,2,3,60,2,5,0,3,2,3,124,2,6,0,3,2,3,60,2,
175,2,3,1,2,2,3,4,2,3,0,3,2,3,170,2,3,1,3,2,3,119,2,3,1,2,2,4,62,2,3,1,2,2,3,61,2,3,1,3,2,3,119,2,3,1,3,2,3,61,2,
181,2,2,0,4,2,2,63,2,2,0,4,2,2,123,2,2,0,4,2,3,127,2,2,0,4,2,3,64,2,2,0,4,1,2,126,2,2,0,4,2,2,175,2,2,0,5,2,3,63,2,
175,2,2,0,2,2,2,61,2,2,0,2,2,2,114,2,2,0,2,2,3,114,2,2,0,2,2,3,62,2,2,0,2,1,2,3,2,2,0,2,2,2,169,2,2,0,2,2,3,61,2,
199,2,2,0,2,2,3,119,2,2,0,2,2,2,136,2,2,0,2,2,3,118,2,2,0,2,2,3,83,2,2,0,2,1,3,63,2,2,0,2,2,2,192,2,2,0,2,2,3,63,2,
185,1,2,0,2,1,2,123,1,2,0,2,2,2,123,2,2,0,2,1,3,137,2,2,0,2,1,3,65,1,2,0,2,1,2,64,1,2,0,2,1,2,178,2,2,0,2,1,2,82,2,
177,2,3,1,2,2,3,3,2,3,1,3,2,3,170,2,3,1,3,2,3,119,2,3,0,2,2,4,66,2,3,1,2,2,3,67,2,3,0,3,2,3,119,2,3,1,3,2,3,65,2,
181,2,3,1,2,2,3,62,2,3,1,3,2,3,123,2,3,1,3,2,3,124,2,3,1,2,2,4,62,2,3,1,2,2,3,123,2,2,0,3,2,3,175,2,3,1,3,2,3,60,2,
483,1,2,0,1,1,2,61,1,2,0,2,1,2,173,1,2,0,2,1,3,122,1,2,0,1,1,3,62,1,2,0,1,1,2,121,1,2,0,2,1,2,121,1,2,0,2,1,3,62,1,
451,2,4,0,2,2,3,61,2,3,0,2,2,3,170,2,4,0,2,2,3,122,2,4,0,2,2,4,62,2,4,0,2,2,3,120,2,3,0,2,2,3,120,2,4,0,2,2,3,61,2,
180,2,3,0,2,2,3,64,2,2,0,2,2,3,174,2,3,0,3,2,3,124,2,3,0,2,2,4,65,2,3,1,2,1,3,122,2,3,0,3,2,3,124,2,3,0,3,2,3,64,2,
182,2,3,0,2,2,3,61,2,3,0,3,2,3,176,2,3,0,3,2,3,125,2,3,0,2,2,4,62,2,3,0,2,1,3,123,2,2,0,2,2,3,124,2,3,0,3,2,3,61,2,
182,1,2,0,2,1,2,61,1,2,0,2,1,2,175,2,2,0,2,1,3,122,1,2,0,1,1,3,62,1,2,0,2,1,2,121,1,2,0,2,1,2,121,2,2,0,2,1,3,61,1,
184,2,2,0,2,1,2,63,1,2,0,2,2,2,177,2,2,0,2,1,2,124,2,2,0,2,2,3,63,2,2,0,2,1,2,122,1,2,0,2,2,2,122,2,2,0,2,1,2,63,2,
177,2,2,0,2,2,2,61,2,2,0,2,2,2,170,2,2,0,2,2,3,122,2,2,0,2,2,3,61,2,2,0,2,2,2,120,2,2,0,2,2,2,120,2,2,0,2,2,3,61,2,
181,2,2,0,2,2,2,64,2,2,0,2,2,2,174,2,2,0,2,2,3,124,2,2,0,2,2,3,65,2,2,0,2,2,2,123,2,2,0,2,2,2,123,2,2,0,2,2,3,64,2,
175,2,2,0,2,2,3,60,2,2,0,2,2,3,169,2,2,0,2,2,3,119,2,2,0,2,2,4,61,2,2,0,2,2,3,3,2,2,0,2,2,3,118,2,2,0,2,2,3,60,2,
176,2,3,0,2,2,14,122,2,2,0,2,2,14,119,2,3,0,3,2,14,125,2,3,0,2,2,15,61,2,3,0,2,2,14,66,2,3,0,2,2,14,171,2,3,0,3,2,14,65,2,
195,1,2,0,1,1,2,120,1,1,0,2,1,2,188,1,2,0,2,1,2,2,1,2,0,1,1,3,62,1,2,0,1,1,2,66,1,1,0,2,1,2,138,1,2,0,2,1,2,66,2,
175,1,2,0,1,1,2,2,1,2,0,2,1,2,169,1,2,0,2,1,2,65,1,2,0,1,1,3,64,1,2,0,1,1,2,64,1,1,0,2,1,2,118,1,2,0,2,1,2,2,1,
173,2,2,0,1,1,2,61,1,2,0,2,1,2,167,2,2,0,2,1,3,2,2,2,0,2,1,3,61,1,2,0,1,1,2,3,1,2,0,2,1,2,116,2,2,0,2,1,3,61,2,
175,3,2,0,1,1,4,3,3,2,0,2,2,3,168,3,3,0,2,2,4,62,3,2,0,1,2,4,62,3,2,0,1,1,4,61,3,2,0,2,2,3,115,3,3,0,2,2,4,3,3,
170,1,3,0,2,1,3,61,2,2,0,2,1,3,165,2,3,0,2,2,3,3,2,2,0,2,2,3,61,1,3,0,2,1,3,114,2,2,0,2,1,2,114,2,3,0,2,2,3,61,2,
174,2,2,0,2,2,3,64,2,2,0,2,2,3,168,2,3,0,2,2,3,65,2,2,0,2,2,3,64,2,2,0,2,2,3,117,2,2,0,2,1,3,117,2,3,0,2,2,3,3,2,
173,2,3,0,2,1,3,61,2,2,0,2,2,3,168,2,3,0,3,2,3,3,2,3,0,2,2,4,61,2,3,0,2,1,3,3,2,2,0,3,1,3,117,2,3,0,3,2,3,62,2,
175,2,2,0,2,2,2,114,2,2,0,2,1,2,169,2,2,0,2,2,3,61,2,2,0,2,1,3,62,2,2,0,2,1,2,61,2,2,0,2,1,2,115,2,2,0,2,2,3,2,2,
171,1,2,0,2,1,2,114,1,2,0,2,1,2,165,2,2,0,2,1,2,2,2,2,0,2,1,3,61,1,2,0,2,1,2,60,1,2,0,2,1,2,114,2,2,0,2,1,2,61,2,
174,1,2,0,2,1,2,115,2,2,0,2,1,2,166,2,2,0,2,1,3,62,2,2,0,2,1,3,62,1,2,0,1,1,2,61,2,2,0,2,1,2,115,2,2,0,2,1,3,2,2,
181,1,2,0,2,1,3,123,2,2,0,2,1,3,174,2,3,0,2,2,3,123,2,2,0,2,2,3,64,2,2,0,2,1,3,63,2,2,0,2,1,3,123,2,3,0,2,2,3,63,2,
175,2,2,0,2,1,3,121,2,2,0,2,1,3,170,2,3,0,2,2,3,3,2,2,0,2,2,3,61,2,2,0,2,1,3,61,2,2,0,2,1,3,119,2,3,0,2,2,3,60,2,
172,2,3,0,4,2,3,3,2,2,0,5,2,3,115,2,3,0,5,2,3,62,2,3,0,4,2,4,61,2,3,0,4,1,3,61,2,3,0,5,1,3,166,2,3,0,5,2,3,114,2,
174,2,3,1,2,2,3,65,2,3,0,3,2,3,169,2,3,1,3,2,3,64,2,3,0,2,2,4,63,2,3,1,2,2,3,118,2,3,0,3,2,3,118,2,3,1,3,2,3,3,2,
195,1,2,0,1,1,2,68,1,2,0,2,1,2,188,1,2,0,2,1,3,2,1,2,0,1,1,3,66,1,2,0,1,1,2,120,1,2,0,2,1,2,120,1,2,0,2,1,2,66,1,
179,1,2,0,2,1,2,66,2,2,0,2,1,2,172,2,2,0,2,2,2,82,2,2,0,2,1,3,65,1,2,0,2,1,2,2,2,2,0,2,1,2,121,2,2,0,2,1,2,2,2,
176,1,2,0,2,1,2,2,1,2,0,2,1,2,170,1,2,0,2,1,3,116,2,2,0,2,1,3,62,1,2,0,1,1,2,62,1,2,0,2,1,2,116,2,2,0,2,1,3,63,2,
178,1,2,0,2,1,2,63,2,3,0,2,1,3,173,2,3,0,2,2,3,121,2,2,0,2,2,3,62,1,2,0,2,1,3,121,2,2,0,2,1,3,121,2,3,0,2,2,3,63,2,
175,2,3,0,2,2,3,65,2,3,0,3,1,3,170,2,3,0,3,2,3,119,2,3,0,2,2,4,66,2,3,0,2,2,3,3,2,3,0,3,1,3,118,2,3,0,3,2,3,66,2,
183,2,3,0,2,2,3,126,2,2,0,3,1,3,177,2,3,0,3,2,3,126,2,2,0,2,2,4,63,2,3,0,2,2,3,62,2,2,0,2,1,3,126,2,3,0,3,2,3,62,2,
177,2,3,1,2,2,3,3,2,3,1,3,2,3,172,2,3,1,3,2,3,117,3,3,0,2,2,4,63,2,3,1,2,2,3,62,2,3,1,3,2,3,116,2,3,1,3,2,3,63,2,
173,1,2,0,1,1,2,62,1,2,0,2,1,2,167,1,2,0,2,1,2,2,1,2,0,1,1,3,62,1,2,0,1,1,2,2,1,2,0,2,1,2,115,1,2,0,2,1,2,63,1,
184,5,2,0,1,1,6,121,5,2,0,2,1,6,178,5,2,0,2,1,6,61,5,2,0,1,1,7,61,5,2,0,1,1,6,60,5,2,0,2,1,6,121,5,2,0,2,1,6,123,5,
176,1,3,0,1,2,3,118,2,2,0,2,1,3,170,2,3,0,2,2,3,64,2,2,0,2,2,3,65,1,3,0,1,2,3,63,2,2,0,2,1,3,117,2,3,0,2,2,3,3,2,
179,1,3,0,2,1,2,3,2,2,0,2,1,3,173,2,3,0,2,2,3,122,2,2,0,2,2,3,63,1,3,0,2,1,2,61,2,2,0,2,1,3,121,2,3,0,2,2,3,63,2,
175,2,3,0,2,2,3,62,2,3,0,3,1,3,169,2,3,0,3,2,3,117,2,3,0,2,2,4,63,2,3,0,2,2,3,3,2,3,0,2,1,3,116,2,3,0,2,2,3,63,2,
172,2,3,0,2,2,3,3,2,3,1,3,2,3,166,2,3,1,3,2,3,3,2,3,0,2,2,4,62,2,3,0,2,2,3,62,2,3,0,3,2,3,114,2,3,1,3,2,3,62,2,
175,1,2,0,1,1,2,63,1,2,0,2,1,2,168,1,2,0,2,1,2,64,1,2,0,1,1,3,64,1,2,0,1,1,2,2,1,2,0,2,1,2,116,1,2,0,2,1,2,2,1,
177,1,2,0,1,1,2,118,2,2,0,2,1,2,170,2,2,0,2,1,3,2,2,2,0,2,1,3,61,1,2,0,1,1,2,61,2,2,0,2,1,2,118,2,2,0,2,1,2,61,2,
186,1,2,0,1,1,5,2,4,2,0,2,1,5,180,4,2,0,2,1,5,63,5,2,0,1,1,6,71,1,2,0,1,1,5,63,4,2,0,2,1,5,125,4,2,0,2,1,5,116,5,
174,1,2,0,2,1,3,61,2,2,0,2,1,3,168,2,3,0,2,2,3,61,2,2,0,2,2,3,61,1,3,0,2,1,3,115,2,2,0,2,1,3,115,2,3,0,2,2,3,3,2,
187,2,3,0,2,1,2,67,2,2,0,2,1,3,128,2,3,0,2,2,3,127,2,2,0,2,2,3,66,2,3,0,2,1,3,3,2,2,0,2,1,3,181,2,3,0,2,2,3,65,2,
174,2,3,0,2,2,3,4,2,3,1,3,2,3,168,2,3,1,3,2,3,3,2,2,0,2,2,4,62,2,3,0,2,1,3,63,2,2,1,3,1,3,117,2,3,1,3,2,3,62,2,
176,1,3,0,2,2,3,62,2,3,0,2,1,3,114,2,3,0,2,2,3,62,2,2,0,2,2,3,62,1,3,0,2,2,3,3,2,2,0,2,1,3,170,2,3,0,2,2,3,115,2,
174,1,2,0,1,1,2,2,1,2,0,2,1,2,115,1,2,0,2,1,2,68,1,2,0,1,1,3,63,1,2,0,1,1,2,69,1,2,0,2,1,2,168,1,2,0,2,1,2,122,1,
178,2,2,0,2,2,2,61,2,2,0,2,1,2,171,2,3,0,2,2,3,61,2,2,0,2,2,3,61,2,3,0,2,2,2,120,2,2,0,2,1,2,120,2,3,0,2,2,3,3,2,
181,2,3,0,2,2,3,65,2,3,0,2,2,3,124,2,3,0,2,2,3,124,2,3,0,2,2,3,65,2,3,0,2,1,3,126,2,2,0,2,1,3,175,2,3,0,2,2,3,65,2,
175,2,3,1,2,2,3,61,2,3,1,2,1,3,117,2,3,1,3,2,3,117,2,2,0,2,2,3,62,2,3,1,2,2,3,3,2,2,1,2,1,3,169,2,3,1,2,2,3,61,2,
182,2,3,0,2,2,3,120,2,2,0,3,1,3,120,2,3,0,3,2,3,121,2,3,0,2,2,4,62,2,3,0,2,2,3,62,2,2,0,3,1,3,176,2,3,0,2,2,3,62,2,
178,2,3,0,2,2,3,120,2,2,0,2,2,3,120,2,3,0,2,2,3,120,2,3,0,2,2,4,62,2,3,0,2,2,3,62,2,2,0,3,2,3,172,2,3,0,2,2,3,62,2,
189,2,2,0,2,2,2,122,2,2,0,2,1,2,182,2,2,0,2,2,2,129,2,2,0,2,2,3,64,2,2,0,2,1,2,64,2,2,0,2,1,2,129,2,2,0,2,2,2,64,2,
180,2,3,1,3,3,3,3,3,3,1,3,2,3,122,3,4,1,3,3,4,3,3,3,0,3,3,4,66,3,3,1,3,3,3,64,3,3,1,3,2,3,174,3,4,1,3,3,4,64,3,
179,4,2,0,2,2,5,62,5,2,0,2,1,6,117,5,3,0,2,2,6,62,5,2,0,2,2,7,64,5,2,0,2,2,5,116,5,2,0,2,1,6,172,5,3,0,2,2,6,3,5,
191,2,2,0,2,2,2,68,2,2,0,2,1,3,132,2,3,0,2,2,3,3,2,2,0,2,2,4,80,2,2,0,2,2,2,122,2,2,0,2,1,3,185,2,3,0,2,2,3,64,2,
184,2,6,0,2,2,6,71,2,2,0,6,1,6,125,2,6,0,6,2,6,66,2,2,0,2,2,6,72,2,6,0,2,2,6,6,2,2,0,6,1,6,178,2,6,0,6,2,6,119,2,
184,2,3,0,2,2,3,133,2,2,0,3,2,3,126,2,3,0,3,2,3,72,2,2,0,2,2,4,62,2,3,0,2,2,3,71,2,2,0,3,1,3,178,2,3,0,3,2,3,130,2,
175,1,2,0,1,1,2,2,1,2,0,2,1,2,113,1,2,0,2,1,2,67,1,2,0,1,1,2,63,1,2,0,1,1,2,67,1,1,0,2,1,2,169,1,2,0,2,1,2,2,1,
186,2,3,0,2,2,3,67,2,2,0,3,1,3,179,3,3,0,3,2,4,118,2,3,0,2,2,4,67,2,3,0,2,2,3,3,2,2,0,3,2,3,124,3,3,0,3,2,4,62,2,
177,2,3,0,2,2,3,116,2,2,0,2,1,3,170,2,3,0,2,2,3,3,2,2,0,2,2,3,62,2,3,0,2,2,3,62,2,2,0,2,1,3,116,2,3,0,2,2,3,62,2,
178,1,3,0,2,2,3,3,1,2,0,3,1,3,173,2,3,0,3,2,3,65,2,2,0,2,2,3,65,1,3,0,2,2,3,65,1,2,0,2,1,3,121,2,3,0,3,2,3,120,2,
176,2,3,0,2,2,3,61,2,2,0,2,1,3,170,2,3,0,3,2,3,60,2,3,0,2,2,4,62,2,3,0,2,2,3,3,2,2,0,2,1,3,119,2,3,0,3,2,3,3,2,
175,2,3,0,2,2,3,3,2,3,0,3,2,3,168,2,3,0,2,2,3,116,2,3,0,2,2,3,62,1,3,0,2,2,3,62,2,3,0,2,2,3,118,2,3,0,3,2,3,61,2,
178,2,3,0,2,2,6,62,2,3,1,3,2,6,172,2,4,0,3,2,7,4,2,3,0,2,2,7,63,2,3,0,2,2,6,3,2,3,0,3,2,6,121,2,4,1,3,2,7,62,2,
180,2,2,0,1,1,3,2,2,2,0,2,1,3,173,2,3,0,2,1,3,63,2,2,0,1,1,4,63,2,2,0,1,1,3,76,2,2,0,2,1,3,118,2,3,0,2,1,3,117,2,
183,2,3,1,2,2,3,62,2,2,0,2,1,3,125,2,3,0,2,2,3,62,2,2,0,2,2,3,63,2,3,1,2,2,3,125,1,2,0,2,1,3,177,2,3,1,2,2,3,125,2,
177,2,2,0,2,2,3,63,2,2,0,2,1,3,116,2,3,0,3,2,3,63,2,2,0,2,2,4,64,2,3,0,2,2,3,3,1,2,0,2,2,3,171,2,3,0,3,2,3,116,2,
177,1,2,0,2,2,3,3,2,2,0,2,1,3,120,2,3,0,2,2,3,60,2,2,0,2,2,3,67,1,3,0,2,2,3,67,1,2,0,2,1,3,172,2,3,0,2,2,3,113,2,
200,2,13,1,2,2,3,66,2,13,1,2,2,3,194,2,14,1,3,2,3,69,2,13,0,2,2,3,87,2,13,1,2,2,3,123,1,13,0,2,2,2,143,2,14,1,3,2,3,123,2,
183,2,3,0,2,2,3,62,2,2,0,2,1,3,178,2,3,1,3,2,3,62,2,3,0,2,2,4,63,2,3,0,2,2,3,127,2,2,0,2,2,3,127,2,3,1,3,2,3,3,2,
174,2,3,1,2,2,3,61,2,3,1,3,2,3,168,2,3,1,3,2,4,3,2,3,0,2,2,4,62,2,3,1,2,2,3,3,2,3,1,3,2,3,114,2,3,1,3,2,4,61,2,
179,2,3,1,2,2,3,121,2,3,1,3,2,3,173,2,4,1,3,2,4,61,2,3,0,3,2,4,68,2,4,1,2,2,3,67,2,3,1,3,2,3,121,2,4,1,3,2,4,3,2,
179,2,3,1,2,2,4,121,2,3,1,3,2,3,120,2,3,1,3,2,4,121,2,3,0,2,2,4,62,2,3,1,2,2,4,62,2,3,1,3,2,3,173,2,3,1,3,2,4,62,2,
185,1,3,0,1,1,3,124,2,3,0,2,1,3,124,2,3,0,2,2,3,125,2,2,0,2,2,3,66,1,3,0,1,1,3,65,1,2,0,2,1,3,177,2,3,0,2,2,3,65,2,
185,2,2,0,2,1,3,127,2,2,0,2,1,3,127,2,3,0,2,2,3,126,2,2,0,2,2,3,62,2,2,0,2,1,3,62,2,2,0,2,2,3,180,2,3,0,2,2,3,62,2,
180,2,3,1,2,2,3,122,2,2,0,3,1,3,122,2,3,1,3,2,3,122,2,3,0,2,2,4,63,2,3,0,2,2,3,62,2,2,0,3,2,3,175,2,3,1,3,2,3,62,2,
198,1,2,0,1,1,3,136,1,2,0,2,1,2,136,1,3,0,2,1,6,136,2,2,0,2,1,6,61,1,2,0,1,1,3,61,1,2,0,2,1,2,190,1,3,0,2,1,3,61,2,
177,2,3,1,2,2,4,119,2,3,1,3,2,3,120,2,4,1,3,2,4,3,2,3,0,2,2,4,66,2,3,1,2,2,4,65,2,3,0,3,2,3,171,2,4,1,3,2,4,65,2,
175,13,3,1,2,2,14,3,13,3,1,3,2,14,117,13,4,1,3,2,14,62,13,3,0,2,2,15,63,13,3,1,2,2,14,62,13,3,1,3,2,14,169,13,4,1,3,2,14,3,13,
187,2,2,0,1,1,3,63,2,2,0,2,1,3,181,2,3,0,2,1,3,132,2,2,0,2,2,3,64,2,2,0,1,1,3,122,2,2,0,2,1,2,122,2,3,0,2,1,3,75,2,
175,2,3,0,2,1,3,63,1,2,0,2,1,3,169,2,3,0,2,1,3,3,2,2,0,2,2,3,63,2,3,0,2,1,3,3,1,2,0,2,1,3,116,2,3,0,2,1,3,63,2,
180,1,5,2,4,4,3,5,1,5,2,5,4,2,175,1,5,3,4,4,3,68,1,5,0,4,4,3,68,1,5,2,4,4,3,68,1,5,2,4,4,2,121,1,5,2,5,4,3,5,1,
196,2,3,0,2,2,3,64,2,2,0,3,2,3,138,2,3,0,3,2,3,3,2,3,0,2,2,4,84,2,3,0,2,2,3,3,2,3,0,3,2,3,190,2,3,0,3,2,3,64,2,
180,2,3,1,3,2,3,4,2,3,1,3,2,3,120,2,3,1,3,2,4,63,2,3,0,2,2,4,64,2,3,1,3,2,4,63,2,3,1,3,2,3,174,2,3,1,3,2,3,4,2,
180,3,4,1,2,2,4,66,2,4,1,3,2,4,123,3,4,1,3,2,4,3,3,4,0,3,2,4,66,3,4,1,2,2,4,3,2,4,1,3,2,3,174,3,4,1,3,2,4,66,3,
180,2,3,0,2,1,3,3,2,2,0,2,1,3,175,2,3,0,2,2,3,64,2,2,0,2,2,3,66,2,3,0,2,1,3,64,2,2,0,2,1,3,119,2,3,0,2,2,3,3,2,
185,2,3,1,2,2,3,68,2,2,0,3,2,3,178,2,3,1,3,2,3,3,2,3,0,2,2,4,68,2,3,0,2,2,3,3,2,2,0,3,2,3,122,2,3,1,3,2,3,68,2,
184,2,3,0,2,1,3,125,2,2,0,3,1,3,126,2,3,0,2,2,3,63,2,2,0,2,2,4,65,2,3,0,2,1,3,64,2,2,0,2,1,3,178,2,3,0,2,2,3,3,2,
181,2,4,0,2,2,4,3,2,2,0,3,1,4,174,2,4,1,3,1,4,3,2,3,0,2,2,4,65,2,4,0,2,1,3,64,2,2,0,3,2,3,117,2,4,1,3,1,4,65,2,
183,2,3,0,2,1,6,64,2,2,0,2,2,6,175,2,3,0,2,2,6,64,2,2,0,2,2,6,64,2,3,0,2,1,6,118,2,2,0,2,2,3,118,2,3,0,2,1,6,3,2,
184,3,3,1,3,2,4,68,3,3,1,3,2,4,178,3,3,1,3,2,4,4,3,3,0,3,3,4,69,3,4,1,3,2,4,4,3,3,1,3,2,3,121,3,3,1,3,2,4,68,3,
184,2,3,0,2,1,3,121,2,2,0,2,1,3,178,2,3,0,2,1,3,64,2,2,0,2,2,3,64,2,3,0,2,1,3,64,2,2,0,2,1,3,121,2,3,0,2,1,3,3,2,
184,2,2,0,2,1,3,2,2,2,0,2,1,3,122,2,3,0,2,1,3,2,2,2,0,2,1,4,66,2,3,0,2,1,3,81,2,2,0,2,1,3,178,2,3,0,2,1,3,66,2,
180,2,3,0,2,1,3,64,2,2,0,2,1,3,174,2,3,0,2,1,3,64,2,2,0,2,2,4,65,2,3,0,2,1,3,3,2,2,0,2,1,3,118,2,3,0,2,1,3,3,2,
180,2,4,0,2,2,3,122,2,3,0,3,3,3,175,2,4,1,3,3,3,4,2,3,0,2,3,3,67,2,4,0,2,2,3,67,2,3,0,3,3,3,121,2,4,1,3,3,3,67,2,
180,2,3,0,2,2,3,120,2,2,0,3,2,3,120,2,3,1,3,2,3,63,2,2,0,2,2,4,63,2,3,0,2,2,3,63,2,2,0,3,2,3,174,2,3,1,3,2,3,3,2,
199,2,3,1,3,2,3,3,2,3,0,3,2,3,191,3,3,1,3,2,3,120,3,3,0,3,2,4,83,2,3,0,3,2,3,64,3,3,0,3,2,3,139,3,4,1,3,2,3,66,3,
176,3,3,1,3,2,3,64,3,3,1,3,2,3,171,3,4,1,3,2,4,118,3,3,0,3,3,4,64,3,3,1,3,2,3,3,3,3,1,3,2,3,118,3,4,1,3,2,4,65,3,
182,2,3,0,2,1,3,121,2,2,0,2,1,3,121,2,3,1,2,1,3,3,2,2,0,2,2,3,64,2,3,0,2,1,3,64,2,2,0,2,1,3,177,2,3,0,2,1,3,65,2,
182,2,3,0,4,1,3,120,2,2,0,5,1,3,177,4,3,0,5,1,3,66,2,2,0,5,2,4,66,3,3,0,4,1,3,65,2,2,0,5,1,3,120,2,3,0,5,1,3,3,2,
185,2,3,1,2,2,3,126,2,2,0,2,1,3,126,2,3,0,2,2,3,127,2,2,0,2,2,4,63,2,3,0,2,2,3,63,2,2,0,2,2,3,179,2,3,0,2,2,3,63,2,
179,2,3,1,2,2,3,4,2,3,0,3,2,3,173,2,4,0,3,2,4,3,2,3,0,2,2,4,64,2,3,0,2,2,3,63,2,3,0,3,2,3,118,2,4,0,3,2,3,64,2,
182,2,3,0,2,1,3,63,2,2,0,3,1,3,122,2,3,0,3,1,3,63,5,3,0,2,2,7,63,2,3,0,2,2,3,3,2,2,0,2,1,3,175,2,3,0,3,1,6,121,5,
186,2,4,1,2,2,4,4,2,3,1,3,2,3,180,2,4,1,3,2,4,67,2,3,0,3,2,4,68,2,4,1,2,2,4,67,2,3,1,3,2,3,126,2,4,1,3,2,4,127,2,
179,2,2,0,2,1,2,63,1,2,0,2,1,2,174,2,3,0,2,1,3,63,2,2,0,2,2,3,63,2,2,0,2,1,2,3,1,2,0,2,1,2,121,2,3,0,2,1,3,122,2,
185,2,3,0,2,1,3,123,2,2,0,2,1,3,123,2,3,0,2,1,3,63,2,2,0,2,2,4,63,2,3,0,2,1,3,63,1,2,0,2,1,3,180,2,3,0,2,1,3,124,2,
177,2,3,1,2,1,3,3,2,2,0,2,1,3,118,2,3,0,2,1,3,63,2,2,0,2,2,4,64,2,3,0,2,2,3,62,2,2,0,2,1,3,172,2,3,0,2,1,3,119,2,
183,2,5,0,2,4,2,68,2,5,0,2,4,2,124,2,6,0,2,4,3,69,2,5,0,2,4,3,69,2,5,0,2,4,3,5,2,5,0,2,4,2,178,2,6,0,2,4,3,125,2,
185,2,4,1,2,2,4,4,2,3,1,3,2,4,125,3,4,1,3,2,4,64,3,3,0,2,2,4,64,3,4,1,2,2,4,64,2,3,1,3,2,4,179,3,4,1,3,2,4,125,3,
182,3,3,1,2,2,3,64,2,3,1,3,2,3,120,3,4,1,3,2,4,64,3,3,0,2,2,4,65,3,3,1,2,2,3,4,2,3,1,3,2,3,176,3,4,1,3,2,4,132,3,
198,2,5,0,2,1,3,119,2,5,0,2,1,2,138,2,6,0,2,1,3,69,2,5,0,2,2,3,82,2,5,0,2,1,3,63,2,5,0,2,1,2,193,2,6,0,2,1,3,2,2,
178,2,3,0,2,1,3,3,2,2,0,2,1,3,117,2,3,0,2,1,3,3,2,2,0,2,2,4,63,2,3,0,2,1,3,62,2,2,0,2,1,3,172,2,3,0,2,1,3,62,2,
180,2,3,1,5,1,3,66,2,2,0,5,1,3,175,2,3,1,5,2,3,66,2,2,0,5,2,4,66,2,3,0,5,1,3,3,2,2,0,5,1,3,120,2,3,1,5,2,3,120,2,
188,2,3,1,2,2,3,129,2,3,1,3,2,3,129,2,3,1,3,2,3,65,2,3,0,2,2,4,67,2,3,1,2,2,3,66,2,3,1,3,2,3,183,2,3,1,3,2,3,129,2,
179,2,3,1,2,2,3,3,2,3,1,3,2,3,173,2,4,1,3,2,3,66,2,3,0,2,2,4,66,2,3,0,2,2,3,65,2,3,0,3,2,3,121,2,4,1,3,2,3,121,2,
185,2,3,0,2,1,3,64,2,2,1,3,1,3,177,2,3,1,3,1,3,64,2,2,0,2,2,4,64,2,3,0,2,1,3,124,2,2,0,2,1,3,124,2,3,1,3,1,3,124,2,
187,2,3,0,1,1,3,67,2,2,0,2,2,3,181,2,3,0,2,2,3,67,2,3,0,1,2,4,68,2,3,0,1,1,3,3,2,2,0,2,2,3,125,2,3,0,2,1,3,125,2,
184,2,2,0,2,1,3,2,2,2,0,2,1,3,178,2,3,0,2,1,3,64,2,2,0,2,2,3,64,2,2,0,2,1,3,63,2,2,0,2,1,3,122,2,3,0,2,1,3,122,2,
187,2,3,0,2,1,3,66,2,2,0,3,1,3,181,2,3,0,3,1,3,66,2,3,0,2,2,4,67,2,3,0,2,1,3,3,2,2,0,2,1,3,122,2,3,0,3,1,3,122,2,
181,2,3,0,2,1,3,3,2,2,0,3,1,3,175,2,3,0,3,1,3,64,2,2,0,2,2,4,65,2,3,0,2,1,3,64,2,2,0,3,1,3,120,2,3,0,3,1,3,120,2,
191,1,5,1,2,4,3,69,1,4,1,2,4,2,185,2,5,1,3,4,3,69,2,5,0,2,4,3,70,2,5,1,2,4,3,130,1,4,1,2,4,2,130,2,5,1,3,4,3,130,2,
184,2,4,1,2,2,3,65,2,3,1,3,2,3,178,2,4,1,3,2,4,65,2,3,0,2,2,5,66,2,4,0,2,2,4,3,2,3,1,3,2,3,123,2,4,1,3,2,4,123,2,
184,4,3,1,2,2,5,3,3,3,1,3,2,5,178,4,4,1,3,2,5,65,4,3,1,2,3,5,66,4,3,1,2,2,5,64,4,3,0,3,2,5,119,4,4,1,3,2,5,119,4,
183,1,3,0,2,1,3,66,1,2,0,2,1,3,177,2,3,0,2,1,3,66,2,2,0,1,2,3,67,2,3,0,2,1,3,3,1,2,0,2,1,3,121,2,3,0,2,1,3,122,2,
203,4,5,0,5,4,5,135,5,5,0,5,5,5,194,5,4,0,5,4,4,70,5,5,0,5,4,5,84,4,5,0,5,4,5,78,5,5,0,5,5,5,140,5,4,0,5,4,4,128,5,
180,2,3,1,2,2,3,122,2,2,0,2,2,3,175,2,3,1,3,2,3,66,2,3,0,2,2,3,67,2,3,0,2,2,3,66,2,2,0,2,2,3,122,2,3,1,3,2,3,3,2,
186,2,3,0,2,2,3,124,2,2,0,2,2,3,180,2,3,0,3,2,3,124,2,3,0,2,2,4,63,2,3,0,2,2,3,63,2,2,0,2,2,3,124,2,3,1,3,2,3,63,2,
181,2,3,1,2,2,3,121,2,3,0,3,2,3,175,2,3,1,3,2,4,3,2,3,0,2,2,4,64,2,3,1,2,2,3,63,2,3,0,3,2,3,121,2,3,1,3,2,4,64,2,
187,1,2,0,2,1,3,129,2,2,0,2,1,2,177,2,3,0,2,1,3,63,2,2,0,2,2,3,63,2,2,0,2,1,3,63,1,2,0,2,1,2,123,2,3,0,2,1,3,129,2,
182,2,3,0,2,1,3,121,2,2,0,2,1,2,176,2,3,0,2,1,3,66,2,2,0,2,2,3,67,2,3,0,2,2,2,66,1,2,0,2,1,3,121,2,3,0,2,1,3,3,2,
183,2,3,0,2,2,3,122,2,2,0,2,1,3,176,2,3,0,2,1,3,3,2,2,0,2,2,3,65,2,3,0,2,1,3,64,2,2,0,2,1,3,122,2,3,0,2,1,3,64,2,
188,2,3,0,2,2,3,131,2,2,0,2,2,3,182,2,3,0,2,2,3,64,2,3,0,2,2,4,65,2,3,0,2,2,3,64,2,2,0,2,2,3,125,2,3,1,2,2,3,130,2,
182,2,3,0,2,2,3,3,2,2,0,3,1,3,176,2,3,0,3,1,3,64,2,3,0,2,2,4,65,2,3,0,2,1,3,64,2,2,0,3,2,3,120,2,3,0,3,1,3,120,2,
182,2,3,1,2,2,3,69,2,3,1,3,2,3,176,3,3,1,3,2,4,69,3,3,0,3,2,4,70,2,3,1,2,2,3,4,2,3,1,3,2,3,123,2,3,1,3,2,4,4,3,
180,2,3,0,2,1,3,3,2,2,0,2,1,3,175,2,3,0,2,1,3,3,2,2,0,2,2,3,64,2,3,0,2,1,3,68,2,2,0,2,1,3,122,2,3,0,2,1,3,69,2,
187,2,3,0,1,1,3,65,2,2,0,2,1,3,181,2,3,0,2,1,3,65,2,2,0,2,2,3,65,2,3,0,1,1,3,131,2,2,0,2,1,3,126,2,3,0,2,1,3,131,2,
181,2,3,0,2,1,3,65,2,2,0,2,1,3,175,2,3,0,3,1,3,64,2,2,0,2,2,4,65,2,3,0,2,1,3,122,2,2,0,2,1,3,122,2,3,0,3,1,3,3,2,
204,2,3,0,2,2,3,69,2,3,0,2,2,3,198,2,3,0,3,2,3,3,2,3,0,2,2,4,69,2,3,0,2,2,3,3,2,3,0,2,2,3,126,2,3,1,3,2,3,69,2,
183,2,3,1,2,2,3,3,2,3,1,3,2,3,177,2,3,1,3,2,4,65,2,3,0,2,2,4,65,2,3,1,2,2,3,64,2,3,1,3,2,3,124,2,3,1,3,2,4,3,2,
185,2,3,1,2,2,4,67,2,3,1,3,2,3,180,3,4,1,3,2,4,3,3,3,0,3,2,4,67,2,3,1,2,2,4,124,2,3,1,3,2,3,124,3,3,1,3,2,4,67,3,
187,2,3,0,2,1,3,66,2,2,0,2,1,3,181,2,3,0,3,1,3,65,2,3,0,2,1,3,66,2,3,0,1,1,3,132,2,2,0,2,1,3,126,2,3,0,3,1,3,131,2,
179,2,3,0,2,1,3,67,2,2,0,2,1,3,173,2,3,1,2,1,3,66,2,2,0,2,2,3,67,2,3,0,2,1,3,3,2,2,0,2,1,3,121,2,3,0,2,1,3,3,2,
186,2,3,0,2,1,3,3,1,2,0,3,1,3,177,2,3,0,3,1,3,127,2,2,0,2,1,3,68,2,2,0,2,1,3,72,2,2,0,2,1,3,124,2,3,0,3,1,3,72,2,
185,2,4,1,2,2,4,65,2,3,1,3,2,3,180,2,4,1,3,2,4,4,3,3,0,2,2,4,69,2,4,0,2,2,4,127,2,3,1,3,2,3,127,2,4,1,4,2,4,66,3,
179,2,3,0,2,2,3,64,2,2,0,2,1,3,174,2,3,0,2,2,3,64,2,2,0,2,2,4,67,2,3,0,2,1,3,121,2,2,0,2,1,3,121,2,3,0,2,2,3,3,2,
178,2,3,0,2,1,6,69,1,2,0,2,1,6,173,2,3,0,2,2,6,3,2,2,0,2,2,6,66,2,3,0,2,1,6,3,2,2,0,2,1,6,120,2,3,0,2,2,6,69,2,
183,2,3,0,2,2,3,3,2,2,0,2,2,3,123,2,3,0,3,2,3,69,2,3,0,2,2,3,70,2,3,0,2,2,3,68,2,2,0,2,2,3,178,2,3,1,3,2,3,123,2,
185,2,3,0,2,2,3,65,2,3,0,2,2,3,125,2,3,0,3,2,3,65,2,3,0,2,2,4,68,2,3,0,2,2,3,3,2,3,0,3,2,3,179,2,3,0,3,2,3,3,2,
185,2,3,1,2,2,3,122,2,3,1,3,2,3,179,2,3,1,3,2,4,3,2,3,0,2,2,4,69,2,3,1,2,2,3,65,2,3,1,3,2,3,124,2,3,1,3,2,4,64,2,
184,1,2,0,1,1,3,141,1,2,0,2,1,3,124,2,3,0,2,1,3,64,2,2,0,1,2,3,68,1,2,0,1,1,3,64,1,2,0,2,1,2,177,2,3,0,2,1,3,3,2,
184,2,3,0,2,1,3,125,2,2,0,2,1,2,179,2,3,0,2,2,3,3,2,2,0,2,2,3,71,2,3,0,2,1,3,68,2,2,0,2,1,2,125,2,3,0,2,2,3,69,2,
194,2,3,0,2,1,3,3,2,2,0,3,1,3,188,2,3,0,3,2,3,65,2,2,0,2,2,3,67,2,3,0,2,1,3,65,2,2,0,3,2,3,125,2,3,0,3,2,3,126,2,
183,2,3,1,3,2,13,67,2,3,1,3,2,13,177,3,3,1,3,3,14,67,3,3,0,3,3,14,69,3,3,1,3,2,13,3,2,3,1,3,2,13,122,3,3,1,3,3,14,3,3,
180,2,3,1,3,2,4,3,2,3,1,3,2,4,121,3,3,1,3,3,5,122,3,3,0,3,3,5,68,2,3,1,3,2,4,66,2,3,1,3,2,4,174,3,3,1,3,3,5,66,3,
180,2,3,0,2,1,3,65,2,2,0,2,1,3,174,2,3,0,2,2,3,119,2,3,0,2,2,3,68,2,2,0,2,1,3,3,2,2,0,2,1,3,122,2,3,0,3,2,3,66,2,
190,2,2,0,2,1,3,127,2,2,0,2,1,3,183,2,3,0,3,2,3,130,2,2,0,2,2,4,71,2,3,0,2,1,3,68,2,2,0,2,1,3,129,2,3,0,3,2,3,69,2,
184,2,3,1,2,2,3,3,2,3,1,2,2,3,179,2,3,1,3,2,4,126,2,3,0,2,2,4,67,2,3,1,2,2,3,64,2,3,1,3,2,3,126,2,3,1,3,2,4,65,2,
185,2,3,0,2,2,4,68,2,3,0,3,2,3,180,2,3,1,3,2,4,124,3,3,0,2,2,4,68,2,3,0,2,2,4,3,2,3,0,3,2,3,124,2,3,1,3,2,4,66,2,
180,2,3,0,2,2,5,4,2,3,1,3,2,5,174,2,3,1,3,2,5,121,2,3,0,2,2,5,66,2,3,1,2,2,5,65,2,3,1,3,2,5,121,2,3,1,3,2,5,65,2,
182,2,3,0,2,1,3,66,2,2,0,2,1,3,176,2,3,0,2,1,3,123,2,2,0,2,2,3,68,2,3,0,2,1,3,3,2,2,0,2,1,3,123,2,3,0,3,1,3,67,2,
186,2,3,0,2,1,3,129,2,2,0,2,1,3,181,2,3,0,3,1,3,129,2,3,0,2,2,3,65,2,3,0,2,1,3,64,2,2,0,2,1,3,129,2,3,0,3,1,3,64,2,
190,2,3,0,2,2,3,128,2,3,1,3,1,3,184,2,3,1,3,2,4,135,2,3,0,2,2,4,66,2,3,0,3,2,3,64,2,3,0,3,2,3,127,2,3,1,3,2,4,64,2,
182,2,3,1,3,2,3,121,2,3,1,3,2,3,176,3,3,1,3,2,4,3,2,3,0,3,2,4,68,2,3,1,3,2,3,65,2,3,1,3,2,3,124,2,3,1,3,2,4,66,2,
188,1,2,0,2,1,3,130,1,2,0,2,1,3,181,2,2,0,2,1,3,67,2,2,0,2,2,3,68,1,2,0,2,1,3,67,1,2,0,2,1,3,130,2,2,0,2,1,3,130,2,
186,2,3,1,2,2,4,124,2,3,1,3,2,4,178,3,3,1,3,2,4,65,3,3,0,2,2,4,66,2,3,1,3,2,4,65,2,3,1,3,2,4,125,3,3,1,3,2,4,4,2,
212,2,2,0,1,1,3,127,2,2,0,2,1,3,203,2,3,0,2,1,3,129,2,3,0,1,1,3,65,2,2,0,1,1,3,63,2,2,0,2,1,3,151,2,3,0,2,1,3,63,2,
189,2,3,1,3,2,4,124,2,3,1,3,2,4,183,3,3,1,3,2,4,125,3,3,0,3,2,4,69,2,3,1,3,2,4,64,2,3,1,3,2,4,128,3,3,1,3,2,4,65,3,
186,2,3,1,2,2,4,125,2,3,1,3,2,3,180,2,3,1,3,2,4,125,3,3,0,2,2,4,69,2,3,1,2,2,4,64,2,3,1,3,2,3,127,2,3,1,3,2,4,64,3,
183,1,2,0,2,1,3,123,2,2,0,2,1,3,176,2,2,0,2,1,3,2,2,2,0,2,1,3,68,1,2,0,2,1,3,66,2,2,0,2,1,2,123,2,2,0,2,1,3,66,2,
191,2,2,0,2,1,4,130,2,2,0,2,1,3,183,3,3,0,3,1,4,64,3,3,0,2,2,4,66,2,2,0,2,1,4,64,2,2,0,2,1,3,130,3,3,0,3,2,4,130,3,
179,3,3,1,2,1,4,3,2,2,0,3,2,3,174,3,3,1,3,1,4,64,2,3,0,2,2,4,66,2,3,1,2,1,4,64,2,2,0,3,2,3,121,3,3,1,3,1,4,3,2,
183,2,3,0,2,1,7,64,2,2,0,3,1,6,177,2,3,0,3,1,7,119,2,3,0,2,2,7,68,2,3,0,2,1,7,3,2,2,0,3,1,6,122,2,3,0,3,1,7,65,2,
182,2,2,0,1,1,3,2,1,2,0,2,1,3,176,2,2,0,2,1,3,120,2,2,0,2,1,4,69,2,2,0,1,1,3,67,1,2,0,2,1,3,123,2,2,0,2,1,3,66,2,
180,2,2,0,2,2,3,64,2,2,0,2,1,3,175,2,3,0,3,1,4,2,2,2,0,2,2,4,66,2,2,0,2,1,3,2,2,2,0,2,1,3,123,2,3,0,3,1,3,64,2,
182,2,3,0,2,2,3,3,2,2,0,2,2,3,177,2,3,0,3,2,4,64,2,3,0,2,2,4,67,2,3,0,2,2,3,64,2,2,0,2,2,3,121,2,3,0,3,2,4,119,2,
180,2,5,1,2,4,4,67,2,4,0,2,3,3,175,3,5,1,3,3,4,67,2,5,0,2,4,4,69,2,5,0,2,3,3,5,2,4,0,3,3,3,123,3,5,1,3,4,4,5,2,
186,3,3,1,2,2,4,128,2,3,1,3,2,4,181,3,3,1,3,2,4,3,3,3,0,2,2,4,70,3,3,1,2,2,4,67,2,3,1,3,2,4,127,3,3,1,3,2,4,68,3,
185,2,2,0,2,1,3,142,2,2,0,2,1,3,178,2,2,0,2,1,3,64,2,2,0,2,1,4,66,2,2,0,2,1,3,63,2,2,0,2,1,3,126,2,2,0,2,1,3,2,2,
189,2,2,0,2,1,3,127,2,2,0,2,1,3,183,2,3,0,2,1,3,127,2,2,0,2,2,4,67,2,2,0,2,1,3,64,2,2,0,2,1,3,127,2,2,0,2,1,3,65,2,
195,2,3,0,2,2,3,124,2,3,0,2,2,3,136,2,3,0,3,2,4,2,2,3,0,2,2,4,68,2,3,0,2,2,3,64,2,3,0,2,2,3,189,2,3,0,3,2,4,63,2,
185,3,3,1,2,2,4,129,2,3,1,3,2,4,127,3,3,1,3,2,4,64,2,3,0,2,2,4,67,2,3,1,2,2,4,64,2,3,1,3,2,4,179,3,3,1,3,2,4,3,2,
185,2,3,0,2,1,3,3,2,2,0,2,1,3,177,3,3,0,3,1,4,3,2,3,0,2,2,4,69,2,3,0,2,1,3,67,2,2,0,2,1,3,125,3,3,0,3,1,4,68,2,
179,2,2,0,2,1,3,69,2,2,0,2,1,3,173,2,2,0,3,1,3,69,2,2,0,2,2,4,65,2,2,0,2,1,3,3,2,2,0,2,1,3,120,2,2,0,3,1,3,3,2,
190,2,2,0,2,1,3,128,2,2,0,2,1,3,184,2,3,0,3,1,4,131,2,2,0,2,2,4,68,2,2,0,2,1,3,64,2,2,0,2,1,3,128,2,3,0,3,1,4,68,2,
186,2,2,0,1,1,6,124,1,2,0,2,1,5,124,2,2,0,2,1,6,2,1,2,0,1,1,6,65,1,2,0,1,1,6,63,1,2,0,2,1,5,178,2,2,0,2,1,6,62,1,
180,3,3,1,2,2,4,3,2,2,0,3,1,3,175,3,3,1,3,2,4,66,2,3,0,2,2,5,69,2,3,1,2,2,4,67,2,2,0,3,2,3,122,3,3,1,3,2,4,3,2,
184,2,2,0,2,1,3,71,1,2,0,2,1,3,178,2,2,0,2,1,3,127,2,2,0,2,1,3,67,2,2,0,2,1,3,2,1,2,0,2,1,3,125,2,2,0,2,1,3,70,2,
189,2,2,0,2,1,3,126,2,2,0,2,1,3,183,2,3,0,2,1,3,125,2,3,0,2,2,4,65,2,2,0,2,1,3,64,2,2,0,2,1,3,126,2,3,0,2,1,3,64,2,
177,2,2,0,2,1,4,3,2,2,0,3,1,3,118,3,3,0,3,1,4,3,2,3,0,2,2,4,65,2,2,0,2,1,3,64,2,2,0,3,1,3,171,3,3,0,3,1,4,64,2,
183,3,4,1,2,3,4,69,2,4,1,3,3,3,177,3,4,1,3,3,4,69,2,4,1,2,3,4,70,2,4,0,2,3,4,4,2,4,1,3,3,3,125,3,4,1,3,3,4,139,2,
183,3,3,1,2,2,4,3,2,2,1,3,1,3,177,3,3,1,3,2,4,64,3,3,0,2,2,4,66,2,3,1,2,2,4,64,2,2,1,3,1,3,124,3,3,1,3,2,4,123,2,
190,2,2,0,1,1,3,65,2,2,0,2,0,3,183,2,2,0,2,1,3,65,2,2,0,1,1,4,70,2,2,0,1,1,3,125,2,2,0,2,1,3,127,2,2,0,2,1,3,126,2,
180,2,3,0,2,1,3,64,2,2,0,2,1,3,173,2,3,0,2,1,3,63,2,3,0,2,1,4,66,2,3,0,1,1,3,2,2,2,0,2,1,3,120,2,3,0,2,1,3,2,2,
199,2,2,0,2,2,3,3,2,2,0,2,1,3,193,2,3,0,3,1,4,3,2,2,0,2,2,4,85,2,2,0,2,1,3,64,2,2,0,2,1,3,140,2,3,0,3,1,4,68,2,
188,2,2,0,4,0,2,65,2,2,0,4,0,2,182,2,2,0,4,0,3,65,2,2,0,4,2,3,67,2,2,0,4,0,2,134,2,2,0,4,0,2,128,2,2,0,4,0,3,133,2,
180,2,2,0,1,1,3,63,2,2,0,2,1,3,174,2,2,0,2,1,3,63,2,2,0,2,1,3,64,2,2,0,1,1,3,2,2,2,0,2,1,3,118,2,2,0,2,1,3,2,2,
180,2,2,0,1,1,3,126,2,2,0,2,1,3,173,2,2,0,2,1,3,2,2,2,0,2,1,3,65,2,2,0,1,1,3,69,2,2,0,2,1,3,120,2,2,0,2,1,3,70,2,
186,2,2,0,1,1,6,124,2,2,0,2,1,6,179,2,3,0,3,1,7,64,2,2,0,2,1,7,68,2,2,0,1,1,6,63,2,2,0,2,1,6,126,2,3,0,3,1,7,125,2,
189,2,2,0,2,1,3,130,2,2,0,2,1,3,183,2,2,0,3,1,4,70,2,2,0,2,2,4,68,2,2,0,2,1,3,67,2,2,0,2,1,3,129,2,2,0,3,1,4,130,2,
198,2,2,0,1,1,3,126,1,2,0,2,1,3,133,2,2,0,2,1,3,63,1,2,0,1,1,3,64,2,2,0,1,1,3,63,1,2,0,2,1,3,191,2,2,0,2,1,3,133,1,
187,2,2,0,1,1,3,123,1,2,0,2,1,2,180,2,2,0,2,1,3,62,2,2,0,1,1,3,66,2,2,0,1,0,3,62,1,2,0,2,1,2,124,2,2,0,2,1,3,123,2,
186,2,2,0,2,1,3,126,1,2,0,2,1,3,125,2,2,0,2,1,3,63,2,2,0,2,1,3,64,2,2,0,1,1,3,63,1,2,0,2,1,3,179,2,2,0,2,1,3,125,2,
187,2,2,0,2,1,3,126,2,2,0,2,1,3,181,2,2,0,2,1,3,66,2,2,0,2,2,4,69,2,2,0,2,1,3,66,2,2,0,2,1,3,128,2,2,0,2,1,3,127,2,
185,1,2,0,1,0,2,134,1,1,0,2,0,2,125,1,2,0,2,0,3,61,1,2,0,1,1,3,64,1,2,0,1,0,2,74,1,1,0,2,0,2,178,1,2,0,2,0,3,124,1,
182,1,2,0,1,1,3,119,2,2,0,2,1,2,176,1,2,0,2,1,3,63,2,2,0,1,1,3,64,1,2,0,1,1,3,63,2,2,0,2,1,2,119,2,2,0,2,1,3,2,2,
185,2,2,0,1,1,3,128,1,2,0,2,1,2,123,2,2,0,2,1,3,127,2,2,0,1,1,3,64,2,2,0,1,1,3,68,1,2,0,2,1,2,179,2,2,0,2,1,3,68,2,
195,2,3,0,2,1,3,3,2,2,0,2,1,3,188,2,3,0,2,1,3,3,2,2,0,2,1,4,65,2,3,0,2,1,3,69,2,2,0,2,1,3,119,2,3,0,2,1,3,69,2,
191,2,2,0,1,1,3,67,1,2,0,2,1,3,123,2,2,0,2,1,3,67,2,2,0,1,1,3,68,2,2,0,1,1,3,3,1,2,0,2,1,3,180,2,2,0,2,1,3,123,2,
183,1,2,0,1,1,2,2,1,1,0,2,1,2,176,1,2,0,2,1,2,62,1,2,0,1,1,3,63,1,2,0,1,1,2,62,1,1,0,2,1,2,122,1,2,0,2,1,2,122,1,
181,2,2,0,1,1,3,63,1,2,0,2,1,2,174,2,2,0,2,1,3,62,1,2,0,1,1,3,64,2,2,0,1,1,3,2,1,2,0,2,1,2,121,2,2,0,2,1,3,2,2,
191,2,3,0,2,2,7,126,2,3,1,3,2,6,182,3,3,1,3,2,7,126,3,3,1,2,2,7,66,2,3,1,2,2,7,65,2,3,1,3,2,6,126,3,3,1,3,2,7,65,3,
187,2,2,0,2,1,3,124,2,2,0,2,1,3,125,2,2,0,2,1,3,3,2,2,0,2,2,3,69,2,2,0,2,1,3,68,2,2,0,2,1,3,181,2,2,0,2,1,3,69,2,
191,2,3,0,2,1,3,130,2,2,0,2,1,3,185,2,3,0,3,1,3,64,2,2,0,2,2,4,65,2,3,0,2,1,3,64,2,2,0,2,1,3,130,2,2,0,3,1,3,130,2,
191,1,2,0,1,0,2,126,1,2,0,2,0,2,184,1,2,0,2,0,3,63,2,2,0,1,1,3,64,1,2,0,1,0,2,62,1,2,0,2,0,2,126,1,2,0,2,0,3,126,2,
181,2,2,0,1,1,3,120,2,2,0,2,1,3,174,2,2,1,2,1,3,73,2,2,0,2,1,3,65,2,2,0,1,1,3,64,2,2,0,2,1,3,120,2,2,1,2,1,3,2,2,
189,2,5,0,1,3,2,128,1,4,0,2,3,2,183,2,5,0,2,3,3,5,1,5,0,1,4,3,71,2,5,0,1,3,2,69,1,4,0,2,3,2,130,2,5,0,2,3,3,69,1,
186,3,3,0,2,1,3,126,2,2,0,2,1,3,180,3,3,0,2,1,3,65,2,2,0,2,2,4,66,3,3,0,2,1,3,64,2,2,0,2,1,3,127,3,3,0,2,1,3,3,2,
186,2,3,0,2,1,3,120,2,2,0,3,1,3,181,2,3,0,3,1,3,3,2,3,0,2,2,4,68,2,3,0,2,1,3,65,2,2,0,3,1,3,125,2,3,0,3,1,3,65,2,
180,1,4,0,1,0,2,1,1,4,0,2,0,2,173,1,4,0,2,0,3,63,1,4,0,1,1,3,66,1,4,0,1,0,2,63,1,4,0,2,1,2,120,1,4,0,2,0,3,1,1,
180,1,2,0,1,1,2,63,1,2,0,2,1,2,173,2,2,0,2,1,3,2,2,2,0,1,1,3,65,1,2,0,1,1,2,119,1,2,0,2,1,2,120,2,2,0,2,1,3,63,2,
196,2,2,0,1,1,3,66,1,2,0,2,1,2,190,2,2,0,2,1,3,66,2,2,0,1,1,3,67,2,2,0,1,1,3,2,1,2,0,2,1,2,136,2,2,0,2,1,3,2,2,
191,2,2,0,2,2,3,3,2,2,0,2,1,3,185,2,3,0,2,1,3,3,2,2,0,2,2,3,73,2,3,0,2,1,3,72,2,2,0,2,1,3,132,2,3,0,2,2,3,73,2,
176,2,3,0,2,1,3,64,2,2,0,3,1,3,171,3,3,0,3,1,3,64,2,3,0,2,2,4,64,2,3,0,2,1,3,3,2,2,0,3,1,3,118,3,3,0,3,1,3,3,2,
181,2,2,0,1,1,3,120,1,1,0,2,0,2,174,2,2,0,2,1,3,2,1,2,0,1,1,3,64,1,2,0,1,1,3,63,1,1,0,2,0,2,120,2,2,0,2,1,3,63,1,
184,3,2,0,1,1,4,122,3,2,0,2,1,4,176,3,2,0,2,1,5,65,3,2,0,1,1,5,66,3,2,0,1,1,4,65,3,2,0,2,1,4,123,3,2,0,2,1,5,2,3,
186,2,3,0,2,1,3,125,2,2,0,2,1,3,179,2,3,0,2,1,3,3,2,2,0,2,1,4,67,2,3,0,2,1,3,66,1,2,0,2,1,3,126,2,3,0,2,1,3,66,2,
181,2,3,0,2,1,3,3,2,2,0,2,1,3,175,2,3,0,2,1,3,63,2,2,0,2,1,3,64,2,2,0,2,1,3,63,1,2,0,2,1,3,119,2,3,0,2,1,3,3,2,
182,2,3,0,2,1,3,64,2,2,0,2,1,3,177,2,3,0,2,1,4,3,2,2,0,2,2,4,65,2,3,0,2,1,3,138,2,2,0,2,1,3,123,2,3,0,2,1,3,64,2,
182,3,3,0,2,2,4,68,2,3,1,3,2,3,176,3,3,1,3,2,4,68,2,3,1,2,2,4,68,2,3,0,2,2,3,3,2,3,1,3,2,3,123,3,3,1,3,2,4,3,2,
183,2,13,0,2,1,3,2,1,12,0,2,1,3,176,2,13,0,2,1,4,2,2,13,0,2,1,4,65,2,13,0,1,1,3,65,1,12,0,2,1,3,123,2,13,0,2,1,3,65,2,
187,5,2,0,2,1,6,66,2,2,0,2,1,5,180,5,3,0,2,1,6,65,5,2,0,2,2,6,66,5,2,0,2,1,6,123,1,2,0,2,1,5,124,5,3,0,2,1,6,3,4,
179,2,3,0,2,1,3,64,2,2,0,2,1,3,173,2,3,0,2,2,3,3,2,3,0,2,2,4,64,2,3,0,2,1,3,3,2,2,0,2,1,3,120,2,3,0,2,1,3,64,2,
184,2,3,0,2,2,3,124,2,2,0,3,1,3,178,2,3,0,3,1,4,67,2,3,0,2,2,4,68,2,3,0,2,1,3,67,2,2,0,3,1,3,124,2,3,1,3,1,4,3,2,
203,1,2,0,1,1,2,123,1,1,0,2,0,2,196,1,2,0,2,1,3,2,1,2,0,1,1,3,65,1,2,0,1,1,2,63,1,1,0,2,0,2,124,1,2,0,2,1,3,64,1,
185,2,2,0,1,1,3,121,1,2,0,2,1,2,178,2,2,0,2,1,3,64,2,2,0,1,1,3,64,2,2,0,1,1,3,63,1,2,0,2,1,2,122,2,2,0,2,1,3,2,1,
185,3,3,0,3,3,3,123,3,3,0,3,3,3,178,3,3,0,3,3,3,4,3,3,0,3,3,4,67,3,3,0,3,3,3,66,3,3,0,3,3,3,124,3,3,0,3,3,3,66,3,
180,2,3,0,2,2,3,3,2,2,0,2,2,3,174,2,3,0,3,2,4,64,2,3,0,2,2,4,65,2,3,0,2,2,3,64,2,2,0,2,2,3,121,2,3,0,3,2,4,3,2,
184,3,2,2,3,0,4,65,3,1,1,3,1,4,177,3,2,2,3,0,4,2,3,2,1,3,1,4,66,3,2,2,3,0,4,122,3,1,1,3,1,4,124,3,2,2,3,0,4,66,3,
189,2,2,0,1,1,3,62,1,2,0,2,1,2,180,2,2,0,2,1,3,62,2,2,0,1,1,3,63,2,2,0,1,1,2,123,1,2,0,2,1,2,125,2,2,0,2,1,3,2,2,
182,2,2,0,2,1,3,63,1,2,0,2,1,3,175,2,2,0,2,1,3,2,2,2,0,2,1,3,64,2,2,0,2,1,3,2,1,2,0,2,1,3,122,2,2,0,2,1,3,64,2,
181,2,2,0,2,1,5,2,2,2,0,2,1,5,174,2,3,0,3,1,6,64,2,2,0,2,2,6,64,2,2,0,2,1,5,63,2,2,0,2,1,5,120,2,2,0,3,1,6,3,2,
185,2,3,0,2,1,3,68,2,2,0,2,1,3,179,2,3,0,2,1,4,3,2,2,0,2,2,4,68,2,3,0,2,1,3,124,2,2,0,2,1,3,125,2,3,0,2,1,3,68,2,
184,1,2,0,1,0,2,63,1,1,0,1,1,2,177,1,2,0,2,1,3,63,1,2,0,1,1,3,63,1,2,0,1,0,2,122,1,1,0,2,1,2,123,1,2,0,2,1,3,2,1,
185,2,2,0,2,1,3,64,2,2,0,2,1,3,178,2,2,0,2,1,3,2,2,2,0,1,1,3,65,2,2,0,1,1,3,2,2,2,0,2,1,2,122,2,2,0,2,1,3,64,2,
182,2,2,0,2,1,3,2,2,2,0,2,1,3,176,2,2,0,2,1,3,63,2,2,0,2,1,3,64,2,2,0,2,1,3,63,2,2,0,2,1,3,120,2,2,0,2,1,3,2,2,
184,2,2,0,2,1,3,67,2,2,0,2,1,3,178,2,3,0,2,1,3,3,2,2,0,2,2,3,67,2,2,0,2,1,3,123,2,2,0,2,1,3,124,2,2,0,2,1,3,67,2,
184,1,2,0,1,1,2,64,1,2,0,2,1,2,178,1,2,0,2,1,3,64,2,2,0,1,1,3,65,1,2,0,1,0,2,2,1,2,0,2,1,2,124,1,2,0,2,1,3,2,2,
202,1,2,0,1,1,3,121,1,2,0,2,1,2,196,1,2,0,2,1,3,2,2,2,0,1,1,3,65,1,2,0,1,0,3,64,1,2,0,2,1,3,139,1,2,0,2,1,3,65,2,
181,2,4,0,3,1,3,119,1,3,0,2,1,3,175,2,4,0,3,1,3,64,2,3,0,2,1,3,64,2,3,0,2,1,3,64,1,3,0,3,1,3,120,2,4,0,3,1,3,2,2,
183,2,3,0,2,1,3,2,2,2,0,2,1,3,177,2,2,0,2,1,3,2,2,2,0,2,1,3,65,2,2,0,2,1,3,64,2,2,0,2,1,3,121,2,2,0,2,1,3,64,2,
183,2,2,0,3,1,3,67,2,2,0,4,1,3,177,2,2,0,4,1,3,67,2,2,0,4,1,4,68,2,2,0,3,1,3,123,2,2,0,4,1,3,123,2,2,0,4,1,3,2,2,
195,2,4,0,2,1,3,63,2,2,0,3,1,3,175,2,3,0,3,1,4,3,2,3,0,2,2,4,64,2,3,0,2,1,3,3,2,2,0,3,1,3,122,2,3,0,3,1,4,63,2,
181,2,12,0,1,0,2,120,2,12,0,1,1,2,174,2,13,0,1,1,3,63,2,12,0,1,1,3,64,2,13,0,1,0,2,63,1,12,0,1,1,2,121,2,13,0,1,1,3,2,2,
182,2,2,0,1,1,3,2,1,2,0,2,1,2,175,2,2,0,2,1,3,2,2,2,0,1,1,3,65,2,2,0,1,0,2,64,1,2,0,2,1,3,120,2,2,0,2,1,3,64,2,
197,2,2,0,2,1,3,84,2,2,0,2,1,3,190,2,2,0,2,1,4,68,2,2,0,2,2,4,73,2,2,0,2,1,3,141,2,2,0,2,1,3,135,2,2,0,2,1,4,2,2,
184,2,2,0,2,1,3,64,2,2,0,2,1,3,179,2,3,0,2,1,3,3,2,2,0,2,2,3,65,2,2,0,2,0,3,3,2,2,0,2,1,3,125,2,3,0,2,1,3,63,2,
186,2,3,0,2,1,3,3,2,2,0,2,2,3,181,2,3,0,2,2,3,63,2,2,0,2,2,4,65,2,3,0,2,1,3,64,2,2,0,2,2,3,123,2,3,0,2,2,3,3,2,
183,1,2,0,1,0,2,63,1,1,0,2,1,2,176,1,2,0,2,1,3,2,1,2,0,1,1,3,64,1,2,0,1,0,2,123,1,1,0,2,1,2,123,1,2,0,2,1,3,63,1,
185,2,2,0,1,1,3,68,2,2,0,2,1,2,179,2,3,0,2,1,3,68,2,2,0,1,1,3,68,2,2,0,1,1,3,4,1,2,0,2,1,2,125,2,3,0,2,1,3,3,2,
188,2,2,0,2,1,3,127,2,2,0,3,1,3,182,2,2,0,3,1,4,2,2,2,0,2,2,4,65,2,2,0,2,1,3,64,2,2,0,3,1,3,127,2,2,0,3,1,4,64,2,
184,2,2,0,2,1,3,121,2,2,0,2,1,3,178,2,2,0,2,1,4,64,2,2,0,2,2,4,64,2,2,0,2,1,3,63,2,2,0,2,1,3,121,2,2,0,2,1,4,2,2,
182,2,3,0,2,1,3,122,2,2,0,3,1,3,176,2,3,0,3,1,3,3,2,3,0,2,2,4,65,2,3,0,2,1,3,64,2,2,0,3,1,3,121,2,3,0,3,1,3,64,2,
184,5,5,0,5,0,5,123,5,5,0,5,1,5,178,5,5,0,5,1,5,66,5,5,0,4,1,5,67,5,5,0,4,1,5,66,4,5,0,5,1,5,122,5,5,0,5,1,5,5,5,
186,2,2,0,1,1,2,126,1,2,0,2,1,2,179,2,2,0,2,1,3,2,2,2,0,1,1,3,68,2,2,0,1,0,2,67,1,2,0,2,1,2,126,2,2,0,2,1,3,67,2,
189,2,3,0,2,1,3,129,1,2,0,2,1,3,184,2,3,0,2,1,3,67,2,3,0,2,2,3,69,2,3,0,1,1,3,67,1,2,0,2,1,3,129,2,3,0,2,1,3,3,2,
182,2,3,0,2,1,3,3,2,2,0,2,1,3,177,2,2,0,2,2,3,3,2,3,0,2,2,4,67,2,3,0,2,1,3,65,2,2,0,2,1,3,122,2,2,0,2,2,3,65,2,
182,2,3,0,2,1,3,65,2,2,0,2,1,3,177,2,3,1,2,1,3,64,2,3,0,2,2,4,66,2,3,0,2,1,3,122,2,2,0,2,1,3,122,2,3,0,2,1,3,3,2,
186,1,2,0,1,1,2,68,1,2,0,2,1,2,180,2,2,0,2,1,3,2,2,2,0,1,1,3,71,2,2,0,1,1,2,2,1,2,0,2,1,2,126,2,2,0,2,1,3,68,2,
187,2,2,0,1,1,2,126,2,2,0,2,1,2,181,2,2,0,2,1,3,65,2,2,0,1,1,3,67,2,2,0,1,0,2,64,1,2,0,2,1,2,127,2,2,0,2,1,3,2,2,
190,2,2,0,2,1,3,127,2,2,0,2,1,3,184,2,2,0,2,1,4,3,2,2,0,2,1,4,70,2,2,0,2,1,3,68,1,2,0,2,1,3,128,2,2,0,2,1,4,69,2,
183,2,2,0,2,1,6,122,2,2,0,2,1,6,177,2,2,0,2,1,6,65,2,2,0,2,2,7,67,2,2,0,2,1,6,64,2,2,0,2,1,6,123,2,2,0,2,1,6,3,2,
186,2,2,0,2,1,3,3,2,2,0,2,1,3,180,2,3,1,2,1,3,3,2,2,0,2,2,4,71,2,2,0,2,1,3,69,2,2,0,2,1,3,126,2,3,1,2,1,3,69,2,
187,3,4,0,3,2,4,66,3,4,0,3,3,4,181,3,4,1,3,3,4,67,3,4,1,3,3,4,69,3,4,0,3,2,4,4,3,4,0,3,3,4,127,3,4,1,3,3,4,4,3,
188,2,3,1,2,2,3,122,2,3,1,3,2,3,182,2,3,1,3,2,3,3,2,3,1,2,2,3,69,2,3,0,2,2,3,66,2,3,1,3,2,3,125,2,3,1,3,2,3,66,2,
201,2,2,0,2,1,3,125,2,2,0,2,1,3,195,2,2,0,2,1,3,66,2,2,0,2,1,3,68,2,2,0,2,1,3,66,1,2,0,2,1,3,142,2,2,0,2,1,3,2,2,
186,2,13,0,2,2,3,126,2,13,0,2,2,3,181,2,16,0,2,2,3,3,2,13,0,2,2,4,69,2,13,0,2,1,3,68,2,13,0,2,2,3,126,2,16,0,2,2,3,68,2,
184,2,3,1,2,1,3,124,2,2,0,3,1,3,178,2,3,1,3,1,4,65,3,3,0,2,2,4,65,2,3,0,2,1,3,65,2,2,0,3,1,3,125,3,3,1,3,1,4,3,3,
186,2,2,0,1,1,3,143,2,2,0,2,1,2,180,2,2,0,2,1,3,2,2,2,0,1,1,3,65,2,2,0,1,1,3,64,1,2,0,2,1,2,122,2,2,0,2,1,3,65,2,
181,2,2,0,1,0,2,2,1,2,0,2,1,2,174,2,2,0,2,1,3,64,2,2,0,1,1,3,65,2,2,0,1,0,2,64,1,2,0,2,1,2,120,2,2,0,2,1,3,2,2,
180,2,2,0,2,1,3,65,2,2,0,2,1,3,174,2,2,0,2,1,3,2,2,2,0,2,1,3,65,2,2,0,2,1,3,2,1,2,0,2,1,3,120,2,2,0,2,1,3,64,2,
185,2,3,0,5,1,3,125,2,2,0,5,1,3,179,2,3,0,5,2,4,68,2,2,0,5,2,4,68,2,3,0,5,1,3,69,2,2,0,5,1,3,126,2,3,0,5,2,4,3,2,
186,2,3,0,2,1,3,3,2,2,0,2,1,3,180,2,3,0,2,1,4,3,2,3,0,2,2,4,67,2,3,0,2,1,3,66,2,2,0,2,1,3,126,2,3,0,2,1,4,66,2,
183,2,2,0,1,0,2,64,2,2,0,2,1,2,176,2,2,0,2,1,3,64,2,2,0,1,1,3,65,2,2,0,1,0,2,122,1,2,0,2,1,2,122,2,2,0,2,1,3,2,2,
186,3,1,2,3,0,4,63,3,1,2,3,0,4,179,3,1,2,3,0,4,1,3,1,2,3,0,4,64,3,1,2,3,0,4,1,3,1,2,3,0,4,122,3,1,2,3,0,4,63,3,
185,2,3,0,2,1,3,125,2,3,0,2,1,3,179,2,3,0,2,1,3,68,2,3,0,2,2,4,69,2,3,0,2,1,3,68,2,3,0,2,1,3,125,2,3,0,2,1,3,2,2,
187,2,2,0,2,1,3,126,2,2,0,2,1,3,181,2,3,0,2,1,4,3,2,2,0,2,2,4,67,2,2,0,2,1,3,67,2,2,0,2,1,3,127,2,3,0,2,1,4,67,2,
186,2,3,0,2,1,3,122,2,2,0,3,1,3,180,2,3,1,3,1,4,66,2,3,0,2,2,4,66,2,3,0,2,1,3,66,2,2,0,3,1,3,123,2,3,0,3,1,4,3,2,
200,3,3,1,2,2,3,123,3,3,1,3,2,3,195,3,3,1,3,2,4,3,3,3,0,2,2,4,67,3,3,0,2,1,3,67,3,3,1,3,2,3,123,3,3,1,3,2,4,67,3,
187,2,2,0,1,1,4,124,2,2,0,2,1,4,181,2,3,0,2,1,4,67,2,2,0,2,1,5,68,2,2,0,1,1,4,67,1,2,0,2,1,4,125,2,3,0,2,1,4,3,2,
190,2,2,0,2,1,3,3,2,2,0,2,1,3,182,2,3,0,2,1,3,3,2,2,0,2,2,4,66,2,2,0,2,1,3,64,2,2,0,2,1,3,124,2,3,0,2,1,3,65,2,
190,2,3,0,2,2,3,66,2,2,0,2,2,3,126,2,3,0,2,2,3,64,2,3,0,2,2,4,66,2,3,0,2,1,3,3,2,2,0,2,2,3,184,2,3,0,2,2,3,124,2,
432,2,3,1,2,2,3,3,2,3,0,3,2,3,179,3,3,1,3,2,4,64,3,3,0,2,2,4,65,2,3,0,2,1,3,64,2,3,0,3,2,3,120,3,3,1,3,2,4,3,3,
515,2,3,0,2,2,4,69,2,3,0,3,2,3,127,2,4,1,3,2,4,3,2,3,1,2,2,4,68,2,3,0,2,1,4,127,2,3,0,3,2,3,182,2,4,0,3,2,4,85,2,
186,2,3,1,2,1,3,65,2,2,1,2,2,3,121,2,3,1,2,2,4,65,2,3,0,2,2,4,66,2,3,0,2,1,3,122,2,2,1,2,2,3,180,2,3,1,2,2,4,3,2,
189,2,3,0,2,1,3,66,2,2,0,3,1,3,183,2,3,0,3,1,4,127,2,2,0,2,2,4,66,2,3,0,2,1,3,128,2,2,0,3,1,3,129,2,3,0,3,1,4,65,2,
184,2,3,0,2,1,3,66,2,3,0,3,2,3,120,2,3,1,3,2,4,3,3,3,0,2,2,4,65,2,3,0,2,1,3,3,2,3,0,3,2,3,175,3,3,1,3,2,4,66,3,
191,2,3,0,2,1,3,3,2,3,1,3,2,3,186,3,3,1,3,2,4,69,3,3,0,3,2,4,71,2,3,0,2,1,3,69,2,3,1,3,2,3,127,3,3,1,3,2,4,127,3,
188,2,2,0,2,1,3,66,2,2,0,2,1,3,126,2,2,0,2,1,3,65,2,2,0,2,1,3,66,2,2,0,2,1,3,2,1,2,0,2,1,3,181,2,2,0,2,1,3,2,2,
190,2,3,0,2,1,3,125,2,2,0,2,1,3,125,2,3,0,2,1,3,3,2,3,0,2,2,4,68,2,3,0,2,1,3,67,1,2,0,2,1,3,184,2,3,0,2,1,3,67,2,
190,2,2,0,2,1,3,127,2,2,0,2,1,3,129,2,3,0,2,1,4,65,2,2,0,2,2,4,70,2,2,0,2,1,3,66,2,2,0,2,1,3,184,2,3,0,2,1,4,128,2,
189,1,2,0,1,0,2,125,1,1,0,1,1,2,127,1,2,0,1,0,3,67,1,1,0,1,1,3,71,1,2,0,1,0,2,68,1,1,0,1,0,2,182,1,2,0,1,0,3,2,1,
209,2,2,0,2,2,2,132,2,2,0,2,2,2,147,2,2,0,2,2,3,3,2,2,0,2,2,3,90,2,2,0,2,1,2,71,2,2,0,2,2,2,203,2,2,0,2,2,3,70,2,
187,3,4,1,2,2,4,143,3,4,1,3,2,3,125,3,5,1,3,2,4,68,3,4,1,2,2,5,69,3,4,0,2,2,4,68,2,4,1,3,2,3,181,3,5,1,3,2,4,3,3,
195,2,2,0,1,1,2,133,2,2,0,2,1,2,133,2,2,0,2,1,3,133,2,2,0,1,1,3,67,2,2,0,1,1,3,66,1,2,0,2,1,2,189,2,2,0,2,1,3,66,2,
198,2,2,0,2,1,3,129,2,2,0,2,1,3,129,2,2,0,2,1,3,129,2,2,0,2,2,3,66,2,2,0,2,1,3,66,2,2,0,2,1,3,192,2,2,0,2,1,3,66,2,
196,2,3,0,2,1,3,129,2,2,0,2,2,3,129,2,3,0,2,1,3,130,2,2,0,2,2,4,66,2,3,0,2,1,3,65,2,2,0,2,2,3,190,2,3,0,2,1,3,66,2,
197,2,3,0,2,1,3,134,2,3,0,3,2,3,133,3,3,0,3,1,4,133,3,3,0,2,2,4,69,2,3,0,2,1,3,68,2,3,0,3,1,3,191,3,3,0,3,1,4,69,3,
194,2,3,0,2,1,3,133,2,2,0,3,1,3,133,2,3,1,3,2,4,133,2,3,0,2,2,4,66,2,3,0,2,2,3,65,2,2,0,2,1,3,188,2,3,1,3,2,4,66,2,
187,3,3,1,2,2,3,124,3,3,1,3,2,3,123,3,3,1,3,3,4,3,3,3,0,3,3,4,67,3,3,1,2,2,3,66,2,3,1,3,2,3,182,3,3,1,3,3,4,67,3,
183,2,2,0,2,1,3,2,2,2,0,2,1,3,121,2,2,0,2,2,3,65,2,2,0,2,1,3,65,2,2,0,2,1,3,64,2,2,0,2,1,3,177,2,2,0,2,2,3,122,2,
187,2,2,0,2,1,3,70,2,2,0,2,1,3,125,2,2,0,2,2,3,70,2,2,0,2,1,4,70,2,2,0,2,1,3,125,2,2,0,2,1,3,181,2,2,0,2,1,3,3,2,
191,2,3,0,2,1,3,68,2,2,0,2,1,3,129,2,3,0,2,2,3,130,2,2,0,2,2,4,68,2,3,0,2,1,3,3,2,2,0,2,1,3,185,2,3,0,2,2,3,67,2,
195,2,3,0,2,1,3,130,2,2,0,2,1,3,130,2,3,0,2,2,3,130,2,3,0,2,2,4,66,2,3,0,2,1,3,66,2,2,0,2,1,3,189,2,3,0,2,2,4,66,2,
184,2,3,0,2,1,3,3,2,3,0,3,1,3,123,3,3,0,3,2,4,123,3,3,0,2,2,4,67,2,3,0,2,2,3,65,2,3,0,3,1,3,178,3,3,1,3,2,4,66,3,
203,2,3,1,2,2,14,69,3,3,1,3,2,14,141,3,3,1,3,2,15,126,3,3,0,3,2,15,68,2,3,0,2,2,14,3,2,3,1,3,2,14,197,3,3,1,3,2,15,66,3,
190,2,2,0,4,1,3,127,2,2,0,5,1,3,127,2,2,0,5,1,3,3,2,2,0,5,2,3,69,2,2,0,4,1,3,68,1,2,0,5,1,3,183,2,2,0,5,1,3,69,2,
191,2,2,0,2,1,3,129,1,2,0,2,1,3,129,2,2,0,2,1,3,66,2,2,0,2,1,3,67,2,2,0,2,1,3,66,1,2,0,2,1,3,185,2,2,0,2,1,3,2,2,
185,2,2,0,2,1,3,3,2,2,0,2,1,3,124,2,2,0,2,2,4,124,2,2,0,2,2,4,67,2,2,0,2,1,3,65,2,2,0,2,1,3,179,2,2,0,2,2,3,66,2,
188,3,3,1,2,2,6,66,3,3,1,3,2,6,125,3,3,1,3,2,7,135,3,3,0,3,2,7,67,2,3,1,2,2,6,3,2,3,1,3,2,6,180,3,3,1,3,2,7,66,3,
188,3,3,1,2,1,3,3,3,3,1,2,1,3,127,3,3,1,2,2,4,127,3,3,0,2,2,4,70,3,3,1,2,1,3,69,2,3,1,2,1,3,182,3,3,1,3,2,4,70,3,
188,2,3,1,2,2,3,66,2,3,1,3,2,3,127,3,3,1,3,2,4,127,3,3,0,2,2,4,66,3,3,1,2,2,3,3,2,3,1,3,2,3,182,3,3,1,3,2,4,66,3,
198,3,3,1,2,2,3,134,3,3,1,3,2,3,134,3,3,1,3,3,4,133,3,3,0,3,2,4,70,3,3,1,2,2,3,69,2,3,1,3,2,3,192,3,3,1,3,3,4,69,3,
193,2,2,0,2,1,3,131,2,2,0,2,1,3,131,2,2,0,2,2,3,131,2,2,0,2,1,3,67,2,2,0,2,2,3,65,2,2,0,2,1,3,187,2,2,0,2,2,3,66,2,
200,2,5,0,2,4,3,138,2,5,0,2,4,3,137,2,5,0,2,4,3,137,2,5,0,2,4,3,73,2,5,0,2,4,3,71,1,5,0,2,4,3,194,2,5,0,2,4,3,72,2,
197,2,2,0,2,1,3,135,2,2,0,2,1,3,134,2,2,0,2,2,3,135,2,2,0,2,2,4,68,2,2,0,2,2,3,68,2,2,0,2,1,3,191,2,2,0,2,2,3,67,2,
196,4,3,0,2,1,5,131,4,2,0,2,1,5,131,4,3,0,2,2,6,131,4,3,0,2,2,6,68,4,3,0,2,2,5,66,4,2,0,2,1,5,190,4,3,0,2,2,6,67,4,
188,3,3,1,3,2,3,143,3,3,1,3,2,3,127,3,3,1,3,2,4,3,3,3,0,2,2,4,69,3,3,1,3,2,3,68,2,3,0,3,2,3,183,3,3,1,3,2,4,69,3,
200,5,5,0,1,1,5,5,1,5,0,5,1,5,193,5,5,0,5,1,5,68,5,5,0,5,1,5,69,5,5,0,1,1,5,68,1,5,0,5,1,5,124,5,5,0,5,1,5,5,5,
190,2,2,0,2,1,3,69,2,2,0,2,1,3,184,2,2,0,2,1,3,130,2,2,0,2,1,3,69,2,2,0,2,1,3,3,2,2,0,2,1,3,130,2,2,0,2,1,3,69,2,
195,2,2,0,2,1,3,134,2,2,0,2,1,3,189,2,2,0,2,2,3,134,2,2,0,2,2,3,67,2,2,0,2,2,3,66,2,2,0,2,1,3,134,2,2,0,2,1,3,65,2,
187,2,2,0,2,1,3,3,2,2,0,2,1,3,181,2,3,0,2,2,4,126,2,2,0,2,2,4,66,2,3,0,2,2,4,65,2,2,0,2,1,3,126,2,3,0,2,2,4,66,2,
187,2,3,0,2,1,3,68,2,2,0,2,1,3,181,2,3,0,3,2,4,126,2,3,0,2,2,4,70,2,3,0,2,2,3,3,2,2,0,2,1,3,126,2,3,0,3,2,4,68,2,
201,2,3,1,2,2,3,133,2,3,1,3,2,3,140,3,3,1,3,2,4,140,3,3,0,2,2,4,71,2,3,1,2,2,3,69,2,3,0,3,2,3,195,3,3,1,3,2,4,70,2,
195,3,3,1,2,2,3,3,2,3,1,3,2,3,133,3,3,1,3,2,4,133,3,3,0,2,2,4,68,3,3,1,2,2,3,67,2,3,1,3,2,3,189,3,3,1,3,2,4,67,2,
193,2,2,0,2,1,3,66,2,2,0,2,1,3,129,2,2,0,2,1,3,129,2,2,0,2,1,3,67,2,2,0,2,1,3,2,1,2,0,2,1,2,187,2,2,0,2,1,3,66,2,
194,2,2,0,2,1,3,128,2,2,0,2,1,3,189,2,2,0,2,1,3,134,2,2,0,2,1,3,66,2,2,0,2,1,3,66,2,2,0,2,1,3,133,2,2,0,2,1,3,66,2,
199,2,3,0,2,2,3,131,2,2,1,2,1,3,138,2,3,1,2,2,4,138,2,3,0,2,2,4,70,2,3,0,2,2,3,69,2,2,0,2,1,3,194,2,3,0,2,2,4,68,2,
201,2,2,0,2,1,7,132,2,2,0,3,1,7,139,2,2,0,3,2,7,139,2,2,0,2,2,9,68,2,2,0,2,2,7,67,2,2,0,2,1,7,195,2,2,0,3,2,7,67,2,
198,2,3,0,2,1,3,129,2,3,0,2,2,3,193,2,3,0,3,2,4,135,2,3,0,2,2,4,67,2,3,0,2,2,3,66,2,2,0,2,2,3,135,2,3,1,3,1,4,66,2,
190,3,3,1,2,2,4,128,3,3,1,3,2,3,184,3,3,1,3,2,4,140,3,3,0,3,2,4,67,3,3,1,2,2,3,67,2,3,1,3,2,3,128,3,3,1,3,2,4,67,3,
193,2,2,0,1,1,3,3,2,2,0,2,1,3,130,2,2,0,2,1,3,130,2,2,0,2,2,3,68,2,2,0,1,2,3,68,1,2,0,2,1,2,187,2,2,0,2,1,3,68,2,
195,2,2,0,2,1,3,72,2,2,0,2,1,3,190,2,2,0,2,2,3,2,2,2,0,2,2,3,79,2,2,0,2,2,3,2,2,2,0,2,1,3,135,2,2,0,2,2,3,72,2,
186,2,2,0,2,1,3,2,2,2,0,2,1,3,180,2,2,0,2,1,3,65,2,2,0,2,1,3,68,2,2,0,2,1,3,66,1,2,0,2,1,2,123,2,2,0,2,1,3,2,2,
202,2,3,0,2,2,3,67,2,3,0,3,2,3,137,2,3,0,3,2,4,136,2,3,0,2,2,4,72,2,3,0,2,2,3,129,2,3,0,3,2,3,196,2,3,0,3,2,4,67,2,
188,2,3,0,2,1,3,68,2,2,0,2,1,3,126,2,3,0,3,1,4,126,2,3,0,2,2,4,70,2,3,0,2,1,3,3,2,2,0,2,1,3,182,2,3,0,3,1,4,67,2,
199,2,3,1,2,2,3,138,2,3,1,3,2,3,137,3,3,1,3,2,4,138,3,3,0,3,2,4,72,2,3,1,2,2,3,70,2,3,1,3,2,3,194,3,3,1,3,2,4,70,3,
191,2,2,0,2,1,3,2,2,2,0,2,1,3,184,2,2,0,2,1,3,2,2,2,0,2,1,4,68,2,2,0,2,1,3,66,2,2,0,2,1,3,128,2,2,0,2,1,4,65,2,
194,2,2,0,2,1,3,67,2,2,0,2,1,3,189,2,2,1,2,2,3,67,2,2,1,2,2,3,69,2,2,0,2,1,3,130,2,2,0,2,1,3,130,2,2,0,2,2,3,130,2,
184,2,2,0,2,1,3,67,2,2,1,2,1,3,124,2,3,1,2,1,4,66,2,2,0,2,2,4,67,2,2,0,2,1,3,123,2,2,1,2,1,3,179,2,3,1,2,1,4,3,2,
187,2,3,0,2,1,3,70,2,3,1,2,2,4,181,2,3,1,3,2,4,3,2,4,0,2,2,4,71,2,3,0,2,1,3,3,2,3,1,2,2,4,126,2,3,1,3,2,4,69,2,
195,1,2,0,1,1,3,133,2,2,0,2,1,2,188,2,2,0,2,1,3,65,2,2,0,2,1,3,66,1,2,0,1,0,3,65,1,2,0,2,1,2,134,2,2,0,2,1,3,2,2,
190,2,3,0,2,2,4,4,2,3,1,3,3,4,123,3,4,1,3,2,4,124,3,4,0,3,2,5,68,3,3,0,2,2,4,67,2,3,1,3,3,4,184,3,4,1,3,2,4,67,2,
185,2,2,0,1,1,3,66,2,2,0,2,1,3,179,2,3,0,2,1,3,123,2,2,0,2,1,3,66,2,2,0,1,1,3,2,2,2,0,2,1,3,123,2,3,0,2,1,3,65,2,
200,6,3,0,2,1,6,151,6,2,0,2,1,6,194,6,3,1,2,2,7,135,6,3,0,2,2,7,74,6,3,0,2,1,6,70,5,2,0,2,1,6,138,6,3,1,2,2,7,70,6,
198,2,3,0,2,1,3,3,2,2,0,2,1,3,192,2,3,0,2,2,3,3,2,3,0,2,2,4,81,2,3,0,2,1,3,65,2,2,0,2,1,3,137,2,3,0,2,2,3,65,2,
186,2,3,0,2,1,3,66,2,2,0,2,1,3,181,2,3,0,2,2,3,66,2,3,0,2,1,3,66,2,3,0,2,1,3,3,2,2,0,2,1,3,123,2,3,0,3,1,3,3,2,
187,2,3,0,2,2,3,3,2,3,1,2,2,3,181,2,3,0,2,2,3,124,2,3,0,2,2,4,68,2,3,0,2,2,3,66,2,3,0,2,2,3,125,2,3,0,3,2,3,66,2,
189,3,3,0,2,1,4,66,3,3,0,2,1,4,183,3,3,1,2,2,4,3,3,3,0,2,1,4,89,3,3,0,2,1,3,127,2,3,0,2,1,4,127,3,3,0,2,2,4,66,3,
197,3,3,1,3,2,4,70,3,3,1,3,2,3,188,3,4,1,3,2,4,70,3,3,0,3,2,4,70,3,3,0,3,2,4,132,2,3,1,3,2,3,132,3,4,1,3,2,4,132,3,
190,2,2,0,2,1,3,65,1,2,0,2,1,3,182,2,3,1,2,1,3,65,2,3,0,2,1,3,66,2,2,0,2,1,2,126,1,2,0,2,1,2,126,2,3,1,2,1,3,2,2,
198,2,2,0,2,1,3,68,2,2,0,2,1,3,132,2,3,0,2,1,3,131,2,2,0,2,1,4,68,2,2,0,2,1,3,133,1,2,0,2,1,3,192,2,3,0,2,1,3,67,2,
194,2,2,0,1,1,5,66,1,2,0,2,1,5,130,2,2,1,2,1,6,130,2,2,0,2,1,7,67,2,2,0,1,1,5,130,1,2,0,2,1,5,186,2,2,1,2,1,6,66,2,
193,2,3,0,2,1,3,68,2,2,0,2,1,3,132,2,3,0,3,2,4,132,2,3,0,2,2,4,69,2,3,0,2,1,3,132,2,2,0,2,1,3,187,2,3,0,3,2,4,68,2,
194,2,3,0,2,1,3,66,2,3,0,2,1,3,133,2,3,0,2,2,3,133,2,3,0,2,1,4,67,2,3,0,2,1,3,133,2,3,0,3,1,3,189,2,3,0,2,2,3,66,2,
196,3,3,1,2,2,4,69,3,3,1,3,2,4,190,3,3,1,3,2,4,149,3,3,0,3,2,4,69,3,3,1,2,1,4,131,2,3,1,3,2,4,130,3,3,1,3,2,4,88,3,
188,2,2,0,1,1,3,68,2,2,0,2,1,3,125,2,3,0,2,1,3,125,2,2,0,2,1,3,69,2,2,0,1,1,3,2,1,2,0,2,1,3,182,2,3,0,2,1,3,68,2,
192,2,5,0,1,4,3,5,1,5,0,2,4,3,186,2,5,0,2,4,3,133,2,5,0,2,4,3,72,2,5,0,1,4,3,78,1,5,0,2,4,3,131,2,5,0,2,4,3,78,2,
210,2,3,0,2,1,3,70,2,2,0,2,1,3,204,2,3,0,2,1,3,130,2,3,0,2,1,4,90,2,3,0,2,1,3,134,2,2,0,2,1,3,149,2,3,0,2,1,3,69,2,
188,2,3,0,2,2,3,66,2,3,1,2,1,3,182,2,3,1,3,2,3,124,2,3,0,2,1,4,67,2,3,0,2,1,3,3,2,3,0,2,1,3,124,2,3,1,3,2,3,66,2,
191,2,6,0,2,1,3,129,2,5,0,2,1,3,185,2,6,0,3,2,4,129,2,6,0,2,2,4,67,2,6,0,2,1,3,66,2,5,0,2,1,3,129,2,6,0,3,2,4,66,2,
192,2,3,1,2,2,4,130,2,3,1,3,1,4,186,3,3,1,3,2,4,130,3,3,0,2,2,4,68,3,3,1,2,2,4,67,2,3,1,3,1,3,130,3,3,1,3,2,4,68,3,
194,3,3,1,2,2,4,132,2,3,1,3,2,4,188,3,3,1,3,2,4,132,3,3,0,3,2,4,70,3,3,1,2,2,4,69,2,3,1,3,2,4,132,3,3,1,3,2,4,69,3,
193,2,2,0,2,1,3,131,2,2,0,2,1,3,131,2,3,0,2,2,3,131,2,2,0,2,1,4,66,2,2,0,2,1,3,65,2,2,0,2,1,3,187,2,3,0,2,1,3,65,2,
193,2,3,0,2,1,3,132,2,2,0,3,1,3,187,2,3,0,3,2,3,131,2,3,0,2,2,4,67,2,3,0,2,1,3,66,2,2,0,3,1,3,131,2,3,0,3,2,3,67,2,
185,2,3,0,2,1,3,3,2,2,0,2,1,3,179,2,3,0,3,2,3,3,2,3,0,2,2,4,67,2,3,0,2,1,3,66,2,3,0,2,1,3,123,2,3,0,3,2,3,66,2,
194,2,3,0,2,1,3,68,2,2,0,2,1,3,132,2,3,0,2,2,3,69,2,3,0,2,2,4,69,2,3,0,2,1,3,132,2,2,0,2,1,3,189,2,3,0,2,2,3,132,2,
188,2,3,0,2,2,3,66,2,3,0,3,2,4,127,2,3,1,3,2,4,67,3,3,0,2,2,4,68,3,3,0,2,2,3,3,2,3,0,3,2,3,183,2,3,1,3,2,4,3,2,
196,3,3,1,3,1,4,142,2,3,1,3,2,4,191,3,3,1,3,2,4,130,3,3,0,3,2,4,68,3,3,0,3,1,4,67,3,3,1,3,2,4,131,3,3,1,3,2,4,66,3,
192,2,2,0,2,1,3,130,2,2,0,2,1,3,130,2,3,0,2,1,3,129,2,2,0,2,1,3,67,2,2,0,2,1,3,66,1,2,0,2,1,3,186,2,3,0,2,1,3,66,2,
199,2,2,0,2,1,3,134,2,2,0,2,1,3,135,2,3,0,2,2,3,134,2,3,0,2,2,4,71,2,2,0,2,1,3,69,2,2,0,2,1,3,193,2,3,0,2,2,3,69,2,
201,2,3,0,2,1,3,3,2,2,0,2,1,3,141,2,3,0,2,2,3,127,2,3,0,2,2,4,70,2,3,0,2,1,3,67,2,2,0,2,1,3,196,2,3,0,2,2,3,67,2,
190,5,3,0,2,1,6,75,5,2,0,2,1,6,126,5,3,0,3,2,6,129,5,3,0,2,2,7,69,5,3,0,2,1,6,3,5,2,0,2,1,6,185,5,3,0,3,2,6,72,5,
189,2,3,0,2,1,3,127,2,2,0,2,2,3,128,2,3,0,2,2,3,3,2,3,0,2,2,4,70,2,3,0,2,1,3,68,2,2,0,2,1,3,184,2,3,0,2,2,3,69,2,
196,3,3,1,2,2,4,132,2,2,1,3,1,3,190,3,3,1,3,2,7,71,3,3,0,3,2,7,72,3,3,1,2,1,4,70,2,2,1,3,1,3,134,3,3,1,3,2,4,134,3,
193,2,3,0,2,1,9,129,2,3,0,3,1,9,129,2,3,0,3,2,10,67,2,3,0,2,2,10,72,2,3,0,2,1,9,67,2,3,0,3,1,9,188,2,3,0,3,2,10,3,2,
200,2,2,0,1,1,3,135,1,2,0,2,1,3,191,2,2,0,2,1,3,135,2,2,0,2,1,4,69,2,2,0,1,1,3,66,1,2,0,2,1,3,135,2,2,0,2,1,3,67,2,
194,2,2,0,2,1,3,128,2,2,0,2,1,3,188,2,3,0,2,2,4,133,2,2,0,2,2,4,69,2,2,0,2,1,3,66,2,2,0,2,1,3,131,2,3,0,2,2,4,73,2,
195,2,3,0,2,1,3,132,2,2,0,2,1,3,189,2,3,0,3,2,4,132,2,3,0,2,2,4,71,2,3,0,2,1,3,67,2,2,0,3,1,3,133,2,3,0,3,2,4,68,2,
229,2,3,0,2,1,3,3,2,2,0,2,1,3,223,2,3,1,2,2,3,168,2,3,0,2,2,4,73,2,3,0,2,1,3,71,2,2,0,3,1,3,168,2,3,0,2,2,3,73,2,
200,3,4,1,3,2,4,74,3,3,1,3,2,3,139,3,3,1,3,3,4,143,3,4,0,3,3,4,77,3,4,1,3,2,4,143,3,3,1,3,2,3,195,3,3,1,3,3,4,74,3,
194,2,3,1,2,1,3,68,2,2,1,3,2,3,186,2,3,1,3,2,4,130,2,3,0,2,2,4,69,2,3,1,2,1,3,3,2,2,1,3,1,3,130,2,3,1,3,2,4,68,3,
203,2,9,0,2,7,3,142,2,8,0,2,7,3,198,2,9,0,3,7,3,143,2,9,0,2,7,4,76,2,9,0,2,7,3,74,2,8,0,2,7,3,142,2,9,0,3,7,3,74,2,
187,2,3,0,2,1,3,3,2,2,1,2,1,3,181,2,3,1,2,2,3,124,2,3,0,2,2,4,70,2,3,0,2,1,3,67,2,2,0,2,1,3,125,2,3,1,2,2,3,67,2,
204,2,3,0,2,1,3,68,2,2,0,2,1,3,199,2,3,0,2,2,3,126,2,3,0,2,1,4,71,2,3,0,2,1,3,3,2,2,0,2,1,3,141,2,3,0,2,2,3,68,2,
195,2,3,0,2,1,4,134,2,2,0,3,1,4,189,2,3,0,3,2,4,133,2,3,0,2,2,4,70,2,3,0,2,1,4,70,2,2,0,3,1,3,134,2,3,0,3,2,4,70,2,
192,3,4,1,2,2,4,4,3,3,1,3,2,4,185,3,4,1,3,2,4,128,3,5,0,2,2,4,68,3,3,1,2,2,4,67,2,3,1,3,2,4,129,3,4,1,3,2,4,67,3,
190,2,2,0,2,1,3,66,1,2,0,2,1,3,184,2,2,0,2,1,3,125,2,2,0,2,1,3,66,2,2,0,2,1,3,2,1,2,0,2,1,3,124,2,2,0,2,1,3,66,2,
188,3,3,0,2,2,6,4,2,3,1,3,2,6,182,3,3,1,3,2,7,125,3,3,0,2,2,8,68,3,3,0,2,2,6,67,2,3,0,3,1,6,126,3,3,1,3,2,7,67,3,
194,2,3,0,2,1,3,70,2,2,0,2,1,3,187,2,3,0,2,2,3,128,2,3,0,2,2,4,70,2,3,0,2,1,3,3,2,2,0,2,1,3,129,2,3,0,2,2,3,70,2,
190,2,3,0,2,2,3,3,2,3,1,2,2,3,184,2,3,1,2,2,3,127,2,4,0,2,2,4,67,2,3,0,2,2,3,67,2,3,0,3,2,3,128,2,3,1,2,2,3,67,2,
190,3,3,0,2,2,4,67,3,3,1,2,2,4,184,3,3,1,3,2,4,124,3,3,0,2,2,5,67,3,3,0,2,2,4,3,3,3,0,2,2,4,125,3,3,0,3,2,4,67,3,
194,2,2,0,2,1,3,130,2,2,0,2,1,2,187,2,3,0,2,2,3,129,2,2,0,2,2,3,69,2,2,0,2,1,3,67,2,2,0,2,1,2,130,2,3,0,2,2,3,67,2,
201,2,5,0,2,4,3,6,1,5,0,2,4,3,194,2,6,0,2,5,3,137,2,6,0,2,5,4,73,2,5,0,2,4,3,73,1,5,0,2,4,3,138,2,6,0,2,5,3,73,2,
197,2,3,0,2,1,3,67,2,2,0,2,1,3,191,2,3,0,2,2,3,134,2,3,0,2,2,3,67,2,3,0,2,1,3,3,2,2,0,2,1,3,133,2,3,0,2,2,3,66,2,
195,2,3,0,2,1,3,130,2,2,0,2,1,3,190,2,3,0,2,2,3,131,2,3,0,2,2,4,67,2,3,0,2,1,3,66,2,2,0,2,1,3,130,2,3,0,2,2,3,66,2,
189,2,5,0,2,1,3,3,2,5,0,2,2,3,183,2,5,1,2,2,3,142,2,5,0,2,1,4,67,2,5,0,2,1,3,66,2,5,0,2,1,3,126,2,5,1,2,2,3,66,2,
206,0,1,0,0,0,1,66,0,1,0,1,0,1,198,0,1,0,1,0,2,2,0,1,0,0,0,2,71,0,1,0,0,0,1,2,0,1,0,1,0,1,142,0,1,0,1,0,2,71,0,
198,3,3,1,3,2,4,4,2,3,1,3,2,4,192,3,4,1,3,3,4,71,3,3,0,3,3,5,71,3,3,1,3,2,4,71,2,3,1,3,2,4,134,3,4,1,3,3,4,135,3,
201,3,3,1,3,2,4,67,2,3,1,3,2,3,195,3,3,1,3,3,4,67,3,3,0,3,2,4,68,3,3,1,3,2,4,3,3,3,1,3,2,3,136,3,4,1,3,2,4,137,3,
196,2,2,0,2,1,3,3,2,2,0,2,1,3,187,2,3,0,2,2,3,67,2,3,0,2,1,3,67,2,2,0,2,1,3,67,1,2,0,2,1,3,129,2,3,0,2,2,3,130,2,
194,2,3,0,2,1,3,67,2,2,0,2,1,3,188,2,3,0,2,2,3,67,2,3,0,2,2,4,68,2,3,0,2,1,3,131,2,2,0,2,1,3,130,2,3,0,2,2,3,131,2,
190,2,3,0,4,1,3,70,2,2,0,4,1,4,184,2,3,0,4,2,3,70,2,3,0,4,2,4,70,2,3,0,4,1,3,3,2,2,0,4,1,4,128,2,3,1,4,2,3,127,2,
190,2,3,0,2,2,3,3,2,3,0,3,2,3,185,2,3,1,3,2,3,67,2,3,0,2,2,4,67,2,3,0,2,2,3,67,2,3,0,3,2,3,128,2,3,1,3,2,3,128,2,
194,3,3,0,2,2,4,68,3,3,1,3,2,3,128,3,4,1,3,3,4,68,3,4,0,3,3,4,68,3,3,0,2,2,4,3,3,3,1,3,2,3,188,3,4,1,3,3,4,128,3,
187,3,3,1,3,2,4,126,3,3,1,3,2,3,181,3,3,1,3,3,4,68,3,3,0,3,3,4,68,3,3,1,3,2,4,68,2,3,1,3,2,3,126,3,4,1,3,3,4,3,3,
191,2,2,0,1,1,3,130,1,2,0,2,1,3,186,2,3,0,2,2,3,3,2,3,0,1,1,3,71,2,2,0,1,1,3,71,1,2,0,2,1,3,129,2,3,0,2,2,3,72,2,
190,2,3,0,2,1,3,128,2,2,0,2,1,3,185,2,3,0,2,2,3,67,2,3,0,2,2,4,67,2,3,0,2,1,3,66,2,2,0,2,1,3,128,2,3,0,2,2,3,3,2,
196,3,3,0,1,2,4,132,3,2,0,2,2,4,191,3,3,0,2,2,4,132,3,3,0,2,2,4,67,3,3,0,1,2,4,68,3,2,0,2,2,4,131,3,3,0,2,2,4,68,3,
191,2,3,0,2,2,3,129,2,3,0,2,2,3,186,2,3,1,3,2,4,3,2,3,0,2,2,4,71,2,3,0,2,2,3,70,2,3,0,3,2,3,129,2,3,1,3,2,4,71,2,
207,2,3,1,2,2,3,134,2,3,1,3,2,3,201,2,4,1,3,2,4,70,3,3,0,2,2,4,74,2,3,1,2,2,3,69,2,3,1,3,2,3,144,3,4,1,3,2,4,134,3,
190,3,3,1,3,2,4,4,2,3,1,3,3,3,185,3,4,1,3,2,4,72,3,4,0,2,2,4,73,3,3,1,3,2,4,72,2,3,1,3,2,3,129,3,4,1,3,2,4,4,3,
191,2,3,0,1,1,3,67,2,2,0,2,1,3,186,2,3,0,2,2,3,3,2,3,0,2,2,4,68,2,3,0,1,1,3,129,2,2,0,2,1,3,130,2,3,0,2,2,3,67,2,
188,2,3,0,2,1,3,67,2,2,0,2,1,3,183,2,3,0,2,2,3,67,2,3,0,2,2,4,68,2,3,0,2,1,3,125,2,2,0,2,1,3,126,2,3,0,2,2,3,3,2,
190,2,3,0,2,2,3,69,2,2,0,2,2,3,185,2,3,0,2,2,3,3,2,3,0,2,2,4,70,2,3,0,2,1,3,129,2,2,0,2,1,3,129,2,3,1,2,2,3,70,2,
190,2,3,0,2,2,3,70,2,3,1,3,2,3,185,2,3,1,3,2,4,70,2,3,0,2,2,4,70,2,3,0,2,2,3,129,2,3,0,3,2,3,129,2,3,1,3,2,4,3,2,
190,3,3,1,2,2,3,67,2,3,1,3,2,3,184,3,4,1,3,2,4,3,3,3,0,2,2,4,68,3,3,1,2,2,3,3,2,3,1,3,2,3,128,3,4,1,3,2,4,67,3,
190,3,3,1,3,2,4,3,2,3,1,3,2,4,185,3,4,1,3,3,4,67,3,3,0,3,2,4,69,3,3,1,3,2,4,67,2,3,1,3,2,4,126,3,4,1,3,3,4,3,3,
186,2,2,0,2,1,3,67,1,2,0,2,1,3,181,2,3,0,2,2,3,3,2,3,0,2,2,3,68,2,2,0,2,1,3,125,1,2,0,2,1,3,125,2,3,0,2,2,3,67,2,
196,4,4,0,4,1,4,73,4,4,0,4,1,4,190,4,4,0,4,4,4,73,4,4,0,4,4,4,74,4,4,0,4,1,4,132,4,4,0,4,1,4,132,4,4,0,4,4,4,5,4,
196,2,3,0,2,1,3,68,2,2,0,2,1,3,191,2,3,0,2,2,3,134,2,3,0,2,2,4,68,2,3,0,2,1,3,135,2,2,0,2,1,3,135,2,3,0,2,2,3,68,2,
196,2,3,0,2,2,3,68,2,2,0,2,2,3,125,2,3,0,2,2,3,3,2,3,0,2,2,4,68,2,3,0,2,2,3,126,2,3,0,2,1,3,190,2,3,0,2,2,3,68,2,
192,2,3,1,2,2,4,68,2,3,0,3,2,3,186,3,3,1,3,2,4,68,3,3,0,2,2,4,68,2,3,0,2,2,4,3,2,3,0,3,2,3,131,3,3,1,3,2,4,129,3,
212,3,3,1,3,2,4,3,3,3,1,3,2,4,203,3,4,1,3,3,4,71,3,4,0,3,3,4,89,3,3,1,3,2,4,72,2,3,1,3,2,3,148,3,4,1,3,3,4,4,3,
193,2,3,0,2,1,3,74,2,2,0,2,1,3,186,2,3,0,2,2,3,3,2,3,0,2,1,3,74,2,3,0,2,1,3,3,2,2,0,2,1,3,131,2,3,0,2,2,3,83,2,
190,2,2,0,2,1,3,126,2,2,0,2,1,3,125,2,3,0,2,2,3,68,2,3,0,2,1,3,68,2,2,0,2,1,3,68,2,2,0,2,1,3,184,2,3,0,2,2,3,3,2,
187,2,3,0,2,2,3,126,2,2,0,2,1,3,181,2,3,0,2,2,3,3,2,3,0,2,2,3,67,2,3,0,2,2,3,68,2,2,0,2,1,3,126,2,3,0,2,2,3,68,2,
189,2,3,0,2,2,3,127,2,2,1,2,1,3,183,2,3,1,2,2,3,68,2,3,0,2,2,3,68,2,3,0,2,2,3,68,2,2,0,2,1,3,128,2,3,1,2,2,3,3,2,
198,2,3,0,2,1,3,129,1,2,0,2,1,3,129,2,3,0,2,2,3,3,2,3,0,2,1,3,70,2,3,0,2,1,3,70,2,2,0,2,1,3,190,2,3,0,2,2,3,70,2,
197,3,3,1,2,2,6,134,2,3,1,3,2,3,191,3,6,1,3,2,6,71,3,3,0,2,2,6,70,3,3,1,2,2,6,70,2,3,1,3,2,3,135,3,6,1,3,2,6,3,3,
196,2,3,0,2,1,3,130,2,2,0,2,1,3,190,2,3,0,2,2,3,3,2,3,0,2,2,3,70,2,3,0,2,1,3,69,2,2,0,2,1,3,132,2,3,0,2,2,3,70,2,
